track_id,xmin,ymin,xmax,ymax,frame,lost,occluded,generated,label
0,305.0,9.0,360.0,61.0,5500,1,0,0,Pedestrian
0,305.0,6.0,360.0,59.0,5501,1,0,1,Pedestrian
0,305.0,6.0,360.0,59.0,5502,1,0,1,Pedestrian
0,305.0,6.0,360.0,59.0,5503,1,0,1,Pedestrian
0,305.0,6.0,360.0,59.0,5504,1,0,1,Pedestrian
0,305.0,6.0,360.0,59.0,5505,1,0,1,Pedestrian
0,305.0,6.0,360.0,59.0,5506,1,0,1,Pedestrian
0,305.0,6.0,360.0,59.0,5507,1,0,1,Pedestrian
0,305.0,6.0,360.0,59.0,5508,1,0,1,Pedestrian
0,305.0,6.0,360.0,59.0,5509,1,0,1,Pedestrian
0,305.0,6.0,360.0,59.0,5510,1,0,1,Pedestrian
0,305.0,6.0,360.0,59.0,5511,1,0,1,Pedestrian
0,305.0,6.0,360.0,59.0,5512,1,0,1,Pedestrian
0,305.0,6.0,360.0,59.0,5513,1,0,1,Pedestrian
0,305.0,6.0,360.0,59.0,5514,1,0,1,Pedestrian
0,305.0,6.0,360.0,59.0,5515,1,0,1,Pedestrian
0,305.0,6.0,360.0,59.0,5516,1,0,1,Pedestrian
0,305.0,6.0,360.0,59.0,5517,1,0,1,Pedestrian
0,305.0,6.0,360.0,59.0,5518,1,0,1,Pedestrian
0,305.0,6.0,360.0,59.0,5519,1,0,1,Pedestrian
0,305.0,6.0,360.0,59.0,5520,1,0,1,Pedestrian
0,305.0,6.0,360.0,59.0,5521,1,0,1,Pedestrian
0,305.0,6.0,360.0,59.0,5522,1,0,1,Pedestrian
0,305.0,6.0,360.0,59.0,5523,1,0,1,Pedestrian
0,305.0,6.0,360.0,59.0,5524,1,0,1,Pedestrian
0,305.0,6.0,360.0,59.0,5525,1,0,1,Pedestrian
0,305.0,6.0,360.0,59.0,5526,1,0,1,Pedestrian
0,305.0,6.0,360.0,59.0,5527,1,0,1,Pedestrian
0,305.0,6.0,360.0,59.0,5528,1,0,1,Pedestrian
0,305.0,6.0,360.0,59.0,5529,1,0,1,Pedestrian
0,305.0,6.0,360.0,59.0,5530,1,0,1,Pedestrian
0,305.0,6.0,360.0,59.0,5531,1,0,1,Pedestrian
0,305.0,6.0,360.0,59.0,5532,1,0,1,Pedestrian
0,305.0,6.0,360.0,59.0,5533,1,0,1,Pedestrian
0,305.0,6.0,360.0,59.0,5534,1,0,1,Pedestrian
0,305.0,6.0,360.0,59.0,5535,1,0,1,Pedestrian
0,305.0,6.0,360.0,59.0,5536,1,0,1,Pedestrian
0,305.0,6.0,360.0,59.0,5537,1,0,1,Pedestrian
0,308.0,6.0,363.0,59.0,5538,1,0,1,Pedestrian
0,308.0,6.0,363.0,59.0,5539,1,0,1,Pedestrian
0,308.0,6.0,363.0,59.0,5540,1,0,1,Pedestrian
0,308.0,6.0,363.0,59.0,5541,1,0,1,Pedestrian
0,308.0,6.0,363.0,59.0,5542,1,0,1,Pedestrian
0,308.0,6.0,363.0,59.0,5543,1,0,1,Pedestrian
0,308.0,6.0,363.0,59.0,5544,1,0,1,Pedestrian
0,308.0,6.0,363.0,59.0,5545,1,0,1,Pedestrian
0,308.0,6.0,363.0,59.0,5546,1,0,1,Pedestrian
0,308.0,6.0,363.0,59.0,5547,1,0,1,Pedestrian
0,308.0,6.0,363.0,59.0,5548,1,0,1,Pedestrian
0,308.0,6.0,363.0,59.0,5549,1,0,1,Pedestrian
0,308.0,6.0,363.0,59.0,5550,1,0,1,Pedestrian
0,308.0,6.0,363.0,59.0,5551,1,0,1,Pedestrian
0,308.0,6.0,363.0,59.0,5552,1,0,1,Pedestrian
0,308.0,6.0,363.0,59.0,5553,1,0,1,Pedestrian
0,308.0,6.0,363.0,59.0,5554,1,0,1,Pedestrian
0,308.0,6.0,363.0,59.0,5555,1,0,1,Pedestrian
0,308.0,6.0,363.0,59.0,5556,1,0,1,Pedestrian
0,308.0,6.0,363.0,59.0,5557,1,0,1,Pedestrian
0,308.0,6.0,363.0,59.0,5558,1,0,1,Pedestrian
0,308.0,6.0,363.0,59.0,5559,1,0,1,Pedestrian
0,308.0,6.0,363.0,59.0,5560,1,0,1,Pedestrian
0,308.0,6.0,363.0,59.0,5561,1,0,1,Pedestrian
0,308.0,6.0,363.0,59.0,5562,1,0,1,Pedestrian
0,308.0,4.0,363.0,56.0,5563,1,0,1,Pedestrian
0,308.0,4.0,363.0,56.0,5564,1,0,1,Pedestrian
0,308.0,4.0,363.0,56.0,5565,1,0,1,Pedestrian
0,308.0,4.0,363.0,56.0,5566,1,0,1,Pedestrian
0,308.0,4.0,363.0,56.0,5567,1,0,1,Pedestrian
0,308.0,4.0,363.0,56.0,5568,1,0,1,Pedestrian
0,308.0,4.0,363.0,56.0,5569,1,0,1,Pedestrian
0,308.0,4.0,363.0,56.0,5570,1,0,1,Pedestrian
0,308.0,4.0,363.0,56.0,5571,1,0,1,Pedestrian
0,308.0,4.0,363.0,56.0,5572,1,0,1,Pedestrian
0,308.0,4.0,363.0,56.0,5573,1,0,1,Pedestrian
0,308.0,4.0,363.0,56.0,5574,1,0,1,Pedestrian
0,310.0,4.0,365.0,56.0,5575,1,0,1,Pedestrian
0,310.0,4.0,365.0,56.0,5576,1,0,1,Pedestrian
0,310.0,4.0,365.0,56.0,5577,1,0,1,Pedestrian
0,310.0,4.0,365.0,56.0,5578,1,0,1,Pedestrian
0,310.0,4.0,365.0,56.0,5579,1,0,1,Pedestrian
0,310.0,4.0,365.0,56.0,5580,1,0,1,Pedestrian
0,310.0,4.0,365.0,56.0,5581,1,0,1,Pedestrian
0,310.0,4.0,365.0,56.0,5582,1,0,1,Pedestrian
0,310.0,4.0,365.0,56.0,5583,1,0,1,Pedestrian
0,310.0,4.0,365.0,56.0,5584,1,0,1,Pedestrian
0,310.0,4.0,365.0,56.0,5585,1,0,1,Pedestrian
0,310.0,4.0,365.0,56.0,5586,1,0,1,Pedestrian
0,310.0,4.0,365.0,56.0,5587,1,0,1,Pedestrian
0,310.0,4.0,365.0,56.0,5588,1,0,1,Pedestrian
0,310.0,4.0,365.0,56.0,5589,1,0,1,Pedestrian
0,310.0,4.0,365.0,56.0,5590,1,0,1,Pedestrian
0,310.0,4.0,365.0,56.0,5591,1,0,1,Pedestrian
0,310.0,4.0,365.0,56.0,5592,1,0,1,Pedestrian
0,310.0,4.0,365.0,56.0,5593,1,0,1,Pedestrian
0,310.0,4.0,365.0,56.0,5594,1,0,1,Pedestrian
0,310.0,4.0,365.0,56.0,5595,1,0,1,Pedestrian
0,310.0,4.0,365.0,56.0,5596,1,0,1,Pedestrian
0,310.0,4.0,365.0,56.0,5597,1,0,1,Pedestrian
0,310.0,4.0,365.0,56.0,5598,1,0,1,Pedestrian
0,310.0,4.0,365.0,56.0,5599,1,0,1,Pedestrian
0,310.0,4.0,365.0,56.0,5600,1,0,1,Pedestrian
0,310.0,4.0,365.0,56.0,5601,1,0,1,Pedestrian
0,310.0,4.0,365.0,56.0,5602,1,0,1,Pedestrian
0,310.0,4.0,365.0,56.0,5603,1,0,1,Pedestrian
0,310.0,4.0,365.0,56.0,5604,1,0,1,Pedestrian
0,310.0,4.0,365.0,56.0,5605,1,0,1,Pedestrian
0,310.0,4.0,365.0,56.0,5606,1,0,1,Pedestrian
0,310.0,4.0,365.0,56.0,5607,1,0,1,Pedestrian
0,310.0,4.0,365.0,56.0,5608,1,0,1,Pedestrian
0,310.0,4.0,365.0,56.0,5609,1,0,1,Pedestrian
0,310.0,4.0,365.0,56.0,5610,1,0,1,Pedestrian
0,310.0,4.0,365.0,56.0,5611,1,0,1,Pedestrian
0,313.0,4.0,368.0,56.0,5612,1,0,1,Pedestrian
0,313.0,4.0,368.0,56.0,5613,1,0,1,Pedestrian
0,313.0,4.0,368.0,56.0,5614,1,0,1,Pedestrian
0,313.0,4.0,368.0,56.0,5615,1,0,1,Pedestrian
0,313.0,4.0,368.0,56.0,5616,1,0,1,Pedestrian
0,313.0,4.0,368.0,56.0,5617,1,0,1,Pedestrian
0,313.0,4.0,368.0,56.0,5618,1,0,1,Pedestrian
0,313.0,4.0,368.0,56.0,5619,1,0,1,Pedestrian
0,313.0,4.0,368.0,56.0,5620,1,0,1,Pedestrian
0,313.0,4.0,368.0,56.0,5621,1,0,1,Pedestrian
0,313.0,4.0,368.0,56.0,5622,1,0,1,Pedestrian
0,313.0,4.0,368.0,56.0,5623,1,0,1,Pedestrian
0,313.0,4.0,368.0,56.0,5624,1,0,1,Pedestrian
0,313.0,2.0,368.0,54.0,5625,1,0,1,Pedestrian
0,313.0,2.0,368.0,54.0,5626,1,0,1,Pedestrian
0,313.0,2.0,368.0,54.0,5627,1,0,1,Pedestrian
0,313.0,2.0,368.0,54.0,5628,1,0,1,Pedestrian
0,313.0,2.0,368.0,54.0,5629,1,0,1,Pedestrian
0,313.0,2.0,368.0,54.0,5630,1,0,1,Pedestrian
0,313.0,2.0,368.0,54.0,5631,1,0,1,Pedestrian
0,313.0,2.0,368.0,54.0,5632,1,0,1,Pedestrian
0,313.0,2.0,368.0,54.0,5633,1,0,1,Pedestrian
0,313.0,2.0,368.0,54.0,5634,1,0,1,Pedestrian
0,313.0,2.0,368.0,54.0,5635,1,0,1,Pedestrian
0,313.0,2.0,368.0,54.0,5636,1,0,1,Pedestrian
0,313.0,2.0,368.0,54.0,5637,1,0,1,Pedestrian
0,313.0,2.0,368.0,54.0,5638,1,0,1,Pedestrian
0,313.0,2.0,368.0,54.0,5639,1,0,1,Pedestrian
0,313.0,2.0,368.0,54.0,5640,1,0,1,Pedestrian
0,313.0,2.0,368.0,54.0,5641,1,0,1,Pedestrian
0,313.0,2.0,368.0,54.0,5642,1,0,1,Pedestrian
0,313.0,2.0,368.0,54.0,5643,1,0,1,Pedestrian
0,313.0,2.0,368.0,54.0,5644,1,0,1,Pedestrian
0,313.0,2.0,368.0,54.0,5645,1,0,1,Pedestrian
0,313.0,2.0,368.0,54.0,5646,1,0,1,Pedestrian
0,313.0,2.0,368.0,54.0,5647,1,0,1,Pedestrian
0,313.0,2.0,368.0,54.0,5648,1,0,1,Pedestrian
0,316.0,2.0,371.0,54.0,5649,1,0,1,Pedestrian
0,316.0,2.0,371.0,54.0,5650,1,0,1,Pedestrian
0,316.0,2.0,371.0,54.0,5651,1,0,1,Pedestrian
0,316.0,2.0,371.0,54.0,5652,1,0,1,Pedestrian
0,316.0,2.0,371.0,54.0,5653,1,0,1,Pedestrian
0,316.0,2.0,371.0,54.0,5654,1,0,1,Pedestrian
0,316.0,2.0,371.0,54.0,5655,1,0,1,Pedestrian
0,316.0,2.0,371.0,54.0,5656,1,0,1,Pedestrian
0,316.0,2.0,371.0,54.0,5657,1,0,1,Pedestrian
0,316.0,2.0,371.0,54.0,5658,1,0,1,Pedestrian
0,316.0,2.0,371.0,54.0,5659,1,0,1,Pedestrian
0,316.0,2.0,371.0,54.0,5660,1,0,1,Pedestrian
0,316.0,2.0,371.0,54.0,5661,1,0,1,Pedestrian
0,316.0,2.0,371.0,54.0,5662,1,0,1,Pedestrian
0,316.0,2.0,371.0,54.0,5663,1,0,1,Pedestrian
0,316.0,2.0,371.0,54.0,5664,1,0,1,Pedestrian
0,316.0,2.0,371.0,54.0,5665,1,0,1,Pedestrian
0,316.0,2.0,371.0,54.0,5666,1,0,1,Pedestrian
0,316.0,2.0,371.0,54.0,5667,1,0,1,Pedestrian
0,316.0,2.0,371.0,54.0,5668,1,0,1,Pedestrian
0,316.0,2.0,371.0,54.0,5669,1,0,1,Pedestrian
0,316.0,2.0,371.0,54.0,5670,1,0,1,Pedestrian
0,316.0,2.0,371.0,54.0,5671,1,0,1,Pedestrian
0,316.0,2.0,371.0,54.0,5672,1,0,1,Pedestrian
0,316.0,2.0,371.0,54.0,5673,1,0,1,Pedestrian
0,316.0,2.0,371.0,54.0,5674,1,0,1,Pedestrian
0,316.0,2.0,371.0,54.0,5675,1,0,1,Pedestrian
0,316.0,2.0,371.0,54.0,5676,1,0,1,Pedestrian
0,316.0,2.0,371.0,54.0,5677,1,0,1,Pedestrian
0,316.0,2.0,371.0,54.0,5678,1,0,1,Pedestrian
0,316.0,2.0,371.0,54.0,5679,1,0,1,Pedestrian
0,316.0,2.0,371.0,54.0,5680,1,0,1,Pedestrian
0,316.0,2.0,371.0,54.0,5681,1,0,1,Pedestrian
0,316.0,2.0,371.0,54.0,5682,1,0,1,Pedestrian
0,316.0,2.0,371.0,54.0,5683,1,0,1,Pedestrian
0,316.0,2.0,371.0,54.0,5684,1,0,1,Pedestrian
0,316.0,2.0,371.0,54.0,5685,1,0,1,Pedestrian
0,319.0,2.0,374.0,54.0,5686,0,0,0,Pedestrian
0,316.0,2.0,371.0,54.0,5687,0,0,1,Pedestrian
0,316.0,2.0,371.0,54.0,5688,0,0,1,Pedestrian
0,316.0,4.0,371.0,56.0,5689,0,0,1,Pedestrian
0,316.0,4.0,371.0,56.0,5690,0,0,1,Pedestrian
0,316.0,6.0,371.0,59.0,5691,0,0,1,Pedestrian
0,316.0,6.0,371.0,59.0,5692,0,0,1,Pedestrian
0,316.0,9.0,371.0,61.0,5693,0,0,1,Pedestrian
0,316.0,9.0,371.0,61.0,5694,0,0,1,Pedestrian
0,316.0,11.0,371.0,63.0,5695,0,0,1,Pedestrian
0,316.0,11.0,371.0,63.0,5696,0,0,1,Pedestrian
0,316.0,13.0,371.0,66.0,5697,0,0,1,Pedestrian
0,316.0,13.0,371.0,66.0,5698,0,0,1,Pedestrian
0,316.0,15.0,371.0,68.0,5699,0,0,1,Pedestrian
0,316.0,15.0,371.0,68.0,5700,0,0,1,Pedestrian
0,316.0,18.0,371.0,70.0,5701,0,0,1,Pedestrian
0,316.0,18.0,371.0,70.0,5702,0,0,1,Pedestrian
0,316.0,20.0,371.0,72.0,5703,0,0,1,Pedestrian
0,316.0,20.0,371.0,72.0,5704,0,0,1,Pedestrian
0,316.0,22.0,371.0,75.0,5705,0,0,1,Pedestrian
0,316.0,22.0,371.0,75.0,5706,0,0,1,Pedestrian
0,316.0,25.0,371.0,77.0,5707,0,0,1,Pedestrian
0,316.0,25.0,371.0,77.0,5708,0,0,1,Pedestrian
0,316.0,27.0,371.0,79.0,5709,0,0,1,Pedestrian
0,316.0,27.0,371.0,79.0,5710,0,0,1,Pedestrian
0,316.0,29.0,371.0,81.0,5711,0,0,1,Pedestrian
0,316.0,29.0,371.0,81.0,5712,0,0,1,Pedestrian
0,316.0,31.0,371.0,84.0,5713,0,0,1,Pedestrian
0,316.0,31.0,371.0,84.0,5714,0,0,1,Pedestrian
0,316.0,34.0,371.0,86.0,5715,0,0,1,Pedestrian
0,313.0,34.0,368.0,86.0,5716,0,0,1,Pedestrian
0,313.0,36.0,368.0,88.0,5717,0,0,1,Pedestrian
0,313.0,36.0,368.0,88.0,5718,0,0,1,Pedestrian
0,313.0,38.0,368.0,91.0,5719,0,0,1,Pedestrian
0,313.0,38.0,368.0,91.0,5720,0,0,1,Pedestrian
0,313.0,40.0,368.0,93.0,5721,0,0,1,Pedestrian
0,313.0,40.0,368.0,93.0,5722,0,0,1,Pedestrian
0,313.0,43.0,368.0,95.0,5723,0,0,1,Pedestrian
0,313.0,43.0,368.0,95.0,5724,0,0,1,Pedestrian
0,313.0,45.0,368.0,97.0,5725,0,0,1,Pedestrian
0,313.0,45.0,368.0,97.0,5726,0,0,1,Pedestrian
0,313.0,47.0,368.0,100.0,5727,0,0,1,Pedestrian
0,313.0,47.0,368.0,100.0,5728,0,0,1,Pedestrian
0,313.0,50.0,368.0,102.0,5729,0,0,1,Pedestrian
0,313.0,50.0,368.0,102.0,5730,0,0,1,Pedestrian
0,313.0,50.0,368.0,102.0,5731,0,0,1,Pedestrian
0,313.0,52.0,368.0,104.0,5732,0,0,1,Pedestrian
0,313.0,52.0,368.0,104.0,5733,0,0,1,Pedestrian
0,313.0,54.0,368.0,107.0,5734,0,0,1,Pedestrian
0,313.0,54.0,368.0,107.0,5735,0,0,1,Pedestrian
0,313.0,56.0,368.0,109.0,5736,0,0,1,Pedestrian
0,313.0,56.0,368.0,109.0,5737,0,0,1,Pedestrian
0,313.0,59.0,368.0,111.0,5738,0,0,1,Pedestrian
0,313.0,59.0,368.0,111.0,5739,0,0,1,Pedestrian
0,313.0,61.0,368.0,113.0,5740,0,0,1,Pedestrian
0,313.0,61.0,368.0,113.0,5741,0,0,1,Pedestrian
0,313.0,63.0,368.0,116.0,5742,0,0,1,Pedestrian
0,313.0,63.0,368.0,116.0,5743,0,0,1,Pedestrian
0,313.0,66.0,368.0,118.0,5744,0,0,1,Pedestrian
0,310.0,66.0,365.0,118.0,5745,0,0,1,Pedestrian
0,310.0,68.0,365.0,120.0,5746,0,0,1,Pedestrian
0,310.0,68.0,365.0,120.0,5747,0,0,1,Pedestrian
0,310.0,70.0,365.0,122.0,5748,0,0,1,Pedestrian
0,310.0,70.0,365.0,122.0,5749,0,0,1,Pedestrian
0,310.0,72.0,365.0,125.0,5750,0,0,1,Pedestrian
0,310.0,72.0,365.0,125.0,5751,0,0,1,Pedestrian
0,310.0,75.0,365.0,127.0,5752,0,0,1,Pedestrian
0,310.0,75.0,365.0,127.0,5753,0,0,1,Pedestrian
0,310.0,77.0,365.0,129.0,5754,0,0,1,Pedestrian
0,310.0,77.0,365.0,129.0,5755,0,0,1,Pedestrian
0,310.0,79.0,365.0,132.0,5756,0,0,1,Pedestrian
0,310.0,79.0,365.0,132.0,5757,0,0,1,Pedestrian
0,310.0,81.0,365.0,134.0,5758,0,0,1,Pedestrian
0,310.0,81.0,365.0,134.0,5759,0,0,1,Pedestrian
0,310.0,84.0,365.0,136.0,5760,0,0,1,Pedestrian
0,310.0,84.0,365.0,136.0,5761,0,0,1,Pedestrian
0,310.0,86.0,365.0,138.0,5762,0,0,1,Pedestrian
0,310.0,86.0,365.0,138.0,5763,0,0,1,Pedestrian
0,310.0,88.0,365.0,141.0,5764,0,0,1,Pedestrian
0,310.0,88.0,365.0,141.0,5765,0,0,1,Pedestrian
0,310.0,91.0,365.0,143.0,5766,0,0,1,Pedestrian
0,310.0,91.0,365.0,143.0,5767,0,0,1,Pedestrian
0,310.0,93.0,365.0,145.0,5768,0,0,1,Pedestrian
0,310.0,93.0,365.0,145.0,5769,0,0,1,Pedestrian
0,310.0,95.0,365.0,148.0,5770,0,0,1,Pedestrian
0,310.0,95.0,365.0,148.0,5771,0,0,1,Pedestrian
0,310.0,97.0,365.0,150.0,5772,0,0,1,Pedestrian
0,310.0,97.0,365.0,150.0,5773,0,0,1,Pedestrian
0,310.0,100.0,365.0,152.0,5774,0,0,0,Pedestrian
0,310.0,100.0,365.0,152.0,5775,0,0,1,Pedestrian
0,310.0,100.0,365.0,152.0,5776,0,0,1,Pedestrian
0,310.0,102.0,365.0,154.0,5777,0,0,1,Pedestrian
0,310.0,102.0,365.0,154.0,5778,0,0,1,Pedestrian
0,310.0,104.0,365.0,157.0,5779,0,0,1,Pedestrian
0,310.0,104.0,365.0,157.0,5780,0,0,1,Pedestrian
0,310.0,107.0,365.0,159.0,5781,0,0,1,Pedestrian
0,310.0,107.0,365.0,159.0,5782,0,0,1,Pedestrian
0,310.0,109.0,365.0,161.0,5783,0,0,1,Pedestrian
0,310.0,109.0,365.0,161.0,5784,0,0,1,Pedestrian
0,310.0,111.0,365.0,163.0,5785,0,0,1,Pedestrian
0,310.0,111.0,365.0,163.0,5786,0,0,1,Pedestrian
0,310.0,113.0,365.0,166.0,5787,0,0,1,Pedestrian
0,310.0,113.0,365.0,166.0,5788,0,0,1,Pedestrian
0,310.0,116.0,365.0,168.0,5789,0,0,1,Pedestrian
0,310.0,116.0,365.0,168.0,5790,0,0,1,Pedestrian
0,310.0,118.0,365.0,170.0,5791,0,0,1,Pedestrian
0,310.0,118.0,365.0,170.0,5792,0,0,1,Pedestrian
0,313.0,118.0,368.0,170.0,5793,0,0,1,Pedestrian
0,313.0,120.0,368.0,173.0,5794,0,0,1,Pedestrian
0,313.0,120.0,368.0,173.0,5795,0,0,1,Pedestrian
0,313.0,122.0,368.0,175.0,5796,0,0,1,Pedestrian
0,313.0,122.0,368.0,175.0,5797,0,0,1,Pedestrian
0,313.0,125.0,368.0,177.0,5798,0,0,1,Pedestrian
0,313.0,125.0,368.0,177.0,5799,0,0,1,Pedestrian
0,313.0,127.0,368.0,179.0,5800,0,0,1,Pedestrian
0,313.0,127.0,368.0,179.0,5801,0,0,1,Pedestrian
0,313.0,129.0,368.0,182.0,5802,0,0,1,Pedestrian
0,313.0,129.0,368.0,182.0,5803,0,0,1,Pedestrian
0,313.0,132.0,368.0,184.0,5804,0,0,1,Pedestrian
0,313.0,132.0,368.0,184.0,5805,0,0,1,Pedestrian
0,313.0,134.0,368.0,186.0,5806,0,0,1,Pedestrian
0,313.0,134.0,368.0,186.0,5807,0,0,1,Pedestrian
0,313.0,136.0,368.0,188.0,5808,0,0,1,Pedestrian
0,313.0,136.0,368.0,188.0,5809,0,0,1,Pedestrian
0,313.0,138.0,368.0,191.0,5810,0,0,1,Pedestrian
0,316.0,138.0,371.0,191.0,5811,0,0,1,Pedestrian
0,316.0,138.0,371.0,191.0,5812,0,0,1,Pedestrian
0,316.0,141.0,371.0,193.0,5813,0,0,1,Pedestrian
0,316.0,141.0,371.0,193.0,5814,0,0,1,Pedestrian
0,316.0,143.0,371.0,195.0,5815,0,0,1,Pedestrian
0,316.0,143.0,371.0,195.0,5816,0,0,1,Pedestrian
0,316.0,145.0,371.0,198.0,5817,0,0,1,Pedestrian
0,316.0,145.0,371.0,198.0,5818,0,0,1,Pedestrian
0,316.0,148.0,371.0,200.0,5819,0,0,1,Pedestrian
0,316.0,148.0,371.0,200.0,5820,0,0,1,Pedestrian
0,316.0,150.0,371.0,202.0,5821,0,0,1,Pedestrian
0,316.0,150.0,371.0,202.0,5822,0,0,1,Pedestrian
0,316.0,152.0,371.0,204.0,5823,0,0,1,Pedestrian
0,316.0,152.0,371.0,204.0,5824,0,0,1,Pedestrian
0,316.0,154.0,371.0,207.0,5825,0,0,1,Pedestrian
0,316.0,154.0,371.0,207.0,5826,0,0,1,Pedestrian
0,316.0,157.0,371.0,209.0,5827,0,0,1,Pedestrian
0,316.0,157.0,371.0,209.0,5828,0,0,1,Pedestrian
0,319.0,159.0,374.0,211.0,5829,0,0,0,Pedestrian
0,319.0,159.0,374.0,211.0,5830,0,0,1,Pedestrian
0,319.0,159.0,374.0,211.0,5831,0,0,1,Pedestrian
0,319.0,161.0,374.0,214.0,5832,0,0,1,Pedestrian
0,319.0,161.0,374.0,214.0,5833,0,0,1,Pedestrian
0,319.0,163.0,374.0,216.0,5834,0,0,1,Pedestrian
0,319.0,163.0,374.0,216.0,5835,0,0,1,Pedestrian
0,319.0,166.0,374.0,218.0,5836,0,0,1,Pedestrian
0,319.0,166.0,374.0,218.0,5837,0,0,1,Pedestrian
0,319.0,168.0,374.0,220.0,5838,0,0,1,Pedestrian
0,319.0,168.0,374.0,220.0,5839,0,0,1,Pedestrian
0,319.0,170.0,374.0,223.0,5840,0,0,1,Pedestrian
0,321.0,170.0,376.0,223.0,5841,0,0,1,Pedestrian
0,321.0,173.0,376.0,225.0,5842,0,0,1,Pedestrian
0,321.0,173.0,376.0,225.0,5843,0,0,1,Pedestrian
0,321.0,175.0,376.0,227.0,5844,0,0,1,Pedestrian
0,321.0,175.0,376.0,227.0,5845,0,0,1,Pedestrian
0,321.0,177.0,376.0,229.0,5846,0,0,1,Pedestrian
0,321.0,177.0,376.0,229.0,5847,0,0,1,Pedestrian
0,321.0,179.0,376.0,232.0,5848,0,0,1,Pedestrian
0,321.0,179.0,376.0,232.0,5849,0,0,1,Pedestrian
0,321.0,179.0,376.0,232.0,5850,0,0,1,Pedestrian
0,321.0,182.0,376.0,234.0,5851,0,0,1,Pedestrian
0,321.0,182.0,376.0,234.0,5852,0,0,1,Pedestrian
0,324.0,184.0,379.0,236.0,5853,0,0,1,Pedestrian
0,324.0,184.0,379.0,236.0,5854,0,0,1,Pedestrian
0,324.0,186.0,379.0,239.0,5855,0,0,1,Pedestrian
0,324.0,186.0,379.0,239.0,5856,0,0,1,Pedestrian
0,324.0,188.0,379.0,241.0,5857,0,0,1,Pedestrian
0,324.0,188.0,379.0,241.0,5858,0,0,1,Pedestrian
0,324.0,191.0,379.0,243.0,5859,0,0,1,Pedestrian
0,324.0,191.0,379.0,243.0,5860,0,0,1,Pedestrian
0,324.0,193.0,379.0,245.0,5861,0,0,1,Pedestrian
0,324.0,193.0,379.0,245.0,5862,0,0,1,Pedestrian
0,324.0,195.0,379.0,248.0,5863,0,0,1,Pedestrian
0,324.0,195.0,379.0,248.0,5864,0,0,1,Pedestrian
0,327.0,198.0,382.0,250.0,5865,0,0,1,Pedestrian
0,327.0,198.0,382.0,250.0,5866,0,0,1,Pedestrian
0,327.0,200.0,382.0,252.0,5867,0,0,1,Pedestrian
0,327.0,200.0,382.0,252.0,5868,0,0,1,Pedestrian
0,327.0,200.0,382.0,252.0,5869,0,0,1,Pedestrian
0,327.0,202.0,382.0,255.0,5870,0,0,1,Pedestrian
0,327.0,202.0,382.0,255.0,5871,0,0,1,Pedestrian
0,327.0,204.0,382.0,257.0,5872,0,0,1,Pedestrian
0,327.0,204.0,382.0,257.0,5873,0,0,1,Pedestrian
0,327.0,207.0,382.0,259.0,5874,0,0,1,Pedestrian
0,327.0,207.0,382.0,259.0,5875,0,0,1,Pedestrian
0,327.0,209.0,382.0,261.0,5876,0,0,1,Pedestrian
0,330.0,209.0,385.0,261.0,5877,0,0,1,Pedestrian
0,330.0,211.0,385.0,264.0,5878,0,0,1,Pedestrian
0,330.0,211.0,385.0,264.0,5879,0,0,1,Pedestrian
0,330.0,214.0,385.0,266.0,5880,0,0,1,Pedestrian
0,330.0,214.0,385.0,266.0,5881,0,0,1,Pedestrian
0,330.0,216.0,385.0,268.0,5882,0,0,1,Pedestrian
0,330.0,216.0,385.0,268.0,5883,0,0,1,Pedestrian
0,330.0,218.0,385.0,270.0,5884,0,0,1,Pedestrian
0,330.0,218.0,385.0,270.0,5885,0,0,1,Pedestrian
0,330.0,220.0,385.0,273.0,5886,0,0,1,Pedestrian
0,330.0,220.0,385.0,273.0,5887,0,0,1,Pedestrian
0,332.0,223.0,387.0,275.0,5888,0,0,0,Pedestrian
0,332.0,223.0,387.0,275.0,5889,0,0,1,Pedestrian
0,332.0,225.0,387.0,277.0,5890,0,0,1,Pedestrian
0,332.0,225.0,387.0,277.0,5891,0,0,1,Pedestrian
0,332.0,227.0,387.0,280.0,5892,0,0,1,Pedestrian
0,332.0,227.0,387.0,280.0,5893,0,0,1,Pedestrian
0,332.0,229.0,387.0,282.0,5894,0,0,1,Pedestrian
0,332.0,229.0,387.0,282.0,5895,0,0,1,Pedestrian
0,332.0,232.0,387.0,284.0,5896,0,0,1,Pedestrian
0,332.0,234.0,387.0,286.0,5897,0,0,1,Pedestrian
0,332.0,234.0,387.0,286.0,5898,0,0,1,Pedestrian
0,332.0,236.0,387.0,289.0,5899,0,0,1,Pedestrian
0,332.0,236.0,387.0,289.0,5900,0,0,1,Pedestrian
0,332.0,239.0,387.0,291.0,5901,0,0,1,Pedestrian
0,332.0,239.0,387.0,291.0,5902,0,0,1,Pedestrian
0,332.0,241.0,387.0,293.0,5903,0,0,1,Pedestrian
0,332.0,243.0,387.0,296.0,5904,0,0,1,Pedestrian
0,332.0,243.0,387.0,296.0,5905,0,0,1,Pedestrian
0,332.0,245.0,387.0,298.0,5906,0,0,1,Pedestrian
0,332.0,245.0,387.0,298.0,5907,0,0,1,Pedestrian
0,332.0,248.0,387.0,300.0,5908,0,0,1,Pedestrian
0,332.0,248.0,387.0,300.0,5909,0,0,1,Pedestrian
0,332.0,250.0,387.0,302.0,5910,0,0,1,Pedestrian
0,335.0,252.0,390.0,305.0,5911,0,0,1,Pedestrian
0,335.0,252.0,390.0,305.0,5912,0,0,1,Pedestrian
0,335.0,255.0,390.0,307.0,5913,0,0,1,Pedestrian
0,335.0,255.0,390.0,307.0,5914,0,0,1,Pedestrian
0,335.0,257.0,390.0,309.0,5915,0,0,1,Pedestrian
0,335.0,257.0,390.0,309.0,5916,0,0,1,Pedestrian
0,335.0,259.0,390.0,311.0,5917,0,0,1,Pedestrian
0,335.0,261.0,390.0,314.0,5918,0,0,1,Pedestrian
0,335.0,261.0,390.0,314.0,5919,0,0,1,Pedestrian
0,335.0,264.0,390.0,316.0,5920,0,0,1,Pedestrian
0,335.0,264.0,390.0,316.0,5921,0,0,1,Pedestrian
0,335.0,266.0,390.0,318.0,5922,0,0,1,Pedestrian
0,335.0,266.0,390.0,318.0,5923,0,0,1,Pedestrian
0,335.0,268.0,390.0,321.0,5924,0,0,1,Pedestrian
0,335.0,268.0,390.0,321.0,5925,0,0,1,Pedestrian
0,335.0,270.0,390.0,323.0,5926,0,0,1,Pedestrian
0,335.0,273.0,390.0,325.0,5927,0,0,1,Pedestrian
0,335.0,273.0,390.0,325.0,5928,0,0,1,Pedestrian
0,335.0,275.0,390.0,327.0,5929,0,0,1,Pedestrian
0,335.0,275.0,390.0,327.0,5930,0,0,1,Pedestrian
0,335.0,277.0,390.0,330.0,5931,0,0,1,Pedestrian
0,335.0,277.0,390.0,330.0,5932,0,0,1,Pedestrian
0,338.0,280.0,393.0,332.0,5933,0,0,1,Pedestrian
0,338.0,282.0,393.0,334.0,5934,0,0,1,Pedestrian
0,338.0,282.0,393.0,334.0,5935,0,0,1,Pedestrian
0,338.0,284.0,393.0,337.0,5936,0,0,1,Pedestrian
0,338.0,284.0,393.0,337.0,5937,0,0,1,Pedestrian
0,338.0,286.0,393.0,339.0,5938,0,0,1,Pedestrian
0,338.0,286.0,393.0,339.0,5939,0,0,1,Pedestrian
0,338.0,289.0,393.0,341.0,5940,0,0,1,Pedestrian
0,338.0,291.0,393.0,343.0,5941,0,0,1,Pedestrian
0,338.0,291.0,393.0,343.0,5942,0,0,1,Pedestrian
0,338.0,293.0,393.0,346.0,5943,0,0,1,Pedestrian
0,338.0,293.0,393.0,346.0,5944,0,0,1,Pedestrian
0,338.0,296.0,393.0,348.0,5945,0,0,1,Pedestrian
0,338.0,296.0,393.0,348.0,5946,0,0,1,Pedestrian
0,338.0,298.0,393.0,350.0,5947,0,0,1,Pedestrian
0,338.0,300.0,393.0,352.0,5948,0,0,1,Pedestrian
0,338.0,300.0,393.0,352.0,5949,0,0,1,Pedestrian
0,338.0,302.0,393.0,355.0,5950,0,0,1,Pedestrian
0,338.0,302.0,393.0,355.0,5951,0,0,1,Pedestrian
0,338.0,305.0,393.0,357.0,5952,0,0,1,Pedestrian
0,338.0,305.0,393.0,357.0,5953,0,0,1,Pedestrian
0,338.0,307.0,393.0,359.0,5954,0,0,1,Pedestrian
0,341.0,309.0,396.0,362.0,5955,0,0,0,Pedestrian
0,338.0,309.0,393.0,362.0,5956,0,0,1,Pedestrian
0,338.0,309.0,393.0,362.0,5957,0,0,1,Pedestrian
0,338.0,311.0,393.0,364.0,5958,0,0,1,Pedestrian
0,338.0,311.0,393.0,364.0,5959,0,0,1,Pedestrian
0,338.0,314.0,393.0,366.0,5960,0,0,1,Pedestrian
0,338.0,314.0,393.0,366.0,5961,0,0,1,Pedestrian
0,338.0,314.0,393.0,366.0,5962,0,0,1,Pedestrian
0,338.0,316.0,393.0,368.0,5963,0,0,1,Pedestrian
0,338.0,316.0,393.0,368.0,5964,0,0,1,Pedestrian
0,338.0,318.0,393.0,371.0,5965,0,0,1,Pedestrian
0,338.0,318.0,393.0,371.0,5966,0,0,1,Pedestrian
0,338.0,318.0,393.0,371.0,5967,0,0,1,Pedestrian
0,338.0,321.0,393.0,373.0,5968,0,0,1,Pedestrian
0,338.0,321.0,393.0,373.0,5969,0,0,1,Pedestrian
0,338.0,323.0,393.0,375.0,5970,0,0,1,Pedestrian
0,338.0,323.0,393.0,375.0,5971,0,0,1,Pedestrian
0,335.0,323.0,390.0,375.0,5972,0,0,1,Pedestrian
0,335.0,325.0,390.0,377.0,5973,0,0,1,Pedestrian
0,335.0,325.0,390.0,377.0,5974,0,0,1,Pedestrian
0,335.0,327.0,390.0,380.0,5975,0,0,1,Pedestrian
0,335.0,327.0,390.0,380.0,5976,0,0,1,Pedestrian
0,335.0,327.0,390.0,380.0,5977,0,0,1,Pedestrian
0,335.0,330.0,390.0,382.0,5978,0,0,1,Pedestrian
0,335.0,330.0,390.0,382.0,5979,0,0,1,Pedestrian
0,335.0,332.0,390.0,384.0,5980,0,0,1,Pedestrian
0,335.0,332.0,390.0,384.0,5981,0,0,1,Pedestrian
0,335.0,332.0,390.0,384.0,5982,0,0,1,Pedestrian
0,335.0,334.0,390.0,387.0,5983,0,0,1,Pedestrian
0,335.0,334.0,390.0,387.0,5984,0,0,1,Pedestrian
0,335.0,337.0,390.0,389.0,5985,0,0,1,Pedestrian
0,335.0,337.0,390.0,389.0,5986,0,0,1,Pedestrian
0,335.0,339.0,390.0,391.0,5987,0,0,0,Pedestrian
0,335.0,339.0,390.0,391.0,5988,0,0,1,Pedestrian
0,335.0,339.0,390.0,391.0,5989,0,0,1,Pedestrian
0,335.0,341.0,390.0,393.0,5990,0,0,1,Pedestrian
0,335.0,341.0,390.0,393.0,5991,0,0,1,Pedestrian
0,335.0,343.0,390.0,396.0,5992,0,0,1,Pedestrian
0,335.0,343.0,390.0,396.0,5993,0,0,1,Pedestrian
0,335.0,346.0,390.0,398.0,5994,0,0,1,Pedestrian
0,335.0,346.0,390.0,398.0,5995,0,0,1,Pedestrian
0,335.0,348.0,390.0,400.0,5996,0,0,1,Pedestrian
0,335.0,348.0,390.0,400.0,5997,0,0,1,Pedestrian
0,335.0,350.0,390.0,403.0,5998,0,0,1,Pedestrian
0,335.0,350.0,390.0,403.0,5999,0,0,1,Pedestrian
0,338.0,352.0,393.0,405.0,6000,0,0,0,Pedestrian
0,335.0,352.0,390.0,405.0,6001,0,0,1,Pedestrian
0,335.0,352.0,390.0,405.0,6002,0,0,1,Pedestrian
0,335.0,355.0,390.0,407.0,6003,0,0,1,Pedestrian
0,332.0,355.0,390.0,407.0,6004,0,0,1,Pedestrian
0,332.0,357.0,387.0,409.0,6005,0,0,1,Pedestrian
0,332.0,357.0,387.0,409.0,6006,0,0,1,Pedestrian
0,332.0,357.0,387.0,409.0,6007,0,0,1,Pedestrian
0,330.0,359.0,387.0,412.0,6008,0,0,1,Pedestrian
0,330.0,359.0,387.0,412.0,6009,0,0,1,Pedestrian
0,330.0,362.0,385.0,414.0,6010,0,0,1,Pedestrian
0,330.0,362.0,385.0,414.0,6011,0,0,1,Pedestrian
0,327.0,362.0,385.0,416.0,6012,0,0,1,Pedestrian
0,327.0,364.0,385.0,416.0,6013,0,0,1,Pedestrian
0,327.0,364.0,385.0,416.0,6014,0,0,1,Pedestrian
0,327.0,366.0,382.0,418.0,6015,0,0,1,Pedestrian
0,324.0,366.0,382.0,418.0,6016,0,0,1,Pedestrian
0,324.0,366.0,382.0,421.0,6017,0,0,1,Pedestrian
0,324.0,368.0,382.0,421.0,6018,0,0,1,Pedestrian
0,324.0,368.0,382.0,423.0,6019,0,0,1,Pedestrian
0,321.0,371.0,379.0,423.0,6020,0,0,1,Pedestrian
0,321.0,371.0,379.0,423.0,6021,0,0,1,Pedestrian
0,321.0,373.0,379.0,425.0,6022,0,0,1,Pedestrian
0,319.0,373.0,379.0,425.0,6023,0,0,1,Pedestrian
0,319.0,373.0,376.0,428.0,6024,0,0,1,Pedestrian
0,319.0,375.0,376.0,428.0,6025,0,0,1,Pedestrian
0,319.0,375.0,376.0,430.0,6026,0,0,1,Pedestrian
0,316.0,377.0,376.0,430.0,6027,0,0,1,Pedestrian
0,316.0,377.0,376.0,430.0,6028,0,0,1,Pedestrian
0,316.0,377.0,374.0,432.0,6029,0,0,1,Pedestrian
0,316.0,380.0,374.0,432.0,6030,0,0,1,Pedestrian
0,313.0,380.0,374.0,434.0,6031,0,0,1,Pedestrian
0,313.0,382.0,374.0,434.0,6032,0,0,1,Pedestrian
0,313.0,382.0,374.0,437.0,6033,0,0,1,Pedestrian
0,313.0,382.0,371.0,437.0,6034,0,0,1,Pedestrian
0,310.0,384.0,371.0,437.0,6035,0,0,1,Pedestrian
0,310.0,384.0,371.0,439.0,6036,0,0,1,Pedestrian
0,310.0,387.0,371.0,439.0,6037,0,0,1,Pedestrian
0,310.0,387.0,371.0,441.0,6038,0,0,1,Pedestrian
0,308.0,389.0,368.0,441.0,6039,0,0,1,Pedestrian
0,308.0,389.0,368.0,444.0,6040,0,0,1,Pedestrian
0,308.0,389.0,368.0,444.0,6041,0,0,1,Pedestrian
0,305.0,391.0,368.0,444.0,6042,0,0,1,Pedestrian
0,305.0,391.0,368.0,446.0,6043,0,0,1,Pedestrian
0,305.0,393.0,365.0,446.0,6044,0,0,1,Pedestrian
0,305.0,393.0,365.0,448.0,6045,0,0,1,Pedestrian
0,302.0,393.0,365.0,448.0,6046,0,0,1,Pedestrian
0,302.0,396.0,365.0,450.0,6047,0,0,1,Pedestrian
0,302.0,396.0,363.0,450.0,6048,0,0,1,Pedestrian
0,302.0,398.0,363.0,450.0,6049,0,0,1,Pedestrian
0,299.0,398.0,363.0,453.0,6050,0,0,1,Pedestrian
0,299.0,398.0,363.0,453.0,6051,0,0,1,Pedestrian
0,299.0,400.0,363.0,455.0,6052,0,0,1,Pedestrian
0,299.0,400.0,360.0,455.0,6053,0,0,1,Pedestrian
0,297.0,403.0,360.0,457.0,6054,0,0,1,Pedestrian
0,297.0,403.0,360.0,457.0,6055,0,0,1,Pedestrian
0,297.0,405.0,360.0,457.0,6056,0,0,1,Pedestrian
0,297.0,405.0,360.0,459.0,6057,0,0,1,Pedestrian
0,294.0,405.0,357.0,459.0,6058,0,0,1,Pedestrian
0,294.0,407.0,357.0,462.0,6059,0,0,1,Pedestrian
0,294.0,407.0,357.0,462.0,6060,0,0,1,Pedestrian
0,291.0,409.0,357.0,462.0,6061,0,0,1,Pedestrian
0,291.0,409.0,357.0,464.0,6062,0,0,1,Pedestrian
0,291.0,409.0,354.0,464.0,6063,0,0,1,Pedestrian
0,291.0,412.0,354.0,466.0,6064,0,0,1,Pedestrian
0,288.0,412.0,354.0,466.0,6065,0,0,1,Pedestrian
0,288.0,414.0,354.0,469.0,6066,0,0,1,Pedestrian
0,288.0,414.0,354.0,469.0,6067,0,0,1,Pedestrian
0,288.0,414.0,352.0,469.0,6068,0,0,1,Pedestrian
0,286.0,416.0,352.0,471.0,6069,0,0,1,Pedestrian
0,286.0,416.0,352.0,471.0,6070,0,0,1,Pedestrian
0,286.0,418.0,352.0,473.0,6071,0,0,1,Pedestrian
0,286.0,418.0,349.0,473.0,6072,0,0,1,Pedestrian
0,283.0,418.0,349.0,475.0,6073,0,0,1,Pedestrian
0,283.0,421.0,349.0,475.0,6074,0,0,1,Pedestrian
0,283.0,421.0,349.0,475.0,6075,0,0,1,Pedestrian
0,283.0,423.0,349.0,478.0,6076,0,0,1,Pedestrian
0,280.0,423.0,346.0,478.0,6077,0,0,1,Pedestrian
0,280.0,425.0,346.0,480.0,6078,0,0,1,Pedestrian
0,280.0,425.0,346.0,480.0,6079,0,0,1,Pedestrian
0,277.0,425.0,346.0,482.0,6080,0,0,1,Pedestrian
0,277.0,428.0,346.0,482.0,6081,0,0,1,Pedestrian
0,277.0,428.0,343.0,482.0,6082,0,0,1,Pedestrian
0,277.0,430.0,343.0,485.0,6083,0,0,1,Pedestrian
0,275.0,430.0,343.0,485.0,6084,0,0,1,Pedestrian
0,275.0,430.0,343.0,487.0,6085,0,0,1,Pedestrian
0,275.0,432.0,343.0,487.0,6086,0,0,1,Pedestrian
0,275.0,432.0,341.0,489.0,6087,0,0,1,Pedestrian
0,272.0,434.0,341.0,489.0,6088,0,0,1,Pedestrian
0,272.0,434.0,341.0,489.0,6089,0,0,1,Pedestrian
0,272.0,434.0,341.0,491.0,6090,0,0,1,Pedestrian
0,272.0,437.0,341.0,491.0,6091,0,0,1,Pedestrian
0,269.0,437.0,338.0,494.0,6092,0,0,1,Pedestrian
0,269.0,439.0,338.0,494.0,6093,0,0,1,Pedestrian
0,269.0,439.0,338.0,496.0,6094,0,0,1,Pedestrian
0,269.0,441.0,338.0,496.0,6095,0,0,1,Pedestrian
0,266.0,441.0,335.0,496.0,6096,0,0,1,Pedestrian
0,266.0,441.0,335.0,498.0,6097,0,0,1,Pedestrian
0,266.0,444.0,335.0,498.0,6098,0,0,1,Pedestrian
0,264.0,444.0,335.0,500.0,6099,0,0,1,Pedestrian
0,264.0,446.0,335.0,500.0,6100,0,0,1,Pedestrian
0,264.0,446.0,332.0,503.0,6101,0,0,1,Pedestrian
0,264.0,446.0,332.0,503.0,6102,0,0,1,Pedestrian
0,261.0,448.0,332.0,503.0,6103,0,0,1,Pedestrian
0,261.0,448.0,332.0,505.0,6104,0,0,1,Pedestrian
0,261.0,450.0,332.0,505.0,6105,0,0,1,Pedestrian
0,261.0,450.0,330.0,507.0,6106,0,0,1,Pedestrian
0,258.0,450.0,330.0,507.0,6107,0,0,1,Pedestrian
0,258.0,453.0,330.0,510.0,6108,0,0,1,Pedestrian
0,258.0,453.0,330.0,510.0,6109,0,0,1,Pedestrian
0,258.0,455.0,330.0,510.0,6110,0,0,1,Pedestrian
0,255.0,455.0,327.0,512.0,6111,0,0,1,Pedestrian
0,255.0,457.0,327.0,512.0,6112,0,0,1,Pedestrian
0,255.0,457.0,327.0,514.0,6113,0,0,1,Pedestrian
0,255.0,457.0,327.0,514.0,6114,0,0,1,Pedestrian
0,253.0,459.0,327.0,514.0,6115,0,0,1,Pedestrian
0,253.0,459.0,324.0,516.0,6116,0,0,1,Pedestrian
0,253.0,462.0,324.0,516.0,6117,0,0,1,Pedestrian
0,250.0,462.0,324.0,519.0,6118,0,0,1,Pedestrian
0,250.0,462.0,324.0,519.0,6119,0,0,1,Pedestrian
0,250.0,464.0,321.0,521.0,6120,0,0,1,Pedestrian
0,250.0,464.0,321.0,521.0,6121,0,0,1,Pedestrian
0,247.0,466.0,321.0,521.0,6122,0,0,1,Pedestrian
0,247.0,466.0,321.0,523.0,6123,0,0,1,Pedestrian
0,247.0,466.0,321.0,523.0,6124,0,0,1,Pedestrian
0,247.0,469.0,319.0,526.0,6125,0,0,1,Pedestrian
0,244.0,469.0,319.0,526.0,6126,0,0,1,Pedestrian
0,244.0,471.0,319.0,528.0,6127,0,0,1,Pedestrian
0,244.0,471.0,319.0,528.0,6128,0,0,1,Pedestrian
0,244.0,473.0,319.0,528.0,6129,0,0,1,Pedestrian
0,242.0,473.0,316.0,530.0,6130,0,0,1,Pedestrian
0,242.0,473.0,316.0,530.0,6131,0,0,1,Pedestrian
0,242.0,475.0,316.0,532.0,6132,0,0,1,Pedestrian
0,242.0,475.0,316.0,532.0,6133,0,0,1,Pedestrian
0,239.0,478.0,316.0,535.0,6134,0,0,1,Pedestrian
0,239.0,478.0,313.0,535.0,6135,0,0,1,Pedestrian
0,239.0,478.0,313.0,535.0,6136,0,0,1,Pedestrian
0,236.0,480.0,313.0,537.0,6137,0,0,1,Pedestrian
0,236.0,480.0,313.0,537.0,6138,0,0,1,Pedestrian
0,236.0,482.0,313.0,539.0,6139,0,0,1,Pedestrian
0,236.0,482.0,310.0,539.0,6140,0,0,1,Pedestrian
0,233.0,482.0,310.0,541.0,6141,0,0,1,Pedestrian
0,233.0,485.0,310.0,541.0,6142,0,0,1,Pedestrian
0,233.0,485.0,310.0,541.0,6143,0,0,1,Pedestrian
0,233.0,487.0,308.0,544.0,6144,0,0,1,Pedestrian
0,231.0,487.0,308.0,544.0,6145,0,0,1,Pedestrian
0,231.0,487.0,308.0,546.0,6146,0,0,1,Pedestrian
0,231.0,489.0,308.0,546.0,6147,0,0,1,Pedestrian
0,231.0,489.0,308.0,548.0,6148,0,0,1,Pedestrian
0,228.0,491.0,305.0,548.0,6149,0,0,1,Pedestrian
0,228.0,491.0,305.0,548.0,6150,0,0,1,Pedestrian
0,228.0,494.0,305.0,551.0,6151,0,0,1,Pedestrian
0,228.0,494.0,305.0,551.0,6152,0,0,1,Pedestrian
0,225.0,494.0,305.0,553.0,6153,0,0,1,Pedestrian
0,225.0,496.0,302.0,553.0,6154,0,0,1,Pedestrian
0,225.0,496.0,302.0,555.0,6155,0,0,1,Pedestrian
0,222.0,498.0,302.0,555.0,6156,0,0,1,Pedestrian
0,222.0,498.0,302.0,555.0,6157,0,0,1,Pedestrian
0,222.0,498.0,302.0,557.0,6158,0,0,1,Pedestrian
0,222.0,500.0,299.0,557.0,6159,0,0,1,Pedestrian
0,220.0,500.0,299.0,560.0,6160,0,0,1,Pedestrian
0,220.0,503.0,299.0,560.0,6161,0,0,1,Pedestrian
0,220.0,503.0,299.0,562.0,6162,0,0,1,Pedestrian
0,220.0,503.0,299.0,562.0,6163,0,0,1,Pedestrian
0,217.0,505.0,297.0,562.0,6164,0,0,1,Pedestrian
0,217.0,505.0,297.0,564.0,6165,0,0,1,Pedestrian
0,217.0,507.0,297.0,564.0,6166,0,0,1,Pedestrian
0,217.0,507.0,297.0,566.0,6167,0,0,1,Pedestrian
0,214.0,510.0,294.0,566.0,6168,0,0,1,Pedestrian
0,214.0,510.0,294.0,566.0,6169,0,0,1,Pedestrian
0,214.0,510.0,294.0,569.0,6170,0,0,1,Pedestrian
0,214.0,512.0,294.0,569.0,6171,0,0,1,Pedestrian
0,211.0,512.0,294.0,571.0,6172,0,0,1,Pedestrian
0,211.0,514.0,291.0,571.0,6173,0,0,1,Pedestrian
0,211.0,514.0,291.0,573.0,6174,0,0,1,Pedestrian
0,211.0,514.0,291.0,573.0,6175,0,0,1,Pedestrian
0,209.0,516.0,291.0,573.0,6176,0,0,1,Pedestrian
0,209.0,516.0,291.0,576.0,6177,0,0,1,Pedestrian
0,209.0,519.0,288.0,576.0,6178,0,0,1,Pedestrian
0,206.0,519.0,288.0,578.0,6179,0,0,1,Pedestrian
0,206.0,519.0,288.0,578.0,6180,0,0,1,Pedestrian
0,206.0,521.0,288.0,580.0,6181,0,0,1,Pedestrian
0,206.0,521.0,288.0,580.0,6182,0,0,1,Pedestrian
0,203.0,523.0,286.0,580.0,6183,0,0,1,Pedestrian
0,203.0,523.0,286.0,582.0,6184,0,0,1,Pedestrian
0,203.0,526.0,286.0,582.0,6185,0,0,1,Pedestrian
0,203.0,526.0,286.0,585.0,6186,0,0,1,Pedestrian
0,200.0,526.0,286.0,585.0,6187,0,0,1,Pedestrian
0,200.0,528.0,283.0,587.0,6188,0,0,1,Pedestrian
0,200.0,528.0,283.0,587.0,6189,0,0,1,Pedestrian
0,200.0,530.0,283.0,587.0,6190,0,0,1,Pedestrian
0,198.0,530.0,283.0,589.0,6191,0,0,1,Pedestrian
0,198.0,530.0,280.0,589.0,6192,0,0,1,Pedestrian
0,198.0,532.0,280.0,592.0,6193,0,0,1,Pedestrian
0,198.0,532.0,280.0,592.0,6194,0,0,1,Pedestrian
0,195.0,535.0,280.0,594.0,6195,0,0,1,Pedestrian
0,195.0,535.0,280.0,594.0,6196,0,0,1,Pedestrian
0,195.0,535.0,277.0,594.0,6197,0,0,1,Pedestrian
0,192.0,537.0,277.0,596.0,6198,0,0,1,Pedestrian
0,192.0,537.0,277.0,596.0,6199,0,0,1,Pedestrian
0,192.0,539.0,277.0,598.0,6200,0,0,1,Pedestrian
0,192.0,539.0,277.0,598.0,6201,0,0,1,Pedestrian
0,189.0,539.0,275.0,601.0,6202,0,0,1,Pedestrian
0,189.0,541.0,275.0,601.0,6203,0,0,1,Pedestrian
0,189.0,541.0,275.0,601.0,6204,0,0,1,Pedestrian
0,189.0,544.0,275.0,603.0,6205,0,0,1,Pedestrian
0,187.0,544.0,275.0,603.0,6206,0,0,1,Pedestrian
0,187.0,546.0,272.0,605.0,6207,0,0,1,Pedestrian
0,187.0,546.0,272.0,605.0,6208,0,0,1,Pedestrian
0,187.0,546.0,272.0,607.0,6209,0,0,1,Pedestrian
0,184.0,548.0,272.0,607.0,6210,0,0,1,Pedestrian
0,184.0,548.0,272.0,607.0,6211,0,0,1,Pedestrian
0,184.0,551.0,269.0,610.0,6212,0,0,1,Pedestrian
0,184.0,551.0,269.0,610.0,6213,0,0,1,Pedestrian
0,181.0,551.0,269.0,612.0,6214,0,0,1,Pedestrian
0,181.0,553.0,269.0,612.0,6215,0,0,1,Pedestrian
0,181.0,553.0,266.0,614.0,6216,0,0,1,Pedestrian
0,178.0,555.0,266.0,614.0,6217,0,0,1,Pedestrian
0,178.0,555.0,266.0,614.0,6218,0,0,1,Pedestrian
0,178.0,555.0,266.0,617.0,6219,0,0,1,Pedestrian
0,178.0,557.0,266.0,617.0,6220,0,0,1,Pedestrian
0,176.0,557.0,264.0,619.0,6221,0,0,1,Pedestrian
0,176.0,560.0,264.0,619.0,6222,0,0,1,Pedestrian
0,176.0,560.0,264.0,619.0,6223,0,0,1,Pedestrian
0,176.0,562.0,264.0,621.0,6224,0,0,1,Pedestrian
0,173.0,562.0,264.0,621.0,6225,0,0,1,Pedestrian
0,173.0,562.0,261.0,623.0,6226,0,0,1,Pedestrian
0,173.0,564.0,261.0,623.0,6227,0,0,1,Pedestrian
0,173.0,564.0,261.0,626.0,6228,0,0,1,Pedestrian
0,170.0,566.0,261.0,626.0,6229,0,0,1,Pedestrian
0,170.0,566.0,261.0,626.0,6230,0,0,1,Pedestrian
0,170.0,566.0,258.0,628.0,6231,0,0,1,Pedestrian
0,170.0,569.0,258.0,628.0,6232,0,0,1,Pedestrian
0,167.0,569.0,258.0,630.0,6233,0,0,1,Pedestrian
0,167.0,571.0,258.0,630.0,6234,0,0,1,Pedestrian
0,167.0,571.0,258.0,633.0,6235,0,0,1,Pedestrian
0,165.0,571.0,255.0,633.0,6236,0,0,1,Pedestrian
0,165.0,573.0,255.0,633.0,6237,0,0,1,Pedestrian
0,165.0,573.0,255.0,635.0,6238,0,0,1,Pedestrian
0,165.0,576.0,255.0,635.0,6239,0,0,1,Pedestrian
0,162.0,576.0,253.0,637.0,6240,0,0,1,Pedestrian
0,162.0,578.0,253.0,637.0,6241,0,0,1,Pedestrian
0,162.0,578.0,253.0,639.0,6242,0,0,1,Pedestrian
0,162.0,578.0,253.0,639.0,6243,0,0,1,Pedestrian
0,159.0,580.0,253.0,639.0,6244,0,0,1,Pedestrian
0,159.0,580.0,250.0,642.0,6245,0,0,1,Pedestrian
0,159.0,582.0,250.0,642.0,6246,0,0,1,Pedestrian
0,159.0,582.0,250.0,644.0,6247,0,0,1,Pedestrian
0,156.0,582.0,250.0,644.0,6248,0,0,1,Pedestrian
0,156.0,585.0,250.0,646.0,6249,0,0,1,Pedestrian
0,156.0,585.0,247.0,646.0,6250,0,0,1,Pedestrian
0,156.0,587.0,247.0,646.0,6251,0,0,1,Pedestrian
0,154.0,587.0,247.0,648.0,6252,0,0,1,Pedestrian
0,154.0,587.0,247.0,648.0,6253,0,0,1,Pedestrian
0,154.0,589.0,247.0,651.0,6254,0,0,1,Pedestrian
0,151.0,589.0,244.0,651.0,6255,0,0,1,Pedestrian
0,151.0,592.0,244.0,653.0,6256,0,0,1,Pedestrian
0,151.0,592.0,244.0,653.0,6257,0,0,1,Pedestrian
0,151.0,594.0,244.0,653.0,6258,0,0,1,Pedestrian
0,148.0,594.0,244.0,655.0,6259,0,0,1,Pedestrian
0,148.0,594.0,242.0,655.0,6260,0,0,1,Pedestrian
0,148.0,596.0,242.0,658.0,6261,0,0,1,Pedestrian
0,148.0,596.0,242.0,658.0,6262,0,0,1,Pedestrian
0,145.0,598.0,242.0,660.0,6263,0,0,1,Pedestrian
0,145.0,598.0,239.0,660.0,6264,0,0,1,Pedestrian
0,145.0,598.0,239.0,660.0,6265,0,0,1,Pedestrian
0,145.0,601.0,239.0,662.0,6266,0,0,1,Pedestrian
0,143.0,601.0,239.0,662.0,6267,0,0,1,Pedestrian
0,143.0,603.0,239.0,664.0,6268,0,0,1,Pedestrian
0,143.0,603.0,236.0,664.0,6269,0,0,1,Pedestrian
0,143.0,603.0,236.0,667.0,6270,0,0,1,Pedestrian
0,140.0,605.0,236.0,667.0,6271,0,0,1,Pedestrian
0,140.0,605.0,236.0,667.0,6272,0,0,1,Pedestrian
0,140.0,607.0,236.0,669.0,6273,0,0,1,Pedestrian
0,137.0,607.0,233.0,669.0,6274,0,0,1,Pedestrian
0,137.0,607.0,233.0,671.0,6275,0,0,1,Pedestrian
0,137.0,610.0,233.0,671.0,6276,0,0,1,Pedestrian
0,137.0,610.0,233.0,671.0,6277,0,0,1,Pedestrian
0,134.0,612.0,233.0,674.0,6278,0,0,1,Pedestrian
0,134.0,612.0,231.0,674.0,6279,0,0,1,Pedestrian
0,134.0,614.0,231.0,676.0,6280,0,0,1,Pedestrian
0,134.0,614.0,231.0,676.0,6281,0,0,1,Pedestrian
0,132.0,614.0,231.0,678.0,6282,0,0,1,Pedestrian
0,132.0,617.0,231.0,678.0,6283,0,0,1,Pedestrian
0,132.0,617.0,228.0,678.0,6284,0,0,1,Pedestrian
0,132.0,619.0,228.0,680.0,6285,0,0,1,Pedestrian
0,129.0,619.0,228.0,680.0,6286,0,0,1,Pedestrian
0,129.0,619.0,228.0,683.0,6287,0,0,1,Pedestrian
0,129.0,621.0,225.0,683.0,6288,0,0,1,Pedestrian
0,129.0,621.0,225.0,685.0,6289,0,0,1,Pedestrian
0,126.0,623.0,225.0,685.0,6290,0,0,1,Pedestrian
0,126.0,623.0,225.0,685.0,6291,0,0,1,Pedestrian
0,126.0,623.0,225.0,687.0,6292,0,0,1,Pedestrian
0,123.0,626.0,222.0,687.0,6293,0,0,1,Pedestrian
0,123.0,626.0,222.0,689.0,6294,0,0,1,Pedestrian
0,123.0,628.0,222.0,689.0,6295,0,0,1,Pedestrian
0,123.0,628.0,222.0,692.0,6296,0,0,1,Pedestrian
0,121.0,630.0,222.0,692.0,6297,0,0,1,Pedestrian
0,121.0,630.0,220.0,692.0,6298,0,0,1,Pedestrian
0,121.0,630.0,220.0,694.0,6299,0,0,1,Pedestrian
0,121.0,633.0,220.0,694.0,6300,0,0,1,Pedestrian
0,118.0,633.0,220.0,696.0,6301,0,0,1,Pedestrian
0,118.0,635.0,220.0,696.0,6302,0,0,1,Pedestrian
0,118.0,635.0,217.0,699.0,6303,0,0,1,Pedestrian
0,118.0,635.0,217.0,699.0,6304,0,0,1,Pedestrian
0,115.0,637.0,217.0,699.0,6305,0,0,1,Pedestrian
0,115.0,637.0,217.0,701.0,6306,0,0,1,Pedestrian
0,115.0,639.0,217.0,701.0,6307,0,0,1,Pedestrian
0,115.0,639.0,214.0,703.0,6308,0,0,1,Pedestrian
0,112.0,639.0,214.0,703.0,6309,0,0,1,Pedestrian
0,112.0,642.0,214.0,705.0,6310,0,0,1,Pedestrian
0,112.0,642.0,214.0,705.0,6311,0,0,1,Pedestrian
0,110.0,644.0,211.0,705.0,6312,0,0,1,Pedestrian
0,110.0,644.0,211.0,708.0,6313,0,0,1,Pedestrian
0,110.0,646.0,211.0,708.0,6314,0,0,1,Pedestrian
0,110.0,646.0,211.0,710.0,6315,0,0,1,Pedestrian
0,107.0,646.0,211.0,710.0,6316,0,0,1,Pedestrian
0,107.0,648.0,209.0,712.0,6317,0,0,1,Pedestrian
0,107.0,648.0,209.0,712.0,6318,0,0,1,Pedestrian
0,107.0,651.0,209.0,712.0,6319,0,0,1,Pedestrian
0,104.0,651.0,209.0,715.0,6320,0,0,1,Pedestrian
0,104.0,651.0,209.0,715.0,6321,0,0,1,Pedestrian
0,104.0,653.0,206.0,717.0,6322,0,0,1,Pedestrian
0,104.0,653.0,206.0,717.0,6323,0,0,1,Pedestrian
0,101.0,655.0,206.0,719.0,6324,0,0,1,Pedestrian
0,101.0,655.0,206.0,719.0,6325,0,0,1,Pedestrian
0,101.0,655.0,206.0,719.0,6326,0,0,1,Pedestrian
0,101.0,658.0,203.0,721.0,6327,0,0,1,Pedestrian
0,99.0,658.0,203.0,721.0,6328,0,0,1,Pedestrian
0,99.0,660.0,203.0,724.0,6329,0,0,1,Pedestrian
0,99.0,660.0,203.0,724.0,6330,0,0,1,Pedestrian
0,99.0,662.0,203.0,726.0,6331,0,0,0,Pedestrian
0,96.0,662.0,200.0,726.0,6332,0,0,1,Pedestrian
0,96.0,662.0,200.0,726.0,6333,0,0,1,Pedestrian
0,93.0,662.0,198.0,726.0,6334,0,0,1,Pedestrian
0,93.0,662.0,198.0,726.0,6335,0,0,1,Pedestrian
0,93.0,662.0,198.0,726.0,6336,0,0,1,Pedestrian
0,90.0,662.0,195.0,726.0,6337,0,0,1,Pedestrian
0,90.0,662.0,195.0,726.0,6338,0,0,1,Pedestrian
0,90.0,662.0,195.0,726.0,6339,0,0,1,Pedestrian
0,88.0,662.0,192.0,726.0,6340,0,0,1,Pedestrian
0,88.0,662.0,192.0,726.0,6341,0,0,1,Pedestrian
0,88.0,662.0,192.0,726.0,6342,0,0,1,Pedestrian
0,85.0,662.0,189.0,726.0,6343,0,0,1,Pedestrian
0,85.0,662.0,189.0,726.0,6344,0,0,1,Pedestrian
0,85.0,662.0,189.0,726.0,6345,0,0,1,Pedestrian
0,82.0,662.0,187.0,726.0,6346,0,0,1,Pedestrian
0,82.0,662.0,187.0,726.0,6347,0,0,1,Pedestrian
0,82.0,662.0,187.0,726.0,6348,0,0,1,Pedestrian
0,79.0,662.0,184.0,726.0,6349,0,0,1,Pedestrian
0,79.0,662.0,184.0,726.0,6350,0,0,1,Pedestrian
0,79.0,664.0,184.0,728.0,6351,0,0,1,Pedestrian
0,77.0,664.0,181.0,728.0,6352,0,0,1,Pedestrian
0,77.0,664.0,181.0,728.0,6353,0,0,1,Pedestrian
0,74.0,664.0,178.0,728.0,6354,0,0,1,Pedestrian
0,74.0,664.0,178.0,728.0,6355,0,0,1,Pedestrian
0,74.0,664.0,178.0,728.0,6356,0,0,1,Pedestrian
0,71.0,664.0,176.0,728.0,6357,0,0,1,Pedestrian
0,71.0,664.0,176.0,728.0,6358,0,0,1,Pedestrian
0,71.0,664.0,176.0,728.0,6359,0,0,1,Pedestrian
0,68.0,664.0,173.0,728.0,6360,0,0,1,Pedestrian
0,68.0,664.0,173.0,728.0,6361,0,0,1,Pedestrian
0,68.0,664.0,173.0,728.0,6362,0,0,1,Pedestrian
0,66.0,664.0,170.0,728.0,6363,0,0,1,Pedestrian
0,66.0,664.0,170.0,728.0,6364,0,0,1,Pedestrian
0,66.0,664.0,170.0,728.0,6365,0,0,1,Pedestrian
0,63.0,664.0,167.0,728.0,6366,0,0,1,Pedestrian
0,63.0,664.0,167.0,728.0,6367,0,0,1,Pedestrian
0,63.0,664.0,167.0,728.0,6368,0,0,1,Pedestrian
0,60.0,664.0,165.0,728.0,6369,0,0,1,Pedestrian
0,60.0,664.0,165.0,728.0,6370,0,0,1,Pedestrian
0,60.0,667.0,165.0,730.0,6371,0,0,0,Pedestrian
0,57.0,667.0,162.0,730.0,6372,0,0,1,Pedestrian
0,57.0,667.0,162.0,730.0,6373,0,0,1,Pedestrian
0,57.0,667.0,162.0,730.0,6374,0,0,1,Pedestrian
0,55.0,667.0,159.0,730.0,6375,0,0,1,Pedestrian
0,55.0,669.0,159.0,733.0,6376,0,0,1,Pedestrian
0,55.0,669.0,159.0,733.0,6377,0,0,1,Pedestrian
0,52.0,669.0,156.0,733.0,6378,0,0,1,Pedestrian
0,52.0,669.0,156.0,733.0,6379,0,0,1,Pedestrian
0,52.0,669.0,156.0,733.0,6380,0,0,1,Pedestrian
0,49.0,671.0,154.0,735.0,6381,0,0,1,Pedestrian
0,49.0,671.0,154.0,735.0,6382,0,0,1,Pedestrian
0,49.0,671.0,154.0,735.0,6383,0,0,1,Pedestrian
0,46.0,671.0,151.0,735.0,6384,0,0,1,Pedestrian
0,46.0,674.0,151.0,737.0,6385,0,0,1,Pedestrian
0,46.0,674.0,151.0,737.0,6386,0,0,1,Pedestrian
0,44.0,674.0,148.0,737.0,6387,0,0,1,Pedestrian
0,44.0,674.0,148.0,737.0,6388,0,0,1,Pedestrian
0,44.0,674.0,148.0,737.0,6389,0,0,1,Pedestrian
0,44.0,676.0,145.0,740.0,6390,0,0,1,Pedestrian
0,41.0,676.0,145.0,740.0,6391,0,0,1,Pedestrian
0,41.0,676.0,145.0,740.0,6392,0,0,1,Pedestrian
0,41.0,676.0,143.0,740.0,6393,0,0,1,Pedestrian
0,38.0,676.0,143.0,740.0,6394,0,0,1,Pedestrian
0,38.0,678.0,143.0,742.0,6395,0,0,1,Pedestrian
0,38.0,678.0,140.0,742.0,6396,0,0,1,Pedestrian
0,35.0,678.0,140.0,742.0,6397,0,0,1,Pedestrian
0,35.0,678.0,140.0,742.0,6398,0,0,1,Pedestrian
0,35.0,680.0,137.0,744.0,6399,0,0,1,Pedestrian
0,33.0,680.0,137.0,744.0,6400,0,0,1,Pedestrian
0,33.0,680.0,137.0,744.0,6401,0,0,1,Pedestrian
0,33.0,680.0,134.0,744.0,6402,0,0,1,Pedestrian
0,30.0,680.0,134.0,744.0,6403,0,0,1,Pedestrian
0,30.0,683.0,134.0,746.0,6404,0,0,1,Pedestrian
0,30.0,683.0,132.0,746.0,6405,0,0,1,Pedestrian
0,30.0,683.0,132.0,746.0,6406,0,0,1,Pedestrian
0,27.0,683.0,132.0,746.0,6407,0,0,1,Pedestrian
0,27.0,683.0,129.0,746.0,6408,0,0,1,Pedestrian
0,27.0,685.0,129.0,749.0,6409,0,0,1,Pedestrian
0,24.0,685.0,129.0,749.0,6410,0,0,1,Pedestrian
0,24.0,685.0,126.0,749.0,6411,0,0,1,Pedestrian
0,24.0,685.0,126.0,749.0,6412,0,0,1,Pedestrian
0,22.0,687.0,126.0,751.0,6413,0,0,1,Pedestrian
0,22.0,687.0,123.0,751.0,6414,0,0,1,Pedestrian
0,22.0,687.0,123.0,751.0,6415,0,0,1,Pedestrian
0,19.0,687.0,123.0,751.0,6416,0,0,1,Pedestrian
0,19.0,687.0,121.0,751.0,6417,0,0,1,Pedestrian
0,19.0,689.0,121.0,753.0,6418,0,0,1,Pedestrian
0,16.0,689.0,121.0,753.0,6419,0,0,1,Pedestrian
0,16.0,689.0,118.0,753.0,6420,0,0,1,Pedestrian
0,16.0,689.0,118.0,753.0,6421,0,0,1,Pedestrian
0,13.0,689.0,118.0,753.0,6422,0,0,1,Pedestrian
0,13.0,692.0,115.0,755.0,6423,0,0,1,Pedestrian
0,13.0,692.0,115.0,755.0,6424,0,0,1,Pedestrian
0,13.0,692.0,115.0,755.0,6425,0,0,1,Pedestrian
0,11.0,692.0,112.0,755.0,6426,0,0,1,Pedestrian
0,11.0,694.0,112.0,758.0,6427,0,0,1,Pedestrian
0,11.0,694.0,112.0,758.0,6428,0,0,1,Pedestrian
0,8.0,694.0,110.0,758.0,6429,0,0,1,Pedestrian
0,8.0,694.0,110.0,758.0,6430,0,0,1,Pedestrian
0,8.0,694.0,110.0,758.0,6431,0,0,1,Pedestrian
0,5.0,696.0,107.0,760.0,6432,0,0,1,Pedestrian
0,5.0,696.0,107.0,760.0,6433,0,0,1,Pedestrian
0,5.0,696.0,107.0,760.0,6434,0,0,1,Pedestrian
0,2.0,696.0,104.0,760.0,6435,0,0,1,Pedestrian
0,2.0,696.0,104.0,760.0,6436,0,0,1,Pedestrian
0,2.0,699.0,104.0,762.0,6437,0,0,1,Pedestrian
0,0.0,699.0,101.0,762.0,6438,0,0,1,Pedestrian
0,0.0,699.0,101.0,762.0,6439,0,0,1,Pedestrian
0,0.0,699.0,101.0,762.0,6440,0,0,1,Pedestrian
0,0.0,701.0,101.0,765.0,6441,0,0,0,Pedestrian
0,0.0,701.0,99.0,765.0,6442,0,0,1,Pedestrian
0,0.0,701.0,99.0,765.0,6443,0,0,1,Pedestrian
0,0.0,701.0,99.0,765.0,6444,0,0,1,Pedestrian
0,0.0,701.0,99.0,765.0,6445,0,0,1,Pedestrian
0,0.0,701.0,99.0,765.0,6446,0,0,1,Pedestrian
0,0.0,701.0,99.0,765.0,6447,0,0,1,Pedestrian
0,0.0,701.0,99.0,765.0,6448,0,0,1,Pedestrian
0,0.0,701.0,96.0,765.0,6449,0,0,1,Pedestrian
0,0.0,701.0,96.0,765.0,6450,0,0,1,Pedestrian
0,0.0,701.0,96.0,765.0,6451,0,0,1,Pedestrian
0,0.0,701.0,96.0,765.0,6452,0,0,1,Pedestrian
0,0.0,701.0,96.0,765.0,6453,0,0,1,Pedestrian
0,0.0,701.0,96.0,765.0,6454,0,0,1,Pedestrian
0,0.0,701.0,96.0,765.0,6455,0,0,1,Pedestrian
0,0.0,701.0,93.0,765.0,6456,0,0,1,Pedestrian
0,0.0,701.0,93.0,765.0,6457,0,0,1,Pedestrian
0,0.0,701.0,93.0,765.0,6458,0,0,1,Pedestrian
0,0.0,701.0,93.0,765.0,6459,0,0,1,Pedestrian
0,0.0,701.0,93.0,765.0,6460,0,0,1,Pedestrian
0,0.0,701.0,93.0,765.0,6461,0,0,1,Pedestrian
0,0.0,701.0,93.0,765.0,6462,0,0,1,Pedestrian
0,0.0,701.0,93.0,765.0,6463,0,0,1,Pedestrian
0,0.0,701.0,90.0,765.0,6464,0,0,1,Pedestrian
0,0.0,701.0,90.0,765.0,6465,0,0,1,Pedestrian
0,0.0,701.0,90.0,765.0,6466,0,0,1,Pedestrian
0,0.0,701.0,90.0,765.0,6467,0,0,1,Pedestrian
0,0.0,701.0,90.0,765.0,6468,0,0,1,Pedestrian
0,0.0,701.0,90.0,765.0,6469,0,0,1,Pedestrian
0,0.0,701.0,90.0,765.0,6470,0,0,1,Pedestrian
0,0.0,703.0,88.0,767.0,6471,0,0,1,Pedestrian
0,0.0,703.0,88.0,767.0,6472,0,0,1,Pedestrian
0,0.0,703.0,88.0,767.0,6473,0,0,1,Pedestrian
0,0.0,703.0,88.0,767.0,6474,0,0,1,Pedestrian
0,0.0,703.0,88.0,767.0,6475,0,0,1,Pedestrian
0,0.0,703.0,88.0,767.0,6476,0,0,1,Pedestrian
0,0.0,703.0,88.0,767.0,6477,0,0,1,Pedestrian
0,0.0,703.0,85.0,767.0,6478,0,0,1,Pedestrian
0,0.0,703.0,85.0,767.0,6479,0,0,1,Pedestrian
0,0.0,703.0,85.0,767.0,6480,0,0,1,Pedestrian
0,0.0,703.0,85.0,767.0,6481,0,0,1,Pedestrian
0,0.0,703.0,85.0,767.0,6482,0,0,1,Pedestrian
0,0.0,703.0,85.0,767.0,6483,0,0,1,Pedestrian
0,0.0,703.0,85.0,767.0,6484,0,0,1,Pedestrian
0,0.0,703.0,85.0,767.0,6485,0,0,1,Pedestrian
0,0.0,703.0,82.0,767.0,6486,0,0,1,Pedestrian
0,0.0,703.0,82.0,767.0,6487,0,0,1,Pedestrian
0,0.0,703.0,82.0,767.0,6488,0,0,1,Pedestrian
0,0.0,703.0,82.0,767.0,6489,0,0,1,Pedestrian
0,0.0,703.0,82.0,767.0,6490,0,0,1,Pedestrian
0,0.0,703.0,82.0,767.0,6491,0,0,1,Pedestrian
0,0.0,703.0,82.0,767.0,6492,0,0,1,Pedestrian
0,0.0,703.0,79.0,767.0,6493,0,0,1,Pedestrian
0,0.0,703.0,79.0,767.0,6494,0,0,1,Pedestrian
0,0.0,703.0,79.0,767.0,6495,0,0,1,Pedestrian
0,0.0,703.0,79.0,767.0,6496,0,0,1,Pedestrian
0,0.0,703.0,79.0,767.0,6497,0,0,1,Pedestrian
0,0.0,703.0,79.0,767.0,6498,0,0,1,Pedestrian
0,0.0,703.0,79.0,767.0,6499,0,0,1,Pedestrian
0,0.0,705.0,79.0,769.0,6500,0,0,0,Pedestrian
0,0.0,705.0,77.0,769.0,6501,0,0,1,Pedestrian
0,0.0,705.0,74.0,769.0,6502,0,0,1,Pedestrian
0,0.0,705.0,71.0,769.0,6503,0,0,1,Pedestrian
0,0.0,708.0,71.0,771.0,6504,0,0,1,Pedestrian
0,0.0,708.0,68.0,771.0,6505,0,0,1,Pedestrian
0,0.0,708.0,66.0,771.0,6506,0,0,1,Pedestrian
0,0.0,710.0,63.0,774.0,6507,0,0,1,Pedestrian
0,0.0,710.0,63.0,774.0,6508,0,0,1,Pedestrian
0,0.0,710.0,60.0,774.0,6509,0,0,1,Pedestrian
0,0.0,712.0,57.0,774.0,6510,0,0,1,Pedestrian
0,0.0,712.0,55.0,776.0,6511,0,0,1,Pedestrian
0,0.0,712.0,55.0,776.0,6512,0,0,1,Pedestrian
0,0.0,715.0,52.0,776.0,6513,0,0,1,Pedestrian
0,0.0,715.0,49.0,778.0,6514,0,0,1,Pedestrian
0,0.0,715.0,46.0,778.0,6515,0,0,1,Pedestrian
0,0.0,717.0,46.0,778.0,6516,0,0,1,Pedestrian
0,0.0,717.0,44.0,778.0,6517,0,0,1,Pedestrian
0,0.0,717.0,41.0,781.0,6518,0,0,1,Pedestrian
0,0.0,719.0,38.0,781.0,6519,0,0,1,Pedestrian
0,0.0,719.0,38.0,781.0,6520,0,0,1,Pedestrian
0,0.0,719.0,35.0,783.0,6521,0,0,1,Pedestrian
0,0.0,721.0,33.0,783.0,6522,0,0,1,Pedestrian
0,0.0,721.0,30.0,783.0,6523,0,0,1,Pedestrian
0,0.0,721.0,30.0,783.0,6524,0,0,1,Pedestrian
0,0.0,724.0,27.0,785.0,6525,0,0,1,Pedestrian
0,0.0,724.0,24.0,785.0,6526,0,0,1,Pedestrian
0,0.0,724.0,22.0,785.0,6527,0,0,1,Pedestrian
0,0.0,726.0,22.0,787.0,6528,1,0,0,Pedestrian
0,0.0,726.0,22.0,787.0,6529,1,0,1,Pedestrian
0,0.0,726.0,22.0,787.0,6530,1,0,1,Pedestrian
0,0.0,726.0,22.0,787.0,6531,1,0,1,Pedestrian
0,0.0,726.0,22.0,787.0,6532,1,0,1,Pedestrian
0,0.0,726.0,22.0,787.0,6533,1,0,1,Pedestrian
0,0.0,726.0,22.0,787.0,6534,1,0,0,Pedestrian
0,0.0,726.0,22.0,787.0,6535,1,0,1,Pedestrian
0,0.0,726.0,22.0,787.0,6536,1,0,1,Pedestrian
0,0.0,726.0,22.0,787.0,6537,1,0,1,Pedestrian
0,0.0,726.0,22.0,787.0,6538,1,0,1,Pedestrian
0,0.0,726.0,22.0,787.0,6539,1,0,1,Pedestrian
0,0.0,726.0,22.0,787.0,6540,1,0,1,Pedestrian
0,0.0,726.0,22.0,787.0,6541,1,0,1,Pedestrian
0,0.0,726.0,22.0,787.0,6542,1,0,1,Pedestrian
0,0.0,726.0,22.0,787.0,6543,1,0,1,Pedestrian
0,0.0,726.0,22.0,787.0,6544,1,0,1,Pedestrian
0,0.0,726.0,22.0,787.0,6545,1,0,1,Pedestrian
0,0.0,726.0,22.0,787.0,6546,1,0,1,Pedestrian
0,0.0,726.0,22.0,787.0,6547,1,0,1,Pedestrian
0,0.0,726.0,22.0,787.0,6548,1,0,1,Pedestrian
0,0.0,726.0,22.0,787.0,6549,1,0,1,Pedestrian
0,0.0,726.0,22.0,787.0,6550,1,0,1,Pedestrian
0,0.0,726.0,22.0,787.0,6551,1,0,1,Pedestrian
0,0.0,726.0,22.0,787.0,6552,1,0,1,Pedestrian
0,0.0,726.0,22.0,787.0,6553,1,0,1,Pedestrian
0,0.0,726.0,22.0,787.0,6554,1,0,1,Pedestrian
0,0.0,726.0,22.0,787.0,6555,1,0,1,Pedestrian
0,0.0,726.0,22.0,787.0,6556,1,0,1,Pedestrian
0,0.0,726.0,22.0,787.0,6557,1,0,1,Pedestrian
0,0.0,726.0,22.0,787.0,6558,1,0,1,Pedestrian
0,0.0,726.0,22.0,787.0,6559,1,0,1,Pedestrian
0,0.0,726.0,22.0,787.0,6560,1,0,1,Pedestrian
0,0.0,726.0,22.0,787.0,6561,1,0,1,Pedestrian
0,0.0,726.0,22.0,787.0,6562,1,0,1,Pedestrian
0,0.0,726.0,22.0,787.0,6563,1,0,1,Pedestrian
0,0.0,726.0,22.0,787.0,6564,1,0,1,Pedestrian
0,0.0,726.0,22.0,787.0,6565,1,0,1,Pedestrian
0,0.0,726.0,22.0,787.0,6566,1,0,1,Pedestrian
0,0.0,726.0,22.0,787.0,6567,1,0,1,Pedestrian
0,0.0,726.0,22.0,787.0,6568,1,0,1,Pedestrian
0,0.0,726.0,22.0,787.0,6569,1,0,1,Pedestrian
0,0.0,726.0,22.0,787.0,6570,1,0,1,Pedestrian
0,0.0,726.0,22.0,787.0,6571,1,0,1,Pedestrian
0,0.0,726.0,22.0,787.0,6572,1,0,1,Pedestrian
0,0.0,726.0,22.0,787.0,6573,1,0,1,Pedestrian
0,0.0,726.0,22.0,787.0,6574,1,0,1,Pedestrian
0,0.0,726.0,22.0,787.0,6575,1,0,1,Pedestrian
0,0.0,726.0,22.0,787.0,6576,1,0,1,Pedestrian
0,0.0,726.0,22.0,787.0,6577,1,0,1,Pedestrian
0,0.0,726.0,22.0,787.0,6578,1,0,1,Pedestrian
0,0.0,726.0,22.0,787.0,6579,1,0,1,Pedestrian
0,0.0,726.0,22.0,787.0,6580,1,0,1,Pedestrian
0,0.0,726.0,22.0,787.0,6581,1,0,1,Pedestrian
0,0.0,726.0,22.0,787.0,6582,1,0,1,Pedestrian
0,0.0,726.0,22.0,787.0,6583,1,0,1,Pedestrian
0,0.0,726.0,22.0,787.0,6584,1,0,1,Pedestrian
0,0.0,726.0,22.0,787.0,6585,1,0,1,Pedestrian
0,0.0,726.0,22.0,787.0,6586,1,0,1,Pedestrian
0,0.0,726.0,22.0,787.0,6587,1,0,1,Pedestrian
0,0.0,726.0,22.0,787.0,6588,1,0,1,Pedestrian
0,0.0,726.0,22.0,787.0,6589,1,0,1,Pedestrian
0,0.0,726.0,22.0,787.0,6590,1,0,1,Pedestrian
0,0.0,726.0,22.0,787.0,6591,1,0,1,Pedestrian
0,0.0,726.0,22.0,787.0,6592,1,0,1,Pedestrian
0,0.0,726.0,22.0,787.0,6593,1,0,1,Pedestrian
0,0.0,726.0,22.0,787.0,6594,1,0,1,Pedestrian
0,0.0,726.0,22.0,787.0,6595,1,0,1,Pedestrian
0,0.0,726.0,22.0,787.0,6596,1,0,1,Pedestrian
0,0.0,726.0,22.0,787.0,6597,1,0,1,Pedestrian
0,0.0,726.0,22.0,787.0,6598,1,0,1,Pedestrian
0,0.0,726.0,22.0,787.0,6599,1,0,1,Pedestrian
0,0.0,726.0,22.0,787.0,6600,1,0,1,Pedestrian
0,0.0,726.0,22.0,787.0,6601,1,0,1,Pedestrian
0,0.0,726.0,22.0,787.0,6602,1,0,1,Pedestrian
0,0.0,726.0,22.0,787.0,6603,1,0,1,Pedestrian
0,0.0,726.0,22.0,787.0,6604,1,0,1,Pedestrian
0,0.0,726.0,22.0,787.0,6605,1,0,1,Pedestrian
0,0.0,726.0,22.0,787.0,6606,1,0,1,Pedestrian
0,0.0,726.0,22.0,787.0,6607,1,0,1,Pedestrian
0,0.0,726.0,22.0,787.0,6608,1,0,1,Pedestrian
0,0.0,726.0,22.0,787.0,6609,1,0,1,Pedestrian
0,0.0,726.0,22.0,787.0,6610,1,0,1,Pedestrian
0,0.0,726.0,22.0,787.0,6611,1,0,1,Pedestrian
0,0.0,726.0,22.0,787.0,6612,1,0,1,Pedestrian
0,0.0,726.0,22.0,787.0,6613,1,0,1,Pedestrian
0,0.0,726.0,22.0,787.0,6614,1,0,1,Pedestrian
0,0.0,726.0,22.0,787.0,6615,1,0,1,Pedestrian
0,0.0,726.0,22.0,787.0,6616,1,0,1,Pedestrian
0,0.0,726.0,22.0,787.0,6617,1,0,1,Pedestrian
0,0.0,726.0,22.0,787.0,6618,1,0,1,Pedestrian
0,0.0,726.0,22.0,787.0,6619,1,0,1,Pedestrian
0,0.0,726.0,22.0,787.0,6620,1,0,1,Pedestrian
0,0.0,726.0,22.0,787.0,6621,1,0,1,Pedestrian
0,0.0,726.0,22.0,787.0,6622,1,0,1,Pedestrian
0,0.0,726.0,22.0,787.0,6623,1,0,1,Pedestrian
0,0.0,726.0,22.0,787.0,6624,1,0,1,Pedestrian
0,0.0,726.0,22.0,787.0,6625,1,0,1,Pedestrian
0,0.0,726.0,22.0,787.0,6626,1,0,1,Pedestrian
0,0.0,726.0,22.0,787.0,6627,1,0,1,Pedestrian
0,0.0,726.0,22.0,787.0,6628,1,0,1,Pedestrian
0,0.0,726.0,22.0,787.0,6629,1,0,1,Pedestrian
0,0.0,726.0,22.0,787.0,6630,1,0,1,Pedestrian
0,0.0,726.0,22.0,787.0,6631,1,0,1,Pedestrian
0,0.0,726.0,22.0,787.0,6632,1,0,1,Pedestrian
0,0.0,726.0,22.0,787.0,6633,1,0,1,Pedestrian
0,0.0,726.0,22.0,787.0,6634,1,0,1,Pedestrian
0,0.0,726.0,22.0,787.0,6635,1,0,1,Pedestrian
0,0.0,726.0,22.0,787.0,6636,1,0,1,Pedestrian
0,0.0,726.0,22.0,787.0,6637,1,0,1,Pedestrian
0,0.0,726.0,22.0,787.0,6638,1,0,1,Pedestrian
0,0.0,726.0,22.0,787.0,6639,1,0,1,Pedestrian
0,0.0,726.0,22.0,787.0,6640,1,0,1,Pedestrian
0,0.0,726.0,22.0,787.0,6641,1,0,1,Pedestrian
0,0.0,726.0,22.0,787.0,6642,1,0,1,Pedestrian
0,0.0,726.0,22.0,787.0,6643,1,0,1,Pedestrian
0,0.0,726.0,22.0,787.0,6644,1,0,1,Pedestrian
0,0.0,726.0,22.0,787.0,6645,1,0,1,Pedestrian
0,0.0,726.0,22.0,787.0,6646,1,0,1,Pedestrian
0,0.0,726.0,22.0,787.0,6647,1,0,1,Pedestrian
0,0.0,726.0,22.0,787.0,6648,1,0,1,Pedestrian
0,0.0,726.0,22.0,787.0,6649,1,0,1,Pedestrian
0,0.0,726.0,22.0,787.0,6650,1,0,1,Pedestrian
0,0.0,726.0,22.0,787.0,6651,1,0,1,Pedestrian
0,0.0,726.0,22.0,787.0,6652,1,0,1,Pedestrian
0,0.0,726.0,22.0,787.0,6653,1,0,1,Pedestrian
0,0.0,726.0,22.0,787.0,6654,1,0,1,Pedestrian
0,0.0,726.0,22.0,787.0,6655,1,0,1,Pedestrian
0,0.0,726.0,22.0,787.0,6656,1,0,1,Pedestrian
0,0.0,726.0,22.0,787.0,6657,1,0,1,Pedestrian
0,0.0,726.0,22.0,787.0,6658,1,0,1,Pedestrian
0,0.0,726.0,22.0,787.0,6659,1,0,1,Pedestrian
0,0.0,726.0,22.0,787.0,6660,1,0,1,Pedestrian
0,0.0,726.0,22.0,787.0,6661,1,0,1,Pedestrian
0,0.0,726.0,22.0,787.0,6662,1,0,1,Pedestrian
0,0.0,726.0,22.0,787.0,6663,1,0,1,Pedestrian
0,0.0,726.0,22.0,787.0,6664,1,0,1,Pedestrian
0,0.0,726.0,22.0,787.0,6665,1,0,1,Pedestrian
0,0.0,726.0,22.0,787.0,6666,1,0,1,Pedestrian
0,0.0,726.0,22.0,787.0,6667,1,0,1,Pedestrian
0,0.0,726.0,22.0,787.0,6668,1,0,1,Pedestrian
0,0.0,726.0,22.0,787.0,6669,1,0,1,Pedestrian
0,0.0,726.0,22.0,787.0,6670,1,0,1,Pedestrian
0,0.0,726.0,22.0,787.0,6671,1,0,1,Pedestrian
0,0.0,726.0,22.0,787.0,6672,1,0,1,Pedestrian
0,0.0,726.0,22.0,787.0,6673,1,0,1,Pedestrian
0,0.0,726.0,22.0,787.0,6674,1,0,1,Pedestrian
0,0.0,726.0,22.0,787.0,6675,1,0,1,Pedestrian
0,0.0,726.0,22.0,787.0,6676,1,0,1,Pedestrian
0,0.0,726.0,22.0,787.0,6677,1,0,1,Pedestrian
0,0.0,726.0,22.0,787.0,6678,1,0,1,Pedestrian
0,0.0,726.0,22.0,787.0,6679,1,0,1,Pedestrian
0,0.0,726.0,22.0,787.0,6680,1,0,1,Pedestrian
0,0.0,726.0,22.0,787.0,6681,1,0,1,Pedestrian
0,0.0,726.0,22.0,787.0,6682,1,0,1,Pedestrian
0,0.0,726.0,22.0,787.0,6683,1,0,1,Pedestrian
0,0.0,726.0,22.0,787.0,6684,1,0,1,Pedestrian
0,0.0,726.0,22.0,787.0,6685,1,0,1,Pedestrian
0,0.0,726.0,22.0,787.0,6686,1,0,1,Pedestrian
0,0.0,726.0,22.0,787.0,6687,1,0,1,Pedestrian
0,0.0,726.0,22.0,787.0,6688,1,0,1,Pedestrian
0,0.0,726.0,22.0,787.0,6689,1,0,1,Pedestrian
0,0.0,726.0,22.0,787.0,6690,1,0,1,Pedestrian
0,0.0,726.0,22.0,787.0,6691,1,0,1,Pedestrian
0,0.0,726.0,22.0,787.0,6692,1,0,1,Pedestrian
0,0.0,726.0,22.0,787.0,6693,1,0,1,Pedestrian
0,0.0,726.0,22.0,787.0,6694,1,0,1,Pedestrian
0,0.0,726.0,22.0,787.0,6695,1,0,1,Pedestrian
0,0.0,726.0,22.0,787.0,6696,1,0,1,Pedestrian
0,0.0,726.0,22.0,787.0,6697,1,0,1,Pedestrian
0,0.0,726.0,22.0,787.0,6698,1,0,1,Pedestrian
0,0.0,726.0,22.0,787.0,6699,1,0,1,Pedestrian
0,0.0,726.0,22.0,787.0,6700,1,0,1,Pedestrian
0,0.0,726.0,22.0,787.0,6701,1,0,1,Pedestrian
0,0.0,726.0,22.0,787.0,6702,1,0,1,Pedestrian
0,0.0,726.0,22.0,787.0,6703,1,0,1,Pedestrian
0,0.0,726.0,22.0,787.0,6704,1,0,1,Pedestrian
0,0.0,726.0,22.0,787.0,6705,1,0,1,Pedestrian
0,0.0,726.0,22.0,787.0,6706,1,0,1,Pedestrian
0,0.0,726.0,22.0,787.0,6707,1,0,1,Pedestrian
0,0.0,726.0,22.0,787.0,6708,1,0,1,Pedestrian
0,0.0,726.0,22.0,787.0,6709,1,0,1,Pedestrian
0,0.0,726.0,22.0,787.0,6710,1,0,1,Pedestrian
0,0.0,726.0,22.0,787.0,6711,1,0,1,Pedestrian
0,0.0,726.0,22.0,787.0,6712,1,0,1,Pedestrian
0,0.0,726.0,22.0,787.0,6713,1,0,1,Pedestrian
0,0.0,726.0,22.0,787.0,6714,1,0,1,Pedestrian
0,0.0,726.0,22.0,787.0,6715,1,0,1,Pedestrian
0,0.0,726.0,22.0,787.0,6716,1,0,1,Pedestrian
0,0.0,726.0,22.0,787.0,6717,1,0,1,Pedestrian
0,0.0,726.0,22.0,787.0,6718,1,0,1,Pedestrian
0,0.0,726.0,22.0,787.0,6719,1,0,1,Pedestrian
0,0.0,726.0,22.0,787.0,6720,1,0,1,Pedestrian
0,0.0,726.0,22.0,787.0,6721,1,0,1,Pedestrian
0,0.0,726.0,22.0,787.0,6722,1,0,1,Pedestrian
0,0.0,726.0,22.0,787.0,6723,1,0,1,Pedestrian
0,0.0,726.0,22.0,787.0,6724,1,0,1,Pedestrian
0,0.0,726.0,22.0,787.0,6725,1,0,1,Pedestrian
0,0.0,726.0,22.0,787.0,6726,1,0,1,Pedestrian
0,0.0,726.0,22.0,787.0,6727,1,0,1,Pedestrian
0,0.0,726.0,22.0,787.0,6728,1,0,1,Pedestrian
0,0.0,726.0,22.0,787.0,6729,1,0,1,Pedestrian
0,0.0,726.0,22.0,787.0,6730,1,0,1,Pedestrian
0,0.0,726.0,22.0,787.0,6731,1,0,1,Pedestrian
0,0.0,726.0,22.0,787.0,6732,1,0,1,Pedestrian
0,0.0,726.0,22.0,787.0,6733,1,0,1,Pedestrian
0,0.0,726.0,22.0,787.0,6734,1,0,1,Pedestrian
0,0.0,726.0,22.0,787.0,6735,1,0,1,Pedestrian
0,0.0,726.0,22.0,787.0,6736,1,0,1,Pedestrian
0,0.0,726.0,22.0,787.0,6737,1,0,1,Pedestrian
0,0.0,726.0,22.0,787.0,6738,1,0,1,Pedestrian
0,0.0,726.0,22.0,787.0,6739,1,0,1,Pedestrian
0,0.0,726.0,22.0,787.0,6740,1,0,1,Pedestrian
0,0.0,726.0,22.0,787.0,6741,1,0,1,Pedestrian
0,0.0,726.0,22.0,787.0,6742,1,0,1,Pedestrian
0,0.0,726.0,22.0,787.0,6743,1,0,1,Pedestrian
0,0.0,726.0,22.0,787.0,6744,1,0,1,Pedestrian
0,0.0,726.0,22.0,787.0,6745,1,0,1,Pedestrian
0,0.0,726.0,22.0,787.0,6746,1,0,1,Pedestrian
0,0.0,726.0,22.0,787.0,6747,1,0,1,Pedestrian
0,0.0,726.0,22.0,787.0,6748,1,0,1,Pedestrian
0,0.0,726.0,22.0,787.0,6749,1,0,1,Pedestrian
0,0.0,726.0,22.0,787.0,6750,1,0,1,Pedestrian
0,0.0,726.0,22.0,787.0,6751,1,0,1,Pedestrian
0,0.0,726.0,22.0,787.0,6752,1,0,1,Pedestrian
0,0.0,726.0,22.0,787.0,6753,1,0,1,Pedestrian
0,0.0,726.0,22.0,787.0,6754,1,0,1,Pedestrian
0,0.0,726.0,22.0,787.0,6755,1,0,1,Pedestrian
0,0.0,726.0,22.0,787.0,6756,1,0,1,Pedestrian
0,0.0,726.0,22.0,787.0,6757,1,0,1,Pedestrian
0,0.0,726.0,22.0,787.0,6758,1,0,1,Pedestrian
0,0.0,726.0,22.0,787.0,6759,1,0,1,Pedestrian
0,0.0,726.0,22.0,787.0,6760,1,0,1,Pedestrian
0,0.0,726.0,22.0,787.0,6761,1,0,1,Pedestrian
0,0.0,726.0,22.0,787.0,6762,1,0,1,Pedestrian
0,0.0,726.0,22.0,787.0,6763,1,0,1,Pedestrian
0,0.0,726.0,22.0,787.0,6764,1,0,1,Pedestrian
0,0.0,726.0,22.0,787.0,6765,1,0,1,Pedestrian
0,0.0,726.0,22.0,787.0,6766,1,0,1,Pedestrian
0,0.0,726.0,22.0,787.0,6767,1,0,1,Pedestrian
0,0.0,726.0,22.0,787.0,6768,1,0,1,Pedestrian
0,0.0,726.0,22.0,787.0,6769,1,0,1,Pedestrian
0,0.0,726.0,22.0,787.0,6770,1,0,1,Pedestrian
0,0.0,726.0,22.0,787.0,6771,1,0,1,Pedestrian
0,0.0,726.0,22.0,787.0,6772,1,0,1,Pedestrian
0,0.0,726.0,22.0,787.0,6773,1,0,1,Pedestrian
0,0.0,726.0,22.0,787.0,6774,1,0,1,Pedestrian
0,0.0,726.0,22.0,787.0,6775,1,0,1,Pedestrian
0,0.0,726.0,22.0,787.0,6776,1,0,1,Pedestrian
0,0.0,726.0,22.0,787.0,6777,1,0,1,Pedestrian
0,0.0,726.0,22.0,787.0,6778,1,0,1,Pedestrian
0,0.0,726.0,22.0,787.0,6779,1,0,1,Pedestrian
0,0.0,726.0,22.0,787.0,6780,1,0,1,Pedestrian
0,0.0,726.0,22.0,787.0,6781,1,0,1,Pedestrian
0,0.0,726.0,22.0,787.0,6782,1,0,1,Pedestrian
0,0.0,726.0,22.0,787.0,6783,1,0,1,Pedestrian
0,0.0,726.0,22.0,787.0,6784,1,0,1,Pedestrian
0,0.0,726.0,22.0,787.0,6785,1,0,1,Pedestrian
0,0.0,726.0,22.0,787.0,6786,1,0,1,Pedestrian
0,0.0,726.0,22.0,787.0,6787,1,0,1,Pedestrian
0,0.0,726.0,22.0,787.0,6788,1,0,1,Pedestrian
0,0.0,726.0,22.0,787.0,6789,1,0,1,Pedestrian
0,0.0,726.0,22.0,787.0,6790,1,0,1,Pedestrian
0,0.0,726.0,22.0,787.0,6791,1,0,1,Pedestrian
0,0.0,726.0,22.0,787.0,6792,1,0,1,Pedestrian
0,0.0,726.0,22.0,787.0,6793,1,0,1,Pedestrian
0,0.0,726.0,22.0,787.0,6794,1,0,1,Pedestrian
0,0.0,726.0,22.0,787.0,6795,1,0,1,Pedestrian
0,0.0,726.0,22.0,787.0,6796,1,0,1,Pedestrian
0,0.0,726.0,22.0,787.0,6797,1,0,1,Pedestrian
0,0.0,726.0,22.0,787.0,6798,1,0,1,Pedestrian
0,0.0,726.0,22.0,787.0,6799,1,0,1,Pedestrian
0,0.0,726.0,22.0,787.0,6800,1,0,1,Pedestrian
0,0.0,726.0,22.0,787.0,6801,1,0,1,Pedestrian
0,0.0,726.0,22.0,787.0,6802,1,0,1,Pedestrian
0,0.0,726.0,22.0,787.0,6803,1,0,1,Pedestrian
0,0.0,726.0,22.0,787.0,6804,1,0,1,Pedestrian
0,0.0,726.0,22.0,787.0,6805,1,0,1,Pedestrian
0,0.0,726.0,22.0,787.0,6806,1,0,1,Pedestrian
0,0.0,726.0,22.0,787.0,6807,1,0,1,Pedestrian
0,0.0,726.0,22.0,787.0,6808,1,0,1,Pedestrian
0,0.0,726.0,22.0,787.0,6809,1,0,1,Pedestrian
0,0.0,726.0,22.0,787.0,6810,1,0,1,Pedestrian
0,0.0,726.0,22.0,787.0,6811,1,0,1,Pedestrian
0,0.0,726.0,22.0,787.0,6812,1,0,1,Pedestrian
0,0.0,726.0,22.0,787.0,6813,1,0,1,Pedestrian
0,0.0,726.0,22.0,787.0,6814,1,0,1,Pedestrian
0,0.0,726.0,22.0,787.0,6815,1,0,1,Pedestrian
0,0.0,726.0,22.0,787.0,6816,1,0,1,Pedestrian
0,0.0,726.0,22.0,787.0,6817,1,0,1,Pedestrian
0,0.0,726.0,22.0,787.0,6818,1,0,1,Pedestrian
0,0.0,726.0,22.0,787.0,6819,1,0,1,Pedestrian
0,0.0,726.0,22.0,787.0,6820,1,0,1,Pedestrian
0,0.0,726.0,22.0,787.0,6821,1,0,1,Pedestrian
0,0.0,726.0,22.0,787.0,6822,1,0,1,Pedestrian
0,0.0,726.0,22.0,787.0,6823,1,0,1,Pedestrian
0,0.0,726.0,22.0,787.0,6824,1,0,1,Pedestrian
0,0.0,726.0,22.0,787.0,6825,1,0,1,Pedestrian
0,0.0,726.0,22.0,787.0,6826,1,0,1,Pedestrian
0,0.0,726.0,22.0,787.0,6827,1,0,1,Pedestrian
0,0.0,726.0,22.0,787.0,6828,1,0,1,Pedestrian
0,0.0,726.0,22.0,787.0,6829,1,0,1,Pedestrian
0,0.0,726.0,22.0,787.0,6830,1,0,1,Pedestrian
0,0.0,726.0,22.0,787.0,6831,1,0,1,Pedestrian
0,0.0,726.0,22.0,787.0,6832,1,0,1,Pedestrian
0,0.0,726.0,22.0,787.0,6833,1,0,1,Pedestrian
0,0.0,726.0,22.0,787.0,6834,1,0,1,Pedestrian
0,0.0,726.0,22.0,787.0,6835,1,0,1,Pedestrian
0,0.0,726.0,22.0,787.0,6836,1,0,1,Pedestrian
0,0.0,726.0,22.0,787.0,6837,1,0,1,Pedestrian
0,0.0,726.0,22.0,787.0,6838,1,0,1,Pedestrian
0,0.0,726.0,22.0,787.0,6839,1,0,1,Pedestrian
0,0.0,726.0,22.0,787.0,6840,1,0,1,Pedestrian
0,0.0,726.0,22.0,787.0,6841,1,0,1,Pedestrian
0,0.0,726.0,22.0,787.0,6842,1,0,1,Pedestrian
0,0.0,726.0,22.0,787.0,6843,1,0,1,Pedestrian
0,0.0,726.0,22.0,787.0,6844,1,0,1,Pedestrian
0,0.0,726.0,22.0,787.0,6845,1,0,1,Pedestrian
0,0.0,726.0,22.0,787.0,6846,1,0,1,Pedestrian
0,0.0,726.0,22.0,787.0,6847,1,0,1,Pedestrian
0,0.0,726.0,22.0,787.0,6848,1,0,1,Pedestrian
0,0.0,726.0,22.0,787.0,6849,1,0,1,Pedestrian
0,0.0,726.0,22.0,787.0,6850,1,0,1,Pedestrian
0,0.0,726.0,22.0,787.0,6851,1,0,1,Pedestrian
0,0.0,726.0,22.0,787.0,6852,1,0,1,Pedestrian
0,0.0,726.0,22.0,787.0,6853,1,0,1,Pedestrian
0,0.0,726.0,22.0,787.0,6854,1,0,1,Pedestrian
0,0.0,726.0,22.0,787.0,6855,1,0,1,Pedestrian
0,0.0,726.0,22.0,787.0,6856,1,0,1,Pedestrian
0,0.0,726.0,22.0,787.0,6857,1,0,1,Pedestrian
0,0.0,726.0,22.0,787.0,6858,1,0,1,Pedestrian
0,0.0,726.0,22.0,787.0,6859,1,0,1,Pedestrian
0,0.0,726.0,22.0,787.0,6860,1,0,1,Pedestrian
0,0.0,726.0,22.0,787.0,6861,1,0,1,Pedestrian
0,0.0,726.0,22.0,787.0,6862,1,0,1,Pedestrian
0,0.0,726.0,22.0,787.0,6863,1,0,1,Pedestrian
0,0.0,726.0,22.0,787.0,6864,1,0,1,Pedestrian
0,0.0,726.0,22.0,787.0,6865,1,0,1,Pedestrian
0,0.0,726.0,22.0,787.0,6866,1,0,1,Pedestrian
0,0.0,726.0,22.0,787.0,6867,1,0,1,Pedestrian
0,0.0,726.0,22.0,787.0,6868,1,0,1,Pedestrian
0,0.0,726.0,22.0,787.0,6869,1,0,1,Pedestrian
0,0.0,726.0,22.0,787.0,6870,1,0,1,Pedestrian
0,0.0,726.0,22.0,787.0,6871,1,0,1,Pedestrian
0,0.0,726.0,22.0,787.0,6872,1,0,1,Pedestrian
0,0.0,726.0,22.0,787.0,6873,1,0,1,Pedestrian
0,0.0,726.0,22.0,787.0,6874,1,0,1,Pedestrian
0,0.0,726.0,22.0,787.0,6875,1,0,1,Pedestrian
0,0.0,726.0,22.0,787.0,6876,1,0,1,Pedestrian
0,0.0,726.0,22.0,787.0,6877,1,0,1,Pedestrian
0,0.0,726.0,22.0,787.0,6878,1,0,1,Pedestrian
0,0.0,726.0,22.0,787.0,6879,1,0,1,Pedestrian
0,0.0,726.0,22.0,787.0,6880,1,0,1,Pedestrian
0,0.0,726.0,22.0,787.0,6881,1,0,1,Pedestrian
0,0.0,726.0,22.0,787.0,6882,1,0,1,Pedestrian
0,0.0,726.0,22.0,787.0,6883,1,0,1,Pedestrian
0,0.0,726.0,22.0,787.0,6884,1,0,1,Pedestrian
0,0.0,726.0,22.0,787.0,6885,1,0,1,Pedestrian
0,0.0,726.0,22.0,787.0,6886,1,0,1,Pedestrian
0,0.0,726.0,22.0,787.0,6887,1,0,1,Pedestrian
0,0.0,726.0,22.0,787.0,6888,1,0,1,Pedestrian
0,0.0,726.0,22.0,787.0,6889,1,0,1,Pedestrian
0,0.0,726.0,22.0,787.0,6890,1,0,1,Pedestrian
0,0.0,726.0,22.0,787.0,6891,1,0,1,Pedestrian
0,0.0,726.0,22.0,787.0,6892,1,0,1,Pedestrian
0,0.0,726.0,22.0,787.0,6893,1,0,1,Pedestrian
0,0.0,726.0,22.0,787.0,6894,1,0,1,Pedestrian
0,0.0,726.0,22.0,787.0,6895,1,0,1,Pedestrian
0,0.0,726.0,22.0,787.0,6896,1,0,1,Pedestrian
0,0.0,726.0,22.0,787.0,6897,1,0,1,Pedestrian
0,0.0,726.0,22.0,787.0,6898,1,0,1,Pedestrian
0,0.0,726.0,22.0,787.0,6899,1,0,1,Pedestrian
0,0.0,726.0,22.0,787.0,6900,1,0,1,Pedestrian
0,0.0,726.0,22.0,787.0,6901,1,0,1,Pedestrian
0,0.0,726.0,22.0,787.0,6902,1,0,1,Pedestrian
0,0.0,726.0,22.0,787.0,6903,1,0,1,Pedestrian
0,0.0,726.0,22.0,787.0,6904,1,0,1,Pedestrian
0,0.0,726.0,22.0,787.0,6905,1,0,1,Pedestrian
0,0.0,726.0,22.0,787.0,6906,1,0,1,Pedestrian
0,0.0,726.0,22.0,787.0,6907,1,0,1,Pedestrian
0,0.0,726.0,22.0,787.0,6908,1,0,1,Pedestrian
0,0.0,726.0,22.0,787.0,6909,1,0,1,Pedestrian
0,0.0,726.0,22.0,787.0,6910,1,0,1,Pedestrian
0,0.0,726.0,22.0,787.0,6911,1,0,1,Pedestrian
0,0.0,726.0,22.0,787.0,6912,1,0,1,Pedestrian
0,0.0,726.0,22.0,787.0,6913,1,0,1,Pedestrian
0,0.0,726.0,22.0,787.0,6914,1,0,1,Pedestrian
0,0.0,726.0,22.0,787.0,6915,1,0,1,Pedestrian
0,0.0,726.0,22.0,787.0,6916,1,0,1,Pedestrian
0,0.0,726.0,22.0,787.0,6917,1,0,1,Pedestrian
0,0.0,726.0,22.0,787.0,6918,1,0,1,Pedestrian
0,0.0,726.0,22.0,787.0,6919,1,0,1,Pedestrian
0,0.0,726.0,22.0,787.0,6920,1,0,1,Pedestrian
0,0.0,726.0,22.0,787.0,6921,1,0,1,Pedestrian
0,0.0,726.0,22.0,787.0,6922,1,0,1,Pedestrian
0,0.0,726.0,22.0,787.0,6923,1,0,1,Pedestrian
0,0.0,726.0,22.0,787.0,6924,1,0,1,Pedestrian
0,0.0,726.0,22.0,787.0,6925,1,0,1,Pedestrian
0,0.0,726.0,22.0,787.0,6926,1,0,1,Pedestrian
0,0.0,726.0,22.0,787.0,6927,1,0,1,Pedestrian
0,0.0,726.0,22.0,787.0,6928,1,0,1,Pedestrian
0,0.0,726.0,22.0,787.0,6929,1,0,1,Pedestrian
0,0.0,726.0,22.0,787.0,6930,1,0,1,Pedestrian
0,0.0,726.0,22.0,787.0,6931,1,0,1,Pedestrian
0,0.0,726.0,22.0,787.0,6932,1,0,1,Pedestrian
0,0.0,726.0,22.0,787.0,6933,1,0,1,Pedestrian
0,0.0,726.0,22.0,787.0,6934,1,0,1,Pedestrian
0,0.0,726.0,22.0,787.0,6935,1,0,1,Pedestrian
0,0.0,726.0,22.0,787.0,6936,1,0,1,Pedestrian
0,0.0,726.0,22.0,787.0,6937,1,0,1,Pedestrian
0,0.0,726.0,22.0,787.0,6938,1,0,1,Pedestrian
0,0.0,726.0,22.0,787.0,6939,1,0,1,Pedestrian
0,0.0,726.0,22.0,787.0,6940,1,0,1,Pedestrian
0,0.0,726.0,22.0,787.0,6941,1,0,1,Pedestrian
0,0.0,726.0,22.0,787.0,6942,1,0,1,Pedestrian
0,0.0,726.0,22.0,787.0,6943,1,0,1,Pedestrian
0,0.0,726.0,22.0,787.0,6944,1,0,1,Pedestrian
0,0.0,726.0,22.0,787.0,6945,1,0,1,Pedestrian
0,0.0,726.0,22.0,787.0,6946,1,0,1,Pedestrian
0,0.0,726.0,22.0,787.0,6947,1,0,1,Pedestrian
0,0.0,726.0,22.0,787.0,6948,1,0,1,Pedestrian
0,0.0,726.0,22.0,787.0,6949,1,0,1,Pedestrian
0,0.0,726.0,22.0,787.0,6950,1,0,1,Pedestrian
0,0.0,726.0,22.0,787.0,6951,1,0,1,Pedestrian
0,0.0,726.0,22.0,787.0,6952,1,0,1,Pedestrian
0,0.0,726.0,22.0,787.0,6953,1,0,1,Pedestrian
0,0.0,726.0,22.0,787.0,6954,1,0,1,Pedestrian
0,0.0,726.0,22.0,787.0,6955,1,0,1,Pedestrian
0,0.0,726.0,22.0,787.0,6956,1,0,1,Pedestrian
0,0.0,726.0,22.0,787.0,6957,1,0,1,Pedestrian
0,0.0,726.0,22.0,787.0,6958,1,0,1,Pedestrian
0,0.0,726.0,22.0,787.0,6959,1,0,1,Pedestrian
0,0.0,726.0,22.0,787.0,6960,1,0,1,Pedestrian
0,0.0,726.0,22.0,787.0,6961,1,0,1,Pedestrian
0,0.0,726.0,22.0,787.0,6962,1,0,1,Pedestrian
0,0.0,726.0,22.0,787.0,6963,1,0,1,Pedestrian
0,0.0,726.0,22.0,787.0,6964,1,0,1,Pedestrian
0,0.0,726.0,22.0,787.0,6965,1,0,1,Pedestrian
0,0.0,726.0,22.0,787.0,6966,1,0,1,Pedestrian
0,0.0,726.0,22.0,787.0,6967,1,0,1,Pedestrian
0,0.0,726.0,22.0,787.0,6968,1,0,1,Pedestrian
0,0.0,726.0,22.0,787.0,6969,1,0,1,Pedestrian
0,0.0,726.0,22.0,787.0,6970,1,0,1,Pedestrian
0,0.0,726.0,22.0,787.0,6971,1,0,1,Pedestrian
0,0.0,726.0,22.0,787.0,6972,1,0,1,Pedestrian
0,0.0,726.0,22.0,787.0,6973,1,0,1,Pedestrian
0,0.0,726.0,22.0,787.0,6974,1,0,1,Pedestrian
0,0.0,726.0,22.0,787.0,6975,1,0,1,Pedestrian
0,0.0,726.0,22.0,787.0,6976,1,0,1,Pedestrian
0,0.0,726.0,22.0,787.0,6977,1,0,1,Pedestrian
0,0.0,726.0,22.0,787.0,6978,1,0,1,Pedestrian
0,0.0,726.0,22.0,787.0,6979,1,0,1,Pedestrian
0,0.0,726.0,22.0,787.0,6980,1,0,1,Pedestrian
0,0.0,726.0,22.0,787.0,6981,1,0,1,Pedestrian
0,0.0,726.0,22.0,787.0,6982,1,0,1,Pedestrian
0,0.0,726.0,22.0,787.0,6983,1,0,1,Pedestrian
0,0.0,726.0,22.0,787.0,6984,1,0,1,Pedestrian
0,0.0,726.0,22.0,787.0,6985,1,0,1,Pedestrian
0,0.0,726.0,22.0,787.0,6986,1,0,1,Pedestrian
0,0.0,726.0,22.0,787.0,6987,1,0,1,Pedestrian
0,0.0,726.0,22.0,787.0,6988,1,0,1,Pedestrian
0,0.0,726.0,22.0,787.0,6989,1,0,1,Pedestrian
0,0.0,726.0,22.0,787.0,6990,1,0,1,Pedestrian
0,0.0,726.0,22.0,787.0,6991,1,0,1,Pedestrian
0,0.0,726.0,22.0,787.0,6992,1,0,1,Pedestrian
0,0.0,726.0,22.0,787.0,6993,1,0,1,Pedestrian
0,0.0,726.0,22.0,787.0,6994,1,0,1,Pedestrian
0,0.0,726.0,22.0,787.0,6995,1,0,1,Pedestrian
0,0.0,726.0,22.0,787.0,6996,1,0,1,Pedestrian
0,0.0,726.0,22.0,787.0,6997,1,0,1,Pedestrian
0,0.0,726.0,22.0,787.0,6998,1,0,1,Pedestrian
0,0.0,726.0,22.0,787.0,6999,1,0,1,Pedestrian
0,0.0,726.0,22.0,787.0,7000,1,0,1,Pedestrian
0,0.0,726.0,22.0,787.0,7001,1,0,1,Pedestrian
0,0.0,726.0,22.0,787.0,7002,1,0,1,Pedestrian
0,0.0,726.0,22.0,787.0,7003,1,0,1,Pedestrian
0,0.0,726.0,22.0,787.0,7004,1,0,1,Pedestrian
0,0.0,726.0,22.0,787.0,7005,1,0,1,Pedestrian
0,0.0,726.0,22.0,787.0,7006,1,0,1,Pedestrian
0,0.0,726.0,22.0,787.0,7007,1,0,1,Pedestrian
0,0.0,726.0,22.0,787.0,7008,1,0,1,Pedestrian
0,0.0,726.0,22.0,787.0,7009,1,0,1,Pedestrian
0,0.0,726.0,22.0,787.0,7010,1,0,1,Pedestrian
0,0.0,726.0,22.0,787.0,7011,1,0,1,Pedestrian
0,0.0,726.0,22.0,787.0,7012,1,0,1,Pedestrian
0,0.0,726.0,22.0,787.0,7013,1,0,1,Pedestrian
0,0.0,726.0,22.0,787.0,7014,1,0,1,Pedestrian
0,0.0,726.0,22.0,787.0,7015,1,0,1,Pedestrian
0,0.0,726.0,22.0,787.0,7016,1,0,1,Pedestrian
0,0.0,726.0,22.0,787.0,7017,1,0,1,Pedestrian
0,0.0,726.0,22.0,787.0,7018,1,0,1,Pedestrian
0,0.0,726.0,22.0,787.0,7019,1,0,1,Pedestrian
0,0.0,726.0,22.0,787.0,7020,1,0,1,Pedestrian
0,0.0,726.0,22.0,787.0,7021,1,0,1,Pedestrian
0,0.0,726.0,22.0,787.0,7022,1,0,1,Pedestrian
0,0.0,726.0,22.0,787.0,7023,1,0,1,Pedestrian
0,0.0,726.0,22.0,787.0,7024,1,0,1,Pedestrian
0,0.0,726.0,22.0,787.0,7025,1,0,1,Pedestrian
0,0.0,726.0,22.0,787.0,7026,1,0,1,Pedestrian
0,0.0,726.0,22.0,787.0,7027,1,0,1,Pedestrian
0,0.0,726.0,22.0,787.0,7028,1,0,1,Pedestrian
0,0.0,726.0,22.0,787.0,7029,1,0,1,Pedestrian
0,0.0,726.0,22.0,787.0,7030,1,0,1,Pedestrian
0,0.0,726.0,22.0,787.0,7031,1,0,0,Pedestrian
1,44.0,938.0,123.0,983.0,10000,1,0,0,Pedestrian
1,41.0,938.0,121.0,983.0,10001,1,0,1,Pedestrian
1,41.0,938.0,121.0,983.0,10002,1,0,1,Pedestrian
1,41.0,938.0,121.0,983.0,10003,1,0,1,Pedestrian
1,41.0,938.0,121.0,983.0,10004,1,0,1,Pedestrian
1,38.0,938.0,118.0,983.0,10005,1,0,1,Pedestrian
1,38.0,938.0,118.0,983.0,10006,1,0,1,Pedestrian
1,38.0,938.0,118.0,983.0,10007,1,0,1,Pedestrian
1,38.0,938.0,118.0,983.0,10008,1,0,1,Pedestrian
1,35.0,938.0,115.0,983.0,10009,1,0,1,Pedestrian
1,35.0,938.0,115.0,983.0,10010,1,0,1,Pedestrian
1,35.0,938.0,115.0,983.0,10011,1,0,1,Pedestrian
1,35.0,938.0,115.0,983.0,10012,1,0,1,Pedestrian
1,33.0,938.0,112.0,983.0,10013,1,0,1,Pedestrian
1,33.0,938.0,112.0,983.0,10014,1,0,1,Pedestrian
1,33.0,938.0,112.0,983.0,10015,1,0,1,Pedestrian
1,33.0,938.0,112.0,983.0,10016,1,0,1,Pedestrian
1,30.0,940.0,110.0,985.0,10017,1,0,1,Pedestrian
1,30.0,940.0,110.0,985.0,10018,1,0,1,Pedestrian
1,30.0,940.0,110.0,985.0,10019,1,0,1,Pedestrian
1,30.0,940.0,110.0,985.0,10020,1,0,1,Pedestrian
1,27.0,940.0,107.0,985.0,10021,1,0,1,Pedestrian
1,27.0,940.0,107.0,985.0,10022,1,0,1,Pedestrian
1,27.0,940.0,107.0,985.0,10023,1,0,1,Pedestrian
1,27.0,940.0,107.0,985.0,10024,1,0,1,Pedestrian
1,24.0,940.0,104.0,985.0,10025,1,0,1,Pedestrian
1,24.0,940.0,104.0,985.0,10026,1,0,1,Pedestrian
1,24.0,940.0,104.0,985.0,10027,1,0,1,Pedestrian
1,24.0,940.0,104.0,985.0,10028,1,0,1,Pedestrian
1,22.0,940.0,101.0,985.0,10029,1,0,1,Pedestrian
1,22.0,940.0,101.0,985.0,10030,1,0,1,Pedestrian
1,22.0,940.0,101.0,985.0,10031,1,0,1,Pedestrian
1,22.0,940.0,101.0,985.0,10032,1,0,1,Pedestrian
1,19.0,942.0,99.0,988.0,10033,1,0,1,Pedestrian
1,19.0,942.0,99.0,988.0,10034,1,0,1,Pedestrian
1,19.0,942.0,99.0,988.0,10035,1,0,1,Pedestrian
1,19.0,942.0,99.0,988.0,10036,1,0,1,Pedestrian
1,16.0,942.0,96.0,988.0,10037,1,0,1,Pedestrian
1,16.0,942.0,96.0,988.0,10038,1,0,1,Pedestrian
1,16.0,942.0,96.0,988.0,10039,1,0,1,Pedestrian
1,16.0,942.0,96.0,988.0,10040,1,0,1,Pedestrian
1,13.0,942.0,93.0,988.0,10041,1,0,1,Pedestrian
1,13.0,942.0,93.0,988.0,10042,1,0,1,Pedestrian
1,13.0,942.0,93.0,988.0,10043,1,0,1,Pedestrian
1,13.0,942.0,93.0,988.0,10044,1,0,1,Pedestrian
1,11.0,942.0,90.0,988.0,10045,1,0,1,Pedestrian
1,11.0,942.0,90.0,988.0,10046,1,0,1,Pedestrian
1,11.0,942.0,90.0,988.0,10047,1,0,1,Pedestrian
1,11.0,942.0,90.0,988.0,10048,1,0,1,Pedestrian
1,8.0,944.0,88.0,990.0,10049,1,0,1,Pedestrian
1,8.0,944.0,88.0,990.0,10050,1,0,1,Pedestrian
1,8.0,944.0,88.0,990.0,10051,1,0,1,Pedestrian
1,8.0,944.0,88.0,990.0,10052,1,0,1,Pedestrian
1,5.0,944.0,85.0,990.0,10053,1,0,1,Pedestrian
1,5.0,944.0,85.0,990.0,10054,1,0,1,Pedestrian
1,5.0,944.0,85.0,990.0,10055,1,0,1,Pedestrian
1,5.0,944.0,85.0,990.0,10056,1,0,1,Pedestrian
1,2.0,944.0,82.0,990.0,10057,1,0,1,Pedestrian
1,2.0,944.0,82.0,990.0,10058,1,0,1,Pedestrian
1,2.0,944.0,82.0,990.0,10059,1,0,1,Pedestrian
1,2.0,944.0,82.0,990.0,10060,1,0,1,Pedestrian
1,0.0,944.0,79.0,990.0,10061,1,0,1,Pedestrian
1,0.0,944.0,79.0,990.0,10062,1,0,1,Pedestrian
1,0.0,944.0,79.0,990.0,10063,1,0,1,Pedestrian
1,0.0,944.0,79.0,990.0,10064,1,0,1,Pedestrian
1,0.0,947.0,79.0,992.0,10065,0,0,0,Pedestrian
1,5.0,944.0,85.0,990.0,10066,0,0,1,Pedestrian
1,11.0,944.0,90.0,990.0,10067,0,0,1,Pedestrian
1,16.0,944.0,96.0,990.0,10068,0,0,1,Pedestrian
1,22.0,942.0,101.0,988.0,10069,0,0,1,Pedestrian
1,27.0,942.0,107.0,988.0,10070,0,0,1,Pedestrian
1,33.0,942.0,112.0,988.0,10071,0,0,1,Pedestrian
1,38.0,942.0,118.0,988.0,10072,0,0,1,Pedestrian
1,44.0,940.0,123.0,985.0,10073,0,0,1,Pedestrian
1,49.0,940.0,129.0,985.0,10074,0,0,1,Pedestrian
1,55.0,940.0,134.0,985.0,10075,0,0,1,Pedestrian
1,60.0,940.0,140.0,985.0,10076,0,0,1,Pedestrian
1,66.0,938.0,145.0,983.0,10077,0,0,1,Pedestrian
1,71.0,938.0,151.0,983.0,10078,0,0,1,Pedestrian
1,77.0,938.0,156.0,983.0,10079,0,0,1,Pedestrian
1,82.0,935.0,162.0,981.0,10080,0,0,1,Pedestrian
1,88.0,935.0,167.0,981.0,10081,0,0,1,Pedestrian
1,93.0,935.0,173.0,981.0,10082,0,0,1,Pedestrian
1,99.0,935.0,178.0,981.0,10083,0,0,1,Pedestrian
1,104.0,933.0,184.0,979.0,10084,0,0,1,Pedestrian
1,110.0,933.0,189.0,979.0,10085,0,0,1,Pedestrian
1,115.0,933.0,195.0,979.0,10086,0,0,1,Pedestrian
1,121.0,933.0,200.0,979.0,10087,0,0,1,Pedestrian
1,126.0,931.0,206.0,976.0,10088,0,0,1,Pedestrian
1,132.0,931.0,211.0,976.0,10089,0,0,1,Pedestrian
1,137.0,931.0,217.0,976.0,10090,0,0,1,Pedestrian
1,145.0,931.0,225.0,976.0,10091,0,0,0,Pedestrian
1,151.0,929.0,231.0,974.0,10092,0,0,1,Pedestrian
1,156.0,929.0,236.0,974.0,10093,0,0,1,Pedestrian
1,162.0,929.0,242.0,974.0,10094,0,0,1,Pedestrian
1,167.0,929.0,250.0,974.0,10095,0,0,1,Pedestrian
1,176.0,926.0,255.0,972.0,10096,0,0,1,Pedestrian
1,181.0,926.0,261.0,972.0,10097,0,0,1,Pedestrian
1,187.0,926.0,269.0,972.0,10098,0,0,1,Pedestrian
1,192.0,926.0,275.0,972.0,10099,0,0,1,Pedestrian
1,198.0,924.0,280.0,972.0,10100,0,0,1,Pedestrian
1,206.0,924.0,286.0,970.0,10101,0,0,1,Pedestrian
1,211.0,924.0,294.0,970.0,10102,0,0,1,Pedestrian
1,217.0,924.0,299.0,970.0,10103,0,0,1,Pedestrian
1,222.0,922.0,305.0,970.0,10104,0,0,1,Pedestrian
1,228.0,922.0,313.0,967.0,10105,0,0,1,Pedestrian
1,236.0,922.0,319.0,967.0,10106,0,0,1,Pedestrian
1,242.0,922.0,324.0,967.0,10107,0,0,1,Pedestrian
1,247.0,919.0,330.0,967.0,10108,0,0,1,Pedestrian
1,253.0,919.0,338.0,967.0,10109,0,0,1,Pedestrian
1,258.0,919.0,343.0,965.0,10110,0,0,1,Pedestrian
1,266.0,919.0,349.0,965.0,10111,0,0,1,Pedestrian
1,272.0,917.0,357.0,965.0,10112,0,0,1,Pedestrian
1,277.0,917.0,363.0,965.0,10113,0,0,1,Pedestrian
1,283.0,917.0,368.0,963.0,10114,0,0,1,Pedestrian
1,288.0,917.0,374.0,963.0,10115,0,0,1,Pedestrian
1,297.0,915.0,382.0,963.0,10116,0,0,1,Pedestrian
1,302.0,915.0,387.0,963.0,10117,0,0,1,Pedestrian
1,308.0,915.0,393.0,963.0,10118,0,0,1,Pedestrian
1,313.0,915.0,401.0,960.0,10119,0,0,1,Pedestrian
1,319.0,913.0,407.0,960.0,10120,0,0,1,Pedestrian
1,327.0,913.0,412.0,960.0,10121,0,0,1,Pedestrian
1,332.0,913.0,418.0,960.0,10122,0,0,1,Pedestrian
1,338.0,913.0,426.0,958.0,10123,0,0,1,Pedestrian
1,343.0,910.0,431.0,958.0,10124,0,0,1,Pedestrian
1,349.0,910.0,437.0,958.0,10125,0,0,1,Pedestrian
1,357.0,910.0,445.0,958.0,10126,0,0,1,Pedestrian
1,363.0,910.0,451.0,958.0,10127,0,0,1,Pedestrian
1,368.0,908.0,456.0,956.0,10128,0,0,1,Pedestrian
1,374.0,908.0,462.0,956.0,10129,0,0,1,Pedestrian
1,379.0,908.0,470.0,956.0,10130,0,0,1,Pedestrian
1,387.0,908.0,475.0,956.0,10131,0,0,1,Pedestrian
1,393.0,906.0,481.0,954.0,10132,0,0,1,Pedestrian
1,398.0,906.0,489.0,954.0,10133,0,0,1,Pedestrian
1,404.0,906.0,495.0,954.0,10134,0,0,1,Pedestrian
1,409.0,906.0,500.0,954.0,10135,0,0,1,Pedestrian
1,418.0,906.0,508.0,954.0,10136,0,0,0,Pedestrian
1,423.0,904.0,514.0,951.0,10137,0,0,1,Pedestrian
1,429.0,904.0,519.0,951.0,10138,0,0,1,Pedestrian
1,434.0,904.0,525.0,951.0,10139,0,0,1,Pedestrian
1,440.0,901.0,530.0,949.0,10140,0,0,1,Pedestrian
1,448.0,901.0,539.0,949.0,10141,0,0,1,Pedestrian
1,453.0,901.0,544.0,949.0,10142,0,0,1,Pedestrian
1,459.0,901.0,550.0,949.0,10143,0,0,1,Pedestrian
1,464.0,899.0,555.0,947.0,10144,0,0,1,Pedestrian
1,470.0,899.0,561.0,947.0,10145,0,0,1,Pedestrian
1,478.0,899.0,569.0,947.0,10146,0,0,1,Pedestrian
1,484.0,899.0,574.0,947.0,10147,0,0,1,Pedestrian
1,489.0,897.0,580.0,944.0,10148,0,0,1,Pedestrian
1,495.0,897.0,585.0,944.0,10149,0,0,1,Pedestrian
1,500.0,897.0,591.0,944.0,10150,0,0,1,Pedestrian
1,508.0,897.0,599.0,944.0,10151,0,0,1,Pedestrian
1,514.0,894.0,605.0,942.0,10152,0,0,1,Pedestrian
1,519.0,894.0,610.0,942.0,10153,0,0,1,Pedestrian
1,525.0,894.0,616.0,942.0,10154,0,0,1,Pedestrian
1,530.0,894.0,621.0,942.0,10155,0,0,1,Pedestrian
1,539.0,892.0,629.0,940.0,10156,0,0,1,Pedestrian
1,544.0,892.0,635.0,940.0,10157,0,0,1,Pedestrian
1,550.0,892.0,640.0,940.0,10158,0,0,1,Pedestrian
1,555.0,892.0,646.0,940.0,10159,0,0,1,Pedestrian
1,561.0,890.0,651.0,938.0,10160,0,0,1,Pedestrian
1,569.0,890.0,660.0,938.0,10161,0,0,1,Pedestrian
1,574.0,890.0,665.0,938.0,10162,0,0,1,Pedestrian
1,580.0,890.0,671.0,938.0,10163,0,0,1,Pedestrian
1,585.0,888.0,676.0,935.0,10164,0,0,1,Pedestrian
1,591.0,888.0,682.0,935.0,10165,0,0,1,Pedestrian
1,599.0,888.0,690.0,935.0,10166,0,0,1,Pedestrian
1,605.0,888.0,695.0,935.0,10167,0,0,1,Pedestrian
1,610.0,885.0,701.0,933.0,10168,0,0,1,Pedestrian
1,616.0,885.0,706.0,933.0,10169,0,0,1,Pedestrian
1,621.0,885.0,712.0,933.0,10170,0,0,1,Pedestrian
1,629.0,885.0,720.0,933.0,10171,0,0,1,Pedestrian
1,635.0,883.0,726.0,931.0,10172,0,0,1,Pedestrian
1,640.0,883.0,731.0,931.0,10173,0,0,1,Pedestrian
1,646.0,883.0,737.0,931.0,10174,0,0,1,Pedestrian
1,651.0,883.0,742.0,931.0,10175,0,0,1,Pedestrian
1,660.0,881.0,750.0,929.0,10176,0,0,1,Pedestrian
1,665.0,881.0,756.0,929.0,10177,0,0,1,Pedestrian
1,671.0,881.0,761.0,929.0,10178,0,0,1,Pedestrian
1,676.0,881.0,767.0,929.0,10179,0,0,1,Pedestrian
1,682.0,878.0,772.0,926.0,10180,0,0,1,Pedestrian
1,690.0,878.0,781.0,926.0,10181,0,0,1,Pedestrian
1,695.0,878.0,786.0,926.0,10182,0,0,1,Pedestrian
1,701.0,878.0,792.0,926.0,10183,0,0,1,Pedestrian
1,706.0,876.0,797.0,924.0,10184,0,0,1,Pedestrian
1,712.0,876.0,803.0,924.0,10185,0,0,1,Pedestrian
1,720.0,876.0,811.0,924.0,10186,0,0,1,Pedestrian
1,726.0,876.0,816.0,924.0,10187,0,0,1,Pedestrian
1,731.0,874.0,822.0,922.0,10188,0,0,1,Pedestrian
1,737.0,874.0,827.0,922.0,10189,0,0,1,Pedestrian
1,742.0,874.0,833.0,922.0,10190,0,0,1,Pedestrian
1,750.0,874.0,841.0,922.0,10191,0,0,0,Pedestrian
1,756.0,872.0,847.0,919.0,10192,0,0,1,Pedestrian
1,761.0,872.0,852.0,919.0,10193,0,0,1,Pedestrian
1,767.0,872.0,858.0,919.0,10194,0,0,1,Pedestrian
1,772.0,872.0,863.0,919.0,10195,0,0,1,Pedestrian
1,778.0,872.0,869.0,919.0,10196,0,0,1,Pedestrian
1,783.0,869.0,874.0,917.0,10197,0,0,1,Pedestrian
1,789.0,869.0,880.0,917.0,10198,0,0,1,Pedestrian
1,794.0,869.0,885.0,917.0,10199,0,0,1,Pedestrian
1,800.0,869.0,891.0,917.0,10200,0,0,1,Pedestrian
1,805.0,869.0,896.0,917.0,10201,0,0,1,Pedestrian
1,811.0,869.0,902.0,917.0,10202,0,0,1,Pedestrian
1,816.0,867.0,907.0,915.0,10203,0,0,1,Pedestrian
1,822.0,867.0,913.0,915.0,10204,0,0,1,Pedestrian
1,827.0,867.0,918.0,915.0,10205,0,0,1,Pedestrian
1,833.0,867.0,924.0,915.0,10206,0,0,1,Pedestrian
1,838.0,867.0,929.0,915.0,10207,0,0,1,Pedestrian
1,844.0,867.0,935.0,915.0,10208,0,0,1,Pedestrian
1,849.0,865.0,940.0,913.0,10209,0,0,1,Pedestrian
1,855.0,865.0,946.0,913.0,10210,0,0,1,Pedestrian
1,860.0,865.0,951.0,913.0,10211,0,0,1,Pedestrian
1,866.0,865.0,957.0,913.0,10212,0,0,1,Pedestrian
1,871.0,865.0,962.0,913.0,10213,0,0,1,Pedestrian
1,877.0,865.0,968.0,913.0,10214,0,0,1,Pedestrian
1,882.0,863.0,973.0,910.0,10215,0,0,1,Pedestrian
1,888.0,863.0,979.0,910.0,10216,0,0,1,Pedestrian
1,893.0,863.0,984.0,910.0,10217,0,0,1,Pedestrian
1,899.0,863.0,990.0,910.0,10218,0,0,1,Pedestrian
1,904.0,863.0,995.0,910.0,10219,0,0,1,Pedestrian
1,910.0,863.0,1001.0,910.0,10220,0,0,1,Pedestrian
1,915.0,860.0,1006.0,908.0,10221,0,0,1,Pedestrian
1,921.0,860.0,1012.0,908.0,10222,0,0,1,Pedestrian
1,926.0,860.0,1017.0,908.0,10223,0,0,1,Pedestrian
1,932.0,860.0,1023.0,908.0,10224,0,0,1,Pedestrian
1,937.0,860.0,1028.0,908.0,10225,0,0,1,Pedestrian
1,943.0,860.0,1034.0,908.0,10226,0,0,1,Pedestrian
1,948.0,858.0,1039.0,906.0,10227,0,0,1,Pedestrian
1,954.0,858.0,1045.0,906.0,10228,0,0,1,Pedestrian
1,959.0,858.0,1050.0,906.0,10229,0,0,1,Pedestrian
1,965.0,858.0,1056.0,906.0,10230,0,0,1,Pedestrian
1,970.0,858.0,1061.0,906.0,10231,0,0,1,Pedestrian
1,979.0,858.0,1069.0,906.0,10232,0,0,0,Pedestrian
1,984.0,858.0,1075.0,906.0,10233,0,0,1,Pedestrian
1,990.0,858.0,1080.0,906.0,10234,0,0,1,Pedestrian
1,995.0,858.0,1086.0,906.0,10235,0,0,1,Pedestrian
1,1001.0,858.0,1091.0,906.0,10236,0,0,1,Pedestrian
1,1009.0,858.0,1100.0,906.0,10237,0,0,1,Pedestrian
1,1014.0,858.0,1105.0,906.0,10238,0,0,1,Pedestrian
1,1020.0,858.0,1111.0,906.0,10239,0,0,1,Pedestrian
1,1025.0,858.0,1116.0,906.0,10240,0,0,1,Pedestrian
1,1031.0,858.0,1122.0,906.0,10241,0,0,1,Pedestrian
1,1039.0,858.0,1130.0,906.0,10242,0,0,1,Pedestrian
1,1045.0,858.0,1135.0,906.0,10243,0,0,1,Pedestrian
1,1050.0,858.0,1141.0,906.0,10244,0,0,1,Pedestrian
1,1056.0,858.0,1146.0,906.0,10245,0,0,1,Pedestrian
1,1064.0,858.0,1155.0,906.0,10246,0,0,1,Pedestrian
1,1069.0,858.0,1160.0,906.0,10247,0,0,1,Pedestrian
1,1075.0,858.0,1166.0,906.0,10248,0,0,1,Pedestrian
1,1080.0,858.0,1171.0,906.0,10249,0,0,1,Pedestrian
1,1086.0,858.0,1177.0,906.0,10250,0,0,1,Pedestrian
1,1094.0,858.0,1185.0,906.0,10251,0,0,1,Pedestrian
1,1100.0,858.0,1190.0,906.0,10252,0,0,1,Pedestrian
1,1105.0,858.0,1196.0,906.0,10253,0,0,1,Pedestrian
1,1111.0,858.0,1201.0,906.0,10254,0,0,1,Pedestrian
1,1119.0,858.0,1210.0,906.0,10255,0,0,1,Pedestrian
1,1124.0,858.0,1215.0,906.0,10256,0,0,1,Pedestrian
1,1130.0,858.0,1221.0,906.0,10257,0,0,1,Pedestrian
1,1135.0,858.0,1226.0,906.0,10258,0,0,1,Pedestrian
1,1141.0,858.0,1232.0,906.0,10259,0,0,1,Pedestrian
1,1149.0,858.0,1240.0,906.0,10260,0,0,1,Pedestrian
1,1155.0,858.0,1245.0,906.0,10261,0,0,1,Pedestrian
1,1160.0,858.0,1251.0,906.0,10262,0,0,1,Pedestrian
1,1166.0,858.0,1256.0,906.0,10263,0,0,1,Pedestrian
1,1174.0,858.0,1265.0,906.0,10264,0,0,1,Pedestrian
1,1179.0,858.0,1270.0,906.0,10265,0,0,1,Pedestrian
1,1185.0,858.0,1276.0,906.0,10266,0,0,1,Pedestrian
1,1190.0,858.0,1281.0,906.0,10267,0,0,1,Pedestrian
1,1196.0,858.0,1287.0,906.0,10268,0,0,1,Pedestrian
1,1204.0,858.0,1295.0,906.0,10269,0,0,1,Pedestrian
1,1210.0,858.0,1300.0,906.0,10270,0,0,1,Pedestrian
1,1215.0,858.0,1306.0,906.0,10271,0,0,1,Pedestrian
1,1221.0,858.0,1311.0,906.0,10272,0,0,1,Pedestrian
1,1229.0,858.0,1320.0,906.0,10273,0,0,0,Pedestrian
1,1232.0,856.0,1322.0,904.0,10274,0,0,1,Pedestrian
1,1237.0,856.0,1328.0,904.0,10275,0,0,1,Pedestrian
1,1243.0,856.0,1333.0,904.0,10276,0,0,1,Pedestrian
1,1248.0,856.0,1339.0,904.0,10277,0,0,1,Pedestrian
1,1251.0,856.0,1342.0,904.0,10278,0,0,1,Pedestrian
1,1256.0,856.0,1347.0,904.0,10279,0,0,1,Pedestrian
1,1262.0,856.0,1353.0,904.0,10280,0,0,1,Pedestrian
1,1267.0,856.0,1358.0,904.0,10281,0,0,1,Pedestrian
1,1270.0,856.0,1361.0,904.0,10282,0,0,1,Pedestrian
1,1276.0,856.0,1366.0,904.0,10283,0,0,1,Pedestrian
1,1281.0,856.0,1372.0,904.0,10284,0,0,1,Pedestrian
1,1287.0,856.0,1377.0,904.0,10285,0,0,1,Pedestrian
1,1292.0,856.0,1383.0,904.0,10286,0,0,1,Pedestrian
1,1295.0,856.0,1386.0,904.0,10287,0,0,1,Pedestrian
1,1300.0,856.0,1391.0,904.0,10288,0,0,1,Pedestrian
1,1306.0,856.0,1397.0,904.0,10289,0,0,1,Pedestrian
1,1311.0,856.0,1402.0,904.0,10290,0,0,1,Pedestrian
1,1314.0,856.0,1405.0,904.0,10291,0,0,1,Pedestrian
1,1320.0,856.0,1410.0,904.0,10292,0,0,1,Pedestrian
1,1325.0,856.0,1416.0,904.0,10293,0,0,1,Pedestrian
1,1331.0,856.0,1421.0,904.0,10294,0,0,1,Pedestrian
1,1336.0,856.0,1427.0,904.0,10295,0,0,1,Pedestrian
1,1339.0,856.0,1430.0,904.0,10296,0,0,1,Pedestrian
1,1344.0,856.0,1435.0,904.0,10297,0,0,1,Pedestrian
1,1350.0,856.0,1441.0,904.0,10298,0,0,1,Pedestrian
1,1355.0,856.0,1446.0,904.0,10299,0,0,1,Pedestrian
1,1358.0,856.0,1449.0,904.0,10300,0,0,1,Pedestrian
1,1364.0,856.0,1454.0,904.0,10301,0,0,1,Pedestrian
1,1369.0,856.0,1460.0,904.0,10302,0,0,1,Pedestrian
1,1375.0,856.0,1465.0,904.0,10303,0,0,1,Pedestrian
1,1380.0,856.0,1471.0,904.0,10304,0,0,1,Pedestrian
1,1383.0,856.0,1474.0,904.0,10305,0,0,1,Pedestrian
1,1388.0,856.0,1479.0,904.0,10306,0,0,1,Pedestrian
1,1394.0,856.0,1485.0,904.0,10307,0,0,1,Pedestrian
1,1399.0,856.0,1490.0,904.0,10308,0,0,1,Pedestrian
1,1402.0,856.0,1493.0,904.0,10309,0,0,1,Pedestrian
1,1408.0,856.0,1498.0,904.0,10310,0,0,1,Pedestrian
1,1413.0,856.0,1504.0,904.0,10311,0,0,1,Pedestrian
1,1419.0,856.0,1509.0,904.0,10312,0,0,1,Pedestrian
1,1424.0,856.0,1515.0,904.0,10313,0,0,0,Pedestrian
1,1427.0,856.0,1518.0,904.0,10314,0,0,1,Pedestrian
1,1432.0,856.0,1523.0,904.0,10315,0,0,1,Pedestrian
1,1438.0,856.0,1529.0,904.0,10316,0,0,1,Pedestrian
1,1443.0,856.0,1534.0,904.0,10317,0,0,1,Pedestrian
1,1449.0,856.0,1540.0,904.0,10318,0,0,1,Pedestrian
1,1452.0,856.0,1542.0,904.0,10319,0,0,1,Pedestrian
1,1457.0,856.0,1548.0,904.0,10320,0,0,1,Pedestrian
1,1463.0,856.0,1553.0,904.0,10321,0,0,1,Pedestrian
1,1468.0,858.0,1559.0,906.0,10322,0,0,1,Pedestrian
1,1474.0,858.0,1564.0,906.0,10323,0,0,1,Pedestrian
1,1476.0,858.0,1567.0,906.0,10324,0,0,1,Pedestrian
1,1482.0,858.0,1573.0,906.0,10325,0,0,1,Pedestrian
1,1487.0,858.0,1578.0,906.0,10326,0,0,1,Pedestrian
1,1493.0,858.0,1584.0,906.0,10327,0,0,1,Pedestrian
1,1498.0,858.0,1589.0,906.0,10328,0,0,1,Pedestrian
1,1501.0,858.0,1592.0,906.0,10329,0,0,1,Pedestrian
1,1507.0,858.0,1597.0,906.0,10330,0,0,1,Pedestrian
1,1512.0,860.0,1603.0,908.0,10331,0,0,1,Pedestrian
1,1518.0,860.0,1608.0,908.0,10332,0,0,1,Pedestrian
1,1523.0,860.0,1614.0,908.0,10333,0,0,1,Pedestrian
1,1526.0,860.0,1617.0,908.0,10334,0,0,1,Pedestrian
1,1531.0,860.0,1622.0,908.0,10335,0,0,1,Pedestrian
1,1537.0,860.0,1628.0,908.0,10336,0,0,1,Pedestrian
1,1542.0,860.0,1633.0,908.0,10337,0,0,1,Pedestrian
1,1548.0,860.0,1639.0,908.0,10338,0,0,1,Pedestrian
1,1551.0,860.0,1641.0,908.0,10339,0,0,1,Pedestrian
1,1556.0,863.0,1647.0,910.0,10340,0,0,1,Pedestrian
1,1562.0,863.0,1652.0,910.0,10341,0,0,1,Pedestrian
1,1567.0,863.0,1658.0,910.0,10342,0,0,1,Pedestrian
1,1573.0,863.0,1663.0,910.0,10343,0,0,1,Pedestrian
1,1575.0,863.0,1666.0,910.0,10344,0,0,1,Pedestrian
1,1581.0,863.0,1672.0,910.0,10345,0,0,1,Pedestrian
1,1586.0,863.0,1677.0,910.0,10346,0,0,1,Pedestrian
1,1592.0,863.0,1683.0,910.0,10347,0,0,1,Pedestrian
1,1597.0,865.0,1688.0,913.0,10348,0,0,1,Pedestrian
1,1600.0,865.0,1691.0,913.0,10349,0,0,1,Pedestrian
1,1606.0,865.0,1696.0,913.0,10350,0,0,1,Pedestrian
1,1611.0,865.0,1702.0,913.0,10351,0,0,1,Pedestrian
1,1617.0,865.0,1707.0,913.0,10352,0,0,1,Pedestrian
1,1622.0,865.0,1713.0,913.0,10353,0,0,1,Pedestrian
1,1625.0,865.0,1716.0,913.0,10354,0,0,1,Pedestrian
1,1630.0,865.0,1721.0,913.0,10355,0,0,1,Pedestrian
1,1636.0,865.0,1727.0,913.0,10356,0,0,1,Pedestrian
1,1641.0,867.0,1732.0,915.0,10357,0,0,1,Pedestrian
1,1647.0,867.0,1738.0,915.0,10358,0,0,1,Pedestrian
1,1650.0,867.0,1740.0,915.0,10359,0,0,1,Pedestrian
1,1655.0,867.0,1746.0,915.0,10360,0,0,1,Pedestrian
1,1661.0,867.0,1751.0,915.0,10361,0,0,1,Pedestrian
1,1666.0,867.0,1757.0,915.0,10362,0,0,1,Pedestrian
1,1672.0,867.0,1762.0,915.0,10363,0,0,1,Pedestrian
1,1674.0,867.0,1765.0,915.0,10364,0,0,1,Pedestrian
1,1680.0,867.0,1771.0,915.0,10365,0,0,1,Pedestrian
1,1685.0,869.0,1776.0,917.0,10366,0,0,1,Pedestrian
1,1691.0,869.0,1782.0,917.0,10367,0,0,1,Pedestrian
1,1696.0,869.0,1787.0,917.0,10368,0,0,1,Pedestrian
1,1699.0,869.0,1790.0,917.0,10369,0,0,1,Pedestrian
1,1705.0,869.0,1795.0,917.0,10370,0,0,1,Pedestrian
1,1710.0,869.0,1801.0,917.0,10371,0,0,1,Pedestrian
1,1716.0,869.0,1806.0,917.0,10372,0,0,1,Pedestrian
1,1721.0,869.0,1812.0,917.0,10373,0,0,1,Pedestrian
1,1724.0,869.0,1815.0,917.0,10374,0,0,1,Pedestrian
1,1729.0,872.0,1820.0,919.0,10375,0,0,1,Pedestrian
1,1735.0,872.0,1826.0,919.0,10376,0,0,1,Pedestrian
1,1740.0,872.0,1831.0,919.0,10377,0,0,1,Pedestrian
1,1746.0,872.0,1837.0,919.0,10378,0,0,1,Pedestrian
1,1749.0,872.0,1839.0,919.0,10379,0,0,1,Pedestrian
1,1754.0,872.0,1845.0,919.0,10380,0,0,1,Pedestrian
1,1760.0,872.0,1850.0,919.0,10381,0,0,1,Pedestrian
1,1765.0,872.0,1856.0,919.0,10382,0,0,1,Pedestrian
1,1771.0,874.0,1861.0,922.0,10383,0,0,0,Pedestrian
1,1773.0,874.0,1864.0,922.0,10384,0,0,1,Pedestrian
1,1779.0,874.0,1870.0,922.0,10385,0,0,1,Pedestrian
1,1784.0,874.0,1875.0,922.0,10386,0,0,1,Pedestrian
1,1787.0,874.0,1878.0,922.0,10387,0,0,1,Pedestrian
1,1793.0,874.0,1883.0,922.0,10388,0,0,1,Pedestrian
1,1798.0,874.0,1889.0,922.0,10389,0,0,1,Pedestrian
1,1801.0,874.0,1892.0,922.0,10390,0,0,1,Pedestrian
1,1806.0,874.0,1897.0,922.0,10391,0,0,1,Pedestrian
1,1812.0,874.0,1903.0,922.0,10392,0,0,1,Pedestrian
1,1817.0,874.0,1908.0,922.0,10393,0,0,1,Pedestrian
1,1820.0,874.0,1911.0,922.0,10394,0,0,1,Pedestrian
1,1826.0,874.0,1916.0,922.0,10395,0,0,1,Pedestrian
1,1831.0,874.0,1922.0,922.0,10396,0,0,1,Pedestrian
1,1834.0,874.0,1925.0,922.0,10397,0,0,1,Pedestrian
1,1839.0,874.0,1930.0,922.0,10398,0,0,1,Pedestrian
1,1845.0,874.0,1936.0,922.0,10399,0,0,1,Pedestrian
1,1850.0,874.0,1941.0,922.0,10400,0,0,1,Pedestrian
1,1853.0,874.0,1944.0,922.0,10401,0,0,1,Pedestrian
1,1859.0,874.0,1949.0,922.0,10402,0,0,1,Pedestrian
1,1864.0,874.0,1955.0,922.0,10403,0,0,1,Pedestrian
1,1867.0,874.0,1958.0,922.0,10404,0,0,1,Pedestrian
1,1872.0,874.0,1963.0,922.0,10405,0,0,1,Pedestrian
1,1878.0,874.0,1969.0,922.0,10406,0,0,1,Pedestrian
1,1883.0,874.0,1974.0,922.0,10407,0,0,0,Pedestrian
1,1892.0,874.0,1974.0,922.0,10408,0,0,1,Pedestrian
1,1900.0,874.0,1974.0,924.0,10409,0,0,1,Pedestrian
1,1908.0,874.0,1974.0,924.0,10410,0,0,1,Pedestrian
1,1919.0,874.0,1974.0,926.0,10411,0,0,1,Pedestrian
1,1927.0,874.0,1974.0,926.0,10412,0,0,1,Pedestrian
1,1936.0,874.0,1974.0,929.0,10413,0,0,1,Pedestrian
1,1944.0,874.0,1974.0,929.0,10414,0,0,1,Pedestrian
1,1955.0,874.0,1977.0,931.0,10415,1,0,0,Pedestrian
1,1941.0,872.0,1977.0,926.0,10416,1,0,1,Pedestrian
1,1930.0,872.0,1977.0,922.0,10417,1,0,1,Pedestrian
1,1916.0,872.0,1977.0,917.0,10418,1,0,1,Pedestrian
1,1905.0,872.0,1977.0,913.0,10419,1,0,1,Pedestrian
1,1894.0,872.0,1977.0,908.0,10420,1,0,0,Pedestrian
1,1894.0,872.0,1977.0,908.0,10421,1,0,1,Pedestrian
1,1894.0,872.0,1977.0,908.0,10422,1,0,1,Pedestrian
1,1894.0,872.0,1977.0,908.0,10423,1,0,1,Pedestrian
1,1894.0,872.0,1977.0,908.0,10424,1,0,1,Pedestrian
1,1894.0,872.0,1977.0,908.0,10425,1,0,1,Pedestrian
1,1894.0,872.0,1977.0,908.0,10426,1,0,1,Pedestrian
1,1894.0,872.0,1977.0,908.0,10427,1,0,1,Pedestrian
1,1894.0,872.0,1977.0,908.0,10428,1,0,1,Pedestrian
1,1894.0,872.0,1977.0,908.0,10429,1,0,1,Pedestrian
1,1894.0,872.0,1977.0,908.0,10430,1,0,1,Pedestrian
1,1894.0,872.0,1977.0,908.0,10431,1,0,1,Pedestrian
1,1894.0,872.0,1977.0,908.0,10432,1,0,1,Pedestrian
1,1894.0,872.0,1977.0,908.0,10433,1,0,1,Pedestrian
1,1894.0,872.0,1977.0,908.0,10434,1,0,1,Pedestrian
1,1894.0,872.0,1977.0,908.0,10435,1,0,1,Pedestrian
1,1894.0,872.0,1977.0,908.0,10436,1,0,1,Pedestrian
1,1894.0,872.0,1977.0,908.0,10437,1,0,1,Pedestrian
1,1894.0,872.0,1977.0,908.0,10438,1,0,1,Pedestrian
1,1894.0,872.0,1977.0,908.0,10439,1,0,1,Pedestrian
1,1894.0,872.0,1977.0,908.0,10440,1,0,1,Pedestrian
1,1894.0,872.0,1977.0,908.0,10441,1,0,1,Pedestrian
1,1894.0,872.0,1977.0,908.0,10442,1,0,1,Pedestrian
1,1894.0,872.0,1977.0,908.0,10443,1,0,1,Pedestrian
1,1894.0,872.0,1977.0,908.0,10444,1,0,1,Pedestrian
1,1894.0,872.0,1977.0,908.0,10445,1,0,1,Pedestrian
1,1894.0,872.0,1977.0,908.0,10446,1,0,1,Pedestrian
1,1894.0,872.0,1977.0,908.0,10447,1,0,1,Pedestrian
1,1894.0,872.0,1977.0,908.0,10448,1,0,1,Pedestrian
1,1894.0,872.0,1977.0,908.0,10449,1,0,1,Pedestrian
1,1894.0,872.0,1977.0,908.0,10450,1,0,1,Pedestrian
1,1894.0,872.0,1977.0,908.0,10451,1,0,1,Pedestrian
1,1894.0,872.0,1977.0,908.0,10452,1,0,1,Pedestrian
1,1894.0,872.0,1977.0,908.0,10453,1,0,1,Pedestrian
1,1894.0,872.0,1977.0,908.0,10454,1,0,1,Pedestrian
1,1894.0,872.0,1977.0,908.0,10455,1,0,1,Pedestrian
1,1894.0,872.0,1977.0,908.0,10456,1,0,1,Pedestrian
1,1894.0,872.0,1977.0,908.0,10457,1,0,1,Pedestrian
1,1894.0,872.0,1977.0,908.0,10458,1,0,1,Pedestrian
1,1894.0,872.0,1977.0,908.0,10459,1,0,1,Pedestrian
1,1894.0,872.0,1977.0,908.0,10460,1,0,1,Pedestrian
1,1894.0,872.0,1977.0,908.0,10461,1,0,1,Pedestrian
1,1894.0,872.0,1977.0,908.0,10462,1,0,1,Pedestrian
1,1894.0,872.0,1977.0,908.0,10463,1,0,1,Pedestrian
1,1894.0,872.0,1977.0,908.0,10464,1,0,1,Pedestrian
1,1894.0,872.0,1977.0,908.0,10465,1,0,1,Pedestrian
1,1894.0,872.0,1977.0,908.0,10466,1,0,1,Pedestrian
1,1894.0,872.0,1977.0,908.0,10467,1,0,1,Pedestrian
1,1894.0,872.0,1977.0,908.0,10468,1,0,1,Pedestrian
1,1894.0,872.0,1977.0,908.0,10469,1,0,1,Pedestrian
1,1894.0,872.0,1977.0,908.0,10470,1,0,1,Pedestrian
1,1894.0,872.0,1977.0,908.0,10471,1,0,1,Pedestrian
1,1894.0,872.0,1977.0,908.0,10472,1,0,1,Pedestrian
1,1894.0,872.0,1977.0,908.0,10473,1,0,1,Pedestrian
1,1894.0,872.0,1977.0,908.0,10474,1,0,1,Pedestrian
1,1894.0,872.0,1977.0,908.0,10475,1,0,1,Pedestrian
1,1894.0,872.0,1977.0,908.0,10476,1,0,1,Pedestrian
1,1894.0,872.0,1977.0,908.0,10477,1,0,1,Pedestrian
1,1894.0,872.0,1977.0,908.0,10478,1,0,1,Pedestrian
1,1894.0,872.0,1977.0,908.0,10479,1,0,1,Pedestrian
1,1894.0,872.0,1977.0,908.0,10480,1,0,1,Pedestrian
1,1894.0,872.0,1977.0,908.0,10481,1,0,1,Pedestrian
1,1894.0,872.0,1977.0,908.0,10482,1,0,1,Pedestrian
1,1894.0,872.0,1977.0,908.0,10483,1,0,1,Pedestrian
1,1894.0,872.0,1977.0,908.0,10484,1,0,1,Pedestrian
1,1894.0,872.0,1977.0,908.0,10485,1,0,1,Pedestrian
1,1894.0,872.0,1977.0,908.0,10486,1,0,1,Pedestrian
1,1894.0,872.0,1977.0,908.0,10487,1,0,1,Pedestrian
1,1894.0,872.0,1977.0,908.0,10488,1,0,1,Pedestrian
1,1894.0,872.0,1977.0,908.0,10489,1,0,1,Pedestrian
1,1894.0,872.0,1977.0,908.0,10490,1,0,1,Pedestrian
1,1894.0,872.0,1977.0,908.0,10491,1,0,1,Pedestrian
1,1894.0,872.0,1977.0,908.0,10492,1,0,1,Pedestrian
1,1894.0,872.0,1977.0,908.0,10493,1,0,1,Pedestrian
1,1894.0,872.0,1977.0,908.0,10494,1,0,1,Pedestrian
1,1894.0,872.0,1977.0,908.0,10495,1,0,1,Pedestrian
1,1894.0,872.0,1977.0,908.0,10496,1,0,1,Pedestrian
1,1894.0,872.0,1977.0,908.0,10497,1,0,1,Pedestrian
1,1894.0,872.0,1977.0,908.0,10498,1,0,1,Pedestrian
1,1894.0,872.0,1977.0,908.0,10499,1,0,1,Pedestrian
1,1894.0,872.0,1977.0,908.0,10500,1,0,1,Pedestrian
1,1894.0,872.0,1977.0,908.0,10501,1,0,1,Pedestrian
1,1894.0,872.0,1977.0,908.0,10502,1,0,1,Pedestrian
1,1894.0,872.0,1977.0,908.0,10503,1,0,1,Pedestrian
1,1894.0,872.0,1977.0,908.0,10504,1,0,1,Pedestrian
1,1894.0,872.0,1977.0,908.0,10505,1,0,1,Pedestrian
1,1894.0,872.0,1977.0,908.0,10506,1,0,1,Pedestrian
1,1894.0,872.0,1977.0,908.0,10507,1,0,1,Pedestrian
1,1894.0,872.0,1977.0,908.0,10508,1,0,1,Pedestrian
1,1894.0,872.0,1977.0,908.0,10509,1,0,1,Pedestrian
1,1894.0,872.0,1977.0,908.0,10510,1,0,1,Pedestrian
1,1894.0,872.0,1977.0,908.0,10511,1,0,1,Pedestrian
1,1894.0,872.0,1977.0,908.0,10512,1,0,1,Pedestrian
1,1894.0,872.0,1977.0,908.0,10513,1,0,1,Pedestrian
1,1894.0,872.0,1977.0,908.0,10514,1,0,1,Pedestrian
1,1894.0,872.0,1977.0,908.0,10515,1,0,1,Pedestrian
1,1894.0,872.0,1977.0,908.0,10516,1,0,1,Pedestrian
1,1894.0,872.0,1977.0,908.0,10517,1,0,1,Pedestrian
1,1894.0,872.0,1977.0,908.0,10518,1,0,1,Pedestrian
1,1894.0,872.0,1977.0,908.0,10519,1,0,1,Pedestrian
1,1894.0,872.0,1977.0,908.0,10520,1,0,1,Pedestrian
1,1894.0,872.0,1977.0,908.0,10521,1,0,1,Pedestrian
1,1894.0,872.0,1977.0,908.0,10522,1,0,1,Pedestrian
1,1894.0,872.0,1977.0,908.0,10523,1,0,1,Pedestrian
1,1894.0,872.0,1977.0,908.0,10524,1,0,1,Pedestrian
1,1894.0,872.0,1977.0,908.0,10525,1,0,1,Pedestrian
1,1894.0,872.0,1977.0,908.0,10526,1,0,1,Pedestrian
1,1894.0,872.0,1977.0,908.0,10527,1,0,1,Pedestrian
1,1894.0,872.0,1977.0,908.0,10528,1,0,1,Pedestrian
1,1894.0,872.0,1977.0,908.0,10529,1,0,1,Pedestrian
1,1894.0,872.0,1977.0,908.0,10530,1,0,1,Pedestrian
1,1894.0,872.0,1977.0,908.0,10531,1,0,0,Pedestrian
2,822.0,20.0,891.0,61.0,7500,1,0,0,Pedestrian
2,819.0,18.0,888.0,61.0,7501,1,0,1,Pedestrian
2,819.0,18.0,888.0,61.0,7502,1,0,1,Pedestrian
2,819.0,18.0,888.0,61.0,7503,1,0,1,Pedestrian
2,819.0,18.0,888.0,61.0,7504,1,0,1,Pedestrian
2,819.0,18.0,888.0,61.0,7505,1,0,1,Pedestrian
2,819.0,18.0,888.0,61.0,7506,1,0,1,Pedestrian
2,819.0,15.0,888.0,61.0,7507,1,0,1,Pedestrian
2,819.0,15.0,888.0,61.0,7508,1,0,1,Pedestrian
2,819.0,15.0,888.0,61.0,7509,1,0,1,Pedestrian
2,819.0,15.0,888.0,61.0,7510,1,0,1,Pedestrian
2,819.0,15.0,888.0,61.0,7511,1,0,1,Pedestrian
2,819.0,15.0,888.0,61.0,7512,1,0,1,Pedestrian
2,819.0,13.0,888.0,61.0,7513,1,0,1,Pedestrian
2,819.0,13.0,888.0,61.0,7514,1,0,1,Pedestrian
2,819.0,13.0,888.0,61.0,7515,1,0,1,Pedestrian
2,819.0,13.0,888.0,61.0,7516,1,0,1,Pedestrian
2,819.0,13.0,888.0,61.0,7517,1,0,1,Pedestrian
2,819.0,13.0,888.0,61.0,7518,1,0,1,Pedestrian
2,819.0,11.0,888.0,61.0,7519,1,0,1,Pedestrian
2,819.0,11.0,888.0,61.0,7520,1,0,1,Pedestrian
2,819.0,11.0,888.0,61.0,7521,1,0,1,Pedestrian
2,819.0,11.0,888.0,61.0,7522,1,0,1,Pedestrian
2,819.0,11.0,888.0,61.0,7523,1,0,1,Pedestrian
2,819.0,11.0,888.0,61.0,7524,1,0,1,Pedestrian
2,819.0,9.0,888.0,61.0,7525,1,0,1,Pedestrian
2,819.0,9.0,888.0,61.0,7526,1,0,1,Pedestrian
2,819.0,9.0,888.0,61.0,7527,1,0,1,Pedestrian
2,819.0,9.0,885.0,61.0,7528,1,0,1,Pedestrian
2,819.0,9.0,885.0,61.0,7529,1,0,1,Pedestrian
2,819.0,9.0,885.0,61.0,7530,1,0,1,Pedestrian
2,819.0,6.0,885.0,61.0,7531,1,0,1,Pedestrian
2,819.0,6.0,885.0,61.0,7532,1,0,1,Pedestrian
2,819.0,6.0,885.0,61.0,7533,1,0,1,Pedestrian
2,819.0,6.0,885.0,61.0,7534,1,0,1,Pedestrian
2,819.0,6.0,885.0,61.0,7535,1,0,1,Pedestrian
2,819.0,6.0,885.0,61.0,7536,1,0,1,Pedestrian
2,819.0,4.0,885.0,61.0,7537,1,0,1,Pedestrian
2,819.0,4.0,885.0,61.0,7538,1,0,1,Pedestrian
2,819.0,4.0,885.0,61.0,7539,1,0,1,Pedestrian
2,819.0,4.0,885.0,61.0,7540,1,0,1,Pedestrian
2,819.0,4.0,885.0,61.0,7541,1,0,1,Pedestrian
2,819.0,4.0,885.0,61.0,7542,1,0,1,Pedestrian
2,819.0,2.0,885.0,61.0,7543,1,0,1,Pedestrian
2,819.0,2.0,885.0,61.0,7544,1,0,1,Pedestrian
2,819.0,2.0,885.0,61.0,7545,1,0,1,Pedestrian
2,819.0,2.0,885.0,61.0,7546,1,0,1,Pedestrian
2,819.0,2.0,885.0,61.0,7547,1,0,1,Pedestrian
2,819.0,2.0,885.0,61.0,7548,1,0,1,Pedestrian
2,819.0,0.0,885.0,61.0,7549,1,0,1,Pedestrian
2,819.0,0.0,885.0,61.0,7550,1,0,1,Pedestrian
2,819.0,0.0,885.0,61.0,7551,1,0,1,Pedestrian
2,819.0,0.0,885.0,61.0,7552,1,0,1,Pedestrian
2,819.0,0.0,885.0,61.0,7553,1,0,1,Pedestrian
2,819.0,0.0,885.0,61.0,7554,1,0,1,Pedestrian
2,819.0,0.0,885.0,61.0,7555,0,0,0,Pedestrian
2,819.0,0.0,885.0,61.0,7556,0,0,1,Pedestrian
2,819.0,0.0,885.0,61.0,7557,0,0,1,Pedestrian
2,822.0,0.0,888.0,61.0,7558,0,0,1,Pedestrian
2,822.0,0.0,888.0,61.0,7559,0,0,1,Pedestrian
2,822.0,0.0,888.0,61.0,7560,0,0,1,Pedestrian
2,825.0,0.0,891.0,61.0,7561,0,0,1,Pedestrian
2,825.0,0.0,891.0,61.0,7562,0,0,1,Pedestrian
2,827.0,0.0,893.0,61.0,7563,0,0,1,Pedestrian
2,827.0,0.0,893.0,61.0,7564,0,0,1,Pedestrian
2,827.0,0.0,893.0,61.0,7565,0,0,1,Pedestrian
2,830.0,0.0,896.0,61.0,7566,0,0,1,Pedestrian
2,830.0,0.0,896.0,61.0,7567,0,0,1,Pedestrian
2,833.0,0.0,899.0,61.0,7568,0,0,1,Pedestrian
2,833.0,0.0,899.0,61.0,7569,0,0,1,Pedestrian
2,833.0,0.0,899.0,61.0,7570,0,0,1,Pedestrian
2,836.0,0.0,902.0,61.0,7571,0,0,1,Pedestrian
2,836.0,0.0,902.0,61.0,7572,0,0,1,Pedestrian
2,836.0,0.0,902.0,61.0,7573,0,0,1,Pedestrian
2,838.0,0.0,904.0,61.0,7574,0,0,1,Pedestrian
2,838.0,0.0,904.0,61.0,7575,0,0,1,Pedestrian
2,841.0,0.0,907.0,61.0,7576,0,0,1,Pedestrian
2,841.0,0.0,907.0,61.0,7577,0,0,1,Pedestrian
2,841.0,0.0,907.0,61.0,7578,0,0,1,Pedestrian
2,844.0,0.0,910.0,61.0,7579,0,0,1,Pedestrian
2,844.0,0.0,910.0,61.0,7580,0,0,1,Pedestrian
2,847.0,0.0,913.0,61.0,7581,0,0,0,Pedestrian
2,844.0,0.0,910.0,61.0,7582,0,0,1,Pedestrian
2,844.0,0.0,910.0,61.0,7583,0,0,1,Pedestrian
2,844.0,0.0,910.0,61.0,7584,0,0,1,Pedestrian
2,841.0,2.0,910.0,61.0,7585,0,0,1,Pedestrian
2,841.0,2.0,907.0,61.0,7586,0,0,1,Pedestrian
2,841.0,2.0,907.0,61.0,7587,0,0,1,Pedestrian
2,841.0,2.0,907.0,61.0,7588,0,0,1,Pedestrian
2,838.0,4.0,907.0,61.0,7589,0,0,1,Pedestrian
2,838.0,4.0,904.0,61.0,7590,0,0,1,Pedestrian
2,838.0,4.0,904.0,61.0,7591,0,0,1,Pedestrian
2,838.0,4.0,904.0,61.0,7592,0,0,1,Pedestrian
2,836.0,6.0,904.0,61.0,7593,0,0,1,Pedestrian
2,836.0,6.0,904.0,61.0,7594,0,0,1,Pedestrian
2,836.0,6.0,902.0,61.0,7595,0,0,1,Pedestrian
2,836.0,6.0,902.0,61.0,7596,0,0,1,Pedestrian
2,833.0,9.0,902.0,61.0,7597,0,0,1,Pedestrian
2,833.0,9.0,902.0,61.0,7598,0,0,1,Pedestrian
2,833.0,9.0,899.0,61.0,7599,0,0,1,Pedestrian
2,833.0,9.0,899.0,61.0,7600,0,0,1,Pedestrian
2,830.0,11.0,899.0,61.0,7601,0,0,1,Pedestrian
2,830.0,11.0,899.0,61.0,7602,0,0,1,Pedestrian
2,830.0,11.0,896.0,61.0,7603,0,0,1,Pedestrian
2,830.0,11.0,896.0,61.0,7604,0,0,1,Pedestrian
2,827.0,13.0,896.0,61.0,7605,0,0,1,Pedestrian
2,827.0,13.0,896.0,61.0,7606,0,0,1,Pedestrian
2,827.0,13.0,896.0,61.0,7607,0,0,1,Pedestrian
2,827.0,13.0,893.0,61.0,7608,0,0,1,Pedestrian
2,825.0,15.0,893.0,61.0,7609,0,0,1,Pedestrian
2,825.0,15.0,893.0,61.0,7610,0,0,1,Pedestrian
2,825.0,15.0,893.0,61.0,7611,0,0,1,Pedestrian
2,825.0,15.0,891.0,61.0,7612,0,0,1,Pedestrian
2,822.0,18.0,891.0,61.0,7613,0,0,1,Pedestrian
2,822.0,18.0,891.0,61.0,7614,0,0,1,Pedestrian
2,822.0,18.0,891.0,61.0,7615,0,0,1,Pedestrian
2,822.0,20.0,891.0,61.0,7616,0,0,0,Pedestrian
2,822.0,20.0,891.0,61.0,7617,0,0,1,Pedestrian
2,822.0,22.0,891.0,63.0,7618,0,0,1,Pedestrian
2,822.0,22.0,891.0,63.0,7619,0,0,1,Pedestrian
2,822.0,25.0,891.0,66.0,7620,0,0,1,Pedestrian
2,825.0,27.0,893.0,68.0,7621,0,0,1,Pedestrian
2,825.0,27.0,893.0,68.0,7622,0,0,1,Pedestrian
2,825.0,29.0,893.0,70.0,7623,0,0,1,Pedestrian
2,825.0,31.0,893.0,72.0,7624,0,0,1,Pedestrian
2,827.0,31.0,896.0,72.0,7625,0,0,1,Pedestrian
2,827.0,34.0,896.0,75.0,7626,0,0,1,Pedestrian
2,827.0,36.0,896.0,77.0,7627,0,0,1,Pedestrian
2,827.0,36.0,896.0,77.0,7628,0,0,1,Pedestrian
2,830.0,38.0,899.0,79.0,7629,0,0,1,Pedestrian
2,830.0,40.0,899.0,81.0,7630,0,0,1,Pedestrian
2,830.0,40.0,899.0,81.0,7631,0,0,1,Pedestrian
2,830.0,43.0,899.0,84.0,7632,0,0,1,Pedestrian
2,833.0,45.0,902.0,86.0,7633,0,0,1,Pedestrian
2,833.0,45.0,902.0,86.0,7634,0,0,1,Pedestrian
2,833.0,47.0,902.0,88.0,7635,0,0,1,Pedestrian
2,833.0,50.0,902.0,91.0,7636,0,0,1,Pedestrian
2,833.0,50.0,904.0,91.0,7637,0,0,1,Pedestrian
2,836.0,52.0,904.0,93.0,7638,0,0,1,Pedestrian
2,836.0,54.0,904.0,95.0,7639,0,0,1,Pedestrian
2,836.0,54.0,904.0,95.0,7640,0,0,1,Pedestrian
2,836.0,56.0,907.0,97.0,7641,0,0,1,Pedestrian
2,838.0,59.0,907.0,100.0,7642,0,0,1,Pedestrian
2,838.0,59.0,907.0,100.0,7643,0,0,1,Pedestrian
2,838.0,61.0,907.0,102.0,7644,0,0,1,Pedestrian
2,838.0,63.0,910.0,104.0,7645,0,0,1,Pedestrian
2,841.0,63.0,910.0,104.0,7646,0,0,1,Pedestrian
2,841.0,66.0,910.0,107.0,7647,0,0,1,Pedestrian
2,841.0,68.0,910.0,109.0,7648,0,0,1,Pedestrian
2,841.0,68.0,910.0,109.0,7649,0,0,1,Pedestrian
2,844.0,70.0,913.0,111.0,7650,0,0,1,Pedestrian
2,844.0,72.0,913.0,113.0,7651,0,0,1,Pedestrian
2,844.0,72.0,913.0,113.0,7652,0,0,1,Pedestrian
2,844.0,75.0,913.0,116.0,7653,0,0,1,Pedestrian
2,844.0,77.0,915.0,118.0,7654,0,0,1,Pedestrian
2,847.0,77.0,915.0,118.0,7655,0,0,1,Pedestrian
2,847.0,79.0,915.0,120.0,7656,0,0,1,Pedestrian
2,847.0,79.0,915.0,120.0,7657,0,0,1,Pedestrian
2,847.0,81.0,918.0,122.0,7658,0,0,1,Pedestrian
2,849.0,84.0,918.0,125.0,7659,0,0,1,Pedestrian
2,849.0,84.0,918.0,125.0,7660,0,0,1,Pedestrian
2,849.0,86.0,918.0,127.0,7661,0,0,1,Pedestrian
2,849.0,88.0,921.0,129.0,7662,0,0,1,Pedestrian
2,852.0,88.0,921.0,129.0,7663,0,0,1,Pedestrian
2,852.0,91.0,921.0,132.0,7664,0,0,1,Pedestrian
2,852.0,93.0,921.0,134.0,7665,0,0,1,Pedestrian
2,852.0,93.0,924.0,134.0,7666,0,0,1,Pedestrian
2,855.0,95.0,924.0,136.0,7667,0,0,1,Pedestrian
2,855.0,97.0,924.0,138.0,7668,0,0,1,Pedestrian
2,855.0,97.0,924.0,138.0,7669,0,0,1,Pedestrian
2,855.0,100.0,926.0,141.0,7670,0,0,1,Pedestrian
2,855.0,102.0,926.0,143.0,7671,0,0,1,Pedestrian
2,858.0,102.0,926.0,143.0,7672,0,0,1,Pedestrian
2,858.0,104.0,926.0,145.0,7673,0,0,1,Pedestrian
2,858.0,107.0,929.0,148.0,7674,0,0,1,Pedestrian
2,858.0,107.0,929.0,148.0,7675,0,0,1,Pedestrian
2,860.0,109.0,929.0,150.0,7676,0,0,1,Pedestrian
2,860.0,111.0,929.0,152.0,7677,0,0,1,Pedestrian
2,860.0,111.0,932.0,152.0,7678,0,0,1,Pedestrian
2,860.0,113.0,932.0,154.0,7679,0,0,1,Pedestrian
2,863.0,116.0,932.0,157.0,7680,0,0,1,Pedestrian
2,863.0,116.0,932.0,157.0,7681,0,0,1,Pedestrian
2,863.0,118.0,932.0,159.0,7682,0,0,1,Pedestrian
2,863.0,120.0,935.0,161.0,7683,0,0,1,Pedestrian
2,866.0,120.0,935.0,161.0,7684,0,0,1,Pedestrian
2,866.0,122.0,935.0,163.0,7685,0,0,1,Pedestrian
2,866.0,125.0,935.0,166.0,7686,0,0,1,Pedestrian
2,866.0,125.0,937.0,166.0,7687,0,0,1,Pedestrian
2,866.0,127.0,937.0,168.0,7688,0,0,1,Pedestrian
2,869.0,129.0,937.0,170.0,7689,0,0,1,Pedestrian
2,869.0,129.0,937.0,170.0,7690,0,0,1,Pedestrian
2,869.0,132.0,940.0,173.0,7691,0,0,1,Pedestrian
2,869.0,134.0,940.0,175.0,7692,0,0,1,Pedestrian
2,871.0,134.0,940.0,175.0,7693,0,0,1,Pedestrian
2,871.0,136.0,940.0,177.0,7694,0,0,1,Pedestrian
2,871.0,138.0,943.0,179.0,7695,0,0,1,Pedestrian
2,871.0,138.0,943.0,179.0,7696,0,0,1,Pedestrian
2,874.0,141.0,943.0,182.0,7697,0,0,1,Pedestrian
2,874.0,141.0,943.0,182.0,7698,0,0,1,Pedestrian
2,874.0,143.0,946.0,184.0,7699,0,0,1,Pedestrian
2,874.0,145.0,946.0,186.0,7700,0,0,1,Pedestrian
2,877.0,145.0,946.0,186.0,7701,0,0,1,Pedestrian
2,877.0,148.0,946.0,188.0,7702,0,0,1,Pedestrian
2,877.0,150.0,948.0,191.0,7703,0,0,1,Pedestrian
2,877.0,150.0,948.0,191.0,7704,0,0,1,Pedestrian
2,880.0,152.0,948.0,193.0,7705,0,0,1,Pedestrian
2,880.0,154.0,948.0,195.0,7706,0,0,1,Pedestrian
2,880.0,154.0,951.0,195.0,7707,0,0,1,Pedestrian
2,880.0,157.0,951.0,198.0,7708,0,0,1,Pedestrian
2,880.0,159.0,951.0,200.0,7709,0,0,1,Pedestrian
2,882.0,159.0,951.0,200.0,7710,0,0,1,Pedestrian
2,882.0,161.0,954.0,202.0,7711,0,0,1,Pedestrian
2,882.0,163.0,954.0,204.0,7712,0,0,1,Pedestrian
2,882.0,163.0,954.0,204.0,7713,0,0,1,Pedestrian
2,885.0,166.0,954.0,207.0,7714,0,0,1,Pedestrian
2,885.0,168.0,954.0,209.0,7715,0,0,1,Pedestrian
2,885.0,168.0,957.0,209.0,7716,0,0,1,Pedestrian
2,885.0,170.0,957.0,211.0,7717,0,0,1,Pedestrian
2,888.0,173.0,957.0,214.0,7718,0,0,1,Pedestrian
2,888.0,173.0,957.0,214.0,7719,0,0,1,Pedestrian
2,888.0,175.0,959.0,216.0,7720,0,0,1,Pedestrian
2,888.0,177.0,959.0,218.0,7721,0,0,1,Pedestrian
2,891.0,177.0,959.0,218.0,7722,0,0,1,Pedestrian
2,891.0,179.0,959.0,220.0,7723,0,0,1,Pedestrian
2,891.0,182.0,962.0,223.0,7724,0,0,1,Pedestrian
2,891.0,182.0,962.0,223.0,7725,0,0,1,Pedestrian
2,891.0,184.0,962.0,225.0,7726,0,0,1,Pedestrian
2,893.0,186.0,962.0,227.0,7727,0,0,1,Pedestrian
2,893.0,186.0,965.0,227.0,7728,0,0,1,Pedestrian
2,893.0,188.0,965.0,229.0,7729,0,0,1,Pedestrian
2,893.0,191.0,965.0,232.0,7730,0,0,1,Pedestrian
2,896.0,191.0,965.0,232.0,7731,0,0,1,Pedestrian
2,896.0,193.0,968.0,234.0,7732,0,0,1,Pedestrian
2,896.0,195.0,968.0,236.0,7733,0,0,1,Pedestrian
2,896.0,195.0,968.0,236.0,7734,0,0,1,Pedestrian
2,899.0,198.0,968.0,239.0,7735,0,0,1,Pedestrian
2,899.0,200.0,970.0,241.0,7736,0,0,1,Pedestrian
2,899.0,200.0,970.0,241.0,7737,0,0,1,Pedestrian
2,899.0,202.0,970.0,243.0,7738,0,0,1,Pedestrian
2,902.0,202.0,970.0,243.0,7739,0,0,1,Pedestrian
2,902.0,204.0,973.0,245.0,7740,0,0,1,Pedestrian
2,902.0,207.0,973.0,248.0,7741,0,0,1,Pedestrian
2,902.0,207.0,973.0,248.0,7742,0,0,1,Pedestrian
2,902.0,209.0,973.0,250.0,7743,0,0,1,Pedestrian
2,904.0,211.0,976.0,252.0,7744,0,0,1,Pedestrian
2,904.0,211.0,976.0,252.0,7745,0,0,1,Pedestrian
2,904.0,214.0,976.0,255.0,7746,0,0,1,Pedestrian
2,904.0,216.0,976.0,257.0,7747,0,0,1,Pedestrian
2,907.0,216.0,976.0,257.0,7748,0,0,1,Pedestrian
2,907.0,218.0,979.0,259.0,7749,0,0,1,Pedestrian
2,907.0,220.0,979.0,261.0,7750,0,0,1,Pedestrian
2,907.0,220.0,979.0,261.0,7751,0,0,1,Pedestrian
2,910.0,223.0,979.0,264.0,7752,0,0,1,Pedestrian
2,910.0,225.0,981.0,266.0,7753,0,0,1,Pedestrian
2,910.0,225.0,981.0,266.0,7754,0,0,1,Pedestrian
2,910.0,227.0,981.0,268.0,7755,0,0,1,Pedestrian
2,913.0,229.0,981.0,270.0,7756,0,0,1,Pedestrian
2,913.0,229.0,984.0,270.0,7757,0,0,1,Pedestrian
2,913.0,232.0,984.0,273.0,7758,0,0,1,Pedestrian
2,913.0,234.0,984.0,275.0,7759,0,0,1,Pedestrian
2,913.0,234.0,984.0,275.0,7760,0,0,1,Pedestrian
2,915.0,236.0,987.0,277.0,7761,0,0,1,Pedestrian
2,915.0,239.0,987.0,280.0,7762,0,0,1,Pedestrian
2,915.0,239.0,987.0,280.0,7763,0,0,1,Pedestrian
2,915.0,241.0,987.0,282.0,7764,0,0,1,Pedestrian
2,918.0,243.0,990.0,284.0,7765,0,0,1,Pedestrian
2,918.0,243.0,990.0,284.0,7766,0,0,1,Pedestrian
2,918.0,245.0,990.0,286.0,7767,0,0,1,Pedestrian
2,918.0,248.0,990.0,289.0,7768,0,0,1,Pedestrian
2,921.0,248.0,992.0,289.0,7769,0,0,1,Pedestrian
2,921.0,250.0,992.0,291.0,7770,0,0,1,Pedestrian
2,921.0,252.0,992.0,293.0,7771,0,0,1,Pedestrian
2,921.0,252.0,992.0,293.0,7772,0,0,1,Pedestrian
2,924.0,255.0,995.0,296.0,7773,0,0,1,Pedestrian
2,924.0,257.0,995.0,298.0,7774,0,0,1,Pedestrian
2,924.0,257.0,995.0,298.0,7775,0,0,1,Pedestrian
2,924.0,259.0,995.0,300.0,7776,0,0,1,Pedestrian
2,926.0,261.0,998.0,302.0,7777,0,0,0,Pedestrian
2,926.0,261.0,998.0,302.0,7778,0,0,1,Pedestrian
2,926.0,264.0,998.0,305.0,7779,0,0,1,Pedestrian
2,926.0,264.0,998.0,305.0,7780,0,0,1,Pedestrian
2,929.0,266.0,1001.0,307.0,7781,0,0,1,Pedestrian
2,929.0,266.0,1001.0,307.0,7782,0,0,1,Pedestrian
2,929.0,268.0,1001.0,309.0,7783,0,0,1,Pedestrian
2,929.0,270.0,1001.0,311.0,7784,0,0,1,Pedestrian
2,932.0,270.0,1003.0,311.0,7785,0,0,1,Pedestrian
2,932.0,273.0,1003.0,314.0,7786,0,0,1,Pedestrian
2,932.0,273.0,1003.0,314.0,7787,0,0,1,Pedestrian
2,932.0,275.0,1003.0,316.0,7788,0,0,1,Pedestrian
2,935.0,275.0,1006.0,316.0,7789,0,0,1,Pedestrian
2,935.0,277.0,1006.0,318.0,7790,0,0,1,Pedestrian
2,935.0,280.0,1006.0,321.0,7791,0,0,1,Pedestrian
2,937.0,280.0,1009.0,321.0,7792,0,0,1,Pedestrian
2,937.0,282.0,1009.0,323.0,7793,0,0,1,Pedestrian
2,937.0,282.0,1009.0,323.0,7794,0,0,1,Pedestrian
2,937.0,284.0,1009.0,325.0,7795,0,0,1,Pedestrian
2,940.0,284.0,1012.0,325.0,7796,0,0,1,Pedestrian
2,940.0,286.0,1012.0,327.0,7797,0,0,1,Pedestrian
2,940.0,289.0,1012.0,330.0,7798,0,0,1,Pedestrian
2,940.0,289.0,1012.0,330.0,7799,0,0,1,Pedestrian
2,943.0,291.0,1014.0,332.0,7800,0,0,1,Pedestrian
2,943.0,291.0,1014.0,332.0,7801,0,0,1,Pedestrian
2,943.0,293.0,1014.0,334.0,7802,0,0,1,Pedestrian
2,943.0,293.0,1014.0,334.0,7803,0,0,1,Pedestrian
2,946.0,296.0,1017.0,337.0,7804,0,0,1,Pedestrian
2,946.0,298.0,1017.0,339.0,7805,0,0,1,Pedestrian
2,946.0,298.0,1017.0,339.0,7806,0,0,1,Pedestrian
2,948.0,300.0,1020.0,341.0,7807,0,0,1,Pedestrian
2,948.0,300.0,1020.0,341.0,7808,0,0,1,Pedestrian
2,948.0,302.0,1020.0,343.0,7809,0,0,1,Pedestrian
2,948.0,302.0,1020.0,343.0,7810,0,0,1,Pedestrian
2,951.0,305.0,1023.0,346.0,7811,0,0,1,Pedestrian
2,951.0,307.0,1023.0,348.0,7812,0,0,1,Pedestrian
2,951.0,307.0,1023.0,348.0,7813,0,0,1,Pedestrian
2,951.0,309.0,1023.0,350.0,7814,0,0,1,Pedestrian
2,954.0,309.0,1025.0,350.0,7815,0,0,1,Pedestrian
2,954.0,311.0,1025.0,352.0,7816,0,0,1,Pedestrian
2,954.0,314.0,1025.0,355.0,7817,0,0,1,Pedestrian
2,954.0,314.0,1025.0,355.0,7818,0,0,1,Pedestrian
2,957.0,316.0,1028.0,357.0,7819,0,0,1,Pedestrian
2,957.0,316.0,1028.0,357.0,7820,0,0,1,Pedestrian
2,957.0,318.0,1028.0,359.0,7821,0,0,1,Pedestrian
2,959.0,318.0,1031.0,359.0,7822,0,0,1,Pedestrian
2,959.0,321.0,1031.0,362.0,7823,0,0,1,Pedestrian
2,959.0,323.0,1031.0,364.0,7824,0,0,1,Pedestrian
2,959.0,323.0,1031.0,364.0,7825,0,0,1,Pedestrian
2,962.0,325.0,1034.0,366.0,7826,0,0,1,Pedestrian
2,962.0,325.0,1034.0,366.0,7827,0,0,1,Pedestrian
2,962.0,327.0,1034.0,368.0,7828,0,0,1,Pedestrian
2,962.0,327.0,1034.0,368.0,7829,0,0,1,Pedestrian
2,965.0,330.0,1036.0,371.0,7830,0,0,1,Pedestrian
2,965.0,332.0,1036.0,373.0,7831,0,0,1,Pedestrian
2,965.0,332.0,1036.0,373.0,7832,0,0,1,Pedestrian
2,965.0,334.0,1036.0,375.0,7833,0,0,1,Pedestrian
2,968.0,334.0,1039.0,375.0,7834,0,0,1,Pedestrian
2,968.0,337.0,1039.0,377.0,7835,0,0,1,Pedestrian
2,968.0,337.0,1039.0,377.0,7836,0,0,1,Pedestrian
2,970.0,339.0,1042.0,380.0,7837,0,0,1,Pedestrian
2,970.0,341.0,1042.0,382.0,7838,0,0,1,Pedestrian
2,970.0,341.0,1042.0,382.0,7839,0,0,1,Pedestrian
2,970.0,343.0,1042.0,384.0,7840,0,0,1,Pedestrian
2,973.0,343.0,1045.0,384.0,7841,0,0,1,Pedestrian
2,973.0,346.0,1045.0,387.0,7842,0,0,1,Pedestrian
2,973.0,346.0,1045.0,387.0,7843,0,0,1,Pedestrian
2,973.0,348.0,1045.0,389.0,7844,0,0,1,Pedestrian
2,976.0,350.0,1047.0,391.0,7845,0,0,1,Pedestrian
2,976.0,350.0,1047.0,391.0,7846,0,0,1,Pedestrian
2,976.0,352.0,1047.0,393.0,7847,0,0,1,Pedestrian
2,976.0,352.0,1047.0,393.0,7848,0,0,1,Pedestrian
2,979.0,355.0,1050.0,396.0,7849,0,0,1,Pedestrian
2,979.0,357.0,1050.0,398.0,7850,0,0,1,Pedestrian
2,979.0,357.0,1050.0,398.0,7851,0,0,1,Pedestrian
2,981.0,359.0,1053.0,400.0,7852,0,0,1,Pedestrian
2,981.0,359.0,1053.0,400.0,7853,0,0,1,Pedestrian
2,981.0,362.0,1053.0,403.0,7854,0,0,1,Pedestrian
2,981.0,362.0,1053.0,403.0,7855,0,0,1,Pedestrian
2,984.0,364.0,1056.0,405.0,7856,0,0,1,Pedestrian
2,984.0,366.0,1056.0,407.0,7857,0,0,1,Pedestrian
2,984.0,366.0,1056.0,407.0,7858,0,0,1,Pedestrian
2,984.0,368.0,1056.0,409.0,7859,0,0,1,Pedestrian
2,987.0,368.0,1058.0,409.0,7860,0,0,1,Pedestrian
2,987.0,371.0,1058.0,412.0,7861,0,0,1,Pedestrian
2,987.0,371.0,1058.0,412.0,7862,0,0,1,Pedestrian
2,990.0,373.0,1061.0,414.0,7863,0,0,1,Pedestrian
2,990.0,375.0,1061.0,416.0,7864,0,0,1,Pedestrian
2,990.0,375.0,1061.0,416.0,7865,0,0,1,Pedestrian
2,990.0,377.0,1061.0,418.0,7866,0,0,1,Pedestrian
2,992.0,377.0,1064.0,418.0,7867,0,0,1,Pedestrian
2,992.0,380.0,1064.0,421.0,7868,0,0,1,Pedestrian
2,992.0,380.0,1064.0,421.0,7869,0,0,1,Pedestrian
2,992.0,382.0,1064.0,423.0,7870,0,0,1,Pedestrian
2,995.0,384.0,1067.0,425.0,7871,0,0,1,Pedestrian
2,995.0,384.0,1067.0,425.0,7872,0,0,1,Pedestrian
2,995.0,387.0,1067.0,428.0,7873,0,0,1,Pedestrian
2,995.0,387.0,1067.0,428.0,7874,0,0,1,Pedestrian
2,998.0,389.0,1069.0,430.0,7875,0,0,1,Pedestrian
2,998.0,389.0,1069.0,430.0,7876,0,0,1,Pedestrian
2,998.0,391.0,1069.0,432.0,7877,0,0,1,Pedestrian
2,1001.0,393.0,1072.0,434.0,7878,0,0,1,Pedestrian
2,1001.0,393.0,1072.0,434.0,7879,0,0,1,Pedestrian
2,1001.0,396.0,1072.0,437.0,7880,0,0,1,Pedestrian
2,1001.0,396.0,1072.0,437.0,7881,0,0,1,Pedestrian
2,1003.0,398.0,1075.0,439.0,7882,0,0,1,Pedestrian
2,1003.0,400.0,1075.0,441.0,7883,0,0,1,Pedestrian
2,1003.0,400.0,1075.0,441.0,7884,0,0,1,Pedestrian
2,1003.0,403.0,1075.0,444.0,7885,0,0,1,Pedestrian
2,1006.0,403.0,1078.0,444.0,7886,0,0,1,Pedestrian
2,1006.0,405.0,1078.0,446.0,7887,0,0,1,Pedestrian
2,1006.0,405.0,1078.0,446.0,7888,0,0,1,Pedestrian
2,1006.0,407.0,1078.0,448.0,7889,0,0,1,Pedestrian
2,1009.0,409.0,1080.0,450.0,7890,0,0,1,Pedestrian
2,1009.0,409.0,1080.0,450.0,7891,0,0,1,Pedestrian
2,1009.0,412.0,1080.0,453.0,7892,0,0,1,Pedestrian
2,1012.0,412.0,1083.0,453.0,7893,0,0,1,Pedestrian
2,1012.0,414.0,1083.0,455.0,7894,0,0,1,Pedestrian
2,1012.0,414.0,1083.0,455.0,7895,0,0,1,Pedestrian
2,1012.0,416.0,1083.0,457.0,7896,0,0,1,Pedestrian
2,1014.0,418.0,1086.0,459.0,7897,0,0,1,Pedestrian
2,1014.0,418.0,1086.0,459.0,7898,0,0,1,Pedestrian
2,1014.0,421.0,1086.0,462.0,7899,0,0,1,Pedestrian
2,1014.0,421.0,1086.0,462.0,7900,0,0,1,Pedestrian
2,1017.0,423.0,1089.0,464.0,7901,0,0,1,Pedestrian
2,1017.0,423.0,1089.0,464.0,7902,0,0,1,Pedestrian
2,1017.0,425.0,1089.0,466.0,7903,0,0,1,Pedestrian
2,1017.0,428.0,1089.0,469.0,7904,0,0,1,Pedestrian
2,1020.0,428.0,1091.0,469.0,7905,0,0,1,Pedestrian
2,1020.0,430.0,1091.0,471.0,7906,0,0,1,Pedestrian
2,1020.0,430.0,1091.0,471.0,7907,0,0,1,Pedestrian
2,1023.0,432.0,1094.0,473.0,7908,0,0,1,Pedestrian
2,1023.0,432.0,1094.0,473.0,7909,0,0,1,Pedestrian
2,1023.0,434.0,1094.0,475.0,7910,0,0,1,Pedestrian
2,1023.0,437.0,1094.0,478.0,7911,0,0,1,Pedestrian
2,1025.0,437.0,1097.0,478.0,7912,0,0,1,Pedestrian
2,1025.0,439.0,1097.0,480.0,7913,0,0,1,Pedestrian
2,1025.0,439.0,1097.0,480.0,7914,0,0,1,Pedestrian
2,1025.0,441.0,1097.0,482.0,7915,0,0,1,Pedestrian
2,1028.0,444.0,1100.0,485.0,7916,0,0,1,Pedestrian
2,1028.0,444.0,1100.0,485.0,7917,0,0,1,Pedestrian
2,1028.0,446.0,1100.0,487.0,7918,0,0,1,Pedestrian
2,1028.0,446.0,1100.0,487.0,7919,0,0,1,Pedestrian
2,1031.0,448.0,1102.0,489.0,7920,0,0,1,Pedestrian
2,1031.0,448.0,1102.0,489.0,7921,0,0,1,Pedestrian
2,1031.0,450.0,1102.0,491.0,7922,0,0,1,Pedestrian
2,1034.0,453.0,1105.0,494.0,7923,0,0,1,Pedestrian
2,1034.0,453.0,1105.0,494.0,7924,0,0,1,Pedestrian
2,1034.0,455.0,1105.0,496.0,7925,0,0,1,Pedestrian
2,1034.0,455.0,1105.0,496.0,7926,0,0,1,Pedestrian
2,1036.0,457.0,1108.0,498.0,7927,0,0,1,Pedestrian
2,1036.0,457.0,1108.0,498.0,7928,0,0,1,Pedestrian
2,1036.0,459.0,1108.0,500.0,7929,0,0,1,Pedestrian
2,1036.0,462.0,1108.0,503.0,7930,0,0,1,Pedestrian
2,1039.0,462.0,1111.0,503.0,7931,0,0,1,Pedestrian
2,1039.0,464.0,1111.0,505.0,7932,0,0,1,Pedestrian
2,1039.0,464.0,1111.0,505.0,7933,0,0,1,Pedestrian
2,1039.0,466.0,1111.0,507.0,7934,0,0,1,Pedestrian
2,1042.0,466.0,1113.0,507.0,7935,0,0,1,Pedestrian
2,1042.0,469.0,1113.0,510.0,7936,0,0,1,Pedestrian
2,1042.0,471.0,1113.0,512.0,7937,0,0,1,Pedestrian
2,1045.0,471.0,1116.0,512.0,7938,0,0,1,Pedestrian
2,1045.0,473.0,1116.0,514.0,7939,0,0,1,Pedestrian
2,1045.0,473.0,1116.0,514.0,7940,0,0,1,Pedestrian
2,1045.0,475.0,1116.0,516.0,7941,0,0,1,Pedestrian
2,1047.0,475.0,1119.0,516.0,7942,0,0,1,Pedestrian
2,1047.0,478.0,1119.0,519.0,7943,0,0,1,Pedestrian
2,1047.0,480.0,1119.0,521.0,7944,0,0,1,Pedestrian
2,1047.0,480.0,1119.0,521.0,7945,0,0,1,Pedestrian
2,1050.0,482.0,1122.0,523.0,7946,0,0,1,Pedestrian
2,1050.0,482.0,1122.0,523.0,7947,0,0,1,Pedestrian
2,1050.0,485.0,1122.0,526.0,7948,0,0,1,Pedestrian
2,1053.0,487.0,1124.0,528.0,7949,0,0,0,Pedestrian
2,1053.0,487.0,1124.0,528.0,7950,0,0,1,Pedestrian
2,1053.0,487.0,1124.0,528.0,7951,0,0,1,Pedestrian
2,1053.0,489.0,1124.0,530.0,7952,0,0,1,Pedestrian
2,1056.0,489.0,1127.0,530.0,7953,0,0,1,Pedestrian
2,1056.0,491.0,1127.0,532.0,7954,0,0,1,Pedestrian
2,1056.0,491.0,1127.0,532.0,7955,0,0,1,Pedestrian
2,1056.0,494.0,1127.0,535.0,7956,0,0,1,Pedestrian
2,1058.0,494.0,1130.0,535.0,7957,0,0,1,Pedestrian
2,1058.0,496.0,1130.0,537.0,7958,0,0,1,Pedestrian
2,1058.0,496.0,1130.0,537.0,7959,0,0,1,Pedestrian
2,1061.0,498.0,1133.0,539.0,7960,0,0,1,Pedestrian
2,1061.0,498.0,1133.0,539.0,7961,0,0,1,Pedestrian
2,1061.0,500.0,1133.0,541.0,7962,0,0,1,Pedestrian
2,1061.0,500.0,1133.0,541.0,7963,0,0,1,Pedestrian
2,1064.0,503.0,1135.0,544.0,7964,0,0,1,Pedestrian
2,1064.0,503.0,1135.0,544.0,7965,0,0,1,Pedestrian
2,1064.0,505.0,1135.0,546.0,7966,0,0,1,Pedestrian
2,1064.0,505.0,1135.0,546.0,7967,0,0,1,Pedestrian
2,1067.0,505.0,1138.0,546.0,7968,0,0,1,Pedestrian
2,1067.0,507.0,1138.0,548.0,7969,0,0,1,Pedestrian
2,1067.0,507.0,1138.0,548.0,7970,0,0,1,Pedestrian
2,1069.0,510.0,1141.0,551.0,7971,0,0,1,Pedestrian
2,1069.0,510.0,1141.0,551.0,7972,0,0,1,Pedestrian
2,1069.0,512.0,1141.0,553.0,7973,0,0,1,Pedestrian
2,1069.0,512.0,1141.0,553.0,7974,0,0,1,Pedestrian
2,1072.0,514.0,1144.0,555.0,7975,0,0,1,Pedestrian
2,1072.0,514.0,1144.0,555.0,7976,0,0,1,Pedestrian
2,1072.0,516.0,1144.0,557.0,7977,0,0,1,Pedestrian
2,1072.0,516.0,1144.0,557.0,7978,0,0,1,Pedestrian
2,1075.0,519.0,1146.0,560.0,7979,0,0,1,Pedestrian
2,1075.0,519.0,1146.0,560.0,7980,0,0,1,Pedestrian
2,1075.0,521.0,1146.0,562.0,7981,0,0,1,Pedestrian
2,1078.0,521.0,1149.0,562.0,7982,0,0,1,Pedestrian
2,1078.0,523.0,1149.0,564.0,7983,0,0,1,Pedestrian
2,1078.0,523.0,1149.0,564.0,7984,0,0,1,Pedestrian
2,1078.0,523.0,1149.0,564.0,7985,0,0,1,Pedestrian
2,1080.0,526.0,1152.0,566.0,7986,0,0,1,Pedestrian
2,1080.0,526.0,1152.0,566.0,7987,0,0,1,Pedestrian
2,1080.0,528.0,1152.0,569.0,7988,0,0,1,Pedestrian
2,1080.0,528.0,1152.0,569.0,7989,0,0,1,Pedestrian
2,1083.0,530.0,1155.0,571.0,7990,0,0,1,Pedestrian
2,1083.0,530.0,1155.0,571.0,7991,0,0,1,Pedestrian
2,1083.0,532.0,1155.0,573.0,7992,0,0,1,Pedestrian
2,1086.0,532.0,1157.0,573.0,7993,0,0,1,Pedestrian
2,1086.0,535.0,1157.0,576.0,7994,0,0,1,Pedestrian
2,1086.0,535.0,1157.0,576.0,7995,0,0,1,Pedestrian
2,1086.0,537.0,1157.0,578.0,7996,0,0,1,Pedestrian
2,1089.0,537.0,1160.0,578.0,7997,0,0,1,Pedestrian
2,1089.0,539.0,1160.0,580.0,7998,0,0,1,Pedestrian
2,1089.0,539.0,1160.0,580.0,7999,0,0,1,Pedestrian
2,1091.0,541.0,1163.0,582.0,8000,0,0,0,Pedestrian
2,1091.0,541.0,1163.0,582.0,8001,0,0,1,Pedestrian
2,1091.0,541.0,1163.0,585.0,8002,0,0,1,Pedestrian
2,1091.0,541.0,1163.0,585.0,8003,0,0,1,Pedestrian
2,1091.0,541.0,1163.0,587.0,8004,0,0,1,Pedestrian
2,1094.0,541.0,1166.0,587.0,8005,0,0,1,Pedestrian
2,1094.0,544.0,1166.0,589.0,8006,0,0,1,Pedestrian
2,1094.0,544.0,1166.0,589.0,8007,0,0,1,Pedestrian
2,1094.0,544.0,1166.0,592.0,8008,0,0,1,Pedestrian
2,1094.0,544.0,1166.0,592.0,8009,0,0,1,Pedestrian
2,1097.0,544.0,1168.0,594.0,8010,0,0,1,Pedestrian
2,1097.0,544.0,1168.0,594.0,8011,0,0,1,Pedestrian
2,1097.0,546.0,1168.0,596.0,8012,0,0,1,Pedestrian
2,1097.0,546.0,1168.0,596.0,8013,0,0,1,Pedestrian
2,1100.0,546.0,1171.0,598.0,8014,0,0,1,Pedestrian
2,1100.0,546.0,1171.0,598.0,8015,0,0,1,Pedestrian
2,1100.0,546.0,1171.0,601.0,8016,0,0,1,Pedestrian
2,1100.0,546.0,1171.0,601.0,8017,0,0,1,Pedestrian
2,1100.0,548.0,1171.0,603.0,8018,0,0,1,Pedestrian
2,1102.0,548.0,1174.0,603.0,8019,0,0,1,Pedestrian
2,1102.0,548.0,1174.0,605.0,8020,0,0,1,Pedestrian
2,1102.0,548.0,1174.0,605.0,8021,0,0,1,Pedestrian
2,1102.0,548.0,1174.0,607.0,8022,0,0,1,Pedestrian
2,1105.0,551.0,1177.0,610.0,8023,0,0,0,Pedestrian
2,1105.0,551.0,1177.0,610.0,8024,0,0,1,Pedestrian
2,1105.0,551.0,1177.0,610.0,8025,0,0,1,Pedestrian
2,1105.0,553.0,1179.0,612.0,8026,0,0,1,Pedestrian
2,1108.0,553.0,1179.0,612.0,8027,0,0,1,Pedestrian
2,1108.0,555.0,1179.0,612.0,8028,0,0,1,Pedestrian
2,1108.0,555.0,1182.0,614.0,8029,0,0,1,Pedestrian
2,1111.0,555.0,1182.0,614.0,8030,0,0,1,Pedestrian
2,1111.0,557.0,1182.0,617.0,8031,0,0,1,Pedestrian
2,1111.0,557.0,1185.0,617.0,8032,0,0,1,Pedestrian
2,1113.0,560.0,1185.0,617.0,8033,0,0,1,Pedestrian
2,1113.0,560.0,1185.0,619.0,8034,0,0,1,Pedestrian
2,1113.0,562.0,1188.0,619.0,8035,0,0,1,Pedestrian
2,1113.0,562.0,1188.0,621.0,8036,0,0,1,Pedestrian
2,1116.0,562.0,1188.0,621.0,8037,0,0,1,Pedestrian
2,1116.0,564.0,1190.0,621.0,8038,0,0,1,Pedestrian
2,1116.0,564.0,1190.0,623.0,8039,0,0,1,Pedestrian
2,1119.0,566.0,1190.0,623.0,8040,0,0,1,Pedestrian
2,1119.0,566.0,1193.0,626.0,8041,0,0,1,Pedestrian
2,1119.0,569.0,1193.0,626.0,8042,0,0,1,Pedestrian
2,1122.0,569.0,1193.0,626.0,8043,0,0,1,Pedestrian
2,1122.0,569.0,1196.0,628.0,8044,0,0,1,Pedestrian
2,1122.0,571.0,1196.0,628.0,8045,0,0,1,Pedestrian
2,1122.0,571.0,1196.0,630.0,8046,0,0,1,Pedestrian
2,1124.0,573.0,1199.0,630.0,8047,0,0,1,Pedestrian
2,1124.0,573.0,1199.0,630.0,8048,0,0,1,Pedestrian
2,1124.0,576.0,1199.0,633.0,8049,0,0,1,Pedestrian
2,1127.0,576.0,1201.0,633.0,8050,0,0,1,Pedestrian
2,1127.0,576.0,1201.0,635.0,8051,0,0,1,Pedestrian
2,1127.0,578.0,1201.0,635.0,8052,0,0,1,Pedestrian
2,1130.0,578.0,1204.0,635.0,8053,0,0,1,Pedestrian
2,1130.0,580.0,1204.0,637.0,8054,0,0,1,Pedestrian
2,1130.0,580.0,1204.0,637.0,8055,0,0,1,Pedestrian
2,1133.0,582.0,1207.0,639.0,8056,0,0,0,Pedestrian
2,1133.0,582.0,1207.0,639.0,8057,0,0,1,Pedestrian
2,1133.0,582.0,1207.0,639.0,8058,0,0,1,Pedestrian
2,1133.0,585.0,1207.0,642.0,8059,0,0,1,Pedestrian
2,1135.0,585.0,1210.0,642.0,8060,0,0,1,Pedestrian
2,1135.0,587.0,1210.0,644.0,8061,0,0,1,Pedestrian
2,1135.0,587.0,1210.0,644.0,8062,0,0,1,Pedestrian
2,1135.0,589.0,1210.0,646.0,8063,0,0,1,Pedestrian
2,1138.0,589.0,1212.0,646.0,8064,0,0,1,Pedestrian
2,1138.0,592.0,1212.0,648.0,8065,0,0,1,Pedestrian
2,1138.0,592.0,1212.0,648.0,8066,0,0,1,Pedestrian
2,1141.0,594.0,1215.0,651.0,8067,0,0,0,Pedestrian
2,1141.0,594.0,1215.0,651.0,8068,0,0,1,Pedestrian
2,1144.0,594.0,1218.0,653.0,8069,0,0,1,Pedestrian
2,1146.0,596.0,1218.0,653.0,8070,0,0,1,Pedestrian
2,1146.0,596.0,1221.0,655.0,8071,0,0,1,Pedestrian
2,1149.0,598.0,1223.0,655.0,8072,0,0,1,Pedestrian
2,1152.0,598.0,1223.0,658.0,8073,0,0,1,Pedestrian
2,1152.0,601.0,1226.0,658.0,8074,0,0,1,Pedestrian
2,1155.0,601.0,1229.0,660.0,8075,0,0,1,Pedestrian
2,1157.0,603.0,1229.0,660.0,8076,0,0,1,Pedestrian
2,1160.0,603.0,1232.0,662.0,8077,0,0,1,Pedestrian
2,1160.0,603.0,1234.0,662.0,8078,0,0,1,Pedestrian
2,1163.0,605.0,1234.0,664.0,8079,0,0,1,Pedestrian
2,1166.0,605.0,1237.0,664.0,8080,0,0,1,Pedestrian
2,1166.0,607.0,1240.0,667.0,8081,0,0,1,Pedestrian
2,1168.0,607.0,1240.0,667.0,8082,0,0,1,Pedestrian
2,1171.0,610.0,1243.0,669.0,8083,0,0,1,Pedestrian
2,1171.0,610.0,1245.0,669.0,8084,0,0,1,Pedestrian
2,1174.0,612.0,1245.0,671.0,8085,0,0,1,Pedestrian
2,1177.0,612.0,1248.0,671.0,8086,0,0,1,Pedestrian
2,1179.0,614.0,1251.0,674.0,8087,0,0,0,Pedestrian
2,1179.0,614.0,1251.0,674.0,8088,0,0,1,Pedestrian
2,1179.0,614.0,1251.0,674.0,8089,0,0,1,Pedestrian
2,1182.0,614.0,1254.0,674.0,8090,0,0,1,Pedestrian
2,1182.0,617.0,1254.0,676.0,8091,0,0,1,Pedestrian
2,1185.0,617.0,1256.0,676.0,8092,0,0,1,Pedestrian
2,1185.0,617.0,1256.0,676.0,8093,0,0,1,Pedestrian
2,1185.0,619.0,1256.0,678.0,8094,0,0,1,Pedestrian
2,1188.0,619.0,1259.0,678.0,8095,0,0,1,Pedestrian
2,1188.0,619.0,1259.0,678.0,8096,0,0,1,Pedestrian
2,1190.0,621.0,1262.0,680.0,8097,0,0,1,Pedestrian
2,1190.0,621.0,1262.0,680.0,8098,0,0,1,Pedestrian
2,1193.0,621.0,1265.0,680.0,8099,0,0,1,Pedestrian
2,1193.0,623.0,1265.0,683.0,8100,0,0,1,Pedestrian
2,1193.0,623.0,1265.0,683.0,8101,0,0,1,Pedestrian
2,1196.0,623.0,1267.0,683.0,8102,0,0,1,Pedestrian
2,1196.0,626.0,1267.0,685.0,8103,0,0,1,Pedestrian
2,1199.0,626.0,1270.0,685.0,8104,0,0,1,Pedestrian
2,1199.0,626.0,1270.0,685.0,8105,0,0,1,Pedestrian
2,1199.0,628.0,1270.0,687.0,8106,0,0,1,Pedestrian
2,1201.0,628.0,1273.0,687.0,8107,0,0,1,Pedestrian
2,1201.0,628.0,1273.0,687.0,8108,0,0,1,Pedestrian
2,1204.0,630.0,1276.0,689.0,8109,0,0,1,Pedestrian
2,1204.0,630.0,1276.0,689.0,8110,0,0,1,Pedestrian
2,1207.0,630.0,1278.0,689.0,8111,0,0,1,Pedestrian
2,1207.0,633.0,1278.0,692.0,8112,0,0,1,Pedestrian
2,1207.0,633.0,1278.0,692.0,8113,0,0,1,Pedestrian
2,1210.0,633.0,1281.0,692.0,8114,0,0,1,Pedestrian
2,1210.0,635.0,1281.0,694.0,8115,0,0,1,Pedestrian
2,1212.0,635.0,1284.0,694.0,8116,0,0,1,Pedestrian
2,1212.0,635.0,1284.0,694.0,8117,0,0,1,Pedestrian
2,1215.0,637.0,1287.0,696.0,8118,0,0,0,Pedestrian
2,1215.0,637.0,1287.0,696.0,8119,0,0,1,Pedestrian
2,1218.0,637.0,1289.0,696.0,8120,0,0,1,Pedestrian
2,1218.0,639.0,1289.0,699.0,8121,0,0,1,Pedestrian
2,1221.0,639.0,1292.0,699.0,8122,0,0,1,Pedestrian
2,1221.0,642.0,1292.0,701.0,8123,0,0,1,Pedestrian
2,1223.0,642.0,1295.0,701.0,8124,0,0,1,Pedestrian
2,1223.0,644.0,1295.0,703.0,8125,0,0,1,Pedestrian
2,1226.0,644.0,1298.0,703.0,8126,0,0,1,Pedestrian
2,1226.0,646.0,1298.0,705.0,8127,0,0,1,Pedestrian
2,1229.0,646.0,1300.0,705.0,8128,0,0,1,Pedestrian
2,1229.0,646.0,1300.0,705.0,8129,0,0,1,Pedestrian
2,1232.0,648.0,1303.0,708.0,8130,0,0,1,Pedestrian
2,1232.0,648.0,1303.0,708.0,8131,0,0,1,Pedestrian
2,1234.0,651.0,1306.0,710.0,8132,0,0,1,Pedestrian
2,1234.0,651.0,1306.0,710.0,8133,0,0,1,Pedestrian
2,1237.0,653.0,1309.0,712.0,8134,0,0,1,Pedestrian
2,1237.0,653.0,1309.0,712.0,8135,0,0,1,Pedestrian
2,1240.0,655.0,1311.0,715.0,8136,0,0,1,Pedestrian
2,1240.0,655.0,1311.0,715.0,8137,0,0,1,Pedestrian
2,1243.0,655.0,1314.0,715.0,8138,0,0,1,Pedestrian
2,1243.0,658.0,1314.0,717.0,8139,0,0,1,Pedestrian
2,1245.0,658.0,1317.0,717.0,8140,0,0,1,Pedestrian
2,1245.0,660.0,1317.0,719.0,8141,0,0,1,Pedestrian
2,1248.0,660.0,1320.0,719.0,8142,0,0,1,Pedestrian
2,1248.0,662.0,1320.0,721.0,8143,0,0,1,Pedestrian
2,1251.0,662.0,1322.0,721.0,8144,0,0,1,Pedestrian
2,1251.0,664.0,1322.0,724.0,8145,0,0,1,Pedestrian
2,1254.0,664.0,1325.0,724.0,8146,0,0,1,Pedestrian
2,1256.0,667.0,1328.0,726.0,8147,0,0,0,Pedestrian
2,1256.0,667.0,1328.0,726.0,8148,0,0,1,Pedestrian
2,1256.0,667.0,1328.0,726.0,8149,0,0,1,Pedestrian
2,1259.0,667.0,1331.0,726.0,8150,0,0,1,Pedestrian
2,1259.0,667.0,1331.0,726.0,8151,0,0,1,Pedestrian
2,1262.0,667.0,1333.0,726.0,8152,0,0,1,Pedestrian
2,1262.0,667.0,1333.0,726.0,8153,0,0,1,Pedestrian
2,1262.0,667.0,1333.0,726.0,8154,0,0,1,Pedestrian
2,1265.0,667.0,1336.0,726.0,8155,0,0,1,Pedestrian
2,1265.0,667.0,1336.0,726.0,8156,0,0,1,Pedestrian
2,1267.0,669.0,1339.0,728.0,8157,0,0,1,Pedestrian
2,1267.0,669.0,1339.0,728.0,8158,0,0,1,Pedestrian
2,1270.0,669.0,1342.0,728.0,8159,0,0,1,Pedestrian
2,1270.0,669.0,1342.0,728.0,8160,0,0,1,Pedestrian
2,1270.0,669.0,1342.0,728.0,8161,0,0,1,Pedestrian
2,1273.0,669.0,1344.0,728.0,8162,0,0,1,Pedestrian
2,1273.0,669.0,1344.0,728.0,8163,0,0,1,Pedestrian
2,1276.0,669.0,1347.0,728.0,8164,0,0,1,Pedestrian
2,1276.0,669.0,1347.0,728.0,8165,0,0,1,Pedestrian
2,1278.0,671.0,1350.0,730.0,8166,0,0,0,Pedestrian
2,1278.0,671.0,1350.0,730.0,8167,0,0,1,Pedestrian
2,1281.0,671.0,1353.0,730.0,8168,0,0,1,Pedestrian
2,1281.0,671.0,1353.0,730.0,8169,0,0,1,Pedestrian
2,1284.0,671.0,1355.0,730.0,8170,0,0,1,Pedestrian
2,1284.0,671.0,1355.0,730.0,8171,0,0,1,Pedestrian
2,1287.0,674.0,1358.0,733.0,8172,0,0,1,Pedestrian
2,1287.0,674.0,1358.0,733.0,8173,0,0,1,Pedestrian
2,1289.0,674.0,1361.0,733.0,8174,0,0,1,Pedestrian
2,1289.0,674.0,1361.0,733.0,8175,0,0,1,Pedestrian
2,1292.0,674.0,1364.0,733.0,8176,0,0,1,Pedestrian
2,1292.0,676.0,1364.0,735.0,8177,0,0,1,Pedestrian
2,1295.0,676.0,1366.0,735.0,8178,0,0,1,Pedestrian
2,1295.0,676.0,1366.0,735.0,8179,0,0,1,Pedestrian
2,1298.0,676.0,1369.0,735.0,8180,0,0,1,Pedestrian
2,1298.0,676.0,1369.0,735.0,8181,0,0,1,Pedestrian
2,1300.0,676.0,1372.0,735.0,8182,0,0,1,Pedestrian
2,1300.0,678.0,1372.0,737.0,8183,0,0,1,Pedestrian
2,1303.0,678.0,1375.0,737.0,8184,0,0,1,Pedestrian
2,1303.0,678.0,1375.0,737.0,8185,0,0,1,Pedestrian
2,1306.0,678.0,1377.0,737.0,8186,0,0,1,Pedestrian
2,1306.0,678.0,1377.0,737.0,8187,0,0,1,Pedestrian
2,1309.0,680.0,1380.0,740.0,8188,0,0,1,Pedestrian
2,1309.0,680.0,1380.0,740.0,8189,0,0,1,Pedestrian
2,1311.0,680.0,1383.0,740.0,8190,0,0,1,Pedestrian
2,1311.0,680.0,1383.0,740.0,8191,0,0,1,Pedestrian
2,1314.0,680.0,1386.0,740.0,8192,0,0,1,Pedestrian
2,1314.0,680.0,1386.0,740.0,8193,0,0,1,Pedestrian
2,1317.0,683.0,1388.0,742.0,8194,0,0,1,Pedestrian
2,1317.0,683.0,1388.0,742.0,8195,0,0,1,Pedestrian
2,1320.0,683.0,1391.0,742.0,8196,0,0,1,Pedestrian
2,1320.0,683.0,1391.0,742.0,8197,0,0,1,Pedestrian
2,1322.0,683.0,1394.0,742.0,8198,0,0,1,Pedestrian
2,1322.0,685.0,1394.0,744.0,8199,0,0,1,Pedestrian
2,1325.0,685.0,1397.0,744.0,8200,0,0,1,Pedestrian
2,1325.0,685.0,1397.0,744.0,8201,0,0,1,Pedestrian
2,1328.0,685.0,1399.0,744.0,8202,0,0,1,Pedestrian
2,1328.0,685.0,1399.0,744.0,8203,0,0,1,Pedestrian
2,1331.0,687.0,1402.0,746.0,8204,0,0,0,Pedestrian
2,1331.0,687.0,1402.0,746.0,8205,0,0,1,Pedestrian
2,1333.0,689.0,1405.0,749.0,8206,0,0,1,Pedestrian
2,1336.0,689.0,1408.0,749.0,8207,0,0,1,Pedestrian
2,1336.0,692.0,1408.0,751.0,8208,0,0,1,Pedestrian
2,1339.0,692.0,1410.0,751.0,8209,0,0,1,Pedestrian
2,1342.0,694.0,1413.0,753.0,8210,0,0,1,Pedestrian
2,1342.0,694.0,1413.0,753.0,8211,0,0,1,Pedestrian
2,1344.0,696.0,1416.0,755.0,8212,0,0,1,Pedestrian
2,1347.0,696.0,1419.0,755.0,8213,0,0,1,Pedestrian
2,1347.0,699.0,1419.0,758.0,8214,0,0,1,Pedestrian
2,1350.0,699.0,1421.0,758.0,8215,0,0,1,Pedestrian
2,1353.0,701.0,1424.0,760.0,8216,0,0,1,Pedestrian
2,1353.0,701.0,1424.0,760.0,8217,0,0,1,Pedestrian
2,1355.0,703.0,1427.0,762.0,8218,0,0,1,Pedestrian
2,1358.0,705.0,1430.0,765.0,8219,0,0,0,Pedestrian
2,1358.0,705.0,1430.0,765.0,8220,0,0,1,Pedestrian
2,1361.0,705.0,1432.0,765.0,8221,0,0,1,Pedestrian
2,1361.0,705.0,1432.0,765.0,8222,0,0,1,Pedestrian
2,1364.0,705.0,1435.0,765.0,8223,0,0,1,Pedestrian
2,1366.0,705.0,1438.0,765.0,8224,0,0,1,Pedestrian
2,1366.0,705.0,1438.0,765.0,8225,0,0,1,Pedestrian
2,1369.0,705.0,1441.0,765.0,8226,0,0,1,Pedestrian
2,1369.0,705.0,1441.0,765.0,8227,0,0,1,Pedestrian
2,1372.0,705.0,1443.0,765.0,8228,0,0,1,Pedestrian
2,1375.0,705.0,1446.0,765.0,8229,0,0,1,Pedestrian
2,1375.0,705.0,1446.0,765.0,8230,0,0,1,Pedestrian
2,1377.0,705.0,1449.0,765.0,8231,0,0,1,Pedestrian
2,1377.0,705.0,1449.0,765.0,8232,0,0,1,Pedestrian
2,1380.0,705.0,1452.0,765.0,8233,0,0,1,Pedestrian
2,1383.0,705.0,1454.0,765.0,8234,0,0,1,Pedestrian
2,1383.0,705.0,1454.0,765.0,8235,0,0,1,Pedestrian
2,1386.0,705.0,1457.0,765.0,8236,0,0,1,Pedestrian
2,1386.0,705.0,1457.0,765.0,8237,0,0,1,Pedestrian
2,1388.0,705.0,1460.0,765.0,8238,0,0,1,Pedestrian
2,1391.0,705.0,1463.0,765.0,8239,0,0,0,Pedestrian
2,1391.0,705.0,1463.0,765.0,8240,0,0,1,Pedestrian
2,1394.0,705.0,1465.0,765.0,8241,0,0,1,Pedestrian
2,1394.0,705.0,1465.0,765.0,8242,0,0,1,Pedestrian
2,1397.0,705.0,1468.0,765.0,8243,0,0,1,Pedestrian
2,1397.0,705.0,1468.0,765.0,8244,0,0,1,Pedestrian
2,1399.0,705.0,1471.0,765.0,8245,0,0,1,Pedestrian
2,1399.0,705.0,1471.0,765.0,8246,0,0,1,Pedestrian
2,1402.0,705.0,1474.0,765.0,8247,0,0,1,Pedestrian
2,1402.0,705.0,1474.0,765.0,8248,0,0,1,Pedestrian
2,1405.0,705.0,1476.0,765.0,8249,0,0,1,Pedestrian
2,1405.0,705.0,1476.0,765.0,8250,0,0,1,Pedestrian
2,1408.0,705.0,1479.0,765.0,8251,0,0,1,Pedestrian
2,1408.0,705.0,1479.0,765.0,8252,0,0,1,Pedestrian
2,1410.0,705.0,1482.0,765.0,8253,0,0,1,Pedestrian
2,1413.0,705.0,1485.0,765.0,8254,0,0,0,Pedestrian
2,1413.0,705.0,1485.0,765.0,8255,0,0,1,Pedestrian
2,1416.0,705.0,1487.0,765.0,8256,0,0,1,Pedestrian
2,1416.0,705.0,1487.0,765.0,8257,0,0,1,Pedestrian
2,1419.0,705.0,1490.0,765.0,8258,0,0,1,Pedestrian
2,1419.0,705.0,1490.0,765.0,8259,0,0,1,Pedestrian
2,1421.0,705.0,1493.0,765.0,8260,0,0,1,Pedestrian
2,1424.0,705.0,1496.0,765.0,8261,0,0,1,Pedestrian
2,1424.0,705.0,1496.0,765.0,8262,0,0,1,Pedestrian
2,1427.0,705.0,1498.0,765.0,8263,0,0,1,Pedestrian
2,1427.0,705.0,1498.0,765.0,8264,0,0,1,Pedestrian
2,1430.0,705.0,1501.0,765.0,8265,0,0,1,Pedestrian
2,1432.0,705.0,1504.0,765.0,8266,0,0,1,Pedestrian
2,1432.0,705.0,1504.0,765.0,8267,0,0,1,Pedestrian
2,1435.0,708.0,1507.0,767.0,8268,0,0,1,Pedestrian
2,1435.0,708.0,1507.0,767.0,8269,0,0,1,Pedestrian
2,1438.0,708.0,1509.0,767.0,8270,0,0,1,Pedestrian
2,1441.0,708.0,1512.0,767.0,8271,0,0,1,Pedestrian
2,1441.0,708.0,1512.0,767.0,8272,0,0,1,Pedestrian
2,1443.0,708.0,1515.0,767.0,8273,0,0,1,Pedestrian
2,1443.0,708.0,1515.0,767.0,8274,0,0,1,Pedestrian
2,1446.0,708.0,1518.0,767.0,8275,0,0,1,Pedestrian
2,1449.0,708.0,1520.0,767.0,8276,0,0,1,Pedestrian
2,1449.0,708.0,1520.0,767.0,8277,0,0,1,Pedestrian
2,1452.0,708.0,1523.0,767.0,8278,0,0,1,Pedestrian
2,1452.0,708.0,1523.0,767.0,8279,0,0,1,Pedestrian
2,1454.0,708.0,1526.0,767.0,8280,0,0,1,Pedestrian
2,1457.0,710.0,1529.0,769.0,8281,0,0,0,Pedestrian
2,1457.0,710.0,1529.0,769.0,8282,0,0,1,Pedestrian
2,1457.0,710.0,1529.0,769.0,8283,0,0,1,Pedestrian
2,1460.0,710.0,1531.0,769.0,8284,0,0,1,Pedestrian
2,1460.0,710.0,1531.0,769.0,8285,0,0,1,Pedestrian
2,1463.0,710.0,1534.0,769.0,8286,0,0,1,Pedestrian
2,1463.0,710.0,1534.0,769.0,8287,0,0,1,Pedestrian
2,1465.0,710.0,1537.0,769.0,8288,0,0,1,Pedestrian
2,1465.0,710.0,1537.0,769.0,8289,0,0,1,Pedestrian
2,1468.0,712.0,1540.0,771.0,8290,0,0,1,Pedestrian
2,1468.0,712.0,1540.0,771.0,8291,0,0,1,Pedestrian
2,1471.0,712.0,1542.0,771.0,8292,0,0,1,Pedestrian
2,1471.0,712.0,1542.0,771.0,8293,0,0,1,Pedestrian
2,1474.0,712.0,1545.0,771.0,8294,0,0,1,Pedestrian
2,1474.0,712.0,1545.0,771.0,8295,0,0,1,Pedestrian
2,1476.0,712.0,1548.0,771.0,8296,0,0,1,Pedestrian
2,1476.0,712.0,1548.0,771.0,8297,0,0,1,Pedestrian
2,1479.0,715.0,1551.0,774.0,8298,0,0,1,Pedestrian
2,1479.0,715.0,1551.0,774.0,8299,0,0,1,Pedestrian
2,1482.0,715.0,1553.0,774.0,8300,0,0,1,Pedestrian
2,1482.0,715.0,1553.0,774.0,8301,0,0,1,Pedestrian
2,1485.0,715.0,1556.0,774.0,8302,0,0,1,Pedestrian
2,1485.0,715.0,1556.0,774.0,8303,0,0,1,Pedestrian
2,1487.0,715.0,1559.0,774.0,8304,0,0,1,Pedestrian
2,1487.0,715.0,1559.0,774.0,8305,0,0,1,Pedestrian
2,1490.0,717.0,1562.0,776.0,8306,0,0,0,Pedestrian
2,1490.0,717.0,1562.0,776.0,8307,0,0,1,Pedestrian
2,1493.0,717.0,1564.0,776.0,8308,0,0,1,Pedestrian
2,1496.0,719.0,1567.0,778.0,8309,0,0,1,Pedestrian
2,1496.0,719.0,1567.0,778.0,8310,0,0,1,Pedestrian
2,1498.0,719.0,1570.0,778.0,8311,0,0,1,Pedestrian
2,1501.0,721.0,1573.0,781.0,8312,0,0,1,Pedestrian
2,1504.0,721.0,1575.0,781.0,8313,0,0,1,Pedestrian
2,1504.0,721.0,1575.0,781.0,8314,0,0,1,Pedestrian
2,1507.0,724.0,1578.0,783.0,8315,0,0,1,Pedestrian
2,1509.0,724.0,1581.0,783.0,8316,0,0,1,Pedestrian
2,1512.0,726.0,1584.0,785.0,8317,0,0,0,Pedestrian
2,1512.0,724.0,1584.0,783.0,8318,0,0,1,Pedestrian
2,1515.0,724.0,1586.0,783.0,8319,0,0,1,Pedestrian
2,1515.0,724.0,1586.0,783.0,8320,0,0,1,Pedestrian
2,1518.0,724.0,1589.0,783.0,8321,0,0,1,Pedestrian
2,1518.0,724.0,1589.0,783.0,8322,0,0,1,Pedestrian
2,1520.0,724.0,1592.0,783.0,8323,0,0,1,Pedestrian
2,1520.0,724.0,1592.0,783.0,8324,0,0,1,Pedestrian
2,1523.0,724.0,1595.0,783.0,8325,0,0,1,Pedestrian
2,1526.0,721.0,1597.0,781.0,8326,0,0,1,Pedestrian
2,1526.0,721.0,1597.0,781.0,8327,0,0,1,Pedestrian
2,1529.0,721.0,1600.0,781.0,8328,0,0,1,Pedestrian
2,1529.0,721.0,1600.0,781.0,8329,0,0,1,Pedestrian
2,1531.0,721.0,1603.0,781.0,8330,0,0,1,Pedestrian
2,1531.0,721.0,1603.0,781.0,8331,0,0,1,Pedestrian
2,1534.0,721.0,1606.0,781.0,8332,0,0,1,Pedestrian
2,1537.0,721.0,1608.0,781.0,8333,0,0,0,Pedestrian
2,1537.0,721.0,1608.0,781.0,8334,0,0,1,Pedestrian
2,1540.0,721.0,1611.0,781.0,8335,0,0,1,Pedestrian
2,1540.0,721.0,1611.0,781.0,8336,0,0,1,Pedestrian
2,1542.0,721.0,1614.0,781.0,8337,0,0,1,Pedestrian
2,1542.0,721.0,1614.0,781.0,8338,0,0,1,Pedestrian
2,1545.0,721.0,1617.0,781.0,8339,0,0,1,Pedestrian
2,1545.0,724.0,1617.0,783.0,8340,0,0,1,Pedestrian
2,1548.0,724.0,1619.0,783.0,8341,0,0,1,Pedestrian
2,1548.0,724.0,1619.0,783.0,8342,0,0,1,Pedestrian
2,1551.0,724.0,1622.0,783.0,8343,0,0,1,Pedestrian
2,1551.0,724.0,1622.0,783.0,8344,0,0,1,Pedestrian
2,1553.0,724.0,1625.0,783.0,8345,0,0,1,Pedestrian
2,1553.0,726.0,1625.0,785.0,8346,0,0,1,Pedestrian
2,1556.0,726.0,1628.0,785.0,8347,0,0,1,Pedestrian
2,1556.0,726.0,1628.0,785.0,8348,0,0,1,Pedestrian
2,1559.0,726.0,1630.0,785.0,8349,0,0,1,Pedestrian
2,1559.0,726.0,1630.0,785.0,8350,0,0,1,Pedestrian
2,1562.0,726.0,1633.0,785.0,8351,0,0,1,Pedestrian
2,1562.0,726.0,1633.0,785.0,8352,0,0,1,Pedestrian
2,1564.0,728.0,1636.0,787.0,8353,0,0,1,Pedestrian
2,1564.0,728.0,1636.0,787.0,8354,0,0,1,Pedestrian
2,1567.0,728.0,1639.0,787.0,8355,0,0,1,Pedestrian
2,1567.0,728.0,1639.0,787.0,8356,0,0,1,Pedestrian
2,1570.0,728.0,1641.0,787.0,8357,0,0,1,Pedestrian
2,1570.0,728.0,1641.0,787.0,8358,0,0,1,Pedestrian
2,1573.0,730.0,1644.0,790.0,8359,0,0,1,Pedestrian
2,1573.0,730.0,1644.0,790.0,8360,0,0,1,Pedestrian
2,1575.0,730.0,1647.0,790.0,8361,0,0,1,Pedestrian
2,1575.0,730.0,1647.0,790.0,8362,0,0,1,Pedestrian
2,1578.0,730.0,1650.0,790.0,8363,0,0,1,Pedestrian
2,1578.0,730.0,1650.0,790.0,8364,0,0,1,Pedestrian
2,1581.0,733.0,1652.0,792.0,8365,0,0,0,Pedestrian
2,1581.0,730.0,1652.0,790.0,8366,0,0,1,Pedestrian
2,1581.0,730.0,1652.0,790.0,8367,0,0,1,Pedestrian
2,1584.0,730.0,1655.0,790.0,8368,0,0,1,Pedestrian
2,1584.0,730.0,1655.0,790.0,8369,0,0,1,Pedestrian
2,1586.0,730.0,1658.0,790.0,8370,0,0,1,Pedestrian
2,1586.0,730.0,1658.0,790.0,8371,0,0,1,Pedestrian
2,1586.0,730.0,1658.0,790.0,8372,0,0,1,Pedestrian
2,1589.0,730.0,1661.0,790.0,8373,0,0,1,Pedestrian
2,1589.0,730.0,1661.0,790.0,8374,0,0,1,Pedestrian
2,1592.0,730.0,1663.0,790.0,8375,0,0,1,Pedestrian
2,1592.0,730.0,1663.0,790.0,8376,0,0,1,Pedestrian
2,1595.0,730.0,1666.0,790.0,8377,0,0,1,Pedestrian
2,1595.0,730.0,1666.0,790.0,8378,0,0,1,Pedestrian
2,1595.0,730.0,1666.0,790.0,8379,0,0,1,Pedestrian
2,1597.0,730.0,1669.0,790.0,8380,0,0,1,Pedestrian
2,1597.0,730.0,1669.0,790.0,8381,0,0,1,Pedestrian
2,1600.0,730.0,1672.0,790.0,8382,0,0,1,Pedestrian
2,1600.0,730.0,1672.0,790.0,8383,0,0,1,Pedestrian
2,1603.0,730.0,1674.0,790.0,8384,0,0,0,Pedestrian
2,1603.0,730.0,1674.0,790.0,8385,0,0,1,Pedestrian
2,1606.0,730.0,1677.0,790.0,8386,0,0,1,Pedestrian
2,1608.0,730.0,1680.0,790.0,8387,0,0,1,Pedestrian
2,1608.0,730.0,1680.0,790.0,8388,0,0,1,Pedestrian
2,1611.0,730.0,1683.0,790.0,8389,0,0,1,Pedestrian
2,1614.0,730.0,1685.0,790.0,8390,0,0,1,Pedestrian
2,1614.0,730.0,1685.0,790.0,8391,0,0,1,Pedestrian
2,1617.0,730.0,1688.0,790.0,8392,0,0,1,Pedestrian
2,1619.0,730.0,1691.0,790.0,8393,0,0,1,Pedestrian
2,1619.0,730.0,1691.0,790.0,8394,0,0,1,Pedestrian
2,1622.0,730.0,1694.0,790.0,8395,0,0,1,Pedestrian
2,1625.0,730.0,1696.0,790.0,8396,0,0,1,Pedestrian
2,1628.0,730.0,1699.0,790.0,8397,0,0,1,Pedestrian
2,1628.0,730.0,1699.0,790.0,8398,0,0,1,Pedestrian
2,1630.0,730.0,1702.0,790.0,8399,0,0,1,Pedestrian
2,1633.0,730.0,1705.0,790.0,8400,0,0,1,Pedestrian
2,1633.0,730.0,1705.0,790.0,8401,0,0,1,Pedestrian
2,1636.0,730.0,1707.0,790.0,8402,0,0,1,Pedestrian
2,1639.0,730.0,1710.0,790.0,8403,0,0,1,Pedestrian
2,1639.0,730.0,1710.0,790.0,8404,0,0,1,Pedestrian
2,1641.0,730.0,1713.0,790.0,8405,0,0,1,Pedestrian
2,1644.0,730.0,1716.0,790.0,8406,0,0,1,Pedestrian
2,1644.0,730.0,1716.0,790.0,8407,0,0,1,Pedestrian
2,1647.0,730.0,1718.0,790.0,8408,0,0,1,Pedestrian
2,1650.0,730.0,1721.0,790.0,8409,0,0,1,Pedestrian
2,1652.0,730.0,1724.0,790.0,8410,0,0,1,Pedestrian
2,1652.0,730.0,1724.0,790.0,8411,0,0,1,Pedestrian
2,1655.0,730.0,1727.0,790.0,8412,0,0,1,Pedestrian
2,1658.0,730.0,1729.0,790.0,8413,0,0,1,Pedestrian
2,1658.0,730.0,1729.0,790.0,8414,0,0,1,Pedestrian
2,1661.0,730.0,1732.0,790.0,8415,0,0,1,Pedestrian
2,1663.0,730.0,1735.0,790.0,8416,0,0,1,Pedestrian
2,1663.0,730.0,1735.0,790.0,8417,0,0,1,Pedestrian
2,1666.0,730.0,1738.0,790.0,8418,0,0,1,Pedestrian
2,1669.0,730.0,1740.0,790.0,8419,0,0,1,Pedestrian
2,1672.0,730.0,1743.0,790.0,8420,0,0,0,Pedestrian
2,1672.0,730.0,1743.0,790.0,8421,0,0,1,Pedestrian
2,1674.0,730.0,1746.0,790.0,8422,0,0,1,Pedestrian
2,1674.0,730.0,1746.0,790.0,8423,0,0,1,Pedestrian
2,1677.0,730.0,1749.0,790.0,8424,0,0,1,Pedestrian
2,1677.0,730.0,1749.0,790.0,8425,0,0,1,Pedestrian
2,1680.0,730.0,1751.0,790.0,8426,0,0,1,Pedestrian
2,1680.0,730.0,1751.0,790.0,8427,0,0,1,Pedestrian
2,1683.0,733.0,1754.0,792.0,8428,0,0,1,Pedestrian
2,1683.0,733.0,1754.0,792.0,8429,0,0,1,Pedestrian
2,1685.0,733.0,1757.0,792.0,8430,0,0,1,Pedestrian
2,1685.0,733.0,1757.0,792.0,8431,0,0,1,Pedestrian
2,1688.0,733.0,1760.0,792.0,8432,0,0,1,Pedestrian
2,1688.0,733.0,1760.0,792.0,8433,0,0,1,Pedestrian
2,1691.0,733.0,1762.0,792.0,8434,0,0,1,Pedestrian
2,1691.0,733.0,1762.0,792.0,8435,0,0,1,Pedestrian
2,1694.0,735.0,1765.0,794.0,8436,0,0,1,Pedestrian
2,1694.0,735.0,1765.0,794.0,8437,0,0,1,Pedestrian
2,1696.0,735.0,1768.0,794.0,8438,0,0,1,Pedestrian
2,1696.0,735.0,1768.0,794.0,8439,0,0,1,Pedestrian
2,1699.0,735.0,1771.0,794.0,8440,0,0,1,Pedestrian
2,1699.0,735.0,1771.0,794.0,8441,0,0,1,Pedestrian
2,1702.0,735.0,1773.0,794.0,8442,0,0,1,Pedestrian
2,1702.0,735.0,1773.0,794.0,8443,0,0,1,Pedestrian
2,1705.0,737.0,1776.0,796.0,8444,0,0,1,Pedestrian
2,1705.0,737.0,1776.0,796.0,8445,0,0,1,Pedestrian
2,1707.0,737.0,1779.0,796.0,8446,0,0,1,Pedestrian
2,1707.0,737.0,1779.0,796.0,8447,0,0,1,Pedestrian
2,1710.0,737.0,1782.0,796.0,8448,0,0,1,Pedestrian
2,1710.0,737.0,1782.0,796.0,8449,0,0,1,Pedestrian
2,1713.0,737.0,1784.0,796.0,8450,0,0,1,Pedestrian
2,1713.0,737.0,1784.0,796.0,8451,0,0,1,Pedestrian
2,1716.0,740.0,1787.0,799.0,8452,0,0,1,Pedestrian
2,1716.0,740.0,1787.0,799.0,8453,0,0,1,Pedestrian
2,1718.0,740.0,1790.0,799.0,8454,0,0,1,Pedestrian
2,1718.0,740.0,1790.0,799.0,8455,0,0,1,Pedestrian
2,1721.0,740.0,1793.0,799.0,8456,0,0,1,Pedestrian
2,1721.0,740.0,1793.0,799.0,8457,0,0,1,Pedestrian
2,1724.0,740.0,1795.0,799.0,8458,0,0,1,Pedestrian
2,1724.0,740.0,1795.0,799.0,8459,0,0,1,Pedestrian
2,1727.0,742.0,1798.0,801.0,8460,0,0,0,Pedestrian
2,1727.0,742.0,1798.0,801.0,8461,0,0,1,Pedestrian
2,1729.0,742.0,1801.0,801.0,8462,0,0,1,Pedestrian
2,1732.0,742.0,1804.0,801.0,8463,0,0,1,Pedestrian
2,1732.0,742.0,1804.0,801.0,8464,0,0,1,Pedestrian
2,1735.0,742.0,1806.0,801.0,8465,0,0,1,Pedestrian
2,1738.0,742.0,1809.0,801.0,8466,0,0,1,Pedestrian
2,1738.0,742.0,1809.0,801.0,8467,0,0,1,Pedestrian
2,1740.0,742.0,1812.0,801.0,8468,0,0,1,Pedestrian
2,1743.0,742.0,1815.0,801.0,8469,0,0,1,Pedestrian
2,1746.0,742.0,1817.0,801.0,8470,0,0,1,Pedestrian
2,1746.0,742.0,1817.0,801.0,8471,0,0,1,Pedestrian
2,1749.0,742.0,1820.0,801.0,8472,0,0,1,Pedestrian
2,1751.0,742.0,1823.0,801.0,8473,0,0,1,Pedestrian
2,1751.0,742.0,1823.0,801.0,8474,0,0,1,Pedestrian
2,1754.0,742.0,1826.0,801.0,8475,0,0,1,Pedestrian
2,1757.0,742.0,1828.0,801.0,8476,0,0,1,Pedestrian
2,1760.0,742.0,1831.0,801.0,8477,0,0,0,Pedestrian
2,1760.0,740.0,1831.0,799.0,8478,0,0,1,Pedestrian
2,1762.0,740.0,1834.0,799.0,8479,0,0,1,Pedestrian
2,1762.0,740.0,1834.0,799.0,8480,0,0,1,Pedestrian
2,1765.0,740.0,1837.0,799.0,8481,0,0,1,Pedestrian
2,1765.0,740.0,1837.0,799.0,8482,0,0,1,Pedestrian
2,1768.0,740.0,1839.0,799.0,8483,0,0,1,Pedestrian
2,1771.0,740.0,1842.0,799.0,8484,0,0,1,Pedestrian
2,1771.0,740.0,1842.0,799.0,8485,0,0,1,Pedestrian
2,1773.0,740.0,1845.0,799.0,8486,0,0,1,Pedestrian
2,1773.0,740.0,1845.0,799.0,8487,0,0,1,Pedestrian
2,1776.0,740.0,1848.0,799.0,8488,0,0,1,Pedestrian
2,1776.0,740.0,1848.0,799.0,8489,0,0,1,Pedestrian
2,1779.0,740.0,1850.0,799.0,8490,0,0,1,Pedestrian
2,1782.0,740.0,1853.0,799.0,8491,0,0,1,Pedestrian
2,1782.0,740.0,1853.0,799.0,8492,0,0,1,Pedestrian
2,1784.0,740.0,1856.0,799.0,8493,0,0,1,Pedestrian
2,1784.0,740.0,1856.0,799.0,8494,0,0,1,Pedestrian
2,1787.0,740.0,1859.0,799.0,8495,0,0,1,Pedestrian
2,1790.0,740.0,1861.0,799.0,8496,0,0,0,Pedestrian
2,1790.0,740.0,1861.0,799.0,8497,0,0,1,Pedestrian
2,1790.0,740.0,1861.0,799.0,8498,0,0,1,Pedestrian
2,1790.0,740.0,1861.0,799.0,8499,0,0,1,Pedestrian
2,1793.0,740.0,1864.0,799.0,8500,0,0,0,Pedestrian
2,1793.0,740.0,1864.0,799.0,8501,0,0,1,Pedestrian
2,1795.0,740.0,1867.0,801.0,8502,0,0,1,Pedestrian
2,1798.0,742.0,1867.0,801.0,8503,0,0,1,Pedestrian
2,1801.0,742.0,1870.0,803.0,8504,0,0,1,Pedestrian
2,1804.0,744.0,1870.0,803.0,8505,0,0,1,Pedestrian
2,1806.0,744.0,1872.0,806.0,8506,0,0,1,Pedestrian
2,1806.0,744.0,1872.0,806.0,8507,0,0,1,Pedestrian
2,1809.0,746.0,1875.0,808.0,8508,0,0,1,Pedestrian
2,1812.0,746.0,1875.0,808.0,8509,0,0,1,Pedestrian
2,1815.0,749.0,1878.0,810.0,8510,0,0,1,Pedestrian
2,1817.0,749.0,1878.0,810.0,8511,0,0,1,Pedestrian
2,1820.0,749.0,1881.0,812.0,8512,0,0,1,Pedestrian
2,1820.0,751.0,1881.0,812.0,8513,0,0,1,Pedestrian
2,1823.0,751.0,1883.0,815.0,8514,0,0,1,Pedestrian
2,1826.0,753.0,1883.0,815.0,8515,0,0,1,Pedestrian
2,1828.0,753.0,1886.0,817.0,8516,0,0,1,Pedestrian
2,1831.0,753.0,1886.0,817.0,8517,0,0,1,Pedestrian
2,1834.0,755.0,1889.0,819.0,8518,0,0,1,Pedestrian
2,1834.0,755.0,1889.0,819.0,8519,0,0,1,Pedestrian
2,1837.0,758.0,1892.0,822.0,8520,0,0,1,Pedestrian
2,1839.0,758.0,1892.0,822.0,8521,0,0,1,Pedestrian
2,1842.0,758.0,1894.0,824.0,8522,0,0,1,Pedestrian
2,1845.0,760.0,1894.0,824.0,8523,0,0,1,Pedestrian
2,1848.0,760.0,1897.0,826.0,8524,0,0,1,Pedestrian
2,1848.0,762.0,1897.0,826.0,8525,0,0,1,Pedestrian
2,1850.0,762.0,1900.0,828.0,8526,0,0,1,Pedestrian
2,1853.0,762.0,1900.0,828.0,8527,0,0,1,Pedestrian
2,1856.0,765.0,1903.0,831.0,8528,0,0,1,Pedestrian
2,1859.0,765.0,1903.0,831.0,8529,0,0,1,Pedestrian
2,1861.0,767.0,1905.0,833.0,8530,0,0,0,Pedestrian
2,1861.0,767.0,1905.0,833.0,8531,0,0,1,Pedestrian
2,1861.0,767.0,1905.0,833.0,8532,0,0,1,Pedestrian
2,1864.0,767.0,1908.0,833.0,8533,0,0,1,Pedestrian
2,1864.0,767.0,1908.0,833.0,8534,0,0,1,Pedestrian
2,1867.0,767.0,1911.0,833.0,8535,0,0,1,Pedestrian
2,1867.0,767.0,1911.0,833.0,8536,0,0,1,Pedestrian
2,1867.0,767.0,1911.0,833.0,8537,0,0,1,Pedestrian
2,1870.0,767.0,1914.0,833.0,8538,0,0,1,Pedestrian
2,1870.0,767.0,1914.0,833.0,8539,0,0,1,Pedestrian
2,1872.0,767.0,1916.0,833.0,8540,0,0,1,Pedestrian
2,1872.0,767.0,1916.0,833.0,8541,0,0,1,Pedestrian
2,1872.0,767.0,1916.0,833.0,8542,0,0,1,Pedestrian
2,1875.0,767.0,1919.0,833.0,8543,0,0,1,Pedestrian
2,1875.0,767.0,1919.0,833.0,8544,0,0,1,Pedestrian
2,1878.0,767.0,1922.0,833.0,8545,0,0,1,Pedestrian
2,1878.0,767.0,1922.0,833.0,8546,0,0,1,Pedestrian
2,1878.0,767.0,1922.0,833.0,8547,0,0,1,Pedestrian
2,1881.0,767.0,1925.0,833.0,8548,0,0,1,Pedestrian
2,1881.0,767.0,1925.0,833.0,8549,0,0,1,Pedestrian
2,1883.0,767.0,1927.0,833.0,8550,0,0,0,Pedestrian
2,1883.0,767.0,1927.0,833.0,8551,0,0,1,Pedestrian
2,1886.0,767.0,1930.0,833.0,8552,0,0,1,Pedestrian
2,1889.0,767.0,1933.0,833.0,8553,0,0,1,Pedestrian
2,1892.0,767.0,1936.0,833.0,8554,0,0,1,Pedestrian
2,1894.0,769.0,1938.0,835.0,8555,0,0,1,Pedestrian
2,1894.0,769.0,1938.0,835.0,8556,0,0,1,Pedestrian
2,1897.0,769.0,1941.0,835.0,8557,0,0,1,Pedestrian
2,1900.0,769.0,1944.0,835.0,8558,0,0,1,Pedestrian
2,1903.0,769.0,1947.0,835.0,8559,0,0,1,Pedestrian
2,1905.0,771.0,1949.0,837.0,8560,0,0,0,Pedestrian
2,1905.0,771.0,1949.0,837.0,8561,0,0,1,Pedestrian
2,1905.0,771.0,1949.0,837.0,8562,0,0,1,Pedestrian
2,1905.0,771.0,1949.0,837.0,8563,0,0,1,Pedestrian
2,1905.0,771.0,1949.0,837.0,8564,0,0,1,Pedestrian
2,1908.0,774.0,1952.0,840.0,8565,0,0,1,Pedestrian
2,1908.0,774.0,1952.0,840.0,8566,0,0,1,Pedestrian
2,1908.0,774.0,1952.0,840.0,8567,0,0,1,Pedestrian
2,1908.0,774.0,1952.0,840.0,8568,0,0,1,Pedestrian
2,1908.0,774.0,1952.0,840.0,8569,0,0,1,Pedestrian
2,1911.0,776.0,1955.0,842.0,8570,0,0,0,Pedestrian
2,1911.0,776.0,1955.0,842.0,8571,0,0,1,Pedestrian
2,1914.0,778.0,1958.0,844.0,8572,0,0,1,Pedestrian
2,1916.0,778.0,1960.0,844.0,8573,0,0,1,Pedestrian
2,1919.0,781.0,1963.0,847.0,8574,0,0,1,Pedestrian
2,1922.0,781.0,1966.0,847.0,8575,0,0,1,Pedestrian
2,1922.0,783.0,1966.0,849.0,8576,0,0,1,Pedestrian
2,1925.0,783.0,1969.0,849.0,8577,0,0,1,Pedestrian
2,1927.0,785.0,1971.0,851.0,8578,0,0,1,Pedestrian
2,1930.0,785.0,1974.0,851.0,8579,0,0,1,Pedestrian
2,1933.0,787.0,1977.0,853.0,8580,0,0,0,Pedestrian
2,1933.0,787.0,1977.0,853.0,8581,0,0,1,Pedestrian
2,1933.0,787.0,1977.0,853.0,8582,0,0,1,Pedestrian
2,1933.0,787.0,1977.0,853.0,8583,0,0,1,Pedestrian
2,1933.0,787.0,1977.0,853.0,8584,0,0,1,Pedestrian
2,1936.0,790.0,1977.0,856.0,8585,0,0,1,Pedestrian
2,1936.0,790.0,1977.0,856.0,8586,0,0,1,Pedestrian
2,1936.0,790.0,1977.0,856.0,8587,0,0,1,Pedestrian
2,1936.0,790.0,1977.0,856.0,8588,0,0,1,Pedestrian
2,1936.0,790.0,1977.0,856.0,8589,0,0,1,Pedestrian
2,1938.0,792.0,1977.0,858.0,8590,1,0,0,Pedestrian
2,1941.0,792.0,1977.0,858.0,8591,1,0,1,Pedestrian
2,1944.0,794.0,1977.0,860.0,8592,1,0,1,Pedestrian
2,1947.0,796.0,1977.0,863.0,8593,1,0,1,Pedestrian
2,1949.0,799.0,1977.0,865.0,8594,1,0,1,Pedestrian
2,1952.0,801.0,1977.0,867.0,8595,1,0,1,Pedestrian
2,1955.0,803.0,1977.0,869.0,8596,1,0,1,Pedestrian
2,1958.0,806.0,1977.0,872.0,8597,1,0,1,Pedestrian
2,1960.0,808.0,1977.0,874.0,8598,1,0,1,Pedestrian
2,1963.0,810.0,1977.0,876.0,8599,1,0,1,Pedestrian
2,1966.0,812.0,1977.0,878.0,8600,1,0,0,Pedestrian
2,1966.0,812.0,1977.0,878.0,8601,1,0,1,Pedestrian
2,1966.0,812.0,1977.0,878.0,8602,1,0,1,Pedestrian
2,1966.0,812.0,1977.0,878.0,8603,1,0,1,Pedestrian
2,1966.0,812.0,1977.0,878.0,8604,1,0,1,Pedestrian
2,1966.0,812.0,1977.0,878.0,8605,1,0,1,Pedestrian
2,1966.0,812.0,1977.0,878.0,8606,1,0,1,Pedestrian
2,1966.0,812.0,1977.0,878.0,8607,1,0,1,Pedestrian
2,1966.0,812.0,1977.0,878.0,8608,1,0,1,Pedestrian
2,1966.0,812.0,1977.0,878.0,8609,1,0,1,Pedestrian
2,1966.0,812.0,1977.0,878.0,8610,1,0,1,Pedestrian
2,1966.0,812.0,1977.0,878.0,8611,1,0,1,Pedestrian
2,1966.0,812.0,1977.0,878.0,8612,1,0,1,Pedestrian
2,1966.0,812.0,1977.0,878.0,8613,1,0,1,Pedestrian
2,1966.0,812.0,1977.0,878.0,8614,1,0,1,Pedestrian
2,1966.0,812.0,1977.0,878.0,8615,1,0,1,Pedestrian
2,1966.0,812.0,1977.0,878.0,8616,1,0,1,Pedestrian
2,1966.0,812.0,1977.0,878.0,8617,1,0,1,Pedestrian
2,1966.0,812.0,1977.0,878.0,8618,1,0,1,Pedestrian
2,1966.0,812.0,1977.0,878.0,8619,1,0,1,Pedestrian
2,1966.0,812.0,1977.0,878.0,8620,1,0,1,Pedestrian
2,1966.0,812.0,1977.0,878.0,8621,1,0,1,Pedestrian
2,1966.0,812.0,1977.0,878.0,8622,1,0,1,Pedestrian
2,1966.0,812.0,1977.0,878.0,8623,1,0,1,Pedestrian
2,1966.0,812.0,1977.0,878.0,8624,1,0,1,Pedestrian
2,1966.0,812.0,1977.0,878.0,8625,1,0,1,Pedestrian
2,1966.0,812.0,1977.0,878.0,8626,1,0,1,Pedestrian
2,1966.0,812.0,1977.0,878.0,8627,1,0,1,Pedestrian
2,1966.0,812.0,1977.0,878.0,8628,1,0,1,Pedestrian
2,1966.0,812.0,1977.0,878.0,8629,1,0,1,Pedestrian
2,1966.0,812.0,1977.0,878.0,8630,1,0,1,Pedestrian
2,1966.0,812.0,1977.0,878.0,8631,1,0,1,Pedestrian
2,1966.0,812.0,1977.0,878.0,8632,1,0,1,Pedestrian
2,1966.0,812.0,1977.0,878.0,8633,1,0,1,Pedestrian
2,1966.0,812.0,1977.0,878.0,8634,1,0,1,Pedestrian
2,1966.0,812.0,1977.0,878.0,8635,1,0,1,Pedestrian
2,1966.0,812.0,1977.0,878.0,8636,1,0,1,Pedestrian
2,1966.0,812.0,1977.0,878.0,8637,1,0,1,Pedestrian
2,1966.0,812.0,1977.0,878.0,8638,1,0,1,Pedestrian
2,1966.0,812.0,1977.0,878.0,8639,1,0,1,Pedestrian
2,1966.0,812.0,1977.0,878.0,8640,1,0,1,Pedestrian
2,1966.0,812.0,1977.0,878.0,8641,1,0,1,Pedestrian
2,1966.0,812.0,1977.0,878.0,8642,1,0,1,Pedestrian
2,1966.0,812.0,1977.0,878.0,8643,1,0,1,Pedestrian
2,1966.0,812.0,1977.0,878.0,8644,1,0,1,Pedestrian
2,1966.0,812.0,1977.0,878.0,8645,1,0,1,Pedestrian
2,1966.0,812.0,1977.0,878.0,8646,1,0,1,Pedestrian
2,1966.0,812.0,1977.0,878.0,8647,1,0,1,Pedestrian
2,1966.0,812.0,1977.0,878.0,8648,1,0,1,Pedestrian
2,1966.0,812.0,1977.0,878.0,8649,1,0,1,Pedestrian
2,1966.0,812.0,1977.0,878.0,8650,1,0,1,Pedestrian
2,1966.0,812.0,1977.0,878.0,8651,1,0,1,Pedestrian
2,1966.0,812.0,1977.0,878.0,8652,1,0,1,Pedestrian
2,1966.0,812.0,1977.0,878.0,8653,1,0,1,Pedestrian
2,1966.0,812.0,1977.0,878.0,8654,1,0,1,Pedestrian
2,1966.0,812.0,1977.0,878.0,8655,1,0,1,Pedestrian
2,1966.0,812.0,1977.0,878.0,8656,1,0,1,Pedestrian
2,1966.0,812.0,1977.0,878.0,8657,1,0,1,Pedestrian
2,1966.0,812.0,1977.0,878.0,8658,1,0,1,Pedestrian
2,1966.0,812.0,1977.0,878.0,8659,1,0,1,Pedestrian
2,1966.0,812.0,1977.0,878.0,8660,1,0,1,Pedestrian
2,1966.0,812.0,1977.0,878.0,8661,1,0,1,Pedestrian
2,1966.0,812.0,1977.0,878.0,8662,1,0,1,Pedestrian
2,1966.0,812.0,1977.0,878.0,8663,1,0,1,Pedestrian
2,1966.0,812.0,1977.0,878.0,8664,1,0,1,Pedestrian
2,1966.0,812.0,1977.0,878.0,8665,1,0,1,Pedestrian
2,1966.0,812.0,1977.0,878.0,8666,1,0,1,Pedestrian
2,1966.0,812.0,1977.0,878.0,8667,1,0,1,Pedestrian
2,1966.0,812.0,1977.0,878.0,8668,1,0,1,Pedestrian
2,1966.0,812.0,1977.0,878.0,8669,1,0,1,Pedestrian
2,1966.0,812.0,1977.0,878.0,8670,1,0,1,Pedestrian
2,1966.0,812.0,1977.0,878.0,8671,1,0,1,Pedestrian
2,1966.0,812.0,1977.0,878.0,8672,1,0,1,Pedestrian
2,1966.0,812.0,1977.0,878.0,8673,1,0,1,Pedestrian
2,1966.0,812.0,1977.0,878.0,8674,1,0,1,Pedestrian
2,1966.0,812.0,1977.0,878.0,8675,1,0,1,Pedestrian
2,1966.0,812.0,1977.0,878.0,8676,1,0,1,Pedestrian
2,1966.0,812.0,1977.0,878.0,8677,1,0,1,Pedestrian
2,1966.0,812.0,1977.0,878.0,8678,1,0,1,Pedestrian
2,1966.0,812.0,1977.0,878.0,8679,1,0,1,Pedestrian
2,1966.0,812.0,1977.0,878.0,8680,1,0,1,Pedestrian
2,1966.0,812.0,1977.0,878.0,8681,1,0,1,Pedestrian
2,1966.0,812.0,1977.0,878.0,8682,1,0,1,Pedestrian
2,1966.0,812.0,1977.0,878.0,8683,1,0,1,Pedestrian
2,1966.0,812.0,1977.0,878.0,8684,1,0,1,Pedestrian
2,1966.0,812.0,1977.0,878.0,8685,1,0,1,Pedestrian
2,1966.0,812.0,1977.0,878.0,8686,1,0,1,Pedestrian
2,1966.0,812.0,1977.0,878.0,8687,1,0,1,Pedestrian
2,1966.0,812.0,1977.0,878.0,8688,1,0,1,Pedestrian
2,1966.0,812.0,1977.0,878.0,8689,1,0,1,Pedestrian
2,1966.0,812.0,1977.0,878.0,8690,1,0,1,Pedestrian
2,1966.0,812.0,1977.0,878.0,8691,1,0,1,Pedestrian
2,1966.0,812.0,1977.0,878.0,8692,1,0,1,Pedestrian
2,1966.0,812.0,1977.0,878.0,8693,1,0,1,Pedestrian
2,1966.0,812.0,1977.0,878.0,8694,1,0,1,Pedestrian
2,1966.0,812.0,1977.0,878.0,8695,1,0,1,Pedestrian
2,1966.0,812.0,1977.0,878.0,8696,1,0,1,Pedestrian
2,1966.0,812.0,1977.0,878.0,8697,1,0,1,Pedestrian
2,1966.0,812.0,1977.0,878.0,8698,1,0,1,Pedestrian
2,1966.0,812.0,1977.0,878.0,8699,1,0,1,Pedestrian
2,1966.0,812.0,1977.0,878.0,8700,1,0,1,Pedestrian
2,1966.0,812.0,1977.0,878.0,8701,1,0,1,Pedestrian
2,1966.0,812.0,1977.0,878.0,8702,1,0,1,Pedestrian
2,1966.0,812.0,1977.0,878.0,8703,1,0,1,Pedestrian
2,1966.0,812.0,1977.0,878.0,8704,1,0,1,Pedestrian
2,1966.0,812.0,1977.0,878.0,8705,1,0,1,Pedestrian
2,1966.0,812.0,1977.0,878.0,8706,1,0,1,Pedestrian
2,1966.0,812.0,1977.0,878.0,8707,1,0,1,Pedestrian
2,1966.0,812.0,1977.0,878.0,8708,1,0,1,Pedestrian
2,1966.0,812.0,1977.0,878.0,8709,1,0,1,Pedestrian
2,1966.0,812.0,1977.0,878.0,8710,1,0,1,Pedestrian
2,1966.0,812.0,1977.0,878.0,8711,1,0,1,Pedestrian
2,1966.0,812.0,1977.0,878.0,8712,1,0,1,Pedestrian
2,1966.0,812.0,1977.0,878.0,8713,1,0,1,Pedestrian
2,1966.0,812.0,1977.0,878.0,8714,1,0,1,Pedestrian
2,1966.0,812.0,1977.0,878.0,8715,1,0,1,Pedestrian
2,1966.0,812.0,1977.0,878.0,8716,1,0,1,Pedestrian
2,1966.0,812.0,1977.0,878.0,8717,1,0,1,Pedestrian
2,1966.0,812.0,1977.0,878.0,8718,1,0,1,Pedestrian
2,1966.0,812.0,1977.0,878.0,8719,1,0,1,Pedestrian
2,1966.0,812.0,1977.0,878.0,8720,1,0,1,Pedestrian
2,1966.0,812.0,1977.0,878.0,8721,1,0,1,Pedestrian
2,1966.0,812.0,1977.0,878.0,8722,1,0,1,Pedestrian
2,1966.0,812.0,1977.0,878.0,8723,1,0,1,Pedestrian
2,1966.0,812.0,1977.0,878.0,8724,1,0,1,Pedestrian
2,1966.0,812.0,1977.0,878.0,8725,1,0,1,Pedestrian
2,1966.0,812.0,1977.0,878.0,8726,1,0,1,Pedestrian
2,1966.0,812.0,1977.0,878.0,8727,1,0,1,Pedestrian
2,1966.0,812.0,1977.0,878.0,8728,1,0,1,Pedestrian
2,1966.0,812.0,1977.0,878.0,8729,1,0,1,Pedestrian
2,1966.0,812.0,1977.0,878.0,8730,1,0,1,Pedestrian
2,1966.0,812.0,1977.0,878.0,8731,1,0,1,Pedestrian
2,1966.0,812.0,1977.0,878.0,8732,1,0,1,Pedestrian
2,1966.0,812.0,1977.0,878.0,8733,1,0,1,Pedestrian
2,1966.0,812.0,1977.0,878.0,8734,1,0,1,Pedestrian
2,1966.0,812.0,1977.0,878.0,8735,1,0,1,Pedestrian
2,1966.0,812.0,1977.0,878.0,8736,1,0,1,Pedestrian
2,1966.0,812.0,1977.0,878.0,8737,1,0,1,Pedestrian
2,1966.0,812.0,1977.0,878.0,8738,1,0,1,Pedestrian
2,1966.0,812.0,1977.0,878.0,8739,1,0,1,Pedestrian
2,1966.0,812.0,1977.0,878.0,8740,1,0,1,Pedestrian
2,1966.0,812.0,1977.0,878.0,8741,1,0,1,Pedestrian
2,1966.0,812.0,1977.0,878.0,8742,1,0,1,Pedestrian
2,1966.0,812.0,1977.0,878.0,8743,1,0,1,Pedestrian
2,1966.0,812.0,1977.0,878.0,8744,1,0,1,Pedestrian
2,1966.0,812.0,1977.0,878.0,8745,1,0,1,Pedestrian
2,1966.0,812.0,1977.0,878.0,8746,1,0,1,Pedestrian
2,1966.0,812.0,1977.0,878.0,8747,1,0,1,Pedestrian
2,1966.0,812.0,1977.0,878.0,8748,1,0,1,Pedestrian
2,1966.0,812.0,1977.0,878.0,8749,1,0,1,Pedestrian
2,1966.0,812.0,1977.0,878.0,8750,1,0,1,Pedestrian
2,1966.0,812.0,1977.0,878.0,8751,1,0,1,Pedestrian
2,1966.0,812.0,1977.0,878.0,8752,1,0,1,Pedestrian
2,1966.0,812.0,1977.0,878.0,8753,1,0,1,Pedestrian
2,1966.0,812.0,1977.0,878.0,8754,1,0,1,Pedestrian
2,1966.0,812.0,1977.0,878.0,8755,1,0,1,Pedestrian
2,1966.0,812.0,1977.0,878.0,8756,1,0,1,Pedestrian
2,1966.0,812.0,1977.0,878.0,8757,1,0,1,Pedestrian
2,1966.0,812.0,1977.0,878.0,8758,1,0,1,Pedestrian
2,1966.0,812.0,1977.0,878.0,8759,1,0,1,Pedestrian
2,1966.0,812.0,1977.0,878.0,8760,1,0,1,Pedestrian
2,1966.0,812.0,1977.0,878.0,8761,1,0,1,Pedestrian
2,1966.0,812.0,1977.0,878.0,8762,1,0,1,Pedestrian
2,1966.0,812.0,1977.0,878.0,8763,1,0,1,Pedestrian
2,1966.0,812.0,1977.0,878.0,8764,1,0,1,Pedestrian
2,1966.0,812.0,1977.0,878.0,8765,1,0,1,Pedestrian
2,1966.0,812.0,1977.0,878.0,8766,1,0,1,Pedestrian
2,1966.0,812.0,1977.0,878.0,8767,1,0,1,Pedestrian
2,1966.0,812.0,1977.0,878.0,8768,1,0,1,Pedestrian
2,1966.0,812.0,1977.0,878.0,8769,1,0,1,Pedestrian
2,1966.0,812.0,1977.0,878.0,8770,1,0,1,Pedestrian
2,1966.0,812.0,1977.0,878.0,8771,1,0,1,Pedestrian
2,1966.0,812.0,1977.0,878.0,8772,1,0,1,Pedestrian
2,1966.0,812.0,1977.0,878.0,8773,1,0,1,Pedestrian
2,1966.0,812.0,1977.0,878.0,8774,1,0,1,Pedestrian
2,1966.0,812.0,1977.0,878.0,8775,1,0,1,Pedestrian
2,1966.0,812.0,1977.0,878.0,8776,1,0,1,Pedestrian
2,1966.0,812.0,1977.0,878.0,8777,1,0,1,Pedestrian
2,1966.0,812.0,1977.0,878.0,8778,1,0,1,Pedestrian
2,1966.0,812.0,1977.0,878.0,8779,1,0,1,Pedestrian
2,1966.0,812.0,1977.0,878.0,8780,1,0,1,Pedestrian
2,1966.0,812.0,1977.0,878.0,8781,1,0,1,Pedestrian
2,1966.0,812.0,1977.0,878.0,8782,1,0,1,Pedestrian
2,1966.0,812.0,1977.0,878.0,8783,1,0,1,Pedestrian
2,1966.0,812.0,1977.0,878.0,8784,1,0,1,Pedestrian
2,1966.0,812.0,1977.0,878.0,8785,1,0,1,Pedestrian
2,1966.0,812.0,1977.0,878.0,8786,1,0,1,Pedestrian
2,1966.0,812.0,1977.0,878.0,8787,1,0,1,Pedestrian
2,1966.0,812.0,1977.0,878.0,8788,1,0,1,Pedestrian
2,1966.0,812.0,1977.0,878.0,8789,1,0,1,Pedestrian
2,1966.0,812.0,1977.0,878.0,8790,1,0,1,Pedestrian
2,1966.0,812.0,1977.0,878.0,8791,1,0,1,Pedestrian
2,1966.0,812.0,1977.0,878.0,8792,1,0,1,Pedestrian
2,1966.0,812.0,1977.0,878.0,8793,1,0,1,Pedestrian
2,1966.0,812.0,1977.0,878.0,8794,1,0,1,Pedestrian
2,1966.0,812.0,1977.0,878.0,8795,1,0,1,Pedestrian
2,1966.0,812.0,1977.0,878.0,8796,1,0,1,Pedestrian
2,1966.0,812.0,1977.0,878.0,8797,1,0,1,Pedestrian
2,1966.0,812.0,1977.0,878.0,8798,1,0,1,Pedestrian
2,1966.0,812.0,1977.0,878.0,8799,1,0,1,Pedestrian
2,1966.0,812.0,1977.0,878.0,8800,1,0,1,Pedestrian
2,1966.0,812.0,1977.0,878.0,8801,1,0,1,Pedestrian
2,1966.0,812.0,1977.0,878.0,8802,1,0,1,Pedestrian
2,1966.0,812.0,1977.0,878.0,8803,1,0,1,Pedestrian
2,1966.0,812.0,1977.0,878.0,8804,1,0,1,Pedestrian
2,1966.0,812.0,1977.0,878.0,8805,1,0,1,Pedestrian
2,1966.0,812.0,1977.0,878.0,8806,1,0,1,Pedestrian
2,1966.0,812.0,1977.0,878.0,8807,1,0,1,Pedestrian
2,1966.0,812.0,1977.0,878.0,8808,1,0,1,Pedestrian
2,1966.0,812.0,1977.0,878.0,8809,1,0,1,Pedestrian
2,1966.0,812.0,1977.0,878.0,8810,1,0,1,Pedestrian
2,1966.0,812.0,1977.0,878.0,8811,1,0,1,Pedestrian
2,1966.0,812.0,1977.0,878.0,8812,1,0,1,Pedestrian
2,1966.0,812.0,1977.0,878.0,8813,1,0,1,Pedestrian
2,1966.0,812.0,1977.0,878.0,8814,1,0,1,Pedestrian
2,1966.0,812.0,1977.0,878.0,8815,1,0,1,Pedestrian
2,1966.0,812.0,1977.0,878.0,8816,1,0,1,Pedestrian
2,1966.0,812.0,1977.0,878.0,8817,1,0,1,Pedestrian
2,1966.0,812.0,1977.0,878.0,8818,1,0,1,Pedestrian
2,1966.0,812.0,1977.0,878.0,8819,1,0,1,Pedestrian
2,1966.0,812.0,1977.0,878.0,8820,1,0,1,Pedestrian
2,1966.0,812.0,1977.0,878.0,8821,1,0,1,Pedestrian
2,1966.0,812.0,1977.0,878.0,8822,1,0,1,Pedestrian
2,1966.0,812.0,1977.0,878.0,8823,1,0,1,Pedestrian
2,1966.0,812.0,1977.0,878.0,8824,1,0,1,Pedestrian
2,1966.0,812.0,1977.0,878.0,8825,1,0,1,Pedestrian
2,1966.0,812.0,1977.0,878.0,8826,1,0,1,Pedestrian
2,1966.0,812.0,1977.0,878.0,8827,1,0,1,Pedestrian
2,1966.0,812.0,1977.0,878.0,8828,1,0,1,Pedestrian
2,1966.0,812.0,1977.0,878.0,8829,1,0,1,Pedestrian
2,1966.0,812.0,1977.0,878.0,8830,1,0,1,Pedestrian
2,1966.0,812.0,1977.0,878.0,8831,1,0,1,Pedestrian
2,1966.0,812.0,1977.0,878.0,8832,1,0,1,Pedestrian
2,1966.0,812.0,1977.0,878.0,8833,1,0,1,Pedestrian
2,1966.0,812.0,1977.0,878.0,8834,1,0,1,Pedestrian
2,1966.0,812.0,1977.0,878.0,8835,1,0,1,Pedestrian
2,1966.0,812.0,1977.0,878.0,8836,1,0,1,Pedestrian
2,1966.0,812.0,1977.0,878.0,8837,1,0,1,Pedestrian
2,1966.0,812.0,1977.0,878.0,8838,1,0,1,Pedestrian
2,1966.0,812.0,1977.0,878.0,8839,1,0,1,Pedestrian
2,1966.0,812.0,1977.0,878.0,8840,1,0,1,Pedestrian
2,1966.0,812.0,1977.0,878.0,8841,1,0,1,Pedestrian
2,1966.0,812.0,1977.0,878.0,8842,1,0,1,Pedestrian
2,1966.0,812.0,1977.0,878.0,8843,1,0,1,Pedestrian
2,1966.0,812.0,1977.0,878.0,8844,1,0,1,Pedestrian
2,1966.0,812.0,1977.0,878.0,8845,1,0,1,Pedestrian
2,1966.0,812.0,1977.0,878.0,8846,1,0,1,Pedestrian
2,1966.0,812.0,1977.0,878.0,8847,1,0,1,Pedestrian
2,1966.0,812.0,1977.0,878.0,8848,1,0,1,Pedestrian
2,1966.0,812.0,1977.0,878.0,8849,1,0,1,Pedestrian
2,1966.0,812.0,1977.0,878.0,8850,1,0,1,Pedestrian
2,1966.0,812.0,1977.0,878.0,8851,1,0,1,Pedestrian
2,1966.0,812.0,1977.0,878.0,8852,1,0,1,Pedestrian
2,1966.0,812.0,1977.0,878.0,8853,1,0,1,Pedestrian
2,1966.0,812.0,1977.0,878.0,8854,1,0,1,Pedestrian
2,1966.0,812.0,1977.0,878.0,8855,1,0,1,Pedestrian
2,1966.0,812.0,1977.0,878.0,8856,1,0,1,Pedestrian
2,1966.0,812.0,1977.0,878.0,8857,1,0,1,Pedestrian
2,1966.0,812.0,1977.0,878.0,8858,1,0,1,Pedestrian
2,1966.0,812.0,1977.0,878.0,8859,1,0,1,Pedestrian
2,1966.0,812.0,1977.0,878.0,8860,1,0,1,Pedestrian
2,1966.0,812.0,1977.0,878.0,8861,1,0,1,Pedestrian
2,1966.0,812.0,1977.0,878.0,8862,1,0,1,Pedestrian
2,1966.0,812.0,1977.0,878.0,8863,1,0,1,Pedestrian
2,1966.0,812.0,1977.0,878.0,8864,1,0,1,Pedestrian
2,1966.0,812.0,1977.0,878.0,8865,1,0,1,Pedestrian
2,1966.0,812.0,1977.0,878.0,8866,1,0,1,Pedestrian
2,1966.0,812.0,1977.0,878.0,8867,1,0,1,Pedestrian
2,1966.0,812.0,1977.0,878.0,8868,1,0,1,Pedestrian
2,1966.0,812.0,1977.0,878.0,8869,1,0,1,Pedestrian
2,1966.0,812.0,1977.0,878.0,8870,1,0,1,Pedestrian
2,1966.0,812.0,1977.0,878.0,8871,1,0,1,Pedestrian
2,1966.0,812.0,1977.0,878.0,8872,1,0,1,Pedestrian
2,1966.0,812.0,1977.0,878.0,8873,1,0,1,Pedestrian
2,1966.0,812.0,1977.0,878.0,8874,1,0,1,Pedestrian
2,1966.0,812.0,1977.0,878.0,8875,1,0,1,Pedestrian
2,1966.0,812.0,1977.0,878.0,8876,1,0,1,Pedestrian
2,1966.0,812.0,1977.0,878.0,8877,1,0,1,Pedestrian
2,1966.0,812.0,1977.0,878.0,8878,1,0,1,Pedestrian
2,1966.0,812.0,1977.0,878.0,8879,1,0,1,Pedestrian
2,1966.0,812.0,1977.0,878.0,8880,1,0,1,Pedestrian
2,1966.0,812.0,1977.0,878.0,8881,1,0,1,Pedestrian
2,1966.0,812.0,1977.0,878.0,8882,1,0,1,Pedestrian
2,1966.0,812.0,1977.0,878.0,8883,1,0,1,Pedestrian
2,1966.0,812.0,1977.0,878.0,8884,1,0,1,Pedestrian
2,1966.0,812.0,1977.0,878.0,8885,1,0,1,Pedestrian
2,1966.0,812.0,1977.0,878.0,8886,1,0,1,Pedestrian
2,1966.0,812.0,1977.0,878.0,8887,1,0,1,Pedestrian
2,1966.0,812.0,1977.0,878.0,8888,1,0,1,Pedestrian
2,1966.0,812.0,1977.0,878.0,8889,1,0,1,Pedestrian
2,1966.0,812.0,1977.0,878.0,8890,1,0,1,Pedestrian
2,1966.0,812.0,1977.0,878.0,8891,1,0,1,Pedestrian
2,1966.0,812.0,1977.0,878.0,8892,1,0,1,Pedestrian
2,1966.0,812.0,1977.0,878.0,8893,1,0,1,Pedestrian
2,1966.0,812.0,1977.0,878.0,8894,1,0,1,Pedestrian
2,1966.0,812.0,1977.0,878.0,8895,1,0,1,Pedestrian
2,1966.0,812.0,1977.0,878.0,8896,1,0,1,Pedestrian
2,1966.0,812.0,1977.0,878.0,8897,1,0,1,Pedestrian
2,1966.0,812.0,1977.0,878.0,8898,1,0,1,Pedestrian
2,1966.0,812.0,1977.0,878.0,8899,1,0,1,Pedestrian
2,1966.0,812.0,1977.0,878.0,8900,1,0,1,Pedestrian
2,1966.0,812.0,1977.0,878.0,8901,1,0,1,Pedestrian
2,1966.0,812.0,1977.0,878.0,8902,1,0,1,Pedestrian
2,1966.0,812.0,1977.0,878.0,8903,1,0,1,Pedestrian
2,1966.0,812.0,1977.0,878.0,8904,1,0,1,Pedestrian
2,1966.0,812.0,1977.0,878.0,8905,1,0,1,Pedestrian
2,1966.0,812.0,1977.0,878.0,8906,1,0,1,Pedestrian
2,1966.0,812.0,1977.0,878.0,8907,1,0,1,Pedestrian
2,1966.0,812.0,1977.0,878.0,8908,1,0,1,Pedestrian
2,1966.0,812.0,1977.0,878.0,8909,1,0,1,Pedestrian
2,1966.0,812.0,1977.0,878.0,8910,1,0,1,Pedestrian
2,1966.0,812.0,1977.0,878.0,8911,1,0,1,Pedestrian
2,1966.0,812.0,1977.0,878.0,8912,1,0,1,Pedestrian
2,1966.0,812.0,1977.0,878.0,8913,1,0,1,Pedestrian
2,1966.0,812.0,1977.0,878.0,8914,1,0,1,Pedestrian
2,1966.0,812.0,1977.0,878.0,8915,1,0,1,Pedestrian
2,1966.0,812.0,1977.0,878.0,8916,1,0,1,Pedestrian
2,1966.0,812.0,1977.0,878.0,8917,1,0,1,Pedestrian
2,1966.0,812.0,1977.0,878.0,8918,1,0,1,Pedestrian
2,1966.0,812.0,1977.0,878.0,8919,1,0,1,Pedestrian
2,1966.0,812.0,1977.0,878.0,8920,1,0,1,Pedestrian
2,1966.0,812.0,1977.0,878.0,8921,1,0,1,Pedestrian
2,1966.0,812.0,1977.0,878.0,8922,1,0,1,Pedestrian
2,1966.0,812.0,1977.0,878.0,8923,1,0,1,Pedestrian
2,1966.0,812.0,1977.0,878.0,8924,1,0,1,Pedestrian
2,1966.0,812.0,1977.0,878.0,8925,1,0,1,Pedestrian
2,1966.0,812.0,1977.0,878.0,8926,1,0,1,Pedestrian
2,1966.0,812.0,1977.0,878.0,8927,1,0,1,Pedestrian
2,1966.0,812.0,1977.0,878.0,8928,1,0,1,Pedestrian
2,1966.0,812.0,1977.0,878.0,8929,1,0,1,Pedestrian
2,1966.0,812.0,1977.0,878.0,8930,1,0,1,Pedestrian
2,1966.0,812.0,1977.0,878.0,8931,1,0,1,Pedestrian
2,1966.0,812.0,1977.0,878.0,8932,1,0,1,Pedestrian
2,1966.0,812.0,1977.0,878.0,8933,1,0,1,Pedestrian
2,1966.0,812.0,1977.0,878.0,8934,1,0,1,Pedestrian
2,1966.0,812.0,1977.0,878.0,8935,1,0,1,Pedestrian
2,1966.0,812.0,1977.0,878.0,8936,1,0,1,Pedestrian
2,1966.0,812.0,1977.0,878.0,8937,1,0,1,Pedestrian
2,1966.0,812.0,1977.0,878.0,8938,1,0,1,Pedestrian
2,1966.0,812.0,1977.0,878.0,8939,1,0,1,Pedestrian
2,1966.0,812.0,1977.0,878.0,8940,1,0,1,Pedestrian
2,1966.0,812.0,1977.0,878.0,8941,1,0,1,Pedestrian
2,1966.0,812.0,1977.0,878.0,8942,1,0,1,Pedestrian
2,1966.0,812.0,1977.0,878.0,8943,1,0,1,Pedestrian
2,1966.0,812.0,1977.0,878.0,8944,1,0,1,Pedestrian
2,1966.0,812.0,1977.0,878.0,8945,1,0,1,Pedestrian
2,1966.0,812.0,1977.0,878.0,8946,1,0,1,Pedestrian
2,1966.0,812.0,1977.0,878.0,8947,1,0,1,Pedestrian
2,1966.0,812.0,1977.0,878.0,8948,1,0,1,Pedestrian
2,1966.0,812.0,1977.0,878.0,8949,1,0,1,Pedestrian
2,1966.0,812.0,1977.0,878.0,8950,1,0,1,Pedestrian
2,1966.0,812.0,1977.0,878.0,8951,1,0,1,Pedestrian
2,1966.0,812.0,1977.0,878.0,8952,1,0,1,Pedestrian
2,1966.0,812.0,1977.0,878.0,8953,1,0,1,Pedestrian
2,1966.0,812.0,1977.0,878.0,8954,1,0,1,Pedestrian
2,1966.0,812.0,1977.0,878.0,8955,1,0,1,Pedestrian
2,1966.0,812.0,1977.0,878.0,8956,1,0,1,Pedestrian
2,1966.0,812.0,1977.0,878.0,8957,1,0,1,Pedestrian
2,1966.0,812.0,1977.0,878.0,8958,1,0,1,Pedestrian
2,1966.0,812.0,1977.0,878.0,8959,1,0,1,Pedestrian
2,1966.0,812.0,1977.0,878.0,8960,1,0,1,Pedestrian
2,1966.0,812.0,1977.0,878.0,8961,1,0,1,Pedestrian
2,1966.0,812.0,1977.0,878.0,8962,1,0,1,Pedestrian
2,1966.0,812.0,1977.0,878.0,8963,1,0,1,Pedestrian
2,1966.0,812.0,1977.0,878.0,8964,1,0,1,Pedestrian
2,1966.0,812.0,1977.0,878.0,8965,1,0,1,Pedestrian
2,1966.0,812.0,1977.0,878.0,8966,1,0,1,Pedestrian
2,1966.0,812.0,1977.0,878.0,8967,1,0,1,Pedestrian
2,1966.0,812.0,1977.0,878.0,8968,1,0,1,Pedestrian
2,1966.0,812.0,1977.0,878.0,8969,1,0,1,Pedestrian
2,1966.0,812.0,1977.0,878.0,8970,1,0,1,Pedestrian
2,1966.0,812.0,1977.0,878.0,8971,1,0,1,Pedestrian
2,1966.0,812.0,1977.0,878.0,8972,1,0,1,Pedestrian
2,1966.0,812.0,1977.0,878.0,8973,1,0,1,Pedestrian
2,1966.0,812.0,1977.0,878.0,8974,1,0,1,Pedestrian
2,1966.0,812.0,1977.0,878.0,8975,1,0,1,Pedestrian
2,1966.0,812.0,1977.0,878.0,8976,1,0,1,Pedestrian
2,1966.0,812.0,1977.0,878.0,8977,1,0,1,Pedestrian
2,1966.0,812.0,1977.0,878.0,8978,1,0,1,Pedestrian
2,1966.0,812.0,1977.0,878.0,8979,1,0,1,Pedestrian
2,1966.0,812.0,1977.0,878.0,8980,1,0,1,Pedestrian
2,1966.0,812.0,1977.0,878.0,8981,1,0,1,Pedestrian
2,1966.0,812.0,1977.0,878.0,8982,1,0,1,Pedestrian
2,1966.0,812.0,1977.0,878.0,8983,1,0,1,Pedestrian
2,1966.0,812.0,1977.0,878.0,8984,1,0,1,Pedestrian
2,1966.0,812.0,1977.0,878.0,8985,1,0,1,Pedestrian
2,1966.0,812.0,1977.0,878.0,8986,1,0,1,Pedestrian
2,1966.0,812.0,1977.0,878.0,8987,1,0,1,Pedestrian
2,1966.0,812.0,1977.0,878.0,8988,1,0,1,Pedestrian
2,1966.0,812.0,1977.0,878.0,8989,1,0,1,Pedestrian
2,1966.0,812.0,1977.0,878.0,8990,1,0,1,Pedestrian
2,1966.0,812.0,1977.0,878.0,8991,1,0,1,Pedestrian
2,1966.0,812.0,1977.0,878.0,8992,1,0,1,Pedestrian
2,1966.0,812.0,1977.0,878.0,8993,1,0,1,Pedestrian
2,1966.0,812.0,1977.0,878.0,8994,1,0,1,Pedestrian
2,1966.0,812.0,1977.0,878.0,8995,1,0,1,Pedestrian
2,1966.0,812.0,1977.0,878.0,8996,1,0,1,Pedestrian
2,1966.0,812.0,1977.0,878.0,8997,1,0,1,Pedestrian
2,1966.0,812.0,1977.0,878.0,8998,1,0,1,Pedestrian
2,1966.0,812.0,1977.0,878.0,8999,1,0,1,Pedestrian
2,1966.0,812.0,1977.0,878.0,9000,1,0,1,Pedestrian
2,1966.0,812.0,1977.0,878.0,9001,1,0,1,Pedestrian
2,1966.0,812.0,1977.0,878.0,9002,1,0,1,Pedestrian
2,1966.0,812.0,1977.0,878.0,9003,1,0,1,Pedestrian
2,1966.0,812.0,1977.0,878.0,9004,1,0,1,Pedestrian
2,1966.0,812.0,1977.0,878.0,9005,1,0,1,Pedestrian
2,1966.0,812.0,1977.0,878.0,9006,1,0,1,Pedestrian
2,1966.0,812.0,1977.0,878.0,9007,1,0,1,Pedestrian
2,1966.0,812.0,1977.0,878.0,9008,1,0,1,Pedestrian
2,1966.0,812.0,1977.0,878.0,9009,1,0,1,Pedestrian
2,1966.0,812.0,1977.0,878.0,9010,1,0,1,Pedestrian
2,1966.0,812.0,1977.0,878.0,9011,1,0,1,Pedestrian
2,1966.0,812.0,1977.0,878.0,9012,1,0,1,Pedestrian
2,1966.0,812.0,1977.0,878.0,9013,1,0,1,Pedestrian
2,1966.0,812.0,1977.0,878.0,9014,1,0,1,Pedestrian
2,1966.0,812.0,1977.0,878.0,9015,1,0,1,Pedestrian
2,1966.0,812.0,1977.0,878.0,9016,1,0,1,Pedestrian
2,1966.0,812.0,1977.0,878.0,9017,1,0,1,Pedestrian
2,1966.0,812.0,1977.0,878.0,9018,1,0,1,Pedestrian
2,1966.0,812.0,1977.0,878.0,9019,1,0,1,Pedestrian
2,1966.0,812.0,1977.0,878.0,9020,1,0,1,Pedestrian
2,1966.0,812.0,1977.0,878.0,9021,1,0,1,Pedestrian
2,1966.0,812.0,1977.0,878.0,9022,1,0,1,Pedestrian
2,1966.0,812.0,1977.0,878.0,9023,1,0,1,Pedestrian
2,1966.0,812.0,1977.0,878.0,9024,1,0,1,Pedestrian
2,1966.0,812.0,1977.0,878.0,9025,1,0,1,Pedestrian
2,1966.0,812.0,1977.0,878.0,9026,1,0,1,Pedestrian
2,1966.0,812.0,1977.0,878.0,9027,1,0,1,Pedestrian
2,1966.0,812.0,1977.0,878.0,9028,1,0,1,Pedestrian
2,1966.0,812.0,1977.0,878.0,9029,1,0,1,Pedestrian
2,1966.0,812.0,1977.0,878.0,9030,1,0,1,Pedestrian
2,1966.0,812.0,1977.0,878.0,9031,1,0,0,Pedestrian
3,2.0,913.0,63.0,976.0,8500,1,0,0,Biker
3,2.0,913.0,63.0,976.0,8501,1,0,1,Biker
3,2.0,913.0,63.0,976.0,8502,1,0,1,Biker
3,2.0,913.0,63.0,976.0,8503,1,0,1,Biker
3,2.0,913.0,63.0,976.0,8504,1,0,1,Biker
3,2.0,913.0,63.0,976.0,8505,1,0,1,Biker
3,2.0,913.0,63.0,976.0,8506,1,0,1,Biker
3,2.0,913.0,63.0,976.0,8507,1,0,1,Biker
3,2.0,913.0,63.0,976.0,8508,1,0,1,Biker
3,2.0,913.0,63.0,976.0,8509,1,0,1,Biker
3,2.0,913.0,63.0,976.0,8510,1,0,1,Biker
3,2.0,913.0,63.0,976.0,8511,1,0,1,Biker
3,2.0,913.0,63.0,976.0,8512,1,0,1,Biker
3,2.0,913.0,63.0,976.0,8513,1,0,1,Biker
3,2.0,913.0,63.0,976.0,8514,1,0,1,Biker
3,2.0,913.0,63.0,976.0,8515,1,0,1,Biker
3,2.0,913.0,63.0,976.0,8516,1,0,1,Biker
3,2.0,913.0,63.0,976.0,8517,1,0,1,Biker
3,2.0,913.0,63.0,976.0,8518,1,0,1,Biker
3,2.0,913.0,63.0,976.0,8519,1,0,1,Biker
3,2.0,913.0,63.0,976.0,8520,1,0,1,Biker
3,2.0,913.0,63.0,976.0,8521,1,0,1,Biker
3,2.0,913.0,63.0,976.0,8522,1,0,1,Biker
3,2.0,913.0,63.0,976.0,8523,1,0,1,Biker
3,2.0,913.0,63.0,976.0,8524,1,0,1,Biker
3,2.0,913.0,63.0,976.0,8525,1,0,1,Biker
3,2.0,913.0,63.0,976.0,8526,1,0,1,Biker
3,2.0,913.0,63.0,976.0,8527,1,0,1,Biker
3,2.0,913.0,63.0,976.0,8528,1,0,1,Biker
3,2.0,913.0,63.0,976.0,8529,1,0,1,Biker
3,2.0,913.0,63.0,976.0,8530,1,0,1,Biker
3,2.0,913.0,63.0,976.0,8531,1,0,1,Biker
3,2.0,913.0,63.0,976.0,8532,1,0,1,Biker
3,2.0,913.0,63.0,976.0,8533,1,0,1,Biker
3,2.0,913.0,63.0,976.0,8534,1,0,1,Biker
3,2.0,913.0,63.0,976.0,8535,1,0,1,Biker
3,2.0,913.0,63.0,976.0,8536,1,0,1,Biker
3,2.0,913.0,63.0,976.0,8537,1,0,1,Biker
3,2.0,913.0,63.0,976.0,8538,1,0,1,Biker
3,2.0,913.0,63.0,976.0,8539,1,0,1,Biker
3,2.0,913.0,63.0,976.0,8540,1,0,1,Biker
3,2.0,913.0,63.0,976.0,8541,1,0,1,Biker
3,2.0,913.0,63.0,976.0,8542,1,0,1,Biker
3,2.0,913.0,63.0,976.0,8543,1,0,1,Biker
3,2.0,913.0,63.0,976.0,8544,1,0,1,Biker
3,2.0,913.0,63.0,976.0,8545,1,0,1,Biker
3,2.0,913.0,63.0,976.0,8546,1,0,1,Biker
3,2.0,913.0,63.0,976.0,8547,1,0,1,Biker
3,2.0,913.0,63.0,976.0,8548,1,0,1,Biker
3,2.0,913.0,63.0,976.0,8549,1,0,1,Biker
3,2.0,913.0,63.0,976.0,8550,1,0,1,Biker
3,2.0,913.0,63.0,976.0,8551,1,0,1,Biker
3,2.0,913.0,63.0,976.0,8552,1,0,1,Biker
3,2.0,913.0,63.0,976.0,8553,1,0,1,Biker
3,2.0,913.0,63.0,976.0,8554,1,0,1,Biker
3,2.0,913.0,63.0,976.0,8555,1,0,1,Biker
3,2.0,913.0,63.0,976.0,8556,1,0,1,Biker
3,2.0,913.0,63.0,976.0,8557,1,0,1,Biker
3,2.0,913.0,63.0,976.0,8558,1,0,1,Biker
3,2.0,913.0,63.0,976.0,8559,1,0,1,Biker
3,2.0,913.0,63.0,976.0,8560,1,0,1,Biker
3,2.0,913.0,63.0,976.0,8561,1,0,1,Biker
3,2.0,913.0,63.0,976.0,8562,1,0,1,Biker
3,2.0,913.0,63.0,976.0,8563,1,0,1,Biker
3,2.0,913.0,63.0,976.0,8564,1,0,1,Biker
3,2.0,913.0,63.0,976.0,8565,1,0,1,Biker
3,2.0,913.0,63.0,976.0,8566,1,0,1,Biker
3,2.0,913.0,63.0,976.0,8567,1,0,1,Biker
3,2.0,913.0,63.0,976.0,8568,1,0,1,Biker
3,2.0,913.0,63.0,976.0,8569,1,0,1,Biker
3,2.0,913.0,63.0,976.0,8570,1,0,1,Biker
3,2.0,913.0,63.0,976.0,8571,1,0,1,Biker
3,2.0,913.0,63.0,976.0,8572,1,0,1,Biker
3,2.0,913.0,63.0,976.0,8573,1,0,1,Biker
3,2.0,913.0,63.0,976.0,8574,1,0,1,Biker
3,2.0,913.0,63.0,976.0,8575,1,0,1,Biker
3,2.0,913.0,63.0,976.0,8576,1,0,1,Biker
3,2.0,913.0,63.0,976.0,8577,1,0,1,Biker
3,2.0,913.0,63.0,976.0,8578,1,0,1,Biker
3,2.0,913.0,63.0,976.0,8579,1,0,1,Biker
3,2.0,913.0,63.0,976.0,8580,1,0,1,Biker
3,2.0,913.0,63.0,976.0,8581,1,0,1,Biker
3,2.0,913.0,63.0,976.0,8582,1,0,1,Biker
3,2.0,913.0,63.0,976.0,8583,1,0,1,Biker
3,2.0,913.0,63.0,976.0,8584,1,0,1,Biker
3,2.0,913.0,63.0,976.0,8585,1,0,1,Biker
3,2.0,913.0,63.0,976.0,8586,1,0,1,Biker
3,2.0,913.0,63.0,976.0,8587,1,0,1,Biker
3,2.0,913.0,63.0,976.0,8588,1,0,1,Biker
3,2.0,913.0,63.0,976.0,8589,1,0,1,Biker
3,2.0,913.0,63.0,976.0,8590,1,0,1,Biker
3,2.0,913.0,63.0,976.0,8591,1,0,1,Biker
3,2.0,913.0,63.0,976.0,8592,1,0,1,Biker
3,2.0,913.0,63.0,976.0,8593,1,0,1,Biker
3,2.0,913.0,63.0,976.0,8594,1,0,1,Biker
3,2.0,913.0,63.0,976.0,8595,1,0,1,Biker
3,2.0,913.0,63.0,976.0,8596,1,0,1,Biker
3,2.0,913.0,63.0,976.0,8597,1,0,1,Biker
3,2.0,913.0,63.0,976.0,8598,1,0,1,Biker
3,2.0,913.0,63.0,976.0,8599,1,0,1,Biker
3,2.0,913.0,63.0,976.0,8600,1,0,1,Biker
3,2.0,913.0,63.0,976.0,8601,1,0,1,Biker
3,2.0,913.0,63.0,976.0,8602,1,0,1,Biker
3,2.0,913.0,63.0,976.0,8603,1,0,1,Biker
3,2.0,913.0,63.0,976.0,8604,1,0,1,Biker
3,2.0,913.0,63.0,976.0,8605,1,0,1,Biker
3,2.0,913.0,63.0,976.0,8606,1,0,1,Biker
3,2.0,913.0,63.0,976.0,8607,1,0,1,Biker
3,2.0,913.0,63.0,976.0,8608,1,0,1,Biker
3,2.0,913.0,63.0,976.0,8609,1,0,1,Biker
3,2.0,913.0,63.0,976.0,8610,1,0,1,Biker
3,2.0,913.0,63.0,976.0,8611,1,0,1,Biker
3,2.0,913.0,63.0,976.0,8612,1,0,1,Biker
3,2.0,913.0,63.0,976.0,8613,1,0,1,Biker
3,2.0,913.0,63.0,976.0,8614,1,0,1,Biker
3,2.0,913.0,63.0,976.0,8615,1,0,1,Biker
3,2.0,913.0,63.0,976.0,8616,1,0,1,Biker
3,2.0,913.0,63.0,976.0,8617,1,0,1,Biker
3,2.0,913.0,63.0,976.0,8618,1,0,1,Biker
3,2.0,913.0,63.0,976.0,8619,1,0,1,Biker
3,2.0,913.0,63.0,976.0,8620,1,0,1,Biker
3,2.0,913.0,63.0,976.0,8621,1,0,1,Biker
3,2.0,913.0,63.0,976.0,8622,1,0,1,Biker
3,2.0,913.0,63.0,976.0,8623,1,0,1,Biker
3,2.0,913.0,63.0,976.0,8624,1,0,1,Biker
3,2.0,913.0,63.0,976.0,8625,1,0,1,Biker
3,2.0,913.0,63.0,976.0,8626,1,0,1,Biker
3,2.0,913.0,63.0,976.0,8627,1,0,1,Biker
3,2.0,913.0,63.0,976.0,8628,1,0,1,Biker
3,2.0,913.0,63.0,976.0,8629,1,0,1,Biker
3,2.0,913.0,63.0,976.0,8630,1,0,1,Biker
3,2.0,913.0,63.0,976.0,8631,1,0,1,Biker
3,2.0,913.0,63.0,976.0,8632,1,0,1,Biker
3,2.0,913.0,63.0,976.0,8633,1,0,1,Biker
3,2.0,913.0,63.0,976.0,8634,1,0,1,Biker
3,2.0,913.0,63.0,976.0,8635,1,0,1,Biker
3,2.0,913.0,63.0,976.0,8636,1,0,1,Biker
3,2.0,913.0,63.0,976.0,8637,1,0,1,Biker
3,2.0,913.0,63.0,976.0,8638,1,0,1,Biker
3,2.0,913.0,63.0,976.0,8639,1,0,1,Biker
3,2.0,913.0,63.0,976.0,8640,1,0,1,Biker
3,2.0,913.0,63.0,976.0,8641,1,0,1,Biker
3,2.0,913.0,63.0,976.0,8642,1,0,1,Biker
3,2.0,913.0,63.0,976.0,8643,1,0,1,Biker
3,2.0,913.0,63.0,976.0,8644,1,0,1,Biker
3,2.0,913.0,63.0,976.0,8645,1,0,1,Biker
3,2.0,913.0,63.0,976.0,8646,1,0,1,Biker
3,2.0,913.0,63.0,976.0,8647,1,0,1,Biker
3,2.0,913.0,63.0,976.0,8648,1,0,1,Biker
3,2.0,913.0,63.0,976.0,8649,1,0,1,Biker
3,2.0,913.0,63.0,976.0,8650,1,0,1,Biker
3,2.0,913.0,63.0,976.0,8651,1,0,1,Biker
3,2.0,913.0,63.0,976.0,8652,1,0,1,Biker
3,2.0,913.0,63.0,976.0,8653,1,0,1,Biker
3,2.0,913.0,63.0,976.0,8654,1,0,1,Biker
3,2.0,913.0,63.0,976.0,8655,1,0,1,Biker
3,2.0,913.0,63.0,976.0,8656,1,0,1,Biker
3,2.0,913.0,63.0,976.0,8657,1,0,1,Biker
3,2.0,913.0,63.0,976.0,8658,1,0,1,Biker
3,2.0,913.0,63.0,976.0,8659,1,0,1,Biker
3,2.0,913.0,63.0,976.0,8660,1,0,1,Biker
3,2.0,913.0,63.0,976.0,8661,1,0,1,Biker
3,2.0,913.0,63.0,976.0,8662,1,0,1,Biker
3,2.0,913.0,63.0,976.0,8663,1,0,1,Biker
3,2.0,913.0,63.0,976.0,8664,1,0,1,Biker
3,2.0,913.0,63.0,976.0,8665,1,0,1,Biker
3,2.0,913.0,63.0,976.0,8666,1,0,1,Biker
3,2.0,913.0,63.0,976.0,8667,1,0,1,Biker
3,2.0,913.0,63.0,976.0,8668,1,0,1,Biker
3,2.0,913.0,63.0,976.0,8669,1,0,1,Biker
3,2.0,913.0,63.0,976.0,8670,1,0,1,Biker
3,2.0,913.0,63.0,976.0,8671,1,0,1,Biker
3,2.0,913.0,63.0,976.0,8672,1,0,1,Biker
3,2.0,913.0,63.0,976.0,8673,1,0,1,Biker
3,2.0,913.0,63.0,976.0,8674,1,0,1,Biker
3,2.0,913.0,63.0,976.0,8675,1,0,1,Biker
3,2.0,913.0,63.0,976.0,8676,1,0,1,Biker
3,2.0,913.0,63.0,976.0,8677,1,0,1,Biker
3,2.0,913.0,63.0,976.0,8678,1,0,1,Biker
3,2.0,913.0,63.0,976.0,8679,1,0,1,Biker
3,2.0,913.0,63.0,976.0,8680,1,0,1,Biker
3,2.0,913.0,63.0,976.0,8681,1,0,1,Biker
3,2.0,913.0,63.0,976.0,8682,1,0,1,Biker
3,2.0,913.0,63.0,976.0,8683,1,0,1,Biker
3,2.0,913.0,63.0,976.0,8684,1,0,1,Biker
3,2.0,913.0,63.0,976.0,8685,1,0,1,Biker
3,2.0,913.0,63.0,976.0,8686,1,0,1,Biker
3,2.0,913.0,63.0,976.0,8687,1,0,1,Biker
3,2.0,913.0,63.0,976.0,8688,1,0,1,Biker
3,2.0,913.0,63.0,976.0,8689,1,0,1,Biker
3,2.0,913.0,63.0,976.0,8690,1,0,1,Biker
3,2.0,913.0,63.0,976.0,8691,1,0,1,Biker
3,2.0,913.0,63.0,976.0,8692,1,0,1,Biker
3,2.0,913.0,63.0,976.0,8693,1,0,1,Biker
3,2.0,913.0,63.0,976.0,8694,1,0,1,Biker
3,2.0,913.0,63.0,976.0,8695,1,0,1,Biker
3,2.0,913.0,63.0,976.0,8696,1,0,1,Biker
3,2.0,913.0,63.0,976.0,8697,1,0,1,Biker
3,2.0,913.0,63.0,976.0,8698,1,0,1,Biker
3,2.0,913.0,63.0,976.0,8699,1,0,1,Biker
3,2.0,913.0,63.0,976.0,8700,1,0,1,Biker
3,2.0,913.0,63.0,976.0,8701,1,0,1,Biker
3,2.0,913.0,63.0,976.0,8702,1,0,1,Biker
3,2.0,913.0,63.0,976.0,8703,1,0,1,Biker
3,2.0,913.0,63.0,976.0,8704,1,0,1,Biker
3,2.0,913.0,63.0,976.0,8705,1,0,1,Biker
3,2.0,913.0,63.0,976.0,8706,1,0,1,Biker
3,2.0,913.0,63.0,976.0,8707,1,0,1,Biker
3,2.0,913.0,63.0,976.0,8708,1,0,1,Biker
3,2.0,913.0,63.0,976.0,8709,1,0,1,Biker
3,2.0,913.0,63.0,976.0,8710,1,0,1,Biker
3,2.0,913.0,63.0,976.0,8711,1,0,1,Biker
3,2.0,913.0,63.0,976.0,8712,1,0,1,Biker
3,2.0,913.0,63.0,976.0,8713,1,0,1,Biker
3,2.0,913.0,63.0,976.0,8714,1,0,1,Biker
3,2.0,913.0,63.0,976.0,8715,1,0,1,Biker
3,2.0,913.0,63.0,976.0,8716,1,0,1,Biker
3,2.0,913.0,63.0,976.0,8717,1,0,1,Biker
3,2.0,913.0,63.0,976.0,8718,1,0,1,Biker
3,2.0,913.0,63.0,976.0,8719,1,0,1,Biker
3,2.0,913.0,63.0,976.0,8720,1,0,1,Biker
3,2.0,913.0,63.0,976.0,8721,1,0,1,Biker
3,2.0,913.0,63.0,976.0,8722,1,0,1,Biker
3,2.0,913.0,63.0,976.0,8723,1,0,1,Biker
3,2.0,913.0,63.0,976.0,8724,1,0,1,Biker
3,2.0,913.0,63.0,976.0,8725,1,0,1,Biker
3,2.0,913.0,63.0,976.0,8726,1,0,1,Biker
3,2.0,913.0,63.0,976.0,8727,1,0,1,Biker
3,2.0,913.0,63.0,976.0,8728,1,0,1,Biker
3,2.0,913.0,63.0,976.0,8729,1,0,1,Biker
3,2.0,913.0,63.0,976.0,8730,1,0,1,Biker
3,2.0,913.0,63.0,976.0,8731,1,0,1,Biker
3,2.0,913.0,63.0,976.0,8732,1,0,1,Biker
3,2.0,913.0,63.0,976.0,8733,1,0,1,Biker
3,2.0,913.0,63.0,976.0,8734,1,0,1,Biker
3,2.0,913.0,63.0,976.0,8735,1,0,1,Biker
3,2.0,913.0,63.0,976.0,8736,1,0,1,Biker
3,2.0,913.0,63.0,976.0,8737,1,0,1,Biker
3,2.0,913.0,63.0,976.0,8738,1,0,1,Biker
3,2.0,913.0,63.0,976.0,8739,1,0,1,Biker
3,2.0,913.0,63.0,976.0,8740,1,0,1,Biker
3,2.0,913.0,63.0,976.0,8741,1,0,1,Biker
3,2.0,913.0,63.0,976.0,8742,1,0,1,Biker
3,2.0,913.0,63.0,976.0,8743,1,0,1,Biker
3,2.0,913.0,63.0,976.0,8744,1,0,1,Biker
3,2.0,913.0,63.0,976.0,8745,1,0,1,Biker
3,2.0,913.0,63.0,976.0,8746,1,0,1,Biker
3,2.0,913.0,63.0,976.0,8747,1,0,1,Biker
3,2.0,913.0,63.0,976.0,8748,1,0,1,Biker
3,2.0,913.0,63.0,976.0,8749,1,0,1,Biker
3,2.0,913.0,63.0,976.0,8750,1,0,1,Biker
3,2.0,913.0,63.0,976.0,8751,1,0,1,Biker
3,2.0,913.0,63.0,976.0,8752,1,0,1,Biker
3,2.0,913.0,63.0,976.0,8753,1,0,1,Biker
3,2.0,913.0,63.0,976.0,8754,1,0,1,Biker
3,2.0,913.0,63.0,976.0,8755,1,0,1,Biker
3,2.0,913.0,63.0,976.0,8756,1,0,1,Biker
3,2.0,913.0,63.0,976.0,8757,1,0,1,Biker
3,2.0,913.0,63.0,976.0,8758,1,0,1,Biker
3,2.0,913.0,63.0,976.0,8759,1,0,1,Biker
3,2.0,913.0,63.0,976.0,8760,1,0,1,Biker
3,2.0,913.0,63.0,976.0,8761,1,0,1,Biker
3,2.0,913.0,63.0,976.0,8762,1,0,1,Biker
3,2.0,913.0,63.0,976.0,8763,1,0,1,Biker
3,2.0,913.0,63.0,976.0,8764,1,0,1,Biker
3,2.0,913.0,63.0,976.0,8765,1,0,1,Biker
3,2.0,913.0,63.0,976.0,8766,1,0,1,Biker
3,2.0,913.0,63.0,976.0,8767,1,0,1,Biker
3,2.0,913.0,63.0,976.0,8768,1,0,1,Biker
3,2.0,913.0,63.0,976.0,8769,1,0,1,Biker
3,2.0,913.0,63.0,976.0,8770,1,0,1,Biker
3,2.0,913.0,63.0,976.0,8771,1,0,1,Biker
3,2.0,913.0,63.0,976.0,8772,1,0,1,Biker
3,2.0,913.0,63.0,976.0,8773,1,0,1,Biker
3,2.0,913.0,63.0,976.0,8774,1,0,1,Biker
3,2.0,913.0,63.0,976.0,8775,1,0,1,Biker
3,2.0,913.0,63.0,976.0,8776,1,0,1,Biker
3,2.0,913.0,63.0,976.0,8777,1,0,1,Biker
3,2.0,913.0,63.0,976.0,8778,1,0,1,Biker
3,2.0,913.0,63.0,976.0,8779,1,0,1,Biker
3,2.0,913.0,63.0,976.0,8780,1,0,1,Biker
3,2.0,913.0,63.0,976.0,8781,1,0,1,Biker
3,2.0,913.0,63.0,976.0,8782,1,0,1,Biker
3,2.0,913.0,63.0,976.0,8783,1,0,1,Biker
3,2.0,913.0,63.0,976.0,8784,1,0,1,Biker
3,2.0,913.0,63.0,976.0,8785,1,0,1,Biker
3,2.0,913.0,63.0,976.0,8786,1,0,1,Biker
3,2.0,913.0,63.0,976.0,8787,1,0,1,Biker
3,2.0,913.0,63.0,976.0,8788,1,0,1,Biker
3,2.0,913.0,63.0,976.0,8789,1,0,1,Biker
3,2.0,913.0,63.0,976.0,8790,1,0,1,Biker
3,2.0,913.0,63.0,976.0,8791,1,0,1,Biker
3,2.0,913.0,63.0,976.0,8792,1,0,1,Biker
3,2.0,913.0,63.0,976.0,8793,1,0,1,Biker
3,2.0,913.0,63.0,976.0,8794,1,0,1,Biker
3,2.0,913.0,63.0,976.0,8795,1,0,1,Biker
3,2.0,913.0,63.0,976.0,8796,1,0,1,Biker
3,2.0,913.0,63.0,976.0,8797,1,0,1,Biker
3,2.0,913.0,63.0,976.0,8798,1,0,1,Biker
3,2.0,913.0,63.0,976.0,8799,1,0,1,Biker
3,2.0,913.0,63.0,976.0,8800,1,0,1,Biker
3,2.0,913.0,63.0,976.0,8801,1,0,1,Biker
3,2.0,913.0,63.0,976.0,8802,1,0,1,Biker
3,2.0,913.0,63.0,976.0,8803,1,0,1,Biker
3,2.0,913.0,63.0,976.0,8804,1,0,1,Biker
3,2.0,913.0,63.0,976.0,8805,1,0,1,Biker
3,2.0,913.0,63.0,976.0,8806,1,0,1,Biker
3,2.0,913.0,63.0,976.0,8807,1,0,1,Biker
3,2.0,913.0,63.0,976.0,8808,1,0,1,Biker
3,2.0,913.0,63.0,976.0,8809,1,0,1,Biker
3,2.0,913.0,63.0,976.0,8810,1,0,1,Biker
3,2.0,913.0,63.0,976.0,8811,1,0,1,Biker
3,2.0,913.0,63.0,976.0,8812,1,0,1,Biker
3,2.0,913.0,63.0,976.0,8813,1,0,1,Biker
3,2.0,913.0,63.0,976.0,8814,1,0,1,Biker
3,2.0,913.0,63.0,976.0,8815,1,0,1,Biker
3,2.0,913.0,63.0,976.0,8816,1,0,1,Biker
3,2.0,913.0,63.0,976.0,8817,1,0,1,Biker
3,2.0,913.0,63.0,976.0,8818,1,0,1,Biker
3,2.0,913.0,63.0,976.0,8819,1,0,1,Biker
3,2.0,913.0,63.0,976.0,8820,1,0,1,Biker
3,2.0,913.0,63.0,976.0,8821,1,0,1,Biker
3,2.0,913.0,63.0,976.0,8822,1,0,1,Biker
3,2.0,913.0,63.0,976.0,8823,1,0,1,Biker
3,2.0,913.0,63.0,976.0,8824,1,0,1,Biker
3,2.0,913.0,63.0,976.0,8825,1,0,1,Biker
3,2.0,913.0,63.0,976.0,8826,1,0,1,Biker
3,2.0,913.0,63.0,976.0,8827,1,0,1,Biker
3,2.0,913.0,63.0,976.0,8828,1,0,1,Biker
3,2.0,913.0,63.0,976.0,8829,1,0,1,Biker
3,2.0,913.0,63.0,976.0,8830,1,0,1,Biker
3,2.0,913.0,63.0,976.0,8831,1,0,1,Biker
3,2.0,913.0,63.0,976.0,8832,1,0,1,Biker
3,2.0,913.0,63.0,976.0,8833,1,0,1,Biker
3,2.0,913.0,63.0,976.0,8834,1,0,1,Biker
3,2.0,913.0,63.0,976.0,8835,1,0,1,Biker
3,2.0,913.0,63.0,976.0,8836,1,0,1,Biker
3,2.0,913.0,63.0,976.0,8837,1,0,1,Biker
3,2.0,913.0,63.0,976.0,8838,1,0,1,Biker
3,2.0,913.0,63.0,976.0,8839,1,0,1,Biker
3,2.0,913.0,63.0,976.0,8840,1,0,1,Biker
3,2.0,913.0,63.0,976.0,8841,1,0,1,Biker
3,2.0,913.0,63.0,976.0,8842,1,0,1,Biker
3,2.0,913.0,63.0,976.0,8843,1,0,1,Biker
3,2.0,913.0,63.0,976.0,8844,1,0,1,Biker
3,2.0,913.0,63.0,976.0,8845,1,0,1,Biker
3,2.0,913.0,63.0,976.0,8846,1,0,1,Biker
3,2.0,913.0,63.0,976.0,8847,1,0,1,Biker
3,2.0,913.0,63.0,976.0,8848,1,0,1,Biker
3,2.0,913.0,63.0,976.0,8849,1,0,1,Biker
3,2.0,913.0,63.0,976.0,8850,1,0,1,Biker
3,2.0,913.0,63.0,976.0,8851,1,0,1,Biker
3,2.0,913.0,63.0,976.0,8852,1,0,1,Biker
3,2.0,913.0,63.0,976.0,8853,1,0,1,Biker
3,2.0,913.0,63.0,976.0,8854,1,0,1,Biker
3,2.0,913.0,63.0,976.0,8855,1,0,1,Biker
3,2.0,913.0,63.0,976.0,8856,1,0,1,Biker
3,2.0,913.0,63.0,976.0,8857,1,0,1,Biker
3,2.0,913.0,63.0,976.0,8858,1,0,1,Biker
3,2.0,913.0,63.0,976.0,8859,1,0,1,Biker
3,2.0,913.0,63.0,976.0,8860,1,0,1,Biker
3,2.0,913.0,63.0,976.0,8861,1,0,1,Biker
3,2.0,913.0,63.0,976.0,8862,1,0,1,Biker
3,2.0,913.0,63.0,976.0,8863,1,0,1,Biker
3,2.0,913.0,63.0,976.0,8864,1,0,1,Biker
3,2.0,913.0,63.0,976.0,8865,1,0,1,Biker
3,2.0,913.0,63.0,976.0,8866,1,0,1,Biker
3,2.0,913.0,63.0,976.0,8867,1,0,1,Biker
3,2.0,913.0,63.0,976.0,8868,1,0,1,Biker
3,2.0,913.0,63.0,976.0,8869,1,0,1,Biker
3,2.0,913.0,63.0,976.0,8870,1,0,1,Biker
3,2.0,913.0,63.0,976.0,8871,1,0,1,Biker
3,2.0,913.0,63.0,976.0,8872,1,0,1,Biker
3,2.0,913.0,63.0,976.0,8873,1,0,1,Biker
3,2.0,913.0,63.0,976.0,8874,1,0,1,Biker
3,2.0,913.0,63.0,976.0,8875,1,0,1,Biker
3,2.0,913.0,63.0,976.0,8876,1,0,1,Biker
3,2.0,913.0,63.0,976.0,8877,1,0,1,Biker
3,2.0,913.0,63.0,976.0,8878,1,0,1,Biker
3,2.0,913.0,63.0,976.0,8879,1,0,1,Biker
3,2.0,913.0,63.0,976.0,8880,1,0,1,Biker
3,2.0,913.0,63.0,976.0,8881,1,0,1,Biker
3,2.0,913.0,63.0,976.0,8882,1,0,1,Biker
3,2.0,913.0,63.0,976.0,8883,1,0,1,Biker
3,2.0,913.0,63.0,976.0,8884,1,0,1,Biker
3,2.0,913.0,63.0,976.0,8885,1,0,1,Biker
3,2.0,913.0,63.0,976.0,8886,1,0,1,Biker
3,2.0,913.0,63.0,976.0,8887,1,0,1,Biker
3,2.0,913.0,63.0,976.0,8888,1,0,1,Biker
3,2.0,913.0,63.0,976.0,8889,1,0,1,Biker
3,2.0,913.0,63.0,976.0,8890,1,0,1,Biker
3,2.0,913.0,63.0,976.0,8891,1,0,1,Biker
3,2.0,913.0,63.0,976.0,8892,1,0,1,Biker
3,2.0,913.0,63.0,976.0,8893,1,0,1,Biker
3,2.0,913.0,63.0,976.0,8894,1,0,1,Biker
3,2.0,913.0,63.0,976.0,8895,1,0,1,Biker
3,2.0,913.0,63.0,976.0,8896,1,0,1,Biker
3,2.0,913.0,63.0,976.0,8897,1,0,1,Biker
3,2.0,913.0,63.0,976.0,8898,1,0,1,Biker
3,2.0,913.0,63.0,976.0,8899,1,0,1,Biker
3,2.0,913.0,63.0,976.0,8900,1,0,1,Biker
3,2.0,913.0,63.0,976.0,8901,1,0,1,Biker
3,2.0,913.0,63.0,976.0,8902,1,0,1,Biker
3,2.0,913.0,63.0,976.0,8903,1,0,1,Biker
3,2.0,913.0,63.0,976.0,8904,1,0,1,Biker
3,2.0,913.0,63.0,976.0,8905,1,0,1,Biker
3,2.0,913.0,63.0,976.0,8906,1,0,1,Biker
3,2.0,913.0,63.0,976.0,8907,1,0,1,Biker
3,2.0,913.0,63.0,976.0,8908,1,0,1,Biker
3,2.0,913.0,63.0,976.0,8909,1,0,1,Biker
3,2.0,913.0,63.0,976.0,8910,1,0,1,Biker
3,2.0,913.0,63.0,976.0,8911,1,0,1,Biker
3,2.0,913.0,63.0,976.0,8912,1,0,1,Biker
3,2.0,913.0,63.0,976.0,8913,1,0,1,Biker
3,2.0,913.0,63.0,976.0,8914,1,0,1,Biker
3,2.0,913.0,63.0,976.0,8915,1,0,1,Biker
3,2.0,913.0,63.0,976.0,8916,1,0,1,Biker
3,2.0,913.0,63.0,976.0,8917,1,0,1,Biker
3,2.0,913.0,63.0,976.0,8918,1,0,1,Biker
3,2.0,913.0,63.0,976.0,8919,1,0,1,Biker
3,2.0,913.0,63.0,976.0,8920,1,0,1,Biker
3,2.0,913.0,63.0,976.0,8921,1,0,1,Biker
3,2.0,913.0,63.0,976.0,8922,1,0,1,Biker
3,2.0,913.0,63.0,976.0,8923,1,0,1,Biker
3,2.0,913.0,63.0,976.0,8924,1,0,1,Biker
3,2.0,913.0,63.0,976.0,8925,1,0,1,Biker
3,2.0,913.0,63.0,976.0,8926,1,0,1,Biker
3,2.0,913.0,63.0,976.0,8927,1,0,1,Biker
3,2.0,913.0,63.0,976.0,8928,1,0,1,Biker
3,2.0,913.0,63.0,976.0,8929,1,0,1,Biker
3,2.0,913.0,63.0,976.0,8930,1,0,1,Biker
3,2.0,913.0,63.0,976.0,8931,1,0,1,Biker
3,2.0,913.0,63.0,976.0,8932,1,0,1,Biker
3,2.0,913.0,63.0,976.0,8933,0,0,0,Biker
3,2.0,913.0,63.0,976.0,8934,0,0,1,Biker
3,2.0,913.0,63.0,976.0,8935,0,0,1,Biker
3,2.0,913.0,63.0,976.0,8936,0,0,1,Biker
3,2.0,913.0,63.0,976.0,8937,0,0,1,Biker
3,2.0,913.0,63.0,976.0,8938,0,0,1,Biker
3,2.0,913.0,63.0,976.0,8939,0,0,1,Biker
3,2.0,913.0,63.0,976.0,8940,0,0,1,Biker
3,2.0,913.0,63.0,976.0,8941,0,0,1,Biker
3,2.0,913.0,63.0,976.0,8942,0,0,1,Biker
3,2.0,913.0,63.0,976.0,8943,0,0,1,Biker
3,2.0,913.0,63.0,976.0,8944,0,0,1,Biker
3,2.0,913.0,63.0,976.0,8945,0,0,1,Biker
3,2.0,913.0,63.0,976.0,8946,0,0,0,Biker
3,5.0,910.0,66.0,974.0,8947,0,0,1,Biker
3,8.0,910.0,71.0,974.0,8948,0,0,1,Biker
3,11.0,910.0,74.0,974.0,8949,0,0,1,Biker
3,13.0,910.0,79.0,972.0,8950,0,0,1,Biker
3,16.0,908.0,82.0,972.0,8951,0,0,1,Biker
3,19.0,908.0,88.0,972.0,8952,0,0,1,Biker
3,22.0,908.0,90.0,970.0,8953,0,0,1,Biker
3,24.0,908.0,96.0,970.0,8954,0,0,1,Biker
3,27.0,906.0,99.0,970.0,8955,0,0,1,Biker
3,30.0,906.0,104.0,970.0,8956,0,0,1,Biker
3,33.0,906.0,110.0,967.0,8957,0,0,1,Biker
3,35.0,906.0,112.0,967.0,8958,0,0,1,Biker
3,38.0,904.0,118.0,967.0,8959,0,0,1,Biker
3,41.0,904.0,121.0,965.0,8960,0,0,1,Biker
3,44.0,904.0,126.0,965.0,8961,0,0,1,Biker
3,46.0,904.0,129.0,965.0,8962,0,0,1,Biker
3,49.0,901.0,134.0,963.0,8963,0,0,1,Biker
3,52.0,901.0,137.0,963.0,8964,0,0,1,Biker
3,55.0,901.0,143.0,963.0,8965,0,0,1,Biker
3,60.0,901.0,148.0,963.0,8966,0,0,0,Biker
3,66.0,901.0,154.0,963.0,8967,0,0,1,Biker
3,71.0,901.0,159.0,963.0,8968,0,0,1,Biker
3,77.0,901.0,165.0,963.0,8969,0,0,1,Biker
3,85.0,904.0,173.0,965.0,8970,0,0,1,Biker
3,90.0,904.0,178.0,965.0,8971,0,0,1,Biker
3,96.0,904.0,184.0,965.0,8972,0,0,1,Biker
3,104.0,906.0,192.0,967.0,8973,0,0,1,Biker
3,110.0,906.0,198.0,967.0,8974,0,0,1,Biker
3,115.0,906.0,203.0,967.0,8975,0,0,1,Biker
3,123.0,908.0,211.0,970.0,8976,0,0,0,Biker
3,126.0,908.0,214.0,970.0,8977,0,0,1,Biker
3,129.0,908.0,217.0,970.0,8978,0,0,1,Biker
3,134.0,908.0,222.0,970.0,8979,0,0,1,Biker
3,137.0,910.0,225.0,972.0,8980,0,0,1,Biker
3,143.0,910.0,231.0,972.0,8981,0,0,1,Biker
3,145.0,910.0,233.0,972.0,8982,0,0,1,Biker
3,148.0,913.0,236.0,974.0,8983,0,0,1,Biker
3,154.0,913.0,242.0,974.0,8984,0,0,1,Biker
3,156.0,913.0,244.0,974.0,8985,0,0,1,Biker
3,162.0,915.0,250.0,976.0,8986,0,0,0,Biker
3,165.0,913.0,253.0,974.0,8987,0,0,1,Biker
3,170.0,913.0,258.0,974.0,8988,0,0,1,Biker
3,173.0,913.0,261.0,974.0,8989,0,0,1,Biker
3,178.0,910.0,266.0,972.0,8990,0,0,1,Biker
3,184.0,910.0,272.0,972.0,8991,0,0,1,Biker
3,187.0,910.0,275.0,972.0,8992,0,0,1,Biker
3,192.0,910.0,280.0,972.0,8993,0,0,1,Biker
3,198.0,908.0,286.0,970.0,8994,0,0,1,Biker
3,200.0,908.0,288.0,970.0,8995,0,0,1,Biker
3,206.0,908.0,294.0,970.0,8996,0,0,1,Biker
3,211.0,906.0,299.0,967.0,8997,0,0,1,Biker
3,214.0,906.0,302.0,967.0,8998,0,0,1,Biker
3,220.0,906.0,308.0,967.0,8999,0,0,1,Biker
3,225.0,906.0,313.0,967.0,9000,0,0,0,Biker
3,228.0,904.0,316.0,965.0,9001,0,0,1,Biker
3,233.0,904.0,321.0,965.0,9002,0,0,1,Biker
3,239.0,904.0,327.0,965.0,9003,0,0,1,Biker
3,242.0,904.0,330.0,965.0,9004,0,0,1,Biker
3,247.0,904.0,335.0,965.0,9005,0,0,1,Biker
3,253.0,904.0,341.0,965.0,9006,0,0,1,Biker
3,255.0,904.0,346.0,965.0,9007,0,0,1,Biker
3,261.0,904.0,349.0,965.0,9008,0,0,1,Biker
3,266.0,904.0,354.0,965.0,9009,0,0,1,Biker
3,269.0,904.0,360.0,965.0,9010,0,0,1,Biker
3,275.0,904.0,365.0,963.0,9011,0,0,1,Biker
3,280.0,904.0,368.0,963.0,9012,0,0,1,Biker
3,283.0,904.0,374.0,963.0,9013,0,0,1,Biker
3,288.0,904.0,379.0,963.0,9014,0,0,1,Biker
3,294.0,904.0,385.0,963.0,9015,0,0,1,Biker
3,297.0,904.0,387.0,963.0,9016,0,0,1,Biker
3,302.0,904.0,393.0,963.0,9017,0,0,1,Biker
3,308.0,904.0,398.0,963.0,9018,0,0,1,Biker
3,313.0,904.0,401.0,963.0,9019,0,0,1,Biker
3,316.0,904.0,407.0,963.0,9020,0,0,1,Biker
3,321.0,904.0,412.0,960.0,9021,0,0,1,Biker
3,327.0,904.0,418.0,960.0,9022,0,0,1,Biker
3,330.0,904.0,420.0,960.0,9023,0,0,1,Biker
3,335.0,901.0,426.0,960.0,9024,0,0,1,Biker
3,341.0,901.0,431.0,960.0,9025,0,0,1,Biker
3,343.0,901.0,437.0,960.0,9026,0,0,1,Biker
3,349.0,901.0,440.0,960.0,9027,0,0,1,Biker
3,354.0,901.0,445.0,960.0,9028,0,0,1,Biker
3,357.0,901.0,451.0,960.0,9029,0,0,1,Biker
3,363.0,901.0,456.0,960.0,9030,0,0,1,Biker
3,368.0,901.0,459.0,958.0,9031,0,0,1,Biker
3,371.0,901.0,464.0,958.0,9032,0,0,1,Biker
3,376.0,901.0,470.0,958.0,9033,0,0,1,Biker
3,382.0,901.0,475.0,958.0,9034,0,0,1,Biker
3,387.0,901.0,478.0,958.0,9035,0,0,1,Biker
3,390.0,901.0,484.0,958.0,9036,0,0,1,Biker
3,396.0,901.0,489.0,958.0,9037,0,0,1,Biker
3,401.0,901.0,492.0,958.0,9038,0,0,1,Biker
3,404.0,901.0,497.0,958.0,9039,0,0,1,Biker
3,409.0,901.0,503.0,958.0,9040,0,0,1,Biker
3,415.0,901.0,508.0,956.0,9041,0,0,1,Biker
3,418.0,901.0,511.0,956.0,9042,0,0,1,Biker
3,423.0,901.0,517.0,956.0,9043,0,0,1,Biker
3,429.0,901.0,522.0,956.0,9044,0,0,1,Biker
3,431.0,901.0,528.0,956.0,9045,0,0,1,Biker
3,437.0,901.0,530.0,956.0,9046,0,0,1,Biker
3,442.0,899.0,536.0,956.0,9047,0,0,1,Biker
3,445.0,899.0,541.0,956.0,9048,0,0,1,Biker
3,451.0,899.0,547.0,956.0,9049,0,0,1,Biker
3,456.0,899.0,550.0,956.0,9050,0,0,1,Biker
3,462.0,899.0,555.0,954.0,9051,0,0,1,Biker
3,464.0,899.0,561.0,954.0,9052,0,0,1,Biker
3,470.0,899.0,566.0,954.0,9053,0,0,1,Biker
3,475.0,899.0,569.0,954.0,9054,0,0,1,Biker
3,478.0,899.0,574.0,954.0,9055,0,0,1,Biker
3,484.0,899.0,580.0,954.0,9056,0,0,1,Biker
3,489.0,899.0,583.0,954.0,9057,0,0,1,Biker
3,492.0,899.0,588.0,954.0,9058,0,0,1,Biker
3,497.0,899.0,594.0,954.0,9059,0,0,1,Biker
3,503.0,899.0,599.0,954.0,9060,0,0,1,Biker
3,506.0,899.0,602.0,954.0,9061,0,0,1,Biker
3,511.0,899.0,607.0,951.0,9062,0,0,1,Biker
3,517.0,899.0,613.0,951.0,9063,0,0,1,Biker
3,519.0,899.0,618.0,951.0,9064,0,0,1,Biker
3,525.0,899.0,621.0,951.0,9065,0,0,1,Biker
3,530.0,899.0,627.0,951.0,9066,0,0,1,Biker
3,536.0,899.0,632.0,951.0,9067,0,0,1,Biker
3,539.0,899.0,638.0,951.0,9068,0,0,1,Biker
3,544.0,899.0,640.0,951.0,9069,0,0,1,Biker
3,550.0,897.0,646.0,951.0,9070,0,0,1,Biker
3,552.0,897.0,651.0,951.0,9071,0,0,1,Biker
3,558.0,897.0,657.0,949.0,9072,0,0,1,Biker
3,563.0,897.0,660.0,949.0,9073,0,0,1,Biker
3,566.0,897.0,665.0,949.0,9074,0,0,1,Biker
3,572.0,897.0,671.0,949.0,9075,0,0,1,Biker
3,577.0,897.0,673.0,949.0,9076,0,0,1,Biker
3,580.0,897.0,679.0,949.0,9077,0,0,1,Biker
3,585.0,897.0,684.0,949.0,9078,0,0,1,Biker
3,591.0,897.0,690.0,949.0,9079,0,0,1,Biker
3,594.0,897.0,693.0,949.0,9080,0,0,1,Biker
3,599.0,897.0,698.0,949.0,9081,0,0,1,Biker
3,605.0,897.0,704.0,947.0,9082,0,0,1,Biker
3,610.0,897.0,709.0,947.0,9083,0,0,1,Biker
3,613.0,897.0,712.0,947.0,9084,0,0,1,Biker
3,618.0,897.0,717.0,947.0,9085,0,0,1,Biker
3,624.0,897.0,723.0,947.0,9086,0,0,1,Biker
3,627.0,897.0,728.0,947.0,9087,0,0,1,Biker
3,632.0,897.0,731.0,947.0,9088,0,0,1,Biker
3,638.0,897.0,737.0,947.0,9089,0,0,1,Biker
3,640.0,897.0,742.0,947.0,9090,0,0,1,Biker
3,646.0,897.0,745.0,947.0,9091,0,0,1,Biker
3,651.0,897.0,750.0,944.0,9092,0,0,1,Biker
3,654.0,897.0,756.0,944.0,9093,0,0,1,Biker
3,660.0,894.0,761.0,944.0,9094,0,0,1,Biker
3,665.0,894.0,764.0,944.0,9095,0,0,1,Biker
3,668.0,894.0,770.0,944.0,9096,0,0,1,Biker
3,673.0,894.0,775.0,944.0,9097,0,0,1,Biker
3,679.0,894.0,781.0,944.0,9098,0,0,1,Biker
3,684.0,894.0,783.0,944.0,9099,0,0,1,Biker
3,687.0,894.0,789.0,944.0,9100,0,0,1,Biker
3,693.0,894.0,794.0,944.0,9101,0,0,1,Biker
3,698.0,894.0,800.0,942.0,9102,0,0,1,Biker
3,701.0,894.0,803.0,942.0,9103,0,0,1,Biker
3,706.0,894.0,808.0,942.0,9104,0,0,1,Biker
3,712.0,894.0,814.0,942.0,9105,0,0,1,Biker
3,715.0,894.0,819.0,942.0,9106,0,0,1,Biker
3,720.0,894.0,822.0,942.0,9107,0,0,1,Biker
3,726.0,894.0,827.0,942.0,9108,0,0,1,Biker
3,728.0,894.0,833.0,942.0,9109,0,0,1,Biker
3,734.0,894.0,836.0,942.0,9110,0,0,1,Biker
3,739.0,894.0,841.0,942.0,9111,0,0,1,Biker
3,742.0,894.0,847.0,942.0,9112,0,0,1,Biker
3,748.0,894.0,852.0,940.0,9113,0,0,1,Biker
3,753.0,894.0,855.0,940.0,9114,0,0,1,Biker
3,759.0,894.0,860.0,940.0,9115,0,0,1,Biker
3,761.0,894.0,866.0,940.0,9116,0,0,1,Biker
3,767.0,892.0,871.0,940.0,9117,0,0,1,Biker
3,772.0,892.0,874.0,940.0,9118,0,0,1,Biker
3,775.0,892.0,880.0,940.0,9119,0,0,1,Biker
3,781.0,892.0,885.0,940.0,9120,0,0,1,Biker
3,786.0,892.0,891.0,940.0,9121,0,0,1,Biker
3,789.0,892.0,893.0,940.0,9122,0,0,1,Biker
3,794.0,892.0,899.0,938.0,9123,0,0,1,Biker
3,800.0,892.0,904.0,938.0,9124,0,0,1,Biker
3,803.0,892.0,910.0,938.0,9125,0,0,1,Biker
3,808.0,892.0,913.0,938.0,9126,0,0,1,Biker
3,814.0,892.0,918.0,938.0,9127,0,0,1,Biker
3,816.0,892.0,924.0,938.0,9128,0,0,1,Biker
3,822.0,892.0,926.0,938.0,9129,0,0,1,Biker
3,827.0,892.0,932.0,938.0,9130,0,0,1,Biker
3,833.0,892.0,937.0,938.0,9131,0,0,1,Biker
3,836.0,892.0,943.0,938.0,9132,0,0,1,Biker
3,841.0,892.0,946.0,935.0,9133,0,0,1,Biker
3,847.0,892.0,951.0,935.0,9134,0,0,1,Biker
3,849.0,892.0,957.0,935.0,9135,0,0,1,Biker
3,855.0,892.0,962.0,935.0,9136,0,0,1,Biker
3,860.0,892.0,965.0,935.0,9137,0,0,1,Biker
3,863.0,892.0,970.0,935.0,9138,0,0,1,Biker
3,869.0,892.0,976.0,935.0,9139,0,0,1,Biker
3,874.0,890.0,981.0,935.0,9140,0,0,1,Biker
3,877.0,890.0,984.0,935.0,9141,0,0,1,Biker
3,882.0,890.0,990.0,935.0,9142,0,0,1,Biker
3,888.0,890.0,995.0,933.0,9143,0,0,1,Biker
3,891.0,890.0,1001.0,933.0,9144,0,0,1,Biker
3,896.0,890.0,1003.0,933.0,9145,0,0,1,Biker
3,902.0,890.0,1009.0,933.0,9146,0,0,1,Biker
3,907.0,890.0,1014.0,933.0,9147,0,0,1,Biker
3,910.0,890.0,1017.0,933.0,9148,0,0,1,Biker
3,915.0,890.0,1023.0,933.0,9149,0,0,1,Biker
3,921.0,890.0,1028.0,933.0,9150,0,0,1,Biker
3,924.0,890.0,1034.0,933.0,9151,0,0,1,Biker
3,929.0,890.0,1036.0,933.0,9152,0,0,1,Biker
3,935.0,890.0,1042.0,931.0,9153,0,0,1,Biker
3,937.0,890.0,1047.0,931.0,9154,0,0,1,Biker
3,943.0,890.0,1053.0,931.0,9155,0,0,1,Biker
3,948.0,890.0,1056.0,931.0,9156,0,0,1,Biker
3,951.0,890.0,1061.0,931.0,9157,0,0,1,Biker
3,957.0,890.0,1067.0,931.0,9158,0,0,1,Biker
3,962.0,890.0,1072.0,931.0,9159,0,0,1,Biker
3,965.0,890.0,1075.0,931.0,9160,0,0,1,Biker
3,970.0,890.0,1080.0,931.0,9161,0,0,1,Biker
3,976.0,890.0,1086.0,931.0,9162,0,0,1,Biker
3,981.0,890.0,1091.0,931.0,9163,0,0,0,Biker
3,984.0,890.0,1094.0,931.0,9164,0,0,1,Biker
3,990.0,890.0,1100.0,931.0,9165,0,0,1,Biker
3,995.0,890.0,1105.0,931.0,9166,0,0,1,Biker
3,1001.0,890.0,1111.0,931.0,9167,0,0,1,Biker
3,1003.0,890.0,1113.0,931.0,9168,0,0,1,Biker
3,1009.0,890.0,1119.0,931.0,9169,0,0,1,Biker
3,1014.0,890.0,1124.0,931.0,9170,0,0,1,Biker
3,1020.0,890.0,1130.0,931.0,9171,0,0,1,Biker
3,1025.0,890.0,1135.0,931.0,9172,0,0,1,Biker
3,1028.0,890.0,1138.0,931.0,9173,0,0,1,Biker
3,1034.0,892.0,1144.0,933.0,9174,0,0,1,Biker
3,1039.0,892.0,1149.0,933.0,9175,0,0,1,Biker
3,1045.0,892.0,1155.0,933.0,9176,0,0,1,Biker
3,1050.0,892.0,1160.0,933.0,9177,0,0,1,Biker
3,1053.0,892.0,1163.0,933.0,9178,0,0,1,Biker
3,1058.0,892.0,1168.0,933.0,9179,0,0,1,Biker
3,1064.0,892.0,1174.0,933.0,9180,0,0,1,Biker
3,1069.0,892.0,1179.0,933.0,9181,0,0,1,Biker
3,1075.0,892.0,1185.0,933.0,9182,0,0,1,Biker
3,1078.0,892.0,1188.0,933.0,9183,0,0,1,Biker
3,1083.0,892.0,1193.0,933.0,9184,0,0,1,Biker
3,1089.0,894.0,1199.0,935.0,9185,0,0,1,Biker
3,1094.0,894.0,1204.0,935.0,9186,0,0,1,Biker
3,1100.0,894.0,1210.0,935.0,9187,0,0,1,Biker
3,1102.0,894.0,1212.0,935.0,9188,0,0,1,Biker
3,1108.0,894.0,1218.0,935.0,9189,0,0,1,Biker
3,1113.0,894.0,1223.0,935.0,9190,0,0,1,Biker
3,1119.0,894.0,1229.0,935.0,9191,0,0,1,Biker
3,1124.0,894.0,1234.0,935.0,9192,0,0,1,Biker
3,1127.0,894.0,1237.0,935.0,9193,0,0,1,Biker
3,1133.0,894.0,1243.0,935.0,9194,0,0,1,Biker
3,1138.0,897.0,1248.0,938.0,9195,0,0,1,Biker
3,1144.0,897.0,1254.0,938.0,9196,0,0,1,Biker
3,1149.0,897.0,1259.0,938.0,9197,0,0,1,Biker
3,1152.0,897.0,1262.0,938.0,9198,0,0,1,Biker
3,1157.0,897.0,1267.0,938.0,9199,0,0,1,Biker
3,1163.0,897.0,1273.0,938.0,9200,0,0,1,Biker
3,1168.0,897.0,1278.0,938.0,9201,0,0,1,Biker
3,1174.0,897.0,1284.0,938.0,9202,0,0,1,Biker
3,1177.0,897.0,1287.0,938.0,9203,0,0,1,Biker
3,1182.0,897.0,1292.0,938.0,9204,0,0,1,Biker
3,1188.0,897.0,1298.0,938.0,9205,0,0,1,Biker
3,1193.0,899.0,1303.0,940.0,9206,0,0,1,Biker
3,1196.0,899.0,1306.0,940.0,9207,0,0,1,Biker
3,1201.0,899.0,1311.0,940.0,9208,0,0,1,Biker
3,1207.0,899.0,1317.0,940.0,9209,0,0,1,Biker
3,1212.0,899.0,1322.0,940.0,9210,0,0,1,Biker
3,1218.0,899.0,1328.0,940.0,9211,0,0,1,Biker
3,1221.0,899.0,1331.0,940.0,9212,0,0,1,Biker
3,1226.0,899.0,1336.0,940.0,9213,0,0,1,Biker
3,1232.0,899.0,1342.0,940.0,9214,0,0,1,Biker
3,1237.0,899.0,1347.0,940.0,9215,0,0,1,Biker
3,1243.0,899.0,1353.0,940.0,9216,0,0,1,Biker
3,1245.0,901.0,1355.0,942.0,9217,0,0,1,Biker
3,1251.0,901.0,1361.0,942.0,9218,0,0,1,Biker
3,1256.0,901.0,1366.0,942.0,9219,0,0,1,Biker
3,1262.0,901.0,1372.0,942.0,9220,0,0,1,Biker
3,1267.0,901.0,1377.0,942.0,9221,0,0,1,Biker
3,1270.0,901.0,1380.0,942.0,9222,0,0,1,Biker
3,1276.0,901.0,1386.0,942.0,9223,0,0,1,Biker
3,1281.0,901.0,1391.0,942.0,9224,0,0,1,Biker
3,1287.0,901.0,1397.0,942.0,9225,0,0,1,Biker
3,1292.0,901.0,1402.0,942.0,9226,0,0,1,Biker
3,1295.0,904.0,1405.0,944.0,9227,0,0,1,Biker
3,1300.0,904.0,1410.0,944.0,9228,0,0,1,Biker
3,1306.0,904.0,1416.0,944.0,9229,0,0,1,Biker
3,1311.0,904.0,1421.0,944.0,9230,0,0,1,Biker
3,1317.0,904.0,1427.0,944.0,9231,0,0,1,Biker
3,1320.0,904.0,1430.0,944.0,9232,0,0,1,Biker
3,1325.0,904.0,1435.0,944.0,9233,0,0,1,Biker
3,1331.0,904.0,1441.0,944.0,9234,0,0,1,Biker
3,1336.0,904.0,1446.0,944.0,9235,0,0,1,Biker
3,1342.0,904.0,1452.0,944.0,9236,0,0,1,Biker
3,1344.0,904.0,1454.0,944.0,9237,0,0,1,Biker
3,1350.0,906.0,1460.0,947.0,9238,0,0,1,Biker
3,1355.0,906.0,1465.0,947.0,9239,0,0,1,Biker
3,1361.0,906.0,1471.0,947.0,9240,0,0,1,Biker
3,1366.0,906.0,1476.0,947.0,9241,0,0,1,Biker
3,1369.0,906.0,1479.0,947.0,9242,0,0,1,Biker
3,1375.0,906.0,1485.0,947.0,9243,0,0,1,Biker
3,1380.0,906.0,1490.0,947.0,9244,0,0,1,Biker
3,1386.0,906.0,1496.0,947.0,9245,0,0,1,Biker
3,1388.0,906.0,1498.0,947.0,9246,0,0,1,Biker
3,1394.0,906.0,1504.0,947.0,9247,0,0,1,Biker
3,1399.0,906.0,1509.0,947.0,9248,0,0,1,Biker
3,1405.0,908.0,1515.0,949.0,9249,0,0,1,Biker
3,1410.0,908.0,1520.0,949.0,9250,0,0,1,Biker
3,1413.0,908.0,1523.0,949.0,9251,0,0,1,Biker
3,1419.0,908.0,1529.0,949.0,9252,0,0,1,Biker
3,1424.0,908.0,1534.0,949.0,9253,0,0,1,Biker
3,1430.0,908.0,1540.0,949.0,9254,0,0,1,Biker
3,1435.0,908.0,1545.0,949.0,9255,0,0,1,Biker
3,1438.0,908.0,1548.0,949.0,9256,0,0,1,Biker
3,1443.0,908.0,1553.0,949.0,9257,0,0,1,Biker
3,1449.0,908.0,1559.0,949.0,9258,0,0,1,Biker
3,1454.0,910.0,1564.0,951.0,9259,0,0,1,Biker
3,1460.0,910.0,1570.0,951.0,9260,0,0,1,Biker
3,1463.0,910.0,1573.0,951.0,9261,0,0,1,Biker
3,1468.0,910.0,1578.0,951.0,9262,0,0,1,Biker
3,1474.0,910.0,1584.0,951.0,9263,0,0,1,Biker
3,1479.0,910.0,1589.0,951.0,9264,0,0,1,Biker
3,1485.0,910.0,1595.0,951.0,9265,0,0,1,Biker
3,1487.0,910.0,1597.0,951.0,9266,0,0,1,Biker
3,1493.0,910.0,1603.0,951.0,9267,0,0,1,Biker
3,1498.0,910.0,1608.0,951.0,9268,0,0,1,Biker
3,1504.0,910.0,1614.0,951.0,9269,0,0,1,Biker
3,1509.0,913.0,1619.0,954.0,9270,0,0,1,Biker
3,1512.0,913.0,1622.0,954.0,9271,0,0,1,Biker
3,1518.0,913.0,1628.0,954.0,9272,0,0,1,Biker
3,1523.0,913.0,1633.0,954.0,9273,0,0,1,Biker
3,1529.0,913.0,1639.0,954.0,9274,0,0,1,Biker
3,1534.0,913.0,1644.0,954.0,9275,0,0,1,Biker
3,1537.0,913.0,1647.0,954.0,9276,0,0,1,Biker
3,1542.0,913.0,1652.0,954.0,9277,0,0,1,Biker
3,1548.0,913.0,1658.0,954.0,9278,0,0,1,Biker
3,1553.0,913.0,1663.0,954.0,9279,0,0,1,Biker
3,1559.0,915.0,1669.0,956.0,9280,0,0,0,Biker
3,1562.0,913.0,1672.0,954.0,9281,0,0,1,Biker
3,1564.0,913.0,1674.0,954.0,9282,0,0,1,Biker
3,1570.0,913.0,1680.0,954.0,9283,0,0,1,Biker
3,1573.0,913.0,1683.0,954.0,9284,0,0,1,Biker
3,1578.0,913.0,1688.0,954.0,9285,0,0,1,Biker
3,1581.0,913.0,1691.0,954.0,9286,0,0,1,Biker
3,1586.0,913.0,1696.0,954.0,9287,0,0,1,Biker
3,1589.0,913.0,1699.0,954.0,9288,0,0,1,Biker
3,1595.0,913.0,1705.0,954.0,9289,0,0,1,Biker
3,1597.0,913.0,1707.0,954.0,9290,0,0,1,Biker
3,1603.0,913.0,1713.0,954.0,9291,0,0,1,Biker
3,1606.0,913.0,1716.0,954.0,9292,0,0,1,Biker
3,1611.0,913.0,1721.0,954.0,9293,0,0,1,Biker
3,1614.0,913.0,1724.0,954.0,9294,0,0,1,Biker
3,1619.0,910.0,1729.0,951.0,9295,0,0,1,Biker
3,1622.0,910.0,1732.0,951.0,9296,0,0,1,Biker
3,1628.0,910.0,1738.0,951.0,9297,0,0,1,Biker
3,1630.0,910.0,1740.0,951.0,9298,0,0,1,Biker
3,1636.0,910.0,1746.0,951.0,9299,0,0,1,Biker
3,1639.0,910.0,1749.0,951.0,9300,0,0,1,Biker
3,1644.0,910.0,1754.0,951.0,9301,0,0,1,Biker
3,1647.0,910.0,1757.0,951.0,9302,0,0,1,Biker
3,1652.0,910.0,1762.0,951.0,9303,0,0,1,Biker
3,1655.0,910.0,1765.0,951.0,9304,0,0,1,Biker
3,1658.0,910.0,1768.0,951.0,9305,0,0,1,Biker
3,1663.0,910.0,1773.0,951.0,9306,0,0,1,Biker
3,1666.0,910.0,1776.0,951.0,9307,0,0,1,Biker
3,1672.0,910.0,1782.0,951.0,9308,0,0,1,Biker
3,1674.0,908.0,1784.0,949.0,9309,0,0,1,Biker
3,1680.0,908.0,1790.0,949.0,9310,0,0,1,Biker
3,1683.0,908.0,1793.0,949.0,9311,0,0,1,Biker
3,1688.0,908.0,1798.0,949.0,9312,0,0,1,Biker
3,1691.0,908.0,1801.0,949.0,9313,0,0,1,Biker
3,1696.0,908.0,1806.0,949.0,9314,0,0,1,Biker
3,1699.0,908.0,1809.0,949.0,9315,0,0,1,Biker
3,1705.0,908.0,1815.0,949.0,9316,0,0,1,Biker
3,1707.0,908.0,1817.0,949.0,9317,0,0,1,Biker
3,1713.0,908.0,1823.0,949.0,9318,0,0,1,Biker
3,1716.0,908.0,1826.0,949.0,9319,0,0,1,Biker
3,1721.0,908.0,1831.0,949.0,9320,0,0,1,Biker
3,1724.0,908.0,1834.0,949.0,9321,0,0,1,Biker
3,1729.0,908.0,1839.0,949.0,9322,0,0,1,Biker
3,1732.0,906.0,1842.0,947.0,9323,0,0,1,Biker
3,1738.0,906.0,1848.0,947.0,9324,0,0,1,Biker
3,1740.0,906.0,1850.0,947.0,9325,0,0,1,Biker
3,1746.0,906.0,1856.0,947.0,9326,0,0,1,Biker
3,1749.0,906.0,1859.0,947.0,9327,0,0,1,Biker
3,1751.0,906.0,1861.0,947.0,9328,0,0,1,Biker
3,1757.0,906.0,1867.0,947.0,9329,0,0,1,Biker
3,1760.0,906.0,1870.0,947.0,9330,0,0,1,Biker
3,1765.0,906.0,1875.0,947.0,9331,0,0,1,Biker
3,1768.0,906.0,1878.0,947.0,9332,0,0,1,Biker
3,1773.0,906.0,1883.0,947.0,9333,0,0,1,Biker
3,1776.0,906.0,1886.0,947.0,9334,0,0,1,Biker
3,1782.0,906.0,1892.0,947.0,9335,0,0,1,Biker
3,1784.0,906.0,1894.0,947.0,9336,0,0,1,Biker
3,1790.0,904.0,1900.0,944.0,9337,0,0,1,Biker
3,1793.0,904.0,1903.0,944.0,9338,0,0,1,Biker
3,1798.0,904.0,1908.0,944.0,9339,0,0,1,Biker
3,1801.0,904.0,1911.0,944.0,9340,0,0,1,Biker
3,1806.0,904.0,1916.0,944.0,9341,0,0,1,Biker
3,1809.0,904.0,1919.0,944.0,9342,0,0,1,Biker
3,1815.0,904.0,1925.0,944.0,9343,0,0,1,Biker
3,1817.0,904.0,1927.0,944.0,9344,0,0,1,Biker
3,1823.0,904.0,1933.0,944.0,9345,0,0,1,Biker
3,1826.0,904.0,1936.0,944.0,9346,0,0,1,Biker
3,1831.0,904.0,1941.0,944.0,9347,0,0,1,Biker
3,1834.0,904.0,1944.0,944.0,9348,0,0,1,Biker
3,1839.0,904.0,1949.0,944.0,9349,0,0,1,Biker
3,1842.0,904.0,1952.0,944.0,9350,0,0,1,Biker
3,1848.0,904.0,1958.0,944.0,9351,0,0,0,Biker
3,1850.0,904.0,1958.0,944.0,9352,0,0,1,Biker
3,1856.0,904.0,1958.0,944.0,9353,0,0,1,Biker
3,1861.0,904.0,1960.0,944.0,9354,0,0,1,Biker
3,1864.0,904.0,1960.0,944.0,9355,0,0,1,Biker
3,1870.0,904.0,1963.0,944.0,9356,0,0,1,Biker
3,1875.0,904.0,1963.0,944.0,9357,0,0,1,Biker
3,1878.0,904.0,1966.0,944.0,9358,0,0,1,Biker
3,1883.0,904.0,1966.0,944.0,9359,0,0,1,Biker
3,1889.0,904.0,1969.0,944.0,9360,0,0,1,Biker
3,1892.0,904.0,1969.0,944.0,9361,0,0,1,Biker
3,1897.0,904.0,1971.0,944.0,9362,0,0,1,Biker
3,1903.0,904.0,1971.0,944.0,9363,0,0,1,Biker
3,1905.0,904.0,1974.0,944.0,9364,0,0,1,Biker
3,1911.0,904.0,1974.0,944.0,9365,0,0,1,Biker
3,1916.0,906.0,1977.0,947.0,9366,1,0,0,Biker
3,1916.0,906.0,1977.0,947.0,9367,1,0,1,Biker
3,1916.0,906.0,1977.0,947.0,9368,1,0,1,Biker
3,1916.0,906.0,1977.0,947.0,9369,1,0,1,Biker
3,1916.0,906.0,1977.0,947.0,9370,1,0,1,Biker
3,1916.0,906.0,1977.0,947.0,9371,1,0,1,Biker
3,1916.0,906.0,1977.0,947.0,9372,1,0,1,Biker
3,1916.0,906.0,1977.0,947.0,9373,1,0,0,Biker
3,1916.0,906.0,1977.0,947.0,9374,1,0,1,Biker
3,1916.0,906.0,1977.0,947.0,9375,1,0,1,Biker
3,1916.0,906.0,1977.0,947.0,9376,1,0,1,Biker
3,1916.0,906.0,1977.0,947.0,9377,1,0,1,Biker
3,1916.0,906.0,1977.0,947.0,9378,1,0,1,Biker
3,1916.0,906.0,1977.0,947.0,9379,1,0,1,Biker
3,1916.0,906.0,1977.0,947.0,9380,1,0,1,Biker
3,1916.0,906.0,1977.0,947.0,9381,1,0,1,Biker
3,1916.0,906.0,1977.0,947.0,9382,1,0,1,Biker
3,1916.0,906.0,1977.0,947.0,9383,1,0,1,Biker
3,1916.0,906.0,1977.0,947.0,9384,1,0,1,Biker
3,1916.0,906.0,1977.0,947.0,9385,1,0,1,Biker
3,1916.0,906.0,1977.0,947.0,9386,1,0,1,Biker
3,1916.0,906.0,1977.0,947.0,9387,1,0,1,Biker
3,1916.0,906.0,1977.0,947.0,9388,1,0,1,Biker
3,1916.0,906.0,1977.0,947.0,9389,1,0,1,Biker
3,1916.0,906.0,1977.0,947.0,9390,1,0,1,Biker
3,1916.0,906.0,1977.0,947.0,9391,1,0,1,Biker
3,1916.0,906.0,1977.0,947.0,9392,1,0,1,Biker
3,1916.0,906.0,1977.0,947.0,9393,1,0,1,Biker
3,1916.0,906.0,1977.0,947.0,9394,1,0,1,Biker
3,1916.0,906.0,1977.0,947.0,9395,1,0,1,Biker
3,1916.0,906.0,1977.0,947.0,9396,1,0,1,Biker
3,1916.0,906.0,1977.0,947.0,9397,1,0,1,Biker
3,1916.0,906.0,1977.0,947.0,9398,1,0,1,Biker
3,1916.0,906.0,1977.0,947.0,9399,1,0,1,Biker
3,1916.0,906.0,1977.0,947.0,9400,1,0,1,Biker
3,1916.0,906.0,1977.0,947.0,9401,1,0,1,Biker
3,1916.0,906.0,1977.0,947.0,9402,1,0,1,Biker
3,1916.0,906.0,1977.0,947.0,9403,1,0,1,Biker
3,1916.0,906.0,1977.0,947.0,9404,1,0,1,Biker
3,1916.0,906.0,1977.0,947.0,9405,1,0,1,Biker
3,1916.0,906.0,1977.0,947.0,9406,1,0,1,Biker
3,1916.0,906.0,1977.0,947.0,9407,1,0,1,Biker
3,1916.0,906.0,1977.0,947.0,9408,1,0,1,Biker
3,1916.0,906.0,1977.0,947.0,9409,1,0,1,Biker
3,1916.0,906.0,1977.0,947.0,9410,1,0,1,Biker
3,1916.0,906.0,1977.0,947.0,9411,1,0,1,Biker
3,1916.0,906.0,1977.0,947.0,9412,1,0,1,Biker
3,1916.0,906.0,1977.0,947.0,9413,1,0,1,Biker
3,1916.0,906.0,1977.0,947.0,9414,1,0,1,Biker
3,1916.0,906.0,1977.0,947.0,9415,1,0,1,Biker
3,1916.0,906.0,1977.0,947.0,9416,1,0,1,Biker
3,1916.0,906.0,1977.0,947.0,9417,1,0,1,Biker
3,1916.0,906.0,1977.0,947.0,9418,1,0,1,Biker
3,1916.0,906.0,1977.0,947.0,9419,1,0,1,Biker
3,1916.0,906.0,1977.0,947.0,9420,1,0,1,Biker
3,1916.0,906.0,1977.0,947.0,9421,1,0,1,Biker
3,1916.0,906.0,1977.0,947.0,9422,1,0,1,Biker
3,1916.0,906.0,1977.0,947.0,9423,1,0,1,Biker
3,1916.0,906.0,1977.0,947.0,9424,1,0,1,Biker
3,1916.0,906.0,1977.0,947.0,9425,1,0,1,Biker
3,1916.0,906.0,1977.0,947.0,9426,1,0,1,Biker
3,1916.0,906.0,1977.0,947.0,9427,1,0,1,Biker
3,1916.0,906.0,1977.0,947.0,9428,1,0,1,Biker
3,1916.0,906.0,1977.0,947.0,9429,1,0,1,Biker
3,1916.0,906.0,1977.0,947.0,9430,1,0,1,Biker
3,1916.0,906.0,1977.0,947.0,9431,1,0,1,Biker
3,1916.0,906.0,1977.0,947.0,9432,1,0,1,Biker
3,1916.0,906.0,1977.0,947.0,9433,1,0,1,Biker
3,1916.0,906.0,1977.0,947.0,9434,1,0,1,Biker
3,1916.0,906.0,1977.0,947.0,9435,1,0,1,Biker
3,1916.0,906.0,1977.0,947.0,9436,1,0,1,Biker
3,1916.0,906.0,1977.0,947.0,9437,1,0,1,Biker
3,1916.0,906.0,1977.0,947.0,9438,1,0,1,Biker
3,1916.0,906.0,1977.0,947.0,9439,1,0,1,Biker
3,1916.0,906.0,1977.0,947.0,9440,1,0,1,Biker
3,1916.0,906.0,1977.0,947.0,9441,1,0,1,Biker
3,1916.0,906.0,1977.0,947.0,9442,1,0,1,Biker
3,1916.0,906.0,1977.0,947.0,9443,1,0,1,Biker
3,1916.0,906.0,1977.0,947.0,9444,1,0,1,Biker
3,1916.0,906.0,1977.0,947.0,9445,1,0,1,Biker
3,1916.0,906.0,1977.0,947.0,9446,1,0,1,Biker
3,1916.0,906.0,1977.0,947.0,9447,1,0,1,Biker
3,1916.0,906.0,1977.0,947.0,9448,1,0,1,Biker
3,1916.0,906.0,1977.0,947.0,9449,1,0,1,Biker
3,1916.0,906.0,1977.0,947.0,9450,1,0,1,Biker
3,1916.0,906.0,1977.0,947.0,9451,1,0,1,Biker
3,1916.0,906.0,1977.0,947.0,9452,1,0,1,Biker
3,1916.0,906.0,1977.0,947.0,9453,1,0,1,Biker
3,1916.0,906.0,1977.0,947.0,9454,1,0,1,Biker
3,1916.0,906.0,1977.0,947.0,9455,1,0,1,Biker
3,1916.0,906.0,1977.0,947.0,9456,1,0,1,Biker
3,1916.0,906.0,1977.0,947.0,9457,1,0,1,Biker
3,1916.0,906.0,1977.0,947.0,9458,1,0,1,Biker
3,1916.0,906.0,1977.0,947.0,9459,1,0,1,Biker
3,1916.0,906.0,1977.0,947.0,9460,1,0,1,Biker
3,1916.0,906.0,1977.0,947.0,9461,1,0,1,Biker
3,1916.0,906.0,1977.0,947.0,9462,1,0,1,Biker
3,1916.0,906.0,1977.0,947.0,9463,1,0,1,Biker
3,1916.0,906.0,1977.0,947.0,9464,1,0,1,Biker
3,1916.0,906.0,1977.0,947.0,9465,1,0,1,Biker
3,1916.0,906.0,1977.0,947.0,9466,1,0,1,Biker
3,1916.0,906.0,1977.0,947.0,9467,1,0,1,Biker
3,1916.0,906.0,1977.0,947.0,9468,1,0,1,Biker
3,1916.0,906.0,1977.0,947.0,9469,1,0,1,Biker
3,1916.0,906.0,1977.0,947.0,9470,1,0,1,Biker
3,1916.0,906.0,1977.0,947.0,9471,1,0,1,Biker
3,1916.0,906.0,1977.0,947.0,9472,1,0,1,Biker
3,1916.0,906.0,1977.0,947.0,9473,1,0,1,Biker
3,1916.0,906.0,1977.0,947.0,9474,1,0,1,Biker
3,1916.0,906.0,1977.0,947.0,9475,1,0,1,Biker
3,1916.0,906.0,1977.0,947.0,9476,1,0,1,Biker
3,1916.0,906.0,1977.0,947.0,9477,1,0,1,Biker
3,1916.0,906.0,1977.0,947.0,9478,1,0,1,Biker
3,1916.0,906.0,1977.0,947.0,9479,1,0,1,Biker
3,1916.0,906.0,1977.0,947.0,9480,1,0,1,Biker
3,1916.0,906.0,1977.0,947.0,9481,1,0,1,Biker
3,1916.0,906.0,1977.0,947.0,9482,1,0,1,Biker
3,1916.0,906.0,1977.0,947.0,9483,1,0,1,Biker
3,1916.0,906.0,1977.0,947.0,9484,1,0,1,Biker
3,1916.0,906.0,1977.0,947.0,9485,1,0,1,Biker
3,1916.0,906.0,1977.0,947.0,9486,1,0,1,Biker
3,1916.0,906.0,1977.0,947.0,9487,1,0,1,Biker
3,1916.0,906.0,1977.0,947.0,9488,1,0,1,Biker
3,1916.0,906.0,1977.0,947.0,9489,1,0,1,Biker
3,1916.0,906.0,1977.0,947.0,9490,1,0,1,Biker
3,1916.0,906.0,1977.0,947.0,9491,1,0,1,Biker
3,1916.0,906.0,1977.0,947.0,9492,1,0,1,Biker
3,1916.0,906.0,1977.0,947.0,9493,1,0,1,Biker
3,1916.0,906.0,1977.0,947.0,9494,1,0,1,Biker
3,1916.0,906.0,1977.0,947.0,9495,1,0,1,Biker
3,1916.0,906.0,1977.0,947.0,9496,1,0,1,Biker
3,1916.0,906.0,1977.0,947.0,9497,1,0,1,Biker
3,1916.0,906.0,1977.0,947.0,9498,1,0,1,Biker
3,1916.0,906.0,1977.0,947.0,9499,1,0,1,Biker
3,1916.0,906.0,1977.0,947.0,9500,1,0,1,Biker
3,1916.0,906.0,1977.0,947.0,9501,1,0,1,Biker
3,1916.0,906.0,1977.0,947.0,9502,1,0,1,Biker
3,1916.0,906.0,1977.0,947.0,9503,1,0,1,Biker
3,1916.0,906.0,1977.0,947.0,9504,1,0,1,Biker
3,1916.0,906.0,1977.0,947.0,9505,1,0,1,Biker
3,1916.0,906.0,1977.0,947.0,9506,1,0,1,Biker
3,1916.0,906.0,1977.0,947.0,9507,1,0,1,Biker
3,1916.0,906.0,1977.0,947.0,9508,1,0,1,Biker
3,1916.0,906.0,1977.0,947.0,9509,1,0,1,Biker
3,1916.0,906.0,1977.0,947.0,9510,1,0,1,Biker
3,1916.0,906.0,1977.0,947.0,9511,1,0,1,Biker
3,1916.0,906.0,1977.0,947.0,9512,1,0,1,Biker
3,1916.0,906.0,1977.0,947.0,9513,1,0,1,Biker
3,1916.0,906.0,1977.0,947.0,9514,1,0,1,Biker
3,1916.0,906.0,1977.0,947.0,9515,1,0,1,Biker
3,1916.0,906.0,1977.0,947.0,9516,1,0,1,Biker
3,1916.0,906.0,1977.0,947.0,9517,1,0,1,Biker
3,1916.0,906.0,1977.0,947.0,9518,1,0,1,Biker
3,1916.0,906.0,1977.0,947.0,9519,1,0,1,Biker
3,1916.0,906.0,1977.0,947.0,9520,1,0,1,Biker
3,1916.0,906.0,1977.0,947.0,9521,1,0,1,Biker
3,1916.0,906.0,1977.0,947.0,9522,1,0,1,Biker
3,1916.0,906.0,1977.0,947.0,9523,1,0,1,Biker
3,1916.0,906.0,1977.0,947.0,9524,1,0,1,Biker
3,1916.0,906.0,1977.0,947.0,9525,1,0,1,Biker
3,1916.0,906.0,1977.0,947.0,9526,1,0,1,Biker
3,1916.0,906.0,1977.0,947.0,9527,1,0,1,Biker
3,1916.0,906.0,1977.0,947.0,9528,1,0,1,Biker
3,1916.0,906.0,1977.0,947.0,9529,1,0,1,Biker
3,1916.0,906.0,1977.0,947.0,9530,1,0,1,Biker
3,1916.0,906.0,1977.0,947.0,9531,1,0,0,Biker
4,1927.0,849.0,1966.0,897.0,2000,1,0,0,Pedestrian
4,1925.0,847.0,1966.0,894.0,2001,1,0,1,Pedestrian
4,1925.0,847.0,1966.0,894.0,2002,1,0,1,Pedestrian
4,1925.0,847.0,1966.0,894.0,2003,1,0,1,Pedestrian
4,1925.0,847.0,1966.0,894.0,2004,1,0,1,Pedestrian
4,1925.0,847.0,1966.0,894.0,2005,1,0,1,Pedestrian
4,1925.0,847.0,1966.0,894.0,2006,1,0,1,Pedestrian
4,1925.0,847.0,1966.0,894.0,2007,1,0,1,Pedestrian
4,1925.0,847.0,1966.0,894.0,2008,1,0,1,Pedestrian
4,1925.0,847.0,1966.0,894.0,2009,1,0,1,Pedestrian
4,1925.0,847.0,1966.0,894.0,2010,1,0,1,Pedestrian
4,1925.0,847.0,1966.0,894.0,2011,1,0,1,Pedestrian
4,1925.0,847.0,1966.0,894.0,2012,1,0,1,Pedestrian
4,1925.0,847.0,1966.0,894.0,2013,1,0,1,Pedestrian
4,1925.0,847.0,1966.0,894.0,2014,1,0,1,Pedestrian
4,1925.0,847.0,1966.0,894.0,2015,1,0,1,Pedestrian
4,1925.0,847.0,1966.0,894.0,2016,1,0,1,Pedestrian
4,1925.0,847.0,1966.0,894.0,2017,1,0,1,Pedestrian
4,1925.0,847.0,1966.0,894.0,2018,1,0,1,Pedestrian
4,1925.0,847.0,1966.0,894.0,2019,1,0,1,Pedestrian
4,1925.0,847.0,1966.0,894.0,2020,1,0,1,Pedestrian
4,1925.0,847.0,1966.0,894.0,2021,1,0,1,Pedestrian
4,1925.0,847.0,1966.0,894.0,2022,1,0,1,Pedestrian
4,1925.0,847.0,1966.0,894.0,2023,1,0,1,Pedestrian
4,1925.0,847.0,1966.0,894.0,2024,1,0,1,Pedestrian
4,1925.0,847.0,1966.0,894.0,2025,1,0,1,Pedestrian
4,1925.0,847.0,1966.0,894.0,2026,1,0,1,Pedestrian
4,1925.0,847.0,1966.0,894.0,2027,1,0,1,Pedestrian
4,1925.0,847.0,1966.0,894.0,2028,1,0,1,Pedestrian
4,1925.0,847.0,1966.0,894.0,2029,1,0,1,Pedestrian
4,1925.0,847.0,1966.0,894.0,2030,1,0,1,Pedestrian
4,1925.0,847.0,1966.0,894.0,2031,1,0,1,Pedestrian
4,1925.0,847.0,1966.0,894.0,2032,1,0,1,Pedestrian
4,1925.0,847.0,1966.0,894.0,2033,1,0,1,Pedestrian
4,1925.0,847.0,1966.0,894.0,2034,1,0,1,Pedestrian
4,1925.0,847.0,1966.0,894.0,2035,1,0,1,Pedestrian
4,1925.0,847.0,1966.0,894.0,2036,1,0,1,Pedestrian
4,1925.0,847.0,1966.0,894.0,2037,1,0,1,Pedestrian
4,1925.0,847.0,1966.0,894.0,2038,1,0,1,Pedestrian
4,1925.0,847.0,1966.0,894.0,2039,1,0,1,Pedestrian
4,1925.0,847.0,1966.0,894.0,2040,1,0,1,Pedestrian
4,1925.0,847.0,1966.0,894.0,2041,1,0,1,Pedestrian
4,1925.0,847.0,1966.0,894.0,2042,1,0,1,Pedestrian
4,1925.0,847.0,1966.0,894.0,2043,1,0,1,Pedestrian
4,1925.0,847.0,1966.0,894.0,2044,1,0,1,Pedestrian
4,1925.0,847.0,1966.0,894.0,2045,1,0,1,Pedestrian
4,1925.0,847.0,1966.0,894.0,2046,1,0,1,Pedestrian
4,1925.0,847.0,1966.0,894.0,2047,1,0,1,Pedestrian
4,1925.0,847.0,1966.0,894.0,2048,1,0,1,Pedestrian
4,1925.0,847.0,1966.0,894.0,2049,1,0,1,Pedestrian
4,1925.0,847.0,1966.0,894.0,2050,1,0,1,Pedestrian
4,1925.0,847.0,1966.0,894.0,2051,1,0,1,Pedestrian
4,1925.0,847.0,1966.0,894.0,2052,1,0,1,Pedestrian
4,1925.0,847.0,1966.0,894.0,2053,1,0,1,Pedestrian
4,1925.0,847.0,1966.0,894.0,2054,1,0,1,Pedestrian
4,1925.0,847.0,1966.0,894.0,2055,1,0,1,Pedestrian
4,1925.0,847.0,1966.0,894.0,2056,1,0,1,Pedestrian
4,1925.0,847.0,1966.0,894.0,2057,1,0,1,Pedestrian
4,1925.0,847.0,1966.0,894.0,2058,1,0,1,Pedestrian
4,1925.0,847.0,1966.0,894.0,2059,1,0,1,Pedestrian
4,1925.0,847.0,1966.0,894.0,2060,1,0,1,Pedestrian
4,1925.0,847.0,1966.0,894.0,2061,1,0,1,Pedestrian
4,1925.0,847.0,1966.0,894.0,2062,1,0,1,Pedestrian
4,1925.0,847.0,1966.0,894.0,2063,1,0,1,Pedestrian
4,1925.0,847.0,1966.0,894.0,2064,1,0,1,Pedestrian
4,1925.0,847.0,1966.0,894.0,2065,1,0,1,Pedestrian
4,1925.0,847.0,1966.0,894.0,2066,1,0,1,Pedestrian
4,1925.0,847.0,1966.0,894.0,2067,1,0,1,Pedestrian
4,1925.0,847.0,1966.0,894.0,2068,1,0,1,Pedestrian
4,1925.0,847.0,1966.0,894.0,2069,1,0,1,Pedestrian
4,1925.0,847.0,1966.0,894.0,2070,1,0,1,Pedestrian
4,1925.0,847.0,1966.0,894.0,2071,1,0,1,Pedestrian
4,1925.0,847.0,1966.0,894.0,2072,1,0,1,Pedestrian
4,1925.0,847.0,1966.0,894.0,2073,1,0,1,Pedestrian
4,1925.0,847.0,1966.0,894.0,2074,1,0,1,Pedestrian
4,1925.0,847.0,1966.0,894.0,2075,1,0,1,Pedestrian
4,1925.0,847.0,1969.0,894.0,2076,1,0,1,Pedestrian
4,1925.0,847.0,1969.0,894.0,2077,1,0,1,Pedestrian
4,1925.0,847.0,1969.0,894.0,2078,1,0,1,Pedestrian
4,1925.0,847.0,1969.0,894.0,2079,1,0,1,Pedestrian
4,1925.0,847.0,1969.0,894.0,2080,1,0,1,Pedestrian
4,1925.0,847.0,1969.0,894.0,2081,1,0,1,Pedestrian
4,1925.0,847.0,1969.0,894.0,2082,1,0,1,Pedestrian
4,1925.0,847.0,1969.0,894.0,2083,1,0,1,Pedestrian
4,1925.0,847.0,1969.0,894.0,2084,1,0,1,Pedestrian
4,1925.0,847.0,1969.0,894.0,2085,1,0,1,Pedestrian
4,1925.0,847.0,1969.0,894.0,2086,1,0,1,Pedestrian
4,1925.0,847.0,1969.0,894.0,2087,1,0,1,Pedestrian
4,1925.0,847.0,1969.0,894.0,2088,1,0,1,Pedestrian
4,1925.0,847.0,1969.0,894.0,2089,1,0,1,Pedestrian
4,1925.0,847.0,1969.0,894.0,2090,1,0,1,Pedestrian
4,1925.0,847.0,1969.0,894.0,2091,1,0,1,Pedestrian
4,1925.0,847.0,1969.0,894.0,2092,1,0,1,Pedestrian
4,1925.0,847.0,1969.0,894.0,2093,1,0,1,Pedestrian
4,1925.0,847.0,1969.0,894.0,2094,1,0,1,Pedestrian
4,1925.0,847.0,1969.0,894.0,2095,1,0,1,Pedestrian
4,1925.0,847.0,1969.0,894.0,2096,1,0,1,Pedestrian
4,1925.0,847.0,1969.0,894.0,2097,1,0,1,Pedestrian
4,1925.0,847.0,1969.0,894.0,2098,1,0,1,Pedestrian
4,1925.0,847.0,1969.0,894.0,2099,1,0,1,Pedestrian
4,1925.0,847.0,1969.0,894.0,2100,1,0,1,Pedestrian
4,1925.0,847.0,1969.0,892.0,2101,1,0,1,Pedestrian
4,1925.0,847.0,1969.0,892.0,2102,1,0,1,Pedestrian
4,1925.0,847.0,1969.0,892.0,2103,1,0,1,Pedestrian
4,1925.0,847.0,1969.0,892.0,2104,1,0,1,Pedestrian
4,1925.0,847.0,1969.0,892.0,2105,1,0,1,Pedestrian
4,1925.0,847.0,1969.0,892.0,2106,1,0,1,Pedestrian
4,1925.0,847.0,1969.0,892.0,2107,1,0,1,Pedestrian
4,1925.0,847.0,1969.0,892.0,2108,1,0,1,Pedestrian
4,1925.0,847.0,1969.0,892.0,2109,1,0,1,Pedestrian
4,1925.0,847.0,1969.0,892.0,2110,1,0,1,Pedestrian
4,1925.0,847.0,1969.0,892.0,2111,1,0,1,Pedestrian
4,1925.0,847.0,1969.0,892.0,2112,1,0,1,Pedestrian
4,1925.0,847.0,1969.0,892.0,2113,1,0,1,Pedestrian
4,1925.0,847.0,1969.0,892.0,2114,1,0,1,Pedestrian
4,1925.0,847.0,1969.0,892.0,2115,1,0,1,Pedestrian
4,1925.0,847.0,1969.0,892.0,2116,1,0,1,Pedestrian
4,1925.0,847.0,1969.0,892.0,2117,1,0,1,Pedestrian
4,1925.0,847.0,1969.0,892.0,2118,1,0,1,Pedestrian
4,1925.0,847.0,1969.0,892.0,2119,1,0,1,Pedestrian
4,1925.0,847.0,1969.0,892.0,2120,1,0,1,Pedestrian
4,1925.0,847.0,1969.0,892.0,2121,1,0,1,Pedestrian
4,1925.0,847.0,1969.0,892.0,2122,1,0,1,Pedestrian
4,1925.0,847.0,1969.0,892.0,2123,1,0,1,Pedestrian
4,1925.0,847.0,1969.0,892.0,2124,1,0,1,Pedestrian
4,1925.0,847.0,1969.0,892.0,2125,1,0,1,Pedestrian
4,1925.0,847.0,1969.0,892.0,2126,1,0,1,Pedestrian
4,1925.0,847.0,1969.0,892.0,2127,1,0,1,Pedestrian
4,1925.0,847.0,1969.0,892.0,2128,1,0,1,Pedestrian
4,1925.0,847.0,1969.0,892.0,2129,1,0,1,Pedestrian
4,1925.0,847.0,1969.0,892.0,2130,1,0,1,Pedestrian
4,1925.0,847.0,1969.0,892.0,2131,1,0,1,Pedestrian
4,1925.0,847.0,1969.0,892.0,2132,1,0,1,Pedestrian
4,1925.0,847.0,1969.0,892.0,2133,1,0,1,Pedestrian
4,1925.0,847.0,1969.0,892.0,2134,1,0,1,Pedestrian
4,1925.0,847.0,1969.0,892.0,2135,1,0,1,Pedestrian
4,1925.0,847.0,1969.0,892.0,2136,1,0,1,Pedestrian
4,1925.0,847.0,1969.0,892.0,2137,1,0,1,Pedestrian
4,1925.0,847.0,1969.0,892.0,2138,1,0,1,Pedestrian
4,1925.0,847.0,1969.0,892.0,2139,1,0,1,Pedestrian
4,1925.0,847.0,1969.0,892.0,2140,1,0,1,Pedestrian
4,1925.0,847.0,1969.0,892.0,2141,1,0,1,Pedestrian
4,1925.0,847.0,1969.0,892.0,2142,1,0,1,Pedestrian
4,1925.0,847.0,1969.0,892.0,2143,1,0,1,Pedestrian
4,1925.0,847.0,1969.0,892.0,2144,1,0,1,Pedestrian
4,1925.0,847.0,1969.0,892.0,2145,1,0,1,Pedestrian
4,1925.0,847.0,1969.0,892.0,2146,1,0,1,Pedestrian
4,1925.0,847.0,1969.0,892.0,2147,1,0,1,Pedestrian
4,1925.0,847.0,1969.0,892.0,2148,1,0,1,Pedestrian
4,1925.0,847.0,1969.0,892.0,2149,1,0,1,Pedestrian
4,1925.0,847.0,1969.0,892.0,2150,1,0,1,Pedestrian
4,1925.0,847.0,1971.0,892.0,2151,1,0,1,Pedestrian
4,1922.0,844.0,1971.0,892.0,2152,1,0,1,Pedestrian
4,1922.0,844.0,1971.0,892.0,2153,1,0,1,Pedestrian
4,1922.0,844.0,1971.0,892.0,2154,1,0,1,Pedestrian
4,1922.0,844.0,1971.0,892.0,2155,1,0,1,Pedestrian
4,1922.0,844.0,1971.0,892.0,2156,1,0,1,Pedestrian
4,1922.0,844.0,1971.0,892.0,2157,1,0,1,Pedestrian
4,1922.0,844.0,1971.0,892.0,2158,1,0,1,Pedestrian
4,1922.0,844.0,1971.0,892.0,2159,1,0,1,Pedestrian
4,1922.0,844.0,1971.0,892.0,2160,1,0,1,Pedestrian
4,1922.0,844.0,1971.0,892.0,2161,1,0,1,Pedestrian
4,1922.0,844.0,1971.0,892.0,2162,1,0,1,Pedestrian
4,1922.0,844.0,1971.0,892.0,2163,1,0,1,Pedestrian
4,1922.0,844.0,1971.0,892.0,2164,1,0,1,Pedestrian
4,1922.0,844.0,1971.0,892.0,2165,1,0,1,Pedestrian
4,1922.0,844.0,1971.0,892.0,2166,1,0,1,Pedestrian
4,1922.0,844.0,1971.0,892.0,2167,1,0,1,Pedestrian
4,1922.0,844.0,1971.0,892.0,2168,1,0,1,Pedestrian
4,1922.0,844.0,1971.0,892.0,2169,1,0,1,Pedestrian
4,1922.0,844.0,1971.0,892.0,2170,1,0,1,Pedestrian
4,1922.0,844.0,1971.0,892.0,2171,1,0,1,Pedestrian
4,1922.0,844.0,1971.0,892.0,2172,1,0,1,Pedestrian
4,1922.0,844.0,1971.0,892.0,2173,1,0,1,Pedestrian
4,1922.0,844.0,1971.0,892.0,2174,1,0,1,Pedestrian
4,1922.0,844.0,1971.0,892.0,2175,1,0,1,Pedestrian
4,1922.0,844.0,1971.0,892.0,2176,1,0,1,Pedestrian
4,1922.0,844.0,1971.0,892.0,2177,1,0,1,Pedestrian
4,1922.0,844.0,1971.0,892.0,2178,1,0,1,Pedestrian
4,1922.0,844.0,1971.0,892.0,2179,1,0,1,Pedestrian
4,1922.0,844.0,1971.0,892.0,2180,1,0,1,Pedestrian
4,1922.0,844.0,1971.0,892.0,2181,1,0,1,Pedestrian
4,1922.0,844.0,1971.0,892.0,2182,1,0,1,Pedestrian
4,1922.0,844.0,1971.0,892.0,2183,1,0,1,Pedestrian
4,1922.0,844.0,1971.0,892.0,2184,1,0,1,Pedestrian
4,1922.0,844.0,1971.0,892.0,2185,1,0,1,Pedestrian
4,1922.0,844.0,1971.0,892.0,2186,1,0,1,Pedestrian
4,1922.0,844.0,1971.0,892.0,2187,1,0,1,Pedestrian
4,1922.0,844.0,1971.0,892.0,2188,1,0,1,Pedestrian
4,1922.0,844.0,1971.0,892.0,2189,1,0,1,Pedestrian
4,1922.0,844.0,1971.0,892.0,2190,1,0,1,Pedestrian
4,1922.0,844.0,1971.0,892.0,2191,1,0,1,Pedestrian
4,1922.0,844.0,1971.0,892.0,2192,1,0,1,Pedestrian
4,1922.0,844.0,1971.0,892.0,2193,1,0,1,Pedestrian
4,1922.0,844.0,1971.0,892.0,2194,1,0,1,Pedestrian
4,1922.0,844.0,1971.0,892.0,2195,1,0,1,Pedestrian
4,1922.0,844.0,1971.0,892.0,2196,1,0,1,Pedestrian
4,1922.0,844.0,1971.0,892.0,2197,1,0,1,Pedestrian
4,1922.0,844.0,1971.0,892.0,2198,1,0,1,Pedestrian
4,1922.0,844.0,1971.0,892.0,2199,1,0,1,Pedestrian
4,1922.0,844.0,1971.0,892.0,2200,1,0,1,Pedestrian
4,1922.0,844.0,1971.0,892.0,2201,1,0,1,Pedestrian
4,1922.0,844.0,1971.0,890.0,2202,1,0,1,Pedestrian
4,1922.0,844.0,1971.0,890.0,2203,1,0,1,Pedestrian
4,1922.0,844.0,1971.0,890.0,2204,1,0,1,Pedestrian
4,1922.0,844.0,1971.0,890.0,2205,1,0,1,Pedestrian
4,1922.0,844.0,1971.0,890.0,2206,1,0,1,Pedestrian
4,1922.0,844.0,1971.0,890.0,2207,1,0,1,Pedestrian
4,1922.0,844.0,1971.0,890.0,2208,1,0,1,Pedestrian
4,1922.0,844.0,1971.0,890.0,2209,1,0,1,Pedestrian
4,1922.0,844.0,1971.0,890.0,2210,1,0,1,Pedestrian
4,1922.0,844.0,1971.0,890.0,2211,1,0,1,Pedestrian
4,1922.0,844.0,1971.0,890.0,2212,1,0,1,Pedestrian
4,1922.0,844.0,1971.0,890.0,2213,1,0,1,Pedestrian
4,1922.0,844.0,1971.0,890.0,2214,1,0,1,Pedestrian
4,1922.0,844.0,1971.0,890.0,2215,1,0,1,Pedestrian
4,1922.0,844.0,1971.0,890.0,2216,1,0,1,Pedestrian
4,1922.0,844.0,1971.0,890.0,2217,1,0,1,Pedestrian
4,1922.0,844.0,1971.0,890.0,2218,1,0,1,Pedestrian
4,1922.0,844.0,1971.0,890.0,2219,1,0,1,Pedestrian
4,1922.0,844.0,1971.0,890.0,2220,1,0,1,Pedestrian
4,1922.0,844.0,1971.0,890.0,2221,1,0,1,Pedestrian
4,1922.0,844.0,1971.0,890.0,2222,1,0,1,Pedestrian
4,1922.0,844.0,1971.0,890.0,2223,1,0,1,Pedestrian
4,1922.0,844.0,1971.0,890.0,2224,1,0,1,Pedestrian
4,1922.0,844.0,1971.0,890.0,2225,1,0,1,Pedestrian
4,1922.0,844.0,1971.0,890.0,2226,1,0,1,Pedestrian
4,1922.0,844.0,1974.0,890.0,2227,1,0,1,Pedestrian
4,1922.0,844.0,1974.0,890.0,2228,1,0,1,Pedestrian
4,1922.0,844.0,1974.0,890.0,2229,1,0,1,Pedestrian
4,1922.0,844.0,1974.0,890.0,2230,1,0,1,Pedestrian
4,1922.0,844.0,1974.0,890.0,2231,1,0,1,Pedestrian
4,1922.0,844.0,1974.0,890.0,2232,1,0,1,Pedestrian
4,1922.0,844.0,1974.0,890.0,2233,1,0,1,Pedestrian
4,1922.0,844.0,1974.0,890.0,2234,1,0,1,Pedestrian
4,1922.0,844.0,1974.0,890.0,2235,1,0,1,Pedestrian
4,1922.0,844.0,1974.0,890.0,2236,1,0,1,Pedestrian
4,1922.0,844.0,1974.0,890.0,2237,1,0,1,Pedestrian
4,1922.0,844.0,1974.0,890.0,2238,1,0,1,Pedestrian
4,1922.0,844.0,1974.0,890.0,2239,1,0,1,Pedestrian
4,1922.0,844.0,1974.0,890.0,2240,1,0,1,Pedestrian
4,1922.0,844.0,1974.0,890.0,2241,1,0,1,Pedestrian
4,1922.0,844.0,1974.0,890.0,2242,1,0,1,Pedestrian
4,1922.0,844.0,1974.0,890.0,2243,1,0,1,Pedestrian
4,1922.0,844.0,1974.0,890.0,2244,1,0,1,Pedestrian
4,1922.0,844.0,1974.0,890.0,2245,1,0,1,Pedestrian
4,1922.0,844.0,1974.0,890.0,2246,1,0,1,Pedestrian
4,1922.0,844.0,1974.0,890.0,2247,1,0,1,Pedestrian
4,1922.0,844.0,1974.0,890.0,2248,1,0,1,Pedestrian
4,1922.0,844.0,1974.0,890.0,2249,1,0,1,Pedestrian
4,1922.0,844.0,1974.0,890.0,2250,1,0,1,Pedestrian
4,1922.0,844.0,1974.0,890.0,2251,1,0,1,Pedestrian
4,1922.0,844.0,1974.0,890.0,2252,1,0,1,Pedestrian
4,1922.0,844.0,1974.0,890.0,2253,1,0,1,Pedestrian
4,1922.0,844.0,1974.0,890.0,2254,1,0,1,Pedestrian
4,1922.0,844.0,1974.0,890.0,2255,1,0,1,Pedestrian
4,1922.0,844.0,1974.0,890.0,2256,1,0,1,Pedestrian
4,1922.0,844.0,1974.0,890.0,2257,1,0,1,Pedestrian
4,1922.0,844.0,1974.0,890.0,2258,1,0,1,Pedestrian
4,1922.0,844.0,1974.0,890.0,2259,1,0,1,Pedestrian
4,1922.0,844.0,1974.0,890.0,2260,1,0,1,Pedestrian
4,1922.0,844.0,1974.0,890.0,2261,1,0,1,Pedestrian
4,1922.0,844.0,1974.0,890.0,2262,1,0,1,Pedestrian
4,1922.0,844.0,1974.0,890.0,2263,1,0,1,Pedestrian
4,1922.0,844.0,1974.0,890.0,2264,1,0,1,Pedestrian
4,1922.0,844.0,1974.0,890.0,2265,1,0,1,Pedestrian
4,1922.0,844.0,1974.0,890.0,2266,1,0,1,Pedestrian
4,1922.0,844.0,1974.0,890.0,2267,1,0,1,Pedestrian
4,1922.0,844.0,1974.0,890.0,2268,1,0,1,Pedestrian
4,1922.0,844.0,1974.0,890.0,2269,1,0,1,Pedestrian
4,1922.0,844.0,1974.0,890.0,2270,1,0,1,Pedestrian
4,1922.0,844.0,1974.0,890.0,2271,1,0,1,Pedestrian
4,1922.0,844.0,1974.0,890.0,2272,1,0,1,Pedestrian
4,1922.0,844.0,1974.0,890.0,2273,1,0,1,Pedestrian
4,1922.0,844.0,1974.0,890.0,2274,1,0,1,Pedestrian
4,1922.0,844.0,1974.0,890.0,2275,1,0,1,Pedestrian
4,1922.0,844.0,1974.0,890.0,2276,1,0,1,Pedestrian
4,1922.0,844.0,1974.0,890.0,2277,1,0,1,Pedestrian
4,1922.0,844.0,1974.0,890.0,2278,1,0,1,Pedestrian
4,1922.0,844.0,1974.0,890.0,2279,1,0,1,Pedestrian
4,1922.0,844.0,1974.0,890.0,2280,1,0,1,Pedestrian
4,1922.0,844.0,1974.0,890.0,2281,1,0,1,Pedestrian
4,1922.0,844.0,1974.0,890.0,2282,1,0,1,Pedestrian
4,1922.0,844.0,1974.0,890.0,2283,1,0,1,Pedestrian
4,1922.0,844.0,1974.0,890.0,2284,1,0,1,Pedestrian
4,1922.0,844.0,1974.0,890.0,2285,1,0,1,Pedestrian
4,1922.0,844.0,1974.0,890.0,2286,1,0,1,Pedestrian
4,1922.0,844.0,1974.0,890.0,2287,1,0,1,Pedestrian
4,1922.0,844.0,1974.0,890.0,2288,1,0,1,Pedestrian
4,1922.0,844.0,1974.0,890.0,2289,1,0,1,Pedestrian
4,1922.0,844.0,1974.0,890.0,2290,1,0,1,Pedestrian
4,1922.0,844.0,1974.0,890.0,2291,1,0,1,Pedestrian
4,1922.0,844.0,1974.0,890.0,2292,1,0,1,Pedestrian
4,1922.0,844.0,1974.0,890.0,2293,1,0,1,Pedestrian
4,1922.0,844.0,1974.0,890.0,2294,1,0,1,Pedestrian
4,1922.0,844.0,1974.0,890.0,2295,1,0,1,Pedestrian
4,1922.0,844.0,1974.0,890.0,2296,1,0,1,Pedestrian
4,1922.0,844.0,1974.0,890.0,2297,1,0,1,Pedestrian
4,1922.0,844.0,1974.0,890.0,2298,1,0,1,Pedestrian
4,1922.0,844.0,1974.0,890.0,2299,1,0,1,Pedestrian
4,1922.0,844.0,1974.0,890.0,2300,1,0,1,Pedestrian
4,1922.0,844.0,1974.0,890.0,2301,1,0,1,Pedestrian
4,1922.0,844.0,1977.0,890.0,2302,0,0,0,Pedestrian
4,1919.0,844.0,1974.0,890.0,2303,0,0,1,Pedestrian
4,1919.0,844.0,1974.0,890.0,2304,0,0,1,Pedestrian
4,1919.0,844.0,1974.0,890.0,2305,0,0,1,Pedestrian
4,1916.0,844.0,1971.0,890.0,2306,0,0,1,Pedestrian
4,1916.0,844.0,1971.0,890.0,2307,0,0,1,Pedestrian
4,1916.0,844.0,1971.0,890.0,2308,0,0,1,Pedestrian
4,1916.0,847.0,1971.0,892.0,2309,0,0,1,Pedestrian
4,1914.0,847.0,1969.0,892.0,2310,0,0,1,Pedestrian
4,1914.0,847.0,1969.0,892.0,2311,0,0,1,Pedestrian
4,1914.0,847.0,1969.0,892.0,2312,0,0,1,Pedestrian
4,1911.0,847.0,1966.0,892.0,2313,0,0,1,Pedestrian
4,1911.0,847.0,1966.0,892.0,2314,0,0,1,Pedestrian
4,1911.0,847.0,1966.0,892.0,2315,0,0,1,Pedestrian
4,1911.0,849.0,1966.0,894.0,2316,0,0,1,Pedestrian
4,1908.0,849.0,1963.0,894.0,2317,0,0,1,Pedestrian
4,1908.0,849.0,1963.0,894.0,2318,0,0,1,Pedestrian
4,1908.0,849.0,1963.0,894.0,2319,0,0,1,Pedestrian
4,1908.0,849.0,1963.0,894.0,2320,0,0,1,Pedestrian
4,1905.0,849.0,1960.0,894.0,2321,0,0,1,Pedestrian
4,1905.0,851.0,1960.0,897.0,2322,0,0,1,Pedestrian
4,1905.0,851.0,1960.0,897.0,2323,0,0,1,Pedestrian
4,1903.0,851.0,1958.0,897.0,2324,0,0,1,Pedestrian
4,1903.0,851.0,1958.0,897.0,2325,0,0,1,Pedestrian
4,1903.0,851.0,1958.0,897.0,2326,0,0,1,Pedestrian
4,1903.0,851.0,1958.0,897.0,2327,0,0,1,Pedestrian
4,1900.0,851.0,1955.0,897.0,2328,0,0,1,Pedestrian
4,1900.0,853.0,1955.0,899.0,2329,0,0,1,Pedestrian
4,1900.0,853.0,1955.0,899.0,2330,0,0,1,Pedestrian
4,1897.0,853.0,1952.0,899.0,2331,0,0,1,Pedestrian
4,1897.0,853.0,1952.0,899.0,2332,0,0,1,Pedestrian
4,1897.0,853.0,1952.0,899.0,2333,0,0,1,Pedestrian
4,1897.0,853.0,1952.0,899.0,2334,0,0,1,Pedestrian
4,1894.0,856.0,1949.0,901.0,2335,0,0,1,Pedestrian
4,1894.0,856.0,1949.0,901.0,2336,0,0,1,Pedestrian
4,1894.0,856.0,1949.0,901.0,2337,0,0,1,Pedestrian
4,1894.0,856.0,1949.0,901.0,2338,0,0,1,Pedestrian
4,1892.0,856.0,1947.0,901.0,2339,0,0,1,Pedestrian
4,1892.0,856.0,1947.0,901.0,2340,0,0,1,Pedestrian
4,1892.0,856.0,1947.0,901.0,2341,0,0,1,Pedestrian
4,1889.0,858.0,1944.0,904.0,2342,0,0,1,Pedestrian
4,1889.0,858.0,1944.0,904.0,2343,0,0,1,Pedestrian
4,1889.0,858.0,1944.0,904.0,2344,0,0,1,Pedestrian
4,1889.0,858.0,1944.0,904.0,2345,0,0,1,Pedestrian
4,1886.0,858.0,1941.0,904.0,2346,0,0,1,Pedestrian
4,1886.0,858.0,1941.0,904.0,2347,0,0,1,Pedestrian
4,1886.0,860.0,1941.0,906.0,2348,0,0,1,Pedestrian
4,1883.0,860.0,1938.0,906.0,2349,0,0,1,Pedestrian
4,1883.0,860.0,1938.0,906.0,2350,0,0,1,Pedestrian
4,1883.0,860.0,1938.0,906.0,2351,0,0,1,Pedestrian
4,1883.0,860.0,1938.0,906.0,2352,0,0,1,Pedestrian
4,1881.0,860.0,1936.0,906.0,2353,0,0,1,Pedestrian
4,1881.0,860.0,1936.0,906.0,2354,0,0,1,Pedestrian
4,1881.0,863.0,1936.0,908.0,2355,0,0,1,Pedestrian
4,1881.0,863.0,1936.0,908.0,2356,0,0,1,Pedestrian
4,1878.0,863.0,1933.0,908.0,2357,0,0,1,Pedestrian
4,1878.0,863.0,1933.0,908.0,2358,0,0,1,Pedestrian
4,1878.0,863.0,1933.0,908.0,2359,0,0,1,Pedestrian
4,1875.0,863.0,1930.0,908.0,2360,0,0,1,Pedestrian
4,1875.0,865.0,1930.0,910.0,2361,0,0,1,Pedestrian
4,1875.0,865.0,1930.0,910.0,2362,0,0,1,Pedestrian
4,1875.0,865.0,1930.0,910.0,2363,0,0,1,Pedestrian
4,1872.0,865.0,1927.0,910.0,2364,0,0,1,Pedestrian
4,1872.0,865.0,1927.0,910.0,2365,0,0,1,Pedestrian
4,1872.0,865.0,1927.0,910.0,2366,0,0,1,Pedestrian
4,1870.0,865.0,1925.0,910.0,2367,0,0,1,Pedestrian
4,1870.0,867.0,1925.0,913.0,2368,0,0,1,Pedestrian
4,1870.0,867.0,1925.0,913.0,2369,0,0,1,Pedestrian
4,1870.0,867.0,1925.0,913.0,2370,0,0,1,Pedestrian
4,1867.0,867.0,1922.0,913.0,2371,0,0,1,Pedestrian
4,1867.0,867.0,1922.0,913.0,2372,0,0,1,Pedestrian
4,1867.0,867.0,1922.0,913.0,2373,0,0,1,Pedestrian
4,1867.0,869.0,1922.0,915.0,2374,0,0,0,Pedestrian
4,1864.0,869.0,1919.0,915.0,2375,0,0,1,Pedestrian
4,1864.0,869.0,1919.0,915.0,2376,0,0,1,Pedestrian
4,1861.0,869.0,1916.0,915.0,2377,0,0,1,Pedestrian
4,1861.0,869.0,1916.0,915.0,2378,0,0,1,Pedestrian
4,1859.0,869.0,1914.0,915.0,2379,0,0,1,Pedestrian
4,1859.0,869.0,1914.0,915.0,2380,0,0,1,Pedestrian
4,1859.0,869.0,1914.0,915.0,2381,0,0,1,Pedestrian
4,1856.0,869.0,1911.0,915.0,2382,0,0,1,Pedestrian
4,1856.0,869.0,1911.0,915.0,2383,0,0,1,Pedestrian
4,1853.0,869.0,1908.0,915.0,2384,0,0,1,Pedestrian
4,1853.0,869.0,1908.0,915.0,2385,0,0,1,Pedestrian
4,1850.0,869.0,1905.0,915.0,2386,0,0,1,Pedestrian
4,1850.0,869.0,1905.0,915.0,2387,0,0,1,Pedestrian
4,1850.0,869.0,1905.0,915.0,2388,0,0,1,Pedestrian
4,1848.0,869.0,1903.0,915.0,2389,0,0,1,Pedestrian
4,1848.0,869.0,1903.0,915.0,2390,0,0,1,Pedestrian
4,1845.0,869.0,1900.0,915.0,2391,0,0,1,Pedestrian
4,1845.0,869.0,1900.0,915.0,2392,0,0,1,Pedestrian
4,1845.0,869.0,1900.0,915.0,2393,0,0,1,Pedestrian
4,1842.0,869.0,1897.0,915.0,2394,0,0,1,Pedestrian
4,1842.0,869.0,1897.0,915.0,2395,0,0,1,Pedestrian
4,1839.0,869.0,1894.0,915.0,2396,0,0,1,Pedestrian
4,1839.0,869.0,1894.0,915.0,2397,0,0,1,Pedestrian
4,1837.0,869.0,1892.0,915.0,2398,0,0,1,Pedestrian
4,1837.0,869.0,1892.0,915.0,2399,0,0,1,Pedestrian
4,1837.0,869.0,1892.0,915.0,2400,0,0,1,Pedestrian
4,1834.0,869.0,1889.0,915.0,2401,0,0,1,Pedestrian
4,1834.0,869.0,1889.0,915.0,2402,0,0,1,Pedestrian
4,1831.0,869.0,1886.0,915.0,2403,0,0,1,Pedestrian
4,1831.0,869.0,1886.0,915.0,2404,0,0,1,Pedestrian
4,1828.0,869.0,1883.0,915.0,2405,0,0,1,Pedestrian
4,1828.0,869.0,1883.0,915.0,2406,0,0,1,Pedestrian
4,1828.0,869.0,1883.0,915.0,2407,0,0,1,Pedestrian
4,1826.0,869.0,1881.0,915.0,2408,0,0,1,Pedestrian
4,1826.0,869.0,1881.0,915.0,2409,0,0,1,Pedestrian
4,1823.0,869.0,1878.0,915.0,2410,0,0,1,Pedestrian
4,1823.0,869.0,1878.0,915.0,2411,0,0,1,Pedestrian
4,1823.0,869.0,1878.0,915.0,2412,0,0,1,Pedestrian
4,1820.0,869.0,1875.0,915.0,2413,0,0,1,Pedestrian
4,1820.0,869.0,1875.0,915.0,2414,0,0,1,Pedestrian
4,1817.0,869.0,1872.0,915.0,2415,0,0,1,Pedestrian
4,1817.0,869.0,1872.0,915.0,2416,0,0,1,Pedestrian
4,1815.0,869.0,1870.0,915.0,2417,0,0,1,Pedestrian
4,1815.0,869.0,1870.0,915.0,2418,0,0,1,Pedestrian
4,1815.0,869.0,1870.0,915.0,2419,0,0,1,Pedestrian
4,1812.0,869.0,1867.0,915.0,2420,0,0,1,Pedestrian
4,1812.0,869.0,1867.0,915.0,2421,0,0,1,Pedestrian
4,1809.0,869.0,1864.0,915.0,2422,0,0,1,Pedestrian
4,1809.0,869.0,1864.0,915.0,2423,0,0,1,Pedestrian
4,1809.0,869.0,1864.0,915.0,2424,0,0,0,Pedestrian
4,1806.0,869.0,1861.0,915.0,2425,0,0,1,Pedestrian
4,1806.0,869.0,1861.0,915.0,2426,0,0,1,Pedestrian
4,1806.0,869.0,1861.0,915.0,2427,0,0,1,Pedestrian
4,1806.0,869.0,1861.0,915.0,2428,0,0,1,Pedestrian
4,1804.0,869.0,1859.0,915.0,2429,0,0,1,Pedestrian
4,1804.0,869.0,1859.0,915.0,2430,0,0,1,Pedestrian
4,1804.0,869.0,1859.0,915.0,2431,0,0,1,Pedestrian
4,1804.0,869.0,1859.0,915.0,2432,0,0,1,Pedestrian
4,1801.0,869.0,1856.0,915.0,2433,0,0,1,Pedestrian
4,1801.0,872.0,1856.0,917.0,2434,0,0,1,Pedestrian
4,1801.0,872.0,1856.0,917.0,2435,0,0,1,Pedestrian
4,1801.0,872.0,1856.0,917.0,2436,0,0,1,Pedestrian
4,1798.0,872.0,1853.0,917.0,2437,0,0,1,Pedestrian
4,1798.0,872.0,1853.0,917.0,2438,0,0,1,Pedestrian
4,1798.0,872.0,1853.0,917.0,2439,0,0,1,Pedestrian
4,1798.0,872.0,1853.0,917.0,2440,0,0,1,Pedestrian
4,1795.0,872.0,1850.0,917.0,2441,0,0,1,Pedestrian
4,1795.0,872.0,1850.0,917.0,2442,0,0,1,Pedestrian
4,1795.0,872.0,1850.0,917.0,2443,0,0,1,Pedestrian
4,1795.0,874.0,1850.0,919.0,2444,0,0,1,Pedestrian
4,1793.0,874.0,1848.0,919.0,2445,0,0,1,Pedestrian
4,1793.0,874.0,1848.0,919.0,2446,0,0,1,Pedestrian
4,1793.0,874.0,1848.0,919.0,2447,0,0,1,Pedestrian
4,1793.0,874.0,1848.0,919.0,2448,0,0,1,Pedestrian
4,1793.0,874.0,1848.0,919.0,2449,0,0,1,Pedestrian
4,1790.0,874.0,1845.0,919.0,2450,0,0,1,Pedestrian
4,1790.0,874.0,1845.0,919.0,2451,0,0,1,Pedestrian
4,1790.0,874.0,1845.0,919.0,2452,0,0,1,Pedestrian
4,1790.0,874.0,1845.0,919.0,2453,0,0,1,Pedestrian
4,1787.0,876.0,1842.0,922.0,2454,0,0,1,Pedestrian
4,1787.0,876.0,1842.0,922.0,2455,0,0,1,Pedestrian
4,1787.0,876.0,1842.0,922.0,2456,0,0,1,Pedestrian
4,1787.0,876.0,1842.0,922.0,2457,0,0,1,Pedestrian
4,1784.0,876.0,1839.0,922.0,2458,0,0,1,Pedestrian
4,1784.0,876.0,1839.0,922.0,2459,0,0,1,Pedestrian
4,1784.0,876.0,1839.0,922.0,2460,0,0,1,Pedestrian
4,1784.0,876.0,1839.0,922.0,2461,0,0,1,Pedestrian
4,1782.0,876.0,1837.0,922.0,2462,0,0,1,Pedestrian
4,1782.0,876.0,1837.0,922.0,2463,0,0,1,Pedestrian
4,1782.0,878.0,1837.0,924.0,2464,0,0,1,Pedestrian
4,1782.0,878.0,1837.0,924.0,2465,0,0,1,Pedestrian
4,1779.0,878.0,1834.0,924.0,2466,0,0,1,Pedestrian
4,1779.0,878.0,1834.0,924.0,2467,0,0,1,Pedestrian
4,1779.0,878.0,1834.0,924.0,2468,0,0,1,Pedestrian
4,1779.0,878.0,1834.0,924.0,2469,0,0,1,Pedestrian
4,1776.0,878.0,1831.0,924.0,2470,0,0,1,Pedestrian
4,1776.0,878.0,1831.0,924.0,2471,0,0,1,Pedestrian
4,1776.0,878.0,1831.0,924.0,2472,0,0,1,Pedestrian
4,1776.0,878.0,1831.0,924.0,2473,0,0,1,Pedestrian
4,1776.0,881.0,1831.0,926.0,2474,0,0,0,Pedestrian
4,1776.0,881.0,1831.0,926.0,2475,0,0,1,Pedestrian
4,1776.0,881.0,1831.0,926.0,2476,0,0,1,Pedestrian
4,1776.0,881.0,1831.0,926.0,2477,0,0,1,Pedestrian
4,1776.0,881.0,1831.0,926.0,2478,0,0,1,Pedestrian
4,1776.0,881.0,1831.0,926.0,2479,0,0,1,Pedestrian
4,1776.0,881.0,1831.0,926.0,2480,0,0,1,Pedestrian
4,1776.0,881.0,1831.0,926.0,2481,0,0,1,Pedestrian
4,1776.0,881.0,1831.0,926.0,2482,0,0,1,Pedestrian
4,1776.0,881.0,1831.0,926.0,2483,0,0,1,Pedestrian
4,1776.0,881.0,1831.0,926.0,2484,0,0,1,Pedestrian
4,1776.0,881.0,1831.0,926.0,2485,0,0,1,Pedestrian
4,1776.0,881.0,1831.0,926.0,2486,0,0,1,Pedestrian
4,1776.0,881.0,1831.0,926.0,2487,0,0,1,Pedestrian
4,1776.0,881.0,1831.0,926.0,2488,0,0,1,Pedestrian
4,1776.0,881.0,1831.0,926.0,2489,0,0,1,Pedestrian
4,1776.0,881.0,1831.0,926.0,2490,0,0,1,Pedestrian
4,1776.0,881.0,1831.0,926.0,2491,0,0,1,Pedestrian
4,1776.0,881.0,1831.0,926.0,2492,0,0,1,Pedestrian
4,1776.0,881.0,1831.0,926.0,2493,0,0,1,Pedestrian
4,1776.0,881.0,1831.0,926.0,2494,0,0,1,Pedestrian
4,1776.0,881.0,1831.0,926.0,2495,0,0,1,Pedestrian
4,1776.0,881.0,1831.0,926.0,2496,0,0,1,Pedestrian
4,1776.0,881.0,1831.0,926.0,2497,0,0,1,Pedestrian
4,1776.0,881.0,1831.0,926.0,2498,0,0,1,Pedestrian
4,1776.0,881.0,1831.0,926.0,2499,0,0,1,Pedestrian
4,1776.0,881.0,1831.0,926.0,2500,0,0,0,Pedestrian
4,1776.0,881.0,1831.0,926.0,2501,0,0,1,Pedestrian
4,1776.0,881.0,1831.0,926.0,2502,0,0,1,Pedestrian
4,1776.0,881.0,1831.0,926.0,2503,0,0,1,Pedestrian
4,1776.0,881.0,1831.0,926.0,2504,0,0,1,Pedestrian
4,1776.0,881.0,1831.0,926.0,2505,0,0,1,Pedestrian
4,1776.0,881.0,1831.0,926.0,2506,0,0,1,Pedestrian
4,1776.0,881.0,1831.0,926.0,2507,0,0,1,Pedestrian
4,1776.0,881.0,1831.0,926.0,2508,0,0,1,Pedestrian
4,1776.0,881.0,1831.0,926.0,2509,0,0,1,Pedestrian
4,1776.0,881.0,1831.0,926.0,2510,0,0,1,Pedestrian
4,1776.0,881.0,1831.0,926.0,2511,0,0,1,Pedestrian
4,1776.0,881.0,1831.0,926.0,2512,0,0,1,Pedestrian
4,1776.0,881.0,1831.0,926.0,2513,0,0,1,Pedestrian
4,1776.0,881.0,1831.0,926.0,2514,0,0,1,Pedestrian
4,1776.0,881.0,1831.0,926.0,2515,0,0,1,Pedestrian
4,1776.0,881.0,1831.0,926.0,2516,0,0,1,Pedestrian
4,1776.0,881.0,1831.0,926.0,2517,0,0,1,Pedestrian
4,1776.0,881.0,1831.0,926.0,2518,0,0,1,Pedestrian
4,1776.0,881.0,1831.0,926.0,2519,0,0,1,Pedestrian
4,1776.0,881.0,1831.0,926.0,2520,0,0,1,Pedestrian
4,1776.0,881.0,1831.0,926.0,2521,0,0,1,Pedestrian
4,1776.0,881.0,1831.0,926.0,2522,0,0,1,Pedestrian
4,1776.0,881.0,1831.0,926.0,2523,0,0,1,Pedestrian
4,1776.0,881.0,1831.0,926.0,2524,0,0,1,Pedestrian
4,1776.0,881.0,1831.0,926.0,2525,0,0,1,Pedestrian
4,1776.0,881.0,1831.0,926.0,2526,0,0,1,Pedestrian
4,1776.0,881.0,1831.0,926.0,2527,0,0,1,Pedestrian
4,1776.0,881.0,1831.0,926.0,2528,0,0,1,Pedestrian
4,1776.0,881.0,1831.0,926.0,2529,0,0,1,Pedestrian
4,1776.0,881.0,1831.0,926.0,2530,0,0,1,Pedestrian
4,1776.0,881.0,1831.0,926.0,2531,0,0,1,Pedestrian
4,1776.0,881.0,1831.0,926.0,2532,0,0,1,Pedestrian
4,1776.0,881.0,1831.0,926.0,2533,0,0,1,Pedestrian
4,1776.0,881.0,1831.0,926.0,2534,0,0,1,Pedestrian
4,1776.0,881.0,1831.0,926.0,2535,0,0,1,Pedestrian
4,1776.0,881.0,1831.0,926.0,2536,0,0,1,Pedestrian
4,1776.0,881.0,1831.0,926.0,2537,0,0,1,Pedestrian
4,1776.0,881.0,1831.0,926.0,2538,0,0,1,Pedestrian
4,1776.0,881.0,1831.0,926.0,2539,0,0,1,Pedestrian
4,1776.0,881.0,1831.0,926.0,2540,0,0,1,Pedestrian
4,1776.0,881.0,1831.0,926.0,2541,0,0,1,Pedestrian
4,1776.0,881.0,1831.0,926.0,2542,0,0,1,Pedestrian
4,1776.0,881.0,1831.0,926.0,2543,0,0,1,Pedestrian
4,1776.0,881.0,1831.0,926.0,2544,0,0,1,Pedestrian
4,1776.0,881.0,1831.0,926.0,2545,0,0,1,Pedestrian
4,1776.0,881.0,1831.0,926.0,2546,0,0,1,Pedestrian
4,1776.0,881.0,1831.0,926.0,2547,0,0,1,Pedestrian
4,1776.0,881.0,1831.0,926.0,2548,0,0,1,Pedestrian
4,1776.0,881.0,1831.0,926.0,2549,0,0,1,Pedestrian
4,1776.0,881.0,1831.0,929.0,2550,0,0,1,Pedestrian
4,1776.0,881.0,1831.0,929.0,2551,0,0,1,Pedestrian
4,1776.0,881.0,1831.0,929.0,2552,0,0,1,Pedestrian
4,1776.0,881.0,1831.0,929.0,2553,0,0,1,Pedestrian
4,1776.0,881.0,1831.0,929.0,2554,0,0,1,Pedestrian
4,1776.0,881.0,1831.0,929.0,2555,0,0,1,Pedestrian
4,1776.0,883.0,1831.0,929.0,2556,0,0,1,Pedestrian
4,1776.0,883.0,1831.0,929.0,2557,0,0,1,Pedestrian
4,1776.0,883.0,1831.0,929.0,2558,0,0,1,Pedestrian
4,1776.0,883.0,1831.0,929.0,2559,0,0,1,Pedestrian
4,1776.0,883.0,1831.0,929.0,2560,0,0,1,Pedestrian
4,1776.0,883.0,1831.0,929.0,2561,0,0,1,Pedestrian
4,1776.0,883.0,1831.0,929.0,2562,0,0,1,Pedestrian
4,1776.0,883.0,1831.0,929.0,2563,0,0,1,Pedestrian
4,1776.0,883.0,1831.0,929.0,2564,0,0,1,Pedestrian
4,1776.0,883.0,1831.0,929.0,2565,0,0,1,Pedestrian
4,1776.0,883.0,1831.0,929.0,2566,0,0,1,Pedestrian
4,1776.0,883.0,1831.0,929.0,2567,0,0,1,Pedestrian
4,1776.0,883.0,1831.0,929.0,2568,0,0,1,Pedestrian
4,1776.0,883.0,1831.0,929.0,2569,0,0,1,Pedestrian
4,1776.0,883.0,1831.0,929.0,2570,0,0,1,Pedestrian
4,1776.0,883.0,1831.0,929.0,2571,0,0,1,Pedestrian
4,1776.0,883.0,1831.0,929.0,2572,0,0,1,Pedestrian
4,1776.0,883.0,1831.0,929.0,2573,0,0,1,Pedestrian
4,1776.0,883.0,1831.0,929.0,2574,0,0,1,Pedestrian
4,1776.0,883.0,1831.0,929.0,2575,0,0,1,Pedestrian
4,1776.0,883.0,1831.0,929.0,2576,0,0,1,Pedestrian
4,1776.0,883.0,1831.0,929.0,2577,0,0,1,Pedestrian
4,1776.0,883.0,1831.0,929.0,2578,0,0,1,Pedestrian
4,1776.0,883.0,1831.0,929.0,2579,0,0,1,Pedestrian
4,1776.0,883.0,1831.0,929.0,2580,0,0,1,Pedestrian
4,1776.0,883.0,1831.0,929.0,2581,0,0,1,Pedestrian
4,1776.0,883.0,1831.0,929.0,2582,0,0,1,Pedestrian
4,1776.0,883.0,1831.0,929.0,2583,0,0,1,Pedestrian
4,1776.0,883.0,1831.0,929.0,2584,0,0,1,Pedestrian
4,1776.0,883.0,1831.0,929.0,2585,0,0,1,Pedestrian
4,1776.0,883.0,1831.0,929.0,2586,0,0,1,Pedestrian
4,1776.0,883.0,1831.0,929.0,2587,0,0,1,Pedestrian
4,1776.0,883.0,1831.0,929.0,2588,0,0,1,Pedestrian
4,1776.0,883.0,1831.0,929.0,2589,0,0,1,Pedestrian
4,1776.0,883.0,1831.0,929.0,2590,0,0,1,Pedestrian
4,1776.0,883.0,1831.0,929.0,2591,0,0,1,Pedestrian
4,1776.0,883.0,1831.0,929.0,2592,0,0,1,Pedestrian
4,1776.0,883.0,1831.0,929.0,2593,0,0,1,Pedestrian
4,1776.0,883.0,1831.0,929.0,2594,0,0,1,Pedestrian
4,1776.0,883.0,1831.0,929.0,2595,0,0,1,Pedestrian
4,1776.0,883.0,1831.0,929.0,2596,0,0,1,Pedestrian
4,1776.0,883.0,1831.0,929.0,2597,0,0,1,Pedestrian
4,1776.0,883.0,1831.0,929.0,2598,0,0,1,Pedestrian
4,1776.0,883.0,1831.0,929.0,2599,0,0,1,Pedestrian
4,1776.0,883.0,1831.0,931.0,2600,0,0,1,Pedestrian
4,1776.0,883.0,1831.0,931.0,2601,0,0,1,Pedestrian
4,1776.0,883.0,1831.0,931.0,2602,0,0,1,Pedestrian
4,1776.0,883.0,1831.0,931.0,2603,0,0,1,Pedestrian
4,1776.0,883.0,1831.0,931.0,2604,0,0,1,Pedestrian
4,1776.0,883.0,1831.0,931.0,2605,0,0,1,Pedestrian
4,1776.0,883.0,1831.0,931.0,2606,0,0,1,Pedestrian
4,1776.0,883.0,1831.0,931.0,2607,0,0,1,Pedestrian
4,1776.0,883.0,1831.0,931.0,2608,0,0,1,Pedestrian
4,1776.0,883.0,1831.0,931.0,2609,0,0,1,Pedestrian
4,1776.0,883.0,1831.0,931.0,2610,0,0,1,Pedestrian
4,1776.0,883.0,1831.0,931.0,2611,0,0,1,Pedestrian
4,1776.0,885.0,1831.0,931.0,2612,0,0,1,Pedestrian
4,1776.0,885.0,1831.0,931.0,2613,0,0,1,Pedestrian
4,1776.0,885.0,1831.0,931.0,2614,0,0,1,Pedestrian
4,1776.0,885.0,1831.0,931.0,2615,0,0,1,Pedestrian
4,1776.0,885.0,1831.0,931.0,2616,0,0,1,Pedestrian
4,1776.0,885.0,1831.0,931.0,2617,0,0,1,Pedestrian
4,1776.0,885.0,1831.0,931.0,2618,0,0,1,Pedestrian
4,1776.0,885.0,1831.0,931.0,2619,0,0,1,Pedestrian
4,1776.0,885.0,1831.0,931.0,2620,0,0,1,Pedestrian
4,1776.0,885.0,1831.0,931.0,2621,0,0,1,Pedestrian
4,1776.0,885.0,1831.0,931.0,2622,0,0,1,Pedestrian
4,1776.0,885.0,1831.0,931.0,2623,0,0,1,Pedestrian
4,1776.0,885.0,1831.0,931.0,2624,0,0,1,Pedestrian
4,1776.0,885.0,1831.0,931.0,2625,0,0,1,Pedestrian
4,1776.0,885.0,1831.0,931.0,2626,0,0,1,Pedestrian
4,1776.0,885.0,1831.0,931.0,2627,0,0,1,Pedestrian
4,1776.0,885.0,1831.0,931.0,2628,0,0,1,Pedestrian
4,1776.0,885.0,1831.0,931.0,2629,0,0,1,Pedestrian
4,1776.0,885.0,1831.0,931.0,2630,0,0,1,Pedestrian
4,1776.0,885.0,1831.0,931.0,2631,0,0,1,Pedestrian
4,1776.0,885.0,1831.0,931.0,2632,0,0,1,Pedestrian
4,1776.0,885.0,1831.0,931.0,2633,0,0,1,Pedestrian
4,1776.0,885.0,1831.0,931.0,2634,0,0,1,Pedestrian
4,1776.0,885.0,1831.0,931.0,2635,0,0,1,Pedestrian
4,1776.0,885.0,1831.0,931.0,2636,0,0,1,Pedestrian
4,1776.0,885.0,1831.0,931.0,2637,0,0,1,Pedestrian
4,1776.0,885.0,1831.0,931.0,2638,0,0,1,Pedestrian
4,1776.0,885.0,1831.0,931.0,2639,0,0,1,Pedestrian
4,1776.0,885.0,1831.0,931.0,2640,0,0,1,Pedestrian
4,1776.0,885.0,1831.0,931.0,2641,0,0,1,Pedestrian
4,1776.0,885.0,1831.0,931.0,2642,0,0,1,Pedestrian
4,1776.0,885.0,1831.0,931.0,2643,0,0,1,Pedestrian
4,1776.0,885.0,1831.0,931.0,2644,0,0,1,Pedestrian
4,1776.0,885.0,1831.0,931.0,2645,0,0,1,Pedestrian
4,1776.0,885.0,1831.0,931.0,2646,0,0,1,Pedestrian
4,1776.0,885.0,1831.0,931.0,2647,0,0,1,Pedestrian
4,1776.0,885.0,1831.0,931.0,2648,0,0,1,Pedestrian
4,1776.0,885.0,1831.0,931.0,2649,0,0,1,Pedestrian
4,1776.0,885.0,1831.0,933.0,2650,0,0,1,Pedestrian
4,1776.0,885.0,1831.0,933.0,2651,0,0,1,Pedestrian
4,1776.0,885.0,1831.0,933.0,2652,0,0,1,Pedestrian
4,1776.0,885.0,1831.0,933.0,2653,0,0,1,Pedestrian
4,1776.0,885.0,1831.0,933.0,2654,0,0,1,Pedestrian
4,1776.0,885.0,1831.0,933.0,2655,0,0,1,Pedestrian
4,1776.0,885.0,1831.0,933.0,2656,0,0,1,Pedestrian
4,1776.0,885.0,1831.0,933.0,2657,0,0,1,Pedestrian
4,1776.0,885.0,1831.0,933.0,2658,0,0,1,Pedestrian
4,1776.0,885.0,1831.0,933.0,2659,0,0,1,Pedestrian
4,1776.0,885.0,1831.0,933.0,2660,0,0,1,Pedestrian
4,1776.0,885.0,1831.0,933.0,2661,0,0,1,Pedestrian
4,1776.0,885.0,1831.0,933.0,2662,0,0,1,Pedestrian
4,1776.0,885.0,1831.0,933.0,2663,0,0,1,Pedestrian
4,1776.0,885.0,1831.0,933.0,2664,0,0,1,Pedestrian
4,1776.0,885.0,1831.0,933.0,2665,0,0,1,Pedestrian
4,1776.0,885.0,1831.0,933.0,2666,0,0,1,Pedestrian
4,1776.0,888.0,1831.0,933.0,2667,0,0,1,Pedestrian
4,1776.0,888.0,1831.0,933.0,2668,0,0,1,Pedestrian
4,1776.0,888.0,1831.0,933.0,2669,0,0,1,Pedestrian
4,1776.0,888.0,1831.0,933.0,2670,0,0,1,Pedestrian
4,1776.0,888.0,1831.0,933.0,2671,0,0,1,Pedestrian
4,1776.0,888.0,1831.0,933.0,2672,0,0,1,Pedestrian
4,1776.0,888.0,1831.0,933.0,2673,0,0,1,Pedestrian
4,1776.0,888.0,1831.0,933.0,2674,0,0,1,Pedestrian
4,1776.0,888.0,1831.0,933.0,2675,0,0,1,Pedestrian
4,1776.0,888.0,1831.0,933.0,2676,0,0,1,Pedestrian
4,1776.0,888.0,1831.0,933.0,2677,0,0,1,Pedestrian
4,1776.0,888.0,1831.0,933.0,2678,0,0,1,Pedestrian
4,1776.0,888.0,1831.0,933.0,2679,0,0,1,Pedestrian
4,1776.0,888.0,1831.0,933.0,2680,0,0,1,Pedestrian
4,1776.0,888.0,1831.0,933.0,2681,0,0,1,Pedestrian
4,1776.0,888.0,1831.0,933.0,2682,0,0,1,Pedestrian
4,1776.0,888.0,1831.0,933.0,2683,0,0,1,Pedestrian
4,1776.0,888.0,1831.0,933.0,2684,0,0,1,Pedestrian
4,1776.0,888.0,1831.0,933.0,2685,0,0,1,Pedestrian
4,1776.0,888.0,1831.0,933.0,2686,0,0,1,Pedestrian
4,1776.0,888.0,1831.0,933.0,2687,0,0,1,Pedestrian
4,1776.0,888.0,1831.0,933.0,2688,0,0,1,Pedestrian
4,1776.0,888.0,1831.0,933.0,2689,0,0,1,Pedestrian
4,1776.0,888.0,1831.0,933.0,2690,0,0,1,Pedestrian
4,1776.0,888.0,1831.0,933.0,2691,0,0,1,Pedestrian
4,1776.0,888.0,1831.0,933.0,2692,0,0,1,Pedestrian
4,1776.0,888.0,1831.0,933.0,2693,0,0,1,Pedestrian
4,1776.0,888.0,1831.0,933.0,2694,0,0,1,Pedestrian
4,1776.0,888.0,1831.0,933.0,2695,0,0,1,Pedestrian
4,1776.0,888.0,1831.0,933.0,2696,0,0,1,Pedestrian
4,1776.0,888.0,1831.0,933.0,2697,0,0,1,Pedestrian
4,1776.0,888.0,1831.0,933.0,2698,0,0,1,Pedestrian
4,1776.0,888.0,1831.0,933.0,2699,0,0,1,Pedestrian
4,1776.0,888.0,1831.0,935.0,2700,0,0,1,Pedestrian
4,1776.0,888.0,1831.0,935.0,2701,0,0,1,Pedestrian
4,1776.0,888.0,1831.0,935.0,2702,0,0,1,Pedestrian
4,1776.0,888.0,1831.0,935.0,2703,0,0,1,Pedestrian
4,1776.0,888.0,1831.0,935.0,2704,0,0,1,Pedestrian
4,1776.0,888.0,1831.0,935.0,2705,0,0,1,Pedestrian
4,1776.0,888.0,1831.0,935.0,2706,0,0,1,Pedestrian
4,1776.0,888.0,1831.0,935.0,2707,0,0,1,Pedestrian
4,1776.0,888.0,1831.0,935.0,2708,0,0,1,Pedestrian
4,1776.0,888.0,1831.0,935.0,2709,0,0,1,Pedestrian
4,1776.0,888.0,1831.0,935.0,2710,0,0,1,Pedestrian
4,1776.0,888.0,1831.0,935.0,2711,0,0,1,Pedestrian
4,1776.0,888.0,1831.0,935.0,2712,0,0,1,Pedestrian
4,1776.0,888.0,1831.0,935.0,2713,0,0,1,Pedestrian
4,1776.0,888.0,1831.0,935.0,2714,0,0,1,Pedestrian
4,1776.0,888.0,1831.0,935.0,2715,0,0,1,Pedestrian
4,1776.0,888.0,1831.0,935.0,2716,0,0,1,Pedestrian
4,1776.0,888.0,1831.0,935.0,2717,0,0,1,Pedestrian
4,1776.0,888.0,1831.0,935.0,2718,0,0,1,Pedestrian
4,1776.0,888.0,1831.0,935.0,2719,0,0,1,Pedestrian
4,1776.0,888.0,1831.0,935.0,2720,0,0,1,Pedestrian
4,1776.0,888.0,1831.0,935.0,2721,0,0,1,Pedestrian
4,1776.0,888.0,1831.0,935.0,2722,0,0,1,Pedestrian
4,1776.0,890.0,1831.0,935.0,2723,0,0,1,Pedestrian
4,1776.0,890.0,1831.0,935.0,2724,0,0,1,Pedestrian
4,1776.0,890.0,1831.0,935.0,2725,0,0,1,Pedestrian
4,1776.0,890.0,1831.0,935.0,2726,0,0,1,Pedestrian
4,1776.0,890.0,1831.0,935.0,2727,0,0,1,Pedestrian
4,1776.0,890.0,1831.0,935.0,2728,0,0,1,Pedestrian
4,1776.0,890.0,1831.0,935.0,2729,0,0,1,Pedestrian
4,1776.0,890.0,1831.0,935.0,2730,0,0,1,Pedestrian
4,1776.0,890.0,1831.0,935.0,2731,0,0,1,Pedestrian
4,1776.0,890.0,1831.0,935.0,2732,0,0,1,Pedestrian
4,1776.0,890.0,1831.0,935.0,2733,0,0,1,Pedestrian
4,1776.0,890.0,1831.0,935.0,2734,0,0,1,Pedestrian
4,1776.0,890.0,1831.0,935.0,2735,0,0,1,Pedestrian
4,1776.0,890.0,1831.0,935.0,2736,0,0,1,Pedestrian
4,1776.0,890.0,1831.0,935.0,2737,0,0,1,Pedestrian
4,1776.0,890.0,1831.0,935.0,2738,0,0,1,Pedestrian
4,1776.0,890.0,1831.0,935.0,2739,0,0,1,Pedestrian
4,1776.0,890.0,1831.0,935.0,2740,0,0,1,Pedestrian
4,1776.0,890.0,1831.0,935.0,2741,0,0,1,Pedestrian
4,1776.0,890.0,1831.0,935.0,2742,0,0,1,Pedestrian
4,1776.0,890.0,1831.0,935.0,2743,0,0,1,Pedestrian
4,1776.0,890.0,1831.0,935.0,2744,0,0,1,Pedestrian
4,1776.0,890.0,1831.0,935.0,2745,0,0,1,Pedestrian
4,1776.0,890.0,1831.0,935.0,2746,0,0,1,Pedestrian
4,1776.0,890.0,1831.0,935.0,2747,0,0,1,Pedestrian
4,1776.0,890.0,1831.0,935.0,2748,0,0,1,Pedestrian
4,1776.0,890.0,1831.0,935.0,2749,0,0,1,Pedestrian
4,1776.0,890.0,1831.0,938.0,2750,0,0,1,Pedestrian
4,1776.0,890.0,1831.0,938.0,2751,0,0,1,Pedestrian
4,1776.0,890.0,1831.0,938.0,2752,0,0,1,Pedestrian
4,1776.0,890.0,1831.0,938.0,2753,0,0,1,Pedestrian
4,1776.0,890.0,1831.0,938.0,2754,0,0,1,Pedestrian
4,1776.0,890.0,1831.0,938.0,2755,0,0,1,Pedestrian
4,1776.0,890.0,1831.0,938.0,2756,0,0,1,Pedestrian
4,1776.0,890.0,1831.0,938.0,2757,0,0,1,Pedestrian
4,1776.0,890.0,1831.0,938.0,2758,0,0,1,Pedestrian
4,1776.0,890.0,1831.0,938.0,2759,0,0,1,Pedestrian
4,1776.0,890.0,1831.0,938.0,2760,0,0,1,Pedestrian
4,1776.0,890.0,1831.0,938.0,2761,0,0,1,Pedestrian
4,1776.0,890.0,1831.0,938.0,2762,0,0,1,Pedestrian
4,1776.0,890.0,1831.0,938.0,2763,0,0,1,Pedestrian
4,1776.0,890.0,1831.0,938.0,2764,0,0,1,Pedestrian
4,1776.0,890.0,1831.0,938.0,2765,0,0,1,Pedestrian
4,1776.0,890.0,1831.0,938.0,2766,0,0,1,Pedestrian
4,1776.0,890.0,1831.0,938.0,2767,0,0,1,Pedestrian
4,1776.0,890.0,1831.0,938.0,2768,0,0,1,Pedestrian
4,1776.0,890.0,1831.0,938.0,2769,0,0,1,Pedestrian
4,1776.0,890.0,1831.0,938.0,2770,0,0,1,Pedestrian
4,1776.0,890.0,1831.0,938.0,2771,0,0,1,Pedestrian
4,1776.0,890.0,1831.0,938.0,2772,0,0,1,Pedestrian
4,1776.0,890.0,1831.0,938.0,2773,0,0,1,Pedestrian
4,1776.0,890.0,1831.0,938.0,2774,0,0,1,Pedestrian
4,1776.0,890.0,1831.0,938.0,2775,0,0,1,Pedestrian
4,1776.0,890.0,1831.0,938.0,2776,0,0,1,Pedestrian
4,1776.0,890.0,1831.0,938.0,2777,0,0,1,Pedestrian
4,1776.0,892.0,1831.0,938.0,2778,0,0,1,Pedestrian
4,1776.0,892.0,1831.0,938.0,2779,0,0,1,Pedestrian
4,1776.0,892.0,1831.0,938.0,2780,0,0,1,Pedestrian
4,1776.0,892.0,1831.0,938.0,2781,0,0,1,Pedestrian
4,1776.0,892.0,1831.0,938.0,2782,0,0,1,Pedestrian
4,1776.0,892.0,1831.0,938.0,2783,0,0,1,Pedestrian
4,1776.0,892.0,1831.0,938.0,2784,0,0,1,Pedestrian
4,1776.0,892.0,1831.0,938.0,2785,0,0,1,Pedestrian
4,1776.0,892.0,1831.0,938.0,2786,0,0,1,Pedestrian
4,1776.0,892.0,1831.0,938.0,2787,0,0,1,Pedestrian
4,1776.0,892.0,1831.0,938.0,2788,0,0,1,Pedestrian
4,1776.0,892.0,1831.0,938.0,2789,0,0,1,Pedestrian
4,1776.0,892.0,1831.0,938.0,2790,0,0,1,Pedestrian
4,1776.0,892.0,1831.0,938.0,2791,0,0,1,Pedestrian
4,1776.0,892.0,1831.0,938.0,2792,0,0,1,Pedestrian
4,1776.0,892.0,1831.0,938.0,2793,0,0,1,Pedestrian
4,1776.0,892.0,1831.0,938.0,2794,0,0,1,Pedestrian
4,1776.0,892.0,1831.0,938.0,2795,0,0,1,Pedestrian
4,1776.0,892.0,1831.0,938.0,2796,0,0,1,Pedestrian
4,1776.0,892.0,1831.0,938.0,2797,0,0,1,Pedestrian
4,1776.0,892.0,1831.0,938.0,2798,0,0,1,Pedestrian
4,1776.0,892.0,1831.0,938.0,2799,0,0,1,Pedestrian
4,1776.0,892.0,1831.0,940.0,2800,0,0,1,Pedestrian
4,1776.0,892.0,1831.0,940.0,2801,0,0,1,Pedestrian
4,1776.0,892.0,1831.0,940.0,2802,0,0,1,Pedestrian
4,1776.0,892.0,1831.0,940.0,2803,0,0,1,Pedestrian
4,1776.0,892.0,1831.0,940.0,2804,0,0,1,Pedestrian
4,1776.0,892.0,1831.0,940.0,2805,0,0,1,Pedestrian
4,1776.0,892.0,1831.0,940.0,2806,0,0,1,Pedestrian
4,1776.0,892.0,1831.0,940.0,2807,0,0,1,Pedestrian
4,1776.0,892.0,1831.0,940.0,2808,0,0,1,Pedestrian
4,1776.0,892.0,1831.0,940.0,2809,0,0,1,Pedestrian
4,1776.0,892.0,1831.0,940.0,2810,0,0,1,Pedestrian
4,1776.0,892.0,1831.0,940.0,2811,0,0,1,Pedestrian
4,1776.0,892.0,1831.0,940.0,2812,0,0,1,Pedestrian
4,1776.0,892.0,1831.0,940.0,2813,0,0,1,Pedestrian
4,1776.0,892.0,1831.0,940.0,2814,0,0,1,Pedestrian
4,1776.0,892.0,1831.0,940.0,2815,0,0,1,Pedestrian
4,1776.0,892.0,1831.0,940.0,2816,0,0,1,Pedestrian
4,1776.0,892.0,1831.0,940.0,2817,0,0,1,Pedestrian
4,1776.0,892.0,1831.0,940.0,2818,0,0,1,Pedestrian
4,1776.0,892.0,1831.0,940.0,2819,0,0,1,Pedestrian
4,1776.0,892.0,1831.0,940.0,2820,0,0,1,Pedestrian
4,1776.0,892.0,1831.0,940.0,2821,0,0,1,Pedestrian
4,1776.0,892.0,1831.0,940.0,2822,0,0,1,Pedestrian
4,1776.0,892.0,1831.0,940.0,2823,0,0,1,Pedestrian
4,1776.0,892.0,1831.0,940.0,2824,0,0,1,Pedestrian
4,1776.0,892.0,1831.0,940.0,2825,0,0,1,Pedestrian
4,1776.0,892.0,1831.0,940.0,2826,0,0,1,Pedestrian
4,1776.0,892.0,1831.0,940.0,2827,0,0,1,Pedestrian
4,1776.0,892.0,1831.0,940.0,2828,0,0,1,Pedestrian
4,1776.0,892.0,1831.0,940.0,2829,0,0,1,Pedestrian
4,1776.0,892.0,1831.0,940.0,2830,0,0,1,Pedestrian
4,1776.0,892.0,1831.0,940.0,2831,0,0,1,Pedestrian
4,1776.0,892.0,1831.0,940.0,2832,0,0,1,Pedestrian
4,1776.0,892.0,1831.0,940.0,2833,0,0,1,Pedestrian
4,1776.0,894.0,1831.0,940.0,2834,0,0,1,Pedestrian
4,1776.0,894.0,1831.0,940.0,2835,0,0,1,Pedestrian
4,1776.0,894.0,1831.0,940.0,2836,0,0,1,Pedestrian
4,1776.0,894.0,1831.0,940.0,2837,0,0,1,Pedestrian
4,1776.0,894.0,1831.0,940.0,2838,0,0,1,Pedestrian
4,1776.0,894.0,1831.0,940.0,2839,0,0,1,Pedestrian
4,1776.0,894.0,1831.0,940.0,2840,0,0,1,Pedestrian
4,1776.0,894.0,1831.0,940.0,2841,0,0,1,Pedestrian
4,1776.0,894.0,1831.0,940.0,2842,0,0,1,Pedestrian
4,1776.0,894.0,1831.0,940.0,2843,0,0,1,Pedestrian
4,1776.0,894.0,1831.0,940.0,2844,0,0,1,Pedestrian
4,1776.0,894.0,1831.0,940.0,2845,0,0,1,Pedestrian
4,1776.0,894.0,1831.0,940.0,2846,0,0,1,Pedestrian
4,1776.0,894.0,1831.0,940.0,2847,0,0,1,Pedestrian
4,1776.0,894.0,1831.0,940.0,2848,0,0,1,Pedestrian
4,1776.0,894.0,1831.0,940.0,2849,0,0,1,Pedestrian
4,1776.0,894.0,1831.0,942.0,2850,0,0,1,Pedestrian
4,1776.0,894.0,1831.0,942.0,2851,0,0,1,Pedestrian
4,1776.0,894.0,1831.0,942.0,2852,0,0,1,Pedestrian
4,1776.0,894.0,1831.0,942.0,2853,0,0,1,Pedestrian
4,1776.0,894.0,1831.0,942.0,2854,0,0,1,Pedestrian
4,1776.0,894.0,1831.0,942.0,2855,0,0,1,Pedestrian
4,1776.0,894.0,1831.0,942.0,2856,0,0,1,Pedestrian
4,1776.0,894.0,1831.0,942.0,2857,0,0,1,Pedestrian
4,1776.0,894.0,1831.0,942.0,2858,0,0,1,Pedestrian
4,1776.0,894.0,1831.0,942.0,2859,0,0,1,Pedestrian
4,1776.0,894.0,1831.0,942.0,2860,0,0,1,Pedestrian
4,1776.0,894.0,1831.0,942.0,2861,0,0,1,Pedestrian
4,1776.0,894.0,1831.0,942.0,2862,0,0,1,Pedestrian
4,1776.0,894.0,1831.0,942.0,2863,0,0,1,Pedestrian
4,1776.0,894.0,1831.0,942.0,2864,0,0,1,Pedestrian
4,1776.0,894.0,1831.0,942.0,2865,0,0,1,Pedestrian
4,1776.0,894.0,1831.0,942.0,2866,0,0,1,Pedestrian
4,1776.0,894.0,1831.0,942.0,2867,0,0,1,Pedestrian
4,1776.0,894.0,1831.0,942.0,2868,0,0,1,Pedestrian
4,1776.0,894.0,1831.0,942.0,2869,0,0,1,Pedestrian
4,1776.0,894.0,1831.0,942.0,2870,0,0,1,Pedestrian
4,1776.0,894.0,1831.0,942.0,2871,0,0,1,Pedestrian
4,1776.0,894.0,1831.0,942.0,2872,0,0,1,Pedestrian
4,1776.0,894.0,1831.0,942.0,2873,0,0,1,Pedestrian
4,1776.0,894.0,1831.0,942.0,2874,0,0,1,Pedestrian
4,1776.0,894.0,1831.0,942.0,2875,0,0,1,Pedestrian
4,1776.0,894.0,1831.0,942.0,2876,0,0,1,Pedestrian
4,1776.0,894.0,1831.0,942.0,2877,0,0,1,Pedestrian
4,1776.0,894.0,1831.0,942.0,2878,0,0,1,Pedestrian
4,1776.0,894.0,1831.0,942.0,2879,0,0,1,Pedestrian
4,1776.0,894.0,1831.0,942.0,2880,0,0,1,Pedestrian
4,1776.0,894.0,1831.0,942.0,2881,0,0,1,Pedestrian
4,1776.0,894.0,1831.0,942.0,2882,0,0,1,Pedestrian
4,1776.0,894.0,1831.0,942.0,2883,0,0,1,Pedestrian
4,1776.0,894.0,1831.0,942.0,2884,0,0,1,Pedestrian
4,1776.0,894.0,1831.0,942.0,2885,0,0,1,Pedestrian
4,1776.0,894.0,1831.0,942.0,2886,0,0,1,Pedestrian
4,1776.0,894.0,1831.0,942.0,2887,0,0,1,Pedestrian
4,1776.0,894.0,1831.0,942.0,2888,0,0,1,Pedestrian
4,1776.0,897.0,1831.0,942.0,2889,0,0,1,Pedestrian
4,1776.0,897.0,1831.0,942.0,2890,0,0,1,Pedestrian
4,1776.0,897.0,1831.0,942.0,2891,0,0,1,Pedestrian
4,1776.0,897.0,1831.0,942.0,2892,0,0,1,Pedestrian
4,1776.0,897.0,1831.0,942.0,2893,0,0,1,Pedestrian
4,1776.0,897.0,1831.0,942.0,2894,0,0,1,Pedestrian
4,1776.0,897.0,1831.0,942.0,2895,0,0,1,Pedestrian
4,1776.0,897.0,1831.0,942.0,2896,0,0,1,Pedestrian
4,1776.0,897.0,1831.0,942.0,2897,0,0,1,Pedestrian
4,1776.0,897.0,1831.0,942.0,2898,0,0,1,Pedestrian
4,1776.0,897.0,1831.0,942.0,2899,0,0,1,Pedestrian
4,1776.0,897.0,1831.0,944.0,2900,0,0,1,Pedestrian
4,1776.0,897.0,1831.0,944.0,2901,0,0,1,Pedestrian
4,1776.0,897.0,1831.0,944.0,2902,0,0,1,Pedestrian
4,1776.0,897.0,1831.0,944.0,2903,0,0,1,Pedestrian
4,1776.0,897.0,1831.0,944.0,2904,0,0,1,Pedestrian
4,1776.0,897.0,1831.0,944.0,2905,0,0,1,Pedestrian
4,1776.0,897.0,1831.0,944.0,2906,0,0,1,Pedestrian
4,1776.0,897.0,1831.0,944.0,2907,0,0,1,Pedestrian
4,1776.0,897.0,1831.0,944.0,2908,0,0,1,Pedestrian
4,1776.0,897.0,1831.0,944.0,2909,0,0,1,Pedestrian
4,1776.0,897.0,1831.0,944.0,2910,0,0,1,Pedestrian
4,1776.0,897.0,1831.0,944.0,2911,0,0,1,Pedestrian
4,1776.0,897.0,1831.0,944.0,2912,0,0,1,Pedestrian
4,1776.0,897.0,1831.0,944.0,2913,0,0,1,Pedestrian
4,1776.0,897.0,1831.0,944.0,2914,0,0,1,Pedestrian
4,1776.0,897.0,1831.0,944.0,2915,0,0,1,Pedestrian
4,1776.0,897.0,1831.0,944.0,2916,0,0,1,Pedestrian
4,1776.0,897.0,1831.0,944.0,2917,0,0,1,Pedestrian
4,1776.0,897.0,1831.0,944.0,2918,0,0,1,Pedestrian
4,1776.0,897.0,1831.0,944.0,2919,0,0,1,Pedestrian
4,1776.0,897.0,1831.0,944.0,2920,0,0,1,Pedestrian
4,1776.0,897.0,1831.0,944.0,2921,0,0,1,Pedestrian
4,1776.0,897.0,1831.0,944.0,2922,0,0,1,Pedestrian
4,1776.0,897.0,1831.0,944.0,2923,0,0,1,Pedestrian
4,1776.0,897.0,1831.0,944.0,2924,0,0,1,Pedestrian
4,1776.0,897.0,1831.0,944.0,2925,0,0,1,Pedestrian
4,1776.0,897.0,1831.0,944.0,2926,0,0,1,Pedestrian
4,1776.0,897.0,1831.0,944.0,2927,0,0,1,Pedestrian
4,1776.0,897.0,1831.0,944.0,2928,0,0,1,Pedestrian
4,1776.0,897.0,1831.0,944.0,2929,0,0,1,Pedestrian
4,1776.0,897.0,1831.0,944.0,2930,0,0,1,Pedestrian
4,1776.0,897.0,1831.0,944.0,2931,0,0,1,Pedestrian
4,1776.0,897.0,1831.0,944.0,2932,0,0,1,Pedestrian
4,1776.0,897.0,1831.0,944.0,2933,0,0,1,Pedestrian
4,1776.0,897.0,1831.0,944.0,2934,0,0,1,Pedestrian
4,1776.0,897.0,1831.0,944.0,2935,0,0,1,Pedestrian
4,1776.0,897.0,1831.0,944.0,2936,0,0,1,Pedestrian
4,1776.0,897.0,1831.0,944.0,2937,0,0,1,Pedestrian
4,1776.0,897.0,1831.0,944.0,2938,0,0,1,Pedestrian
4,1776.0,897.0,1831.0,944.0,2939,0,0,1,Pedestrian
4,1776.0,897.0,1831.0,944.0,2940,0,0,1,Pedestrian
4,1776.0,897.0,1831.0,944.0,2941,0,0,1,Pedestrian
4,1776.0,897.0,1831.0,944.0,2942,0,0,1,Pedestrian
4,1776.0,897.0,1831.0,944.0,2943,0,0,1,Pedestrian
4,1776.0,897.0,1831.0,944.0,2944,0,0,1,Pedestrian
4,1776.0,899.0,1831.0,944.0,2945,0,0,1,Pedestrian
4,1776.0,899.0,1831.0,944.0,2946,0,0,1,Pedestrian
4,1776.0,899.0,1831.0,944.0,2947,0,0,1,Pedestrian
4,1776.0,899.0,1831.0,944.0,2948,0,0,1,Pedestrian
4,1776.0,899.0,1831.0,944.0,2949,0,0,1,Pedestrian
4,1776.0,899.0,1831.0,947.0,2950,0,0,1,Pedestrian
4,1776.0,899.0,1831.0,947.0,2951,0,0,1,Pedestrian
4,1776.0,899.0,1831.0,947.0,2952,0,0,1,Pedestrian
4,1776.0,899.0,1831.0,947.0,2953,0,0,1,Pedestrian
4,1776.0,899.0,1831.0,947.0,2954,0,0,1,Pedestrian
4,1776.0,899.0,1831.0,947.0,2955,0,0,1,Pedestrian
4,1776.0,899.0,1831.0,947.0,2956,0,0,1,Pedestrian
4,1776.0,899.0,1831.0,947.0,2957,0,0,1,Pedestrian
4,1776.0,899.0,1831.0,947.0,2958,0,0,1,Pedestrian
4,1776.0,899.0,1831.0,947.0,2959,0,0,1,Pedestrian
4,1776.0,899.0,1831.0,947.0,2960,0,0,1,Pedestrian
4,1776.0,899.0,1831.0,947.0,2961,0,0,1,Pedestrian
4,1776.0,899.0,1831.0,947.0,2962,0,0,1,Pedestrian
4,1776.0,899.0,1831.0,947.0,2963,0,0,1,Pedestrian
4,1776.0,899.0,1831.0,947.0,2964,0,0,1,Pedestrian
4,1776.0,899.0,1831.0,947.0,2965,0,0,1,Pedestrian
4,1776.0,899.0,1831.0,947.0,2966,0,0,1,Pedestrian
4,1776.0,899.0,1831.0,947.0,2967,0,0,1,Pedestrian
4,1776.0,899.0,1831.0,947.0,2968,0,0,1,Pedestrian
4,1776.0,899.0,1831.0,947.0,2969,0,0,1,Pedestrian
4,1776.0,899.0,1831.0,947.0,2970,0,0,1,Pedestrian
4,1776.0,899.0,1831.0,947.0,2971,0,0,1,Pedestrian
4,1776.0,899.0,1831.0,947.0,2972,0,0,1,Pedestrian
4,1776.0,899.0,1831.0,947.0,2973,0,0,1,Pedestrian
4,1776.0,899.0,1831.0,947.0,2974,0,0,1,Pedestrian
4,1776.0,899.0,1831.0,947.0,2975,0,0,1,Pedestrian
4,1776.0,899.0,1831.0,947.0,2976,0,0,1,Pedestrian
4,1776.0,899.0,1831.0,947.0,2977,0,0,1,Pedestrian
4,1776.0,899.0,1831.0,947.0,2978,0,0,1,Pedestrian
4,1776.0,899.0,1831.0,947.0,2979,0,0,1,Pedestrian
4,1776.0,899.0,1831.0,947.0,2980,0,0,1,Pedestrian
4,1776.0,899.0,1831.0,947.0,2981,0,0,1,Pedestrian
4,1776.0,899.0,1831.0,947.0,2982,0,0,1,Pedestrian
4,1776.0,899.0,1831.0,947.0,2983,0,0,1,Pedestrian
4,1776.0,899.0,1831.0,947.0,2984,0,0,1,Pedestrian
4,1776.0,899.0,1831.0,947.0,2985,0,0,1,Pedestrian
4,1776.0,899.0,1831.0,947.0,2986,0,0,1,Pedestrian
4,1776.0,899.0,1831.0,947.0,2987,0,0,1,Pedestrian
4,1776.0,899.0,1831.0,947.0,2988,0,0,1,Pedestrian
4,1776.0,899.0,1831.0,947.0,2989,0,0,1,Pedestrian
4,1776.0,899.0,1831.0,947.0,2990,0,0,1,Pedestrian
4,1776.0,899.0,1831.0,947.0,2991,0,0,1,Pedestrian
4,1776.0,899.0,1831.0,947.0,2992,0,0,1,Pedestrian
4,1776.0,899.0,1831.0,947.0,2993,0,0,1,Pedestrian
4,1776.0,899.0,1831.0,947.0,2994,0,0,1,Pedestrian
4,1776.0,899.0,1831.0,947.0,2995,0,0,1,Pedestrian
4,1776.0,899.0,1831.0,947.0,2996,0,0,1,Pedestrian
4,1776.0,899.0,1831.0,947.0,2997,0,0,1,Pedestrian
4,1776.0,899.0,1831.0,947.0,2998,0,0,1,Pedestrian
4,1776.0,899.0,1831.0,947.0,2999,0,0,1,Pedestrian
4,1779.0,901.0,1831.0,949.0,3000,0,0,0,Pedestrian
4,1776.0,899.0,1828.0,947.0,3001,0,0,1,Pedestrian
4,1776.0,899.0,1828.0,947.0,3002,0,0,1,Pedestrian
4,1776.0,899.0,1828.0,947.0,3003,0,0,1,Pedestrian
4,1776.0,899.0,1828.0,947.0,3004,0,0,1,Pedestrian
4,1776.0,899.0,1828.0,947.0,3005,0,0,1,Pedestrian
4,1776.0,899.0,1828.0,947.0,3006,0,0,1,Pedestrian
4,1776.0,899.0,1828.0,947.0,3007,0,0,1,Pedestrian
4,1776.0,899.0,1828.0,947.0,3008,0,0,1,Pedestrian
4,1776.0,899.0,1828.0,947.0,3009,0,0,1,Pedestrian
4,1776.0,899.0,1828.0,947.0,3010,0,0,1,Pedestrian
4,1776.0,899.0,1828.0,947.0,3011,0,0,1,Pedestrian
4,1776.0,899.0,1828.0,947.0,3012,0,0,1,Pedestrian
4,1776.0,899.0,1828.0,947.0,3013,0,0,1,Pedestrian
4,1776.0,899.0,1828.0,947.0,3014,0,0,1,Pedestrian
4,1776.0,899.0,1828.0,947.0,3015,0,0,1,Pedestrian
4,1776.0,899.0,1828.0,947.0,3016,0,0,1,Pedestrian
4,1776.0,899.0,1828.0,947.0,3017,0,0,1,Pedestrian
4,1776.0,899.0,1828.0,947.0,3018,0,0,1,Pedestrian
4,1776.0,899.0,1828.0,947.0,3019,0,0,1,Pedestrian
4,1776.0,899.0,1828.0,947.0,3020,0,0,1,Pedestrian
4,1776.0,899.0,1828.0,947.0,3021,0,0,1,Pedestrian
4,1776.0,899.0,1828.0,947.0,3022,0,0,1,Pedestrian
4,1776.0,899.0,1828.0,947.0,3023,0,0,1,Pedestrian
4,1776.0,899.0,1828.0,947.0,3024,0,0,1,Pedestrian
4,1776.0,899.0,1828.0,947.0,3025,0,0,1,Pedestrian
4,1776.0,899.0,1828.0,947.0,3026,0,0,1,Pedestrian
4,1776.0,899.0,1828.0,947.0,3027,0,0,1,Pedestrian
4,1776.0,899.0,1828.0,947.0,3028,0,0,1,Pedestrian
4,1776.0,899.0,1828.0,947.0,3029,0,0,1,Pedestrian
4,1776.0,899.0,1828.0,947.0,3030,0,0,1,Pedestrian
4,1776.0,899.0,1828.0,947.0,3031,0,0,1,Pedestrian
4,1776.0,899.0,1828.0,947.0,3032,0,0,1,Pedestrian
4,1776.0,899.0,1828.0,947.0,3033,0,0,1,Pedestrian
4,1776.0,899.0,1828.0,947.0,3034,0,0,1,Pedestrian
4,1776.0,899.0,1828.0,947.0,3035,0,0,1,Pedestrian
4,1776.0,899.0,1828.0,947.0,3036,0,0,1,Pedestrian
4,1776.0,899.0,1828.0,947.0,3037,0,0,1,Pedestrian
4,1776.0,899.0,1828.0,947.0,3038,0,0,1,Pedestrian
4,1776.0,899.0,1828.0,947.0,3039,0,0,1,Pedestrian
4,1776.0,899.0,1828.0,947.0,3040,0,0,1,Pedestrian
4,1776.0,899.0,1828.0,947.0,3041,0,0,1,Pedestrian
4,1776.0,899.0,1828.0,947.0,3042,0,0,1,Pedestrian
4,1776.0,899.0,1828.0,947.0,3043,0,0,1,Pedestrian
4,1776.0,899.0,1828.0,947.0,3044,0,0,1,Pedestrian
4,1776.0,899.0,1828.0,947.0,3045,0,0,1,Pedestrian
4,1776.0,899.0,1828.0,947.0,3046,0,0,1,Pedestrian
4,1776.0,899.0,1828.0,947.0,3047,0,0,1,Pedestrian
4,1776.0,899.0,1828.0,947.0,3048,0,0,1,Pedestrian
4,1776.0,899.0,1828.0,947.0,3049,0,0,1,Pedestrian
4,1776.0,899.0,1828.0,947.0,3050,0,0,1,Pedestrian
4,1776.0,899.0,1828.0,947.0,3051,0,0,1,Pedestrian
4,1776.0,899.0,1828.0,947.0,3052,0,0,1,Pedestrian
4,1776.0,899.0,1828.0,947.0,3053,0,0,1,Pedestrian
4,1776.0,899.0,1828.0,947.0,3054,0,0,1,Pedestrian
4,1776.0,899.0,1828.0,947.0,3055,0,0,1,Pedestrian
4,1776.0,899.0,1828.0,947.0,3056,0,0,1,Pedestrian
4,1776.0,899.0,1828.0,947.0,3057,0,0,1,Pedestrian
4,1776.0,899.0,1828.0,947.0,3058,0,0,1,Pedestrian
4,1776.0,899.0,1828.0,947.0,3059,0,0,1,Pedestrian
4,1776.0,899.0,1828.0,947.0,3060,0,0,1,Pedestrian
4,1776.0,899.0,1828.0,947.0,3061,0,0,1,Pedestrian
4,1776.0,899.0,1828.0,947.0,3062,0,0,1,Pedestrian
4,1776.0,899.0,1828.0,947.0,3063,0,0,1,Pedestrian
4,1776.0,899.0,1828.0,947.0,3064,0,0,1,Pedestrian
4,1776.0,899.0,1828.0,947.0,3065,0,0,1,Pedestrian
4,1776.0,899.0,1828.0,947.0,3066,0,0,1,Pedestrian
4,1776.0,899.0,1828.0,947.0,3067,0,0,1,Pedestrian
4,1776.0,899.0,1828.0,947.0,3068,0,0,1,Pedestrian
4,1776.0,899.0,1828.0,947.0,3069,0,0,1,Pedestrian
4,1776.0,899.0,1828.0,947.0,3070,0,0,1,Pedestrian
4,1776.0,899.0,1828.0,947.0,3071,0,0,1,Pedestrian
4,1776.0,899.0,1828.0,944.0,3072,0,0,1,Pedestrian
4,1776.0,899.0,1828.0,944.0,3073,0,0,1,Pedestrian
4,1776.0,899.0,1828.0,944.0,3074,0,0,1,Pedestrian
4,1776.0,899.0,1828.0,944.0,3075,0,0,1,Pedestrian
4,1776.0,899.0,1828.0,944.0,3076,0,0,1,Pedestrian
4,1776.0,899.0,1828.0,944.0,3077,0,0,1,Pedestrian
4,1776.0,899.0,1828.0,944.0,3078,0,0,1,Pedestrian
4,1776.0,899.0,1828.0,944.0,3079,0,0,1,Pedestrian
4,1776.0,899.0,1828.0,944.0,3080,0,0,1,Pedestrian
4,1776.0,899.0,1828.0,944.0,3081,0,0,1,Pedestrian
4,1776.0,899.0,1828.0,944.0,3082,0,0,1,Pedestrian
4,1776.0,899.0,1828.0,944.0,3083,0,0,1,Pedestrian
4,1776.0,899.0,1828.0,944.0,3084,0,0,1,Pedestrian
4,1776.0,899.0,1828.0,944.0,3085,0,0,1,Pedestrian
4,1776.0,899.0,1828.0,944.0,3086,0,0,1,Pedestrian
4,1776.0,899.0,1828.0,944.0,3087,0,0,1,Pedestrian
4,1776.0,899.0,1828.0,944.0,3088,0,0,1,Pedestrian
4,1776.0,899.0,1828.0,944.0,3089,0,0,1,Pedestrian
4,1776.0,899.0,1828.0,944.0,3090,0,0,1,Pedestrian
4,1776.0,899.0,1828.0,944.0,3091,0,0,1,Pedestrian
4,1776.0,899.0,1828.0,944.0,3092,0,0,1,Pedestrian
4,1776.0,899.0,1828.0,944.0,3093,0,0,1,Pedestrian
4,1776.0,899.0,1828.0,944.0,3094,0,0,1,Pedestrian
4,1776.0,899.0,1828.0,944.0,3095,0,0,1,Pedestrian
4,1776.0,899.0,1828.0,944.0,3096,0,0,1,Pedestrian
4,1776.0,899.0,1828.0,944.0,3097,0,0,1,Pedestrian
4,1776.0,899.0,1828.0,944.0,3098,0,0,1,Pedestrian
4,1776.0,899.0,1828.0,944.0,3099,0,0,1,Pedestrian
4,1776.0,899.0,1828.0,944.0,3100,0,0,1,Pedestrian
4,1773.0,899.0,1828.0,944.0,3101,0,0,1,Pedestrian
4,1773.0,899.0,1828.0,944.0,3102,0,0,1,Pedestrian
4,1773.0,899.0,1828.0,944.0,3103,0,0,1,Pedestrian
4,1773.0,899.0,1828.0,944.0,3104,0,0,1,Pedestrian
4,1773.0,899.0,1828.0,944.0,3105,0,0,1,Pedestrian
4,1773.0,899.0,1828.0,944.0,3106,0,0,1,Pedestrian
4,1773.0,899.0,1828.0,944.0,3107,0,0,1,Pedestrian
4,1773.0,899.0,1828.0,944.0,3108,0,0,1,Pedestrian
4,1773.0,899.0,1828.0,944.0,3109,0,0,1,Pedestrian
4,1773.0,899.0,1828.0,944.0,3110,0,0,1,Pedestrian
4,1773.0,899.0,1828.0,944.0,3111,0,0,1,Pedestrian
4,1773.0,899.0,1828.0,944.0,3112,0,0,1,Pedestrian
4,1773.0,899.0,1828.0,944.0,3113,0,0,1,Pedestrian
4,1773.0,899.0,1828.0,944.0,3114,0,0,1,Pedestrian
4,1773.0,899.0,1828.0,944.0,3115,0,0,1,Pedestrian
4,1773.0,899.0,1828.0,944.0,3116,0,0,1,Pedestrian
4,1773.0,899.0,1828.0,944.0,3117,0,0,1,Pedestrian
4,1773.0,899.0,1828.0,944.0,3118,0,0,1,Pedestrian
4,1773.0,899.0,1828.0,944.0,3119,0,0,1,Pedestrian
4,1773.0,899.0,1828.0,944.0,3120,0,0,1,Pedestrian
4,1773.0,899.0,1828.0,944.0,3121,0,0,1,Pedestrian
4,1773.0,899.0,1828.0,944.0,3122,0,0,1,Pedestrian
4,1773.0,899.0,1828.0,944.0,3123,0,0,1,Pedestrian
4,1773.0,899.0,1828.0,944.0,3124,0,0,1,Pedestrian
4,1773.0,899.0,1828.0,944.0,3125,0,0,1,Pedestrian
4,1773.0,899.0,1828.0,944.0,3126,0,0,1,Pedestrian
4,1773.0,899.0,1828.0,944.0,3127,0,0,1,Pedestrian
4,1773.0,899.0,1828.0,944.0,3128,0,0,1,Pedestrian
4,1773.0,899.0,1828.0,944.0,3129,0,0,1,Pedestrian
4,1773.0,899.0,1828.0,944.0,3130,0,0,1,Pedestrian
4,1773.0,899.0,1828.0,944.0,3131,0,0,1,Pedestrian
4,1773.0,899.0,1828.0,944.0,3132,0,0,1,Pedestrian
4,1773.0,899.0,1828.0,944.0,3133,0,0,1,Pedestrian
4,1773.0,899.0,1828.0,944.0,3134,0,0,1,Pedestrian
4,1773.0,899.0,1828.0,944.0,3135,0,0,1,Pedestrian
4,1773.0,899.0,1828.0,944.0,3136,0,0,1,Pedestrian
4,1773.0,899.0,1828.0,944.0,3137,0,0,1,Pedestrian
4,1773.0,899.0,1828.0,944.0,3138,0,0,1,Pedestrian
4,1773.0,899.0,1828.0,944.0,3139,0,0,1,Pedestrian
4,1773.0,899.0,1828.0,944.0,3140,0,0,1,Pedestrian
4,1773.0,899.0,1828.0,944.0,3141,0,0,1,Pedestrian
4,1773.0,899.0,1828.0,944.0,3142,0,0,1,Pedestrian
4,1773.0,899.0,1828.0,942.0,3143,0,0,1,Pedestrian
4,1773.0,899.0,1828.0,942.0,3144,0,0,1,Pedestrian
4,1773.0,899.0,1828.0,942.0,3145,0,0,1,Pedestrian
4,1773.0,899.0,1828.0,942.0,3146,0,0,1,Pedestrian
4,1773.0,899.0,1828.0,942.0,3147,0,0,1,Pedestrian
4,1773.0,899.0,1828.0,942.0,3148,0,0,1,Pedestrian
4,1773.0,899.0,1828.0,942.0,3149,0,0,1,Pedestrian
4,1773.0,899.0,1828.0,942.0,3150,0,0,1,Pedestrian
4,1773.0,899.0,1828.0,942.0,3151,0,0,1,Pedestrian
4,1773.0,899.0,1828.0,942.0,3152,0,0,1,Pedestrian
4,1773.0,899.0,1828.0,942.0,3153,0,0,1,Pedestrian
4,1773.0,899.0,1828.0,942.0,3154,0,0,1,Pedestrian
4,1773.0,899.0,1828.0,942.0,3155,0,0,1,Pedestrian
4,1773.0,899.0,1828.0,942.0,3156,0,0,1,Pedestrian
4,1773.0,899.0,1828.0,942.0,3157,0,0,1,Pedestrian
4,1773.0,899.0,1828.0,942.0,3158,0,0,1,Pedestrian
4,1773.0,899.0,1828.0,942.0,3159,0,0,1,Pedestrian
4,1773.0,899.0,1828.0,942.0,3160,0,0,1,Pedestrian
4,1773.0,899.0,1828.0,942.0,3161,0,0,1,Pedestrian
4,1773.0,899.0,1828.0,942.0,3162,0,0,1,Pedestrian
4,1773.0,899.0,1828.0,942.0,3163,0,0,1,Pedestrian
4,1773.0,899.0,1828.0,942.0,3164,0,0,1,Pedestrian
4,1773.0,899.0,1828.0,942.0,3165,0,0,1,Pedestrian
4,1773.0,899.0,1828.0,942.0,3166,0,0,1,Pedestrian
4,1773.0,899.0,1826.0,942.0,3167,0,0,1,Pedestrian
4,1773.0,899.0,1826.0,942.0,3168,0,0,1,Pedestrian
4,1773.0,899.0,1826.0,942.0,3169,0,0,1,Pedestrian
4,1773.0,899.0,1826.0,942.0,3170,0,0,1,Pedestrian
4,1773.0,899.0,1826.0,942.0,3171,0,0,1,Pedestrian
4,1773.0,899.0,1826.0,942.0,3172,0,0,1,Pedestrian
4,1773.0,899.0,1826.0,942.0,3173,0,0,1,Pedestrian
4,1773.0,899.0,1826.0,942.0,3174,0,0,1,Pedestrian
4,1773.0,899.0,1826.0,942.0,3175,0,0,1,Pedestrian
4,1773.0,899.0,1826.0,942.0,3176,0,0,1,Pedestrian
4,1773.0,899.0,1826.0,942.0,3177,0,0,1,Pedestrian
4,1773.0,899.0,1826.0,942.0,3178,0,0,1,Pedestrian
4,1773.0,899.0,1826.0,942.0,3179,0,0,1,Pedestrian
4,1773.0,899.0,1826.0,942.0,3180,0,0,1,Pedestrian
4,1773.0,899.0,1826.0,942.0,3181,0,0,1,Pedestrian
4,1773.0,899.0,1826.0,942.0,3182,0,0,1,Pedestrian
4,1773.0,899.0,1826.0,942.0,3183,0,0,1,Pedestrian
4,1773.0,899.0,1826.0,942.0,3184,0,0,1,Pedestrian
4,1773.0,899.0,1826.0,942.0,3185,0,0,1,Pedestrian
4,1773.0,899.0,1826.0,942.0,3186,0,0,1,Pedestrian
4,1773.0,899.0,1826.0,942.0,3187,0,0,1,Pedestrian
4,1773.0,899.0,1826.0,942.0,3188,0,0,1,Pedestrian
4,1773.0,899.0,1826.0,942.0,3189,0,0,1,Pedestrian
4,1773.0,899.0,1826.0,942.0,3190,0,0,1,Pedestrian
4,1773.0,899.0,1826.0,942.0,3191,0,0,1,Pedestrian
4,1773.0,899.0,1826.0,942.0,3192,0,0,1,Pedestrian
4,1773.0,899.0,1826.0,942.0,3193,0,0,1,Pedestrian
4,1773.0,899.0,1826.0,942.0,3194,0,0,1,Pedestrian
4,1773.0,899.0,1826.0,942.0,3195,0,0,1,Pedestrian
4,1773.0,899.0,1826.0,942.0,3196,0,0,1,Pedestrian
4,1773.0,899.0,1826.0,942.0,3197,0,0,1,Pedestrian
4,1773.0,899.0,1826.0,942.0,3198,0,0,1,Pedestrian
4,1773.0,899.0,1826.0,942.0,3199,0,0,1,Pedestrian
4,1773.0,899.0,1826.0,942.0,3200,0,0,1,Pedestrian
4,1771.0,899.0,1826.0,942.0,3201,0,0,1,Pedestrian
4,1771.0,899.0,1826.0,942.0,3202,0,0,1,Pedestrian
4,1771.0,899.0,1826.0,942.0,3203,0,0,1,Pedestrian
4,1771.0,899.0,1826.0,942.0,3204,0,0,1,Pedestrian
4,1771.0,899.0,1826.0,942.0,3205,0,0,1,Pedestrian
4,1771.0,899.0,1826.0,942.0,3206,0,0,1,Pedestrian
4,1771.0,899.0,1826.0,942.0,3207,0,0,1,Pedestrian
4,1771.0,899.0,1826.0,942.0,3208,0,0,1,Pedestrian
4,1771.0,899.0,1826.0,942.0,3209,0,0,1,Pedestrian
4,1771.0,899.0,1826.0,942.0,3210,0,0,1,Pedestrian
4,1771.0,899.0,1826.0,942.0,3211,0,0,1,Pedestrian
4,1771.0,899.0,1826.0,942.0,3212,0,0,1,Pedestrian
4,1771.0,899.0,1826.0,942.0,3213,0,0,1,Pedestrian
4,1771.0,899.0,1826.0,942.0,3214,0,0,1,Pedestrian
4,1771.0,899.0,1826.0,940.0,3215,0,0,1,Pedestrian
4,1771.0,899.0,1826.0,940.0,3216,0,0,1,Pedestrian
4,1771.0,899.0,1826.0,940.0,3217,0,0,1,Pedestrian
4,1771.0,899.0,1826.0,940.0,3218,0,0,1,Pedestrian
4,1771.0,899.0,1826.0,940.0,3219,0,0,1,Pedestrian
4,1771.0,899.0,1826.0,940.0,3220,0,0,1,Pedestrian
4,1771.0,899.0,1826.0,940.0,3221,0,0,1,Pedestrian
4,1771.0,899.0,1826.0,940.0,3222,0,0,1,Pedestrian
4,1771.0,899.0,1826.0,940.0,3223,0,0,1,Pedestrian
4,1771.0,899.0,1826.0,940.0,3224,0,0,1,Pedestrian
4,1771.0,899.0,1826.0,940.0,3225,0,0,1,Pedestrian
4,1771.0,899.0,1826.0,940.0,3226,0,0,1,Pedestrian
4,1771.0,899.0,1826.0,940.0,3227,0,0,1,Pedestrian
4,1771.0,899.0,1826.0,940.0,3228,0,0,1,Pedestrian
4,1771.0,899.0,1826.0,940.0,3229,0,0,1,Pedestrian
4,1771.0,899.0,1826.0,940.0,3230,0,0,1,Pedestrian
4,1771.0,899.0,1826.0,940.0,3231,0,0,1,Pedestrian
4,1771.0,899.0,1826.0,940.0,3232,0,0,1,Pedestrian
4,1771.0,899.0,1826.0,940.0,3233,0,0,1,Pedestrian
4,1771.0,899.0,1826.0,940.0,3234,0,0,1,Pedestrian
4,1771.0,899.0,1826.0,940.0,3235,0,0,1,Pedestrian
4,1771.0,899.0,1826.0,940.0,3236,0,0,1,Pedestrian
4,1771.0,899.0,1826.0,940.0,3237,0,0,1,Pedestrian
4,1771.0,899.0,1826.0,940.0,3238,0,0,1,Pedestrian
4,1771.0,899.0,1826.0,940.0,3239,0,0,1,Pedestrian
4,1771.0,899.0,1826.0,940.0,3240,0,0,1,Pedestrian
4,1771.0,899.0,1826.0,940.0,3241,0,0,1,Pedestrian
4,1771.0,899.0,1826.0,940.0,3242,0,0,1,Pedestrian
4,1771.0,899.0,1826.0,940.0,3243,0,0,1,Pedestrian
4,1771.0,899.0,1826.0,940.0,3244,0,0,1,Pedestrian
4,1771.0,899.0,1826.0,940.0,3245,0,0,1,Pedestrian
4,1771.0,899.0,1826.0,940.0,3246,0,0,1,Pedestrian
4,1771.0,899.0,1826.0,940.0,3247,0,0,1,Pedestrian
4,1771.0,899.0,1826.0,940.0,3248,0,0,1,Pedestrian
4,1771.0,899.0,1826.0,940.0,3249,0,0,1,Pedestrian
4,1771.0,899.0,1826.0,940.0,3250,0,0,1,Pedestrian
4,1771.0,899.0,1826.0,940.0,3251,0,0,1,Pedestrian
4,1771.0,899.0,1826.0,940.0,3252,0,0,1,Pedestrian
4,1771.0,899.0,1826.0,940.0,3253,0,0,1,Pedestrian
4,1771.0,899.0,1826.0,940.0,3254,0,0,1,Pedestrian
4,1771.0,899.0,1826.0,940.0,3255,0,0,1,Pedestrian
4,1771.0,899.0,1826.0,940.0,3256,0,0,1,Pedestrian
4,1771.0,899.0,1826.0,940.0,3257,0,0,1,Pedestrian
4,1771.0,899.0,1826.0,940.0,3258,0,0,1,Pedestrian
4,1771.0,899.0,1826.0,940.0,3259,0,0,1,Pedestrian
4,1771.0,899.0,1826.0,940.0,3260,0,0,1,Pedestrian
4,1771.0,899.0,1826.0,940.0,3261,0,0,1,Pedestrian
4,1771.0,899.0,1826.0,940.0,3262,0,0,1,Pedestrian
4,1771.0,899.0,1826.0,940.0,3263,0,0,1,Pedestrian
4,1771.0,899.0,1826.0,940.0,3264,0,0,1,Pedestrian
4,1771.0,899.0,1826.0,940.0,3265,0,0,1,Pedestrian
4,1771.0,899.0,1826.0,940.0,3266,0,0,1,Pedestrian
4,1771.0,899.0,1826.0,940.0,3267,0,0,1,Pedestrian
4,1771.0,899.0,1826.0,940.0,3268,0,0,1,Pedestrian
4,1771.0,899.0,1826.0,940.0,3269,0,0,1,Pedestrian
4,1771.0,899.0,1826.0,940.0,3270,0,0,1,Pedestrian
4,1771.0,899.0,1826.0,940.0,3271,0,0,1,Pedestrian
4,1771.0,899.0,1826.0,940.0,3272,0,0,1,Pedestrian
4,1771.0,899.0,1826.0,940.0,3273,0,0,1,Pedestrian
4,1771.0,899.0,1826.0,940.0,3274,0,0,1,Pedestrian
4,1771.0,899.0,1826.0,940.0,3275,0,0,1,Pedestrian
4,1771.0,899.0,1826.0,940.0,3276,0,0,1,Pedestrian
4,1771.0,899.0,1826.0,940.0,3277,0,0,1,Pedestrian
4,1771.0,899.0,1826.0,940.0,3278,0,0,1,Pedestrian
4,1771.0,899.0,1826.0,940.0,3279,0,0,1,Pedestrian
4,1771.0,899.0,1826.0,940.0,3280,0,0,1,Pedestrian
4,1771.0,899.0,1826.0,940.0,3281,0,0,1,Pedestrian
4,1771.0,899.0,1826.0,940.0,3282,0,0,1,Pedestrian
4,1771.0,899.0,1826.0,940.0,3283,0,0,1,Pedestrian
4,1771.0,899.0,1826.0,940.0,3284,0,0,1,Pedestrian
4,1771.0,899.0,1826.0,940.0,3285,0,0,1,Pedestrian
4,1771.0,899.0,1826.0,938.0,3286,0,0,1,Pedestrian
4,1771.0,899.0,1826.0,938.0,3287,0,0,1,Pedestrian
4,1771.0,899.0,1826.0,938.0,3288,0,0,1,Pedestrian
4,1771.0,899.0,1826.0,938.0,3289,0,0,1,Pedestrian
4,1771.0,899.0,1826.0,938.0,3290,0,0,1,Pedestrian
4,1771.0,899.0,1826.0,938.0,3291,0,0,1,Pedestrian
4,1771.0,899.0,1826.0,938.0,3292,0,0,1,Pedestrian
4,1771.0,899.0,1826.0,938.0,3293,0,0,1,Pedestrian
4,1771.0,899.0,1826.0,938.0,3294,0,0,1,Pedestrian
4,1771.0,899.0,1826.0,938.0,3295,0,0,1,Pedestrian
4,1771.0,899.0,1826.0,938.0,3296,0,0,1,Pedestrian
4,1771.0,899.0,1826.0,938.0,3297,0,0,1,Pedestrian
4,1771.0,899.0,1826.0,938.0,3298,0,0,1,Pedestrian
4,1771.0,899.0,1826.0,938.0,3299,0,0,1,Pedestrian
4,1771.0,899.0,1826.0,938.0,3300,0,0,1,Pedestrian
4,1768.0,899.0,1826.0,938.0,3301,0,0,1,Pedestrian
4,1768.0,899.0,1826.0,938.0,3302,0,0,1,Pedestrian
4,1768.0,899.0,1826.0,938.0,3303,0,0,1,Pedestrian
4,1768.0,899.0,1826.0,938.0,3304,0,0,1,Pedestrian
4,1768.0,899.0,1826.0,938.0,3305,0,0,1,Pedestrian
4,1768.0,899.0,1826.0,938.0,3306,0,0,1,Pedestrian
4,1768.0,899.0,1826.0,938.0,3307,0,0,1,Pedestrian
4,1768.0,899.0,1826.0,938.0,3308,0,0,1,Pedestrian
4,1768.0,899.0,1826.0,938.0,3309,0,0,1,Pedestrian
4,1768.0,899.0,1826.0,938.0,3310,0,0,1,Pedestrian
4,1768.0,899.0,1826.0,938.0,3311,0,0,1,Pedestrian
4,1768.0,899.0,1826.0,938.0,3312,0,0,1,Pedestrian
4,1768.0,899.0,1826.0,938.0,3313,0,0,1,Pedestrian
4,1768.0,899.0,1826.0,938.0,3314,0,0,1,Pedestrian
4,1768.0,899.0,1826.0,938.0,3315,0,0,1,Pedestrian
4,1768.0,899.0,1826.0,938.0,3316,0,0,1,Pedestrian
4,1768.0,899.0,1826.0,938.0,3317,0,0,1,Pedestrian
4,1768.0,899.0,1826.0,938.0,3318,0,0,1,Pedestrian
4,1768.0,899.0,1826.0,938.0,3319,0,0,1,Pedestrian
4,1768.0,899.0,1826.0,938.0,3320,0,0,1,Pedestrian
4,1768.0,899.0,1826.0,938.0,3321,0,0,1,Pedestrian
4,1768.0,899.0,1826.0,938.0,3322,0,0,1,Pedestrian
4,1768.0,899.0,1826.0,938.0,3323,0,0,1,Pedestrian
4,1768.0,899.0,1826.0,938.0,3324,0,0,1,Pedestrian
4,1768.0,899.0,1826.0,938.0,3325,0,0,1,Pedestrian
4,1768.0,899.0,1826.0,938.0,3326,0,0,1,Pedestrian
4,1768.0,899.0,1826.0,938.0,3327,0,0,1,Pedestrian
4,1768.0,899.0,1826.0,938.0,3328,0,0,1,Pedestrian
4,1768.0,899.0,1826.0,938.0,3329,0,0,1,Pedestrian
4,1768.0,899.0,1826.0,938.0,3330,0,0,1,Pedestrian
4,1768.0,899.0,1826.0,938.0,3331,0,0,1,Pedestrian
4,1768.0,899.0,1826.0,938.0,3332,0,0,1,Pedestrian
4,1768.0,899.0,1826.0,938.0,3333,0,0,1,Pedestrian
4,1768.0,899.0,1823.0,938.0,3334,0,0,1,Pedestrian
4,1768.0,899.0,1823.0,938.0,3335,0,0,1,Pedestrian
4,1768.0,899.0,1823.0,938.0,3336,0,0,1,Pedestrian
4,1768.0,899.0,1823.0,938.0,3337,0,0,1,Pedestrian
4,1768.0,899.0,1823.0,938.0,3338,0,0,1,Pedestrian
4,1768.0,899.0,1823.0,938.0,3339,0,0,1,Pedestrian
4,1768.0,899.0,1823.0,938.0,3340,0,0,1,Pedestrian
4,1768.0,899.0,1823.0,938.0,3341,0,0,1,Pedestrian
4,1768.0,899.0,1823.0,938.0,3342,0,0,1,Pedestrian
4,1768.0,899.0,1823.0,938.0,3343,0,0,1,Pedestrian
4,1768.0,899.0,1823.0,938.0,3344,0,0,1,Pedestrian
4,1768.0,899.0,1823.0,938.0,3345,0,0,1,Pedestrian
4,1768.0,899.0,1823.0,938.0,3346,0,0,1,Pedestrian
4,1768.0,899.0,1823.0,938.0,3347,0,0,1,Pedestrian
4,1768.0,899.0,1823.0,938.0,3348,0,0,1,Pedestrian
4,1768.0,899.0,1823.0,938.0,3349,0,0,1,Pedestrian
4,1768.0,899.0,1823.0,938.0,3350,0,0,1,Pedestrian
4,1768.0,899.0,1823.0,938.0,3351,0,0,1,Pedestrian
4,1768.0,899.0,1823.0,938.0,3352,0,0,1,Pedestrian
4,1768.0,899.0,1823.0,938.0,3353,0,0,1,Pedestrian
4,1768.0,899.0,1823.0,938.0,3354,0,0,1,Pedestrian
4,1768.0,899.0,1823.0,938.0,3355,0,0,1,Pedestrian
4,1768.0,899.0,1823.0,938.0,3356,0,0,1,Pedestrian
4,1768.0,899.0,1823.0,938.0,3357,0,0,1,Pedestrian
4,1768.0,899.0,1823.0,935.0,3358,0,0,1,Pedestrian
4,1768.0,899.0,1823.0,935.0,3359,0,0,1,Pedestrian
4,1768.0,899.0,1823.0,935.0,3360,0,0,1,Pedestrian
4,1768.0,899.0,1823.0,935.0,3361,0,0,1,Pedestrian
4,1768.0,899.0,1823.0,935.0,3362,0,0,1,Pedestrian
4,1768.0,899.0,1823.0,935.0,3363,0,0,1,Pedestrian
4,1768.0,899.0,1823.0,935.0,3364,0,0,1,Pedestrian
4,1768.0,899.0,1823.0,935.0,3365,0,0,1,Pedestrian
4,1768.0,899.0,1823.0,935.0,3366,0,0,1,Pedestrian
4,1768.0,899.0,1823.0,935.0,3367,0,0,1,Pedestrian
4,1768.0,899.0,1823.0,935.0,3368,0,0,1,Pedestrian
4,1768.0,899.0,1823.0,935.0,3369,0,0,1,Pedestrian
4,1768.0,899.0,1823.0,935.0,3370,0,0,1,Pedestrian
4,1768.0,899.0,1823.0,935.0,3371,0,0,1,Pedestrian
4,1768.0,899.0,1823.0,935.0,3372,0,0,1,Pedestrian
4,1768.0,899.0,1823.0,935.0,3373,0,0,1,Pedestrian
4,1768.0,899.0,1823.0,935.0,3374,0,0,1,Pedestrian
4,1768.0,899.0,1823.0,935.0,3375,0,0,1,Pedestrian
4,1768.0,899.0,1823.0,935.0,3376,0,0,1,Pedestrian
4,1768.0,899.0,1823.0,935.0,3377,0,0,1,Pedestrian
4,1768.0,899.0,1823.0,935.0,3378,0,0,1,Pedestrian
4,1768.0,899.0,1823.0,935.0,3379,0,0,1,Pedestrian
4,1768.0,899.0,1823.0,935.0,3380,0,0,1,Pedestrian
4,1768.0,899.0,1823.0,935.0,3381,0,0,1,Pedestrian
4,1768.0,899.0,1823.0,935.0,3382,0,0,1,Pedestrian
4,1768.0,899.0,1823.0,935.0,3383,0,0,1,Pedestrian
4,1768.0,899.0,1823.0,935.0,3384,0,0,1,Pedestrian
4,1768.0,899.0,1823.0,935.0,3385,0,0,1,Pedestrian
4,1768.0,899.0,1823.0,935.0,3386,0,0,1,Pedestrian
4,1768.0,899.0,1823.0,935.0,3387,0,0,1,Pedestrian
4,1768.0,899.0,1823.0,935.0,3388,0,0,1,Pedestrian
4,1768.0,899.0,1823.0,935.0,3389,0,0,1,Pedestrian
4,1768.0,899.0,1823.0,935.0,3390,0,0,1,Pedestrian
4,1768.0,899.0,1823.0,935.0,3391,0,0,1,Pedestrian
4,1768.0,899.0,1823.0,935.0,3392,0,0,1,Pedestrian
4,1768.0,899.0,1823.0,935.0,3393,0,0,1,Pedestrian
4,1768.0,899.0,1823.0,935.0,3394,0,0,1,Pedestrian
4,1768.0,899.0,1823.0,935.0,3395,0,0,1,Pedestrian
4,1768.0,899.0,1823.0,935.0,3396,0,0,1,Pedestrian
4,1768.0,899.0,1823.0,935.0,3397,0,0,1,Pedestrian
4,1768.0,899.0,1823.0,935.0,3398,0,0,1,Pedestrian
4,1768.0,899.0,1823.0,935.0,3399,0,0,1,Pedestrian
4,1768.0,899.0,1823.0,935.0,3400,0,0,1,Pedestrian
4,1765.0,899.0,1823.0,935.0,3401,0,0,1,Pedestrian
4,1765.0,899.0,1823.0,935.0,3402,0,0,1,Pedestrian
4,1765.0,899.0,1823.0,935.0,3403,0,0,1,Pedestrian
4,1765.0,899.0,1823.0,935.0,3404,0,0,1,Pedestrian
4,1765.0,899.0,1823.0,935.0,3405,0,0,1,Pedestrian
4,1765.0,899.0,1823.0,935.0,3406,0,0,1,Pedestrian
4,1765.0,899.0,1823.0,935.0,3407,0,0,1,Pedestrian
4,1765.0,899.0,1823.0,935.0,3408,0,0,1,Pedestrian
4,1765.0,899.0,1823.0,935.0,3409,0,0,1,Pedestrian
4,1765.0,899.0,1823.0,935.0,3410,0,0,1,Pedestrian
4,1765.0,899.0,1823.0,935.0,3411,0,0,1,Pedestrian
4,1765.0,899.0,1823.0,935.0,3412,0,0,1,Pedestrian
4,1765.0,899.0,1823.0,935.0,3413,0,0,1,Pedestrian
4,1765.0,899.0,1823.0,935.0,3414,0,0,1,Pedestrian
4,1765.0,899.0,1823.0,935.0,3415,0,0,1,Pedestrian
4,1765.0,899.0,1823.0,935.0,3416,0,0,1,Pedestrian
4,1765.0,899.0,1823.0,935.0,3417,0,0,1,Pedestrian
4,1765.0,899.0,1823.0,935.0,3418,0,0,1,Pedestrian
4,1765.0,899.0,1823.0,935.0,3419,0,0,1,Pedestrian
4,1765.0,899.0,1823.0,935.0,3420,0,0,1,Pedestrian
4,1765.0,899.0,1823.0,935.0,3421,0,0,1,Pedestrian
4,1765.0,899.0,1823.0,935.0,3422,0,0,1,Pedestrian
4,1765.0,899.0,1823.0,935.0,3423,0,0,1,Pedestrian
4,1765.0,899.0,1823.0,935.0,3424,0,0,1,Pedestrian
4,1765.0,899.0,1823.0,935.0,3425,0,0,1,Pedestrian
4,1765.0,899.0,1823.0,935.0,3426,0,0,1,Pedestrian
4,1765.0,899.0,1823.0,935.0,3427,0,0,1,Pedestrian
4,1765.0,899.0,1823.0,935.0,3428,0,0,1,Pedestrian
4,1765.0,899.0,1823.0,933.0,3429,0,0,1,Pedestrian
4,1765.0,899.0,1823.0,933.0,3430,0,0,1,Pedestrian
4,1765.0,899.0,1823.0,933.0,3431,0,0,1,Pedestrian
4,1765.0,899.0,1823.0,933.0,3432,0,0,1,Pedestrian
4,1765.0,899.0,1823.0,933.0,3433,0,0,1,Pedestrian
4,1765.0,899.0,1823.0,933.0,3434,0,0,1,Pedestrian
4,1765.0,899.0,1823.0,933.0,3435,0,0,1,Pedestrian
4,1765.0,899.0,1823.0,933.0,3436,0,0,1,Pedestrian
4,1765.0,899.0,1823.0,933.0,3437,0,0,1,Pedestrian
4,1765.0,899.0,1823.0,933.0,3438,0,0,1,Pedestrian
4,1765.0,899.0,1823.0,933.0,3439,0,0,1,Pedestrian
4,1765.0,899.0,1823.0,933.0,3440,0,0,1,Pedestrian
4,1765.0,899.0,1823.0,933.0,3441,0,0,1,Pedestrian
4,1765.0,899.0,1823.0,933.0,3442,0,0,1,Pedestrian
4,1765.0,899.0,1823.0,933.0,3443,0,0,1,Pedestrian
4,1765.0,899.0,1823.0,933.0,3444,0,0,1,Pedestrian
4,1765.0,899.0,1823.0,933.0,3445,0,0,1,Pedestrian
4,1765.0,899.0,1823.0,933.0,3446,0,0,1,Pedestrian
4,1765.0,899.0,1823.0,933.0,3447,0,0,1,Pedestrian
4,1765.0,899.0,1823.0,933.0,3448,0,0,1,Pedestrian
4,1765.0,899.0,1823.0,933.0,3449,0,0,1,Pedestrian
4,1765.0,899.0,1823.0,933.0,3450,0,0,1,Pedestrian
4,1765.0,899.0,1823.0,933.0,3451,0,0,1,Pedestrian
4,1765.0,899.0,1823.0,933.0,3452,0,0,1,Pedestrian
4,1765.0,899.0,1823.0,933.0,3453,0,0,1,Pedestrian
4,1765.0,899.0,1823.0,933.0,3454,0,0,1,Pedestrian
4,1765.0,899.0,1823.0,933.0,3455,0,0,1,Pedestrian
4,1765.0,899.0,1823.0,933.0,3456,0,0,1,Pedestrian
4,1765.0,899.0,1823.0,933.0,3457,0,0,1,Pedestrian
4,1765.0,899.0,1823.0,933.0,3458,0,0,1,Pedestrian
4,1765.0,899.0,1823.0,933.0,3459,0,0,1,Pedestrian
4,1765.0,899.0,1823.0,933.0,3460,0,0,1,Pedestrian
4,1765.0,899.0,1823.0,933.0,3461,0,0,1,Pedestrian
4,1765.0,899.0,1823.0,933.0,3462,0,0,1,Pedestrian
4,1765.0,899.0,1823.0,933.0,3463,0,0,1,Pedestrian
4,1765.0,899.0,1823.0,933.0,3464,0,0,1,Pedestrian
4,1765.0,899.0,1823.0,933.0,3465,0,0,1,Pedestrian
4,1765.0,899.0,1823.0,933.0,3466,0,0,1,Pedestrian
4,1765.0,899.0,1823.0,933.0,3467,0,0,1,Pedestrian
4,1765.0,899.0,1823.0,933.0,3468,0,0,1,Pedestrian
4,1765.0,899.0,1823.0,933.0,3469,0,0,1,Pedestrian
4,1765.0,899.0,1823.0,933.0,3470,0,0,1,Pedestrian
4,1765.0,899.0,1823.0,933.0,3471,0,0,1,Pedestrian
4,1765.0,899.0,1823.0,933.0,3472,0,0,1,Pedestrian
4,1765.0,899.0,1823.0,933.0,3473,0,0,1,Pedestrian
4,1765.0,899.0,1823.0,933.0,3474,0,0,1,Pedestrian
4,1765.0,899.0,1823.0,933.0,3475,0,0,1,Pedestrian
4,1765.0,899.0,1823.0,933.0,3476,0,0,1,Pedestrian
4,1765.0,899.0,1823.0,933.0,3477,0,0,1,Pedestrian
4,1765.0,899.0,1823.0,933.0,3478,0,0,1,Pedestrian
4,1765.0,899.0,1823.0,933.0,3479,0,0,1,Pedestrian
4,1765.0,899.0,1823.0,933.0,3480,0,0,1,Pedestrian
4,1765.0,899.0,1823.0,933.0,3481,0,0,1,Pedestrian
4,1765.0,899.0,1823.0,933.0,3482,0,0,1,Pedestrian
4,1765.0,899.0,1823.0,933.0,3483,0,0,1,Pedestrian
4,1765.0,899.0,1823.0,933.0,3484,0,0,1,Pedestrian
4,1765.0,899.0,1823.0,933.0,3485,0,0,1,Pedestrian
4,1765.0,899.0,1823.0,933.0,3486,0,0,1,Pedestrian
4,1765.0,899.0,1823.0,933.0,3487,0,0,1,Pedestrian
4,1765.0,899.0,1823.0,933.0,3488,0,0,1,Pedestrian
4,1765.0,899.0,1823.0,933.0,3489,0,0,1,Pedestrian
4,1765.0,899.0,1823.0,933.0,3490,0,0,1,Pedestrian
4,1765.0,899.0,1823.0,933.0,3491,0,0,1,Pedestrian
4,1765.0,899.0,1823.0,933.0,3492,0,0,1,Pedestrian
4,1765.0,899.0,1823.0,933.0,3493,0,0,1,Pedestrian
4,1765.0,899.0,1823.0,933.0,3494,0,0,1,Pedestrian
4,1765.0,899.0,1823.0,933.0,3495,0,0,1,Pedestrian
4,1765.0,899.0,1823.0,933.0,3496,0,0,1,Pedestrian
4,1765.0,899.0,1823.0,933.0,3497,0,0,1,Pedestrian
4,1765.0,899.0,1823.0,933.0,3498,0,0,1,Pedestrian
4,1765.0,899.0,1823.0,933.0,3499,0,0,1,Pedestrian
4,1765.0,899.0,1823.0,933.0,3500,0,0,0,Pedestrian
4,1765.0,899.0,1820.0,933.0,3501,0,0,1,Pedestrian
4,1765.0,899.0,1820.0,933.0,3502,0,0,1,Pedestrian
4,1765.0,899.0,1820.0,933.0,3503,0,0,1,Pedestrian
4,1765.0,899.0,1820.0,933.0,3504,0,0,1,Pedestrian
4,1765.0,899.0,1820.0,933.0,3505,0,0,1,Pedestrian
4,1765.0,899.0,1820.0,933.0,3506,0,0,1,Pedestrian
4,1765.0,899.0,1820.0,933.0,3507,0,0,1,Pedestrian
4,1765.0,899.0,1820.0,933.0,3508,0,0,1,Pedestrian
4,1765.0,899.0,1820.0,933.0,3509,0,0,1,Pedestrian
4,1765.0,899.0,1820.0,933.0,3510,0,0,1,Pedestrian
4,1765.0,899.0,1820.0,933.0,3511,0,0,1,Pedestrian
4,1765.0,899.0,1820.0,933.0,3512,0,0,1,Pedestrian
4,1765.0,899.0,1820.0,933.0,3513,0,0,1,Pedestrian
4,1765.0,899.0,1820.0,933.0,3514,0,0,1,Pedestrian
4,1765.0,899.0,1820.0,933.0,3515,0,0,1,Pedestrian
4,1765.0,899.0,1820.0,933.0,3516,0,0,1,Pedestrian
4,1765.0,899.0,1820.0,933.0,3517,0,0,1,Pedestrian
4,1765.0,899.0,1820.0,933.0,3518,0,0,1,Pedestrian
4,1765.0,899.0,1820.0,933.0,3519,0,0,1,Pedestrian
4,1765.0,899.0,1820.0,933.0,3520,0,0,1,Pedestrian
4,1765.0,899.0,1820.0,933.0,3521,0,0,1,Pedestrian
4,1765.0,899.0,1820.0,933.0,3522,0,0,1,Pedestrian
4,1765.0,899.0,1820.0,933.0,3523,0,0,1,Pedestrian
4,1765.0,899.0,1820.0,933.0,3524,0,0,1,Pedestrian
4,1765.0,899.0,1820.0,933.0,3525,0,0,1,Pedestrian
4,1765.0,899.0,1820.0,933.0,3526,0,0,1,Pedestrian
4,1765.0,899.0,1820.0,933.0,3527,0,0,1,Pedestrian
4,1765.0,899.0,1820.0,933.0,3528,0,0,1,Pedestrian
4,1765.0,899.0,1820.0,933.0,3529,0,0,1,Pedestrian
4,1765.0,899.0,1820.0,933.0,3530,0,0,1,Pedestrian
4,1765.0,899.0,1820.0,933.0,3531,0,0,1,Pedestrian
4,1765.0,899.0,1820.0,933.0,3532,0,0,1,Pedestrian
4,1765.0,899.0,1820.0,933.0,3533,0,0,1,Pedestrian
4,1765.0,899.0,1820.0,933.0,3534,0,0,1,Pedestrian
4,1765.0,899.0,1820.0,933.0,3535,0,0,1,Pedestrian
4,1765.0,899.0,1820.0,933.0,3536,0,0,1,Pedestrian
4,1765.0,899.0,1820.0,933.0,3537,0,0,1,Pedestrian
4,1765.0,899.0,1820.0,933.0,3538,0,0,1,Pedestrian
4,1765.0,899.0,1820.0,933.0,3539,0,0,1,Pedestrian
4,1765.0,899.0,1820.0,933.0,3540,0,0,1,Pedestrian
4,1765.0,899.0,1820.0,933.0,3541,0,0,1,Pedestrian
4,1765.0,899.0,1820.0,933.0,3542,0,0,1,Pedestrian
4,1765.0,899.0,1820.0,933.0,3543,0,0,1,Pedestrian
4,1765.0,899.0,1820.0,933.0,3544,0,0,1,Pedestrian
4,1765.0,899.0,1820.0,933.0,3545,0,0,1,Pedestrian
4,1765.0,899.0,1820.0,935.0,3546,0,0,1,Pedestrian
4,1765.0,899.0,1820.0,935.0,3547,0,0,1,Pedestrian
4,1765.0,899.0,1820.0,935.0,3548,0,0,1,Pedestrian
4,1765.0,899.0,1820.0,935.0,3549,0,0,1,Pedestrian
4,1765.0,899.0,1820.0,935.0,3550,0,0,1,Pedestrian
4,1765.0,899.0,1820.0,935.0,3551,0,0,1,Pedestrian
4,1765.0,899.0,1820.0,935.0,3552,0,0,1,Pedestrian
4,1765.0,899.0,1820.0,935.0,3553,0,0,1,Pedestrian
4,1765.0,899.0,1820.0,935.0,3554,0,0,1,Pedestrian
4,1765.0,899.0,1820.0,935.0,3555,0,0,1,Pedestrian
4,1765.0,899.0,1820.0,935.0,3556,0,0,1,Pedestrian
4,1765.0,899.0,1820.0,935.0,3557,0,0,1,Pedestrian
4,1765.0,899.0,1820.0,935.0,3558,0,0,1,Pedestrian
4,1765.0,899.0,1820.0,935.0,3559,0,0,1,Pedestrian
4,1765.0,899.0,1820.0,935.0,3560,0,0,1,Pedestrian
4,1765.0,899.0,1820.0,935.0,3561,0,0,1,Pedestrian
4,1765.0,899.0,1820.0,935.0,3562,0,0,1,Pedestrian
4,1765.0,899.0,1820.0,935.0,3563,0,0,1,Pedestrian
4,1765.0,899.0,1820.0,935.0,3564,0,0,1,Pedestrian
4,1765.0,899.0,1820.0,935.0,3565,0,0,1,Pedestrian
4,1765.0,899.0,1820.0,935.0,3566,0,0,1,Pedestrian
4,1765.0,899.0,1820.0,935.0,3567,0,0,1,Pedestrian
4,1765.0,899.0,1820.0,935.0,3568,0,0,1,Pedestrian
4,1765.0,899.0,1820.0,935.0,3569,0,0,1,Pedestrian
4,1765.0,899.0,1820.0,935.0,3570,0,0,1,Pedestrian
4,1765.0,899.0,1820.0,935.0,3571,0,0,1,Pedestrian
4,1765.0,899.0,1820.0,935.0,3572,0,0,1,Pedestrian
4,1765.0,899.0,1820.0,935.0,3573,0,0,1,Pedestrian
4,1765.0,899.0,1820.0,935.0,3574,0,0,1,Pedestrian
4,1765.0,899.0,1820.0,935.0,3575,0,0,1,Pedestrian
4,1765.0,899.0,1820.0,935.0,3576,0,0,1,Pedestrian
4,1765.0,899.0,1820.0,935.0,3577,0,0,1,Pedestrian
4,1765.0,899.0,1820.0,935.0,3578,0,0,1,Pedestrian
4,1765.0,899.0,1820.0,935.0,3579,0,0,1,Pedestrian
4,1765.0,899.0,1820.0,935.0,3580,0,0,1,Pedestrian
4,1765.0,899.0,1820.0,935.0,3581,0,0,1,Pedestrian
4,1765.0,899.0,1820.0,935.0,3582,0,0,1,Pedestrian
4,1765.0,899.0,1820.0,935.0,3583,0,0,1,Pedestrian
4,1765.0,899.0,1820.0,935.0,3584,0,0,1,Pedestrian
4,1765.0,899.0,1820.0,935.0,3585,0,0,1,Pedestrian
4,1765.0,899.0,1820.0,935.0,3586,0,0,1,Pedestrian
4,1765.0,899.0,1820.0,935.0,3587,0,0,1,Pedestrian
4,1765.0,899.0,1820.0,935.0,3588,0,0,1,Pedestrian
4,1765.0,899.0,1820.0,935.0,3589,0,0,1,Pedestrian
4,1765.0,899.0,1820.0,935.0,3590,0,0,1,Pedestrian
4,1765.0,899.0,1820.0,938.0,3591,0,0,1,Pedestrian
4,1765.0,899.0,1820.0,938.0,3592,0,0,1,Pedestrian
4,1765.0,899.0,1820.0,938.0,3593,0,0,1,Pedestrian
4,1765.0,899.0,1820.0,938.0,3594,0,0,1,Pedestrian
4,1765.0,899.0,1820.0,938.0,3595,0,0,1,Pedestrian
4,1765.0,899.0,1820.0,938.0,3596,0,0,1,Pedestrian
4,1765.0,899.0,1820.0,938.0,3597,0,0,1,Pedestrian
4,1765.0,899.0,1820.0,938.0,3598,0,0,1,Pedestrian
4,1765.0,899.0,1820.0,938.0,3599,0,0,1,Pedestrian
4,1765.0,899.0,1820.0,938.0,3600,0,0,1,Pedestrian
4,1765.0,899.0,1820.0,938.0,3601,0,0,1,Pedestrian
4,1765.0,899.0,1820.0,938.0,3602,0,0,1,Pedestrian
4,1765.0,899.0,1820.0,938.0,3603,0,0,1,Pedestrian
4,1765.0,899.0,1820.0,938.0,3604,0,0,1,Pedestrian
4,1765.0,899.0,1820.0,938.0,3605,0,0,1,Pedestrian
4,1765.0,899.0,1820.0,938.0,3606,0,0,1,Pedestrian
4,1765.0,899.0,1820.0,938.0,3607,0,0,1,Pedestrian
4,1765.0,899.0,1820.0,938.0,3608,0,0,1,Pedestrian
4,1765.0,899.0,1820.0,938.0,3609,0,0,1,Pedestrian
4,1765.0,899.0,1820.0,938.0,3610,0,0,1,Pedestrian
4,1765.0,899.0,1820.0,938.0,3611,0,0,1,Pedestrian
4,1765.0,899.0,1820.0,938.0,3612,0,0,1,Pedestrian
4,1765.0,899.0,1820.0,938.0,3613,0,0,1,Pedestrian
4,1765.0,899.0,1820.0,938.0,3614,0,0,1,Pedestrian
4,1765.0,899.0,1820.0,938.0,3615,0,0,1,Pedestrian
4,1765.0,899.0,1820.0,938.0,3616,0,0,1,Pedestrian
4,1765.0,899.0,1820.0,938.0,3617,0,0,1,Pedestrian
4,1765.0,899.0,1820.0,938.0,3618,0,0,1,Pedestrian
4,1765.0,899.0,1820.0,938.0,3619,0,0,1,Pedestrian
4,1765.0,899.0,1820.0,938.0,3620,0,0,1,Pedestrian
4,1765.0,899.0,1820.0,938.0,3621,0,0,1,Pedestrian
4,1765.0,899.0,1820.0,938.0,3622,0,0,1,Pedestrian
4,1765.0,899.0,1820.0,938.0,3623,0,0,1,Pedestrian
4,1765.0,899.0,1820.0,938.0,3624,0,0,1,Pedestrian
4,1765.0,899.0,1820.0,938.0,3625,0,0,1,Pedestrian
4,1765.0,899.0,1820.0,938.0,3626,0,0,1,Pedestrian
4,1765.0,899.0,1820.0,938.0,3627,0,0,1,Pedestrian
4,1765.0,899.0,1820.0,938.0,3628,0,0,1,Pedestrian
4,1765.0,899.0,1820.0,938.0,3629,0,0,1,Pedestrian
4,1765.0,899.0,1820.0,938.0,3630,0,0,1,Pedestrian
4,1765.0,899.0,1820.0,938.0,3631,0,0,1,Pedestrian
4,1765.0,899.0,1820.0,938.0,3632,0,0,1,Pedestrian
4,1765.0,899.0,1820.0,938.0,3633,0,0,1,Pedestrian
4,1765.0,899.0,1820.0,938.0,3634,0,0,1,Pedestrian
4,1765.0,899.0,1820.0,938.0,3635,0,0,1,Pedestrian
4,1765.0,899.0,1820.0,938.0,3636,0,0,1,Pedestrian
4,1765.0,899.0,1820.0,940.0,3637,0,0,1,Pedestrian
4,1765.0,899.0,1820.0,940.0,3638,0,0,1,Pedestrian
4,1765.0,899.0,1820.0,940.0,3639,0,0,1,Pedestrian
4,1765.0,899.0,1820.0,940.0,3640,0,0,1,Pedestrian
4,1765.0,899.0,1820.0,940.0,3641,0,0,1,Pedestrian
4,1765.0,899.0,1820.0,940.0,3642,0,0,1,Pedestrian
4,1765.0,899.0,1820.0,940.0,3643,0,0,1,Pedestrian
4,1765.0,899.0,1820.0,940.0,3644,0,0,1,Pedestrian
4,1765.0,899.0,1820.0,940.0,3645,0,0,1,Pedestrian
4,1765.0,899.0,1820.0,940.0,3646,0,0,1,Pedestrian
4,1765.0,899.0,1820.0,940.0,3647,0,0,1,Pedestrian
4,1765.0,899.0,1820.0,940.0,3648,0,0,1,Pedestrian
4,1765.0,899.0,1820.0,940.0,3649,0,0,1,Pedestrian
4,1765.0,899.0,1820.0,940.0,3650,0,0,1,Pedestrian
4,1765.0,899.0,1820.0,940.0,3651,0,0,1,Pedestrian
4,1765.0,899.0,1820.0,940.0,3652,0,0,1,Pedestrian
4,1765.0,899.0,1820.0,940.0,3653,0,0,1,Pedestrian
4,1765.0,899.0,1820.0,940.0,3654,0,0,1,Pedestrian
4,1765.0,899.0,1820.0,940.0,3655,0,0,1,Pedestrian
4,1765.0,899.0,1820.0,940.0,3656,0,0,1,Pedestrian
4,1765.0,899.0,1820.0,940.0,3657,0,0,1,Pedestrian
4,1765.0,899.0,1820.0,940.0,3658,0,0,1,Pedestrian
4,1765.0,899.0,1820.0,940.0,3659,0,0,1,Pedestrian
4,1765.0,899.0,1820.0,940.0,3660,0,0,1,Pedestrian
4,1765.0,899.0,1820.0,940.0,3661,0,0,1,Pedestrian
4,1765.0,899.0,1820.0,940.0,3662,0,0,1,Pedestrian
4,1765.0,899.0,1820.0,940.0,3663,0,0,1,Pedestrian
4,1765.0,899.0,1820.0,940.0,3664,0,0,1,Pedestrian
4,1765.0,899.0,1820.0,940.0,3665,0,0,1,Pedestrian
4,1765.0,899.0,1820.0,940.0,3666,0,0,1,Pedestrian
4,1765.0,899.0,1820.0,940.0,3667,0,0,1,Pedestrian
4,1765.0,899.0,1820.0,940.0,3668,0,0,1,Pedestrian
4,1765.0,899.0,1820.0,940.0,3669,0,0,1,Pedestrian
4,1765.0,899.0,1820.0,940.0,3670,0,0,1,Pedestrian
4,1765.0,899.0,1820.0,940.0,3671,0,0,1,Pedestrian
4,1765.0,899.0,1820.0,940.0,3672,0,0,1,Pedestrian
4,1765.0,899.0,1820.0,940.0,3673,0,0,1,Pedestrian
4,1765.0,899.0,1820.0,940.0,3674,0,0,1,Pedestrian
4,1765.0,899.0,1820.0,940.0,3675,0,0,1,Pedestrian
4,1765.0,899.0,1820.0,940.0,3676,0,0,1,Pedestrian
4,1765.0,899.0,1820.0,940.0,3677,0,0,1,Pedestrian
4,1765.0,899.0,1820.0,940.0,3678,0,0,1,Pedestrian
4,1765.0,899.0,1820.0,940.0,3679,0,0,1,Pedestrian
4,1765.0,899.0,1820.0,940.0,3680,0,0,1,Pedestrian
4,1765.0,899.0,1820.0,940.0,3681,0,0,1,Pedestrian
4,1765.0,899.0,1820.0,942.0,3682,0,0,1,Pedestrian
4,1765.0,899.0,1820.0,942.0,3683,0,0,1,Pedestrian
4,1765.0,899.0,1820.0,942.0,3684,0,0,1,Pedestrian
4,1765.0,899.0,1820.0,942.0,3685,0,0,1,Pedestrian
4,1765.0,899.0,1820.0,942.0,3686,0,0,1,Pedestrian
4,1765.0,899.0,1820.0,942.0,3687,0,0,1,Pedestrian
4,1765.0,899.0,1820.0,942.0,3688,0,0,1,Pedestrian
4,1765.0,899.0,1820.0,942.0,3689,0,0,1,Pedestrian
4,1765.0,899.0,1820.0,942.0,3690,0,0,1,Pedestrian
4,1765.0,899.0,1820.0,942.0,3691,0,0,1,Pedestrian
4,1765.0,899.0,1820.0,942.0,3692,0,0,1,Pedestrian
4,1765.0,899.0,1820.0,942.0,3693,0,0,1,Pedestrian
4,1765.0,899.0,1820.0,942.0,3694,0,0,1,Pedestrian
4,1765.0,899.0,1820.0,942.0,3695,0,0,1,Pedestrian
4,1765.0,899.0,1820.0,942.0,3696,0,0,1,Pedestrian
4,1765.0,899.0,1820.0,942.0,3697,0,0,1,Pedestrian
4,1765.0,899.0,1820.0,942.0,3698,0,0,1,Pedestrian
4,1765.0,899.0,1820.0,942.0,3699,0,0,1,Pedestrian
4,1765.0,899.0,1820.0,942.0,3700,0,0,1,Pedestrian
4,1765.0,899.0,1820.0,942.0,3701,0,0,1,Pedestrian
4,1765.0,899.0,1820.0,942.0,3702,0,0,1,Pedestrian
4,1765.0,899.0,1820.0,942.0,3703,0,0,1,Pedestrian
4,1765.0,899.0,1820.0,942.0,3704,0,0,1,Pedestrian
4,1765.0,899.0,1820.0,942.0,3705,0,0,1,Pedestrian
4,1765.0,899.0,1820.0,942.0,3706,0,0,1,Pedestrian
4,1765.0,899.0,1820.0,942.0,3707,0,0,1,Pedestrian
4,1765.0,899.0,1820.0,942.0,3708,0,0,1,Pedestrian
4,1765.0,899.0,1820.0,942.0,3709,0,0,1,Pedestrian
4,1765.0,899.0,1820.0,942.0,3710,0,0,1,Pedestrian
4,1765.0,899.0,1820.0,942.0,3711,0,0,1,Pedestrian
4,1765.0,899.0,1820.0,942.0,3712,0,0,1,Pedestrian
4,1765.0,899.0,1820.0,942.0,3713,0,0,1,Pedestrian
4,1765.0,899.0,1820.0,942.0,3714,0,0,1,Pedestrian
4,1765.0,899.0,1820.0,942.0,3715,0,0,1,Pedestrian
4,1765.0,899.0,1820.0,942.0,3716,0,0,1,Pedestrian
4,1765.0,899.0,1820.0,942.0,3717,0,0,1,Pedestrian
4,1765.0,899.0,1820.0,942.0,3718,0,0,1,Pedestrian
4,1765.0,899.0,1820.0,942.0,3719,0,0,1,Pedestrian
4,1765.0,899.0,1820.0,942.0,3720,0,0,1,Pedestrian
4,1765.0,899.0,1820.0,942.0,3721,0,0,1,Pedestrian
4,1765.0,899.0,1820.0,942.0,3722,0,0,1,Pedestrian
4,1765.0,899.0,1820.0,942.0,3723,0,0,1,Pedestrian
4,1765.0,899.0,1820.0,942.0,3724,0,0,1,Pedestrian
4,1765.0,899.0,1820.0,942.0,3725,0,0,1,Pedestrian
4,1765.0,899.0,1820.0,942.0,3726,0,0,1,Pedestrian
4,1765.0,899.0,1820.0,942.0,3727,0,0,1,Pedestrian
4,1765.0,899.0,1820.0,944.0,3728,0,0,1,Pedestrian
4,1765.0,899.0,1820.0,944.0,3729,0,0,1,Pedestrian
4,1765.0,899.0,1820.0,944.0,3730,0,0,1,Pedestrian
4,1765.0,899.0,1820.0,944.0,3731,0,0,1,Pedestrian
4,1765.0,899.0,1820.0,944.0,3732,0,0,1,Pedestrian
4,1765.0,899.0,1820.0,944.0,3733,0,0,1,Pedestrian
4,1765.0,899.0,1820.0,944.0,3734,0,0,1,Pedestrian
4,1765.0,899.0,1820.0,944.0,3735,0,0,1,Pedestrian
4,1765.0,899.0,1820.0,944.0,3736,0,0,1,Pedestrian
4,1765.0,899.0,1820.0,944.0,3737,0,0,1,Pedestrian
4,1765.0,899.0,1820.0,944.0,3738,0,0,1,Pedestrian
4,1765.0,899.0,1820.0,944.0,3739,0,0,1,Pedestrian
4,1765.0,899.0,1820.0,944.0,3740,0,0,1,Pedestrian
4,1765.0,899.0,1820.0,944.0,3741,0,0,1,Pedestrian
4,1765.0,899.0,1820.0,944.0,3742,0,0,1,Pedestrian
4,1765.0,899.0,1820.0,944.0,3743,0,0,1,Pedestrian
4,1765.0,899.0,1820.0,944.0,3744,0,0,1,Pedestrian
4,1765.0,899.0,1820.0,944.0,3745,0,0,1,Pedestrian
4,1765.0,899.0,1820.0,944.0,3746,0,0,1,Pedestrian
4,1765.0,899.0,1820.0,944.0,3747,0,0,1,Pedestrian
4,1765.0,899.0,1820.0,944.0,3748,0,0,1,Pedestrian
4,1765.0,899.0,1820.0,944.0,3749,0,0,1,Pedestrian
4,1765.0,899.0,1820.0,944.0,3750,0,0,1,Pedestrian
4,1765.0,899.0,1820.0,944.0,3751,0,0,1,Pedestrian
4,1765.0,899.0,1820.0,944.0,3752,0,0,1,Pedestrian
4,1765.0,899.0,1820.0,944.0,3753,0,0,1,Pedestrian
4,1765.0,899.0,1820.0,944.0,3754,0,0,1,Pedestrian
4,1765.0,899.0,1820.0,944.0,3755,0,0,1,Pedestrian
4,1765.0,899.0,1820.0,944.0,3756,0,0,1,Pedestrian
4,1765.0,899.0,1820.0,944.0,3757,0,0,1,Pedestrian
4,1765.0,899.0,1820.0,944.0,3758,0,0,1,Pedestrian
4,1765.0,899.0,1820.0,944.0,3759,0,0,1,Pedestrian
4,1765.0,899.0,1820.0,944.0,3760,0,0,1,Pedestrian
4,1765.0,899.0,1820.0,944.0,3761,0,0,1,Pedestrian
4,1765.0,899.0,1820.0,944.0,3762,0,0,1,Pedestrian
4,1765.0,899.0,1820.0,944.0,3763,0,0,1,Pedestrian
4,1765.0,899.0,1820.0,944.0,3764,0,0,1,Pedestrian
4,1765.0,899.0,1820.0,944.0,3765,0,0,1,Pedestrian
4,1765.0,899.0,1820.0,944.0,3766,0,0,1,Pedestrian
4,1765.0,899.0,1820.0,944.0,3767,0,0,1,Pedestrian
4,1765.0,899.0,1820.0,944.0,3768,0,0,1,Pedestrian
4,1765.0,899.0,1820.0,944.0,3769,0,0,1,Pedestrian
4,1765.0,899.0,1820.0,944.0,3770,0,0,1,Pedestrian
4,1765.0,899.0,1820.0,944.0,3771,0,0,1,Pedestrian
4,1765.0,899.0,1820.0,944.0,3772,0,0,1,Pedestrian
4,1765.0,899.0,1820.0,947.0,3773,0,0,1,Pedestrian
4,1765.0,899.0,1820.0,947.0,3774,0,0,1,Pedestrian
4,1765.0,899.0,1820.0,947.0,3775,0,0,1,Pedestrian
4,1765.0,899.0,1820.0,947.0,3776,0,0,1,Pedestrian
4,1765.0,899.0,1820.0,947.0,3777,0,0,1,Pedestrian
4,1765.0,899.0,1820.0,947.0,3778,0,0,1,Pedestrian
4,1765.0,899.0,1820.0,947.0,3779,0,0,1,Pedestrian
4,1765.0,899.0,1820.0,947.0,3780,0,0,1,Pedestrian
4,1765.0,899.0,1820.0,947.0,3781,0,0,1,Pedestrian
4,1765.0,899.0,1820.0,947.0,3782,0,0,1,Pedestrian
4,1765.0,899.0,1820.0,947.0,3783,0,0,1,Pedestrian
4,1765.0,899.0,1820.0,947.0,3784,0,0,1,Pedestrian
4,1765.0,899.0,1820.0,947.0,3785,0,0,1,Pedestrian
4,1765.0,899.0,1820.0,947.0,3786,0,0,1,Pedestrian
4,1765.0,899.0,1820.0,947.0,3787,0,0,1,Pedestrian
4,1765.0,899.0,1820.0,947.0,3788,0,0,1,Pedestrian
4,1765.0,899.0,1820.0,947.0,3789,0,0,1,Pedestrian
4,1765.0,899.0,1820.0,947.0,3790,0,0,1,Pedestrian
4,1765.0,899.0,1820.0,947.0,3791,0,0,1,Pedestrian
4,1765.0,899.0,1820.0,947.0,3792,0,0,1,Pedestrian
4,1765.0,899.0,1820.0,947.0,3793,0,0,1,Pedestrian
4,1765.0,899.0,1820.0,947.0,3794,0,0,1,Pedestrian
4,1765.0,899.0,1820.0,947.0,3795,0,0,1,Pedestrian
4,1765.0,899.0,1820.0,947.0,3796,0,0,1,Pedestrian
4,1765.0,899.0,1820.0,947.0,3797,0,0,1,Pedestrian
4,1765.0,899.0,1820.0,947.0,3798,0,0,1,Pedestrian
4,1765.0,899.0,1820.0,947.0,3799,0,0,1,Pedestrian
4,1765.0,899.0,1820.0,947.0,3800,0,0,1,Pedestrian
4,1765.0,899.0,1820.0,947.0,3801,0,0,1,Pedestrian
4,1765.0,899.0,1820.0,947.0,3802,0,0,1,Pedestrian
4,1765.0,899.0,1820.0,947.0,3803,0,0,1,Pedestrian
4,1765.0,899.0,1820.0,947.0,3804,0,0,1,Pedestrian
4,1765.0,899.0,1820.0,947.0,3805,0,0,1,Pedestrian
4,1765.0,899.0,1820.0,947.0,3806,0,0,1,Pedestrian
4,1765.0,899.0,1820.0,947.0,3807,0,0,1,Pedestrian
4,1765.0,899.0,1820.0,947.0,3808,0,0,1,Pedestrian
4,1765.0,899.0,1820.0,947.0,3809,0,0,1,Pedestrian
4,1765.0,899.0,1820.0,947.0,3810,0,0,1,Pedestrian
4,1765.0,899.0,1820.0,947.0,3811,0,0,1,Pedestrian
4,1765.0,899.0,1820.0,947.0,3812,0,0,1,Pedestrian
4,1765.0,899.0,1820.0,947.0,3813,0,0,1,Pedestrian
4,1765.0,899.0,1820.0,947.0,3814,0,0,1,Pedestrian
4,1765.0,899.0,1820.0,947.0,3815,0,0,1,Pedestrian
4,1765.0,899.0,1820.0,947.0,3816,0,0,1,Pedestrian
4,1765.0,899.0,1820.0,947.0,3817,0,0,1,Pedestrian
4,1765.0,899.0,1820.0,947.0,3818,0,0,1,Pedestrian
4,1765.0,899.0,1820.0,949.0,3819,0,0,1,Pedestrian
4,1765.0,899.0,1820.0,949.0,3820,0,0,1,Pedestrian
4,1765.0,899.0,1820.0,949.0,3821,0,0,1,Pedestrian
4,1765.0,899.0,1820.0,949.0,3822,0,0,1,Pedestrian
4,1765.0,899.0,1820.0,949.0,3823,0,0,1,Pedestrian
4,1765.0,899.0,1820.0,949.0,3824,0,0,1,Pedestrian
4,1765.0,899.0,1820.0,949.0,3825,0,0,1,Pedestrian
4,1765.0,899.0,1820.0,949.0,3826,0,0,1,Pedestrian
4,1765.0,899.0,1820.0,949.0,3827,0,0,1,Pedestrian
4,1765.0,899.0,1820.0,949.0,3828,0,0,1,Pedestrian
4,1765.0,899.0,1820.0,949.0,3829,0,0,1,Pedestrian
4,1765.0,899.0,1820.0,949.0,3830,0,0,1,Pedestrian
4,1765.0,899.0,1820.0,949.0,3831,0,0,1,Pedestrian
4,1765.0,899.0,1820.0,949.0,3832,0,0,1,Pedestrian
4,1765.0,899.0,1820.0,949.0,3833,0,0,1,Pedestrian
4,1765.0,899.0,1820.0,949.0,3834,0,0,1,Pedestrian
4,1765.0,899.0,1820.0,949.0,3835,0,0,1,Pedestrian
4,1765.0,899.0,1820.0,949.0,3836,0,0,1,Pedestrian
4,1765.0,899.0,1820.0,949.0,3837,0,0,1,Pedestrian
4,1765.0,899.0,1820.0,949.0,3838,0,0,1,Pedestrian
4,1765.0,899.0,1820.0,949.0,3839,0,0,1,Pedestrian
4,1765.0,899.0,1820.0,949.0,3840,0,0,1,Pedestrian
4,1765.0,899.0,1820.0,949.0,3841,0,0,1,Pedestrian
4,1765.0,899.0,1820.0,949.0,3842,0,0,1,Pedestrian
4,1765.0,899.0,1820.0,949.0,3843,0,0,1,Pedestrian
4,1765.0,899.0,1820.0,949.0,3844,0,0,1,Pedestrian
4,1765.0,899.0,1820.0,949.0,3845,0,0,1,Pedestrian
4,1765.0,899.0,1820.0,949.0,3846,0,0,1,Pedestrian
4,1765.0,899.0,1820.0,949.0,3847,0,0,1,Pedestrian
4,1765.0,899.0,1820.0,949.0,3848,0,0,1,Pedestrian
4,1765.0,899.0,1820.0,949.0,3849,0,0,1,Pedestrian
4,1765.0,899.0,1820.0,949.0,3850,0,0,1,Pedestrian
4,1765.0,899.0,1820.0,949.0,3851,0,0,1,Pedestrian
4,1765.0,899.0,1820.0,949.0,3852,0,0,1,Pedestrian
4,1765.0,899.0,1820.0,949.0,3853,0,0,1,Pedestrian
4,1765.0,899.0,1820.0,949.0,3854,0,0,1,Pedestrian
4,1765.0,899.0,1820.0,949.0,3855,0,0,1,Pedestrian
4,1765.0,899.0,1820.0,949.0,3856,0,0,1,Pedestrian
4,1765.0,899.0,1820.0,949.0,3857,0,0,1,Pedestrian
4,1765.0,899.0,1820.0,949.0,3858,0,0,1,Pedestrian
4,1765.0,899.0,1820.0,949.0,3859,0,0,1,Pedestrian
4,1765.0,899.0,1820.0,949.0,3860,0,0,1,Pedestrian
4,1765.0,899.0,1820.0,949.0,3861,0,0,1,Pedestrian
4,1765.0,899.0,1820.0,949.0,3862,0,0,1,Pedestrian
4,1765.0,899.0,1820.0,949.0,3863,0,0,1,Pedestrian
4,1765.0,899.0,1820.0,951.0,3864,0,0,1,Pedestrian
4,1765.0,899.0,1820.0,951.0,3865,0,0,1,Pedestrian
4,1765.0,899.0,1820.0,951.0,3866,0,0,1,Pedestrian
4,1765.0,899.0,1820.0,951.0,3867,0,0,1,Pedestrian
4,1765.0,899.0,1820.0,951.0,3868,0,0,1,Pedestrian
4,1765.0,899.0,1820.0,951.0,3869,0,0,1,Pedestrian
4,1765.0,899.0,1820.0,951.0,3870,0,0,1,Pedestrian
4,1765.0,899.0,1820.0,951.0,3871,0,0,1,Pedestrian
4,1765.0,899.0,1820.0,951.0,3872,0,0,1,Pedestrian
4,1765.0,899.0,1820.0,951.0,3873,0,0,1,Pedestrian
4,1765.0,899.0,1820.0,951.0,3874,0,0,1,Pedestrian
4,1765.0,899.0,1820.0,951.0,3875,0,0,1,Pedestrian
4,1765.0,899.0,1820.0,951.0,3876,0,0,1,Pedestrian
4,1765.0,899.0,1820.0,951.0,3877,0,0,1,Pedestrian
4,1765.0,899.0,1820.0,951.0,3878,0,0,1,Pedestrian
4,1765.0,899.0,1820.0,951.0,3879,0,0,1,Pedestrian
4,1765.0,899.0,1820.0,951.0,3880,0,0,1,Pedestrian
4,1765.0,899.0,1820.0,951.0,3881,0,0,1,Pedestrian
4,1765.0,899.0,1820.0,951.0,3882,0,0,1,Pedestrian
4,1765.0,899.0,1820.0,951.0,3883,0,0,1,Pedestrian
4,1765.0,899.0,1820.0,951.0,3884,0,0,1,Pedestrian
4,1765.0,899.0,1820.0,951.0,3885,0,0,1,Pedestrian
4,1765.0,899.0,1820.0,951.0,3886,0,0,1,Pedestrian
4,1765.0,899.0,1820.0,951.0,3887,0,0,1,Pedestrian
4,1765.0,899.0,1820.0,951.0,3888,0,0,1,Pedestrian
4,1765.0,899.0,1820.0,951.0,3889,0,0,1,Pedestrian
4,1765.0,899.0,1820.0,951.0,3890,0,0,1,Pedestrian
4,1765.0,899.0,1820.0,951.0,3891,0,0,1,Pedestrian
4,1765.0,899.0,1820.0,951.0,3892,0,0,1,Pedestrian
4,1765.0,899.0,1820.0,951.0,3893,0,0,1,Pedestrian
4,1765.0,899.0,1820.0,951.0,3894,0,0,1,Pedestrian
4,1765.0,899.0,1820.0,951.0,3895,0,0,1,Pedestrian
4,1765.0,899.0,1820.0,951.0,3896,0,0,1,Pedestrian
4,1765.0,899.0,1820.0,951.0,3897,0,0,1,Pedestrian
4,1765.0,899.0,1820.0,951.0,3898,0,0,1,Pedestrian
4,1765.0,899.0,1820.0,951.0,3899,0,0,1,Pedestrian
4,1765.0,899.0,1820.0,951.0,3900,0,0,1,Pedestrian
4,1765.0,899.0,1820.0,951.0,3901,0,0,1,Pedestrian
4,1765.0,899.0,1820.0,951.0,3902,0,0,1,Pedestrian
4,1765.0,899.0,1820.0,951.0,3903,0,0,1,Pedestrian
4,1765.0,899.0,1820.0,951.0,3904,0,0,1,Pedestrian
4,1765.0,899.0,1820.0,951.0,3905,0,0,1,Pedestrian
4,1765.0,899.0,1820.0,951.0,3906,0,0,1,Pedestrian
4,1765.0,899.0,1820.0,951.0,3907,0,0,1,Pedestrian
4,1765.0,899.0,1820.0,951.0,3908,0,0,1,Pedestrian
4,1765.0,899.0,1820.0,951.0,3909,0,0,1,Pedestrian
4,1765.0,899.0,1820.0,954.0,3910,0,0,1,Pedestrian
4,1765.0,899.0,1820.0,954.0,3911,0,0,1,Pedestrian
4,1765.0,899.0,1820.0,954.0,3912,0,0,1,Pedestrian
4,1765.0,899.0,1820.0,954.0,3913,0,0,1,Pedestrian
4,1765.0,899.0,1820.0,954.0,3914,0,0,1,Pedestrian
4,1765.0,899.0,1820.0,954.0,3915,0,0,1,Pedestrian
4,1765.0,899.0,1820.0,954.0,3916,0,0,1,Pedestrian
4,1765.0,899.0,1820.0,954.0,3917,0,0,1,Pedestrian
4,1765.0,899.0,1820.0,954.0,3918,0,0,1,Pedestrian
4,1765.0,899.0,1820.0,954.0,3919,0,0,1,Pedestrian
4,1765.0,899.0,1820.0,954.0,3920,0,0,1,Pedestrian
4,1765.0,899.0,1820.0,954.0,3921,0,0,1,Pedestrian
4,1765.0,899.0,1820.0,954.0,3922,0,0,1,Pedestrian
4,1765.0,899.0,1820.0,954.0,3923,0,0,1,Pedestrian
4,1765.0,899.0,1820.0,954.0,3924,0,0,1,Pedestrian
4,1765.0,899.0,1820.0,954.0,3925,0,0,1,Pedestrian
4,1765.0,899.0,1820.0,954.0,3926,0,0,1,Pedestrian
4,1765.0,899.0,1820.0,954.0,3927,0,0,1,Pedestrian
4,1765.0,899.0,1820.0,954.0,3928,0,0,1,Pedestrian
4,1765.0,899.0,1820.0,954.0,3929,0,0,1,Pedestrian
4,1765.0,899.0,1820.0,954.0,3930,0,0,1,Pedestrian
4,1765.0,899.0,1820.0,954.0,3931,0,0,1,Pedestrian
4,1765.0,899.0,1820.0,954.0,3932,0,0,1,Pedestrian
4,1765.0,899.0,1820.0,954.0,3933,0,0,1,Pedestrian
4,1765.0,899.0,1820.0,954.0,3934,0,0,1,Pedestrian
4,1765.0,899.0,1820.0,954.0,3935,0,0,1,Pedestrian
4,1765.0,899.0,1820.0,954.0,3936,0,0,1,Pedestrian
4,1765.0,899.0,1820.0,954.0,3937,0,0,1,Pedestrian
4,1765.0,899.0,1820.0,954.0,3938,0,0,1,Pedestrian
4,1765.0,899.0,1820.0,954.0,3939,0,0,1,Pedestrian
4,1765.0,899.0,1820.0,954.0,3940,0,0,1,Pedestrian
4,1765.0,899.0,1820.0,954.0,3941,0,0,1,Pedestrian
4,1765.0,899.0,1820.0,954.0,3942,0,0,1,Pedestrian
4,1765.0,899.0,1820.0,954.0,3943,0,0,1,Pedestrian
4,1765.0,899.0,1820.0,954.0,3944,0,0,1,Pedestrian
4,1765.0,899.0,1820.0,954.0,3945,0,0,1,Pedestrian
4,1765.0,899.0,1820.0,954.0,3946,0,0,1,Pedestrian
4,1765.0,899.0,1820.0,954.0,3947,0,0,1,Pedestrian
4,1765.0,899.0,1820.0,954.0,3948,0,0,1,Pedestrian
4,1765.0,899.0,1820.0,954.0,3949,0,0,1,Pedestrian
4,1765.0,899.0,1820.0,954.0,3950,0,0,1,Pedestrian
4,1765.0,899.0,1820.0,954.0,3951,0,0,1,Pedestrian
4,1765.0,899.0,1820.0,954.0,3952,0,0,1,Pedestrian
4,1765.0,899.0,1820.0,954.0,3953,0,0,1,Pedestrian
4,1765.0,899.0,1820.0,954.0,3954,0,0,1,Pedestrian
4,1765.0,899.0,1820.0,956.0,3955,0,0,1,Pedestrian
4,1765.0,899.0,1820.0,956.0,3956,0,0,1,Pedestrian
4,1765.0,899.0,1820.0,956.0,3957,0,0,1,Pedestrian
4,1765.0,899.0,1820.0,956.0,3958,0,0,1,Pedestrian
4,1765.0,899.0,1820.0,956.0,3959,0,0,1,Pedestrian
4,1765.0,899.0,1820.0,956.0,3960,0,0,1,Pedestrian
4,1765.0,899.0,1820.0,956.0,3961,0,0,1,Pedestrian
4,1765.0,899.0,1820.0,956.0,3962,0,0,1,Pedestrian
4,1765.0,899.0,1820.0,956.0,3963,0,0,1,Pedestrian
4,1765.0,899.0,1820.0,956.0,3964,0,0,1,Pedestrian
4,1765.0,899.0,1820.0,956.0,3965,0,0,1,Pedestrian
4,1765.0,899.0,1820.0,956.0,3966,0,0,1,Pedestrian
4,1765.0,899.0,1820.0,956.0,3967,0,0,1,Pedestrian
4,1765.0,899.0,1820.0,956.0,3968,0,0,1,Pedestrian
4,1765.0,899.0,1820.0,956.0,3969,0,0,1,Pedestrian
4,1765.0,899.0,1820.0,956.0,3970,0,0,1,Pedestrian
4,1765.0,899.0,1820.0,956.0,3971,0,0,1,Pedestrian
4,1765.0,899.0,1820.0,956.0,3972,0,0,1,Pedestrian
4,1765.0,899.0,1820.0,956.0,3973,0,0,1,Pedestrian
4,1765.0,899.0,1820.0,956.0,3974,0,0,1,Pedestrian
4,1765.0,899.0,1820.0,956.0,3975,0,0,1,Pedestrian
4,1765.0,899.0,1820.0,956.0,3976,0,0,1,Pedestrian
4,1765.0,899.0,1820.0,956.0,3977,0,0,1,Pedestrian
4,1765.0,899.0,1820.0,956.0,3978,0,0,1,Pedestrian
4,1765.0,899.0,1820.0,956.0,3979,0,0,1,Pedestrian
4,1765.0,899.0,1820.0,956.0,3980,0,0,1,Pedestrian
4,1765.0,899.0,1820.0,956.0,3981,0,0,1,Pedestrian
4,1765.0,899.0,1820.0,956.0,3982,0,0,1,Pedestrian
4,1765.0,899.0,1820.0,956.0,3983,0,0,1,Pedestrian
4,1765.0,899.0,1820.0,956.0,3984,0,0,1,Pedestrian
4,1765.0,899.0,1820.0,956.0,3985,0,0,1,Pedestrian
4,1765.0,899.0,1820.0,956.0,3986,0,0,1,Pedestrian
4,1765.0,899.0,1820.0,956.0,3987,0,0,1,Pedestrian
4,1765.0,899.0,1820.0,956.0,3988,0,0,1,Pedestrian
4,1765.0,899.0,1820.0,956.0,3989,0,0,1,Pedestrian
4,1765.0,899.0,1820.0,956.0,3990,0,0,1,Pedestrian
4,1765.0,899.0,1820.0,956.0,3991,0,0,1,Pedestrian
4,1765.0,899.0,1820.0,956.0,3992,0,0,1,Pedestrian
4,1765.0,899.0,1820.0,956.0,3993,0,0,1,Pedestrian
4,1765.0,899.0,1820.0,956.0,3994,0,0,1,Pedestrian
4,1765.0,899.0,1820.0,956.0,3995,0,0,1,Pedestrian
4,1765.0,899.0,1820.0,956.0,3996,0,0,1,Pedestrian
4,1765.0,899.0,1820.0,956.0,3997,0,0,1,Pedestrian
4,1765.0,899.0,1820.0,956.0,3998,0,0,1,Pedestrian
4,1765.0,899.0,1820.0,956.0,3999,0,0,1,Pedestrian
4,1768.0,899.0,1820.0,958.0,4000,0,0,0,Pedestrian
4,1765.0,897.0,1820.0,956.0,4001,0,0,1,Pedestrian
4,1765.0,897.0,1820.0,956.0,4002,0,0,1,Pedestrian
4,1765.0,897.0,1820.0,956.0,4003,0,0,1,Pedestrian
4,1765.0,897.0,1820.0,956.0,4004,0,0,1,Pedestrian
4,1765.0,897.0,1820.0,956.0,4005,0,0,1,Pedestrian
4,1765.0,897.0,1820.0,956.0,4006,0,0,1,Pedestrian
4,1765.0,897.0,1820.0,956.0,4007,0,0,1,Pedestrian
4,1765.0,897.0,1820.0,956.0,4008,0,0,1,Pedestrian
4,1765.0,897.0,1820.0,956.0,4009,0,0,1,Pedestrian
4,1765.0,897.0,1820.0,956.0,4010,0,0,1,Pedestrian
4,1765.0,897.0,1820.0,956.0,4011,0,0,1,Pedestrian
4,1765.0,897.0,1820.0,956.0,4012,0,0,1,Pedestrian
4,1765.0,897.0,1820.0,956.0,4013,0,0,1,Pedestrian
4,1765.0,897.0,1820.0,956.0,4014,0,0,1,Pedestrian
4,1765.0,897.0,1820.0,956.0,4015,0,0,1,Pedestrian
4,1765.0,897.0,1820.0,956.0,4016,0,0,1,Pedestrian
4,1765.0,897.0,1820.0,956.0,4017,0,0,1,Pedestrian
4,1765.0,897.0,1820.0,956.0,4018,0,0,1,Pedestrian
4,1765.0,897.0,1820.0,956.0,4019,0,0,1,Pedestrian
4,1765.0,897.0,1820.0,956.0,4020,0,0,1,Pedestrian
4,1765.0,897.0,1820.0,956.0,4021,0,0,1,Pedestrian
4,1765.0,897.0,1820.0,956.0,4022,0,0,1,Pedestrian
4,1765.0,897.0,1820.0,956.0,4023,0,0,1,Pedestrian
4,1765.0,897.0,1820.0,956.0,4024,0,0,1,Pedestrian
4,1765.0,897.0,1820.0,956.0,4025,0,0,1,Pedestrian
4,1765.0,897.0,1820.0,956.0,4026,0,0,1,Pedestrian
4,1765.0,897.0,1820.0,956.0,4027,0,0,1,Pedestrian
4,1765.0,897.0,1820.0,956.0,4028,0,0,1,Pedestrian
4,1765.0,897.0,1820.0,956.0,4029,0,0,1,Pedestrian
4,1765.0,897.0,1820.0,956.0,4030,0,0,1,Pedestrian
4,1765.0,897.0,1820.0,956.0,4031,0,0,1,Pedestrian
4,1765.0,897.0,1820.0,956.0,4032,0,0,1,Pedestrian
4,1765.0,897.0,1820.0,956.0,4033,0,0,1,Pedestrian
4,1765.0,897.0,1820.0,956.0,4034,0,0,1,Pedestrian
4,1765.0,897.0,1820.0,956.0,4035,0,0,1,Pedestrian
4,1765.0,897.0,1820.0,956.0,4036,0,0,1,Pedestrian
4,1765.0,897.0,1820.0,956.0,4037,0,0,1,Pedestrian
4,1765.0,897.0,1820.0,956.0,4038,0,0,1,Pedestrian
4,1765.0,897.0,1820.0,956.0,4039,0,0,1,Pedestrian
4,1765.0,897.0,1820.0,956.0,4040,0,0,1,Pedestrian
4,1765.0,897.0,1820.0,956.0,4041,0,0,1,Pedestrian
4,1765.0,897.0,1820.0,956.0,4042,0,0,1,Pedestrian
4,1765.0,897.0,1820.0,956.0,4043,0,0,1,Pedestrian
4,1765.0,897.0,1820.0,956.0,4044,0,0,1,Pedestrian
4,1765.0,897.0,1820.0,956.0,4045,0,0,1,Pedestrian
4,1765.0,897.0,1820.0,956.0,4046,0,0,1,Pedestrian
4,1765.0,897.0,1820.0,956.0,4047,0,0,1,Pedestrian
4,1765.0,897.0,1820.0,956.0,4048,0,0,1,Pedestrian
4,1765.0,897.0,1820.0,956.0,4049,0,0,1,Pedestrian
4,1765.0,897.0,1820.0,956.0,4050,0,0,1,Pedestrian
4,1765.0,897.0,1820.0,956.0,4051,0,0,1,Pedestrian
4,1765.0,897.0,1820.0,956.0,4052,0,0,1,Pedestrian
4,1765.0,897.0,1820.0,956.0,4053,0,0,1,Pedestrian
4,1765.0,897.0,1820.0,954.0,4054,0,0,1,Pedestrian
4,1765.0,897.0,1820.0,954.0,4055,0,0,1,Pedestrian
4,1765.0,897.0,1820.0,954.0,4056,0,0,1,Pedestrian
4,1765.0,897.0,1820.0,954.0,4057,0,0,1,Pedestrian
4,1765.0,897.0,1820.0,954.0,4058,0,0,1,Pedestrian
4,1765.0,897.0,1820.0,954.0,4059,0,0,1,Pedestrian
4,1765.0,897.0,1820.0,954.0,4060,0,0,1,Pedestrian
4,1765.0,897.0,1820.0,954.0,4061,0,0,1,Pedestrian
4,1765.0,897.0,1820.0,954.0,4062,0,0,1,Pedestrian
4,1765.0,897.0,1820.0,954.0,4063,0,0,1,Pedestrian
4,1765.0,897.0,1820.0,954.0,4064,0,0,1,Pedestrian
4,1765.0,897.0,1820.0,954.0,4065,0,0,1,Pedestrian
4,1765.0,897.0,1820.0,954.0,4066,0,0,1,Pedestrian
4,1765.0,897.0,1820.0,954.0,4067,0,0,1,Pedestrian
4,1765.0,897.0,1820.0,954.0,4068,0,0,1,Pedestrian
4,1765.0,897.0,1820.0,954.0,4069,0,0,1,Pedestrian
4,1765.0,897.0,1820.0,954.0,4070,0,0,1,Pedestrian
4,1765.0,897.0,1820.0,954.0,4071,0,0,1,Pedestrian
4,1765.0,897.0,1820.0,954.0,4072,0,0,1,Pedestrian
4,1765.0,897.0,1820.0,954.0,4073,0,0,1,Pedestrian
4,1765.0,897.0,1820.0,954.0,4074,0,0,1,Pedestrian
4,1765.0,897.0,1820.0,954.0,4075,0,0,1,Pedestrian
4,1765.0,897.0,1820.0,954.0,4076,0,0,1,Pedestrian
4,1765.0,897.0,1820.0,954.0,4077,0,0,1,Pedestrian
4,1765.0,897.0,1820.0,954.0,4078,0,0,1,Pedestrian
4,1765.0,897.0,1820.0,954.0,4079,0,0,1,Pedestrian
4,1765.0,897.0,1820.0,954.0,4080,0,0,1,Pedestrian
4,1765.0,897.0,1820.0,954.0,4081,0,0,1,Pedestrian
4,1765.0,897.0,1820.0,954.0,4082,0,0,1,Pedestrian
4,1765.0,897.0,1820.0,954.0,4083,0,0,1,Pedestrian
4,1765.0,897.0,1820.0,954.0,4084,0,0,1,Pedestrian
4,1765.0,897.0,1820.0,954.0,4085,0,0,1,Pedestrian
4,1765.0,897.0,1820.0,954.0,4086,0,0,1,Pedestrian
4,1765.0,897.0,1820.0,954.0,4087,0,0,1,Pedestrian
4,1765.0,897.0,1820.0,954.0,4088,0,0,1,Pedestrian
4,1765.0,897.0,1820.0,954.0,4089,0,0,1,Pedestrian
4,1765.0,897.0,1820.0,954.0,4090,0,0,1,Pedestrian
4,1765.0,897.0,1820.0,954.0,4091,0,0,1,Pedestrian
4,1765.0,897.0,1820.0,954.0,4092,0,0,1,Pedestrian
4,1765.0,897.0,1820.0,954.0,4093,0,0,1,Pedestrian
4,1765.0,897.0,1820.0,954.0,4094,0,0,1,Pedestrian
4,1765.0,897.0,1820.0,954.0,4095,0,0,1,Pedestrian
4,1765.0,897.0,1820.0,954.0,4096,0,0,1,Pedestrian
4,1765.0,897.0,1820.0,954.0,4097,0,0,1,Pedestrian
4,1765.0,897.0,1820.0,954.0,4098,0,0,1,Pedestrian
4,1765.0,897.0,1820.0,954.0,4099,0,0,1,Pedestrian
4,1765.0,897.0,1820.0,954.0,4100,0,0,1,Pedestrian
4,1765.0,897.0,1820.0,954.0,4101,0,0,1,Pedestrian
4,1765.0,897.0,1820.0,954.0,4102,0,0,1,Pedestrian
4,1765.0,897.0,1820.0,954.0,4103,0,0,1,Pedestrian
4,1765.0,897.0,1820.0,954.0,4104,0,0,1,Pedestrian
4,1765.0,897.0,1820.0,954.0,4105,0,0,1,Pedestrian
4,1765.0,897.0,1820.0,954.0,4106,0,0,1,Pedestrian
4,1765.0,897.0,1823.0,951.0,4107,0,0,1,Pedestrian
4,1765.0,897.0,1823.0,951.0,4108,0,0,1,Pedestrian
4,1765.0,897.0,1823.0,951.0,4109,0,0,1,Pedestrian
4,1765.0,897.0,1823.0,951.0,4110,0,0,1,Pedestrian
4,1765.0,897.0,1823.0,951.0,4111,0,0,1,Pedestrian
4,1765.0,897.0,1823.0,951.0,4112,0,0,1,Pedestrian
4,1765.0,897.0,1823.0,951.0,4113,0,0,1,Pedestrian
4,1765.0,897.0,1823.0,951.0,4114,0,0,1,Pedestrian
4,1765.0,897.0,1823.0,951.0,4115,0,0,1,Pedestrian
4,1765.0,897.0,1823.0,951.0,4116,0,0,1,Pedestrian
4,1765.0,897.0,1823.0,951.0,4117,0,0,1,Pedestrian
4,1765.0,897.0,1823.0,951.0,4118,0,0,1,Pedestrian
4,1765.0,897.0,1823.0,951.0,4119,0,0,1,Pedestrian
4,1765.0,897.0,1823.0,951.0,4120,0,0,1,Pedestrian
4,1765.0,897.0,1823.0,951.0,4121,0,0,1,Pedestrian
4,1765.0,897.0,1823.0,951.0,4122,0,0,1,Pedestrian
4,1765.0,897.0,1823.0,951.0,4123,0,0,1,Pedestrian
4,1765.0,897.0,1823.0,951.0,4124,0,0,1,Pedestrian
4,1765.0,897.0,1823.0,951.0,4125,0,0,1,Pedestrian
4,1765.0,897.0,1823.0,951.0,4126,0,0,1,Pedestrian
4,1765.0,897.0,1823.0,951.0,4127,0,0,1,Pedestrian
4,1765.0,897.0,1823.0,951.0,4128,0,0,1,Pedestrian
4,1765.0,897.0,1823.0,951.0,4129,0,0,1,Pedestrian
4,1765.0,897.0,1823.0,951.0,4130,0,0,1,Pedestrian
4,1765.0,897.0,1823.0,951.0,4131,0,0,1,Pedestrian
4,1765.0,897.0,1823.0,951.0,4132,0,0,1,Pedestrian
4,1765.0,897.0,1823.0,951.0,4133,0,0,1,Pedestrian
4,1765.0,897.0,1823.0,951.0,4134,0,0,1,Pedestrian
4,1765.0,897.0,1823.0,951.0,4135,0,0,1,Pedestrian
4,1765.0,897.0,1823.0,951.0,4136,0,0,1,Pedestrian
4,1765.0,897.0,1823.0,951.0,4137,0,0,1,Pedestrian
4,1765.0,897.0,1823.0,951.0,4138,0,0,1,Pedestrian
4,1765.0,897.0,1823.0,951.0,4139,0,0,1,Pedestrian
4,1765.0,897.0,1823.0,951.0,4140,0,0,1,Pedestrian
4,1765.0,897.0,1823.0,951.0,4141,0,0,1,Pedestrian
4,1765.0,897.0,1823.0,951.0,4142,0,0,1,Pedestrian
4,1765.0,897.0,1823.0,951.0,4143,0,0,1,Pedestrian
4,1765.0,897.0,1823.0,951.0,4144,0,0,1,Pedestrian
4,1765.0,897.0,1823.0,951.0,4145,0,0,1,Pedestrian
4,1765.0,897.0,1823.0,951.0,4146,0,0,1,Pedestrian
4,1765.0,897.0,1823.0,951.0,4147,0,0,1,Pedestrian
4,1765.0,897.0,1823.0,951.0,4148,0,0,1,Pedestrian
4,1765.0,897.0,1823.0,951.0,4149,0,0,1,Pedestrian
4,1765.0,897.0,1823.0,951.0,4150,0,0,1,Pedestrian
4,1765.0,897.0,1823.0,951.0,4151,0,0,1,Pedestrian
4,1765.0,897.0,1823.0,951.0,4152,0,0,1,Pedestrian
4,1765.0,897.0,1823.0,951.0,4153,0,0,1,Pedestrian
4,1765.0,897.0,1823.0,951.0,4154,0,0,1,Pedestrian
4,1765.0,897.0,1823.0,951.0,4155,0,0,1,Pedestrian
4,1765.0,897.0,1823.0,951.0,4156,0,0,1,Pedestrian
4,1765.0,897.0,1823.0,951.0,4157,0,0,1,Pedestrian
4,1765.0,897.0,1823.0,951.0,4158,0,0,1,Pedestrian
4,1765.0,897.0,1823.0,951.0,4159,0,0,1,Pedestrian
4,1765.0,897.0,1823.0,949.0,4160,0,0,1,Pedestrian
4,1765.0,897.0,1823.0,949.0,4161,0,0,1,Pedestrian
4,1765.0,897.0,1823.0,949.0,4162,0,0,1,Pedestrian
4,1765.0,897.0,1823.0,949.0,4163,0,0,1,Pedestrian
4,1765.0,897.0,1823.0,949.0,4164,0,0,1,Pedestrian
4,1765.0,897.0,1823.0,949.0,4165,0,0,1,Pedestrian
4,1765.0,897.0,1823.0,949.0,4166,0,0,1,Pedestrian
4,1765.0,897.0,1823.0,949.0,4167,0,0,1,Pedestrian
4,1765.0,897.0,1823.0,949.0,4168,0,0,1,Pedestrian
4,1765.0,897.0,1823.0,949.0,4169,0,0,1,Pedestrian
4,1765.0,897.0,1823.0,949.0,4170,0,0,1,Pedestrian
4,1765.0,897.0,1823.0,949.0,4171,0,0,1,Pedestrian
4,1765.0,897.0,1823.0,949.0,4172,0,0,1,Pedestrian
4,1765.0,897.0,1823.0,949.0,4173,0,0,1,Pedestrian
4,1765.0,897.0,1823.0,949.0,4174,0,0,1,Pedestrian
4,1765.0,897.0,1823.0,949.0,4175,0,0,1,Pedestrian
4,1765.0,897.0,1823.0,949.0,4176,0,0,1,Pedestrian
4,1765.0,897.0,1823.0,949.0,4177,0,0,1,Pedestrian
4,1765.0,894.0,1823.0,949.0,4178,0,0,1,Pedestrian
4,1765.0,894.0,1823.0,949.0,4179,0,0,1,Pedestrian
4,1765.0,894.0,1823.0,949.0,4180,0,0,1,Pedestrian
4,1765.0,894.0,1823.0,949.0,4181,0,0,1,Pedestrian
4,1765.0,894.0,1823.0,949.0,4182,0,0,1,Pedestrian
4,1765.0,894.0,1823.0,949.0,4183,0,0,1,Pedestrian
4,1765.0,894.0,1823.0,949.0,4184,0,0,1,Pedestrian
4,1765.0,894.0,1823.0,949.0,4185,0,0,1,Pedestrian
4,1765.0,894.0,1823.0,949.0,4186,0,0,1,Pedestrian
4,1765.0,894.0,1823.0,949.0,4187,0,0,1,Pedestrian
4,1765.0,894.0,1823.0,949.0,4188,0,0,1,Pedestrian
4,1765.0,894.0,1823.0,949.0,4189,0,0,1,Pedestrian
4,1765.0,894.0,1823.0,949.0,4190,0,0,1,Pedestrian
4,1765.0,894.0,1823.0,949.0,4191,0,0,1,Pedestrian
4,1765.0,894.0,1823.0,949.0,4192,0,0,1,Pedestrian
4,1765.0,894.0,1823.0,949.0,4193,0,0,1,Pedestrian
4,1765.0,894.0,1823.0,949.0,4194,0,0,1,Pedestrian
4,1765.0,894.0,1823.0,949.0,4195,0,0,1,Pedestrian
4,1765.0,894.0,1823.0,949.0,4196,0,0,1,Pedestrian
4,1765.0,894.0,1823.0,949.0,4197,0,0,1,Pedestrian
4,1765.0,894.0,1823.0,949.0,4198,0,0,1,Pedestrian
4,1765.0,894.0,1823.0,949.0,4199,0,0,1,Pedestrian
4,1765.0,894.0,1823.0,949.0,4200,0,0,1,Pedestrian
4,1765.0,894.0,1823.0,949.0,4201,0,0,1,Pedestrian
4,1765.0,894.0,1823.0,949.0,4202,0,0,1,Pedestrian
4,1765.0,894.0,1823.0,949.0,4203,0,0,1,Pedestrian
4,1765.0,894.0,1823.0,949.0,4204,0,0,1,Pedestrian
4,1765.0,894.0,1823.0,949.0,4205,0,0,1,Pedestrian
4,1765.0,894.0,1823.0,949.0,4206,0,0,1,Pedestrian
4,1765.0,894.0,1823.0,949.0,4207,0,0,1,Pedestrian
4,1765.0,894.0,1823.0,949.0,4208,0,0,1,Pedestrian
4,1765.0,894.0,1823.0,949.0,4209,0,0,1,Pedestrian
4,1765.0,894.0,1823.0,949.0,4210,0,0,1,Pedestrian
4,1765.0,894.0,1823.0,949.0,4211,0,0,1,Pedestrian
4,1765.0,894.0,1823.0,949.0,4212,0,0,1,Pedestrian
4,1765.0,894.0,1826.0,947.0,4213,0,0,1,Pedestrian
4,1765.0,894.0,1826.0,947.0,4214,0,0,1,Pedestrian
4,1765.0,894.0,1826.0,947.0,4215,0,0,1,Pedestrian
4,1765.0,894.0,1826.0,947.0,4216,0,0,1,Pedestrian
4,1765.0,894.0,1826.0,947.0,4217,0,0,1,Pedestrian
4,1765.0,894.0,1826.0,947.0,4218,0,0,1,Pedestrian
4,1765.0,894.0,1826.0,947.0,4219,0,0,1,Pedestrian
4,1765.0,894.0,1826.0,947.0,4220,0,0,1,Pedestrian
4,1765.0,894.0,1826.0,947.0,4221,0,0,1,Pedestrian
4,1765.0,894.0,1826.0,947.0,4222,0,0,1,Pedestrian
4,1765.0,894.0,1826.0,947.0,4223,0,0,1,Pedestrian
4,1765.0,894.0,1826.0,947.0,4224,0,0,1,Pedestrian
4,1765.0,894.0,1826.0,947.0,4225,0,0,1,Pedestrian
4,1765.0,894.0,1826.0,947.0,4226,0,0,1,Pedestrian
4,1765.0,894.0,1826.0,947.0,4227,0,0,1,Pedestrian
4,1765.0,894.0,1826.0,947.0,4228,0,0,1,Pedestrian
4,1765.0,894.0,1826.0,947.0,4229,0,0,1,Pedestrian
4,1765.0,894.0,1826.0,947.0,4230,0,0,1,Pedestrian
4,1765.0,894.0,1826.0,947.0,4231,0,0,1,Pedestrian
4,1765.0,894.0,1826.0,947.0,4232,0,0,1,Pedestrian
4,1765.0,894.0,1826.0,947.0,4233,0,0,1,Pedestrian
4,1765.0,894.0,1826.0,947.0,4234,0,0,1,Pedestrian
4,1765.0,894.0,1826.0,947.0,4235,0,0,1,Pedestrian
4,1765.0,894.0,1826.0,947.0,4236,0,0,1,Pedestrian
4,1765.0,894.0,1826.0,947.0,4237,0,0,1,Pedestrian
4,1765.0,894.0,1826.0,947.0,4238,0,0,1,Pedestrian
4,1765.0,894.0,1826.0,947.0,4239,0,0,1,Pedestrian
4,1765.0,894.0,1826.0,947.0,4240,0,0,1,Pedestrian
4,1765.0,894.0,1826.0,947.0,4241,0,0,1,Pedestrian
4,1765.0,894.0,1826.0,947.0,4242,0,0,1,Pedestrian
4,1765.0,894.0,1826.0,947.0,4243,0,0,1,Pedestrian
4,1765.0,894.0,1826.0,947.0,4244,0,0,1,Pedestrian
4,1765.0,894.0,1826.0,947.0,4245,0,0,1,Pedestrian
4,1765.0,894.0,1826.0,947.0,4246,0,0,1,Pedestrian
4,1765.0,894.0,1826.0,947.0,4247,0,0,1,Pedestrian
4,1765.0,894.0,1826.0,947.0,4248,0,0,1,Pedestrian
4,1765.0,894.0,1826.0,947.0,4249,0,0,1,Pedestrian
4,1765.0,894.0,1826.0,947.0,4250,0,0,1,Pedestrian
4,1765.0,894.0,1826.0,947.0,4251,0,0,1,Pedestrian
4,1765.0,894.0,1826.0,947.0,4252,0,0,1,Pedestrian
4,1765.0,894.0,1826.0,947.0,4253,0,0,1,Pedestrian
4,1765.0,894.0,1826.0,947.0,4254,0,0,1,Pedestrian
4,1765.0,894.0,1826.0,947.0,4255,0,0,1,Pedestrian
4,1765.0,894.0,1826.0,947.0,4256,0,0,1,Pedestrian
4,1765.0,894.0,1826.0,947.0,4257,0,0,1,Pedestrian
4,1765.0,894.0,1826.0,947.0,4258,0,0,1,Pedestrian
4,1765.0,894.0,1826.0,947.0,4259,0,0,1,Pedestrian
4,1765.0,894.0,1826.0,947.0,4260,0,0,1,Pedestrian
4,1765.0,894.0,1826.0,947.0,4261,0,0,1,Pedestrian
4,1765.0,894.0,1826.0,947.0,4262,0,0,1,Pedestrian
4,1765.0,894.0,1826.0,947.0,4263,0,0,1,Pedestrian
4,1765.0,894.0,1826.0,947.0,4264,0,0,1,Pedestrian
4,1765.0,894.0,1826.0,947.0,4265,0,0,1,Pedestrian
4,1762.0,894.0,1826.0,944.0,4266,0,0,1,Pedestrian
4,1762.0,894.0,1826.0,944.0,4267,0,0,1,Pedestrian
4,1762.0,894.0,1826.0,944.0,4268,0,0,1,Pedestrian
4,1762.0,894.0,1826.0,944.0,4269,0,0,1,Pedestrian
4,1762.0,894.0,1826.0,944.0,4270,0,0,1,Pedestrian
4,1762.0,894.0,1826.0,944.0,4271,0,0,1,Pedestrian
4,1762.0,894.0,1826.0,944.0,4272,0,0,1,Pedestrian
4,1762.0,894.0,1826.0,944.0,4273,0,0,1,Pedestrian
4,1762.0,894.0,1826.0,944.0,4274,0,0,1,Pedestrian
4,1762.0,894.0,1826.0,944.0,4275,0,0,1,Pedestrian
4,1762.0,894.0,1826.0,944.0,4276,0,0,1,Pedestrian
4,1762.0,894.0,1826.0,944.0,4277,0,0,1,Pedestrian
4,1762.0,894.0,1826.0,944.0,4278,0,0,1,Pedestrian
4,1762.0,894.0,1826.0,944.0,4279,0,0,1,Pedestrian
4,1762.0,894.0,1826.0,944.0,4280,0,0,1,Pedestrian
4,1762.0,894.0,1826.0,944.0,4281,0,0,1,Pedestrian
4,1762.0,894.0,1826.0,944.0,4282,0,0,1,Pedestrian
4,1762.0,894.0,1826.0,944.0,4283,0,0,1,Pedestrian
4,1762.0,894.0,1826.0,944.0,4284,0,0,1,Pedestrian
4,1762.0,894.0,1826.0,944.0,4285,0,0,1,Pedestrian
4,1762.0,894.0,1826.0,944.0,4286,0,0,1,Pedestrian
4,1762.0,894.0,1826.0,944.0,4287,0,0,1,Pedestrian
4,1762.0,894.0,1826.0,944.0,4288,0,0,1,Pedestrian
4,1762.0,894.0,1826.0,944.0,4289,0,0,1,Pedestrian
4,1762.0,894.0,1826.0,944.0,4290,0,0,1,Pedestrian
4,1762.0,894.0,1826.0,944.0,4291,0,0,1,Pedestrian
4,1762.0,894.0,1826.0,944.0,4292,0,0,1,Pedestrian
4,1762.0,894.0,1826.0,944.0,4293,0,0,1,Pedestrian
4,1762.0,894.0,1826.0,944.0,4294,0,0,1,Pedestrian
4,1762.0,894.0,1826.0,944.0,4295,0,0,1,Pedestrian
4,1762.0,894.0,1826.0,944.0,4296,0,0,1,Pedestrian
4,1762.0,894.0,1826.0,944.0,4297,0,0,1,Pedestrian
4,1762.0,894.0,1826.0,944.0,4298,0,0,1,Pedestrian
4,1762.0,894.0,1826.0,944.0,4299,0,0,1,Pedestrian
4,1762.0,894.0,1826.0,944.0,4300,0,0,1,Pedestrian
4,1762.0,894.0,1826.0,944.0,4301,0,0,1,Pedestrian
4,1762.0,894.0,1826.0,944.0,4302,0,0,1,Pedestrian
4,1762.0,894.0,1826.0,944.0,4303,0,0,1,Pedestrian
4,1762.0,894.0,1826.0,944.0,4304,0,0,1,Pedestrian
4,1762.0,894.0,1826.0,944.0,4305,0,0,1,Pedestrian
4,1762.0,894.0,1826.0,944.0,4306,0,0,1,Pedestrian
4,1762.0,894.0,1826.0,944.0,4307,0,0,1,Pedestrian
4,1762.0,894.0,1826.0,944.0,4308,0,0,1,Pedestrian
4,1762.0,894.0,1826.0,944.0,4309,0,0,1,Pedestrian
4,1762.0,894.0,1826.0,944.0,4310,0,0,1,Pedestrian
4,1762.0,894.0,1826.0,944.0,4311,0,0,1,Pedestrian
4,1762.0,894.0,1826.0,944.0,4312,0,0,1,Pedestrian
4,1762.0,894.0,1826.0,944.0,4313,0,0,1,Pedestrian
4,1762.0,894.0,1826.0,944.0,4314,0,0,1,Pedestrian
4,1762.0,894.0,1826.0,944.0,4315,0,0,1,Pedestrian
4,1762.0,894.0,1826.0,944.0,4316,0,0,1,Pedestrian
4,1762.0,894.0,1826.0,944.0,4317,0,0,1,Pedestrian
4,1762.0,894.0,1826.0,944.0,4318,0,0,1,Pedestrian
4,1762.0,894.0,1828.0,942.0,4319,0,0,1,Pedestrian
4,1762.0,894.0,1828.0,942.0,4320,0,0,1,Pedestrian
4,1762.0,894.0,1828.0,942.0,4321,0,0,1,Pedestrian
4,1762.0,894.0,1828.0,942.0,4322,0,0,1,Pedestrian
4,1762.0,894.0,1828.0,942.0,4323,0,0,1,Pedestrian
4,1762.0,894.0,1828.0,942.0,4324,0,0,1,Pedestrian
4,1762.0,894.0,1828.0,942.0,4325,0,0,1,Pedestrian
4,1762.0,894.0,1828.0,942.0,4326,0,0,1,Pedestrian
4,1762.0,894.0,1828.0,942.0,4327,0,0,1,Pedestrian
4,1762.0,894.0,1828.0,942.0,4328,0,0,1,Pedestrian
4,1762.0,894.0,1828.0,942.0,4329,0,0,1,Pedestrian
4,1762.0,894.0,1828.0,942.0,4330,0,0,1,Pedestrian
4,1762.0,894.0,1828.0,942.0,4331,0,0,1,Pedestrian
4,1762.0,894.0,1828.0,942.0,4332,0,0,1,Pedestrian
4,1762.0,894.0,1828.0,942.0,4333,0,0,1,Pedestrian
4,1762.0,894.0,1828.0,942.0,4334,0,0,1,Pedestrian
4,1762.0,894.0,1828.0,942.0,4335,0,0,1,Pedestrian
4,1762.0,894.0,1828.0,942.0,4336,0,0,1,Pedestrian
4,1762.0,894.0,1828.0,942.0,4337,0,0,1,Pedestrian
4,1762.0,894.0,1828.0,942.0,4338,0,0,1,Pedestrian
4,1762.0,894.0,1828.0,942.0,4339,0,0,1,Pedestrian
4,1762.0,894.0,1828.0,942.0,4340,0,0,1,Pedestrian
4,1762.0,894.0,1828.0,942.0,4341,0,0,1,Pedestrian
4,1762.0,894.0,1828.0,942.0,4342,0,0,1,Pedestrian
4,1762.0,894.0,1828.0,942.0,4343,0,0,1,Pedestrian
4,1762.0,894.0,1828.0,942.0,4344,0,0,1,Pedestrian
4,1762.0,894.0,1828.0,942.0,4345,0,0,1,Pedestrian
4,1762.0,894.0,1828.0,942.0,4346,0,0,1,Pedestrian
4,1762.0,894.0,1828.0,942.0,4347,0,0,1,Pedestrian
4,1762.0,894.0,1828.0,942.0,4348,0,0,1,Pedestrian
4,1762.0,894.0,1828.0,942.0,4349,0,0,1,Pedestrian
4,1762.0,894.0,1828.0,942.0,4350,0,0,1,Pedestrian
4,1762.0,894.0,1828.0,942.0,4351,0,0,1,Pedestrian
4,1762.0,894.0,1828.0,942.0,4352,0,0,1,Pedestrian
4,1762.0,894.0,1828.0,942.0,4353,0,0,1,Pedestrian
4,1762.0,894.0,1828.0,942.0,4354,0,0,1,Pedestrian
4,1762.0,892.0,1828.0,942.0,4355,0,0,1,Pedestrian
4,1762.0,892.0,1828.0,942.0,4356,0,0,1,Pedestrian
4,1762.0,892.0,1828.0,942.0,4357,0,0,1,Pedestrian
4,1762.0,892.0,1828.0,942.0,4358,0,0,1,Pedestrian
4,1762.0,892.0,1828.0,942.0,4359,0,0,1,Pedestrian
4,1762.0,892.0,1828.0,942.0,4360,0,0,1,Pedestrian
4,1762.0,892.0,1828.0,942.0,4361,0,0,1,Pedestrian
4,1762.0,892.0,1828.0,942.0,4362,0,0,1,Pedestrian
4,1762.0,892.0,1828.0,942.0,4363,0,0,1,Pedestrian
4,1762.0,892.0,1828.0,942.0,4364,0,0,1,Pedestrian
4,1762.0,892.0,1828.0,942.0,4365,0,0,1,Pedestrian
4,1762.0,892.0,1828.0,942.0,4366,0,0,1,Pedestrian
4,1762.0,892.0,1828.0,942.0,4367,0,0,1,Pedestrian
4,1762.0,892.0,1828.0,942.0,4368,0,0,1,Pedestrian
4,1762.0,892.0,1828.0,942.0,4369,0,0,1,Pedestrian
4,1762.0,892.0,1828.0,942.0,4370,0,0,1,Pedestrian
4,1762.0,892.0,1828.0,942.0,4371,0,0,1,Pedestrian
4,1762.0,892.0,1828.0,940.0,4372,0,0,1,Pedestrian
4,1762.0,892.0,1828.0,940.0,4373,0,0,1,Pedestrian
4,1762.0,892.0,1828.0,940.0,4374,0,0,1,Pedestrian
4,1762.0,892.0,1828.0,940.0,4375,0,0,1,Pedestrian
4,1762.0,892.0,1828.0,940.0,4376,0,0,1,Pedestrian
4,1762.0,892.0,1828.0,940.0,4377,0,0,1,Pedestrian
4,1762.0,892.0,1828.0,940.0,4378,0,0,1,Pedestrian
4,1762.0,892.0,1828.0,940.0,4379,0,0,1,Pedestrian
4,1762.0,892.0,1828.0,940.0,4380,0,0,1,Pedestrian
4,1762.0,892.0,1828.0,940.0,4381,0,0,1,Pedestrian
4,1762.0,892.0,1828.0,940.0,4382,0,0,1,Pedestrian
4,1762.0,892.0,1828.0,940.0,4383,0,0,1,Pedestrian
4,1762.0,892.0,1828.0,940.0,4384,0,0,1,Pedestrian
4,1762.0,892.0,1828.0,940.0,4385,0,0,1,Pedestrian
4,1762.0,892.0,1828.0,940.0,4386,0,0,1,Pedestrian
4,1762.0,892.0,1828.0,940.0,4387,0,0,1,Pedestrian
4,1762.0,892.0,1828.0,940.0,4388,0,0,1,Pedestrian
4,1762.0,892.0,1828.0,940.0,4389,0,0,1,Pedestrian
4,1762.0,892.0,1828.0,940.0,4390,0,0,1,Pedestrian
4,1762.0,892.0,1828.0,940.0,4391,0,0,1,Pedestrian
4,1762.0,892.0,1828.0,940.0,4392,0,0,1,Pedestrian
4,1762.0,892.0,1828.0,940.0,4393,0,0,1,Pedestrian
4,1762.0,892.0,1828.0,940.0,4394,0,0,1,Pedestrian
4,1762.0,892.0,1828.0,940.0,4395,0,0,1,Pedestrian
4,1762.0,892.0,1828.0,940.0,4396,0,0,1,Pedestrian
4,1762.0,892.0,1828.0,940.0,4397,0,0,1,Pedestrian
4,1762.0,892.0,1828.0,940.0,4398,0,0,1,Pedestrian
4,1762.0,892.0,1828.0,940.0,4399,0,0,1,Pedestrian
4,1762.0,892.0,1828.0,940.0,4400,0,0,1,Pedestrian
4,1762.0,892.0,1828.0,940.0,4401,0,0,1,Pedestrian
4,1762.0,892.0,1828.0,940.0,4402,0,0,1,Pedestrian
4,1762.0,892.0,1828.0,940.0,4403,0,0,1,Pedestrian
4,1762.0,892.0,1828.0,940.0,4404,0,0,1,Pedestrian
4,1762.0,892.0,1828.0,940.0,4405,0,0,1,Pedestrian
4,1762.0,892.0,1828.0,940.0,4406,0,0,1,Pedestrian
4,1762.0,892.0,1828.0,940.0,4407,0,0,1,Pedestrian
4,1762.0,892.0,1828.0,940.0,4408,0,0,1,Pedestrian
4,1762.0,892.0,1828.0,940.0,4409,0,0,1,Pedestrian
4,1762.0,892.0,1828.0,940.0,4410,0,0,1,Pedestrian
4,1762.0,892.0,1828.0,940.0,4411,0,0,1,Pedestrian
4,1762.0,892.0,1828.0,940.0,4412,0,0,1,Pedestrian
4,1762.0,892.0,1828.0,940.0,4413,0,0,1,Pedestrian
4,1762.0,892.0,1828.0,940.0,4414,0,0,1,Pedestrian
4,1762.0,892.0,1828.0,940.0,4415,0,0,1,Pedestrian
4,1762.0,892.0,1828.0,940.0,4416,0,0,1,Pedestrian
4,1762.0,892.0,1828.0,940.0,4417,0,0,1,Pedestrian
4,1762.0,892.0,1828.0,940.0,4418,0,0,1,Pedestrian
4,1762.0,892.0,1828.0,940.0,4419,0,0,1,Pedestrian
4,1762.0,892.0,1828.0,940.0,4420,0,0,1,Pedestrian
4,1762.0,892.0,1828.0,940.0,4421,0,0,1,Pedestrian
4,1762.0,892.0,1828.0,940.0,4422,0,0,1,Pedestrian
4,1762.0,892.0,1828.0,940.0,4423,0,0,1,Pedestrian
4,1762.0,892.0,1828.0,940.0,4424,0,0,1,Pedestrian
4,1762.0,892.0,1831.0,938.0,4425,0,0,1,Pedestrian
4,1762.0,892.0,1831.0,938.0,4426,0,0,1,Pedestrian
4,1762.0,892.0,1831.0,938.0,4427,0,0,1,Pedestrian
4,1762.0,892.0,1831.0,938.0,4428,0,0,1,Pedestrian
4,1762.0,892.0,1831.0,938.0,4429,0,0,1,Pedestrian
4,1762.0,892.0,1831.0,938.0,4430,0,0,1,Pedestrian
4,1762.0,892.0,1831.0,938.0,4431,0,0,1,Pedestrian
4,1762.0,892.0,1831.0,938.0,4432,0,0,1,Pedestrian
4,1762.0,892.0,1831.0,938.0,4433,0,0,1,Pedestrian
4,1762.0,892.0,1831.0,938.0,4434,0,0,1,Pedestrian
4,1762.0,892.0,1831.0,938.0,4435,0,0,1,Pedestrian
4,1762.0,892.0,1831.0,938.0,4436,0,0,1,Pedestrian
4,1762.0,892.0,1831.0,938.0,4437,0,0,1,Pedestrian
4,1762.0,892.0,1831.0,938.0,4438,0,0,1,Pedestrian
4,1762.0,892.0,1831.0,938.0,4439,0,0,1,Pedestrian
4,1762.0,892.0,1831.0,938.0,4440,0,0,1,Pedestrian
4,1762.0,892.0,1831.0,938.0,4441,0,0,1,Pedestrian
4,1762.0,892.0,1831.0,938.0,4442,0,0,1,Pedestrian
4,1762.0,892.0,1831.0,938.0,4443,0,0,1,Pedestrian
4,1762.0,892.0,1831.0,938.0,4444,0,0,1,Pedestrian
4,1762.0,892.0,1831.0,938.0,4445,0,0,1,Pedestrian
4,1762.0,892.0,1831.0,938.0,4446,0,0,1,Pedestrian
4,1762.0,892.0,1831.0,938.0,4447,0,0,1,Pedestrian
4,1762.0,892.0,1831.0,938.0,4448,0,0,1,Pedestrian
4,1762.0,892.0,1831.0,938.0,4449,0,0,1,Pedestrian
4,1762.0,892.0,1831.0,938.0,4450,0,0,1,Pedestrian
4,1762.0,892.0,1831.0,938.0,4451,0,0,1,Pedestrian
4,1762.0,892.0,1831.0,938.0,4452,0,0,1,Pedestrian
4,1762.0,892.0,1831.0,938.0,4453,0,0,1,Pedestrian
4,1762.0,892.0,1831.0,938.0,4454,0,0,1,Pedestrian
4,1762.0,892.0,1831.0,938.0,4455,0,0,1,Pedestrian
4,1762.0,892.0,1831.0,938.0,4456,0,0,1,Pedestrian
4,1762.0,892.0,1831.0,938.0,4457,0,0,1,Pedestrian
4,1762.0,892.0,1831.0,938.0,4458,0,0,1,Pedestrian
4,1762.0,892.0,1831.0,938.0,4459,0,0,1,Pedestrian
4,1762.0,892.0,1831.0,938.0,4460,0,0,1,Pedestrian
4,1762.0,892.0,1831.0,938.0,4461,0,0,1,Pedestrian
4,1762.0,892.0,1831.0,938.0,4462,0,0,1,Pedestrian
4,1762.0,892.0,1831.0,938.0,4463,0,0,1,Pedestrian
4,1762.0,892.0,1831.0,938.0,4464,0,0,1,Pedestrian
4,1762.0,892.0,1831.0,938.0,4465,0,0,1,Pedestrian
4,1762.0,892.0,1831.0,938.0,4466,0,0,1,Pedestrian
4,1762.0,892.0,1831.0,938.0,4467,0,0,1,Pedestrian
4,1762.0,892.0,1831.0,938.0,4468,0,0,1,Pedestrian
4,1762.0,892.0,1831.0,938.0,4469,0,0,1,Pedestrian
4,1762.0,892.0,1831.0,938.0,4470,0,0,1,Pedestrian
4,1762.0,892.0,1831.0,938.0,4471,0,0,1,Pedestrian
4,1762.0,892.0,1831.0,938.0,4472,0,0,1,Pedestrian
4,1762.0,892.0,1831.0,938.0,4473,0,0,1,Pedestrian
4,1762.0,892.0,1831.0,938.0,4474,0,0,1,Pedestrian
4,1762.0,892.0,1831.0,938.0,4475,0,0,1,Pedestrian
4,1762.0,892.0,1831.0,938.0,4476,0,0,1,Pedestrian
4,1762.0,892.0,1831.0,938.0,4477,0,0,1,Pedestrian
4,1762.0,892.0,1831.0,935.0,4478,0,0,1,Pedestrian
4,1762.0,892.0,1831.0,935.0,4479,0,0,1,Pedestrian
4,1762.0,892.0,1831.0,935.0,4480,0,0,1,Pedestrian
4,1762.0,892.0,1831.0,935.0,4481,0,0,1,Pedestrian
4,1762.0,892.0,1831.0,935.0,4482,0,0,1,Pedestrian
4,1762.0,892.0,1831.0,935.0,4483,0,0,1,Pedestrian
4,1762.0,892.0,1831.0,935.0,4484,0,0,1,Pedestrian
4,1762.0,892.0,1831.0,935.0,4485,0,0,1,Pedestrian
4,1762.0,892.0,1831.0,935.0,4486,0,0,1,Pedestrian
4,1762.0,892.0,1831.0,935.0,4487,0,0,1,Pedestrian
4,1762.0,892.0,1831.0,935.0,4488,0,0,1,Pedestrian
4,1762.0,892.0,1831.0,935.0,4489,0,0,1,Pedestrian
4,1762.0,892.0,1831.0,935.0,4490,0,0,1,Pedestrian
4,1762.0,892.0,1831.0,935.0,4491,0,0,1,Pedestrian
4,1762.0,892.0,1831.0,935.0,4492,0,0,1,Pedestrian
4,1762.0,892.0,1831.0,935.0,4493,0,0,1,Pedestrian
4,1762.0,892.0,1831.0,935.0,4494,0,0,1,Pedestrian
4,1762.0,892.0,1831.0,935.0,4495,0,0,1,Pedestrian
4,1762.0,892.0,1831.0,935.0,4496,0,0,1,Pedestrian
4,1762.0,892.0,1831.0,935.0,4497,0,0,1,Pedestrian
4,1762.0,892.0,1831.0,935.0,4498,0,0,1,Pedestrian
4,1762.0,892.0,1831.0,935.0,4499,0,0,1,Pedestrian
4,1762.0,892.0,1831.0,935.0,4500,0,0,1,Pedestrian
4,1762.0,892.0,1831.0,935.0,4501,0,0,1,Pedestrian
4,1762.0,892.0,1831.0,935.0,4502,0,0,1,Pedestrian
4,1762.0,892.0,1831.0,935.0,4503,0,0,1,Pedestrian
4,1762.0,892.0,1831.0,935.0,4504,0,0,1,Pedestrian
4,1762.0,892.0,1831.0,935.0,4505,0,0,1,Pedestrian
4,1762.0,892.0,1831.0,935.0,4506,0,0,1,Pedestrian
4,1762.0,892.0,1831.0,935.0,4507,0,0,1,Pedestrian
4,1762.0,892.0,1831.0,935.0,4508,0,0,1,Pedestrian
4,1762.0,892.0,1831.0,935.0,4509,0,0,1,Pedestrian
4,1762.0,892.0,1831.0,935.0,4510,0,0,1,Pedestrian
4,1762.0,892.0,1831.0,935.0,4511,0,0,1,Pedestrian
4,1762.0,892.0,1831.0,935.0,4512,0,0,1,Pedestrian
4,1762.0,892.0,1831.0,935.0,4513,0,0,1,Pedestrian
4,1762.0,892.0,1831.0,935.0,4514,0,0,1,Pedestrian
4,1762.0,892.0,1831.0,935.0,4515,0,0,1,Pedestrian
4,1762.0,892.0,1831.0,935.0,4516,0,0,1,Pedestrian
4,1762.0,892.0,1831.0,935.0,4517,0,0,1,Pedestrian
4,1762.0,892.0,1831.0,935.0,4518,0,0,1,Pedestrian
4,1762.0,892.0,1831.0,935.0,4519,0,0,1,Pedestrian
4,1762.0,892.0,1831.0,935.0,4520,0,0,1,Pedestrian
4,1762.0,892.0,1831.0,935.0,4521,0,0,1,Pedestrian
4,1762.0,892.0,1831.0,935.0,4522,0,0,1,Pedestrian
4,1762.0,892.0,1831.0,935.0,4523,0,0,1,Pedestrian
4,1762.0,892.0,1831.0,935.0,4524,0,0,1,Pedestrian
4,1762.0,892.0,1831.0,935.0,4525,0,0,1,Pedestrian
4,1762.0,892.0,1831.0,935.0,4526,0,0,1,Pedestrian
4,1762.0,892.0,1831.0,935.0,4527,0,0,1,Pedestrian
4,1762.0,892.0,1831.0,935.0,4528,0,0,1,Pedestrian
4,1762.0,892.0,1831.0,935.0,4529,0,0,1,Pedestrian
4,1762.0,892.0,1831.0,935.0,4530,0,0,1,Pedestrian
4,1762.0,892.0,1834.0,935.0,4531,0,0,0,Pedestrian
5,0.0,967.0,55.0,1022.0,8500,1,0,0,Pedestrian
5,0.0,967.0,55.0,1022.0,8501,1,0,1,Pedestrian
5,0.0,967.0,55.0,1022.0,8502,1,0,1,Pedestrian
5,0.0,967.0,55.0,1022.0,8503,1,0,1,Pedestrian
5,0.0,967.0,55.0,1022.0,8504,1,0,1,Pedestrian
5,0.0,967.0,55.0,1022.0,8505,1,0,1,Pedestrian
5,0.0,967.0,55.0,1022.0,8506,1,0,1,Pedestrian
5,0.0,967.0,55.0,1022.0,8507,1,0,1,Pedestrian
5,0.0,967.0,55.0,1022.0,8508,1,0,1,Pedestrian
5,0.0,967.0,55.0,1022.0,8509,1,0,1,Pedestrian
5,0.0,967.0,55.0,1022.0,8510,1,0,1,Pedestrian
5,0.0,967.0,55.0,1022.0,8511,1,0,1,Pedestrian
5,0.0,967.0,55.0,1022.0,8512,1,0,1,Pedestrian
5,0.0,967.0,55.0,1022.0,8513,1,0,1,Pedestrian
5,0.0,967.0,55.0,1022.0,8514,1,0,1,Pedestrian
5,0.0,967.0,55.0,1022.0,8515,1,0,1,Pedestrian
5,0.0,967.0,55.0,1022.0,8516,1,0,1,Pedestrian
5,0.0,967.0,55.0,1022.0,8517,1,0,1,Pedestrian
5,0.0,967.0,55.0,1022.0,8518,1,0,1,Pedestrian
5,0.0,967.0,55.0,1022.0,8519,1,0,1,Pedestrian
5,0.0,967.0,55.0,1022.0,8520,1,0,1,Pedestrian
5,0.0,967.0,55.0,1022.0,8521,1,0,1,Pedestrian
5,0.0,967.0,55.0,1022.0,8522,1,0,1,Pedestrian
5,0.0,967.0,55.0,1022.0,8523,1,0,1,Pedestrian
5,0.0,967.0,55.0,1022.0,8524,1,0,1,Pedestrian
5,0.0,967.0,55.0,1022.0,8525,1,0,1,Pedestrian
5,0.0,967.0,55.0,1022.0,8526,1,0,1,Pedestrian
5,0.0,967.0,55.0,1022.0,8527,1,0,1,Pedestrian
5,0.0,967.0,55.0,1022.0,8528,1,0,1,Pedestrian
5,0.0,967.0,55.0,1022.0,8529,1,0,1,Pedestrian
5,0.0,967.0,55.0,1022.0,8530,1,0,1,Pedestrian
5,0.0,967.0,55.0,1022.0,8531,1,0,1,Pedestrian
5,0.0,967.0,55.0,1022.0,8532,1,0,1,Pedestrian
5,0.0,967.0,55.0,1022.0,8533,1,0,1,Pedestrian
5,0.0,967.0,55.0,1022.0,8534,1,0,1,Pedestrian
5,0.0,967.0,55.0,1022.0,8535,1,0,1,Pedestrian
5,0.0,967.0,55.0,1022.0,8536,1,0,1,Pedestrian
5,0.0,967.0,55.0,1022.0,8537,1,0,1,Pedestrian
5,0.0,967.0,55.0,1022.0,8538,1,0,1,Pedestrian
5,0.0,967.0,55.0,1022.0,8539,1,0,1,Pedestrian
5,0.0,967.0,55.0,1022.0,8540,1,0,1,Pedestrian
5,0.0,967.0,55.0,1022.0,8541,1,0,1,Pedestrian
5,0.0,967.0,55.0,1022.0,8542,1,0,1,Pedestrian
5,0.0,967.0,55.0,1022.0,8543,1,0,1,Pedestrian
5,0.0,967.0,55.0,1022.0,8544,1,0,1,Pedestrian
5,0.0,967.0,55.0,1022.0,8545,1,0,1,Pedestrian
5,0.0,967.0,55.0,1022.0,8546,1,0,1,Pedestrian
5,0.0,967.0,55.0,1022.0,8547,1,0,1,Pedestrian
5,0.0,967.0,55.0,1022.0,8548,1,0,1,Pedestrian
5,0.0,967.0,55.0,1022.0,8549,1,0,1,Pedestrian
5,0.0,967.0,55.0,1022.0,8550,1,0,1,Pedestrian
5,0.0,967.0,55.0,1022.0,8551,1,0,1,Pedestrian
5,0.0,967.0,55.0,1022.0,8552,1,0,1,Pedestrian
5,0.0,967.0,55.0,1022.0,8553,1,0,1,Pedestrian
5,0.0,967.0,55.0,1022.0,8554,1,0,1,Pedestrian
5,0.0,967.0,55.0,1022.0,8555,1,0,1,Pedestrian
5,0.0,967.0,55.0,1022.0,8556,1,0,1,Pedestrian
5,0.0,967.0,55.0,1022.0,8557,1,0,1,Pedestrian
5,0.0,967.0,55.0,1022.0,8558,1,0,1,Pedestrian
5,0.0,967.0,55.0,1022.0,8559,1,0,1,Pedestrian
5,0.0,967.0,55.0,1022.0,8560,1,0,1,Pedestrian
5,0.0,967.0,55.0,1022.0,8561,1,0,1,Pedestrian
5,0.0,967.0,55.0,1022.0,8562,1,0,1,Pedestrian
5,0.0,967.0,55.0,1022.0,8563,1,0,1,Pedestrian
5,0.0,967.0,55.0,1022.0,8564,1,0,1,Pedestrian
5,0.0,967.0,55.0,1022.0,8565,1,0,1,Pedestrian
5,0.0,967.0,55.0,1022.0,8566,1,0,1,Pedestrian
5,0.0,967.0,55.0,1022.0,8567,1,0,1,Pedestrian
5,0.0,967.0,55.0,1022.0,8568,1,0,1,Pedestrian
5,0.0,967.0,55.0,1022.0,8569,1,0,1,Pedestrian
5,0.0,967.0,55.0,1022.0,8570,1,0,1,Pedestrian
5,0.0,967.0,55.0,1022.0,8571,1,0,1,Pedestrian
5,0.0,967.0,55.0,1022.0,8572,1,0,1,Pedestrian
5,0.0,967.0,55.0,1022.0,8573,1,0,1,Pedestrian
5,0.0,967.0,55.0,1022.0,8574,1,0,1,Pedestrian
5,0.0,967.0,55.0,1022.0,8575,1,0,1,Pedestrian
5,0.0,967.0,55.0,1022.0,8576,1,0,1,Pedestrian
5,0.0,967.0,55.0,1022.0,8577,1,0,1,Pedestrian
5,0.0,967.0,55.0,1022.0,8578,1,0,1,Pedestrian
5,0.0,967.0,55.0,1022.0,8579,1,0,1,Pedestrian
5,0.0,967.0,55.0,1022.0,8580,1,0,1,Pedestrian
5,0.0,967.0,55.0,1022.0,8581,1,0,1,Pedestrian
5,0.0,967.0,55.0,1022.0,8582,1,0,1,Pedestrian
5,0.0,967.0,55.0,1022.0,8583,1,0,1,Pedestrian
5,0.0,967.0,55.0,1022.0,8584,1,0,1,Pedestrian
5,0.0,967.0,55.0,1022.0,8585,1,0,1,Pedestrian
5,0.0,967.0,55.0,1022.0,8586,1,0,1,Pedestrian
5,0.0,967.0,55.0,1022.0,8587,1,0,1,Pedestrian
5,0.0,967.0,55.0,1022.0,8588,1,0,1,Pedestrian
5,0.0,967.0,55.0,1022.0,8589,1,0,1,Pedestrian
5,0.0,967.0,55.0,1022.0,8590,1,0,1,Pedestrian
5,0.0,967.0,55.0,1022.0,8591,1,0,1,Pedestrian
5,0.0,967.0,55.0,1022.0,8592,1,0,1,Pedestrian
5,0.0,967.0,55.0,1022.0,8593,0,0,0,Pedestrian
5,0.0,967.0,55.0,1022.0,8594,0,0,1,Pedestrian
5,0.0,967.0,55.0,1022.0,8595,0,0,1,Pedestrian
5,0.0,967.0,55.0,1022.0,8596,0,0,1,Pedestrian
5,0.0,967.0,55.0,1022.0,8597,0,0,1,Pedestrian
5,0.0,967.0,55.0,1022.0,8598,0,0,1,Pedestrian
5,0.0,967.0,55.0,1022.0,8599,0,0,1,Pedestrian
5,0.0,967.0,55.0,1022.0,8600,0,0,1,Pedestrian
5,0.0,967.0,55.0,1022.0,8601,0,0,1,Pedestrian
5,0.0,967.0,55.0,1022.0,8602,0,0,1,Pedestrian
5,0.0,967.0,55.0,1022.0,8603,0,0,1,Pedestrian
5,0.0,967.0,55.0,1022.0,8604,0,0,1,Pedestrian
5,0.0,967.0,55.0,1022.0,8605,0,0,1,Pedestrian
5,0.0,967.0,55.0,1022.0,8606,0,0,1,Pedestrian
5,0.0,967.0,55.0,1022.0,8607,0,0,1,Pedestrian
5,0.0,967.0,55.0,1022.0,8608,0,0,1,Pedestrian
5,0.0,967.0,55.0,1022.0,8609,0,0,1,Pedestrian
5,0.0,967.0,55.0,1022.0,8610,0,0,1,Pedestrian
5,0.0,967.0,55.0,1022.0,8611,0,0,1,Pedestrian
5,0.0,967.0,55.0,1022.0,8612,0,0,1,Pedestrian
5,0.0,967.0,55.0,1022.0,8613,0,0,1,Pedestrian
5,0.0,967.0,55.0,1022.0,8614,0,0,1,Pedestrian
5,0.0,967.0,55.0,1022.0,8615,0,0,1,Pedestrian
5,0.0,967.0,55.0,1022.0,8616,0,0,1,Pedestrian
5,0.0,967.0,55.0,1022.0,8617,0,0,1,Pedestrian
5,0.0,967.0,55.0,1022.0,8618,0,0,1,Pedestrian
5,0.0,967.0,55.0,1022.0,8619,0,0,1,Pedestrian
5,0.0,967.0,55.0,1022.0,8620,0,0,1,Pedestrian
5,0.0,967.0,55.0,1022.0,8621,0,0,1,Pedestrian
5,0.0,967.0,55.0,1022.0,8622,0,0,1,Pedestrian
5,0.0,967.0,55.0,1022.0,8623,0,0,1,Pedestrian
5,0.0,967.0,55.0,1022.0,8624,0,0,1,Pedestrian
5,0.0,967.0,55.0,1022.0,8625,0,0,1,Pedestrian
5,0.0,967.0,55.0,1022.0,8626,0,0,0,Pedestrian
5,0.0,967.0,55.0,1020.0,8627,0,0,1,Pedestrian
5,0.0,967.0,55.0,1020.0,8628,0,0,1,Pedestrian
5,2.0,967.0,57.0,1020.0,8629,0,0,1,Pedestrian
5,2.0,967.0,57.0,1020.0,8630,0,0,1,Pedestrian
5,2.0,967.0,60.0,1020.0,8631,0,0,1,Pedestrian
5,5.0,967.0,60.0,1020.0,8632,0,0,1,Pedestrian
5,5.0,967.0,60.0,1020.0,8633,0,0,1,Pedestrian
5,8.0,967.0,63.0,1020.0,8634,0,0,1,Pedestrian
5,8.0,967.0,63.0,1020.0,8635,0,0,1,Pedestrian
5,8.0,967.0,66.0,1020.0,8636,0,0,1,Pedestrian
5,11.0,967.0,66.0,1020.0,8637,0,0,1,Pedestrian
5,11.0,967.0,68.0,1020.0,8638,0,0,1,Pedestrian
5,11.0,967.0,68.0,1020.0,8639,0,0,1,Pedestrian
5,13.0,967.0,68.0,1020.0,8640,0,0,1,Pedestrian
5,13.0,967.0,71.0,1020.0,8641,0,0,1,Pedestrian
5,16.0,967.0,71.0,1020.0,8642,0,0,1,Pedestrian
5,16.0,967.0,74.0,1020.0,8643,0,0,1,Pedestrian
5,16.0,967.0,74.0,1020.0,8644,0,0,1,Pedestrian
5,19.0,967.0,77.0,1020.0,8645,0,0,1,Pedestrian
5,19.0,967.0,77.0,1020.0,8646,0,0,1,Pedestrian
5,19.0,967.0,77.0,1020.0,8647,0,0,1,Pedestrian
5,22.0,967.0,79.0,1020.0,8648,0,0,1,Pedestrian
5,22.0,967.0,79.0,1020.0,8649,0,0,1,Pedestrian
5,24.0,967.0,82.0,1020.0,8650,0,0,1,Pedestrian
5,24.0,967.0,82.0,1020.0,8651,0,0,1,Pedestrian
5,24.0,967.0,85.0,1020.0,8652,0,0,1,Pedestrian
5,27.0,967.0,85.0,1020.0,8653,0,0,1,Pedestrian
5,27.0,967.0,85.0,1020.0,8654,0,0,1,Pedestrian
5,27.0,967.0,88.0,1020.0,8655,0,0,1,Pedestrian
5,30.0,967.0,88.0,1020.0,8656,0,0,1,Pedestrian
5,30.0,967.0,90.0,1020.0,8657,0,0,1,Pedestrian
5,33.0,967.0,90.0,1020.0,8658,0,0,1,Pedestrian
5,33.0,967.0,93.0,1020.0,8659,0,0,1,Pedestrian
5,33.0,967.0,93.0,1020.0,8660,0,0,1,Pedestrian
5,35.0,967.0,93.0,1020.0,8661,0,0,1,Pedestrian
5,35.0,967.0,96.0,1020.0,8662,0,0,1,Pedestrian
5,35.0,967.0,96.0,1020.0,8663,0,0,1,Pedestrian
5,38.0,967.0,99.0,1020.0,8664,0,0,1,Pedestrian
5,38.0,967.0,99.0,1020.0,8665,0,0,1,Pedestrian
5,41.0,967.0,101.0,1020.0,8666,0,0,0,Pedestrian
5,41.0,967.0,101.0,1020.0,8667,0,0,1,Pedestrian
5,44.0,967.0,104.0,1020.0,8668,0,0,1,Pedestrian
5,44.0,967.0,104.0,1020.0,8669,0,0,1,Pedestrian
5,46.0,967.0,107.0,1020.0,8670,0,0,1,Pedestrian
5,46.0,967.0,107.0,1020.0,8671,0,0,1,Pedestrian
5,49.0,967.0,110.0,1020.0,8672,0,0,1,Pedestrian
5,49.0,967.0,110.0,1020.0,8673,0,0,1,Pedestrian
5,52.0,967.0,112.0,1020.0,8674,0,0,1,Pedestrian
5,55.0,967.0,115.0,1020.0,8675,0,0,1,Pedestrian
5,55.0,967.0,115.0,1020.0,8676,0,0,1,Pedestrian
5,57.0,967.0,118.0,1020.0,8677,0,0,1,Pedestrian
5,57.0,967.0,118.0,1020.0,8678,0,0,1,Pedestrian
5,60.0,967.0,121.0,1020.0,8679,0,0,1,Pedestrian
5,60.0,967.0,121.0,1020.0,8680,0,0,1,Pedestrian
5,63.0,967.0,123.0,1020.0,8681,0,0,1,Pedestrian
5,66.0,967.0,126.0,1020.0,8682,0,0,1,Pedestrian
5,66.0,967.0,126.0,1020.0,8683,0,0,1,Pedestrian
5,68.0,967.0,129.0,1020.0,8684,0,0,1,Pedestrian
5,68.0,967.0,129.0,1020.0,8685,0,0,1,Pedestrian
5,71.0,967.0,132.0,1020.0,8686,0,0,1,Pedestrian
5,71.0,967.0,132.0,1020.0,8687,0,0,1,Pedestrian
5,74.0,967.0,134.0,1020.0,8688,0,0,1,Pedestrian
5,77.0,967.0,137.0,1020.0,8689,0,0,1,Pedestrian
5,77.0,967.0,137.0,1020.0,8690,0,0,1,Pedestrian
5,79.0,967.0,140.0,1020.0,8691,0,0,1,Pedestrian
5,79.0,967.0,140.0,1020.0,8692,0,0,1,Pedestrian
5,82.0,967.0,143.0,1020.0,8693,0,0,1,Pedestrian
5,82.0,967.0,143.0,1020.0,8694,0,0,1,Pedestrian
5,85.0,967.0,145.0,1020.0,8695,0,0,1,Pedestrian
5,88.0,967.0,148.0,1020.0,8696,0,0,0,Pedestrian
5,88.0,965.0,148.0,1017.0,8697,0,0,1,Pedestrian
5,88.0,965.0,148.0,1017.0,8698,0,0,1,Pedestrian
5,90.0,965.0,151.0,1017.0,8699,0,0,1,Pedestrian
5,90.0,965.0,151.0,1017.0,8700,0,0,1,Pedestrian
5,93.0,965.0,154.0,1017.0,8701,0,0,1,Pedestrian
5,93.0,965.0,154.0,1017.0,8702,0,0,1,Pedestrian
5,96.0,965.0,156.0,1017.0,8703,0,0,1,Pedestrian
5,96.0,965.0,156.0,1017.0,8704,0,0,1,Pedestrian
5,99.0,965.0,159.0,1017.0,8705,0,0,1,Pedestrian
5,99.0,965.0,159.0,1017.0,8706,0,0,1,Pedestrian
5,101.0,965.0,162.0,1017.0,8707,0,0,1,Pedestrian
5,101.0,965.0,162.0,1017.0,8708,0,0,1,Pedestrian
5,104.0,965.0,165.0,1017.0,8709,0,0,1,Pedestrian
5,104.0,965.0,165.0,1017.0,8710,0,0,1,Pedestrian
5,107.0,965.0,167.0,1017.0,8711,0,0,1,Pedestrian
5,107.0,965.0,167.0,1017.0,8712,0,0,1,Pedestrian
5,110.0,965.0,170.0,1017.0,8713,0,0,1,Pedestrian
5,110.0,965.0,170.0,1017.0,8714,0,0,1,Pedestrian
5,112.0,965.0,173.0,1017.0,8715,0,0,1,Pedestrian
5,112.0,965.0,173.0,1017.0,8716,0,0,1,Pedestrian
5,115.0,965.0,176.0,1017.0,8717,0,0,1,Pedestrian
5,115.0,965.0,176.0,1017.0,8718,0,0,1,Pedestrian
5,118.0,965.0,178.0,1017.0,8719,0,0,1,Pedestrian
5,118.0,965.0,178.0,1017.0,8720,0,0,1,Pedestrian
5,121.0,965.0,181.0,1017.0,8721,0,0,1,Pedestrian
5,121.0,963.0,181.0,1015.0,8722,0,0,1,Pedestrian
5,121.0,963.0,181.0,1015.0,8723,0,0,1,Pedestrian
5,123.0,963.0,184.0,1015.0,8724,0,0,1,Pedestrian
5,123.0,963.0,184.0,1015.0,8725,0,0,1,Pedestrian
5,126.0,963.0,187.0,1015.0,8726,0,0,1,Pedestrian
5,126.0,963.0,187.0,1015.0,8727,0,0,1,Pedestrian
5,129.0,963.0,189.0,1015.0,8728,0,0,1,Pedestrian
5,129.0,963.0,189.0,1015.0,8729,0,0,1,Pedestrian
5,132.0,963.0,192.0,1015.0,8730,0,0,1,Pedestrian
5,132.0,963.0,192.0,1015.0,8731,0,0,1,Pedestrian
5,134.0,963.0,195.0,1015.0,8732,0,0,1,Pedestrian
5,134.0,963.0,195.0,1015.0,8733,0,0,1,Pedestrian
5,137.0,963.0,198.0,1015.0,8734,0,0,1,Pedestrian
5,137.0,963.0,198.0,1015.0,8735,0,0,1,Pedestrian
5,140.0,963.0,200.0,1015.0,8736,0,0,1,Pedestrian
5,140.0,963.0,200.0,1015.0,8737,0,0,1,Pedestrian
5,143.0,963.0,203.0,1015.0,8738,0,0,1,Pedestrian
5,143.0,963.0,203.0,1015.0,8739,0,0,1,Pedestrian
5,145.0,963.0,206.0,1015.0,8740,0,0,1,Pedestrian
5,145.0,963.0,206.0,1015.0,8741,0,0,1,Pedestrian
5,148.0,963.0,209.0,1015.0,8742,0,0,1,Pedestrian
5,148.0,963.0,209.0,1015.0,8743,0,0,1,Pedestrian
5,151.0,963.0,211.0,1015.0,8744,0,0,1,Pedestrian
5,151.0,963.0,211.0,1015.0,8745,0,0,1,Pedestrian
5,154.0,963.0,214.0,1015.0,8746,0,0,0,Pedestrian
5,154.0,963.0,214.0,1015.0,8747,0,0,1,Pedestrian
5,156.0,963.0,217.0,1015.0,8748,0,0,1,Pedestrian
5,156.0,963.0,217.0,1015.0,8749,0,0,1,Pedestrian
5,159.0,963.0,220.0,1015.0,8750,0,0,1,Pedestrian
5,162.0,963.0,222.0,1015.0,8751,0,0,1,Pedestrian
5,162.0,963.0,222.0,1015.0,8752,0,0,1,Pedestrian
5,165.0,963.0,225.0,1015.0,8753,0,0,1,Pedestrian
5,167.0,963.0,228.0,1015.0,8754,0,0,1,Pedestrian
5,167.0,963.0,228.0,1015.0,8755,0,0,1,Pedestrian
5,170.0,963.0,231.0,1015.0,8756,0,0,1,Pedestrian
5,173.0,963.0,233.0,1015.0,8757,0,0,1,Pedestrian
5,173.0,963.0,233.0,1015.0,8758,0,0,1,Pedestrian
5,176.0,963.0,236.0,1015.0,8759,0,0,1,Pedestrian
5,178.0,963.0,239.0,1015.0,8760,0,0,1,Pedestrian
5,178.0,963.0,239.0,1015.0,8761,0,0,1,Pedestrian
5,181.0,963.0,242.0,1015.0,8762,0,0,1,Pedestrian
5,184.0,963.0,244.0,1015.0,8763,0,0,1,Pedestrian
5,184.0,963.0,244.0,1015.0,8764,0,0,1,Pedestrian
5,187.0,963.0,247.0,1015.0,8765,0,0,1,Pedestrian
5,189.0,963.0,250.0,1015.0,8766,0,0,0,Pedestrian
5,189.0,963.0,250.0,1015.0,8767,0,0,1,Pedestrian
5,189.0,963.0,250.0,1015.0,8768,0,0,1,Pedestrian
5,192.0,963.0,253.0,1015.0,8769,0,0,1,Pedestrian
5,192.0,963.0,253.0,1015.0,8770,0,0,1,Pedestrian
5,195.0,963.0,255.0,1015.0,8771,0,0,1,Pedestrian
5,195.0,963.0,255.0,1015.0,8772,0,0,1,Pedestrian
5,198.0,963.0,258.0,1015.0,8773,0,0,1,Pedestrian
5,198.0,963.0,258.0,1015.0,8774,0,0,1,Pedestrian
5,200.0,963.0,261.0,1015.0,8775,0,0,1,Pedestrian
5,200.0,963.0,261.0,1015.0,8776,0,0,1,Pedestrian
5,203.0,963.0,264.0,1015.0,8777,0,0,1,Pedestrian
5,203.0,963.0,264.0,1015.0,8778,0,0,1,Pedestrian
5,203.0,963.0,264.0,1015.0,8779,0,0,1,Pedestrian
5,206.0,963.0,266.0,1015.0,8780,0,0,1,Pedestrian
5,206.0,963.0,266.0,1015.0,8781,0,0,1,Pedestrian
5,209.0,963.0,269.0,1015.0,8782,0,0,1,Pedestrian
5,209.0,963.0,269.0,1015.0,8783,0,0,1,Pedestrian
5,211.0,963.0,272.0,1015.0,8784,0,0,1,Pedestrian
5,211.0,963.0,272.0,1015.0,8785,0,0,1,Pedestrian
5,214.0,963.0,275.0,1015.0,8786,0,0,1,Pedestrian
5,214.0,963.0,275.0,1015.0,8787,0,0,1,Pedestrian
5,217.0,963.0,277.0,1015.0,8788,0,0,1,Pedestrian
5,217.0,963.0,277.0,1015.0,8789,0,0,1,Pedestrian
5,220.0,963.0,280.0,1015.0,8790,0,0,1,Pedestrian
5,220.0,963.0,280.0,1015.0,8791,0,0,1,Pedestrian
5,220.0,963.0,280.0,1015.0,8792,0,0,1,Pedestrian
5,222.0,963.0,283.0,1015.0,8793,0,0,1,Pedestrian
5,222.0,963.0,283.0,1015.0,8794,0,0,1,Pedestrian
5,225.0,963.0,286.0,1015.0,8795,0,0,1,Pedestrian
5,225.0,963.0,286.0,1015.0,8796,0,0,1,Pedestrian
5,228.0,963.0,288.0,1015.0,8797,0,0,1,Pedestrian
5,228.0,963.0,288.0,1015.0,8798,0,0,1,Pedestrian
5,231.0,963.0,291.0,1015.0,8799,0,0,1,Pedestrian
5,231.0,963.0,291.0,1015.0,8800,0,0,1,Pedestrian
5,233.0,963.0,294.0,1015.0,8801,0,0,1,Pedestrian
5,233.0,963.0,294.0,1015.0,8802,0,0,1,Pedestrian
5,236.0,963.0,297.0,1015.0,8803,0,0,1,Pedestrian
5,236.0,963.0,297.0,1015.0,8804,0,0,1,Pedestrian
5,236.0,963.0,297.0,1015.0,8805,0,0,1,Pedestrian
5,239.0,963.0,299.0,1015.0,8806,0,0,1,Pedestrian
5,239.0,963.0,299.0,1015.0,8807,0,0,1,Pedestrian
5,242.0,963.0,302.0,1015.0,8808,0,0,1,Pedestrian
5,242.0,963.0,302.0,1015.0,8809,0,0,1,Pedestrian
5,244.0,963.0,305.0,1015.0,8810,0,0,1,Pedestrian
5,244.0,963.0,305.0,1015.0,8811,0,0,1,Pedestrian
5,247.0,963.0,308.0,1015.0,8812,0,0,1,Pedestrian
5,247.0,963.0,308.0,1015.0,8813,0,0,1,Pedestrian
5,250.0,963.0,310.0,1015.0,8814,0,0,1,Pedestrian
5,250.0,963.0,310.0,1015.0,8815,0,0,1,Pedestrian
5,253.0,965.0,313.0,1017.0,8816,0,0,0,Pedestrian
5,253.0,965.0,313.0,1017.0,8817,0,0,1,Pedestrian
5,255.0,965.0,316.0,1017.0,8818,0,0,1,Pedestrian
5,258.0,965.0,319.0,1017.0,8819,0,0,1,Pedestrian
5,261.0,967.0,321.0,1020.0,8820,0,0,1,Pedestrian
5,264.0,967.0,324.0,1020.0,8821,0,0,1,Pedestrian
5,264.0,967.0,324.0,1020.0,8822,0,0,1,Pedestrian
5,266.0,967.0,327.0,1020.0,8823,0,0,1,Pedestrian
5,269.0,970.0,330.0,1022.0,8824,0,0,1,Pedestrian
5,272.0,970.0,332.0,1022.0,8825,0,0,1,Pedestrian
5,275.0,970.0,335.0,1022.0,8826,0,0,1,Pedestrian
5,275.0,970.0,335.0,1022.0,8827,0,0,1,Pedestrian
5,277.0,972.0,338.0,1024.0,8828,0,0,1,Pedestrian
5,280.0,972.0,341.0,1024.0,8829,0,0,1,Pedestrian
5,283.0,972.0,343.0,1024.0,8830,0,0,1,Pedestrian
5,286.0,972.0,346.0,1024.0,8831,0,0,1,Pedestrian
5,286.0,974.0,346.0,1026.0,8832,0,0,1,Pedestrian
5,288.0,974.0,349.0,1026.0,8833,0,0,1,Pedestrian
5,291.0,974.0,352.0,1026.0,8834,0,0,1,Pedestrian
5,294.0,974.0,354.0,1026.0,8835,0,0,1,Pedestrian
5,297.0,976.0,357.0,1029.0,8836,0,0,0,Pedestrian
5,297.0,974.0,357.0,1026.0,8837,0,0,1,Pedestrian
5,299.0,974.0,360.0,1026.0,8838,0,0,1,Pedestrian
5,299.0,974.0,360.0,1026.0,8839,0,0,1,Pedestrian
5,302.0,974.0,363.0,1026.0,8840,0,0,1,Pedestrian
5,302.0,974.0,363.0,1026.0,8841,0,0,1,Pedestrian
5,305.0,974.0,365.0,1026.0,8842,0,0,1,Pedestrian
5,305.0,974.0,365.0,1026.0,8843,0,0,1,Pedestrian
5,308.0,974.0,368.0,1026.0,8844,0,0,1,Pedestrian
5,308.0,974.0,368.0,1026.0,8845,0,0,1,Pedestrian
5,310.0,974.0,371.0,1026.0,8846,0,0,1,Pedestrian
5,310.0,974.0,371.0,1026.0,8847,0,0,1,Pedestrian
5,313.0,974.0,374.0,1026.0,8848,0,0,1,Pedestrian
5,313.0,974.0,374.0,1026.0,8849,0,0,1,Pedestrian
5,316.0,974.0,376.0,1026.0,8850,0,0,1,Pedestrian
5,319.0,974.0,379.0,1026.0,8851,0,0,1,Pedestrian
5,319.0,972.0,379.0,1024.0,8852,0,0,1,Pedestrian
5,321.0,972.0,382.0,1024.0,8853,0,0,1,Pedestrian
5,321.0,972.0,382.0,1024.0,8854,0,0,1,Pedestrian
5,324.0,972.0,385.0,1024.0,8855,0,0,1,Pedestrian
5,324.0,972.0,385.0,1024.0,8856,0,0,1,Pedestrian
5,327.0,972.0,387.0,1024.0,8857,0,0,1,Pedestrian
5,327.0,972.0,387.0,1024.0,8858,0,0,1,Pedestrian
5,330.0,972.0,390.0,1024.0,8859,0,0,1,Pedestrian
5,330.0,972.0,390.0,1024.0,8860,0,0,1,Pedestrian
5,332.0,972.0,393.0,1024.0,8861,0,0,1,Pedestrian
5,332.0,972.0,393.0,1024.0,8862,0,0,1,Pedestrian
5,335.0,972.0,396.0,1024.0,8863,0,0,1,Pedestrian
5,335.0,972.0,396.0,1024.0,8864,0,0,1,Pedestrian
5,338.0,972.0,398.0,1024.0,8865,0,0,1,Pedestrian
5,341.0,972.0,401.0,1024.0,8866,0,0,0,Pedestrian
5,341.0,970.0,401.0,1022.0,8867,0,0,1,Pedestrian
5,341.0,970.0,401.0,1022.0,8868,0,0,1,Pedestrian
5,343.0,970.0,404.0,1022.0,8869,0,0,1,Pedestrian
5,343.0,970.0,404.0,1022.0,8870,0,0,1,Pedestrian
5,346.0,970.0,407.0,1022.0,8871,0,0,1,Pedestrian
5,346.0,970.0,407.0,1022.0,8872,0,0,1,Pedestrian
5,349.0,970.0,409.0,1022.0,8873,0,0,1,Pedestrian
5,349.0,970.0,409.0,1022.0,8874,0,0,1,Pedestrian
5,352.0,970.0,412.0,1022.0,8875,0,0,1,Pedestrian
5,352.0,970.0,412.0,1022.0,8876,0,0,1,Pedestrian
5,352.0,970.0,412.0,1022.0,8877,0,0,1,Pedestrian
5,354.0,970.0,415.0,1022.0,8878,0,0,1,Pedestrian
5,354.0,970.0,415.0,1022.0,8879,0,0,1,Pedestrian
5,357.0,970.0,418.0,1022.0,8880,0,0,1,Pedestrian
5,357.0,970.0,418.0,1022.0,8881,0,0,1,Pedestrian
5,360.0,970.0,420.0,1022.0,8882,0,0,1,Pedestrian
5,360.0,970.0,420.0,1022.0,8883,0,0,1,Pedestrian
5,363.0,970.0,423.0,1022.0,8884,0,0,1,Pedestrian
5,363.0,970.0,423.0,1022.0,8885,0,0,1,Pedestrian
5,365.0,970.0,426.0,1022.0,8886,0,0,1,Pedestrian
5,365.0,970.0,426.0,1022.0,8887,0,0,1,Pedestrian
5,365.0,970.0,426.0,1022.0,8888,0,0,1,Pedestrian
5,368.0,970.0,429.0,1022.0,8889,0,0,1,Pedestrian
5,368.0,970.0,429.0,1022.0,8890,0,0,1,Pedestrian
5,371.0,970.0,431.0,1022.0,8891,0,0,1,Pedestrian
5,371.0,970.0,431.0,1022.0,8892,0,0,1,Pedestrian
5,374.0,970.0,434.0,1022.0,8893,0,0,1,Pedestrian
5,374.0,970.0,434.0,1022.0,8894,0,0,1,Pedestrian
5,376.0,970.0,437.0,1022.0,8895,0,0,1,Pedestrian
5,376.0,970.0,437.0,1022.0,8896,0,0,1,Pedestrian
5,376.0,970.0,437.0,1022.0,8897,0,0,1,Pedestrian
5,379.0,970.0,440.0,1022.0,8898,0,0,1,Pedestrian
5,379.0,970.0,440.0,1022.0,8899,0,0,1,Pedestrian
5,382.0,970.0,442.0,1022.0,8900,0,0,1,Pedestrian
5,382.0,970.0,442.0,1022.0,8901,0,0,1,Pedestrian
5,385.0,970.0,445.0,1022.0,8902,0,0,1,Pedestrian
5,385.0,970.0,445.0,1022.0,8903,0,0,1,Pedestrian
5,387.0,970.0,448.0,1022.0,8904,0,0,1,Pedestrian
5,387.0,970.0,448.0,1022.0,8905,0,0,1,Pedestrian
5,390.0,970.0,451.0,1022.0,8906,0,0,1,Pedestrian
5,390.0,970.0,451.0,1022.0,8907,0,0,1,Pedestrian
5,390.0,970.0,451.0,1022.0,8908,0,0,1,Pedestrian
5,393.0,970.0,453.0,1022.0,8909,0,0,1,Pedestrian
5,393.0,970.0,453.0,1022.0,8910,0,0,1,Pedestrian
5,396.0,970.0,456.0,1022.0,8911,0,0,1,Pedestrian
5,396.0,970.0,456.0,1022.0,8912,0,0,1,Pedestrian
5,398.0,970.0,459.0,1022.0,8913,0,0,1,Pedestrian
5,398.0,970.0,459.0,1022.0,8914,0,0,1,Pedestrian
5,401.0,970.0,462.0,1022.0,8915,0,0,1,Pedestrian
5,401.0,970.0,462.0,1022.0,8916,0,0,1,Pedestrian
5,401.0,970.0,462.0,1022.0,8917,0,0,1,Pedestrian
5,404.0,970.0,464.0,1022.0,8918,0,0,1,Pedestrian
5,404.0,970.0,464.0,1022.0,8919,0,0,1,Pedestrian
5,407.0,970.0,467.0,1022.0,8920,0,0,1,Pedestrian
5,407.0,970.0,467.0,1022.0,8921,0,0,1,Pedestrian
5,409.0,970.0,470.0,1022.0,8922,0,0,1,Pedestrian
5,409.0,970.0,470.0,1022.0,8923,0,0,1,Pedestrian
5,412.0,970.0,473.0,1022.0,8924,0,0,1,Pedestrian
5,412.0,970.0,473.0,1022.0,8925,0,0,1,Pedestrian
5,415.0,970.0,475.0,1022.0,8926,0,0,0,Pedestrian
5,415.0,970.0,475.0,1022.0,8927,0,0,1,Pedestrian
5,418.0,970.0,478.0,1022.0,8928,0,0,1,Pedestrian
5,418.0,970.0,478.0,1022.0,8929,0,0,1,Pedestrian
5,420.0,970.0,481.0,1022.0,8930,0,0,1,Pedestrian
5,420.0,970.0,481.0,1022.0,8931,0,0,1,Pedestrian
5,423.0,970.0,484.0,1022.0,8932,0,0,1,Pedestrian
5,423.0,970.0,484.0,1022.0,8933,0,0,1,Pedestrian
5,426.0,970.0,486.0,1022.0,8934,0,0,1,Pedestrian
5,426.0,970.0,486.0,1022.0,8935,0,0,1,Pedestrian
5,429.0,970.0,489.0,1022.0,8936,0,0,1,Pedestrian
5,431.0,970.0,492.0,1022.0,8937,0,0,1,Pedestrian
5,431.0,970.0,492.0,1022.0,8938,0,0,1,Pedestrian
5,434.0,970.0,495.0,1022.0,8939,0,0,1,Pedestrian
5,434.0,970.0,495.0,1022.0,8940,0,0,1,Pedestrian
5,437.0,970.0,497.0,1022.0,8941,0,0,1,Pedestrian
5,437.0,970.0,497.0,1022.0,8942,0,0,1,Pedestrian
5,440.0,970.0,500.0,1022.0,8943,0,0,1,Pedestrian
5,440.0,970.0,500.0,1022.0,8944,0,0,1,Pedestrian
5,442.0,970.0,503.0,1022.0,8945,0,0,1,Pedestrian
5,445.0,970.0,506.0,1022.0,8946,0,0,1,Pedestrian
5,445.0,970.0,506.0,1022.0,8947,0,0,1,Pedestrian
5,448.0,970.0,508.0,1022.0,8948,0,0,1,Pedestrian
5,448.0,970.0,508.0,1022.0,8949,0,0,1,Pedestrian
5,451.0,970.0,511.0,1022.0,8950,0,0,1,Pedestrian
5,451.0,970.0,511.0,1022.0,8951,0,0,1,Pedestrian
5,453.0,970.0,514.0,1022.0,8952,0,0,1,Pedestrian
5,453.0,970.0,514.0,1022.0,8953,0,0,1,Pedestrian
5,456.0,970.0,517.0,1022.0,8954,0,0,1,Pedestrian
5,456.0,970.0,517.0,1022.0,8955,0,0,1,Pedestrian
5,459.0,970.0,519.0,1022.0,8956,0,0,1,Pedestrian
5,462.0,970.0,522.0,1022.0,8957,0,0,1,Pedestrian
5,462.0,970.0,522.0,1022.0,8958,0,0,1,Pedestrian
5,464.0,970.0,525.0,1022.0,8959,0,0,1,Pedestrian
5,464.0,970.0,525.0,1022.0,8960,0,0,1,Pedestrian
5,467.0,970.0,528.0,1022.0,8961,0,0,1,Pedestrian
5,467.0,970.0,528.0,1022.0,8962,0,0,1,Pedestrian
5,470.0,970.0,530.0,1022.0,8963,0,0,1,Pedestrian
5,470.0,970.0,530.0,1022.0,8964,0,0,1,Pedestrian
5,473.0,970.0,533.0,1022.0,8965,0,0,1,Pedestrian
5,475.0,972.0,536.0,1024.0,8966,0,0,0,Pedestrian
5,475.0,972.0,536.0,1024.0,8967,0,0,1,Pedestrian
5,475.0,972.0,536.0,1024.0,8968,0,0,1,Pedestrian
5,478.0,972.0,539.0,1024.0,8969,0,0,1,Pedestrian
5,478.0,972.0,539.0,1024.0,8970,0,0,1,Pedestrian
5,481.0,972.0,541.0,1024.0,8971,0,0,1,Pedestrian
5,481.0,972.0,541.0,1024.0,8972,0,0,1,Pedestrian
5,484.0,972.0,544.0,1024.0,8973,0,0,1,Pedestrian
5,484.0,972.0,544.0,1024.0,8974,0,0,1,Pedestrian
5,486.0,972.0,547.0,1024.0,8975,0,0,1,Pedestrian
5,486.0,972.0,547.0,1024.0,8976,0,0,1,Pedestrian
5,486.0,972.0,547.0,1024.0,8977,0,0,1,Pedestrian
5,489.0,972.0,550.0,1024.0,8978,0,0,1,Pedestrian
5,489.0,972.0,550.0,1024.0,8979,0,0,1,Pedestrian
5,492.0,972.0,552.0,1024.0,8980,0,0,1,Pedestrian
5,492.0,972.0,552.0,1024.0,8981,0,0,1,Pedestrian
5,495.0,972.0,555.0,1024.0,8982,0,0,1,Pedestrian
5,495.0,972.0,555.0,1024.0,8983,0,0,1,Pedestrian
5,497.0,972.0,558.0,1024.0,8984,0,0,1,Pedestrian
5,497.0,972.0,558.0,1024.0,8985,0,0,1,Pedestrian
5,500.0,972.0,561.0,1024.0,8986,0,0,0,Pedestrian
5,500.0,972.0,561.0,1024.0,8987,0,0,1,Pedestrian
5,500.0,972.0,561.0,1024.0,8988,0,0,1,Pedestrian
5,503.0,972.0,563.0,1024.0,8989,0,0,1,Pedestrian
5,503.0,972.0,563.0,1024.0,8990,0,0,1,Pedestrian
5,503.0,972.0,563.0,1024.0,8991,0,0,1,Pedestrian
5,506.0,972.0,566.0,1024.0,8992,0,0,1,Pedestrian
5,506.0,972.0,566.0,1024.0,8993,0,0,1,Pedestrian
5,506.0,972.0,566.0,1024.0,8994,0,0,1,Pedestrian
5,508.0,972.0,569.0,1024.0,8995,0,0,1,Pedestrian
5,508.0,972.0,569.0,1024.0,8996,0,0,1,Pedestrian
5,508.0,972.0,569.0,1024.0,8997,0,0,1,Pedestrian
5,511.0,972.0,572.0,1024.0,8998,0,0,1,Pedestrian
5,511.0,972.0,572.0,1024.0,8999,0,0,1,Pedestrian
5,514.0,972.0,574.0,1024.0,9000,0,0,0,Pedestrian
5,514.0,970.0,574.0,1024.0,9001,0,0,1,Pedestrian
5,517.0,970.0,577.0,1024.0,9002,0,0,1,Pedestrian
5,517.0,970.0,577.0,1024.0,9003,0,0,1,Pedestrian
5,519.0,970.0,580.0,1024.0,9004,0,0,1,Pedestrian
5,519.0,970.0,580.0,1024.0,9005,0,0,1,Pedestrian
5,522.0,970.0,583.0,1024.0,9006,0,0,1,Pedestrian
5,522.0,970.0,585.0,1024.0,9007,0,0,1,Pedestrian
5,525.0,970.0,585.0,1024.0,9008,0,0,1,Pedestrian
5,525.0,970.0,588.0,1024.0,9009,0,0,1,Pedestrian
5,528.0,970.0,588.0,1024.0,9010,0,0,1,Pedestrian
5,530.0,970.0,591.0,1024.0,9011,0,0,1,Pedestrian
5,530.0,970.0,591.0,1024.0,9012,0,0,1,Pedestrian
5,533.0,970.0,594.0,1024.0,9013,0,0,1,Pedestrian
5,533.0,970.0,596.0,1024.0,9014,0,0,1,Pedestrian
5,536.0,970.0,596.0,1024.0,9015,0,0,1,Pedestrian
5,536.0,970.0,599.0,1024.0,9016,0,0,1,Pedestrian
5,539.0,970.0,599.0,1024.0,9017,0,0,1,Pedestrian
5,539.0,970.0,602.0,1024.0,9018,0,0,1,Pedestrian
5,541.0,970.0,602.0,1024.0,9019,0,0,1,Pedestrian
5,541.0,970.0,605.0,1024.0,9020,0,0,1,Pedestrian
5,544.0,970.0,607.0,1024.0,9021,0,0,1,Pedestrian
5,547.0,970.0,607.0,1024.0,9022,0,0,1,Pedestrian
5,547.0,970.0,610.0,1024.0,9023,0,0,1,Pedestrian
5,550.0,970.0,610.0,1024.0,9024,0,0,1,Pedestrian
5,550.0,970.0,613.0,1024.0,9025,0,0,1,Pedestrian
5,552.0,970.0,613.0,1024.0,9026,0,0,1,Pedestrian
5,552.0,970.0,616.0,1024.0,9027,0,0,1,Pedestrian
5,555.0,970.0,618.0,1024.0,9028,0,0,1,Pedestrian
5,555.0,970.0,618.0,1024.0,9029,0,0,1,Pedestrian
5,558.0,970.0,621.0,1024.0,9030,0,0,1,Pedestrian
5,558.0,970.0,621.0,1024.0,9031,0,0,1,Pedestrian
5,561.0,970.0,624.0,1024.0,9032,0,0,1,Pedestrian
5,563.0,970.0,627.0,1024.0,9033,0,0,1,Pedestrian
5,563.0,970.0,627.0,1024.0,9034,0,0,1,Pedestrian
5,566.0,970.0,629.0,1024.0,9035,0,0,1,Pedestrian
5,566.0,970.0,629.0,1024.0,9036,0,0,1,Pedestrian
5,569.0,970.0,632.0,1024.0,9037,0,0,1,Pedestrian
5,569.0,970.0,632.0,1024.0,9038,0,0,1,Pedestrian
5,572.0,970.0,635.0,1024.0,9039,0,0,1,Pedestrian
5,572.0,970.0,638.0,1024.0,9040,0,0,1,Pedestrian
5,574.0,970.0,638.0,1024.0,9041,0,0,1,Pedestrian
5,574.0,970.0,640.0,1024.0,9042,0,0,1,Pedestrian
5,577.0,970.0,640.0,1024.0,9043,0,0,1,Pedestrian
5,580.0,970.0,643.0,1024.0,9044,0,0,1,Pedestrian
5,580.0,970.0,643.0,1024.0,9045,0,0,1,Pedestrian
5,583.0,970.0,646.0,1024.0,9046,0,0,1,Pedestrian
5,583.0,970.0,649.0,1024.0,9047,0,0,1,Pedestrian
5,585.0,970.0,649.0,1024.0,9048,0,0,1,Pedestrian
5,585.0,970.0,651.0,1024.0,9049,0,0,1,Pedestrian
5,588.0,970.0,651.0,1024.0,9050,0,0,1,Pedestrian
5,588.0,970.0,654.0,1024.0,9051,0,0,1,Pedestrian
5,591.0,970.0,654.0,1024.0,9052,0,0,1,Pedestrian
5,591.0,970.0,657.0,1024.0,9053,0,0,1,Pedestrian
5,594.0,970.0,660.0,1024.0,9054,0,0,1,Pedestrian
5,596.0,970.0,660.0,1024.0,9055,0,0,1,Pedestrian
5,596.0,970.0,662.0,1024.0,9056,0,0,1,Pedestrian
5,599.0,970.0,662.0,1024.0,9057,0,0,1,Pedestrian
5,599.0,970.0,665.0,1024.0,9058,0,0,1,Pedestrian
5,602.0,970.0,668.0,1024.0,9059,0,0,1,Pedestrian
5,602.0,970.0,668.0,1024.0,9060,0,0,1,Pedestrian
5,605.0,970.0,671.0,1024.0,9061,0,0,1,Pedestrian
5,605.0,970.0,671.0,1024.0,9062,0,0,1,Pedestrian
5,607.0,970.0,673.0,1024.0,9063,0,0,1,Pedestrian
5,607.0,970.0,673.0,1024.0,9064,0,0,1,Pedestrian
5,610.0,970.0,676.0,1024.0,9065,0,0,1,Pedestrian
5,613.0,970.0,679.0,1024.0,9066,0,0,1,Pedestrian
5,613.0,970.0,679.0,1024.0,9067,0,0,1,Pedestrian
5,616.0,970.0,682.0,1024.0,9068,0,0,1,Pedestrian
5,616.0,970.0,682.0,1024.0,9069,0,0,1,Pedestrian
5,618.0,970.0,684.0,1024.0,9070,0,0,1,Pedestrian
5,618.0,970.0,684.0,1024.0,9071,0,0,1,Pedestrian
5,621.0,970.0,687.0,1024.0,9072,0,0,1,Pedestrian
5,621.0,970.0,690.0,1024.0,9073,0,0,1,Pedestrian
5,624.0,970.0,690.0,1024.0,9074,0,0,1,Pedestrian
5,624.0,970.0,693.0,1024.0,9075,0,0,1,Pedestrian
5,627.0,970.0,693.0,1024.0,9076,0,0,1,Pedestrian
5,629.0,970.0,695.0,1024.0,9077,0,0,1,Pedestrian
5,629.0,970.0,695.0,1024.0,9078,0,0,1,Pedestrian
5,632.0,970.0,698.0,1024.0,9079,0,0,1,Pedestrian
5,632.0,970.0,701.0,1024.0,9080,0,0,1,Pedestrian
5,635.0,970.0,701.0,1024.0,9081,0,0,1,Pedestrian
5,635.0,967.0,704.0,1024.0,9082,0,0,1,Pedestrian
5,638.0,967.0,704.0,1024.0,9083,0,0,1,Pedestrian
5,638.0,967.0,706.0,1024.0,9084,0,0,1,Pedestrian
5,640.0,967.0,709.0,1024.0,9085,0,0,1,Pedestrian
5,640.0,967.0,709.0,1024.0,9086,0,0,1,Pedestrian
5,643.0,967.0,712.0,1024.0,9087,0,0,1,Pedestrian
5,646.0,967.0,712.0,1024.0,9088,0,0,1,Pedestrian
5,646.0,967.0,715.0,1024.0,9089,0,0,1,Pedestrian
5,649.0,967.0,715.0,1024.0,9090,0,0,1,Pedestrian
5,649.0,967.0,717.0,1024.0,9091,0,0,1,Pedestrian
5,651.0,967.0,720.0,1024.0,9092,0,0,1,Pedestrian
5,651.0,967.0,720.0,1024.0,9093,0,0,1,Pedestrian
5,654.0,967.0,723.0,1024.0,9094,0,0,1,Pedestrian
5,654.0,967.0,723.0,1024.0,9095,0,0,1,Pedestrian
5,657.0,967.0,726.0,1024.0,9096,0,0,1,Pedestrian
5,657.0,967.0,726.0,1024.0,9097,0,0,1,Pedestrian
5,660.0,967.0,728.0,1024.0,9098,0,0,1,Pedestrian
5,662.0,967.0,731.0,1024.0,9099,0,0,1,Pedestrian
5,662.0,967.0,731.0,1024.0,9100,0,0,1,Pedestrian
5,665.0,967.0,734.0,1024.0,9101,0,0,1,Pedestrian
5,665.0,967.0,734.0,1024.0,9102,0,0,1,Pedestrian
5,668.0,967.0,737.0,1024.0,9103,0,0,1,Pedestrian
5,668.0,967.0,737.0,1024.0,9104,0,0,1,Pedestrian
5,671.0,967.0,739.0,1024.0,9105,0,0,1,Pedestrian
5,671.0,967.0,742.0,1024.0,9106,0,0,1,Pedestrian
5,673.0,967.0,742.0,1024.0,9107,0,0,1,Pedestrian
5,673.0,967.0,745.0,1024.0,9108,0,0,1,Pedestrian
5,676.0,967.0,745.0,1024.0,9109,0,0,1,Pedestrian
5,679.0,967.0,748.0,1024.0,9110,0,0,1,Pedestrian
5,679.0,967.0,750.0,1024.0,9111,0,0,1,Pedestrian
5,682.0,967.0,750.0,1024.0,9112,0,0,1,Pedestrian
5,682.0,967.0,753.0,1024.0,9113,0,0,1,Pedestrian
5,684.0,967.0,753.0,1024.0,9114,0,0,1,Pedestrian
5,684.0,967.0,756.0,1024.0,9115,0,0,1,Pedestrian
5,687.0,967.0,756.0,1024.0,9116,0,0,1,Pedestrian
5,687.0,967.0,759.0,1024.0,9117,0,0,1,Pedestrian
5,690.0,967.0,761.0,1024.0,9118,0,0,1,Pedestrian
5,690.0,967.0,761.0,1024.0,9119,0,0,1,Pedestrian
5,693.0,967.0,764.0,1024.0,9120,0,0,1,Pedestrian
5,695.0,967.0,764.0,1024.0,9121,0,0,1,Pedestrian
5,695.0,967.0,767.0,1024.0,9122,0,0,1,Pedestrian
5,698.0,967.0,767.0,1024.0,9123,0,0,1,Pedestrian
5,698.0,967.0,770.0,1024.0,9124,0,0,1,Pedestrian
5,701.0,967.0,772.0,1024.0,9125,0,0,1,Pedestrian
5,701.0,967.0,772.0,1024.0,9126,0,0,1,Pedestrian
5,704.0,967.0,775.0,1024.0,9127,0,0,1,Pedestrian
5,704.0,967.0,775.0,1024.0,9128,0,0,1,Pedestrian
5,706.0,967.0,778.0,1024.0,9129,0,0,1,Pedestrian
5,706.0,967.0,778.0,1024.0,9130,0,0,1,Pedestrian
5,709.0,967.0,781.0,1024.0,9131,0,0,1,Pedestrian
5,712.0,967.0,783.0,1024.0,9132,0,0,1,Pedestrian
5,712.0,967.0,783.0,1024.0,9133,0,0,1,Pedestrian
5,715.0,967.0,786.0,1024.0,9134,0,0,1,Pedestrian
5,715.0,967.0,786.0,1024.0,9135,0,0,1,Pedestrian
5,717.0,967.0,789.0,1024.0,9136,0,0,1,Pedestrian
5,717.0,967.0,792.0,1024.0,9137,0,0,1,Pedestrian
5,720.0,967.0,792.0,1024.0,9138,0,0,1,Pedestrian
5,720.0,967.0,794.0,1024.0,9139,0,0,1,Pedestrian
5,723.0,967.0,794.0,1024.0,9140,0,0,1,Pedestrian
5,723.0,967.0,797.0,1024.0,9141,0,0,1,Pedestrian
5,726.0,967.0,797.0,1024.0,9142,0,0,1,Pedestrian
5,728.0,967.0,800.0,1024.0,9143,0,0,1,Pedestrian
5,728.0,967.0,803.0,1024.0,9144,0,0,1,Pedestrian
5,731.0,967.0,803.0,1024.0,9145,0,0,1,Pedestrian
5,731.0,967.0,805.0,1024.0,9146,0,0,1,Pedestrian
5,734.0,967.0,805.0,1024.0,9147,0,0,1,Pedestrian
5,734.0,967.0,808.0,1024.0,9148,0,0,1,Pedestrian
5,737.0,967.0,808.0,1024.0,9149,0,0,1,Pedestrian
5,737.0,967.0,811.0,1024.0,9150,0,0,1,Pedestrian
5,739.0,967.0,814.0,1024.0,9151,0,0,1,Pedestrian
5,739.0,967.0,814.0,1024.0,9152,0,0,1,Pedestrian
5,742.0,967.0,816.0,1024.0,9153,0,0,1,Pedestrian
5,745.0,967.0,816.0,1024.0,9154,0,0,1,Pedestrian
5,745.0,967.0,819.0,1024.0,9155,0,0,1,Pedestrian
5,748.0,967.0,819.0,1024.0,9156,0,0,1,Pedestrian
5,748.0,967.0,822.0,1024.0,9157,0,0,1,Pedestrian
5,750.0,967.0,825.0,1024.0,9158,0,0,1,Pedestrian
5,750.0,967.0,825.0,1024.0,9159,0,0,1,Pedestrian
5,753.0,967.0,827.0,1024.0,9160,0,0,1,Pedestrian
5,753.0,967.0,827.0,1024.0,9161,0,0,1,Pedestrian
5,756.0,967.0,830.0,1024.0,9162,0,0,1,Pedestrian
5,759.0,967.0,833.0,1024.0,9163,0,0,0,Pedestrian
5,759.0,965.0,833.0,1022.0,9164,0,0,1,Pedestrian
5,759.0,965.0,833.0,1022.0,9165,0,0,1,Pedestrian
5,761.0,965.0,836.0,1022.0,9166,0,0,1,Pedestrian
5,761.0,965.0,836.0,1022.0,9167,0,0,1,Pedestrian
5,764.0,965.0,838.0,1022.0,9168,0,0,1,Pedestrian
5,764.0,965.0,838.0,1022.0,9169,0,0,1,Pedestrian
5,767.0,965.0,841.0,1022.0,9170,0,0,1,Pedestrian
5,767.0,965.0,841.0,1022.0,9171,0,0,1,Pedestrian
5,770.0,965.0,844.0,1022.0,9172,0,0,1,Pedestrian
5,770.0,965.0,844.0,1022.0,9173,0,0,1,Pedestrian
5,772.0,965.0,847.0,1022.0,9174,0,0,1,Pedestrian
5,772.0,965.0,847.0,1022.0,9175,0,0,1,Pedestrian
5,775.0,965.0,849.0,1022.0,9176,0,0,1,Pedestrian
5,775.0,965.0,849.0,1022.0,9177,0,0,1,Pedestrian
5,778.0,965.0,852.0,1022.0,9178,0,0,1,Pedestrian
5,778.0,965.0,852.0,1022.0,9179,0,0,1,Pedestrian
5,778.0,965.0,852.0,1022.0,9180,0,0,1,Pedestrian
5,781.0,965.0,855.0,1022.0,9181,0,0,1,Pedestrian
5,781.0,965.0,855.0,1022.0,9182,0,0,1,Pedestrian
5,783.0,965.0,858.0,1022.0,9183,0,0,1,Pedestrian
5,783.0,965.0,858.0,1022.0,9184,0,0,1,Pedestrian
5,786.0,965.0,860.0,1022.0,9185,0,0,1,Pedestrian
5,786.0,965.0,860.0,1022.0,9186,0,0,1,Pedestrian
5,789.0,965.0,863.0,1022.0,9187,0,0,1,Pedestrian
5,789.0,965.0,863.0,1022.0,9188,0,0,1,Pedestrian
5,792.0,965.0,866.0,1022.0,9189,0,0,1,Pedestrian
5,792.0,965.0,866.0,1022.0,9190,0,0,1,Pedestrian
5,794.0,965.0,869.0,1022.0,9191,0,0,1,Pedestrian
5,794.0,965.0,869.0,1022.0,9192,0,0,1,Pedestrian
5,797.0,965.0,871.0,1022.0,9193,0,0,1,Pedestrian
5,797.0,965.0,871.0,1022.0,9194,0,0,1,Pedestrian
5,800.0,965.0,874.0,1022.0,9195,0,0,1,Pedestrian
5,800.0,965.0,874.0,1022.0,9196,0,0,1,Pedestrian
5,800.0,965.0,874.0,1022.0,9197,0,0,1,Pedestrian
5,803.0,965.0,877.0,1022.0,9198,0,0,1,Pedestrian
5,803.0,965.0,877.0,1022.0,9199,0,0,1,Pedestrian
5,805.0,965.0,880.0,1022.0,9200,0,0,1,Pedestrian
5,805.0,965.0,880.0,1022.0,9201,0,0,1,Pedestrian
5,808.0,965.0,882.0,1022.0,9202,0,0,1,Pedestrian
5,808.0,963.0,882.0,1020.0,9203,0,0,1,Pedestrian
5,811.0,963.0,885.0,1020.0,9204,0,0,1,Pedestrian
5,811.0,963.0,885.0,1020.0,9205,0,0,1,Pedestrian
5,814.0,963.0,888.0,1020.0,9206,0,0,1,Pedestrian
5,814.0,963.0,888.0,1020.0,9207,0,0,1,Pedestrian
5,816.0,963.0,891.0,1020.0,9208,0,0,1,Pedestrian
5,816.0,963.0,891.0,1020.0,9209,0,0,1,Pedestrian
5,819.0,963.0,893.0,1020.0,9210,0,0,1,Pedestrian
5,819.0,963.0,893.0,1020.0,9211,0,0,1,Pedestrian
5,822.0,963.0,896.0,1020.0,9212,0,0,1,Pedestrian
5,822.0,963.0,896.0,1020.0,9213,0,0,1,Pedestrian
5,822.0,963.0,896.0,1020.0,9214,0,0,1,Pedestrian
5,825.0,963.0,899.0,1020.0,9215,0,0,1,Pedestrian
5,825.0,963.0,899.0,1020.0,9216,0,0,1,Pedestrian
5,827.0,963.0,902.0,1020.0,9217,0,0,1,Pedestrian
5,827.0,963.0,902.0,1020.0,9218,0,0,1,Pedestrian
5,830.0,963.0,904.0,1020.0,9219,0,0,1,Pedestrian
5,830.0,963.0,904.0,1020.0,9220,0,0,1,Pedestrian
5,833.0,963.0,907.0,1020.0,9221,0,0,1,Pedestrian
5,833.0,963.0,907.0,1020.0,9222,0,0,1,Pedestrian
5,836.0,963.0,910.0,1020.0,9223,0,0,1,Pedestrian
5,836.0,963.0,910.0,1020.0,9224,0,0,1,Pedestrian
5,838.0,963.0,913.0,1020.0,9225,0,0,1,Pedestrian
5,838.0,963.0,913.0,1020.0,9226,0,0,1,Pedestrian
5,841.0,963.0,915.0,1020.0,9227,0,0,1,Pedestrian
5,841.0,963.0,915.0,1020.0,9228,0,0,1,Pedestrian
5,844.0,963.0,918.0,1020.0,9229,0,0,1,Pedestrian
5,844.0,963.0,918.0,1020.0,9230,0,0,1,Pedestrian
5,844.0,963.0,918.0,1020.0,9231,0,0,1,Pedestrian
5,847.0,963.0,921.0,1020.0,9232,0,0,1,Pedestrian
5,847.0,963.0,921.0,1020.0,9233,0,0,1,Pedestrian
5,849.0,963.0,924.0,1020.0,9234,0,0,1,Pedestrian
5,849.0,963.0,924.0,1020.0,9235,0,0,1,Pedestrian
5,852.0,963.0,926.0,1020.0,9236,0,0,1,Pedestrian
5,852.0,963.0,926.0,1020.0,9237,0,0,1,Pedestrian
5,855.0,963.0,929.0,1020.0,9238,0,0,1,Pedestrian
5,855.0,963.0,929.0,1020.0,9239,0,0,1,Pedestrian
5,858.0,963.0,932.0,1020.0,9240,0,0,1,Pedestrian
5,858.0,963.0,932.0,1020.0,9241,0,0,1,Pedestrian
5,860.0,960.0,935.0,1017.0,9242,0,0,1,Pedestrian
5,860.0,960.0,935.0,1017.0,9243,0,0,1,Pedestrian
5,863.0,960.0,937.0,1017.0,9244,0,0,1,Pedestrian
5,863.0,960.0,937.0,1017.0,9245,0,0,1,Pedestrian
5,866.0,960.0,940.0,1017.0,9246,0,0,1,Pedestrian
5,866.0,960.0,940.0,1017.0,9247,0,0,1,Pedestrian
5,866.0,960.0,940.0,1017.0,9248,0,0,1,Pedestrian
5,869.0,960.0,943.0,1017.0,9249,0,0,1,Pedestrian
5,869.0,960.0,943.0,1017.0,9250,0,0,1,Pedestrian
5,871.0,960.0,946.0,1017.0,9251,0,0,1,Pedestrian
5,871.0,960.0,946.0,1017.0,9252,0,0,1,Pedestrian
5,874.0,960.0,948.0,1017.0,9253,0,0,1,Pedestrian
5,874.0,960.0,948.0,1017.0,9254,0,0,1,Pedestrian
5,877.0,960.0,951.0,1017.0,9255,0,0,1,Pedestrian
5,877.0,960.0,951.0,1017.0,9256,0,0,1,Pedestrian
5,880.0,960.0,954.0,1017.0,9257,0,0,1,Pedestrian
5,880.0,960.0,954.0,1017.0,9258,0,0,1,Pedestrian
5,882.0,960.0,957.0,1017.0,9259,0,0,1,Pedestrian
5,882.0,960.0,957.0,1017.0,9260,0,0,1,Pedestrian
5,885.0,960.0,959.0,1017.0,9261,0,0,1,Pedestrian
5,885.0,960.0,959.0,1017.0,9262,0,0,1,Pedestrian
5,888.0,960.0,962.0,1017.0,9263,0,0,1,Pedestrian
5,888.0,960.0,962.0,1017.0,9264,0,0,1,Pedestrian
5,888.0,960.0,962.0,1017.0,9265,0,0,1,Pedestrian
5,891.0,960.0,965.0,1017.0,9266,0,0,1,Pedestrian
5,891.0,960.0,965.0,1017.0,9267,0,0,1,Pedestrian
5,893.0,960.0,968.0,1017.0,9268,0,0,1,Pedestrian
5,893.0,960.0,968.0,1017.0,9269,0,0,1,Pedestrian
5,896.0,960.0,970.0,1017.0,9270,0,0,1,Pedestrian
5,896.0,960.0,970.0,1017.0,9271,0,0,1,Pedestrian
5,899.0,960.0,973.0,1017.0,9272,0,0,1,Pedestrian
5,899.0,960.0,973.0,1017.0,9273,0,0,1,Pedestrian
5,902.0,960.0,976.0,1017.0,9274,0,0,1,Pedestrian
5,902.0,960.0,976.0,1017.0,9275,0,0,1,Pedestrian
5,904.0,960.0,979.0,1017.0,9276,0,0,1,Pedestrian
5,904.0,960.0,979.0,1017.0,9277,0,0,1,Pedestrian
5,907.0,960.0,981.0,1017.0,9278,0,0,1,Pedestrian
5,907.0,960.0,981.0,1017.0,9279,0,0,1,Pedestrian
5,910.0,960.0,984.0,1017.0,9280,0,0,0,Pedestrian
5,910.0,958.0,984.0,1015.0,9281,0,0,1,Pedestrian
5,910.0,958.0,984.0,1015.0,9282,0,0,1,Pedestrian
5,913.0,958.0,987.0,1015.0,9283,0,0,1,Pedestrian
5,913.0,958.0,987.0,1015.0,9284,0,0,1,Pedestrian
5,915.0,958.0,990.0,1015.0,9285,0,0,1,Pedestrian
5,915.0,958.0,990.0,1015.0,9286,0,0,1,Pedestrian
5,918.0,958.0,992.0,1015.0,9287,0,0,1,Pedestrian
5,918.0,958.0,992.0,1015.0,9288,0,0,1,Pedestrian
5,921.0,958.0,995.0,1015.0,9289,0,0,1,Pedestrian
5,921.0,958.0,995.0,1015.0,9290,0,0,1,Pedestrian
5,924.0,958.0,998.0,1015.0,9291,0,0,1,Pedestrian
5,924.0,958.0,998.0,1015.0,9292,0,0,1,Pedestrian
5,926.0,958.0,1001.0,1015.0,9293,0,0,1,Pedestrian
5,926.0,958.0,1001.0,1015.0,9294,0,0,1,Pedestrian
5,929.0,956.0,1003.0,1013.0,9295,0,0,1,Pedestrian
5,929.0,956.0,1003.0,1013.0,9296,0,0,1,Pedestrian
5,932.0,956.0,1006.0,1013.0,9297,0,0,1,Pedestrian
5,932.0,956.0,1006.0,1013.0,9298,0,0,1,Pedestrian
5,935.0,956.0,1009.0,1013.0,9299,0,0,1,Pedestrian
5,935.0,956.0,1009.0,1013.0,9300,0,0,1,Pedestrian
5,937.0,956.0,1012.0,1013.0,9301,0,0,1,Pedestrian
5,937.0,956.0,1012.0,1013.0,9302,0,0,1,Pedestrian
5,940.0,956.0,1014.0,1013.0,9303,0,0,1,Pedestrian
5,940.0,956.0,1014.0,1013.0,9304,0,0,1,Pedestrian
5,943.0,956.0,1017.0,1013.0,9305,0,0,1,Pedestrian
5,943.0,956.0,1017.0,1013.0,9306,0,0,1,Pedestrian
5,946.0,956.0,1020.0,1013.0,9307,0,0,1,Pedestrian
5,946.0,956.0,1020.0,1013.0,9308,0,0,1,Pedestrian
5,948.0,954.0,1023.0,1011.0,9309,0,0,1,Pedestrian
5,948.0,954.0,1023.0,1011.0,9310,0,0,1,Pedestrian
5,951.0,954.0,1025.0,1011.0,9311,0,0,1,Pedestrian
5,951.0,954.0,1025.0,1011.0,9312,0,0,1,Pedestrian
5,954.0,954.0,1028.0,1011.0,9313,0,0,1,Pedestrian
5,954.0,954.0,1028.0,1011.0,9314,0,0,1,Pedestrian
5,957.0,954.0,1031.0,1011.0,9315,0,0,1,Pedestrian
5,957.0,954.0,1031.0,1011.0,9316,0,0,1,Pedestrian
5,959.0,954.0,1034.0,1011.0,9317,0,0,1,Pedestrian
5,959.0,954.0,1034.0,1011.0,9318,0,0,1,Pedestrian
5,962.0,954.0,1036.0,1011.0,9319,0,0,1,Pedestrian
5,962.0,954.0,1036.0,1011.0,9320,0,0,1,Pedestrian
5,965.0,954.0,1039.0,1011.0,9321,0,0,1,Pedestrian
5,965.0,954.0,1039.0,1011.0,9322,0,0,1,Pedestrian
5,968.0,951.0,1042.0,1008.0,9323,0,0,1,Pedestrian
5,968.0,951.0,1042.0,1008.0,9324,0,0,1,Pedestrian
5,970.0,951.0,1045.0,1008.0,9325,0,0,1,Pedestrian
5,970.0,951.0,1045.0,1008.0,9326,0,0,1,Pedestrian
5,973.0,951.0,1047.0,1008.0,9327,0,0,1,Pedestrian
5,973.0,951.0,1047.0,1008.0,9328,0,0,1,Pedestrian
5,976.0,951.0,1050.0,1008.0,9329,0,0,1,Pedestrian
5,976.0,951.0,1050.0,1008.0,9330,0,0,1,Pedestrian
5,979.0,951.0,1053.0,1008.0,9331,0,0,1,Pedestrian
5,979.0,951.0,1053.0,1008.0,9332,0,0,1,Pedestrian
5,981.0,951.0,1056.0,1008.0,9333,0,0,1,Pedestrian
5,981.0,951.0,1056.0,1008.0,9334,0,0,1,Pedestrian
5,984.0,951.0,1058.0,1008.0,9335,0,0,1,Pedestrian
5,984.0,951.0,1058.0,1008.0,9336,0,0,1,Pedestrian
5,987.0,949.0,1061.0,1006.0,9337,0,0,1,Pedestrian
5,987.0,949.0,1061.0,1006.0,9338,0,0,1,Pedestrian
5,990.0,949.0,1064.0,1006.0,9339,0,0,1,Pedestrian
5,990.0,949.0,1064.0,1006.0,9340,0,0,1,Pedestrian
5,992.0,949.0,1067.0,1006.0,9341,0,0,1,Pedestrian
5,992.0,949.0,1067.0,1006.0,9342,0,0,1,Pedestrian
5,995.0,949.0,1069.0,1006.0,9343,0,0,1,Pedestrian
5,995.0,949.0,1069.0,1006.0,9344,0,0,1,Pedestrian
5,998.0,949.0,1072.0,1006.0,9345,0,0,1,Pedestrian
5,998.0,949.0,1072.0,1006.0,9346,0,0,1,Pedestrian
5,1001.0,949.0,1075.0,1006.0,9347,0,0,1,Pedestrian
5,1001.0,949.0,1075.0,1006.0,9348,0,0,1,Pedestrian
5,1003.0,949.0,1078.0,1006.0,9349,0,0,1,Pedestrian
5,1003.0,949.0,1078.0,1006.0,9350,0,0,1,Pedestrian
5,1006.0,949.0,1080.0,1006.0,9351,0,0,0,Pedestrian
5,1006.0,949.0,1080.0,1006.0,9352,0,0,1,Pedestrian
5,1006.0,949.0,1080.0,1006.0,9353,0,0,1,Pedestrian
5,1006.0,949.0,1080.0,1006.0,9354,0,0,1,Pedestrian
5,1009.0,949.0,1083.0,1006.0,9355,0,0,1,Pedestrian
5,1009.0,949.0,1083.0,1006.0,9356,0,0,1,Pedestrian
5,1009.0,949.0,1083.0,1006.0,9357,0,0,1,Pedestrian
5,1009.0,949.0,1083.0,1006.0,9358,0,0,1,Pedestrian
5,1012.0,949.0,1086.0,1006.0,9359,0,0,1,Pedestrian
5,1012.0,949.0,1086.0,1006.0,9360,0,0,1,Pedestrian
5,1012.0,949.0,1086.0,1006.0,9361,0,0,1,Pedestrian
5,1014.0,949.0,1089.0,1006.0,9362,0,0,1,Pedestrian
5,1014.0,949.0,1089.0,1006.0,9363,0,0,1,Pedestrian
5,1014.0,949.0,1089.0,1006.0,9364,0,0,1,Pedestrian
5,1014.0,949.0,1089.0,1006.0,9365,0,0,1,Pedestrian
5,1017.0,949.0,1091.0,1006.0,9366,0,0,1,Pedestrian
5,1017.0,949.0,1091.0,1006.0,9367,0,0,1,Pedestrian
5,1017.0,949.0,1091.0,1006.0,9368,0,0,1,Pedestrian
5,1017.0,949.0,1091.0,1006.0,9369,0,0,1,Pedestrian
5,1020.0,949.0,1094.0,1006.0,9370,0,0,1,Pedestrian
5,1020.0,949.0,1094.0,1006.0,9371,0,0,1,Pedestrian
5,1020.0,949.0,1094.0,1006.0,9372,0,0,1,Pedestrian
5,1023.0,949.0,1097.0,1006.0,9373,0,0,0,Pedestrian
5,1023.0,949.0,1097.0,1006.0,9374,0,0,1,Pedestrian
5,1025.0,949.0,1100.0,1006.0,9375,0,0,1,Pedestrian
5,1025.0,949.0,1100.0,1006.0,9376,0,0,1,Pedestrian
5,1028.0,949.0,1102.0,1006.0,9377,0,0,1,Pedestrian
5,1028.0,949.0,1102.0,1006.0,9378,0,0,1,Pedestrian
5,1031.0,949.0,1105.0,1006.0,9379,0,0,1,Pedestrian
5,1031.0,949.0,1105.0,1006.0,9380,0,0,1,Pedestrian
5,1034.0,949.0,1108.0,1006.0,9381,0,0,1,Pedestrian
5,1036.0,949.0,1111.0,1006.0,9382,0,0,1,Pedestrian
5,1036.0,949.0,1111.0,1006.0,9383,0,0,1,Pedestrian
5,1039.0,949.0,1113.0,1006.0,9384,0,0,1,Pedestrian
5,1039.0,949.0,1113.0,1006.0,9385,0,0,1,Pedestrian
5,1042.0,949.0,1116.0,1006.0,9386,0,0,1,Pedestrian
5,1042.0,949.0,1116.0,1006.0,9387,0,0,1,Pedestrian
5,1045.0,949.0,1119.0,1006.0,9388,0,0,1,Pedestrian
5,1045.0,949.0,1119.0,1006.0,9389,0,0,1,Pedestrian
5,1047.0,949.0,1122.0,1006.0,9390,0,0,1,Pedestrian
5,1050.0,949.0,1124.0,1006.0,9391,0,0,1,Pedestrian
5,1050.0,949.0,1124.0,1006.0,9392,0,0,1,Pedestrian
5,1053.0,949.0,1127.0,1006.0,9393,0,0,1,Pedestrian
5,1053.0,949.0,1127.0,1006.0,9394,0,0,1,Pedestrian
5,1056.0,949.0,1130.0,1006.0,9395,0,0,1,Pedestrian
5,1056.0,949.0,1130.0,1006.0,9396,0,0,1,Pedestrian
5,1058.0,949.0,1133.0,1006.0,9397,0,0,1,Pedestrian
5,1058.0,949.0,1133.0,1006.0,9398,0,0,1,Pedestrian
5,1061.0,949.0,1135.0,1006.0,9399,0,0,1,Pedestrian
5,1064.0,949.0,1138.0,1006.0,9400,0,0,1,Pedestrian
5,1064.0,949.0,1138.0,1006.0,9401,0,0,1,Pedestrian
5,1067.0,949.0,1141.0,1006.0,9402,0,0,1,Pedestrian
5,1067.0,949.0,1141.0,1006.0,9403,0,0,1,Pedestrian
5,1069.0,949.0,1144.0,1006.0,9404,0,0,1,Pedestrian
5,1069.0,949.0,1144.0,1006.0,9405,0,0,1,Pedestrian
5,1072.0,949.0,1146.0,1006.0,9406,0,0,1,Pedestrian
5,1072.0,949.0,1146.0,1006.0,9407,0,0,1,Pedestrian
5,1075.0,949.0,1149.0,1006.0,9408,0,0,1,Pedestrian
5,1078.0,949.0,1152.0,1006.0,9409,0,0,1,Pedestrian
5,1078.0,949.0,1152.0,1006.0,9410,0,0,1,Pedestrian
5,1080.0,949.0,1155.0,1006.0,9411,0,0,1,Pedestrian
5,1080.0,949.0,1155.0,1006.0,9412,0,0,1,Pedestrian
5,1083.0,949.0,1157.0,1006.0,9413,0,0,1,Pedestrian
5,1083.0,949.0,1157.0,1006.0,9414,0,0,1,Pedestrian
5,1086.0,949.0,1160.0,1006.0,9415,0,0,1,Pedestrian
5,1086.0,949.0,1160.0,1006.0,9416,0,0,1,Pedestrian
5,1089.0,949.0,1163.0,1006.0,9417,0,0,1,Pedestrian
5,1091.0,949.0,1166.0,1006.0,9418,0,0,1,Pedestrian
5,1091.0,949.0,1166.0,1006.0,9419,0,0,1,Pedestrian
5,1094.0,949.0,1168.0,1006.0,9420,0,0,1,Pedestrian
5,1094.0,949.0,1168.0,1006.0,9421,0,0,1,Pedestrian
5,1097.0,949.0,1171.0,1006.0,9422,0,0,1,Pedestrian
5,1097.0,949.0,1171.0,1006.0,9423,0,0,1,Pedestrian
5,1100.0,949.0,1174.0,1006.0,9424,0,0,1,Pedestrian
5,1100.0,949.0,1174.0,1006.0,9425,0,0,1,Pedestrian
5,1102.0,951.0,1177.0,1008.0,9426,0,0,1,Pedestrian
5,1105.0,951.0,1179.0,1008.0,9427,0,0,1,Pedestrian
5,1105.0,951.0,1179.0,1008.0,9428,0,0,1,Pedestrian
5,1108.0,951.0,1182.0,1008.0,9429,0,0,1,Pedestrian
5,1108.0,951.0,1182.0,1008.0,9430,0,0,1,Pedestrian
5,1111.0,951.0,1185.0,1008.0,9431,0,0,1,Pedestrian
5,1111.0,951.0,1185.0,1008.0,9432,0,0,1,Pedestrian
5,1113.0,951.0,1188.0,1008.0,9433,0,0,1,Pedestrian
5,1113.0,951.0,1188.0,1008.0,9434,0,0,1,Pedestrian
5,1116.0,951.0,1190.0,1008.0,9435,0,0,1,Pedestrian
5,1119.0,951.0,1193.0,1008.0,9436,0,0,1,Pedestrian
5,1119.0,951.0,1193.0,1008.0,9437,0,0,1,Pedestrian
5,1122.0,951.0,1196.0,1008.0,9438,0,0,1,Pedestrian
5,1122.0,951.0,1196.0,1008.0,9439,0,0,1,Pedestrian
5,1124.0,951.0,1199.0,1008.0,9440,0,0,1,Pedestrian
5,1124.0,951.0,1199.0,1008.0,9441,0,0,1,Pedestrian
5,1127.0,951.0,1201.0,1008.0,9442,0,0,1,Pedestrian
5,1127.0,951.0,1201.0,1008.0,9443,0,0,1,Pedestrian
5,1130.0,951.0,1204.0,1008.0,9444,0,0,1,Pedestrian
5,1133.0,951.0,1207.0,1008.0,9445,0,0,1,Pedestrian
5,1133.0,951.0,1207.0,1008.0,9446,0,0,1,Pedestrian
5,1135.0,951.0,1210.0,1008.0,9447,0,0,1,Pedestrian
5,1135.0,951.0,1210.0,1008.0,9448,0,0,1,Pedestrian
5,1138.0,951.0,1212.0,1008.0,9449,0,0,1,Pedestrian
5,1138.0,951.0,1212.0,1008.0,9450,0,0,1,Pedestrian
5,1141.0,951.0,1215.0,1008.0,9451,0,0,1,Pedestrian
5,1144.0,951.0,1218.0,1008.0,9452,0,0,1,Pedestrian
5,1144.0,951.0,1218.0,1008.0,9453,0,0,1,Pedestrian
5,1146.0,951.0,1221.0,1008.0,9454,0,0,1,Pedestrian
5,1146.0,951.0,1221.0,1008.0,9455,0,0,1,Pedestrian
5,1149.0,951.0,1223.0,1008.0,9456,0,0,1,Pedestrian
5,1149.0,951.0,1223.0,1008.0,9457,0,0,1,Pedestrian
5,1152.0,951.0,1226.0,1008.0,9458,0,0,1,Pedestrian
5,1152.0,951.0,1226.0,1008.0,9459,0,0,1,Pedestrian
5,1155.0,951.0,1229.0,1008.0,9460,0,0,1,Pedestrian
5,1157.0,951.0,1232.0,1008.0,9461,0,0,1,Pedestrian
5,1157.0,951.0,1232.0,1008.0,9462,0,0,1,Pedestrian
5,1160.0,951.0,1234.0,1008.0,9463,0,0,1,Pedestrian
5,1160.0,951.0,1234.0,1008.0,9464,0,0,1,Pedestrian
5,1163.0,951.0,1237.0,1008.0,9465,0,0,1,Pedestrian
5,1163.0,951.0,1237.0,1008.0,9466,0,0,1,Pedestrian
5,1166.0,951.0,1240.0,1008.0,9467,0,0,1,Pedestrian
5,1166.0,951.0,1240.0,1008.0,9468,0,0,1,Pedestrian
5,1168.0,951.0,1243.0,1008.0,9469,0,0,1,Pedestrian
5,1171.0,951.0,1245.0,1008.0,9470,0,0,1,Pedestrian
5,1171.0,951.0,1245.0,1008.0,9471,0,0,1,Pedestrian
5,1174.0,951.0,1248.0,1008.0,9472,0,0,1,Pedestrian
5,1174.0,951.0,1248.0,1008.0,9473,0,0,1,Pedestrian
5,1177.0,951.0,1251.0,1008.0,9474,0,0,1,Pedestrian
5,1177.0,951.0,1251.0,1008.0,9475,0,0,1,Pedestrian
5,1179.0,951.0,1254.0,1008.0,9476,0,0,1,Pedestrian
5,1179.0,951.0,1254.0,1008.0,9477,0,0,1,Pedestrian
5,1182.0,951.0,1256.0,1008.0,9478,0,0,1,Pedestrian
5,1185.0,954.0,1259.0,1011.0,9479,0,0,1,Pedestrian
5,1185.0,954.0,1259.0,1011.0,9480,0,0,1,Pedestrian
5,1188.0,954.0,1262.0,1011.0,9481,0,0,1,Pedestrian
5,1188.0,954.0,1262.0,1011.0,9482,0,0,1,Pedestrian
5,1190.0,954.0,1265.0,1011.0,9483,0,0,1,Pedestrian
5,1190.0,954.0,1265.0,1011.0,9484,0,0,1,Pedestrian
5,1193.0,954.0,1267.0,1011.0,9485,0,0,1,Pedestrian
5,1193.0,954.0,1267.0,1011.0,9486,0,0,1,Pedestrian
5,1196.0,954.0,1270.0,1011.0,9487,0,0,1,Pedestrian
5,1199.0,954.0,1273.0,1011.0,9488,0,0,1,Pedestrian
5,1199.0,954.0,1273.0,1011.0,9489,0,0,1,Pedestrian
5,1201.0,954.0,1276.0,1011.0,9490,0,0,1,Pedestrian
5,1201.0,954.0,1276.0,1011.0,9491,0,0,1,Pedestrian
5,1204.0,954.0,1278.0,1011.0,9492,0,0,1,Pedestrian
5,1204.0,954.0,1278.0,1011.0,9493,0,0,1,Pedestrian
5,1207.0,954.0,1281.0,1011.0,9494,0,0,1,Pedestrian
5,1207.0,954.0,1281.0,1011.0,9495,0,0,1,Pedestrian
5,1210.0,954.0,1284.0,1011.0,9496,0,0,1,Pedestrian
5,1212.0,954.0,1287.0,1011.0,9497,0,0,1,Pedestrian
5,1212.0,954.0,1287.0,1011.0,9498,0,0,1,Pedestrian
5,1215.0,954.0,1289.0,1011.0,9499,0,0,1,Pedestrian
5,1215.0,954.0,1289.0,1011.0,9500,0,0,1,Pedestrian
5,1218.0,954.0,1292.0,1011.0,9501,0,0,1,Pedestrian
5,1218.0,954.0,1292.0,1011.0,9502,0,0,1,Pedestrian
5,1221.0,954.0,1295.0,1011.0,9503,0,0,1,Pedestrian
5,1221.0,954.0,1295.0,1011.0,9504,0,0,1,Pedestrian
5,1223.0,954.0,1298.0,1011.0,9505,0,0,1,Pedestrian
5,1226.0,954.0,1300.0,1011.0,9506,0,0,1,Pedestrian
5,1226.0,954.0,1300.0,1011.0,9507,0,0,1,Pedestrian
5,1229.0,954.0,1303.0,1011.0,9508,0,0,1,Pedestrian
5,1229.0,954.0,1303.0,1011.0,9509,0,0,1,Pedestrian
5,1232.0,954.0,1306.0,1011.0,9510,0,0,1,Pedestrian
5,1232.0,954.0,1306.0,1011.0,9511,0,0,1,Pedestrian
5,1234.0,954.0,1309.0,1011.0,9512,0,0,1,Pedestrian
5,1234.0,954.0,1309.0,1011.0,9513,0,0,1,Pedestrian
5,1237.0,954.0,1311.0,1011.0,9514,0,0,1,Pedestrian
5,1240.0,954.0,1314.0,1011.0,9515,0,0,1,Pedestrian
5,1240.0,954.0,1314.0,1011.0,9516,0,0,1,Pedestrian
5,1243.0,954.0,1317.0,1011.0,9517,0,0,1,Pedestrian
5,1243.0,954.0,1317.0,1011.0,9518,0,0,1,Pedestrian
5,1245.0,954.0,1320.0,1011.0,9519,0,0,1,Pedestrian
5,1245.0,954.0,1320.0,1011.0,9520,0,0,1,Pedestrian
5,1248.0,954.0,1322.0,1011.0,9521,0,0,1,Pedestrian
5,1248.0,954.0,1322.0,1011.0,9522,0,0,1,Pedestrian
5,1251.0,954.0,1325.0,1011.0,9523,0,0,1,Pedestrian
5,1254.0,954.0,1328.0,1011.0,9524,0,0,1,Pedestrian
5,1254.0,954.0,1328.0,1011.0,9525,0,0,1,Pedestrian
5,1256.0,954.0,1331.0,1011.0,9526,0,0,1,Pedestrian
5,1256.0,954.0,1331.0,1011.0,9527,0,0,1,Pedestrian
5,1259.0,954.0,1333.0,1011.0,9528,0,0,1,Pedestrian
5,1259.0,954.0,1333.0,1011.0,9529,0,0,1,Pedestrian
5,1262.0,954.0,1336.0,1011.0,9530,0,0,1,Pedestrian
5,1265.0,956.0,1339.0,1013.0,9531,0,0,0,Pedestrian
6,35.0,892.0,965.0,1086.0,8000,1,0,0,Biker
6,33.0,890.0,957.0,1083.0,8001,1,0,1,Biker
6,33.0,890.0,951.0,1083.0,8002,1,0,1,Biker
6,33.0,890.0,946.0,1081.0,8003,1,0,1,Biker
6,33.0,890.0,937.0,1081.0,8004,1,0,1,Biker
6,33.0,890.0,932.0,1081.0,8005,1,0,1,Biker
6,33.0,890.0,926.0,1079.0,8006,1,0,1,Biker
6,33.0,890.0,921.0,1079.0,8007,1,0,1,Biker
6,33.0,890.0,913.0,1079.0,8008,1,0,1,Biker
6,33.0,890.0,907.0,1077.0,8009,1,0,1,Biker
6,33.0,890.0,902.0,1077.0,8010,1,0,1,Biker
6,33.0,890.0,896.0,1074.0,8011,1,0,1,Biker
6,30.0,890.0,888.0,1074.0,8012,1,0,1,Biker
6,30.0,890.0,882.0,1074.0,8013,1,0,1,Biker
6,30.0,890.0,877.0,1072.0,8014,1,0,1,Biker
6,30.0,890.0,871.0,1072.0,8015,1,0,1,Biker
6,30.0,890.0,863.0,1072.0,8016,1,0,1,Biker
6,30.0,890.0,858.0,1070.0,8017,1,0,1,Biker
6,30.0,888.0,852.0,1070.0,8018,1,0,1,Biker
6,30.0,888.0,847.0,1067.0,8019,1,0,1,Biker
6,30.0,888.0,838.0,1067.0,8020,1,0,1,Biker
6,30.0,888.0,833.0,1067.0,8021,1,0,1,Biker
6,30.0,888.0,827.0,1065.0,8022,1,0,1,Biker
6,30.0,888.0,822.0,1065.0,8023,1,0,1,Biker
6,27.0,888.0,814.0,1065.0,8024,1,0,1,Biker
6,27.0,888.0,808.0,1063.0,8025,1,0,1,Biker
6,27.0,888.0,803.0,1063.0,8026,1,0,1,Biker
6,27.0,888.0,797.0,1061.0,8027,1,0,1,Biker
6,27.0,888.0,789.0,1061.0,8028,1,0,1,Biker
6,27.0,888.0,783.0,1061.0,8029,1,0,1,Biker
6,27.0,888.0,778.0,1058.0,8030,1,0,1,Biker
6,27.0,888.0,772.0,1058.0,8031,1,0,1,Biker
6,27.0,888.0,764.0,1058.0,8032,1,0,1,Biker
6,27.0,888.0,759.0,1056.0,8033,1,0,1,Biker
6,27.0,888.0,753.0,1056.0,8034,1,0,1,Biker
6,27.0,888.0,748.0,1056.0,8035,1,0,1,Biker
6,24.0,885.0,739.0,1054.0,8036,1,0,1,Biker
6,24.0,885.0,734.0,1054.0,8037,1,0,1,Biker
6,24.0,885.0,728.0,1052.0,8038,1,0,1,Biker
6,24.0,885.0,723.0,1052.0,8039,1,0,1,Biker
6,24.0,885.0,715.0,1052.0,8040,1,0,1,Biker
6,24.0,885.0,709.0,1049.0,8041,1,0,1,Biker
6,24.0,885.0,704.0,1049.0,8042,1,0,1,Biker
6,24.0,885.0,698.0,1049.0,8043,1,0,1,Biker
6,24.0,885.0,690.0,1047.0,8044,1,0,1,Biker
6,24.0,885.0,684.0,1047.0,8045,1,0,1,Biker
6,24.0,885.0,679.0,1045.0,8046,1,0,1,Biker
6,24.0,885.0,673.0,1045.0,8047,1,0,1,Biker
6,22.0,885.0,665.0,1045.0,8048,1,0,1,Biker
6,22.0,885.0,660.0,1042.0,8049,1,0,1,Biker
6,22.0,885.0,654.0,1042.0,8050,1,0,1,Biker
6,22.0,885.0,649.0,1042.0,8051,1,0,1,Biker
6,22.0,885.0,640.0,1040.0,8052,1,0,1,Biker
6,22.0,885.0,635.0,1040.0,8053,1,0,1,Biker
6,22.0,883.0,629.0,1038.0,8054,1,0,1,Biker
6,22.0,883.0,624.0,1038.0,8055,1,0,1,Biker
6,22.0,883.0,616.0,1038.0,8056,1,0,1,Biker
6,22.0,883.0,610.0,1036.0,8057,1,0,1,Biker
6,22.0,883.0,605.0,1036.0,8058,1,0,1,Biker
6,22.0,883.0,599.0,1036.0,8059,1,0,1,Biker
6,19.0,883.0,591.0,1033.0,8060,1,0,1,Biker
6,19.0,883.0,585.0,1033.0,8061,1,0,1,Biker
6,19.0,883.0,580.0,1033.0,8062,1,0,1,Biker
6,19.0,883.0,574.0,1031.0,8063,1,0,1,Biker
6,19.0,883.0,566.0,1031.0,8064,1,0,1,Biker
6,19.0,883.0,561.0,1029.0,8065,1,0,1,Biker
6,19.0,883.0,555.0,1029.0,8066,1,0,1,Biker
6,19.0,883.0,550.0,1029.0,8067,1,0,1,Biker
6,19.0,883.0,541.0,1026.0,8068,1,0,1,Biker
6,19.0,883.0,536.0,1026.0,8069,1,0,1,Biker
6,19.0,883.0,530.0,1026.0,8070,1,0,1,Biker
6,19.0,883.0,525.0,1024.0,8071,1,0,1,Biker
6,16.0,881.0,517.0,1024.0,8072,1,0,1,Biker
6,16.0,881.0,511.0,1022.0,8073,1,0,1,Biker
6,16.0,881.0,506.0,1022.0,8074,1,0,1,Biker
6,16.0,881.0,500.0,1022.0,8075,1,0,1,Biker
6,16.0,881.0,492.0,1020.0,8076,1,0,1,Biker
6,16.0,881.0,486.0,1020.0,8077,1,0,1,Biker
6,16.0,881.0,481.0,1020.0,8078,1,0,1,Biker
6,16.0,881.0,475.0,1017.0,8079,1,0,1,Biker
6,16.0,881.0,467.0,1017.0,8080,1,0,1,Biker
6,16.0,881.0,462.0,1015.0,8081,1,0,1,Biker
6,16.0,881.0,456.0,1015.0,8082,1,0,1,Biker
6,16.0,881.0,451.0,1015.0,8083,1,0,1,Biker
6,13.0,881.0,442.0,1013.0,8084,1,0,1,Biker
6,13.0,881.0,437.0,1013.0,8085,1,0,1,Biker
6,13.0,881.0,431.0,1013.0,8086,1,0,1,Biker
6,13.0,881.0,426.0,1011.0,8087,1,0,1,Biker
6,13.0,881.0,418.0,1011.0,8088,1,0,1,Biker
6,13.0,881.0,412.0,1011.0,8089,1,0,1,Biker
6,13.0,878.0,407.0,1008.0,8090,1,0,1,Biker
6,13.0,878.0,401.0,1008.0,8091,1,0,1,Biker
6,13.0,878.0,393.0,1006.0,8092,1,0,1,Biker
6,13.0,878.0,387.0,1006.0,8093,1,0,1,Biker
6,13.0,878.0,382.0,1006.0,8094,1,0,1,Biker
6,13.0,878.0,376.0,1004.0,8095,1,0,1,Biker
6,11.0,878.0,368.0,1004.0,8096,1,0,1,Biker
6,11.0,878.0,363.0,1004.0,8097,1,0,1,Biker
6,11.0,878.0,357.0,1001.0,8098,1,0,1,Biker
6,11.0,878.0,352.0,1001.0,8099,1,0,1,Biker
6,11.0,878.0,343.0,999.0,8100,1,0,1,Biker
6,11.0,878.0,338.0,999.0,8101,1,0,1,Biker
6,11.0,878.0,332.0,999.0,8102,1,0,1,Biker
6,11.0,878.0,327.0,997.0,8103,1,0,1,Biker
6,11.0,878.0,319.0,997.0,8104,1,0,1,Biker
6,11.0,878.0,313.0,997.0,8105,1,0,1,Biker
6,11.0,878.0,308.0,995.0,8106,1,0,1,Biker
6,11.0,878.0,302.0,995.0,8107,1,0,1,Biker
6,8.0,876.0,294.0,992.0,8108,1,0,1,Biker
6,8.0,876.0,288.0,992.0,8109,1,0,1,Biker
6,8.0,876.0,283.0,992.0,8110,1,0,1,Biker
6,8.0,876.0,277.0,990.0,8111,1,0,1,Biker
6,8.0,876.0,269.0,990.0,8112,1,0,1,Biker
6,8.0,876.0,264.0,990.0,8113,1,0,1,Biker
6,8.0,876.0,258.0,988.0,8114,1,0,1,Biker
6,8.0,876.0,253.0,988.0,8115,1,0,1,Biker
6,8.0,876.0,244.0,988.0,8116,1,0,1,Biker
6,8.0,876.0,239.0,985.0,8117,1,0,1,Biker
6,8.0,876.0,233.0,985.0,8118,1,0,1,Biker
6,8.0,876.0,228.0,983.0,8119,1,0,1,Biker
6,5.0,876.0,220.0,983.0,8120,1,0,1,Biker
6,5.0,876.0,214.0,983.0,8121,1,0,1,Biker
6,5.0,876.0,209.0,981.0,8122,1,0,1,Biker
6,5.0,876.0,203.0,981.0,8123,1,0,1,Biker
6,5.0,876.0,195.0,981.0,8124,1,0,1,Biker
6,5.0,876.0,189.0,979.0,8125,1,0,1,Biker
6,5.0,874.0,184.0,979.0,8126,1,0,1,Biker
6,5.0,874.0,178.0,976.0,8127,1,0,1,Biker
6,5.0,874.0,170.0,976.0,8128,1,0,1,Biker
6,5.0,874.0,165.0,976.0,8129,1,0,1,Biker
6,5.0,874.0,159.0,974.0,8130,1,0,1,Biker
6,5.0,874.0,154.0,974.0,8131,1,0,1,Biker
6,2.0,874.0,145.0,974.0,8132,1,0,1,Biker
6,2.0,874.0,140.0,972.0,8133,1,0,1,Biker
6,2.0,874.0,134.0,972.0,8134,1,0,1,Biker
6,2.0,874.0,129.0,970.0,8135,1,0,1,Biker
6,2.0,874.0,121.0,970.0,8136,1,0,1,Biker
6,2.0,874.0,115.0,970.0,8137,1,0,1,Biker
6,2.0,874.0,110.0,967.0,8138,1,0,1,Biker
6,2.0,874.0,104.0,967.0,8139,1,0,1,Biker
6,2.0,874.0,96.0,967.0,8140,1,0,1,Biker
6,2.0,874.0,90.0,965.0,8141,1,0,1,Biker
6,2.0,874.0,85.0,965.0,8142,1,0,1,Biker
6,2.0,874.0,79.0,965.0,8143,0,0,0,Biker
6,0.0,869.0,82.0,965.0,8144,0,0,1,Biker
6,0.0,865.0,88.0,965.0,8145,0,0,1,Biker
6,0.0,860.0,93.0,965.0,8146,0,0,1,Biker
6,0.0,856.0,99.0,965.0,8147,0,0,1,Biker
6,0.0,851.0,104.0,965.0,8148,0,0,1,Biker
6,0.0,847.0,110.0,965.0,8149,0,0,1,Biker
6,0.0,844.0,115.0,965.0,8150,0,0,0,Biker
6,5.0,842.0,121.0,963.0,8151,0,0,1,Biker
6,13.0,842.0,129.0,963.0,8152,0,0,1,Biker
6,19.0,842.0,134.0,963.0,8153,0,0,1,Biker
6,27.0,842.0,143.0,963.0,8154,0,0,1,Biker
6,35.0,842.0,151.0,963.0,8155,0,0,1,Biker
6,41.0,842.0,156.0,963.0,8156,0,0,1,Biker
6,49.0,840.0,165.0,960.0,8157,0,0,1,Biker
6,57.0,840.0,173.0,960.0,8158,0,0,1,Biker
6,63.0,840.0,178.0,960.0,8159,0,0,1,Biker
6,71.0,840.0,187.0,960.0,8160,0,0,1,Biker
6,79.0,840.0,195.0,960.0,8161,0,0,1,Biker
6,85.0,840.0,200.0,960.0,8162,0,0,1,Biker
6,93.0,837.0,209.0,958.0,8163,0,0,1,Biker
6,101.0,837.0,217.0,958.0,8164,0,0,1,Biker
6,107.0,837.0,222.0,958.0,8165,0,0,1,Biker
6,115.0,837.0,231.0,958.0,8166,0,0,1,Biker
6,121.0,837.0,236.0,958.0,8167,0,0,1,Biker
6,129.0,837.0,244.0,958.0,8168,0,0,1,Biker
6,137.0,835.0,253.0,956.0,8169,0,0,1,Biker
6,143.0,835.0,258.0,956.0,8170,0,0,1,Biker
6,151.0,835.0,266.0,956.0,8171,0,0,1,Biker
6,159.0,835.0,275.0,956.0,8172,0,0,1,Biker
6,165.0,835.0,280.0,956.0,8173,0,0,1,Biker
6,173.0,835.0,288.0,956.0,8174,0,0,1,Biker
6,181.0,833.0,297.0,954.0,8175,0,0,1,Biker
6,187.0,833.0,302.0,954.0,8176,0,0,1,Biker
6,195.0,833.0,310.0,954.0,8177,0,0,1,Biker
6,203.0,833.0,319.0,954.0,8178,0,0,1,Biker
6,209.0,833.0,324.0,954.0,8179,0,0,1,Biker
6,217.0,833.0,332.0,954.0,8180,0,0,1,Biker
6,225.0,833.0,341.0,954.0,8181,0,0,0,Biker
6,231.0,833.0,346.0,954.0,8182,0,0,1,Biker
6,239.0,833.0,354.0,954.0,8183,0,0,1,Biker
6,244.0,833.0,360.0,954.0,8184,0,0,1,Biker
6,253.0,833.0,368.0,954.0,8185,0,0,1,Biker
6,258.0,833.0,374.0,954.0,8186,0,0,1,Biker
6,266.0,835.0,382.0,956.0,8187,0,0,1,Biker
6,272.0,835.0,387.0,956.0,8188,0,0,1,Biker
6,280.0,835.0,396.0,956.0,8189,0,0,1,Biker
6,288.0,835.0,404.0,956.0,8190,0,0,1,Biker
6,294.0,835.0,409.0,956.0,8191,0,0,1,Biker
6,302.0,835.0,418.0,956.0,8192,0,0,1,Biker
6,308.0,837.0,423.0,958.0,8193,0,0,1,Biker
6,316.0,837.0,431.0,958.0,8194,0,0,1,Biker
6,321.0,837.0,437.0,958.0,8195,0,0,1,Biker
6,330.0,837.0,445.0,958.0,8196,0,0,1,Biker
6,338.0,837.0,453.0,958.0,8197,0,0,1,Biker
6,343.0,840.0,459.0,960.0,8198,0,0,1,Biker
6,352.0,840.0,467.0,960.0,8199,0,0,1,Biker
6,357.0,840.0,473.0,960.0,8200,0,0,1,Biker
6,365.0,840.0,481.0,960.0,8201,0,0,1,Biker
6,371.0,840.0,486.0,960.0,8202,0,0,1,Biker
6,379.0,840.0,495.0,960.0,8203,0,0,1,Biker
6,387.0,842.0,503.0,963.0,8204,0,0,1,Biker
6,393.0,842.0,508.0,963.0,8205,0,0,1,Biker
6,401.0,842.0,517.0,963.0,8206,0,0,1,Biker
6,407.0,842.0,522.0,963.0,8207,0,0,1,Biker
6,415.0,842.0,530.0,963.0,8208,0,0,1,Biker
6,420.0,842.0,536.0,963.0,8209,0,0,1,Biker
6,429.0,844.0,544.0,965.0,8210,0,0,1,Biker
6,437.0,844.0,552.0,965.0,8211,0,0,1,Biker
6,442.0,844.0,558.0,965.0,8212,0,0,1,Biker
6,451.0,844.0,566.0,965.0,8213,0,0,1,Biker
6,456.0,844.0,572.0,965.0,8214,0,0,1,Biker
6,464.0,847.0,580.0,967.0,8215,0,0,1,Biker
6,470.0,847.0,585.0,967.0,8216,0,0,1,Biker
6,478.0,847.0,594.0,967.0,8217,0,0,1,Biker
6,486.0,847.0,602.0,967.0,8218,0,0,1,Biker
6,492.0,847.0,607.0,967.0,8219,0,0,1,Biker
6,500.0,847.0,616.0,967.0,8220,0,0,1,Biker
6,506.0,849.0,621.0,970.0,8221,0,0,1,Biker
6,514.0,849.0,629.0,970.0,8222,0,0,1,Biker
6,519.0,849.0,635.0,970.0,8223,0,0,1,Biker
6,528.0,849.0,643.0,970.0,8224,0,0,1,Biker
6,536.0,849.0,651.0,970.0,8225,0,0,1,Biker
6,541.0,849.0,657.0,970.0,8226,0,0,1,Biker
6,550.0,851.0,665.0,972.0,8227,0,0,1,Biker
6,555.0,851.0,671.0,972.0,8228,0,0,1,Biker
6,563.0,851.0,679.0,972.0,8229,0,0,1,Biker
6,569.0,851.0,684.0,972.0,8230,0,0,1,Biker
6,577.0,851.0,693.0,972.0,8231,0,0,1,Biker
6,585.0,853.0,701.0,974.0,8232,0,0,0,Biker
6,591.0,853.0,706.0,974.0,8233,0,0,1,Biker
6,599.0,853.0,715.0,974.0,8234,0,0,1,Biker
6,605.0,853.0,720.0,974.0,8235,0,0,1,Biker
6,613.0,853.0,728.0,974.0,8236,0,0,1,Biker
6,618.0,853.0,734.0,974.0,8237,0,0,1,Biker
6,627.0,853.0,742.0,974.0,8238,0,0,1,Biker
6,632.0,853.0,748.0,974.0,8239,0,0,1,Biker
6,640.0,853.0,756.0,974.0,8240,0,0,1,Biker
6,649.0,853.0,764.0,974.0,8241,0,0,1,Biker
6,654.0,853.0,770.0,974.0,8242,0,0,1,Biker
6,662.0,853.0,778.0,974.0,8243,0,0,1,Biker
6,668.0,853.0,783.0,974.0,8244,0,0,1,Biker
6,676.0,853.0,792.0,974.0,8245,0,0,1,Biker
6,682.0,853.0,797.0,974.0,8246,0,0,1,Biker
6,690.0,853.0,805.0,974.0,8247,0,0,1,Biker
6,695.0,853.0,811.0,974.0,8248,0,0,1,Biker
6,704.0,853.0,819.0,974.0,8249,0,0,1,Biker
6,712.0,853.0,827.0,974.0,8250,0,0,1,Biker
6,717.0,853.0,833.0,974.0,8251,0,0,1,Biker
6,726.0,853.0,841.0,974.0,8252,0,0,1,Biker
6,731.0,853.0,847.0,974.0,8253,0,0,1,Biker
6,739.0,856.0,855.0,976.0,8254,0,0,1,Biker
6,745.0,856.0,860.0,976.0,8255,0,0,1,Biker
6,753.0,856.0,869.0,976.0,8256,0,0,1,Biker
6,759.0,856.0,874.0,976.0,8257,0,0,1,Biker
6,767.0,856.0,882.0,976.0,8258,0,0,1,Biker
6,775.0,856.0,891.0,976.0,8259,0,0,1,Biker
6,781.0,856.0,896.0,976.0,8260,0,0,1,Biker
6,789.0,856.0,904.0,976.0,8261,0,0,1,Biker
6,794.0,856.0,910.0,976.0,8262,0,0,1,Biker
6,803.0,856.0,918.0,976.0,8263,0,0,1,Biker
6,808.0,856.0,924.0,976.0,8264,0,0,1,Biker
6,816.0,856.0,932.0,976.0,8265,0,0,1,Biker
6,822.0,856.0,937.0,976.0,8266,0,0,1,Biker
6,830.0,856.0,946.0,976.0,8267,0,0,1,Biker
6,838.0,856.0,954.0,976.0,8268,0,0,1,Biker
6,844.0,856.0,959.0,976.0,8269,0,0,1,Biker
6,852.0,856.0,968.0,976.0,8270,0,0,1,Biker
6,858.0,856.0,973.0,976.0,8271,0,0,1,Biker
6,866.0,856.0,981.0,976.0,8272,0,0,1,Biker
6,871.0,856.0,987.0,976.0,8273,0,0,1,Biker
6,880.0,856.0,995.0,976.0,8274,0,0,1,Biker
6,888.0,858.0,1003.0,979.0,8275,0,0,0,Biker
6,893.0,858.0,1009.0,979.0,8276,0,0,1,Biker
6,902.0,858.0,1017.0,979.0,8277,0,0,1,Biker
6,910.0,858.0,1025.0,979.0,8278,0,0,1,Biker
6,915.0,858.0,1031.0,979.0,8279,0,0,1,Biker
6,924.0,860.0,1039.0,981.0,8280,0,0,1,Biker
6,932.0,860.0,1047.0,981.0,8281,0,0,1,Biker
6,937.0,860.0,1053.0,981.0,8282,0,0,1,Biker
6,946.0,860.0,1061.0,981.0,8283,0,0,1,Biker
6,954.0,863.0,1069.0,983.0,8284,0,0,1,Biker
6,959.0,863.0,1075.0,983.0,8285,0,0,1,Biker
6,968.0,863.0,1083.0,983.0,8286,0,0,1,Biker
6,976.0,863.0,1091.0,983.0,8287,0,0,1,Biker
6,981.0,863.0,1097.0,983.0,8288,0,0,1,Biker
6,990.0,865.0,1105.0,985.0,8289,0,0,1,Biker
6,998.0,865.0,1113.0,985.0,8290,0,0,1,Biker
6,1003.0,865.0,1119.0,985.0,8291,0,0,1,Biker
6,1012.0,865.0,1127.0,985.0,8292,0,0,1,Biker
6,1020.0,867.0,1135.0,988.0,8293,0,0,1,Biker
6,1025.0,867.0,1141.0,988.0,8294,0,0,1,Biker
6,1034.0,867.0,1149.0,988.0,8295,0,0,1,Biker
6,1042.0,867.0,1157.0,988.0,8296,0,0,1,Biker
6,1050.0,869.0,1166.0,990.0,8297,0,0,0,Biker
6,1056.0,867.0,1171.0,988.0,8298,0,0,1,Biker
6,1064.0,867.0,1179.0,988.0,8299,0,0,1,Biker
6,1069.0,867.0,1185.0,988.0,8300,0,0,1,Biker
6,1078.0,867.0,1193.0,988.0,8301,0,0,1,Biker
6,1083.0,867.0,1199.0,988.0,8302,0,0,1,Biker
6,1091.0,867.0,1207.0,988.0,8303,0,0,1,Biker
6,1097.0,867.0,1212.0,988.0,8304,0,0,1,Biker
6,1105.0,867.0,1221.0,988.0,8305,0,0,1,Biker
6,1111.0,867.0,1226.0,988.0,8306,0,0,1,Biker
6,1119.0,867.0,1234.0,988.0,8307,0,0,1,Biker
6,1127.0,867.0,1243.0,988.0,8308,0,0,1,Biker
6,1133.0,867.0,1248.0,988.0,8309,0,0,1,Biker
6,1141.0,867.0,1256.0,988.0,8310,0,0,1,Biker
6,1146.0,867.0,1262.0,988.0,8311,0,0,1,Biker
6,1155.0,867.0,1270.0,988.0,8312,0,0,1,Biker
6,1160.0,867.0,1276.0,988.0,8313,0,0,1,Biker
6,1168.0,867.0,1284.0,988.0,8314,0,0,1,Biker
6,1174.0,867.0,1289.0,988.0,8315,0,0,1,Biker
6,1182.0,867.0,1298.0,988.0,8316,0,0,1,Biker
6,1190.0,867.0,1306.0,988.0,8317,0,0,0,Biker
6,1196.0,867.0,1311.0,988.0,8318,0,0,1,Biker
6,1204.0,867.0,1320.0,988.0,8319,0,0,1,Biker
6,1210.0,867.0,1325.0,988.0,8320,0,0,1,Biker
6,1218.0,867.0,1333.0,988.0,8321,0,0,1,Biker
6,1226.0,867.0,1342.0,988.0,8322,0,0,1,Biker
6,1232.0,867.0,1347.0,988.0,8323,0,0,1,Biker
6,1240.0,867.0,1355.0,988.0,8324,0,0,1,Biker
6,1248.0,867.0,1364.0,988.0,8325,0,0,1,Biker
6,1254.0,867.0,1369.0,988.0,8326,0,0,1,Biker
6,1262.0,867.0,1377.0,988.0,8327,0,0,1,Biker
6,1267.0,867.0,1383.0,988.0,8328,0,0,1,Biker
6,1276.0,867.0,1391.0,988.0,8329,0,0,1,Biker
6,1284.0,867.0,1399.0,988.0,8330,0,0,1,Biker
6,1289.0,867.0,1405.0,988.0,8331,0,0,1,Biker
6,1298.0,867.0,1413.0,988.0,8332,0,0,1,Biker
6,1306.0,867.0,1421.0,988.0,8333,0,0,1,Biker
6,1311.0,867.0,1427.0,988.0,8334,0,0,1,Biker
6,1320.0,867.0,1435.0,988.0,8335,0,0,1,Biker
6,1325.0,867.0,1441.0,988.0,8336,0,0,1,Biker
6,1333.0,867.0,1449.0,988.0,8337,0,0,1,Biker
6,1342.0,867.0,1457.0,988.0,8338,0,0,1,Biker
6,1347.0,867.0,1463.0,988.0,8339,0,0,1,Biker
6,1355.0,867.0,1471.0,988.0,8340,0,0,1,Biker
6,1364.0,869.0,1479.0,990.0,8341,0,0,0,Biker
6,1369.0,869.0,1485.0,990.0,8342,0,0,1,Biker
6,1375.0,869.0,1490.0,990.0,8343,0,0,1,Biker
6,1383.0,869.0,1498.0,990.0,8344,0,0,1,Biker
6,1388.0,869.0,1504.0,990.0,8345,0,0,1,Biker
6,1397.0,869.0,1512.0,990.0,8346,0,0,1,Biker
6,1402.0,869.0,1518.0,990.0,8347,0,0,1,Biker
6,1410.0,869.0,1526.0,990.0,8348,0,0,1,Biker
6,1416.0,869.0,1531.0,990.0,8349,0,0,1,Biker
6,1421.0,869.0,1537.0,990.0,8350,0,0,1,Biker
6,1430.0,869.0,1545.0,990.0,8351,0,0,1,Biker
6,1435.0,869.0,1551.0,990.0,8352,0,0,1,Biker
6,1443.0,869.0,1559.0,990.0,8353,0,0,1,Biker
6,1449.0,869.0,1564.0,990.0,8354,0,0,1,Biker
6,1457.0,869.0,1573.0,990.0,8355,0,0,0,Biker
6,1463.0,869.0,1578.0,990.0,8356,0,0,1,Biker
6,1471.0,869.0,1586.0,990.0,8357,0,0,1,Biker
6,1479.0,869.0,1595.0,990.0,8358,0,0,1,Biker
6,1487.0,869.0,1603.0,990.0,8359,0,0,1,Biker
6,1496.0,869.0,1611.0,990.0,8360,0,0,1,Biker
6,1501.0,872.0,1617.0,992.0,8361,0,0,1,Biker
6,1509.0,872.0,1625.0,992.0,8362,0,0,1,Biker
6,1518.0,872.0,1633.0,992.0,8363,0,0,1,Biker
6,1526.0,872.0,1641.0,992.0,8364,0,0,1,Biker
6,1534.0,872.0,1650.0,992.0,8365,0,0,1,Biker
6,1542.0,872.0,1658.0,992.0,8366,0,0,1,Biker
6,1548.0,874.0,1663.0,995.0,8367,0,0,1,Biker
6,1556.0,874.0,1672.0,995.0,8368,0,0,1,Biker
6,1564.0,874.0,1680.0,995.0,8369,0,0,1,Biker
6,1573.0,874.0,1688.0,995.0,8370,0,0,1,Biker
6,1581.0,874.0,1696.0,995.0,8371,0,0,1,Biker
6,1589.0,874.0,1705.0,995.0,8372,0,0,1,Biker
6,1595.0,876.0,1710.0,997.0,8373,0,0,1,Biker
6,1603.0,876.0,1718.0,997.0,8374,0,0,1,Biker
6,1611.0,876.0,1727.0,997.0,8375,0,0,1,Biker
6,1619.0,876.0,1735.0,997.0,8376,0,0,1,Biker
6,1628.0,876.0,1743.0,997.0,8377,0,0,1,Biker
6,1636.0,878.0,1751.0,999.0,8378,0,0,0,Biker
6,1641.0,876.0,1757.0,997.0,8379,0,0,1,Biker
6,1647.0,876.0,1762.0,997.0,8380,0,0,1,Biker
6,1652.0,874.0,1768.0,995.0,8381,0,0,1,Biker
6,1658.0,874.0,1773.0,995.0,8382,0,0,1,Biker
6,1663.0,874.0,1779.0,995.0,8383,0,0,1,Biker
6,1669.0,872.0,1784.0,992.0,8384,0,0,1,Biker
6,1674.0,872.0,1790.0,992.0,8385,0,0,1,Biker
6,1680.0,872.0,1795.0,992.0,8386,0,0,1,Biker
6,1685.0,869.0,1801.0,990.0,8387,0,0,1,Biker
6,1694.0,869.0,1809.0,990.0,8388,0,0,1,Biker
6,1699.0,867.0,1815.0,988.0,8389,0,0,1,Biker
6,1705.0,867.0,1820.0,988.0,8390,0,0,1,Biker
6,1710.0,867.0,1826.0,988.0,8391,0,0,1,Biker
6,1716.0,865.0,1831.0,985.0,8392,0,0,1,Biker
6,1721.0,865.0,1837.0,985.0,8393,0,0,1,Biker
6,1727.0,865.0,1842.0,985.0,8394,0,0,1,Biker
6,1732.0,863.0,1848.0,983.0,8395,0,0,1,Biker
6,1738.0,863.0,1853.0,983.0,8396,0,0,1,Biker
6,1746.0,863.0,1861.0,983.0,8397,0,0,0,Biker
6,1751.0,860.0,1867.0,981.0,8398,0,0,1,Biker
6,1760.0,860.0,1875.0,981.0,8399,0,0,1,Biker
6,1765.0,860.0,1881.0,981.0,8400,0,0,1,Biker
6,1773.0,860.0,1889.0,981.0,8401,0,0,1,Biker
6,1779.0,860.0,1894.0,981.0,8402,0,0,1,Biker
6,1787.0,858.0,1903.0,979.0,8403,0,0,1,Biker
6,1793.0,858.0,1908.0,979.0,8404,0,0,1,Biker
6,1801.0,858.0,1916.0,979.0,8405,0,0,1,Biker
6,1806.0,858.0,1922.0,979.0,8406,0,0,1,Biker
6,1815.0,858.0,1930.0,979.0,8407,0,0,0,Biker
6,1820.0,858.0,1933.0,979.0,8408,0,0,1,Biker
6,1828.0,858.0,1938.0,979.0,8409,0,0,1,Biker
6,1837.0,858.0,1944.0,979.0,8410,0,0,1,Biker
6,1845.0,858.0,1949.0,979.0,8411,0,0,1,Biker
6,1850.0,860.0,1955.0,981.0,8412,0,0,1,Biker
6,1859.0,860.0,1960.0,981.0,8413,0,0,1,Biker
6,1867.0,860.0,1966.0,981.0,8414,0,0,1,Biker
6,1875.0,860.0,1971.0,981.0,8415,0,0,1,Biker
6,1883.0,863.0,1977.0,983.0,8416,0,0,0,Biker
6,1894.0,867.0,1977.0,988.0,8417,0,0,1,Biker
6,1908.0,874.0,1977.0,995.0,8418,0,0,1,Biker
6,1922.0,878.0,1977.0,999.0,8419,0,0,1,Biker
6,1936.0,885.0,1977.0,1006.0,8420,1,0,0,Biker
6,1938.0,883.0,1977.0,1004.0,8421,1,0,1,Biker
6,1941.0,883.0,1977.0,1004.0,8422,1,0,1,Biker
6,1944.0,883.0,1977.0,1004.0,8423,1,0,1,Biker
6,1949.0,881.0,1977.0,1001.0,8424,1,0,1,Biker
6,1952.0,881.0,1980.0,1001.0,8425,1,0,1,Biker
6,1955.0,881.0,1980.0,1001.0,8426,1,0,1,Biker
6,1960.0,878.0,1980.0,999.0,8427,1,0,1,Biker
6,1963.0,878.0,1980.0,999.0,8428,1,0,1,Biker
6,1966.0,878.0,1980.0,999.0,8429,1,0,1,Biker
6,1971.0,878.0,1982.0,999.0,8430,1,0,0,Biker
6,1969.0,876.0,1980.0,997.0,8431,1,0,1,Biker
6,1969.0,876.0,1980.0,997.0,8432,1,0,1,Biker
6,1969.0,876.0,1980.0,997.0,8433,1,0,1,Biker
6,1966.0,876.0,1980.0,997.0,8434,1,0,1,Biker
6,1966.0,876.0,1980.0,997.0,8435,1,0,1,Biker
6,1966.0,876.0,1980.0,997.0,8436,1,0,1,Biker
6,1963.0,876.0,1980.0,997.0,8437,1,0,1,Biker
6,1963.0,876.0,1980.0,997.0,8438,1,0,1,Biker
6,1963.0,876.0,1980.0,997.0,8439,1,0,1,Biker
6,1960.0,876.0,1980.0,997.0,8440,1,0,1,Biker
6,1960.0,876.0,1980.0,997.0,8441,1,0,1,Biker
6,1960.0,876.0,1980.0,997.0,8442,1,0,1,Biker
6,1958.0,876.0,1980.0,997.0,8443,1,0,1,Biker
6,1958.0,876.0,1980.0,997.0,8444,1,0,1,Biker
6,1958.0,874.0,1980.0,995.0,8445,1,0,1,Biker
6,1955.0,874.0,1980.0,995.0,8446,1,0,1,Biker
6,1955.0,874.0,1980.0,995.0,8447,1,0,1,Biker
6,1955.0,874.0,1980.0,995.0,8448,1,0,1,Biker
6,1952.0,874.0,1980.0,995.0,8449,1,0,1,Biker
6,1952.0,874.0,1980.0,995.0,8450,1,0,1,Biker
6,1952.0,874.0,1980.0,995.0,8451,1,0,1,Biker
6,1949.0,874.0,1980.0,995.0,8452,1,0,1,Biker
6,1949.0,874.0,1980.0,995.0,8453,1,0,1,Biker
6,1949.0,874.0,1980.0,995.0,8454,1,0,1,Biker
6,1947.0,874.0,1980.0,995.0,8455,1,0,1,Biker
6,1947.0,874.0,1980.0,995.0,8456,1,0,1,Biker
6,1947.0,874.0,1980.0,995.0,8457,1,0,1,Biker
6,1944.0,874.0,1980.0,995.0,8458,1,0,1,Biker
6,1944.0,872.0,1980.0,992.0,8459,1,0,1,Biker
6,1944.0,872.0,1980.0,992.0,8460,1,0,1,Biker
6,1941.0,872.0,1980.0,992.0,8461,1,0,1,Biker
6,1941.0,872.0,1980.0,992.0,8462,1,0,1,Biker
6,1941.0,872.0,1980.0,992.0,8463,1,0,1,Biker
6,1938.0,872.0,1980.0,992.0,8464,1,0,1,Biker
6,1938.0,872.0,1980.0,992.0,8465,1,0,1,Biker
6,1938.0,872.0,1977.0,992.0,8466,1,0,1,Biker
6,1936.0,872.0,1977.0,992.0,8467,1,0,1,Biker
6,1936.0,872.0,1977.0,992.0,8468,1,0,1,Biker
6,1936.0,872.0,1977.0,992.0,8469,1,0,1,Biker
6,1933.0,872.0,1977.0,992.0,8470,1,0,1,Biker
6,1933.0,872.0,1977.0,992.0,8471,1,0,1,Biker
6,1933.0,872.0,1977.0,992.0,8472,1,0,1,Biker
6,1930.0,869.0,1977.0,990.0,8473,1,0,1,Biker
6,1930.0,869.0,1977.0,990.0,8474,1,0,1,Biker
6,1930.0,869.0,1977.0,990.0,8475,1,0,1,Biker
6,1927.0,869.0,1977.0,990.0,8476,1,0,1,Biker
6,1927.0,869.0,1977.0,990.0,8477,1,0,1,Biker
6,1927.0,869.0,1977.0,990.0,8478,1,0,1,Biker
6,1925.0,869.0,1977.0,990.0,8479,1,0,1,Biker
6,1925.0,869.0,1977.0,990.0,8480,1,0,1,Biker
6,1925.0,869.0,1977.0,990.0,8481,1,0,1,Biker
6,1922.0,869.0,1977.0,990.0,8482,1,0,1,Biker
6,1922.0,869.0,1977.0,990.0,8483,1,0,1,Biker
6,1922.0,869.0,1977.0,990.0,8484,1,0,1,Biker
6,1919.0,869.0,1977.0,990.0,8485,1,0,1,Biker
6,1919.0,869.0,1977.0,990.0,8486,1,0,1,Biker
6,1919.0,867.0,1977.0,988.0,8487,1,0,1,Biker
6,1916.0,867.0,1977.0,988.0,8488,1,0,1,Biker
6,1916.0,867.0,1977.0,988.0,8489,1,0,1,Biker
6,1916.0,867.0,1977.0,988.0,8490,1,0,1,Biker
6,1914.0,867.0,1977.0,988.0,8491,1,0,1,Biker
6,1914.0,867.0,1977.0,988.0,8492,1,0,1,Biker
6,1914.0,867.0,1977.0,988.0,8493,1,0,1,Biker
6,1911.0,867.0,1977.0,988.0,8494,1,0,1,Biker
6,1911.0,867.0,1977.0,988.0,8495,1,0,1,Biker
6,1911.0,867.0,1977.0,988.0,8496,1,0,1,Biker
6,1908.0,867.0,1977.0,988.0,8497,1,0,1,Biker
6,1908.0,867.0,1977.0,988.0,8498,1,0,1,Biker
6,1908.0,867.0,1977.0,988.0,8499,1,0,1,Biker
6,1908.0,867.0,1977.0,988.0,8500,1,0,0,Biker
6,1908.0,867.0,1977.0,985.0,8501,1,0,1,Biker
6,1908.0,867.0,1977.0,985.0,8502,1,0,1,Biker
6,1908.0,867.0,1977.0,985.0,8503,1,0,1,Biker
6,1908.0,867.0,1977.0,985.0,8504,1,0,1,Biker
6,1908.0,867.0,1977.0,985.0,8505,1,0,1,Biker
6,1908.0,867.0,1977.0,985.0,8506,1,0,1,Biker
6,1908.0,867.0,1977.0,985.0,8507,1,0,1,Biker
6,1908.0,867.0,1977.0,985.0,8508,1,0,1,Biker
6,1908.0,867.0,1977.0,985.0,8509,1,0,1,Biker
6,1908.0,867.0,1977.0,985.0,8510,1,0,1,Biker
6,1908.0,867.0,1977.0,985.0,8511,1,0,1,Biker
6,1908.0,867.0,1977.0,985.0,8512,1,0,1,Biker
6,1908.0,867.0,1977.0,985.0,8513,1,0,1,Biker
6,1908.0,867.0,1977.0,985.0,8514,1,0,1,Biker
6,1908.0,867.0,1977.0,985.0,8515,1,0,1,Biker
6,1908.0,867.0,1977.0,985.0,8516,1,0,1,Biker
6,1908.0,869.0,1977.0,985.0,8517,1,0,1,Biker
6,1908.0,869.0,1977.0,985.0,8518,1,0,1,Biker
6,1908.0,869.0,1977.0,985.0,8519,1,0,1,Biker
6,1908.0,869.0,1977.0,985.0,8520,1,0,1,Biker
6,1908.0,869.0,1977.0,985.0,8521,1,0,1,Biker
6,1908.0,869.0,1977.0,985.0,8522,1,0,1,Biker
6,1908.0,869.0,1977.0,985.0,8523,1,0,1,Biker
6,1908.0,869.0,1977.0,985.0,8524,1,0,1,Biker
6,1911.0,869.0,1977.0,985.0,8525,1,0,1,Biker
6,1911.0,869.0,1977.0,985.0,8526,1,0,1,Biker
6,1911.0,869.0,1977.0,985.0,8527,1,0,1,Biker
6,1911.0,869.0,1977.0,985.0,8528,1,0,1,Biker
6,1911.0,869.0,1977.0,985.0,8529,1,0,1,Biker
6,1911.0,869.0,1977.0,985.0,8530,1,0,1,Biker
6,1911.0,869.0,1977.0,985.0,8531,1,0,1,Biker
6,1911.0,869.0,1977.0,985.0,8532,1,0,1,Biker
6,1911.0,869.0,1977.0,985.0,8533,1,0,1,Biker
6,1911.0,872.0,1977.0,985.0,8534,1,0,1,Biker
6,1911.0,872.0,1977.0,985.0,8535,1,0,1,Biker
6,1911.0,872.0,1977.0,985.0,8536,1,0,1,Biker
6,1911.0,872.0,1977.0,985.0,8537,1,0,1,Biker
6,1911.0,872.0,1977.0,985.0,8538,1,0,1,Biker
6,1911.0,872.0,1977.0,985.0,8539,1,0,1,Biker
6,1911.0,872.0,1977.0,985.0,8540,1,0,1,Biker
6,1911.0,872.0,1977.0,985.0,8541,1,0,1,Biker
6,1911.0,872.0,1977.0,985.0,8542,1,0,1,Biker
6,1911.0,872.0,1977.0,985.0,8543,1,0,1,Biker
6,1911.0,872.0,1977.0,985.0,8544,1,0,1,Biker
6,1911.0,872.0,1977.0,985.0,8545,1,0,1,Biker
6,1911.0,872.0,1977.0,985.0,8546,1,0,1,Biker
6,1911.0,872.0,1977.0,985.0,8547,1,0,1,Biker
6,1911.0,872.0,1977.0,985.0,8548,1,0,1,Biker
6,1914.0,872.0,1977.0,985.0,8549,1,0,1,Biker
6,1914.0,872.0,1977.0,985.0,8550,1,0,1,Biker
6,1914.0,874.0,1977.0,985.0,8551,1,0,1,Biker
6,1914.0,874.0,1977.0,985.0,8552,1,0,1,Biker
6,1914.0,874.0,1977.0,985.0,8553,1,0,1,Biker
6,1914.0,874.0,1977.0,985.0,8554,1,0,1,Biker
6,1914.0,874.0,1977.0,985.0,8555,1,0,1,Biker
6,1914.0,874.0,1977.0,985.0,8556,1,0,1,Biker
6,1914.0,874.0,1977.0,985.0,8557,1,0,1,Biker
6,1914.0,874.0,1977.0,985.0,8558,1,0,1,Biker
6,1914.0,874.0,1977.0,985.0,8559,1,0,1,Biker
6,1914.0,874.0,1977.0,985.0,8560,1,0,1,Biker
6,1914.0,874.0,1977.0,985.0,8561,1,0,1,Biker
6,1914.0,874.0,1977.0,985.0,8562,1,0,1,Biker
6,1914.0,874.0,1977.0,985.0,8563,1,0,1,Biker
6,1914.0,874.0,1977.0,985.0,8564,1,0,1,Biker
6,1914.0,874.0,1977.0,985.0,8565,1,0,1,Biker
6,1914.0,874.0,1977.0,985.0,8566,1,0,1,Biker
6,1914.0,874.0,1977.0,985.0,8567,1,0,1,Biker
6,1914.0,876.0,1977.0,985.0,8568,1,0,1,Biker
6,1914.0,876.0,1977.0,985.0,8569,1,0,1,Biker
6,1914.0,876.0,1977.0,985.0,8570,1,0,1,Biker
6,1914.0,876.0,1977.0,985.0,8571,1,0,1,Biker
6,1914.0,876.0,1977.0,985.0,8572,1,0,1,Biker
6,1914.0,876.0,1977.0,985.0,8573,1,0,1,Biker
6,1916.0,876.0,1977.0,983.0,8574,1,0,1,Biker
6,1916.0,876.0,1977.0,983.0,8575,1,0,1,Biker
6,1916.0,876.0,1977.0,983.0,8576,1,0,1,Biker
6,1916.0,876.0,1977.0,983.0,8577,1,0,1,Biker
6,1916.0,876.0,1977.0,983.0,8578,1,0,1,Biker
6,1916.0,876.0,1977.0,983.0,8579,1,0,1,Biker
6,1916.0,876.0,1977.0,983.0,8580,1,0,1,Biker
6,1916.0,876.0,1977.0,983.0,8581,1,0,1,Biker
6,1916.0,876.0,1977.0,983.0,8582,1,0,1,Biker
6,1916.0,876.0,1977.0,983.0,8583,1,0,1,Biker
6,1916.0,876.0,1977.0,983.0,8584,1,0,1,Biker
6,1916.0,878.0,1977.0,983.0,8585,1,0,1,Biker
6,1916.0,878.0,1977.0,983.0,8586,1,0,1,Biker
6,1916.0,878.0,1977.0,983.0,8587,1,0,1,Biker
6,1916.0,878.0,1977.0,983.0,8588,1,0,1,Biker
6,1916.0,878.0,1977.0,983.0,8589,1,0,1,Biker
6,1916.0,878.0,1977.0,983.0,8590,1,0,1,Biker
6,1916.0,878.0,1977.0,983.0,8591,1,0,1,Biker
6,1916.0,878.0,1977.0,983.0,8592,1,0,1,Biker
6,1916.0,878.0,1977.0,983.0,8593,1,0,1,Biker
6,1916.0,878.0,1977.0,983.0,8594,1,0,1,Biker
6,1916.0,878.0,1977.0,983.0,8595,1,0,1,Biker
6,1916.0,878.0,1977.0,983.0,8596,1,0,1,Biker
6,1916.0,878.0,1977.0,983.0,8597,1,0,1,Biker
6,1919.0,878.0,1977.0,983.0,8598,1,0,1,Biker
6,1919.0,878.0,1977.0,983.0,8599,1,0,1,Biker
6,1919.0,878.0,1977.0,983.0,8600,1,0,1,Biker
6,1919.0,878.0,1977.0,983.0,8601,1,0,1,Biker
6,1919.0,881.0,1977.0,983.0,8602,1,0,1,Biker
6,1919.0,881.0,1977.0,983.0,8603,1,0,1,Biker
6,1919.0,881.0,1977.0,983.0,8604,1,0,1,Biker
6,1919.0,881.0,1977.0,983.0,8605,1,0,1,Biker
6,1919.0,881.0,1977.0,983.0,8606,1,0,1,Biker
6,1919.0,881.0,1977.0,983.0,8607,1,0,1,Biker
6,1919.0,881.0,1977.0,983.0,8608,1,0,1,Biker
6,1919.0,881.0,1977.0,983.0,8609,1,0,1,Biker
6,1919.0,881.0,1977.0,983.0,8610,1,0,1,Biker
6,1919.0,881.0,1977.0,983.0,8611,1,0,1,Biker
6,1919.0,881.0,1977.0,983.0,8612,1,0,1,Biker
6,1919.0,881.0,1977.0,983.0,8613,1,0,1,Biker
6,1919.0,881.0,1977.0,983.0,8614,1,0,1,Biker
6,1919.0,881.0,1977.0,983.0,8615,1,0,1,Biker
6,1919.0,881.0,1977.0,983.0,8616,1,0,1,Biker
6,1919.0,881.0,1977.0,983.0,8617,1,0,1,Biker
6,1919.0,881.0,1977.0,983.0,8618,1,0,1,Biker
6,1919.0,883.0,1977.0,983.0,8619,1,0,1,Biker
6,1919.0,883.0,1977.0,983.0,8620,1,0,1,Biker
6,1919.0,883.0,1977.0,983.0,8621,1,0,1,Biker
6,1919.0,883.0,1977.0,983.0,8622,1,0,1,Biker
6,1922.0,883.0,1977.0,983.0,8623,1,0,1,Biker
6,1922.0,883.0,1977.0,983.0,8624,1,0,1,Biker
6,1922.0,883.0,1977.0,983.0,8625,1,0,1,Biker
6,1922.0,883.0,1977.0,983.0,8626,1,0,1,Biker
6,1922.0,883.0,1977.0,983.0,8627,1,0,1,Biker
6,1922.0,883.0,1977.0,983.0,8628,1,0,1,Biker
6,1922.0,883.0,1977.0,983.0,8629,1,0,1,Biker
6,1922.0,883.0,1977.0,983.0,8630,1,0,1,Biker
6,1922.0,883.0,1977.0,983.0,8631,1,0,1,Biker
6,1922.0,883.0,1977.0,983.0,8632,1,0,1,Biker
6,1922.0,883.0,1977.0,983.0,8633,1,0,1,Biker
6,1922.0,883.0,1977.0,983.0,8634,1,0,1,Biker
6,1922.0,883.0,1977.0,983.0,8635,1,0,1,Biker
6,1922.0,885.0,1977.0,983.0,8636,1,0,1,Biker
6,1922.0,885.0,1977.0,983.0,8637,1,0,1,Biker
6,1922.0,885.0,1977.0,983.0,8638,1,0,1,Biker
6,1922.0,885.0,1977.0,983.0,8639,1,0,1,Biker
6,1922.0,885.0,1977.0,983.0,8640,1,0,1,Biker
6,1922.0,885.0,1977.0,983.0,8641,1,0,1,Biker
6,1922.0,885.0,1977.0,983.0,8642,1,0,1,Biker
6,1922.0,885.0,1977.0,983.0,8643,1,0,1,Biker
6,1922.0,885.0,1977.0,983.0,8644,1,0,1,Biker
6,1922.0,885.0,1977.0,983.0,8645,1,0,1,Biker
6,1922.0,885.0,1977.0,983.0,8646,1,0,1,Biker
6,1925.0,885.0,1977.0,981.0,8647,1,0,1,Biker
6,1925.0,885.0,1977.0,981.0,8648,1,0,1,Biker
6,1925.0,885.0,1977.0,981.0,8649,1,0,1,Biker
6,1925.0,885.0,1977.0,981.0,8650,1,0,1,Biker
6,1925.0,885.0,1977.0,981.0,8651,1,0,1,Biker
6,1925.0,885.0,1977.0,981.0,8652,1,0,1,Biker
6,1925.0,888.0,1977.0,981.0,8653,1,0,1,Biker
6,1925.0,888.0,1977.0,981.0,8654,1,0,1,Biker
6,1925.0,888.0,1977.0,981.0,8655,1,0,1,Biker
6,1925.0,888.0,1977.0,981.0,8656,1,0,1,Biker
6,1925.0,888.0,1977.0,981.0,8657,1,0,1,Biker
6,1925.0,888.0,1977.0,981.0,8658,1,0,1,Biker
6,1925.0,888.0,1977.0,981.0,8659,1,0,1,Biker
6,1925.0,888.0,1977.0,981.0,8660,1,0,1,Biker
6,1925.0,888.0,1977.0,981.0,8661,1,0,1,Biker
6,1925.0,888.0,1977.0,981.0,8662,1,0,1,Biker
6,1925.0,888.0,1977.0,981.0,8663,1,0,1,Biker
6,1925.0,888.0,1977.0,981.0,8664,1,0,1,Biker
6,1925.0,888.0,1977.0,981.0,8665,1,0,1,Biker
6,1925.0,888.0,1977.0,981.0,8666,1,0,1,Biker
6,1925.0,888.0,1977.0,981.0,8667,1,0,1,Biker
6,1925.0,888.0,1977.0,981.0,8668,1,0,1,Biker
6,1925.0,888.0,1977.0,981.0,8669,1,0,1,Biker
6,1925.0,890.0,1977.0,981.0,8670,1,0,1,Biker
6,1925.0,890.0,1977.0,981.0,8671,1,0,1,Biker
6,1927.0,890.0,1977.0,981.0,8672,1,0,1,Biker
6,1927.0,890.0,1977.0,981.0,8673,1,0,1,Biker
6,1927.0,890.0,1977.0,981.0,8674,1,0,1,Biker
6,1927.0,890.0,1977.0,981.0,8675,1,0,1,Biker
6,1927.0,890.0,1977.0,981.0,8676,1,0,1,Biker
6,1927.0,890.0,1977.0,981.0,8677,1,0,1,Biker
6,1927.0,890.0,1977.0,981.0,8678,1,0,1,Biker
6,1927.0,890.0,1977.0,981.0,8679,1,0,1,Biker
6,1927.0,890.0,1977.0,981.0,8680,1,0,1,Biker
6,1927.0,890.0,1977.0,981.0,8681,1,0,1,Biker
6,1927.0,890.0,1977.0,981.0,8682,1,0,1,Biker
6,1927.0,890.0,1977.0,981.0,8683,1,0,1,Biker
6,1927.0,890.0,1977.0,981.0,8684,1,0,1,Biker
6,1927.0,890.0,1977.0,981.0,8685,1,0,1,Biker
6,1927.0,890.0,1977.0,981.0,8686,1,0,1,Biker
6,1927.0,892.0,1977.0,981.0,8687,1,0,1,Biker
6,1927.0,892.0,1977.0,981.0,8688,1,0,1,Biker
6,1927.0,892.0,1977.0,981.0,8689,1,0,1,Biker
6,1927.0,892.0,1977.0,981.0,8690,1,0,1,Biker
6,1927.0,892.0,1977.0,981.0,8691,1,0,1,Biker
6,1927.0,892.0,1977.0,981.0,8692,1,0,1,Biker
6,1927.0,892.0,1977.0,981.0,8693,1,0,1,Biker
6,1927.0,892.0,1977.0,981.0,8694,1,0,1,Biker
6,1927.0,892.0,1977.0,981.0,8695,1,0,1,Biker
6,1930.0,892.0,1977.0,981.0,8696,1,0,1,Biker
6,1930.0,892.0,1977.0,981.0,8697,1,0,1,Biker
6,1930.0,892.0,1977.0,981.0,8698,1,0,1,Biker
6,1930.0,892.0,1977.0,981.0,8699,1,0,1,Biker
6,1930.0,892.0,1977.0,981.0,8700,1,0,1,Biker
6,1930.0,892.0,1977.0,981.0,8701,1,0,1,Biker
6,1930.0,892.0,1977.0,981.0,8702,1,0,1,Biker
6,1930.0,892.0,1977.0,981.0,8703,1,0,1,Biker
6,1930.0,894.0,1977.0,981.0,8704,1,0,1,Biker
6,1930.0,894.0,1977.0,981.0,8705,1,0,1,Biker
6,1930.0,894.0,1977.0,981.0,8706,1,0,1,Biker
6,1930.0,894.0,1977.0,981.0,8707,1,0,1,Biker
6,1930.0,894.0,1977.0,981.0,8708,1,0,1,Biker
6,1930.0,894.0,1977.0,981.0,8709,1,0,1,Biker
6,1930.0,894.0,1977.0,981.0,8710,1,0,1,Biker
6,1930.0,894.0,1977.0,981.0,8711,1,0,1,Biker
6,1930.0,894.0,1977.0,981.0,8712,1,0,1,Biker
6,1930.0,894.0,1977.0,981.0,8713,1,0,1,Biker
6,1930.0,894.0,1977.0,981.0,8714,1,0,1,Biker
6,1930.0,894.0,1977.0,981.0,8715,1,0,1,Biker
6,1930.0,894.0,1977.0,981.0,8716,1,0,1,Biker
6,1930.0,894.0,1977.0,981.0,8717,1,0,1,Biker
6,1930.0,894.0,1977.0,981.0,8718,1,0,1,Biker
6,1930.0,894.0,1977.0,981.0,8719,1,0,1,Biker
6,1933.0,897.0,1977.0,981.0,8720,0,0,0,Biker
6,1925.0,894.0,1971.0,979.0,8721,0,0,1,Biker
6,1919.0,894.0,1966.0,976.0,8722,0,0,1,Biker
6,1914.0,892.0,1960.0,976.0,8723,0,0,1,Biker
6,1908.0,892.0,1955.0,974.0,8724,0,0,1,Biker
6,1903.0,890.0,1949.0,974.0,8725,0,0,1,Biker
6,1897.0,890.0,1944.0,972.0,8726,0,0,1,Biker
6,1892.0,888.0,1938.0,970.0,8727,0,0,1,Biker
6,1886.0,888.0,1933.0,970.0,8728,0,0,1,Biker
6,1881.0,885.0,1927.0,967.0,8729,0,0,1,Biker
6,1875.0,885.0,1925.0,967.0,8730,0,0,0,Biker
6,1870.0,885.0,1919.0,967.0,8731,0,0,1,Biker
6,1867.0,885.0,1916.0,967.0,8732,0,0,1,Biker
6,1861.0,885.0,1911.0,967.0,8733,0,0,1,Biker
6,1859.0,885.0,1908.0,967.0,8734,0,0,1,Biker
6,1853.0,885.0,1903.0,967.0,8735,0,0,1,Biker
6,1850.0,885.0,1900.0,967.0,8736,0,0,0,Biker
6,1842.0,883.0,1892.0,965.0,8737,0,0,1,Biker
6,1837.0,883.0,1886.0,965.0,8738,0,0,1,Biker
6,1828.0,883.0,1881.0,963.0,8739,0,0,1,Biker
6,1823.0,881.0,1875.0,963.0,8740,0,0,1,Biker
6,1815.0,881.0,1870.0,963.0,8741,0,0,1,Biker
6,1809.0,881.0,1864.0,960.0,8742,0,0,1,Biker
6,1801.0,878.0,1859.0,960.0,8743,0,0,1,Biker
6,1795.0,878.0,1853.0,960.0,8744,0,0,1,Biker
6,1787.0,878.0,1848.0,958.0,8745,0,0,1,Biker
6,1782.0,878.0,1842.0,958.0,8746,0,0,1,Biker
6,1773.0,876.0,1837.0,958.0,8747,0,0,1,Biker
6,1768.0,876.0,1831.0,956.0,8748,0,0,1,Biker
6,1760.0,876.0,1826.0,956.0,8749,0,0,1,Biker
6,1754.0,874.0,1820.0,956.0,8750,0,0,1,Biker
6,1746.0,874.0,1815.0,954.0,8751,0,0,1,Biker
6,1740.0,874.0,1809.0,954.0,8752,0,0,1,Biker
6,1732.0,872.0,1804.0,954.0,8753,0,0,1,Biker
6,1727.0,872.0,1798.0,951.0,8754,0,0,1,Biker
6,1718.0,872.0,1793.0,951.0,8755,0,0,1,Biker
6,1713.0,872.0,1787.0,951.0,8756,0,0,0,Biker
6,1707.0,869.0,1782.0,949.0,8757,0,0,1,Biker
6,1702.0,869.0,1776.0,949.0,8758,0,0,1,Biker
6,1696.0,867.0,1771.0,947.0,8759,0,0,1,Biker
6,1691.0,867.0,1765.0,947.0,8760,0,0,1,Biker
6,1685.0,865.0,1760.0,944.0,8761,0,0,1,Biker
6,1680.0,865.0,1754.0,944.0,8762,0,0,1,Biker
6,1674.0,863.0,1749.0,942.0,8763,0,0,1,Biker
6,1669.0,863.0,1743.0,942.0,8764,0,0,1,Biker
6,1663.0,860.0,1738.0,940.0,8765,0,0,1,Biker
6,1658.0,860.0,1732.0,940.0,8766,0,0,1,Biker
6,1652.0,858.0,1727.0,938.0,8767,0,0,1,Biker
6,1647.0,858.0,1721.0,938.0,8768,0,0,1,Biker
6,1641.0,856.0,1716.0,935.0,8769,0,0,1,Biker
6,1636.0,856.0,1710.0,935.0,8770,0,0,1,Biker
6,1630.0,853.0,1705.0,933.0,8771,0,0,1,Biker
6,1625.0,853.0,1699.0,933.0,8772,0,0,1,Biker
6,1619.0,851.0,1694.0,931.0,8773,0,0,1,Biker
6,1614.0,851.0,1688.0,931.0,8774,0,0,1,Biker
6,1608.0,849.0,1683.0,929.0,8775,0,0,1,Biker
6,1603.0,849.0,1677.0,929.0,8776,0,0,1,Biker
6,1597.0,847.0,1672.0,926.0,8777,0,0,1,Biker
6,1592.0,847.0,1666.0,926.0,8778,0,0,1,Biker
6,1586.0,844.0,1661.0,924.0,8779,0,0,1,Biker
6,1581.0,844.0,1655.0,924.0,8780,0,0,1,Biker
6,1575.0,842.0,1650.0,922.0,8781,0,0,1,Biker
6,1570.0,842.0,1644.0,922.0,8782,0,0,1,Biker
6,1564.0,840.0,1639.0,919.0,8783,0,0,1,Biker
6,1559.0,840.0,1633.0,919.0,8784,0,0,1,Biker
6,1553.0,837.0,1628.0,917.0,8785,0,0,1,Biker
6,1551.0,837.0,1625.0,917.0,8786,0,0,0,Biker
6,1542.0,837.0,1617.0,917.0,8787,0,0,1,Biker
6,1537.0,837.0,1611.0,917.0,8788,0,0,1,Biker
6,1531.0,837.0,1606.0,917.0,8789,0,0,1,Biker
6,1526.0,837.0,1600.0,917.0,8790,0,0,1,Biker
6,1520.0,840.0,1595.0,919.0,8791,0,0,1,Biker
6,1515.0,840.0,1589.0,919.0,8792,0,0,1,Biker
6,1507.0,840.0,1581.0,919.0,8793,0,0,1,Biker
6,1501.0,840.0,1575.0,919.0,8794,0,0,1,Biker
6,1496.0,840.0,1570.0,919.0,8795,0,0,1,Biker
6,1490.0,842.0,1564.0,922.0,8796,0,0,1,Biker
6,1485.0,842.0,1559.0,922.0,8797,0,0,1,Biker
6,1479.0,842.0,1553.0,922.0,8798,0,0,1,Biker
6,1474.0,842.0,1548.0,922.0,8799,0,0,1,Biker
6,1465.0,842.0,1540.0,922.0,8800,0,0,1,Biker
6,1460.0,844.0,1534.0,924.0,8801,0,0,1,Biker
6,1454.0,844.0,1529.0,924.0,8802,0,0,1,Biker
6,1449.0,844.0,1523.0,924.0,8803,0,0,1,Biker
6,1443.0,844.0,1518.0,924.0,8804,0,0,1,Biker
6,1438.0,844.0,1512.0,924.0,8805,0,0,1,Biker
6,1432.0,847.0,1507.0,926.0,8806,0,0,0,Biker
6,1424.0,847.0,1498.0,926.0,8807,0,0,1,Biker
6,1419.0,847.0,1493.0,926.0,8808,0,0,1,Biker
6,1413.0,847.0,1487.0,926.0,8809,0,0,1,Biker
6,1408.0,847.0,1482.0,926.0,8810,0,0,1,Biker
6,1402.0,847.0,1476.0,926.0,8811,0,0,1,Biker
6,1397.0,847.0,1471.0,926.0,8812,0,0,1,Biker
6,1391.0,847.0,1465.0,926.0,8813,0,0,1,Biker
6,1386.0,847.0,1460.0,926.0,8814,0,0,1,Biker
6,1380.0,847.0,1454.0,926.0,8815,0,0,1,Biker
6,1375.0,849.0,1449.0,929.0,8816,0,0,0,Biker
6,1366.0,849.0,1441.0,929.0,8817,0,0,1,Biker
6,1358.0,849.0,1432.0,929.0,8818,0,0,1,Biker
6,1353.0,851.0,1427.0,931.0,8819,0,0,1,Biker
6,1344.0,851.0,1419.0,931.0,8820,0,0,1,Biker
6,1339.0,853.0,1413.0,933.0,8821,0,0,1,Biker
6,1331.0,853.0,1405.0,933.0,8822,0,0,1,Biker
6,1325.0,853.0,1399.0,933.0,8823,0,0,1,Biker
6,1317.0,856.0,1391.0,935.0,8824,0,0,1,Biker
6,1311.0,856.0,1386.0,935.0,8825,0,0,1,Biker
6,1303.0,858.0,1377.0,938.0,8826,0,0,1,Biker
6,1295.0,858.0,1369.0,938.0,8827,0,0,1,Biker
6,1289.0,858.0,1364.0,938.0,8828,0,0,1,Biker
6,1281.0,860.0,1355.0,940.0,8829,0,0,1,Biker
6,1276.0,860.0,1350.0,940.0,8830,0,0,1,Biker
6,1267.0,863.0,1342.0,942.0,8831,0,0,1,Biker
6,1262.0,863.0,1336.0,942.0,8832,0,0,1,Biker
6,1254.0,863.0,1328.0,942.0,8833,0,0,1,Biker
6,1248.0,865.0,1322.0,944.0,8834,0,0,1,Biker
6,1240.0,865.0,1314.0,944.0,8835,0,0,1,Biker
6,1234.0,867.0,1309.0,947.0,8836,0,0,0,Biker
6,1226.0,867.0,1303.0,947.0,8837,0,0,1,Biker
6,1221.0,867.0,1298.0,947.0,8838,0,0,1,Biker
6,1215.0,867.0,1292.0,947.0,8839,0,0,1,Biker
6,1210.0,867.0,1287.0,947.0,8840,0,0,1,Biker
6,1204.0,867.0,1281.0,947.0,8841,0,0,1,Biker
6,1199.0,867.0,1276.0,947.0,8842,0,0,1,Biker
6,1193.0,867.0,1270.0,947.0,8843,0,0,1,Biker
6,1185.0,867.0,1265.0,947.0,8844,0,0,1,Biker
6,1179.0,867.0,1259.0,947.0,8845,0,0,1,Biker
6,1174.0,867.0,1254.0,947.0,8846,0,0,1,Biker
6,1168.0,867.0,1248.0,947.0,8847,0,0,1,Biker
6,1163.0,867.0,1243.0,947.0,8848,0,0,1,Biker
6,1157.0,867.0,1237.0,947.0,8849,0,0,1,Biker
6,1152.0,867.0,1232.0,947.0,8850,0,0,1,Biker
6,1146.0,869.0,1226.0,947.0,8851,0,0,1,Biker
6,1138.0,869.0,1221.0,947.0,8852,0,0,1,Biker
6,1133.0,869.0,1215.0,947.0,8853,0,0,1,Biker
6,1127.0,869.0,1210.0,947.0,8854,0,0,1,Biker
6,1122.0,869.0,1204.0,947.0,8855,0,0,1,Biker
6,1116.0,869.0,1199.0,947.0,8856,0,0,1,Biker
6,1111.0,869.0,1193.0,947.0,8857,0,0,1,Biker
6,1105.0,869.0,1188.0,947.0,8858,0,0,1,Biker
6,1097.0,869.0,1182.0,947.0,8859,0,0,1,Biker
6,1091.0,869.0,1177.0,947.0,8860,0,0,1,Biker
6,1086.0,869.0,1171.0,947.0,8861,0,0,1,Biker
6,1080.0,869.0,1166.0,947.0,8862,0,0,1,Biker
6,1075.0,869.0,1160.0,947.0,8863,0,0,1,Biker
6,1069.0,869.0,1155.0,947.0,8864,0,0,1,Biker
6,1064.0,869.0,1149.0,947.0,8865,0,0,1,Biker
6,1058.0,872.0,1146.0,949.0,8866,0,0,0,Biker
6,1050.0,869.0,1138.0,947.0,8867,0,0,1,Biker
6,1045.0,869.0,1133.0,947.0,8868,0,0,1,Biker
6,1039.0,869.0,1127.0,947.0,8869,0,0,1,Biker
6,1034.0,867.0,1122.0,944.0,8870,0,0,1,Biker
6,1028.0,867.0,1116.0,944.0,8871,0,0,1,Biker
6,1020.0,867.0,1108.0,944.0,8872,0,0,1,Biker
6,1014.0,865.0,1102.0,942.0,8873,0,0,1,Biker
6,1009.0,865.0,1097.0,942.0,8874,0,0,1,Biker
6,1003.0,865.0,1091.0,942.0,8875,0,0,1,Biker
6,998.0,865.0,1086.0,942.0,8876,0,0,0,Biker
6,992.0,865.0,1080.0,942.0,8877,0,0,1,Biker
6,987.0,865.0,1075.0,942.0,8878,0,0,1,Biker
6,981.0,865.0,1069.0,942.0,8879,0,0,1,Biker
6,979.0,865.0,1067.0,942.0,8880,0,0,1,Biker
6,973.0,865.0,1061.0,942.0,8881,0,0,1,Biker
6,968.0,865.0,1056.0,942.0,8882,0,0,1,Biker
6,965.0,865.0,1053.0,942.0,8883,0,0,1,Biker
6,959.0,865.0,1047.0,942.0,8884,0,0,1,Biker
6,954.0,865.0,1042.0,942.0,8885,0,0,1,Biker
6,951.0,867.0,1039.0,944.0,8886,0,0,0,Biker
6,943.0,867.0,1031.0,944.0,8887,0,0,1,Biker
6,935.0,867.0,1023.0,944.0,8888,0,0,1,Biker
6,926.0,867.0,1014.0,944.0,8889,0,0,1,Biker
6,918.0,869.0,1006.0,947.0,8890,0,0,1,Biker
6,910.0,869.0,998.0,947.0,8891,0,0,1,Biker
6,902.0,869.0,990.0,947.0,8892,0,0,1,Biker
6,893.0,872.0,981.0,949.0,8893,0,0,1,Biker
6,885.0,872.0,973.0,949.0,8894,0,0,1,Biker
6,877.0,872.0,965.0,949.0,8895,0,0,1,Biker
6,871.0,874.0,959.0,951.0,8896,0,0,0,Biker
6,863.0,874.0,951.0,951.0,8897,0,0,1,Biker
6,858.0,874.0,946.0,951.0,8898,0,0,1,Biker
6,852.0,874.0,940.0,951.0,8899,0,0,1,Biker
6,847.0,874.0,935.0,951.0,8900,0,0,1,Biker
6,841.0,874.0,929.0,951.0,8901,0,0,1,Biker
6,836.0,874.0,924.0,951.0,8902,0,0,1,Biker
6,830.0,874.0,918.0,951.0,8903,0,0,1,Biker
6,825.0,874.0,913.0,951.0,8904,0,0,1,Biker
6,819.0,874.0,907.0,951.0,8905,0,0,1,Biker
6,814.0,874.0,902.0,951.0,8906,0,0,0,Biker
6,805.0,872.0,893.0,949.0,8907,0,0,1,Biker
6,800.0,872.0,888.0,949.0,8908,0,0,1,Biker
6,794.0,872.0,882.0,949.0,8909,0,0,1,Biker
6,786.0,869.0,874.0,947.0,8910,0,0,1,Biker
6,781.0,869.0,869.0,947.0,8911,0,0,1,Biker
6,775.0,869.0,863.0,947.0,8912,0,0,1,Biker
6,767.0,867.0,855.0,944.0,8913,0,0,1,Biker
6,761.0,867.0,849.0,944.0,8914,0,0,1,Biker
6,756.0,867.0,844.0,944.0,8915,0,0,1,Biker
6,750.0,867.0,838.0,944.0,8916,0,0,0,Biker
6,742.0,865.0,830.0,942.0,8917,0,0,1,Biker
6,737.0,863.0,825.0,940.0,8918,0,0,1,Biker
6,728.0,863.0,816.0,940.0,8919,0,0,1,Biker
6,723.0,860.0,811.0,938.0,8920,0,0,1,Biker
6,715.0,860.0,803.0,938.0,8921,0,0,1,Biker
6,709.0,858.0,797.0,935.0,8922,0,0,1,Biker
6,701.0,856.0,789.0,933.0,8923,0,0,1,Biker
6,695.0,856.0,783.0,933.0,8924,0,0,1,Biker
6,687.0,853.0,775.0,931.0,8925,0,0,1,Biker
6,682.0,853.0,770.0,931.0,8926,0,0,1,Biker
6,673.0,851.0,761.0,929.0,8927,0,0,1,Biker
6,668.0,849.0,756.0,926.0,8928,0,0,1,Biker
6,660.0,849.0,748.0,926.0,8929,0,0,1,Biker
6,654.0,847.0,742.0,924.0,8930,0,0,1,Biker
6,646.0,847.0,734.0,924.0,8931,0,0,1,Biker
6,640.0,844.0,728.0,922.0,8932,0,0,1,Biker
6,632.0,842.0,720.0,919.0,8933,0,0,1,Biker
6,627.0,842.0,715.0,919.0,8934,0,0,1,Biker
6,618.0,840.0,706.0,917.0,8935,0,0,1,Biker
6,613.0,840.0,701.0,917.0,8936,0,0,0,Biker
6,607.0,837.0,695.0,915.0,8937,0,0,1,Biker
6,605.0,837.0,693.0,915.0,8938,0,0,1,Biker
6,602.0,837.0,690.0,915.0,8939,0,0,1,Biker
6,596.0,837.0,684.0,915.0,8940,0,0,1,Biker
6,594.0,837.0,682.0,915.0,8941,0,0,1,Biker
6,591.0,835.0,679.0,913.0,8942,0,0,1,Biker
6,585.0,835.0,673.0,913.0,8943,0,0,1,Biker
6,583.0,835.0,671.0,913.0,8944,0,0,1,Biker
6,580.0,835.0,668.0,913.0,8945,0,0,1,Biker
6,577.0,835.0,665.0,913.0,8946,0,0,0,Biker
6,569.0,833.0,657.0,910.0,8947,0,0,1,Biker
6,561.0,833.0,649.0,910.0,8948,0,0,1,Biker
6,555.0,831.0,643.0,908.0,8949,0,0,1,Biker
6,547.0,831.0,635.0,908.0,8950,0,0,1,Biker
6,541.0,831.0,629.0,908.0,8951,0,0,1,Biker
6,533.0,828.0,621.0,906.0,8952,0,0,1,Biker
6,528.0,828.0,616.0,906.0,8953,0,0,1,Biker
6,519.0,828.0,607.0,906.0,8954,0,0,1,Biker
6,514.0,826.0,602.0,904.0,8955,0,0,1,Biker
6,506.0,826.0,594.0,904.0,8956,0,0,1,Biker
6,497.0,826.0,585.0,904.0,8957,0,0,1,Biker
6,492.0,824.0,580.0,901.0,8958,0,0,1,Biker
6,484.0,824.0,572.0,901.0,8959,0,0,1,Biker
6,478.0,824.0,566.0,901.0,8960,0,0,1,Biker
6,470.0,822.0,558.0,899.0,8961,0,0,1,Biker
6,464.0,822.0,552.0,899.0,8962,0,0,1,Biker
6,456.0,822.0,544.0,899.0,8963,0,0,1,Biker
6,451.0,819.0,539.0,897.0,8964,0,0,1,Biker
6,442.0,819.0,530.0,897.0,8965,0,0,1,Biker
6,437.0,819.0,525.0,897.0,8966,0,0,0,Biker
6,429.0,817.0,517.0,894.0,8967,0,0,1,Biker
6,420.0,815.0,508.0,892.0,8968,0,0,1,Biker
6,412.0,812.0,500.0,890.0,8969,0,0,1,Biker
6,407.0,812.0,495.0,890.0,8970,0,0,1,Biker
6,398.0,810.0,486.0,888.0,8971,0,0,1,Biker
6,390.0,808.0,478.0,885.0,8972,0,0,1,Biker
6,385.0,808.0,473.0,885.0,8973,0,0,1,Biker
6,376.0,806.0,464.0,883.0,8974,0,0,1,Biker
6,368.0,803.0,456.0,881.0,8975,0,0,1,Biker
6,363.0,803.0,451.0,881.0,8976,0,0,0,Biker
6,354.0,801.0,442.0,878.0,8977,0,0,1,Biker
6,349.0,799.0,437.0,876.0,8978,0,0,1,Biker
6,343.0,799.0,431.0,876.0,8979,0,0,1,Biker
6,338.0,796.0,426.0,874.0,8980,0,0,1,Biker
6,332.0,796.0,420.0,874.0,8981,0,0,1,Biker
6,327.0,794.0,415.0,872.0,8982,0,0,1,Biker
6,321.0,792.0,409.0,869.0,8983,0,0,1,Biker
6,316.0,792.0,404.0,869.0,8984,0,0,1,Biker
6,310.0,790.0,398.0,867.0,8985,0,0,1,Biker
6,305.0,790.0,393.0,867.0,8986,0,0,0,Biker
6,297.0,787.0,385.0,865.0,8987,0,0,1,Biker
6,291.0,787.0,379.0,865.0,8988,0,0,1,Biker
6,286.0,787.0,374.0,865.0,8989,0,0,1,Biker
6,280.0,787.0,368.0,865.0,8990,0,0,1,Biker
6,275.0,787.0,363.0,865.0,8991,0,0,1,Biker
6,269.0,787.0,357.0,865.0,8992,0,0,1,Biker
6,264.0,787.0,352.0,865.0,8993,0,0,1,Biker
6,255.0,787.0,343.0,865.0,8994,0,0,1,Biker
6,250.0,787.0,338.0,865.0,8995,0,0,1,Biker
6,244.0,787.0,332.0,865.0,8996,0,0,1,Biker
6,239.0,787.0,327.0,865.0,8997,0,0,1,Biker
6,233.0,787.0,321.0,865.0,8998,0,0,1,Biker
6,228.0,787.0,316.0,865.0,8999,0,0,1,Biker
6,222.0,787.0,310.0,865.0,9000,0,0,0,Biker
6,217.0,787.0,302.0,865.0,9001,0,0,1,Biker
6,211.0,787.0,297.0,865.0,9002,0,0,1,Biker
6,206.0,787.0,291.0,865.0,9003,0,0,1,Biker
6,200.0,790.0,286.0,865.0,9004,0,0,1,Biker
6,195.0,790.0,280.0,865.0,9005,0,0,1,Biker
6,189.0,790.0,275.0,865.0,9006,0,0,1,Biker
6,187.0,790.0,269.0,865.0,9007,0,0,1,Biker
6,181.0,792.0,264.0,865.0,9008,0,0,1,Biker
6,176.0,792.0,258.0,865.0,9009,0,0,1,Biker
6,170.0,792.0,253.0,865.0,9010,0,0,1,Biker
6,165.0,794.0,247.0,865.0,9011,0,0,1,Biker
6,159.0,794.0,242.0,865.0,9012,0,0,1,Biker
6,156.0,794.0,236.0,865.0,9013,0,0,1,Biker
6,151.0,794.0,231.0,865.0,9014,0,0,1,Biker
6,145.0,796.0,222.0,865.0,9015,0,0,1,Biker
6,140.0,796.0,217.0,865.0,9016,0,0,1,Biker
6,134.0,796.0,211.0,865.0,9017,0,0,1,Biker
6,129.0,796.0,206.0,865.0,9018,0,0,1,Biker
6,126.0,799.0,200.0,865.0,9019,0,0,1,Biker
6,121.0,799.0,195.0,865.0,9020,0,0,1,Biker
6,115.0,799.0,189.0,865.0,9021,0,0,1,Biker
6,110.0,801.0,184.0,865.0,9022,0,0,1,Biker
6,104.0,801.0,178.0,865.0,9023,0,0,1,Biker
6,99.0,801.0,173.0,865.0,9024,0,0,1,Biker
6,93.0,801.0,167.0,865.0,9025,0,0,1,Biker
6,90.0,803.0,162.0,865.0,9026,0,0,1,Biker
6,85.0,803.0,156.0,865.0,9027,0,0,1,Biker
6,79.0,803.0,151.0,865.0,9028,0,0,1,Biker
6,74.0,803.0,145.0,865.0,9029,0,0,1,Biker
6,68.0,806.0,137.0,865.0,9030,0,0,1,Biker
6,63.0,806.0,132.0,865.0,9031,0,0,1,Biker
6,60.0,806.0,126.0,865.0,9032,0,0,1,Biker
6,55.0,808.0,121.0,865.0,9033,0,0,1,Biker
6,49.0,808.0,115.0,865.0,9034,0,0,1,Biker
6,44.0,808.0,110.0,865.0,9035,0,0,1,Biker
6,38.0,808.0,104.0,865.0,9036,0,0,1,Biker
6,33.0,810.0,99.0,865.0,9037,0,0,1,Biker
6,30.0,810.0,93.0,865.0,9038,0,0,1,Biker
6,24.0,810.0,88.0,865.0,9039,0,0,1,Biker
6,19.0,810.0,82.0,865.0,9040,0,0,1,Biker
6,13.0,812.0,77.0,865.0,9041,0,0,1,Biker
6,8.0,812.0,71.0,865.0,9042,0,0,1,Biker
6,2.0,812.0,66.0,865.0,9043,0,0,1,Biker
6,0.0,815.0,60.0,865.0,9044,1,0,0,Biker
6,0.0,812.0,55.0,863.0,9045,1,0,1,Biker
6,0.0,812.0,49.0,863.0,9046,1,0,1,Biker
6,0.0,812.0,46.0,863.0,9047,1,0,1,Biker
6,0.0,812.0,41.0,863.0,9048,1,0,1,Biker
6,0.0,812.0,38.0,863.0,9049,1,0,0,Biker
6,0.0,812.0,38.0,863.0,9050,1,0,1,Biker
6,0.0,812.0,38.0,863.0,9051,1,0,1,Biker
6,0.0,812.0,38.0,863.0,9052,1,0,1,Biker
6,0.0,812.0,38.0,863.0,9053,1,0,1,Biker
6,0.0,812.0,38.0,863.0,9054,1,0,1,Biker
6,0.0,812.0,38.0,863.0,9055,1,0,1,Biker
6,0.0,812.0,38.0,863.0,9056,1,0,1,Biker
6,0.0,812.0,38.0,863.0,9057,1,0,1,Biker
6,0.0,812.0,38.0,863.0,9058,1,0,1,Biker
6,0.0,812.0,38.0,863.0,9059,1,0,1,Biker
6,0.0,812.0,38.0,863.0,9060,1,0,1,Biker
6,0.0,812.0,38.0,863.0,9061,1,0,1,Biker
6,0.0,812.0,38.0,863.0,9062,1,0,1,Biker
6,0.0,812.0,38.0,863.0,9063,1,0,1,Biker
6,0.0,812.0,38.0,863.0,9064,1,0,1,Biker
6,0.0,812.0,38.0,863.0,9065,1,0,1,Biker
6,0.0,812.0,38.0,863.0,9066,1,0,1,Biker
6,0.0,812.0,38.0,863.0,9067,1,0,1,Biker
6,0.0,812.0,38.0,863.0,9068,1,0,1,Biker
6,0.0,812.0,38.0,863.0,9069,1,0,1,Biker
6,0.0,812.0,38.0,863.0,9070,1,0,1,Biker
6,0.0,812.0,38.0,863.0,9071,1,0,1,Biker
6,0.0,812.0,38.0,863.0,9072,1,0,1,Biker
6,0.0,812.0,38.0,863.0,9073,1,0,1,Biker
6,0.0,812.0,38.0,863.0,9074,1,0,1,Biker
6,0.0,812.0,38.0,863.0,9075,1,0,1,Biker
6,0.0,812.0,38.0,863.0,9076,1,0,1,Biker
6,0.0,812.0,38.0,863.0,9077,1,0,1,Biker
6,0.0,812.0,38.0,863.0,9078,1,0,1,Biker
6,0.0,812.0,38.0,863.0,9079,1,0,1,Biker
6,0.0,812.0,38.0,863.0,9080,1,0,1,Biker
6,0.0,812.0,38.0,863.0,9081,1,0,1,Biker
6,0.0,812.0,38.0,863.0,9082,1,0,1,Biker
6,0.0,812.0,38.0,863.0,9083,1,0,1,Biker
6,0.0,812.0,38.0,863.0,9084,1,0,1,Biker
6,0.0,812.0,38.0,863.0,9085,1,0,1,Biker
6,0.0,812.0,38.0,863.0,9086,1,0,1,Biker
6,0.0,812.0,38.0,863.0,9087,1,0,1,Biker
6,0.0,812.0,38.0,863.0,9088,1,0,1,Biker
6,0.0,812.0,38.0,863.0,9089,1,0,1,Biker
6,0.0,812.0,38.0,863.0,9090,1,0,1,Biker
6,0.0,812.0,38.0,863.0,9091,1,0,1,Biker
6,0.0,812.0,38.0,863.0,9092,1,0,1,Biker
6,0.0,812.0,38.0,863.0,9093,1,0,1,Biker
6,0.0,812.0,38.0,863.0,9094,1,0,1,Biker
6,0.0,812.0,38.0,863.0,9095,1,0,1,Biker
6,0.0,812.0,38.0,863.0,9096,1,0,1,Biker
6,0.0,812.0,38.0,863.0,9097,1,0,1,Biker
6,0.0,812.0,38.0,863.0,9098,1,0,1,Biker
6,0.0,812.0,38.0,863.0,9099,1,0,1,Biker
6,0.0,812.0,38.0,863.0,9100,1,0,1,Biker
6,0.0,812.0,38.0,863.0,9101,1,0,1,Biker
6,0.0,812.0,38.0,863.0,9102,1,0,1,Biker
6,0.0,812.0,38.0,863.0,9103,1,0,1,Biker
6,0.0,812.0,38.0,863.0,9104,1,0,1,Biker
6,0.0,812.0,38.0,863.0,9105,1,0,1,Biker
6,0.0,812.0,38.0,863.0,9106,1,0,1,Biker
6,0.0,812.0,38.0,863.0,9107,1,0,1,Biker
6,0.0,812.0,38.0,863.0,9108,1,0,1,Biker
6,0.0,812.0,38.0,863.0,9109,1,0,1,Biker
6,0.0,812.0,38.0,863.0,9110,1,0,1,Biker
6,0.0,812.0,38.0,863.0,9111,1,0,1,Biker
6,0.0,812.0,38.0,863.0,9112,1,0,1,Biker
6,0.0,812.0,38.0,863.0,9113,1,0,1,Biker
6,0.0,812.0,38.0,863.0,9114,1,0,1,Biker
6,0.0,812.0,38.0,863.0,9115,1,0,1,Biker
6,0.0,812.0,38.0,863.0,9116,1,0,1,Biker
6,0.0,812.0,38.0,863.0,9117,1,0,1,Biker
6,0.0,812.0,38.0,863.0,9118,1,0,1,Biker
6,0.0,812.0,38.0,863.0,9119,1,0,1,Biker
6,0.0,812.0,38.0,863.0,9120,1,0,1,Biker
6,0.0,812.0,38.0,863.0,9121,1,0,1,Biker
6,0.0,812.0,38.0,863.0,9122,1,0,1,Biker
6,0.0,812.0,38.0,863.0,9123,1,0,1,Biker
6,0.0,812.0,38.0,863.0,9124,1,0,1,Biker
6,0.0,812.0,38.0,863.0,9125,1,0,1,Biker
6,0.0,812.0,38.0,863.0,9126,1,0,1,Biker
6,0.0,812.0,38.0,863.0,9127,1,0,1,Biker
6,0.0,812.0,38.0,863.0,9128,1,0,1,Biker
6,0.0,812.0,38.0,863.0,9129,1,0,1,Biker
6,0.0,812.0,38.0,863.0,9130,1,0,1,Biker
6,0.0,812.0,38.0,863.0,9131,1,0,1,Biker
6,0.0,812.0,38.0,863.0,9132,1,0,1,Biker
6,0.0,812.0,38.0,863.0,9133,1,0,1,Biker
6,0.0,812.0,38.0,863.0,9134,1,0,1,Biker
6,0.0,812.0,38.0,863.0,9135,1,0,1,Biker
6,0.0,812.0,38.0,863.0,9136,1,0,1,Biker
6,0.0,812.0,38.0,863.0,9137,1,0,1,Biker
6,0.0,812.0,38.0,863.0,9138,1,0,1,Biker
6,0.0,812.0,38.0,863.0,9139,1,0,1,Biker
6,0.0,812.0,38.0,863.0,9140,1,0,1,Biker
6,0.0,812.0,38.0,863.0,9141,1,0,1,Biker
6,0.0,812.0,38.0,863.0,9142,1,0,1,Biker
6,0.0,812.0,38.0,863.0,9143,1,0,1,Biker
6,0.0,812.0,38.0,863.0,9144,1,0,1,Biker
6,0.0,812.0,38.0,863.0,9145,1,0,1,Biker
6,0.0,812.0,38.0,863.0,9146,1,0,1,Biker
6,0.0,812.0,38.0,863.0,9147,1,0,1,Biker
6,0.0,812.0,38.0,863.0,9148,1,0,1,Biker
6,0.0,812.0,38.0,863.0,9149,1,0,1,Biker
6,0.0,812.0,38.0,863.0,9150,1,0,1,Biker
6,0.0,812.0,38.0,863.0,9151,1,0,1,Biker
6,0.0,812.0,38.0,863.0,9152,1,0,1,Biker
6,0.0,812.0,38.0,863.0,9153,1,0,1,Biker
6,0.0,812.0,38.0,863.0,9154,1,0,1,Biker
6,0.0,812.0,38.0,863.0,9155,1,0,1,Biker
6,0.0,812.0,38.0,863.0,9156,1,0,1,Biker
6,0.0,812.0,38.0,863.0,9157,1,0,1,Biker
6,0.0,812.0,38.0,863.0,9158,1,0,1,Biker
6,0.0,812.0,38.0,863.0,9159,1,0,1,Biker
6,0.0,812.0,38.0,863.0,9160,1,0,1,Biker
6,0.0,812.0,38.0,863.0,9161,1,0,1,Biker
6,0.0,812.0,38.0,863.0,9162,1,0,1,Biker
6,0.0,812.0,38.0,863.0,9163,1,0,1,Biker
6,0.0,812.0,38.0,863.0,9164,1,0,1,Biker
6,0.0,812.0,38.0,863.0,9165,1,0,1,Biker
6,0.0,812.0,38.0,863.0,9166,1,0,1,Biker
6,0.0,812.0,38.0,863.0,9167,1,0,1,Biker
6,0.0,812.0,38.0,863.0,9168,1,0,1,Biker
6,0.0,812.0,38.0,863.0,9169,1,0,1,Biker
6,0.0,812.0,38.0,863.0,9170,1,0,1,Biker
6,0.0,812.0,38.0,863.0,9171,1,0,1,Biker
6,0.0,812.0,38.0,863.0,9172,1,0,1,Biker
6,0.0,812.0,38.0,863.0,9173,1,0,1,Biker
6,0.0,812.0,38.0,863.0,9174,1,0,1,Biker
6,0.0,812.0,38.0,863.0,9175,1,0,1,Biker
6,0.0,812.0,38.0,863.0,9176,1,0,1,Biker
6,0.0,812.0,38.0,863.0,9177,1,0,1,Biker
6,0.0,812.0,38.0,863.0,9178,1,0,1,Biker
6,0.0,812.0,38.0,863.0,9179,1,0,1,Biker
6,0.0,812.0,38.0,863.0,9180,1,0,1,Biker
6,0.0,812.0,38.0,863.0,9181,1,0,1,Biker
6,0.0,812.0,38.0,863.0,9182,1,0,1,Biker
6,0.0,812.0,38.0,863.0,9183,1,0,1,Biker
6,0.0,812.0,38.0,863.0,9184,1,0,1,Biker
6,0.0,812.0,38.0,863.0,9185,1,0,1,Biker
6,0.0,812.0,38.0,863.0,9186,1,0,1,Biker
6,0.0,812.0,38.0,863.0,9187,1,0,1,Biker
6,0.0,812.0,38.0,863.0,9188,1,0,1,Biker
6,0.0,812.0,38.0,863.0,9189,1,0,1,Biker
6,0.0,812.0,38.0,863.0,9190,1,0,1,Biker
6,0.0,812.0,38.0,863.0,9191,1,0,1,Biker
6,0.0,812.0,38.0,863.0,9192,1,0,1,Biker
6,0.0,812.0,38.0,863.0,9193,1,0,1,Biker
6,0.0,812.0,38.0,863.0,9194,1,0,1,Biker
6,0.0,812.0,38.0,863.0,9195,1,0,1,Biker
6,0.0,812.0,38.0,863.0,9196,1,0,1,Biker
6,0.0,812.0,38.0,863.0,9197,1,0,1,Biker
6,0.0,812.0,38.0,863.0,9198,1,0,1,Biker
6,0.0,812.0,38.0,863.0,9199,1,0,1,Biker
6,0.0,812.0,38.0,863.0,9200,1,0,1,Biker
6,0.0,812.0,38.0,863.0,9201,1,0,1,Biker
6,0.0,812.0,38.0,863.0,9202,1,0,1,Biker
6,0.0,812.0,38.0,863.0,9203,1,0,1,Biker
6,0.0,812.0,38.0,863.0,9204,1,0,1,Biker
6,0.0,812.0,38.0,863.0,9205,1,0,1,Biker
6,0.0,812.0,38.0,863.0,9206,1,0,1,Biker
6,0.0,812.0,38.0,863.0,9207,1,0,1,Biker
6,0.0,812.0,38.0,863.0,9208,1,0,1,Biker
6,0.0,812.0,38.0,863.0,9209,1,0,1,Biker
6,0.0,812.0,38.0,863.0,9210,1,0,1,Biker
6,0.0,812.0,38.0,863.0,9211,1,0,1,Biker
6,0.0,812.0,38.0,863.0,9212,1,0,1,Biker
6,0.0,812.0,38.0,863.0,9213,1,0,1,Biker
6,0.0,812.0,38.0,863.0,9214,1,0,1,Biker
6,0.0,812.0,38.0,863.0,9215,1,0,1,Biker
6,0.0,812.0,38.0,863.0,9216,1,0,1,Biker
6,0.0,812.0,38.0,863.0,9217,1,0,1,Biker
6,0.0,812.0,38.0,863.0,9218,1,0,1,Biker
6,0.0,812.0,38.0,863.0,9219,1,0,1,Biker
6,0.0,812.0,38.0,863.0,9220,1,0,1,Biker
6,0.0,812.0,38.0,863.0,9221,1,0,1,Biker
6,0.0,812.0,38.0,863.0,9222,1,0,1,Biker
6,0.0,812.0,38.0,863.0,9223,1,0,1,Biker
6,0.0,812.0,38.0,863.0,9224,1,0,1,Biker
6,0.0,812.0,38.0,863.0,9225,1,0,1,Biker
6,0.0,812.0,38.0,863.0,9226,1,0,1,Biker
6,0.0,812.0,38.0,863.0,9227,1,0,1,Biker
6,0.0,812.0,38.0,863.0,9228,1,0,1,Biker
6,0.0,812.0,38.0,863.0,9229,1,0,1,Biker
6,0.0,812.0,38.0,863.0,9230,1,0,1,Biker
6,0.0,812.0,38.0,863.0,9231,1,0,1,Biker
6,0.0,812.0,38.0,863.0,9232,1,0,1,Biker
6,0.0,812.0,38.0,863.0,9233,1,0,1,Biker
6,0.0,812.0,38.0,863.0,9234,1,0,1,Biker
6,0.0,812.0,38.0,863.0,9235,1,0,1,Biker
6,0.0,812.0,38.0,863.0,9236,1,0,1,Biker
6,0.0,812.0,38.0,863.0,9237,1,0,1,Biker
6,0.0,812.0,38.0,863.0,9238,1,0,1,Biker
6,0.0,812.0,38.0,863.0,9239,1,0,1,Biker
6,0.0,812.0,38.0,863.0,9240,1,0,1,Biker
6,0.0,812.0,38.0,863.0,9241,1,0,1,Biker
6,0.0,812.0,38.0,863.0,9242,1,0,1,Biker
6,0.0,812.0,38.0,863.0,9243,1,0,1,Biker
6,0.0,812.0,38.0,863.0,9244,1,0,1,Biker
6,0.0,812.0,38.0,863.0,9245,1,0,1,Biker
6,0.0,812.0,38.0,863.0,9246,1,0,1,Biker
6,0.0,812.0,38.0,863.0,9247,1,0,1,Biker
6,0.0,812.0,38.0,863.0,9248,1,0,1,Biker
6,0.0,812.0,38.0,863.0,9249,1,0,1,Biker
6,0.0,812.0,38.0,863.0,9250,1,0,1,Biker
6,0.0,812.0,38.0,863.0,9251,1,0,1,Biker
6,0.0,812.0,38.0,863.0,9252,1,0,1,Biker
6,0.0,812.0,38.0,863.0,9253,1,0,1,Biker
6,0.0,812.0,38.0,863.0,9254,1,0,1,Biker
6,0.0,812.0,38.0,863.0,9255,1,0,1,Biker
6,0.0,812.0,38.0,863.0,9256,1,0,1,Biker
6,0.0,812.0,38.0,863.0,9257,1,0,1,Biker
6,0.0,812.0,38.0,863.0,9258,1,0,1,Biker
6,0.0,812.0,38.0,863.0,9259,1,0,1,Biker
6,0.0,812.0,38.0,863.0,9260,1,0,1,Biker
6,0.0,812.0,38.0,863.0,9261,1,0,1,Biker
6,0.0,812.0,38.0,863.0,9262,1,0,1,Biker
6,0.0,812.0,38.0,863.0,9263,1,0,1,Biker
6,0.0,812.0,38.0,863.0,9264,1,0,1,Biker
6,0.0,812.0,38.0,863.0,9265,1,0,1,Biker
6,0.0,812.0,38.0,863.0,9266,1,0,1,Biker
6,0.0,812.0,38.0,863.0,9267,1,0,1,Biker
6,0.0,812.0,38.0,863.0,9268,1,0,1,Biker
6,0.0,812.0,38.0,863.0,9269,1,0,1,Biker
6,0.0,812.0,38.0,863.0,9270,1,0,1,Biker
6,0.0,812.0,38.0,863.0,9271,1,0,1,Biker
6,0.0,812.0,38.0,863.0,9272,1,0,1,Biker
6,0.0,812.0,38.0,863.0,9273,1,0,1,Biker
6,0.0,812.0,38.0,863.0,9274,1,0,1,Biker
6,0.0,812.0,38.0,863.0,9275,1,0,1,Biker
6,0.0,812.0,38.0,863.0,9276,1,0,1,Biker
6,0.0,812.0,38.0,863.0,9277,1,0,1,Biker
6,0.0,812.0,38.0,863.0,9278,1,0,1,Biker
6,0.0,812.0,38.0,863.0,9279,1,0,1,Biker
6,0.0,812.0,38.0,863.0,9280,1,0,1,Biker
6,0.0,812.0,38.0,863.0,9281,1,0,1,Biker
6,0.0,812.0,38.0,863.0,9282,1,0,1,Biker
6,0.0,812.0,38.0,863.0,9283,1,0,1,Biker
6,0.0,812.0,38.0,863.0,9284,1,0,1,Biker
6,0.0,812.0,38.0,863.0,9285,1,0,1,Biker
6,0.0,812.0,38.0,863.0,9286,1,0,1,Biker
6,0.0,812.0,38.0,863.0,9287,1,0,1,Biker
6,0.0,812.0,38.0,863.0,9288,1,0,1,Biker
6,0.0,812.0,38.0,863.0,9289,1,0,1,Biker
6,0.0,812.0,38.0,863.0,9290,1,0,1,Biker
6,0.0,812.0,38.0,863.0,9291,1,0,1,Biker
6,0.0,812.0,38.0,863.0,9292,1,0,1,Biker
6,0.0,812.0,38.0,863.0,9293,1,0,1,Biker
6,0.0,812.0,38.0,863.0,9294,1,0,1,Biker
6,0.0,812.0,38.0,863.0,9295,1,0,1,Biker
6,0.0,812.0,38.0,863.0,9296,1,0,1,Biker
6,0.0,812.0,38.0,863.0,9297,1,0,1,Biker
6,0.0,812.0,38.0,863.0,9298,1,0,1,Biker
6,0.0,812.0,38.0,863.0,9299,1,0,1,Biker
6,0.0,812.0,38.0,863.0,9300,1,0,1,Biker
6,0.0,812.0,38.0,863.0,9301,1,0,1,Biker
6,0.0,812.0,38.0,863.0,9302,1,0,1,Biker
6,0.0,812.0,38.0,863.0,9303,1,0,1,Biker
6,0.0,812.0,38.0,863.0,9304,1,0,1,Biker
6,0.0,812.0,38.0,863.0,9305,1,0,1,Biker
6,0.0,812.0,38.0,863.0,9306,1,0,1,Biker
6,0.0,812.0,38.0,863.0,9307,1,0,1,Biker
6,0.0,812.0,38.0,863.0,9308,1,0,1,Biker
6,0.0,812.0,38.0,863.0,9309,1,0,1,Biker
6,0.0,812.0,38.0,863.0,9310,1,0,1,Biker
6,0.0,812.0,38.0,863.0,9311,1,0,1,Biker
6,0.0,812.0,38.0,863.0,9312,1,0,1,Biker
6,0.0,812.0,38.0,863.0,9313,1,0,1,Biker
6,0.0,812.0,38.0,863.0,9314,1,0,1,Biker
6,0.0,812.0,38.0,863.0,9315,1,0,1,Biker
6,0.0,812.0,38.0,863.0,9316,1,0,1,Biker
6,0.0,812.0,38.0,863.0,9317,1,0,1,Biker
6,0.0,812.0,38.0,863.0,9318,1,0,1,Biker
6,0.0,812.0,38.0,863.0,9319,1,0,1,Biker
6,0.0,812.0,38.0,863.0,9320,1,0,1,Biker
6,0.0,812.0,38.0,863.0,9321,1,0,1,Biker
6,0.0,812.0,38.0,863.0,9322,1,0,1,Biker
6,0.0,812.0,38.0,863.0,9323,1,0,1,Biker
6,0.0,812.0,38.0,863.0,9324,1,0,1,Biker
6,0.0,812.0,38.0,863.0,9325,1,0,1,Biker
6,0.0,812.0,38.0,863.0,9326,1,0,1,Biker
6,0.0,812.0,38.0,863.0,9327,1,0,1,Biker
6,0.0,812.0,38.0,863.0,9328,1,0,1,Biker
6,0.0,812.0,38.0,863.0,9329,1,0,1,Biker
6,0.0,812.0,38.0,863.0,9330,1,0,1,Biker
6,0.0,812.0,38.0,863.0,9331,1,0,1,Biker
6,0.0,812.0,38.0,863.0,9332,1,0,1,Biker
6,0.0,812.0,38.0,863.0,9333,1,0,1,Biker
6,0.0,812.0,38.0,863.0,9334,1,0,1,Biker
6,0.0,812.0,38.0,863.0,9335,1,0,1,Biker
6,0.0,812.0,38.0,863.0,9336,1,0,1,Biker
6,0.0,812.0,38.0,863.0,9337,1,0,1,Biker
6,0.0,812.0,38.0,863.0,9338,1,0,1,Biker
6,0.0,812.0,38.0,863.0,9339,1,0,1,Biker
6,0.0,812.0,38.0,863.0,9340,1,0,1,Biker
6,0.0,812.0,38.0,863.0,9341,1,0,1,Biker
6,0.0,812.0,38.0,863.0,9342,1,0,1,Biker
6,0.0,812.0,38.0,863.0,9343,1,0,1,Biker
6,0.0,812.0,38.0,863.0,9344,1,0,1,Biker
6,0.0,812.0,38.0,863.0,9345,1,0,1,Biker
6,0.0,812.0,38.0,863.0,9346,1,0,1,Biker
6,0.0,812.0,38.0,863.0,9347,1,0,1,Biker
6,0.0,812.0,38.0,863.0,9348,1,0,1,Biker
6,0.0,812.0,38.0,863.0,9349,1,0,1,Biker
6,0.0,812.0,38.0,863.0,9350,1,0,1,Biker
6,0.0,812.0,38.0,863.0,9351,1,0,1,Biker
6,0.0,812.0,38.0,863.0,9352,1,0,1,Biker
6,0.0,812.0,38.0,863.0,9353,1,0,1,Biker
6,0.0,812.0,38.0,863.0,9354,1,0,1,Biker
6,0.0,812.0,38.0,863.0,9355,1,0,1,Biker
6,0.0,812.0,38.0,863.0,9356,1,0,1,Biker
6,0.0,812.0,38.0,863.0,9357,1,0,1,Biker
6,0.0,812.0,38.0,863.0,9358,1,0,1,Biker
6,0.0,812.0,38.0,863.0,9359,1,0,1,Biker
6,0.0,812.0,38.0,863.0,9360,1,0,1,Biker
6,0.0,812.0,38.0,863.0,9361,1,0,1,Biker
6,0.0,812.0,38.0,863.0,9362,1,0,1,Biker
6,0.0,812.0,38.0,863.0,9363,1,0,1,Biker
6,0.0,812.0,38.0,863.0,9364,1,0,1,Biker
6,0.0,812.0,38.0,863.0,9365,1,0,1,Biker
6,0.0,812.0,38.0,863.0,9366,1,0,1,Biker
6,0.0,812.0,38.0,863.0,9367,1,0,1,Biker
6,0.0,812.0,38.0,863.0,9368,1,0,1,Biker
6,0.0,812.0,38.0,863.0,9369,1,0,1,Biker
6,0.0,812.0,38.0,863.0,9370,1,0,1,Biker
6,0.0,812.0,38.0,863.0,9371,1,0,1,Biker
6,0.0,812.0,38.0,863.0,9372,1,0,1,Biker
6,0.0,812.0,38.0,863.0,9373,1,0,1,Biker
6,0.0,812.0,38.0,863.0,9374,1,0,1,Biker
6,0.0,812.0,38.0,863.0,9375,1,0,1,Biker
6,0.0,812.0,38.0,863.0,9376,1,0,1,Biker
6,0.0,812.0,38.0,863.0,9377,1,0,1,Biker
6,0.0,812.0,38.0,863.0,9378,1,0,1,Biker
6,0.0,812.0,38.0,863.0,9379,1,0,1,Biker
6,0.0,812.0,38.0,863.0,9380,1,0,1,Biker
6,0.0,812.0,38.0,863.0,9381,1,0,1,Biker
6,0.0,812.0,38.0,863.0,9382,1,0,1,Biker
6,0.0,812.0,38.0,863.0,9383,1,0,1,Biker
6,0.0,812.0,38.0,863.0,9384,1,0,1,Biker
6,0.0,812.0,38.0,863.0,9385,1,0,1,Biker
6,0.0,812.0,38.0,863.0,9386,1,0,1,Biker
6,0.0,812.0,38.0,863.0,9387,1,0,1,Biker
6,0.0,812.0,38.0,863.0,9388,1,0,1,Biker
6,0.0,812.0,38.0,863.0,9389,1,0,1,Biker
6,0.0,812.0,38.0,863.0,9390,1,0,1,Biker
6,0.0,812.0,38.0,863.0,9391,1,0,1,Biker
6,0.0,812.0,38.0,863.0,9392,1,0,1,Biker
6,0.0,812.0,38.0,863.0,9393,1,0,1,Biker
6,0.0,812.0,38.0,863.0,9394,1,0,1,Biker
6,0.0,812.0,38.0,863.0,9395,1,0,1,Biker
6,0.0,812.0,38.0,863.0,9396,1,0,1,Biker
6,0.0,812.0,38.0,863.0,9397,1,0,1,Biker
6,0.0,812.0,38.0,863.0,9398,1,0,1,Biker
6,0.0,812.0,38.0,863.0,9399,1,0,1,Biker
6,0.0,812.0,38.0,863.0,9400,1,0,1,Biker
6,0.0,812.0,38.0,863.0,9401,1,0,1,Biker
6,0.0,812.0,38.0,863.0,9402,1,0,1,Biker
6,0.0,812.0,38.0,863.0,9403,1,0,1,Biker
6,0.0,812.0,38.0,863.0,9404,1,0,1,Biker
6,0.0,812.0,38.0,863.0,9405,1,0,1,Biker
6,0.0,812.0,38.0,863.0,9406,1,0,1,Biker
6,0.0,812.0,38.0,863.0,9407,1,0,1,Biker
6,0.0,812.0,38.0,863.0,9408,1,0,1,Biker
6,0.0,812.0,38.0,863.0,9409,1,0,1,Biker
6,0.0,812.0,38.0,863.0,9410,1,0,1,Biker
6,0.0,812.0,38.0,863.0,9411,1,0,1,Biker
6,0.0,812.0,38.0,863.0,9412,1,0,1,Biker
6,0.0,812.0,38.0,863.0,9413,1,0,1,Biker
6,0.0,812.0,38.0,863.0,9414,1,0,1,Biker
6,0.0,812.0,38.0,863.0,9415,1,0,1,Biker
6,0.0,812.0,38.0,863.0,9416,1,0,1,Biker
6,0.0,812.0,38.0,863.0,9417,1,0,1,Biker
6,0.0,812.0,38.0,863.0,9418,1,0,1,Biker
6,0.0,812.0,38.0,863.0,9419,1,0,1,Biker
6,0.0,812.0,38.0,863.0,9420,1,0,1,Biker
6,0.0,812.0,38.0,863.0,9421,1,0,1,Biker
6,0.0,812.0,38.0,863.0,9422,1,0,1,Biker
6,0.0,812.0,38.0,863.0,9423,1,0,1,Biker
6,0.0,812.0,38.0,863.0,9424,1,0,1,Biker
6,0.0,812.0,38.0,863.0,9425,1,0,1,Biker
6,0.0,812.0,38.0,863.0,9426,1,0,1,Biker
6,0.0,812.0,38.0,863.0,9427,1,0,1,Biker
6,0.0,812.0,38.0,863.0,9428,1,0,1,Biker
6,0.0,812.0,38.0,863.0,9429,1,0,1,Biker
6,0.0,812.0,38.0,863.0,9430,1,0,1,Biker
6,0.0,812.0,38.0,863.0,9431,1,0,1,Biker
6,0.0,812.0,38.0,863.0,9432,1,0,1,Biker
6,0.0,812.0,38.0,863.0,9433,1,0,1,Biker
6,0.0,812.0,38.0,863.0,9434,1,0,1,Biker
6,0.0,812.0,38.0,863.0,9435,1,0,1,Biker
6,0.0,812.0,38.0,863.0,9436,1,0,1,Biker
6,0.0,812.0,38.0,863.0,9437,1,0,1,Biker
6,0.0,812.0,38.0,863.0,9438,1,0,1,Biker
6,0.0,812.0,38.0,863.0,9439,1,0,1,Biker
6,0.0,812.0,38.0,863.0,9440,1,0,1,Biker
6,0.0,812.0,38.0,863.0,9441,1,0,1,Biker
6,0.0,812.0,38.0,863.0,9442,1,0,1,Biker
6,0.0,812.0,38.0,863.0,9443,1,0,1,Biker
6,0.0,812.0,38.0,863.0,9444,1,0,1,Biker
6,0.0,812.0,38.0,863.0,9445,1,0,1,Biker
6,0.0,812.0,38.0,863.0,9446,1,0,1,Biker
6,0.0,812.0,38.0,863.0,9447,1,0,1,Biker
6,0.0,812.0,38.0,863.0,9448,1,0,1,Biker
6,0.0,812.0,38.0,863.0,9449,1,0,1,Biker
6,0.0,812.0,38.0,863.0,9450,1,0,1,Biker
6,0.0,812.0,38.0,863.0,9451,1,0,1,Biker
6,0.0,812.0,38.0,863.0,9452,1,0,1,Biker
6,0.0,812.0,38.0,863.0,9453,1,0,1,Biker
6,0.0,812.0,38.0,863.0,9454,1,0,1,Biker
6,0.0,812.0,38.0,863.0,9455,1,0,1,Biker
6,0.0,812.0,38.0,863.0,9456,1,0,1,Biker
6,0.0,812.0,38.0,863.0,9457,1,0,1,Biker
6,0.0,812.0,38.0,863.0,9458,1,0,1,Biker
6,0.0,812.0,38.0,863.0,9459,1,0,1,Biker
6,0.0,812.0,38.0,863.0,9460,1,0,1,Biker
6,0.0,812.0,38.0,863.0,9461,1,0,1,Biker
6,0.0,812.0,38.0,863.0,9462,1,0,1,Biker
6,0.0,812.0,38.0,863.0,9463,1,0,1,Biker
6,0.0,812.0,38.0,863.0,9464,1,0,1,Biker
6,0.0,812.0,38.0,863.0,9465,1,0,1,Biker
6,0.0,812.0,38.0,863.0,9466,1,0,1,Biker
6,0.0,812.0,38.0,863.0,9467,1,0,1,Biker
6,0.0,812.0,38.0,863.0,9468,1,0,1,Biker
6,0.0,812.0,38.0,863.0,9469,1,0,1,Biker
6,0.0,812.0,38.0,863.0,9470,1,0,1,Biker
6,0.0,812.0,38.0,863.0,9471,1,0,1,Biker
6,0.0,812.0,38.0,863.0,9472,1,0,1,Biker
6,0.0,812.0,38.0,863.0,9473,1,0,1,Biker
6,0.0,812.0,38.0,863.0,9474,1,0,1,Biker
6,0.0,812.0,38.0,863.0,9475,1,0,1,Biker
6,0.0,812.0,38.0,863.0,9476,1,0,1,Biker
6,0.0,812.0,38.0,863.0,9477,1,0,1,Biker
6,0.0,812.0,38.0,863.0,9478,1,0,1,Biker
6,0.0,812.0,38.0,863.0,9479,1,0,1,Biker
6,0.0,812.0,38.0,863.0,9480,1,0,1,Biker
6,0.0,812.0,38.0,863.0,9481,1,0,1,Biker
6,0.0,812.0,38.0,863.0,9482,1,0,1,Biker
6,0.0,812.0,38.0,863.0,9483,1,0,1,Biker
6,0.0,812.0,38.0,863.0,9484,1,0,1,Biker
6,0.0,812.0,38.0,863.0,9485,1,0,1,Biker
6,0.0,812.0,38.0,863.0,9486,1,0,1,Biker
6,0.0,812.0,38.0,863.0,9487,1,0,1,Biker
6,0.0,812.0,38.0,863.0,9488,1,0,1,Biker
6,0.0,812.0,38.0,863.0,9489,1,0,1,Biker
6,0.0,812.0,38.0,863.0,9490,1,0,1,Biker
6,0.0,812.0,38.0,863.0,9491,1,0,1,Biker
6,0.0,812.0,38.0,863.0,9492,1,0,1,Biker
6,0.0,812.0,38.0,863.0,9493,1,0,1,Biker
6,0.0,812.0,38.0,863.0,9494,1,0,1,Biker
6,0.0,812.0,38.0,863.0,9495,1,0,1,Biker
6,0.0,812.0,38.0,863.0,9496,1,0,1,Biker
6,0.0,812.0,38.0,863.0,9497,1,0,1,Biker
6,0.0,812.0,38.0,863.0,9498,1,0,1,Biker
6,0.0,812.0,38.0,863.0,9499,1,0,1,Biker
6,0.0,812.0,38.0,863.0,9500,1,0,1,Biker
6,0.0,812.0,38.0,863.0,9501,1,0,1,Biker
6,0.0,812.0,38.0,863.0,9502,1,0,1,Biker
6,0.0,812.0,38.0,863.0,9503,1,0,1,Biker
6,0.0,812.0,38.0,863.0,9504,1,0,1,Biker
6,0.0,812.0,38.0,863.0,9505,1,0,1,Biker
6,0.0,812.0,38.0,863.0,9506,1,0,1,Biker
6,0.0,812.0,38.0,863.0,9507,1,0,1,Biker
6,0.0,812.0,38.0,863.0,9508,1,0,1,Biker
6,0.0,812.0,38.0,863.0,9509,1,0,1,Biker
6,0.0,812.0,38.0,863.0,9510,1,0,1,Biker
6,0.0,812.0,38.0,863.0,9511,1,0,1,Biker
6,0.0,812.0,38.0,863.0,9512,1,0,1,Biker
6,0.0,812.0,38.0,863.0,9513,1,0,1,Biker
6,0.0,812.0,38.0,863.0,9514,1,0,1,Biker
6,0.0,812.0,38.0,863.0,9515,1,0,1,Biker
6,0.0,812.0,38.0,863.0,9516,1,0,1,Biker
6,0.0,812.0,38.0,863.0,9517,1,0,1,Biker
6,0.0,812.0,38.0,863.0,9518,1,0,1,Biker
6,0.0,812.0,38.0,863.0,9519,1,0,1,Biker
6,0.0,812.0,38.0,863.0,9520,1,0,1,Biker
6,0.0,812.0,38.0,863.0,9521,1,0,1,Biker
6,0.0,812.0,38.0,863.0,9522,1,0,1,Biker
6,0.0,812.0,38.0,863.0,9523,1,0,1,Biker
6,0.0,812.0,38.0,863.0,9524,1,0,1,Biker
6,0.0,812.0,38.0,863.0,9525,1,0,1,Biker
6,0.0,812.0,38.0,863.0,9526,1,0,1,Biker
6,0.0,812.0,38.0,863.0,9527,1,0,1,Biker
6,0.0,812.0,38.0,863.0,9528,1,0,1,Biker
6,0.0,812.0,38.0,863.0,9529,1,0,1,Biker
6,0.0,812.0,38.0,863.0,9530,1,0,1,Biker
6,0.0,812.0,38.0,863.0,9531,1,0,0,Biker
7,332.0,1054.0,420.0,1088.0,8500,1,0,0,Pedestrian
7,332.0,1054.0,420.0,1088.0,8501,1,0,1,Pedestrian
7,332.0,1054.0,420.0,1088.0,8502,1,0,1,Pedestrian
7,332.0,1054.0,420.0,1088.0,8503,1,0,1,Pedestrian
7,332.0,1054.0,420.0,1088.0,8504,1,0,1,Pedestrian
7,332.0,1054.0,420.0,1088.0,8505,1,0,1,Pedestrian
7,332.0,1054.0,420.0,1088.0,8506,1,0,1,Pedestrian
7,332.0,1054.0,420.0,1088.0,8507,1,0,1,Pedestrian
7,332.0,1054.0,420.0,1088.0,8508,1,0,1,Pedestrian
7,332.0,1054.0,420.0,1088.0,8509,1,0,1,Pedestrian
7,332.0,1054.0,420.0,1088.0,8510,1,0,1,Pedestrian
7,332.0,1054.0,420.0,1088.0,8511,1,0,1,Pedestrian
7,332.0,1054.0,420.0,1088.0,8512,1,0,1,Pedestrian
7,332.0,1054.0,420.0,1088.0,8513,1,0,1,Pedestrian
7,332.0,1054.0,420.0,1088.0,8514,1,0,1,Pedestrian
7,332.0,1054.0,420.0,1088.0,8515,1,0,1,Pedestrian
7,332.0,1054.0,420.0,1088.0,8516,1,0,1,Pedestrian
7,332.0,1054.0,420.0,1088.0,8517,1,0,1,Pedestrian
7,332.0,1054.0,420.0,1088.0,8518,1,0,1,Pedestrian
7,332.0,1054.0,420.0,1088.0,8519,1,0,1,Pedestrian
7,332.0,1054.0,420.0,1088.0,8520,1,0,1,Pedestrian
7,332.0,1054.0,420.0,1088.0,8521,1,0,1,Pedestrian
7,332.0,1054.0,420.0,1088.0,8522,1,0,1,Pedestrian
7,332.0,1054.0,420.0,1088.0,8523,1,0,1,Pedestrian
7,332.0,1054.0,420.0,1088.0,8524,1,0,1,Pedestrian
7,332.0,1054.0,420.0,1088.0,8525,1,0,1,Pedestrian
7,332.0,1054.0,420.0,1088.0,8526,1,0,1,Pedestrian
7,332.0,1054.0,420.0,1088.0,8527,1,0,1,Pedestrian
7,332.0,1054.0,420.0,1088.0,8528,1,0,1,Pedestrian
7,332.0,1054.0,420.0,1088.0,8529,1,0,1,Pedestrian
7,332.0,1054.0,420.0,1088.0,8530,1,0,1,Pedestrian
7,332.0,1054.0,420.0,1088.0,8531,1,0,1,Pedestrian
7,332.0,1054.0,420.0,1088.0,8532,1,0,1,Pedestrian
7,332.0,1054.0,420.0,1088.0,8533,1,0,1,Pedestrian
7,332.0,1054.0,420.0,1088.0,8534,1,0,1,Pedestrian
7,332.0,1054.0,420.0,1088.0,8535,1,0,1,Pedestrian
7,332.0,1054.0,420.0,1088.0,8536,1,0,1,Pedestrian
7,332.0,1054.0,420.0,1088.0,8537,1,0,1,Pedestrian
7,332.0,1054.0,420.0,1088.0,8538,1,0,1,Pedestrian
7,332.0,1054.0,420.0,1088.0,8539,1,0,1,Pedestrian
7,332.0,1054.0,420.0,1088.0,8540,1,0,1,Pedestrian
7,332.0,1054.0,420.0,1088.0,8541,1,0,1,Pedestrian
7,332.0,1054.0,420.0,1088.0,8542,1,0,1,Pedestrian
7,332.0,1054.0,420.0,1088.0,8543,1,0,1,Pedestrian
7,332.0,1054.0,420.0,1088.0,8544,1,0,1,Pedestrian
7,332.0,1054.0,420.0,1088.0,8545,1,0,1,Pedestrian
7,332.0,1054.0,420.0,1088.0,8546,1,0,1,Pedestrian
7,332.0,1054.0,420.0,1088.0,8547,1,0,1,Pedestrian
7,332.0,1054.0,420.0,1088.0,8548,1,0,1,Pedestrian
7,332.0,1054.0,420.0,1088.0,8549,1,0,1,Pedestrian
7,332.0,1054.0,420.0,1088.0,8550,1,0,1,Pedestrian
7,332.0,1054.0,420.0,1088.0,8551,1,0,1,Pedestrian
7,332.0,1054.0,420.0,1088.0,8552,1,0,1,Pedestrian
7,332.0,1054.0,420.0,1088.0,8553,1,0,1,Pedestrian
7,332.0,1054.0,420.0,1088.0,8554,1,0,1,Pedestrian
7,332.0,1054.0,420.0,1088.0,8555,1,0,1,Pedestrian
7,332.0,1054.0,420.0,1088.0,8556,1,0,1,Pedestrian
7,332.0,1054.0,420.0,1088.0,8557,1,0,1,Pedestrian
7,332.0,1054.0,420.0,1088.0,8558,1,0,1,Pedestrian
7,332.0,1054.0,420.0,1088.0,8559,1,0,1,Pedestrian
7,332.0,1054.0,420.0,1088.0,8560,1,0,1,Pedestrian
7,332.0,1054.0,420.0,1088.0,8561,1,0,1,Pedestrian
7,332.0,1054.0,420.0,1088.0,8562,1,0,1,Pedestrian
7,332.0,1054.0,420.0,1088.0,8563,1,0,1,Pedestrian
7,332.0,1054.0,420.0,1088.0,8564,1,0,1,Pedestrian
7,332.0,1054.0,420.0,1088.0,8565,1,0,1,Pedestrian
7,332.0,1054.0,420.0,1088.0,8566,1,0,1,Pedestrian
7,332.0,1054.0,420.0,1088.0,8567,1,0,1,Pedestrian
7,332.0,1054.0,420.0,1088.0,8568,1,0,1,Pedestrian
7,332.0,1054.0,420.0,1088.0,8569,1,0,1,Pedestrian
7,332.0,1054.0,420.0,1088.0,8570,1,0,1,Pedestrian
7,332.0,1054.0,420.0,1088.0,8571,1,0,1,Pedestrian
7,332.0,1054.0,420.0,1088.0,8572,1,0,1,Pedestrian
7,332.0,1054.0,420.0,1088.0,8573,1,0,1,Pedestrian
7,332.0,1054.0,420.0,1088.0,8574,1,0,1,Pedestrian
7,332.0,1054.0,420.0,1088.0,8575,1,0,1,Pedestrian
7,332.0,1054.0,420.0,1088.0,8576,1,0,1,Pedestrian
7,332.0,1054.0,420.0,1088.0,8577,1,0,1,Pedestrian
7,332.0,1054.0,420.0,1088.0,8578,1,0,1,Pedestrian
7,332.0,1054.0,420.0,1088.0,8579,1,0,1,Pedestrian
7,332.0,1054.0,420.0,1088.0,8580,1,0,1,Pedestrian
7,332.0,1054.0,420.0,1088.0,8581,1,0,1,Pedestrian
7,332.0,1054.0,420.0,1088.0,8582,1,0,1,Pedestrian
7,332.0,1054.0,420.0,1088.0,8583,1,0,1,Pedestrian
7,332.0,1054.0,420.0,1088.0,8584,1,0,1,Pedestrian
7,332.0,1054.0,420.0,1088.0,8585,1,0,1,Pedestrian
7,332.0,1054.0,420.0,1088.0,8586,1,0,1,Pedestrian
7,332.0,1054.0,420.0,1088.0,8587,1,0,1,Pedestrian
7,332.0,1054.0,420.0,1088.0,8588,1,0,1,Pedestrian
7,332.0,1054.0,420.0,1088.0,8589,1,0,1,Pedestrian
7,332.0,1054.0,420.0,1088.0,8590,1,0,1,Pedestrian
7,332.0,1054.0,420.0,1088.0,8591,1,0,1,Pedestrian
7,332.0,1054.0,420.0,1088.0,8592,1,0,1,Pedestrian
7,332.0,1054.0,420.0,1088.0,8593,1,0,1,Pedestrian
7,332.0,1054.0,420.0,1088.0,8594,1,0,1,Pedestrian
7,332.0,1054.0,420.0,1088.0,8595,1,0,1,Pedestrian
7,332.0,1054.0,420.0,1088.0,8596,1,0,1,Pedestrian
7,332.0,1054.0,420.0,1088.0,8597,1,0,1,Pedestrian
7,332.0,1054.0,420.0,1088.0,8598,1,0,1,Pedestrian
7,332.0,1054.0,420.0,1088.0,8599,1,0,1,Pedestrian
7,332.0,1054.0,420.0,1088.0,8600,1,0,1,Pedestrian
7,332.0,1054.0,420.0,1088.0,8601,1,0,1,Pedestrian
7,332.0,1054.0,420.0,1088.0,8602,1,0,1,Pedestrian
7,332.0,1054.0,420.0,1088.0,8603,1,0,1,Pedestrian
7,332.0,1054.0,420.0,1088.0,8604,1,0,1,Pedestrian
7,332.0,1054.0,420.0,1088.0,8605,1,0,1,Pedestrian
7,332.0,1054.0,420.0,1088.0,8606,1,0,1,Pedestrian
7,332.0,1054.0,420.0,1088.0,8607,1,0,1,Pedestrian
7,332.0,1054.0,420.0,1088.0,8608,1,0,1,Pedestrian
7,332.0,1054.0,420.0,1088.0,8609,1,0,1,Pedestrian
7,332.0,1054.0,420.0,1088.0,8610,1,0,1,Pedestrian
7,332.0,1054.0,420.0,1088.0,8611,1,0,1,Pedestrian
7,332.0,1054.0,420.0,1088.0,8612,1,0,1,Pedestrian
7,332.0,1054.0,420.0,1088.0,8613,1,0,1,Pedestrian
7,332.0,1054.0,420.0,1088.0,8614,1,0,1,Pedestrian
7,332.0,1054.0,420.0,1088.0,8615,1,0,1,Pedestrian
7,332.0,1054.0,420.0,1088.0,8616,1,0,1,Pedestrian
7,332.0,1054.0,420.0,1088.0,8617,1,0,1,Pedestrian
7,332.0,1054.0,420.0,1088.0,8618,1,0,1,Pedestrian
7,332.0,1054.0,420.0,1088.0,8619,1,0,1,Pedestrian
7,332.0,1054.0,420.0,1088.0,8620,1,0,1,Pedestrian
7,332.0,1054.0,420.0,1088.0,8621,1,0,1,Pedestrian
7,332.0,1054.0,420.0,1088.0,8622,1,0,1,Pedestrian
7,332.0,1054.0,420.0,1088.0,8623,1,0,1,Pedestrian
7,332.0,1054.0,420.0,1088.0,8624,1,0,1,Pedestrian
7,332.0,1054.0,420.0,1088.0,8625,1,0,1,Pedestrian
7,332.0,1054.0,420.0,1088.0,8626,1,0,1,Pedestrian
7,332.0,1054.0,420.0,1088.0,8627,1,0,1,Pedestrian
7,332.0,1054.0,420.0,1088.0,8628,1,0,1,Pedestrian
7,332.0,1054.0,420.0,1088.0,8629,1,0,1,Pedestrian
7,332.0,1054.0,420.0,1088.0,8630,1,0,1,Pedestrian
7,332.0,1054.0,420.0,1088.0,8631,1,0,1,Pedestrian
7,332.0,1054.0,420.0,1088.0,8632,1,0,1,Pedestrian
7,332.0,1054.0,420.0,1088.0,8633,1,0,1,Pedestrian
7,332.0,1054.0,420.0,1088.0,8634,1,0,1,Pedestrian
7,332.0,1054.0,420.0,1088.0,8635,1,0,1,Pedestrian
7,332.0,1054.0,420.0,1088.0,8636,1,0,1,Pedestrian
7,332.0,1054.0,420.0,1088.0,8637,1,0,1,Pedestrian
7,332.0,1054.0,420.0,1088.0,8638,1,0,1,Pedestrian
7,332.0,1054.0,420.0,1088.0,8639,1,0,1,Pedestrian
7,332.0,1054.0,420.0,1088.0,8640,1,0,1,Pedestrian
7,332.0,1054.0,420.0,1088.0,8641,1,0,1,Pedestrian
7,332.0,1054.0,420.0,1088.0,8642,1,0,1,Pedestrian
7,332.0,1054.0,420.0,1088.0,8643,1,0,1,Pedestrian
7,332.0,1054.0,420.0,1088.0,8644,1,0,1,Pedestrian
7,332.0,1054.0,420.0,1088.0,8645,1,0,1,Pedestrian
7,332.0,1054.0,420.0,1088.0,8646,1,0,1,Pedestrian
7,332.0,1054.0,420.0,1088.0,8647,1,0,1,Pedestrian
7,332.0,1054.0,420.0,1088.0,8648,1,0,1,Pedestrian
7,332.0,1054.0,420.0,1088.0,8649,1,0,1,Pedestrian
7,332.0,1054.0,420.0,1088.0,8650,1,0,1,Pedestrian
7,332.0,1054.0,420.0,1088.0,8651,1,0,1,Pedestrian
7,332.0,1054.0,420.0,1088.0,8652,1,0,1,Pedestrian
7,332.0,1054.0,420.0,1088.0,8653,1,0,1,Pedestrian
7,332.0,1054.0,420.0,1088.0,8654,1,0,1,Pedestrian
7,332.0,1054.0,420.0,1088.0,8655,1,0,1,Pedestrian
7,332.0,1054.0,420.0,1088.0,8656,1,0,1,Pedestrian
7,332.0,1054.0,420.0,1088.0,8657,1,0,1,Pedestrian
7,332.0,1054.0,420.0,1088.0,8658,1,0,1,Pedestrian
7,332.0,1054.0,420.0,1088.0,8659,1,0,1,Pedestrian
7,332.0,1054.0,420.0,1088.0,8660,1,0,1,Pedestrian
7,332.0,1054.0,420.0,1088.0,8661,1,0,1,Pedestrian
7,332.0,1054.0,420.0,1088.0,8662,1,0,1,Pedestrian
7,332.0,1054.0,420.0,1088.0,8663,1,0,1,Pedestrian
7,332.0,1054.0,420.0,1088.0,8664,1,0,1,Pedestrian
7,332.0,1054.0,420.0,1088.0,8665,1,0,1,Pedestrian
7,332.0,1054.0,420.0,1088.0,8666,1,0,1,Pedestrian
7,332.0,1054.0,420.0,1088.0,8667,1,0,1,Pedestrian
7,332.0,1054.0,420.0,1088.0,8668,1,0,1,Pedestrian
7,332.0,1054.0,420.0,1088.0,8669,1,0,1,Pedestrian
7,332.0,1054.0,420.0,1088.0,8670,1,0,1,Pedestrian
7,332.0,1054.0,420.0,1088.0,8671,1,0,1,Pedestrian
7,332.0,1054.0,420.0,1088.0,8672,1,0,1,Pedestrian
7,332.0,1054.0,420.0,1088.0,8673,1,0,1,Pedestrian
7,332.0,1054.0,420.0,1088.0,8674,1,0,1,Pedestrian
7,332.0,1054.0,420.0,1088.0,8675,1,0,1,Pedestrian
7,332.0,1054.0,420.0,1088.0,8676,1,0,1,Pedestrian
7,332.0,1054.0,420.0,1088.0,8677,1,0,1,Pedestrian
7,332.0,1054.0,420.0,1088.0,8678,1,0,1,Pedestrian
7,332.0,1054.0,420.0,1088.0,8679,1,0,1,Pedestrian
7,332.0,1054.0,420.0,1088.0,8680,1,0,1,Pedestrian
7,332.0,1054.0,420.0,1088.0,8681,1,0,1,Pedestrian
7,332.0,1054.0,420.0,1088.0,8682,1,0,1,Pedestrian
7,332.0,1054.0,420.0,1088.0,8683,1,0,1,Pedestrian
7,332.0,1054.0,420.0,1088.0,8684,1,0,1,Pedestrian
7,332.0,1054.0,420.0,1088.0,8685,1,0,1,Pedestrian
7,332.0,1054.0,420.0,1088.0,8686,1,0,1,Pedestrian
7,332.0,1054.0,420.0,1088.0,8687,1,0,1,Pedestrian
7,332.0,1054.0,420.0,1088.0,8688,1,0,1,Pedestrian
7,332.0,1054.0,420.0,1088.0,8689,1,0,1,Pedestrian
7,332.0,1054.0,420.0,1088.0,8690,1,0,1,Pedestrian
7,332.0,1054.0,420.0,1088.0,8691,1,0,1,Pedestrian
7,332.0,1054.0,420.0,1088.0,8692,1,0,1,Pedestrian
7,332.0,1054.0,420.0,1088.0,8693,1,0,1,Pedestrian
7,332.0,1054.0,420.0,1088.0,8694,1,0,1,Pedestrian
7,332.0,1054.0,420.0,1088.0,8695,1,0,1,Pedestrian
7,332.0,1054.0,420.0,1088.0,8696,1,0,1,Pedestrian
7,332.0,1054.0,420.0,1088.0,8697,1,0,1,Pedestrian
7,332.0,1054.0,420.0,1088.0,8698,1,0,1,Pedestrian
7,332.0,1054.0,420.0,1088.0,8699,1,0,1,Pedestrian
7,332.0,1054.0,420.0,1088.0,8700,1,0,1,Pedestrian
7,332.0,1054.0,420.0,1088.0,8701,1,0,1,Pedestrian
7,332.0,1054.0,420.0,1088.0,8702,1,0,1,Pedestrian
7,332.0,1054.0,420.0,1088.0,8703,1,0,1,Pedestrian
7,332.0,1054.0,420.0,1088.0,8704,1,0,1,Pedestrian
7,332.0,1054.0,420.0,1088.0,8705,1,0,1,Pedestrian
7,332.0,1054.0,420.0,1088.0,8706,1,0,1,Pedestrian
7,332.0,1054.0,420.0,1088.0,8707,1,0,1,Pedestrian
7,332.0,1054.0,420.0,1088.0,8708,1,0,1,Pedestrian
7,332.0,1054.0,420.0,1088.0,8709,1,0,1,Pedestrian
7,332.0,1054.0,420.0,1088.0,8710,1,0,1,Pedestrian
7,332.0,1054.0,420.0,1088.0,8711,1,0,1,Pedestrian
7,332.0,1054.0,420.0,1088.0,8712,1,0,1,Pedestrian
7,332.0,1054.0,420.0,1088.0,8713,1,0,1,Pedestrian
7,332.0,1054.0,420.0,1088.0,8714,1,0,1,Pedestrian
7,332.0,1054.0,420.0,1088.0,8715,1,0,1,Pedestrian
7,332.0,1054.0,420.0,1088.0,8716,1,0,1,Pedestrian
7,332.0,1054.0,420.0,1088.0,8717,1,0,1,Pedestrian
7,332.0,1054.0,420.0,1088.0,8718,1,0,1,Pedestrian
7,332.0,1054.0,420.0,1088.0,8719,1,0,1,Pedestrian
7,332.0,1054.0,420.0,1088.0,8720,1,0,1,Pedestrian
7,332.0,1054.0,420.0,1088.0,8721,1,0,1,Pedestrian
7,332.0,1054.0,420.0,1088.0,8722,1,0,1,Pedestrian
7,332.0,1054.0,420.0,1088.0,8723,1,0,1,Pedestrian
7,332.0,1054.0,420.0,1088.0,8724,1,0,1,Pedestrian
7,332.0,1054.0,420.0,1088.0,8725,1,0,1,Pedestrian
7,332.0,1054.0,420.0,1088.0,8726,1,0,1,Pedestrian
7,332.0,1054.0,420.0,1088.0,8727,1,0,1,Pedestrian
7,332.0,1054.0,420.0,1088.0,8728,1,0,1,Pedestrian
7,332.0,1054.0,420.0,1088.0,8729,1,0,1,Pedestrian
7,332.0,1054.0,420.0,1088.0,8730,1,0,1,Pedestrian
7,332.0,1054.0,420.0,1088.0,8731,1,0,1,Pedestrian
7,332.0,1054.0,420.0,1088.0,8732,1,0,1,Pedestrian
7,332.0,1054.0,420.0,1088.0,8733,1,0,1,Pedestrian
7,332.0,1054.0,420.0,1088.0,8734,1,0,1,Pedestrian
7,332.0,1054.0,420.0,1088.0,8735,1,0,1,Pedestrian
7,332.0,1054.0,420.0,1088.0,8736,1,0,1,Pedestrian
7,332.0,1054.0,420.0,1088.0,8737,1,0,1,Pedestrian
7,332.0,1054.0,420.0,1088.0,8738,1,0,1,Pedestrian
7,332.0,1054.0,420.0,1088.0,8739,1,0,1,Pedestrian
7,332.0,1054.0,420.0,1088.0,8740,1,0,1,Pedestrian
7,332.0,1054.0,420.0,1088.0,8741,1,0,1,Pedestrian
7,332.0,1054.0,420.0,1088.0,8742,1,0,1,Pedestrian
7,332.0,1054.0,420.0,1088.0,8743,1,0,1,Pedestrian
7,332.0,1054.0,420.0,1088.0,8744,1,0,1,Pedestrian
7,332.0,1054.0,420.0,1088.0,8745,1,0,1,Pedestrian
7,332.0,1054.0,420.0,1088.0,8746,1,0,1,Pedestrian
7,332.0,1054.0,420.0,1088.0,8747,1,0,1,Pedestrian
7,332.0,1054.0,420.0,1088.0,8748,1,0,1,Pedestrian
7,332.0,1054.0,420.0,1088.0,8749,1,0,1,Pedestrian
7,332.0,1054.0,420.0,1088.0,8750,1,0,1,Pedestrian
7,332.0,1054.0,420.0,1088.0,8751,1,0,1,Pedestrian
7,332.0,1054.0,420.0,1088.0,8752,1,0,1,Pedestrian
7,332.0,1054.0,420.0,1088.0,8753,1,0,1,Pedestrian
7,332.0,1054.0,420.0,1088.0,8754,1,0,1,Pedestrian
7,332.0,1054.0,420.0,1088.0,8755,1,0,1,Pedestrian
7,332.0,1054.0,420.0,1088.0,8756,1,0,1,Pedestrian
7,332.0,1054.0,420.0,1088.0,8757,1,0,1,Pedestrian
7,332.0,1054.0,420.0,1088.0,8758,1,0,1,Pedestrian
7,332.0,1054.0,420.0,1088.0,8759,1,0,1,Pedestrian
7,332.0,1054.0,420.0,1088.0,8760,1,0,1,Pedestrian
7,332.0,1054.0,420.0,1088.0,8761,1,0,1,Pedestrian
7,332.0,1054.0,420.0,1088.0,8762,1,0,1,Pedestrian
7,332.0,1054.0,420.0,1088.0,8763,1,0,1,Pedestrian
7,332.0,1054.0,420.0,1088.0,8764,1,0,1,Pedestrian
7,332.0,1054.0,420.0,1088.0,8765,1,0,1,Pedestrian
7,332.0,1054.0,420.0,1088.0,8766,1,0,1,Pedestrian
7,332.0,1054.0,420.0,1088.0,8767,1,0,1,Pedestrian
7,332.0,1054.0,420.0,1088.0,8768,1,0,1,Pedestrian
7,332.0,1054.0,420.0,1088.0,8769,1,0,1,Pedestrian
7,332.0,1054.0,420.0,1088.0,8770,1,0,1,Pedestrian
7,332.0,1054.0,420.0,1088.0,8771,1,0,1,Pedestrian
7,332.0,1054.0,420.0,1088.0,8772,1,0,1,Pedestrian
7,332.0,1054.0,420.0,1088.0,8773,1,0,1,Pedestrian
7,332.0,1054.0,420.0,1088.0,8774,1,0,1,Pedestrian
7,332.0,1054.0,420.0,1088.0,8775,1,0,1,Pedestrian
7,332.0,1054.0,420.0,1088.0,8776,1,0,1,Pedestrian
7,332.0,1054.0,420.0,1088.0,8777,1,0,1,Pedestrian
7,332.0,1054.0,420.0,1088.0,8778,1,0,1,Pedestrian
7,332.0,1054.0,420.0,1088.0,8779,1,0,1,Pedestrian
7,332.0,1054.0,420.0,1088.0,8780,1,0,1,Pedestrian
7,332.0,1054.0,420.0,1088.0,8781,1,0,1,Pedestrian
7,332.0,1054.0,420.0,1088.0,8782,1,0,1,Pedestrian
7,332.0,1054.0,420.0,1088.0,8783,1,0,1,Pedestrian
7,332.0,1054.0,420.0,1088.0,8784,1,0,1,Pedestrian
7,332.0,1054.0,420.0,1088.0,8785,1,0,1,Pedestrian
7,332.0,1054.0,420.0,1088.0,8786,1,0,1,Pedestrian
7,332.0,1054.0,420.0,1088.0,8787,1,0,1,Pedestrian
7,332.0,1054.0,420.0,1088.0,8788,1,0,1,Pedestrian
7,332.0,1054.0,420.0,1088.0,8789,1,0,1,Pedestrian
7,332.0,1054.0,420.0,1088.0,8790,1,0,1,Pedestrian
7,332.0,1054.0,420.0,1088.0,8791,1,0,1,Pedestrian
7,332.0,1054.0,420.0,1088.0,8792,1,0,1,Pedestrian
7,332.0,1054.0,420.0,1088.0,8793,1,0,1,Pedestrian
7,332.0,1054.0,420.0,1088.0,8794,1,0,1,Pedestrian
7,332.0,1054.0,420.0,1088.0,8795,1,0,1,Pedestrian
7,332.0,1054.0,420.0,1088.0,8796,1,0,1,Pedestrian
7,332.0,1054.0,420.0,1088.0,8797,1,0,1,Pedestrian
7,332.0,1054.0,420.0,1088.0,8798,1,0,1,Pedestrian
7,332.0,1054.0,420.0,1088.0,8799,1,0,1,Pedestrian
7,332.0,1054.0,420.0,1088.0,8800,1,0,1,Pedestrian
7,332.0,1054.0,420.0,1088.0,8801,1,0,1,Pedestrian
7,332.0,1054.0,420.0,1088.0,8802,1,0,1,Pedestrian
7,332.0,1054.0,420.0,1088.0,8803,1,0,1,Pedestrian
7,332.0,1054.0,420.0,1088.0,8804,1,0,1,Pedestrian
7,332.0,1054.0,420.0,1088.0,8805,1,0,1,Pedestrian
7,332.0,1054.0,420.0,1088.0,8806,1,0,1,Pedestrian
7,332.0,1054.0,420.0,1088.0,8807,1,0,1,Pedestrian
7,332.0,1054.0,420.0,1088.0,8808,1,0,1,Pedestrian
7,332.0,1054.0,420.0,1088.0,8809,1,0,1,Pedestrian
7,332.0,1054.0,420.0,1088.0,8810,1,0,1,Pedestrian
7,332.0,1054.0,420.0,1088.0,8811,1,0,1,Pedestrian
7,332.0,1054.0,420.0,1088.0,8812,1,0,1,Pedestrian
7,332.0,1054.0,420.0,1088.0,8813,1,0,1,Pedestrian
7,332.0,1054.0,420.0,1088.0,8814,1,0,1,Pedestrian
7,332.0,1054.0,420.0,1088.0,8815,1,0,1,Pedestrian
7,332.0,1054.0,420.0,1088.0,8816,1,0,1,Pedestrian
7,332.0,1054.0,420.0,1088.0,8817,1,0,1,Pedestrian
7,332.0,1054.0,420.0,1088.0,8818,1,0,1,Pedestrian
7,332.0,1054.0,420.0,1088.0,8819,1,0,1,Pedestrian
7,332.0,1054.0,420.0,1088.0,8820,1,0,1,Pedestrian
7,332.0,1054.0,420.0,1088.0,8821,1,0,1,Pedestrian
7,332.0,1054.0,420.0,1088.0,8822,1,0,1,Pedestrian
7,332.0,1054.0,420.0,1088.0,8823,1,0,1,Pedestrian
7,332.0,1054.0,420.0,1088.0,8824,1,0,1,Pedestrian
7,332.0,1054.0,420.0,1088.0,8825,1,0,1,Pedestrian
7,332.0,1054.0,420.0,1088.0,8826,1,0,1,Pedestrian
7,332.0,1054.0,420.0,1088.0,8827,1,0,1,Pedestrian
7,332.0,1054.0,420.0,1088.0,8828,1,0,1,Pedestrian
7,332.0,1054.0,420.0,1088.0,8829,1,0,1,Pedestrian
7,332.0,1054.0,420.0,1088.0,8830,1,0,1,Pedestrian
7,332.0,1054.0,420.0,1088.0,8831,1,0,1,Pedestrian
7,332.0,1054.0,420.0,1088.0,8832,1,0,1,Pedestrian
7,332.0,1054.0,420.0,1088.0,8833,1,0,1,Pedestrian
7,332.0,1054.0,420.0,1088.0,8834,1,0,1,Pedestrian
7,332.0,1054.0,420.0,1088.0,8835,1,0,1,Pedestrian
7,332.0,1054.0,420.0,1088.0,8836,1,0,1,Pedestrian
7,332.0,1054.0,420.0,1088.0,8837,1,0,1,Pedestrian
7,332.0,1054.0,420.0,1088.0,8838,1,0,1,Pedestrian
7,332.0,1054.0,420.0,1088.0,8839,1,0,1,Pedestrian
7,332.0,1054.0,420.0,1088.0,8840,1,0,1,Pedestrian
7,332.0,1054.0,420.0,1088.0,8841,1,0,1,Pedestrian
7,332.0,1054.0,420.0,1088.0,8842,1,0,1,Pedestrian
7,332.0,1054.0,420.0,1088.0,8843,1,0,1,Pedestrian
7,332.0,1054.0,420.0,1088.0,8844,1,0,1,Pedestrian
7,332.0,1054.0,420.0,1088.0,8845,1,0,1,Pedestrian
7,332.0,1054.0,420.0,1088.0,8846,1,0,1,Pedestrian
7,332.0,1054.0,420.0,1088.0,8847,1,0,1,Pedestrian
7,332.0,1054.0,420.0,1088.0,8848,1,0,1,Pedestrian
7,332.0,1054.0,420.0,1088.0,8849,1,0,1,Pedestrian
7,332.0,1054.0,420.0,1088.0,8850,1,0,1,Pedestrian
7,332.0,1054.0,420.0,1088.0,8851,1,0,1,Pedestrian
7,332.0,1054.0,420.0,1088.0,8852,1,0,1,Pedestrian
7,332.0,1054.0,420.0,1088.0,8853,1,0,1,Pedestrian
7,332.0,1054.0,420.0,1088.0,8854,1,0,1,Pedestrian
7,332.0,1054.0,420.0,1088.0,8855,1,0,1,Pedestrian
7,332.0,1054.0,420.0,1088.0,8856,1,0,1,Pedestrian
7,332.0,1054.0,420.0,1088.0,8857,1,0,1,Pedestrian
7,332.0,1054.0,420.0,1088.0,8858,1,0,1,Pedestrian
7,332.0,1054.0,420.0,1088.0,8859,1,0,1,Pedestrian
7,332.0,1054.0,420.0,1088.0,8860,1,0,1,Pedestrian
7,332.0,1054.0,420.0,1088.0,8861,1,0,1,Pedestrian
7,332.0,1054.0,420.0,1088.0,8862,1,0,1,Pedestrian
7,332.0,1054.0,420.0,1088.0,8863,1,0,1,Pedestrian
7,332.0,1054.0,420.0,1088.0,8864,1,0,1,Pedestrian
7,332.0,1054.0,420.0,1088.0,8865,1,0,1,Pedestrian
7,332.0,1054.0,420.0,1088.0,8866,1,0,1,Pedestrian
7,332.0,1054.0,420.0,1088.0,8867,1,0,1,Pedestrian
7,332.0,1054.0,420.0,1088.0,8868,1,0,1,Pedestrian
7,332.0,1054.0,420.0,1088.0,8869,1,0,1,Pedestrian
7,332.0,1054.0,420.0,1088.0,8870,1,0,1,Pedestrian
7,332.0,1054.0,420.0,1088.0,8871,1,0,1,Pedestrian
7,332.0,1054.0,420.0,1088.0,8872,1,0,1,Pedestrian
7,332.0,1054.0,420.0,1088.0,8873,1,0,1,Pedestrian
7,332.0,1054.0,420.0,1088.0,8874,1,0,1,Pedestrian
7,332.0,1054.0,420.0,1088.0,8875,1,0,1,Pedestrian
7,332.0,1054.0,420.0,1088.0,8876,1,0,1,Pedestrian
7,332.0,1054.0,420.0,1088.0,8877,1,0,1,Pedestrian
7,332.0,1054.0,420.0,1088.0,8878,1,0,1,Pedestrian
7,332.0,1054.0,420.0,1088.0,8879,1,0,1,Pedestrian
7,332.0,1054.0,420.0,1088.0,8880,1,0,1,Pedestrian
7,332.0,1054.0,420.0,1088.0,8881,1,0,1,Pedestrian
7,332.0,1054.0,420.0,1088.0,8882,1,0,1,Pedestrian
7,332.0,1054.0,420.0,1088.0,8883,1,0,1,Pedestrian
7,332.0,1054.0,420.0,1088.0,8884,1,0,1,Pedestrian
7,332.0,1054.0,420.0,1088.0,8885,1,0,1,Pedestrian
7,332.0,1054.0,420.0,1088.0,8886,1,0,1,Pedestrian
7,332.0,1054.0,420.0,1088.0,8887,1,0,1,Pedestrian
7,332.0,1054.0,420.0,1088.0,8888,1,0,1,Pedestrian
7,332.0,1054.0,420.0,1088.0,8889,1,0,1,Pedestrian
7,332.0,1054.0,420.0,1088.0,8890,1,0,1,Pedestrian
7,332.0,1054.0,420.0,1088.0,8891,1,0,1,Pedestrian
7,332.0,1054.0,420.0,1088.0,8892,1,0,1,Pedestrian
7,332.0,1054.0,420.0,1088.0,8893,1,0,1,Pedestrian
7,332.0,1054.0,420.0,1088.0,8894,1,0,1,Pedestrian
7,332.0,1054.0,420.0,1088.0,8895,1,0,1,Pedestrian
7,332.0,1054.0,420.0,1088.0,8896,1,0,1,Pedestrian
7,332.0,1054.0,420.0,1088.0,8897,1,0,1,Pedestrian
7,332.0,1054.0,420.0,1088.0,8898,1,0,1,Pedestrian
7,332.0,1054.0,420.0,1088.0,8899,1,0,1,Pedestrian
7,332.0,1054.0,420.0,1088.0,8900,1,0,1,Pedestrian
7,332.0,1054.0,420.0,1088.0,8901,1,0,1,Pedestrian
7,332.0,1054.0,420.0,1088.0,8902,1,0,1,Pedestrian
7,332.0,1054.0,420.0,1088.0,8903,1,0,1,Pedestrian
7,332.0,1054.0,420.0,1088.0,8904,1,0,1,Pedestrian
7,332.0,1054.0,420.0,1088.0,8905,1,0,1,Pedestrian
7,332.0,1054.0,420.0,1088.0,8906,1,0,1,Pedestrian
7,332.0,1054.0,420.0,1088.0,8907,1,0,1,Pedestrian
7,332.0,1054.0,420.0,1088.0,8908,1,0,1,Pedestrian
7,332.0,1054.0,420.0,1088.0,8909,1,0,1,Pedestrian
7,332.0,1054.0,420.0,1088.0,8910,1,0,1,Pedestrian
7,332.0,1054.0,420.0,1088.0,8911,1,0,1,Pedestrian
7,332.0,1054.0,420.0,1088.0,8912,1,0,1,Pedestrian
7,332.0,1054.0,420.0,1088.0,8913,1,0,1,Pedestrian
7,332.0,1054.0,420.0,1088.0,8914,1,0,1,Pedestrian
7,332.0,1054.0,420.0,1088.0,8915,1,0,1,Pedestrian
7,332.0,1054.0,420.0,1088.0,8916,1,0,1,Pedestrian
7,332.0,1054.0,420.0,1088.0,8917,1,0,1,Pedestrian
7,332.0,1054.0,420.0,1088.0,8918,1,0,1,Pedestrian
7,332.0,1054.0,420.0,1088.0,8919,1,0,1,Pedestrian
7,332.0,1054.0,420.0,1088.0,8920,1,0,1,Pedestrian
7,332.0,1054.0,420.0,1088.0,8921,1,0,1,Pedestrian
7,332.0,1054.0,420.0,1088.0,8922,1,0,1,Pedestrian
7,332.0,1054.0,420.0,1088.0,8923,1,0,1,Pedestrian
7,332.0,1054.0,420.0,1088.0,8924,1,0,1,Pedestrian
7,332.0,1054.0,420.0,1088.0,8925,1,0,1,Pedestrian
7,332.0,1054.0,420.0,1088.0,8926,1,0,1,Pedestrian
7,332.0,1054.0,420.0,1088.0,8927,1,0,1,Pedestrian
7,332.0,1054.0,420.0,1088.0,8928,1,0,1,Pedestrian
7,332.0,1054.0,420.0,1088.0,8929,1,0,1,Pedestrian
7,332.0,1054.0,420.0,1088.0,8930,1,0,1,Pedestrian
7,332.0,1054.0,420.0,1088.0,8931,1,0,1,Pedestrian
7,332.0,1054.0,420.0,1088.0,8932,1,0,1,Pedestrian
7,332.0,1054.0,420.0,1088.0,8933,1,0,1,Pedestrian
7,332.0,1054.0,420.0,1088.0,8934,1,0,1,Pedestrian
7,332.0,1054.0,420.0,1088.0,8935,1,0,1,Pedestrian
7,332.0,1054.0,420.0,1088.0,8936,1,0,1,Pedestrian
7,332.0,1054.0,420.0,1088.0,8937,1,0,1,Pedestrian
7,332.0,1054.0,420.0,1088.0,8938,1,0,1,Pedestrian
7,332.0,1054.0,420.0,1088.0,8939,1,0,1,Pedestrian
7,332.0,1054.0,420.0,1088.0,8940,1,0,1,Pedestrian
7,332.0,1054.0,420.0,1088.0,8941,1,0,1,Pedestrian
7,332.0,1054.0,420.0,1088.0,8942,1,0,1,Pedestrian
7,332.0,1054.0,420.0,1088.0,8943,1,0,1,Pedestrian
7,332.0,1054.0,420.0,1088.0,8944,1,0,1,Pedestrian
7,332.0,1054.0,420.0,1088.0,8945,1,0,1,Pedestrian
7,332.0,1054.0,420.0,1088.0,8946,1,0,1,Pedestrian
7,332.0,1054.0,420.0,1088.0,8947,1,0,1,Pedestrian
7,332.0,1054.0,420.0,1088.0,8948,1,0,1,Pedestrian
7,332.0,1054.0,420.0,1088.0,8949,1,0,1,Pedestrian
7,332.0,1054.0,420.0,1088.0,8950,1,0,1,Pedestrian
7,332.0,1054.0,420.0,1088.0,8951,1,0,1,Pedestrian
7,332.0,1054.0,420.0,1088.0,8952,1,0,1,Pedestrian
7,332.0,1054.0,420.0,1088.0,8953,1,0,1,Pedestrian
7,332.0,1054.0,420.0,1088.0,8954,1,0,1,Pedestrian
7,332.0,1054.0,420.0,1088.0,8955,1,0,1,Pedestrian
7,332.0,1054.0,420.0,1088.0,8956,1,0,1,Pedestrian
7,332.0,1054.0,420.0,1088.0,8957,1,0,1,Pedestrian
7,332.0,1054.0,420.0,1088.0,8958,1,0,1,Pedestrian
7,332.0,1054.0,420.0,1088.0,8959,1,0,1,Pedestrian
7,332.0,1054.0,420.0,1088.0,8960,1,0,1,Pedestrian
7,332.0,1054.0,420.0,1088.0,8961,1,0,1,Pedestrian
7,332.0,1054.0,420.0,1088.0,8962,1,0,1,Pedestrian
7,332.0,1054.0,420.0,1088.0,8963,1,0,1,Pedestrian
7,332.0,1054.0,420.0,1088.0,8964,1,0,1,Pedestrian
7,332.0,1054.0,420.0,1088.0,8965,1,0,1,Pedestrian
7,332.0,1054.0,420.0,1088.0,8966,1,0,1,Pedestrian
7,332.0,1054.0,420.0,1088.0,8967,1,0,1,Pedestrian
7,332.0,1054.0,420.0,1088.0,8968,1,0,1,Pedestrian
7,332.0,1054.0,420.0,1088.0,8969,0,0,0,Pedestrian
7,330.0,1052.0,418.0,1086.0,8970,0,0,1,Pedestrian
7,330.0,1052.0,418.0,1086.0,8971,0,0,1,Pedestrian
7,330.0,1049.0,418.0,1083.0,8972,0,0,1,Pedestrian
7,330.0,1049.0,418.0,1083.0,8973,0,0,1,Pedestrian
7,330.0,1049.0,418.0,1083.0,8974,0,0,1,Pedestrian
7,330.0,1047.0,418.0,1081.0,8975,0,0,1,Pedestrian
7,330.0,1047.0,418.0,1081.0,8976,0,0,1,Pedestrian
7,330.0,1045.0,418.0,1079.0,8977,0,0,1,Pedestrian
7,330.0,1045.0,418.0,1079.0,8978,0,0,1,Pedestrian
7,330.0,1045.0,418.0,1079.0,8979,0,0,1,Pedestrian
7,330.0,1042.0,418.0,1077.0,8980,0,0,1,Pedestrian
7,330.0,1042.0,418.0,1077.0,8981,0,0,1,Pedestrian
7,330.0,1040.0,418.0,1074.0,8982,0,0,1,Pedestrian
7,330.0,1040.0,418.0,1074.0,8983,0,0,1,Pedestrian
7,330.0,1040.0,418.0,1074.0,8984,0,0,1,Pedestrian
7,330.0,1038.0,418.0,1072.0,8985,0,0,1,Pedestrian
7,330.0,1038.0,418.0,1072.0,8986,0,0,1,Pedestrian
7,330.0,1036.0,418.0,1070.0,8987,0,0,1,Pedestrian
7,330.0,1036.0,418.0,1070.0,8988,0,0,1,Pedestrian
7,330.0,1036.0,418.0,1070.0,8989,0,0,0,Pedestrian
7,327.0,1033.0,415.0,1067.0,8990,0,0,1,Pedestrian
7,324.0,1031.0,412.0,1065.0,8991,0,0,1,Pedestrian
7,324.0,1031.0,412.0,1065.0,8992,0,0,1,Pedestrian
7,321.0,1029.0,409.0,1063.0,8993,0,0,1,Pedestrian
7,319.0,1029.0,407.0,1063.0,8994,0,0,1,Pedestrian
7,319.0,1026.0,407.0,1061.0,8995,0,0,1,Pedestrian
7,316.0,1026.0,404.0,1061.0,8996,0,0,1,Pedestrian
7,313.0,1024.0,401.0,1058.0,8997,0,0,1,Pedestrian
7,313.0,1024.0,401.0,1058.0,8998,0,0,1,Pedestrian
7,310.0,1022.0,398.0,1056.0,8999,0,0,1,Pedestrian
7,310.0,1022.0,398.0,1056.0,9000,0,0,0,Pedestrian
7,308.0,1020.0,396.0,1054.0,9001,0,0,1,Pedestrian
7,305.0,1020.0,393.0,1054.0,9002,0,0,1,Pedestrian
7,305.0,1017.0,393.0,1052.0,9003,0,0,1,Pedestrian
7,302.0,1017.0,390.0,1052.0,9004,0,0,1,Pedestrian
7,302.0,1015.0,390.0,1049.0,9005,0,0,1,Pedestrian
7,299.0,1015.0,387.0,1049.0,9006,0,0,1,Pedestrian
7,299.0,1013.0,385.0,1047.0,9007,0,0,1,Pedestrian
7,297.0,1013.0,385.0,1047.0,9008,0,0,1,Pedestrian
7,294.0,1011.0,382.0,1047.0,9009,0,0,1,Pedestrian
7,294.0,1011.0,382.0,1045.0,9010,0,0,1,Pedestrian
7,291.0,1011.0,379.0,1045.0,9011,0,0,1,Pedestrian
7,291.0,1008.0,376.0,1042.0,9012,0,0,1,Pedestrian
7,288.0,1008.0,376.0,1042.0,9013,0,0,1,Pedestrian
7,288.0,1006.0,374.0,1040.0,9014,0,0,1,Pedestrian
7,286.0,1006.0,374.0,1040.0,9015,0,0,1,Pedestrian
7,286.0,1004.0,371.0,1038.0,9016,0,0,1,Pedestrian
7,283.0,1004.0,368.0,1038.0,9017,0,0,1,Pedestrian
7,280.0,1001.0,368.0,1038.0,9018,0,0,1,Pedestrian
7,280.0,1001.0,365.0,1036.0,9019,0,0,1,Pedestrian
7,277.0,999.0,365.0,1036.0,9020,0,0,1,Pedestrian
7,277.0,999.0,363.0,1033.0,9021,0,0,1,Pedestrian
7,275.0,999.0,363.0,1033.0,9022,0,0,1,Pedestrian
7,275.0,997.0,360.0,1031.0,9023,0,0,1,Pedestrian
7,272.0,997.0,357.0,1031.0,9024,0,0,1,Pedestrian
7,269.0,995.0,357.0,1029.0,9025,0,0,1,Pedestrian
7,269.0,995.0,354.0,1029.0,9026,0,0,1,Pedestrian
7,266.0,992.0,354.0,1029.0,9027,0,0,1,Pedestrian
7,266.0,992.0,352.0,1026.0,9028,0,0,1,Pedestrian
7,264.0,990.0,349.0,1026.0,9029,0,0,1,Pedestrian
7,264.0,990.0,349.0,1024.0,9030,0,0,1,Pedestrian
7,261.0,988.0,346.0,1024.0,9031,0,0,1,Pedestrian
7,261.0,988.0,346.0,1022.0,9032,0,0,1,Pedestrian
7,258.0,988.0,343.0,1022.0,9033,0,0,1,Pedestrian
7,255.0,985.0,341.0,1020.0,9034,0,0,1,Pedestrian
7,255.0,985.0,341.0,1020.0,9035,0,0,1,Pedestrian
7,253.0,983.0,338.0,1020.0,9036,0,0,1,Pedestrian
7,253.0,983.0,338.0,1017.0,9037,0,0,1,Pedestrian
7,250.0,981.0,335.0,1017.0,9038,0,0,1,Pedestrian
7,250.0,981.0,332.0,1015.0,9039,0,0,1,Pedestrian
7,247.0,979.0,332.0,1015.0,9040,0,0,1,Pedestrian
7,244.0,979.0,330.0,1013.0,9041,0,0,1,Pedestrian
7,244.0,976.0,330.0,1013.0,9042,0,0,1,Pedestrian
7,242.0,976.0,327.0,1011.0,9043,0,0,1,Pedestrian
7,242.0,976.0,327.0,1011.0,9044,0,0,1,Pedestrian
7,239.0,974.0,324.0,1011.0,9045,0,0,1,Pedestrian
7,239.0,974.0,321.0,1008.0,9046,0,0,1,Pedestrian
7,236.0,972.0,321.0,1008.0,9047,0,0,1,Pedestrian
7,236.0,972.0,319.0,1006.0,9048,0,0,1,Pedestrian
7,233.0,970.0,319.0,1006.0,9049,0,0,1,Pedestrian
7,231.0,970.0,316.0,1004.0,9050,0,0,1,Pedestrian
7,231.0,967.0,313.0,1004.0,9051,0,0,1,Pedestrian
7,228.0,967.0,313.0,1001.0,9052,0,0,1,Pedestrian
7,228.0,965.0,310.0,1001.0,9053,0,0,1,Pedestrian
7,225.0,965.0,310.0,1001.0,9054,0,0,1,Pedestrian
7,225.0,965.0,308.0,999.0,9055,0,0,1,Pedestrian
7,222.0,963.0,305.0,999.0,9056,0,0,1,Pedestrian
7,220.0,963.0,305.0,997.0,9057,0,0,1,Pedestrian
7,220.0,960.0,302.0,997.0,9058,0,0,1,Pedestrian
7,217.0,960.0,302.0,995.0,9059,0,0,1,Pedestrian
7,217.0,958.0,299.0,995.0,9060,0,0,1,Pedestrian
7,214.0,958.0,297.0,992.0,9061,0,0,1,Pedestrian
7,214.0,956.0,297.0,992.0,9062,0,0,1,Pedestrian
7,211.0,956.0,294.0,992.0,9063,0,0,1,Pedestrian
7,211.0,954.0,294.0,990.0,9064,0,0,1,Pedestrian
7,209.0,954.0,291.0,990.0,9065,0,0,1,Pedestrian
7,206.0,954.0,291.0,988.0,9066,0,0,1,Pedestrian
7,206.0,951.0,288.0,988.0,9067,0,0,1,Pedestrian
7,203.0,951.0,286.0,985.0,9068,0,0,1,Pedestrian
7,203.0,949.0,286.0,985.0,9069,0,0,1,Pedestrian
7,200.0,949.0,283.0,983.0,9070,0,0,1,Pedestrian
7,200.0,947.0,283.0,983.0,9071,0,0,1,Pedestrian
7,198.0,947.0,280.0,983.0,9072,0,0,1,Pedestrian
7,195.0,944.0,277.0,981.0,9073,0,0,1,Pedestrian
7,195.0,944.0,277.0,981.0,9074,0,0,1,Pedestrian
7,192.0,942.0,275.0,979.0,9075,0,0,1,Pedestrian
7,192.0,942.0,275.0,979.0,9076,0,0,1,Pedestrian
7,189.0,942.0,272.0,976.0,9077,0,0,1,Pedestrian
7,189.0,940.0,269.0,976.0,9078,0,0,1,Pedestrian
7,187.0,940.0,269.0,974.0,9079,0,0,1,Pedestrian
7,187.0,938.0,266.0,974.0,9080,0,0,1,Pedestrian
7,184.0,938.0,266.0,974.0,9081,0,0,1,Pedestrian
7,181.0,935.0,264.0,972.0,9082,0,0,1,Pedestrian
7,181.0,935.0,261.0,972.0,9083,0,0,1,Pedestrian
7,178.0,933.0,261.0,970.0,9084,0,0,1,Pedestrian
7,178.0,933.0,258.0,970.0,9085,0,0,1,Pedestrian
7,176.0,931.0,258.0,967.0,9086,0,0,1,Pedestrian
7,176.0,931.0,255.0,967.0,9087,0,0,1,Pedestrian
7,173.0,931.0,255.0,967.0,9088,0,0,1,Pedestrian
7,170.0,929.0,253.0,965.0,9089,0,0,1,Pedestrian
7,170.0,929.0,250.0,965.0,9090,0,0,1,Pedestrian
7,167.0,926.0,250.0,963.0,9091,0,0,1,Pedestrian
7,167.0,926.0,247.0,963.0,9092,0,0,1,Pedestrian
7,165.0,924.0,247.0,960.0,9093,0,0,1,Pedestrian
7,165.0,924.0,244.0,960.0,9094,0,0,1,Pedestrian
7,162.0,922.0,242.0,958.0,9095,0,0,1,Pedestrian
7,162.0,922.0,242.0,958.0,9096,0,0,1,Pedestrian
7,159.0,919.0,239.0,958.0,9097,0,0,1,Pedestrian
7,156.0,919.0,239.0,956.0,9098,0,0,1,Pedestrian
7,156.0,919.0,236.0,956.0,9099,0,0,1,Pedestrian
7,154.0,917.0,233.0,954.0,9100,0,0,1,Pedestrian
7,154.0,917.0,233.0,954.0,9101,0,0,1,Pedestrian
7,151.0,915.0,231.0,951.0,9102,0,0,1,Pedestrian
7,151.0,915.0,231.0,951.0,9103,0,0,1,Pedestrian
7,148.0,913.0,228.0,949.0,9104,0,0,1,Pedestrian
7,145.0,913.0,225.0,949.0,9105,0,0,1,Pedestrian
7,145.0,910.0,225.0,949.0,9106,0,0,1,Pedestrian
7,143.0,910.0,222.0,947.0,9107,0,0,1,Pedestrian
7,143.0,908.0,222.0,947.0,9108,0,0,1,Pedestrian
7,140.0,908.0,220.0,944.0,9109,0,0,1,Pedestrian
7,140.0,908.0,220.0,944.0,9110,0,0,1,Pedestrian
7,137.0,906.0,217.0,942.0,9111,0,0,1,Pedestrian
7,137.0,906.0,214.0,942.0,9112,0,0,1,Pedestrian
7,134.0,904.0,214.0,940.0,9113,0,0,1,Pedestrian
7,132.0,904.0,211.0,940.0,9114,0,0,1,Pedestrian
7,132.0,901.0,211.0,940.0,9115,0,0,1,Pedestrian
7,129.0,901.0,209.0,938.0,9116,0,0,1,Pedestrian
7,129.0,899.0,206.0,938.0,9117,0,0,1,Pedestrian
7,126.0,899.0,206.0,935.0,9118,0,0,1,Pedestrian
7,126.0,897.0,203.0,935.0,9119,0,0,1,Pedestrian
7,123.0,897.0,203.0,933.0,9120,0,0,1,Pedestrian
7,121.0,897.0,200.0,933.0,9121,0,0,1,Pedestrian
7,121.0,894.0,198.0,931.0,9122,0,0,1,Pedestrian
7,118.0,894.0,198.0,931.0,9123,0,0,1,Pedestrian
7,118.0,892.0,195.0,931.0,9124,0,0,1,Pedestrian
7,115.0,892.0,195.0,929.0,9125,0,0,1,Pedestrian
7,115.0,890.0,192.0,929.0,9126,0,0,1,Pedestrian
7,112.0,890.0,189.0,926.0,9127,0,0,1,Pedestrian
7,112.0,888.0,189.0,926.0,9128,0,0,1,Pedestrian
7,110.0,888.0,187.0,924.0,9129,0,0,1,Pedestrian
7,107.0,885.0,187.0,924.0,9130,0,0,1,Pedestrian
7,107.0,885.0,184.0,922.0,9131,0,0,1,Pedestrian
7,104.0,885.0,184.0,922.0,9132,0,0,1,Pedestrian
7,104.0,883.0,181.0,922.0,9133,0,0,1,Pedestrian
7,101.0,883.0,178.0,919.0,9134,0,0,1,Pedestrian
7,101.0,881.0,178.0,919.0,9135,0,0,1,Pedestrian
7,99.0,881.0,176.0,917.0,9136,0,0,1,Pedestrian
7,96.0,878.0,176.0,917.0,9137,0,0,1,Pedestrian
7,96.0,878.0,173.0,915.0,9138,0,0,1,Pedestrian
7,93.0,876.0,170.0,915.0,9139,0,0,1,Pedestrian
7,93.0,876.0,170.0,913.0,9140,0,0,1,Pedestrian
7,90.0,874.0,167.0,913.0,9141,0,0,1,Pedestrian
7,90.0,874.0,167.0,913.0,9142,0,0,1,Pedestrian
7,88.0,874.0,165.0,910.0,9143,0,0,1,Pedestrian
7,88.0,872.0,162.0,910.0,9144,0,0,1,Pedestrian
7,85.0,872.0,162.0,908.0,9145,0,0,1,Pedestrian
7,82.0,869.0,159.0,908.0,9146,0,0,1,Pedestrian
7,82.0,869.0,159.0,906.0,9147,0,0,1,Pedestrian
7,79.0,867.0,156.0,906.0,9148,0,0,1,Pedestrian
7,79.0,867.0,154.0,904.0,9149,0,0,1,Pedestrian
7,77.0,865.0,154.0,904.0,9150,0,0,1,Pedestrian
7,77.0,865.0,151.0,904.0,9151,0,0,1,Pedestrian
7,74.0,863.0,151.0,901.0,9152,0,0,1,Pedestrian
7,71.0,863.0,148.0,901.0,9153,0,0,1,Pedestrian
7,71.0,863.0,148.0,899.0,9154,0,0,1,Pedestrian
7,68.0,860.0,145.0,899.0,9155,0,0,1,Pedestrian
7,68.0,860.0,143.0,897.0,9156,0,0,1,Pedestrian
7,66.0,858.0,143.0,897.0,9157,0,0,1,Pedestrian
7,66.0,858.0,140.0,894.0,9158,0,0,1,Pedestrian
7,63.0,856.0,140.0,894.0,9159,0,0,1,Pedestrian
7,63.0,856.0,137.0,894.0,9160,0,0,1,Pedestrian
7,60.0,853.0,134.0,892.0,9161,0,0,1,Pedestrian
7,57.0,853.0,134.0,892.0,9162,0,0,1,Pedestrian
7,57.0,851.0,132.0,890.0,9163,0,0,1,Pedestrian
7,55.0,851.0,132.0,890.0,9164,0,0,1,Pedestrian
7,55.0,851.0,129.0,888.0,9165,0,0,1,Pedestrian
7,52.0,849.0,126.0,888.0,9166,0,0,1,Pedestrian
7,52.0,849.0,126.0,885.0,9167,0,0,1,Pedestrian
7,49.0,847.0,123.0,885.0,9168,0,0,1,Pedestrian
7,46.0,847.0,123.0,885.0,9169,0,0,1,Pedestrian
7,46.0,844.0,121.0,883.0,9170,0,0,1,Pedestrian
7,44.0,844.0,118.0,883.0,9171,0,0,1,Pedestrian
7,44.0,842.0,118.0,881.0,9172,0,0,1,Pedestrian
7,41.0,842.0,115.0,881.0,9173,0,0,1,Pedestrian
7,41.0,840.0,115.0,878.0,9174,0,0,1,Pedestrian
7,38.0,840.0,112.0,878.0,9175,0,0,1,Pedestrian
7,38.0,840.0,112.0,878.0,9176,0,0,0,Pedestrian
7,35.0,837.0,110.0,876.0,9177,0,0,1,Pedestrian
7,35.0,837.0,107.0,876.0,9178,0,0,1,Pedestrian
7,35.0,835.0,107.0,874.0,9179,0,0,1,Pedestrian
7,33.0,835.0,104.0,874.0,9180,0,0,1,Pedestrian
7,33.0,833.0,104.0,872.0,9181,0,0,1,Pedestrian
7,33.0,833.0,101.0,872.0,9182,0,0,1,Pedestrian
7,33.0,831.0,101.0,869.0,9183,0,0,1,Pedestrian
7,30.0,831.0,99.0,869.0,9184,0,0,1,Pedestrian
7,30.0,828.0,99.0,867.0,9185,0,0,1,Pedestrian
7,30.0,828.0,96.0,867.0,9186,0,0,1,Pedestrian
7,30.0,826.0,96.0,865.0,9187,0,0,1,Pedestrian
7,27.0,826.0,93.0,865.0,9188,0,0,1,Pedestrian
7,27.0,824.0,93.0,863.0,9189,0,0,1,Pedestrian
7,27.0,824.0,90.0,863.0,9190,0,0,1,Pedestrian
7,24.0,822.0,88.0,860.0,9191,0,0,1,Pedestrian
7,24.0,822.0,88.0,860.0,9192,0,0,1,Pedestrian
7,24.0,819.0,85.0,858.0,9193,0,0,1,Pedestrian
7,24.0,819.0,85.0,858.0,9194,0,0,1,Pedestrian
7,22.0,817.0,82.0,856.0,9195,0,0,1,Pedestrian
7,22.0,817.0,82.0,856.0,9196,0,0,1,Pedestrian
7,22.0,815.0,79.0,853.0,9197,0,0,1,Pedestrian
7,22.0,815.0,79.0,853.0,9198,0,0,1,Pedestrian
7,19.0,812.0,77.0,851.0,9199,0,0,1,Pedestrian
7,19.0,812.0,77.0,851.0,9200,0,0,1,Pedestrian
7,19.0,810.0,74.0,849.0,9201,0,0,1,Pedestrian
7,19.0,810.0,74.0,849.0,9202,0,0,1,Pedestrian
7,16.0,810.0,71.0,849.0,9203,0,0,1,Pedestrian
7,16.0,808.0,68.0,847.0,9204,0,0,1,Pedestrian
7,16.0,808.0,68.0,847.0,9205,0,0,1,Pedestrian
7,13.0,806.0,66.0,844.0,9206,0,0,1,Pedestrian
7,13.0,806.0,66.0,844.0,9207,0,0,1,Pedestrian
7,13.0,803.0,63.0,842.0,9208,0,0,1,Pedestrian
7,13.0,803.0,63.0,842.0,9209,0,0,1,Pedestrian
7,11.0,801.0,60.0,840.0,9210,0,0,1,Pedestrian
7,11.0,801.0,60.0,840.0,9211,0,0,1,Pedestrian
7,11.0,799.0,57.0,837.0,9212,0,0,1,Pedestrian
7,11.0,799.0,57.0,837.0,9213,0,0,1,Pedestrian
7,8.0,796.0,55.0,835.0,9214,0,0,1,Pedestrian
7,8.0,796.0,55.0,835.0,9215,0,0,1,Pedestrian
7,8.0,794.0,52.0,833.0,9216,0,0,1,Pedestrian
7,5.0,794.0,49.0,833.0,9217,0,0,1,Pedestrian
7,5.0,792.0,49.0,831.0,9218,0,0,1,Pedestrian
7,5.0,792.0,46.0,831.0,9219,0,0,1,Pedestrian
7,5.0,790.0,46.0,828.0,9220,0,0,1,Pedestrian
7,2.0,790.0,44.0,828.0,9221,0,0,1,Pedestrian
7,2.0,787.0,44.0,826.0,9222,0,0,1,Pedestrian
7,2.0,787.0,41.0,826.0,9223,0,0,1,Pedestrian
7,2.0,785.0,41.0,824.0,9224,0,0,1,Pedestrian
7,0.0,785.0,38.0,824.0,9225,0,0,1,Pedestrian
7,0.0,783.0,38.0,822.0,9226,0,0,1,Pedestrian
7,0.0,783.0,35.0,822.0,9227,0,0,1,Pedestrian
7,0.0,783.0,35.0,822.0,9228,1,0,0,Pedestrian
7,0.0,783.0,35.0,822.0,9229,1,0,1,Pedestrian
7,0.0,783.0,35.0,822.0,9230,1,0,1,Pedestrian
7,0.0,783.0,35.0,822.0,9231,1,0,1,Pedestrian
7,0.0,783.0,35.0,822.0,9232,1,0,1,Pedestrian
7,0.0,783.0,35.0,822.0,9233,1,0,1,Pedestrian
7,0.0,783.0,35.0,822.0,9234,1,0,1,Pedestrian
7,0.0,783.0,35.0,822.0,9235,1,0,1,Pedestrian
7,0.0,783.0,35.0,822.0,9236,1,0,1,Pedestrian
7,0.0,783.0,35.0,822.0,9237,1,0,1,Pedestrian
7,0.0,783.0,35.0,822.0,9238,1,0,1,Pedestrian
7,0.0,783.0,35.0,822.0,9239,1,0,1,Pedestrian
7,0.0,783.0,35.0,822.0,9240,1,0,1,Pedestrian
7,0.0,783.0,35.0,822.0,9241,1,0,1,Pedestrian
7,0.0,783.0,35.0,822.0,9242,1,0,1,Pedestrian
7,0.0,783.0,35.0,822.0,9243,1,0,1,Pedestrian
7,0.0,783.0,35.0,822.0,9244,1,0,1,Pedestrian
7,0.0,783.0,35.0,822.0,9245,1,0,1,Pedestrian
7,0.0,783.0,35.0,822.0,9246,1,0,1,Pedestrian
7,0.0,783.0,35.0,822.0,9247,1,0,1,Pedestrian
7,0.0,783.0,35.0,822.0,9248,1,0,1,Pedestrian
7,0.0,783.0,35.0,822.0,9249,1,0,1,Pedestrian
7,0.0,783.0,35.0,822.0,9250,1,0,0,Pedestrian
7,0.0,783.0,35.0,822.0,9251,1,0,1,Pedestrian
7,0.0,783.0,35.0,822.0,9252,1,0,1,Pedestrian
7,0.0,783.0,35.0,822.0,9253,1,0,1,Pedestrian
7,0.0,783.0,35.0,822.0,9254,1,0,1,Pedestrian
7,0.0,783.0,35.0,822.0,9255,1,0,1,Pedestrian
7,0.0,783.0,35.0,822.0,9256,1,0,1,Pedestrian
7,0.0,783.0,35.0,822.0,9257,1,0,1,Pedestrian
7,0.0,783.0,35.0,822.0,9258,1,0,1,Pedestrian
7,0.0,783.0,35.0,822.0,9259,1,0,1,Pedestrian
7,0.0,783.0,35.0,822.0,9260,1,0,1,Pedestrian
7,0.0,783.0,35.0,822.0,9261,1,0,1,Pedestrian
7,0.0,783.0,35.0,822.0,9262,1,0,1,Pedestrian
7,0.0,783.0,35.0,822.0,9263,1,0,1,Pedestrian
7,0.0,783.0,35.0,822.0,9264,1,0,1,Pedestrian
7,0.0,783.0,35.0,822.0,9265,1,0,1,Pedestrian
7,0.0,783.0,35.0,822.0,9266,1,0,1,Pedestrian
7,0.0,783.0,35.0,822.0,9267,1,0,1,Pedestrian
7,0.0,783.0,35.0,822.0,9268,1,0,1,Pedestrian
7,0.0,783.0,35.0,822.0,9269,1,0,1,Pedestrian
7,0.0,783.0,35.0,822.0,9270,1,0,1,Pedestrian
7,0.0,783.0,35.0,822.0,9271,1,0,1,Pedestrian
7,0.0,783.0,35.0,822.0,9272,1,0,1,Pedestrian
7,0.0,783.0,35.0,822.0,9273,1,0,1,Pedestrian
7,0.0,783.0,35.0,822.0,9274,1,0,1,Pedestrian
7,0.0,783.0,35.0,822.0,9275,1,0,1,Pedestrian
7,0.0,783.0,35.0,822.0,9276,1,0,1,Pedestrian
7,0.0,783.0,35.0,822.0,9277,1,0,1,Pedestrian
7,0.0,783.0,35.0,822.0,9278,1,0,1,Pedestrian
7,0.0,783.0,35.0,822.0,9279,1,0,1,Pedestrian
7,0.0,783.0,35.0,822.0,9280,1,0,1,Pedestrian
7,0.0,783.0,35.0,822.0,9281,1,0,1,Pedestrian
7,0.0,783.0,35.0,822.0,9282,1,0,1,Pedestrian
7,0.0,783.0,35.0,822.0,9283,1,0,1,Pedestrian
7,0.0,783.0,35.0,822.0,9284,1,0,1,Pedestrian
7,0.0,783.0,35.0,822.0,9285,1,0,1,Pedestrian
7,0.0,783.0,35.0,822.0,9286,1,0,1,Pedestrian
7,0.0,783.0,35.0,822.0,9287,1,0,1,Pedestrian
7,0.0,783.0,35.0,822.0,9288,1,0,1,Pedestrian
7,0.0,783.0,35.0,822.0,9289,1,0,1,Pedestrian
7,0.0,783.0,35.0,822.0,9290,1,0,1,Pedestrian
7,0.0,783.0,35.0,822.0,9291,1,0,1,Pedestrian
7,0.0,783.0,35.0,822.0,9292,1,0,1,Pedestrian
7,0.0,783.0,35.0,822.0,9293,1,0,1,Pedestrian
7,0.0,783.0,35.0,822.0,9294,1,0,1,Pedestrian
7,0.0,783.0,35.0,822.0,9295,1,0,1,Pedestrian
7,0.0,783.0,35.0,822.0,9296,1,0,1,Pedestrian
7,0.0,783.0,35.0,822.0,9297,1,0,1,Pedestrian
7,0.0,783.0,35.0,822.0,9298,1,0,1,Pedestrian
7,0.0,783.0,35.0,822.0,9299,1,0,1,Pedestrian
7,0.0,783.0,35.0,822.0,9300,1,0,1,Pedestrian
7,0.0,783.0,35.0,822.0,9301,1,0,1,Pedestrian
7,0.0,783.0,35.0,822.0,9302,1,0,1,Pedestrian
7,0.0,783.0,35.0,822.0,9303,1,0,1,Pedestrian
7,0.0,783.0,35.0,822.0,9304,1,0,1,Pedestrian
7,0.0,783.0,35.0,822.0,9305,1,0,1,Pedestrian
7,0.0,783.0,35.0,822.0,9306,1,0,1,Pedestrian
7,0.0,783.0,35.0,822.0,9307,1,0,1,Pedestrian
7,0.0,783.0,35.0,822.0,9308,1,0,1,Pedestrian
7,0.0,783.0,35.0,822.0,9309,1,0,1,Pedestrian
7,0.0,783.0,35.0,822.0,9310,1,0,1,Pedestrian
7,0.0,783.0,35.0,822.0,9311,1,0,1,Pedestrian
7,0.0,783.0,35.0,822.0,9312,1,0,1,Pedestrian
7,0.0,783.0,35.0,822.0,9313,1,0,1,Pedestrian
7,0.0,783.0,35.0,822.0,9314,1,0,1,Pedestrian
7,0.0,783.0,35.0,822.0,9315,1,0,1,Pedestrian
7,0.0,783.0,35.0,822.0,9316,1,0,1,Pedestrian
7,0.0,783.0,35.0,822.0,9317,1,0,1,Pedestrian
7,0.0,783.0,35.0,822.0,9318,1,0,1,Pedestrian
7,0.0,783.0,35.0,822.0,9319,1,0,1,Pedestrian
7,0.0,783.0,35.0,822.0,9320,1,0,1,Pedestrian
7,0.0,783.0,35.0,822.0,9321,1,0,1,Pedestrian
7,0.0,783.0,35.0,822.0,9322,1,0,1,Pedestrian
7,0.0,783.0,35.0,822.0,9323,1,0,1,Pedestrian
7,0.0,783.0,35.0,822.0,9324,1,0,1,Pedestrian
7,0.0,783.0,35.0,822.0,9325,1,0,1,Pedestrian
7,0.0,783.0,35.0,822.0,9326,1,0,1,Pedestrian
7,0.0,783.0,35.0,822.0,9327,1,0,1,Pedestrian
7,0.0,783.0,35.0,822.0,9328,1,0,1,Pedestrian
7,0.0,783.0,35.0,822.0,9329,1,0,1,Pedestrian
7,0.0,783.0,35.0,822.0,9330,1,0,1,Pedestrian
7,0.0,783.0,35.0,822.0,9331,1,0,1,Pedestrian
7,0.0,783.0,35.0,822.0,9332,1,0,1,Pedestrian
7,0.0,783.0,35.0,822.0,9333,1,0,1,Pedestrian
7,0.0,783.0,35.0,822.0,9334,1,0,1,Pedestrian
7,0.0,783.0,35.0,822.0,9335,1,0,1,Pedestrian
7,0.0,783.0,35.0,822.0,9336,1,0,1,Pedestrian
7,0.0,783.0,35.0,822.0,9337,1,0,1,Pedestrian
7,0.0,783.0,35.0,822.0,9338,1,0,1,Pedestrian
7,0.0,783.0,35.0,822.0,9339,1,0,1,Pedestrian
7,0.0,783.0,35.0,822.0,9340,1,0,1,Pedestrian
7,0.0,783.0,35.0,822.0,9341,1,0,1,Pedestrian
7,0.0,783.0,35.0,822.0,9342,1,0,1,Pedestrian
7,0.0,783.0,35.0,822.0,9343,1,0,1,Pedestrian
7,0.0,783.0,35.0,822.0,9344,1,0,1,Pedestrian
7,0.0,783.0,35.0,822.0,9345,1,0,1,Pedestrian
7,0.0,783.0,35.0,822.0,9346,1,0,1,Pedestrian
7,0.0,783.0,35.0,822.0,9347,1,0,1,Pedestrian
7,0.0,783.0,35.0,822.0,9348,1,0,1,Pedestrian
7,0.0,783.0,35.0,822.0,9349,1,0,1,Pedestrian
7,0.0,783.0,35.0,822.0,9350,1,0,1,Pedestrian
7,0.0,783.0,35.0,822.0,9351,1,0,1,Pedestrian
7,0.0,783.0,35.0,822.0,9352,1,0,1,Pedestrian
7,0.0,783.0,35.0,822.0,9353,1,0,1,Pedestrian
7,0.0,783.0,35.0,822.0,9354,1,0,1,Pedestrian
7,0.0,783.0,35.0,822.0,9355,1,0,1,Pedestrian
7,0.0,783.0,35.0,822.0,9356,1,0,1,Pedestrian
7,0.0,783.0,35.0,822.0,9357,1,0,1,Pedestrian
7,0.0,783.0,35.0,822.0,9358,1,0,1,Pedestrian
7,0.0,783.0,35.0,822.0,9359,1,0,1,Pedestrian
7,0.0,783.0,35.0,822.0,9360,1,0,1,Pedestrian
7,0.0,783.0,35.0,822.0,9361,1,0,1,Pedestrian
7,0.0,783.0,35.0,822.0,9362,1,0,1,Pedestrian
7,0.0,783.0,35.0,822.0,9363,1,0,1,Pedestrian
7,0.0,783.0,35.0,822.0,9364,1,0,1,Pedestrian
7,0.0,783.0,35.0,822.0,9365,1,0,1,Pedestrian
7,0.0,783.0,35.0,822.0,9366,1,0,1,Pedestrian
7,0.0,783.0,35.0,822.0,9367,1,0,1,Pedestrian
7,0.0,783.0,35.0,822.0,9368,1,0,1,Pedestrian
7,0.0,783.0,35.0,822.0,9369,1,0,1,Pedestrian
7,0.0,783.0,35.0,822.0,9370,1,0,1,Pedestrian
7,0.0,783.0,35.0,822.0,9371,1,0,1,Pedestrian
7,0.0,783.0,35.0,822.0,9372,1,0,1,Pedestrian
7,0.0,783.0,35.0,822.0,9373,1,0,1,Pedestrian
7,0.0,783.0,35.0,822.0,9374,1,0,1,Pedestrian
7,0.0,783.0,35.0,822.0,9375,1,0,1,Pedestrian
7,0.0,783.0,35.0,822.0,9376,1,0,1,Pedestrian
7,0.0,783.0,35.0,822.0,9377,1,0,1,Pedestrian
7,0.0,783.0,35.0,822.0,9378,1,0,1,Pedestrian
7,0.0,783.0,35.0,822.0,9379,1,0,1,Pedestrian
7,0.0,783.0,35.0,822.0,9380,1,0,1,Pedestrian
7,0.0,783.0,35.0,822.0,9381,1,0,1,Pedestrian
7,0.0,783.0,35.0,822.0,9382,1,0,1,Pedestrian
7,0.0,783.0,35.0,822.0,9383,1,0,1,Pedestrian
7,0.0,783.0,35.0,822.0,9384,1,0,1,Pedestrian
7,0.0,783.0,35.0,822.0,9385,1,0,1,Pedestrian
7,0.0,783.0,35.0,822.0,9386,1,0,1,Pedestrian
7,0.0,783.0,35.0,822.0,9387,1,0,1,Pedestrian
7,0.0,783.0,35.0,822.0,9388,1,0,1,Pedestrian
7,0.0,783.0,35.0,822.0,9389,1,0,1,Pedestrian
7,0.0,783.0,35.0,822.0,9390,1,0,1,Pedestrian
7,0.0,783.0,35.0,822.0,9391,1,0,1,Pedestrian
7,0.0,783.0,35.0,822.0,9392,1,0,1,Pedestrian
7,0.0,783.0,35.0,822.0,9393,1,0,1,Pedestrian
7,0.0,783.0,35.0,822.0,9394,1,0,1,Pedestrian
7,0.0,783.0,35.0,822.0,9395,1,0,1,Pedestrian
7,0.0,783.0,35.0,822.0,9396,1,0,1,Pedestrian
7,0.0,783.0,35.0,822.0,9397,1,0,1,Pedestrian
7,0.0,783.0,35.0,822.0,9398,1,0,1,Pedestrian
7,0.0,783.0,35.0,822.0,9399,1,0,1,Pedestrian
7,0.0,783.0,35.0,822.0,9400,1,0,1,Pedestrian
7,0.0,783.0,35.0,822.0,9401,1,0,1,Pedestrian
7,0.0,783.0,35.0,822.0,9402,1,0,1,Pedestrian
7,0.0,783.0,35.0,822.0,9403,1,0,1,Pedestrian
7,0.0,783.0,35.0,822.0,9404,1,0,1,Pedestrian
7,0.0,783.0,35.0,822.0,9405,1,0,1,Pedestrian
7,0.0,783.0,35.0,822.0,9406,1,0,1,Pedestrian
7,0.0,783.0,35.0,822.0,9407,1,0,1,Pedestrian
7,0.0,783.0,35.0,822.0,9408,1,0,1,Pedestrian
7,0.0,783.0,35.0,822.0,9409,1,0,1,Pedestrian
7,0.0,783.0,35.0,822.0,9410,1,0,1,Pedestrian
7,0.0,783.0,35.0,822.0,9411,1,0,1,Pedestrian
7,0.0,783.0,35.0,822.0,9412,1,0,1,Pedestrian
7,0.0,783.0,35.0,822.0,9413,1,0,1,Pedestrian
7,0.0,783.0,35.0,822.0,9414,1,0,1,Pedestrian
7,0.0,783.0,35.0,822.0,9415,1,0,1,Pedestrian
7,0.0,783.0,35.0,822.0,9416,1,0,1,Pedestrian
7,0.0,783.0,35.0,822.0,9417,1,0,1,Pedestrian
7,0.0,783.0,35.0,822.0,9418,1,0,1,Pedestrian
7,0.0,783.0,35.0,822.0,9419,1,0,1,Pedestrian
7,0.0,783.0,35.0,822.0,9420,1,0,1,Pedestrian
7,0.0,783.0,35.0,822.0,9421,1,0,1,Pedestrian
7,0.0,783.0,35.0,822.0,9422,1,0,1,Pedestrian
7,0.0,783.0,35.0,822.0,9423,1,0,1,Pedestrian
7,0.0,783.0,35.0,822.0,9424,1,0,1,Pedestrian
7,0.0,783.0,35.0,822.0,9425,1,0,1,Pedestrian
7,0.0,783.0,35.0,822.0,9426,1,0,1,Pedestrian
7,0.0,783.0,35.0,822.0,9427,1,0,1,Pedestrian
7,0.0,783.0,35.0,822.0,9428,1,0,1,Pedestrian
7,0.0,783.0,35.0,822.0,9429,1,0,1,Pedestrian
7,0.0,783.0,35.0,822.0,9430,1,0,1,Pedestrian
7,0.0,783.0,35.0,822.0,9431,1,0,1,Pedestrian
7,0.0,783.0,35.0,822.0,9432,1,0,1,Pedestrian
7,0.0,783.0,35.0,822.0,9433,1,0,1,Pedestrian
7,0.0,783.0,35.0,822.0,9434,1,0,1,Pedestrian
7,0.0,783.0,35.0,822.0,9435,1,0,1,Pedestrian
7,0.0,783.0,35.0,822.0,9436,1,0,1,Pedestrian
7,0.0,783.0,35.0,822.0,9437,1,0,1,Pedestrian
7,0.0,783.0,35.0,822.0,9438,1,0,1,Pedestrian
7,0.0,783.0,35.0,822.0,9439,1,0,1,Pedestrian
7,0.0,783.0,35.0,822.0,9440,1,0,1,Pedestrian
7,0.0,783.0,35.0,822.0,9441,1,0,1,Pedestrian
7,0.0,783.0,35.0,822.0,9442,1,0,1,Pedestrian
7,0.0,783.0,35.0,822.0,9443,1,0,1,Pedestrian
7,0.0,783.0,35.0,822.0,9444,1,0,1,Pedestrian
7,0.0,783.0,35.0,822.0,9445,1,0,1,Pedestrian
7,0.0,783.0,35.0,822.0,9446,1,0,1,Pedestrian
7,0.0,783.0,35.0,822.0,9447,1,0,1,Pedestrian
7,0.0,783.0,35.0,822.0,9448,1,0,1,Pedestrian
7,0.0,783.0,35.0,822.0,9449,1,0,1,Pedestrian
7,0.0,783.0,35.0,822.0,9450,1,0,1,Pedestrian
7,0.0,783.0,35.0,822.0,9451,1,0,1,Pedestrian
7,0.0,783.0,35.0,822.0,9452,1,0,1,Pedestrian
7,0.0,783.0,35.0,822.0,9453,1,0,1,Pedestrian
7,0.0,783.0,35.0,822.0,9454,1,0,1,Pedestrian
7,0.0,783.0,35.0,822.0,9455,1,0,1,Pedestrian
7,0.0,783.0,35.0,822.0,9456,1,0,1,Pedestrian
7,0.0,783.0,35.0,822.0,9457,1,0,1,Pedestrian
7,0.0,783.0,35.0,822.0,9458,1,0,1,Pedestrian
7,0.0,783.0,35.0,822.0,9459,1,0,1,Pedestrian
7,0.0,783.0,35.0,822.0,9460,1,0,1,Pedestrian
7,0.0,783.0,35.0,822.0,9461,1,0,1,Pedestrian
7,0.0,783.0,35.0,822.0,9462,1,0,1,Pedestrian
7,0.0,783.0,35.0,822.0,9463,1,0,1,Pedestrian
7,0.0,783.0,35.0,822.0,9464,1,0,1,Pedestrian
7,0.0,783.0,35.0,822.0,9465,1,0,1,Pedestrian
7,0.0,783.0,35.0,822.0,9466,1,0,1,Pedestrian
7,0.0,783.0,35.0,822.0,9467,1,0,1,Pedestrian
7,0.0,783.0,35.0,822.0,9468,1,0,1,Pedestrian
7,0.0,783.0,35.0,822.0,9469,1,0,1,Pedestrian
7,0.0,783.0,35.0,822.0,9470,1,0,1,Pedestrian
7,0.0,783.0,35.0,822.0,9471,1,0,1,Pedestrian
7,0.0,783.0,35.0,822.0,9472,1,0,1,Pedestrian
7,0.0,783.0,35.0,822.0,9473,1,0,1,Pedestrian
7,0.0,783.0,35.0,822.0,9474,1,0,1,Pedestrian
7,0.0,783.0,35.0,822.0,9475,1,0,1,Pedestrian
7,0.0,783.0,35.0,822.0,9476,1,0,1,Pedestrian
7,0.0,783.0,35.0,822.0,9477,1,0,1,Pedestrian
7,0.0,783.0,35.0,822.0,9478,1,0,1,Pedestrian
7,0.0,783.0,35.0,822.0,9479,1,0,1,Pedestrian
7,0.0,783.0,35.0,822.0,9480,1,0,1,Pedestrian
7,0.0,783.0,35.0,822.0,9481,1,0,1,Pedestrian
7,0.0,783.0,35.0,822.0,9482,1,0,1,Pedestrian
7,0.0,783.0,35.0,822.0,9483,1,0,1,Pedestrian
7,0.0,783.0,35.0,822.0,9484,1,0,1,Pedestrian
7,0.0,783.0,35.0,822.0,9485,1,0,1,Pedestrian
7,0.0,783.0,35.0,822.0,9486,1,0,1,Pedestrian
7,0.0,783.0,35.0,822.0,9487,1,0,1,Pedestrian
7,0.0,783.0,35.0,822.0,9488,1,0,1,Pedestrian
7,0.0,783.0,35.0,822.0,9489,1,0,1,Pedestrian
7,0.0,783.0,35.0,822.0,9490,1,0,1,Pedestrian
7,0.0,783.0,35.0,822.0,9491,1,0,1,Pedestrian
7,0.0,783.0,35.0,822.0,9492,1,0,1,Pedestrian
7,0.0,783.0,35.0,822.0,9493,1,0,1,Pedestrian
7,0.0,783.0,35.0,822.0,9494,1,0,1,Pedestrian
7,0.0,783.0,35.0,822.0,9495,1,0,1,Pedestrian
7,0.0,783.0,35.0,822.0,9496,1,0,1,Pedestrian
7,0.0,783.0,35.0,822.0,9497,1,0,1,Pedestrian
7,0.0,783.0,35.0,822.0,9498,1,0,1,Pedestrian
7,0.0,783.0,35.0,822.0,9499,1,0,1,Pedestrian
7,0.0,783.0,35.0,822.0,9500,1,0,1,Pedestrian
7,0.0,783.0,35.0,822.0,9501,1,0,1,Pedestrian
7,0.0,783.0,35.0,822.0,9502,1,0,1,Pedestrian
7,0.0,783.0,35.0,822.0,9503,1,0,1,Pedestrian
7,0.0,783.0,35.0,822.0,9504,1,0,1,Pedestrian
7,0.0,783.0,35.0,822.0,9505,1,0,1,Pedestrian
7,0.0,783.0,35.0,822.0,9506,1,0,1,Pedestrian
7,0.0,783.0,35.0,822.0,9507,1,0,1,Pedestrian
7,0.0,783.0,35.0,822.0,9508,1,0,1,Pedestrian
7,0.0,783.0,35.0,822.0,9509,1,0,1,Pedestrian
7,0.0,783.0,35.0,822.0,9510,1,0,1,Pedestrian
7,0.0,783.0,35.0,822.0,9511,1,0,1,Pedestrian
7,0.0,783.0,35.0,822.0,9512,1,0,1,Pedestrian
7,0.0,783.0,35.0,822.0,9513,1,0,1,Pedestrian
7,0.0,783.0,35.0,822.0,9514,1,0,1,Pedestrian
7,0.0,783.0,35.0,822.0,9515,1,0,1,Pedestrian
7,0.0,783.0,35.0,822.0,9516,1,0,1,Pedestrian
7,0.0,783.0,35.0,822.0,9517,1,0,1,Pedestrian
7,0.0,783.0,35.0,822.0,9518,1,0,1,Pedestrian
7,0.0,783.0,35.0,822.0,9519,1,0,1,Pedestrian
7,0.0,783.0,35.0,822.0,9520,1,0,1,Pedestrian
7,0.0,783.0,35.0,822.0,9521,1,0,1,Pedestrian
7,0.0,783.0,35.0,822.0,9522,1,0,1,Pedestrian
7,0.0,783.0,35.0,822.0,9523,1,0,1,Pedestrian
7,0.0,783.0,35.0,822.0,9524,1,0,1,Pedestrian
7,0.0,783.0,35.0,822.0,9525,1,0,1,Pedestrian
7,0.0,783.0,35.0,822.0,9526,1,0,1,Pedestrian
7,0.0,783.0,35.0,822.0,9527,1,0,1,Pedestrian
7,0.0,783.0,35.0,822.0,9528,1,0,1,Pedestrian
7,0.0,783.0,35.0,822.0,9529,1,0,1,Pedestrian
7,0.0,783.0,35.0,822.0,9530,1,0,1,Pedestrian
7,0.0,783.0,35.0,822.0,9531,1,0,0,Pedestrian
8,1916.0,849.0,1958.0,883.0,2500,1,0,0,Pedestrian
8,1916.0,847.0,1958.0,881.0,2501,1,0,1,Pedestrian
8,1916.0,847.0,1958.0,881.0,2502,1,0,1,Pedestrian
8,1916.0,847.0,1958.0,881.0,2503,1,0,1,Pedestrian
8,1916.0,847.0,1958.0,881.0,2504,1,0,1,Pedestrian
8,1916.0,847.0,1958.0,881.0,2505,1,0,1,Pedestrian
8,1916.0,847.0,1958.0,881.0,2506,1,0,1,Pedestrian
8,1916.0,847.0,1958.0,881.0,2507,1,0,1,Pedestrian
8,1916.0,844.0,1958.0,878.0,2508,1,0,1,Pedestrian
8,1916.0,844.0,1958.0,878.0,2509,1,0,1,Pedestrian
8,1916.0,844.0,1958.0,878.0,2510,1,0,1,Pedestrian
8,1916.0,844.0,1958.0,878.0,2511,1,0,1,Pedestrian
8,1916.0,844.0,1958.0,878.0,2512,1,0,1,Pedestrian
8,1919.0,844.0,1958.0,878.0,2513,1,0,1,Pedestrian
8,1919.0,844.0,1958.0,878.0,2514,1,0,1,Pedestrian
8,1919.0,844.0,1958.0,878.0,2515,1,0,1,Pedestrian
8,1919.0,842.0,1958.0,876.0,2516,1,0,1,Pedestrian
8,1919.0,842.0,1958.0,876.0,2517,1,0,1,Pedestrian
8,1919.0,842.0,1958.0,876.0,2518,1,0,1,Pedestrian
8,1919.0,842.0,1958.0,876.0,2519,1,0,1,Pedestrian
8,1919.0,842.0,1960.0,876.0,2520,1,0,1,Pedestrian
8,1919.0,842.0,1960.0,876.0,2521,1,0,1,Pedestrian
8,1919.0,842.0,1960.0,876.0,2522,1,0,1,Pedestrian
8,1919.0,842.0,1960.0,876.0,2523,1,0,1,Pedestrian
8,1919.0,840.0,1960.0,874.0,2524,1,0,1,Pedestrian
8,1919.0,840.0,1960.0,874.0,2525,1,0,1,Pedestrian
8,1922.0,840.0,1960.0,874.0,2526,1,0,1,Pedestrian
8,1922.0,840.0,1960.0,874.0,2527,1,0,1,Pedestrian
8,1922.0,840.0,1960.0,874.0,2528,1,0,1,Pedestrian
8,1922.0,840.0,1960.0,874.0,2529,1,0,1,Pedestrian
8,1922.0,840.0,1960.0,874.0,2530,1,0,1,Pedestrian
8,1922.0,840.0,1960.0,874.0,2531,1,0,1,Pedestrian
8,1922.0,837.0,1960.0,872.0,2532,1,0,1,Pedestrian
8,1922.0,837.0,1960.0,872.0,2533,1,0,1,Pedestrian
8,1922.0,837.0,1960.0,872.0,2534,1,0,1,Pedestrian
8,1922.0,837.0,1960.0,872.0,2535,1,0,1,Pedestrian
8,1922.0,837.0,1960.0,872.0,2536,1,0,1,Pedestrian
8,1922.0,837.0,1960.0,872.0,2537,1,0,1,Pedestrian
8,1922.0,837.0,1960.0,872.0,2538,1,0,1,Pedestrian
8,1925.0,837.0,1963.0,872.0,2539,0,0,0,Pedestrian
8,1922.0,835.0,1960.0,869.0,2540,0,0,1,Pedestrian
8,1922.0,835.0,1960.0,869.0,2541,0,0,1,Pedestrian
8,1919.0,835.0,1958.0,869.0,2542,0,0,1,Pedestrian
8,1919.0,835.0,1958.0,869.0,2543,0,0,1,Pedestrian
8,1916.0,835.0,1955.0,869.0,2544,0,0,1,Pedestrian
8,1916.0,835.0,1955.0,869.0,2545,0,0,1,Pedestrian
8,1914.0,835.0,1952.0,869.0,2546,0,0,1,Pedestrian
8,1914.0,835.0,1952.0,869.0,2547,0,0,1,Pedestrian
8,1911.0,835.0,1949.0,869.0,2548,0,0,1,Pedestrian
8,1911.0,835.0,1949.0,869.0,2549,0,0,1,Pedestrian
8,1908.0,835.0,1947.0,869.0,2550,0,0,1,Pedestrian
8,1908.0,835.0,1947.0,869.0,2551,0,0,1,Pedestrian
8,1905.0,835.0,1944.0,869.0,2552,0,0,1,Pedestrian
8,1905.0,835.0,1944.0,869.0,2553,0,0,1,Pedestrian
8,1903.0,835.0,1941.0,869.0,2554,0,0,1,Pedestrian
8,1903.0,835.0,1941.0,869.0,2555,0,0,1,Pedestrian
8,1900.0,835.0,1938.0,869.0,2556,0,0,1,Pedestrian
8,1900.0,835.0,1938.0,869.0,2557,0,0,1,Pedestrian
8,1897.0,835.0,1936.0,869.0,2558,0,0,1,Pedestrian
8,1897.0,835.0,1936.0,869.0,2559,0,0,1,Pedestrian
8,1894.0,835.0,1933.0,869.0,2560,0,0,1,Pedestrian
8,1894.0,835.0,1933.0,869.0,2561,0,0,1,Pedestrian
8,1892.0,835.0,1930.0,869.0,2562,0,0,1,Pedestrian
8,1892.0,835.0,1930.0,869.0,2563,0,0,1,Pedestrian
8,1889.0,835.0,1927.0,869.0,2564,0,0,1,Pedestrian
8,1889.0,835.0,1927.0,869.0,2565,0,0,1,Pedestrian
8,1886.0,835.0,1925.0,869.0,2566,0,0,1,Pedestrian
8,1886.0,835.0,1925.0,869.0,2567,0,0,1,Pedestrian
8,1883.0,835.0,1922.0,869.0,2568,0,0,1,Pedestrian
8,1883.0,835.0,1922.0,869.0,2569,0,0,1,Pedestrian
8,1881.0,835.0,1919.0,869.0,2570,0,0,1,Pedestrian
8,1881.0,835.0,1919.0,869.0,2571,0,0,1,Pedestrian
8,1878.0,835.0,1916.0,869.0,2572,0,0,1,Pedestrian
8,1878.0,835.0,1916.0,869.0,2573,0,0,1,Pedestrian
8,1875.0,835.0,1914.0,869.0,2574,0,0,1,Pedestrian
8,1875.0,835.0,1914.0,869.0,2575,0,0,1,Pedestrian
8,1875.0,835.0,1914.0,869.0,2576,0,0,1,Pedestrian
8,1872.0,835.0,1911.0,869.0,2577,0,0,1,Pedestrian
8,1872.0,835.0,1911.0,869.0,2578,0,0,1,Pedestrian
8,1870.0,835.0,1908.0,869.0,2579,0,0,1,Pedestrian
8,1870.0,835.0,1908.0,869.0,2580,0,0,1,Pedestrian
8,1867.0,835.0,1905.0,869.0,2581,0,0,1,Pedestrian
8,1867.0,835.0,1905.0,869.0,2582,0,0,1,Pedestrian
8,1864.0,835.0,1903.0,869.0,2583,0,0,1,Pedestrian
8,1864.0,835.0,1903.0,869.0,2584,0,0,1,Pedestrian
8,1861.0,835.0,1900.0,869.0,2585,0,0,1,Pedestrian
8,1861.0,835.0,1900.0,869.0,2586,0,0,1,Pedestrian
8,1859.0,835.0,1897.0,869.0,2587,0,0,1,Pedestrian
8,1859.0,835.0,1897.0,869.0,2588,0,0,1,Pedestrian
8,1856.0,835.0,1894.0,869.0,2589,0,0,1,Pedestrian
8,1856.0,835.0,1894.0,869.0,2590,0,0,1,Pedestrian
8,1853.0,835.0,1892.0,869.0,2591,0,0,1,Pedestrian
8,1853.0,835.0,1892.0,869.0,2592,0,0,1,Pedestrian
8,1850.0,835.0,1889.0,869.0,2593,0,0,1,Pedestrian
8,1850.0,835.0,1889.0,869.0,2594,0,0,1,Pedestrian
8,1848.0,835.0,1886.0,869.0,2595,0,0,1,Pedestrian
8,1848.0,835.0,1886.0,869.0,2596,0,0,1,Pedestrian
8,1845.0,835.0,1883.0,869.0,2597,0,0,1,Pedestrian
8,1845.0,835.0,1883.0,869.0,2598,0,0,1,Pedestrian
8,1842.0,835.0,1881.0,869.0,2599,0,0,1,Pedestrian
8,1842.0,835.0,1881.0,869.0,2600,0,0,1,Pedestrian
8,1839.0,835.0,1878.0,869.0,2601,0,0,1,Pedestrian
8,1839.0,835.0,1878.0,869.0,2602,0,0,1,Pedestrian
8,1837.0,835.0,1875.0,869.0,2603,0,0,1,Pedestrian
8,1837.0,835.0,1875.0,869.0,2604,0,0,1,Pedestrian
8,1834.0,835.0,1872.0,869.0,2605,0,0,1,Pedestrian
8,1834.0,835.0,1872.0,869.0,2606,0,0,1,Pedestrian
8,1831.0,835.0,1870.0,869.0,2607,0,0,1,Pedestrian
8,1831.0,835.0,1870.0,869.0,2608,0,0,1,Pedestrian
8,1828.0,835.0,1867.0,869.0,2609,0,0,1,Pedestrian
8,1828.0,835.0,1867.0,869.0,2610,0,0,1,Pedestrian
8,1828.0,835.0,1867.0,869.0,2611,0,0,1,Pedestrian
8,1826.0,835.0,1864.0,869.0,2612,0,0,1,Pedestrian
8,1826.0,835.0,1864.0,869.0,2613,0,0,1,Pedestrian
8,1823.0,835.0,1861.0,869.0,2614,0,0,1,Pedestrian
8,1823.0,835.0,1861.0,869.0,2615,0,0,1,Pedestrian
8,1820.0,835.0,1859.0,869.0,2616,0,0,1,Pedestrian
8,1820.0,835.0,1859.0,869.0,2617,0,0,1,Pedestrian
8,1817.0,835.0,1856.0,869.0,2618,0,0,1,Pedestrian
8,1817.0,835.0,1856.0,869.0,2619,0,0,1,Pedestrian
8,1815.0,835.0,1853.0,869.0,2620,0,0,1,Pedestrian
8,1815.0,835.0,1853.0,869.0,2621,0,0,1,Pedestrian
8,1812.0,835.0,1850.0,869.0,2622,0,0,1,Pedestrian
8,1812.0,835.0,1850.0,869.0,2623,0,0,1,Pedestrian
8,1809.0,835.0,1848.0,869.0,2624,0,0,1,Pedestrian
8,1809.0,835.0,1848.0,869.0,2625,0,0,1,Pedestrian
8,1806.0,835.0,1845.0,869.0,2626,0,0,1,Pedestrian
8,1806.0,835.0,1845.0,869.0,2627,0,0,1,Pedestrian
8,1804.0,835.0,1842.0,869.0,2628,0,0,1,Pedestrian
8,1804.0,835.0,1842.0,869.0,2629,0,0,1,Pedestrian
8,1801.0,835.0,1839.0,869.0,2630,0,0,1,Pedestrian
8,1801.0,835.0,1839.0,869.0,2631,0,0,1,Pedestrian
8,1798.0,835.0,1837.0,869.0,2632,0,0,1,Pedestrian
8,1798.0,835.0,1837.0,869.0,2633,0,0,1,Pedestrian
8,1795.0,835.0,1834.0,869.0,2634,0,0,1,Pedestrian
8,1795.0,835.0,1834.0,869.0,2635,0,0,1,Pedestrian
8,1793.0,835.0,1831.0,869.0,2636,0,0,1,Pedestrian
8,1793.0,835.0,1831.0,869.0,2637,0,0,1,Pedestrian
8,1790.0,835.0,1828.0,869.0,2638,0,0,1,Pedestrian
8,1790.0,835.0,1828.0,869.0,2639,0,0,1,Pedestrian
8,1787.0,835.0,1826.0,869.0,2640,0,0,1,Pedestrian
8,1787.0,835.0,1826.0,869.0,2641,0,0,1,Pedestrian
8,1784.0,835.0,1823.0,869.0,2642,0,0,1,Pedestrian
8,1784.0,835.0,1823.0,869.0,2643,0,0,1,Pedestrian
8,1782.0,835.0,1820.0,869.0,2644,0,0,1,Pedestrian
8,1782.0,835.0,1820.0,869.0,2645,0,0,1,Pedestrian
8,1782.0,835.0,1820.0,869.0,2646,0,0,1,Pedestrian
8,1779.0,835.0,1817.0,869.0,2647,0,0,1,Pedestrian
8,1779.0,835.0,1817.0,869.0,2648,0,0,1,Pedestrian
8,1776.0,835.0,1815.0,869.0,2649,0,0,1,Pedestrian
8,1776.0,835.0,1815.0,869.0,2650,0,0,1,Pedestrian
8,1773.0,835.0,1812.0,869.0,2651,0,0,1,Pedestrian
8,1773.0,835.0,1812.0,869.0,2652,0,0,1,Pedestrian
8,1771.0,835.0,1809.0,869.0,2653,0,0,1,Pedestrian
8,1771.0,835.0,1809.0,869.0,2654,0,0,1,Pedestrian
8,1768.0,833.0,1806.0,867.0,2655,0,0,1,Pedestrian
8,1768.0,833.0,1806.0,867.0,2656,0,0,1,Pedestrian
8,1765.0,833.0,1804.0,867.0,2657,0,0,1,Pedestrian
8,1765.0,833.0,1804.0,867.0,2658,0,0,1,Pedestrian
8,1762.0,833.0,1801.0,867.0,2659,0,0,1,Pedestrian
8,1762.0,833.0,1801.0,867.0,2660,0,0,1,Pedestrian
8,1760.0,833.0,1798.0,867.0,2661,0,0,1,Pedestrian
8,1760.0,833.0,1798.0,867.0,2662,0,0,1,Pedestrian
8,1757.0,833.0,1795.0,867.0,2663,0,0,1,Pedestrian
8,1757.0,833.0,1795.0,867.0,2664,0,0,1,Pedestrian
8,1754.0,833.0,1793.0,867.0,2665,0,0,1,Pedestrian
8,1754.0,833.0,1793.0,867.0,2666,0,0,1,Pedestrian
8,1751.0,833.0,1790.0,867.0,2667,0,0,1,Pedestrian
8,1751.0,833.0,1790.0,867.0,2668,0,0,1,Pedestrian
8,1749.0,833.0,1787.0,867.0,2669,0,0,1,Pedestrian
8,1749.0,833.0,1787.0,867.0,2670,0,0,1,Pedestrian
8,1746.0,833.0,1784.0,867.0,2671,0,0,1,Pedestrian
8,1746.0,833.0,1784.0,867.0,2672,0,0,1,Pedestrian
8,1743.0,833.0,1782.0,867.0,2673,0,0,1,Pedestrian
8,1743.0,833.0,1782.0,867.0,2674,0,0,1,Pedestrian
8,1740.0,833.0,1779.0,867.0,2675,0,0,1,Pedestrian
8,1740.0,833.0,1779.0,867.0,2676,0,0,1,Pedestrian
8,1738.0,833.0,1776.0,867.0,2677,0,0,1,Pedestrian
8,1738.0,833.0,1776.0,867.0,2678,0,0,1,Pedestrian
8,1735.0,833.0,1773.0,867.0,2679,0,0,1,Pedestrian
8,1735.0,833.0,1773.0,867.0,2680,0,0,1,Pedestrian
8,1735.0,833.0,1773.0,867.0,2681,0,0,1,Pedestrian
8,1732.0,833.0,1771.0,867.0,2682,0,0,1,Pedestrian
8,1732.0,833.0,1771.0,867.0,2683,0,0,1,Pedestrian
8,1729.0,833.0,1768.0,867.0,2684,0,0,1,Pedestrian
8,1729.0,833.0,1768.0,867.0,2685,0,0,1,Pedestrian
8,1727.0,833.0,1765.0,867.0,2686,0,0,1,Pedestrian
8,1727.0,833.0,1765.0,867.0,2687,0,0,1,Pedestrian
8,1724.0,833.0,1762.0,867.0,2688,0,0,1,Pedestrian
8,1724.0,833.0,1762.0,867.0,2689,0,0,1,Pedestrian
8,1721.0,833.0,1760.0,867.0,2690,0,0,1,Pedestrian
8,1721.0,833.0,1760.0,867.0,2691,0,0,1,Pedestrian
8,1718.0,833.0,1757.0,867.0,2692,0,0,1,Pedestrian
8,1718.0,833.0,1757.0,867.0,2693,0,0,1,Pedestrian
8,1716.0,833.0,1754.0,867.0,2694,0,0,1,Pedestrian
8,1716.0,833.0,1754.0,867.0,2695,0,0,1,Pedestrian
8,1713.0,833.0,1751.0,867.0,2696,0,0,1,Pedestrian
8,1713.0,833.0,1751.0,867.0,2697,0,0,1,Pedestrian
8,1710.0,833.0,1749.0,867.0,2698,0,0,1,Pedestrian
8,1710.0,833.0,1749.0,867.0,2699,0,0,1,Pedestrian
8,1707.0,833.0,1746.0,867.0,2700,0,0,1,Pedestrian
8,1707.0,833.0,1746.0,867.0,2701,0,0,1,Pedestrian
8,1705.0,833.0,1743.0,867.0,2702,0,0,1,Pedestrian
8,1705.0,833.0,1743.0,867.0,2703,0,0,1,Pedestrian
8,1702.0,833.0,1740.0,867.0,2704,0,0,1,Pedestrian
8,1702.0,833.0,1740.0,867.0,2705,0,0,1,Pedestrian
8,1699.0,833.0,1738.0,867.0,2706,0,0,1,Pedestrian
8,1699.0,833.0,1738.0,867.0,2707,0,0,1,Pedestrian
8,1696.0,833.0,1735.0,867.0,2708,0,0,1,Pedestrian
8,1696.0,833.0,1735.0,867.0,2709,0,0,1,Pedestrian
8,1694.0,833.0,1732.0,867.0,2710,0,0,1,Pedestrian
8,1694.0,833.0,1732.0,867.0,2711,0,0,1,Pedestrian
8,1691.0,833.0,1729.0,867.0,2712,0,0,1,Pedestrian
8,1691.0,833.0,1729.0,867.0,2713,0,0,1,Pedestrian
8,1688.0,833.0,1727.0,867.0,2714,0,0,1,Pedestrian
8,1688.0,833.0,1727.0,867.0,2715,0,0,1,Pedestrian
8,1685.0,833.0,1724.0,867.0,2716,0,0,1,Pedestrian
8,1685.0,833.0,1724.0,867.0,2717,0,0,1,Pedestrian
8,1685.0,833.0,1724.0,867.0,2718,0,0,1,Pedestrian
8,1683.0,833.0,1721.0,867.0,2719,0,0,1,Pedestrian
8,1683.0,833.0,1721.0,867.0,2720,0,0,1,Pedestrian
8,1680.0,833.0,1718.0,867.0,2721,0,0,1,Pedestrian
8,1680.0,833.0,1718.0,867.0,2722,0,0,1,Pedestrian
8,1677.0,833.0,1716.0,867.0,2723,0,0,1,Pedestrian
8,1677.0,833.0,1716.0,867.0,2724,0,0,1,Pedestrian
8,1674.0,833.0,1713.0,867.0,2725,0,0,1,Pedestrian
8,1674.0,833.0,1713.0,867.0,2726,0,0,1,Pedestrian
8,1672.0,833.0,1710.0,867.0,2727,0,0,1,Pedestrian
8,1672.0,833.0,1710.0,867.0,2728,0,0,1,Pedestrian
8,1669.0,833.0,1707.0,867.0,2729,0,0,1,Pedestrian
8,1669.0,833.0,1707.0,867.0,2730,0,0,1,Pedestrian
8,1666.0,833.0,1705.0,867.0,2731,0,0,1,Pedestrian
8,1666.0,833.0,1705.0,867.0,2732,0,0,1,Pedestrian
8,1663.0,833.0,1702.0,867.0,2733,0,0,1,Pedestrian
8,1663.0,833.0,1702.0,867.0,2734,0,0,1,Pedestrian
8,1661.0,833.0,1699.0,867.0,2735,0,0,1,Pedestrian
8,1661.0,833.0,1699.0,867.0,2736,0,0,1,Pedestrian
8,1658.0,833.0,1696.0,867.0,2737,0,0,1,Pedestrian
8,1658.0,833.0,1696.0,867.0,2738,0,0,1,Pedestrian
8,1655.0,833.0,1694.0,867.0,2739,0,0,1,Pedestrian
8,1655.0,833.0,1694.0,867.0,2740,0,0,1,Pedestrian
8,1652.0,833.0,1691.0,867.0,2741,0,0,1,Pedestrian
8,1652.0,833.0,1691.0,867.0,2742,0,0,1,Pedestrian
8,1650.0,833.0,1688.0,867.0,2743,0,0,1,Pedestrian
8,1650.0,833.0,1688.0,867.0,2744,0,0,1,Pedestrian
8,1647.0,833.0,1685.0,867.0,2745,0,0,1,Pedestrian
8,1647.0,833.0,1685.0,867.0,2746,0,0,1,Pedestrian
8,1644.0,833.0,1683.0,867.0,2747,0,0,1,Pedestrian
8,1644.0,833.0,1683.0,867.0,2748,0,0,1,Pedestrian
8,1641.0,833.0,1680.0,867.0,2749,0,0,1,Pedestrian
8,1641.0,833.0,1680.0,867.0,2750,0,0,1,Pedestrian
8,1639.0,833.0,1677.0,867.0,2751,0,0,1,Pedestrian
8,1639.0,833.0,1677.0,867.0,2752,0,0,1,Pedestrian
8,1639.0,833.0,1677.0,867.0,2753,0,0,1,Pedestrian
8,1636.0,833.0,1674.0,867.0,2754,0,0,1,Pedestrian
8,1636.0,833.0,1674.0,867.0,2755,0,0,1,Pedestrian
8,1633.0,833.0,1672.0,867.0,2756,0,0,1,Pedestrian
8,1633.0,833.0,1672.0,867.0,2757,0,0,1,Pedestrian
8,1630.0,833.0,1669.0,867.0,2758,0,0,1,Pedestrian
8,1630.0,833.0,1669.0,867.0,2759,0,0,1,Pedestrian
8,1628.0,833.0,1666.0,867.0,2760,0,0,1,Pedestrian
8,1628.0,833.0,1666.0,867.0,2761,0,0,1,Pedestrian
8,1625.0,833.0,1663.0,867.0,2762,0,0,1,Pedestrian
8,1625.0,833.0,1663.0,867.0,2763,0,0,1,Pedestrian
8,1622.0,833.0,1661.0,867.0,2764,0,0,1,Pedestrian
8,1622.0,833.0,1661.0,867.0,2765,0,0,1,Pedestrian
8,1619.0,833.0,1658.0,867.0,2766,0,0,1,Pedestrian
8,1619.0,833.0,1658.0,867.0,2767,0,0,1,Pedestrian
8,1617.0,833.0,1655.0,867.0,2768,0,0,1,Pedestrian
8,1617.0,833.0,1655.0,867.0,2769,0,0,1,Pedestrian
8,1614.0,831.0,1652.0,865.0,2770,0,0,1,Pedestrian
8,1614.0,831.0,1652.0,865.0,2771,0,0,1,Pedestrian
8,1611.0,831.0,1650.0,865.0,2772,0,0,1,Pedestrian
8,1611.0,831.0,1650.0,865.0,2773,0,0,1,Pedestrian
8,1608.0,831.0,1647.0,865.0,2774,0,0,1,Pedestrian
8,1608.0,831.0,1647.0,865.0,2775,0,0,1,Pedestrian
8,1606.0,831.0,1644.0,865.0,2776,0,0,1,Pedestrian
8,1606.0,831.0,1644.0,865.0,2777,0,0,1,Pedestrian
8,1603.0,831.0,1641.0,865.0,2778,0,0,1,Pedestrian
8,1603.0,831.0,1641.0,865.0,2779,0,0,1,Pedestrian
8,1600.0,831.0,1639.0,865.0,2780,0,0,1,Pedestrian
8,1600.0,831.0,1639.0,865.0,2781,0,0,1,Pedestrian
8,1597.0,831.0,1636.0,865.0,2782,0,0,1,Pedestrian
8,1597.0,831.0,1636.0,865.0,2783,0,0,1,Pedestrian
8,1595.0,831.0,1633.0,865.0,2784,0,0,1,Pedestrian
8,1595.0,831.0,1633.0,865.0,2785,0,0,1,Pedestrian
8,1592.0,831.0,1630.0,865.0,2786,0,0,1,Pedestrian
8,1592.0,831.0,1630.0,865.0,2787,0,0,1,Pedestrian
8,1592.0,831.0,1630.0,865.0,2788,0,0,1,Pedestrian
8,1589.0,831.0,1628.0,865.0,2789,0,0,1,Pedestrian
8,1589.0,831.0,1628.0,865.0,2790,0,0,1,Pedestrian
8,1586.0,831.0,1625.0,865.0,2791,0,0,1,Pedestrian
8,1586.0,831.0,1625.0,865.0,2792,0,0,1,Pedestrian
8,1584.0,831.0,1622.0,865.0,2793,0,0,1,Pedestrian
8,1584.0,831.0,1622.0,865.0,2794,0,0,1,Pedestrian
8,1581.0,831.0,1619.0,865.0,2795,0,0,1,Pedestrian
8,1581.0,831.0,1619.0,865.0,2796,0,0,1,Pedestrian
8,1578.0,831.0,1617.0,865.0,2797,0,0,1,Pedestrian
8,1578.0,831.0,1617.0,865.0,2798,0,0,1,Pedestrian
8,1575.0,831.0,1614.0,865.0,2799,0,0,1,Pedestrian
8,1575.0,831.0,1614.0,865.0,2800,0,0,1,Pedestrian
8,1573.0,831.0,1611.0,865.0,2801,0,0,1,Pedestrian
8,1573.0,831.0,1611.0,865.0,2802,0,0,1,Pedestrian
8,1570.0,831.0,1608.0,865.0,2803,0,0,1,Pedestrian
8,1570.0,831.0,1608.0,865.0,2804,0,0,1,Pedestrian
8,1567.0,831.0,1606.0,865.0,2805,0,0,1,Pedestrian
8,1567.0,831.0,1606.0,865.0,2806,0,0,1,Pedestrian
8,1564.0,831.0,1603.0,865.0,2807,0,0,1,Pedestrian
8,1564.0,831.0,1603.0,865.0,2808,0,0,1,Pedestrian
8,1562.0,831.0,1600.0,865.0,2809,0,0,1,Pedestrian
8,1562.0,831.0,1600.0,865.0,2810,0,0,1,Pedestrian
8,1559.0,831.0,1597.0,865.0,2811,0,0,1,Pedestrian
8,1559.0,831.0,1597.0,865.0,2812,0,0,1,Pedestrian
8,1556.0,831.0,1595.0,865.0,2813,0,0,1,Pedestrian
8,1556.0,831.0,1595.0,865.0,2814,0,0,1,Pedestrian
8,1553.0,831.0,1592.0,865.0,2815,0,0,1,Pedestrian
8,1553.0,831.0,1592.0,865.0,2816,0,0,1,Pedestrian
8,1551.0,831.0,1589.0,865.0,2817,0,0,1,Pedestrian
8,1551.0,831.0,1589.0,865.0,2818,0,0,1,Pedestrian
8,1548.0,831.0,1586.0,865.0,2819,0,0,1,Pedestrian
8,1548.0,831.0,1586.0,865.0,2820,0,0,1,Pedestrian
8,1545.0,831.0,1584.0,865.0,2821,0,0,1,Pedestrian
8,1545.0,831.0,1584.0,865.0,2822,0,0,1,Pedestrian
8,1545.0,831.0,1584.0,865.0,2823,0,0,1,Pedestrian
8,1542.0,831.0,1581.0,865.0,2824,0,0,1,Pedestrian
8,1542.0,831.0,1581.0,865.0,2825,0,0,1,Pedestrian
8,1540.0,831.0,1578.0,865.0,2826,0,0,1,Pedestrian
8,1540.0,831.0,1578.0,865.0,2827,0,0,1,Pedestrian
8,1537.0,831.0,1575.0,865.0,2828,0,0,1,Pedestrian
8,1537.0,831.0,1575.0,865.0,2829,0,0,1,Pedestrian
8,1534.0,831.0,1573.0,865.0,2830,0,0,1,Pedestrian
8,1534.0,831.0,1573.0,865.0,2831,0,0,1,Pedestrian
8,1531.0,831.0,1570.0,865.0,2832,0,0,1,Pedestrian
8,1531.0,831.0,1570.0,865.0,2833,0,0,1,Pedestrian
8,1529.0,831.0,1567.0,865.0,2834,0,0,1,Pedestrian
8,1529.0,831.0,1567.0,865.0,2835,0,0,1,Pedestrian
8,1526.0,831.0,1564.0,865.0,2836,0,0,1,Pedestrian
8,1526.0,831.0,1564.0,865.0,2837,0,0,1,Pedestrian
8,1523.0,831.0,1562.0,865.0,2838,0,0,1,Pedestrian
8,1523.0,831.0,1562.0,865.0,2839,0,0,1,Pedestrian
8,1520.0,831.0,1559.0,865.0,2840,0,0,1,Pedestrian
8,1520.0,831.0,1559.0,865.0,2841,0,0,1,Pedestrian
8,1518.0,831.0,1556.0,865.0,2842,0,0,1,Pedestrian
8,1518.0,831.0,1556.0,865.0,2843,0,0,1,Pedestrian
8,1515.0,831.0,1553.0,865.0,2844,0,0,1,Pedestrian
8,1515.0,831.0,1553.0,865.0,2845,0,0,1,Pedestrian
8,1512.0,831.0,1551.0,865.0,2846,0,0,1,Pedestrian
8,1512.0,831.0,1551.0,865.0,2847,0,0,1,Pedestrian
8,1509.0,831.0,1548.0,865.0,2848,0,0,1,Pedestrian
8,1509.0,831.0,1548.0,865.0,2849,0,0,1,Pedestrian
8,1507.0,831.0,1545.0,865.0,2850,0,0,1,Pedestrian
8,1507.0,831.0,1545.0,865.0,2851,0,0,1,Pedestrian
8,1504.0,831.0,1542.0,865.0,2852,0,0,1,Pedestrian
8,1504.0,831.0,1542.0,865.0,2853,0,0,1,Pedestrian
8,1501.0,831.0,1540.0,865.0,2854,0,0,1,Pedestrian
8,1501.0,831.0,1540.0,865.0,2855,0,0,1,Pedestrian
8,1498.0,831.0,1537.0,865.0,2856,0,0,1,Pedestrian
8,1498.0,831.0,1537.0,865.0,2857,0,0,1,Pedestrian
8,1496.0,831.0,1534.0,865.0,2858,0,0,1,Pedestrian
8,1496.0,831.0,1534.0,865.0,2859,0,0,1,Pedestrian
8,1496.0,831.0,1534.0,865.0,2860,0,0,1,Pedestrian
8,1493.0,831.0,1531.0,865.0,2861,0,0,1,Pedestrian
8,1493.0,831.0,1531.0,865.0,2862,0,0,1,Pedestrian
8,1490.0,831.0,1529.0,865.0,2863,0,0,1,Pedestrian
8,1490.0,831.0,1529.0,865.0,2864,0,0,1,Pedestrian
8,1487.0,831.0,1526.0,865.0,2865,0,0,1,Pedestrian
8,1487.0,831.0,1526.0,865.0,2866,0,0,1,Pedestrian
8,1485.0,831.0,1523.0,865.0,2867,0,0,1,Pedestrian
8,1485.0,831.0,1523.0,865.0,2868,0,0,1,Pedestrian
8,1482.0,831.0,1520.0,865.0,2869,0,0,1,Pedestrian
8,1482.0,831.0,1520.0,865.0,2870,0,0,1,Pedestrian
8,1479.0,831.0,1518.0,865.0,2871,0,0,1,Pedestrian
8,1479.0,831.0,1518.0,865.0,2872,0,0,1,Pedestrian
8,1476.0,831.0,1515.0,865.0,2873,0,0,1,Pedestrian
8,1476.0,831.0,1515.0,865.0,2874,0,0,1,Pedestrian
8,1474.0,831.0,1512.0,865.0,2875,0,0,1,Pedestrian
8,1474.0,831.0,1512.0,865.0,2876,0,0,1,Pedestrian
8,1471.0,831.0,1509.0,865.0,2877,0,0,1,Pedestrian
8,1471.0,831.0,1509.0,865.0,2878,0,0,1,Pedestrian
8,1468.0,831.0,1507.0,865.0,2879,0,0,1,Pedestrian
8,1468.0,831.0,1507.0,865.0,2880,0,0,1,Pedestrian
8,1465.0,831.0,1504.0,865.0,2881,0,0,1,Pedestrian
8,1465.0,831.0,1504.0,865.0,2882,0,0,1,Pedestrian
8,1463.0,831.0,1501.0,865.0,2883,0,0,1,Pedestrian
8,1463.0,831.0,1501.0,865.0,2884,0,0,1,Pedestrian
8,1460.0,828.0,1498.0,863.0,2885,0,0,1,Pedestrian
8,1460.0,828.0,1498.0,863.0,2886,0,0,1,Pedestrian
8,1457.0,828.0,1496.0,863.0,2887,0,0,1,Pedestrian
8,1457.0,828.0,1496.0,863.0,2888,0,0,1,Pedestrian
8,1454.0,828.0,1493.0,863.0,2889,0,0,1,Pedestrian
8,1454.0,828.0,1493.0,863.0,2890,0,0,1,Pedestrian
8,1452.0,828.0,1490.0,863.0,2891,0,0,1,Pedestrian
8,1452.0,828.0,1490.0,863.0,2892,0,0,1,Pedestrian
8,1449.0,828.0,1487.0,863.0,2893,0,0,1,Pedestrian
8,1449.0,828.0,1487.0,863.0,2894,0,0,1,Pedestrian
8,1449.0,828.0,1487.0,863.0,2895,0,0,1,Pedestrian
8,1446.0,828.0,1485.0,863.0,2896,0,0,1,Pedestrian
8,1446.0,828.0,1485.0,863.0,2897,0,0,1,Pedestrian
8,1443.0,828.0,1482.0,863.0,2898,0,0,1,Pedestrian
8,1443.0,828.0,1482.0,863.0,2899,0,0,1,Pedestrian
8,1441.0,828.0,1479.0,863.0,2900,0,0,1,Pedestrian
8,1441.0,828.0,1479.0,863.0,2901,0,0,1,Pedestrian
8,1438.0,828.0,1476.0,863.0,2902,0,0,1,Pedestrian
8,1438.0,828.0,1476.0,863.0,2903,0,0,1,Pedestrian
8,1435.0,828.0,1474.0,863.0,2904,0,0,1,Pedestrian
8,1435.0,828.0,1474.0,863.0,2905,0,0,1,Pedestrian
8,1432.0,828.0,1471.0,863.0,2906,0,0,1,Pedestrian
8,1432.0,828.0,1471.0,863.0,2907,0,0,1,Pedestrian
8,1430.0,828.0,1468.0,863.0,2908,0,0,1,Pedestrian
8,1430.0,828.0,1468.0,863.0,2909,0,0,1,Pedestrian
8,1427.0,828.0,1465.0,863.0,2910,0,0,1,Pedestrian
8,1427.0,828.0,1465.0,863.0,2911,0,0,1,Pedestrian
8,1424.0,828.0,1463.0,863.0,2912,0,0,1,Pedestrian
8,1424.0,828.0,1463.0,863.0,2913,0,0,1,Pedestrian
8,1421.0,828.0,1460.0,863.0,2914,0,0,1,Pedestrian
8,1421.0,828.0,1460.0,863.0,2915,0,0,1,Pedestrian
8,1419.0,828.0,1457.0,863.0,2916,0,0,1,Pedestrian
8,1419.0,828.0,1457.0,863.0,2917,0,0,1,Pedestrian
8,1416.0,828.0,1454.0,863.0,2918,0,0,1,Pedestrian
8,1416.0,828.0,1454.0,863.0,2919,0,0,1,Pedestrian
8,1413.0,828.0,1452.0,863.0,2920,0,0,1,Pedestrian
8,1413.0,828.0,1452.0,863.0,2921,0,0,1,Pedestrian
8,1410.0,828.0,1449.0,863.0,2922,0,0,1,Pedestrian
8,1410.0,828.0,1449.0,863.0,2923,0,0,1,Pedestrian
8,1408.0,828.0,1446.0,863.0,2924,0,0,1,Pedestrian
8,1408.0,828.0,1446.0,863.0,2925,0,0,1,Pedestrian
8,1405.0,828.0,1443.0,863.0,2926,0,0,1,Pedestrian
8,1405.0,828.0,1443.0,863.0,2927,0,0,1,Pedestrian
8,1402.0,828.0,1441.0,863.0,2928,0,0,1,Pedestrian
8,1402.0,828.0,1441.0,863.0,2929,0,0,1,Pedestrian
8,1402.0,828.0,1441.0,863.0,2930,0,0,1,Pedestrian
8,1399.0,828.0,1438.0,863.0,2931,0,0,1,Pedestrian
8,1399.0,828.0,1438.0,863.0,2932,0,0,1,Pedestrian
8,1397.0,828.0,1435.0,863.0,2933,0,0,1,Pedestrian
8,1397.0,828.0,1435.0,863.0,2934,0,0,1,Pedestrian
8,1394.0,828.0,1432.0,863.0,2935,0,0,1,Pedestrian
8,1394.0,828.0,1432.0,863.0,2936,0,0,1,Pedestrian
8,1391.0,828.0,1430.0,863.0,2937,0,0,1,Pedestrian
8,1391.0,828.0,1430.0,863.0,2938,0,0,1,Pedestrian
8,1388.0,828.0,1427.0,863.0,2939,0,0,1,Pedestrian
8,1388.0,828.0,1427.0,863.0,2940,0,0,1,Pedestrian
8,1386.0,828.0,1424.0,863.0,2941,0,0,1,Pedestrian
8,1386.0,828.0,1424.0,863.0,2942,0,0,1,Pedestrian
8,1383.0,828.0,1421.0,863.0,2943,0,0,1,Pedestrian
8,1383.0,828.0,1421.0,863.0,2944,0,0,1,Pedestrian
8,1380.0,828.0,1419.0,863.0,2945,0,0,1,Pedestrian
8,1380.0,828.0,1419.0,863.0,2946,0,0,1,Pedestrian
8,1377.0,828.0,1416.0,863.0,2947,0,0,1,Pedestrian
8,1377.0,828.0,1416.0,863.0,2948,0,0,1,Pedestrian
8,1375.0,828.0,1413.0,863.0,2949,0,0,1,Pedestrian
8,1375.0,828.0,1413.0,863.0,2950,0,0,1,Pedestrian
8,1372.0,828.0,1410.0,863.0,2951,0,0,1,Pedestrian
8,1372.0,828.0,1410.0,863.0,2952,0,0,1,Pedestrian
8,1369.0,828.0,1408.0,863.0,2953,0,0,1,Pedestrian
8,1369.0,828.0,1408.0,863.0,2954,0,0,1,Pedestrian
8,1366.0,828.0,1405.0,863.0,2955,0,0,1,Pedestrian
8,1366.0,828.0,1405.0,863.0,2956,0,0,1,Pedestrian
8,1364.0,828.0,1402.0,863.0,2957,0,0,1,Pedestrian
8,1364.0,828.0,1402.0,863.0,2958,0,0,1,Pedestrian
8,1361.0,828.0,1399.0,863.0,2959,0,0,1,Pedestrian
8,1361.0,828.0,1399.0,863.0,2960,0,0,1,Pedestrian
8,1358.0,828.0,1397.0,863.0,2961,0,0,1,Pedestrian
8,1358.0,828.0,1397.0,863.0,2962,0,0,1,Pedestrian
8,1355.0,828.0,1394.0,863.0,2963,0,0,1,Pedestrian
8,1355.0,828.0,1394.0,863.0,2964,0,0,1,Pedestrian
8,1355.0,828.0,1394.0,863.0,2965,0,0,1,Pedestrian
8,1353.0,828.0,1391.0,863.0,2966,0,0,1,Pedestrian
8,1353.0,828.0,1391.0,863.0,2967,0,0,1,Pedestrian
8,1350.0,828.0,1388.0,863.0,2968,0,0,1,Pedestrian
8,1350.0,828.0,1388.0,863.0,2969,0,0,1,Pedestrian
8,1347.0,828.0,1386.0,863.0,2970,0,0,1,Pedestrian
8,1347.0,828.0,1386.0,863.0,2971,0,0,1,Pedestrian
8,1344.0,828.0,1383.0,863.0,2972,0,0,1,Pedestrian
8,1344.0,828.0,1383.0,863.0,2973,0,0,1,Pedestrian
8,1342.0,828.0,1380.0,863.0,2974,0,0,1,Pedestrian
8,1342.0,828.0,1380.0,863.0,2975,0,0,1,Pedestrian
8,1339.0,828.0,1377.0,863.0,2976,0,0,1,Pedestrian
8,1339.0,828.0,1377.0,863.0,2977,0,0,1,Pedestrian
8,1336.0,828.0,1375.0,863.0,2978,0,0,1,Pedestrian
8,1336.0,828.0,1375.0,863.0,2979,0,0,1,Pedestrian
8,1333.0,828.0,1372.0,863.0,2980,0,0,1,Pedestrian
8,1333.0,828.0,1372.0,863.0,2981,0,0,1,Pedestrian
8,1331.0,828.0,1369.0,863.0,2982,0,0,1,Pedestrian
8,1331.0,828.0,1369.0,863.0,2983,0,0,1,Pedestrian
8,1328.0,828.0,1366.0,863.0,2984,0,0,1,Pedestrian
8,1328.0,828.0,1366.0,863.0,2985,0,0,1,Pedestrian
8,1325.0,828.0,1364.0,863.0,2986,0,0,1,Pedestrian
8,1325.0,828.0,1364.0,863.0,2987,0,0,1,Pedestrian
8,1322.0,828.0,1361.0,863.0,2988,0,0,1,Pedestrian
8,1322.0,828.0,1361.0,863.0,2989,0,0,1,Pedestrian
8,1320.0,828.0,1358.0,863.0,2990,0,0,1,Pedestrian
8,1320.0,828.0,1358.0,863.0,2991,0,0,1,Pedestrian
8,1317.0,828.0,1355.0,863.0,2992,0,0,1,Pedestrian
8,1317.0,828.0,1355.0,863.0,2993,0,0,1,Pedestrian
8,1314.0,828.0,1353.0,863.0,2994,0,0,1,Pedestrian
8,1314.0,828.0,1353.0,863.0,2995,0,0,1,Pedestrian
8,1311.0,828.0,1350.0,863.0,2996,0,0,1,Pedestrian
8,1311.0,828.0,1350.0,863.0,2997,0,0,1,Pedestrian
8,1309.0,828.0,1347.0,863.0,2998,0,0,1,Pedestrian
8,1309.0,828.0,1347.0,863.0,2999,0,0,1,Pedestrian
8,1309.0,828.0,1347.0,863.0,3000,0,0,0,Pedestrian
8,1306.0,826.0,1344.0,860.0,3001,0,0,1,Pedestrian
8,1303.0,826.0,1344.0,860.0,3002,0,0,1,Pedestrian
8,1303.0,826.0,1344.0,860.0,3003,0,0,1,Pedestrian
8,1300.0,826.0,1342.0,860.0,3004,0,0,1,Pedestrian
8,1298.0,826.0,1342.0,860.0,3005,0,0,1,Pedestrian
8,1298.0,826.0,1342.0,860.0,3006,0,0,1,Pedestrian
8,1295.0,826.0,1339.0,860.0,3007,0,0,1,Pedestrian
8,1292.0,826.0,1339.0,860.0,3008,0,0,1,Pedestrian
8,1292.0,826.0,1339.0,860.0,3009,0,0,1,Pedestrian
8,1289.0,826.0,1339.0,860.0,3010,0,0,1,Pedestrian
8,1287.0,826.0,1336.0,860.0,3011,0,0,1,Pedestrian
8,1287.0,826.0,1336.0,860.0,3012,0,0,1,Pedestrian
8,1284.0,826.0,1336.0,860.0,3013,0,0,1,Pedestrian
8,1281.0,826.0,1333.0,860.0,3014,0,0,1,Pedestrian
8,1281.0,826.0,1333.0,860.0,3015,0,0,1,Pedestrian
8,1278.0,826.0,1333.0,858.0,3016,0,0,1,Pedestrian
8,1276.0,826.0,1331.0,858.0,3017,0,0,1,Pedestrian
8,1276.0,826.0,1331.0,858.0,3018,0,0,1,Pedestrian
8,1273.0,826.0,1331.0,858.0,3019,0,0,1,Pedestrian
8,1270.0,826.0,1331.0,858.0,3020,0,0,1,Pedestrian
8,1270.0,826.0,1328.0,858.0,3021,0,0,1,Pedestrian
8,1267.0,826.0,1328.0,858.0,3022,0,0,1,Pedestrian
8,1265.0,826.0,1328.0,858.0,3023,0,0,1,Pedestrian
8,1265.0,826.0,1325.0,858.0,3024,0,0,1,Pedestrian
8,1262.0,826.0,1325.0,858.0,3025,0,0,1,Pedestrian
8,1259.0,826.0,1325.0,858.0,3026,0,0,1,Pedestrian
8,1259.0,826.0,1322.0,858.0,3027,0,0,1,Pedestrian
8,1256.0,826.0,1322.0,858.0,3028,0,0,1,Pedestrian
8,1254.0,826.0,1322.0,858.0,3029,0,0,1,Pedestrian
8,1254.0,826.0,1322.0,858.0,3030,0,0,0,Pedestrian
8,1251.0,826.0,1320.0,858.0,3031,0,0,1,Pedestrian
8,1248.0,826.0,1317.0,858.0,3032,0,0,1,Pedestrian
8,1248.0,826.0,1317.0,858.0,3033,0,0,1,Pedestrian
8,1245.0,826.0,1314.0,858.0,3034,0,0,1,Pedestrian
8,1245.0,826.0,1314.0,858.0,3035,0,0,1,Pedestrian
8,1243.0,826.0,1311.0,858.0,3036,0,0,1,Pedestrian
8,1243.0,826.0,1311.0,858.0,3037,0,0,1,Pedestrian
8,1240.0,826.0,1309.0,858.0,3038,0,0,1,Pedestrian
8,1240.0,826.0,1309.0,858.0,3039,0,0,1,Pedestrian
8,1237.0,826.0,1306.0,858.0,3040,0,0,1,Pedestrian
8,1237.0,826.0,1306.0,858.0,3041,0,0,1,Pedestrian
8,1234.0,826.0,1303.0,858.0,3042,0,0,1,Pedestrian
8,1232.0,826.0,1300.0,858.0,3043,0,0,1,Pedestrian
8,1232.0,826.0,1300.0,858.0,3044,0,0,1,Pedestrian
8,1229.0,826.0,1298.0,858.0,3045,0,0,1,Pedestrian
8,1229.0,826.0,1298.0,858.0,3046,0,0,1,Pedestrian
8,1226.0,828.0,1295.0,860.0,3047,0,0,1,Pedestrian
8,1226.0,828.0,1295.0,860.0,3048,0,0,1,Pedestrian
8,1223.0,828.0,1292.0,860.0,3049,0,0,1,Pedestrian
8,1223.0,828.0,1292.0,860.0,3050,0,0,1,Pedestrian
8,1221.0,828.0,1289.0,860.0,3051,0,0,1,Pedestrian
8,1221.0,828.0,1289.0,860.0,3052,0,0,1,Pedestrian
8,1218.0,828.0,1287.0,860.0,3053,0,0,1,Pedestrian
8,1218.0,828.0,1287.0,860.0,3054,0,0,1,Pedestrian
8,1215.0,828.0,1284.0,860.0,3055,0,0,1,Pedestrian
8,1212.0,828.0,1281.0,860.0,3056,0,0,1,Pedestrian
8,1212.0,828.0,1281.0,860.0,3057,0,0,1,Pedestrian
8,1210.0,828.0,1278.0,860.0,3058,0,0,1,Pedestrian
8,1210.0,828.0,1278.0,860.0,3059,0,0,1,Pedestrian
8,1207.0,828.0,1276.0,860.0,3060,0,0,1,Pedestrian
8,1207.0,828.0,1276.0,860.0,3061,0,0,1,Pedestrian
8,1204.0,828.0,1273.0,860.0,3062,0,0,1,Pedestrian
8,1204.0,828.0,1273.0,860.0,3063,0,0,1,Pedestrian
8,1201.0,831.0,1270.0,863.0,3064,0,0,1,Pedestrian
8,1201.0,831.0,1270.0,863.0,3065,0,0,1,Pedestrian
8,1199.0,831.0,1267.0,863.0,3066,0,0,1,Pedestrian
8,1199.0,831.0,1267.0,863.0,3067,0,0,1,Pedestrian
8,1196.0,831.0,1265.0,863.0,3068,0,0,1,Pedestrian
8,1193.0,831.0,1262.0,863.0,3069,0,0,1,Pedestrian
8,1193.0,831.0,1262.0,863.0,3070,0,0,1,Pedestrian
8,1190.0,831.0,1259.0,863.0,3071,0,0,1,Pedestrian
8,1190.0,831.0,1259.0,863.0,3072,0,0,1,Pedestrian
8,1188.0,831.0,1256.0,863.0,3073,0,0,1,Pedestrian
8,1188.0,831.0,1256.0,863.0,3074,0,0,1,Pedestrian
8,1185.0,831.0,1254.0,863.0,3075,0,0,1,Pedestrian
8,1185.0,831.0,1254.0,863.0,3076,0,0,1,Pedestrian
8,1182.0,831.0,1251.0,863.0,3077,0,0,1,Pedestrian
8,1182.0,831.0,1251.0,863.0,3078,0,0,1,Pedestrian
8,1179.0,831.0,1248.0,863.0,3079,0,0,1,Pedestrian
8,1179.0,833.0,1248.0,865.0,3080,0,0,0,Pedestrian
8,1177.0,831.0,1245.0,863.0,3081,0,0,1,Pedestrian
8,1177.0,831.0,1245.0,863.0,3082,0,0,1,Pedestrian
8,1174.0,831.0,1243.0,863.0,3083,0,0,1,Pedestrian
8,1174.0,831.0,1243.0,863.0,3084,0,0,1,Pedestrian
8,1171.0,831.0,1240.0,863.0,3085,0,0,1,Pedestrian
8,1171.0,831.0,1240.0,863.0,3086,0,0,1,Pedestrian
8,1168.0,831.0,1237.0,863.0,3087,0,0,1,Pedestrian
8,1168.0,831.0,1237.0,863.0,3088,0,0,1,Pedestrian
8,1166.0,831.0,1234.0,863.0,3089,0,0,1,Pedestrian
8,1166.0,831.0,1234.0,863.0,3090,0,0,1,Pedestrian
8,1163.0,831.0,1232.0,863.0,3091,0,0,1,Pedestrian
8,1163.0,831.0,1232.0,863.0,3092,0,0,1,Pedestrian
8,1160.0,831.0,1229.0,863.0,3093,0,0,1,Pedestrian
8,1160.0,828.0,1229.0,860.0,3094,0,0,1,Pedestrian
8,1157.0,828.0,1226.0,860.0,3095,0,0,1,Pedestrian
8,1157.0,828.0,1226.0,860.0,3096,0,0,1,Pedestrian
8,1155.0,828.0,1223.0,860.0,3097,0,0,1,Pedestrian
8,1155.0,828.0,1223.0,860.0,3098,0,0,1,Pedestrian
8,1152.0,828.0,1221.0,860.0,3099,0,0,1,Pedestrian
8,1152.0,828.0,1221.0,860.0,3100,0,0,1,Pedestrian
8,1152.0,828.0,1221.0,860.0,3101,0,0,1,Pedestrian
8,1149.0,828.0,1218.0,860.0,3102,0,0,1,Pedestrian
8,1149.0,828.0,1218.0,860.0,3103,0,0,1,Pedestrian
8,1146.0,828.0,1215.0,860.0,3104,0,0,1,Pedestrian
8,1146.0,828.0,1215.0,860.0,3105,0,0,1,Pedestrian
8,1144.0,828.0,1212.0,860.0,3106,0,0,1,Pedestrian
8,1144.0,826.0,1212.0,858.0,3107,0,0,1,Pedestrian
8,1141.0,826.0,1210.0,858.0,3108,0,0,1,Pedestrian
8,1141.0,826.0,1210.0,858.0,3109,0,0,1,Pedestrian
8,1138.0,826.0,1207.0,858.0,3110,0,0,1,Pedestrian
8,1138.0,826.0,1207.0,858.0,3111,0,0,1,Pedestrian
8,1135.0,826.0,1204.0,858.0,3112,0,0,1,Pedestrian
8,1135.0,826.0,1204.0,858.0,3113,0,0,1,Pedestrian
8,1133.0,826.0,1201.0,858.0,3114,0,0,1,Pedestrian
8,1133.0,826.0,1201.0,858.0,3115,0,0,1,Pedestrian
8,1130.0,826.0,1199.0,858.0,3116,0,0,1,Pedestrian
8,1130.0,826.0,1199.0,858.0,3117,0,0,1,Pedestrian
8,1127.0,826.0,1196.0,858.0,3118,0,0,1,Pedestrian
8,1127.0,826.0,1196.0,858.0,3119,0,0,1,Pedestrian
8,1127.0,826.0,1196.0,858.0,3120,0,0,0,Pedestrian
8,1124.0,826.0,1193.0,858.0,3121,0,0,1,Pedestrian
8,1122.0,826.0,1190.0,858.0,3122,0,0,1,Pedestrian
8,1122.0,826.0,1190.0,858.0,3123,0,0,1,Pedestrian
8,1119.0,826.0,1188.0,858.0,3124,0,0,1,Pedestrian
8,1119.0,826.0,1188.0,858.0,3125,0,0,1,Pedestrian
8,1116.0,826.0,1185.0,858.0,3126,0,0,1,Pedestrian
8,1116.0,826.0,1185.0,858.0,3127,0,0,1,Pedestrian
8,1113.0,826.0,1182.0,858.0,3128,0,0,1,Pedestrian
8,1113.0,826.0,1182.0,858.0,3129,0,0,1,Pedestrian
8,1111.0,826.0,1179.0,858.0,3130,0,0,1,Pedestrian
8,1111.0,826.0,1179.0,858.0,3131,0,0,1,Pedestrian
8,1108.0,826.0,1177.0,858.0,3132,0,0,1,Pedestrian
8,1108.0,826.0,1177.0,858.0,3133,0,0,1,Pedestrian
8,1105.0,826.0,1174.0,858.0,3134,0,0,1,Pedestrian
8,1105.0,826.0,1174.0,858.0,3135,0,0,1,Pedestrian
8,1102.0,826.0,1171.0,858.0,3136,0,0,1,Pedestrian
8,1102.0,826.0,1171.0,858.0,3137,0,0,1,Pedestrian
8,1100.0,826.0,1168.0,858.0,3138,0,0,1,Pedestrian
8,1100.0,826.0,1168.0,858.0,3139,0,0,1,Pedestrian
8,1097.0,826.0,1166.0,858.0,3140,0,0,1,Pedestrian
8,1094.0,826.0,1163.0,858.0,3141,0,0,1,Pedestrian
8,1094.0,826.0,1163.0,858.0,3142,0,0,1,Pedestrian
8,1091.0,826.0,1160.0,858.0,3143,0,0,1,Pedestrian
8,1091.0,826.0,1160.0,858.0,3144,0,0,1,Pedestrian
8,1089.0,826.0,1157.0,858.0,3145,0,0,1,Pedestrian
8,1089.0,826.0,1157.0,858.0,3146,0,0,1,Pedestrian
8,1086.0,826.0,1155.0,858.0,3147,0,0,1,Pedestrian
8,1086.0,826.0,1155.0,858.0,3148,0,0,1,Pedestrian
8,1083.0,826.0,1152.0,858.0,3149,0,0,1,Pedestrian
8,1083.0,826.0,1152.0,858.0,3150,0,0,1,Pedestrian
8,1080.0,826.0,1149.0,858.0,3151,0,0,1,Pedestrian
8,1080.0,826.0,1149.0,858.0,3152,0,0,1,Pedestrian
8,1078.0,826.0,1146.0,858.0,3153,0,0,1,Pedestrian
8,1078.0,826.0,1146.0,858.0,3154,0,0,1,Pedestrian
8,1075.0,826.0,1144.0,858.0,3155,0,0,1,Pedestrian
8,1075.0,826.0,1144.0,858.0,3156,0,0,1,Pedestrian
8,1072.0,826.0,1141.0,858.0,3157,0,0,1,Pedestrian
8,1072.0,826.0,1141.0,858.0,3158,0,0,1,Pedestrian
8,1069.0,826.0,1138.0,858.0,3159,0,0,1,Pedestrian
8,1069.0,828.0,1138.0,860.0,3160,0,0,0,Pedestrian
8,1067.0,828.0,1135.0,860.0,3161,0,0,1,Pedestrian
8,1067.0,828.0,1135.0,860.0,3162,0,0,1,Pedestrian
8,1064.0,828.0,1133.0,860.0,3163,0,0,1,Pedestrian
8,1064.0,828.0,1133.0,860.0,3164,0,0,1,Pedestrian
8,1064.0,828.0,1133.0,860.0,3165,0,0,1,Pedestrian
8,1061.0,828.0,1130.0,860.0,3166,0,0,1,Pedestrian
8,1061.0,828.0,1130.0,860.0,3167,0,0,1,Pedestrian
8,1058.0,828.0,1127.0,860.0,3168,0,0,1,Pedestrian
8,1058.0,828.0,1127.0,860.0,3169,0,0,1,Pedestrian
8,1058.0,828.0,1127.0,860.0,3170,0,0,1,Pedestrian
8,1056.0,828.0,1124.0,860.0,3171,0,0,1,Pedestrian
8,1056.0,828.0,1124.0,860.0,3172,0,0,1,Pedestrian
8,1053.0,828.0,1122.0,860.0,3173,0,0,1,Pedestrian
8,1053.0,828.0,1122.0,860.0,3174,0,0,1,Pedestrian
8,1053.0,828.0,1122.0,860.0,3175,0,0,1,Pedestrian
8,1050.0,828.0,1119.0,860.0,3176,0,0,1,Pedestrian
8,1050.0,828.0,1119.0,860.0,3177,0,0,1,Pedestrian
8,1047.0,828.0,1116.0,860.0,3178,0,0,1,Pedestrian
8,1047.0,828.0,1116.0,860.0,3179,0,0,1,Pedestrian
8,1047.0,828.0,1116.0,860.0,3180,0,0,1,Pedestrian
8,1045.0,828.0,1113.0,860.0,3181,0,0,1,Pedestrian
8,1045.0,828.0,1113.0,860.0,3182,0,0,1,Pedestrian
8,1042.0,828.0,1111.0,860.0,3183,0,0,1,Pedestrian
8,1042.0,828.0,1111.0,860.0,3184,0,0,1,Pedestrian
8,1042.0,831.0,1111.0,863.0,3185,0,0,1,Pedestrian
8,1039.0,831.0,1108.0,863.0,3186,0,0,1,Pedestrian
8,1039.0,831.0,1108.0,863.0,3187,0,0,1,Pedestrian
8,1036.0,831.0,1105.0,863.0,3188,0,0,1,Pedestrian
8,1036.0,831.0,1105.0,863.0,3189,0,0,1,Pedestrian
8,1036.0,831.0,1105.0,863.0,3190,0,0,1,Pedestrian
8,1034.0,831.0,1102.0,863.0,3191,0,0,1,Pedestrian
8,1034.0,831.0,1102.0,863.0,3192,0,0,1,Pedestrian
8,1031.0,831.0,1100.0,863.0,3193,0,0,1,Pedestrian
8,1031.0,831.0,1100.0,863.0,3194,0,0,1,Pedestrian
8,1031.0,831.0,1100.0,863.0,3195,0,0,1,Pedestrian
8,1028.0,831.0,1097.0,863.0,3196,0,0,1,Pedestrian
8,1028.0,831.0,1097.0,863.0,3197,0,0,1,Pedestrian
8,1025.0,831.0,1094.0,863.0,3198,0,0,1,Pedestrian
8,1025.0,831.0,1094.0,863.0,3199,0,0,1,Pedestrian
8,1025.0,831.0,1094.0,863.0,3200,0,0,1,Pedestrian
8,1023.0,831.0,1091.0,863.0,3201,0,0,1,Pedestrian
8,1023.0,831.0,1091.0,863.0,3202,0,0,1,Pedestrian
8,1020.0,831.0,1089.0,863.0,3203,0,0,1,Pedestrian
8,1020.0,831.0,1089.0,863.0,3204,0,0,1,Pedestrian
8,1020.0,831.0,1089.0,863.0,3205,0,0,1,Pedestrian
8,1017.0,831.0,1086.0,863.0,3206,0,0,1,Pedestrian
8,1017.0,831.0,1086.0,863.0,3207,0,0,1,Pedestrian
8,1014.0,831.0,1083.0,863.0,3208,0,0,1,Pedestrian
8,1014.0,831.0,1083.0,863.0,3209,0,0,1,Pedestrian
8,1014.0,833.0,1083.0,865.0,3210,0,0,0,Pedestrian
8,1012.0,833.0,1080.0,865.0,3211,0,0,1,Pedestrian
8,1009.0,833.0,1078.0,865.0,3212,0,0,1,Pedestrian
8,1009.0,833.0,1078.0,865.0,3213,0,0,1,Pedestrian
8,1006.0,833.0,1075.0,865.0,3214,0,0,1,Pedestrian
8,1006.0,833.0,1075.0,865.0,3215,0,0,1,Pedestrian
8,1003.0,833.0,1072.0,865.0,3216,0,0,1,Pedestrian
8,1003.0,833.0,1072.0,865.0,3217,0,0,1,Pedestrian
8,1001.0,833.0,1069.0,865.0,3218,0,0,1,Pedestrian
8,998.0,833.0,1067.0,865.0,3219,0,0,1,Pedestrian
8,998.0,833.0,1067.0,865.0,3220,0,0,1,Pedestrian
8,995.0,833.0,1064.0,865.0,3221,0,0,1,Pedestrian
8,995.0,833.0,1064.0,865.0,3222,0,0,1,Pedestrian
8,992.0,833.0,1061.0,865.0,3223,0,0,1,Pedestrian
8,992.0,833.0,1061.0,865.0,3224,0,0,1,Pedestrian
8,990.0,833.0,1058.0,865.0,3225,0,0,1,Pedestrian
8,987.0,833.0,1056.0,865.0,3226,0,0,1,Pedestrian
8,987.0,833.0,1056.0,865.0,3227,0,0,1,Pedestrian
8,984.0,835.0,1053.0,867.0,3228,0,0,1,Pedestrian
8,984.0,835.0,1053.0,867.0,3229,0,0,1,Pedestrian
8,981.0,835.0,1050.0,867.0,3230,0,0,1,Pedestrian
8,981.0,835.0,1050.0,867.0,3231,0,0,1,Pedestrian
8,979.0,835.0,1047.0,867.0,3232,0,0,1,Pedestrian
8,976.0,835.0,1045.0,867.0,3233,0,0,1,Pedestrian
8,976.0,835.0,1045.0,867.0,3234,0,0,1,Pedestrian
8,973.0,835.0,1042.0,867.0,3235,0,0,1,Pedestrian
8,973.0,835.0,1042.0,867.0,3236,0,0,1,Pedestrian
8,970.0,835.0,1039.0,867.0,3237,0,0,1,Pedestrian
8,970.0,835.0,1039.0,867.0,3238,0,0,1,Pedestrian
8,968.0,835.0,1036.0,867.0,3239,0,0,1,Pedestrian
8,965.0,835.0,1034.0,867.0,3240,0,0,1,Pedestrian
8,965.0,835.0,1034.0,867.0,3241,0,0,1,Pedestrian
8,962.0,835.0,1031.0,867.0,3242,0,0,1,Pedestrian
8,962.0,835.0,1031.0,867.0,3243,0,0,1,Pedestrian
8,959.0,835.0,1028.0,867.0,3244,0,0,1,Pedestrian
8,959.0,837.0,1028.0,869.0,3245,0,0,1,Pedestrian
8,957.0,837.0,1025.0,869.0,3246,0,0,1,Pedestrian
8,954.0,837.0,1023.0,869.0,3247,0,0,1,Pedestrian
8,954.0,837.0,1023.0,869.0,3248,0,0,1,Pedestrian
8,951.0,837.0,1020.0,869.0,3249,0,0,1,Pedestrian
8,951.0,837.0,1020.0,869.0,3250,0,0,1,Pedestrian
8,948.0,837.0,1017.0,869.0,3251,0,0,1,Pedestrian
8,948.0,837.0,1017.0,869.0,3252,0,0,1,Pedestrian
8,946.0,837.0,1014.0,869.0,3253,0,0,1,Pedestrian
8,943.0,837.0,1012.0,869.0,3254,0,0,1,Pedestrian
8,943.0,837.0,1012.0,869.0,3255,0,0,1,Pedestrian
8,940.0,837.0,1009.0,869.0,3256,0,0,1,Pedestrian
8,940.0,837.0,1009.0,869.0,3257,0,0,1,Pedestrian
8,937.0,837.0,1006.0,869.0,3258,0,0,1,Pedestrian
8,937.0,837.0,1006.0,869.0,3259,0,0,1,Pedestrian
8,935.0,837.0,1003.0,869.0,3260,0,0,1,Pedestrian
8,932.0,837.0,1001.0,869.0,3261,0,0,1,Pedestrian
8,932.0,837.0,1001.0,869.0,3262,0,0,1,Pedestrian
8,929.0,840.0,998.0,872.0,3263,0,0,1,Pedestrian
8,929.0,840.0,998.0,872.0,3264,0,0,1,Pedestrian
8,926.0,840.0,995.0,872.0,3265,0,0,1,Pedestrian
8,926.0,840.0,995.0,872.0,3266,0,0,1,Pedestrian
8,924.0,840.0,992.0,872.0,3267,0,0,1,Pedestrian
8,921.0,840.0,990.0,872.0,3268,0,0,1,Pedestrian
8,921.0,840.0,990.0,872.0,3269,0,0,1,Pedestrian
8,918.0,840.0,987.0,872.0,3270,0,0,1,Pedestrian
8,918.0,840.0,987.0,872.0,3271,0,0,1,Pedestrian
8,915.0,840.0,984.0,872.0,3272,0,0,1,Pedestrian
8,915.0,840.0,984.0,872.0,3273,0,0,1,Pedestrian
8,913.0,840.0,981.0,872.0,3274,0,0,1,Pedestrian
8,910.0,840.0,979.0,872.0,3275,0,0,1,Pedestrian
8,910.0,840.0,979.0,872.0,3276,0,0,1,Pedestrian
8,907.0,840.0,976.0,872.0,3277,0,0,1,Pedestrian
8,907.0,840.0,976.0,872.0,3278,0,0,1,Pedestrian
8,904.0,840.0,973.0,872.0,3279,0,0,1,Pedestrian
8,904.0,842.0,973.0,874.0,3280,0,0,0,Pedestrian
8,902.0,842.0,970.0,874.0,3281,0,0,1,Pedestrian
8,902.0,842.0,970.0,874.0,3282,0,0,1,Pedestrian
8,899.0,842.0,968.0,874.0,3283,0,0,1,Pedestrian
8,899.0,842.0,968.0,874.0,3284,0,0,1,Pedestrian
8,896.0,842.0,965.0,874.0,3285,0,0,1,Pedestrian
8,896.0,842.0,965.0,874.0,3286,0,0,1,Pedestrian
8,893.0,842.0,962.0,874.0,3287,0,0,1,Pedestrian
8,893.0,842.0,962.0,874.0,3288,0,0,1,Pedestrian
8,891.0,842.0,959.0,874.0,3289,0,0,1,Pedestrian
8,891.0,842.0,959.0,874.0,3290,0,0,1,Pedestrian
8,888.0,842.0,957.0,874.0,3291,0,0,1,Pedestrian
8,888.0,842.0,957.0,874.0,3292,0,0,1,Pedestrian
8,885.0,842.0,954.0,874.0,3293,0,0,1,Pedestrian
8,885.0,842.0,954.0,874.0,3294,0,0,1,Pedestrian
8,885.0,842.0,954.0,874.0,3295,0,0,1,Pedestrian
8,882.0,844.0,951.0,876.0,3296,0,0,1,Pedestrian
8,882.0,844.0,951.0,876.0,3297,0,0,1,Pedestrian
8,880.0,844.0,948.0,876.0,3298,0,0,1,Pedestrian
8,880.0,844.0,948.0,876.0,3299,0,0,1,Pedestrian
8,877.0,844.0,946.0,876.0,3300,0,0,1,Pedestrian
8,877.0,844.0,946.0,876.0,3301,0,0,1,Pedestrian
8,874.0,844.0,943.0,876.0,3302,0,0,1,Pedestrian
8,874.0,844.0,943.0,876.0,3303,0,0,1,Pedestrian
8,871.0,844.0,940.0,876.0,3304,0,0,1,Pedestrian
8,871.0,844.0,940.0,876.0,3305,0,0,1,Pedestrian
8,869.0,844.0,937.0,876.0,3306,0,0,1,Pedestrian
8,869.0,844.0,937.0,876.0,3307,0,0,1,Pedestrian
8,869.0,844.0,937.0,876.0,3308,0,0,1,Pedestrian
8,866.0,844.0,935.0,876.0,3309,0,0,1,Pedestrian
8,866.0,844.0,935.0,876.0,3310,0,0,1,Pedestrian
8,863.0,844.0,932.0,876.0,3311,0,0,1,Pedestrian
8,863.0,847.0,932.0,878.0,3312,0,0,1,Pedestrian
8,860.0,847.0,929.0,878.0,3313,0,0,1,Pedestrian
8,860.0,847.0,929.0,878.0,3314,0,0,1,Pedestrian
8,858.0,847.0,926.0,878.0,3315,0,0,1,Pedestrian
8,858.0,847.0,926.0,878.0,3316,0,0,1,Pedestrian
8,855.0,847.0,924.0,878.0,3317,0,0,1,Pedestrian
8,855.0,847.0,924.0,878.0,3318,0,0,1,Pedestrian
8,852.0,847.0,921.0,878.0,3319,0,0,1,Pedestrian
8,852.0,847.0,921.0,878.0,3320,0,0,1,Pedestrian
8,852.0,847.0,921.0,878.0,3321,0,0,1,Pedestrian
8,849.0,847.0,918.0,878.0,3322,0,0,1,Pedestrian
8,849.0,847.0,918.0,878.0,3323,0,0,1,Pedestrian
8,847.0,847.0,915.0,878.0,3324,0,0,1,Pedestrian
8,847.0,847.0,915.0,878.0,3325,0,0,1,Pedestrian
8,844.0,847.0,913.0,878.0,3326,0,0,1,Pedestrian
8,844.0,847.0,913.0,878.0,3327,0,0,1,Pedestrian
8,841.0,849.0,910.0,881.0,3328,0,0,1,Pedestrian
8,841.0,849.0,910.0,881.0,3329,0,0,1,Pedestrian
8,838.0,849.0,907.0,881.0,3330,0,0,1,Pedestrian
8,838.0,849.0,907.0,881.0,3331,0,0,1,Pedestrian
8,836.0,849.0,904.0,881.0,3332,0,0,1,Pedestrian
8,836.0,849.0,904.0,881.0,3333,0,0,1,Pedestrian
8,836.0,849.0,904.0,881.0,3334,0,0,1,Pedestrian
8,833.0,849.0,902.0,881.0,3335,0,0,1,Pedestrian
8,833.0,849.0,902.0,881.0,3336,0,0,1,Pedestrian
8,830.0,849.0,899.0,881.0,3337,0,0,1,Pedestrian
8,830.0,849.0,899.0,881.0,3338,0,0,1,Pedestrian
8,827.0,849.0,896.0,881.0,3339,0,0,1,Pedestrian
8,827.0,849.0,896.0,881.0,3340,0,0,1,Pedestrian
8,825.0,849.0,893.0,881.0,3341,0,0,1,Pedestrian
8,825.0,849.0,893.0,881.0,3342,0,0,1,Pedestrian
8,822.0,849.0,891.0,881.0,3343,0,0,1,Pedestrian
8,822.0,851.0,891.0,883.0,3344,0,0,1,Pedestrian
8,819.0,851.0,888.0,883.0,3345,0,0,1,Pedestrian
8,819.0,851.0,888.0,883.0,3346,0,0,1,Pedestrian
8,819.0,851.0,888.0,883.0,3347,0,0,1,Pedestrian
8,816.0,851.0,885.0,883.0,3348,0,0,1,Pedestrian
8,816.0,851.0,885.0,883.0,3349,0,0,1,Pedestrian
8,814.0,851.0,882.0,883.0,3350,0,0,1,Pedestrian
8,814.0,851.0,882.0,883.0,3351,0,0,1,Pedestrian
8,811.0,851.0,880.0,883.0,3352,0,0,1,Pedestrian
8,811.0,851.0,880.0,883.0,3353,0,0,1,Pedestrian
8,808.0,851.0,877.0,883.0,3354,0,0,1,Pedestrian
8,808.0,851.0,877.0,883.0,3355,0,0,1,Pedestrian
8,805.0,851.0,874.0,883.0,3356,0,0,1,Pedestrian
8,805.0,851.0,874.0,883.0,3357,0,0,1,Pedestrian
8,803.0,851.0,871.0,883.0,3358,0,0,1,Pedestrian
8,803.0,851.0,871.0,883.0,3359,0,0,1,Pedestrian
8,803.0,853.0,871.0,885.0,3360,0,0,0,Pedestrian
8,800.0,851.0,869.0,883.0,3361,0,0,1,Pedestrian
8,797.0,851.0,866.0,883.0,3362,0,0,1,Pedestrian
8,797.0,851.0,866.0,883.0,3363,0,0,1,Pedestrian
8,794.0,851.0,863.0,883.0,3364,0,0,1,Pedestrian
8,794.0,851.0,863.0,883.0,3365,0,0,1,Pedestrian
8,792.0,851.0,860.0,883.0,3366,0,0,1,Pedestrian
8,792.0,851.0,860.0,883.0,3367,0,0,1,Pedestrian
8,789.0,851.0,858.0,883.0,3368,0,0,1,Pedestrian
8,789.0,851.0,858.0,883.0,3369,0,0,1,Pedestrian
8,786.0,851.0,855.0,883.0,3370,0,0,1,Pedestrian
8,783.0,851.0,852.0,883.0,3371,0,0,1,Pedestrian
8,783.0,851.0,852.0,883.0,3372,0,0,1,Pedestrian
8,781.0,851.0,849.0,883.0,3373,0,0,1,Pedestrian
8,781.0,851.0,849.0,883.0,3374,0,0,1,Pedestrian
8,778.0,851.0,847.0,883.0,3375,0,0,1,Pedestrian
8,778.0,851.0,847.0,883.0,3376,0,0,1,Pedestrian
8,775.0,851.0,844.0,883.0,3377,0,0,1,Pedestrian
8,775.0,851.0,844.0,883.0,3378,0,0,1,Pedestrian
8,772.0,851.0,841.0,883.0,3379,0,0,1,Pedestrian
8,772.0,851.0,841.0,883.0,3380,0,0,1,Pedestrian
8,770.0,849.0,838.0,881.0,3381,0,0,1,Pedestrian
8,767.0,849.0,836.0,881.0,3382,0,0,1,Pedestrian
8,767.0,849.0,836.0,881.0,3383,0,0,1,Pedestrian
8,764.0,849.0,833.0,881.0,3384,0,0,1,Pedestrian
8,764.0,849.0,833.0,881.0,3385,0,0,1,Pedestrian
8,761.0,849.0,830.0,881.0,3386,0,0,1,Pedestrian
8,761.0,849.0,830.0,881.0,3387,0,0,1,Pedestrian
8,759.0,849.0,827.0,881.0,3388,0,0,1,Pedestrian
8,759.0,849.0,827.0,881.0,3389,0,0,1,Pedestrian
8,756.0,849.0,825.0,881.0,3390,0,0,1,Pedestrian
8,753.0,849.0,822.0,881.0,3391,0,0,1,Pedestrian
8,753.0,849.0,822.0,881.0,3392,0,0,1,Pedestrian
8,750.0,849.0,819.0,881.0,3393,0,0,1,Pedestrian
8,750.0,849.0,819.0,881.0,3394,0,0,1,Pedestrian
8,748.0,849.0,816.0,881.0,3395,0,0,1,Pedestrian
8,748.0,849.0,816.0,881.0,3396,0,0,1,Pedestrian
8,745.0,849.0,814.0,881.0,3397,0,0,1,Pedestrian
8,745.0,849.0,814.0,881.0,3398,0,0,1,Pedestrian
8,742.0,849.0,811.0,881.0,3399,0,0,1,Pedestrian
8,742.0,849.0,811.0,881.0,3400,0,0,0,Pedestrian
8,739.0,849.0,808.0,881.0,3401,0,0,1,Pedestrian
8,739.0,849.0,808.0,881.0,3402,0,0,1,Pedestrian
8,737.0,849.0,805.0,881.0,3403,0,0,1,Pedestrian
8,737.0,849.0,805.0,881.0,3404,0,0,1,Pedestrian
8,734.0,849.0,803.0,881.0,3405,0,0,1,Pedestrian
8,734.0,849.0,803.0,881.0,3406,0,0,1,Pedestrian
8,731.0,849.0,800.0,881.0,3407,0,0,1,Pedestrian
8,731.0,849.0,800.0,881.0,3408,0,0,1,Pedestrian
8,731.0,849.0,800.0,881.0,3409,0,0,1,Pedestrian
8,728.0,849.0,797.0,881.0,3410,0,0,1,Pedestrian
8,728.0,849.0,797.0,881.0,3411,0,0,1,Pedestrian
8,726.0,849.0,794.0,881.0,3412,0,0,1,Pedestrian
8,726.0,849.0,794.0,881.0,3413,0,0,1,Pedestrian
8,723.0,849.0,792.0,881.0,3414,0,0,1,Pedestrian
8,723.0,849.0,792.0,881.0,3415,0,0,1,Pedestrian
8,723.0,849.0,792.0,881.0,3416,0,0,1,Pedestrian
8,720.0,849.0,789.0,881.0,3417,0,0,1,Pedestrian
8,720.0,849.0,789.0,881.0,3418,0,0,1,Pedestrian
8,717.0,849.0,786.0,881.0,3419,0,0,1,Pedestrian
8,717.0,849.0,786.0,881.0,3420,0,0,1,Pedestrian
8,715.0,849.0,783.0,881.0,3421,0,0,1,Pedestrian
8,715.0,849.0,783.0,881.0,3422,0,0,1,Pedestrian
8,715.0,849.0,783.0,881.0,3423,0,0,1,Pedestrian
8,712.0,849.0,781.0,881.0,3424,0,0,1,Pedestrian
8,712.0,849.0,781.0,881.0,3425,0,0,1,Pedestrian
8,709.0,849.0,778.0,881.0,3426,0,0,1,Pedestrian
8,709.0,849.0,778.0,881.0,3427,0,0,1,Pedestrian
8,706.0,849.0,775.0,881.0,3428,0,0,1,Pedestrian
8,706.0,849.0,775.0,881.0,3429,0,0,1,Pedestrian
8,706.0,849.0,775.0,881.0,3430,0,0,0,Pedestrian
8,704.0,849.0,772.0,881.0,3431,0,0,1,Pedestrian
8,701.0,849.0,770.0,881.0,3432,0,0,1,Pedestrian
8,701.0,849.0,770.0,881.0,3433,0,0,1,Pedestrian
8,698.0,849.0,767.0,881.0,3434,0,0,1,Pedestrian
8,698.0,849.0,767.0,881.0,3435,0,0,1,Pedestrian
8,695.0,849.0,764.0,881.0,3436,0,0,1,Pedestrian
8,693.0,849.0,761.0,881.0,3437,0,0,1,Pedestrian
8,693.0,849.0,761.0,881.0,3438,0,0,1,Pedestrian
8,690.0,849.0,759.0,881.0,3439,0,0,1,Pedestrian
8,690.0,849.0,759.0,881.0,3440,0,0,1,Pedestrian
8,687.0,849.0,756.0,881.0,3441,0,0,1,Pedestrian
8,687.0,849.0,756.0,881.0,3442,0,0,1,Pedestrian
8,684.0,849.0,753.0,881.0,3443,0,0,1,Pedestrian
8,682.0,849.0,750.0,881.0,3444,0,0,1,Pedestrian
8,682.0,849.0,750.0,881.0,3445,0,0,1,Pedestrian
8,679.0,849.0,748.0,881.0,3446,0,0,1,Pedestrian
8,679.0,849.0,748.0,881.0,3447,0,0,1,Pedestrian
8,676.0,849.0,745.0,881.0,3448,0,0,1,Pedestrian
8,676.0,849.0,745.0,881.0,3449,0,0,1,Pedestrian
8,673.0,849.0,742.0,881.0,3450,0,0,1,Pedestrian
8,671.0,849.0,739.0,881.0,3451,0,0,1,Pedestrian
8,671.0,849.0,739.0,881.0,3452,0,0,1,Pedestrian
8,668.0,849.0,737.0,881.0,3453,0,0,1,Pedestrian
8,668.0,849.0,737.0,881.0,3454,0,0,1,Pedestrian
8,665.0,849.0,734.0,881.0,3455,0,0,1,Pedestrian
8,665.0,849.0,734.0,881.0,3456,0,0,1,Pedestrian
8,662.0,849.0,731.0,881.0,3457,0,0,1,Pedestrian
8,660.0,849.0,728.0,881.0,3458,0,0,1,Pedestrian
8,660.0,849.0,728.0,881.0,3459,0,0,1,Pedestrian
8,657.0,849.0,726.0,881.0,3460,0,0,1,Pedestrian
8,657.0,849.0,726.0,881.0,3461,0,0,1,Pedestrian
8,654.0,849.0,723.0,881.0,3462,0,0,1,Pedestrian
8,654.0,849.0,723.0,881.0,3463,0,0,1,Pedestrian
8,651.0,849.0,720.0,881.0,3464,0,0,1,Pedestrian
8,649.0,849.0,717.0,881.0,3465,0,0,1,Pedestrian
8,649.0,849.0,717.0,881.0,3466,0,0,1,Pedestrian
8,646.0,849.0,715.0,881.0,3467,0,0,1,Pedestrian
8,646.0,849.0,715.0,881.0,3468,0,0,1,Pedestrian
8,643.0,849.0,712.0,881.0,3469,0,0,1,Pedestrian
8,643.0,851.0,712.0,883.0,3470,0,0,0,Pedestrian
8,640.0,849.0,709.0,881.0,3471,0,0,1,Pedestrian
8,638.0,849.0,706.0,881.0,3472,0,0,1,Pedestrian
8,638.0,849.0,706.0,881.0,3473,0,0,1,Pedestrian
8,635.0,849.0,704.0,881.0,3474,0,0,1,Pedestrian
8,635.0,849.0,704.0,881.0,3475,0,0,1,Pedestrian
8,632.0,849.0,701.0,881.0,3476,0,0,1,Pedestrian
8,632.0,849.0,701.0,881.0,3477,0,0,1,Pedestrian
8,629.0,849.0,698.0,881.0,3478,0,0,1,Pedestrian
8,629.0,849.0,698.0,881.0,3479,0,0,1,Pedestrian
8,627.0,849.0,695.0,881.0,3480,0,0,1,Pedestrian
8,627.0,849.0,695.0,881.0,3481,0,0,1,Pedestrian
8,624.0,849.0,693.0,881.0,3482,0,0,1,Pedestrian
8,624.0,849.0,693.0,881.0,3483,0,0,1,Pedestrian
8,621.0,849.0,690.0,881.0,3484,0,0,1,Pedestrian
8,621.0,849.0,690.0,881.0,3485,0,0,1,Pedestrian
8,618.0,847.0,687.0,878.0,3486,0,0,1,Pedestrian
8,616.0,847.0,684.0,878.0,3487,0,0,1,Pedestrian
8,616.0,847.0,684.0,878.0,3488,0,0,1,Pedestrian
8,613.0,847.0,682.0,878.0,3489,0,0,1,Pedestrian
8,613.0,847.0,682.0,878.0,3490,0,0,1,Pedestrian
8,610.0,847.0,679.0,878.0,3491,0,0,1,Pedestrian
8,610.0,847.0,679.0,878.0,3492,0,0,1,Pedestrian
8,607.0,847.0,676.0,878.0,3493,0,0,1,Pedestrian
8,607.0,847.0,676.0,878.0,3494,0,0,1,Pedestrian
8,605.0,847.0,673.0,878.0,3495,0,0,1,Pedestrian
8,605.0,847.0,673.0,878.0,3496,0,0,1,Pedestrian
8,602.0,847.0,671.0,878.0,3497,0,0,1,Pedestrian
8,602.0,847.0,671.0,878.0,3498,0,0,1,Pedestrian
8,599.0,847.0,668.0,878.0,3499,0,0,1,Pedestrian
8,599.0,847.0,668.0,878.0,3500,0,0,0,Pedestrian
8,596.0,844.0,665.0,876.0,3501,0,0,1,Pedestrian
8,594.0,844.0,665.0,876.0,3502,0,0,1,Pedestrian
8,594.0,844.0,662.0,876.0,3503,0,0,1,Pedestrian
8,591.0,844.0,662.0,876.0,3504,0,0,1,Pedestrian
8,591.0,844.0,660.0,876.0,3505,0,0,1,Pedestrian
8,588.0,844.0,660.0,876.0,3506,0,0,1,Pedestrian
8,588.0,844.0,657.0,876.0,3507,0,0,1,Pedestrian
8,585.0,844.0,657.0,876.0,3508,0,0,1,Pedestrian
8,585.0,844.0,654.0,876.0,3509,0,0,1,Pedestrian
8,583.0,844.0,654.0,876.0,3510,0,0,1,Pedestrian
8,583.0,844.0,651.0,876.0,3511,0,0,1,Pedestrian
8,580.0,844.0,651.0,876.0,3512,0,0,1,Pedestrian
8,580.0,844.0,649.0,876.0,3513,0,0,1,Pedestrian
8,577.0,844.0,649.0,876.0,3514,0,0,1,Pedestrian
8,577.0,844.0,646.0,876.0,3515,0,0,1,Pedestrian
8,574.0,844.0,646.0,876.0,3516,0,0,1,Pedestrian
8,574.0,844.0,643.0,876.0,3517,0,0,1,Pedestrian
8,572.0,844.0,643.0,876.0,3518,0,0,1,Pedestrian
8,572.0,844.0,640.0,876.0,3519,0,0,1,Pedestrian
8,569.0,844.0,640.0,876.0,3520,0,0,1,Pedestrian
8,569.0,844.0,638.0,876.0,3521,0,0,1,Pedestrian
8,566.0,844.0,638.0,876.0,3522,0,0,1,Pedestrian
8,566.0,844.0,635.0,876.0,3523,0,0,1,Pedestrian
8,563.0,844.0,635.0,876.0,3524,0,0,1,Pedestrian
8,563.0,844.0,632.0,876.0,3525,0,0,1,Pedestrian
8,561.0,844.0,632.0,876.0,3526,0,0,1,Pedestrian
8,561.0,844.0,629.0,876.0,3527,0,0,1,Pedestrian
8,558.0,844.0,629.0,876.0,3528,0,0,1,Pedestrian
8,558.0,844.0,627.0,876.0,3529,0,0,1,Pedestrian
8,555.0,844.0,627.0,876.0,3530,0,0,1,Pedestrian
8,555.0,844.0,624.0,876.0,3531,0,0,1,Pedestrian
8,552.0,844.0,624.0,876.0,3532,0,0,1,Pedestrian
8,552.0,844.0,621.0,876.0,3533,0,0,1,Pedestrian
8,550.0,844.0,621.0,876.0,3534,0,0,1,Pedestrian
8,550.0,844.0,618.0,876.0,3535,0,0,1,Pedestrian
8,547.0,844.0,618.0,876.0,3536,0,0,1,Pedestrian
8,547.0,844.0,616.0,876.0,3537,0,0,1,Pedestrian
8,544.0,844.0,616.0,876.0,3538,0,0,1,Pedestrian
8,541.0,844.0,613.0,876.0,3539,0,0,1,Pedestrian
8,541.0,844.0,613.0,876.0,3540,0,0,1,Pedestrian
8,539.0,844.0,610.0,876.0,3541,0,0,1,Pedestrian
8,539.0,844.0,610.0,876.0,3542,0,0,1,Pedestrian
8,536.0,844.0,607.0,876.0,3543,0,0,1,Pedestrian
8,536.0,844.0,607.0,876.0,3544,0,0,1,Pedestrian
8,533.0,844.0,605.0,876.0,3545,0,0,1,Pedestrian
8,533.0,844.0,605.0,876.0,3546,0,0,1,Pedestrian
8,530.0,844.0,602.0,876.0,3547,0,0,1,Pedestrian
8,530.0,844.0,602.0,876.0,3548,0,0,1,Pedestrian
8,528.0,844.0,599.0,876.0,3549,0,0,1,Pedestrian
8,528.0,844.0,599.0,876.0,3550,0,0,1,Pedestrian
8,525.0,844.0,596.0,876.0,3551,0,0,1,Pedestrian
8,525.0,844.0,596.0,876.0,3552,0,0,1,Pedestrian
8,522.0,844.0,594.0,876.0,3553,0,0,1,Pedestrian
8,522.0,844.0,594.0,876.0,3554,0,0,1,Pedestrian
8,519.0,844.0,591.0,876.0,3555,0,0,1,Pedestrian
8,519.0,844.0,591.0,876.0,3556,0,0,1,Pedestrian
8,517.0,844.0,588.0,876.0,3557,0,0,1,Pedestrian
8,517.0,844.0,588.0,876.0,3558,0,0,1,Pedestrian
8,514.0,844.0,585.0,876.0,3559,0,0,1,Pedestrian
8,514.0,844.0,585.0,876.0,3560,0,0,1,Pedestrian
8,511.0,842.0,583.0,876.0,3561,0,0,1,Pedestrian
8,511.0,842.0,583.0,876.0,3562,0,0,1,Pedestrian
8,508.0,842.0,580.0,876.0,3563,0,0,1,Pedestrian
8,508.0,842.0,580.0,876.0,3564,0,0,1,Pedestrian
8,506.0,842.0,577.0,876.0,3565,0,0,1,Pedestrian
8,506.0,842.0,577.0,876.0,3566,0,0,1,Pedestrian
8,503.0,842.0,574.0,876.0,3567,0,0,1,Pedestrian
8,503.0,842.0,574.0,876.0,3568,0,0,1,Pedestrian
8,500.0,842.0,572.0,876.0,3569,0,0,1,Pedestrian
8,500.0,842.0,572.0,876.0,3570,0,0,1,Pedestrian
8,497.0,842.0,569.0,876.0,3571,0,0,1,Pedestrian
8,497.0,842.0,569.0,876.0,3572,0,0,1,Pedestrian
8,495.0,842.0,566.0,876.0,3573,0,0,1,Pedestrian
8,495.0,842.0,566.0,876.0,3574,0,0,1,Pedestrian
8,492.0,842.0,563.0,876.0,3575,0,0,1,Pedestrian
8,492.0,842.0,563.0,876.0,3576,0,0,1,Pedestrian
8,489.0,842.0,561.0,876.0,3577,0,0,1,Pedestrian
8,486.0,842.0,561.0,876.0,3578,0,0,1,Pedestrian
8,486.0,842.0,558.0,876.0,3579,0,0,1,Pedestrian
8,484.0,842.0,558.0,876.0,3580,0,0,1,Pedestrian
8,484.0,842.0,555.0,876.0,3581,0,0,1,Pedestrian
8,481.0,842.0,555.0,876.0,3582,0,0,1,Pedestrian
8,481.0,842.0,552.0,876.0,3583,0,0,1,Pedestrian
8,478.0,842.0,552.0,876.0,3584,0,0,1,Pedestrian
8,478.0,842.0,550.0,876.0,3585,0,0,1,Pedestrian
8,475.0,842.0,550.0,876.0,3586,0,0,1,Pedestrian
8,475.0,842.0,547.0,876.0,3587,0,0,1,Pedestrian
8,473.0,842.0,547.0,876.0,3588,0,0,1,Pedestrian
8,473.0,842.0,544.0,876.0,3589,0,0,1,Pedestrian
8,470.0,842.0,544.0,876.0,3590,0,0,1,Pedestrian
8,470.0,842.0,541.0,876.0,3591,0,0,1,Pedestrian
8,467.0,842.0,541.0,876.0,3592,0,0,1,Pedestrian
8,467.0,842.0,539.0,876.0,3593,0,0,1,Pedestrian
8,464.0,842.0,539.0,876.0,3594,0,0,1,Pedestrian
8,464.0,842.0,536.0,876.0,3595,0,0,1,Pedestrian
8,462.0,842.0,536.0,876.0,3596,0,0,1,Pedestrian
8,462.0,842.0,533.0,876.0,3597,0,0,1,Pedestrian
8,459.0,842.0,533.0,876.0,3598,0,0,1,Pedestrian
8,459.0,842.0,530.0,876.0,3599,0,0,1,Pedestrian
8,456.0,842.0,530.0,876.0,3600,0,0,1,Pedestrian
8,456.0,842.0,528.0,876.0,3601,0,0,1,Pedestrian
8,453.0,842.0,528.0,874.0,3602,0,0,1,Pedestrian
8,453.0,842.0,525.0,874.0,3603,0,0,1,Pedestrian
8,451.0,842.0,525.0,874.0,3604,0,0,1,Pedestrian
8,451.0,842.0,522.0,874.0,3605,0,0,1,Pedestrian
8,448.0,842.0,522.0,874.0,3606,0,0,1,Pedestrian
8,448.0,842.0,519.0,874.0,3607,0,0,1,Pedestrian
8,445.0,842.0,519.0,874.0,3608,0,0,1,Pedestrian
8,445.0,842.0,517.0,874.0,3609,0,0,1,Pedestrian
8,442.0,842.0,517.0,874.0,3610,0,0,1,Pedestrian
8,442.0,842.0,514.0,874.0,3611,0,0,1,Pedestrian
8,440.0,842.0,514.0,874.0,3612,0,0,1,Pedestrian
8,440.0,842.0,511.0,874.0,3613,0,0,1,Pedestrian
8,437.0,842.0,511.0,874.0,3614,0,0,1,Pedestrian
8,434.0,842.0,508.0,874.0,3615,0,0,1,Pedestrian
8,434.0,842.0,508.0,874.0,3616,0,0,1,Pedestrian
8,431.0,842.0,506.0,874.0,3617,0,0,1,Pedestrian
8,431.0,842.0,506.0,874.0,3618,0,0,1,Pedestrian
8,429.0,842.0,503.0,874.0,3619,0,0,1,Pedestrian
8,429.0,842.0,503.0,874.0,3620,0,0,1,Pedestrian
8,426.0,842.0,500.0,874.0,3621,0,0,1,Pedestrian
8,426.0,840.0,500.0,874.0,3622,0,0,1,Pedestrian
8,423.0,840.0,497.0,874.0,3623,0,0,1,Pedestrian
8,423.0,840.0,497.0,874.0,3624,0,0,1,Pedestrian
8,420.0,840.0,495.0,874.0,3625,0,0,1,Pedestrian
8,420.0,840.0,495.0,874.0,3626,0,0,1,Pedestrian
8,418.0,840.0,492.0,874.0,3627,0,0,1,Pedestrian
8,418.0,840.0,492.0,874.0,3628,0,0,1,Pedestrian
8,415.0,840.0,489.0,874.0,3629,0,0,1,Pedestrian
8,415.0,840.0,489.0,874.0,3630,0,0,1,Pedestrian
8,412.0,840.0,486.0,874.0,3631,0,0,1,Pedestrian
8,412.0,840.0,486.0,874.0,3632,0,0,1,Pedestrian
8,409.0,840.0,484.0,874.0,3633,0,0,1,Pedestrian
8,409.0,840.0,484.0,874.0,3634,0,0,1,Pedestrian
8,407.0,840.0,481.0,874.0,3635,0,0,1,Pedestrian
8,407.0,840.0,481.0,874.0,3636,0,0,1,Pedestrian
8,404.0,840.0,478.0,874.0,3637,0,0,1,Pedestrian
8,404.0,840.0,478.0,874.0,3638,0,0,1,Pedestrian
8,401.0,840.0,475.0,874.0,3639,0,0,1,Pedestrian
8,401.0,840.0,475.0,874.0,3640,0,0,1,Pedestrian
8,398.0,840.0,473.0,874.0,3641,0,0,1,Pedestrian
8,398.0,840.0,473.0,874.0,3642,0,0,1,Pedestrian
8,396.0,840.0,470.0,874.0,3643,0,0,1,Pedestrian
8,396.0,840.0,470.0,874.0,3644,0,0,1,Pedestrian
8,393.0,840.0,467.0,874.0,3645,0,0,1,Pedestrian
8,393.0,840.0,467.0,874.0,3646,0,0,1,Pedestrian
8,390.0,840.0,464.0,874.0,3647,0,0,1,Pedestrian
8,390.0,840.0,464.0,874.0,3648,0,0,1,Pedestrian
8,387.0,840.0,462.0,874.0,3649,0,0,1,Pedestrian
8,387.0,840.0,462.0,874.0,3650,0,0,1,Pedestrian
8,385.0,840.0,459.0,874.0,3651,0,0,1,Pedestrian
8,385.0,840.0,459.0,874.0,3652,0,0,1,Pedestrian
8,382.0,840.0,459.0,874.0,3653,0,0,1,Pedestrian
8,379.0,840.0,456.0,874.0,3654,0,0,1,Pedestrian
8,379.0,840.0,456.0,874.0,3655,0,0,1,Pedestrian
8,376.0,840.0,453.0,874.0,3656,0,0,1,Pedestrian
8,376.0,840.0,453.0,874.0,3657,0,0,1,Pedestrian
8,374.0,840.0,451.0,874.0,3658,0,0,1,Pedestrian
8,374.0,840.0,451.0,874.0,3659,0,0,1,Pedestrian
8,371.0,840.0,448.0,874.0,3660,0,0,1,Pedestrian
8,371.0,840.0,448.0,874.0,3661,0,0,1,Pedestrian
8,368.0,840.0,445.0,874.0,3662,0,0,1,Pedestrian
8,368.0,840.0,445.0,874.0,3663,0,0,1,Pedestrian
8,365.0,840.0,442.0,874.0,3664,0,0,1,Pedestrian
8,365.0,840.0,442.0,874.0,3665,0,0,1,Pedestrian
8,363.0,840.0,440.0,874.0,3666,0,0,1,Pedestrian
8,363.0,840.0,440.0,874.0,3667,0,0,1,Pedestrian
8,360.0,840.0,437.0,874.0,3668,0,0,1,Pedestrian
8,360.0,840.0,437.0,874.0,3669,0,0,1,Pedestrian
8,357.0,840.0,434.0,874.0,3670,0,0,1,Pedestrian
8,357.0,840.0,434.0,874.0,3671,0,0,1,Pedestrian
8,354.0,840.0,431.0,874.0,3672,0,0,1,Pedestrian
8,354.0,840.0,431.0,874.0,3673,0,0,1,Pedestrian
8,352.0,840.0,429.0,874.0,3674,0,0,1,Pedestrian
8,352.0,840.0,429.0,874.0,3675,0,0,1,Pedestrian
8,349.0,840.0,426.0,874.0,3676,0,0,1,Pedestrian
8,349.0,840.0,426.0,874.0,3677,0,0,1,Pedestrian
8,346.0,840.0,423.0,874.0,3678,0,0,1,Pedestrian
8,346.0,840.0,423.0,874.0,3679,0,0,1,Pedestrian
8,343.0,840.0,420.0,874.0,3680,0,0,1,Pedestrian
8,343.0,840.0,420.0,874.0,3681,0,0,1,Pedestrian
8,341.0,840.0,418.0,874.0,3682,0,0,1,Pedestrian
8,341.0,837.0,418.0,874.0,3683,0,0,1,Pedestrian
8,338.0,837.0,415.0,874.0,3684,0,0,1,Pedestrian
8,338.0,837.0,415.0,874.0,3685,0,0,1,Pedestrian
8,335.0,837.0,412.0,874.0,3686,0,0,1,Pedestrian
8,335.0,837.0,412.0,874.0,3687,0,0,1,Pedestrian
8,332.0,837.0,409.0,874.0,3688,0,0,1,Pedestrian
8,332.0,837.0,409.0,874.0,3689,0,0,1,Pedestrian
8,330.0,837.0,407.0,874.0,3690,0,0,1,Pedestrian
8,327.0,837.0,407.0,874.0,3691,0,0,1,Pedestrian
8,327.0,837.0,404.0,874.0,3692,0,0,1,Pedestrian
8,324.0,837.0,404.0,874.0,3693,0,0,1,Pedestrian
8,324.0,837.0,401.0,874.0,3694,0,0,1,Pedestrian
8,321.0,837.0,401.0,874.0,3695,0,0,1,Pedestrian
8,321.0,837.0,398.0,874.0,3696,0,0,1,Pedestrian
8,319.0,837.0,398.0,874.0,3697,0,0,1,Pedestrian
8,319.0,837.0,396.0,874.0,3698,0,0,1,Pedestrian
8,316.0,837.0,396.0,874.0,3699,0,0,1,Pedestrian
8,316.0,837.0,393.0,874.0,3700,0,0,1,Pedestrian
8,313.0,837.0,393.0,874.0,3701,0,0,1,Pedestrian
8,313.0,837.0,390.0,874.0,3702,0,0,1,Pedestrian
8,310.0,837.0,390.0,872.0,3703,0,0,1,Pedestrian
8,310.0,837.0,387.0,872.0,3704,0,0,1,Pedestrian
8,308.0,837.0,387.0,872.0,3705,0,0,1,Pedestrian
8,308.0,837.0,385.0,872.0,3706,0,0,1,Pedestrian
8,305.0,837.0,385.0,872.0,3707,0,0,1,Pedestrian
8,305.0,837.0,382.0,872.0,3708,0,0,1,Pedestrian
8,302.0,837.0,382.0,872.0,3709,0,0,1,Pedestrian
8,302.0,837.0,379.0,872.0,3710,0,0,1,Pedestrian
8,299.0,837.0,379.0,872.0,3711,0,0,1,Pedestrian
8,299.0,837.0,376.0,872.0,3712,0,0,1,Pedestrian
8,297.0,837.0,376.0,872.0,3713,0,0,1,Pedestrian
8,297.0,837.0,374.0,872.0,3714,0,0,1,Pedestrian
8,294.0,837.0,374.0,872.0,3715,0,0,1,Pedestrian
8,294.0,837.0,371.0,872.0,3716,0,0,1,Pedestrian
8,291.0,837.0,371.0,872.0,3717,0,0,1,Pedestrian
8,291.0,837.0,368.0,872.0,3718,0,0,1,Pedestrian
8,288.0,837.0,368.0,872.0,3719,0,0,1,Pedestrian
8,288.0,837.0,365.0,872.0,3720,0,0,1,Pedestrian
8,286.0,837.0,365.0,872.0,3721,0,0,1,Pedestrian
8,286.0,837.0,363.0,872.0,3722,0,0,1,Pedestrian
8,283.0,837.0,363.0,872.0,3723,0,0,1,Pedestrian
8,283.0,837.0,360.0,872.0,3724,0,0,1,Pedestrian
8,280.0,837.0,360.0,872.0,3725,0,0,1,Pedestrian
8,280.0,837.0,357.0,872.0,3726,0,0,1,Pedestrian
8,277.0,837.0,357.0,872.0,3727,0,0,1,Pedestrian
8,275.0,837.0,354.0,872.0,3728,0,0,1,Pedestrian
8,275.0,837.0,354.0,872.0,3729,0,0,1,Pedestrian
8,272.0,837.0,352.0,872.0,3730,0,0,1,Pedestrian
8,272.0,837.0,352.0,872.0,3731,0,0,1,Pedestrian
8,269.0,837.0,349.0,872.0,3732,0,0,1,Pedestrian
8,269.0,837.0,349.0,872.0,3733,0,0,1,Pedestrian
8,266.0,837.0,346.0,872.0,3734,0,0,1,Pedestrian
8,266.0,837.0,346.0,872.0,3735,0,0,1,Pedestrian
8,264.0,837.0,343.0,872.0,3736,0,0,1,Pedestrian
8,264.0,837.0,343.0,872.0,3737,0,0,1,Pedestrian
8,261.0,837.0,341.0,872.0,3738,0,0,1,Pedestrian
8,261.0,837.0,341.0,872.0,3739,0,0,1,Pedestrian
8,258.0,837.0,338.0,872.0,3740,0,0,1,Pedestrian
8,258.0,837.0,338.0,872.0,3741,0,0,1,Pedestrian
8,255.0,837.0,335.0,872.0,3742,0,0,1,Pedestrian
8,255.0,837.0,335.0,872.0,3743,0,0,1,Pedestrian
8,253.0,835.0,332.0,872.0,3744,0,0,1,Pedestrian
8,253.0,835.0,332.0,872.0,3745,0,0,1,Pedestrian
8,250.0,835.0,330.0,872.0,3746,0,0,1,Pedestrian
8,250.0,835.0,330.0,872.0,3747,0,0,1,Pedestrian
8,247.0,835.0,327.0,872.0,3748,0,0,1,Pedestrian
8,247.0,835.0,327.0,872.0,3749,0,0,1,Pedestrian
8,244.0,835.0,324.0,872.0,3750,0,0,1,Pedestrian
8,244.0,835.0,324.0,872.0,3751,0,0,1,Pedestrian
8,242.0,835.0,321.0,872.0,3752,0,0,1,Pedestrian
8,242.0,835.0,321.0,872.0,3753,0,0,1,Pedestrian
8,239.0,835.0,319.0,872.0,3754,0,0,1,Pedestrian
8,239.0,835.0,319.0,872.0,3755,0,0,1,Pedestrian
8,236.0,835.0,316.0,872.0,3756,0,0,1,Pedestrian
8,236.0,835.0,316.0,872.0,3757,0,0,1,Pedestrian
8,233.0,835.0,313.0,872.0,3758,0,0,1,Pedestrian
8,233.0,835.0,313.0,872.0,3759,0,0,1,Pedestrian
8,231.0,835.0,310.0,872.0,3760,0,0,1,Pedestrian
8,231.0,835.0,310.0,872.0,3761,0,0,1,Pedestrian
8,228.0,835.0,308.0,872.0,3762,0,0,1,Pedestrian
8,228.0,835.0,308.0,872.0,3763,0,0,1,Pedestrian
8,225.0,835.0,305.0,872.0,3764,0,0,1,Pedestrian
8,225.0,835.0,305.0,872.0,3765,0,0,1,Pedestrian
8,222.0,835.0,302.0,872.0,3766,0,0,1,Pedestrian
8,220.0,835.0,302.0,872.0,3767,0,0,1,Pedestrian
8,220.0,835.0,299.0,872.0,3768,0,0,1,Pedestrian
8,217.0,835.0,299.0,872.0,3769,0,0,1,Pedestrian
8,217.0,835.0,297.0,872.0,3770,0,0,1,Pedestrian
8,214.0,835.0,297.0,872.0,3771,0,0,1,Pedestrian
8,214.0,835.0,294.0,872.0,3772,0,0,1,Pedestrian
8,211.0,835.0,294.0,872.0,3773,0,0,1,Pedestrian
8,211.0,835.0,291.0,872.0,3774,0,0,1,Pedestrian
8,209.0,835.0,291.0,872.0,3775,0,0,1,Pedestrian
8,209.0,835.0,288.0,872.0,3776,0,0,1,Pedestrian
8,206.0,835.0,288.0,872.0,3777,0,0,1,Pedestrian
8,206.0,835.0,286.0,872.0,3778,0,0,1,Pedestrian
8,203.0,835.0,286.0,872.0,3779,0,0,1,Pedestrian
8,203.0,835.0,283.0,872.0,3780,0,0,1,Pedestrian
8,200.0,835.0,283.0,872.0,3781,0,0,1,Pedestrian
8,200.0,835.0,280.0,872.0,3782,0,0,1,Pedestrian
8,198.0,835.0,280.0,872.0,3783,0,0,1,Pedestrian
8,198.0,835.0,277.0,872.0,3784,0,0,1,Pedestrian
8,195.0,835.0,277.0,872.0,3785,0,0,1,Pedestrian
8,195.0,835.0,275.0,872.0,3786,0,0,1,Pedestrian
8,192.0,835.0,275.0,872.0,3787,0,0,1,Pedestrian
8,192.0,835.0,272.0,872.0,3788,0,0,1,Pedestrian
8,189.0,835.0,272.0,872.0,3789,0,0,1,Pedestrian
8,189.0,835.0,269.0,872.0,3790,0,0,1,Pedestrian
8,187.0,835.0,269.0,872.0,3791,0,0,1,Pedestrian
8,187.0,835.0,266.0,872.0,3792,0,0,1,Pedestrian
8,184.0,835.0,266.0,872.0,3793,0,0,1,Pedestrian
8,184.0,835.0,264.0,872.0,3794,0,0,1,Pedestrian
8,181.0,835.0,264.0,872.0,3795,0,0,1,Pedestrian
8,181.0,835.0,261.0,872.0,3796,0,0,1,Pedestrian
8,178.0,835.0,261.0,872.0,3797,0,0,1,Pedestrian
8,178.0,835.0,258.0,872.0,3798,0,0,1,Pedestrian
8,176.0,835.0,258.0,872.0,3799,0,0,1,Pedestrian
8,176.0,835.0,255.0,872.0,3800,0,0,1,Pedestrian
8,173.0,835.0,255.0,872.0,3801,0,0,1,Pedestrian
8,173.0,835.0,253.0,872.0,3802,0,0,1,Pedestrian
8,170.0,835.0,253.0,872.0,3803,0,0,1,Pedestrian
8,170.0,835.0,253.0,872.0,3804,0,0,0,Pedestrian
8,167.0,835.0,250.0,872.0,3805,0,0,1,Pedestrian
8,167.0,835.0,247.0,872.0,3806,0,0,1,Pedestrian
8,165.0,835.0,247.0,872.0,3807,0,0,1,Pedestrian
8,165.0,835.0,244.0,872.0,3808,0,0,1,Pedestrian
8,162.0,835.0,244.0,872.0,3809,0,0,1,Pedestrian
8,162.0,835.0,242.0,872.0,3810,0,0,1,Pedestrian
8,159.0,835.0,242.0,872.0,3811,0,0,1,Pedestrian
8,159.0,835.0,239.0,872.0,3812,0,0,1,Pedestrian
8,156.0,835.0,239.0,872.0,3813,0,0,1,Pedestrian
8,156.0,835.0,236.0,872.0,3814,0,0,1,Pedestrian
8,154.0,835.0,236.0,872.0,3815,0,0,1,Pedestrian
8,154.0,835.0,233.0,872.0,3816,0,0,1,Pedestrian
8,151.0,835.0,233.0,872.0,3817,0,0,1,Pedestrian
8,151.0,835.0,231.0,872.0,3818,0,0,1,Pedestrian
8,148.0,835.0,231.0,872.0,3819,0,0,1,Pedestrian
8,148.0,835.0,228.0,872.0,3820,0,0,1,Pedestrian
8,145.0,835.0,228.0,872.0,3821,0,0,1,Pedestrian
8,145.0,835.0,225.0,872.0,3822,0,0,1,Pedestrian
8,143.0,835.0,225.0,872.0,3823,0,0,1,Pedestrian
8,143.0,835.0,222.0,872.0,3824,0,0,1,Pedestrian
8,143.0,835.0,222.0,872.0,3825,0,0,1,Pedestrian
8,140.0,835.0,220.0,872.0,3826,0,0,1,Pedestrian
8,140.0,835.0,220.0,872.0,3827,0,0,1,Pedestrian
8,137.0,835.0,217.0,872.0,3828,0,0,1,Pedestrian
8,137.0,835.0,217.0,872.0,3829,0,0,1,Pedestrian
8,134.0,835.0,214.0,872.0,3830,0,0,1,Pedestrian
8,134.0,835.0,214.0,872.0,3831,0,0,1,Pedestrian
8,132.0,835.0,211.0,872.0,3832,0,0,1,Pedestrian
8,132.0,835.0,211.0,872.0,3833,0,0,1,Pedestrian
8,129.0,835.0,209.0,872.0,3834,0,0,1,Pedestrian
8,129.0,835.0,206.0,872.0,3835,0,0,1,Pedestrian
8,126.0,835.0,206.0,872.0,3836,0,0,1,Pedestrian
8,126.0,835.0,203.0,872.0,3837,0,0,1,Pedestrian
8,123.0,835.0,203.0,872.0,3838,0,0,1,Pedestrian
8,123.0,835.0,200.0,872.0,3839,0,0,1,Pedestrian
8,121.0,835.0,200.0,872.0,3840,0,0,1,Pedestrian
8,121.0,835.0,198.0,872.0,3841,0,0,1,Pedestrian
8,118.0,835.0,198.0,872.0,3842,0,0,1,Pedestrian
8,118.0,835.0,195.0,872.0,3843,0,0,1,Pedestrian
8,118.0,837.0,195.0,874.0,3844,0,0,1,Pedestrian
8,115.0,837.0,192.0,874.0,3845,0,0,1,Pedestrian
8,115.0,837.0,192.0,874.0,3846,0,0,1,Pedestrian
8,112.0,837.0,189.0,874.0,3847,0,0,1,Pedestrian
8,112.0,837.0,189.0,874.0,3848,0,0,1,Pedestrian
8,110.0,837.0,187.0,874.0,3849,0,0,1,Pedestrian
8,110.0,837.0,187.0,874.0,3850,0,0,1,Pedestrian
8,107.0,837.0,184.0,874.0,3851,0,0,1,Pedestrian
8,107.0,837.0,184.0,874.0,3852,0,0,1,Pedestrian
8,104.0,837.0,181.0,874.0,3853,0,0,1,Pedestrian
8,104.0,837.0,181.0,874.0,3854,0,0,1,Pedestrian
8,101.0,837.0,178.0,874.0,3855,0,0,1,Pedestrian
8,101.0,837.0,178.0,874.0,3856,0,0,1,Pedestrian
8,99.0,837.0,176.0,874.0,3857,0,0,1,Pedestrian
8,99.0,837.0,176.0,874.0,3858,0,0,1,Pedestrian
8,96.0,837.0,173.0,874.0,3859,0,0,1,Pedestrian
8,96.0,837.0,173.0,874.0,3860,0,0,1,Pedestrian
8,93.0,837.0,170.0,874.0,3861,0,0,1,Pedestrian
8,93.0,837.0,170.0,874.0,3862,0,0,1,Pedestrian
8,93.0,837.0,167.0,874.0,3863,0,0,1,Pedestrian
8,90.0,837.0,165.0,874.0,3864,0,0,1,Pedestrian
8,90.0,837.0,165.0,874.0,3865,0,0,1,Pedestrian
8,88.0,837.0,162.0,874.0,3866,0,0,1,Pedestrian
8,88.0,837.0,162.0,874.0,3867,0,0,1,Pedestrian
8,85.0,837.0,159.0,874.0,3868,0,0,1,Pedestrian
8,85.0,837.0,159.0,874.0,3869,0,0,1,Pedestrian
8,82.0,837.0,156.0,874.0,3870,0,0,1,Pedestrian
8,82.0,837.0,156.0,874.0,3871,0,0,1,Pedestrian
8,79.0,837.0,154.0,874.0,3872,0,0,1,Pedestrian
8,79.0,837.0,154.0,874.0,3873,0,0,1,Pedestrian
8,77.0,837.0,151.0,874.0,3874,0,0,1,Pedestrian
8,77.0,837.0,151.0,874.0,3875,0,0,1,Pedestrian
8,74.0,837.0,148.0,874.0,3876,0,0,1,Pedestrian
8,74.0,837.0,148.0,874.0,3877,0,0,1,Pedestrian
8,71.0,837.0,145.0,874.0,3878,0,0,1,Pedestrian
8,71.0,837.0,145.0,874.0,3879,0,0,1,Pedestrian
8,68.0,837.0,143.0,874.0,3880,0,0,1,Pedestrian
8,68.0,837.0,143.0,874.0,3881,0,0,1,Pedestrian
8,66.0,837.0,140.0,874.0,3882,0,0,1,Pedestrian
8,66.0,840.0,140.0,876.0,3883,0,0,1,Pedestrian
8,66.0,840.0,137.0,876.0,3884,0,0,1,Pedestrian
8,63.0,840.0,137.0,876.0,3885,0,0,1,Pedestrian
8,63.0,840.0,134.0,876.0,3886,0,0,1,Pedestrian
8,60.0,840.0,134.0,876.0,3887,0,0,1,Pedestrian
8,60.0,840.0,132.0,876.0,3888,0,0,1,Pedestrian
8,57.0,840.0,132.0,876.0,3889,0,0,1,Pedestrian
8,57.0,840.0,129.0,876.0,3890,0,0,1,Pedestrian
8,55.0,840.0,129.0,876.0,3891,0,0,1,Pedestrian
8,55.0,840.0,126.0,876.0,3892,0,0,1,Pedestrian
8,52.0,840.0,123.0,876.0,3893,0,0,1,Pedestrian
8,52.0,840.0,123.0,876.0,3894,0,0,1,Pedestrian
8,49.0,840.0,121.0,876.0,3895,0,0,1,Pedestrian
8,49.0,840.0,121.0,876.0,3896,0,0,1,Pedestrian
8,46.0,840.0,118.0,876.0,3897,0,0,1,Pedestrian
8,46.0,840.0,118.0,876.0,3898,0,0,1,Pedestrian
8,44.0,840.0,115.0,876.0,3899,0,0,1,Pedestrian
8,44.0,840.0,115.0,876.0,3900,0,0,1,Pedestrian
8,41.0,840.0,112.0,876.0,3901,0,0,1,Pedestrian
8,41.0,840.0,112.0,876.0,3902,0,0,1,Pedestrian
8,41.0,840.0,110.0,876.0,3903,0,0,1,Pedestrian
8,38.0,840.0,110.0,876.0,3904,0,0,1,Pedestrian
8,38.0,840.0,107.0,876.0,3905,0,0,1,Pedestrian
8,35.0,840.0,107.0,876.0,3906,0,0,1,Pedestrian
8,35.0,840.0,104.0,876.0,3907,0,0,1,Pedestrian
8,33.0,840.0,104.0,876.0,3908,0,0,1,Pedestrian
8,33.0,840.0,101.0,876.0,3909,0,0,1,Pedestrian
8,30.0,840.0,101.0,876.0,3910,0,0,1,Pedestrian
8,30.0,840.0,99.0,876.0,3911,0,0,1,Pedestrian
8,27.0,840.0,99.0,876.0,3912,0,0,1,Pedestrian
8,27.0,840.0,96.0,876.0,3913,0,0,1,Pedestrian
8,24.0,840.0,96.0,876.0,3914,0,0,1,Pedestrian
8,24.0,840.0,93.0,876.0,3915,0,0,1,Pedestrian
8,22.0,840.0,93.0,876.0,3916,0,0,1,Pedestrian
8,22.0,840.0,90.0,876.0,3917,0,0,1,Pedestrian
8,19.0,840.0,90.0,876.0,3918,0,0,1,Pedestrian
8,19.0,840.0,88.0,876.0,3919,0,0,1,Pedestrian
8,16.0,840.0,88.0,876.0,3920,0,0,1,Pedestrian
8,16.0,840.0,85.0,876.0,3921,0,0,1,Pedestrian
8,16.0,842.0,85.0,878.0,3922,0,0,0,Pedestrian
8,13.0,842.0,82.0,878.0,3923,0,0,1,Pedestrian
8,13.0,842.0,82.0,878.0,3924,0,0,1,Pedestrian
8,11.0,842.0,79.0,878.0,3925,0,0,1,Pedestrian
8,11.0,842.0,79.0,878.0,3926,0,0,1,Pedestrian
8,8.0,842.0,77.0,878.0,3927,0,0,1,Pedestrian
8,8.0,842.0,77.0,878.0,3928,0,0,1,Pedestrian
8,8.0,842.0,74.0,878.0,3929,0,0,1,Pedestrian
8,5.0,842.0,74.0,878.0,3930,0,0,1,Pedestrian
8,5.0,842.0,71.0,878.0,3931,0,0,1,Pedestrian
8,2.0,842.0,71.0,878.0,3932,0,0,1,Pedestrian
8,2.0,842.0,68.0,878.0,3933,0,0,1,Pedestrian
8,0.0,842.0,68.0,878.0,3934,0,0,1,Pedestrian
8,0.0,842.0,66.0,878.0,3935,0,0,1,Pedestrian
8,0.0,844.0,66.0,881.0,3936,0,0,0,Pedestrian
8,0.0,844.0,66.0,881.0,3937,0,0,1,Pedestrian
8,0.0,844.0,66.0,881.0,3938,0,0,1,Pedestrian
8,0.0,844.0,66.0,881.0,3939,0,0,1,Pedestrian
8,0.0,844.0,66.0,881.0,3940,0,0,1,Pedestrian
8,0.0,844.0,66.0,881.0,3941,0,0,1,Pedestrian
8,0.0,844.0,66.0,881.0,3942,0,0,0,Pedestrian
8,0.0,844.0,66.0,881.0,3943,0,0,1,Pedestrian
8,0.0,844.0,66.0,881.0,3944,0,0,1,Pedestrian
8,0.0,847.0,66.0,881.0,3945,0,0,1,Pedestrian
8,0.0,847.0,66.0,883.0,3946,0,0,1,Pedestrian
8,0.0,849.0,68.0,883.0,3947,0,0,1,Pedestrian
8,0.0,849.0,68.0,883.0,3948,0,0,1,Pedestrian
8,0.0,849.0,68.0,885.0,3949,0,0,1,Pedestrian
8,0.0,851.0,68.0,885.0,3950,0,0,1,Pedestrian
8,0.0,851.0,68.0,885.0,3951,0,0,1,Pedestrian
8,0.0,853.0,71.0,888.0,3952,0,0,0,Pedestrian
8,0.0,853.0,68.0,888.0,3953,0,0,1,Pedestrian
8,0.0,853.0,68.0,888.0,3954,0,0,1,Pedestrian
8,0.0,853.0,66.0,888.0,3955,0,0,1,Pedestrian
8,0.0,856.0,66.0,890.0,3956,0,0,1,Pedestrian
8,0.0,856.0,63.0,890.0,3957,0,0,1,Pedestrian
8,0.0,856.0,63.0,890.0,3958,0,0,1,Pedestrian
8,0.0,858.0,60.0,892.0,3959,0,0,1,Pedestrian
8,0.0,858.0,60.0,892.0,3960,0,0,1,Pedestrian
8,0.0,858.0,57.0,892.0,3961,0,0,1,Pedestrian
8,0.0,860.0,57.0,894.0,3962,0,0,0,Pedestrian
8,0.0,858.0,57.0,892.0,3963,0,0,1,Pedestrian
8,0.0,856.0,60.0,890.0,3964,0,0,1,Pedestrian
8,0.0,853.0,63.0,888.0,3965,0,0,0,Pedestrian
8,0.0,853.0,60.0,888.0,3966,0,0,1,Pedestrian
8,0.0,853.0,60.0,888.0,3967,0,0,1,Pedestrian
8,0.0,853.0,60.0,888.0,3968,0,0,1,Pedestrian
8,0.0,853.0,60.0,888.0,3969,0,0,0,Pedestrian
8,0.0,853.0,63.0,888.0,3970,0,0,1,Pedestrian
8,0.0,853.0,66.0,888.0,3971,0,0,1,Pedestrian
8,0.0,853.0,68.0,888.0,3972,0,0,0,Pedestrian
8,0.0,851.0,68.0,885.0,3973,0,0,1,Pedestrian
8,0.0,851.0,68.0,885.0,3974,0,0,1,Pedestrian
8,0.0,849.0,68.0,883.0,3975,0,0,1,Pedestrian
8,0.0,849.0,68.0,883.0,3976,0,0,1,Pedestrian
8,0.0,847.0,68.0,881.0,3977,0,0,1,Pedestrian
8,0.0,847.0,68.0,881.0,3978,0,0,1,Pedestrian
8,0.0,847.0,71.0,881.0,3979,0,0,0,Pedestrian
8,0.0,844.0,55.0,881.0,3980,0,0,1,Pedestrian
8,0.0,844.0,38.0,881.0,3981,0,0,1,Pedestrian
8,0.0,844.0,22.0,881.0,3982,0,0,0,Pedestrian
8,0.0,844.0,22.0,881.0,3983,0,0,1,Pedestrian
8,0.0,844.0,24.0,881.0,3984,0,0,1,Pedestrian
8,0.0,844.0,27.0,881.0,3985,0,0,1,Pedestrian
8,0.0,847.0,27.0,883.0,3986,0,0,1,Pedestrian
8,0.0,847.0,30.0,883.0,3987,0,0,1,Pedestrian
8,0.0,847.0,33.0,883.0,3988,0,0,1,Pedestrian
8,0.0,849.0,33.0,885.0,3989,0,0,1,Pedestrian
8,0.0,849.0,35.0,885.0,3990,0,0,1,Pedestrian
8,0.0,849.0,38.0,885.0,3991,0,0,1,Pedestrian
8,0.0,851.0,41.0,888.0,3992,0,0,0,Pedestrian
8,0.0,851.0,38.0,888.0,3993,0,0,1,Pedestrian
8,0.0,851.0,38.0,888.0,3994,0,0,1,Pedestrian
8,0.0,851.0,35.0,888.0,3995,0,0,1,Pedestrian
8,0.0,851.0,35.0,888.0,3996,0,0,1,Pedestrian
8,0.0,851.0,33.0,888.0,3997,0,0,1,Pedestrian
8,0.0,851.0,33.0,888.0,3998,0,0,1,Pedestrian
8,0.0,851.0,30.0,888.0,3999,0,0,1,Pedestrian
8,0.0,851.0,30.0,888.0,4000,0,0,0,Pedestrian
8,0.0,849.0,33.0,888.0,4001,0,0,1,Pedestrian
8,0.0,847.0,38.0,890.0,4002,0,0,1,Pedestrian
8,0.0,847.0,44.0,890.0,4003,0,0,1,Pedestrian
8,0.0,844.0,46.0,892.0,4004,0,0,1,Pedestrian
8,0.0,844.0,52.0,892.0,4005,0,0,1,Pedestrian
8,0.0,842.0,57.0,894.0,4006,0,0,1,Pedestrian
8,0.0,840.0,60.0,894.0,4007,0,0,1,Pedestrian
8,0.0,840.0,66.0,897.0,4008,0,0,1,Pedestrian
8,0.0,837.0,71.0,897.0,4009,0,0,1,Pedestrian
8,0.0,837.0,77.0,899.0,4010,1,0,0,Pedestrian
8,0.0,837.0,77.0,899.0,4011,1,0,1,Pedestrian
8,0.0,837.0,77.0,899.0,4012,1,0,1,Pedestrian
8,0.0,837.0,77.0,899.0,4013,1,0,1,Pedestrian
8,0.0,837.0,77.0,899.0,4014,1,0,1,Pedestrian
8,0.0,837.0,77.0,899.0,4015,1,0,1,Pedestrian
8,0.0,837.0,77.0,899.0,4016,1,0,1,Pedestrian
8,0.0,837.0,77.0,899.0,4017,1,0,1,Pedestrian
8,0.0,837.0,77.0,899.0,4018,1,0,1,Pedestrian
8,0.0,837.0,77.0,899.0,4019,1,0,1,Pedestrian
8,0.0,837.0,77.0,899.0,4020,1,0,1,Pedestrian
8,0.0,837.0,77.0,899.0,4021,1,0,1,Pedestrian
8,0.0,837.0,77.0,899.0,4022,1,0,1,Pedestrian
8,0.0,837.0,77.0,899.0,4023,1,0,1,Pedestrian
8,0.0,837.0,77.0,899.0,4024,1,0,1,Pedestrian
8,0.0,837.0,77.0,899.0,4025,1,0,1,Pedestrian
8,0.0,837.0,77.0,899.0,4026,1,0,1,Pedestrian
8,0.0,837.0,77.0,899.0,4027,1,0,1,Pedestrian
8,0.0,837.0,77.0,899.0,4028,1,0,1,Pedestrian
8,0.0,837.0,77.0,899.0,4029,1,0,1,Pedestrian
8,0.0,837.0,77.0,899.0,4030,1,0,0,Pedestrian
8,0.0,837.0,77.0,899.0,4031,1,0,1,Pedestrian
8,0.0,837.0,77.0,899.0,4032,1,0,1,Pedestrian
8,0.0,837.0,77.0,899.0,4033,1,0,1,Pedestrian
8,0.0,837.0,77.0,899.0,4034,1,0,1,Pedestrian
8,0.0,837.0,77.0,899.0,4035,1,0,1,Pedestrian
8,0.0,837.0,77.0,899.0,4036,1,0,1,Pedestrian
8,0.0,837.0,77.0,899.0,4037,1,0,1,Pedestrian
8,0.0,837.0,77.0,899.0,4038,1,0,1,Pedestrian
8,0.0,837.0,77.0,899.0,4039,1,0,1,Pedestrian
8,0.0,837.0,77.0,899.0,4040,1,0,1,Pedestrian
8,0.0,837.0,77.0,899.0,4041,1,0,1,Pedestrian
8,0.0,837.0,77.0,899.0,4042,1,0,1,Pedestrian
8,0.0,837.0,77.0,899.0,4043,1,0,1,Pedestrian
8,0.0,837.0,77.0,899.0,4044,1,0,1,Pedestrian
8,0.0,837.0,77.0,899.0,4045,1,0,1,Pedestrian
8,0.0,837.0,77.0,899.0,4046,1,0,1,Pedestrian
8,0.0,837.0,77.0,899.0,4047,1,0,1,Pedestrian
8,0.0,837.0,77.0,899.0,4048,1,0,1,Pedestrian
8,0.0,837.0,77.0,899.0,4049,1,0,1,Pedestrian
8,0.0,837.0,77.0,899.0,4050,1,0,1,Pedestrian
8,0.0,837.0,77.0,899.0,4051,1,0,1,Pedestrian
8,0.0,837.0,77.0,899.0,4052,1,0,1,Pedestrian
8,0.0,837.0,77.0,899.0,4053,1,0,1,Pedestrian
8,0.0,837.0,77.0,899.0,4054,1,0,1,Pedestrian
8,0.0,837.0,77.0,899.0,4055,1,0,1,Pedestrian
8,0.0,837.0,77.0,899.0,4056,1,0,1,Pedestrian
8,0.0,837.0,77.0,899.0,4057,1,0,1,Pedestrian
8,0.0,837.0,77.0,899.0,4058,1,0,1,Pedestrian
8,0.0,837.0,77.0,899.0,4059,1,0,1,Pedestrian
8,0.0,837.0,77.0,899.0,4060,1,0,1,Pedestrian
8,0.0,837.0,77.0,899.0,4061,1,0,1,Pedestrian
8,0.0,837.0,77.0,899.0,4062,1,0,1,Pedestrian
8,0.0,837.0,77.0,899.0,4063,1,0,1,Pedestrian
8,0.0,837.0,77.0,899.0,4064,1,0,1,Pedestrian
8,0.0,837.0,77.0,899.0,4065,1,0,1,Pedestrian
8,0.0,837.0,77.0,899.0,4066,1,0,1,Pedestrian
8,0.0,837.0,77.0,899.0,4067,1,0,1,Pedestrian
8,0.0,837.0,77.0,899.0,4068,1,0,1,Pedestrian
8,0.0,837.0,77.0,899.0,4069,1,0,1,Pedestrian
8,0.0,837.0,77.0,899.0,4070,1,0,1,Pedestrian
8,0.0,837.0,77.0,899.0,4071,1,0,1,Pedestrian
8,0.0,837.0,77.0,899.0,4072,1,0,1,Pedestrian
8,0.0,837.0,77.0,899.0,4073,1,0,1,Pedestrian
8,0.0,837.0,77.0,899.0,4074,1,0,1,Pedestrian
8,0.0,837.0,77.0,899.0,4075,1,0,1,Pedestrian
8,0.0,837.0,77.0,899.0,4076,1,0,1,Pedestrian
8,0.0,837.0,77.0,899.0,4077,1,0,1,Pedestrian
8,0.0,837.0,77.0,899.0,4078,1,0,1,Pedestrian
8,0.0,837.0,77.0,899.0,4079,1,0,1,Pedestrian
8,0.0,837.0,77.0,899.0,4080,1,0,1,Pedestrian
8,0.0,837.0,77.0,899.0,4081,1,0,1,Pedestrian
8,0.0,837.0,77.0,899.0,4082,1,0,1,Pedestrian
8,0.0,837.0,77.0,899.0,4083,1,0,1,Pedestrian
8,0.0,837.0,77.0,899.0,4084,1,0,1,Pedestrian
8,0.0,837.0,77.0,899.0,4085,1,0,1,Pedestrian
8,0.0,837.0,77.0,899.0,4086,1,0,1,Pedestrian
8,0.0,837.0,77.0,899.0,4087,1,0,1,Pedestrian
8,0.0,837.0,77.0,899.0,4088,1,0,1,Pedestrian
8,0.0,837.0,77.0,899.0,4089,1,0,1,Pedestrian
8,0.0,837.0,77.0,899.0,4090,1,0,1,Pedestrian
8,0.0,837.0,77.0,899.0,4091,1,0,1,Pedestrian
8,0.0,837.0,77.0,899.0,4092,1,0,1,Pedestrian
8,0.0,837.0,77.0,899.0,4093,1,0,1,Pedestrian
8,0.0,837.0,77.0,899.0,4094,1,0,1,Pedestrian
8,0.0,837.0,77.0,899.0,4095,1,0,1,Pedestrian
8,0.0,837.0,77.0,899.0,4096,1,0,1,Pedestrian
8,0.0,837.0,77.0,899.0,4097,1,0,1,Pedestrian
8,0.0,837.0,77.0,899.0,4098,1,0,1,Pedestrian
8,0.0,837.0,77.0,899.0,4099,1,0,1,Pedestrian
8,0.0,837.0,77.0,899.0,4100,1,0,1,Pedestrian
8,0.0,837.0,77.0,899.0,4101,1,0,1,Pedestrian
8,0.0,837.0,77.0,899.0,4102,1,0,1,Pedestrian
8,0.0,837.0,77.0,899.0,4103,1,0,1,Pedestrian
8,0.0,837.0,77.0,899.0,4104,1,0,1,Pedestrian
8,0.0,837.0,77.0,899.0,4105,1,0,1,Pedestrian
8,0.0,837.0,77.0,899.0,4106,1,0,1,Pedestrian
8,0.0,837.0,77.0,899.0,4107,1,0,1,Pedestrian
8,0.0,837.0,77.0,899.0,4108,1,0,1,Pedestrian
8,0.0,837.0,77.0,899.0,4109,1,0,1,Pedestrian
8,0.0,837.0,77.0,899.0,4110,1,0,1,Pedestrian
8,0.0,837.0,77.0,899.0,4111,1,0,1,Pedestrian
8,0.0,837.0,77.0,899.0,4112,1,0,1,Pedestrian
8,0.0,837.0,77.0,899.0,4113,1,0,1,Pedestrian
8,0.0,837.0,77.0,899.0,4114,1,0,1,Pedestrian
8,0.0,837.0,77.0,899.0,4115,1,0,1,Pedestrian
8,0.0,837.0,77.0,899.0,4116,1,0,1,Pedestrian
8,0.0,837.0,77.0,899.0,4117,1,0,1,Pedestrian
8,0.0,837.0,77.0,899.0,4118,1,0,1,Pedestrian
8,0.0,837.0,77.0,899.0,4119,1,0,1,Pedestrian
8,0.0,837.0,77.0,899.0,4120,1,0,1,Pedestrian
8,0.0,837.0,77.0,899.0,4121,1,0,1,Pedestrian
8,0.0,837.0,77.0,899.0,4122,1,0,1,Pedestrian
8,0.0,837.0,77.0,899.0,4123,1,0,1,Pedestrian
8,0.0,837.0,77.0,899.0,4124,1,0,1,Pedestrian
8,0.0,837.0,77.0,899.0,4125,1,0,1,Pedestrian
8,0.0,837.0,77.0,899.0,4126,1,0,1,Pedestrian
8,0.0,837.0,77.0,899.0,4127,1,0,1,Pedestrian
8,0.0,837.0,77.0,899.0,4128,1,0,1,Pedestrian
8,0.0,837.0,77.0,899.0,4129,1,0,1,Pedestrian
8,0.0,837.0,77.0,899.0,4130,1,0,1,Pedestrian
8,0.0,837.0,77.0,899.0,4131,1,0,1,Pedestrian
8,0.0,837.0,77.0,899.0,4132,1,0,1,Pedestrian
8,0.0,837.0,77.0,899.0,4133,1,0,1,Pedestrian
8,0.0,837.0,77.0,899.0,4134,1,0,1,Pedestrian
8,0.0,837.0,77.0,899.0,4135,1,0,1,Pedestrian
8,0.0,837.0,77.0,899.0,4136,1,0,1,Pedestrian
8,0.0,837.0,77.0,899.0,4137,1,0,1,Pedestrian
8,0.0,837.0,77.0,899.0,4138,1,0,1,Pedestrian
8,0.0,837.0,77.0,899.0,4139,1,0,1,Pedestrian
8,0.0,837.0,77.0,899.0,4140,1,0,1,Pedestrian
8,0.0,837.0,77.0,899.0,4141,1,0,1,Pedestrian
8,0.0,837.0,77.0,899.0,4142,1,0,1,Pedestrian
8,0.0,837.0,77.0,899.0,4143,1,0,1,Pedestrian
8,0.0,837.0,77.0,899.0,4144,1,0,1,Pedestrian
8,0.0,837.0,77.0,899.0,4145,1,0,1,Pedestrian
8,0.0,837.0,77.0,899.0,4146,1,0,1,Pedestrian
8,0.0,837.0,77.0,899.0,4147,1,0,1,Pedestrian
8,0.0,837.0,77.0,899.0,4148,1,0,1,Pedestrian
8,0.0,837.0,77.0,899.0,4149,1,0,1,Pedestrian
8,0.0,837.0,77.0,899.0,4150,1,0,1,Pedestrian
8,0.0,837.0,77.0,899.0,4151,1,0,1,Pedestrian
8,0.0,837.0,77.0,899.0,4152,1,0,1,Pedestrian
8,0.0,837.0,77.0,899.0,4153,1,0,1,Pedestrian
8,0.0,837.0,77.0,899.0,4154,1,0,1,Pedestrian
8,0.0,837.0,77.0,899.0,4155,1,0,1,Pedestrian
8,0.0,837.0,77.0,899.0,4156,1,0,1,Pedestrian
8,0.0,837.0,77.0,899.0,4157,1,0,1,Pedestrian
8,0.0,837.0,77.0,899.0,4158,1,0,1,Pedestrian
8,0.0,837.0,77.0,899.0,4159,1,0,1,Pedestrian
8,0.0,837.0,77.0,899.0,4160,1,0,1,Pedestrian
8,0.0,837.0,77.0,899.0,4161,1,0,1,Pedestrian
8,0.0,837.0,77.0,899.0,4162,1,0,1,Pedestrian
8,0.0,837.0,77.0,899.0,4163,1,0,1,Pedestrian
8,0.0,837.0,77.0,899.0,4164,1,0,1,Pedestrian
8,0.0,837.0,77.0,899.0,4165,1,0,1,Pedestrian
8,0.0,837.0,77.0,899.0,4166,1,0,1,Pedestrian
8,0.0,837.0,77.0,899.0,4167,1,0,1,Pedestrian
8,0.0,837.0,77.0,899.0,4168,1,0,1,Pedestrian
8,0.0,837.0,77.0,899.0,4169,1,0,1,Pedestrian
8,0.0,837.0,77.0,899.0,4170,1,0,1,Pedestrian
8,0.0,837.0,77.0,899.0,4171,1,0,1,Pedestrian
8,0.0,837.0,77.0,899.0,4172,1,0,1,Pedestrian
8,0.0,837.0,77.0,899.0,4173,1,0,1,Pedestrian
8,0.0,837.0,77.0,899.0,4174,1,0,1,Pedestrian
8,0.0,837.0,77.0,899.0,4175,1,0,1,Pedestrian
8,0.0,837.0,77.0,899.0,4176,1,0,1,Pedestrian
8,0.0,837.0,77.0,899.0,4177,1,0,1,Pedestrian
8,0.0,837.0,77.0,899.0,4178,1,0,1,Pedestrian
8,0.0,837.0,77.0,899.0,4179,1,0,1,Pedestrian
8,0.0,837.0,77.0,899.0,4180,1,0,1,Pedestrian
8,0.0,837.0,77.0,899.0,4181,1,0,1,Pedestrian
8,0.0,837.0,77.0,899.0,4182,1,0,1,Pedestrian
8,0.0,837.0,77.0,899.0,4183,1,0,1,Pedestrian
8,0.0,837.0,77.0,899.0,4184,1,0,1,Pedestrian
8,0.0,837.0,77.0,899.0,4185,1,0,1,Pedestrian
8,0.0,837.0,77.0,899.0,4186,1,0,1,Pedestrian
8,0.0,837.0,77.0,899.0,4187,1,0,1,Pedestrian
8,0.0,837.0,77.0,899.0,4188,1,0,1,Pedestrian
8,0.0,837.0,77.0,899.0,4189,1,0,1,Pedestrian
8,0.0,837.0,77.0,899.0,4190,1,0,1,Pedestrian
8,0.0,837.0,77.0,899.0,4191,1,0,1,Pedestrian
8,0.0,837.0,77.0,899.0,4192,1,0,1,Pedestrian
8,0.0,837.0,77.0,899.0,4193,1,0,1,Pedestrian
8,0.0,837.0,77.0,899.0,4194,1,0,1,Pedestrian
8,0.0,837.0,77.0,899.0,4195,1,0,1,Pedestrian
8,0.0,837.0,77.0,899.0,4196,1,0,1,Pedestrian
8,0.0,837.0,77.0,899.0,4197,1,0,1,Pedestrian
8,0.0,837.0,77.0,899.0,4198,1,0,1,Pedestrian
8,0.0,837.0,77.0,899.0,4199,1,0,1,Pedestrian
8,0.0,837.0,77.0,899.0,4200,1,0,1,Pedestrian
8,0.0,837.0,77.0,899.0,4201,1,0,1,Pedestrian
8,0.0,837.0,77.0,899.0,4202,1,0,1,Pedestrian
8,0.0,837.0,77.0,899.0,4203,1,0,1,Pedestrian
8,0.0,837.0,77.0,899.0,4204,1,0,1,Pedestrian
8,0.0,837.0,77.0,899.0,4205,1,0,1,Pedestrian
8,0.0,837.0,77.0,899.0,4206,1,0,1,Pedestrian
8,0.0,837.0,77.0,899.0,4207,1,0,1,Pedestrian
8,0.0,837.0,77.0,899.0,4208,1,0,1,Pedestrian
8,0.0,837.0,77.0,899.0,4209,1,0,1,Pedestrian
8,0.0,837.0,77.0,899.0,4210,1,0,1,Pedestrian
8,0.0,837.0,77.0,899.0,4211,1,0,1,Pedestrian
8,0.0,837.0,77.0,899.0,4212,1,0,1,Pedestrian
8,0.0,837.0,77.0,899.0,4213,1,0,1,Pedestrian
8,0.0,837.0,77.0,899.0,4214,1,0,1,Pedestrian
8,0.0,837.0,77.0,899.0,4215,1,0,1,Pedestrian
8,0.0,837.0,77.0,899.0,4216,1,0,1,Pedestrian
8,0.0,837.0,77.0,899.0,4217,1,0,1,Pedestrian
8,0.0,837.0,77.0,899.0,4218,1,0,1,Pedestrian
8,0.0,837.0,77.0,899.0,4219,1,0,1,Pedestrian
8,0.0,837.0,77.0,899.0,4220,1,0,1,Pedestrian
8,0.0,837.0,77.0,899.0,4221,1,0,1,Pedestrian
8,0.0,837.0,77.0,899.0,4222,1,0,1,Pedestrian
8,0.0,837.0,77.0,899.0,4223,1,0,1,Pedestrian
8,0.0,837.0,77.0,899.0,4224,1,0,1,Pedestrian
8,0.0,837.0,77.0,899.0,4225,1,0,1,Pedestrian
8,0.0,837.0,77.0,899.0,4226,1,0,1,Pedestrian
8,0.0,837.0,77.0,899.0,4227,1,0,1,Pedestrian
8,0.0,837.0,77.0,899.0,4228,1,0,1,Pedestrian
8,0.0,837.0,77.0,899.0,4229,1,0,1,Pedestrian
8,0.0,837.0,77.0,899.0,4230,1,0,1,Pedestrian
8,0.0,837.0,77.0,899.0,4231,1,0,1,Pedestrian
8,0.0,837.0,77.0,899.0,4232,1,0,1,Pedestrian
8,0.0,837.0,77.0,899.0,4233,1,0,1,Pedestrian
8,0.0,837.0,77.0,899.0,4234,1,0,1,Pedestrian
8,0.0,837.0,77.0,899.0,4235,1,0,1,Pedestrian
8,0.0,837.0,77.0,899.0,4236,1,0,1,Pedestrian
8,0.0,837.0,77.0,899.0,4237,1,0,1,Pedestrian
8,0.0,837.0,77.0,899.0,4238,1,0,1,Pedestrian
8,0.0,837.0,77.0,899.0,4239,1,0,1,Pedestrian
8,0.0,837.0,77.0,899.0,4240,1,0,1,Pedestrian
8,0.0,837.0,77.0,899.0,4241,1,0,1,Pedestrian
8,0.0,837.0,77.0,899.0,4242,1,0,1,Pedestrian
8,0.0,837.0,77.0,899.0,4243,1,0,1,Pedestrian
8,0.0,837.0,77.0,899.0,4244,1,0,1,Pedestrian
8,0.0,837.0,77.0,899.0,4245,1,0,1,Pedestrian
8,0.0,837.0,77.0,899.0,4246,1,0,1,Pedestrian
8,0.0,837.0,77.0,899.0,4247,1,0,1,Pedestrian
8,0.0,837.0,77.0,899.0,4248,1,0,1,Pedestrian
8,0.0,837.0,77.0,899.0,4249,1,0,1,Pedestrian
8,0.0,837.0,77.0,899.0,4250,1,0,1,Pedestrian
8,0.0,837.0,77.0,899.0,4251,1,0,1,Pedestrian
8,0.0,837.0,77.0,899.0,4252,1,0,1,Pedestrian
8,0.0,837.0,77.0,899.0,4253,1,0,1,Pedestrian
8,0.0,837.0,77.0,899.0,4254,1,0,1,Pedestrian
8,0.0,837.0,77.0,899.0,4255,1,0,1,Pedestrian
8,0.0,837.0,77.0,899.0,4256,1,0,1,Pedestrian
8,0.0,837.0,77.0,899.0,4257,1,0,1,Pedestrian
8,0.0,837.0,77.0,899.0,4258,1,0,1,Pedestrian
8,0.0,837.0,77.0,899.0,4259,1,0,1,Pedestrian
8,0.0,837.0,77.0,899.0,4260,1,0,1,Pedestrian
8,0.0,837.0,77.0,899.0,4261,1,0,1,Pedestrian
8,0.0,837.0,77.0,899.0,4262,1,0,1,Pedestrian
8,0.0,837.0,77.0,899.0,4263,1,0,1,Pedestrian
8,0.0,837.0,77.0,899.0,4264,1,0,1,Pedestrian
8,0.0,837.0,77.0,899.0,4265,1,0,1,Pedestrian
8,0.0,837.0,77.0,899.0,4266,1,0,1,Pedestrian
8,0.0,837.0,77.0,899.0,4267,1,0,1,Pedestrian
8,0.0,837.0,77.0,899.0,4268,1,0,1,Pedestrian
8,0.0,837.0,77.0,899.0,4269,1,0,1,Pedestrian
8,0.0,837.0,77.0,899.0,4270,1,0,1,Pedestrian
8,0.0,837.0,77.0,899.0,4271,1,0,1,Pedestrian
8,0.0,837.0,77.0,899.0,4272,1,0,1,Pedestrian
8,0.0,837.0,77.0,899.0,4273,1,0,1,Pedestrian
8,0.0,837.0,77.0,899.0,4274,1,0,1,Pedestrian
8,0.0,837.0,77.0,899.0,4275,1,0,1,Pedestrian
8,0.0,837.0,77.0,899.0,4276,1,0,1,Pedestrian
8,0.0,837.0,77.0,899.0,4277,1,0,1,Pedestrian
8,0.0,837.0,77.0,899.0,4278,1,0,1,Pedestrian
8,0.0,837.0,77.0,899.0,4279,1,0,1,Pedestrian
8,0.0,837.0,77.0,899.0,4280,1,0,1,Pedestrian
8,0.0,837.0,77.0,899.0,4281,1,0,1,Pedestrian
8,0.0,837.0,77.0,899.0,4282,1,0,1,Pedestrian
8,0.0,837.0,77.0,899.0,4283,1,0,1,Pedestrian
8,0.0,837.0,77.0,899.0,4284,1,0,1,Pedestrian
8,0.0,837.0,77.0,899.0,4285,1,0,1,Pedestrian
8,0.0,837.0,77.0,899.0,4286,1,0,1,Pedestrian
8,0.0,837.0,77.0,899.0,4287,1,0,1,Pedestrian
8,0.0,837.0,77.0,899.0,4288,1,0,1,Pedestrian
8,0.0,837.0,77.0,899.0,4289,1,0,1,Pedestrian
8,0.0,837.0,77.0,899.0,4290,1,0,1,Pedestrian
8,0.0,837.0,77.0,899.0,4291,1,0,1,Pedestrian
8,0.0,837.0,77.0,899.0,4292,1,0,1,Pedestrian
8,0.0,837.0,77.0,899.0,4293,1,0,1,Pedestrian
8,0.0,837.0,77.0,899.0,4294,1,0,1,Pedestrian
8,0.0,837.0,77.0,899.0,4295,1,0,1,Pedestrian
8,0.0,837.0,77.0,899.0,4296,1,0,1,Pedestrian
8,0.0,837.0,77.0,899.0,4297,1,0,1,Pedestrian
8,0.0,837.0,77.0,899.0,4298,1,0,1,Pedestrian
8,0.0,837.0,77.0,899.0,4299,1,0,1,Pedestrian
8,0.0,837.0,77.0,899.0,4300,1,0,1,Pedestrian
8,0.0,837.0,77.0,899.0,4301,1,0,1,Pedestrian
8,0.0,837.0,77.0,899.0,4302,1,0,1,Pedestrian
8,0.0,837.0,77.0,899.0,4303,1,0,1,Pedestrian
8,0.0,837.0,77.0,899.0,4304,1,0,1,Pedestrian
8,0.0,837.0,77.0,899.0,4305,1,0,1,Pedestrian
8,0.0,837.0,77.0,899.0,4306,1,0,1,Pedestrian
8,0.0,837.0,77.0,899.0,4307,1,0,1,Pedestrian
8,0.0,837.0,77.0,899.0,4308,1,0,1,Pedestrian
8,0.0,837.0,77.0,899.0,4309,1,0,1,Pedestrian
8,0.0,837.0,77.0,899.0,4310,1,0,1,Pedestrian
8,0.0,837.0,77.0,899.0,4311,1,0,1,Pedestrian
8,0.0,837.0,77.0,899.0,4312,1,0,1,Pedestrian
8,0.0,837.0,77.0,899.0,4313,1,0,1,Pedestrian
8,0.0,837.0,77.0,899.0,4314,1,0,1,Pedestrian
8,0.0,837.0,77.0,899.0,4315,1,0,1,Pedestrian
8,0.0,837.0,77.0,899.0,4316,1,0,1,Pedestrian
8,0.0,837.0,77.0,899.0,4317,1,0,1,Pedestrian
8,0.0,837.0,77.0,899.0,4318,1,0,1,Pedestrian
8,0.0,837.0,77.0,899.0,4319,1,0,1,Pedestrian
8,0.0,837.0,77.0,899.0,4320,1,0,1,Pedestrian
8,0.0,837.0,77.0,899.0,4321,1,0,1,Pedestrian
8,0.0,837.0,77.0,899.0,4322,1,0,1,Pedestrian
8,0.0,837.0,77.0,899.0,4323,1,0,1,Pedestrian
8,0.0,837.0,77.0,899.0,4324,1,0,1,Pedestrian
8,0.0,837.0,77.0,899.0,4325,1,0,1,Pedestrian
8,0.0,837.0,77.0,899.0,4326,1,0,1,Pedestrian
8,0.0,837.0,77.0,899.0,4327,1,0,1,Pedestrian
8,0.0,837.0,77.0,899.0,4328,1,0,1,Pedestrian
8,0.0,837.0,77.0,899.0,4329,1,0,1,Pedestrian
8,0.0,837.0,77.0,899.0,4330,1,0,1,Pedestrian
8,0.0,837.0,77.0,899.0,4331,1,0,1,Pedestrian
8,0.0,837.0,77.0,899.0,4332,1,0,1,Pedestrian
8,0.0,837.0,77.0,899.0,4333,1,0,1,Pedestrian
8,0.0,837.0,77.0,899.0,4334,1,0,1,Pedestrian
8,0.0,837.0,77.0,899.0,4335,1,0,1,Pedestrian
8,0.0,837.0,77.0,899.0,4336,1,0,1,Pedestrian
8,0.0,837.0,77.0,899.0,4337,1,0,1,Pedestrian
8,0.0,837.0,77.0,899.0,4338,1,0,1,Pedestrian
8,0.0,837.0,77.0,899.0,4339,1,0,1,Pedestrian
8,0.0,837.0,77.0,899.0,4340,1,0,1,Pedestrian
8,0.0,837.0,77.0,899.0,4341,1,0,1,Pedestrian
8,0.0,837.0,77.0,899.0,4342,1,0,1,Pedestrian
8,0.0,837.0,77.0,899.0,4343,1,0,1,Pedestrian
8,0.0,837.0,77.0,899.0,4344,1,0,1,Pedestrian
8,0.0,837.0,77.0,899.0,4345,1,0,1,Pedestrian
8,0.0,837.0,77.0,899.0,4346,1,0,1,Pedestrian
8,0.0,837.0,77.0,899.0,4347,1,0,1,Pedestrian
8,0.0,837.0,77.0,899.0,4348,1,0,1,Pedestrian
8,0.0,837.0,77.0,899.0,4349,1,0,1,Pedestrian
8,0.0,837.0,77.0,899.0,4350,1,0,1,Pedestrian
8,0.0,837.0,77.0,899.0,4351,1,0,1,Pedestrian
8,0.0,837.0,77.0,899.0,4352,1,0,1,Pedestrian
8,0.0,837.0,77.0,899.0,4353,1,0,1,Pedestrian
8,0.0,837.0,77.0,899.0,4354,1,0,1,Pedestrian
8,0.0,837.0,77.0,899.0,4355,1,0,1,Pedestrian
8,0.0,837.0,77.0,899.0,4356,1,0,1,Pedestrian
8,0.0,837.0,77.0,899.0,4357,1,0,1,Pedestrian
8,0.0,837.0,77.0,899.0,4358,1,0,1,Pedestrian
8,0.0,837.0,77.0,899.0,4359,1,0,1,Pedestrian
8,0.0,837.0,77.0,899.0,4360,1,0,1,Pedestrian
8,0.0,837.0,77.0,899.0,4361,1,0,1,Pedestrian
8,0.0,837.0,77.0,899.0,4362,1,0,1,Pedestrian
8,0.0,837.0,77.0,899.0,4363,1,0,1,Pedestrian
8,0.0,837.0,77.0,899.0,4364,1,0,1,Pedestrian
8,0.0,837.0,77.0,899.0,4365,1,0,1,Pedestrian
8,0.0,837.0,77.0,899.0,4366,1,0,1,Pedestrian
8,0.0,837.0,77.0,899.0,4367,1,0,1,Pedestrian
8,0.0,837.0,77.0,899.0,4368,1,0,1,Pedestrian
8,0.0,837.0,77.0,899.0,4369,1,0,1,Pedestrian
8,0.0,837.0,77.0,899.0,4370,1,0,1,Pedestrian
8,0.0,837.0,77.0,899.0,4371,1,0,1,Pedestrian
8,0.0,837.0,77.0,899.0,4372,1,0,1,Pedestrian
8,0.0,837.0,77.0,899.0,4373,1,0,1,Pedestrian
8,0.0,837.0,77.0,899.0,4374,1,0,1,Pedestrian
8,0.0,837.0,77.0,899.0,4375,1,0,1,Pedestrian
8,0.0,837.0,77.0,899.0,4376,1,0,1,Pedestrian
8,0.0,837.0,77.0,899.0,4377,1,0,1,Pedestrian
8,0.0,837.0,77.0,899.0,4378,1,0,1,Pedestrian
8,0.0,837.0,77.0,899.0,4379,1,0,1,Pedestrian
8,0.0,837.0,77.0,899.0,4380,1,0,1,Pedestrian
8,0.0,837.0,77.0,899.0,4381,1,0,1,Pedestrian
8,0.0,837.0,77.0,899.0,4382,1,0,1,Pedestrian
8,0.0,837.0,77.0,899.0,4383,1,0,1,Pedestrian
8,0.0,837.0,77.0,899.0,4384,1,0,1,Pedestrian
8,0.0,837.0,77.0,899.0,4385,1,0,1,Pedestrian
8,0.0,837.0,77.0,899.0,4386,1,0,1,Pedestrian
8,0.0,837.0,77.0,899.0,4387,1,0,1,Pedestrian
8,0.0,837.0,77.0,899.0,4388,1,0,1,Pedestrian
8,0.0,837.0,77.0,899.0,4389,1,0,1,Pedestrian
8,0.0,837.0,77.0,899.0,4390,1,0,1,Pedestrian
8,0.0,837.0,77.0,899.0,4391,1,0,1,Pedestrian
8,0.0,837.0,77.0,899.0,4392,1,0,1,Pedestrian
8,0.0,837.0,77.0,899.0,4393,1,0,1,Pedestrian
8,0.0,837.0,77.0,899.0,4394,1,0,1,Pedestrian
8,0.0,837.0,77.0,899.0,4395,1,0,1,Pedestrian
8,0.0,837.0,77.0,899.0,4396,1,0,1,Pedestrian
8,0.0,837.0,77.0,899.0,4397,1,0,1,Pedestrian
8,0.0,837.0,77.0,899.0,4398,1,0,1,Pedestrian
8,0.0,837.0,77.0,899.0,4399,1,0,1,Pedestrian
8,0.0,837.0,77.0,899.0,4400,1,0,1,Pedestrian
8,0.0,837.0,77.0,899.0,4401,1,0,1,Pedestrian
8,0.0,837.0,77.0,899.0,4402,1,0,1,Pedestrian
8,0.0,837.0,77.0,899.0,4403,1,0,1,Pedestrian
8,0.0,837.0,77.0,899.0,4404,1,0,1,Pedestrian
8,0.0,837.0,77.0,899.0,4405,1,0,1,Pedestrian
8,0.0,837.0,77.0,899.0,4406,1,0,1,Pedestrian
8,0.0,837.0,77.0,899.0,4407,1,0,1,Pedestrian
8,0.0,837.0,77.0,899.0,4408,1,0,1,Pedestrian
8,0.0,837.0,77.0,899.0,4409,1,0,1,Pedestrian
8,0.0,837.0,77.0,899.0,4410,1,0,1,Pedestrian
8,0.0,837.0,77.0,899.0,4411,1,0,1,Pedestrian
8,0.0,837.0,77.0,899.0,4412,1,0,1,Pedestrian
8,0.0,837.0,77.0,899.0,4413,1,0,1,Pedestrian
8,0.0,837.0,77.0,899.0,4414,1,0,1,Pedestrian
8,0.0,837.0,77.0,899.0,4415,1,0,1,Pedestrian
8,0.0,837.0,77.0,899.0,4416,1,0,1,Pedestrian
8,0.0,837.0,77.0,899.0,4417,1,0,1,Pedestrian
8,0.0,837.0,77.0,899.0,4418,1,0,1,Pedestrian
8,0.0,837.0,77.0,899.0,4419,1,0,1,Pedestrian
8,0.0,837.0,77.0,899.0,4420,1,0,1,Pedestrian
8,0.0,837.0,77.0,899.0,4421,1,0,1,Pedestrian
8,0.0,837.0,77.0,899.0,4422,1,0,1,Pedestrian
8,0.0,837.0,77.0,899.0,4423,1,0,1,Pedestrian
8,0.0,837.0,77.0,899.0,4424,1,0,1,Pedestrian
8,0.0,837.0,77.0,899.0,4425,1,0,1,Pedestrian
8,0.0,837.0,77.0,899.0,4426,1,0,1,Pedestrian
8,0.0,837.0,77.0,899.0,4427,1,0,1,Pedestrian
8,0.0,837.0,77.0,899.0,4428,1,0,1,Pedestrian
8,0.0,837.0,77.0,899.0,4429,1,0,1,Pedestrian
8,0.0,837.0,77.0,899.0,4430,1,0,1,Pedestrian
8,0.0,837.0,77.0,899.0,4431,1,0,1,Pedestrian
8,0.0,837.0,77.0,899.0,4432,1,0,1,Pedestrian
8,0.0,837.0,77.0,899.0,4433,1,0,1,Pedestrian
8,0.0,837.0,77.0,899.0,4434,1,0,1,Pedestrian
8,0.0,837.0,77.0,899.0,4435,1,0,1,Pedestrian
8,0.0,837.0,77.0,899.0,4436,1,0,1,Pedestrian
8,0.0,837.0,77.0,899.0,4437,1,0,1,Pedestrian
8,0.0,837.0,77.0,899.0,4438,1,0,1,Pedestrian
8,0.0,837.0,77.0,899.0,4439,1,0,1,Pedestrian
8,0.0,837.0,77.0,899.0,4440,1,0,1,Pedestrian
8,0.0,837.0,77.0,899.0,4441,1,0,1,Pedestrian
8,0.0,837.0,77.0,899.0,4442,1,0,1,Pedestrian
8,0.0,837.0,77.0,899.0,4443,1,0,1,Pedestrian
8,0.0,837.0,77.0,899.0,4444,1,0,1,Pedestrian
8,0.0,837.0,77.0,899.0,4445,1,0,1,Pedestrian
8,0.0,837.0,77.0,899.0,4446,1,0,1,Pedestrian
8,0.0,837.0,77.0,899.0,4447,1,0,1,Pedestrian
8,0.0,837.0,77.0,899.0,4448,1,0,1,Pedestrian
8,0.0,837.0,77.0,899.0,4449,1,0,1,Pedestrian
8,0.0,837.0,77.0,899.0,4450,1,0,1,Pedestrian
8,0.0,837.0,77.0,899.0,4451,1,0,1,Pedestrian
8,0.0,837.0,77.0,899.0,4452,1,0,1,Pedestrian
8,0.0,837.0,77.0,899.0,4453,1,0,1,Pedestrian
8,0.0,837.0,77.0,899.0,4454,1,0,1,Pedestrian
8,0.0,837.0,77.0,899.0,4455,1,0,1,Pedestrian
8,0.0,837.0,77.0,899.0,4456,1,0,1,Pedestrian
8,0.0,837.0,77.0,899.0,4457,1,0,1,Pedestrian
8,0.0,837.0,77.0,899.0,4458,1,0,1,Pedestrian
8,0.0,837.0,77.0,899.0,4459,1,0,1,Pedestrian
8,0.0,837.0,77.0,899.0,4460,1,0,1,Pedestrian
8,0.0,837.0,77.0,899.0,4461,1,0,1,Pedestrian
8,0.0,837.0,77.0,899.0,4462,1,0,1,Pedestrian
8,0.0,837.0,77.0,899.0,4463,1,0,1,Pedestrian
8,0.0,837.0,77.0,899.0,4464,1,0,1,Pedestrian
8,0.0,837.0,77.0,899.0,4465,1,0,1,Pedestrian
8,0.0,837.0,77.0,899.0,4466,1,0,1,Pedestrian
8,0.0,837.0,77.0,899.0,4467,1,0,1,Pedestrian
8,0.0,837.0,77.0,899.0,4468,1,0,1,Pedestrian
8,0.0,837.0,77.0,899.0,4469,1,0,1,Pedestrian
8,0.0,837.0,77.0,899.0,4470,1,0,1,Pedestrian
8,0.0,837.0,77.0,899.0,4471,1,0,1,Pedestrian
8,0.0,837.0,77.0,899.0,4472,1,0,1,Pedestrian
8,0.0,837.0,77.0,899.0,4473,1,0,1,Pedestrian
8,0.0,837.0,77.0,899.0,4474,1,0,1,Pedestrian
8,0.0,837.0,77.0,899.0,4475,1,0,1,Pedestrian
8,0.0,837.0,77.0,899.0,4476,1,0,1,Pedestrian
8,0.0,837.0,77.0,899.0,4477,1,0,1,Pedestrian
8,0.0,837.0,77.0,899.0,4478,1,0,1,Pedestrian
8,0.0,837.0,77.0,899.0,4479,1,0,1,Pedestrian
8,0.0,837.0,77.0,899.0,4480,1,0,1,Pedestrian
8,0.0,837.0,77.0,899.0,4481,1,0,1,Pedestrian
8,0.0,837.0,77.0,899.0,4482,1,0,1,Pedestrian
8,0.0,837.0,77.0,899.0,4483,1,0,1,Pedestrian
8,0.0,837.0,77.0,899.0,4484,1,0,1,Pedestrian
8,0.0,837.0,77.0,899.0,4485,1,0,1,Pedestrian
8,0.0,837.0,77.0,899.0,4486,1,0,1,Pedestrian
8,0.0,837.0,77.0,899.0,4487,1,0,1,Pedestrian
8,0.0,837.0,77.0,899.0,4488,1,0,1,Pedestrian
8,0.0,837.0,77.0,899.0,4489,1,0,1,Pedestrian
8,0.0,837.0,77.0,899.0,4490,1,0,1,Pedestrian
8,0.0,837.0,77.0,899.0,4491,1,0,1,Pedestrian
8,0.0,837.0,77.0,899.0,4492,1,0,1,Pedestrian
8,0.0,837.0,77.0,899.0,4493,1,0,1,Pedestrian
8,0.0,837.0,77.0,899.0,4494,1,0,1,Pedestrian
8,0.0,837.0,77.0,899.0,4495,1,0,1,Pedestrian
8,0.0,837.0,77.0,899.0,4496,1,0,1,Pedestrian
8,0.0,837.0,77.0,899.0,4497,1,0,1,Pedestrian
8,0.0,837.0,77.0,899.0,4498,1,0,1,Pedestrian
8,0.0,837.0,77.0,899.0,4499,1,0,1,Pedestrian
8,0.0,837.0,77.0,899.0,4500,1,0,1,Pedestrian
8,0.0,837.0,77.0,899.0,4501,1,0,1,Pedestrian
8,0.0,837.0,77.0,899.0,4502,1,0,1,Pedestrian
8,0.0,837.0,77.0,899.0,4503,1,0,1,Pedestrian
8,0.0,837.0,77.0,899.0,4504,1,0,1,Pedestrian
8,0.0,837.0,77.0,899.0,4505,1,0,1,Pedestrian
8,0.0,837.0,77.0,899.0,4506,1,0,1,Pedestrian
8,0.0,837.0,77.0,899.0,4507,1,0,1,Pedestrian
8,0.0,837.0,77.0,899.0,4508,1,0,1,Pedestrian
8,0.0,837.0,77.0,899.0,4509,1,0,1,Pedestrian
8,0.0,837.0,77.0,899.0,4510,1,0,1,Pedestrian
8,0.0,837.0,77.0,899.0,4511,1,0,1,Pedestrian
8,0.0,837.0,77.0,899.0,4512,1,0,1,Pedestrian
8,0.0,837.0,77.0,899.0,4513,1,0,1,Pedestrian
8,0.0,837.0,77.0,899.0,4514,1,0,1,Pedestrian
8,0.0,837.0,77.0,899.0,4515,1,0,1,Pedestrian
8,0.0,837.0,77.0,899.0,4516,1,0,1,Pedestrian
8,0.0,837.0,77.0,899.0,4517,1,0,1,Pedestrian
8,0.0,837.0,77.0,899.0,4518,1,0,1,Pedestrian
8,0.0,837.0,77.0,899.0,4519,1,0,1,Pedestrian
8,0.0,837.0,77.0,899.0,4520,1,0,1,Pedestrian
8,0.0,837.0,77.0,899.0,4521,1,0,1,Pedestrian
8,0.0,837.0,77.0,899.0,4522,1,0,1,Pedestrian
8,0.0,837.0,77.0,899.0,4523,1,0,1,Pedestrian
8,0.0,837.0,77.0,899.0,4524,1,0,1,Pedestrian
8,0.0,837.0,77.0,899.0,4525,1,0,1,Pedestrian
8,0.0,837.0,77.0,899.0,4526,1,0,1,Pedestrian
8,0.0,837.0,77.0,899.0,4527,1,0,1,Pedestrian
8,0.0,837.0,77.0,899.0,4528,1,0,1,Pedestrian
8,0.0,837.0,77.0,899.0,4529,1,0,1,Pedestrian
8,0.0,837.0,77.0,899.0,4530,1,0,1,Pedestrian
8,0.0,837.0,77.0,899.0,4531,1,0,0,Pedestrian
9,0.0,842.0,35.0,917.0,500,1,0,0,Biker
9,0.0,842.0,35.0,917.0,501,1,0,1,Biker
9,0.0,842.0,35.0,917.0,502,1,0,1,Biker
9,0.0,842.0,35.0,917.0,503,1,0,1,Biker
9,0.0,842.0,35.0,917.0,504,1,0,1,Biker
9,0.0,842.0,35.0,917.0,505,1,0,1,Biker
9,0.0,842.0,35.0,917.0,506,1,0,1,Biker
9,0.0,842.0,35.0,917.0,507,1,0,1,Biker
9,0.0,842.0,35.0,917.0,508,1,0,1,Biker
9,0.0,842.0,35.0,917.0,509,1,0,1,Biker
9,0.0,842.0,35.0,917.0,510,1,0,1,Biker
9,0.0,842.0,35.0,917.0,511,1,0,1,Biker
9,0.0,842.0,35.0,917.0,512,1,0,1,Biker
9,0.0,842.0,35.0,917.0,513,1,0,1,Biker
9,0.0,842.0,35.0,917.0,514,1,0,1,Biker
9,0.0,842.0,35.0,917.0,515,1,0,1,Biker
9,0.0,842.0,35.0,917.0,516,1,0,1,Biker
9,0.0,842.0,35.0,917.0,517,1,0,1,Biker
9,0.0,842.0,35.0,917.0,518,1,0,1,Biker
9,0.0,842.0,35.0,917.0,519,1,0,1,Biker
9,0.0,842.0,35.0,917.0,520,1,0,1,Biker
9,0.0,842.0,35.0,917.0,521,1,0,1,Biker
9,0.0,842.0,35.0,917.0,522,1,0,1,Biker
9,0.0,842.0,35.0,917.0,523,1,0,1,Biker
9,0.0,842.0,35.0,917.0,524,1,0,1,Biker
9,0.0,842.0,35.0,917.0,525,1,0,1,Biker
9,0.0,842.0,35.0,917.0,526,1,0,1,Biker
9,0.0,842.0,35.0,917.0,527,1,0,1,Biker
9,0.0,842.0,35.0,917.0,528,1,0,1,Biker
9,0.0,842.0,35.0,917.0,529,1,0,1,Biker
9,0.0,842.0,35.0,917.0,530,1,0,1,Biker
9,0.0,842.0,35.0,917.0,531,1,0,1,Biker
9,0.0,842.0,35.0,917.0,532,1,0,1,Biker
9,0.0,842.0,35.0,917.0,533,1,0,1,Biker
9,0.0,842.0,35.0,917.0,534,1,0,1,Biker
9,0.0,842.0,35.0,917.0,535,1,0,1,Biker
9,0.0,842.0,35.0,917.0,536,1,0,1,Biker
9,0.0,842.0,35.0,917.0,537,1,0,1,Biker
9,0.0,842.0,35.0,917.0,538,1,0,1,Biker
9,0.0,842.0,35.0,917.0,539,1,0,1,Biker
9,0.0,842.0,35.0,917.0,540,1,0,1,Biker
9,0.0,842.0,35.0,917.0,541,1,0,1,Biker
9,0.0,842.0,35.0,917.0,542,1,0,1,Biker
9,0.0,842.0,35.0,917.0,543,1,0,1,Biker
9,0.0,842.0,35.0,917.0,544,1,0,1,Biker
9,0.0,842.0,35.0,917.0,545,1,0,1,Biker
9,0.0,842.0,35.0,917.0,546,1,0,1,Biker
9,0.0,842.0,35.0,917.0,547,1,0,1,Biker
9,0.0,842.0,35.0,917.0,548,1,0,1,Biker
9,0.0,842.0,35.0,917.0,549,1,0,1,Biker
9,0.0,842.0,35.0,917.0,550,1,0,1,Biker
9,0.0,842.0,35.0,917.0,551,1,0,1,Biker
9,0.0,842.0,35.0,917.0,552,1,0,1,Biker
9,0.0,842.0,35.0,917.0,553,1,0,1,Biker
9,0.0,842.0,35.0,917.0,554,1,0,1,Biker
9,0.0,842.0,35.0,917.0,555,1,0,1,Biker
9,0.0,842.0,35.0,917.0,556,1,0,1,Biker
9,0.0,842.0,35.0,917.0,557,1,0,1,Biker
9,0.0,842.0,35.0,917.0,558,1,0,1,Biker
9,0.0,842.0,35.0,917.0,559,1,0,1,Biker
9,0.0,842.0,35.0,917.0,560,1,0,1,Biker
9,0.0,842.0,35.0,917.0,561,1,0,1,Biker
9,0.0,842.0,35.0,917.0,562,1,0,1,Biker
9,0.0,842.0,35.0,917.0,563,1,0,1,Biker
9,0.0,842.0,35.0,917.0,564,1,0,1,Biker
9,0.0,842.0,35.0,917.0,565,1,0,1,Biker
9,0.0,842.0,35.0,917.0,566,1,0,1,Biker
9,0.0,842.0,35.0,917.0,567,1,0,1,Biker
9,0.0,842.0,35.0,917.0,568,1,0,1,Biker
9,0.0,842.0,35.0,917.0,569,1,0,1,Biker
9,0.0,842.0,35.0,917.0,570,1,0,1,Biker
9,0.0,842.0,35.0,917.0,571,1,0,1,Biker
9,0.0,842.0,35.0,917.0,572,1,0,1,Biker
9,0.0,842.0,35.0,917.0,573,1,0,1,Biker
9,0.0,842.0,35.0,917.0,574,1,0,1,Biker
9,0.0,842.0,35.0,917.0,575,1,0,1,Biker
9,0.0,842.0,35.0,917.0,576,1,0,1,Biker
9,0.0,842.0,35.0,917.0,577,1,0,1,Biker
9,0.0,842.0,35.0,917.0,578,1,0,1,Biker
9,0.0,842.0,35.0,917.0,579,1,0,1,Biker
9,0.0,842.0,35.0,917.0,580,1,0,1,Biker
9,0.0,842.0,35.0,917.0,581,1,0,1,Biker
9,0.0,842.0,35.0,917.0,582,1,0,1,Biker
9,0.0,842.0,35.0,917.0,583,1,0,1,Biker
9,0.0,842.0,35.0,917.0,584,1,0,1,Biker
9,0.0,842.0,35.0,917.0,585,1,0,1,Biker
9,0.0,842.0,35.0,917.0,586,1,0,1,Biker
9,0.0,842.0,35.0,917.0,587,1,0,1,Biker
9,0.0,842.0,35.0,917.0,588,1,0,1,Biker
9,0.0,842.0,35.0,917.0,589,1,0,1,Biker
9,0.0,842.0,35.0,917.0,590,1,0,1,Biker
9,0.0,842.0,35.0,917.0,591,1,0,1,Biker
9,0.0,842.0,35.0,917.0,592,1,0,1,Biker
9,0.0,842.0,35.0,917.0,593,1,0,1,Biker
9,0.0,842.0,35.0,917.0,594,1,0,1,Biker
9,0.0,842.0,35.0,917.0,595,1,0,1,Biker
9,0.0,842.0,35.0,917.0,596,1,0,1,Biker
9,0.0,842.0,35.0,917.0,597,1,0,1,Biker
9,0.0,842.0,35.0,917.0,598,1,0,1,Biker
9,0.0,842.0,35.0,917.0,599,1,0,1,Biker
9,0.0,842.0,35.0,917.0,600,1,0,1,Biker
9,0.0,842.0,35.0,917.0,601,1,0,1,Biker
9,0.0,842.0,35.0,917.0,602,1,0,1,Biker
9,0.0,842.0,35.0,917.0,603,1,0,1,Biker
9,0.0,842.0,35.0,917.0,604,1,0,1,Biker
9,0.0,842.0,35.0,917.0,605,1,0,1,Biker
9,0.0,842.0,35.0,917.0,606,1,0,1,Biker
9,0.0,842.0,35.0,917.0,607,1,0,1,Biker
9,0.0,842.0,35.0,917.0,608,1,0,1,Biker
9,0.0,842.0,35.0,917.0,609,1,0,1,Biker
9,0.0,842.0,35.0,917.0,610,1,0,1,Biker
9,0.0,842.0,35.0,917.0,611,1,0,1,Biker
9,0.0,842.0,35.0,917.0,612,1,0,1,Biker
9,0.0,842.0,35.0,917.0,613,1,0,1,Biker
9,0.0,842.0,35.0,917.0,614,1,0,1,Biker
9,0.0,842.0,35.0,917.0,615,1,0,1,Biker
9,0.0,842.0,35.0,917.0,616,1,0,1,Biker
9,0.0,842.0,35.0,917.0,617,1,0,1,Biker
9,0.0,842.0,35.0,917.0,618,1,0,1,Biker
9,0.0,842.0,35.0,917.0,619,1,0,1,Biker
9,0.0,842.0,35.0,917.0,620,1,0,1,Biker
9,0.0,842.0,35.0,917.0,621,1,0,1,Biker
9,0.0,842.0,35.0,917.0,622,1,0,1,Biker
9,0.0,842.0,35.0,917.0,623,1,0,1,Biker
9,0.0,842.0,35.0,917.0,624,1,0,1,Biker
9,0.0,842.0,35.0,917.0,625,1,0,1,Biker
9,0.0,842.0,35.0,917.0,626,1,0,1,Biker
9,0.0,842.0,35.0,917.0,627,1,0,1,Biker
9,0.0,842.0,35.0,917.0,628,1,0,1,Biker
9,0.0,842.0,35.0,917.0,629,1,0,1,Biker
9,0.0,842.0,35.0,917.0,630,1,0,1,Biker
9,0.0,842.0,35.0,917.0,631,1,0,1,Biker
9,0.0,842.0,35.0,917.0,632,1,0,1,Biker
9,0.0,842.0,35.0,917.0,633,1,0,1,Biker
9,0.0,842.0,35.0,917.0,634,1,0,1,Biker
9,0.0,842.0,35.0,917.0,635,1,0,1,Biker
9,0.0,842.0,35.0,917.0,636,1,0,1,Biker
9,0.0,842.0,35.0,917.0,637,1,0,1,Biker
9,0.0,842.0,35.0,917.0,638,1,0,1,Biker
9,0.0,842.0,35.0,917.0,639,1,0,1,Biker
9,0.0,842.0,35.0,917.0,640,1,0,1,Biker
9,0.0,842.0,35.0,917.0,641,1,0,1,Biker
9,0.0,842.0,35.0,917.0,642,1,0,1,Biker
9,0.0,842.0,35.0,917.0,643,1,0,1,Biker
9,0.0,842.0,35.0,917.0,644,1,0,1,Biker
9,0.0,842.0,35.0,917.0,645,1,0,1,Biker
9,0.0,842.0,35.0,917.0,646,1,0,1,Biker
9,0.0,842.0,35.0,917.0,647,1,0,1,Biker
9,0.0,842.0,35.0,917.0,648,1,0,1,Biker
9,0.0,842.0,35.0,917.0,649,1,0,1,Biker
9,0.0,842.0,35.0,917.0,650,1,0,1,Biker
9,0.0,842.0,35.0,917.0,651,1,0,1,Biker
9,0.0,842.0,35.0,917.0,652,1,0,1,Biker
9,0.0,842.0,35.0,917.0,653,1,0,1,Biker
9,0.0,842.0,35.0,917.0,654,1,0,1,Biker
9,0.0,842.0,35.0,917.0,655,1,0,1,Biker
9,0.0,842.0,35.0,917.0,656,1,0,1,Biker
9,0.0,842.0,35.0,917.0,657,1,0,1,Biker
9,0.0,842.0,35.0,917.0,658,1,0,1,Biker
9,0.0,842.0,35.0,917.0,659,1,0,1,Biker
9,0.0,842.0,35.0,917.0,660,1,0,1,Biker
9,0.0,842.0,35.0,917.0,661,1,0,1,Biker
9,0.0,842.0,35.0,917.0,662,1,0,1,Biker
9,0.0,842.0,35.0,917.0,663,1,0,1,Biker
9,0.0,842.0,35.0,917.0,664,1,0,1,Biker
9,0.0,842.0,35.0,917.0,665,1,0,1,Biker
9,0.0,842.0,35.0,917.0,666,1,0,1,Biker
9,0.0,842.0,35.0,917.0,667,1,0,1,Biker
9,0.0,842.0,35.0,917.0,668,1,0,1,Biker
9,0.0,842.0,35.0,917.0,669,1,0,1,Biker
9,0.0,842.0,35.0,917.0,670,1,0,1,Biker
9,0.0,842.0,35.0,917.0,671,1,0,1,Biker
9,0.0,842.0,35.0,917.0,672,1,0,1,Biker
9,0.0,842.0,35.0,917.0,673,1,0,1,Biker
9,0.0,842.0,35.0,917.0,674,1,0,1,Biker
9,0.0,842.0,35.0,917.0,675,1,0,1,Biker
9,0.0,842.0,35.0,917.0,676,1,0,1,Biker
9,0.0,842.0,35.0,917.0,677,1,0,1,Biker
9,0.0,842.0,35.0,917.0,678,1,0,1,Biker
9,0.0,842.0,35.0,917.0,679,1,0,1,Biker
9,0.0,842.0,35.0,917.0,680,1,0,1,Biker
9,0.0,842.0,35.0,917.0,681,1,0,1,Biker
9,0.0,842.0,35.0,917.0,682,1,0,1,Biker
9,0.0,842.0,35.0,917.0,683,1,0,1,Biker
9,0.0,842.0,35.0,917.0,684,1,0,1,Biker
9,0.0,842.0,35.0,917.0,685,1,0,1,Biker
9,0.0,842.0,35.0,917.0,686,1,0,1,Biker
9,0.0,842.0,35.0,917.0,687,1,0,1,Biker
9,0.0,842.0,35.0,917.0,688,1,0,1,Biker
9,0.0,842.0,35.0,917.0,689,1,0,1,Biker
9,0.0,842.0,35.0,917.0,690,1,0,1,Biker
9,0.0,842.0,35.0,917.0,691,1,0,1,Biker
9,0.0,842.0,35.0,917.0,692,1,0,1,Biker
9,0.0,842.0,35.0,917.0,693,1,0,1,Biker
9,0.0,842.0,35.0,917.0,694,1,0,1,Biker
9,0.0,842.0,35.0,917.0,695,1,0,1,Biker
9,0.0,842.0,35.0,917.0,696,1,0,1,Biker
9,0.0,842.0,35.0,917.0,697,1,0,1,Biker
9,0.0,842.0,35.0,917.0,698,1,0,1,Biker
9,0.0,842.0,35.0,917.0,699,1,0,1,Biker
9,0.0,842.0,35.0,917.0,700,1,0,1,Biker
9,0.0,842.0,35.0,917.0,701,1,0,1,Biker
9,0.0,842.0,35.0,917.0,702,1,0,1,Biker
9,0.0,842.0,35.0,917.0,703,1,0,1,Biker
9,0.0,842.0,35.0,917.0,704,1,0,1,Biker
9,0.0,842.0,35.0,917.0,705,1,0,1,Biker
9,0.0,842.0,35.0,917.0,706,1,0,1,Biker
9,0.0,842.0,35.0,917.0,707,1,0,1,Biker
9,0.0,842.0,35.0,917.0,708,1,0,1,Biker
9,0.0,842.0,35.0,917.0,709,1,0,1,Biker
9,0.0,842.0,35.0,917.0,710,1,0,1,Biker
9,0.0,842.0,35.0,917.0,711,1,0,1,Biker
9,0.0,842.0,35.0,917.0,712,1,0,1,Biker
9,0.0,842.0,35.0,917.0,713,1,0,1,Biker
9,0.0,842.0,35.0,917.0,714,1,0,1,Biker
9,0.0,842.0,35.0,917.0,715,1,0,1,Biker
9,0.0,842.0,35.0,917.0,716,1,0,1,Biker
9,0.0,842.0,35.0,917.0,717,1,0,1,Biker
9,0.0,842.0,35.0,917.0,718,1,0,1,Biker
9,0.0,842.0,35.0,917.0,719,1,0,1,Biker
9,0.0,842.0,35.0,917.0,720,1,0,1,Biker
9,0.0,842.0,35.0,917.0,721,1,0,1,Biker
9,0.0,842.0,35.0,917.0,722,1,0,1,Biker
9,0.0,842.0,35.0,917.0,723,1,0,1,Biker
9,0.0,842.0,35.0,917.0,724,1,0,1,Biker
9,0.0,842.0,35.0,917.0,725,1,0,1,Biker
9,0.0,842.0,35.0,917.0,726,1,0,1,Biker
9,0.0,842.0,35.0,917.0,727,1,0,1,Biker
9,0.0,842.0,35.0,917.0,728,1,0,1,Biker
9,0.0,842.0,35.0,917.0,729,1,0,1,Biker
9,0.0,842.0,35.0,917.0,730,1,0,1,Biker
9,0.0,842.0,35.0,917.0,731,1,0,1,Biker
9,0.0,842.0,35.0,917.0,732,1,0,1,Biker
9,0.0,842.0,35.0,917.0,733,1,0,1,Biker
9,0.0,842.0,35.0,917.0,734,1,0,1,Biker
9,0.0,842.0,35.0,917.0,735,1,0,1,Biker
9,0.0,842.0,35.0,917.0,736,1,0,1,Biker
9,0.0,842.0,35.0,917.0,737,1,0,1,Biker
9,0.0,842.0,35.0,917.0,738,1,0,1,Biker
9,0.0,842.0,35.0,917.0,739,1,0,1,Biker
9,0.0,842.0,35.0,917.0,740,1,0,1,Biker
9,0.0,842.0,35.0,917.0,741,1,0,1,Biker
9,0.0,842.0,35.0,917.0,742,1,0,1,Biker
9,0.0,842.0,35.0,917.0,743,1,0,1,Biker
9,0.0,842.0,35.0,917.0,744,1,0,1,Biker
9,0.0,842.0,35.0,917.0,745,1,0,1,Biker
9,0.0,842.0,35.0,917.0,746,1,0,1,Biker
9,0.0,842.0,35.0,917.0,747,1,0,1,Biker
9,0.0,842.0,35.0,917.0,748,1,0,1,Biker
9,0.0,842.0,35.0,917.0,749,1,0,1,Biker
9,0.0,842.0,35.0,917.0,750,1,0,1,Biker
9,0.0,842.0,35.0,917.0,751,1,0,1,Biker
9,0.0,842.0,35.0,917.0,752,1,0,1,Biker
9,0.0,842.0,35.0,917.0,753,1,0,1,Biker
9,0.0,842.0,35.0,917.0,754,1,0,1,Biker
9,0.0,842.0,35.0,917.0,755,1,0,1,Biker
9,0.0,842.0,35.0,917.0,756,1,0,1,Biker
9,0.0,842.0,35.0,917.0,757,1,0,1,Biker
9,0.0,842.0,35.0,917.0,758,1,0,1,Biker
9,0.0,842.0,35.0,917.0,759,1,0,1,Biker
9,0.0,842.0,35.0,917.0,760,1,0,1,Biker
9,0.0,842.0,35.0,917.0,761,1,0,1,Biker
9,0.0,842.0,35.0,917.0,762,1,0,1,Biker
9,0.0,842.0,35.0,917.0,763,1,0,1,Biker
9,0.0,842.0,35.0,917.0,764,1,0,1,Biker
9,0.0,842.0,35.0,917.0,765,1,0,1,Biker
9,0.0,842.0,35.0,917.0,766,1,0,1,Biker
9,0.0,842.0,35.0,917.0,767,1,0,1,Biker
9,0.0,842.0,35.0,917.0,768,1,0,1,Biker
9,0.0,842.0,35.0,917.0,769,1,0,1,Biker
9,0.0,842.0,35.0,917.0,770,1,0,1,Biker
9,0.0,842.0,35.0,917.0,771,1,0,1,Biker
9,0.0,842.0,35.0,917.0,772,1,0,1,Biker
9,0.0,842.0,35.0,917.0,773,1,0,1,Biker
9,0.0,842.0,35.0,917.0,774,1,0,1,Biker
9,0.0,842.0,35.0,917.0,775,1,0,1,Biker
9,0.0,842.0,35.0,917.0,776,1,0,1,Biker
9,0.0,842.0,35.0,917.0,777,1,0,1,Biker
9,0.0,842.0,35.0,917.0,778,1,0,1,Biker
9,0.0,842.0,35.0,917.0,779,1,0,1,Biker
9,0.0,842.0,35.0,917.0,780,1,0,1,Biker
9,0.0,842.0,35.0,917.0,781,1,0,1,Biker
9,0.0,842.0,35.0,917.0,782,1,0,1,Biker
9,0.0,842.0,35.0,917.0,783,1,0,1,Biker
9,0.0,842.0,35.0,917.0,784,1,0,1,Biker
9,0.0,842.0,35.0,917.0,785,1,0,1,Biker
9,0.0,842.0,35.0,917.0,786,1,0,1,Biker
9,0.0,842.0,35.0,917.0,787,1,0,1,Biker
9,0.0,842.0,35.0,917.0,788,1,0,1,Biker
9,0.0,842.0,35.0,917.0,789,1,0,1,Biker
9,0.0,842.0,35.0,917.0,790,1,0,1,Biker
9,0.0,842.0,35.0,917.0,791,1,0,1,Biker
9,0.0,842.0,35.0,917.0,792,1,0,1,Biker
9,0.0,842.0,35.0,917.0,793,1,0,1,Biker
9,0.0,842.0,35.0,917.0,794,1,0,1,Biker
9,0.0,842.0,35.0,917.0,795,1,0,1,Biker
9,0.0,842.0,35.0,917.0,796,1,0,1,Biker
9,0.0,842.0,35.0,917.0,797,1,0,1,Biker
9,0.0,842.0,35.0,917.0,798,1,0,1,Biker
9,0.0,842.0,35.0,917.0,799,1,0,1,Biker
9,0.0,842.0,35.0,917.0,800,1,0,1,Biker
9,0.0,842.0,35.0,917.0,801,1,0,1,Biker
9,0.0,842.0,35.0,917.0,802,1,0,1,Biker
9,0.0,842.0,35.0,917.0,803,1,0,1,Biker
9,0.0,842.0,35.0,917.0,804,1,0,1,Biker
9,0.0,842.0,35.0,917.0,805,1,0,1,Biker
9,0.0,842.0,35.0,917.0,806,1,0,1,Biker
9,0.0,842.0,35.0,917.0,807,1,0,1,Biker
9,0.0,842.0,35.0,917.0,808,1,0,1,Biker
9,0.0,842.0,35.0,917.0,809,1,0,1,Biker
9,0.0,842.0,35.0,917.0,810,1,0,1,Biker
9,0.0,842.0,35.0,917.0,811,1,0,1,Biker
9,0.0,842.0,35.0,917.0,812,1,0,1,Biker
9,0.0,842.0,35.0,917.0,813,1,0,1,Biker
9,0.0,842.0,35.0,917.0,814,1,0,1,Biker
9,0.0,842.0,35.0,917.0,815,1,0,1,Biker
9,0.0,842.0,35.0,917.0,816,1,0,1,Biker
9,0.0,842.0,35.0,917.0,817,1,0,1,Biker
9,0.0,842.0,35.0,917.0,818,1,0,1,Biker
9,0.0,842.0,35.0,917.0,819,1,0,1,Biker
9,0.0,842.0,35.0,917.0,820,1,0,1,Biker
9,0.0,842.0,35.0,917.0,821,1,0,1,Biker
9,0.0,842.0,35.0,917.0,822,1,0,1,Biker
9,0.0,842.0,35.0,917.0,823,1,0,1,Biker
9,0.0,842.0,35.0,917.0,824,1,0,1,Biker
9,0.0,842.0,35.0,917.0,825,1,0,1,Biker
9,0.0,842.0,35.0,917.0,826,1,0,1,Biker
9,0.0,842.0,35.0,917.0,827,1,0,1,Biker
9,0.0,842.0,35.0,917.0,828,1,0,1,Biker
9,0.0,842.0,35.0,917.0,829,1,0,1,Biker
9,0.0,842.0,35.0,917.0,830,1,0,1,Biker
9,0.0,842.0,35.0,917.0,831,1,0,1,Biker
9,0.0,842.0,35.0,917.0,832,1,0,1,Biker
9,0.0,842.0,35.0,917.0,833,1,0,1,Biker
9,0.0,842.0,35.0,917.0,834,1,0,1,Biker
9,0.0,842.0,35.0,917.0,835,1,0,1,Biker
9,0.0,842.0,35.0,917.0,836,1,0,1,Biker
9,0.0,842.0,35.0,917.0,837,1,0,1,Biker
9,0.0,842.0,35.0,917.0,838,1,0,1,Biker
9,0.0,842.0,35.0,917.0,839,1,0,1,Biker
9,0.0,842.0,35.0,917.0,840,1,0,1,Biker
9,0.0,842.0,35.0,917.0,841,1,0,1,Biker
9,0.0,842.0,35.0,917.0,842,1,0,1,Biker
9,0.0,842.0,35.0,917.0,843,1,0,1,Biker
9,0.0,842.0,35.0,917.0,844,1,0,1,Biker
9,0.0,842.0,35.0,917.0,845,1,0,1,Biker
9,0.0,842.0,35.0,917.0,846,1,0,1,Biker
9,0.0,842.0,35.0,917.0,847,1,0,1,Biker
9,0.0,842.0,35.0,917.0,848,1,0,1,Biker
9,0.0,842.0,35.0,917.0,849,1,0,1,Biker
9,0.0,842.0,35.0,917.0,850,1,0,1,Biker
9,0.0,842.0,35.0,917.0,851,1,0,1,Biker
9,0.0,842.0,35.0,917.0,852,1,0,1,Biker
9,0.0,842.0,35.0,917.0,853,1,0,1,Biker
9,0.0,842.0,35.0,917.0,854,1,0,1,Biker
9,0.0,842.0,35.0,917.0,855,1,0,1,Biker
9,0.0,842.0,35.0,917.0,856,1,0,1,Biker
9,0.0,842.0,35.0,917.0,857,1,0,1,Biker
9,0.0,842.0,35.0,917.0,858,1,0,1,Biker
9,0.0,842.0,35.0,917.0,859,1,0,1,Biker
9,0.0,842.0,35.0,917.0,860,1,0,1,Biker
9,0.0,842.0,35.0,917.0,861,1,0,1,Biker
9,0.0,842.0,35.0,917.0,862,1,0,1,Biker
9,0.0,842.0,35.0,917.0,863,1,0,1,Biker
9,0.0,842.0,35.0,917.0,864,1,0,1,Biker
9,0.0,842.0,35.0,917.0,865,1,0,1,Biker
9,0.0,842.0,35.0,917.0,866,1,0,1,Biker
9,0.0,842.0,35.0,917.0,867,1,0,1,Biker
9,0.0,842.0,35.0,917.0,868,1,0,1,Biker
9,0.0,842.0,35.0,917.0,869,1,0,1,Biker
9,0.0,842.0,35.0,917.0,870,1,0,1,Biker
9,0.0,842.0,35.0,917.0,871,1,0,1,Biker
9,0.0,842.0,35.0,917.0,872,1,0,1,Biker
9,0.0,842.0,35.0,917.0,873,1,0,1,Biker
9,0.0,842.0,35.0,917.0,874,1,0,1,Biker
9,0.0,842.0,35.0,917.0,875,1,0,1,Biker
9,0.0,842.0,35.0,917.0,876,1,0,1,Biker
9,0.0,842.0,35.0,917.0,877,1,0,1,Biker
9,0.0,842.0,35.0,917.0,878,1,0,1,Biker
9,0.0,842.0,35.0,917.0,879,1,0,1,Biker
9,0.0,842.0,35.0,917.0,880,1,0,1,Biker
9,0.0,842.0,35.0,917.0,881,1,0,1,Biker
9,0.0,842.0,35.0,917.0,882,1,0,1,Biker
9,0.0,842.0,35.0,917.0,883,1,0,1,Biker
9,0.0,842.0,35.0,917.0,884,1,0,1,Biker
9,0.0,842.0,35.0,917.0,885,1,0,1,Biker
9,0.0,842.0,35.0,917.0,886,1,0,1,Biker
9,0.0,842.0,35.0,917.0,887,1,0,1,Biker
9,0.0,842.0,35.0,917.0,888,1,0,1,Biker
9,0.0,842.0,35.0,917.0,889,1,0,1,Biker
9,0.0,842.0,35.0,917.0,890,1,0,1,Biker
9,0.0,842.0,35.0,917.0,891,1,0,1,Biker
9,0.0,842.0,35.0,917.0,892,1,0,1,Biker
9,0.0,842.0,35.0,917.0,893,1,0,1,Biker
9,0.0,842.0,35.0,917.0,894,1,0,1,Biker
9,0.0,842.0,35.0,917.0,895,1,0,1,Biker
9,0.0,842.0,35.0,917.0,896,1,0,1,Biker
9,0.0,842.0,35.0,917.0,897,1,0,1,Biker
9,0.0,842.0,35.0,917.0,898,1,0,1,Biker
9,0.0,842.0,35.0,917.0,899,1,0,1,Biker
9,0.0,842.0,35.0,917.0,900,1,0,1,Biker
9,0.0,842.0,35.0,917.0,901,1,0,1,Biker
9,0.0,842.0,35.0,917.0,902,1,0,1,Biker
9,0.0,842.0,35.0,917.0,903,1,0,1,Biker
9,0.0,842.0,35.0,917.0,904,1,0,1,Biker
9,0.0,842.0,35.0,917.0,905,1,0,1,Biker
9,0.0,842.0,35.0,917.0,906,1,0,1,Biker
9,0.0,842.0,35.0,917.0,907,1,0,1,Biker
9,0.0,842.0,35.0,917.0,908,1,0,1,Biker
9,0.0,842.0,35.0,917.0,909,1,0,1,Biker
9,0.0,842.0,35.0,917.0,910,1,0,1,Biker
9,0.0,842.0,35.0,917.0,911,1,0,1,Biker
9,0.0,842.0,35.0,917.0,912,1,0,1,Biker
9,0.0,842.0,35.0,917.0,913,1,0,1,Biker
9,0.0,842.0,35.0,917.0,914,1,0,1,Biker
9,0.0,842.0,35.0,917.0,915,1,0,1,Biker
9,0.0,842.0,35.0,917.0,916,1,0,1,Biker
9,0.0,842.0,35.0,917.0,917,1,0,1,Biker
9,0.0,842.0,35.0,917.0,918,1,0,1,Biker
9,0.0,842.0,35.0,917.0,919,1,0,1,Biker
9,0.0,842.0,35.0,917.0,920,1,0,1,Biker
9,0.0,842.0,35.0,917.0,921,1,0,1,Biker
9,0.0,842.0,35.0,917.0,922,1,0,1,Biker
9,0.0,842.0,35.0,917.0,923,1,0,1,Biker
9,0.0,842.0,35.0,917.0,924,1,0,1,Biker
9,0.0,842.0,35.0,917.0,925,1,0,1,Biker
9,0.0,842.0,35.0,917.0,926,1,0,1,Biker
9,0.0,842.0,35.0,917.0,927,1,0,1,Biker
9,0.0,842.0,35.0,917.0,928,1,0,1,Biker
9,0.0,842.0,35.0,917.0,929,1,0,1,Biker
9,0.0,842.0,35.0,917.0,930,1,0,1,Biker
9,0.0,842.0,35.0,917.0,931,1,0,1,Biker
9,0.0,842.0,35.0,917.0,932,1,0,1,Biker
9,0.0,842.0,35.0,917.0,933,1,0,1,Biker
9,0.0,842.0,35.0,917.0,934,1,0,1,Biker
9,0.0,842.0,35.0,917.0,935,1,0,1,Biker
9,0.0,842.0,35.0,917.0,936,1,0,1,Biker
9,0.0,842.0,35.0,917.0,937,1,0,1,Biker
9,0.0,842.0,35.0,917.0,938,1,0,1,Biker
9,0.0,842.0,35.0,917.0,939,1,0,1,Biker
9,0.0,842.0,35.0,917.0,940,1,0,1,Biker
9,0.0,842.0,35.0,917.0,941,1,0,1,Biker
9,0.0,842.0,35.0,917.0,942,1,0,1,Biker
9,0.0,842.0,35.0,917.0,943,1,0,1,Biker
9,0.0,842.0,35.0,917.0,944,1,0,1,Biker
9,0.0,842.0,35.0,917.0,945,1,0,1,Biker
9,0.0,842.0,35.0,917.0,946,1,0,1,Biker
9,0.0,842.0,35.0,917.0,947,1,0,1,Biker
9,0.0,842.0,35.0,917.0,948,1,0,1,Biker
9,0.0,842.0,35.0,917.0,949,1,0,1,Biker
9,0.0,842.0,35.0,917.0,950,1,0,1,Biker
9,0.0,842.0,35.0,917.0,951,1,0,1,Biker
9,0.0,842.0,35.0,917.0,952,1,0,1,Biker
9,0.0,842.0,35.0,917.0,953,1,0,1,Biker
9,0.0,842.0,35.0,917.0,954,1,0,1,Biker
9,0.0,842.0,35.0,917.0,955,1,0,1,Biker
9,0.0,842.0,35.0,917.0,956,1,0,1,Biker
9,0.0,842.0,35.0,917.0,957,1,0,1,Biker
9,0.0,842.0,35.0,917.0,958,1,0,1,Biker
9,0.0,842.0,35.0,917.0,959,1,0,1,Biker
9,0.0,842.0,35.0,917.0,960,1,0,1,Biker
9,0.0,842.0,35.0,917.0,961,1,0,1,Biker
9,0.0,842.0,35.0,917.0,962,1,0,1,Biker
9,0.0,842.0,35.0,917.0,963,1,0,1,Biker
9,0.0,842.0,35.0,917.0,964,1,0,1,Biker
9,0.0,842.0,35.0,917.0,965,1,0,1,Biker
9,0.0,842.0,35.0,917.0,966,1,0,1,Biker
9,0.0,842.0,35.0,917.0,967,1,0,1,Biker
9,0.0,842.0,35.0,917.0,968,1,0,1,Biker
9,0.0,842.0,35.0,917.0,969,1,0,1,Biker
9,0.0,842.0,35.0,917.0,970,1,0,1,Biker
9,0.0,842.0,35.0,917.0,971,0,0,0,Biker
9,0.0,837.0,41.0,913.0,972,0,0,1,Biker
9,0.0,835.0,46.0,910.0,973,0,0,1,Biker
9,0.0,833.0,52.0,908.0,974,0,0,1,Biker
9,0.0,831.0,57.0,906.0,975,0,0,1,Biker
9,0.0,828.0,63.0,904.0,976,0,0,1,Biker
9,0.0,826.0,68.0,901.0,977,0,0,1,Biker
9,0.0,824.0,74.0,899.0,978,0,0,1,Biker
9,0.0,822.0,82.0,894.0,979,0,0,1,Biker
9,0.0,819.0,88.0,892.0,980,0,0,1,Biker
9,0.0,817.0,93.0,890.0,981,0,0,1,Biker
9,0.0,815.0,99.0,888.0,982,0,0,1,Biker
9,0.0,812.0,104.0,885.0,983,0,0,1,Biker
9,0.0,810.0,110.0,883.0,984,0,0,1,Biker
9,0.0,808.0,115.0,881.0,985,0,0,1,Biker
9,0.0,806.0,123.0,878.0,986,0,0,0,Biker
9,2.0,801.0,126.0,874.0,987,0,0,1,Biker
9,5.0,799.0,132.0,872.0,988,0,0,1,Biker
9,8.0,796.0,137.0,869.0,989,0,0,1,Biker
9,11.0,794.0,143.0,867.0,990,0,0,1,Biker
9,13.0,792.0,148.0,865.0,991,0,0,1,Biker
9,16.0,787.0,151.0,863.0,992,0,0,1,Biker
9,19.0,785.0,156.0,860.0,993,0,0,1,Biker
9,22.0,783.0,162.0,858.0,994,0,0,1,Biker
9,24.0,781.0,167.0,856.0,995,0,0,1,Biker
9,30.0,778.0,173.0,853.0,996,0,0,0,Biker
9,38.0,776.0,170.0,851.0,997,0,0,1,Biker
9,46.0,774.0,167.0,849.0,998,0,0,1,Biker
9,55.0,771.0,165.0,847.0,999,0,0,1,Biker
9,63.0,769.0,165.0,847.0,1000,0,0,0,Biker
9,68.0,767.0,170.0,842.0,1001,0,0,1,Biker
9,74.0,765.0,178.0,840.0,1002,0,0,1,Biker
9,79.0,762.0,184.0,837.0,1003,0,0,1,Biker
9,88.0,760.0,192.0,833.0,1004,0,0,1,Biker
9,93.0,758.0,198.0,831.0,1005,0,0,1,Biker
9,99.0,755.0,206.0,828.0,1006,0,0,1,Biker
9,104.0,753.0,211.0,824.0,1007,0,0,1,Biker
9,112.0,751.0,220.0,822.0,1008,0,0,1,Biker
9,118.0,749.0,225.0,819.0,1009,0,0,1,Biker
9,123.0,746.0,233.0,817.0,1010,0,0,1,Biker
9,129.0,744.0,242.0,812.0,1011,0,0,1,Biker
9,137.0,742.0,247.0,810.0,1012,0,0,1,Biker
9,143.0,740.0,255.0,808.0,1013,0,0,1,Biker
9,148.0,737.0,261.0,803.0,1014,0,0,1,Biker
9,154.0,735.0,269.0,801.0,1015,0,0,1,Biker
9,162.0,733.0,275.0,799.0,1016,0,0,1,Biker
9,167.0,730.0,283.0,794.0,1017,0,0,1,Biker
9,173.0,728.0,288.0,792.0,1018,0,0,1,Biker
9,178.0,726.0,297.0,790.0,1019,0,0,1,Biker
9,187.0,726.0,305.0,787.0,1020,0,0,0,Biker
9,189.0,721.0,308.0,783.0,1021,0,0,1,Biker
9,195.0,717.0,313.0,778.0,1022,0,0,1,Biker
9,200.0,715.0,319.0,776.0,1023,0,0,1,Biker
9,203.0,710.0,321.0,771.0,1024,0,0,1,Biker
9,209.0,708.0,327.0,769.0,1025,0,0,1,Biker
9,214.0,703.0,332.0,765.0,1026,0,0,1,Biker
9,217.0,699.0,335.0,760.0,1027,0,0,1,Biker
9,222.0,696.0,341.0,758.0,1028,0,0,1,Biker
9,228.0,692.0,346.0,753.0,1029,0,0,1,Biker
9,233.0,689.0,352.0,751.0,1030,0,0,1,Biker
9,236.0,685.0,354.0,746.0,1031,0,0,1,Biker
9,242.0,680.0,360.0,742.0,1032,0,0,1,Biker
9,247.0,678.0,365.0,740.0,1033,0,0,1,Biker
9,250.0,674.0,368.0,735.0,1034,0,0,1,Biker
9,255.0,671.0,374.0,733.0,1035,0,0,1,Biker
9,261.0,667.0,379.0,728.0,1036,0,0,1,Biker
9,264.0,662.0,382.0,724.0,1037,0,0,1,Biker
9,269.0,660.0,387.0,721.0,1038,0,0,1,Biker
9,275.0,655.0,393.0,717.0,1039,0,0,1,Biker
9,280.0,653.0,398.0,715.0,1040,0,0,0,Biker
9,283.0,648.0,401.0,710.0,1041,0,0,1,Biker
9,286.0,644.0,404.0,705.0,1042,0,0,1,Biker
9,291.0,642.0,409.0,703.0,1043,0,0,1,Biker
9,294.0,637.0,412.0,699.0,1044,0,0,1,Biker
9,297.0,635.0,415.0,696.0,1045,0,0,1,Biker
9,302.0,630.0,420.0,692.0,1046,0,0,1,Biker
9,305.0,626.0,423.0,687.0,1047,0,0,1,Biker
9,308.0,623.0,426.0,685.0,1048,0,0,1,Biker
9,313.0,619.0,431.0,680.0,1049,0,0,1,Biker
9,316.0,617.0,434.0,678.0,1050,0,0,1,Biker
9,319.0,612.0,437.0,674.0,1051,0,0,1,Biker
9,324.0,607.0,442.0,669.0,1052,0,0,1,Biker
9,327.0,605.0,445.0,667.0,1053,0,0,1,Biker
9,330.0,601.0,448.0,662.0,1054,0,0,1,Biker
9,335.0,598.0,453.0,660.0,1055,0,0,1,Biker
9,338.0,594.0,456.0,655.0,1056,0,0,1,Biker
9,341.0,589.0,459.0,651.0,1057,0,0,1,Biker
9,346.0,587.0,464.0,648.0,1058,0,0,1,Biker
9,349.0,582.0,467.0,644.0,1059,0,0,1,Biker
9,354.0,580.0,473.0,642.0,1060,0,0,0,Biker
9,357.0,576.0,475.0,637.0,1061,0,0,1,Biker
9,360.0,571.0,478.0,633.0,1062,0,0,1,Biker
9,363.0,566.0,481.0,628.0,1063,0,0,1,Biker
9,365.0,562.0,484.0,623.0,1064,0,0,1,Biker
9,368.0,560.0,486.0,621.0,1065,0,0,1,Biker
9,371.0,555.0,489.0,617.0,1066,0,0,1,Biker
9,376.0,551.0,495.0,612.0,1067,0,0,1,Biker
9,379.0,546.0,497.0,607.0,1068,0,0,1,Biker
9,382.0,541.0,500.0,603.0,1069,0,0,1,Biker
9,385.0,539.0,503.0,601.0,1070,0,0,1,Biker
9,387.0,535.0,506.0,596.0,1071,0,0,1,Biker
9,390.0,530.0,508.0,592.0,1072,0,0,1,Biker
9,393.0,526.0,511.0,587.0,1073,0,0,1,Biker
9,398.0,521.0,517.0,582.0,1074,0,0,1,Biker
9,401.0,519.0,519.0,580.0,1075,0,0,1,Biker
9,404.0,514.0,522.0,576.0,1076,0,0,1,Biker
9,407.0,510.0,525.0,571.0,1077,0,0,1,Biker
9,409.0,505.0,528.0,566.0,1078,0,0,1,Biker
9,412.0,500.0,530.0,562.0,1079,0,0,1,Biker
9,418.0,498.0,536.0,560.0,1080,0,0,0,Biker
9,420.0,491.0,539.0,553.0,1081,0,0,1,Biker
9,423.0,487.0,541.0,548.0,1082,0,0,1,Biker
9,426.0,482.0,544.0,544.0,1083,0,0,1,Biker
9,429.0,478.0,547.0,539.0,1084,0,0,1,Biker
9,431.0,473.0,550.0,535.0,1085,0,0,1,Biker
9,434.0,469.0,552.0,530.0,1086,0,0,1,Biker
9,437.0,462.0,555.0,523.0,1087,0,0,1,Biker
9,440.0,457.0,558.0,519.0,1088,0,0,1,Biker
9,442.0,453.0,561.0,514.0,1089,0,0,1,Biker
9,445.0,448.0,563.0,510.0,1090,0,0,1,Biker
9,448.0,444.0,566.0,505.0,1091,0,0,1,Biker
9,451.0,439.0,569.0,500.0,1092,0,0,1,Biker
9,453.0,434.0,572.0,496.0,1093,0,0,1,Biker
9,456.0,428.0,574.0,489.0,1094,0,0,1,Biker
9,459.0,423.0,577.0,485.0,1095,0,0,1,Biker
9,462.0,418.0,580.0,480.0,1096,0,0,1,Biker
9,464.0,414.0,583.0,475.0,1097,0,0,1,Biker
9,467.0,409.0,585.0,471.0,1098,0,0,1,Biker
9,470.0,405.0,588.0,466.0,1099,0,0,1,Biker
9,475.0,400.0,594.0,462.0,1100,0,0,0,Biker
9,475.0,396.0,594.0,457.0,1101,0,0,1,Biker
9,478.0,391.0,596.0,453.0,1102,0,0,1,Biker
9,481.0,387.0,599.0,448.0,1103,0,0,1,Biker
9,481.0,382.0,599.0,444.0,1104,0,0,1,Biker
9,484.0,377.0,602.0,439.0,1105,0,0,1,Biker
9,486.0,373.0,605.0,434.0,1106,0,0,1,Biker
9,486.0,371.0,605.0,432.0,1107,0,0,1,Biker
9,489.0,366.0,607.0,428.0,1108,0,0,1,Biker
9,492.0,362.0,610.0,423.0,1109,0,0,1,Biker
9,495.0,357.0,613.0,418.0,1110,0,0,1,Biker
9,495.0,352.0,613.0,414.0,1111,0,0,1,Biker
9,497.0,348.0,616.0,409.0,1112,0,0,1,Biker
9,500.0,343.0,618.0,405.0,1113,0,0,1,Biker
9,500.0,341.0,618.0,403.0,1114,0,0,1,Biker
9,503.0,337.0,621.0,398.0,1115,0,0,1,Biker
9,506.0,332.0,624.0,393.0,1116,0,0,1,Biker
9,506.0,327.0,624.0,389.0,1117,0,0,1,Biker
9,508.0,323.0,627.0,384.0,1118,0,0,1,Biker
9,511.0,318.0,629.0,380.0,1119,0,0,1,Biker
9,514.0,316.0,632.0,377.0,1120,0,0,0,Biker
9,514.0,309.0,632.0,371.0,1121,0,0,1,Biker
9,517.0,305.0,635.0,366.0,1122,0,0,1,Biker
9,517.0,300.0,635.0,362.0,1123,0,0,1,Biker
9,519.0,296.0,638.0,357.0,1124,0,0,1,Biker
9,522.0,291.0,640.0,352.0,1125,0,0,1,Biker
9,522.0,286.0,640.0,348.0,1126,0,0,1,Biker
9,525.0,282.0,643.0,343.0,1127,0,0,1,Biker
9,528.0,277.0,646.0,339.0,1128,0,0,1,Biker
9,528.0,273.0,646.0,334.0,1129,0,0,1,Biker
9,530.0,268.0,649.0,330.0,1130,0,0,1,Biker
9,533.0,264.0,651.0,325.0,1131,0,0,1,Biker
9,533.0,259.0,651.0,321.0,1132,0,0,1,Biker
9,536.0,255.0,654.0,316.0,1133,0,0,1,Biker
9,539.0,250.0,657.0,311.0,1134,0,0,1,Biker
9,539.0,245.0,657.0,307.0,1135,0,0,1,Biker
9,541.0,241.0,660.0,302.0,1136,0,0,1,Biker
9,544.0,236.0,662.0,298.0,1137,0,0,1,Biker
9,544.0,232.0,662.0,293.0,1138,0,0,1,Biker
9,547.0,227.0,665.0,289.0,1139,0,0,1,Biker
9,550.0,223.0,668.0,284.0,1140,0,0,0,Biker
9,550.0,218.0,668.0,280.0,1141,0,0,1,Biker
9,550.0,214.0,668.0,275.0,1142,0,0,1,Biker
9,552.0,209.0,671.0,270.0,1143,0,0,1,Biker
9,552.0,204.0,671.0,266.0,1144,0,0,1,Biker
9,555.0,200.0,673.0,261.0,1145,0,0,1,Biker
9,555.0,195.0,673.0,257.0,1146,0,0,1,Biker
9,558.0,191.0,676.0,252.0,1147,0,0,1,Biker
9,558.0,186.0,676.0,248.0,1148,0,0,1,Biker
9,561.0,182.0,679.0,243.0,1149,0,0,1,Biker
9,561.0,177.0,679.0,239.0,1150,0,0,1,Biker
9,561.0,173.0,679.0,234.0,1151,0,0,1,Biker
9,563.0,168.0,682.0,229.0,1152,0,0,1,Biker
9,563.0,163.0,682.0,225.0,1153,0,0,1,Biker
9,566.0,159.0,684.0,220.0,1154,0,0,1,Biker
9,566.0,154.0,684.0,216.0,1155,0,0,1,Biker
9,569.0,150.0,687.0,211.0,1156,0,0,1,Biker
9,569.0,145.0,687.0,207.0,1157,0,0,1,Biker
9,572.0,141.0,690.0,202.0,1158,0,0,1,Biker
9,572.0,136.0,690.0,198.0,1159,0,0,1,Biker
9,574.0,132.0,693.0,193.0,1160,0,0,0,Biker
9,574.0,127.0,693.0,188.0,1161,0,0,1,Biker
9,574.0,122.0,693.0,184.0,1162,0,0,1,Biker
9,577.0,118.0,695.0,179.0,1163,0,0,1,Biker
9,577.0,113.0,695.0,175.0,1164,0,0,1,Biker
9,580.0,109.0,698.0,170.0,1165,0,0,1,Biker
9,580.0,104.0,698.0,166.0,1166,0,0,1,Biker
9,583.0,100.0,701.0,161.0,1167,0,0,1,Biker
9,583.0,95.0,701.0,157.0,1168,0,0,1,Biker
9,585.0,91.0,704.0,152.0,1169,0,0,1,Biker
9,585.0,86.0,704.0,148.0,1170,0,0,1,Biker
9,585.0,81.0,704.0,143.0,1171,0,0,1,Biker
9,588.0,77.0,706.0,138.0,1172,0,0,1,Biker
9,588.0,72.0,706.0,134.0,1173,0,0,1,Biker
9,591.0,68.0,709.0,129.0,1174,0,0,1,Biker
9,591.0,63.0,709.0,125.0,1175,0,0,1,Biker
9,594.0,59.0,712.0,120.0,1176,0,0,1,Biker
9,594.0,54.0,712.0,116.0,1177,0,0,1,Biker
9,596.0,50.0,715.0,111.0,1178,0,0,1,Biker
9,596.0,45.0,715.0,107.0,1179,0,0,1,Biker
9,599.0,40.0,717.0,102.0,1180,0,0,0,Biker
9,599.0,36.0,717.0,97.0,1181,0,0,1,Biker
9,599.0,31.0,717.0,93.0,1182,0,0,1,Biker
9,599.0,27.0,717.0,88.0,1183,0,0,1,Biker
9,599.0,22.0,717.0,84.0,1184,0,0,1,Biker
9,599.0,20.0,717.0,81.0,1185,0,0,1,Biker
9,599.0,15.0,717.0,77.0,1186,0,0,1,Biker
9,599.0,11.0,717.0,72.0,1187,0,0,1,Biker
9,599.0,6.0,717.0,68.0,1188,0,0,1,Biker
9,599.0,2.0,717.0,63.0,1189,0,0,1,Biker
9,599.0,0.0,717.0,61.0,1190,0,0,0,Biker
9,599.0,0.0,715.0,56.0,1191,0,0,1,Biker
9,599.0,0.0,715.0,54.0,1192,0,0,1,Biker
9,599.0,0.0,715.0,50.0,1193,0,0,1,Biker
9,599.0,0.0,715.0,47.0,1194,0,0,1,Biker
9,599.0,0.0,715.0,45.0,1195,0,0,1,Biker
9,599.0,0.0,715.0,40.0,1196,0,0,1,Biker
9,599.0,0.0,715.0,38.0,1197,0,0,1,Biker
9,599.0,0.0,715.0,34.0,1198,0,0,1,Biker
9,599.0,0.0,715.0,31.0,1199,0,0,1,Biker
9,599.0,0.0,715.0,29.0,1200,1,0,0,Biker
9,599.0,0.0,715.0,29.0,1201,1,0,1,Biker
9,599.0,0.0,715.0,29.0,1202,1,0,1,Biker
9,599.0,0.0,715.0,29.0,1203,1,0,1,Biker
9,599.0,0.0,715.0,29.0,1204,1,0,1,Biker
9,599.0,0.0,715.0,29.0,1205,1,0,1,Biker
9,599.0,0.0,715.0,29.0,1206,1,0,1,Biker
9,599.0,0.0,715.0,29.0,1207,1,0,1,Biker
9,599.0,0.0,715.0,29.0,1208,1,0,1,Biker
9,599.0,0.0,715.0,29.0,1209,1,0,1,Biker
9,599.0,0.0,715.0,29.0,1210,1,0,0,Biker
9,599.0,0.0,715.0,29.0,1211,1,0,1,Biker
9,599.0,0.0,715.0,29.0,1212,1,0,1,Biker
9,599.0,0.0,715.0,29.0,1213,1,0,1,Biker
9,599.0,0.0,715.0,29.0,1214,1,0,1,Biker
9,599.0,0.0,715.0,29.0,1215,1,0,1,Biker
9,599.0,0.0,715.0,29.0,1216,1,0,1,Biker
9,599.0,0.0,715.0,29.0,1217,1,0,1,Biker
9,599.0,0.0,715.0,29.0,1218,1,0,1,Biker
9,599.0,0.0,715.0,29.0,1219,1,0,1,Biker
9,599.0,0.0,715.0,29.0,1220,1,0,1,Biker
9,599.0,0.0,715.0,29.0,1221,1,0,1,Biker
9,599.0,0.0,715.0,29.0,1222,1,0,1,Biker
9,599.0,0.0,715.0,29.0,1223,1,0,1,Biker
9,599.0,0.0,715.0,29.0,1224,1,0,1,Biker
9,599.0,0.0,715.0,29.0,1225,1,0,1,Biker
9,599.0,0.0,715.0,29.0,1226,1,0,1,Biker
9,599.0,0.0,715.0,29.0,1227,1,0,1,Biker
9,599.0,0.0,715.0,29.0,1228,1,0,1,Biker
9,599.0,0.0,715.0,29.0,1229,1,0,1,Biker
9,599.0,0.0,715.0,29.0,1230,1,0,1,Biker
9,599.0,0.0,715.0,29.0,1231,1,0,1,Biker
9,599.0,0.0,715.0,29.0,1232,1,0,1,Biker
9,599.0,0.0,715.0,29.0,1233,1,0,1,Biker
9,599.0,0.0,715.0,29.0,1234,1,0,1,Biker
9,599.0,0.0,715.0,29.0,1235,1,0,1,Biker
9,599.0,0.0,715.0,29.0,1236,1,0,1,Biker
9,599.0,0.0,715.0,29.0,1237,1,0,1,Biker
9,599.0,0.0,715.0,29.0,1238,1,0,1,Biker
9,599.0,0.0,715.0,29.0,1239,1,0,1,Biker
9,599.0,0.0,715.0,29.0,1240,1,0,1,Biker
9,599.0,0.0,715.0,29.0,1241,1,0,1,Biker
9,599.0,0.0,715.0,29.0,1242,1,0,1,Biker
9,599.0,0.0,715.0,29.0,1243,1,0,1,Biker
9,599.0,0.0,715.0,29.0,1244,1,0,1,Biker
9,599.0,0.0,715.0,29.0,1245,1,0,1,Biker
9,599.0,0.0,715.0,29.0,1246,1,0,1,Biker
9,599.0,0.0,715.0,29.0,1247,1,0,1,Biker
9,599.0,0.0,715.0,29.0,1248,1,0,1,Biker
9,599.0,0.0,715.0,29.0,1249,1,0,1,Biker
9,599.0,0.0,715.0,29.0,1250,1,0,1,Biker
9,599.0,0.0,715.0,29.0,1251,1,0,1,Biker
9,599.0,0.0,715.0,29.0,1252,1,0,1,Biker
9,599.0,0.0,715.0,29.0,1253,1,0,1,Biker
9,599.0,0.0,715.0,29.0,1254,1,0,1,Biker
9,599.0,0.0,715.0,29.0,1255,1,0,1,Biker
9,599.0,0.0,715.0,29.0,1256,1,0,1,Biker
9,599.0,0.0,715.0,29.0,1257,1,0,1,Biker
9,599.0,0.0,715.0,29.0,1258,1,0,1,Biker
9,599.0,0.0,715.0,29.0,1259,1,0,1,Biker
9,599.0,0.0,715.0,29.0,1260,1,0,1,Biker
9,599.0,0.0,715.0,29.0,1261,1,0,1,Biker
9,599.0,0.0,715.0,29.0,1262,1,0,1,Biker
9,599.0,0.0,715.0,29.0,1263,1,0,1,Biker
9,599.0,0.0,715.0,29.0,1264,1,0,1,Biker
9,599.0,0.0,715.0,29.0,1265,1,0,1,Biker
9,599.0,0.0,715.0,29.0,1266,1,0,1,Biker
9,599.0,0.0,715.0,29.0,1267,1,0,1,Biker
9,599.0,0.0,715.0,29.0,1268,1,0,1,Biker
9,599.0,0.0,715.0,29.0,1269,1,0,1,Biker
9,599.0,0.0,715.0,29.0,1270,1,0,1,Biker
9,599.0,0.0,715.0,29.0,1271,1,0,1,Biker
9,599.0,0.0,715.0,29.0,1272,1,0,1,Biker
9,599.0,0.0,715.0,29.0,1273,1,0,1,Biker
9,599.0,0.0,715.0,29.0,1274,1,0,1,Biker
9,599.0,0.0,715.0,29.0,1275,1,0,1,Biker
9,599.0,0.0,715.0,29.0,1276,1,0,1,Biker
9,599.0,0.0,715.0,29.0,1277,1,0,1,Biker
9,599.0,0.0,715.0,29.0,1278,1,0,1,Biker
9,599.0,0.0,715.0,29.0,1279,1,0,1,Biker
9,599.0,0.0,715.0,29.0,1280,1,0,1,Biker
9,599.0,0.0,715.0,29.0,1281,1,0,1,Biker
9,599.0,0.0,715.0,29.0,1282,1,0,1,Biker
9,599.0,0.0,715.0,29.0,1283,1,0,1,Biker
9,599.0,0.0,715.0,29.0,1284,1,0,1,Biker
9,599.0,0.0,715.0,29.0,1285,1,0,1,Biker
9,599.0,0.0,715.0,29.0,1286,1,0,1,Biker
9,599.0,0.0,715.0,29.0,1287,1,0,1,Biker
9,599.0,0.0,715.0,29.0,1288,1,0,1,Biker
9,599.0,0.0,715.0,29.0,1289,1,0,1,Biker
9,599.0,0.0,715.0,29.0,1290,1,0,1,Biker
9,599.0,0.0,715.0,29.0,1291,1,0,1,Biker
9,599.0,0.0,715.0,29.0,1292,1,0,1,Biker
9,599.0,0.0,715.0,29.0,1293,1,0,1,Biker
9,599.0,0.0,715.0,29.0,1294,1,0,1,Biker
9,599.0,0.0,715.0,29.0,1295,1,0,1,Biker
9,599.0,0.0,715.0,29.0,1296,1,0,1,Biker
9,599.0,0.0,715.0,29.0,1297,1,0,1,Biker
9,599.0,0.0,715.0,29.0,1298,1,0,1,Biker
9,599.0,0.0,715.0,29.0,1299,1,0,1,Biker
9,599.0,0.0,715.0,29.0,1300,1,0,1,Biker
9,599.0,0.0,715.0,29.0,1301,1,0,1,Biker
9,599.0,0.0,715.0,29.0,1302,1,0,1,Biker
9,599.0,0.0,715.0,29.0,1303,1,0,1,Biker
9,599.0,0.0,715.0,29.0,1304,1,0,1,Biker
9,599.0,0.0,715.0,29.0,1305,1,0,1,Biker
9,599.0,0.0,715.0,29.0,1306,1,0,1,Biker
9,599.0,0.0,715.0,29.0,1307,1,0,1,Biker
9,599.0,0.0,715.0,29.0,1308,1,0,1,Biker
9,599.0,0.0,715.0,29.0,1309,1,0,1,Biker
9,599.0,0.0,715.0,29.0,1310,1,0,1,Biker
9,599.0,0.0,715.0,29.0,1311,1,0,1,Biker
9,599.0,0.0,715.0,29.0,1312,1,0,1,Biker
9,599.0,0.0,715.0,29.0,1313,1,0,1,Biker
9,599.0,0.0,715.0,29.0,1314,1,0,1,Biker
9,599.0,0.0,715.0,29.0,1315,1,0,1,Biker
9,599.0,0.0,715.0,29.0,1316,1,0,1,Biker
9,599.0,0.0,715.0,29.0,1317,1,0,1,Biker
9,599.0,0.0,715.0,29.0,1318,1,0,1,Biker
9,599.0,0.0,715.0,29.0,1319,1,0,1,Biker
9,599.0,0.0,715.0,29.0,1320,1,0,1,Biker
9,599.0,0.0,715.0,29.0,1321,1,0,1,Biker
9,599.0,0.0,715.0,29.0,1322,1,0,1,Biker
9,599.0,0.0,715.0,29.0,1323,1,0,1,Biker
9,599.0,0.0,715.0,29.0,1324,1,0,1,Biker
9,599.0,0.0,715.0,29.0,1325,1,0,1,Biker
9,599.0,0.0,715.0,29.0,1326,1,0,1,Biker
9,599.0,0.0,715.0,29.0,1327,1,0,1,Biker
9,599.0,0.0,715.0,29.0,1328,1,0,1,Biker
9,599.0,0.0,715.0,29.0,1329,1,0,1,Biker
9,599.0,0.0,715.0,29.0,1330,1,0,1,Biker
9,599.0,0.0,715.0,29.0,1331,1,0,1,Biker
9,599.0,0.0,715.0,29.0,1332,1,0,1,Biker
9,599.0,0.0,715.0,29.0,1333,1,0,1,Biker
9,599.0,0.0,715.0,29.0,1334,1,0,1,Biker
9,599.0,0.0,715.0,29.0,1335,1,0,1,Biker
9,599.0,0.0,715.0,29.0,1336,1,0,1,Biker
9,599.0,0.0,715.0,29.0,1337,1,0,1,Biker
9,599.0,0.0,715.0,29.0,1338,1,0,1,Biker
9,599.0,0.0,715.0,29.0,1339,1,0,1,Biker
9,599.0,0.0,715.0,29.0,1340,1,0,1,Biker
9,599.0,0.0,715.0,29.0,1341,1,0,1,Biker
9,599.0,0.0,715.0,29.0,1342,1,0,1,Biker
9,599.0,0.0,715.0,29.0,1343,1,0,1,Biker
9,599.0,0.0,715.0,29.0,1344,1,0,1,Biker
9,599.0,0.0,715.0,29.0,1345,1,0,1,Biker
9,599.0,0.0,715.0,29.0,1346,1,0,1,Biker
9,599.0,0.0,715.0,29.0,1347,1,0,1,Biker
9,599.0,0.0,715.0,29.0,1348,1,0,1,Biker
9,599.0,0.0,715.0,29.0,1349,1,0,1,Biker
9,599.0,0.0,715.0,29.0,1350,1,0,1,Biker
9,599.0,0.0,715.0,29.0,1351,1,0,1,Biker
9,599.0,0.0,715.0,29.0,1352,1,0,1,Biker
9,599.0,0.0,715.0,29.0,1353,1,0,1,Biker
9,599.0,0.0,715.0,29.0,1354,1,0,1,Biker
9,599.0,0.0,715.0,29.0,1355,1,0,1,Biker
9,599.0,0.0,715.0,29.0,1356,1,0,1,Biker
9,599.0,0.0,715.0,29.0,1357,1,0,1,Biker
9,599.0,0.0,715.0,29.0,1358,1,0,1,Biker
9,599.0,0.0,715.0,29.0,1359,1,0,1,Biker
9,599.0,0.0,715.0,29.0,1360,1,0,1,Biker
9,599.0,0.0,715.0,29.0,1361,1,0,1,Biker
9,599.0,0.0,715.0,29.0,1362,1,0,1,Biker
9,599.0,0.0,715.0,29.0,1363,1,0,1,Biker
9,599.0,0.0,715.0,29.0,1364,1,0,1,Biker
9,599.0,0.0,715.0,29.0,1365,1,0,1,Biker
9,599.0,0.0,715.0,29.0,1366,1,0,1,Biker
9,599.0,0.0,715.0,29.0,1367,1,0,1,Biker
9,599.0,0.0,715.0,29.0,1368,1,0,1,Biker
9,599.0,0.0,715.0,29.0,1369,1,0,1,Biker
9,599.0,0.0,715.0,29.0,1370,1,0,1,Biker
9,599.0,0.0,715.0,29.0,1371,1,0,1,Biker
9,599.0,0.0,715.0,29.0,1372,1,0,1,Biker
9,599.0,0.0,715.0,29.0,1373,1,0,1,Biker
9,599.0,0.0,715.0,29.0,1374,1,0,1,Biker
9,599.0,0.0,715.0,29.0,1375,1,0,1,Biker
9,599.0,0.0,715.0,29.0,1376,1,0,1,Biker
9,599.0,0.0,715.0,29.0,1377,1,0,1,Biker
9,599.0,0.0,715.0,29.0,1378,1,0,1,Biker
9,599.0,0.0,715.0,29.0,1379,1,0,1,Biker
9,599.0,0.0,715.0,29.0,1380,1,0,1,Biker
9,599.0,0.0,715.0,29.0,1381,1,0,1,Biker
9,599.0,0.0,715.0,29.0,1382,1,0,1,Biker
9,599.0,0.0,715.0,29.0,1383,1,0,1,Biker
9,599.0,0.0,715.0,29.0,1384,1,0,1,Biker
9,599.0,0.0,715.0,29.0,1385,1,0,1,Biker
9,599.0,0.0,715.0,29.0,1386,1,0,1,Biker
9,599.0,0.0,715.0,29.0,1387,1,0,1,Biker
9,599.0,0.0,715.0,29.0,1388,1,0,1,Biker
9,599.0,0.0,715.0,29.0,1389,1,0,1,Biker
9,599.0,0.0,715.0,29.0,1390,1,0,1,Biker
9,599.0,0.0,715.0,29.0,1391,1,0,1,Biker
9,599.0,0.0,715.0,29.0,1392,1,0,1,Biker
9,599.0,0.0,715.0,29.0,1393,1,0,1,Biker
9,599.0,0.0,715.0,29.0,1394,1,0,1,Biker
9,599.0,0.0,715.0,29.0,1395,1,0,1,Biker
9,599.0,0.0,715.0,29.0,1396,1,0,1,Biker
9,599.0,0.0,715.0,29.0,1397,1,0,1,Biker
9,599.0,0.0,715.0,29.0,1398,1,0,1,Biker
9,599.0,0.0,715.0,29.0,1399,1,0,1,Biker
9,599.0,0.0,715.0,29.0,1400,1,0,1,Biker
9,599.0,0.0,715.0,29.0,1401,1,0,1,Biker
9,599.0,0.0,715.0,29.0,1402,1,0,1,Biker
9,599.0,0.0,715.0,29.0,1403,1,0,1,Biker
9,599.0,0.0,715.0,29.0,1404,1,0,1,Biker
9,599.0,0.0,715.0,29.0,1405,1,0,1,Biker
9,599.0,0.0,715.0,29.0,1406,1,0,1,Biker
9,599.0,0.0,715.0,29.0,1407,1,0,1,Biker
9,599.0,0.0,715.0,29.0,1408,1,0,1,Biker
9,599.0,0.0,715.0,29.0,1409,1,0,1,Biker
9,599.0,0.0,715.0,29.0,1410,1,0,1,Biker
9,599.0,0.0,715.0,29.0,1411,1,0,1,Biker
9,599.0,0.0,715.0,29.0,1412,1,0,1,Biker
9,599.0,0.0,715.0,29.0,1413,1,0,1,Biker
9,599.0,0.0,715.0,29.0,1414,1,0,1,Biker
9,599.0,0.0,715.0,29.0,1415,1,0,1,Biker
9,599.0,0.0,715.0,29.0,1416,1,0,1,Biker
9,599.0,0.0,715.0,29.0,1417,1,0,1,Biker
9,599.0,0.0,715.0,29.0,1418,1,0,1,Biker
9,599.0,0.0,715.0,29.0,1419,1,0,1,Biker
9,599.0,0.0,715.0,29.0,1420,1,0,1,Biker
9,599.0,0.0,715.0,29.0,1421,1,0,1,Biker
9,599.0,0.0,715.0,29.0,1422,1,0,1,Biker
9,599.0,0.0,715.0,29.0,1423,1,0,1,Biker
9,599.0,0.0,715.0,29.0,1424,1,0,1,Biker
9,599.0,0.0,715.0,29.0,1425,1,0,1,Biker
9,599.0,0.0,715.0,29.0,1426,1,0,1,Biker
9,599.0,0.0,715.0,29.0,1427,1,0,1,Biker
9,599.0,0.0,715.0,29.0,1428,1,0,1,Biker
9,599.0,0.0,715.0,29.0,1429,1,0,1,Biker
9,599.0,0.0,715.0,29.0,1430,1,0,1,Biker
9,599.0,0.0,715.0,29.0,1431,1,0,1,Biker
9,599.0,0.0,715.0,29.0,1432,1,0,1,Biker
9,599.0,0.0,715.0,29.0,1433,1,0,1,Biker
9,599.0,0.0,715.0,29.0,1434,1,0,1,Biker
9,599.0,0.0,715.0,29.0,1435,1,0,1,Biker
9,599.0,0.0,715.0,29.0,1436,1,0,1,Biker
9,599.0,0.0,715.0,29.0,1437,1,0,1,Biker
9,599.0,0.0,715.0,29.0,1438,1,0,1,Biker
9,599.0,0.0,715.0,29.0,1439,1,0,1,Biker
9,599.0,0.0,715.0,29.0,1440,1,0,1,Biker
9,599.0,0.0,715.0,29.0,1441,1,0,1,Biker
9,599.0,0.0,715.0,29.0,1442,1,0,1,Biker
9,599.0,0.0,715.0,29.0,1443,1,0,1,Biker
9,599.0,0.0,715.0,29.0,1444,1,0,1,Biker
9,599.0,0.0,715.0,29.0,1445,1,0,1,Biker
9,599.0,0.0,715.0,29.0,1446,1,0,1,Biker
9,599.0,0.0,715.0,29.0,1447,1,0,1,Biker
9,599.0,0.0,715.0,29.0,1448,1,0,1,Biker
9,599.0,0.0,715.0,29.0,1449,1,0,1,Biker
9,599.0,0.0,715.0,29.0,1450,1,0,1,Biker
9,599.0,0.0,715.0,29.0,1451,1,0,1,Biker
9,599.0,0.0,715.0,29.0,1452,1,0,1,Biker
9,599.0,0.0,715.0,29.0,1453,1,0,1,Biker
9,599.0,0.0,715.0,29.0,1454,1,0,1,Biker
9,599.0,0.0,715.0,29.0,1455,1,0,1,Biker
9,599.0,0.0,715.0,29.0,1456,1,0,1,Biker
9,599.0,0.0,715.0,29.0,1457,1,0,1,Biker
9,599.0,0.0,715.0,29.0,1458,1,0,1,Biker
9,599.0,0.0,715.0,29.0,1459,1,0,1,Biker
9,599.0,0.0,715.0,29.0,1460,1,0,1,Biker
9,599.0,0.0,715.0,29.0,1461,1,0,1,Biker
9,599.0,0.0,715.0,29.0,1462,1,0,1,Biker
9,599.0,0.0,715.0,29.0,1463,1,0,1,Biker
9,599.0,0.0,715.0,29.0,1464,1,0,1,Biker
9,599.0,0.0,715.0,29.0,1465,1,0,1,Biker
9,599.0,0.0,715.0,29.0,1466,1,0,1,Biker
9,599.0,0.0,715.0,29.0,1467,1,0,1,Biker
9,599.0,0.0,715.0,29.0,1468,1,0,1,Biker
9,599.0,0.0,715.0,29.0,1469,1,0,1,Biker
9,599.0,0.0,715.0,29.0,1470,1,0,1,Biker
9,599.0,0.0,715.0,29.0,1471,1,0,1,Biker
9,599.0,0.0,715.0,29.0,1472,1,0,1,Biker
9,599.0,0.0,715.0,29.0,1473,1,0,1,Biker
9,599.0,0.0,715.0,29.0,1474,1,0,1,Biker
9,599.0,0.0,715.0,29.0,1475,1,0,1,Biker
9,599.0,0.0,715.0,29.0,1476,1,0,1,Biker
9,599.0,0.0,715.0,29.0,1477,1,0,1,Biker
9,599.0,0.0,715.0,29.0,1478,1,0,1,Biker
9,599.0,0.0,715.0,29.0,1479,1,0,1,Biker
9,599.0,0.0,715.0,29.0,1480,1,0,1,Biker
9,599.0,0.0,715.0,29.0,1481,1,0,1,Biker
9,599.0,0.0,715.0,29.0,1482,1,0,1,Biker
9,599.0,0.0,715.0,29.0,1483,1,0,1,Biker
9,599.0,0.0,715.0,29.0,1484,1,0,1,Biker
9,599.0,0.0,715.0,29.0,1485,1,0,1,Biker
9,599.0,0.0,715.0,29.0,1486,1,0,1,Biker
9,599.0,0.0,715.0,29.0,1487,1,0,1,Biker
9,599.0,0.0,715.0,29.0,1488,1,0,1,Biker
9,599.0,0.0,715.0,29.0,1489,1,0,1,Biker
9,599.0,0.0,715.0,29.0,1490,1,0,1,Biker
9,599.0,0.0,715.0,29.0,1491,1,0,1,Biker
9,599.0,0.0,715.0,29.0,1492,1,0,1,Biker
9,599.0,0.0,715.0,29.0,1493,1,0,1,Biker
9,599.0,0.0,715.0,29.0,1494,1,0,1,Biker
9,599.0,0.0,715.0,29.0,1495,1,0,1,Biker
9,599.0,0.0,715.0,29.0,1496,1,0,1,Biker
9,599.0,0.0,715.0,29.0,1497,1,0,1,Biker
9,599.0,0.0,715.0,29.0,1498,1,0,1,Biker
9,599.0,0.0,715.0,29.0,1499,1,0,1,Biker
9,599.0,0.0,715.0,29.0,1500,1,0,1,Biker
9,599.0,0.0,715.0,29.0,1501,1,0,1,Biker
9,599.0,0.0,715.0,29.0,1502,1,0,1,Biker
9,599.0,0.0,715.0,29.0,1503,1,0,1,Biker
9,599.0,0.0,715.0,29.0,1504,1,0,1,Biker
9,599.0,0.0,715.0,29.0,1505,1,0,1,Biker
9,599.0,0.0,715.0,29.0,1506,1,0,1,Biker
9,599.0,0.0,715.0,29.0,1507,1,0,1,Biker
9,599.0,0.0,715.0,29.0,1508,1,0,1,Biker
9,599.0,0.0,715.0,29.0,1509,1,0,1,Biker
9,599.0,0.0,715.0,29.0,1510,1,0,1,Biker
9,599.0,0.0,715.0,29.0,1511,1,0,1,Biker
9,599.0,0.0,715.0,29.0,1512,1,0,1,Biker
9,599.0,0.0,715.0,29.0,1513,1,0,1,Biker
9,599.0,0.0,715.0,29.0,1514,1,0,1,Biker
9,599.0,0.0,715.0,29.0,1515,1,0,1,Biker
9,599.0,0.0,715.0,29.0,1516,1,0,1,Biker
9,599.0,0.0,715.0,29.0,1517,1,0,1,Biker
9,599.0,0.0,715.0,29.0,1518,1,0,1,Biker
9,599.0,0.0,715.0,29.0,1519,1,0,1,Biker
9,599.0,0.0,715.0,29.0,1520,1,0,1,Biker
9,599.0,0.0,715.0,29.0,1521,1,0,1,Biker
9,599.0,0.0,715.0,29.0,1522,1,0,1,Biker
9,599.0,0.0,715.0,29.0,1523,1,0,1,Biker
9,599.0,0.0,715.0,29.0,1524,1,0,1,Biker
9,599.0,0.0,715.0,29.0,1525,1,0,1,Biker
9,599.0,0.0,715.0,29.0,1526,1,0,1,Biker
9,599.0,0.0,715.0,29.0,1527,1,0,1,Biker
9,599.0,0.0,715.0,29.0,1528,1,0,1,Biker
9,599.0,0.0,715.0,29.0,1529,1,0,1,Biker
9,599.0,0.0,715.0,29.0,1530,1,0,1,Biker
9,599.0,0.0,715.0,29.0,1531,1,0,0,Biker
10,390.0,1011.0,473.0,1088.0,11000,1,0,0,Pedestrian
10,390.0,1011.0,473.0,1088.0,11001,1,0,1,Pedestrian
10,390.0,1011.0,473.0,1088.0,11002,1,0,1,Pedestrian
10,390.0,1011.0,473.0,1088.0,11003,1,0,1,Pedestrian
10,390.0,1011.0,473.0,1088.0,11004,1,0,1,Pedestrian
10,390.0,1011.0,473.0,1088.0,11005,1,0,1,Pedestrian
10,390.0,1011.0,473.0,1088.0,11006,1,0,1,Pedestrian
10,390.0,1011.0,473.0,1088.0,11007,1,0,1,Pedestrian
10,390.0,1011.0,473.0,1088.0,11008,1,0,1,Pedestrian
10,390.0,1011.0,473.0,1088.0,11009,1,0,1,Pedestrian
10,390.0,1011.0,473.0,1088.0,11010,1,0,1,Pedestrian
10,390.0,1011.0,473.0,1088.0,11011,1,0,1,Pedestrian
10,390.0,1011.0,473.0,1088.0,11012,1,0,1,Pedestrian
10,390.0,1011.0,473.0,1088.0,11013,1,0,1,Pedestrian
10,390.0,1011.0,473.0,1088.0,11014,1,0,1,Pedestrian
10,390.0,1011.0,473.0,1088.0,11015,1,0,1,Pedestrian
10,390.0,1011.0,473.0,1088.0,11016,1,0,1,Pedestrian
10,390.0,1011.0,473.0,1088.0,11017,1,0,1,Pedestrian
10,390.0,1011.0,473.0,1088.0,11018,1,0,1,Pedestrian
10,390.0,1011.0,473.0,1088.0,11019,1,0,1,Pedestrian
10,390.0,1011.0,473.0,1088.0,11020,1,0,1,Pedestrian
10,390.0,1011.0,473.0,1088.0,11021,1,0,1,Pedestrian
10,390.0,1011.0,473.0,1088.0,11022,1,0,1,Pedestrian
10,390.0,1011.0,473.0,1088.0,11023,1,0,1,Pedestrian
10,390.0,1011.0,473.0,1088.0,11024,1,0,1,Pedestrian
10,390.0,1011.0,473.0,1088.0,11025,1,0,1,Pedestrian
10,390.0,1011.0,473.0,1088.0,11026,1,0,1,Pedestrian
10,390.0,1011.0,473.0,1088.0,11027,1,0,1,Pedestrian
10,390.0,1011.0,473.0,1088.0,11028,1,0,1,Pedestrian
10,390.0,1011.0,473.0,1088.0,11029,1,0,1,Pedestrian
10,390.0,1011.0,473.0,1088.0,11030,1,0,1,Pedestrian
10,390.0,1011.0,473.0,1088.0,11031,1,0,1,Pedestrian
10,390.0,1011.0,473.0,1088.0,11032,1,0,1,Pedestrian
10,390.0,1011.0,473.0,1088.0,11033,1,0,1,Pedestrian
10,390.0,1011.0,473.0,1088.0,11034,1,0,1,Pedestrian
10,390.0,1011.0,473.0,1088.0,11035,1,0,1,Pedestrian
10,390.0,1011.0,473.0,1088.0,11036,1,0,1,Pedestrian
10,390.0,1011.0,473.0,1088.0,11037,1,0,1,Pedestrian
10,390.0,1011.0,473.0,1088.0,11038,1,0,1,Pedestrian
10,390.0,1011.0,473.0,1088.0,11039,1,0,1,Pedestrian
10,390.0,1011.0,473.0,1088.0,11040,1,0,1,Pedestrian
10,390.0,1011.0,473.0,1088.0,11041,1,0,1,Pedestrian
10,390.0,1011.0,473.0,1088.0,11042,1,0,1,Pedestrian
10,390.0,1011.0,473.0,1088.0,11043,1,0,1,Pedestrian
10,390.0,1011.0,473.0,1088.0,11044,1,0,1,Pedestrian
10,390.0,1011.0,473.0,1088.0,11045,1,0,1,Pedestrian
10,390.0,1011.0,473.0,1088.0,11046,1,0,1,Pedestrian
10,390.0,1011.0,473.0,1088.0,11047,1,0,1,Pedestrian
10,390.0,1011.0,473.0,1088.0,11048,1,0,1,Pedestrian
10,390.0,1011.0,473.0,1088.0,11049,1,0,1,Pedestrian
10,390.0,1011.0,473.0,1088.0,11050,1,0,1,Pedestrian
10,390.0,1011.0,473.0,1088.0,11051,1,0,1,Pedestrian
10,390.0,1011.0,473.0,1088.0,11052,1,0,1,Pedestrian
10,390.0,1011.0,473.0,1088.0,11053,1,0,1,Pedestrian
10,390.0,1011.0,473.0,1088.0,11054,1,0,1,Pedestrian
10,390.0,1011.0,473.0,1088.0,11055,1,0,1,Pedestrian
10,390.0,1011.0,473.0,1088.0,11056,1,0,1,Pedestrian
10,390.0,1011.0,473.0,1088.0,11057,1,0,1,Pedestrian
10,390.0,1011.0,473.0,1088.0,11058,1,0,1,Pedestrian
10,390.0,1011.0,473.0,1088.0,11059,1,0,1,Pedestrian
10,390.0,1011.0,473.0,1088.0,11060,1,0,1,Pedestrian
10,390.0,1011.0,473.0,1088.0,11061,1,0,1,Pedestrian
10,390.0,1011.0,473.0,1088.0,11062,1,0,1,Pedestrian
10,390.0,1011.0,473.0,1088.0,11063,1,0,1,Pedestrian
10,390.0,1011.0,473.0,1088.0,11064,1,0,1,Pedestrian
10,390.0,1011.0,473.0,1088.0,11065,1,0,1,Pedestrian
10,390.0,1011.0,473.0,1088.0,11066,1,0,1,Pedestrian
10,390.0,1011.0,473.0,1088.0,11067,1,0,1,Pedestrian
10,390.0,1011.0,473.0,1088.0,11068,1,0,1,Pedestrian
10,390.0,1011.0,473.0,1088.0,11069,1,0,1,Pedestrian
10,390.0,1011.0,473.0,1088.0,11070,1,0,1,Pedestrian
10,390.0,1011.0,473.0,1088.0,11071,1,0,1,Pedestrian
10,390.0,1011.0,473.0,1088.0,11072,1,0,1,Pedestrian
10,390.0,1011.0,473.0,1088.0,11073,1,0,1,Pedestrian
10,390.0,1011.0,473.0,1088.0,11074,1,0,1,Pedestrian
10,390.0,1011.0,473.0,1088.0,11075,1,0,1,Pedestrian
10,390.0,1011.0,473.0,1088.0,11076,1,0,1,Pedestrian
10,390.0,1011.0,473.0,1088.0,11077,1,0,1,Pedestrian
10,390.0,1011.0,473.0,1088.0,11078,1,0,1,Pedestrian
10,390.0,1011.0,473.0,1088.0,11079,1,0,1,Pedestrian
10,390.0,1011.0,473.0,1088.0,11080,1,0,1,Pedestrian
10,390.0,1011.0,473.0,1088.0,11081,1,0,1,Pedestrian
10,390.0,1011.0,473.0,1088.0,11082,1,0,1,Pedestrian
10,390.0,1011.0,473.0,1088.0,11083,1,0,1,Pedestrian
10,390.0,1011.0,473.0,1088.0,11084,1,0,1,Pedestrian
10,390.0,1011.0,473.0,1088.0,11085,1,0,1,Pedestrian
10,390.0,1011.0,473.0,1088.0,11086,1,0,1,Pedestrian
10,390.0,1011.0,473.0,1088.0,11087,1,0,1,Pedestrian
10,390.0,1011.0,473.0,1088.0,11088,1,0,1,Pedestrian
10,390.0,1011.0,473.0,1088.0,11089,1,0,1,Pedestrian
10,390.0,1011.0,473.0,1088.0,11090,1,0,1,Pedestrian
10,390.0,1011.0,473.0,1088.0,11091,1,0,1,Pedestrian
10,390.0,1011.0,473.0,1088.0,11092,1,0,1,Pedestrian
10,390.0,1011.0,473.0,1088.0,11093,1,0,1,Pedestrian
10,390.0,1011.0,473.0,1088.0,11094,1,0,1,Pedestrian
10,390.0,1011.0,473.0,1088.0,11095,1,0,1,Pedestrian
10,390.0,1011.0,473.0,1088.0,11096,1,0,1,Pedestrian
10,390.0,1011.0,473.0,1088.0,11097,1,0,1,Pedestrian
10,390.0,1011.0,473.0,1088.0,11098,1,0,1,Pedestrian
10,390.0,1011.0,473.0,1088.0,11099,1,0,1,Pedestrian
10,390.0,1011.0,473.0,1088.0,11100,1,0,1,Pedestrian
10,390.0,1011.0,473.0,1088.0,11101,1,0,1,Pedestrian
10,390.0,1011.0,473.0,1088.0,11102,1,0,1,Pedestrian
10,390.0,1011.0,473.0,1088.0,11103,1,0,1,Pedestrian
10,390.0,1011.0,473.0,1088.0,11104,1,0,1,Pedestrian
10,390.0,1011.0,473.0,1088.0,11105,1,0,1,Pedestrian
10,390.0,1011.0,473.0,1088.0,11106,1,0,1,Pedestrian
10,390.0,1011.0,473.0,1088.0,11107,1,0,1,Pedestrian
10,390.0,1011.0,473.0,1088.0,11108,1,0,1,Pedestrian
10,390.0,1011.0,473.0,1088.0,11109,1,0,1,Pedestrian
10,390.0,1011.0,473.0,1088.0,11110,1,0,1,Pedestrian
10,390.0,1011.0,473.0,1088.0,11111,1,0,1,Pedestrian
10,390.0,1011.0,473.0,1088.0,11112,1,0,1,Pedestrian
10,390.0,1011.0,473.0,1088.0,11113,1,0,1,Pedestrian
10,390.0,1011.0,473.0,1088.0,11114,1,0,1,Pedestrian
10,390.0,1011.0,473.0,1088.0,11115,1,0,1,Pedestrian
10,390.0,1011.0,473.0,1088.0,11116,1,0,1,Pedestrian
10,390.0,1011.0,473.0,1088.0,11117,1,0,1,Pedestrian
10,390.0,1011.0,473.0,1088.0,11118,1,0,1,Pedestrian
10,390.0,1011.0,473.0,1088.0,11119,1,0,1,Pedestrian
10,390.0,1011.0,473.0,1088.0,11120,1,0,1,Pedestrian
10,390.0,1011.0,473.0,1088.0,11121,1,0,1,Pedestrian
10,390.0,1011.0,473.0,1088.0,11122,1,0,1,Pedestrian
10,390.0,1011.0,473.0,1088.0,11123,1,0,1,Pedestrian
10,390.0,1011.0,473.0,1088.0,11124,1,0,1,Pedestrian
10,390.0,1011.0,473.0,1088.0,11125,1,0,1,Pedestrian
10,390.0,1011.0,473.0,1088.0,11126,1,0,1,Pedestrian
10,390.0,1011.0,473.0,1088.0,11127,1,0,1,Pedestrian
10,390.0,1011.0,473.0,1088.0,11128,1,0,1,Pedestrian
10,390.0,1011.0,473.0,1088.0,11129,1,0,1,Pedestrian
10,390.0,1011.0,473.0,1088.0,11130,1,0,1,Pedestrian
10,390.0,1011.0,473.0,1088.0,11131,1,0,1,Pedestrian
10,390.0,1011.0,473.0,1088.0,11132,1,0,1,Pedestrian
10,390.0,1011.0,473.0,1088.0,11133,1,0,1,Pedestrian
10,390.0,1011.0,473.0,1088.0,11134,1,0,1,Pedestrian
10,390.0,1011.0,473.0,1088.0,11135,1,0,1,Pedestrian
10,390.0,1011.0,473.0,1088.0,11136,1,0,1,Pedestrian
10,390.0,1011.0,473.0,1088.0,11137,1,0,1,Pedestrian
10,390.0,1011.0,473.0,1088.0,11138,1,0,1,Pedestrian
10,390.0,1011.0,473.0,1088.0,11139,1,0,1,Pedestrian
10,390.0,1011.0,473.0,1088.0,11140,1,0,1,Pedestrian
10,390.0,1011.0,473.0,1088.0,11141,1,0,1,Pedestrian
10,390.0,1011.0,473.0,1088.0,11142,1,0,1,Pedestrian
10,390.0,1011.0,473.0,1088.0,11143,1,0,1,Pedestrian
10,390.0,1011.0,473.0,1088.0,11144,1,0,1,Pedestrian
10,390.0,1011.0,473.0,1088.0,11145,1,0,1,Pedestrian
10,390.0,1011.0,473.0,1088.0,11146,1,0,1,Pedestrian
10,390.0,1011.0,473.0,1088.0,11147,1,0,1,Pedestrian
10,390.0,1011.0,473.0,1088.0,11148,1,0,1,Pedestrian
10,390.0,1011.0,473.0,1088.0,11149,1,0,1,Pedestrian
10,390.0,1011.0,473.0,1088.0,11150,1,0,1,Pedestrian
10,390.0,1011.0,473.0,1088.0,11151,1,0,1,Pedestrian
10,390.0,1011.0,473.0,1088.0,11152,1,0,1,Pedestrian
10,390.0,1011.0,473.0,1088.0,11153,1,0,1,Pedestrian
10,390.0,1011.0,473.0,1088.0,11154,1,0,1,Pedestrian
10,390.0,1011.0,473.0,1088.0,11155,1,0,1,Pedestrian
10,390.0,1011.0,473.0,1088.0,11156,1,0,1,Pedestrian
10,390.0,1011.0,473.0,1088.0,11157,1,0,1,Pedestrian
10,390.0,1011.0,473.0,1088.0,11158,1,0,1,Pedestrian
10,390.0,1011.0,473.0,1088.0,11159,1,0,1,Pedestrian
10,390.0,1011.0,473.0,1088.0,11160,1,0,1,Pedestrian
10,390.0,1011.0,473.0,1088.0,11161,1,0,1,Pedestrian
10,390.0,1011.0,473.0,1088.0,11162,1,0,1,Pedestrian
10,390.0,1011.0,473.0,1088.0,11163,1,0,1,Pedestrian
10,390.0,1011.0,473.0,1088.0,11164,1,0,1,Pedestrian
10,390.0,1011.0,473.0,1088.0,11165,1,0,1,Pedestrian
10,390.0,1011.0,473.0,1088.0,11166,1,0,1,Pedestrian
10,390.0,1011.0,473.0,1088.0,11167,1,0,1,Pedestrian
10,390.0,1011.0,473.0,1088.0,11168,1,0,1,Pedestrian
10,390.0,1011.0,473.0,1088.0,11169,1,0,1,Pedestrian
10,390.0,1011.0,473.0,1088.0,11170,1,0,1,Pedestrian
10,390.0,1011.0,473.0,1088.0,11171,1,0,1,Pedestrian
10,390.0,1011.0,473.0,1088.0,11172,1,0,1,Pedestrian
10,390.0,1011.0,473.0,1088.0,11173,1,0,1,Pedestrian
10,390.0,1011.0,473.0,1088.0,11174,1,0,1,Pedestrian
10,390.0,1011.0,473.0,1088.0,11175,1,0,1,Pedestrian
10,390.0,1011.0,473.0,1088.0,11176,1,0,1,Pedestrian
10,390.0,1011.0,473.0,1088.0,11177,1,0,1,Pedestrian
10,390.0,1011.0,473.0,1088.0,11178,1,0,1,Pedestrian
10,390.0,1011.0,473.0,1088.0,11179,1,0,1,Pedestrian
10,390.0,1011.0,473.0,1088.0,11180,1,0,1,Pedestrian
10,390.0,1011.0,473.0,1088.0,11181,1,0,1,Pedestrian
10,390.0,1011.0,473.0,1088.0,11182,1,0,1,Pedestrian
10,390.0,1011.0,473.0,1088.0,11183,1,0,1,Pedestrian
10,390.0,1011.0,473.0,1088.0,11184,1,0,1,Pedestrian
10,390.0,1011.0,473.0,1088.0,11185,1,0,1,Pedestrian
10,390.0,1011.0,473.0,1088.0,11186,1,0,1,Pedestrian
10,390.0,1011.0,473.0,1088.0,11187,1,0,1,Pedestrian
10,390.0,1011.0,473.0,1088.0,11188,1,0,1,Pedestrian
10,390.0,1011.0,473.0,1088.0,11189,1,0,1,Pedestrian
10,390.0,1011.0,473.0,1088.0,11190,1,0,1,Pedestrian
10,390.0,1011.0,473.0,1088.0,11191,1,0,1,Pedestrian
10,390.0,1011.0,473.0,1088.0,11192,1,0,1,Pedestrian
10,390.0,1011.0,473.0,1088.0,11193,1,0,1,Pedestrian
10,390.0,1011.0,473.0,1088.0,11194,1,0,1,Pedestrian
10,390.0,1011.0,473.0,1088.0,11195,1,0,1,Pedestrian
10,390.0,1011.0,473.0,1088.0,11196,1,0,1,Pedestrian
10,390.0,1011.0,473.0,1088.0,11197,1,0,1,Pedestrian
10,390.0,1011.0,473.0,1088.0,11198,1,0,1,Pedestrian
10,390.0,1011.0,473.0,1088.0,11199,1,0,1,Pedestrian
10,390.0,1011.0,473.0,1088.0,11200,1,0,1,Pedestrian
10,390.0,1011.0,473.0,1088.0,11201,1,0,1,Pedestrian
10,390.0,1011.0,473.0,1088.0,11202,1,0,1,Pedestrian
10,390.0,1011.0,473.0,1088.0,11203,1,0,1,Pedestrian
10,390.0,1011.0,473.0,1088.0,11204,1,0,1,Pedestrian
10,390.0,1011.0,473.0,1088.0,11205,1,0,1,Pedestrian
10,390.0,1011.0,473.0,1088.0,11206,1,0,1,Pedestrian
10,390.0,1011.0,473.0,1088.0,11207,1,0,1,Pedestrian
10,390.0,1011.0,473.0,1088.0,11208,1,0,1,Pedestrian
10,390.0,1011.0,473.0,1088.0,11209,1,0,1,Pedestrian
10,390.0,1011.0,473.0,1088.0,11210,1,0,1,Pedestrian
10,390.0,1011.0,473.0,1088.0,11211,1,0,1,Pedestrian
10,390.0,1011.0,473.0,1088.0,11212,1,0,1,Pedestrian
10,390.0,1011.0,473.0,1088.0,11213,1,0,1,Pedestrian
10,390.0,1011.0,473.0,1088.0,11214,1,0,1,Pedestrian
10,390.0,1011.0,473.0,1088.0,11215,1,0,1,Pedestrian
10,390.0,1011.0,473.0,1088.0,11216,1,0,1,Pedestrian
10,390.0,1011.0,473.0,1088.0,11217,1,0,1,Pedestrian
10,390.0,1011.0,473.0,1088.0,11218,1,0,1,Pedestrian
10,390.0,1011.0,473.0,1088.0,11219,1,0,1,Pedestrian
10,390.0,1011.0,473.0,1088.0,11220,1,0,1,Pedestrian
10,390.0,1011.0,473.0,1088.0,11221,1,0,1,Pedestrian
10,390.0,1011.0,473.0,1088.0,11222,1,0,1,Pedestrian
10,390.0,1011.0,473.0,1088.0,11223,1,0,1,Pedestrian
10,390.0,1011.0,473.0,1088.0,11224,1,0,1,Pedestrian
10,390.0,1011.0,473.0,1088.0,11225,1,0,1,Pedestrian
10,390.0,1011.0,473.0,1088.0,11226,1,0,1,Pedestrian
10,390.0,1011.0,473.0,1088.0,11227,1,0,1,Pedestrian
10,390.0,1011.0,473.0,1088.0,11228,1,0,1,Pedestrian
10,390.0,1011.0,473.0,1088.0,11229,1,0,1,Pedestrian
10,390.0,1011.0,473.0,1088.0,11230,1,0,1,Pedestrian
10,390.0,1011.0,473.0,1088.0,11231,1,0,1,Pedestrian
10,390.0,1011.0,473.0,1088.0,11232,1,0,1,Pedestrian
10,390.0,1011.0,473.0,1088.0,11233,1,0,1,Pedestrian
10,390.0,1011.0,473.0,1088.0,11234,1,0,1,Pedestrian
10,390.0,1011.0,473.0,1088.0,11235,1,0,1,Pedestrian
10,390.0,1011.0,473.0,1088.0,11236,1,0,1,Pedestrian
10,390.0,1011.0,473.0,1088.0,11237,1,0,1,Pedestrian
10,390.0,1011.0,473.0,1088.0,11238,1,0,1,Pedestrian
10,390.0,1011.0,473.0,1088.0,11239,1,0,1,Pedestrian
10,390.0,1011.0,473.0,1088.0,11240,1,0,1,Pedestrian
10,390.0,1011.0,473.0,1088.0,11241,1,0,1,Pedestrian
10,390.0,1011.0,473.0,1088.0,11242,1,0,1,Pedestrian
10,390.0,1011.0,473.0,1088.0,11243,1,0,1,Pedestrian
10,390.0,1011.0,473.0,1088.0,11244,0,0,0,Pedestrian
10,387.0,1008.0,470.0,1086.0,11245,0,0,1,Pedestrian
10,387.0,1008.0,470.0,1086.0,11246,0,0,1,Pedestrian
10,385.0,1008.0,467.0,1086.0,11247,0,0,1,Pedestrian
10,385.0,1006.0,467.0,1083.0,11248,0,0,1,Pedestrian
10,382.0,1006.0,467.0,1083.0,11249,0,0,1,Pedestrian
10,382.0,1006.0,464.0,1083.0,11250,0,0,1,Pedestrian
10,382.0,1006.0,464.0,1083.0,11251,0,0,1,Pedestrian
10,379.0,1004.0,462.0,1081.0,11252,0,0,1,Pedestrian
10,379.0,1004.0,462.0,1081.0,11253,0,0,1,Pedestrian
10,376.0,1004.0,462.0,1081.0,11254,0,0,1,Pedestrian
10,376.0,1004.0,459.0,1081.0,11255,0,0,1,Pedestrian
10,376.0,1001.0,459.0,1079.0,11256,0,0,1,Pedestrian
10,374.0,1001.0,456.0,1079.0,11257,0,0,1,Pedestrian
10,374.0,1001.0,456.0,1079.0,11258,0,0,1,Pedestrian
10,371.0,999.0,456.0,1077.0,11259,0,0,1,Pedestrian
10,371.0,999.0,453.0,1077.0,11260,0,0,1,Pedestrian
10,368.0,999.0,453.0,1077.0,11261,0,0,1,Pedestrian
10,368.0,999.0,451.0,1077.0,11262,0,0,1,Pedestrian
10,368.0,997.0,451.0,1074.0,11263,0,0,1,Pedestrian
10,365.0,997.0,451.0,1074.0,11264,0,0,1,Pedestrian
10,365.0,997.0,448.0,1074.0,11265,0,0,1,Pedestrian
10,363.0,997.0,448.0,1074.0,11266,0,0,1,Pedestrian
10,363.0,995.0,445.0,1072.0,11267,0,0,1,Pedestrian
10,363.0,995.0,445.0,1072.0,11268,0,0,1,Pedestrian
10,360.0,995.0,445.0,1072.0,11269,0,0,1,Pedestrian
10,360.0,992.0,442.0,1070.0,11270,0,0,1,Pedestrian
10,357.0,992.0,442.0,1070.0,11271,0,0,1,Pedestrian
10,357.0,992.0,440.0,1070.0,11272,0,0,1,Pedestrian
10,354.0,992.0,440.0,1070.0,11273,0,0,1,Pedestrian
10,354.0,990.0,440.0,1067.0,11274,0,0,1,Pedestrian
10,354.0,990.0,437.0,1067.0,11275,0,0,1,Pedestrian
10,352.0,990.0,437.0,1067.0,11276,0,0,1,Pedestrian
10,352.0,990.0,434.0,1067.0,11277,0,0,1,Pedestrian
10,349.0,988.0,434.0,1065.0,11278,0,0,1,Pedestrian
10,349.0,988.0,434.0,1065.0,11279,0,0,1,Pedestrian
10,349.0,988.0,431.0,1065.0,11280,0,0,1,Pedestrian
10,346.0,985.0,431.0,1063.0,11281,0,0,1,Pedestrian
10,346.0,985.0,429.0,1063.0,11282,0,0,1,Pedestrian
10,343.0,985.0,429.0,1063.0,11283,0,0,1,Pedestrian
10,343.0,985.0,429.0,1063.0,11284,0,0,1,Pedestrian
10,343.0,983.0,426.0,1061.0,11285,0,0,1,Pedestrian
10,341.0,983.0,426.0,1061.0,11286,0,0,1,Pedestrian
10,341.0,983.0,423.0,1061.0,11287,0,0,1,Pedestrian
10,338.0,983.0,423.0,1061.0,11288,0,0,1,Pedestrian
10,338.0,981.0,423.0,1058.0,11289,0,0,1,Pedestrian
10,335.0,981.0,420.0,1058.0,11290,0,0,1,Pedestrian
10,335.0,981.0,420.0,1058.0,11291,0,0,1,Pedestrian
10,335.0,979.0,418.0,1056.0,11292,0,0,1,Pedestrian
10,332.0,979.0,418.0,1056.0,11293,0,0,1,Pedestrian
10,332.0,979.0,418.0,1056.0,11294,0,0,1,Pedestrian
10,330.0,979.0,415.0,1056.0,11295,0,0,1,Pedestrian
10,330.0,976.0,415.0,1054.0,11296,0,0,1,Pedestrian
10,330.0,976.0,412.0,1054.0,11297,0,0,1,Pedestrian
10,327.0,976.0,412.0,1054.0,11298,0,0,1,Pedestrian
10,327.0,976.0,412.0,1054.0,11299,0,0,1,Pedestrian
10,324.0,974.0,409.0,1052.0,11300,0,0,1,Pedestrian
10,324.0,974.0,409.0,1052.0,11301,0,0,1,Pedestrian
10,321.0,974.0,407.0,1052.0,11302,0,0,1,Pedestrian
10,321.0,972.0,407.0,1049.0,11303,0,0,1,Pedestrian
10,321.0,972.0,407.0,1049.0,11304,0,0,1,Pedestrian
10,319.0,972.0,404.0,1049.0,11305,0,0,1,Pedestrian
10,319.0,972.0,404.0,1049.0,11306,0,0,1,Pedestrian
10,316.0,970.0,401.0,1047.0,11307,0,0,1,Pedestrian
10,316.0,970.0,401.0,1047.0,11308,0,0,1,Pedestrian
10,316.0,970.0,401.0,1047.0,11309,0,0,1,Pedestrian
10,313.0,970.0,398.0,1047.0,11310,0,0,1,Pedestrian
10,313.0,967.0,398.0,1045.0,11311,0,0,1,Pedestrian
10,310.0,967.0,396.0,1045.0,11312,0,0,1,Pedestrian
10,310.0,967.0,396.0,1045.0,11313,0,0,1,Pedestrian
10,310.0,967.0,396.0,1045.0,11314,0,0,0,Pedestrian
10,308.0,965.0,393.0,1042.0,11315,0,0,1,Pedestrian
10,305.0,965.0,393.0,1042.0,11316,0,0,1,Pedestrian
10,302.0,965.0,390.0,1040.0,11317,0,0,1,Pedestrian
10,302.0,963.0,390.0,1040.0,11318,0,0,1,Pedestrian
10,299.0,963.0,387.0,1040.0,11319,0,0,1,Pedestrian
10,297.0,963.0,387.0,1038.0,11320,0,0,1,Pedestrian
10,297.0,960.0,387.0,1038.0,11321,0,0,1,Pedestrian
10,294.0,960.0,385.0,1038.0,11322,0,0,1,Pedestrian
10,291.0,960.0,385.0,1036.0,11323,0,0,1,Pedestrian
10,291.0,960.0,382.0,1036.0,11324,0,0,1,Pedestrian
10,288.0,958.0,382.0,1036.0,11325,0,0,1,Pedestrian
10,286.0,958.0,379.0,1033.0,11326,0,0,1,Pedestrian
10,283.0,958.0,379.0,1033.0,11327,0,0,1,Pedestrian
10,283.0,956.0,379.0,1031.0,11328,0,0,1,Pedestrian
10,280.0,956.0,376.0,1031.0,11329,0,0,1,Pedestrian
10,277.0,956.0,376.0,1031.0,11330,0,0,1,Pedestrian
10,277.0,954.0,374.0,1029.0,11331,0,0,1,Pedestrian
10,275.0,954.0,374.0,1029.0,11332,0,0,1,Pedestrian
10,272.0,954.0,374.0,1029.0,11333,0,0,1,Pedestrian
10,272.0,954.0,371.0,1026.0,11334,0,0,1,Pedestrian
10,269.0,951.0,371.0,1026.0,11335,0,0,1,Pedestrian
10,266.0,951.0,368.0,1026.0,11336,0,0,1,Pedestrian
10,264.0,951.0,368.0,1024.0,11337,0,0,1,Pedestrian
10,264.0,949.0,365.0,1024.0,11338,0,0,1,Pedestrian
10,261.0,949.0,365.0,1024.0,11339,0,0,1,Pedestrian
10,258.0,949.0,365.0,1022.0,11340,0,0,1,Pedestrian
10,258.0,947.0,363.0,1022.0,11341,0,0,1,Pedestrian
10,255.0,947.0,363.0,1020.0,11342,0,0,1,Pedestrian
10,253.0,947.0,360.0,1020.0,11343,0,0,1,Pedestrian
10,253.0,947.0,360.0,1020.0,11344,0,0,1,Pedestrian
10,250.0,944.0,357.0,1017.0,11345,0,0,1,Pedestrian
10,247.0,944.0,357.0,1017.0,11346,0,0,1,Pedestrian
10,244.0,944.0,357.0,1017.0,11347,0,0,1,Pedestrian
10,244.0,942.0,354.0,1015.0,11348,0,0,1,Pedestrian
10,242.0,942.0,354.0,1015.0,11349,0,0,1,Pedestrian
10,239.0,942.0,352.0,1015.0,11350,0,0,1,Pedestrian
10,239.0,940.0,352.0,1013.0,11351,0,0,1,Pedestrian
10,236.0,940.0,352.0,1013.0,11352,0,0,1,Pedestrian
10,233.0,940.0,349.0,1011.0,11353,0,0,1,Pedestrian
10,233.0,940.0,349.0,1011.0,11354,0,0,1,Pedestrian
10,231.0,938.0,346.0,1011.0,11355,0,0,1,Pedestrian
10,228.0,938.0,346.0,1008.0,11356,0,0,1,Pedestrian
10,225.0,938.0,343.0,1008.0,11357,0,0,1,Pedestrian
10,225.0,935.0,343.0,1008.0,11358,0,0,1,Pedestrian
10,222.0,935.0,343.0,1006.0,11359,0,0,1,Pedestrian
10,220.0,935.0,341.0,1006.0,11360,0,0,1,Pedestrian
10,220.0,933.0,341.0,1006.0,11361,0,0,1,Pedestrian
10,217.0,933.0,338.0,1004.0,11362,0,0,1,Pedestrian
10,214.0,933.0,338.0,1004.0,11363,0,0,1,Pedestrian
10,214.0,933.0,338.0,1004.0,11364,0,0,0,Pedestrian
10,211.0,931.0,335.0,1001.0,11365,0,0,1,Pedestrian
10,209.0,931.0,332.0,1001.0,11366,0,0,1,Pedestrian
10,209.0,931.0,332.0,1001.0,11367,0,0,1,Pedestrian
10,206.0,929.0,330.0,999.0,11368,0,0,1,Pedestrian
10,203.0,929.0,327.0,999.0,11369,0,0,1,Pedestrian
10,203.0,929.0,327.0,999.0,11370,0,0,1,Pedestrian
10,200.0,929.0,324.0,999.0,11371,0,0,1,Pedestrian
10,198.0,926.0,321.0,997.0,11372,0,0,1,Pedestrian
10,198.0,926.0,321.0,997.0,11373,0,0,1,Pedestrian
10,195.0,926.0,319.0,997.0,11374,0,0,1,Pedestrian
10,192.0,924.0,316.0,995.0,11375,0,0,1,Pedestrian
10,192.0,924.0,316.0,995.0,11376,0,0,1,Pedestrian
10,189.0,924.0,313.0,995.0,11377,0,0,1,Pedestrian
10,189.0,924.0,313.0,995.0,11378,0,0,1,Pedestrian
10,187.0,922.0,310.0,992.0,11379,0,0,1,Pedestrian
10,184.0,922.0,308.0,992.0,11380,0,0,1,Pedestrian
10,184.0,922.0,308.0,992.0,11381,0,0,1,Pedestrian
10,181.0,919.0,305.0,990.0,11382,0,0,1,Pedestrian
10,178.0,919.0,302.0,990.0,11383,0,0,1,Pedestrian
10,178.0,919.0,302.0,990.0,11384,0,0,1,Pedestrian
10,176.0,919.0,299.0,990.0,11385,0,0,1,Pedestrian
10,173.0,917.0,297.0,988.0,11386,0,0,1,Pedestrian
10,173.0,917.0,297.0,988.0,11387,0,0,1,Pedestrian
10,170.0,917.0,294.0,988.0,11388,0,0,1,Pedestrian
10,170.0,917.0,294.0,988.0,11389,0,0,1,Pedestrian
10,167.0,915.0,291.0,985.0,11390,0,0,1,Pedestrian
10,165.0,915.0,288.0,985.0,11391,0,0,1,Pedestrian
10,165.0,915.0,288.0,985.0,11392,0,0,1,Pedestrian
10,162.0,913.0,286.0,983.0,11393,0,0,1,Pedestrian
10,159.0,913.0,283.0,983.0,11394,0,0,1,Pedestrian
10,159.0,913.0,283.0,983.0,11395,0,0,1,Pedestrian
10,156.0,913.0,280.0,983.0,11396,0,0,1,Pedestrian
10,154.0,910.0,277.0,981.0,11397,0,0,1,Pedestrian
10,154.0,910.0,277.0,981.0,11398,0,0,1,Pedestrian
10,151.0,910.0,275.0,981.0,11399,0,0,1,Pedestrian
10,148.0,908.0,272.0,979.0,11400,0,0,1,Pedestrian
10,148.0,908.0,272.0,979.0,11401,0,0,1,Pedestrian
10,145.0,908.0,269.0,979.0,11402,0,0,1,Pedestrian
10,145.0,908.0,269.0,979.0,11403,0,0,1,Pedestrian
10,143.0,906.0,266.0,976.0,11404,0,0,1,Pedestrian
10,140.0,906.0,264.0,976.0,11405,0,0,1,Pedestrian
10,140.0,906.0,264.0,976.0,11406,0,0,1,Pedestrian
10,137.0,904.0,261.0,974.0,11407,0,0,1,Pedestrian
10,134.0,904.0,258.0,974.0,11408,0,0,1,Pedestrian
10,134.0,904.0,258.0,974.0,11409,0,0,1,Pedestrian
10,132.0,904.0,255.0,974.0,11410,0,0,1,Pedestrian
10,129.0,901.0,253.0,972.0,11411,0,0,1,Pedestrian
10,129.0,901.0,253.0,972.0,11412,0,0,1,Pedestrian
10,126.0,901.0,250.0,972.0,11413,0,0,1,Pedestrian
10,126.0,901.0,250.0,972.0,11414,0,0,0,Pedestrian
10,123.0,899.0,247.0,970.0,11415,0,0,1,Pedestrian
10,121.0,899.0,244.0,970.0,11416,0,0,1,Pedestrian
10,121.0,899.0,244.0,970.0,11417,0,0,1,Pedestrian
10,118.0,897.0,242.0,967.0,11418,0,0,1,Pedestrian
10,118.0,897.0,239.0,967.0,11419,0,0,1,Pedestrian
10,115.0,897.0,239.0,967.0,11420,0,0,1,Pedestrian
10,112.0,894.0,236.0,965.0,11421,0,0,1,Pedestrian
10,112.0,894.0,236.0,965.0,11422,0,0,1,Pedestrian
10,110.0,894.0,233.0,965.0,11423,0,0,1,Pedestrian
10,110.0,894.0,231.0,965.0,11424,0,0,1,Pedestrian
10,107.0,892.0,231.0,963.0,11425,0,0,1,Pedestrian
10,104.0,892.0,228.0,963.0,11426,0,0,1,Pedestrian
10,104.0,892.0,225.0,963.0,11427,0,0,1,Pedestrian
10,101.0,890.0,225.0,960.0,11428,0,0,1,Pedestrian
10,101.0,890.0,222.0,960.0,11429,0,0,1,Pedestrian
10,99.0,890.0,222.0,960.0,11430,0,0,1,Pedestrian
10,96.0,888.0,220.0,958.0,11431,0,0,1,Pedestrian
10,96.0,888.0,217.0,958.0,11432,0,0,1,Pedestrian
10,93.0,888.0,217.0,958.0,11433,0,0,1,Pedestrian
10,93.0,888.0,214.0,958.0,11434,0,0,1,Pedestrian
10,90.0,885.0,211.0,956.0,11435,0,0,1,Pedestrian
10,88.0,885.0,211.0,956.0,11436,0,0,1,Pedestrian
10,88.0,885.0,209.0,956.0,11437,0,0,1,Pedestrian
10,85.0,883.0,209.0,954.0,11438,0,0,1,Pedestrian
10,85.0,883.0,206.0,954.0,11439,0,0,1,Pedestrian
10,82.0,883.0,203.0,954.0,11440,0,0,1,Pedestrian
10,79.0,881.0,203.0,951.0,11441,0,0,1,Pedestrian
10,79.0,881.0,200.0,951.0,11442,0,0,1,Pedestrian
10,77.0,881.0,200.0,951.0,11443,0,0,1,Pedestrian
10,77.0,881.0,198.0,951.0,11444,0,0,1,Pedestrian
10,74.0,878.0,195.0,949.0,11445,0,0,1,Pedestrian
10,71.0,878.0,195.0,949.0,11446,0,0,1,Pedestrian
10,71.0,878.0,192.0,949.0,11447,0,0,1,Pedestrian
10,68.0,876.0,189.0,947.0,11448,0,0,1,Pedestrian
10,68.0,876.0,189.0,947.0,11449,0,0,1,Pedestrian
10,66.0,876.0,187.0,947.0,11450,0,0,1,Pedestrian
10,63.0,874.0,187.0,944.0,11451,0,0,1,Pedestrian
10,63.0,874.0,184.0,944.0,11452,0,0,1,Pedestrian
10,60.0,874.0,181.0,944.0,11453,0,0,1,Pedestrian
10,60.0,874.0,181.0,944.0,11454,0,0,1,Pedestrian
10,57.0,872.0,178.0,942.0,11455,0,0,1,Pedestrian
10,55.0,872.0,176.0,942.0,11456,0,0,1,Pedestrian
10,55.0,872.0,176.0,942.0,11457,0,0,1,Pedestrian
10,52.0,869.0,173.0,940.0,11458,0,0,1,Pedestrian
10,52.0,869.0,173.0,940.0,11459,0,0,1,Pedestrian
10,49.0,869.0,170.0,940.0,11460,0,0,1,Pedestrian
10,46.0,867.0,167.0,938.0,11461,0,0,1,Pedestrian
10,46.0,867.0,167.0,938.0,11462,0,0,1,Pedestrian
10,44.0,867.0,165.0,938.0,11463,0,0,1,Pedestrian
10,44.0,867.0,165.0,938.0,11464,0,0,0,Pedestrian
10,41.0,867.0,162.0,938.0,11465,0,0,1,Pedestrian
10,38.0,867.0,159.0,938.0,11466,0,0,1,Pedestrian
10,38.0,867.0,156.0,938.0,11467,0,0,1,Pedestrian
10,35.0,867.0,154.0,938.0,11468,0,0,1,Pedestrian
10,35.0,867.0,154.0,938.0,11469,0,0,1,Pedestrian
10,33.0,867.0,151.0,938.0,11470,0,0,1,Pedestrian
10,33.0,867.0,148.0,938.0,11471,0,0,1,Pedestrian
10,30.0,867.0,145.0,938.0,11472,0,0,1,Pedestrian
10,30.0,867.0,143.0,938.0,11473,0,0,1,Pedestrian
10,27.0,867.0,143.0,938.0,11474,0,0,1,Pedestrian
10,27.0,867.0,140.0,938.0,11475,0,0,1,Pedestrian
10,24.0,867.0,137.0,938.0,11476,0,0,1,Pedestrian
10,24.0,867.0,134.0,938.0,11477,0,0,1,Pedestrian
10,22.0,867.0,132.0,938.0,11478,0,0,1,Pedestrian
10,22.0,867.0,132.0,938.0,11479,0,0,1,Pedestrian
10,19.0,867.0,129.0,938.0,11480,0,0,1,Pedestrian
10,16.0,867.0,126.0,938.0,11481,0,0,1,Pedestrian
10,16.0,867.0,123.0,938.0,11482,0,0,1,Pedestrian
10,13.0,867.0,121.0,938.0,11483,0,0,1,Pedestrian
10,13.0,867.0,121.0,938.0,11484,0,0,1,Pedestrian
10,11.0,867.0,118.0,938.0,11485,0,0,1,Pedestrian
10,11.0,867.0,115.0,938.0,11486,0,0,1,Pedestrian
10,8.0,867.0,112.0,938.0,11487,0,0,1,Pedestrian
10,8.0,867.0,110.0,938.0,11488,0,0,1,Pedestrian
10,5.0,867.0,110.0,938.0,11489,0,0,1,Pedestrian
10,5.0,867.0,107.0,938.0,11490,0,0,1,Pedestrian
10,2.0,867.0,104.0,938.0,11491,0,0,1,Pedestrian
10,2.0,867.0,101.0,938.0,11492,0,0,1,Pedestrian
10,0.0,867.0,99.0,938.0,11493,0,0,1,Pedestrian
10,0.0,867.0,99.0,938.0,11494,0,0,0,Pedestrian
10,0.0,865.0,96.0,935.0,11495,0,0,1,Pedestrian
10,0.0,865.0,93.0,935.0,11496,0,0,1,Pedestrian
10,0.0,865.0,90.0,935.0,11497,0,0,1,Pedestrian
10,0.0,863.0,88.0,933.0,11498,0,0,1,Pedestrian
10,0.0,863.0,85.0,933.0,11499,0,0,1,Pedestrian
10,0.0,863.0,82.0,933.0,11500,0,0,0,Pedestrian
10,0.0,860.0,79.0,933.0,11501,0,0,1,Pedestrian
10,0.0,858.0,77.0,933.0,11502,0,0,1,Pedestrian
10,0.0,856.0,74.0,933.0,11503,0,0,1,Pedestrian
10,0.0,853.0,71.0,933.0,11504,0,0,1,Pedestrian
10,0.0,851.0,68.0,933.0,11505,0,0,1,Pedestrian
10,0.0,849.0,66.0,933.0,11506,0,0,1,Pedestrian
10,0.0,847.0,63.0,933.0,11507,0,0,1,Pedestrian
10,0.0,844.0,60.0,933.0,11508,0,0,1,Pedestrian
10,0.0,842.0,57.0,933.0,11509,0,0,1,Pedestrian
10,0.0,840.0,57.0,933.0,11510,0,0,0,Pedestrian
10,0.0,840.0,52.0,931.0,11511,0,0,1,Pedestrian
10,0.0,840.0,49.0,931.0,11512,0,0,1,Pedestrian
10,0.0,840.0,46.0,931.0,11513,0,0,1,Pedestrian
10,0.0,840.0,44.0,931.0,11514,0,0,1,Pedestrian
10,0.0,840.0,41.0,931.0,11515,0,0,1,Pedestrian
10,0.0,840.0,38.0,929.0,11516,0,0,1,Pedestrian
10,0.0,840.0,35.0,929.0,11517,0,0,1,Pedestrian
10,0.0,840.0,33.0,929.0,11518,0,0,1,Pedestrian
10,0.0,840.0,30.0,929.0,11519,0,0,1,Pedestrian
10,0.0,840.0,27.0,929.0,11520,1,0,0,Pedestrian
10,0.0,840.0,27.0,929.0,11521,1,0,1,Pedestrian
10,0.0,840.0,27.0,929.0,11522,1,0,1,Pedestrian
10,0.0,840.0,27.0,929.0,11523,1,0,1,Pedestrian
10,0.0,840.0,27.0,929.0,11524,1,0,1,Pedestrian
10,0.0,840.0,27.0,929.0,11525,1,0,1,Pedestrian
10,0.0,840.0,27.0,929.0,11526,1,0,1,Pedestrian
10,0.0,840.0,27.0,929.0,11527,1,0,1,Pedestrian
10,0.0,840.0,27.0,929.0,11528,1,0,1,Pedestrian
10,0.0,840.0,27.0,929.0,11529,1,0,1,Pedestrian
10,0.0,840.0,27.0,929.0,11530,1,0,0,Pedestrian
10,0.0,840.0,27.0,929.0,11531,1,0,1,Pedestrian
10,0.0,840.0,27.0,929.0,11532,1,0,1,Pedestrian
10,0.0,840.0,27.0,929.0,11533,1,0,1,Pedestrian
10,0.0,840.0,27.0,929.0,11534,1,0,1,Pedestrian
10,0.0,840.0,27.0,929.0,11535,1,0,1,Pedestrian
10,0.0,840.0,27.0,929.0,11536,1,0,1,Pedestrian
10,0.0,840.0,27.0,929.0,11537,1,0,1,Pedestrian
10,0.0,840.0,27.0,929.0,11538,1,0,1,Pedestrian
10,0.0,840.0,27.0,929.0,11539,1,0,1,Pedestrian
10,0.0,840.0,27.0,929.0,11540,1,0,1,Pedestrian
10,0.0,840.0,27.0,929.0,11541,1,0,1,Pedestrian
10,0.0,840.0,27.0,929.0,11542,1,0,1,Pedestrian
10,0.0,840.0,27.0,929.0,11543,1,0,1,Pedestrian
10,0.0,840.0,27.0,929.0,11544,1,0,1,Pedestrian
10,0.0,840.0,27.0,929.0,11545,1,0,1,Pedestrian
10,0.0,840.0,27.0,929.0,11546,1,0,1,Pedestrian
10,0.0,840.0,27.0,929.0,11547,1,0,1,Pedestrian
10,0.0,840.0,27.0,929.0,11548,1,0,1,Pedestrian
10,0.0,840.0,27.0,929.0,11549,1,0,1,Pedestrian
10,0.0,840.0,27.0,929.0,11550,1,0,1,Pedestrian
10,0.0,840.0,27.0,929.0,11551,1,0,1,Pedestrian
10,0.0,840.0,27.0,929.0,11552,1,0,1,Pedestrian
10,0.0,840.0,27.0,929.0,11553,1,0,1,Pedestrian
10,0.0,840.0,27.0,929.0,11554,1,0,1,Pedestrian
10,0.0,840.0,27.0,929.0,11555,1,0,1,Pedestrian
10,0.0,840.0,27.0,929.0,11556,1,0,1,Pedestrian
10,0.0,840.0,27.0,929.0,11557,1,0,1,Pedestrian
10,0.0,840.0,27.0,929.0,11558,1,0,1,Pedestrian
10,0.0,840.0,27.0,929.0,11559,1,0,1,Pedestrian
10,0.0,840.0,27.0,929.0,11560,1,0,1,Pedestrian
10,0.0,840.0,27.0,929.0,11561,1,0,1,Pedestrian
10,0.0,840.0,27.0,929.0,11562,1,0,1,Pedestrian
10,0.0,840.0,27.0,929.0,11563,1,0,1,Pedestrian
10,0.0,840.0,27.0,929.0,11564,1,0,1,Pedestrian
10,0.0,840.0,27.0,929.0,11565,1,0,1,Pedestrian
10,0.0,840.0,27.0,929.0,11566,1,0,1,Pedestrian
10,0.0,840.0,27.0,929.0,11567,1,0,1,Pedestrian
10,0.0,840.0,27.0,929.0,11568,1,0,1,Pedestrian
10,0.0,840.0,27.0,929.0,11569,1,0,1,Pedestrian
10,0.0,840.0,27.0,929.0,11570,1,0,1,Pedestrian
10,0.0,840.0,27.0,929.0,11571,1,0,1,Pedestrian
10,0.0,840.0,27.0,929.0,11572,1,0,1,Pedestrian
10,0.0,840.0,27.0,929.0,11573,1,0,1,Pedestrian
10,0.0,840.0,27.0,929.0,11574,1,0,1,Pedestrian
10,0.0,840.0,27.0,929.0,11575,1,0,1,Pedestrian
10,0.0,840.0,27.0,929.0,11576,1,0,1,Pedestrian
10,0.0,840.0,27.0,929.0,11577,1,0,1,Pedestrian
10,0.0,840.0,27.0,929.0,11578,1,0,1,Pedestrian
10,0.0,840.0,27.0,929.0,11579,1,0,1,Pedestrian
10,0.0,840.0,27.0,929.0,11580,1,0,1,Pedestrian
10,0.0,840.0,27.0,929.0,11581,1,0,1,Pedestrian
10,0.0,840.0,27.0,929.0,11582,1,0,1,Pedestrian
10,0.0,840.0,27.0,929.0,11583,1,0,1,Pedestrian
10,0.0,840.0,27.0,929.0,11584,1,0,1,Pedestrian
10,0.0,840.0,27.0,929.0,11585,1,0,1,Pedestrian
10,0.0,840.0,27.0,929.0,11586,1,0,1,Pedestrian
10,0.0,840.0,27.0,929.0,11587,1,0,1,Pedestrian
10,0.0,840.0,27.0,929.0,11588,1,0,1,Pedestrian
10,0.0,840.0,27.0,929.0,11589,1,0,1,Pedestrian
10,0.0,840.0,27.0,929.0,11590,1,0,1,Pedestrian
10,0.0,840.0,27.0,929.0,11591,1,0,1,Pedestrian
10,0.0,840.0,27.0,929.0,11592,1,0,1,Pedestrian
10,0.0,840.0,27.0,929.0,11593,1,0,1,Pedestrian
10,0.0,840.0,27.0,929.0,11594,1,0,1,Pedestrian
10,0.0,840.0,27.0,929.0,11595,1,0,1,Pedestrian
10,0.0,840.0,27.0,929.0,11596,1,0,1,Pedestrian
10,0.0,840.0,27.0,929.0,11597,1,0,1,Pedestrian
10,0.0,840.0,27.0,929.0,11598,1,0,1,Pedestrian
10,0.0,840.0,27.0,929.0,11599,1,0,1,Pedestrian
10,0.0,840.0,27.0,929.0,11600,1,0,1,Pedestrian
10,0.0,840.0,27.0,929.0,11601,1,0,1,Pedestrian
10,0.0,840.0,27.0,929.0,11602,1,0,1,Pedestrian
10,0.0,840.0,27.0,929.0,11603,1,0,1,Pedestrian
10,0.0,840.0,27.0,929.0,11604,1,0,1,Pedestrian
10,0.0,840.0,27.0,929.0,11605,1,0,1,Pedestrian
10,0.0,840.0,27.0,929.0,11606,1,0,1,Pedestrian
10,0.0,840.0,27.0,929.0,11607,1,0,1,Pedestrian
10,0.0,840.0,27.0,929.0,11608,1,0,1,Pedestrian
10,0.0,840.0,27.0,929.0,11609,1,0,1,Pedestrian
10,0.0,840.0,27.0,929.0,11610,1,0,1,Pedestrian
10,0.0,840.0,27.0,929.0,11611,1,0,1,Pedestrian
10,0.0,840.0,27.0,929.0,11612,1,0,1,Pedestrian
10,0.0,840.0,27.0,929.0,11613,1,0,1,Pedestrian
10,0.0,840.0,27.0,929.0,11614,1,0,1,Pedestrian
10,0.0,840.0,27.0,929.0,11615,1,0,1,Pedestrian
10,0.0,840.0,27.0,929.0,11616,1,0,1,Pedestrian
10,0.0,840.0,27.0,929.0,11617,1,0,1,Pedestrian
10,0.0,840.0,27.0,929.0,11618,1,0,1,Pedestrian
10,0.0,840.0,27.0,929.0,11619,1,0,1,Pedestrian
10,0.0,840.0,27.0,929.0,11620,1,0,1,Pedestrian
10,0.0,840.0,27.0,929.0,11621,1,0,1,Pedestrian
10,0.0,840.0,27.0,929.0,11622,1,0,1,Pedestrian
10,0.0,840.0,27.0,929.0,11623,1,0,1,Pedestrian
10,0.0,840.0,27.0,929.0,11624,1,0,1,Pedestrian
10,0.0,840.0,27.0,929.0,11625,1,0,1,Pedestrian
10,0.0,840.0,27.0,929.0,11626,1,0,1,Pedestrian
10,0.0,840.0,27.0,929.0,11627,1,0,1,Pedestrian
10,0.0,840.0,27.0,929.0,11628,1,0,1,Pedestrian
10,0.0,840.0,27.0,929.0,11629,1,0,1,Pedestrian
10,0.0,840.0,27.0,929.0,11630,1,0,1,Pedestrian
10,0.0,840.0,27.0,929.0,11631,1,0,1,Pedestrian
10,0.0,840.0,27.0,929.0,11632,1,0,1,Pedestrian
10,0.0,840.0,27.0,929.0,11633,1,0,1,Pedestrian
10,0.0,840.0,27.0,929.0,11634,1,0,1,Pedestrian
10,0.0,840.0,27.0,929.0,11635,1,0,1,Pedestrian
10,0.0,840.0,27.0,929.0,11636,1,0,1,Pedestrian
10,0.0,840.0,27.0,929.0,11637,1,0,1,Pedestrian
10,0.0,840.0,27.0,929.0,11638,1,0,1,Pedestrian
10,0.0,840.0,27.0,929.0,11639,1,0,1,Pedestrian
10,0.0,840.0,27.0,929.0,11640,1,0,1,Pedestrian
10,0.0,840.0,27.0,929.0,11641,1,0,1,Pedestrian
10,0.0,840.0,27.0,929.0,11642,1,0,1,Pedestrian
10,0.0,840.0,27.0,929.0,11643,1,0,1,Pedestrian
10,0.0,840.0,27.0,929.0,11644,1,0,1,Pedestrian
10,0.0,840.0,27.0,929.0,11645,1,0,1,Pedestrian
10,0.0,840.0,27.0,929.0,11646,1,0,1,Pedestrian
10,0.0,840.0,27.0,929.0,11647,1,0,1,Pedestrian
10,0.0,840.0,27.0,929.0,11648,1,0,1,Pedestrian
10,0.0,840.0,27.0,929.0,11649,1,0,1,Pedestrian
10,0.0,840.0,27.0,929.0,11650,1,0,1,Pedestrian
10,0.0,840.0,27.0,929.0,11651,1,0,1,Pedestrian
10,0.0,840.0,27.0,929.0,11652,1,0,1,Pedestrian
10,0.0,840.0,27.0,929.0,11653,1,0,1,Pedestrian
10,0.0,840.0,27.0,929.0,11654,1,0,1,Pedestrian
10,0.0,840.0,27.0,929.0,11655,1,0,1,Pedestrian
10,0.0,840.0,27.0,929.0,11656,1,0,1,Pedestrian
10,0.0,840.0,27.0,929.0,11657,1,0,1,Pedestrian
10,0.0,840.0,27.0,929.0,11658,1,0,1,Pedestrian
10,0.0,840.0,27.0,929.0,11659,1,0,1,Pedestrian
10,0.0,840.0,27.0,929.0,11660,1,0,1,Pedestrian
10,0.0,840.0,27.0,929.0,11661,1,0,1,Pedestrian
10,0.0,840.0,27.0,929.0,11662,1,0,1,Pedestrian
10,0.0,840.0,27.0,929.0,11663,1,0,1,Pedestrian
10,0.0,840.0,27.0,929.0,11664,1,0,1,Pedestrian
10,0.0,840.0,27.0,929.0,11665,1,0,1,Pedestrian
10,0.0,840.0,27.0,929.0,11666,1,0,1,Pedestrian
10,0.0,840.0,27.0,929.0,11667,1,0,1,Pedestrian
10,0.0,840.0,27.0,929.0,11668,1,0,1,Pedestrian
10,0.0,840.0,27.0,929.0,11669,1,0,1,Pedestrian
10,0.0,840.0,27.0,929.0,11670,1,0,1,Pedestrian
10,0.0,840.0,27.0,929.0,11671,1,0,1,Pedestrian
10,0.0,840.0,27.0,929.0,11672,1,0,1,Pedestrian
10,0.0,840.0,27.0,929.0,11673,1,0,1,Pedestrian
10,0.0,840.0,27.0,929.0,11674,1,0,1,Pedestrian
10,0.0,840.0,27.0,929.0,11675,1,0,1,Pedestrian
10,0.0,840.0,27.0,929.0,11676,1,0,1,Pedestrian
10,0.0,840.0,27.0,929.0,11677,1,0,1,Pedestrian
10,0.0,840.0,27.0,929.0,11678,1,0,1,Pedestrian
10,0.0,840.0,27.0,929.0,11679,1,0,1,Pedestrian
10,0.0,840.0,27.0,929.0,11680,1,0,1,Pedestrian
10,0.0,840.0,27.0,929.0,11681,1,0,1,Pedestrian
10,0.0,840.0,27.0,929.0,11682,1,0,1,Pedestrian
10,0.0,840.0,27.0,929.0,11683,1,0,1,Pedestrian
10,0.0,840.0,27.0,929.0,11684,1,0,1,Pedestrian
10,0.0,840.0,27.0,929.0,11685,1,0,1,Pedestrian
10,0.0,840.0,27.0,929.0,11686,1,0,1,Pedestrian
10,0.0,840.0,27.0,929.0,11687,1,0,1,Pedestrian
10,0.0,840.0,27.0,929.0,11688,1,0,1,Pedestrian
10,0.0,840.0,27.0,929.0,11689,1,0,1,Pedestrian
10,0.0,840.0,27.0,929.0,11690,1,0,1,Pedestrian
10,0.0,840.0,27.0,929.0,11691,1,0,1,Pedestrian
10,0.0,840.0,27.0,929.0,11692,1,0,1,Pedestrian
10,0.0,840.0,27.0,929.0,11693,1,0,1,Pedestrian
10,0.0,840.0,27.0,929.0,11694,1,0,1,Pedestrian
10,0.0,840.0,27.0,929.0,11695,1,0,1,Pedestrian
10,0.0,840.0,27.0,929.0,11696,1,0,1,Pedestrian
10,0.0,840.0,27.0,929.0,11697,1,0,1,Pedestrian
10,0.0,840.0,27.0,929.0,11698,1,0,1,Pedestrian
10,0.0,840.0,27.0,929.0,11699,1,0,1,Pedestrian
10,0.0,840.0,27.0,929.0,11700,1,0,1,Pedestrian
10,0.0,840.0,27.0,929.0,11701,1,0,1,Pedestrian
10,0.0,840.0,27.0,929.0,11702,1,0,1,Pedestrian
10,0.0,840.0,27.0,929.0,11703,1,0,1,Pedestrian
10,0.0,840.0,27.0,929.0,11704,1,0,1,Pedestrian
10,0.0,840.0,27.0,929.0,11705,1,0,1,Pedestrian
10,0.0,840.0,27.0,929.0,11706,1,0,1,Pedestrian
10,0.0,840.0,27.0,929.0,11707,1,0,1,Pedestrian
10,0.0,840.0,27.0,929.0,11708,1,0,1,Pedestrian
10,0.0,840.0,27.0,929.0,11709,1,0,1,Pedestrian
10,0.0,840.0,27.0,929.0,11710,1,0,1,Pedestrian
10,0.0,840.0,27.0,929.0,11711,1,0,1,Pedestrian
10,0.0,840.0,27.0,929.0,11712,1,0,1,Pedestrian
10,0.0,840.0,27.0,929.0,11713,1,0,1,Pedestrian
10,0.0,840.0,27.0,929.0,11714,1,0,1,Pedestrian
10,0.0,840.0,27.0,929.0,11715,1,0,1,Pedestrian
10,0.0,840.0,27.0,929.0,11716,1,0,1,Pedestrian
10,0.0,840.0,27.0,929.0,11717,1,0,1,Pedestrian
10,0.0,840.0,27.0,929.0,11718,1,0,1,Pedestrian
10,0.0,840.0,27.0,929.0,11719,1,0,1,Pedestrian
10,0.0,840.0,27.0,929.0,11720,1,0,1,Pedestrian
10,0.0,840.0,27.0,929.0,11721,1,0,1,Pedestrian
10,0.0,840.0,27.0,929.0,11722,1,0,1,Pedestrian
10,0.0,840.0,27.0,929.0,11723,1,0,1,Pedestrian
10,0.0,840.0,27.0,929.0,11724,1,0,1,Pedestrian
10,0.0,840.0,27.0,929.0,11725,1,0,1,Pedestrian
10,0.0,840.0,27.0,929.0,11726,1,0,1,Pedestrian
10,0.0,840.0,27.0,929.0,11727,1,0,1,Pedestrian
10,0.0,840.0,27.0,929.0,11728,1,0,1,Pedestrian
10,0.0,840.0,27.0,929.0,11729,1,0,1,Pedestrian
10,0.0,840.0,27.0,929.0,11730,1,0,1,Pedestrian
10,0.0,840.0,27.0,929.0,11731,1,0,1,Pedestrian
10,0.0,840.0,27.0,929.0,11732,1,0,1,Pedestrian
10,0.0,840.0,27.0,929.0,11733,1,0,1,Pedestrian
10,0.0,840.0,27.0,929.0,11734,1,0,1,Pedestrian
10,0.0,840.0,27.0,929.0,11735,1,0,1,Pedestrian
10,0.0,840.0,27.0,929.0,11736,1,0,1,Pedestrian
10,0.0,840.0,27.0,929.0,11737,1,0,1,Pedestrian
10,0.0,840.0,27.0,929.0,11738,1,0,1,Pedestrian
10,0.0,840.0,27.0,929.0,11739,1,0,1,Pedestrian
10,0.0,840.0,27.0,929.0,11740,1,0,1,Pedestrian
10,0.0,840.0,27.0,929.0,11741,1,0,1,Pedestrian
10,0.0,840.0,27.0,929.0,11742,1,0,1,Pedestrian
10,0.0,840.0,27.0,929.0,11743,1,0,1,Pedestrian
10,0.0,840.0,27.0,929.0,11744,1,0,1,Pedestrian
10,0.0,840.0,27.0,929.0,11745,1,0,1,Pedestrian
10,0.0,840.0,27.0,929.0,11746,1,0,1,Pedestrian
10,0.0,840.0,27.0,929.0,11747,1,0,1,Pedestrian
10,0.0,840.0,27.0,929.0,11748,1,0,1,Pedestrian
10,0.0,840.0,27.0,929.0,11749,1,0,1,Pedestrian
10,0.0,840.0,27.0,929.0,11750,1,0,1,Pedestrian
10,0.0,840.0,27.0,929.0,11751,1,0,1,Pedestrian
10,0.0,840.0,27.0,929.0,11752,1,0,1,Pedestrian
10,0.0,840.0,27.0,929.0,11753,1,0,1,Pedestrian
10,0.0,840.0,27.0,929.0,11754,1,0,1,Pedestrian
10,0.0,840.0,27.0,929.0,11755,1,0,1,Pedestrian
10,0.0,840.0,27.0,929.0,11756,1,0,1,Pedestrian
10,0.0,840.0,27.0,929.0,11757,1,0,1,Pedestrian
10,0.0,840.0,27.0,929.0,11758,1,0,1,Pedestrian
10,0.0,840.0,27.0,929.0,11759,1,0,1,Pedestrian
10,0.0,840.0,27.0,929.0,11760,1,0,1,Pedestrian
10,0.0,840.0,27.0,929.0,11761,1,0,1,Pedestrian
10,0.0,840.0,27.0,929.0,11762,1,0,1,Pedestrian
10,0.0,840.0,27.0,929.0,11763,1,0,1,Pedestrian
10,0.0,840.0,27.0,929.0,11764,1,0,1,Pedestrian
10,0.0,840.0,27.0,929.0,11765,1,0,1,Pedestrian
10,0.0,840.0,27.0,929.0,11766,1,0,1,Pedestrian
10,0.0,840.0,27.0,929.0,11767,1,0,1,Pedestrian
10,0.0,840.0,27.0,929.0,11768,1,0,1,Pedestrian
10,0.0,840.0,27.0,929.0,11769,1,0,1,Pedestrian
10,0.0,840.0,27.0,929.0,11770,1,0,1,Pedestrian
10,0.0,840.0,27.0,929.0,11771,1,0,1,Pedestrian
10,0.0,840.0,27.0,929.0,11772,1,0,1,Pedestrian
10,0.0,840.0,27.0,929.0,11773,1,0,1,Pedestrian
10,0.0,840.0,27.0,929.0,11774,1,0,1,Pedestrian
10,0.0,840.0,27.0,929.0,11775,1,0,1,Pedestrian
10,0.0,840.0,27.0,929.0,11776,1,0,1,Pedestrian
10,0.0,840.0,27.0,929.0,11777,1,0,1,Pedestrian
10,0.0,840.0,27.0,929.0,11778,1,0,1,Pedestrian
10,0.0,840.0,27.0,929.0,11779,1,0,1,Pedestrian
10,0.0,840.0,27.0,929.0,11780,1,0,1,Pedestrian
10,0.0,840.0,27.0,929.0,11781,1,0,1,Pedestrian
10,0.0,840.0,27.0,929.0,11782,1,0,1,Pedestrian
10,0.0,840.0,27.0,929.0,11783,1,0,1,Pedestrian
10,0.0,840.0,27.0,929.0,11784,1,0,1,Pedestrian
10,0.0,840.0,27.0,929.0,11785,1,0,1,Pedestrian
10,0.0,840.0,27.0,929.0,11786,1,0,1,Pedestrian
10,0.0,840.0,27.0,929.0,11787,1,0,1,Pedestrian
10,0.0,840.0,27.0,929.0,11788,1,0,1,Pedestrian
10,0.0,840.0,27.0,929.0,11789,1,0,1,Pedestrian
10,0.0,840.0,27.0,929.0,11790,1,0,1,Pedestrian
10,0.0,840.0,27.0,929.0,11791,1,0,1,Pedestrian
10,0.0,840.0,27.0,929.0,11792,1,0,1,Pedestrian
10,0.0,840.0,27.0,929.0,11793,1,0,1,Pedestrian
10,0.0,840.0,27.0,929.0,11794,1,0,1,Pedestrian
10,0.0,840.0,27.0,929.0,11795,1,0,1,Pedestrian
10,0.0,840.0,27.0,929.0,11796,1,0,1,Pedestrian
10,0.0,840.0,27.0,929.0,11797,1,0,1,Pedestrian
10,0.0,840.0,27.0,929.0,11798,1,0,1,Pedestrian
10,0.0,840.0,27.0,929.0,11799,1,0,1,Pedestrian
10,0.0,840.0,27.0,929.0,11800,1,0,1,Pedestrian
10,0.0,840.0,27.0,929.0,11801,1,0,1,Pedestrian
10,0.0,840.0,27.0,929.0,11802,1,0,1,Pedestrian
10,0.0,840.0,27.0,929.0,11803,1,0,1,Pedestrian
10,0.0,840.0,27.0,929.0,11804,1,0,1,Pedestrian
10,0.0,840.0,27.0,929.0,11805,1,0,1,Pedestrian
10,0.0,840.0,27.0,929.0,11806,1,0,1,Pedestrian
10,0.0,840.0,27.0,929.0,11807,1,0,1,Pedestrian
10,0.0,840.0,27.0,929.0,11808,1,0,1,Pedestrian
10,0.0,840.0,27.0,929.0,11809,1,0,1,Pedestrian
10,0.0,840.0,27.0,929.0,11810,1,0,1,Pedestrian
10,0.0,840.0,27.0,929.0,11811,1,0,1,Pedestrian
10,0.0,840.0,27.0,929.0,11812,1,0,1,Pedestrian
10,0.0,840.0,27.0,929.0,11813,1,0,1,Pedestrian
10,0.0,840.0,27.0,929.0,11814,1,0,1,Pedestrian
10,0.0,840.0,27.0,929.0,11815,1,0,1,Pedestrian
10,0.0,840.0,27.0,929.0,11816,1,0,1,Pedestrian
10,0.0,840.0,27.0,929.0,11817,1,0,1,Pedestrian
10,0.0,840.0,27.0,929.0,11818,1,0,1,Pedestrian
10,0.0,840.0,27.0,929.0,11819,1,0,1,Pedestrian
10,0.0,840.0,27.0,929.0,11820,1,0,1,Pedestrian
10,0.0,840.0,27.0,929.0,11821,1,0,1,Pedestrian
10,0.0,840.0,27.0,929.0,11822,1,0,1,Pedestrian
10,0.0,840.0,27.0,929.0,11823,1,0,1,Pedestrian
10,0.0,840.0,27.0,929.0,11824,1,0,1,Pedestrian
10,0.0,840.0,27.0,929.0,11825,1,0,1,Pedestrian
10,0.0,840.0,27.0,929.0,11826,1,0,1,Pedestrian
10,0.0,840.0,27.0,929.0,11827,1,0,1,Pedestrian
10,0.0,840.0,27.0,929.0,11828,1,0,1,Pedestrian
10,0.0,840.0,27.0,929.0,11829,1,0,1,Pedestrian
10,0.0,840.0,27.0,929.0,11830,1,0,1,Pedestrian
10,0.0,840.0,27.0,929.0,11831,1,0,1,Pedestrian
10,0.0,840.0,27.0,929.0,11832,1,0,1,Pedestrian
10,0.0,840.0,27.0,929.0,11833,1,0,1,Pedestrian
10,0.0,840.0,27.0,929.0,11834,1,0,1,Pedestrian
10,0.0,840.0,27.0,929.0,11835,1,0,1,Pedestrian
10,0.0,840.0,27.0,929.0,11836,1,0,1,Pedestrian
10,0.0,840.0,27.0,929.0,11837,1,0,1,Pedestrian
10,0.0,840.0,27.0,929.0,11838,1,0,1,Pedestrian
10,0.0,840.0,27.0,929.0,11839,1,0,1,Pedestrian
10,0.0,840.0,27.0,929.0,11840,1,0,1,Pedestrian
10,0.0,840.0,27.0,929.0,11841,1,0,1,Pedestrian
10,0.0,840.0,27.0,929.0,11842,1,0,1,Pedestrian
10,0.0,840.0,27.0,929.0,11843,1,0,1,Pedestrian
10,0.0,840.0,27.0,929.0,11844,1,0,1,Pedestrian
10,0.0,840.0,27.0,929.0,11845,1,0,1,Pedestrian
10,0.0,840.0,27.0,929.0,11846,1,0,1,Pedestrian
10,0.0,840.0,27.0,929.0,11847,1,0,1,Pedestrian
10,0.0,840.0,27.0,929.0,11848,1,0,1,Pedestrian
10,0.0,840.0,27.0,929.0,11849,1,0,1,Pedestrian
10,0.0,840.0,27.0,929.0,11850,1,0,1,Pedestrian
10,0.0,840.0,27.0,929.0,11851,1,0,1,Pedestrian
10,0.0,840.0,27.0,929.0,11852,1,0,1,Pedestrian
10,0.0,840.0,27.0,929.0,11853,1,0,1,Pedestrian
10,0.0,840.0,27.0,929.0,11854,1,0,1,Pedestrian
10,0.0,840.0,27.0,929.0,11855,1,0,1,Pedestrian
10,0.0,840.0,27.0,929.0,11856,1,0,1,Pedestrian
10,0.0,840.0,27.0,929.0,11857,1,0,1,Pedestrian
10,0.0,840.0,27.0,929.0,11858,1,0,1,Pedestrian
10,0.0,840.0,27.0,929.0,11859,1,0,1,Pedestrian
10,0.0,840.0,27.0,929.0,11860,1,0,1,Pedestrian
10,0.0,840.0,27.0,929.0,11861,1,0,1,Pedestrian
10,0.0,840.0,27.0,929.0,11862,1,0,1,Pedestrian
10,0.0,840.0,27.0,929.0,11863,1,0,1,Pedestrian
10,0.0,840.0,27.0,929.0,11864,1,0,1,Pedestrian
10,0.0,840.0,27.0,929.0,11865,1,0,1,Pedestrian
10,0.0,840.0,27.0,929.0,11866,1,0,1,Pedestrian
10,0.0,840.0,27.0,929.0,11867,1,0,1,Pedestrian
10,0.0,840.0,27.0,929.0,11868,1,0,1,Pedestrian
10,0.0,840.0,27.0,929.0,11869,1,0,1,Pedestrian
10,0.0,840.0,27.0,929.0,11870,1,0,1,Pedestrian
10,0.0,840.0,27.0,929.0,11871,1,0,1,Pedestrian
10,0.0,840.0,27.0,929.0,11872,1,0,1,Pedestrian
10,0.0,840.0,27.0,929.0,11873,1,0,1,Pedestrian
10,0.0,840.0,27.0,929.0,11874,1,0,1,Pedestrian
10,0.0,840.0,27.0,929.0,11875,1,0,1,Pedestrian
10,0.0,840.0,27.0,929.0,11876,1,0,1,Pedestrian
10,0.0,840.0,27.0,929.0,11877,1,0,1,Pedestrian
10,0.0,840.0,27.0,929.0,11878,1,0,1,Pedestrian
10,0.0,840.0,27.0,929.0,11879,1,0,1,Pedestrian
10,0.0,840.0,27.0,929.0,11880,1,0,1,Pedestrian
10,0.0,840.0,27.0,929.0,11881,1,0,1,Pedestrian
10,0.0,840.0,27.0,929.0,11882,1,0,1,Pedestrian
10,0.0,840.0,27.0,929.0,11883,1,0,1,Pedestrian
10,0.0,840.0,27.0,929.0,11884,1,0,1,Pedestrian
10,0.0,840.0,27.0,929.0,11885,1,0,1,Pedestrian
10,0.0,840.0,27.0,929.0,11886,1,0,1,Pedestrian
10,0.0,840.0,27.0,929.0,11887,1,0,1,Pedestrian
10,0.0,840.0,27.0,929.0,11888,1,0,1,Pedestrian
10,0.0,840.0,27.0,929.0,11889,1,0,1,Pedestrian
10,0.0,840.0,27.0,929.0,11890,1,0,1,Pedestrian
10,0.0,840.0,27.0,929.0,11891,1,0,1,Pedestrian
10,0.0,840.0,27.0,929.0,11892,1,0,1,Pedestrian
10,0.0,840.0,27.0,929.0,11893,1,0,1,Pedestrian
10,0.0,840.0,27.0,929.0,11894,1,0,1,Pedestrian
10,0.0,840.0,27.0,929.0,11895,1,0,1,Pedestrian
10,0.0,840.0,27.0,929.0,11896,1,0,1,Pedestrian
10,0.0,840.0,27.0,929.0,11897,1,0,1,Pedestrian
10,0.0,840.0,27.0,929.0,11898,1,0,1,Pedestrian
10,0.0,840.0,27.0,929.0,11899,1,0,1,Pedestrian
10,0.0,840.0,27.0,929.0,11900,1,0,1,Pedestrian
10,0.0,840.0,27.0,929.0,11901,1,0,1,Pedestrian
10,0.0,840.0,27.0,929.0,11902,1,0,1,Pedestrian
10,0.0,840.0,27.0,929.0,11903,1,0,1,Pedestrian
10,0.0,840.0,27.0,929.0,11904,1,0,1,Pedestrian
10,0.0,840.0,27.0,929.0,11905,1,0,1,Pedestrian
10,0.0,840.0,27.0,929.0,11906,1,0,1,Pedestrian
10,0.0,840.0,27.0,929.0,11907,1,0,1,Pedestrian
10,0.0,840.0,27.0,929.0,11908,1,0,1,Pedestrian
10,0.0,840.0,27.0,929.0,11909,1,0,1,Pedestrian
10,0.0,840.0,27.0,929.0,11910,1,0,1,Pedestrian
10,0.0,840.0,27.0,929.0,11911,1,0,1,Pedestrian
10,0.0,840.0,27.0,929.0,11912,1,0,1,Pedestrian
10,0.0,840.0,27.0,929.0,11913,1,0,1,Pedestrian
10,0.0,840.0,27.0,929.0,11914,1,0,1,Pedestrian
10,0.0,840.0,27.0,929.0,11915,1,0,1,Pedestrian
10,0.0,840.0,27.0,929.0,11916,1,0,1,Pedestrian
10,0.0,840.0,27.0,929.0,11917,1,0,1,Pedestrian
10,0.0,840.0,27.0,929.0,11918,1,0,1,Pedestrian
10,0.0,840.0,27.0,929.0,11919,1,0,1,Pedestrian
10,0.0,840.0,27.0,929.0,11920,1,0,1,Pedestrian
10,0.0,840.0,27.0,929.0,11921,1,0,1,Pedestrian
10,0.0,840.0,27.0,929.0,11922,1,0,1,Pedestrian
10,0.0,840.0,27.0,929.0,11923,1,0,1,Pedestrian
10,0.0,840.0,27.0,929.0,11924,1,0,1,Pedestrian
10,0.0,840.0,27.0,929.0,11925,1,0,1,Pedestrian
10,0.0,840.0,27.0,929.0,11926,1,0,1,Pedestrian
10,0.0,840.0,27.0,929.0,11927,1,0,1,Pedestrian
10,0.0,840.0,27.0,929.0,11928,1,0,1,Pedestrian
10,0.0,840.0,27.0,929.0,11929,1,0,1,Pedestrian
10,0.0,840.0,27.0,929.0,11930,1,0,1,Pedestrian
10,0.0,840.0,27.0,929.0,11931,1,0,1,Pedestrian
10,0.0,840.0,27.0,929.0,11932,1,0,1,Pedestrian
10,0.0,840.0,27.0,929.0,11933,1,0,1,Pedestrian
10,0.0,840.0,27.0,929.0,11934,1,0,1,Pedestrian
10,0.0,840.0,27.0,929.0,11935,1,0,1,Pedestrian
10,0.0,840.0,27.0,929.0,11936,1,0,1,Pedestrian
10,0.0,840.0,27.0,929.0,11937,1,0,1,Pedestrian
10,0.0,840.0,27.0,929.0,11938,1,0,1,Pedestrian
10,0.0,840.0,27.0,929.0,11939,1,0,1,Pedestrian
10,0.0,840.0,27.0,929.0,11940,1,0,1,Pedestrian
10,0.0,840.0,27.0,929.0,11941,1,0,1,Pedestrian
10,0.0,840.0,27.0,929.0,11942,1,0,1,Pedestrian
10,0.0,840.0,27.0,929.0,11943,1,0,1,Pedestrian
10,0.0,840.0,27.0,929.0,11944,1,0,1,Pedestrian
10,0.0,840.0,27.0,929.0,11945,1,0,1,Pedestrian
10,0.0,840.0,27.0,929.0,11946,1,0,1,Pedestrian
10,0.0,840.0,27.0,929.0,11947,1,0,1,Pedestrian
10,0.0,840.0,27.0,929.0,11948,1,0,1,Pedestrian
10,0.0,840.0,27.0,929.0,11949,1,0,1,Pedestrian
10,0.0,840.0,27.0,929.0,11950,1,0,1,Pedestrian
10,0.0,840.0,27.0,929.0,11951,1,0,1,Pedestrian
10,0.0,840.0,27.0,929.0,11952,1,0,1,Pedestrian
10,0.0,840.0,27.0,929.0,11953,1,0,1,Pedestrian
10,0.0,840.0,27.0,929.0,11954,1,0,1,Pedestrian
10,0.0,840.0,27.0,929.0,11955,1,0,1,Pedestrian
10,0.0,840.0,27.0,929.0,11956,1,0,1,Pedestrian
10,0.0,840.0,27.0,929.0,11957,1,0,1,Pedestrian
10,0.0,840.0,27.0,929.0,11958,1,0,1,Pedestrian
10,0.0,840.0,27.0,929.0,11959,1,0,1,Pedestrian
10,0.0,840.0,27.0,929.0,11960,1,0,1,Pedestrian
10,0.0,840.0,27.0,929.0,11961,1,0,1,Pedestrian
10,0.0,840.0,27.0,929.0,11962,1,0,1,Pedestrian
10,0.0,840.0,27.0,929.0,11963,1,0,1,Pedestrian
10,0.0,840.0,27.0,929.0,11964,1,0,1,Pedestrian
10,0.0,840.0,27.0,929.0,11965,1,0,0,Pedestrian
11,123.0,919.0,211.0,979.0,10500,1,0,0,Biker
11,121.0,919.0,209.0,979.0,10501,1,0,1,Biker
11,121.0,919.0,209.0,979.0,10502,1,0,1,Biker
11,121.0,919.0,209.0,979.0,10503,1,0,1,Biker
11,121.0,919.0,209.0,979.0,10504,1,0,1,Biker
11,121.0,919.0,209.0,979.0,10505,1,0,1,Biker
11,121.0,919.0,209.0,979.0,10506,1,0,1,Biker
11,121.0,919.0,209.0,979.0,10507,1,0,1,Biker
11,121.0,919.0,209.0,979.0,10508,1,0,1,Biker
11,118.0,919.0,206.0,979.0,10509,1,0,1,Biker
11,118.0,919.0,206.0,979.0,10510,1,0,1,Biker
11,118.0,919.0,206.0,979.0,10511,1,0,1,Biker
11,118.0,919.0,206.0,979.0,10512,1,0,1,Biker
11,118.0,919.0,206.0,979.0,10513,1,0,1,Biker
11,118.0,919.0,206.0,979.0,10514,1,0,1,Biker
11,118.0,919.0,206.0,979.0,10515,1,0,1,Biker
11,118.0,919.0,206.0,979.0,10516,1,0,1,Biker
11,118.0,919.0,203.0,979.0,10517,1,0,1,Biker
11,115.0,919.0,203.0,979.0,10518,1,0,1,Biker
11,115.0,919.0,203.0,979.0,10519,1,0,1,Biker
11,115.0,919.0,203.0,979.0,10520,1,0,1,Biker
11,115.0,919.0,203.0,979.0,10521,1,0,1,Biker
11,115.0,919.0,203.0,979.0,10522,1,0,1,Biker
11,115.0,919.0,203.0,979.0,10523,1,0,1,Biker
11,115.0,919.0,203.0,979.0,10524,1,0,1,Biker
11,115.0,919.0,200.0,979.0,10525,1,0,1,Biker
11,115.0,919.0,200.0,979.0,10526,1,0,1,Biker
11,112.0,919.0,200.0,979.0,10527,1,0,1,Biker
11,112.0,919.0,200.0,979.0,10528,1,0,1,Biker
11,112.0,919.0,200.0,979.0,10529,1,0,1,Biker
11,112.0,919.0,200.0,979.0,10530,1,0,1,Biker
11,112.0,919.0,200.0,979.0,10531,1,0,1,Biker
11,112.0,919.0,200.0,979.0,10532,1,0,1,Biker
11,112.0,919.0,200.0,979.0,10533,1,0,1,Biker
11,112.0,919.0,198.0,979.0,10534,1,0,1,Biker
11,112.0,919.0,198.0,979.0,10535,1,0,1,Biker
11,110.0,919.0,198.0,979.0,10536,1,0,1,Biker
11,110.0,919.0,198.0,979.0,10537,1,0,1,Biker
11,110.0,919.0,198.0,979.0,10538,1,0,1,Biker
11,110.0,919.0,198.0,979.0,10539,1,0,1,Biker
11,110.0,919.0,198.0,979.0,10540,1,0,1,Biker
11,110.0,919.0,198.0,979.0,10541,1,0,1,Biker
11,110.0,919.0,195.0,979.0,10542,1,0,1,Biker
11,110.0,919.0,195.0,979.0,10543,1,0,1,Biker
11,110.0,919.0,195.0,979.0,10544,1,0,1,Biker
11,107.0,919.0,195.0,979.0,10545,1,0,1,Biker
11,107.0,919.0,195.0,979.0,10546,1,0,1,Biker
11,107.0,919.0,195.0,979.0,10547,1,0,1,Biker
11,107.0,919.0,195.0,979.0,10548,1,0,1,Biker
11,107.0,919.0,195.0,979.0,10549,1,0,1,Biker
11,107.0,919.0,192.0,979.0,10550,1,0,1,Biker
11,107.0,919.0,192.0,979.0,10551,1,0,1,Biker
11,107.0,919.0,192.0,979.0,10552,1,0,1,Biker
11,107.0,919.0,192.0,979.0,10553,1,0,1,Biker
11,104.0,919.0,192.0,979.0,10554,1,0,1,Biker
11,104.0,919.0,192.0,979.0,10555,1,0,1,Biker
11,104.0,919.0,192.0,979.0,10556,1,0,1,Biker
11,104.0,919.0,192.0,979.0,10557,1,0,1,Biker
11,104.0,919.0,192.0,979.0,10558,1,0,1,Biker
11,104.0,919.0,189.0,979.0,10559,1,0,1,Biker
11,104.0,919.0,189.0,979.0,10560,1,0,1,Biker
11,104.0,919.0,189.0,979.0,10561,1,0,1,Biker
11,101.0,919.0,189.0,979.0,10562,1,0,1,Biker
11,101.0,919.0,189.0,979.0,10563,1,0,1,Biker
11,101.0,919.0,189.0,979.0,10564,1,0,1,Biker
11,101.0,919.0,189.0,979.0,10565,1,0,1,Biker
11,101.0,919.0,189.0,979.0,10566,1,0,1,Biker
11,101.0,919.0,187.0,979.0,10567,1,0,1,Biker
11,101.0,919.0,187.0,979.0,10568,1,0,1,Biker
11,101.0,919.0,187.0,979.0,10569,1,0,1,Biker
11,101.0,919.0,187.0,979.0,10570,1,0,1,Biker
11,99.0,919.0,187.0,979.0,10571,1,0,1,Biker
11,99.0,919.0,187.0,979.0,10572,1,0,1,Biker
11,99.0,919.0,187.0,979.0,10573,1,0,1,Biker
11,99.0,919.0,187.0,979.0,10574,1,0,1,Biker
11,99.0,919.0,184.0,979.0,10575,1,0,1,Biker
11,99.0,919.0,184.0,979.0,10576,1,0,1,Biker
11,99.0,919.0,184.0,979.0,10577,1,0,1,Biker
11,99.0,919.0,184.0,979.0,10578,1,0,1,Biker
11,99.0,919.0,184.0,979.0,10579,1,0,1,Biker
11,96.0,919.0,184.0,979.0,10580,1,0,1,Biker
11,96.0,919.0,184.0,979.0,10581,1,0,1,Biker
11,96.0,919.0,184.0,979.0,10582,1,0,1,Biker
11,96.0,919.0,181.0,979.0,10583,1,0,1,Biker
11,96.0,919.0,181.0,979.0,10584,1,0,1,Biker
11,96.0,919.0,181.0,979.0,10585,1,0,1,Biker
11,96.0,919.0,181.0,979.0,10586,1,0,1,Biker
11,96.0,919.0,181.0,979.0,10587,1,0,1,Biker
11,96.0,919.0,181.0,979.0,10588,1,0,1,Biker
11,93.0,919.0,181.0,979.0,10589,1,0,1,Biker
11,93.0,919.0,181.0,979.0,10590,1,0,1,Biker
11,93.0,919.0,181.0,979.0,10591,1,0,1,Biker
11,93.0,919.0,178.0,979.0,10592,1,0,1,Biker
11,93.0,919.0,178.0,979.0,10593,1,0,1,Biker
11,93.0,919.0,178.0,979.0,10594,1,0,1,Biker
11,93.0,919.0,178.0,979.0,10595,1,0,1,Biker
11,93.0,919.0,178.0,979.0,10596,1,0,1,Biker
11,93.0,919.0,178.0,979.0,10597,1,0,1,Biker
11,90.0,919.0,178.0,979.0,10598,1,0,1,Biker
11,90.0,919.0,178.0,979.0,10599,1,0,1,Biker
11,90.0,922.0,176.0,981.0,10600,1,0,1,Biker
11,90.0,922.0,176.0,981.0,10601,1,0,1,Biker
11,90.0,922.0,176.0,981.0,10602,1,0,1,Biker
11,90.0,922.0,176.0,981.0,10603,1,0,1,Biker
11,90.0,922.0,176.0,981.0,10604,1,0,1,Biker
11,90.0,922.0,176.0,981.0,10605,1,0,1,Biker
11,90.0,922.0,176.0,981.0,10606,1,0,1,Biker
11,88.0,922.0,176.0,981.0,10607,1,0,1,Biker
11,88.0,922.0,173.0,981.0,10608,1,0,1,Biker
11,88.0,922.0,173.0,981.0,10609,1,0,1,Biker
11,88.0,922.0,173.0,981.0,10610,1,0,1,Biker
11,88.0,922.0,173.0,981.0,10611,1,0,1,Biker
11,88.0,922.0,173.0,981.0,10612,1,0,1,Biker
11,88.0,922.0,173.0,981.0,10613,1,0,1,Biker
11,88.0,922.0,173.0,981.0,10614,1,0,1,Biker
11,85.0,922.0,173.0,981.0,10615,1,0,1,Biker
11,85.0,922.0,173.0,981.0,10616,1,0,1,Biker
11,85.0,922.0,170.0,981.0,10617,1,0,1,Biker
11,85.0,922.0,170.0,981.0,10618,1,0,1,Biker
11,85.0,922.0,170.0,981.0,10619,1,0,1,Biker
11,85.0,922.0,170.0,981.0,10620,1,0,1,Biker
11,85.0,922.0,170.0,981.0,10621,1,0,1,Biker
11,85.0,922.0,170.0,981.0,10622,1,0,1,Biker
11,85.0,922.0,170.0,981.0,10623,1,0,1,Biker
11,82.0,922.0,170.0,981.0,10624,1,0,1,Biker
11,82.0,922.0,167.0,981.0,10625,1,0,1,Biker
11,82.0,922.0,167.0,981.0,10626,1,0,1,Biker
11,82.0,922.0,167.0,981.0,10627,1,0,1,Biker
11,82.0,922.0,167.0,981.0,10628,1,0,1,Biker
11,82.0,922.0,167.0,981.0,10629,1,0,1,Biker
11,82.0,922.0,167.0,981.0,10630,1,0,1,Biker
11,82.0,922.0,167.0,981.0,10631,1,0,1,Biker
11,82.0,922.0,167.0,981.0,10632,1,0,1,Biker
11,79.0,922.0,165.0,981.0,10633,1,0,1,Biker
11,79.0,922.0,165.0,981.0,10634,1,0,1,Biker
11,79.0,922.0,165.0,981.0,10635,1,0,1,Biker
11,79.0,922.0,165.0,981.0,10636,1,0,1,Biker
11,79.0,922.0,165.0,981.0,10637,1,0,1,Biker
11,79.0,922.0,165.0,981.0,10638,1,0,1,Biker
11,79.0,922.0,165.0,981.0,10639,1,0,1,Biker
11,79.0,922.0,165.0,981.0,10640,1,0,1,Biker
11,79.0,922.0,162.0,981.0,10641,1,0,1,Biker
11,77.0,922.0,162.0,981.0,10642,1,0,1,Biker
11,77.0,922.0,162.0,981.0,10643,1,0,1,Biker
11,77.0,922.0,162.0,981.0,10644,1,0,1,Biker
11,77.0,922.0,162.0,981.0,10645,1,0,1,Biker
11,77.0,922.0,162.0,981.0,10646,1,0,1,Biker
11,77.0,922.0,162.0,981.0,10647,1,0,1,Biker
11,77.0,922.0,162.0,981.0,10648,1,0,1,Biker
11,77.0,922.0,162.0,981.0,10649,1,0,1,Biker
11,77.0,922.0,159.0,981.0,10650,1,0,1,Biker
11,74.0,922.0,159.0,981.0,10651,1,0,1,Biker
11,74.0,922.0,159.0,981.0,10652,1,0,1,Biker
11,74.0,922.0,159.0,981.0,10653,1,0,1,Biker
11,74.0,922.0,159.0,981.0,10654,1,0,1,Biker
11,74.0,922.0,159.0,981.0,10655,1,0,1,Biker
11,74.0,922.0,159.0,981.0,10656,1,0,1,Biker
11,74.0,922.0,159.0,981.0,10657,1,0,1,Biker
11,74.0,922.0,156.0,981.0,10658,1,0,1,Biker
11,74.0,922.0,156.0,981.0,10659,1,0,1,Biker
11,71.0,922.0,156.0,981.0,10660,1,0,1,Biker
11,71.0,922.0,156.0,981.0,10661,1,0,1,Biker
11,71.0,922.0,156.0,981.0,10662,1,0,1,Biker
11,71.0,922.0,156.0,981.0,10663,1,0,1,Biker
11,71.0,922.0,156.0,981.0,10664,1,0,1,Biker
11,71.0,922.0,156.0,981.0,10665,1,0,1,Biker
11,71.0,922.0,154.0,981.0,10666,1,0,1,Biker
11,71.0,922.0,154.0,981.0,10667,1,0,1,Biker
11,71.0,922.0,154.0,981.0,10668,1,0,1,Biker
11,68.0,922.0,154.0,981.0,10669,1,0,1,Biker
11,68.0,922.0,154.0,981.0,10670,1,0,1,Biker
11,68.0,922.0,154.0,981.0,10671,1,0,1,Biker
11,68.0,922.0,154.0,981.0,10672,1,0,1,Biker
11,68.0,922.0,154.0,981.0,10673,1,0,1,Biker
11,68.0,922.0,154.0,981.0,10674,1,0,1,Biker
11,68.0,922.0,151.0,981.0,10675,1,0,1,Biker
11,68.0,922.0,151.0,981.0,10676,1,0,1,Biker
11,66.0,922.0,151.0,981.0,10677,1,0,1,Biker
11,66.0,922.0,151.0,981.0,10678,1,0,1,Biker
11,66.0,922.0,151.0,981.0,10679,1,0,1,Biker
11,66.0,922.0,151.0,981.0,10680,1,0,1,Biker
11,66.0,922.0,151.0,981.0,10681,1,0,1,Biker
11,66.0,922.0,151.0,981.0,10682,1,0,1,Biker
11,66.0,922.0,148.0,981.0,10683,1,0,1,Biker
11,66.0,922.0,148.0,981.0,10684,1,0,1,Biker
11,66.0,922.0,148.0,981.0,10685,1,0,1,Biker
11,63.0,922.0,148.0,981.0,10686,1,0,1,Biker
11,63.0,922.0,148.0,981.0,10687,1,0,1,Biker
11,63.0,922.0,148.0,981.0,10688,1,0,1,Biker
11,63.0,922.0,148.0,981.0,10689,1,0,1,Biker
11,63.0,922.0,148.0,981.0,10690,1,0,1,Biker
11,63.0,922.0,145.0,981.0,10691,1,0,1,Biker
11,63.0,922.0,145.0,981.0,10692,1,0,1,Biker
11,63.0,922.0,145.0,981.0,10693,1,0,1,Biker
11,63.0,922.0,145.0,981.0,10694,1,0,1,Biker
11,60.0,922.0,145.0,981.0,10695,1,0,1,Biker
11,60.0,922.0,145.0,981.0,10696,1,0,1,Biker
11,60.0,922.0,145.0,981.0,10697,1,0,1,Biker
11,60.0,922.0,145.0,981.0,10698,1,0,1,Biker
11,60.0,924.0,145.0,983.0,10699,1,0,1,Biker
11,60.0,924.0,143.0,983.0,10700,1,0,1,Biker
11,60.0,924.0,143.0,983.0,10701,1,0,1,Biker
11,60.0,924.0,143.0,983.0,10702,1,0,1,Biker
11,60.0,924.0,143.0,983.0,10703,1,0,1,Biker
11,57.0,924.0,143.0,983.0,10704,1,0,1,Biker
11,57.0,924.0,143.0,983.0,10705,1,0,1,Biker
11,57.0,924.0,143.0,983.0,10706,1,0,1,Biker
11,57.0,924.0,143.0,983.0,10707,1,0,1,Biker
11,57.0,924.0,140.0,983.0,10708,1,0,1,Biker
11,57.0,924.0,140.0,983.0,10709,1,0,1,Biker
11,57.0,924.0,140.0,983.0,10710,1,0,1,Biker
11,57.0,924.0,140.0,983.0,10711,1,0,1,Biker
11,57.0,924.0,140.0,983.0,10712,1,0,1,Biker
11,55.0,924.0,140.0,983.0,10713,1,0,1,Biker
11,55.0,924.0,140.0,983.0,10714,1,0,1,Biker
11,55.0,924.0,140.0,983.0,10715,1,0,1,Biker
11,55.0,924.0,137.0,983.0,10716,1,0,1,Biker
11,55.0,924.0,137.0,983.0,10717,1,0,1,Biker
11,55.0,924.0,137.0,983.0,10718,1,0,1,Biker
11,55.0,924.0,137.0,983.0,10719,1,0,1,Biker
11,55.0,924.0,137.0,983.0,10720,1,0,1,Biker
11,55.0,924.0,137.0,983.0,10721,1,0,1,Biker
11,52.0,924.0,137.0,983.0,10722,1,0,1,Biker
11,52.0,924.0,137.0,983.0,10723,1,0,1,Biker
11,52.0,924.0,134.0,983.0,10724,1,0,1,Biker
11,52.0,924.0,134.0,983.0,10725,1,0,1,Biker
11,52.0,924.0,134.0,983.0,10726,1,0,1,Biker
11,52.0,924.0,134.0,983.0,10727,1,0,1,Biker
11,52.0,924.0,134.0,983.0,10728,1,0,1,Biker
11,52.0,924.0,134.0,983.0,10729,1,0,1,Biker
11,49.0,924.0,134.0,983.0,10730,1,0,1,Biker
11,49.0,924.0,134.0,983.0,10731,1,0,1,Biker
11,49.0,924.0,134.0,983.0,10732,1,0,1,Biker
11,49.0,924.0,132.0,983.0,10733,1,0,1,Biker
11,49.0,924.0,132.0,983.0,10734,1,0,1,Biker
11,49.0,924.0,132.0,983.0,10735,1,0,1,Biker
11,49.0,924.0,132.0,983.0,10736,1,0,1,Biker
11,49.0,924.0,132.0,983.0,10737,1,0,1,Biker
11,49.0,924.0,132.0,983.0,10738,1,0,1,Biker
11,46.0,924.0,132.0,983.0,10739,1,0,1,Biker
11,46.0,924.0,132.0,983.0,10740,1,0,1,Biker
11,46.0,924.0,129.0,983.0,10741,1,0,1,Biker
11,46.0,924.0,129.0,983.0,10742,1,0,1,Biker
11,46.0,924.0,129.0,983.0,10743,1,0,1,Biker
11,46.0,924.0,129.0,983.0,10744,1,0,1,Biker
11,46.0,924.0,129.0,983.0,10745,1,0,1,Biker
11,46.0,924.0,129.0,983.0,10746,1,0,1,Biker
11,46.0,924.0,129.0,983.0,10747,1,0,1,Biker
11,44.0,924.0,129.0,983.0,10748,1,0,1,Biker
11,44.0,924.0,126.0,983.0,10749,1,0,1,Biker
11,44.0,924.0,126.0,983.0,10750,1,0,1,Biker
11,44.0,924.0,126.0,983.0,10751,1,0,1,Biker
11,44.0,924.0,126.0,983.0,10752,1,0,1,Biker
11,44.0,924.0,126.0,983.0,10753,1,0,1,Biker
11,44.0,924.0,126.0,983.0,10754,1,0,1,Biker
11,44.0,924.0,126.0,983.0,10755,1,0,1,Biker
11,44.0,924.0,126.0,983.0,10756,1,0,1,Biker
11,41.0,924.0,126.0,983.0,10757,1,0,1,Biker
11,41.0,924.0,123.0,983.0,10758,1,0,1,Biker
11,41.0,924.0,123.0,983.0,10759,1,0,1,Biker
11,41.0,924.0,123.0,983.0,10760,1,0,1,Biker
11,41.0,924.0,123.0,983.0,10761,1,0,1,Biker
11,41.0,924.0,123.0,983.0,10762,1,0,1,Biker
11,41.0,924.0,123.0,983.0,10763,1,0,1,Biker
11,41.0,924.0,123.0,983.0,10764,1,0,1,Biker
11,41.0,924.0,123.0,983.0,10765,1,0,1,Biker
11,38.0,924.0,121.0,983.0,10766,1,0,1,Biker
11,38.0,924.0,121.0,983.0,10767,1,0,1,Biker
11,38.0,924.0,121.0,983.0,10768,1,0,1,Biker
11,38.0,924.0,121.0,983.0,10769,1,0,1,Biker
11,38.0,924.0,121.0,983.0,10770,1,0,1,Biker
11,38.0,924.0,121.0,983.0,10771,1,0,1,Biker
11,38.0,924.0,121.0,983.0,10772,1,0,1,Biker
11,38.0,924.0,121.0,983.0,10773,1,0,1,Biker
11,38.0,924.0,118.0,983.0,10774,1,0,1,Biker
11,35.0,924.0,118.0,983.0,10775,1,0,1,Biker
11,35.0,924.0,118.0,983.0,10776,1,0,1,Biker
11,35.0,924.0,118.0,983.0,10777,1,0,1,Biker
11,35.0,924.0,118.0,983.0,10778,1,0,1,Biker
11,35.0,924.0,118.0,983.0,10779,1,0,1,Biker
11,35.0,924.0,118.0,983.0,10780,1,0,1,Biker
11,35.0,924.0,118.0,983.0,10781,1,0,1,Biker
11,35.0,924.0,115.0,983.0,10782,1,0,1,Biker
11,35.0,924.0,115.0,983.0,10783,1,0,1,Biker
11,33.0,924.0,115.0,983.0,10784,1,0,1,Biker
11,33.0,924.0,115.0,983.0,10785,1,0,1,Biker
11,33.0,924.0,115.0,983.0,10786,1,0,1,Biker
11,33.0,924.0,115.0,983.0,10787,1,0,1,Biker
11,33.0,924.0,115.0,983.0,10788,1,0,1,Biker
11,33.0,924.0,115.0,983.0,10789,1,0,1,Biker
11,33.0,924.0,115.0,983.0,10790,1,0,1,Biker
11,33.0,924.0,112.0,983.0,10791,1,0,1,Biker
11,30.0,924.0,112.0,983.0,10792,1,0,1,Biker
11,30.0,924.0,112.0,983.0,10793,1,0,1,Biker
11,30.0,924.0,112.0,983.0,10794,1,0,1,Biker
11,30.0,924.0,112.0,983.0,10795,1,0,1,Biker
11,30.0,924.0,112.0,983.0,10796,1,0,1,Biker
11,30.0,924.0,112.0,983.0,10797,1,0,1,Biker
11,30.0,924.0,112.0,983.0,10798,1,0,1,Biker
11,30.0,926.0,110.0,985.0,10799,1,0,1,Biker
11,30.0,926.0,110.0,985.0,10800,1,0,1,Biker
11,27.0,926.0,110.0,985.0,10801,1,0,1,Biker
11,27.0,926.0,110.0,985.0,10802,1,0,1,Biker
11,27.0,926.0,110.0,985.0,10803,1,0,1,Biker
11,27.0,926.0,110.0,985.0,10804,1,0,1,Biker
11,27.0,926.0,110.0,985.0,10805,1,0,1,Biker
11,27.0,926.0,110.0,985.0,10806,1,0,1,Biker
11,27.0,926.0,107.0,985.0,10807,1,0,1,Biker
11,27.0,926.0,107.0,985.0,10808,1,0,1,Biker
11,27.0,926.0,107.0,985.0,10809,1,0,1,Biker
11,24.0,926.0,107.0,985.0,10810,1,0,1,Biker
11,24.0,926.0,107.0,985.0,10811,1,0,1,Biker
11,24.0,926.0,107.0,985.0,10812,1,0,1,Biker
11,24.0,926.0,107.0,985.0,10813,1,0,1,Biker
11,24.0,926.0,107.0,985.0,10814,1,0,1,Biker
11,24.0,926.0,107.0,985.0,10815,1,0,1,Biker
11,24.0,926.0,104.0,985.0,10816,1,0,1,Biker
11,24.0,926.0,104.0,985.0,10817,1,0,1,Biker
11,24.0,926.0,104.0,985.0,10818,1,0,1,Biker
11,22.0,926.0,104.0,985.0,10819,1,0,1,Biker
11,22.0,926.0,104.0,985.0,10820,1,0,1,Biker
11,22.0,926.0,104.0,985.0,10821,1,0,1,Biker
11,22.0,926.0,104.0,985.0,10822,1,0,1,Biker
11,22.0,926.0,104.0,985.0,10823,1,0,1,Biker
11,22.0,926.0,101.0,985.0,10824,1,0,1,Biker
11,22.0,926.0,101.0,985.0,10825,1,0,1,Biker
11,22.0,926.0,101.0,985.0,10826,1,0,1,Biker
11,22.0,926.0,101.0,985.0,10827,1,0,1,Biker
11,19.0,926.0,101.0,985.0,10828,1,0,1,Biker
11,19.0,926.0,101.0,985.0,10829,1,0,1,Biker
11,19.0,926.0,101.0,985.0,10830,1,0,1,Biker
11,19.0,926.0,101.0,985.0,10831,1,0,1,Biker
11,19.0,926.0,99.0,985.0,10832,1,0,1,Biker
11,19.0,926.0,99.0,985.0,10833,1,0,1,Biker
11,19.0,926.0,99.0,985.0,10834,1,0,1,Biker
11,19.0,926.0,99.0,985.0,10835,1,0,1,Biker
11,19.0,926.0,99.0,985.0,10836,1,0,1,Biker
11,16.0,926.0,99.0,985.0,10837,1,0,1,Biker
11,16.0,926.0,99.0,985.0,10838,1,0,1,Biker
11,16.0,926.0,99.0,985.0,10839,1,0,1,Biker
11,16.0,926.0,96.0,985.0,10840,1,0,1,Biker
11,16.0,926.0,96.0,985.0,10841,1,0,1,Biker
11,16.0,926.0,96.0,985.0,10842,1,0,1,Biker
11,16.0,926.0,96.0,985.0,10843,1,0,1,Biker
11,16.0,926.0,96.0,985.0,10844,1,0,1,Biker
11,13.0,926.0,96.0,985.0,10845,1,0,1,Biker
11,13.0,926.0,96.0,985.0,10846,1,0,1,Biker
11,13.0,926.0,96.0,985.0,10847,1,0,1,Biker
11,13.0,926.0,96.0,985.0,10848,1,0,1,Biker
11,13.0,926.0,93.0,985.0,10849,1,0,1,Biker
11,13.0,926.0,93.0,985.0,10850,1,0,1,Biker
11,13.0,926.0,93.0,985.0,10851,1,0,1,Biker
11,13.0,926.0,93.0,985.0,10852,1,0,1,Biker
11,13.0,926.0,93.0,985.0,10853,1,0,1,Biker
11,11.0,926.0,93.0,985.0,10854,1,0,1,Biker
11,11.0,926.0,93.0,985.0,10855,1,0,1,Biker
11,11.0,926.0,93.0,985.0,10856,1,0,1,Biker
11,11.0,926.0,90.0,985.0,10857,1,0,1,Biker
11,11.0,926.0,90.0,985.0,10858,1,0,1,Biker
11,11.0,926.0,90.0,985.0,10859,1,0,1,Biker
11,11.0,926.0,90.0,985.0,10860,1,0,1,Biker
11,11.0,926.0,90.0,985.0,10861,1,0,1,Biker
11,11.0,926.0,90.0,985.0,10862,1,0,1,Biker
11,8.0,926.0,90.0,985.0,10863,1,0,1,Biker
11,8.0,926.0,90.0,985.0,10864,1,0,1,Biker
11,8.0,926.0,88.0,985.0,10865,1,0,1,Biker
11,8.0,926.0,88.0,985.0,10866,1,0,1,Biker
11,8.0,926.0,88.0,985.0,10867,1,0,1,Biker
11,8.0,926.0,88.0,985.0,10868,1,0,1,Biker
11,8.0,926.0,88.0,985.0,10869,1,0,1,Biker
11,8.0,926.0,88.0,985.0,10870,1,0,1,Biker
11,8.0,926.0,88.0,985.0,10871,1,0,1,Biker
11,5.0,926.0,88.0,985.0,10872,1,0,1,Biker
11,5.0,926.0,88.0,985.0,10873,1,0,1,Biker
11,5.0,926.0,85.0,985.0,10874,1,0,1,Biker
11,5.0,926.0,85.0,985.0,10875,1,0,1,Biker
11,5.0,926.0,85.0,985.0,10876,1,0,1,Biker
11,5.0,926.0,85.0,985.0,10877,1,0,1,Biker
11,5.0,926.0,85.0,985.0,10878,1,0,1,Biker
11,5.0,926.0,85.0,985.0,10879,1,0,1,Biker
11,5.0,926.0,85.0,985.0,10880,1,0,1,Biker
11,2.0,926.0,85.0,985.0,10881,1,0,1,Biker
11,2.0,926.0,82.0,985.0,10882,1,0,1,Biker
11,2.0,926.0,82.0,985.0,10883,1,0,1,Biker
11,2.0,926.0,82.0,985.0,10884,1,0,1,Biker
11,2.0,926.0,82.0,985.0,10885,1,0,1,Biker
11,2.0,926.0,82.0,985.0,10886,1,0,1,Biker
11,2.0,926.0,82.0,985.0,10887,1,0,1,Biker
11,2.0,926.0,82.0,985.0,10888,1,0,1,Biker
11,2.0,926.0,82.0,985.0,10889,1,0,1,Biker
11,0.0,926.0,79.0,985.0,10890,1,0,1,Biker
11,0.0,926.0,79.0,985.0,10891,1,0,1,Biker
11,0.0,926.0,79.0,985.0,10892,1,0,1,Biker
11,0.0,926.0,79.0,985.0,10893,1,0,1,Biker
11,0.0,926.0,79.0,985.0,10894,1,0,1,Biker
11,0.0,926.0,79.0,985.0,10895,1,0,1,Biker
11,0.0,926.0,79.0,985.0,10896,1,0,1,Biker
11,0.0,926.0,79.0,985.0,10897,1,0,1,Biker
11,0.0,929.0,79.0,988.0,10898,0,0,0,Biker
11,0.0,926.0,79.0,985.0,10899,0,0,1,Biker
11,2.0,926.0,82.0,985.0,10900,0,0,1,Biker
11,5.0,926.0,85.0,985.0,10901,0,0,1,Biker
11,8.0,924.0,88.0,983.0,10902,0,0,1,Biker
11,11.0,924.0,90.0,983.0,10903,0,0,1,Biker
11,13.0,924.0,93.0,983.0,10904,0,0,1,Biker
11,13.0,924.0,96.0,983.0,10905,0,0,1,Biker
11,16.0,922.0,96.0,981.0,10906,0,0,1,Biker
11,19.0,922.0,99.0,981.0,10907,0,0,1,Biker
11,22.0,922.0,101.0,981.0,10908,0,0,1,Biker
11,24.0,922.0,104.0,981.0,10909,0,0,1,Biker
11,27.0,919.0,107.0,979.0,10910,0,0,1,Biker
11,30.0,919.0,110.0,979.0,10911,0,0,1,Biker
11,30.0,919.0,112.0,979.0,10912,0,0,1,Biker
11,33.0,919.0,115.0,979.0,10913,0,0,1,Biker
11,35.0,917.0,115.0,976.0,10914,0,0,1,Biker
11,38.0,917.0,118.0,976.0,10915,0,0,1,Biker
11,41.0,917.0,121.0,976.0,10916,0,0,1,Biker
11,44.0,917.0,123.0,976.0,10917,0,0,1,Biker
11,44.0,915.0,126.0,974.0,10918,0,0,1,Biker
11,46.0,915.0,129.0,974.0,10919,0,0,1,Biker
11,49.0,915.0,132.0,974.0,10920,0,0,1,Biker
11,52.0,915.0,134.0,974.0,10921,0,0,1,Biker
11,55.0,913.0,134.0,972.0,10922,0,0,1,Biker
11,57.0,913.0,137.0,972.0,10923,0,0,1,Biker
11,60.0,913.0,140.0,972.0,10924,0,0,1,Biker
11,60.0,913.0,143.0,972.0,10925,0,0,1,Biker
11,63.0,910.0,145.0,970.0,10926,0,0,1,Biker
11,66.0,910.0,148.0,970.0,10927,0,0,1,Biker
11,68.0,910.0,151.0,970.0,10928,0,0,1,Biker
11,71.0,910.0,154.0,970.0,10929,0,0,1,Biker
11,74.0,908.0,154.0,967.0,10930,0,0,1,Biker
11,74.0,908.0,156.0,967.0,10931,0,0,1,Biker
11,77.0,908.0,159.0,967.0,10932,0,0,1,Biker
11,79.0,908.0,162.0,967.0,10933,0,0,1,Biker
11,82.0,906.0,165.0,965.0,10934,0,0,1,Biker
11,85.0,906.0,167.0,965.0,10935,0,0,1,Biker
11,88.0,906.0,170.0,965.0,10936,0,0,1,Biker
11,90.0,906.0,173.0,965.0,10937,0,0,0,Biker
11,93.0,906.0,176.0,965.0,10938,0,0,1,Biker
11,99.0,906.0,181.0,965.0,10939,0,0,1,Biker
11,101.0,906.0,184.0,965.0,10940,0,0,1,Biker
11,107.0,906.0,189.0,965.0,10941,0,0,1,Biker
11,110.0,906.0,192.0,965.0,10942,0,0,1,Biker
11,115.0,906.0,198.0,965.0,10943,0,0,1,Biker
11,118.0,906.0,200.0,965.0,10944,0,0,1,Biker
11,123.0,906.0,206.0,965.0,10945,0,0,1,Biker
11,129.0,906.0,211.0,965.0,10946,0,0,1,Biker
11,132.0,906.0,214.0,965.0,10947,0,0,1,Biker
11,137.0,906.0,220.0,965.0,10948,0,0,1,Biker
11,140.0,906.0,222.0,965.0,10949,0,0,1,Biker
11,145.0,906.0,228.0,965.0,10950,0,0,1,Biker
11,148.0,906.0,231.0,965.0,10951,0,0,1,Biker
11,154.0,906.0,236.0,965.0,10952,0,0,1,Biker
11,159.0,906.0,242.0,965.0,10953,0,0,1,Biker
11,162.0,906.0,244.0,965.0,10954,0,0,1,Biker
11,167.0,906.0,250.0,965.0,10955,0,0,1,Biker
11,170.0,906.0,253.0,965.0,10956,0,0,1,Biker
11,176.0,906.0,258.0,965.0,10957,0,0,1,Biker
11,178.0,906.0,261.0,965.0,10958,0,0,1,Biker
11,184.0,906.0,266.0,965.0,10959,0,0,1,Biker
11,189.0,906.0,272.0,965.0,10960,0,0,1,Biker
11,192.0,906.0,275.0,965.0,10961,0,0,1,Biker
11,198.0,906.0,280.0,965.0,10962,0,0,1,Biker
11,200.0,906.0,283.0,965.0,10963,0,0,1,Biker
11,206.0,906.0,288.0,965.0,10964,0,0,1,Biker
11,209.0,906.0,291.0,965.0,10965,0,0,1,Biker
11,214.0,906.0,297.0,965.0,10966,0,0,1,Biker
11,220.0,906.0,302.0,965.0,10967,0,0,0,Biker
11,222.0,906.0,305.0,965.0,10968,0,0,1,Biker
11,228.0,906.0,310.0,965.0,10969,0,0,1,Biker
11,233.0,906.0,316.0,965.0,10970,0,0,1,Biker
11,236.0,906.0,319.0,965.0,10971,0,0,1,Biker
11,242.0,906.0,324.0,965.0,10972,0,0,1,Biker
11,247.0,906.0,330.0,965.0,10973,0,0,1,Biker
11,250.0,906.0,332.0,965.0,10974,0,0,1,Biker
11,255.0,906.0,338.0,965.0,10975,0,0,1,Biker
11,261.0,906.0,343.0,965.0,10976,0,0,1,Biker
11,266.0,906.0,349.0,965.0,10977,0,0,1,Biker
11,269.0,906.0,352.0,965.0,10978,0,0,1,Biker
11,275.0,906.0,357.0,965.0,10979,0,0,1,Biker
11,280.0,906.0,363.0,965.0,10980,0,0,1,Biker
11,283.0,906.0,365.0,965.0,10981,0,0,1,Biker
11,288.0,906.0,371.0,965.0,10982,0,0,1,Biker
11,294.0,906.0,376.0,965.0,10983,0,0,1,Biker
11,297.0,906.0,379.0,965.0,10984,0,0,1,Biker
11,302.0,906.0,385.0,965.0,10985,0,0,1,Biker
11,308.0,906.0,390.0,965.0,10986,0,0,1,Biker
11,313.0,908.0,396.0,967.0,10987,0,0,0,Biker
11,316.0,906.0,398.0,965.0,10988,0,0,1,Biker
11,319.0,906.0,401.0,965.0,10989,0,0,1,Biker
11,324.0,906.0,407.0,965.0,10990,0,0,1,Biker
11,327.0,906.0,409.0,965.0,10991,0,0,1,Biker
11,330.0,906.0,412.0,965.0,10992,0,0,1,Biker
11,335.0,906.0,418.0,965.0,10993,0,0,1,Biker
11,338.0,906.0,420.0,965.0,10994,0,0,1,Biker
11,343.0,906.0,426.0,965.0,10995,0,0,1,Biker
11,346.0,906.0,429.0,965.0,10996,0,0,1,Biker
11,349.0,906.0,431.0,965.0,10997,0,0,1,Biker
11,354.0,906.0,437.0,965.0,10998,0,0,1,Biker
11,357.0,906.0,440.0,965.0,10999,0,0,1,Biker
11,363.0,906.0,445.0,965.0,11000,0,0,0,Biker
11,365.0,904.0,448.0,965.0,11001,0,0,1,Biker
11,368.0,904.0,453.0,965.0,11002,0,0,1,Biker
11,374.0,904.0,456.0,965.0,11003,0,0,1,Biker
11,376.0,904.0,462.0,965.0,11004,0,0,1,Biker
11,382.0,904.0,464.0,965.0,11005,0,0,1,Biker
11,385.0,904.0,470.0,965.0,11006,0,0,1,Biker
11,390.0,904.0,473.0,965.0,11007,0,0,1,Biker
11,393.0,904.0,478.0,965.0,11008,0,0,1,Biker
11,396.0,904.0,481.0,965.0,11009,0,0,1,Biker
11,401.0,904.0,486.0,965.0,11010,0,0,1,Biker
11,404.0,904.0,489.0,965.0,11011,0,0,1,Biker
11,409.0,904.0,495.0,965.0,11012,0,0,1,Biker
11,412.0,904.0,497.0,965.0,11013,0,0,1,Biker
11,418.0,904.0,503.0,965.0,11014,0,0,1,Biker
11,420.0,904.0,506.0,965.0,11015,0,0,1,Biker
11,423.0,901.0,511.0,965.0,11016,0,0,1,Biker
11,429.0,901.0,514.0,965.0,11017,0,0,1,Biker
11,431.0,901.0,519.0,965.0,11018,0,0,1,Biker
11,437.0,901.0,522.0,965.0,11019,0,0,1,Biker
11,440.0,901.0,528.0,965.0,11020,0,0,1,Biker
11,445.0,901.0,530.0,965.0,11021,0,0,1,Biker
11,448.0,901.0,536.0,965.0,11022,0,0,1,Biker
11,451.0,901.0,539.0,965.0,11023,0,0,1,Biker
11,456.0,901.0,544.0,965.0,11024,0,0,1,Biker
11,459.0,901.0,547.0,965.0,11025,0,0,1,Biker
11,464.0,901.0,552.0,965.0,11026,0,0,1,Biker
11,467.0,901.0,555.0,965.0,11027,0,0,1,Biker
11,473.0,901.0,561.0,965.0,11028,0,0,1,Biker
11,475.0,901.0,563.0,965.0,11029,0,0,1,Biker
11,481.0,901.0,569.0,965.0,11030,0,0,1,Biker
11,484.0,899.0,572.0,965.0,11031,0,0,1,Biker
11,486.0,899.0,577.0,965.0,11032,0,0,1,Biker
11,492.0,899.0,580.0,965.0,11033,0,0,1,Biker
11,495.0,899.0,585.0,965.0,11034,0,0,1,Biker
11,500.0,899.0,588.0,965.0,11035,0,0,1,Biker
11,503.0,899.0,594.0,965.0,11036,0,0,1,Biker
11,508.0,899.0,596.0,965.0,11037,0,0,1,Biker
11,511.0,899.0,602.0,965.0,11038,0,0,1,Biker
11,514.0,899.0,605.0,965.0,11039,0,0,1,Biker
11,519.0,899.0,610.0,965.0,11040,0,0,1,Biker
11,522.0,899.0,613.0,965.0,11041,0,0,1,Biker
11,528.0,899.0,618.0,965.0,11042,0,0,1,Biker
11,530.0,899.0,621.0,965.0,11043,0,0,1,Biker
11,536.0,899.0,627.0,965.0,11044,0,0,1,Biker
11,539.0,899.0,632.0,965.0,11045,0,0,1,Biker
11,541.0,897.0,635.0,965.0,11046,0,0,1,Biker
11,547.0,897.0,640.0,965.0,11047,0,0,1,Biker
11,550.0,897.0,643.0,965.0,11048,0,0,1,Biker
11,555.0,897.0,649.0,965.0,11049,0,0,1,Biker
11,558.0,897.0,651.0,965.0,11050,0,0,1,Biker
11,563.0,897.0,657.0,965.0,11051,0,0,1,Biker
11,566.0,897.0,660.0,965.0,11052,0,0,1,Biker
11,569.0,897.0,665.0,965.0,11053,0,0,1,Biker
11,574.0,897.0,668.0,965.0,11054,0,0,1,Biker
11,577.0,897.0,673.0,965.0,11055,0,0,1,Biker
11,583.0,897.0,676.0,965.0,11056,0,0,1,Biker
11,585.0,897.0,682.0,965.0,11057,0,0,1,Biker
11,591.0,897.0,684.0,965.0,11058,0,0,1,Biker
11,594.0,897.0,690.0,965.0,11059,0,0,1,Biker
11,599.0,897.0,693.0,965.0,11060,0,0,1,Biker
11,602.0,894.0,698.0,965.0,11061,0,0,1,Biker
11,605.0,894.0,701.0,965.0,11062,0,0,1,Biker
11,610.0,894.0,706.0,965.0,11063,0,0,1,Biker
11,613.0,894.0,709.0,965.0,11064,0,0,1,Biker
11,618.0,894.0,715.0,965.0,11065,0,0,1,Biker
11,621.0,894.0,717.0,965.0,11066,0,0,1,Biker
11,627.0,894.0,723.0,965.0,11067,0,0,1,Biker
11,629.0,894.0,726.0,965.0,11068,0,0,1,Biker
11,632.0,894.0,731.0,965.0,11069,0,0,1,Biker
11,638.0,894.0,734.0,965.0,11070,0,0,1,Biker
11,640.0,894.0,739.0,965.0,11071,0,0,1,Biker
11,646.0,894.0,742.0,965.0,11072,0,0,1,Biker
11,649.0,894.0,748.0,965.0,11073,0,0,1,Biker
11,654.0,894.0,750.0,965.0,11074,0,0,1,Biker
11,657.0,894.0,756.0,965.0,11075,0,0,1,Biker
11,660.0,892.0,759.0,965.0,11076,0,0,1,Biker
11,665.0,892.0,764.0,965.0,11077,0,0,1,Biker
11,668.0,892.0,767.0,965.0,11078,0,0,1,Biker
11,673.0,892.0,772.0,965.0,11079,0,0,1,Biker
11,676.0,892.0,775.0,965.0,11080,0,0,1,Biker
11,682.0,892.0,781.0,965.0,11081,0,0,1,Biker
11,684.0,892.0,783.0,965.0,11082,0,0,1,Biker
11,687.0,892.0,789.0,965.0,11083,0,0,1,Biker
11,693.0,892.0,792.0,965.0,11084,0,0,1,Biker
11,695.0,892.0,797.0,965.0,11085,0,0,1,Biker
11,701.0,892.0,800.0,965.0,11086,0,0,1,Biker
11,704.0,892.0,805.0,965.0,11087,0,0,1,Biker
11,709.0,892.0,808.0,965.0,11088,0,0,1,Biker
11,712.0,892.0,814.0,965.0,11089,0,0,1,Biker
11,717.0,892.0,819.0,967.0,11090,0,0,0,Biker
11,720.0,890.0,822.0,965.0,11091,0,0,1,Biker
11,723.0,890.0,825.0,965.0,11092,0,0,1,Biker
11,728.0,890.0,830.0,965.0,11093,0,0,1,Biker
11,731.0,890.0,833.0,965.0,11094,0,0,1,Biker
11,734.0,890.0,836.0,965.0,11095,0,0,1,Biker
11,739.0,890.0,841.0,965.0,11096,0,0,1,Biker
11,742.0,890.0,844.0,965.0,11097,0,0,1,Biker
11,745.0,890.0,847.0,965.0,11098,0,0,1,Biker
11,750.0,890.0,852.0,965.0,11099,0,0,1,Biker
11,753.0,890.0,855.0,965.0,11100,0,0,1,Biker
11,756.0,890.0,858.0,965.0,11101,0,0,1,Biker
11,761.0,890.0,863.0,965.0,11102,0,0,1,Biker
11,764.0,890.0,866.0,965.0,11103,0,0,1,Biker
11,767.0,888.0,869.0,963.0,11104,0,0,1,Biker
11,772.0,888.0,874.0,963.0,11105,0,0,1,Biker
11,775.0,888.0,877.0,963.0,11106,0,0,1,Biker
11,778.0,888.0,880.0,963.0,11107,0,0,1,Biker
11,783.0,888.0,885.0,963.0,11108,0,0,1,Biker
11,786.0,888.0,888.0,963.0,11109,0,0,1,Biker
11,789.0,888.0,891.0,963.0,11110,0,0,1,Biker
11,794.0,888.0,896.0,963.0,11111,0,0,1,Biker
11,797.0,888.0,899.0,963.0,11112,0,0,1,Biker
11,800.0,888.0,902.0,963.0,11113,0,0,1,Biker
11,805.0,888.0,907.0,963.0,11114,0,0,1,Biker
11,808.0,888.0,910.0,963.0,11115,0,0,1,Biker
11,811.0,888.0,913.0,963.0,11116,0,0,1,Biker
11,816.0,885.0,918.0,960.0,11117,0,0,1,Biker
11,819.0,885.0,921.0,960.0,11118,0,0,1,Biker
11,822.0,885.0,924.0,960.0,11119,0,0,1,Biker
11,827.0,885.0,929.0,960.0,11120,0,0,1,Biker
11,830.0,885.0,932.0,960.0,11121,0,0,1,Biker
11,833.0,885.0,935.0,960.0,11122,0,0,1,Biker
11,838.0,885.0,940.0,960.0,11123,0,0,1,Biker
11,841.0,885.0,943.0,960.0,11124,0,0,1,Biker
11,844.0,885.0,946.0,960.0,11125,0,0,1,Biker
11,849.0,885.0,951.0,960.0,11126,0,0,1,Biker
11,852.0,885.0,954.0,960.0,11127,0,0,1,Biker
11,855.0,885.0,957.0,960.0,11128,0,0,1,Biker
11,860.0,885.0,962.0,960.0,11129,0,0,1,Biker
11,863.0,885.0,965.0,960.0,11130,0,0,1,Biker
11,869.0,883.0,970.0,958.0,11131,0,0,1,Biker
11,871.0,883.0,973.0,958.0,11132,0,0,1,Biker
11,874.0,883.0,976.0,958.0,11133,0,0,1,Biker
11,880.0,883.0,981.0,958.0,11134,0,0,1,Biker
11,882.0,883.0,984.0,958.0,11135,0,0,1,Biker
11,885.0,883.0,987.0,958.0,11136,0,0,1,Biker
11,891.0,883.0,992.0,958.0,11137,0,0,1,Biker
11,893.0,883.0,995.0,958.0,11138,0,0,1,Biker
11,896.0,883.0,998.0,958.0,11139,0,0,1,Biker
11,902.0,883.0,1003.0,958.0,11140,0,0,1,Biker
11,904.0,883.0,1006.0,958.0,11141,0,0,1,Biker
11,907.0,883.0,1009.0,958.0,11142,0,0,1,Biker
11,913.0,883.0,1014.0,958.0,11143,0,0,1,Biker
11,915.0,881.0,1017.0,956.0,11144,0,0,1,Biker
11,918.0,881.0,1020.0,956.0,11145,0,0,1,Biker
11,924.0,881.0,1025.0,956.0,11146,0,0,1,Biker
11,926.0,881.0,1028.0,956.0,11147,0,0,1,Biker
11,929.0,881.0,1031.0,956.0,11148,0,0,1,Biker
11,935.0,881.0,1036.0,956.0,11149,0,0,1,Biker
11,937.0,881.0,1039.0,956.0,11150,0,0,1,Biker
11,940.0,881.0,1042.0,956.0,11151,0,0,1,Biker
11,946.0,881.0,1047.0,956.0,11152,0,0,1,Biker
11,948.0,881.0,1050.0,956.0,11153,0,0,1,Biker
11,951.0,881.0,1053.0,956.0,11154,0,0,1,Biker
11,957.0,881.0,1058.0,956.0,11155,0,0,1,Biker
11,959.0,881.0,1061.0,956.0,11156,0,0,1,Biker
11,962.0,878.0,1064.0,954.0,11157,0,0,1,Biker
11,968.0,878.0,1069.0,954.0,11158,0,0,1,Biker
11,970.0,878.0,1072.0,954.0,11159,0,0,1,Biker
11,973.0,878.0,1075.0,954.0,11160,0,0,1,Biker
11,979.0,878.0,1080.0,954.0,11161,0,0,1,Biker
11,981.0,878.0,1083.0,954.0,11162,0,0,1,Biker
11,984.0,878.0,1086.0,954.0,11163,0,0,1,Biker
11,990.0,878.0,1091.0,954.0,11164,0,0,1,Biker
11,992.0,878.0,1094.0,954.0,11165,0,0,1,Biker
11,995.0,878.0,1097.0,954.0,11166,0,0,1,Biker
11,1001.0,878.0,1102.0,954.0,11167,0,0,1,Biker
11,1003.0,878.0,1105.0,954.0,11168,0,0,1,Biker
11,1006.0,878.0,1108.0,954.0,11169,0,0,1,Biker
11,1012.0,878.0,1113.0,954.0,11170,0,0,1,Biker
11,1014.0,876.0,1116.0,951.0,11171,0,0,1,Biker
11,1020.0,876.0,1122.0,951.0,11172,0,0,1,Biker
11,1023.0,876.0,1124.0,951.0,11173,0,0,1,Biker
11,1025.0,876.0,1127.0,951.0,11174,0,0,1,Biker
11,1031.0,876.0,1133.0,951.0,11175,0,0,1,Biker
11,1034.0,876.0,1135.0,951.0,11176,0,0,1,Biker
11,1036.0,876.0,1138.0,951.0,11177,0,0,1,Biker
11,1042.0,876.0,1144.0,951.0,11178,0,0,1,Biker
11,1045.0,876.0,1146.0,951.0,11179,0,0,1,Biker
11,1047.0,876.0,1149.0,951.0,11180,0,0,1,Biker
11,1053.0,876.0,1155.0,951.0,11181,0,0,1,Biker
11,1056.0,876.0,1157.0,951.0,11182,0,0,1,Biker
11,1058.0,876.0,1160.0,951.0,11183,0,0,1,Biker
11,1064.0,874.0,1166.0,949.0,11184,0,0,1,Biker
11,1067.0,874.0,1168.0,949.0,11185,0,0,1,Biker
11,1069.0,874.0,1171.0,949.0,11186,0,0,1,Biker
11,1075.0,874.0,1177.0,949.0,11187,0,0,1,Biker
11,1078.0,874.0,1179.0,949.0,11188,0,0,1,Biker
11,1080.0,874.0,1182.0,949.0,11189,0,0,1,Biker
11,1086.0,874.0,1188.0,949.0,11190,0,0,1,Biker
11,1089.0,874.0,1190.0,949.0,11191,0,0,1,Biker
11,1091.0,874.0,1193.0,949.0,11192,0,0,1,Biker
11,1097.0,874.0,1199.0,949.0,11193,0,0,1,Biker
11,1100.0,874.0,1201.0,949.0,11194,0,0,1,Biker
11,1102.0,874.0,1204.0,949.0,11195,0,0,1,Biker
11,1108.0,874.0,1210.0,949.0,11196,0,0,1,Biker
11,1111.0,872.0,1212.0,947.0,11197,0,0,1,Biker
11,1113.0,872.0,1215.0,947.0,11198,0,0,1,Biker
11,1119.0,872.0,1221.0,947.0,11199,0,0,1,Biker
11,1122.0,872.0,1223.0,947.0,11200,0,0,1,Biker
11,1124.0,872.0,1226.0,947.0,11201,0,0,1,Biker
11,1130.0,872.0,1232.0,947.0,11202,0,0,1,Biker
11,1133.0,872.0,1234.0,947.0,11203,0,0,1,Biker
11,1135.0,872.0,1237.0,947.0,11204,0,0,1,Biker
11,1141.0,872.0,1243.0,947.0,11205,0,0,1,Biker
11,1144.0,872.0,1245.0,947.0,11206,0,0,1,Biker
11,1146.0,872.0,1248.0,947.0,11207,0,0,1,Biker
11,1152.0,872.0,1254.0,947.0,11208,0,0,1,Biker
11,1155.0,872.0,1256.0,947.0,11209,0,0,1,Biker
11,1160.0,872.0,1262.0,947.0,11210,0,0,0,Biker
11,1163.0,872.0,1265.0,947.0,11211,0,0,1,Biker
11,1166.0,872.0,1267.0,947.0,11212,0,0,1,Biker
11,1168.0,872.0,1270.0,947.0,11213,0,0,1,Biker
11,1171.0,872.0,1273.0,947.0,11214,0,0,1,Biker
11,1174.0,872.0,1276.0,947.0,11215,0,0,1,Biker
11,1179.0,872.0,1281.0,947.0,11216,0,0,1,Biker
11,1182.0,874.0,1284.0,949.0,11217,0,0,1,Biker
11,1185.0,874.0,1287.0,949.0,11218,0,0,1,Biker
11,1188.0,874.0,1289.0,949.0,11219,0,0,1,Biker
11,1190.0,874.0,1292.0,949.0,11220,0,0,1,Biker
11,1196.0,874.0,1298.0,949.0,11221,0,0,1,Biker
11,1199.0,874.0,1300.0,949.0,11222,0,0,1,Biker
11,1201.0,876.0,1303.0,951.0,11223,0,0,1,Biker
11,1204.0,876.0,1306.0,951.0,11224,0,0,1,Biker
11,1207.0,876.0,1309.0,951.0,11225,0,0,1,Biker
11,1212.0,876.0,1311.0,951.0,11226,0,0,1,Biker
11,1215.0,876.0,1317.0,951.0,11227,0,0,1,Biker
11,1218.0,876.0,1320.0,951.0,11228,0,0,1,Biker
11,1221.0,876.0,1322.0,951.0,11229,0,0,1,Biker
11,1223.0,878.0,1325.0,954.0,11230,0,0,1,Biker
11,1229.0,878.0,1328.0,954.0,11231,0,0,1,Biker
11,1232.0,878.0,1333.0,954.0,11232,0,0,1,Biker
11,1234.0,878.0,1336.0,954.0,11233,0,0,1,Biker
11,1237.0,878.0,1339.0,954.0,11234,0,0,1,Biker
11,1240.0,878.0,1342.0,954.0,11235,0,0,1,Biker
11,1245.0,881.0,1344.0,956.0,11236,0,0,1,Biker
11,1248.0,881.0,1350.0,956.0,11237,0,0,1,Biker
11,1251.0,881.0,1353.0,956.0,11238,0,0,1,Biker
11,1254.0,881.0,1355.0,956.0,11239,0,0,1,Biker
11,1256.0,881.0,1358.0,956.0,11240,0,0,1,Biker
11,1259.0,881.0,1361.0,956.0,11241,0,0,1,Biker
11,1265.0,883.0,1364.0,958.0,11242,0,0,1,Biker
11,1267.0,883.0,1369.0,958.0,11243,0,0,1,Biker
11,1270.0,883.0,1372.0,958.0,11244,0,0,1,Biker
11,1273.0,883.0,1375.0,958.0,11245,0,0,1,Biker
11,1276.0,883.0,1377.0,958.0,11246,0,0,1,Biker
11,1281.0,883.0,1380.0,958.0,11247,0,0,1,Biker
11,1284.0,883.0,1386.0,958.0,11248,0,0,1,Biker
11,1287.0,885.0,1388.0,960.0,11249,0,0,1,Biker
11,1289.0,885.0,1391.0,960.0,11250,0,0,1,Biker
11,1292.0,885.0,1394.0,960.0,11251,0,0,1,Biker
11,1298.0,885.0,1397.0,960.0,11252,0,0,1,Biker
11,1300.0,885.0,1399.0,960.0,11253,0,0,1,Biker
11,1303.0,885.0,1405.0,960.0,11254,0,0,1,Biker
11,1306.0,888.0,1408.0,963.0,11255,0,0,1,Biker
11,1309.0,888.0,1410.0,963.0,11256,0,0,1,Biker
11,1314.0,888.0,1413.0,963.0,11257,0,0,1,Biker
11,1317.0,888.0,1416.0,963.0,11258,0,0,1,Biker
11,1320.0,888.0,1421.0,963.0,11259,0,0,1,Biker
11,1322.0,888.0,1424.0,963.0,11260,0,0,1,Biker
11,1325.0,890.0,1427.0,965.0,11261,0,0,1,Biker
11,1331.0,890.0,1430.0,965.0,11262,0,0,1,Biker
11,1333.0,890.0,1432.0,965.0,11263,0,0,1,Biker
11,1336.0,890.0,1438.0,965.0,11264,0,0,1,Biker
11,1339.0,890.0,1441.0,965.0,11265,0,0,1,Biker
11,1342.0,890.0,1443.0,965.0,11266,0,0,1,Biker
11,1344.0,890.0,1446.0,965.0,11267,0,0,1,Biker
11,1350.0,892.0,1449.0,967.0,11268,0,0,1,Biker
11,1353.0,892.0,1452.0,967.0,11269,0,0,1,Biker
11,1355.0,892.0,1457.0,967.0,11270,0,0,1,Biker
11,1358.0,892.0,1460.0,967.0,11271,0,0,1,Biker
11,1361.0,892.0,1463.0,967.0,11272,0,0,1,Biker
11,1366.0,892.0,1465.0,967.0,11273,0,0,1,Biker
11,1369.0,894.0,1468.0,970.0,11274,0,0,1,Biker
11,1372.0,894.0,1474.0,970.0,11275,0,0,1,Biker
11,1375.0,894.0,1476.0,970.0,11276,0,0,1,Biker
11,1377.0,894.0,1479.0,970.0,11277,0,0,1,Biker
11,1383.0,894.0,1482.0,970.0,11278,0,0,1,Biker
11,1386.0,894.0,1485.0,970.0,11279,0,0,1,Biker
11,1388.0,897.0,1490.0,972.0,11280,0,0,1,Biker
11,1391.0,897.0,1493.0,972.0,11281,0,0,1,Biker
11,1394.0,897.0,1496.0,972.0,11282,0,0,1,Biker
11,1399.0,897.0,1498.0,972.0,11283,0,0,1,Biker
11,1402.0,897.0,1501.0,972.0,11284,0,0,1,Biker
11,1405.0,897.0,1504.0,972.0,11285,0,0,1,Biker
11,1408.0,897.0,1509.0,972.0,11286,0,0,1,Biker
11,1410.0,899.0,1512.0,974.0,11287,0,0,1,Biker
11,1416.0,899.0,1515.0,974.0,11288,0,0,1,Biker
11,1419.0,899.0,1518.0,974.0,11289,0,0,1,Biker
11,1421.0,899.0,1520.0,974.0,11290,0,0,1,Biker
11,1424.0,899.0,1526.0,974.0,11291,0,0,1,Biker
11,1427.0,899.0,1529.0,974.0,11292,0,0,1,Biker
11,1432.0,901.0,1531.0,976.0,11293,0,0,1,Biker
11,1435.0,901.0,1534.0,976.0,11294,0,0,1,Biker
11,1438.0,901.0,1537.0,976.0,11295,0,0,1,Biker
11,1441.0,901.0,1540.0,976.0,11296,0,0,1,Biker
11,1443.0,901.0,1545.0,976.0,11297,0,0,1,Biker
11,1446.0,901.0,1548.0,976.0,11298,0,0,1,Biker
11,1452.0,901.0,1551.0,976.0,11299,0,0,1,Biker
11,1454.0,904.0,1553.0,979.0,11300,0,0,1,Biker
11,1457.0,904.0,1556.0,979.0,11301,0,0,1,Biker
11,1460.0,904.0,1562.0,979.0,11302,0,0,1,Biker
11,1463.0,904.0,1564.0,979.0,11303,0,0,1,Biker
11,1468.0,904.0,1567.0,979.0,11304,0,0,1,Biker
11,1471.0,904.0,1570.0,979.0,11305,0,0,1,Biker
11,1474.0,906.0,1573.0,981.0,11306,0,0,1,Biker
11,1476.0,906.0,1578.0,981.0,11307,0,0,1,Biker
11,1479.0,906.0,1581.0,981.0,11308,0,0,1,Biker
11,1485.0,906.0,1584.0,981.0,11309,0,0,1,Biker
11,1487.0,906.0,1586.0,981.0,11310,0,0,1,Biker
11,1490.0,906.0,1589.0,981.0,11311,0,0,1,Biker
11,1493.0,908.0,1592.0,983.0,11312,0,0,1,Biker
11,1496.0,908.0,1597.0,983.0,11313,0,0,1,Biker
11,1501.0,908.0,1600.0,983.0,11314,0,0,1,Biker
11,1504.0,908.0,1603.0,983.0,11315,0,0,1,Biker
11,1507.0,908.0,1606.0,983.0,11316,0,0,1,Biker
11,1509.0,908.0,1608.0,983.0,11317,0,0,1,Biker
11,1512.0,908.0,1614.0,983.0,11318,0,0,1,Biker
11,1518.0,910.0,1617.0,985.0,11319,0,0,1,Biker
11,1520.0,910.0,1619.0,985.0,11320,0,0,1,Biker
11,1523.0,910.0,1622.0,985.0,11321,0,0,1,Biker
11,1526.0,910.0,1625.0,985.0,11322,0,0,1,Biker
11,1529.0,910.0,1628.0,985.0,11323,0,0,1,Biker
11,1531.0,910.0,1633.0,985.0,11324,0,0,1,Biker
11,1537.0,913.0,1636.0,988.0,11325,0,0,1,Biker
11,1540.0,913.0,1639.0,988.0,11326,0,0,1,Biker
11,1542.0,913.0,1641.0,988.0,11327,0,0,1,Biker
11,1545.0,913.0,1644.0,988.0,11328,0,0,1,Biker
11,1548.0,913.0,1650.0,988.0,11329,0,0,1,Biker
11,1553.0,913.0,1652.0,988.0,11330,0,0,1,Biker
11,1556.0,915.0,1655.0,990.0,11331,0,0,1,Biker
11,1559.0,915.0,1658.0,990.0,11332,0,0,1,Biker
11,1562.0,915.0,1661.0,990.0,11333,0,0,1,Biker
11,1564.0,915.0,1666.0,990.0,11334,0,0,1,Biker
11,1570.0,915.0,1669.0,990.0,11335,0,0,1,Biker
11,1573.0,915.0,1672.0,990.0,11336,0,0,1,Biker
11,1575.0,915.0,1674.0,990.0,11337,0,0,1,Biker
11,1578.0,917.0,1677.0,992.0,11338,0,0,1,Biker
11,1581.0,917.0,1680.0,992.0,11339,0,0,1,Biker
11,1586.0,917.0,1685.0,992.0,11340,0,0,1,Biker
11,1589.0,917.0,1688.0,992.0,11341,0,0,1,Biker
11,1592.0,917.0,1691.0,992.0,11342,0,0,1,Biker
11,1595.0,917.0,1694.0,992.0,11343,0,0,1,Biker
11,1597.0,919.0,1696.0,995.0,11344,0,0,1,Biker
11,1603.0,919.0,1702.0,995.0,11345,0,0,1,Biker
11,1606.0,919.0,1705.0,995.0,11346,0,0,1,Biker
11,1608.0,919.0,1707.0,995.0,11347,0,0,1,Biker
11,1611.0,919.0,1710.0,995.0,11348,0,0,1,Biker
11,1614.0,919.0,1713.0,995.0,11349,0,0,1,Biker
11,1619.0,922.0,1718.0,997.0,11350,0,0,0,Biker
11,1622.0,922.0,1721.0,997.0,11351,0,0,1,Biker
11,1625.0,922.0,1724.0,997.0,11352,0,0,1,Biker
11,1628.0,922.0,1727.0,997.0,11353,0,0,1,Biker
11,1633.0,922.0,1732.0,997.0,11354,0,0,1,Biker
11,1636.0,922.0,1735.0,997.0,11355,0,0,1,Biker
11,1639.0,922.0,1738.0,997.0,11356,0,0,1,Biker
11,1641.0,922.0,1740.0,997.0,11357,0,0,1,Biker
11,1647.0,922.0,1746.0,997.0,11358,0,0,1,Biker
11,1650.0,922.0,1749.0,997.0,11359,0,0,1,Biker
11,1652.0,924.0,1751.0,999.0,11360,0,0,1,Biker
11,1658.0,924.0,1757.0,999.0,11361,0,0,1,Biker
11,1661.0,924.0,1760.0,999.0,11362,0,0,1,Biker
11,1663.0,924.0,1762.0,999.0,11363,0,0,1,Biker
11,1666.0,924.0,1765.0,999.0,11364,0,0,1,Biker
11,1672.0,924.0,1771.0,999.0,11365,0,0,1,Biker
11,1674.0,924.0,1773.0,999.0,11366,0,0,1,Biker
11,1677.0,924.0,1776.0,999.0,11367,0,0,1,Biker
11,1683.0,924.0,1782.0,999.0,11368,0,0,1,Biker
11,1685.0,924.0,1784.0,999.0,11369,0,0,1,Biker
11,1688.0,926.0,1787.0,1001.0,11370,0,0,1,Biker
11,1691.0,926.0,1790.0,1001.0,11371,0,0,1,Biker
11,1696.0,926.0,1795.0,1001.0,11372,0,0,1,Biker
11,1699.0,926.0,1798.0,1001.0,11373,0,0,1,Biker
11,1702.0,926.0,1801.0,1001.0,11374,0,0,1,Biker
11,1707.0,926.0,1806.0,1001.0,11375,0,0,1,Biker
11,1710.0,926.0,1809.0,1001.0,11376,0,0,1,Biker
11,1713.0,926.0,1812.0,1001.0,11377,0,0,1,Biker
11,1716.0,926.0,1815.0,1001.0,11378,0,0,1,Biker
11,1721.0,926.0,1820.0,1001.0,11379,0,0,1,Biker
11,1724.0,929.0,1823.0,1004.0,11380,0,0,1,Biker
11,1727.0,929.0,1826.0,1004.0,11381,0,0,1,Biker
11,1729.0,929.0,1828.0,1004.0,11382,0,0,1,Biker
11,1735.0,929.0,1834.0,1004.0,11383,0,0,1,Biker
11,1738.0,929.0,1837.0,1004.0,11384,0,0,1,Biker
11,1740.0,929.0,1839.0,1004.0,11385,0,0,1,Biker
11,1746.0,929.0,1845.0,1004.0,11386,0,0,1,Biker
11,1749.0,929.0,1848.0,1004.0,11387,0,0,1,Biker
11,1751.0,929.0,1850.0,1004.0,11388,0,0,1,Biker
11,1754.0,929.0,1853.0,1004.0,11389,0,0,1,Biker
11,1760.0,931.0,1859.0,1006.0,11390,0,0,1,Biker
11,1762.0,931.0,1861.0,1006.0,11391,0,0,1,Biker
11,1765.0,931.0,1864.0,1006.0,11392,0,0,1,Biker
11,1771.0,931.0,1870.0,1006.0,11393,0,0,1,Biker
11,1773.0,931.0,1872.0,1006.0,11394,0,0,1,Biker
11,1776.0,931.0,1875.0,1006.0,11395,0,0,1,Biker
11,1779.0,931.0,1878.0,1006.0,11396,0,0,1,Biker
11,1784.0,931.0,1883.0,1006.0,11397,0,0,1,Biker
11,1787.0,931.0,1886.0,1006.0,11398,0,0,1,Biker
11,1790.0,931.0,1889.0,1006.0,11399,0,0,1,Biker
11,1795.0,933.0,1894.0,1008.0,11400,0,0,0,Biker
11,1798.0,931.0,1894.0,1006.0,11401,0,0,1,Biker
11,1801.0,931.0,1897.0,1006.0,11402,0,0,1,Biker
11,1804.0,931.0,1900.0,1006.0,11403,0,0,1,Biker
11,1806.0,931.0,1903.0,1006.0,11404,0,0,1,Biker
11,1809.0,931.0,1905.0,1006.0,11405,0,0,1,Biker
11,1812.0,931.0,1908.0,1006.0,11406,0,0,1,Biker
11,1815.0,931.0,1911.0,1006.0,11407,0,0,1,Biker
11,1820.0,931.0,1914.0,1006.0,11408,0,0,1,Biker
11,1823.0,931.0,1916.0,1006.0,11409,0,0,1,Biker
11,1826.0,931.0,1919.0,1006.0,11410,0,0,1,Biker
11,1828.0,931.0,1922.0,1006.0,11411,0,0,1,Biker
11,1831.0,931.0,1925.0,1006.0,11412,0,0,1,Biker
11,1834.0,931.0,1927.0,1006.0,11413,0,0,1,Biker
11,1837.0,931.0,1930.0,1006.0,11414,0,0,1,Biker
11,1842.0,931.0,1933.0,1006.0,11415,0,0,1,Biker
11,1845.0,929.0,1936.0,1006.0,11416,0,0,1,Biker
11,1848.0,929.0,1938.0,1006.0,11417,0,0,1,Biker
11,1850.0,929.0,1941.0,1006.0,11418,0,0,1,Biker
11,1853.0,929.0,1944.0,1006.0,11419,0,0,1,Biker
11,1856.0,929.0,1947.0,1006.0,11420,0,0,1,Biker
11,1859.0,929.0,1949.0,1006.0,11421,0,0,1,Biker
11,1861.0,929.0,1952.0,1006.0,11422,0,0,1,Biker
11,1867.0,929.0,1955.0,1006.0,11423,0,0,1,Biker
11,1870.0,929.0,1958.0,1006.0,11424,0,0,1,Biker
11,1872.0,929.0,1960.0,1006.0,11425,0,0,1,Biker
11,1875.0,929.0,1963.0,1006.0,11426,0,0,1,Biker
11,1878.0,929.0,1966.0,1006.0,11427,0,0,1,Biker
11,1881.0,929.0,1969.0,1006.0,11428,0,0,1,Biker
11,1883.0,929.0,1971.0,1006.0,11429,0,0,1,Biker
11,1889.0,929.0,1974.0,1006.0,11430,0,0,0,Biker
11,1894.0,926.0,1974.0,1004.0,11431,0,0,1,Biker
11,1900.0,926.0,1974.0,1004.0,11432,0,0,1,Biker
11,1905.0,924.0,1974.0,1001.0,11433,0,0,1,Biker
11,1911.0,924.0,1974.0,1001.0,11434,0,0,1,Biker
11,1916.0,922.0,1974.0,999.0,11435,0,0,1,Biker
11,1922.0,922.0,1974.0,999.0,11436,0,0,1,Biker
11,1927.0,919.0,1974.0,997.0,11437,0,0,1,Biker
11,1933.0,919.0,1974.0,997.0,11438,0,0,1,Biker
11,1938.0,917.0,1974.0,995.0,11439,0,0,1,Biker
11,1947.0,917.0,1974.0,995.0,11440,1,0,0,Biker
11,1947.0,917.0,1974.0,995.0,11441,1,0,1,Biker
11,1949.0,917.0,1974.0,995.0,11442,1,0,1,Biker
11,1952.0,917.0,1974.0,995.0,11443,1,0,1,Biker
11,1952.0,917.0,1974.0,995.0,11444,1,0,1,Biker
11,1955.0,917.0,1974.0,995.0,11445,1,0,1,Biker
11,1958.0,917.0,1974.0,995.0,11446,1,0,1,Biker
11,1958.0,917.0,1974.0,995.0,11447,1,0,1,Biker
11,1960.0,917.0,1974.0,995.0,11448,1,0,1,Biker
11,1963.0,917.0,1974.0,995.0,11449,1,0,1,Biker
11,1966.0,917.0,1977.0,995.0,11450,1,0,0,Biker
11,1966.0,917.0,1977.0,995.0,11451,1,0,1,Biker
11,1966.0,917.0,1977.0,995.0,11452,1,0,1,Biker
11,1966.0,917.0,1977.0,995.0,11453,1,0,1,Biker
11,1966.0,917.0,1977.0,995.0,11454,1,0,1,Biker
11,1966.0,917.0,1977.0,995.0,11455,1,0,1,Biker
11,1966.0,917.0,1977.0,995.0,11456,1,0,1,Biker
11,1966.0,917.0,1977.0,995.0,11457,1,0,1,Biker
11,1966.0,917.0,1977.0,995.0,11458,1,0,1,Biker
11,1966.0,917.0,1977.0,995.0,11459,1,0,1,Biker
11,1966.0,917.0,1977.0,995.0,11460,1,0,1,Biker
11,1966.0,917.0,1977.0,995.0,11461,1,0,1,Biker
11,1966.0,917.0,1977.0,995.0,11462,1,0,1,Biker
11,1966.0,917.0,1977.0,995.0,11463,1,0,1,Biker
11,1966.0,917.0,1977.0,995.0,11464,1,0,1,Biker
11,1966.0,917.0,1977.0,995.0,11465,1,0,1,Biker
11,1966.0,917.0,1977.0,995.0,11466,1,0,1,Biker
11,1966.0,917.0,1977.0,995.0,11467,1,0,1,Biker
11,1966.0,917.0,1977.0,995.0,11468,1,0,1,Biker
11,1966.0,917.0,1977.0,995.0,11469,1,0,1,Biker
11,1966.0,917.0,1977.0,995.0,11470,1,0,1,Biker
11,1966.0,917.0,1977.0,995.0,11471,1,0,1,Biker
11,1966.0,917.0,1977.0,995.0,11472,1,0,1,Biker
11,1966.0,917.0,1977.0,995.0,11473,1,0,1,Biker
11,1966.0,917.0,1977.0,995.0,11474,1,0,1,Biker
11,1966.0,917.0,1977.0,995.0,11475,1,0,1,Biker
11,1966.0,917.0,1977.0,995.0,11476,1,0,1,Biker
11,1966.0,917.0,1977.0,995.0,11477,1,0,1,Biker
11,1966.0,917.0,1977.0,995.0,11478,1,0,1,Biker
11,1966.0,917.0,1977.0,995.0,11479,1,0,1,Biker
11,1966.0,917.0,1977.0,995.0,11480,1,0,1,Biker
11,1966.0,917.0,1977.0,995.0,11481,1,0,1,Biker
11,1966.0,917.0,1977.0,995.0,11482,1,0,1,Biker
11,1966.0,917.0,1977.0,995.0,11483,1,0,1,Biker
11,1966.0,917.0,1977.0,995.0,11484,1,0,1,Biker
11,1966.0,917.0,1977.0,995.0,11485,1,0,1,Biker
11,1966.0,917.0,1977.0,995.0,11486,1,0,1,Biker
11,1966.0,917.0,1977.0,995.0,11487,1,0,1,Biker
11,1966.0,917.0,1977.0,995.0,11488,1,0,1,Biker
11,1966.0,917.0,1977.0,995.0,11489,1,0,1,Biker
11,1966.0,917.0,1977.0,995.0,11490,1,0,1,Biker
11,1966.0,917.0,1977.0,995.0,11491,1,0,1,Biker
11,1966.0,917.0,1977.0,995.0,11492,1,0,1,Biker
11,1966.0,917.0,1977.0,995.0,11493,1,0,1,Biker
11,1966.0,917.0,1977.0,995.0,11494,1,0,1,Biker
11,1966.0,917.0,1977.0,995.0,11495,1,0,1,Biker
11,1966.0,917.0,1977.0,995.0,11496,1,0,1,Biker
11,1966.0,917.0,1977.0,995.0,11497,1,0,1,Biker
11,1966.0,917.0,1977.0,995.0,11498,1,0,1,Biker
11,1966.0,917.0,1977.0,995.0,11499,1,0,1,Biker
11,1966.0,917.0,1977.0,995.0,11500,1,0,1,Biker
11,1966.0,917.0,1977.0,995.0,11501,1,0,1,Biker
11,1966.0,917.0,1977.0,995.0,11502,1,0,1,Biker
11,1966.0,917.0,1977.0,995.0,11503,1,0,1,Biker
11,1966.0,917.0,1977.0,995.0,11504,1,0,1,Biker
11,1966.0,917.0,1977.0,995.0,11505,1,0,1,Biker
11,1966.0,917.0,1977.0,995.0,11506,1,0,1,Biker
11,1966.0,917.0,1977.0,995.0,11507,1,0,1,Biker
11,1966.0,917.0,1977.0,995.0,11508,1,0,1,Biker
11,1966.0,917.0,1977.0,995.0,11509,1,0,1,Biker
11,1966.0,917.0,1977.0,995.0,11510,1,0,1,Biker
11,1966.0,917.0,1977.0,995.0,11511,1,0,1,Biker
11,1966.0,917.0,1977.0,995.0,11512,1,0,1,Biker
11,1966.0,917.0,1977.0,995.0,11513,1,0,1,Biker
11,1966.0,917.0,1977.0,995.0,11514,1,0,1,Biker
11,1966.0,917.0,1977.0,995.0,11515,1,0,1,Biker
11,1966.0,917.0,1977.0,995.0,11516,1,0,1,Biker
11,1966.0,917.0,1977.0,995.0,11517,1,0,1,Biker
11,1966.0,917.0,1977.0,995.0,11518,1,0,1,Biker
11,1966.0,917.0,1977.0,995.0,11519,1,0,1,Biker
11,1966.0,917.0,1977.0,995.0,11520,1,0,1,Biker
11,1966.0,917.0,1977.0,995.0,11521,1,0,1,Biker
11,1966.0,917.0,1977.0,995.0,11522,1,0,1,Biker
11,1966.0,917.0,1977.0,995.0,11523,1,0,1,Biker
11,1966.0,917.0,1977.0,995.0,11524,1,0,1,Biker
11,1966.0,917.0,1977.0,995.0,11525,1,0,1,Biker
11,1966.0,917.0,1977.0,995.0,11526,1,0,1,Biker
11,1966.0,917.0,1977.0,995.0,11527,1,0,1,Biker
11,1966.0,917.0,1977.0,995.0,11528,1,0,1,Biker
11,1966.0,917.0,1977.0,995.0,11529,1,0,1,Biker
11,1966.0,917.0,1977.0,995.0,11530,1,0,1,Biker
11,1966.0,917.0,1977.0,995.0,11531,1,0,0,Biker
12,1919.0,951.0,1980.0,1045.0,11500,1,0,0,Pedestrian
12,1919.0,951.0,1977.0,1042.0,11501,1,0,1,Pedestrian
12,1919.0,951.0,1977.0,1042.0,11502,1,0,1,Pedestrian
12,1919.0,951.0,1977.0,1042.0,11503,1,0,1,Pedestrian
12,1919.0,951.0,1977.0,1042.0,11504,1,0,1,Pedestrian
12,1919.0,951.0,1977.0,1042.0,11505,1,0,1,Pedestrian
12,1919.0,951.0,1977.0,1042.0,11506,1,0,1,Pedestrian
12,1919.0,951.0,1977.0,1042.0,11507,1,0,1,Pedestrian
12,1919.0,951.0,1977.0,1042.0,11508,1,0,1,Pedestrian
12,1919.0,951.0,1977.0,1042.0,11509,1,0,1,Pedestrian
12,1919.0,951.0,1977.0,1042.0,11510,1,0,1,Pedestrian
12,1919.0,951.0,1977.0,1042.0,11511,1,0,1,Pedestrian
12,1919.0,951.0,1977.0,1042.0,11512,1,0,1,Pedestrian
12,1919.0,951.0,1977.0,1042.0,11513,1,0,1,Pedestrian
12,1919.0,951.0,1977.0,1042.0,11514,1,0,1,Pedestrian
12,1919.0,951.0,1977.0,1042.0,11515,1,0,1,Pedestrian
12,1919.0,951.0,1977.0,1042.0,11516,1,0,1,Pedestrian
12,1919.0,951.0,1977.0,1042.0,11517,1,0,1,Pedestrian
12,1919.0,951.0,1977.0,1042.0,11518,1,0,1,Pedestrian
12,1919.0,951.0,1977.0,1042.0,11519,1,0,1,Pedestrian
12,1919.0,951.0,1977.0,1042.0,11520,1,0,1,Pedestrian
12,1919.0,951.0,1977.0,1042.0,11521,1,0,1,Pedestrian
12,1919.0,951.0,1977.0,1042.0,11522,1,0,1,Pedestrian
12,1919.0,951.0,1977.0,1042.0,11523,1,0,1,Pedestrian
12,1919.0,951.0,1977.0,1042.0,11524,1,0,1,Pedestrian
12,1922.0,951.0,1977.0,1042.0,11525,1,0,1,Pedestrian
12,1922.0,951.0,1977.0,1042.0,11526,1,0,1,Pedestrian
12,1922.0,951.0,1977.0,1042.0,11527,1,0,1,Pedestrian
12,1922.0,951.0,1977.0,1042.0,11528,1,0,1,Pedestrian
12,1922.0,951.0,1977.0,1042.0,11529,1,0,1,Pedestrian
12,1922.0,951.0,1977.0,1042.0,11530,1,0,1,Pedestrian
12,1922.0,951.0,1977.0,1042.0,11531,1,0,1,Pedestrian
12,1922.0,951.0,1977.0,1042.0,11532,1,0,1,Pedestrian
12,1922.0,951.0,1977.0,1042.0,11533,1,0,1,Pedestrian
12,1922.0,951.0,1977.0,1042.0,11534,1,0,1,Pedestrian
12,1922.0,951.0,1977.0,1042.0,11535,1,0,1,Pedestrian
12,1922.0,951.0,1977.0,1042.0,11536,1,0,1,Pedestrian
12,1922.0,951.0,1977.0,1042.0,11537,1,0,1,Pedestrian
12,1922.0,951.0,1977.0,1042.0,11538,1,0,1,Pedestrian
12,1922.0,951.0,1977.0,1042.0,11539,1,0,1,Pedestrian
12,1922.0,951.0,1977.0,1042.0,11540,1,0,1,Pedestrian
12,1922.0,951.0,1977.0,1042.0,11541,1,0,1,Pedestrian
12,1922.0,951.0,1977.0,1042.0,11542,1,0,1,Pedestrian
12,1922.0,951.0,1977.0,1042.0,11543,1,0,1,Pedestrian
12,1922.0,951.0,1977.0,1042.0,11544,1,0,1,Pedestrian
12,1922.0,951.0,1977.0,1042.0,11545,1,0,1,Pedestrian
12,1922.0,951.0,1977.0,1042.0,11546,1,0,1,Pedestrian
12,1922.0,951.0,1977.0,1042.0,11547,1,0,1,Pedestrian
12,1922.0,951.0,1977.0,1042.0,11548,1,0,1,Pedestrian
12,1922.0,951.0,1977.0,1042.0,11549,1,0,1,Pedestrian
12,1925.0,951.0,1977.0,1042.0,11550,1,0,1,Pedestrian
12,1925.0,951.0,1977.0,1042.0,11551,1,0,1,Pedestrian
12,1925.0,951.0,1977.0,1042.0,11552,1,0,1,Pedestrian
12,1925.0,951.0,1977.0,1042.0,11553,1,0,1,Pedestrian
12,1925.0,951.0,1977.0,1042.0,11554,1,0,1,Pedestrian
12,1925.0,951.0,1977.0,1042.0,11555,1,0,1,Pedestrian
12,1925.0,951.0,1977.0,1042.0,11556,1,0,1,Pedestrian
12,1925.0,951.0,1977.0,1042.0,11557,1,0,1,Pedestrian
12,1925.0,951.0,1977.0,1042.0,11558,1,0,1,Pedestrian
12,1925.0,951.0,1977.0,1042.0,11559,1,0,1,Pedestrian
12,1925.0,951.0,1977.0,1042.0,11560,1,0,1,Pedestrian
12,1925.0,951.0,1977.0,1042.0,11561,1,0,1,Pedestrian
12,1925.0,951.0,1977.0,1042.0,11562,1,0,1,Pedestrian
12,1925.0,951.0,1977.0,1042.0,11563,1,0,1,Pedestrian
12,1925.0,951.0,1977.0,1042.0,11564,1,0,1,Pedestrian
12,1925.0,951.0,1977.0,1042.0,11565,1,0,1,Pedestrian
12,1925.0,951.0,1977.0,1042.0,11566,1,0,1,Pedestrian
12,1925.0,951.0,1977.0,1042.0,11567,1,0,1,Pedestrian
12,1925.0,951.0,1977.0,1042.0,11568,1,0,1,Pedestrian
12,1925.0,951.0,1977.0,1042.0,11569,1,0,1,Pedestrian
12,1925.0,951.0,1977.0,1042.0,11570,1,0,1,Pedestrian
12,1925.0,951.0,1977.0,1042.0,11571,1,0,1,Pedestrian
12,1925.0,951.0,1977.0,1042.0,11572,1,0,1,Pedestrian
12,1925.0,951.0,1977.0,1042.0,11573,1,0,1,Pedestrian
12,1927.0,951.0,1977.0,1042.0,11574,1,0,1,Pedestrian
12,1927.0,951.0,1977.0,1042.0,11575,1,0,1,Pedestrian
12,1927.0,951.0,1977.0,1042.0,11576,1,0,1,Pedestrian
12,1927.0,951.0,1977.0,1042.0,11577,1,0,1,Pedestrian
12,1927.0,951.0,1977.0,1042.0,11578,1,0,1,Pedestrian
12,1927.0,951.0,1977.0,1042.0,11579,1,0,1,Pedestrian
12,1927.0,951.0,1977.0,1042.0,11580,1,0,1,Pedestrian
12,1927.0,951.0,1977.0,1042.0,11581,1,0,1,Pedestrian
12,1927.0,951.0,1977.0,1042.0,11582,1,0,1,Pedestrian
12,1927.0,951.0,1977.0,1042.0,11583,1,0,1,Pedestrian
12,1927.0,951.0,1977.0,1042.0,11584,1,0,1,Pedestrian
12,1927.0,951.0,1977.0,1042.0,11585,1,0,1,Pedestrian
12,1927.0,951.0,1977.0,1042.0,11586,1,0,1,Pedestrian
12,1927.0,951.0,1977.0,1042.0,11587,1,0,1,Pedestrian
12,1927.0,951.0,1977.0,1042.0,11588,1,0,1,Pedestrian
12,1927.0,951.0,1977.0,1042.0,11589,1,0,1,Pedestrian
12,1927.0,951.0,1977.0,1042.0,11590,1,0,1,Pedestrian
12,1927.0,951.0,1977.0,1042.0,11591,1,0,1,Pedestrian
12,1927.0,951.0,1977.0,1042.0,11592,1,0,1,Pedestrian
12,1927.0,951.0,1977.0,1042.0,11593,1,0,1,Pedestrian
12,1927.0,951.0,1977.0,1042.0,11594,1,0,1,Pedestrian
12,1927.0,951.0,1977.0,1042.0,11595,1,0,1,Pedestrian
12,1927.0,951.0,1977.0,1042.0,11596,1,0,1,Pedestrian
12,1927.0,951.0,1977.0,1042.0,11597,1,0,1,Pedestrian
12,1927.0,951.0,1977.0,1042.0,11598,1,0,1,Pedestrian
12,1930.0,951.0,1977.0,1042.0,11599,1,0,1,Pedestrian
12,1930.0,951.0,1977.0,1042.0,11600,1,0,1,Pedestrian
12,1930.0,951.0,1977.0,1042.0,11601,1,0,1,Pedestrian
12,1930.0,951.0,1977.0,1042.0,11602,1,0,1,Pedestrian
12,1930.0,951.0,1977.0,1042.0,11603,1,0,1,Pedestrian
12,1930.0,951.0,1977.0,1042.0,11604,1,0,1,Pedestrian
12,1930.0,951.0,1977.0,1042.0,11605,1,0,1,Pedestrian
12,1930.0,951.0,1977.0,1042.0,11606,1,0,1,Pedestrian
12,1930.0,951.0,1977.0,1042.0,11607,1,0,1,Pedestrian
12,1930.0,951.0,1977.0,1042.0,11608,1,0,1,Pedestrian
12,1930.0,951.0,1977.0,1042.0,11609,1,0,1,Pedestrian
12,1930.0,951.0,1977.0,1042.0,11610,1,0,1,Pedestrian
12,1930.0,951.0,1977.0,1042.0,11611,1,0,1,Pedestrian
12,1930.0,951.0,1977.0,1042.0,11612,1,0,1,Pedestrian
12,1930.0,951.0,1977.0,1042.0,11613,1,0,1,Pedestrian
12,1930.0,951.0,1977.0,1042.0,11614,1,0,1,Pedestrian
12,1930.0,951.0,1977.0,1042.0,11615,1,0,1,Pedestrian
12,1930.0,951.0,1977.0,1042.0,11616,1,0,1,Pedestrian
12,1930.0,951.0,1977.0,1042.0,11617,1,0,1,Pedestrian
12,1930.0,951.0,1977.0,1042.0,11618,1,0,1,Pedestrian
12,1930.0,951.0,1977.0,1042.0,11619,1,0,1,Pedestrian
12,1930.0,951.0,1977.0,1042.0,11620,1,0,1,Pedestrian
12,1930.0,951.0,1977.0,1042.0,11621,1,0,1,Pedestrian
12,1930.0,951.0,1977.0,1042.0,11622,1,0,1,Pedestrian
12,1933.0,951.0,1977.0,1042.0,11623,1,0,1,Pedestrian
12,1933.0,951.0,1977.0,1042.0,11624,1,0,1,Pedestrian
12,1933.0,951.0,1977.0,1042.0,11625,1,0,1,Pedestrian
12,1933.0,951.0,1977.0,1042.0,11626,1,0,1,Pedestrian
12,1933.0,951.0,1977.0,1042.0,11627,1,0,1,Pedestrian
12,1933.0,951.0,1977.0,1042.0,11628,1,0,1,Pedestrian
12,1933.0,951.0,1977.0,1042.0,11629,1,0,1,Pedestrian
12,1933.0,951.0,1977.0,1042.0,11630,1,0,1,Pedestrian
12,1933.0,951.0,1977.0,1042.0,11631,1,0,1,Pedestrian
12,1933.0,951.0,1977.0,1042.0,11632,1,0,1,Pedestrian
12,1933.0,951.0,1977.0,1042.0,11633,1,0,1,Pedestrian
12,1933.0,951.0,1977.0,1042.0,11634,1,0,1,Pedestrian
12,1933.0,951.0,1977.0,1042.0,11635,1,0,1,Pedestrian
12,1933.0,951.0,1977.0,1042.0,11636,1,0,1,Pedestrian
12,1933.0,951.0,1977.0,1042.0,11637,1,0,1,Pedestrian
12,1933.0,951.0,1977.0,1042.0,11638,1,0,1,Pedestrian
12,1933.0,951.0,1977.0,1042.0,11639,1,0,1,Pedestrian
12,1933.0,951.0,1977.0,1042.0,11640,1,0,1,Pedestrian
12,1933.0,951.0,1977.0,1042.0,11641,1,0,1,Pedestrian
12,1933.0,951.0,1977.0,1042.0,11642,1,0,1,Pedestrian
12,1933.0,951.0,1977.0,1042.0,11643,1,0,1,Pedestrian
12,1933.0,951.0,1977.0,1042.0,11644,1,0,1,Pedestrian
12,1933.0,951.0,1977.0,1042.0,11645,1,0,1,Pedestrian
12,1933.0,951.0,1977.0,1042.0,11646,1,0,1,Pedestrian
12,1933.0,951.0,1977.0,1042.0,11647,1,0,1,Pedestrian
12,1936.0,951.0,1977.0,1042.0,11648,1,0,1,Pedestrian
12,1936.0,951.0,1977.0,1042.0,11649,1,0,1,Pedestrian
12,1936.0,951.0,1977.0,1042.0,11650,1,0,1,Pedestrian
12,1936.0,951.0,1977.0,1042.0,11651,1,0,1,Pedestrian
12,1936.0,951.0,1977.0,1042.0,11652,1,0,1,Pedestrian
12,1936.0,951.0,1977.0,1042.0,11653,1,0,1,Pedestrian
12,1936.0,951.0,1977.0,1042.0,11654,1,0,1,Pedestrian
12,1936.0,951.0,1977.0,1042.0,11655,1,0,1,Pedestrian
12,1936.0,951.0,1977.0,1042.0,11656,1,0,1,Pedestrian
12,1936.0,951.0,1977.0,1042.0,11657,1,0,1,Pedestrian
12,1936.0,951.0,1977.0,1042.0,11658,1,0,1,Pedestrian
12,1936.0,951.0,1977.0,1042.0,11659,1,0,1,Pedestrian
12,1936.0,951.0,1977.0,1042.0,11660,1,0,1,Pedestrian
12,1936.0,951.0,1977.0,1042.0,11661,1,0,1,Pedestrian
12,1936.0,951.0,1977.0,1042.0,11662,1,0,1,Pedestrian
12,1936.0,951.0,1977.0,1042.0,11663,1,0,1,Pedestrian
12,1936.0,951.0,1977.0,1042.0,11664,1,0,1,Pedestrian
12,1936.0,951.0,1977.0,1042.0,11665,1,0,1,Pedestrian
12,1936.0,951.0,1977.0,1042.0,11666,1,0,1,Pedestrian
12,1936.0,951.0,1977.0,1042.0,11667,1,0,1,Pedestrian
12,1936.0,951.0,1977.0,1042.0,11668,1,0,1,Pedestrian
12,1936.0,951.0,1977.0,1042.0,11669,1,0,1,Pedestrian
12,1936.0,951.0,1977.0,1042.0,11670,1,0,1,Pedestrian
12,1936.0,951.0,1977.0,1042.0,11671,1,0,1,Pedestrian
12,1938.0,951.0,1977.0,1042.0,11672,1,0,1,Pedestrian
12,1938.0,951.0,1977.0,1042.0,11673,1,0,1,Pedestrian
12,1938.0,951.0,1977.0,1042.0,11674,1,0,1,Pedestrian
12,1938.0,951.0,1977.0,1042.0,11675,1,0,1,Pedestrian
12,1938.0,951.0,1977.0,1042.0,11676,1,0,1,Pedestrian
12,1938.0,951.0,1977.0,1042.0,11677,1,0,1,Pedestrian
12,1938.0,951.0,1977.0,1042.0,11678,1,0,1,Pedestrian
12,1938.0,951.0,1977.0,1042.0,11679,1,0,1,Pedestrian
12,1938.0,951.0,1977.0,1042.0,11680,1,0,1,Pedestrian
12,1938.0,951.0,1977.0,1042.0,11681,1,0,1,Pedestrian
12,1938.0,951.0,1977.0,1042.0,11682,1,0,1,Pedestrian
12,1938.0,951.0,1977.0,1042.0,11683,1,0,1,Pedestrian
12,1938.0,951.0,1977.0,1042.0,11684,1,0,1,Pedestrian
12,1938.0,951.0,1977.0,1042.0,11685,1,0,1,Pedestrian
12,1938.0,951.0,1977.0,1042.0,11686,1,0,1,Pedestrian
12,1938.0,951.0,1977.0,1042.0,11687,1,0,1,Pedestrian
12,1938.0,951.0,1977.0,1042.0,11688,1,0,1,Pedestrian
12,1938.0,951.0,1977.0,1042.0,11689,1,0,1,Pedestrian
12,1938.0,951.0,1977.0,1042.0,11690,1,0,1,Pedestrian
12,1938.0,951.0,1977.0,1042.0,11691,1,0,1,Pedestrian
12,1938.0,951.0,1977.0,1042.0,11692,1,0,1,Pedestrian
12,1938.0,951.0,1977.0,1042.0,11693,1,0,1,Pedestrian
12,1938.0,951.0,1977.0,1042.0,11694,1,0,1,Pedestrian
12,1938.0,951.0,1977.0,1042.0,11695,1,0,1,Pedestrian
12,1938.0,951.0,1977.0,1042.0,11696,1,0,1,Pedestrian
12,1941.0,951.0,1977.0,1042.0,11697,1,0,1,Pedestrian
12,1941.0,951.0,1977.0,1042.0,11698,1,0,1,Pedestrian
12,1941.0,951.0,1977.0,1042.0,11699,1,0,1,Pedestrian
12,1941.0,951.0,1977.0,1042.0,11700,1,0,1,Pedestrian
12,1941.0,951.0,1977.0,1042.0,11701,1,0,1,Pedestrian
12,1941.0,951.0,1977.0,1042.0,11702,1,0,1,Pedestrian
12,1941.0,951.0,1977.0,1042.0,11703,1,0,1,Pedestrian
12,1941.0,951.0,1977.0,1042.0,11704,1,0,1,Pedestrian
12,1941.0,951.0,1977.0,1042.0,11705,1,0,1,Pedestrian
12,1941.0,951.0,1977.0,1042.0,11706,1,0,1,Pedestrian
12,1941.0,951.0,1977.0,1042.0,11707,1,0,1,Pedestrian
12,1941.0,951.0,1977.0,1042.0,11708,1,0,1,Pedestrian
12,1941.0,951.0,1977.0,1042.0,11709,1,0,1,Pedestrian
12,1941.0,951.0,1977.0,1042.0,11710,1,0,1,Pedestrian
12,1941.0,951.0,1977.0,1042.0,11711,1,0,1,Pedestrian
12,1941.0,951.0,1977.0,1042.0,11712,1,0,1,Pedestrian
12,1941.0,951.0,1977.0,1042.0,11713,1,0,1,Pedestrian
12,1941.0,951.0,1977.0,1042.0,11714,1,0,1,Pedestrian
12,1941.0,951.0,1977.0,1042.0,11715,1,0,1,Pedestrian
12,1941.0,951.0,1977.0,1042.0,11716,1,0,1,Pedestrian
12,1941.0,951.0,1977.0,1042.0,11717,1,0,1,Pedestrian
12,1941.0,951.0,1977.0,1042.0,11718,1,0,1,Pedestrian
12,1941.0,951.0,1977.0,1042.0,11719,1,0,1,Pedestrian
12,1941.0,951.0,1977.0,1042.0,11720,1,0,1,Pedestrian
12,1944.0,951.0,1977.0,1042.0,11721,1,0,1,Pedestrian
12,1944.0,951.0,1977.0,1042.0,11722,1,0,1,Pedestrian
12,1944.0,951.0,1977.0,1042.0,11723,1,0,1,Pedestrian
12,1944.0,951.0,1977.0,1042.0,11724,1,0,1,Pedestrian
12,1944.0,951.0,1977.0,1042.0,11725,1,0,1,Pedestrian
12,1944.0,951.0,1977.0,1042.0,11726,1,0,1,Pedestrian
12,1944.0,951.0,1977.0,1042.0,11727,1,0,1,Pedestrian
12,1944.0,951.0,1977.0,1042.0,11728,1,0,1,Pedestrian
12,1944.0,951.0,1977.0,1042.0,11729,1,0,1,Pedestrian
12,1944.0,951.0,1977.0,1042.0,11730,1,0,1,Pedestrian
12,1944.0,951.0,1977.0,1042.0,11731,1,0,1,Pedestrian
12,1944.0,951.0,1977.0,1042.0,11732,1,0,1,Pedestrian
12,1944.0,951.0,1977.0,1042.0,11733,1,0,1,Pedestrian
12,1944.0,951.0,1977.0,1042.0,11734,1,0,1,Pedestrian
12,1944.0,951.0,1977.0,1042.0,11735,1,0,1,Pedestrian
12,1944.0,951.0,1977.0,1042.0,11736,1,0,1,Pedestrian
12,1944.0,951.0,1977.0,1042.0,11737,1,0,1,Pedestrian
12,1944.0,951.0,1977.0,1042.0,11738,1,0,1,Pedestrian
12,1944.0,951.0,1977.0,1042.0,11739,1,0,1,Pedestrian
12,1944.0,951.0,1977.0,1042.0,11740,1,0,1,Pedestrian
12,1944.0,951.0,1977.0,1042.0,11741,1,0,1,Pedestrian
12,1944.0,951.0,1977.0,1042.0,11742,1,0,1,Pedestrian
12,1944.0,951.0,1977.0,1042.0,11743,1,0,1,Pedestrian
12,1944.0,951.0,1977.0,1042.0,11744,1,0,1,Pedestrian
12,1944.0,951.0,1977.0,1042.0,11745,1,0,1,Pedestrian
12,1947.0,951.0,1977.0,1042.0,11746,1,0,1,Pedestrian
12,1947.0,951.0,1977.0,1042.0,11747,1,0,1,Pedestrian
12,1947.0,951.0,1977.0,1042.0,11748,1,0,1,Pedestrian
12,1947.0,951.0,1977.0,1042.0,11749,1,0,1,Pedestrian
12,1947.0,951.0,1977.0,1042.0,11750,1,0,1,Pedestrian
12,1947.0,951.0,1977.0,1042.0,11751,1,0,1,Pedestrian
12,1947.0,951.0,1977.0,1042.0,11752,1,0,1,Pedestrian
12,1947.0,951.0,1977.0,1042.0,11753,1,0,1,Pedestrian
12,1947.0,951.0,1977.0,1042.0,11754,1,0,1,Pedestrian
12,1947.0,951.0,1977.0,1042.0,11755,1,0,1,Pedestrian
12,1947.0,951.0,1977.0,1042.0,11756,1,0,1,Pedestrian
12,1947.0,951.0,1977.0,1042.0,11757,1,0,1,Pedestrian
12,1947.0,951.0,1977.0,1042.0,11758,1,0,1,Pedestrian
12,1947.0,951.0,1977.0,1042.0,11759,1,0,1,Pedestrian
12,1947.0,951.0,1977.0,1042.0,11760,1,0,1,Pedestrian
12,1947.0,951.0,1977.0,1042.0,11761,1,0,1,Pedestrian
12,1947.0,951.0,1977.0,1042.0,11762,1,0,1,Pedestrian
12,1947.0,951.0,1977.0,1042.0,11763,1,0,1,Pedestrian
12,1947.0,951.0,1977.0,1042.0,11764,1,0,1,Pedestrian
12,1947.0,951.0,1977.0,1042.0,11765,1,0,1,Pedestrian
12,1947.0,951.0,1977.0,1042.0,11766,1,0,1,Pedestrian
12,1947.0,951.0,1977.0,1042.0,11767,1,0,1,Pedestrian
12,1947.0,951.0,1977.0,1042.0,11768,1,0,1,Pedestrian
12,1947.0,951.0,1977.0,1042.0,11769,1,0,1,Pedestrian
12,1949.0,951.0,1977.0,1042.0,11770,0,0,0,Pedestrian
12,1944.0,951.0,1977.0,1042.0,11771,0,0,1,Pedestrian
12,1941.0,951.0,1977.0,1042.0,11772,0,0,1,Pedestrian
12,1938.0,951.0,1977.0,1042.0,11773,0,0,1,Pedestrian
12,1936.0,951.0,1977.0,1042.0,11774,0,0,1,Pedestrian
12,1933.0,951.0,1977.0,1042.0,11775,0,0,1,Pedestrian
12,1930.0,951.0,1977.0,1042.0,11776,0,0,1,Pedestrian
12,1927.0,951.0,1977.0,1042.0,11777,0,0,1,Pedestrian
12,1925.0,951.0,1977.0,1042.0,11778,0,0,1,Pedestrian
12,1922.0,951.0,1977.0,1042.0,11779,0,0,1,Pedestrian
12,1919.0,951.0,1980.0,1045.0,11780,0,0,0,Pedestrian
12,1916.0,951.0,1977.0,1045.0,11781,0,0,1,Pedestrian
12,1916.0,951.0,1977.0,1045.0,11782,0,0,1,Pedestrian
12,1916.0,951.0,1977.0,1045.0,11783,0,0,1,Pedestrian
12,1916.0,951.0,1977.0,1045.0,11784,0,0,1,Pedestrian
12,1916.0,951.0,1977.0,1045.0,11785,0,0,1,Pedestrian
12,1916.0,951.0,1977.0,1045.0,11786,0,0,1,Pedestrian
12,1916.0,951.0,1977.0,1045.0,11787,0,0,1,Pedestrian
12,1916.0,951.0,1977.0,1045.0,11788,0,0,1,Pedestrian
12,1916.0,951.0,1977.0,1045.0,11789,0,0,1,Pedestrian
12,1916.0,951.0,1977.0,1045.0,11790,0,0,0,Pedestrian
12,1914.0,951.0,1974.0,1045.0,11791,0,0,1,Pedestrian
12,1914.0,954.0,1974.0,1047.0,11792,0,0,1,Pedestrian
12,1911.0,956.0,1971.0,1049.0,11793,0,0,1,Pedestrian
12,1911.0,958.0,1971.0,1052.0,11794,0,0,1,Pedestrian
12,1911.0,960.0,1971.0,1054.0,11795,0,0,1,Pedestrian
12,1908.0,960.0,1969.0,1054.0,11796,0,0,1,Pedestrian
12,1908.0,963.0,1969.0,1056.0,11797,0,0,1,Pedestrian
12,1905.0,965.0,1966.0,1058.0,11798,0,0,1,Pedestrian
12,1905.0,967.0,1966.0,1061.0,11799,0,0,1,Pedestrian
12,1905.0,970.0,1966.0,1063.0,11800,0,0,0,Pedestrian
12,1903.0,970.0,1963.0,1063.0,11801,0,0,1,Pedestrian
12,1900.0,970.0,1960.0,1063.0,11802,0,0,1,Pedestrian
12,1897.0,970.0,1958.0,1063.0,11803,0,0,1,Pedestrian
12,1894.0,970.0,1955.0,1063.0,11804,0,0,1,Pedestrian
12,1892.0,972.0,1952.0,1065.0,11805,0,0,1,Pedestrian
12,1889.0,972.0,1949.0,1065.0,11806,0,0,1,Pedestrian
12,1886.0,972.0,1947.0,1065.0,11807,0,0,1,Pedestrian
12,1883.0,972.0,1944.0,1065.0,11808,0,0,1,Pedestrian
12,1881.0,972.0,1941.0,1065.0,11809,0,0,1,Pedestrian
12,1881.0,974.0,1941.0,1067.0,11810,0,0,0,Pedestrian
12,1878.0,974.0,1938.0,1067.0,11811,0,0,1,Pedestrian
12,1878.0,974.0,1938.0,1067.0,11812,0,0,1,Pedestrian
12,1878.0,974.0,1938.0,1067.0,11813,0,0,1,Pedestrian
12,1878.0,976.0,1938.0,1070.0,11814,0,0,1,Pedestrian
12,1878.0,976.0,1938.0,1070.0,11815,0,0,1,Pedestrian
12,1875.0,976.0,1936.0,1070.0,11816,0,0,1,Pedestrian
12,1875.0,979.0,1936.0,1072.0,11817,0,0,1,Pedestrian
12,1875.0,979.0,1936.0,1072.0,11818,0,0,1,Pedestrian
12,1875.0,979.0,1936.0,1072.0,11819,0,0,1,Pedestrian
12,1875.0,981.0,1936.0,1074.0,11820,0,0,0,Pedestrian
12,1872.0,981.0,1933.0,1074.0,11821,0,0,1,Pedestrian
12,1870.0,981.0,1930.0,1074.0,11822,0,0,1,Pedestrian
12,1867.0,981.0,1927.0,1074.0,11823,0,0,1,Pedestrian
12,1867.0,981.0,1927.0,1074.0,11824,0,0,1,Pedestrian
12,1864.0,983.0,1925.0,1077.0,11825,0,0,1,Pedestrian
12,1861.0,983.0,1922.0,1077.0,11826,0,0,1,Pedestrian
12,1861.0,983.0,1922.0,1077.0,11827,0,0,1,Pedestrian
12,1859.0,983.0,1919.0,1077.0,11828,0,0,1,Pedestrian
12,1856.0,983.0,1916.0,1077.0,11829,0,0,1,Pedestrian
12,1856.0,985.0,1916.0,1079.0,11830,0,0,0,Pedestrian
12,1853.0,985.0,1914.0,1079.0,11831,0,0,1,Pedestrian
12,1850.0,988.0,1911.0,1079.0,11832,0,0,1,Pedestrian
12,1848.0,988.0,1908.0,1081.0,11833,0,0,1,Pedestrian
12,1848.0,990.0,1908.0,1081.0,11834,0,0,1,Pedestrian
12,1845.0,990.0,1905.0,1083.0,11835,0,0,1,Pedestrian
12,1842.0,992.0,1903.0,1083.0,11836,0,0,1,Pedestrian
12,1842.0,992.0,1903.0,1083.0,11837,0,0,1,Pedestrian
12,1839.0,995.0,1900.0,1086.0,11838,0,0,1,Pedestrian
12,1837.0,995.0,1897.0,1086.0,11839,0,0,1,Pedestrian
12,1837.0,997.0,1897.0,1088.0,11840,0,0,0,Pedestrian
12,1834.0,997.0,1894.0,1088.0,11841,0,0,1,Pedestrian
12,1834.0,997.0,1894.0,1088.0,11842,0,0,1,Pedestrian
12,1834.0,997.0,1894.0,1088.0,11843,0,0,1,Pedestrian
12,1834.0,997.0,1894.0,1088.0,11844,0,0,1,Pedestrian
12,1834.0,997.0,1894.0,1088.0,11845,0,0,1,Pedestrian
12,1834.0,997.0,1894.0,1088.0,11846,0,0,1,Pedestrian
12,1834.0,997.0,1894.0,1088.0,11847,0,0,1,Pedestrian
12,1834.0,997.0,1894.0,1088.0,11848,0,0,1,Pedestrian
12,1834.0,997.0,1894.0,1088.0,11849,0,0,1,Pedestrian
12,1834.0,997.0,1894.0,1088.0,11850,0,0,0,Pedestrian
12,1831.0,997.0,1892.0,1088.0,11851,0,0,1,Pedestrian
12,1828.0,997.0,1889.0,1088.0,11852,0,0,1,Pedestrian
12,1826.0,999.0,1886.0,1088.0,11853,0,0,1,Pedestrian
12,1826.0,999.0,1883.0,1088.0,11854,0,0,1,Pedestrian
12,1823.0,1001.0,1883.0,1088.0,11855,0,0,1,Pedestrian
12,1820.0,1001.0,1881.0,1088.0,11856,0,0,1,Pedestrian
12,1820.0,1001.0,1878.0,1088.0,11857,0,0,1,Pedestrian
12,1817.0,1004.0,1875.0,1088.0,11858,0,0,1,Pedestrian
12,1815.0,1004.0,1872.0,1088.0,11859,0,0,1,Pedestrian
12,1815.0,1006.0,1872.0,1088.0,11860,0,0,0,Pedestrian
12,1812.0,1006.0,1870.0,1088.0,11861,0,0,1,Pedestrian
12,1812.0,1008.0,1870.0,1088.0,11862,0,0,1,Pedestrian
12,1812.0,1008.0,1867.0,1088.0,11863,0,0,1,Pedestrian
12,1809.0,1011.0,1867.0,1088.0,11864,0,0,1,Pedestrian
12,1809.0,1011.0,1867.0,1088.0,11865,0,0,1,Pedestrian
12,1809.0,1013.0,1864.0,1088.0,11866,0,0,1,Pedestrian
12,1806.0,1013.0,1864.0,1088.0,11867,0,0,1,Pedestrian
12,1806.0,1015.0,1861.0,1088.0,11868,0,0,1,Pedestrian
12,1806.0,1015.0,1861.0,1088.0,11869,0,0,1,Pedestrian
12,1806.0,1017.0,1861.0,1088.0,11870,0,0,0,Pedestrian
12,1804.0,1017.0,1859.0,1088.0,11871,0,0,1,Pedestrian
12,1801.0,1020.0,1856.0,1088.0,11872,0,0,1,Pedestrian
12,1798.0,1020.0,1853.0,1088.0,11873,0,0,1,Pedestrian
12,1795.0,1022.0,1850.0,1088.0,11874,0,0,1,Pedestrian
12,1795.0,1024.0,1848.0,1088.0,11875,0,0,1,Pedestrian
12,1793.0,1024.0,1845.0,1088.0,11876,0,0,1,Pedestrian
12,1790.0,1026.0,1842.0,1088.0,11877,0,0,1,Pedestrian
12,1787.0,1026.0,1839.0,1088.0,11878,0,0,1,Pedestrian
12,1784.0,1029.0,1837.0,1088.0,11879,0,0,1,Pedestrian
12,1784.0,1031.0,1837.0,1088.0,11880,0,0,0,Pedestrian
12,1782.0,1031.0,1834.0,1088.0,11881,0,0,1,Pedestrian
12,1782.0,1031.0,1834.0,1088.0,11882,0,0,1,Pedestrian
12,1779.0,1033.0,1831.0,1088.0,11883,0,0,1,Pedestrian
12,1779.0,1033.0,1831.0,1088.0,11884,0,0,1,Pedestrian
12,1776.0,1036.0,1828.0,1088.0,11885,0,0,1,Pedestrian
12,1776.0,1036.0,1828.0,1088.0,11886,0,0,1,Pedestrian
12,1773.0,1036.0,1826.0,1088.0,11887,0,0,1,Pedestrian
12,1773.0,1038.0,1826.0,1088.0,11888,0,0,1,Pedestrian
12,1771.0,1038.0,1823.0,1088.0,11889,0,0,1,Pedestrian
12,1771.0,1040.0,1823.0,1088.0,11890,0,0,0,Pedestrian
12,1768.0,1040.0,1820.0,1088.0,11891,0,0,1,Pedestrian
12,1768.0,1040.0,1820.0,1088.0,11892,0,0,1,Pedestrian
12,1768.0,1042.0,1820.0,1088.0,11893,0,0,1,Pedestrian
12,1765.0,1042.0,1817.0,1088.0,11894,0,0,1,Pedestrian
12,1765.0,1045.0,1817.0,1088.0,11895,0,0,1,Pedestrian
12,1765.0,1045.0,1817.0,1088.0,11896,0,0,1,Pedestrian
12,1762.0,1045.0,1815.0,1088.0,11897,0,0,1,Pedestrian
12,1762.0,1047.0,1815.0,1088.0,11898,0,0,1,Pedestrian
12,1762.0,1047.0,1815.0,1088.0,11899,0,0,1,Pedestrian
12,1762.0,1049.0,1815.0,1088.0,11900,0,0,0,Pedestrian
12,1760.0,1049.0,1812.0,1088.0,11901,0,0,1,Pedestrian
12,1757.0,1049.0,1809.0,1088.0,11902,0,0,1,Pedestrian
12,1754.0,1049.0,1806.0,1088.0,11903,0,0,1,Pedestrian
12,1754.0,1052.0,1806.0,1088.0,11904,0,0,1,Pedestrian
12,1751.0,1052.0,1804.0,1088.0,11905,0,0,1,Pedestrian
12,1749.0,1052.0,1801.0,1088.0,11906,0,0,1,Pedestrian
12,1749.0,1054.0,1801.0,1088.0,11907,0,0,1,Pedestrian
12,1746.0,1054.0,1798.0,1088.0,11908,0,0,1,Pedestrian
12,1743.0,1054.0,1795.0,1088.0,11909,0,0,1,Pedestrian
12,1743.0,1056.0,1795.0,1088.0,11910,1,0,0,Pedestrian
12,1743.0,1056.0,1795.0,1088.0,11911,1,0,1,Pedestrian
12,1743.0,1056.0,1795.0,1088.0,11912,1,0,1,Pedestrian
12,1743.0,1056.0,1795.0,1088.0,11913,1,0,1,Pedestrian
12,1743.0,1056.0,1795.0,1088.0,11914,1,0,1,Pedestrian
12,1743.0,1056.0,1795.0,1088.0,11915,1,0,1,Pedestrian
12,1743.0,1056.0,1795.0,1088.0,11916,1,0,1,Pedestrian
12,1743.0,1056.0,1795.0,1088.0,11917,1,0,1,Pedestrian
12,1743.0,1056.0,1795.0,1088.0,11918,1,0,1,Pedestrian
12,1743.0,1056.0,1795.0,1088.0,11919,1,0,1,Pedestrian
12,1743.0,1056.0,1795.0,1088.0,11920,1,0,0,Pedestrian
12,1743.0,1056.0,1795.0,1088.0,11921,1,0,1,Pedestrian
12,1743.0,1056.0,1795.0,1088.0,11922,1,0,1,Pedestrian
12,1743.0,1056.0,1795.0,1088.0,11923,1,0,1,Pedestrian
12,1743.0,1056.0,1795.0,1088.0,11924,1,0,1,Pedestrian
12,1743.0,1056.0,1795.0,1088.0,11925,1,0,1,Pedestrian
12,1743.0,1056.0,1795.0,1088.0,11926,1,0,1,Pedestrian
12,1743.0,1056.0,1795.0,1088.0,11927,1,0,1,Pedestrian
12,1743.0,1056.0,1795.0,1088.0,11928,1,0,1,Pedestrian
12,1743.0,1056.0,1795.0,1088.0,11929,1,0,1,Pedestrian
12,1743.0,1056.0,1795.0,1088.0,11930,1,0,1,Pedestrian
12,1743.0,1056.0,1795.0,1088.0,11931,1,0,1,Pedestrian
12,1743.0,1056.0,1795.0,1088.0,11932,1,0,1,Pedestrian
12,1743.0,1056.0,1795.0,1088.0,11933,1,0,1,Pedestrian
12,1743.0,1056.0,1795.0,1088.0,11934,1,0,1,Pedestrian
12,1743.0,1056.0,1795.0,1088.0,11935,1,0,1,Pedestrian
12,1743.0,1056.0,1795.0,1088.0,11936,1,0,1,Pedestrian
12,1743.0,1056.0,1795.0,1088.0,11937,1,0,1,Pedestrian
12,1743.0,1056.0,1795.0,1088.0,11938,1,0,1,Pedestrian
12,1743.0,1056.0,1795.0,1088.0,11939,1,0,1,Pedestrian
12,1743.0,1056.0,1795.0,1088.0,11940,1,0,1,Pedestrian
12,1743.0,1056.0,1795.0,1088.0,11941,1,0,1,Pedestrian
12,1743.0,1056.0,1795.0,1088.0,11942,1,0,1,Pedestrian
12,1743.0,1056.0,1795.0,1088.0,11943,1,0,1,Pedestrian
12,1743.0,1056.0,1795.0,1088.0,11944,1,0,1,Pedestrian
12,1743.0,1056.0,1795.0,1088.0,11945,1,0,1,Pedestrian
12,1743.0,1056.0,1795.0,1088.0,11946,1,0,1,Pedestrian
12,1743.0,1056.0,1795.0,1088.0,11947,1,0,1,Pedestrian
12,1743.0,1056.0,1795.0,1088.0,11948,1,0,1,Pedestrian
12,1743.0,1056.0,1795.0,1088.0,11949,1,0,1,Pedestrian
12,1743.0,1056.0,1795.0,1088.0,11950,1,0,1,Pedestrian
12,1743.0,1056.0,1795.0,1088.0,11951,1,0,1,Pedestrian
12,1743.0,1056.0,1795.0,1088.0,11952,1,0,1,Pedestrian
12,1743.0,1056.0,1795.0,1088.0,11953,1,0,1,Pedestrian
12,1743.0,1056.0,1795.0,1088.0,11954,1,0,1,Pedestrian
12,1743.0,1056.0,1795.0,1088.0,11955,1,0,1,Pedestrian
12,1743.0,1056.0,1795.0,1088.0,11956,1,0,1,Pedestrian
12,1743.0,1056.0,1795.0,1088.0,11957,1,0,1,Pedestrian
12,1743.0,1056.0,1795.0,1088.0,11958,1,0,1,Pedestrian
12,1743.0,1056.0,1795.0,1088.0,11959,1,0,1,Pedestrian
12,1743.0,1056.0,1795.0,1088.0,11960,1,0,1,Pedestrian
12,1743.0,1056.0,1795.0,1088.0,11961,1,0,1,Pedestrian
12,1743.0,1056.0,1795.0,1088.0,11962,1,0,1,Pedestrian
12,1743.0,1056.0,1795.0,1088.0,11963,1,0,1,Pedestrian
12,1743.0,1056.0,1795.0,1088.0,11964,1,0,1,Pedestrian
12,1743.0,1056.0,1795.0,1088.0,11965,1,0,0,Pedestrian
13,1281.0,0.0,1350.0,56.0,11000,0,0,0,Pedestrian
13,1281.0,0.0,1347.0,54.0,11001,0,0,1,Pedestrian
13,1281.0,0.0,1347.0,54.0,11002,0,0,1,Pedestrian
13,1281.0,0.0,1347.0,54.0,11003,0,0,1,Pedestrian
13,1281.0,0.0,1347.0,54.0,11004,0,0,1,Pedestrian
13,1281.0,0.0,1347.0,54.0,11005,0,1,0,Pedestrian
13,1281.0,0.0,1347.0,54.0,11006,0,1,1,Pedestrian
13,1281.0,0.0,1347.0,54.0,11007,0,1,1,Pedestrian
13,1281.0,0.0,1347.0,54.0,11008,0,1,1,Pedestrian
13,1281.0,0.0,1347.0,54.0,11009,0,1,1,Pedestrian
13,1281.0,0.0,1347.0,54.0,11010,0,1,1,Pedestrian
13,1281.0,0.0,1347.0,54.0,11011,0,1,1,Pedestrian
13,1281.0,0.0,1347.0,54.0,11012,0,1,1,Pedestrian
13,1281.0,0.0,1347.0,54.0,11013,0,1,1,Pedestrian
13,1281.0,0.0,1347.0,54.0,11014,0,1,1,Pedestrian
13,1281.0,0.0,1347.0,54.0,11015,0,1,1,Pedestrian
13,1281.0,0.0,1347.0,54.0,11016,0,1,1,Pedestrian
13,1281.0,0.0,1347.0,54.0,11017,0,1,1,Pedestrian
13,1281.0,0.0,1347.0,54.0,11018,0,1,1,Pedestrian
13,1281.0,0.0,1347.0,54.0,11019,0,1,1,Pedestrian
13,1281.0,0.0,1347.0,54.0,11020,0,1,1,Pedestrian
13,1281.0,0.0,1347.0,54.0,11021,0,1,1,Pedestrian
13,1281.0,0.0,1347.0,54.0,11022,0,1,1,Pedestrian
13,1281.0,0.0,1347.0,54.0,11023,0,1,1,Pedestrian
13,1281.0,0.0,1347.0,54.0,11024,0,1,1,Pedestrian
13,1281.0,0.0,1347.0,54.0,11025,0,1,1,Pedestrian
13,1281.0,0.0,1347.0,54.0,11026,0,1,1,Pedestrian
13,1281.0,0.0,1347.0,54.0,11027,0,1,1,Pedestrian
13,1281.0,0.0,1347.0,54.0,11028,0,1,1,Pedestrian
13,1281.0,0.0,1347.0,54.0,11029,0,1,1,Pedestrian
13,1281.0,0.0,1347.0,54.0,11030,0,1,1,Pedestrian
13,1281.0,0.0,1347.0,54.0,11031,0,1,1,Pedestrian
13,1281.0,0.0,1347.0,54.0,11032,0,1,1,Pedestrian
13,1281.0,0.0,1347.0,54.0,11033,0,1,1,Pedestrian
13,1281.0,0.0,1347.0,54.0,11034,0,1,1,Pedestrian
13,1281.0,0.0,1347.0,54.0,11035,0,1,1,Pedestrian
13,1281.0,0.0,1347.0,54.0,11036,0,1,1,Pedestrian
13,1281.0,0.0,1347.0,54.0,11037,0,1,1,Pedestrian
13,1281.0,0.0,1347.0,54.0,11038,0,1,1,Pedestrian
13,1281.0,0.0,1347.0,54.0,11039,0,1,1,Pedestrian
13,1281.0,0.0,1347.0,54.0,11040,0,1,1,Pedestrian
13,1281.0,0.0,1347.0,54.0,11041,0,1,1,Pedestrian
13,1281.0,0.0,1347.0,54.0,11042,0,1,1,Pedestrian
13,1281.0,0.0,1347.0,54.0,11043,0,1,1,Pedestrian
13,1281.0,0.0,1347.0,54.0,11044,0,1,1,Pedestrian
13,1281.0,0.0,1347.0,54.0,11045,0,1,1,Pedestrian
13,1281.0,0.0,1347.0,54.0,11046,0,1,1,Pedestrian
13,1281.0,0.0,1347.0,54.0,11047,0,1,1,Pedestrian
13,1281.0,0.0,1347.0,54.0,11048,0,1,1,Pedestrian
13,1281.0,0.0,1347.0,54.0,11049,0,1,1,Pedestrian
13,1281.0,0.0,1347.0,54.0,11050,0,1,1,Pedestrian
13,1281.0,0.0,1347.0,54.0,11051,0,1,1,Pedestrian
13,1281.0,0.0,1347.0,54.0,11052,0,1,1,Pedestrian
13,1281.0,0.0,1347.0,54.0,11053,0,1,1,Pedestrian
13,1281.0,0.0,1347.0,54.0,11054,0,1,1,Pedestrian
13,1281.0,0.0,1347.0,54.0,11055,0,1,1,Pedestrian
13,1281.0,0.0,1347.0,54.0,11056,0,1,1,Pedestrian
13,1281.0,0.0,1347.0,54.0,11057,0,1,1,Pedestrian
13,1281.0,0.0,1347.0,54.0,11058,0,1,1,Pedestrian
13,1281.0,0.0,1347.0,54.0,11059,0,1,1,Pedestrian
13,1281.0,0.0,1347.0,54.0,11060,0,1,1,Pedestrian
13,1281.0,0.0,1347.0,54.0,11061,0,1,1,Pedestrian
13,1281.0,0.0,1347.0,54.0,11062,0,1,1,Pedestrian
13,1281.0,0.0,1347.0,54.0,11063,0,1,1,Pedestrian
13,1281.0,0.0,1347.0,54.0,11064,0,1,1,Pedestrian
13,1281.0,0.0,1347.0,54.0,11065,0,1,1,Pedestrian
13,1281.0,0.0,1347.0,54.0,11066,0,1,1,Pedestrian
13,1281.0,0.0,1347.0,54.0,11067,0,1,1,Pedestrian
13,1281.0,0.0,1347.0,54.0,11068,0,1,1,Pedestrian
13,1281.0,0.0,1347.0,54.0,11069,0,1,1,Pedestrian
13,1281.0,0.0,1347.0,54.0,11070,0,1,1,Pedestrian
13,1281.0,0.0,1347.0,54.0,11071,0,1,1,Pedestrian
13,1281.0,0.0,1347.0,54.0,11072,0,1,1,Pedestrian
13,1281.0,0.0,1347.0,54.0,11073,0,1,1,Pedestrian
13,1281.0,0.0,1347.0,54.0,11074,0,1,1,Pedestrian
13,1281.0,0.0,1347.0,54.0,11075,0,1,1,Pedestrian
13,1281.0,0.0,1347.0,54.0,11076,0,1,1,Pedestrian
13,1281.0,0.0,1347.0,54.0,11077,0,1,1,Pedestrian
13,1281.0,0.0,1347.0,54.0,11078,0,1,1,Pedestrian
13,1281.0,0.0,1347.0,54.0,11079,0,1,1,Pedestrian
13,1281.0,0.0,1347.0,54.0,11080,0,1,1,Pedestrian
13,1281.0,0.0,1347.0,54.0,11081,0,1,1,Pedestrian
13,1281.0,0.0,1347.0,54.0,11082,0,1,1,Pedestrian
13,1281.0,0.0,1347.0,54.0,11083,0,1,1,Pedestrian
13,1281.0,0.0,1347.0,54.0,11084,0,1,1,Pedestrian
13,1281.0,0.0,1347.0,54.0,11085,0,1,1,Pedestrian
13,1281.0,0.0,1347.0,54.0,11086,0,1,1,Pedestrian
13,1281.0,0.0,1347.0,54.0,11087,0,1,1,Pedestrian
13,1281.0,0.0,1347.0,54.0,11088,0,1,1,Pedestrian
13,1281.0,0.0,1347.0,54.0,11089,0,1,1,Pedestrian
13,1281.0,0.0,1347.0,54.0,11090,0,1,1,Pedestrian
13,1281.0,0.0,1347.0,54.0,11091,0,1,1,Pedestrian
13,1281.0,0.0,1347.0,54.0,11092,0,1,1,Pedestrian
13,1281.0,0.0,1347.0,54.0,11093,0,1,1,Pedestrian
13,1281.0,0.0,1347.0,54.0,11094,0,1,1,Pedestrian
13,1281.0,0.0,1347.0,54.0,11095,0,1,1,Pedestrian
13,1281.0,0.0,1347.0,54.0,11096,0,1,1,Pedestrian
13,1281.0,0.0,1347.0,54.0,11097,0,1,1,Pedestrian
13,1281.0,0.0,1347.0,54.0,11098,0,1,1,Pedestrian
13,1281.0,0.0,1347.0,54.0,11099,0,1,1,Pedestrian
13,1281.0,0.0,1347.0,54.0,11100,0,1,1,Pedestrian
13,1281.0,0.0,1347.0,54.0,11101,0,1,1,Pedestrian
13,1281.0,0.0,1347.0,54.0,11102,0,1,1,Pedestrian
13,1281.0,0.0,1347.0,54.0,11103,0,1,1,Pedestrian
13,1281.0,0.0,1347.0,54.0,11104,0,1,1,Pedestrian
13,1281.0,0.0,1347.0,54.0,11105,0,1,1,Pedestrian
13,1281.0,0.0,1347.0,54.0,11106,0,1,1,Pedestrian
13,1281.0,0.0,1347.0,54.0,11107,0,1,1,Pedestrian
13,1281.0,0.0,1347.0,54.0,11108,0,1,1,Pedestrian
13,1281.0,0.0,1347.0,54.0,11109,0,1,1,Pedestrian
13,1281.0,0.0,1347.0,54.0,11110,0,1,1,Pedestrian
13,1281.0,0.0,1347.0,54.0,11111,0,1,1,Pedestrian
13,1281.0,0.0,1347.0,54.0,11112,0,1,1,Pedestrian
13,1281.0,0.0,1347.0,54.0,11113,0,1,1,Pedestrian
13,1281.0,0.0,1347.0,54.0,11114,0,1,1,Pedestrian
13,1281.0,0.0,1347.0,54.0,11115,0,1,1,Pedestrian
13,1281.0,0.0,1347.0,54.0,11116,0,1,1,Pedestrian
13,1281.0,0.0,1347.0,54.0,11117,0,1,1,Pedestrian
13,1281.0,0.0,1347.0,54.0,11118,0,1,1,Pedestrian
13,1281.0,0.0,1347.0,54.0,11119,0,1,1,Pedestrian
13,1281.0,0.0,1347.0,54.0,11120,0,1,1,Pedestrian
13,1281.0,0.0,1347.0,54.0,11121,0,1,1,Pedestrian
13,1281.0,0.0,1347.0,54.0,11122,0,1,1,Pedestrian
13,1281.0,0.0,1347.0,54.0,11123,0,1,1,Pedestrian
13,1281.0,0.0,1347.0,54.0,11124,0,1,1,Pedestrian
13,1281.0,0.0,1347.0,54.0,11125,0,1,1,Pedestrian
13,1281.0,0.0,1347.0,54.0,11126,0,1,1,Pedestrian
13,1281.0,0.0,1347.0,54.0,11127,0,1,1,Pedestrian
13,1281.0,0.0,1347.0,54.0,11128,0,1,1,Pedestrian
13,1281.0,0.0,1347.0,54.0,11129,0,1,1,Pedestrian
13,1281.0,0.0,1347.0,54.0,11130,0,1,1,Pedestrian
13,1281.0,0.0,1347.0,54.0,11131,0,1,1,Pedestrian
13,1281.0,0.0,1347.0,54.0,11132,0,1,1,Pedestrian
13,1281.0,0.0,1347.0,54.0,11133,0,1,1,Pedestrian
13,1281.0,0.0,1347.0,54.0,11134,0,1,1,Pedestrian
13,1281.0,0.0,1347.0,54.0,11135,0,1,1,Pedestrian
13,1281.0,0.0,1347.0,54.0,11136,0,1,1,Pedestrian
13,1281.0,0.0,1347.0,54.0,11137,0,1,1,Pedestrian
13,1281.0,0.0,1347.0,54.0,11138,0,1,1,Pedestrian
13,1281.0,0.0,1347.0,54.0,11139,0,1,1,Pedestrian
13,1281.0,0.0,1347.0,54.0,11140,0,1,1,Pedestrian
13,1281.0,0.0,1347.0,54.0,11141,0,1,1,Pedestrian
13,1281.0,0.0,1347.0,54.0,11142,0,1,1,Pedestrian
13,1281.0,0.0,1347.0,54.0,11143,0,1,1,Pedestrian
13,1281.0,0.0,1347.0,54.0,11144,0,1,1,Pedestrian
13,1281.0,0.0,1347.0,54.0,11145,0,1,1,Pedestrian
13,1281.0,0.0,1347.0,54.0,11146,0,1,1,Pedestrian
13,1281.0,0.0,1347.0,54.0,11147,0,1,1,Pedestrian
13,1281.0,0.0,1347.0,54.0,11148,0,1,1,Pedestrian
13,1281.0,0.0,1347.0,54.0,11149,0,1,1,Pedestrian
13,1281.0,0.0,1347.0,54.0,11150,0,1,1,Pedestrian
13,1281.0,0.0,1347.0,54.0,11151,0,1,1,Pedestrian
13,1281.0,0.0,1347.0,54.0,11152,0,1,1,Pedestrian
13,1281.0,0.0,1347.0,54.0,11153,0,1,1,Pedestrian
13,1281.0,0.0,1347.0,54.0,11154,0,1,1,Pedestrian
13,1281.0,0.0,1347.0,54.0,11155,0,1,1,Pedestrian
13,1281.0,0.0,1347.0,54.0,11156,0,1,1,Pedestrian
13,1281.0,0.0,1347.0,54.0,11157,0,1,1,Pedestrian
13,1281.0,0.0,1347.0,54.0,11158,0,1,1,Pedestrian
13,1281.0,0.0,1347.0,54.0,11159,0,1,1,Pedestrian
13,1281.0,0.0,1347.0,54.0,11160,0,1,1,Pedestrian
13,1281.0,0.0,1347.0,54.0,11161,0,1,1,Pedestrian
13,1281.0,0.0,1347.0,54.0,11162,0,1,1,Pedestrian
13,1281.0,0.0,1347.0,54.0,11163,0,1,1,Pedestrian
13,1281.0,0.0,1347.0,54.0,11164,0,1,1,Pedestrian
13,1281.0,0.0,1347.0,54.0,11165,0,1,1,Pedestrian
13,1281.0,0.0,1347.0,54.0,11166,0,1,1,Pedestrian
13,1281.0,0.0,1347.0,54.0,11167,0,1,1,Pedestrian
13,1281.0,0.0,1347.0,54.0,11168,0,1,1,Pedestrian
13,1281.0,0.0,1347.0,54.0,11169,0,1,1,Pedestrian
13,1281.0,0.0,1347.0,54.0,11170,0,1,1,Pedestrian
13,1281.0,0.0,1347.0,54.0,11171,0,1,1,Pedestrian
13,1281.0,0.0,1347.0,54.0,11172,0,1,1,Pedestrian
13,1281.0,0.0,1347.0,54.0,11173,0,1,1,Pedestrian
13,1281.0,0.0,1347.0,54.0,11174,0,1,1,Pedestrian
13,1281.0,0.0,1347.0,54.0,11175,0,1,1,Pedestrian
13,1281.0,0.0,1347.0,54.0,11176,0,1,1,Pedestrian
13,1281.0,0.0,1347.0,54.0,11177,0,1,1,Pedestrian
13,1281.0,0.0,1347.0,54.0,11178,0,1,1,Pedestrian
13,1281.0,0.0,1347.0,54.0,11179,0,1,1,Pedestrian
13,1281.0,0.0,1347.0,54.0,11180,0,1,1,Pedestrian
13,1281.0,0.0,1347.0,54.0,11181,0,1,1,Pedestrian
13,1281.0,0.0,1347.0,54.0,11182,0,1,1,Pedestrian
13,1281.0,0.0,1347.0,54.0,11183,0,1,1,Pedestrian
13,1281.0,0.0,1347.0,54.0,11184,0,1,1,Pedestrian
13,1281.0,0.0,1347.0,54.0,11185,0,1,1,Pedestrian
13,1281.0,0.0,1347.0,54.0,11186,0,1,1,Pedestrian
13,1281.0,0.0,1347.0,54.0,11187,0,1,1,Pedestrian
13,1281.0,0.0,1347.0,54.0,11188,0,1,1,Pedestrian
13,1281.0,0.0,1347.0,54.0,11189,0,1,1,Pedestrian
13,1281.0,0.0,1347.0,54.0,11190,0,1,1,Pedestrian
13,1281.0,0.0,1347.0,54.0,11191,0,1,1,Pedestrian
13,1281.0,0.0,1347.0,54.0,11192,0,1,1,Pedestrian
13,1281.0,0.0,1347.0,54.0,11193,0,1,1,Pedestrian
13,1281.0,0.0,1347.0,54.0,11194,0,1,1,Pedestrian
13,1281.0,0.0,1347.0,54.0,11195,0,1,1,Pedestrian
13,1281.0,0.0,1347.0,54.0,11196,0,1,1,Pedestrian
13,1281.0,0.0,1347.0,54.0,11197,0,1,1,Pedestrian
13,1281.0,0.0,1347.0,54.0,11198,0,1,1,Pedestrian
13,1281.0,0.0,1347.0,54.0,11199,0,1,1,Pedestrian
13,1281.0,0.0,1347.0,54.0,11200,0,1,1,Pedestrian
13,1281.0,0.0,1347.0,54.0,11201,0,1,1,Pedestrian
13,1281.0,0.0,1347.0,54.0,11202,0,1,1,Pedestrian
13,1281.0,0.0,1347.0,54.0,11203,0,1,1,Pedestrian
13,1281.0,0.0,1347.0,54.0,11204,0,1,1,Pedestrian
13,1281.0,0.0,1347.0,54.0,11205,0,1,1,Pedestrian
13,1281.0,0.0,1347.0,54.0,11206,0,1,1,Pedestrian
13,1281.0,0.0,1347.0,54.0,11207,0,1,1,Pedestrian
13,1281.0,0.0,1347.0,54.0,11208,0,1,1,Pedestrian
13,1281.0,0.0,1347.0,54.0,11209,0,1,1,Pedestrian
13,1281.0,0.0,1347.0,54.0,11210,0,1,1,Pedestrian
13,1281.0,0.0,1347.0,54.0,11211,0,1,1,Pedestrian
13,1281.0,0.0,1347.0,54.0,11212,0,1,1,Pedestrian
13,1281.0,0.0,1347.0,54.0,11213,0,1,1,Pedestrian
13,1281.0,0.0,1347.0,54.0,11214,0,1,1,Pedestrian
13,1281.0,0.0,1347.0,54.0,11215,0,1,1,Pedestrian
13,1281.0,0.0,1347.0,54.0,11216,0,1,1,Pedestrian
13,1281.0,0.0,1347.0,54.0,11217,0,1,1,Pedestrian
13,1281.0,0.0,1347.0,54.0,11218,0,1,1,Pedestrian
13,1281.0,0.0,1347.0,54.0,11219,0,1,1,Pedestrian
13,1281.0,0.0,1347.0,54.0,11220,0,1,1,Pedestrian
13,1281.0,0.0,1347.0,54.0,11221,0,1,1,Pedestrian
13,1281.0,0.0,1347.0,54.0,11222,0,1,1,Pedestrian
13,1281.0,0.0,1347.0,54.0,11223,0,1,1,Pedestrian
13,1281.0,0.0,1347.0,54.0,11224,0,1,1,Pedestrian
13,1281.0,0.0,1347.0,54.0,11225,0,1,1,Pedestrian
13,1281.0,0.0,1347.0,54.0,11226,0,1,1,Pedestrian
13,1281.0,0.0,1347.0,54.0,11227,0,1,1,Pedestrian
13,1281.0,0.0,1347.0,54.0,11228,0,1,1,Pedestrian
13,1281.0,0.0,1347.0,54.0,11229,0,1,1,Pedestrian
13,1281.0,0.0,1347.0,54.0,11230,0,1,1,Pedestrian
13,1281.0,0.0,1347.0,54.0,11231,0,1,1,Pedestrian
13,1281.0,0.0,1347.0,54.0,11232,0,1,1,Pedestrian
13,1281.0,0.0,1347.0,54.0,11233,0,1,1,Pedestrian
13,1281.0,0.0,1347.0,54.0,11234,0,1,1,Pedestrian
13,1281.0,0.0,1347.0,54.0,11235,0,0,0,Pedestrian
13,1278.0,0.0,1347.0,54.0,11236,0,0,1,Pedestrian
13,1278.0,0.0,1347.0,54.0,11237,0,0,1,Pedestrian
13,1278.0,0.0,1347.0,54.0,11238,0,0,1,Pedestrian
13,1278.0,0.0,1347.0,54.0,11239,0,0,1,Pedestrian
13,1278.0,0.0,1347.0,54.0,11240,0,0,1,Pedestrian
13,1278.0,0.0,1347.0,54.0,11241,0,0,1,Pedestrian
13,1278.0,0.0,1347.0,54.0,11242,0,0,1,Pedestrian
13,1278.0,0.0,1347.0,54.0,11243,0,0,1,Pedestrian
13,1278.0,0.0,1347.0,54.0,11244,0,0,1,Pedestrian
13,1278.0,0.0,1347.0,54.0,11245,0,0,1,Pedestrian
13,1278.0,0.0,1347.0,54.0,11246,0,0,1,Pedestrian
13,1278.0,0.0,1347.0,54.0,11247,0,0,1,Pedestrian
13,1278.0,0.0,1347.0,54.0,11248,0,0,1,Pedestrian
13,1278.0,0.0,1347.0,54.0,11249,0,0,1,Pedestrian
13,1278.0,0.0,1347.0,54.0,11250,0,0,1,Pedestrian
13,1278.0,0.0,1347.0,54.0,11251,0,0,1,Pedestrian
13,1278.0,0.0,1347.0,54.0,11252,0,0,1,Pedestrian
13,1278.0,0.0,1347.0,54.0,11253,0,0,1,Pedestrian
13,1278.0,0.0,1347.0,54.0,11254,0,0,1,Pedestrian
13,1278.0,0.0,1347.0,54.0,11255,0,0,1,Pedestrian
13,1278.0,0.0,1347.0,54.0,11256,0,0,1,Pedestrian
13,1278.0,0.0,1347.0,54.0,11257,0,0,1,Pedestrian
13,1278.0,0.0,1347.0,54.0,11258,0,0,1,Pedestrian
13,1278.0,0.0,1347.0,54.0,11259,0,0,1,Pedestrian
13,1278.0,0.0,1347.0,54.0,11260,0,0,1,Pedestrian
13,1278.0,0.0,1347.0,54.0,11261,0,0,1,Pedestrian
13,1278.0,0.0,1347.0,54.0,11262,0,0,1,Pedestrian
13,1278.0,0.0,1347.0,54.0,11263,0,0,1,Pedestrian
13,1278.0,0.0,1347.0,54.0,11264,0,0,1,Pedestrian
13,1278.0,0.0,1347.0,54.0,11265,0,0,1,Pedestrian
13,1278.0,0.0,1347.0,54.0,11266,0,0,1,Pedestrian
13,1278.0,0.0,1347.0,54.0,11267,0,0,1,Pedestrian
13,1278.0,0.0,1347.0,54.0,11268,0,0,1,Pedestrian
13,1278.0,0.0,1347.0,54.0,11269,0,0,1,Pedestrian
13,1278.0,0.0,1347.0,54.0,11270,0,0,1,Pedestrian
13,1278.0,0.0,1347.0,54.0,11271,0,0,1,Pedestrian
13,1278.0,0.0,1347.0,54.0,11272,0,0,1,Pedestrian
13,1278.0,0.0,1347.0,54.0,11273,0,0,1,Pedestrian
13,1278.0,0.0,1347.0,54.0,11274,0,0,1,Pedestrian
13,1278.0,0.0,1347.0,54.0,11275,0,0,1,Pedestrian
13,1278.0,0.0,1347.0,54.0,11276,0,0,1,Pedestrian
13,1278.0,0.0,1347.0,54.0,11277,0,0,1,Pedestrian
13,1278.0,0.0,1347.0,54.0,11278,0,0,1,Pedestrian
13,1278.0,0.0,1347.0,54.0,11279,0,0,1,Pedestrian
13,1278.0,0.0,1347.0,54.0,11280,0,0,1,Pedestrian
13,1278.0,0.0,1347.0,54.0,11281,0,0,1,Pedestrian
13,1278.0,0.0,1347.0,54.0,11282,0,0,1,Pedestrian
13,1278.0,0.0,1347.0,54.0,11283,0,0,1,Pedestrian
13,1278.0,0.0,1347.0,56.0,11284,0,0,1,Pedestrian
13,1278.0,2.0,1347.0,56.0,11285,0,0,1,Pedestrian
13,1278.0,2.0,1347.0,56.0,11286,0,0,1,Pedestrian
13,1278.0,2.0,1347.0,56.0,11287,0,0,1,Pedestrian
13,1278.0,2.0,1347.0,56.0,11288,0,0,1,Pedestrian
13,1278.0,2.0,1347.0,56.0,11289,0,0,1,Pedestrian
13,1278.0,2.0,1347.0,56.0,11290,0,0,1,Pedestrian
13,1278.0,2.0,1347.0,56.0,11291,0,0,1,Pedestrian
13,1278.0,2.0,1347.0,56.0,11292,0,0,1,Pedestrian
13,1278.0,2.0,1347.0,56.0,11293,0,0,1,Pedestrian
13,1278.0,2.0,1347.0,56.0,11294,0,0,1,Pedestrian
13,1278.0,2.0,1347.0,56.0,11295,0,0,1,Pedestrian
13,1278.0,2.0,1347.0,56.0,11296,0,0,1,Pedestrian
13,1278.0,2.0,1347.0,56.0,11297,0,0,1,Pedestrian
13,1278.0,2.0,1347.0,56.0,11298,0,0,1,Pedestrian
13,1278.0,2.0,1347.0,56.0,11299,0,0,1,Pedestrian
13,1278.0,2.0,1347.0,56.0,11300,0,0,1,Pedestrian
13,1278.0,2.0,1347.0,56.0,11301,0,0,1,Pedestrian
13,1278.0,2.0,1347.0,56.0,11302,0,0,1,Pedestrian
13,1278.0,2.0,1347.0,56.0,11303,0,0,1,Pedestrian
13,1278.0,2.0,1347.0,56.0,11304,0,0,1,Pedestrian
13,1278.0,2.0,1347.0,56.0,11305,0,0,1,Pedestrian
13,1278.0,2.0,1347.0,56.0,11306,0,0,1,Pedestrian
13,1278.0,2.0,1347.0,56.0,11307,0,0,1,Pedestrian
13,1278.0,2.0,1347.0,56.0,11308,0,0,1,Pedestrian
13,1278.0,2.0,1347.0,56.0,11309,0,0,1,Pedestrian
13,1278.0,2.0,1347.0,56.0,11310,0,0,1,Pedestrian
13,1278.0,2.0,1347.0,56.0,11311,0,0,1,Pedestrian
13,1278.0,2.0,1347.0,56.0,11312,0,0,1,Pedestrian
13,1278.0,2.0,1347.0,56.0,11313,0,0,1,Pedestrian
13,1278.0,2.0,1347.0,56.0,11314,0,0,1,Pedestrian
13,1278.0,2.0,1347.0,56.0,11315,0,0,1,Pedestrian
13,1278.0,2.0,1347.0,56.0,11316,0,0,1,Pedestrian
13,1278.0,2.0,1347.0,56.0,11317,0,0,1,Pedestrian
13,1278.0,2.0,1347.0,56.0,11318,0,0,1,Pedestrian
13,1278.0,2.0,1347.0,56.0,11319,0,0,1,Pedestrian
13,1278.0,2.0,1347.0,56.0,11320,0,0,1,Pedestrian
13,1278.0,2.0,1347.0,56.0,11321,0,0,1,Pedestrian
13,1278.0,2.0,1347.0,56.0,11322,0,0,1,Pedestrian
13,1278.0,2.0,1347.0,56.0,11323,0,0,1,Pedestrian
13,1278.0,2.0,1347.0,56.0,11324,0,0,1,Pedestrian
13,1278.0,2.0,1347.0,56.0,11325,0,0,1,Pedestrian
13,1278.0,2.0,1347.0,56.0,11326,0,0,1,Pedestrian
13,1278.0,2.0,1347.0,56.0,11327,0,0,1,Pedestrian
13,1278.0,2.0,1347.0,56.0,11328,0,0,1,Pedestrian
13,1278.0,2.0,1347.0,56.0,11329,0,0,1,Pedestrian
13,1278.0,2.0,1347.0,56.0,11330,0,0,1,Pedestrian
13,1278.0,2.0,1347.0,56.0,11331,0,0,1,Pedestrian
13,1278.0,2.0,1347.0,56.0,11332,0,0,1,Pedestrian
13,1278.0,2.0,1347.0,59.0,11333,0,0,1,Pedestrian
13,1278.0,4.0,1347.0,59.0,11334,0,0,1,Pedestrian
13,1278.0,4.0,1347.0,59.0,11335,0,0,1,Pedestrian
13,1278.0,4.0,1347.0,59.0,11336,0,0,1,Pedestrian
13,1278.0,4.0,1347.0,59.0,11337,0,0,1,Pedestrian
13,1278.0,4.0,1347.0,59.0,11338,0,0,1,Pedestrian
13,1278.0,4.0,1347.0,59.0,11339,0,0,1,Pedestrian
13,1278.0,4.0,1347.0,59.0,11340,0,0,1,Pedestrian
13,1278.0,4.0,1347.0,59.0,11341,0,0,1,Pedestrian
13,1278.0,4.0,1347.0,59.0,11342,0,0,1,Pedestrian
13,1278.0,4.0,1347.0,59.0,11343,0,0,1,Pedestrian
13,1278.0,4.0,1347.0,59.0,11344,0,0,1,Pedestrian
13,1278.0,4.0,1347.0,59.0,11345,0,0,1,Pedestrian
13,1278.0,4.0,1347.0,59.0,11346,0,0,1,Pedestrian
13,1278.0,4.0,1347.0,59.0,11347,0,0,1,Pedestrian
13,1278.0,4.0,1347.0,59.0,11348,0,0,1,Pedestrian
13,1278.0,4.0,1347.0,59.0,11349,0,0,1,Pedestrian
13,1278.0,4.0,1347.0,59.0,11350,0,0,1,Pedestrian
13,1278.0,4.0,1347.0,59.0,11351,0,0,1,Pedestrian
13,1278.0,4.0,1347.0,59.0,11352,0,0,1,Pedestrian
13,1278.0,4.0,1347.0,59.0,11353,0,0,1,Pedestrian
13,1278.0,4.0,1347.0,59.0,11354,0,0,1,Pedestrian
13,1278.0,4.0,1347.0,59.0,11355,0,0,1,Pedestrian
13,1278.0,4.0,1347.0,59.0,11356,0,0,1,Pedestrian
13,1278.0,4.0,1347.0,59.0,11357,0,0,1,Pedestrian
13,1278.0,4.0,1347.0,59.0,11358,0,0,1,Pedestrian
13,1278.0,4.0,1347.0,59.0,11359,0,0,1,Pedestrian
13,1278.0,4.0,1347.0,59.0,11360,0,0,1,Pedestrian
13,1278.0,4.0,1347.0,59.0,11361,0,0,1,Pedestrian
13,1278.0,4.0,1347.0,59.0,11362,0,0,1,Pedestrian
13,1278.0,4.0,1347.0,59.0,11363,0,0,1,Pedestrian
13,1278.0,4.0,1347.0,59.0,11364,0,0,1,Pedestrian
13,1278.0,4.0,1347.0,59.0,11365,0,0,1,Pedestrian
13,1278.0,4.0,1347.0,59.0,11366,0,0,1,Pedestrian
13,1278.0,4.0,1347.0,59.0,11367,0,0,1,Pedestrian
13,1278.0,4.0,1347.0,59.0,11368,0,0,1,Pedestrian
13,1278.0,4.0,1347.0,59.0,11369,0,0,1,Pedestrian
13,1278.0,4.0,1347.0,59.0,11370,0,0,1,Pedestrian
13,1278.0,4.0,1347.0,59.0,11371,0,0,1,Pedestrian
13,1278.0,4.0,1347.0,59.0,11372,0,0,1,Pedestrian
13,1278.0,4.0,1347.0,59.0,11373,0,0,1,Pedestrian
13,1278.0,4.0,1347.0,59.0,11374,0,0,1,Pedestrian
13,1278.0,4.0,1347.0,59.0,11375,0,0,1,Pedestrian
13,1278.0,4.0,1347.0,59.0,11376,0,0,1,Pedestrian
13,1278.0,4.0,1347.0,59.0,11377,0,0,1,Pedestrian
13,1278.0,4.0,1347.0,59.0,11378,0,0,1,Pedestrian
13,1278.0,4.0,1347.0,59.0,11379,0,0,1,Pedestrian
13,1278.0,4.0,1347.0,59.0,11380,0,0,1,Pedestrian
13,1278.0,4.0,1347.0,59.0,11381,0,0,1,Pedestrian
13,1278.0,4.0,1347.0,61.0,11382,0,0,1,Pedestrian
13,1278.0,6.0,1347.0,61.0,11383,0,0,1,Pedestrian
13,1278.0,6.0,1347.0,61.0,11384,0,0,1,Pedestrian
13,1278.0,6.0,1347.0,61.0,11385,0,0,1,Pedestrian
13,1278.0,6.0,1347.0,61.0,11386,0,0,1,Pedestrian
13,1278.0,6.0,1347.0,61.0,11387,0,0,1,Pedestrian
13,1278.0,6.0,1347.0,61.0,11388,0,0,1,Pedestrian
13,1278.0,6.0,1347.0,61.0,11389,0,0,1,Pedestrian
13,1278.0,6.0,1347.0,61.0,11390,0,0,1,Pedestrian
13,1278.0,6.0,1347.0,61.0,11391,0,0,1,Pedestrian
13,1278.0,6.0,1347.0,61.0,11392,0,0,1,Pedestrian
13,1278.0,6.0,1347.0,61.0,11393,0,0,1,Pedestrian
13,1278.0,6.0,1347.0,61.0,11394,0,0,1,Pedestrian
13,1278.0,6.0,1347.0,61.0,11395,0,0,1,Pedestrian
13,1278.0,6.0,1347.0,61.0,11396,0,0,1,Pedestrian
13,1278.0,6.0,1347.0,61.0,11397,0,0,1,Pedestrian
13,1278.0,6.0,1347.0,61.0,11398,0,0,1,Pedestrian
13,1278.0,6.0,1347.0,61.0,11399,0,0,1,Pedestrian
13,1278.0,6.0,1347.0,61.0,11400,0,0,1,Pedestrian
13,1278.0,6.0,1347.0,61.0,11401,0,0,1,Pedestrian
13,1278.0,6.0,1347.0,61.0,11402,0,0,1,Pedestrian
13,1278.0,6.0,1347.0,61.0,11403,0,0,1,Pedestrian
13,1278.0,6.0,1347.0,61.0,11404,0,0,1,Pedestrian
13,1278.0,6.0,1347.0,61.0,11405,0,0,1,Pedestrian
13,1278.0,6.0,1347.0,61.0,11406,0,0,1,Pedestrian
13,1278.0,6.0,1347.0,61.0,11407,0,0,1,Pedestrian
13,1278.0,6.0,1347.0,61.0,11408,0,0,1,Pedestrian
13,1278.0,6.0,1347.0,61.0,11409,0,0,1,Pedestrian
13,1278.0,6.0,1347.0,61.0,11410,0,0,1,Pedestrian
13,1278.0,6.0,1347.0,61.0,11411,0,0,1,Pedestrian
13,1278.0,6.0,1347.0,61.0,11412,0,0,1,Pedestrian
13,1278.0,6.0,1347.0,61.0,11413,0,0,1,Pedestrian
13,1278.0,6.0,1347.0,61.0,11414,0,0,1,Pedestrian
13,1278.0,6.0,1347.0,61.0,11415,0,0,1,Pedestrian
13,1278.0,6.0,1347.0,61.0,11416,0,0,1,Pedestrian
13,1278.0,6.0,1347.0,61.0,11417,0,0,1,Pedestrian
13,1278.0,6.0,1347.0,61.0,11418,0,0,1,Pedestrian
13,1278.0,6.0,1347.0,61.0,11419,0,0,1,Pedestrian
13,1278.0,6.0,1347.0,61.0,11420,0,0,1,Pedestrian
13,1278.0,6.0,1347.0,61.0,11421,0,0,1,Pedestrian
13,1278.0,6.0,1347.0,61.0,11422,0,0,1,Pedestrian
13,1278.0,6.0,1347.0,61.0,11423,0,0,1,Pedestrian
13,1278.0,6.0,1347.0,61.0,11424,0,0,1,Pedestrian
13,1278.0,6.0,1347.0,61.0,11425,0,0,1,Pedestrian
13,1278.0,6.0,1347.0,61.0,11426,0,0,1,Pedestrian
13,1278.0,6.0,1347.0,61.0,11427,0,0,1,Pedestrian
13,1278.0,6.0,1347.0,61.0,11428,0,0,1,Pedestrian
13,1278.0,6.0,1347.0,61.0,11429,0,0,1,Pedestrian
13,1278.0,6.0,1347.0,61.0,11430,0,0,1,Pedestrian
13,1278.0,6.0,1347.0,63.0,11431,0,0,1,Pedestrian
13,1278.0,9.0,1347.0,63.0,11432,0,0,1,Pedestrian
13,1278.0,9.0,1347.0,63.0,11433,0,0,1,Pedestrian
13,1278.0,9.0,1347.0,63.0,11434,0,0,1,Pedestrian
13,1278.0,9.0,1347.0,63.0,11435,0,0,1,Pedestrian
13,1278.0,9.0,1347.0,63.0,11436,0,0,1,Pedestrian
13,1278.0,9.0,1347.0,63.0,11437,0,0,1,Pedestrian
13,1278.0,9.0,1347.0,63.0,11438,0,0,1,Pedestrian
13,1278.0,9.0,1347.0,63.0,11439,0,0,1,Pedestrian
13,1278.0,9.0,1347.0,63.0,11440,0,0,1,Pedestrian
13,1278.0,9.0,1347.0,63.0,11441,0,0,1,Pedestrian
13,1278.0,9.0,1347.0,63.0,11442,0,0,1,Pedestrian
13,1278.0,9.0,1347.0,63.0,11443,0,0,1,Pedestrian
13,1278.0,9.0,1347.0,63.0,11444,0,0,1,Pedestrian
13,1278.0,9.0,1347.0,63.0,11445,0,0,1,Pedestrian
13,1278.0,9.0,1347.0,63.0,11446,0,0,1,Pedestrian
13,1278.0,9.0,1347.0,63.0,11447,0,0,1,Pedestrian
13,1278.0,9.0,1347.0,63.0,11448,0,0,1,Pedestrian
13,1278.0,9.0,1347.0,63.0,11449,0,0,1,Pedestrian
13,1278.0,9.0,1347.0,63.0,11450,0,0,1,Pedestrian
13,1278.0,9.0,1347.0,63.0,11451,0,0,1,Pedestrian
13,1278.0,9.0,1347.0,63.0,11452,0,0,1,Pedestrian
13,1278.0,9.0,1347.0,63.0,11453,0,0,1,Pedestrian
13,1278.0,9.0,1347.0,63.0,11454,0,0,1,Pedestrian
13,1278.0,9.0,1347.0,63.0,11455,0,0,1,Pedestrian
13,1278.0,9.0,1347.0,63.0,11456,0,0,1,Pedestrian
13,1278.0,9.0,1347.0,63.0,11457,0,0,1,Pedestrian
13,1278.0,9.0,1347.0,63.0,11458,0,0,1,Pedestrian
13,1278.0,9.0,1347.0,63.0,11459,0,0,1,Pedestrian
13,1278.0,9.0,1347.0,63.0,11460,0,0,1,Pedestrian
13,1278.0,9.0,1347.0,63.0,11461,0,0,1,Pedestrian
13,1278.0,9.0,1347.0,63.0,11462,0,0,1,Pedestrian
13,1278.0,9.0,1347.0,63.0,11463,0,0,1,Pedestrian
13,1278.0,9.0,1347.0,63.0,11464,0,0,1,Pedestrian
13,1278.0,9.0,1347.0,63.0,11465,0,0,1,Pedestrian
13,1278.0,9.0,1347.0,63.0,11466,0,0,1,Pedestrian
13,1278.0,9.0,1347.0,63.0,11467,0,0,1,Pedestrian
13,1278.0,9.0,1347.0,63.0,11468,0,0,1,Pedestrian
13,1278.0,9.0,1347.0,63.0,11469,0,0,1,Pedestrian
13,1278.0,9.0,1347.0,63.0,11470,0,0,1,Pedestrian
13,1278.0,9.0,1347.0,63.0,11471,0,0,1,Pedestrian
13,1278.0,9.0,1347.0,63.0,11472,0,0,1,Pedestrian
13,1278.0,9.0,1347.0,63.0,11473,0,0,1,Pedestrian
13,1278.0,9.0,1347.0,63.0,11474,0,0,1,Pedestrian
13,1278.0,9.0,1347.0,63.0,11475,0,0,1,Pedestrian
13,1278.0,9.0,1347.0,63.0,11476,0,0,1,Pedestrian
13,1278.0,9.0,1347.0,63.0,11477,0,0,1,Pedestrian
13,1278.0,9.0,1347.0,63.0,11478,0,0,1,Pedestrian
13,1278.0,9.0,1347.0,63.0,11479,0,0,1,Pedestrian
13,1278.0,11.0,1347.0,66.0,11480,0,0,0,Pedestrian
13,1278.0,9.0,1347.0,63.0,11481,0,0,1,Pedestrian
13,1278.0,9.0,1347.0,63.0,11482,0,0,1,Pedestrian
13,1278.0,9.0,1347.0,63.0,11483,0,0,1,Pedestrian
13,1278.0,9.0,1347.0,63.0,11484,0,0,1,Pedestrian
13,1278.0,9.0,1347.0,63.0,11485,0,0,1,Pedestrian
13,1278.0,9.0,1347.0,63.0,11486,0,0,1,Pedestrian
13,1278.0,6.0,1347.0,61.0,11487,0,0,1,Pedestrian
13,1278.0,6.0,1347.0,61.0,11488,0,0,1,Pedestrian
13,1278.0,6.0,1347.0,61.0,11489,0,0,1,Pedestrian
13,1278.0,6.0,1347.0,61.0,11490,0,0,1,Pedestrian
13,1278.0,6.0,1347.0,61.0,11491,0,0,1,Pedestrian
13,1278.0,6.0,1347.0,61.0,11492,0,0,1,Pedestrian
13,1278.0,6.0,1347.0,61.0,11493,0,0,1,Pedestrian
13,1278.0,4.0,1347.0,59.0,11494,0,0,1,Pedestrian
13,1278.0,4.0,1347.0,59.0,11495,0,0,1,Pedestrian
13,1278.0,4.0,1347.0,59.0,11496,0,0,1,Pedestrian
13,1278.0,4.0,1347.0,59.0,11497,0,0,1,Pedestrian
13,1278.0,4.0,1347.0,59.0,11498,0,0,1,Pedestrian
13,1278.0,4.0,1347.0,59.0,11499,0,0,1,Pedestrian
13,1281.0,4.0,1350.0,59.0,11500,0,0,0,Pedestrian
13,1278.0,2.0,1350.0,56.0,11501,0,0,1,Pedestrian
13,1278.0,2.0,1350.0,56.0,11502,0,0,1,Pedestrian
13,1278.0,2.0,1350.0,56.0,11503,0,0,1,Pedestrian
13,1278.0,2.0,1350.0,54.0,11504,0,0,1,Pedestrian
13,1278.0,2.0,1350.0,54.0,11505,0,0,1,Pedestrian
13,1278.0,2.0,1350.0,54.0,11506,0,0,1,Pedestrian
13,1278.0,2.0,1350.0,52.0,11507,0,0,1,Pedestrian
13,1278.0,2.0,1350.0,52.0,11508,0,0,1,Pedestrian
13,1278.0,2.0,1350.0,52.0,11509,0,0,1,Pedestrian
13,1278.0,2.0,1350.0,50.0,11510,0,0,1,Pedestrian
13,1278.0,2.0,1350.0,50.0,11511,0,0,1,Pedestrian
13,1278.0,2.0,1350.0,50.0,11512,0,0,1,Pedestrian
13,1278.0,2.0,1350.0,47.0,11513,0,0,1,Pedestrian
13,1278.0,2.0,1350.0,47.0,11514,0,0,1,Pedestrian
13,1278.0,2.0,1350.0,47.0,11515,0,0,1,Pedestrian
13,1276.0,0.0,1350.0,45.0,11516,0,0,1,Pedestrian
13,1276.0,0.0,1350.0,45.0,11517,0,0,1,Pedestrian
13,1276.0,0.0,1350.0,45.0,11518,0,0,1,Pedestrian
13,1276.0,0.0,1350.0,43.0,11519,0,0,1,Pedestrian
13,1276.0,0.0,1350.0,43.0,11520,0,0,1,Pedestrian
13,1276.0,0.0,1350.0,43.0,11521,0,0,1,Pedestrian
13,1276.0,0.0,1350.0,40.0,11522,0,0,1,Pedestrian
13,1276.0,0.0,1350.0,40.0,11523,0,0,1,Pedestrian
13,1276.0,0.0,1350.0,40.0,11524,0,0,1,Pedestrian
13,1276.0,0.0,1350.0,38.0,11525,0,0,1,Pedestrian
13,1276.0,0.0,1350.0,38.0,11526,0,0,1,Pedestrian
13,1276.0,0.0,1350.0,38.0,11527,0,0,1,Pedestrian
13,1276.0,0.0,1350.0,36.0,11528,0,0,1,Pedestrian
13,1276.0,0.0,1350.0,36.0,11529,0,0,1,Pedestrian
13,1276.0,0.0,1350.0,36.0,11530,0,1,0,Pedestrian
13,1276.0,0.0,1350.0,36.0,11531,0,1,1,Pedestrian
13,1276.0,0.0,1350.0,36.0,11532,0,1,1,Pedestrian
13,1276.0,0.0,1350.0,36.0,11533,0,1,1,Pedestrian
13,1276.0,0.0,1350.0,36.0,11534,0,1,1,Pedestrian
13,1276.0,0.0,1350.0,36.0,11535,0,1,1,Pedestrian
13,1276.0,0.0,1350.0,36.0,11536,0,1,1,Pedestrian
13,1276.0,0.0,1350.0,36.0,11537,0,1,1,Pedestrian
13,1276.0,0.0,1350.0,36.0,11538,0,1,1,Pedestrian
13,1276.0,0.0,1350.0,36.0,11539,0,1,1,Pedestrian
13,1276.0,0.0,1350.0,36.0,11540,0,1,1,Pedestrian
13,1276.0,0.0,1350.0,36.0,11541,0,1,1,Pedestrian
13,1276.0,0.0,1350.0,36.0,11542,0,1,1,Pedestrian
13,1276.0,0.0,1350.0,36.0,11543,0,1,1,Pedestrian
13,1276.0,0.0,1350.0,36.0,11544,0,1,1,Pedestrian
13,1276.0,0.0,1350.0,36.0,11545,0,1,1,Pedestrian
13,1276.0,0.0,1350.0,36.0,11546,0,1,1,Pedestrian
13,1276.0,0.0,1350.0,36.0,11547,0,1,1,Pedestrian
13,1276.0,0.0,1350.0,36.0,11548,0,1,1,Pedestrian
13,1276.0,0.0,1350.0,36.0,11549,0,1,1,Pedestrian
13,1276.0,0.0,1350.0,36.0,11550,0,1,1,Pedestrian
13,1276.0,0.0,1350.0,36.0,11551,0,1,1,Pedestrian
13,1276.0,0.0,1350.0,36.0,11552,0,1,1,Pedestrian
13,1276.0,0.0,1350.0,36.0,11553,0,1,1,Pedestrian
13,1276.0,0.0,1350.0,36.0,11554,0,1,1,Pedestrian
13,1276.0,0.0,1350.0,36.0,11555,0,1,1,Pedestrian
13,1276.0,0.0,1350.0,36.0,11556,0,1,1,Pedestrian
13,1276.0,0.0,1350.0,36.0,11557,0,1,1,Pedestrian
13,1276.0,0.0,1350.0,36.0,11558,0,1,1,Pedestrian
13,1276.0,0.0,1350.0,36.0,11559,0,1,1,Pedestrian
13,1276.0,0.0,1350.0,36.0,11560,0,1,1,Pedestrian
13,1276.0,0.0,1350.0,36.0,11561,0,1,1,Pedestrian
13,1276.0,0.0,1350.0,36.0,11562,0,1,1,Pedestrian
13,1276.0,0.0,1350.0,36.0,11563,0,1,1,Pedestrian
13,1276.0,0.0,1350.0,36.0,11564,0,1,1,Pedestrian
13,1276.0,0.0,1350.0,36.0,11565,0,1,1,Pedestrian
13,1276.0,0.0,1350.0,36.0,11566,0,1,1,Pedestrian
13,1276.0,0.0,1350.0,36.0,11567,0,1,1,Pedestrian
13,1276.0,0.0,1350.0,36.0,11568,0,1,1,Pedestrian
13,1276.0,0.0,1350.0,36.0,11569,0,1,1,Pedestrian
13,1276.0,0.0,1350.0,36.0,11570,0,1,1,Pedestrian
13,1276.0,0.0,1350.0,36.0,11571,0,1,1,Pedestrian
13,1276.0,0.0,1350.0,36.0,11572,0,1,1,Pedestrian
13,1276.0,0.0,1350.0,36.0,11573,0,1,1,Pedestrian
13,1276.0,0.0,1350.0,36.0,11574,0,1,1,Pedestrian
13,1276.0,0.0,1350.0,36.0,11575,0,1,1,Pedestrian
13,1276.0,0.0,1350.0,36.0,11576,0,1,1,Pedestrian
13,1276.0,0.0,1350.0,36.0,11577,0,1,1,Pedestrian
13,1276.0,0.0,1350.0,36.0,11578,0,1,1,Pedestrian
13,1276.0,0.0,1350.0,36.0,11579,0,1,1,Pedestrian
13,1276.0,0.0,1350.0,36.0,11580,0,1,1,Pedestrian
13,1276.0,0.0,1350.0,36.0,11581,0,1,1,Pedestrian
13,1276.0,0.0,1350.0,36.0,11582,0,1,1,Pedestrian
13,1276.0,0.0,1350.0,36.0,11583,0,1,1,Pedestrian
13,1276.0,0.0,1350.0,36.0,11584,0,1,1,Pedestrian
13,1276.0,0.0,1350.0,36.0,11585,0,1,1,Pedestrian
13,1276.0,0.0,1350.0,36.0,11586,0,1,1,Pedestrian
13,1276.0,0.0,1350.0,36.0,11587,0,1,1,Pedestrian
13,1276.0,0.0,1350.0,36.0,11588,0,1,1,Pedestrian
13,1276.0,0.0,1350.0,36.0,11589,0,1,1,Pedestrian
13,1276.0,0.0,1350.0,36.0,11590,0,1,1,Pedestrian
13,1276.0,0.0,1350.0,36.0,11591,0,1,1,Pedestrian
13,1276.0,0.0,1350.0,36.0,11592,0,1,1,Pedestrian
13,1276.0,0.0,1350.0,36.0,11593,0,1,1,Pedestrian
13,1276.0,0.0,1350.0,36.0,11594,0,1,1,Pedestrian
13,1276.0,0.0,1350.0,36.0,11595,0,1,1,Pedestrian
13,1276.0,0.0,1350.0,36.0,11596,0,1,1,Pedestrian
13,1276.0,0.0,1350.0,36.0,11597,0,1,1,Pedestrian
13,1276.0,0.0,1350.0,36.0,11598,0,1,1,Pedestrian
13,1276.0,0.0,1350.0,36.0,11599,0,1,1,Pedestrian
13,1276.0,0.0,1350.0,36.0,11600,0,1,1,Pedestrian
13,1276.0,0.0,1350.0,36.0,11601,0,1,1,Pedestrian
13,1276.0,0.0,1350.0,36.0,11602,0,1,1,Pedestrian
13,1276.0,0.0,1350.0,36.0,11603,0,1,1,Pedestrian
13,1276.0,0.0,1350.0,36.0,11604,0,1,1,Pedestrian
13,1276.0,0.0,1350.0,36.0,11605,0,1,1,Pedestrian
13,1276.0,0.0,1350.0,36.0,11606,0,1,1,Pedestrian
13,1276.0,0.0,1350.0,36.0,11607,0,1,1,Pedestrian
13,1276.0,0.0,1350.0,36.0,11608,0,1,1,Pedestrian
13,1276.0,0.0,1350.0,36.0,11609,0,1,1,Pedestrian
13,1276.0,0.0,1350.0,36.0,11610,0,1,1,Pedestrian
13,1276.0,0.0,1350.0,36.0,11611,0,1,1,Pedestrian
13,1276.0,0.0,1350.0,36.0,11612,0,1,1,Pedestrian
13,1276.0,0.0,1350.0,36.0,11613,0,1,1,Pedestrian
13,1276.0,0.0,1350.0,36.0,11614,0,1,1,Pedestrian
13,1276.0,0.0,1350.0,36.0,11615,0,1,1,Pedestrian
13,1276.0,0.0,1350.0,36.0,11616,0,1,1,Pedestrian
13,1276.0,0.0,1350.0,36.0,11617,0,1,1,Pedestrian
13,1276.0,0.0,1350.0,36.0,11618,0,1,1,Pedestrian
13,1276.0,0.0,1350.0,36.0,11619,0,1,1,Pedestrian
13,1276.0,0.0,1350.0,36.0,11620,0,1,1,Pedestrian
13,1276.0,0.0,1350.0,36.0,11621,0,1,1,Pedestrian
13,1276.0,0.0,1350.0,36.0,11622,0,1,1,Pedestrian
13,1276.0,0.0,1350.0,36.0,11623,0,1,1,Pedestrian
13,1276.0,0.0,1350.0,36.0,11624,0,1,1,Pedestrian
13,1276.0,0.0,1350.0,36.0,11625,0,1,1,Pedestrian
13,1276.0,0.0,1350.0,36.0,11626,0,1,1,Pedestrian
13,1276.0,0.0,1350.0,36.0,11627,0,1,1,Pedestrian
13,1276.0,0.0,1350.0,36.0,11628,0,1,1,Pedestrian
13,1276.0,0.0,1350.0,36.0,11629,0,1,1,Pedestrian
13,1276.0,0.0,1350.0,36.0,11630,0,1,1,Pedestrian
13,1276.0,0.0,1350.0,36.0,11631,0,1,1,Pedestrian
13,1276.0,0.0,1350.0,36.0,11632,0,1,1,Pedestrian
13,1276.0,0.0,1350.0,36.0,11633,0,1,1,Pedestrian
13,1276.0,0.0,1350.0,36.0,11634,0,1,1,Pedestrian
13,1276.0,0.0,1350.0,36.0,11635,0,1,1,Pedestrian
13,1276.0,0.0,1350.0,36.0,11636,0,1,1,Pedestrian
13,1276.0,0.0,1350.0,36.0,11637,0,1,1,Pedestrian
13,1276.0,0.0,1350.0,36.0,11638,0,1,1,Pedestrian
13,1276.0,0.0,1350.0,36.0,11639,0,1,1,Pedestrian
13,1276.0,0.0,1350.0,36.0,11640,0,1,1,Pedestrian
13,1276.0,0.0,1350.0,36.0,11641,0,1,1,Pedestrian
13,1276.0,0.0,1350.0,36.0,11642,0,1,1,Pedestrian
13,1276.0,0.0,1350.0,36.0,11643,0,1,1,Pedestrian
13,1276.0,0.0,1350.0,36.0,11644,0,1,1,Pedestrian
13,1276.0,0.0,1350.0,36.0,11645,0,1,1,Pedestrian
13,1276.0,0.0,1350.0,36.0,11646,0,1,1,Pedestrian
13,1276.0,0.0,1350.0,36.0,11647,0,1,1,Pedestrian
13,1276.0,0.0,1350.0,36.0,11648,0,1,1,Pedestrian
13,1276.0,0.0,1350.0,36.0,11649,0,1,1,Pedestrian
13,1276.0,0.0,1350.0,36.0,11650,0,1,1,Pedestrian
13,1276.0,0.0,1350.0,36.0,11651,0,1,1,Pedestrian
13,1276.0,0.0,1350.0,36.0,11652,0,1,1,Pedestrian
13,1276.0,0.0,1350.0,36.0,11653,0,1,1,Pedestrian
13,1276.0,0.0,1350.0,36.0,11654,0,1,1,Pedestrian
13,1276.0,0.0,1350.0,36.0,11655,0,1,1,Pedestrian
13,1276.0,0.0,1350.0,36.0,11656,0,1,1,Pedestrian
13,1276.0,0.0,1350.0,36.0,11657,0,1,1,Pedestrian
13,1276.0,0.0,1350.0,36.0,11658,0,1,1,Pedestrian
13,1276.0,0.0,1350.0,36.0,11659,0,1,1,Pedestrian
13,1276.0,0.0,1350.0,36.0,11660,0,1,1,Pedestrian
13,1276.0,0.0,1350.0,36.0,11661,0,1,1,Pedestrian
13,1276.0,0.0,1350.0,36.0,11662,0,1,1,Pedestrian
13,1276.0,0.0,1350.0,36.0,11663,0,1,1,Pedestrian
13,1276.0,0.0,1350.0,36.0,11664,0,1,1,Pedestrian
13,1276.0,0.0,1350.0,36.0,11665,0,1,1,Pedestrian
13,1276.0,0.0,1350.0,36.0,11666,0,1,1,Pedestrian
13,1276.0,0.0,1350.0,36.0,11667,0,1,1,Pedestrian
13,1276.0,0.0,1350.0,36.0,11668,0,1,1,Pedestrian
13,1276.0,0.0,1350.0,36.0,11669,0,1,1,Pedestrian
13,1276.0,0.0,1350.0,36.0,11670,0,1,1,Pedestrian
13,1276.0,0.0,1350.0,36.0,11671,0,1,1,Pedestrian
13,1276.0,0.0,1350.0,36.0,11672,0,1,1,Pedestrian
13,1276.0,0.0,1350.0,36.0,11673,0,1,1,Pedestrian
13,1276.0,0.0,1350.0,36.0,11674,0,1,1,Pedestrian
13,1276.0,0.0,1350.0,36.0,11675,0,1,1,Pedestrian
13,1276.0,0.0,1350.0,36.0,11676,0,1,1,Pedestrian
13,1276.0,0.0,1350.0,36.0,11677,0,1,1,Pedestrian
13,1276.0,0.0,1350.0,36.0,11678,0,1,1,Pedestrian
13,1276.0,0.0,1350.0,36.0,11679,0,1,1,Pedestrian
13,1276.0,0.0,1350.0,36.0,11680,0,1,1,Pedestrian
13,1276.0,0.0,1350.0,36.0,11681,0,1,1,Pedestrian
13,1276.0,0.0,1350.0,36.0,11682,0,1,1,Pedestrian
13,1276.0,0.0,1350.0,36.0,11683,0,1,1,Pedestrian
13,1276.0,0.0,1350.0,36.0,11684,0,1,1,Pedestrian
13,1276.0,0.0,1350.0,36.0,11685,0,1,1,Pedestrian
13,1276.0,0.0,1350.0,36.0,11686,0,1,1,Pedestrian
13,1276.0,0.0,1350.0,36.0,11687,0,1,1,Pedestrian
13,1276.0,0.0,1350.0,36.0,11688,0,1,1,Pedestrian
13,1276.0,0.0,1350.0,36.0,11689,0,1,1,Pedestrian
13,1276.0,0.0,1350.0,36.0,11690,0,1,1,Pedestrian
13,1276.0,0.0,1350.0,36.0,11691,0,1,1,Pedestrian
13,1276.0,0.0,1350.0,36.0,11692,0,1,1,Pedestrian
13,1276.0,0.0,1350.0,36.0,11693,0,1,1,Pedestrian
13,1276.0,0.0,1350.0,36.0,11694,0,1,1,Pedestrian
13,1276.0,0.0,1350.0,36.0,11695,0,1,1,Pedestrian
13,1276.0,0.0,1350.0,36.0,11696,0,1,1,Pedestrian
13,1276.0,0.0,1350.0,36.0,11697,0,1,1,Pedestrian
13,1276.0,0.0,1350.0,36.0,11698,0,1,1,Pedestrian
13,1276.0,0.0,1350.0,36.0,11699,0,1,1,Pedestrian
13,1276.0,0.0,1350.0,36.0,11700,0,1,1,Pedestrian
13,1276.0,0.0,1350.0,36.0,11701,0,1,1,Pedestrian
13,1276.0,0.0,1350.0,36.0,11702,0,1,1,Pedestrian
13,1276.0,0.0,1350.0,36.0,11703,0,1,1,Pedestrian
13,1276.0,0.0,1350.0,36.0,11704,0,1,1,Pedestrian
13,1276.0,0.0,1350.0,36.0,11705,0,1,1,Pedestrian
13,1276.0,0.0,1350.0,36.0,11706,0,1,1,Pedestrian
13,1276.0,0.0,1350.0,36.0,11707,0,1,1,Pedestrian
13,1276.0,0.0,1350.0,36.0,11708,0,1,1,Pedestrian
13,1276.0,0.0,1350.0,36.0,11709,0,1,1,Pedestrian
13,1276.0,0.0,1350.0,36.0,11710,0,1,1,Pedestrian
13,1276.0,0.0,1350.0,36.0,11711,0,1,1,Pedestrian
13,1276.0,0.0,1350.0,36.0,11712,0,1,1,Pedestrian
13,1276.0,0.0,1350.0,36.0,11713,0,1,1,Pedestrian
13,1276.0,0.0,1350.0,36.0,11714,0,1,1,Pedestrian
13,1276.0,0.0,1350.0,36.0,11715,0,1,1,Pedestrian
13,1276.0,0.0,1350.0,36.0,11716,0,1,1,Pedestrian
13,1276.0,0.0,1350.0,36.0,11717,0,1,1,Pedestrian
13,1276.0,0.0,1350.0,36.0,11718,0,1,1,Pedestrian
13,1276.0,0.0,1350.0,36.0,11719,0,1,1,Pedestrian
13,1276.0,0.0,1350.0,36.0,11720,0,1,1,Pedestrian
13,1276.0,0.0,1350.0,36.0,11721,0,1,1,Pedestrian
13,1276.0,0.0,1350.0,36.0,11722,0,1,1,Pedestrian
13,1276.0,0.0,1350.0,36.0,11723,0,1,1,Pedestrian
13,1276.0,0.0,1350.0,36.0,11724,0,1,1,Pedestrian
13,1276.0,0.0,1350.0,36.0,11725,0,1,1,Pedestrian
13,1276.0,0.0,1350.0,36.0,11726,0,1,1,Pedestrian
13,1276.0,0.0,1350.0,36.0,11727,0,1,1,Pedestrian
13,1276.0,0.0,1350.0,36.0,11728,0,1,1,Pedestrian
13,1276.0,0.0,1350.0,36.0,11729,0,1,1,Pedestrian
13,1276.0,0.0,1350.0,36.0,11730,0,1,1,Pedestrian
13,1276.0,0.0,1350.0,36.0,11731,0,1,1,Pedestrian
13,1276.0,0.0,1350.0,36.0,11732,0,1,1,Pedestrian
13,1276.0,0.0,1350.0,36.0,11733,0,1,1,Pedestrian
13,1276.0,0.0,1350.0,36.0,11734,0,1,1,Pedestrian
13,1276.0,0.0,1350.0,36.0,11735,0,1,1,Pedestrian
13,1276.0,0.0,1350.0,36.0,11736,0,1,1,Pedestrian
13,1276.0,0.0,1350.0,36.0,11737,0,1,1,Pedestrian
13,1276.0,0.0,1350.0,36.0,11738,0,1,1,Pedestrian
13,1276.0,0.0,1350.0,36.0,11739,0,1,1,Pedestrian
13,1276.0,0.0,1350.0,36.0,11740,0,1,1,Pedestrian
13,1276.0,0.0,1350.0,36.0,11741,0,1,1,Pedestrian
13,1276.0,0.0,1350.0,36.0,11742,0,1,1,Pedestrian
13,1276.0,0.0,1350.0,36.0,11743,0,1,1,Pedestrian
13,1276.0,0.0,1350.0,36.0,11744,0,1,1,Pedestrian
13,1276.0,0.0,1350.0,36.0,11745,0,1,1,Pedestrian
13,1276.0,0.0,1350.0,36.0,11746,0,1,1,Pedestrian
13,1276.0,0.0,1350.0,36.0,11747,0,1,1,Pedestrian
13,1276.0,0.0,1350.0,36.0,11748,0,1,1,Pedestrian
13,1276.0,0.0,1350.0,36.0,11749,0,1,1,Pedestrian
13,1276.0,0.0,1350.0,36.0,11750,0,1,1,Pedestrian
13,1276.0,0.0,1350.0,36.0,11751,0,1,1,Pedestrian
13,1276.0,0.0,1350.0,36.0,11752,0,1,1,Pedestrian
13,1276.0,0.0,1350.0,36.0,11753,0,1,1,Pedestrian
13,1276.0,0.0,1350.0,36.0,11754,0,1,1,Pedestrian
13,1276.0,0.0,1350.0,36.0,11755,0,1,1,Pedestrian
13,1276.0,0.0,1350.0,36.0,11756,0,1,1,Pedestrian
13,1276.0,0.0,1350.0,36.0,11757,0,1,1,Pedestrian
13,1276.0,0.0,1350.0,36.0,11758,0,1,1,Pedestrian
13,1276.0,0.0,1350.0,36.0,11759,0,1,1,Pedestrian
13,1276.0,0.0,1350.0,36.0,11760,0,1,1,Pedestrian
13,1276.0,0.0,1350.0,36.0,11761,0,1,1,Pedestrian
13,1276.0,0.0,1350.0,36.0,11762,0,1,1,Pedestrian
13,1276.0,0.0,1350.0,36.0,11763,0,1,1,Pedestrian
13,1276.0,0.0,1350.0,36.0,11764,0,1,1,Pedestrian
13,1276.0,0.0,1350.0,36.0,11765,0,1,1,Pedestrian
13,1276.0,0.0,1350.0,36.0,11766,0,1,1,Pedestrian
13,1276.0,0.0,1350.0,36.0,11767,0,1,1,Pedestrian
13,1276.0,0.0,1350.0,36.0,11768,0,1,1,Pedestrian
13,1276.0,0.0,1350.0,36.0,11769,0,1,1,Pedestrian
13,1276.0,0.0,1350.0,36.0,11770,0,1,1,Pedestrian
13,1276.0,0.0,1350.0,36.0,11771,0,1,1,Pedestrian
13,1276.0,0.0,1350.0,36.0,11772,0,1,1,Pedestrian
13,1276.0,0.0,1350.0,36.0,11773,0,1,1,Pedestrian
13,1276.0,0.0,1350.0,36.0,11774,0,1,1,Pedestrian
13,1276.0,0.0,1350.0,36.0,11775,0,1,1,Pedestrian
13,1276.0,0.0,1350.0,36.0,11776,0,1,1,Pedestrian
13,1276.0,0.0,1350.0,36.0,11777,0,1,1,Pedestrian
13,1276.0,0.0,1350.0,36.0,11778,0,1,1,Pedestrian
13,1276.0,0.0,1350.0,36.0,11779,0,1,1,Pedestrian
13,1276.0,0.0,1350.0,36.0,11780,0,1,1,Pedestrian
13,1276.0,0.0,1350.0,36.0,11781,0,1,1,Pedestrian
13,1276.0,0.0,1350.0,36.0,11782,0,1,1,Pedestrian
13,1276.0,0.0,1350.0,36.0,11783,0,1,1,Pedestrian
13,1276.0,0.0,1350.0,36.0,11784,0,1,1,Pedestrian
13,1276.0,0.0,1350.0,36.0,11785,0,1,1,Pedestrian
13,1276.0,0.0,1350.0,36.0,11786,0,1,1,Pedestrian
13,1276.0,0.0,1350.0,36.0,11787,0,1,1,Pedestrian
13,1276.0,0.0,1350.0,36.0,11788,0,1,1,Pedestrian
13,1276.0,0.0,1350.0,36.0,11789,0,1,1,Pedestrian
13,1276.0,0.0,1350.0,36.0,11790,0,1,1,Pedestrian
13,1276.0,0.0,1350.0,36.0,11791,0,1,1,Pedestrian
13,1276.0,0.0,1350.0,36.0,11792,0,1,1,Pedestrian
13,1276.0,0.0,1350.0,36.0,11793,0,1,1,Pedestrian
13,1276.0,0.0,1350.0,36.0,11794,0,1,1,Pedestrian
13,1276.0,0.0,1350.0,36.0,11795,0,1,1,Pedestrian
13,1276.0,0.0,1350.0,36.0,11796,0,1,1,Pedestrian
13,1276.0,0.0,1350.0,36.0,11797,0,1,1,Pedestrian
13,1276.0,0.0,1350.0,36.0,11798,0,1,1,Pedestrian
13,1276.0,0.0,1350.0,36.0,11799,0,1,1,Pedestrian
13,1276.0,0.0,1350.0,36.0,11800,0,1,1,Pedestrian
13,1276.0,0.0,1350.0,36.0,11801,0,1,1,Pedestrian
13,1276.0,0.0,1350.0,36.0,11802,0,1,1,Pedestrian
13,1276.0,0.0,1350.0,36.0,11803,0,1,1,Pedestrian
13,1276.0,0.0,1350.0,36.0,11804,0,1,1,Pedestrian
13,1276.0,0.0,1350.0,36.0,11805,0,1,1,Pedestrian
13,1276.0,0.0,1350.0,36.0,11806,0,1,1,Pedestrian
13,1276.0,0.0,1350.0,36.0,11807,0,1,1,Pedestrian
13,1276.0,0.0,1350.0,36.0,11808,0,1,1,Pedestrian
13,1276.0,0.0,1350.0,36.0,11809,0,1,1,Pedestrian
13,1276.0,0.0,1350.0,36.0,11810,0,1,1,Pedestrian
13,1276.0,0.0,1350.0,36.0,11811,0,1,1,Pedestrian
13,1276.0,0.0,1350.0,36.0,11812,0,1,1,Pedestrian
13,1276.0,0.0,1350.0,36.0,11813,0,1,1,Pedestrian
13,1276.0,0.0,1350.0,36.0,11814,0,1,1,Pedestrian
13,1276.0,0.0,1350.0,36.0,11815,0,1,1,Pedestrian
13,1276.0,0.0,1350.0,36.0,11816,0,1,1,Pedestrian
13,1276.0,0.0,1350.0,36.0,11817,0,1,1,Pedestrian
13,1276.0,0.0,1350.0,36.0,11818,0,1,1,Pedestrian
13,1276.0,0.0,1350.0,36.0,11819,0,1,1,Pedestrian
13,1276.0,0.0,1350.0,36.0,11820,0,1,1,Pedestrian
13,1276.0,0.0,1350.0,36.0,11821,0,1,1,Pedestrian
13,1276.0,0.0,1350.0,36.0,11822,0,1,1,Pedestrian
13,1276.0,0.0,1350.0,36.0,11823,0,1,1,Pedestrian
13,1276.0,0.0,1350.0,36.0,11824,0,1,1,Pedestrian
13,1276.0,0.0,1350.0,36.0,11825,0,1,1,Pedestrian
13,1276.0,0.0,1350.0,36.0,11826,0,1,1,Pedestrian
13,1276.0,0.0,1350.0,36.0,11827,0,1,1,Pedestrian
13,1276.0,0.0,1350.0,36.0,11828,0,1,1,Pedestrian
13,1276.0,0.0,1350.0,36.0,11829,0,1,1,Pedestrian
13,1276.0,0.0,1350.0,36.0,11830,0,1,1,Pedestrian
13,1276.0,0.0,1350.0,36.0,11831,0,1,1,Pedestrian
13,1276.0,0.0,1350.0,36.0,11832,0,1,1,Pedestrian
13,1276.0,0.0,1350.0,36.0,11833,0,1,1,Pedestrian
13,1276.0,0.0,1350.0,36.0,11834,0,1,1,Pedestrian
13,1276.0,0.0,1350.0,36.0,11835,0,1,1,Pedestrian
13,1276.0,0.0,1350.0,36.0,11836,0,1,1,Pedestrian
13,1276.0,0.0,1350.0,36.0,11837,0,1,1,Pedestrian
13,1276.0,0.0,1350.0,36.0,11838,0,1,1,Pedestrian
13,1276.0,0.0,1350.0,36.0,11839,0,1,1,Pedestrian
13,1276.0,0.0,1350.0,36.0,11840,0,1,1,Pedestrian
13,1276.0,0.0,1350.0,36.0,11841,0,1,1,Pedestrian
13,1276.0,0.0,1350.0,36.0,11842,0,1,1,Pedestrian
13,1276.0,0.0,1350.0,36.0,11843,0,1,1,Pedestrian
13,1276.0,0.0,1350.0,36.0,11844,0,1,1,Pedestrian
13,1276.0,0.0,1350.0,36.0,11845,0,1,1,Pedestrian
13,1276.0,0.0,1350.0,36.0,11846,0,1,1,Pedestrian
13,1276.0,0.0,1350.0,36.0,11847,0,1,1,Pedestrian
13,1276.0,0.0,1350.0,36.0,11848,0,1,1,Pedestrian
13,1276.0,0.0,1350.0,36.0,11849,0,1,1,Pedestrian
13,1276.0,0.0,1350.0,36.0,11850,0,1,1,Pedestrian
13,1276.0,0.0,1350.0,36.0,11851,0,1,1,Pedestrian
13,1276.0,0.0,1350.0,36.0,11852,0,1,1,Pedestrian
13,1276.0,0.0,1350.0,36.0,11853,0,1,1,Pedestrian
13,1276.0,0.0,1350.0,36.0,11854,0,1,1,Pedestrian
13,1276.0,0.0,1350.0,36.0,11855,0,1,1,Pedestrian
13,1276.0,0.0,1350.0,36.0,11856,0,1,1,Pedestrian
13,1276.0,0.0,1350.0,36.0,11857,0,1,1,Pedestrian
13,1276.0,0.0,1350.0,36.0,11858,0,1,1,Pedestrian
13,1276.0,0.0,1350.0,36.0,11859,0,1,1,Pedestrian
13,1276.0,0.0,1350.0,36.0,11860,0,1,1,Pedestrian
13,1276.0,0.0,1350.0,36.0,11861,0,1,1,Pedestrian
13,1276.0,0.0,1350.0,36.0,11862,0,1,1,Pedestrian
13,1276.0,0.0,1350.0,36.0,11863,0,1,1,Pedestrian
13,1276.0,0.0,1350.0,36.0,11864,0,1,1,Pedestrian
13,1276.0,0.0,1350.0,36.0,11865,0,1,1,Pedestrian
13,1276.0,0.0,1350.0,36.0,11866,0,1,1,Pedestrian
13,1276.0,0.0,1350.0,36.0,11867,0,1,1,Pedestrian
13,1276.0,0.0,1350.0,36.0,11868,0,1,1,Pedestrian
13,1276.0,0.0,1350.0,36.0,11869,0,1,1,Pedestrian
13,1276.0,0.0,1350.0,36.0,11870,0,1,1,Pedestrian
13,1276.0,0.0,1350.0,36.0,11871,0,1,1,Pedestrian
13,1276.0,0.0,1350.0,36.0,11872,0,1,1,Pedestrian
13,1276.0,0.0,1350.0,36.0,11873,0,1,1,Pedestrian
13,1276.0,0.0,1350.0,36.0,11874,0,1,1,Pedestrian
13,1276.0,0.0,1350.0,36.0,11875,0,1,1,Pedestrian
13,1276.0,0.0,1350.0,36.0,11876,0,1,1,Pedestrian
13,1276.0,0.0,1350.0,36.0,11877,0,1,1,Pedestrian
13,1276.0,0.0,1350.0,36.0,11878,0,1,1,Pedestrian
13,1276.0,0.0,1350.0,36.0,11879,0,1,1,Pedestrian
13,1276.0,0.0,1350.0,36.0,11880,0,1,1,Pedestrian
13,1276.0,0.0,1350.0,36.0,11881,0,1,1,Pedestrian
13,1276.0,0.0,1350.0,36.0,11882,0,1,1,Pedestrian
13,1276.0,0.0,1350.0,36.0,11883,0,1,1,Pedestrian
13,1276.0,0.0,1350.0,36.0,11884,0,1,1,Pedestrian
13,1276.0,0.0,1350.0,36.0,11885,0,1,1,Pedestrian
13,1276.0,0.0,1350.0,36.0,11886,0,1,1,Pedestrian
13,1276.0,0.0,1350.0,36.0,11887,0,1,1,Pedestrian
13,1276.0,0.0,1350.0,36.0,11888,0,1,1,Pedestrian
13,1276.0,0.0,1350.0,36.0,11889,0,1,1,Pedestrian
13,1276.0,0.0,1350.0,36.0,11890,0,1,1,Pedestrian
13,1276.0,0.0,1350.0,36.0,11891,0,1,1,Pedestrian
13,1276.0,0.0,1350.0,36.0,11892,0,1,1,Pedestrian
13,1276.0,0.0,1350.0,36.0,11893,0,1,1,Pedestrian
13,1276.0,0.0,1350.0,36.0,11894,0,1,1,Pedestrian
13,1276.0,0.0,1350.0,36.0,11895,0,1,1,Pedestrian
13,1276.0,0.0,1350.0,36.0,11896,0,1,1,Pedestrian
13,1276.0,0.0,1350.0,36.0,11897,0,1,1,Pedestrian
13,1276.0,0.0,1350.0,36.0,11898,0,1,1,Pedestrian
13,1276.0,0.0,1350.0,36.0,11899,0,1,1,Pedestrian
13,1276.0,0.0,1350.0,36.0,11900,0,1,1,Pedestrian
13,1276.0,0.0,1350.0,36.0,11901,0,1,1,Pedestrian
13,1276.0,0.0,1350.0,36.0,11902,0,1,1,Pedestrian
13,1276.0,0.0,1350.0,36.0,11903,0,1,1,Pedestrian
13,1276.0,0.0,1350.0,36.0,11904,0,1,1,Pedestrian
13,1276.0,0.0,1350.0,36.0,11905,0,1,1,Pedestrian
13,1276.0,0.0,1350.0,36.0,11906,0,1,1,Pedestrian
13,1276.0,0.0,1350.0,36.0,11907,0,1,1,Pedestrian
13,1276.0,0.0,1350.0,36.0,11908,0,1,1,Pedestrian
13,1276.0,0.0,1350.0,36.0,11909,0,1,1,Pedestrian
13,1276.0,0.0,1350.0,36.0,11910,0,1,1,Pedestrian
13,1276.0,0.0,1350.0,36.0,11911,0,1,1,Pedestrian
13,1276.0,0.0,1350.0,36.0,11912,0,1,1,Pedestrian
13,1276.0,0.0,1350.0,36.0,11913,0,1,1,Pedestrian
13,1276.0,0.0,1350.0,36.0,11914,0,1,1,Pedestrian
13,1276.0,0.0,1350.0,36.0,11915,0,1,1,Pedestrian
13,1276.0,0.0,1350.0,36.0,11916,0,1,1,Pedestrian
13,1276.0,0.0,1350.0,36.0,11917,0,1,1,Pedestrian
13,1276.0,0.0,1350.0,36.0,11918,0,1,1,Pedestrian
13,1276.0,0.0,1350.0,36.0,11919,0,1,1,Pedestrian
13,1276.0,0.0,1350.0,36.0,11920,0,1,1,Pedestrian
13,1276.0,0.0,1350.0,36.0,11921,0,1,1,Pedestrian
13,1276.0,0.0,1350.0,36.0,11922,0,1,1,Pedestrian
13,1276.0,0.0,1350.0,36.0,11923,0,1,1,Pedestrian
13,1276.0,0.0,1350.0,36.0,11924,0,1,1,Pedestrian
13,1276.0,0.0,1350.0,36.0,11925,0,1,1,Pedestrian
13,1276.0,0.0,1350.0,36.0,11926,0,1,1,Pedestrian
13,1276.0,0.0,1350.0,36.0,11927,0,1,1,Pedestrian
13,1276.0,0.0,1350.0,36.0,11928,0,1,1,Pedestrian
13,1276.0,0.0,1350.0,36.0,11929,0,1,1,Pedestrian
13,1276.0,0.0,1350.0,36.0,11930,0,1,1,Pedestrian
13,1276.0,0.0,1350.0,36.0,11931,0,1,1,Pedestrian
13,1276.0,0.0,1350.0,36.0,11932,0,1,1,Pedestrian
13,1276.0,0.0,1350.0,36.0,11933,0,1,1,Pedestrian
13,1276.0,0.0,1350.0,36.0,11934,0,1,1,Pedestrian
13,1276.0,0.0,1350.0,36.0,11935,0,1,1,Pedestrian
13,1276.0,0.0,1350.0,36.0,11936,0,1,1,Pedestrian
13,1276.0,0.0,1350.0,36.0,11937,0,1,1,Pedestrian
13,1276.0,0.0,1350.0,36.0,11938,0,1,1,Pedestrian
13,1276.0,0.0,1350.0,36.0,11939,0,1,1,Pedestrian
13,1276.0,0.0,1350.0,36.0,11940,0,1,1,Pedestrian
13,1276.0,0.0,1350.0,36.0,11941,0,1,1,Pedestrian
13,1276.0,0.0,1350.0,36.0,11942,0,1,1,Pedestrian
13,1276.0,0.0,1350.0,36.0,11943,0,1,1,Pedestrian
13,1276.0,0.0,1350.0,36.0,11944,0,1,1,Pedestrian
13,1276.0,0.0,1350.0,36.0,11945,0,1,1,Pedestrian
13,1276.0,0.0,1350.0,36.0,11946,0,1,1,Pedestrian
13,1276.0,0.0,1350.0,36.0,11947,0,1,1,Pedestrian
13,1276.0,0.0,1350.0,36.0,11948,0,1,1,Pedestrian
13,1276.0,0.0,1350.0,36.0,11949,0,1,1,Pedestrian
13,1276.0,0.0,1350.0,36.0,11950,0,1,1,Pedestrian
13,1276.0,0.0,1350.0,36.0,11951,0,1,1,Pedestrian
13,1276.0,0.0,1350.0,36.0,11952,0,1,1,Pedestrian
13,1276.0,0.0,1350.0,36.0,11953,0,1,1,Pedestrian
13,1276.0,0.0,1350.0,36.0,11954,0,1,1,Pedestrian
13,1276.0,0.0,1350.0,36.0,11955,0,1,1,Pedestrian
13,1276.0,0.0,1350.0,36.0,11956,0,1,1,Pedestrian
13,1276.0,0.0,1350.0,36.0,11957,0,1,1,Pedestrian
13,1276.0,0.0,1350.0,36.0,11958,0,1,1,Pedestrian
13,1276.0,0.0,1350.0,36.0,11959,0,1,1,Pedestrian
13,1276.0,0.0,1350.0,36.0,11960,0,1,1,Pedestrian
13,1276.0,0.0,1350.0,36.0,11961,0,1,1,Pedestrian
13,1276.0,0.0,1350.0,36.0,11962,0,1,1,Pedestrian
13,1276.0,0.0,1350.0,36.0,11963,0,1,1,Pedestrian
13,1276.0,0.0,1350.0,36.0,11964,0,1,1,Pedestrian
13,1276.0,0.0,1350.0,36.0,11965,0,1,0,Pedestrian
14,558.0,40.0,717.0,225.0,2000,1,0,0,Car
14,558.0,38.0,717.0,223.0,2001,1,0,1,Car
14,558.0,38.0,717.0,223.0,2002,1,0,1,Car
14,558.0,38.0,717.0,223.0,2003,1,0,1,Car
14,558.0,38.0,717.0,223.0,2004,1,0,1,Car
14,558.0,38.0,717.0,223.0,2005,1,0,1,Car
14,558.0,38.0,717.0,223.0,2006,1,0,1,Car
14,558.0,38.0,717.0,223.0,2007,1,0,1,Car
14,558.0,38.0,717.0,223.0,2008,1,0,1,Car
14,558.0,38.0,717.0,223.0,2009,1,0,1,Car
14,558.0,38.0,717.0,223.0,2010,1,0,1,Car
14,558.0,36.0,717.0,220.0,2011,1,0,1,Car
14,558.0,36.0,717.0,220.0,2012,1,0,1,Car
14,558.0,36.0,717.0,220.0,2013,1,0,1,Car
14,558.0,36.0,717.0,220.0,2014,1,0,1,Car
14,558.0,36.0,717.0,220.0,2015,1,0,1,Car
14,558.0,36.0,717.0,220.0,2016,1,0,1,Car
14,558.0,36.0,717.0,220.0,2017,1,0,1,Car
14,558.0,36.0,717.0,220.0,2018,1,0,1,Car
14,558.0,36.0,717.0,220.0,2019,1,0,1,Car
14,558.0,36.0,717.0,220.0,2020,1,0,1,Car
14,558.0,36.0,717.0,218.0,2021,1,0,1,Car
14,558.0,34.0,717.0,218.0,2022,1,0,1,Car
14,558.0,34.0,717.0,218.0,2023,1,0,1,Car
14,558.0,34.0,717.0,218.0,2024,1,0,1,Car
14,558.0,34.0,717.0,218.0,2025,1,0,1,Car
14,558.0,34.0,717.0,218.0,2026,1,0,1,Car
14,558.0,34.0,720.0,218.0,2027,1,0,1,Car
14,558.0,34.0,720.0,218.0,2028,1,0,1,Car
14,558.0,34.0,720.0,218.0,2029,1,0,1,Car
14,558.0,34.0,720.0,218.0,2030,1,0,1,Car
14,561.0,34.0,720.0,216.0,2031,1,0,1,Car
14,561.0,34.0,720.0,216.0,2032,1,0,1,Car
14,561.0,31.0,720.0,216.0,2033,1,0,1,Car
14,561.0,31.0,720.0,216.0,2034,1,0,1,Car
14,561.0,31.0,720.0,216.0,2035,1,0,1,Car
14,561.0,31.0,720.0,216.0,2036,1,0,1,Car
14,561.0,31.0,720.0,216.0,2037,1,0,1,Car
14,561.0,31.0,720.0,216.0,2038,1,0,1,Car
14,561.0,31.0,720.0,216.0,2039,1,0,1,Car
14,561.0,31.0,720.0,216.0,2040,1,0,1,Car
14,561.0,31.0,720.0,214.0,2041,1,0,1,Car
14,561.0,31.0,720.0,214.0,2042,1,0,1,Car
14,561.0,31.0,720.0,214.0,2043,1,0,1,Car
14,561.0,29.0,720.0,214.0,2044,1,0,1,Car
14,561.0,29.0,720.0,214.0,2045,1,0,1,Car
14,561.0,29.0,720.0,214.0,2046,1,0,1,Car
14,561.0,29.0,720.0,214.0,2047,1,0,1,Car
14,561.0,29.0,720.0,214.0,2048,1,0,1,Car
14,561.0,29.0,720.0,214.0,2049,1,0,1,Car
14,561.0,29.0,720.0,214.0,2050,1,0,1,Car
14,561.0,29.0,720.0,214.0,2051,1,0,1,Car
14,561.0,29.0,720.0,211.0,2052,1,0,1,Car
14,561.0,29.0,723.0,211.0,2053,1,0,1,Car
14,561.0,29.0,723.0,211.0,2054,1,0,1,Car
14,561.0,27.0,723.0,211.0,2055,1,0,1,Car
14,561.0,27.0,723.0,211.0,2056,1,0,1,Car
14,561.0,27.0,723.0,211.0,2057,1,0,1,Car
14,561.0,27.0,723.0,211.0,2058,1,0,1,Car
14,561.0,27.0,723.0,211.0,2059,1,0,1,Car
14,561.0,27.0,723.0,211.0,2060,1,0,1,Car
14,561.0,27.0,723.0,211.0,2061,1,0,1,Car
14,563.0,27.0,723.0,209.0,2062,1,0,1,Car
14,563.0,27.0,723.0,209.0,2063,1,0,1,Car
14,563.0,27.0,723.0,209.0,2064,1,0,1,Car
14,563.0,25.0,723.0,209.0,2065,1,0,1,Car
14,563.0,25.0,723.0,209.0,2066,1,0,1,Car
14,563.0,25.0,723.0,209.0,2067,1,0,1,Car
14,563.0,25.0,723.0,209.0,2068,1,0,1,Car
14,563.0,25.0,723.0,209.0,2069,1,0,1,Car
14,563.0,25.0,723.0,209.0,2070,1,0,1,Car
14,563.0,25.0,723.0,209.0,2071,1,0,1,Car
14,563.0,25.0,723.0,207.0,2072,1,0,1,Car
14,563.0,25.0,723.0,207.0,2073,1,0,1,Car
14,563.0,25.0,723.0,207.0,2074,1,0,1,Car
14,563.0,25.0,723.0,207.0,2075,1,0,1,Car
14,563.0,22.0,723.0,207.0,2076,1,0,1,Car
14,563.0,22.0,723.0,207.0,2077,1,0,1,Car
14,563.0,22.0,723.0,207.0,2078,1,0,1,Car
14,563.0,22.0,726.0,207.0,2079,1,0,1,Car
14,563.0,22.0,726.0,207.0,2080,1,0,1,Car
14,563.0,22.0,726.0,207.0,2081,1,0,1,Car
14,563.0,22.0,726.0,204.0,2082,1,0,1,Car
14,563.0,22.0,726.0,204.0,2083,1,0,1,Car
14,563.0,22.0,726.0,204.0,2084,1,0,1,Car
14,563.0,22.0,726.0,204.0,2085,1,0,1,Car
14,563.0,22.0,726.0,204.0,2086,1,0,1,Car
14,563.0,20.0,726.0,204.0,2087,1,0,1,Car
14,563.0,20.0,726.0,204.0,2088,1,0,1,Car
14,563.0,20.0,726.0,204.0,2089,1,0,1,Car
14,563.0,20.0,726.0,204.0,2090,1,0,1,Car
14,563.0,20.0,726.0,204.0,2091,1,0,1,Car
14,566.0,20.0,726.0,204.0,2092,1,0,1,Car
14,566.0,20.0,726.0,202.0,2093,1,0,1,Car
14,566.0,20.0,726.0,202.0,2094,1,0,1,Car
14,566.0,20.0,726.0,202.0,2095,1,0,1,Car
14,566.0,20.0,726.0,202.0,2096,1,0,1,Car
14,566.0,20.0,726.0,202.0,2097,1,0,1,Car
14,566.0,18.0,726.0,202.0,2098,1,0,1,Car
14,566.0,18.0,726.0,202.0,2099,1,0,1,Car
14,566.0,18.0,726.0,202.0,2100,1,0,1,Car
14,566.0,18.0,726.0,202.0,2101,1,0,1,Car
14,566.0,18.0,726.0,202.0,2102,1,0,1,Car
14,566.0,18.0,726.0,200.0,2103,1,0,1,Car
14,566.0,18.0,726.0,200.0,2104,1,0,1,Car
14,566.0,18.0,726.0,200.0,2105,1,0,1,Car
14,566.0,18.0,728.0,200.0,2106,1,0,1,Car
14,566.0,18.0,728.0,200.0,2107,1,0,1,Car
14,566.0,18.0,728.0,200.0,2108,1,0,1,Car
14,566.0,15.0,728.0,200.0,2109,1,0,1,Car
14,566.0,15.0,728.0,200.0,2110,1,0,1,Car
14,566.0,15.0,728.0,200.0,2111,1,0,1,Car
14,566.0,15.0,728.0,200.0,2112,1,0,1,Car
14,566.0,15.0,728.0,198.0,2113,1,0,1,Car
14,566.0,15.0,728.0,198.0,2114,1,0,1,Car
14,566.0,15.0,728.0,198.0,2115,1,0,1,Car
14,566.0,15.0,728.0,198.0,2116,1,0,1,Car
14,566.0,15.0,728.0,198.0,2117,1,0,1,Car
14,566.0,15.0,728.0,198.0,2118,1,0,1,Car
14,566.0,15.0,728.0,198.0,2119,1,0,1,Car
14,566.0,13.0,728.0,198.0,2120,1,0,1,Car
14,566.0,13.0,728.0,198.0,2121,1,0,1,Car
14,566.0,13.0,728.0,198.0,2122,1,0,1,Car
14,569.0,13.0,728.0,195.0,2123,1,0,1,Car
14,569.0,13.0,728.0,195.0,2124,1,0,1,Car
14,569.0,13.0,728.0,195.0,2125,1,0,1,Car
14,569.0,13.0,728.0,195.0,2126,1,0,1,Car
14,569.0,13.0,728.0,195.0,2127,1,0,1,Car
14,569.0,13.0,728.0,195.0,2128,1,0,1,Car
14,569.0,13.0,728.0,195.0,2129,1,0,1,Car
14,569.0,11.0,728.0,195.0,2130,1,0,1,Car
14,569.0,11.0,728.0,195.0,2131,1,0,1,Car
14,569.0,11.0,731.0,195.0,2132,1,0,1,Car
14,569.0,11.0,731.0,193.0,2133,1,0,1,Car
14,569.0,11.0,731.0,193.0,2134,1,0,1,Car
14,569.0,11.0,731.0,193.0,2135,1,0,1,Car
14,569.0,11.0,731.0,193.0,2136,1,0,1,Car
14,569.0,11.0,731.0,193.0,2137,1,0,1,Car
14,569.0,11.0,731.0,193.0,2138,1,0,1,Car
14,569.0,11.0,731.0,193.0,2139,1,0,1,Car
14,569.0,11.0,731.0,193.0,2140,1,0,1,Car
14,569.0,9.0,731.0,193.0,2141,1,0,1,Car
14,569.0,9.0,731.0,193.0,2142,1,0,1,Car
14,569.0,9.0,731.0,193.0,2143,1,0,1,Car
14,569.0,9.0,731.0,191.0,2144,1,0,1,Car
14,569.0,9.0,731.0,191.0,2145,1,0,1,Car
14,569.0,9.0,731.0,191.0,2146,1,0,1,Car
14,569.0,9.0,731.0,191.0,2147,1,0,1,Car
14,569.0,9.0,731.0,191.0,2148,1,0,1,Car
14,569.0,9.0,731.0,191.0,2149,1,0,1,Car
14,569.0,9.0,731.0,191.0,2150,1,0,1,Car
14,569.0,9.0,731.0,191.0,2151,1,0,1,Car
14,569.0,6.0,731.0,191.0,2152,1,0,1,Car
14,569.0,6.0,731.0,191.0,2153,1,0,1,Car
14,572.0,6.0,731.0,188.0,2154,1,0,1,Car
14,572.0,6.0,731.0,188.0,2155,1,0,1,Car
14,572.0,6.0,731.0,188.0,2156,1,0,1,Car
14,572.0,6.0,731.0,188.0,2157,1,0,1,Car
14,572.0,6.0,734.0,188.0,2158,1,0,1,Car
14,572.0,6.0,734.0,188.0,2159,1,0,1,Car
14,572.0,6.0,734.0,188.0,2160,1,0,1,Car
14,572.0,6.0,734.0,188.0,2161,1,0,1,Car
14,572.0,6.0,734.0,188.0,2162,1,0,1,Car
14,572.0,4.0,734.0,188.0,2163,1,0,1,Car
14,572.0,4.0,734.0,186.0,2164,1,0,1,Car
14,572.0,4.0,734.0,186.0,2165,1,0,1,Car
14,572.0,4.0,734.0,186.0,2166,1,0,1,Car
14,572.0,4.0,734.0,186.0,2167,1,0,1,Car
14,572.0,4.0,734.0,186.0,2168,1,0,1,Car
14,572.0,4.0,734.0,186.0,2169,1,0,1,Car
14,572.0,4.0,734.0,186.0,2170,1,0,1,Car
14,572.0,4.0,734.0,186.0,2171,1,0,1,Car
14,572.0,4.0,734.0,186.0,2172,1,0,1,Car
14,572.0,4.0,734.0,186.0,2173,1,0,1,Car
14,572.0,2.0,734.0,184.0,2174,1,0,1,Car
14,572.0,2.0,734.0,184.0,2175,1,0,1,Car
14,572.0,2.0,734.0,184.0,2176,1,0,1,Car
14,572.0,2.0,734.0,184.0,2177,1,0,1,Car
14,572.0,2.0,734.0,184.0,2178,1,0,1,Car
14,572.0,2.0,734.0,184.0,2179,1,0,1,Car
14,572.0,2.0,734.0,184.0,2180,1,0,1,Car
14,572.0,2.0,734.0,184.0,2181,1,0,1,Car
14,572.0,2.0,734.0,184.0,2182,1,0,1,Car
14,572.0,2.0,734.0,184.0,2183,1,0,1,Car
14,574.0,2.0,737.0,184.0,2184,0,0,0,Car
14,572.0,0.0,734.0,182.0,2185,0,0,1,Car
14,569.0,0.0,731.0,182.0,2186,0,0,1,Car
14,569.0,0.0,731.0,182.0,2187,0,0,1,Car
14,566.0,0.0,728.0,182.0,2188,0,0,1,Car
14,566.0,0.0,728.0,182.0,2189,0,0,1,Car
14,563.0,0.0,726.0,182.0,2190,0,0,1,Car
14,561.0,0.0,723.0,182.0,2191,0,0,1,Car
14,561.0,0.0,723.0,182.0,2192,0,0,1,Car
14,558.0,0.0,720.0,182.0,2193,0,0,1,Car
14,558.0,0.0,720.0,182.0,2194,0,0,0,Car
14,555.0,0.0,717.0,182.0,2195,0,0,1,Car
14,555.0,0.0,717.0,182.0,2196,0,0,1,Car
14,555.0,0.0,717.0,182.0,2197,0,0,1,Car
14,555.0,0.0,717.0,182.0,2198,0,0,1,Car
14,555.0,0.0,717.0,182.0,2199,0,0,1,Car
14,552.0,0.0,715.0,182.0,2200,0,0,1,Car
14,552.0,0.0,715.0,182.0,2201,0,0,1,Car
14,552.0,0.0,715.0,182.0,2202,0,0,1,Car
14,552.0,0.0,715.0,182.0,2203,0,0,1,Car
14,552.0,2.0,715.0,184.0,2204,0,0,0,Car
14,550.0,6.0,712.0,188.0,2205,0,0,1,Car
14,547.0,13.0,709.0,195.0,2206,0,0,1,Car
14,547.0,18.0,709.0,200.0,2207,0,0,1,Car
14,544.0,25.0,706.0,207.0,2208,0,0,1,Car
14,541.0,29.0,704.0,211.0,2209,0,0,1,Car
14,541.0,36.0,704.0,218.0,2210,0,0,1,Car
14,539.0,40.0,701.0,223.0,2211,0,0,1,Car
14,539.0,47.0,701.0,229.0,2212,0,0,1,Car
14,536.0,52.0,698.0,234.0,2213,0,0,1,Car
14,533.0,59.0,695.0,241.0,2214,0,0,1,Car
14,533.0,63.0,695.0,245.0,2215,0,0,1,Car
14,530.0,70.0,693.0,252.0,2216,0,0,1,Car
14,528.0,75.0,690.0,257.0,2217,0,0,1,Car
14,528.0,81.0,690.0,264.0,2218,0,0,1,Car
14,525.0,86.0,687.0,268.0,2219,0,0,1,Car
14,525.0,93.0,687.0,275.0,2220,0,0,1,Car
14,522.0,97.0,684.0,280.0,2221,0,0,1,Car
14,519.0,104.0,682.0,286.0,2222,0,0,1,Car
14,519.0,109.0,682.0,291.0,2223,0,0,1,Car
14,517.0,116.0,679.0,298.0,2224,0,0,1,Car
14,517.0,122.0,679.0,305.0,2225,0,0,0,Car
14,514.0,129.0,676.0,311.0,2226,0,0,1,Car
14,511.0,136.0,673.0,318.0,2227,0,0,1,Car
14,508.0,143.0,671.0,325.0,2228,0,0,1,Car
14,506.0,152.0,668.0,334.0,2229,0,0,1,Car
14,503.0,159.0,665.0,341.0,2230,0,0,1,Car
14,500.0,166.0,662.0,348.0,2231,0,0,1,Car
14,497.0,173.0,660.0,355.0,2232,0,0,1,Car
14,497.0,182.0,657.0,364.0,2233,0,0,1,Car
14,495.0,188.0,654.0,371.0,2234,0,0,1,Car
14,492.0,195.0,651.0,377.0,2235,0,0,1,Car
14,489.0,202.0,649.0,384.0,2236,0,0,1,Car
14,486.0,211.0,646.0,393.0,2237,0,0,1,Car
14,484.0,218.0,643.0,400.0,2238,0,0,1,Car
14,481.0,225.0,640.0,407.0,2239,0,0,1,Car
14,481.0,234.0,640.0,416.0,2240,0,0,1,Car
14,478.0,241.0,638.0,423.0,2241,0,0,1,Car
14,475.0,248.0,635.0,430.0,2242,0,0,1,Car
14,473.0,255.0,632.0,437.0,2243,0,0,1,Car
14,470.0,264.0,629.0,446.0,2244,0,0,1,Car
14,467.0,270.0,627.0,453.0,2245,0,0,1,Car
14,464.0,277.0,624.0,459.0,2246,0,0,1,Car
14,462.0,284.0,621.0,466.0,2247,0,0,1,Car
14,462.0,293.0,618.0,475.0,2248,0,0,1,Car
14,459.0,300.0,616.0,482.0,2249,0,0,1,Car
14,456.0,307.0,613.0,489.0,2250,0,0,1,Car
14,453.0,314.0,610.0,496.0,2251,0,0,1,Car
14,451.0,323.0,607.0,505.0,2252,0,0,1,Car
14,448.0,330.0,605.0,512.0,2253,0,0,1,Car
14,445.0,337.0,602.0,519.0,2254,0,0,1,Car
14,445.0,346.0,602.0,528.0,2255,0,0,0,Car
14,440.0,350.0,596.0,532.0,2256,0,0,1,Car
14,437.0,357.0,594.0,539.0,2257,0,0,1,Car
14,431.0,362.0,588.0,544.0,2258,0,0,1,Car
14,429.0,368.0,585.0,551.0,2259,0,0,1,Car
14,423.0,375.0,580.0,557.0,2260,0,0,1,Car
14,420.0,380.0,577.0,562.0,2261,0,0,1,Car
14,415.0,387.0,572.0,569.0,2262,0,0,1,Car
14,412.0,391.0,569.0,573.0,2263,0,0,1,Car
14,407.0,398.0,563.0,580.0,2264,0,0,1,Car
14,404.0,405.0,561.0,587.0,2265,0,0,1,Car
14,398.0,409.0,555.0,592.0,2266,0,0,1,Car
14,396.0,416.0,552.0,598.0,2267,0,0,1,Car
14,390.0,421.0,547.0,603.0,2268,0,0,1,Car
14,387.0,428.0,544.0,610.0,2269,0,0,1,Car
14,382.0,434.0,539.0,617.0,2270,0,0,1,Car
14,379.0,439.0,536.0,621.0,2271,0,0,1,Car
14,374.0,446.0,530.0,628.0,2272,0,0,1,Car
14,371.0,450.0,528.0,633.0,2273,0,0,1,Car
14,365.0,457.0,522.0,639.0,2274,0,0,1,Car
14,363.0,464.0,519.0,646.0,2275,0,0,1,Car
14,357.0,469.0,514.0,651.0,2276,0,0,1,Car
14,354.0,475.0,511.0,658.0,2277,0,0,1,Car
14,349.0,480.0,506.0,662.0,2278,0,0,1,Car
14,346.0,487.0,503.0,669.0,2279,0,0,1,Car
14,341.0,494.0,497.0,676.0,2280,0,0,1,Car
14,338.0,498.0,495.0,680.0,2281,0,0,1,Car
14,332.0,505.0,489.0,687.0,2282,0,0,1,Car
14,330.0,510.0,486.0,692.0,2283,0,0,1,Car
14,324.0,516.0,481.0,699.0,2284,0,0,1,Car
14,321.0,523.0,478.0,705.0,2285,0,0,0,Car
14,313.0,528.0,473.0,708.0,2286,0,0,1,Car
14,305.0,532.0,467.0,712.0,2287,0,0,1,Car
14,299.0,537.0,462.0,717.0,2288,0,0,1,Car
14,291.0,541.0,456.0,721.0,2289,0,0,1,Car
14,286.0,546.0,451.0,726.0,2290,0,0,1,Car
14,277.0,551.0,445.0,728.0,2291,0,0,1,Car
14,272.0,555.0,440.0,733.0,2292,0,0,1,Car
14,264.0,560.0,434.0,737.0,2293,0,0,1,Car
14,255.0,564.0,429.0,742.0,2294,0,0,1,Car
14,250.0,569.0,423.0,746.0,2295,0,0,1,Car
14,242.0,573.0,418.0,749.0,2296,0,0,1,Car
14,236.0,578.0,412.0,753.0,2297,0,0,1,Car
14,228.0,582.0,407.0,758.0,2298,0,0,1,Car
14,222.0,587.0,401.0,762.0,2299,0,0,1,Car
14,214.0,592.0,396.0,767.0,2300,0,0,1,Car
14,206.0,596.0,390.0,769.0,2301,0,0,1,Car
14,200.0,601.0,385.0,774.0,2302,0,0,1,Car
14,192.0,605.0,379.0,778.0,2303,0,0,1,Car
14,187.0,610.0,374.0,783.0,2304,0,0,1,Car
14,178.0,614.0,368.0,787.0,2305,0,0,1,Car
14,173.0,619.0,363.0,790.0,2306,0,0,1,Car
14,165.0,623.0,357.0,794.0,2307,0,0,1,Car
14,156.0,628.0,352.0,799.0,2308,0,0,1,Car
14,151.0,633.0,346.0,803.0,2309,0,0,1,Car
14,143.0,637.0,341.0,808.0,2310,0,0,1,Car
14,137.0,642.0,335.0,810.0,2311,0,0,1,Car
14,129.0,646.0,330.0,815.0,2312,0,0,1,Car
14,123.0,651.0,324.0,819.0,2313,0,0,1,Car
14,115.0,655.0,319.0,824.0,2314,0,0,1,Car
14,110.0,660.0,313.0,828.0,2315,0,0,0,Car
14,104.0,662.0,305.0,831.0,2316,0,0,1,Car
14,99.0,664.0,299.0,833.0,2317,0,0,1,Car
14,93.0,667.0,294.0,835.0,2318,0,0,1,Car
14,88.0,671.0,286.0,840.0,2319,0,0,1,Car
14,82.0,674.0,280.0,842.0,2320,0,0,1,Car
14,77.0,676.0,275.0,844.0,2321,0,0,1,Car
14,71.0,678.0,266.0,847.0,2322,0,0,1,Car
14,66.0,683.0,261.0,851.0,2323,0,0,1,Car
14,60.0,685.0,255.0,853.0,2324,0,0,1,Car
14,55.0,687.0,250.0,856.0,2325,0,0,1,Car
14,49.0,689.0,242.0,858.0,2326,0,0,1,Car
14,44.0,694.0,236.0,863.0,2327,0,0,1,Car
14,38.0,696.0,231.0,865.0,2328,0,0,1,Car
14,33.0,699.0,222.0,867.0,2329,0,0,1,Car
14,27.0,701.0,217.0,869.0,2330,0,0,1,Car
14,22.0,705.0,211.0,874.0,2331,0,0,1,Car
14,16.0,708.0,203.0,876.0,2332,0,0,1,Car
14,11.0,710.0,198.0,878.0,2333,0,0,1,Car
14,5.0,712.0,192.0,881.0,2334,0,0,1,Car
14,0.0,717.0,187.0,885.0,2335,0,0,0,Car
14,0.0,717.0,187.0,885.0,2336,0,0,1,Car
14,0.0,717.0,187.0,885.0,2337,0,0,1,Car
14,0.0,717.0,187.0,885.0,2338,0,0,1,Car
14,0.0,717.0,187.0,885.0,2339,0,0,1,Car
14,0.0,717.0,187.0,885.0,2340,0,0,1,Car
14,0.0,717.0,187.0,885.0,2341,0,0,1,Car
14,0.0,717.0,187.0,885.0,2342,0,0,1,Car
14,0.0,717.0,187.0,885.0,2343,0,0,1,Car
14,0.0,717.0,187.0,885.0,2344,1,0,0,Car
14,0.0,717.0,187.0,885.0,2345,1,0,1,Car
14,0.0,717.0,187.0,885.0,2346,1,0,1,Car
14,0.0,717.0,187.0,885.0,2347,1,0,1,Car
14,0.0,717.0,187.0,885.0,2348,1,0,1,Car
14,0.0,717.0,187.0,885.0,2349,1,0,1,Car
14,0.0,717.0,187.0,885.0,2350,1,0,1,Car
14,0.0,717.0,187.0,885.0,2351,1,0,1,Car
14,0.0,717.0,187.0,885.0,2352,1,0,1,Car
14,0.0,717.0,187.0,885.0,2353,1,0,1,Car
14,0.0,717.0,187.0,885.0,2354,1,0,0,Car
14,0.0,717.0,187.0,885.0,2355,1,0,1,Car
14,0.0,717.0,187.0,885.0,2356,1,0,1,Car
14,0.0,717.0,187.0,885.0,2357,1,0,1,Car
14,0.0,717.0,187.0,885.0,2358,1,0,1,Car
14,0.0,717.0,187.0,885.0,2359,1,0,1,Car
14,0.0,717.0,187.0,885.0,2360,1,0,1,Car
14,0.0,717.0,187.0,885.0,2361,1,0,1,Car
14,0.0,717.0,187.0,885.0,2362,1,0,1,Car
14,0.0,717.0,187.0,885.0,2363,1,0,1,Car
14,0.0,717.0,187.0,885.0,2364,1,0,1,Car
14,0.0,717.0,187.0,885.0,2365,1,0,1,Car
14,0.0,717.0,187.0,885.0,2366,1,0,1,Car
14,0.0,717.0,187.0,885.0,2367,1,0,1,Car
14,0.0,717.0,187.0,885.0,2368,1,0,1,Car
14,0.0,717.0,187.0,885.0,2369,1,0,1,Car
14,0.0,717.0,187.0,885.0,2370,1,0,1,Car
14,0.0,717.0,187.0,885.0,2371,1,0,1,Car
14,0.0,717.0,187.0,885.0,2372,1,0,1,Car
14,0.0,717.0,187.0,885.0,2373,1,0,1,Car
14,0.0,717.0,187.0,885.0,2374,1,0,1,Car
14,0.0,717.0,187.0,885.0,2375,1,0,1,Car
14,0.0,717.0,187.0,885.0,2376,1,0,1,Car
14,0.0,717.0,187.0,885.0,2377,1,0,1,Car
14,0.0,717.0,187.0,885.0,2378,1,0,1,Car
14,0.0,717.0,187.0,885.0,2379,1,0,1,Car
14,0.0,717.0,187.0,885.0,2380,1,0,1,Car
14,0.0,717.0,187.0,885.0,2381,1,0,1,Car
14,0.0,717.0,187.0,885.0,2382,1,0,1,Car
14,0.0,717.0,187.0,885.0,2383,1,0,1,Car
14,0.0,717.0,187.0,885.0,2384,1,0,1,Car
14,0.0,717.0,187.0,885.0,2385,1,0,1,Car
14,0.0,717.0,187.0,885.0,2386,1,0,1,Car
14,0.0,717.0,187.0,885.0,2387,1,0,1,Car
14,0.0,717.0,187.0,885.0,2388,1,0,1,Car
14,0.0,717.0,187.0,885.0,2389,1,0,1,Car
14,0.0,717.0,187.0,885.0,2390,1,0,1,Car
14,0.0,717.0,187.0,885.0,2391,1,0,1,Car
14,0.0,717.0,187.0,885.0,2392,1,0,1,Car
14,0.0,717.0,187.0,885.0,2393,1,0,1,Car
14,0.0,717.0,187.0,885.0,2394,1,0,1,Car
14,0.0,717.0,187.0,885.0,2395,1,0,1,Car
14,0.0,717.0,187.0,885.0,2396,1,0,1,Car
14,0.0,717.0,187.0,885.0,2397,1,0,1,Car
14,0.0,717.0,187.0,885.0,2398,1,0,1,Car
14,0.0,717.0,187.0,885.0,2399,1,0,1,Car
14,0.0,717.0,187.0,885.0,2400,1,0,1,Car
14,0.0,717.0,187.0,885.0,2401,1,0,1,Car
14,0.0,717.0,187.0,885.0,2402,1,0,1,Car
14,0.0,717.0,187.0,885.0,2403,1,0,1,Car
14,0.0,717.0,187.0,885.0,2404,1,0,1,Car
14,0.0,717.0,187.0,885.0,2405,1,0,1,Car
14,0.0,717.0,187.0,885.0,2406,1,0,1,Car
14,0.0,717.0,187.0,885.0,2407,1,0,1,Car
14,0.0,717.0,187.0,885.0,2408,1,0,1,Car
14,0.0,717.0,187.0,885.0,2409,1,0,1,Car
14,0.0,717.0,187.0,885.0,2410,1,0,1,Car
14,0.0,717.0,187.0,885.0,2411,1,0,1,Car
14,0.0,717.0,187.0,885.0,2412,1,0,1,Car
14,0.0,717.0,187.0,885.0,2413,1,0,1,Car
14,0.0,717.0,187.0,885.0,2414,1,0,1,Car
14,0.0,717.0,187.0,885.0,2415,1,0,1,Car
14,0.0,717.0,187.0,885.0,2416,1,0,1,Car
14,0.0,717.0,187.0,885.0,2417,1,0,1,Car
14,0.0,717.0,187.0,885.0,2418,1,0,0,Car
14,0.0,717.0,187.0,885.0,2419,1,0,1,Car
14,0.0,717.0,187.0,885.0,2420,1,0,1,Car
14,0.0,717.0,187.0,885.0,2421,1,0,1,Car
14,0.0,717.0,187.0,885.0,2422,1,0,1,Car
14,0.0,717.0,187.0,885.0,2423,1,0,1,Car
14,0.0,717.0,187.0,885.0,2424,1,0,1,Car
14,0.0,717.0,187.0,885.0,2425,1,0,1,Car
14,0.0,717.0,187.0,885.0,2426,1,0,1,Car
14,0.0,717.0,187.0,885.0,2427,1,0,1,Car
14,0.0,717.0,187.0,885.0,2428,1,0,1,Car
14,0.0,717.0,187.0,885.0,2429,1,0,1,Car
14,0.0,717.0,187.0,885.0,2430,1,0,1,Car
14,0.0,717.0,187.0,885.0,2431,1,0,1,Car
14,0.0,717.0,187.0,885.0,2432,1,0,1,Car
14,0.0,717.0,187.0,885.0,2433,1,0,1,Car
14,0.0,717.0,187.0,885.0,2434,1,0,1,Car
14,0.0,717.0,187.0,885.0,2435,1,0,1,Car
14,0.0,717.0,187.0,885.0,2436,1,0,1,Car
14,0.0,717.0,187.0,885.0,2437,1,0,1,Car
14,0.0,717.0,187.0,885.0,2438,1,0,1,Car
14,0.0,717.0,187.0,885.0,2439,1,0,1,Car
14,0.0,717.0,187.0,885.0,2440,1,0,1,Car
14,0.0,717.0,187.0,885.0,2441,1,0,1,Car
14,0.0,717.0,187.0,885.0,2442,1,0,1,Car
14,0.0,717.0,187.0,885.0,2443,1,0,1,Car
14,0.0,717.0,187.0,885.0,2444,1,0,1,Car
14,0.0,717.0,187.0,885.0,2445,1,0,1,Car
14,0.0,717.0,187.0,885.0,2446,1,0,1,Car
14,0.0,717.0,187.0,885.0,2447,1,0,1,Car
14,0.0,717.0,187.0,885.0,2448,1,0,1,Car
14,0.0,717.0,187.0,885.0,2449,1,0,1,Car
14,0.0,717.0,187.0,885.0,2450,1,0,1,Car
14,0.0,717.0,187.0,885.0,2451,1,0,1,Car
14,0.0,717.0,187.0,885.0,2452,1,0,1,Car
14,0.0,717.0,187.0,885.0,2453,1,0,1,Car
14,0.0,717.0,187.0,885.0,2454,1,0,1,Car
14,0.0,717.0,187.0,885.0,2455,1,0,1,Car
14,0.0,717.0,187.0,885.0,2456,1,0,1,Car
14,0.0,717.0,187.0,885.0,2457,1,0,1,Car
14,0.0,717.0,187.0,885.0,2458,1,0,1,Car
14,0.0,717.0,187.0,885.0,2459,1,0,1,Car
14,0.0,717.0,187.0,885.0,2460,1,0,1,Car
14,0.0,717.0,187.0,885.0,2461,1,0,1,Car
14,0.0,717.0,187.0,885.0,2462,1,0,1,Car
14,0.0,717.0,187.0,885.0,2463,1,0,1,Car
14,0.0,717.0,187.0,885.0,2464,1,0,1,Car
14,0.0,717.0,187.0,885.0,2465,1,0,1,Car
14,0.0,717.0,187.0,885.0,2466,1,0,1,Car
14,0.0,717.0,187.0,885.0,2467,1,0,1,Car
14,0.0,717.0,187.0,885.0,2468,1,0,1,Car
14,0.0,717.0,187.0,885.0,2469,1,0,1,Car
14,0.0,717.0,187.0,885.0,2470,1,0,1,Car
14,0.0,717.0,187.0,885.0,2471,1,0,1,Car
14,0.0,717.0,187.0,885.0,2472,1,0,1,Car
14,0.0,717.0,187.0,885.0,2473,1,0,1,Car
14,0.0,717.0,187.0,885.0,2474,1,0,1,Car
14,0.0,717.0,187.0,885.0,2475,1,0,1,Car
14,0.0,717.0,187.0,885.0,2476,1,0,1,Car
14,0.0,717.0,187.0,885.0,2477,1,0,1,Car
14,0.0,717.0,187.0,885.0,2478,1,0,1,Car
14,0.0,717.0,187.0,885.0,2479,1,0,1,Car
14,0.0,717.0,187.0,885.0,2480,1,0,1,Car
14,0.0,717.0,187.0,885.0,2481,1,0,1,Car
14,0.0,717.0,187.0,885.0,2482,1,0,1,Car
14,0.0,717.0,187.0,885.0,2483,1,0,1,Car
14,0.0,717.0,187.0,885.0,2484,1,0,1,Car
14,0.0,717.0,187.0,885.0,2485,1,0,1,Car
14,0.0,717.0,187.0,885.0,2486,1,0,1,Car
14,0.0,717.0,187.0,885.0,2487,1,0,1,Car
14,0.0,717.0,187.0,885.0,2488,1,0,1,Car
14,0.0,717.0,187.0,885.0,2489,1,0,1,Car
14,0.0,717.0,187.0,885.0,2490,1,0,1,Car
14,0.0,717.0,187.0,885.0,2491,1,0,1,Car
14,0.0,717.0,187.0,885.0,2492,1,0,1,Car
14,0.0,717.0,187.0,885.0,2493,1,0,1,Car
14,0.0,717.0,187.0,885.0,2494,1,0,1,Car
14,0.0,717.0,187.0,885.0,2495,1,0,1,Car
14,0.0,717.0,187.0,885.0,2496,1,0,1,Car
14,0.0,717.0,187.0,885.0,2497,1,0,1,Car
14,0.0,717.0,187.0,885.0,2498,1,0,1,Car
14,0.0,717.0,187.0,885.0,2499,1,0,1,Car
14,0.0,717.0,187.0,885.0,2500,1,0,1,Car
14,0.0,717.0,187.0,885.0,2501,1,0,1,Car
14,0.0,717.0,187.0,885.0,2502,1,0,1,Car
14,0.0,717.0,187.0,885.0,2503,1,0,1,Car
14,0.0,717.0,187.0,885.0,2504,1,0,1,Car
14,0.0,717.0,187.0,885.0,2505,1,0,1,Car
14,0.0,717.0,187.0,885.0,2506,1,0,1,Car
14,0.0,717.0,187.0,885.0,2507,1,0,1,Car
14,0.0,717.0,187.0,885.0,2508,1,0,1,Car
14,0.0,717.0,187.0,885.0,2509,1,0,1,Car
14,0.0,717.0,187.0,885.0,2510,1,0,1,Car
14,0.0,717.0,187.0,885.0,2511,1,0,1,Car
14,0.0,717.0,187.0,885.0,2512,1,0,1,Car
14,0.0,717.0,187.0,885.0,2513,1,0,1,Car
14,0.0,717.0,187.0,885.0,2514,1,0,1,Car
14,0.0,717.0,187.0,885.0,2515,1,0,1,Car
14,0.0,717.0,187.0,885.0,2516,1,0,1,Car
14,0.0,717.0,187.0,885.0,2517,1,0,1,Car
14,0.0,717.0,187.0,885.0,2518,1,0,1,Car
14,0.0,717.0,187.0,885.0,2519,1,0,1,Car
14,0.0,717.0,187.0,885.0,2520,1,0,1,Car
14,0.0,717.0,187.0,885.0,2521,1,0,1,Car
14,0.0,717.0,187.0,885.0,2522,1,0,1,Car
14,0.0,717.0,187.0,885.0,2523,1,0,1,Car
14,0.0,717.0,187.0,885.0,2524,1,0,1,Car
14,0.0,717.0,187.0,885.0,2525,1,0,1,Car
14,0.0,717.0,187.0,885.0,2526,1,0,1,Car
14,0.0,717.0,187.0,885.0,2527,1,0,1,Car
14,0.0,717.0,187.0,885.0,2528,1,0,1,Car
14,0.0,717.0,187.0,885.0,2529,1,0,1,Car
14,0.0,717.0,187.0,885.0,2530,1,0,1,Car
14,0.0,717.0,187.0,885.0,2531,1,0,0,Car
15,5.0,926.0,68.0,990.0,8500,1,0,0,Pedestrian
15,2.0,924.0,66.0,988.0,8501,1,0,1,Pedestrian
15,2.0,924.0,66.0,988.0,8502,1,0,1,Pedestrian
15,2.0,924.0,66.0,988.0,8503,1,0,1,Pedestrian
15,2.0,924.0,66.0,988.0,8504,1,0,1,Pedestrian
15,2.0,924.0,66.0,988.0,8505,1,0,1,Pedestrian
15,2.0,924.0,66.0,988.0,8506,1,0,1,Pedestrian
15,2.0,924.0,66.0,988.0,8507,1,0,1,Pedestrian
15,2.0,924.0,66.0,988.0,8508,1,0,1,Pedestrian
15,2.0,924.0,66.0,988.0,8509,1,0,1,Pedestrian
15,2.0,924.0,66.0,988.0,8510,1,0,1,Pedestrian
15,2.0,924.0,66.0,988.0,8511,1,0,1,Pedestrian
15,2.0,924.0,63.0,988.0,8512,1,0,1,Pedestrian
15,2.0,924.0,63.0,988.0,8513,1,0,1,Pedestrian
15,2.0,924.0,63.0,988.0,8514,1,0,1,Pedestrian
15,2.0,924.0,63.0,988.0,8515,1,0,1,Pedestrian
15,2.0,924.0,63.0,988.0,8516,1,0,1,Pedestrian
15,2.0,924.0,63.0,988.0,8517,1,0,1,Pedestrian
15,2.0,924.0,63.0,988.0,8518,1,0,1,Pedestrian
15,2.0,924.0,63.0,988.0,8519,1,0,1,Pedestrian
15,2.0,924.0,63.0,988.0,8520,1,0,1,Pedestrian
15,2.0,924.0,63.0,988.0,8521,1,0,1,Pedestrian
15,2.0,924.0,63.0,988.0,8522,1,0,1,Pedestrian
15,2.0,924.0,63.0,988.0,8523,1,0,1,Pedestrian
15,2.0,924.0,60.0,988.0,8524,1,0,1,Pedestrian
15,2.0,924.0,60.0,988.0,8525,1,0,1,Pedestrian
15,2.0,924.0,60.0,988.0,8526,1,0,1,Pedestrian
15,2.0,924.0,60.0,988.0,8527,1,0,1,Pedestrian
15,2.0,924.0,60.0,988.0,8528,1,0,1,Pedestrian
15,2.0,924.0,60.0,988.0,8529,1,0,1,Pedestrian
15,2.0,924.0,60.0,988.0,8530,1,0,1,Pedestrian
15,2.0,924.0,60.0,988.0,8531,1,0,1,Pedestrian
15,2.0,924.0,60.0,988.0,8532,1,0,1,Pedestrian
15,2.0,924.0,60.0,988.0,8533,1,0,1,Pedestrian
15,2.0,924.0,60.0,988.0,8534,1,0,1,Pedestrian
15,2.0,924.0,57.0,988.0,8535,1,0,1,Pedestrian
15,2.0,924.0,57.0,988.0,8536,1,0,1,Pedestrian
15,2.0,924.0,57.0,988.0,8537,1,0,1,Pedestrian
15,2.0,924.0,57.0,988.0,8538,1,0,1,Pedestrian
15,2.0,924.0,57.0,988.0,8539,1,0,1,Pedestrian
15,2.0,924.0,57.0,988.0,8540,1,0,1,Pedestrian
15,2.0,924.0,57.0,988.0,8541,1,0,1,Pedestrian
15,2.0,924.0,57.0,988.0,8542,1,0,1,Pedestrian
15,2.0,924.0,57.0,988.0,8543,1,0,1,Pedestrian
15,2.0,924.0,57.0,988.0,8544,1,0,1,Pedestrian
15,2.0,924.0,57.0,988.0,8545,1,0,1,Pedestrian
15,2.0,924.0,57.0,988.0,8546,1,0,1,Pedestrian
15,0.0,922.0,55.0,985.0,8547,1,0,1,Pedestrian
15,0.0,922.0,55.0,985.0,8548,1,0,1,Pedestrian
15,0.0,922.0,55.0,985.0,8549,1,0,1,Pedestrian
15,0.0,922.0,55.0,985.0,8550,1,0,1,Pedestrian
15,0.0,922.0,55.0,985.0,8551,1,0,1,Pedestrian
15,0.0,922.0,55.0,985.0,8552,1,0,1,Pedestrian
15,0.0,922.0,55.0,985.0,8553,1,0,1,Pedestrian
15,0.0,922.0,55.0,985.0,8554,1,0,1,Pedestrian
15,0.0,922.0,55.0,985.0,8555,1,0,1,Pedestrian
15,0.0,922.0,55.0,985.0,8556,1,0,1,Pedestrian
15,0.0,922.0,55.0,985.0,8557,1,0,1,Pedestrian
15,0.0,922.0,55.0,985.0,8558,1,0,1,Pedestrian
15,0.0,922.0,52.0,985.0,8559,1,0,1,Pedestrian
15,0.0,922.0,52.0,985.0,8560,1,0,1,Pedestrian
15,0.0,922.0,52.0,985.0,8561,1,0,1,Pedestrian
15,0.0,922.0,52.0,985.0,8562,1,0,1,Pedestrian
15,0.0,922.0,52.0,985.0,8563,1,0,1,Pedestrian
15,0.0,922.0,52.0,985.0,8564,1,0,1,Pedestrian
15,0.0,922.0,52.0,985.0,8565,1,0,1,Pedestrian
15,0.0,922.0,52.0,985.0,8566,1,0,1,Pedestrian
15,0.0,922.0,52.0,985.0,8567,1,0,1,Pedestrian
15,0.0,922.0,52.0,985.0,8568,1,0,1,Pedestrian
15,0.0,922.0,52.0,985.0,8569,1,0,1,Pedestrian
15,0.0,922.0,49.0,985.0,8570,1,0,1,Pedestrian
15,0.0,922.0,49.0,985.0,8571,1,0,1,Pedestrian
15,0.0,922.0,49.0,985.0,8572,1,0,1,Pedestrian
15,0.0,922.0,49.0,985.0,8573,1,0,1,Pedestrian
15,0.0,922.0,49.0,985.0,8574,1,0,1,Pedestrian
15,0.0,922.0,49.0,985.0,8575,1,0,1,Pedestrian
15,0.0,922.0,49.0,985.0,8576,1,0,1,Pedestrian
15,0.0,922.0,49.0,985.0,8577,1,0,1,Pedestrian
15,0.0,922.0,49.0,985.0,8578,1,0,1,Pedestrian
15,0.0,922.0,49.0,985.0,8579,1,0,1,Pedestrian
15,0.0,922.0,49.0,985.0,8580,1,0,1,Pedestrian
15,0.0,922.0,49.0,985.0,8581,1,0,1,Pedestrian
15,0.0,922.0,46.0,985.0,8582,1,0,1,Pedestrian
15,0.0,922.0,46.0,985.0,8583,1,0,1,Pedestrian
15,0.0,922.0,46.0,985.0,8584,1,0,1,Pedestrian
15,0.0,922.0,46.0,985.0,8585,1,0,1,Pedestrian
15,0.0,922.0,46.0,985.0,8586,1,0,1,Pedestrian
15,0.0,922.0,46.0,985.0,8587,1,0,1,Pedestrian
15,0.0,922.0,46.0,985.0,8588,1,0,1,Pedestrian
15,0.0,922.0,46.0,985.0,8589,1,0,1,Pedestrian
15,0.0,922.0,46.0,985.0,8590,1,0,1,Pedestrian
15,0.0,922.0,46.0,985.0,8591,1,0,1,Pedestrian
15,0.0,922.0,46.0,985.0,8592,1,0,1,Pedestrian
15,0.0,922.0,46.0,985.0,8593,0,0,0,Pedestrian
15,0.0,919.0,46.0,983.0,8594,0,0,1,Pedestrian
15,0.0,919.0,46.0,983.0,8595,0,0,1,Pedestrian
15,0.0,919.0,46.0,983.0,8596,0,0,1,Pedestrian
15,0.0,919.0,46.0,983.0,8597,0,0,1,Pedestrian
15,0.0,919.0,46.0,983.0,8598,0,0,1,Pedestrian
15,0.0,919.0,46.0,983.0,8599,0,0,1,Pedestrian
15,0.0,919.0,46.0,983.0,8600,0,0,1,Pedestrian
15,0.0,919.0,46.0,983.0,8601,0,0,1,Pedestrian
15,0.0,917.0,46.0,981.0,8602,0,0,1,Pedestrian
15,0.0,917.0,46.0,981.0,8603,0,0,1,Pedestrian
15,0.0,917.0,46.0,981.0,8604,0,0,1,Pedestrian
15,0.0,917.0,46.0,981.0,8605,0,0,1,Pedestrian
15,0.0,917.0,46.0,981.0,8606,0,0,1,Pedestrian
15,0.0,917.0,46.0,981.0,8607,0,0,1,Pedestrian
15,0.0,917.0,46.0,981.0,8608,0,0,1,Pedestrian
15,0.0,917.0,46.0,981.0,8609,0,0,1,Pedestrian
15,0.0,915.0,46.0,979.0,8610,0,0,1,Pedestrian
15,0.0,915.0,46.0,979.0,8611,0,0,1,Pedestrian
15,0.0,915.0,46.0,979.0,8612,0,0,1,Pedestrian
15,0.0,915.0,46.0,979.0,8613,0,0,1,Pedestrian
15,0.0,915.0,46.0,979.0,8614,0,0,1,Pedestrian
15,0.0,915.0,46.0,979.0,8615,0,0,1,Pedestrian
15,0.0,915.0,46.0,979.0,8616,0,0,1,Pedestrian
15,0.0,915.0,46.0,979.0,8617,0,0,1,Pedestrian
15,0.0,913.0,46.0,976.0,8618,0,0,1,Pedestrian
15,0.0,913.0,46.0,976.0,8619,0,0,1,Pedestrian
15,0.0,913.0,46.0,976.0,8620,0,0,1,Pedestrian
15,0.0,913.0,46.0,976.0,8621,0,0,1,Pedestrian
15,0.0,913.0,46.0,976.0,8622,0,0,1,Pedestrian
15,0.0,913.0,46.0,976.0,8623,0,0,1,Pedestrian
15,0.0,913.0,46.0,976.0,8624,0,0,1,Pedestrian
15,0.0,913.0,46.0,976.0,8625,0,0,1,Pedestrian
15,0.0,913.0,49.0,976.0,8626,0,0,0,Pedestrian
15,0.0,913.0,49.0,976.0,8627,0,0,1,Pedestrian
15,0.0,913.0,52.0,976.0,8628,0,0,1,Pedestrian
15,2.0,913.0,52.0,976.0,8629,0,0,1,Pedestrian
15,2.0,913.0,55.0,976.0,8630,0,0,1,Pedestrian
15,2.0,915.0,55.0,979.0,8631,0,0,1,Pedestrian
15,5.0,915.0,57.0,979.0,8632,0,0,1,Pedestrian
15,5.0,915.0,60.0,979.0,8633,0,0,1,Pedestrian
15,8.0,915.0,60.0,979.0,8634,0,0,1,Pedestrian
15,8.0,917.0,63.0,979.0,8635,0,0,1,Pedestrian
15,8.0,917.0,63.0,981.0,8636,0,0,1,Pedestrian
15,11.0,917.0,66.0,981.0,8637,0,0,1,Pedestrian
15,11.0,917.0,66.0,981.0,8638,0,0,1,Pedestrian
15,11.0,917.0,68.0,981.0,8639,0,0,1,Pedestrian
15,13.0,919.0,71.0,981.0,8640,0,0,1,Pedestrian
15,13.0,919.0,71.0,983.0,8641,0,0,1,Pedestrian
15,16.0,919.0,74.0,983.0,8642,0,0,1,Pedestrian
15,16.0,919.0,74.0,983.0,8643,0,0,1,Pedestrian
15,16.0,922.0,77.0,983.0,8644,0,0,1,Pedestrian
15,19.0,922.0,77.0,983.0,8645,0,0,1,Pedestrian
15,19.0,922.0,79.0,985.0,8646,0,0,1,Pedestrian
15,19.0,922.0,82.0,985.0,8647,0,0,1,Pedestrian
15,22.0,922.0,82.0,985.0,8648,0,0,1,Pedestrian
15,22.0,924.0,85.0,985.0,8649,0,0,1,Pedestrian
15,24.0,924.0,85.0,985.0,8650,0,0,1,Pedestrian
15,24.0,924.0,88.0,988.0,8651,0,0,1,Pedestrian
15,24.0,924.0,88.0,988.0,8652,0,0,1,Pedestrian
15,27.0,926.0,90.0,988.0,8653,0,0,1,Pedestrian
15,27.0,926.0,93.0,988.0,8654,0,0,1,Pedestrian
15,27.0,926.0,93.0,988.0,8655,0,0,1,Pedestrian
15,30.0,926.0,96.0,990.0,8656,0,0,1,Pedestrian
15,30.0,926.0,96.0,990.0,8657,0,0,1,Pedestrian
15,33.0,929.0,99.0,990.0,8658,0,0,1,Pedestrian
15,33.0,929.0,99.0,990.0,8659,0,0,1,Pedestrian
15,33.0,929.0,101.0,990.0,8660,0,0,1,Pedestrian
15,35.0,929.0,104.0,992.0,8661,0,0,1,Pedestrian
15,35.0,931.0,104.0,992.0,8662,0,0,1,Pedestrian
15,35.0,931.0,107.0,992.0,8663,0,0,1,Pedestrian
15,38.0,931.0,107.0,992.0,8664,0,0,1,Pedestrian
15,38.0,931.0,110.0,992.0,8665,0,0,1,Pedestrian
15,41.0,933.0,112.0,995.0,8666,0,0,0,Pedestrian
15,41.0,933.0,112.0,995.0,8667,0,0,1,Pedestrian
15,44.0,933.0,115.0,995.0,8668,0,0,1,Pedestrian
15,44.0,933.0,115.0,995.0,8669,0,0,1,Pedestrian
15,46.0,933.0,118.0,995.0,8670,0,0,1,Pedestrian
15,46.0,933.0,118.0,995.0,8671,0,0,1,Pedestrian
15,49.0,933.0,121.0,995.0,8672,0,0,1,Pedestrian
15,49.0,933.0,121.0,995.0,8673,0,0,1,Pedestrian
15,52.0,935.0,123.0,997.0,8674,0,0,1,Pedestrian
15,55.0,935.0,126.0,997.0,8675,0,0,1,Pedestrian
15,55.0,935.0,126.0,997.0,8676,0,0,1,Pedestrian
15,57.0,935.0,129.0,997.0,8677,0,0,1,Pedestrian
15,57.0,935.0,129.0,997.0,8678,0,0,1,Pedestrian
15,60.0,935.0,132.0,997.0,8679,0,0,1,Pedestrian
15,60.0,935.0,132.0,997.0,8680,0,0,1,Pedestrian
15,63.0,938.0,134.0,999.0,8681,0,0,1,Pedestrian
15,66.0,938.0,137.0,999.0,8682,0,0,1,Pedestrian
15,66.0,938.0,137.0,999.0,8683,0,0,1,Pedestrian
15,68.0,938.0,140.0,999.0,8684,0,0,1,Pedestrian
15,68.0,938.0,140.0,999.0,8685,0,0,1,Pedestrian
15,71.0,938.0,143.0,999.0,8686,0,0,1,Pedestrian
15,71.0,938.0,143.0,999.0,8687,0,0,1,Pedestrian
15,74.0,938.0,145.0,999.0,8688,0,0,1,Pedestrian
15,77.0,940.0,148.0,1001.0,8689,0,0,1,Pedestrian
15,77.0,940.0,148.0,1001.0,8690,0,0,1,Pedestrian
15,79.0,940.0,151.0,1001.0,8691,0,0,1,Pedestrian
15,79.0,940.0,151.0,1001.0,8692,0,0,1,Pedestrian
15,82.0,940.0,154.0,1001.0,8693,0,0,1,Pedestrian
15,82.0,940.0,154.0,1001.0,8694,0,0,1,Pedestrian
15,85.0,940.0,156.0,1001.0,8695,0,0,1,Pedestrian
15,88.0,942.0,159.0,1004.0,8696,0,0,0,Pedestrian
15,88.0,940.0,159.0,1001.0,8697,0,0,1,Pedestrian
15,90.0,940.0,162.0,1001.0,8698,0,0,1,Pedestrian
15,90.0,940.0,162.0,1001.0,8699,0,0,1,Pedestrian
15,93.0,940.0,165.0,1001.0,8700,0,0,1,Pedestrian
15,93.0,940.0,165.0,1001.0,8701,0,0,1,Pedestrian
15,96.0,940.0,167.0,1001.0,8702,0,0,1,Pedestrian
15,96.0,940.0,167.0,1001.0,8703,0,0,1,Pedestrian
15,99.0,940.0,170.0,1001.0,8704,0,0,1,Pedestrian
15,99.0,940.0,170.0,1001.0,8705,0,0,1,Pedestrian
15,101.0,940.0,173.0,1001.0,8706,0,0,1,Pedestrian
15,101.0,940.0,173.0,1001.0,8707,0,0,1,Pedestrian
15,104.0,940.0,176.0,1001.0,8708,0,0,1,Pedestrian
15,104.0,938.0,176.0,999.0,8709,0,0,1,Pedestrian
15,107.0,938.0,178.0,999.0,8710,0,0,1,Pedestrian
15,107.0,938.0,178.0,999.0,8711,0,0,1,Pedestrian
15,110.0,938.0,181.0,999.0,8712,0,0,1,Pedestrian
15,110.0,938.0,181.0,999.0,8713,0,0,1,Pedestrian
15,112.0,938.0,184.0,999.0,8714,0,0,1,Pedestrian
15,112.0,938.0,184.0,999.0,8715,0,0,1,Pedestrian
15,115.0,938.0,187.0,999.0,8716,0,0,1,Pedestrian
15,115.0,938.0,187.0,999.0,8717,0,0,1,Pedestrian
15,118.0,938.0,189.0,999.0,8718,0,0,1,Pedestrian
15,118.0,938.0,189.0,999.0,8719,0,0,1,Pedestrian
15,121.0,938.0,192.0,999.0,8720,0,0,1,Pedestrian
15,121.0,938.0,192.0,999.0,8721,0,0,1,Pedestrian
15,123.0,935.0,195.0,997.0,8722,0,0,1,Pedestrian
15,123.0,935.0,195.0,997.0,8723,0,0,1,Pedestrian
15,126.0,935.0,198.0,997.0,8724,0,0,1,Pedestrian
15,126.0,935.0,198.0,997.0,8725,0,0,1,Pedestrian
15,129.0,935.0,200.0,997.0,8726,0,0,1,Pedestrian
15,129.0,935.0,200.0,997.0,8727,0,0,1,Pedestrian
15,132.0,935.0,203.0,997.0,8728,0,0,1,Pedestrian
15,132.0,935.0,203.0,997.0,8729,0,0,1,Pedestrian
15,134.0,935.0,206.0,997.0,8730,0,0,1,Pedestrian
15,134.0,935.0,206.0,997.0,8731,0,0,1,Pedestrian
15,137.0,935.0,209.0,997.0,8732,0,0,1,Pedestrian
15,137.0,935.0,209.0,997.0,8733,0,0,1,Pedestrian
15,140.0,933.0,211.0,995.0,8734,0,0,1,Pedestrian
15,140.0,933.0,211.0,995.0,8735,0,0,1,Pedestrian
15,143.0,933.0,214.0,995.0,8736,0,0,1,Pedestrian
15,143.0,933.0,214.0,995.0,8737,0,0,1,Pedestrian
15,145.0,933.0,217.0,995.0,8738,0,0,1,Pedestrian
15,145.0,933.0,217.0,995.0,8739,0,0,1,Pedestrian
15,148.0,933.0,220.0,995.0,8740,0,0,1,Pedestrian
15,148.0,933.0,220.0,995.0,8741,0,0,1,Pedestrian
15,151.0,933.0,222.0,995.0,8742,0,0,1,Pedestrian
15,151.0,933.0,222.0,995.0,8743,0,0,1,Pedestrian
15,154.0,933.0,225.0,995.0,8744,0,0,1,Pedestrian
15,154.0,933.0,225.0,995.0,8745,0,0,1,Pedestrian
15,156.0,933.0,228.0,995.0,8746,0,0,0,Pedestrian
15,156.0,931.0,228.0,992.0,8747,0,0,1,Pedestrian
15,159.0,931.0,231.0,992.0,8748,0,0,1,Pedestrian
15,159.0,931.0,231.0,992.0,8749,0,0,1,Pedestrian
15,162.0,931.0,233.0,992.0,8750,0,0,1,Pedestrian
15,162.0,931.0,233.0,992.0,8751,0,0,1,Pedestrian
15,165.0,931.0,236.0,992.0,8752,0,0,1,Pedestrian
15,165.0,931.0,236.0,992.0,8753,0,0,1,Pedestrian
15,167.0,931.0,239.0,992.0,8754,0,0,1,Pedestrian
15,167.0,931.0,239.0,992.0,8755,0,0,1,Pedestrian
15,170.0,931.0,242.0,992.0,8756,0,0,1,Pedestrian
15,173.0,931.0,244.0,992.0,8757,0,0,1,Pedestrian
15,173.0,931.0,244.0,992.0,8758,0,0,1,Pedestrian
15,176.0,931.0,247.0,992.0,8759,0,0,1,Pedestrian
15,176.0,931.0,247.0,992.0,8760,0,0,1,Pedestrian
15,178.0,931.0,250.0,992.0,8761,0,0,1,Pedestrian
15,178.0,931.0,250.0,992.0,8762,0,0,1,Pedestrian
15,181.0,931.0,253.0,992.0,8763,0,0,1,Pedestrian
15,181.0,931.0,253.0,992.0,8764,0,0,1,Pedestrian
15,184.0,931.0,255.0,992.0,8765,0,0,1,Pedestrian
15,187.0,931.0,258.0,992.0,8766,0,0,0,Pedestrian
15,187.0,929.0,258.0,990.0,8767,0,0,1,Pedestrian
15,189.0,929.0,261.0,990.0,8768,0,0,1,Pedestrian
15,189.0,929.0,261.0,990.0,8769,0,0,1,Pedestrian
15,192.0,929.0,264.0,990.0,8770,0,0,1,Pedestrian
15,195.0,929.0,266.0,990.0,8771,0,0,1,Pedestrian
15,195.0,929.0,266.0,990.0,8772,0,0,1,Pedestrian
15,198.0,929.0,269.0,990.0,8773,0,0,1,Pedestrian
15,198.0,929.0,269.0,990.0,8774,0,0,1,Pedestrian
15,200.0,929.0,272.0,990.0,8775,0,0,1,Pedestrian
15,203.0,929.0,275.0,990.0,8776,0,0,1,Pedestrian
15,203.0,929.0,275.0,990.0,8777,0,0,1,Pedestrian
15,206.0,929.0,277.0,990.0,8778,0,0,1,Pedestrian
15,209.0,926.0,280.0,988.0,8779,0,0,1,Pedestrian
15,209.0,926.0,280.0,988.0,8780,0,0,1,Pedestrian
15,211.0,926.0,283.0,988.0,8781,0,0,1,Pedestrian
15,211.0,926.0,283.0,988.0,8782,0,0,1,Pedestrian
15,214.0,926.0,286.0,988.0,8783,0,0,1,Pedestrian
15,217.0,926.0,288.0,988.0,8784,0,0,1,Pedestrian
15,217.0,926.0,288.0,988.0,8785,0,0,1,Pedestrian
15,220.0,926.0,291.0,988.0,8786,0,0,1,Pedestrian
15,222.0,926.0,294.0,988.0,8787,0,0,1,Pedestrian
15,222.0,926.0,294.0,988.0,8788,0,0,1,Pedestrian
15,225.0,926.0,297.0,988.0,8789,0,0,1,Pedestrian
15,225.0,926.0,297.0,988.0,8790,0,0,1,Pedestrian
15,228.0,926.0,299.0,988.0,8791,0,0,1,Pedestrian
15,231.0,924.0,302.0,985.0,8792,0,0,1,Pedestrian
15,231.0,924.0,302.0,985.0,8793,0,0,1,Pedestrian
15,233.0,924.0,305.0,985.0,8794,0,0,1,Pedestrian
15,233.0,924.0,305.0,985.0,8795,0,0,1,Pedestrian
15,236.0,924.0,308.0,985.0,8796,0,0,1,Pedestrian
15,239.0,924.0,310.0,985.0,8797,0,0,1,Pedestrian
15,239.0,924.0,310.0,985.0,8798,0,0,1,Pedestrian
15,242.0,924.0,313.0,985.0,8799,0,0,1,Pedestrian
15,244.0,924.0,316.0,985.0,8800,0,0,1,Pedestrian
15,244.0,924.0,316.0,985.0,8801,0,0,1,Pedestrian
15,247.0,924.0,319.0,985.0,8802,0,0,1,Pedestrian
15,247.0,924.0,319.0,985.0,8803,0,0,1,Pedestrian
15,250.0,922.0,321.0,983.0,8804,0,0,1,Pedestrian
15,253.0,922.0,324.0,983.0,8805,0,0,1,Pedestrian
15,253.0,922.0,324.0,983.0,8806,0,0,1,Pedestrian
15,255.0,922.0,327.0,983.0,8807,0,0,1,Pedestrian
15,258.0,922.0,330.0,983.0,8808,0,0,1,Pedestrian
15,258.0,922.0,330.0,983.0,8809,0,0,1,Pedestrian
15,261.0,922.0,332.0,983.0,8810,0,0,1,Pedestrian
15,261.0,922.0,332.0,983.0,8811,0,0,1,Pedestrian
15,264.0,922.0,335.0,983.0,8812,0,0,1,Pedestrian
15,266.0,922.0,338.0,983.0,8813,0,0,1,Pedestrian
15,266.0,922.0,338.0,983.0,8814,0,0,1,Pedestrian
15,269.0,922.0,341.0,983.0,8815,0,0,1,Pedestrian
15,272.0,922.0,343.0,983.0,8816,0,0,0,Pedestrian
15,272.0,922.0,343.0,983.0,8817,0,0,1,Pedestrian
15,272.0,922.0,343.0,983.0,8818,0,0,1,Pedestrian
15,275.0,922.0,346.0,983.0,8819,0,0,1,Pedestrian
15,275.0,922.0,346.0,983.0,8820,0,0,1,Pedestrian
15,277.0,922.0,349.0,983.0,8821,0,0,1,Pedestrian
15,277.0,922.0,349.0,983.0,8822,0,0,1,Pedestrian
15,280.0,922.0,352.0,983.0,8823,0,0,1,Pedestrian
15,280.0,922.0,352.0,983.0,8824,0,0,1,Pedestrian
15,283.0,922.0,354.0,983.0,8825,0,0,1,Pedestrian
15,283.0,924.0,354.0,985.0,8826,0,0,1,Pedestrian
15,283.0,924.0,354.0,985.0,8827,0,0,1,Pedestrian
15,286.0,924.0,357.0,985.0,8828,0,0,1,Pedestrian
15,286.0,924.0,357.0,985.0,8829,0,0,1,Pedestrian
15,288.0,924.0,360.0,985.0,8830,0,0,1,Pedestrian
15,288.0,924.0,360.0,985.0,8831,0,0,1,Pedestrian
15,291.0,924.0,363.0,985.0,8832,0,0,1,Pedestrian
15,291.0,924.0,363.0,985.0,8833,0,0,1,Pedestrian
15,294.0,924.0,365.0,985.0,8834,0,0,1,Pedestrian
15,294.0,924.0,365.0,985.0,8835,0,0,1,Pedestrian
15,297.0,926.0,368.0,988.0,8836,0,0,0,Pedestrian
15,297.0,926.0,368.0,988.0,8837,0,0,1,Pedestrian
15,297.0,926.0,368.0,988.0,8838,0,0,1,Pedestrian
15,299.0,926.0,371.0,988.0,8839,0,0,1,Pedestrian
15,299.0,926.0,371.0,988.0,8840,0,0,1,Pedestrian
15,302.0,926.0,374.0,988.0,8841,0,0,1,Pedestrian
15,302.0,926.0,374.0,988.0,8842,0,0,1,Pedestrian
15,302.0,926.0,374.0,988.0,8843,0,0,1,Pedestrian
15,305.0,926.0,376.0,988.0,8844,0,0,1,Pedestrian
15,305.0,926.0,376.0,988.0,8845,0,0,1,Pedestrian
15,308.0,929.0,379.0,990.0,8846,0,0,1,Pedestrian
15,308.0,929.0,379.0,990.0,8847,0,0,1,Pedestrian
15,308.0,929.0,379.0,990.0,8848,0,0,1,Pedestrian
15,310.0,929.0,382.0,990.0,8849,0,0,1,Pedestrian
15,310.0,929.0,382.0,990.0,8850,0,0,1,Pedestrian
15,313.0,929.0,385.0,990.0,8851,0,0,1,Pedestrian
15,313.0,929.0,385.0,990.0,8852,0,0,1,Pedestrian
15,313.0,929.0,385.0,990.0,8853,0,0,1,Pedestrian
15,316.0,929.0,387.0,990.0,8854,0,0,1,Pedestrian
15,316.0,929.0,387.0,990.0,8855,0,0,1,Pedestrian
15,319.0,931.0,390.0,992.0,8856,0,0,1,Pedestrian
15,319.0,931.0,390.0,992.0,8857,0,0,1,Pedestrian
15,319.0,931.0,390.0,992.0,8858,0,0,1,Pedestrian
15,321.0,931.0,393.0,992.0,8859,0,0,1,Pedestrian
15,321.0,931.0,393.0,992.0,8860,0,0,1,Pedestrian
15,324.0,931.0,396.0,992.0,8861,0,0,1,Pedestrian
15,324.0,931.0,396.0,992.0,8862,0,0,1,Pedestrian
15,324.0,931.0,396.0,992.0,8863,0,0,1,Pedestrian
15,327.0,931.0,398.0,992.0,8864,0,0,1,Pedestrian
15,327.0,931.0,398.0,992.0,8865,0,0,1,Pedestrian
15,330.0,933.0,401.0,995.0,8866,0,0,0,Pedestrian
15,330.0,933.0,401.0,992.0,8867,0,0,1,Pedestrian
15,332.0,933.0,404.0,992.0,8868,0,0,1,Pedestrian
15,332.0,933.0,404.0,992.0,8869,0,0,1,Pedestrian
15,335.0,933.0,407.0,992.0,8870,0,0,1,Pedestrian
15,335.0,933.0,407.0,992.0,8871,0,0,1,Pedestrian
15,338.0,933.0,409.0,992.0,8872,0,0,1,Pedestrian
15,338.0,933.0,409.0,992.0,8873,0,0,1,Pedestrian
15,341.0,933.0,412.0,992.0,8874,0,0,1,Pedestrian
15,341.0,933.0,412.0,992.0,8875,0,0,1,Pedestrian
15,343.0,933.0,415.0,992.0,8876,0,0,1,Pedestrian
15,346.0,933.0,418.0,992.0,8877,0,0,1,Pedestrian
15,346.0,933.0,418.0,992.0,8878,0,0,1,Pedestrian
15,349.0,933.0,420.0,992.0,8879,0,0,1,Pedestrian
15,349.0,933.0,420.0,992.0,8880,0,0,1,Pedestrian
15,352.0,933.0,423.0,992.0,8881,0,0,1,Pedestrian
15,352.0,933.0,423.0,992.0,8882,0,0,1,Pedestrian
15,354.0,933.0,426.0,992.0,8883,0,0,1,Pedestrian
15,354.0,933.0,426.0,992.0,8884,0,0,1,Pedestrian
15,357.0,933.0,429.0,992.0,8885,0,0,1,Pedestrian
15,360.0,933.0,431.0,992.0,8886,0,0,1,Pedestrian
15,360.0,933.0,431.0,992.0,8887,0,0,1,Pedestrian
15,363.0,933.0,434.0,992.0,8888,0,0,1,Pedestrian
15,363.0,933.0,434.0,992.0,8889,0,0,1,Pedestrian
15,365.0,933.0,437.0,992.0,8890,0,0,1,Pedestrian
15,365.0,933.0,437.0,992.0,8891,0,0,1,Pedestrian
15,368.0,933.0,440.0,992.0,8892,0,0,1,Pedestrian
15,368.0,933.0,440.0,992.0,8893,0,0,1,Pedestrian
15,371.0,933.0,442.0,992.0,8894,0,0,1,Pedestrian
15,371.0,933.0,442.0,992.0,8895,0,0,1,Pedestrian
15,374.0,933.0,445.0,992.0,8896,0,0,1,Pedestrian
15,376.0,933.0,448.0,992.0,8897,0,0,1,Pedestrian
15,376.0,933.0,448.0,992.0,8898,0,0,1,Pedestrian
15,379.0,933.0,451.0,992.0,8899,0,0,1,Pedestrian
15,379.0,933.0,451.0,992.0,8900,0,0,1,Pedestrian
15,382.0,933.0,453.0,992.0,8901,0,0,1,Pedestrian
15,382.0,933.0,453.0,992.0,8902,0,0,1,Pedestrian
15,385.0,933.0,456.0,992.0,8903,0,0,1,Pedestrian
15,385.0,933.0,456.0,992.0,8904,0,0,1,Pedestrian
15,387.0,933.0,459.0,992.0,8905,0,0,1,Pedestrian
15,390.0,933.0,462.0,992.0,8906,0,0,1,Pedestrian
15,390.0,933.0,462.0,992.0,8907,0,0,1,Pedestrian
15,393.0,933.0,464.0,992.0,8908,0,0,1,Pedestrian
15,393.0,933.0,464.0,992.0,8909,0,0,1,Pedestrian
15,396.0,933.0,467.0,992.0,8910,0,0,1,Pedestrian
15,396.0,933.0,467.0,992.0,8911,0,0,1,Pedestrian
15,398.0,933.0,470.0,992.0,8912,0,0,1,Pedestrian
15,398.0,933.0,470.0,992.0,8913,0,0,1,Pedestrian
15,401.0,933.0,473.0,992.0,8914,0,0,1,Pedestrian
15,401.0,933.0,473.0,992.0,8915,0,0,1,Pedestrian
15,404.0,933.0,475.0,992.0,8916,0,0,1,Pedestrian
15,407.0,933.0,478.0,992.0,8917,0,0,1,Pedestrian
15,407.0,933.0,478.0,992.0,8918,0,0,1,Pedestrian
15,409.0,933.0,481.0,992.0,8919,0,0,1,Pedestrian
15,409.0,933.0,481.0,992.0,8920,0,0,1,Pedestrian
15,412.0,933.0,484.0,992.0,8921,0,0,1,Pedestrian
15,412.0,933.0,484.0,992.0,8922,0,0,1,Pedestrian
15,415.0,933.0,486.0,992.0,8923,0,0,1,Pedestrian
15,415.0,933.0,486.0,992.0,8924,0,0,1,Pedestrian
15,418.0,933.0,489.0,992.0,8925,0,0,1,Pedestrian
15,420.0,933.0,492.0,992.0,8926,0,0,0,Pedestrian
15,420.0,933.0,492.0,992.0,8927,0,0,1,Pedestrian
15,423.0,933.0,495.0,992.0,8928,0,0,1,Pedestrian
15,423.0,933.0,495.0,992.0,8929,0,0,1,Pedestrian
15,426.0,933.0,497.0,992.0,8930,0,0,1,Pedestrian
15,426.0,933.0,497.0,992.0,8931,0,0,1,Pedestrian
15,429.0,933.0,500.0,992.0,8932,0,0,1,Pedestrian
15,429.0,933.0,500.0,992.0,8933,0,0,1,Pedestrian
15,431.0,933.0,503.0,992.0,8934,0,0,1,Pedestrian
15,431.0,933.0,503.0,992.0,8935,0,0,1,Pedestrian
15,434.0,933.0,506.0,992.0,8936,0,0,1,Pedestrian
15,437.0,933.0,508.0,992.0,8937,0,0,1,Pedestrian
15,437.0,933.0,508.0,992.0,8938,0,0,1,Pedestrian
15,440.0,933.0,511.0,992.0,8939,0,0,1,Pedestrian
15,440.0,933.0,511.0,992.0,8940,0,0,1,Pedestrian
15,442.0,933.0,514.0,992.0,8941,0,0,1,Pedestrian
15,442.0,933.0,514.0,992.0,8942,0,0,1,Pedestrian
15,445.0,933.0,517.0,992.0,8943,0,0,1,Pedestrian
15,445.0,933.0,517.0,992.0,8944,0,0,1,Pedestrian
15,448.0,933.0,519.0,992.0,8945,0,0,1,Pedestrian
15,451.0,933.0,522.0,992.0,8946,0,0,1,Pedestrian
15,451.0,933.0,522.0,992.0,8947,0,0,1,Pedestrian
15,453.0,933.0,525.0,992.0,8948,0,0,1,Pedestrian
15,453.0,933.0,525.0,992.0,8949,0,0,1,Pedestrian
15,456.0,933.0,528.0,992.0,8950,0,0,1,Pedestrian
15,456.0,933.0,528.0,992.0,8951,0,0,1,Pedestrian
15,459.0,933.0,530.0,992.0,8952,0,0,1,Pedestrian
15,459.0,933.0,530.0,992.0,8953,0,0,1,Pedestrian
15,462.0,933.0,533.0,992.0,8954,0,0,1,Pedestrian
15,462.0,933.0,533.0,992.0,8955,0,0,1,Pedestrian
15,464.0,933.0,536.0,992.0,8956,0,0,1,Pedestrian
15,467.0,933.0,539.0,992.0,8957,0,0,1,Pedestrian
15,467.0,933.0,539.0,992.0,8958,0,0,1,Pedestrian
15,470.0,933.0,541.0,992.0,8959,0,0,1,Pedestrian
15,470.0,933.0,541.0,992.0,8960,0,0,1,Pedestrian
15,473.0,933.0,544.0,992.0,8961,0,0,1,Pedestrian
15,473.0,933.0,544.0,992.0,8962,0,0,1,Pedestrian
15,475.0,933.0,547.0,992.0,8963,0,0,1,Pedestrian
15,475.0,933.0,547.0,992.0,8964,0,0,1,Pedestrian
15,478.0,933.0,550.0,992.0,8965,0,0,1,Pedestrian
15,481.0,933.0,552.0,992.0,8966,0,0,0,Pedestrian
15,481.0,931.0,552.0,990.0,8967,0,0,1,Pedestrian
15,481.0,931.0,552.0,990.0,8968,0,0,1,Pedestrian
15,484.0,931.0,555.0,990.0,8969,0,0,1,Pedestrian
15,484.0,931.0,555.0,990.0,8970,0,0,1,Pedestrian
15,486.0,931.0,558.0,990.0,8971,0,0,1,Pedestrian
15,486.0,929.0,558.0,988.0,8972,0,0,1,Pedestrian
15,486.0,929.0,558.0,988.0,8973,0,0,1,Pedestrian
15,489.0,929.0,561.0,988.0,8974,0,0,1,Pedestrian
15,489.0,929.0,561.0,988.0,8975,0,0,1,Pedestrian
15,492.0,929.0,563.0,988.0,8976,0,0,1,Pedestrian
15,492.0,926.0,563.0,985.0,8977,0,0,1,Pedestrian
15,492.0,926.0,563.0,985.0,8978,0,0,1,Pedestrian
15,495.0,926.0,566.0,985.0,8979,0,0,1,Pedestrian
15,495.0,926.0,566.0,985.0,8980,0,0,1,Pedestrian
15,497.0,926.0,569.0,985.0,8981,0,0,1,Pedestrian
15,497.0,924.0,569.0,983.0,8982,0,0,1,Pedestrian
15,497.0,924.0,569.0,983.0,8983,0,0,1,Pedestrian
15,500.0,924.0,572.0,983.0,8984,0,0,1,Pedestrian
15,500.0,924.0,572.0,983.0,8985,0,0,1,Pedestrian
15,503.0,924.0,574.0,983.0,8986,0,0,0,Pedestrian
15,503.0,924.0,574.0,983.0,8987,0,0,1,Pedestrian
15,506.0,924.0,577.0,983.0,8988,0,0,1,Pedestrian
15,506.0,924.0,577.0,983.0,8989,0,0,1,Pedestrian
15,508.0,924.0,580.0,983.0,8990,0,0,1,Pedestrian
15,508.0,924.0,580.0,983.0,8991,0,0,1,Pedestrian
15,511.0,924.0,583.0,983.0,8992,0,0,1,Pedestrian
15,511.0,924.0,583.0,983.0,8993,0,0,1,Pedestrian
15,514.0,924.0,585.0,983.0,8994,0,0,1,Pedestrian
15,514.0,924.0,585.0,983.0,8995,0,0,1,Pedestrian
15,517.0,924.0,588.0,983.0,8996,0,0,1,Pedestrian
15,517.0,924.0,588.0,983.0,8997,0,0,1,Pedestrian
15,519.0,924.0,591.0,983.0,8998,0,0,1,Pedestrian
15,519.0,924.0,591.0,983.0,8999,0,0,1,Pedestrian
15,522.0,924.0,594.0,983.0,9000,0,0,0,Pedestrian
15,522.0,924.0,594.0,981.0,9001,0,0,1,Pedestrian
15,525.0,924.0,596.0,981.0,9002,0,0,1,Pedestrian
15,525.0,924.0,596.0,981.0,9003,0,0,1,Pedestrian
15,528.0,924.0,599.0,981.0,9004,0,0,1,Pedestrian
15,528.0,924.0,599.0,981.0,9005,0,0,1,Pedestrian
15,530.0,924.0,602.0,981.0,9006,0,0,1,Pedestrian
15,530.0,924.0,602.0,981.0,9007,0,0,1,Pedestrian
15,533.0,924.0,605.0,981.0,9008,0,0,1,Pedestrian
15,533.0,924.0,605.0,981.0,9009,0,0,1,Pedestrian
15,536.0,924.0,607.0,981.0,9010,0,0,1,Pedestrian
15,536.0,924.0,607.0,981.0,9011,0,0,1,Pedestrian
15,539.0,924.0,610.0,981.0,9012,0,0,1,Pedestrian
15,539.0,924.0,610.0,981.0,9013,0,0,1,Pedestrian
15,541.0,924.0,613.0,981.0,9014,0,0,1,Pedestrian
15,541.0,924.0,613.0,981.0,9015,0,0,1,Pedestrian
15,544.0,924.0,616.0,981.0,9016,0,0,1,Pedestrian
15,544.0,924.0,616.0,981.0,9017,0,0,1,Pedestrian
15,547.0,924.0,618.0,981.0,9018,0,0,1,Pedestrian
15,547.0,924.0,621.0,981.0,9019,0,0,1,Pedestrian
15,550.0,924.0,621.0,981.0,9020,0,0,1,Pedestrian
15,550.0,924.0,624.0,981.0,9021,0,0,1,Pedestrian
15,552.0,924.0,624.0,981.0,9022,0,0,1,Pedestrian
15,552.0,924.0,627.0,981.0,9023,0,0,1,Pedestrian
15,555.0,924.0,627.0,979.0,9024,0,0,1,Pedestrian
15,555.0,924.0,629.0,979.0,9025,0,0,1,Pedestrian
15,558.0,924.0,629.0,979.0,9026,0,0,1,Pedestrian
15,558.0,924.0,632.0,979.0,9027,0,0,1,Pedestrian
15,561.0,924.0,632.0,979.0,9028,0,0,1,Pedestrian
15,561.0,924.0,635.0,979.0,9029,0,0,1,Pedestrian
15,563.0,924.0,635.0,979.0,9030,0,0,1,Pedestrian
15,563.0,924.0,638.0,979.0,9031,0,0,1,Pedestrian
15,566.0,924.0,638.0,979.0,9032,0,0,1,Pedestrian
15,566.0,924.0,640.0,979.0,9033,0,0,1,Pedestrian
15,569.0,924.0,640.0,979.0,9034,0,0,1,Pedestrian
15,569.0,924.0,643.0,979.0,9035,0,0,1,Pedestrian
15,572.0,924.0,643.0,979.0,9036,0,0,1,Pedestrian
15,572.0,924.0,646.0,979.0,9037,0,0,1,Pedestrian
15,574.0,924.0,649.0,979.0,9038,0,0,1,Pedestrian
15,574.0,924.0,649.0,979.0,9039,0,0,1,Pedestrian
15,577.0,924.0,651.0,979.0,9040,0,0,1,Pedestrian
15,577.0,924.0,651.0,979.0,9041,0,0,1,Pedestrian
15,580.0,924.0,654.0,979.0,9042,0,0,1,Pedestrian
15,580.0,924.0,654.0,979.0,9043,0,0,1,Pedestrian
15,583.0,924.0,657.0,979.0,9044,0,0,1,Pedestrian
15,583.0,924.0,657.0,979.0,9045,0,0,1,Pedestrian
15,585.0,924.0,660.0,979.0,9046,0,0,1,Pedestrian
15,585.0,924.0,660.0,976.0,9047,0,0,1,Pedestrian
15,588.0,924.0,662.0,976.0,9048,0,0,1,Pedestrian
15,588.0,924.0,662.0,976.0,9049,0,0,1,Pedestrian
15,591.0,924.0,665.0,976.0,9050,0,0,1,Pedestrian
15,591.0,924.0,665.0,976.0,9051,0,0,1,Pedestrian
15,594.0,924.0,668.0,976.0,9052,0,0,1,Pedestrian
15,594.0,924.0,668.0,976.0,9053,0,0,1,Pedestrian
15,596.0,924.0,671.0,976.0,9054,0,0,1,Pedestrian
15,596.0,924.0,673.0,976.0,9055,0,0,1,Pedestrian
15,599.0,924.0,673.0,976.0,9056,0,0,1,Pedestrian
15,599.0,924.0,676.0,976.0,9057,0,0,1,Pedestrian
15,602.0,924.0,676.0,976.0,9058,0,0,1,Pedestrian
15,602.0,924.0,679.0,976.0,9059,0,0,1,Pedestrian
15,605.0,924.0,679.0,976.0,9060,0,0,1,Pedestrian
15,605.0,924.0,682.0,976.0,9061,0,0,1,Pedestrian
15,607.0,924.0,682.0,976.0,9062,0,0,1,Pedestrian
15,607.0,924.0,684.0,976.0,9063,0,0,1,Pedestrian
15,610.0,924.0,684.0,976.0,9064,0,0,1,Pedestrian
15,610.0,924.0,687.0,976.0,9065,0,0,1,Pedestrian
15,613.0,924.0,687.0,976.0,9066,0,0,1,Pedestrian
15,613.0,924.0,690.0,976.0,9067,0,0,1,Pedestrian
15,616.0,924.0,690.0,976.0,9068,0,0,1,Pedestrian
15,616.0,924.0,693.0,976.0,9069,0,0,1,Pedestrian
15,618.0,924.0,693.0,974.0,9070,0,0,1,Pedestrian
15,618.0,924.0,695.0,974.0,9071,0,0,1,Pedestrian
15,621.0,924.0,695.0,974.0,9072,0,0,1,Pedestrian
15,621.0,924.0,698.0,974.0,9073,0,0,1,Pedestrian
15,624.0,924.0,701.0,974.0,9074,0,0,1,Pedestrian
15,624.0,924.0,701.0,974.0,9075,0,0,1,Pedestrian
15,627.0,924.0,704.0,974.0,9076,0,0,1,Pedestrian
15,627.0,924.0,704.0,974.0,9077,0,0,1,Pedestrian
15,629.0,924.0,706.0,974.0,9078,0,0,1,Pedestrian
15,629.0,924.0,706.0,974.0,9079,0,0,1,Pedestrian
15,632.0,924.0,709.0,974.0,9080,0,0,1,Pedestrian
15,632.0,924.0,709.0,974.0,9081,0,0,1,Pedestrian
15,635.0,924.0,712.0,974.0,9082,0,0,1,Pedestrian
15,635.0,924.0,712.0,974.0,9083,0,0,1,Pedestrian
15,638.0,924.0,715.0,974.0,9084,0,0,1,Pedestrian
15,638.0,924.0,715.0,974.0,9085,0,0,1,Pedestrian
15,640.0,924.0,717.0,974.0,9086,0,0,1,Pedestrian
15,640.0,924.0,717.0,974.0,9087,0,0,1,Pedestrian
15,643.0,924.0,720.0,974.0,9088,0,0,1,Pedestrian
15,643.0,924.0,720.0,974.0,9089,0,0,1,Pedestrian
15,646.0,924.0,723.0,974.0,9090,0,0,1,Pedestrian
15,646.0,924.0,726.0,974.0,9091,0,0,1,Pedestrian
15,649.0,924.0,726.0,974.0,9092,0,0,1,Pedestrian
15,649.0,924.0,728.0,974.0,9093,0,0,1,Pedestrian
15,651.0,924.0,728.0,972.0,9094,0,0,1,Pedestrian
15,651.0,924.0,731.0,972.0,9095,0,0,1,Pedestrian
15,654.0,924.0,731.0,972.0,9096,0,0,1,Pedestrian
15,654.0,924.0,734.0,972.0,9097,0,0,1,Pedestrian
15,657.0,924.0,734.0,972.0,9098,0,0,1,Pedestrian
15,657.0,924.0,737.0,972.0,9099,0,0,1,Pedestrian
15,660.0,924.0,737.0,972.0,9100,0,0,1,Pedestrian
15,660.0,924.0,739.0,972.0,9101,0,0,1,Pedestrian
15,662.0,924.0,739.0,972.0,9102,0,0,1,Pedestrian
15,662.0,924.0,742.0,972.0,9103,0,0,1,Pedestrian
15,665.0,924.0,742.0,972.0,9104,0,0,1,Pedestrian
15,665.0,924.0,745.0,972.0,9105,0,0,1,Pedestrian
15,668.0,924.0,745.0,972.0,9106,0,0,1,Pedestrian
15,668.0,924.0,748.0,972.0,9107,0,0,1,Pedestrian
15,671.0,924.0,748.0,972.0,9108,0,0,1,Pedestrian
15,671.0,924.0,750.0,972.0,9109,0,0,1,Pedestrian
15,673.0,924.0,753.0,972.0,9110,0,0,1,Pedestrian
15,673.0,924.0,753.0,972.0,9111,0,0,1,Pedestrian
15,676.0,924.0,756.0,972.0,9112,0,0,1,Pedestrian
15,676.0,924.0,756.0,972.0,9113,0,0,1,Pedestrian
15,679.0,924.0,759.0,972.0,9114,0,0,1,Pedestrian
15,679.0,924.0,759.0,972.0,9115,0,0,1,Pedestrian
15,682.0,924.0,761.0,972.0,9116,0,0,1,Pedestrian
15,682.0,924.0,761.0,970.0,9117,0,0,1,Pedestrian
15,684.0,924.0,764.0,970.0,9118,0,0,1,Pedestrian
15,684.0,924.0,764.0,970.0,9119,0,0,1,Pedestrian
15,687.0,924.0,767.0,970.0,9120,0,0,1,Pedestrian
15,687.0,924.0,767.0,970.0,9121,0,0,1,Pedestrian
15,690.0,924.0,770.0,970.0,9122,0,0,1,Pedestrian
15,690.0,924.0,770.0,970.0,9123,0,0,1,Pedestrian
15,693.0,924.0,772.0,970.0,9124,0,0,1,Pedestrian
15,693.0,924.0,772.0,970.0,9125,0,0,1,Pedestrian
15,695.0,924.0,775.0,970.0,9126,0,0,1,Pedestrian
15,695.0,924.0,778.0,970.0,9127,0,0,1,Pedestrian
15,698.0,924.0,778.0,970.0,9128,0,0,1,Pedestrian
15,698.0,924.0,781.0,970.0,9129,0,0,1,Pedestrian
15,701.0,924.0,781.0,970.0,9130,0,0,1,Pedestrian
15,701.0,924.0,783.0,970.0,9131,0,0,1,Pedestrian
15,704.0,924.0,783.0,970.0,9132,0,0,1,Pedestrian
15,704.0,924.0,786.0,970.0,9133,0,0,1,Pedestrian
15,706.0,924.0,786.0,970.0,9134,0,0,1,Pedestrian
15,706.0,924.0,789.0,970.0,9135,0,0,1,Pedestrian
15,709.0,924.0,789.0,970.0,9136,0,0,1,Pedestrian
15,709.0,924.0,792.0,970.0,9137,0,0,1,Pedestrian
15,712.0,924.0,792.0,970.0,9138,0,0,1,Pedestrian
15,712.0,924.0,794.0,970.0,9139,0,0,1,Pedestrian
15,715.0,924.0,794.0,967.0,9140,0,0,1,Pedestrian
15,715.0,924.0,797.0,967.0,9141,0,0,1,Pedestrian
15,717.0,924.0,797.0,967.0,9142,0,0,1,Pedestrian
15,717.0,924.0,800.0,967.0,9143,0,0,1,Pedestrian
15,720.0,924.0,800.0,967.0,9144,0,0,1,Pedestrian
15,720.0,924.0,803.0,967.0,9145,0,0,1,Pedestrian
15,723.0,924.0,805.0,967.0,9146,0,0,1,Pedestrian
15,723.0,924.0,805.0,967.0,9147,0,0,1,Pedestrian
15,726.0,924.0,808.0,967.0,9148,0,0,1,Pedestrian
15,726.0,924.0,808.0,967.0,9149,0,0,1,Pedestrian
15,728.0,924.0,811.0,967.0,9150,0,0,1,Pedestrian
15,728.0,924.0,811.0,967.0,9151,0,0,1,Pedestrian
15,731.0,924.0,814.0,967.0,9152,0,0,1,Pedestrian
15,731.0,924.0,814.0,967.0,9153,0,0,1,Pedestrian
15,734.0,924.0,816.0,967.0,9154,0,0,1,Pedestrian
15,734.0,924.0,816.0,967.0,9155,0,0,1,Pedestrian
15,737.0,924.0,819.0,967.0,9156,0,0,1,Pedestrian
15,737.0,924.0,819.0,967.0,9157,0,0,1,Pedestrian
15,739.0,924.0,822.0,967.0,9158,0,0,1,Pedestrian
15,739.0,924.0,822.0,967.0,9159,0,0,1,Pedestrian
15,742.0,924.0,825.0,967.0,9160,0,0,1,Pedestrian
15,742.0,924.0,825.0,967.0,9161,0,0,1,Pedestrian
15,745.0,924.0,827.0,967.0,9162,0,0,1,Pedestrian
15,748.0,924.0,830.0,967.0,9163,0,0,0,Pedestrian
15,748.0,922.0,830.0,965.0,9164,0,0,1,Pedestrian
15,750.0,922.0,833.0,965.0,9165,0,0,1,Pedestrian
15,750.0,922.0,833.0,965.0,9166,0,0,1,Pedestrian
15,753.0,922.0,836.0,965.0,9167,0,0,1,Pedestrian
15,756.0,922.0,838.0,965.0,9168,0,0,1,Pedestrian
15,756.0,922.0,838.0,965.0,9169,0,0,1,Pedestrian
15,759.0,922.0,841.0,965.0,9170,0,0,1,Pedestrian
15,759.0,922.0,841.0,965.0,9171,0,0,1,Pedestrian
15,761.0,922.0,844.0,965.0,9172,0,0,1,Pedestrian
15,764.0,922.0,847.0,965.0,9173,0,0,1,Pedestrian
15,764.0,922.0,847.0,965.0,9174,0,0,1,Pedestrian
15,767.0,922.0,849.0,965.0,9175,0,0,1,Pedestrian
15,767.0,922.0,849.0,965.0,9176,0,0,1,Pedestrian
15,770.0,922.0,852.0,965.0,9177,0,0,1,Pedestrian
15,772.0,922.0,855.0,965.0,9178,0,0,1,Pedestrian
15,772.0,922.0,855.0,965.0,9179,0,0,1,Pedestrian
15,775.0,922.0,858.0,965.0,9180,0,0,1,Pedestrian
15,775.0,922.0,858.0,965.0,9181,0,0,1,Pedestrian
15,778.0,922.0,860.0,965.0,9182,0,0,1,Pedestrian
15,781.0,922.0,863.0,965.0,9183,0,0,1,Pedestrian
15,781.0,922.0,863.0,965.0,9184,0,0,1,Pedestrian
15,783.0,922.0,866.0,965.0,9185,0,0,1,Pedestrian
15,783.0,922.0,866.0,965.0,9186,0,0,1,Pedestrian
15,786.0,922.0,869.0,965.0,9187,0,0,1,Pedestrian
15,789.0,922.0,871.0,965.0,9188,0,0,1,Pedestrian
15,789.0,922.0,871.0,965.0,9189,0,0,1,Pedestrian
15,792.0,922.0,874.0,965.0,9190,0,0,1,Pedestrian
15,792.0,922.0,874.0,965.0,9191,0,0,1,Pedestrian
15,794.0,922.0,877.0,965.0,9192,0,0,1,Pedestrian
15,797.0,922.0,880.0,965.0,9193,0,0,1,Pedestrian
15,797.0,922.0,880.0,965.0,9194,0,0,1,Pedestrian
15,800.0,922.0,882.0,965.0,9195,0,0,1,Pedestrian
15,803.0,922.0,885.0,965.0,9196,0,0,1,Pedestrian
15,803.0,922.0,885.0,965.0,9197,0,0,1,Pedestrian
15,805.0,922.0,888.0,965.0,9198,0,0,1,Pedestrian
15,805.0,922.0,888.0,965.0,9199,0,0,1,Pedestrian
15,808.0,922.0,891.0,965.0,9200,0,0,1,Pedestrian
15,811.0,922.0,893.0,965.0,9201,0,0,1,Pedestrian
15,811.0,922.0,893.0,965.0,9202,0,0,1,Pedestrian
15,814.0,922.0,896.0,965.0,9203,0,0,1,Pedestrian
15,814.0,922.0,896.0,965.0,9204,0,0,1,Pedestrian
15,816.0,922.0,899.0,965.0,9205,0,0,1,Pedestrian
15,819.0,922.0,902.0,965.0,9206,0,0,1,Pedestrian
15,819.0,922.0,902.0,965.0,9207,0,0,1,Pedestrian
15,822.0,922.0,904.0,965.0,9208,0,0,1,Pedestrian
15,822.0,922.0,904.0,965.0,9209,0,0,1,Pedestrian
15,825.0,922.0,907.0,965.0,9210,0,0,1,Pedestrian
15,827.0,922.0,910.0,965.0,9211,0,0,1,Pedestrian
15,827.0,922.0,910.0,965.0,9212,0,0,1,Pedestrian
15,830.0,922.0,913.0,965.0,9213,0,0,1,Pedestrian
15,830.0,922.0,913.0,965.0,9214,0,0,1,Pedestrian
15,833.0,922.0,915.0,965.0,9215,0,0,1,Pedestrian
15,836.0,922.0,918.0,965.0,9216,0,0,1,Pedestrian
15,836.0,922.0,918.0,965.0,9217,0,0,1,Pedestrian
15,838.0,922.0,921.0,965.0,9218,0,0,1,Pedestrian
15,838.0,922.0,921.0,965.0,9219,0,0,1,Pedestrian
15,841.0,922.0,924.0,965.0,9220,0,0,1,Pedestrian
15,844.0,922.0,926.0,965.0,9221,0,0,1,Pedestrian
15,844.0,922.0,926.0,965.0,9222,0,0,1,Pedestrian
15,847.0,922.0,929.0,965.0,9223,0,0,1,Pedestrian
15,849.0,922.0,932.0,965.0,9224,0,0,1,Pedestrian
15,849.0,922.0,932.0,965.0,9225,0,0,1,Pedestrian
15,852.0,922.0,935.0,965.0,9226,0,0,1,Pedestrian
15,852.0,922.0,935.0,965.0,9227,0,0,1,Pedestrian
15,855.0,922.0,937.0,965.0,9228,0,0,1,Pedestrian
15,858.0,922.0,940.0,965.0,9229,0,0,1,Pedestrian
15,858.0,922.0,940.0,965.0,9230,0,0,1,Pedestrian
15,860.0,922.0,943.0,965.0,9231,0,0,1,Pedestrian
15,860.0,922.0,943.0,965.0,9232,0,0,1,Pedestrian
15,863.0,922.0,946.0,965.0,9233,0,0,1,Pedestrian
15,866.0,922.0,948.0,965.0,9234,0,0,1,Pedestrian
15,866.0,922.0,948.0,965.0,9235,0,0,1,Pedestrian
15,869.0,922.0,951.0,965.0,9236,0,0,1,Pedestrian
15,869.0,922.0,951.0,965.0,9237,0,0,1,Pedestrian
15,871.0,922.0,954.0,965.0,9238,0,0,1,Pedestrian
15,874.0,922.0,957.0,965.0,9239,0,0,1,Pedestrian
15,874.0,922.0,957.0,965.0,9240,0,0,1,Pedestrian
15,877.0,922.0,959.0,965.0,9241,0,0,1,Pedestrian
15,877.0,922.0,959.0,965.0,9242,0,0,1,Pedestrian
15,880.0,922.0,962.0,965.0,9243,0,0,1,Pedestrian
15,882.0,922.0,965.0,965.0,9244,0,0,1,Pedestrian
15,882.0,922.0,965.0,965.0,9245,0,0,1,Pedestrian
15,885.0,922.0,968.0,965.0,9246,0,0,1,Pedestrian
15,885.0,922.0,968.0,965.0,9247,0,0,1,Pedestrian
15,888.0,922.0,970.0,965.0,9248,0,0,1,Pedestrian
15,891.0,922.0,973.0,965.0,9249,0,0,1,Pedestrian
15,891.0,922.0,973.0,965.0,9250,0,0,1,Pedestrian
15,893.0,922.0,976.0,965.0,9251,0,0,1,Pedestrian
15,896.0,922.0,979.0,965.0,9252,0,0,1,Pedestrian
15,896.0,922.0,979.0,965.0,9253,0,0,1,Pedestrian
15,899.0,922.0,981.0,965.0,9254,0,0,1,Pedestrian
15,899.0,922.0,981.0,965.0,9255,0,0,1,Pedestrian
15,902.0,922.0,984.0,965.0,9256,0,0,1,Pedestrian
15,904.0,922.0,987.0,965.0,9257,0,0,1,Pedestrian
15,904.0,922.0,987.0,965.0,9258,0,0,1,Pedestrian
15,907.0,922.0,990.0,965.0,9259,0,0,1,Pedestrian
15,907.0,922.0,990.0,965.0,9260,0,0,1,Pedestrian
15,910.0,922.0,992.0,965.0,9261,0,0,1,Pedestrian
15,913.0,922.0,995.0,965.0,9262,0,0,1,Pedestrian
15,913.0,922.0,995.0,965.0,9263,0,0,1,Pedestrian
15,915.0,922.0,998.0,965.0,9264,0,0,1,Pedestrian
15,915.0,922.0,998.0,965.0,9265,0,0,1,Pedestrian
15,918.0,922.0,1001.0,965.0,9266,0,0,1,Pedestrian
15,921.0,922.0,1003.0,965.0,9267,0,0,1,Pedestrian
15,921.0,922.0,1003.0,965.0,9268,0,0,1,Pedestrian
15,924.0,922.0,1006.0,965.0,9269,0,0,1,Pedestrian
15,924.0,922.0,1006.0,965.0,9270,0,0,1,Pedestrian
15,926.0,922.0,1009.0,965.0,9271,0,0,1,Pedestrian
15,929.0,922.0,1012.0,965.0,9272,0,0,1,Pedestrian
15,929.0,922.0,1012.0,965.0,9273,0,0,1,Pedestrian
15,932.0,922.0,1014.0,965.0,9274,0,0,1,Pedestrian
15,932.0,922.0,1014.0,965.0,9275,0,0,1,Pedestrian
15,935.0,922.0,1017.0,965.0,9276,0,0,1,Pedestrian
15,937.0,922.0,1020.0,965.0,9277,0,0,1,Pedestrian
15,937.0,922.0,1020.0,965.0,9278,0,0,1,Pedestrian
15,940.0,922.0,1023.0,965.0,9279,0,0,1,Pedestrian
15,943.0,922.0,1025.0,965.0,9280,0,0,0,Pedestrian
15,943.0,919.0,1025.0,963.0,9281,0,0,1,Pedestrian
15,943.0,919.0,1025.0,963.0,9282,0,0,1,Pedestrian
15,943.0,919.0,1025.0,963.0,9283,0,0,1,Pedestrian
15,946.0,919.0,1028.0,963.0,9284,0,0,1,Pedestrian
15,946.0,919.0,1028.0,963.0,9285,0,0,1,Pedestrian
15,946.0,919.0,1028.0,963.0,9286,0,0,1,Pedestrian
15,948.0,919.0,1031.0,963.0,9287,0,0,1,Pedestrian
15,948.0,919.0,1031.0,963.0,9288,0,0,1,Pedestrian
15,948.0,919.0,1031.0,963.0,9289,0,0,1,Pedestrian
15,951.0,919.0,1034.0,963.0,9290,0,0,1,Pedestrian
15,951.0,919.0,1034.0,963.0,9291,0,0,1,Pedestrian
15,951.0,919.0,1034.0,963.0,9292,0,0,1,Pedestrian
15,954.0,919.0,1036.0,963.0,9293,0,0,1,Pedestrian
15,954.0,919.0,1036.0,963.0,9294,0,0,1,Pedestrian
15,954.0,917.0,1036.0,960.0,9295,0,0,1,Pedestrian
15,957.0,917.0,1039.0,960.0,9296,0,0,1,Pedestrian
15,957.0,917.0,1039.0,960.0,9297,0,0,1,Pedestrian
15,957.0,917.0,1039.0,960.0,9298,0,0,1,Pedestrian
15,959.0,917.0,1042.0,960.0,9299,0,0,1,Pedestrian
15,959.0,917.0,1042.0,960.0,9300,0,0,1,Pedestrian
15,959.0,917.0,1042.0,960.0,9301,0,0,1,Pedestrian
15,962.0,917.0,1045.0,960.0,9302,0,0,1,Pedestrian
15,962.0,917.0,1045.0,960.0,9303,0,0,1,Pedestrian
15,962.0,917.0,1045.0,960.0,9304,0,0,1,Pedestrian
15,965.0,917.0,1047.0,960.0,9305,0,0,1,Pedestrian
15,965.0,917.0,1047.0,960.0,9306,0,0,1,Pedestrian
15,965.0,917.0,1047.0,960.0,9307,0,0,1,Pedestrian
15,968.0,917.0,1050.0,960.0,9308,0,0,1,Pedestrian
15,968.0,915.0,1050.0,958.0,9309,0,0,1,Pedestrian
15,968.0,915.0,1050.0,958.0,9310,0,0,1,Pedestrian
15,970.0,915.0,1053.0,958.0,9311,0,0,1,Pedestrian
15,970.0,915.0,1053.0,958.0,9312,0,0,1,Pedestrian
15,970.0,915.0,1053.0,958.0,9313,0,0,1,Pedestrian
15,973.0,915.0,1056.0,958.0,9314,0,0,1,Pedestrian
15,973.0,915.0,1056.0,958.0,9315,0,0,1,Pedestrian
15,973.0,915.0,1056.0,958.0,9316,0,0,1,Pedestrian
15,973.0,915.0,1056.0,958.0,9317,0,0,1,Pedestrian
15,976.0,915.0,1058.0,958.0,9318,0,0,1,Pedestrian
15,976.0,915.0,1058.0,958.0,9319,0,0,1,Pedestrian
15,976.0,915.0,1058.0,958.0,9320,0,0,1,Pedestrian
15,979.0,915.0,1061.0,958.0,9321,0,0,1,Pedestrian
15,979.0,915.0,1061.0,958.0,9322,0,0,1,Pedestrian
15,979.0,913.0,1061.0,956.0,9323,0,0,1,Pedestrian
15,981.0,913.0,1064.0,956.0,9324,0,0,1,Pedestrian
15,981.0,913.0,1064.0,956.0,9325,0,0,1,Pedestrian
15,981.0,913.0,1064.0,956.0,9326,0,0,1,Pedestrian
15,984.0,913.0,1067.0,956.0,9327,0,0,1,Pedestrian
15,984.0,913.0,1067.0,956.0,9328,0,0,1,Pedestrian
15,984.0,913.0,1067.0,956.0,9329,0,0,1,Pedestrian
15,987.0,913.0,1069.0,956.0,9330,0,0,1,Pedestrian
15,987.0,913.0,1069.0,956.0,9331,0,0,1,Pedestrian
15,987.0,913.0,1069.0,956.0,9332,0,0,1,Pedestrian
15,990.0,913.0,1072.0,956.0,9333,0,0,1,Pedestrian
15,990.0,913.0,1072.0,956.0,9334,0,0,1,Pedestrian
15,990.0,913.0,1072.0,956.0,9335,0,0,1,Pedestrian
15,992.0,913.0,1075.0,956.0,9336,0,0,1,Pedestrian
15,992.0,910.0,1075.0,954.0,9337,0,0,1,Pedestrian
15,992.0,910.0,1075.0,954.0,9338,0,0,1,Pedestrian
15,995.0,910.0,1078.0,954.0,9339,0,0,1,Pedestrian
15,995.0,910.0,1078.0,954.0,9340,0,0,1,Pedestrian
15,995.0,910.0,1078.0,954.0,9341,0,0,1,Pedestrian
15,998.0,910.0,1080.0,954.0,9342,0,0,1,Pedestrian
15,998.0,910.0,1080.0,954.0,9343,0,0,1,Pedestrian
15,998.0,910.0,1080.0,954.0,9344,0,0,1,Pedestrian
15,1001.0,910.0,1083.0,954.0,9345,0,0,1,Pedestrian
15,1001.0,910.0,1083.0,954.0,9346,0,0,1,Pedestrian
15,1001.0,910.0,1083.0,954.0,9347,0,0,1,Pedestrian
15,1003.0,910.0,1086.0,954.0,9348,0,0,1,Pedestrian
15,1003.0,910.0,1086.0,954.0,9349,0,0,1,Pedestrian
15,1003.0,910.0,1086.0,954.0,9350,0,0,1,Pedestrian
15,1006.0,910.0,1089.0,954.0,9351,0,0,0,Pedestrian
15,1006.0,910.0,1089.0,954.0,9352,0,0,1,Pedestrian
15,1006.0,910.0,1089.0,954.0,9353,0,0,1,Pedestrian
15,1009.0,910.0,1091.0,954.0,9354,0,0,1,Pedestrian
15,1009.0,910.0,1091.0,954.0,9355,0,0,1,Pedestrian
15,1012.0,910.0,1094.0,954.0,9356,0,0,1,Pedestrian
15,1012.0,910.0,1094.0,954.0,9357,0,0,1,Pedestrian
15,1014.0,910.0,1097.0,954.0,9358,0,0,1,Pedestrian
15,1014.0,910.0,1097.0,954.0,9359,0,0,1,Pedestrian
15,1017.0,910.0,1100.0,954.0,9360,0,0,1,Pedestrian
15,1017.0,910.0,1100.0,954.0,9361,0,0,1,Pedestrian
15,1020.0,910.0,1102.0,954.0,9362,0,0,1,Pedestrian
15,1020.0,910.0,1102.0,954.0,9363,0,0,1,Pedestrian
15,1023.0,910.0,1105.0,954.0,9364,0,0,1,Pedestrian
15,1023.0,910.0,1105.0,954.0,9365,0,0,1,Pedestrian
15,1025.0,910.0,1108.0,954.0,9366,0,0,1,Pedestrian
15,1025.0,910.0,1108.0,954.0,9367,0,0,1,Pedestrian
15,1028.0,910.0,1111.0,954.0,9368,0,0,1,Pedestrian
15,1028.0,910.0,1111.0,954.0,9369,0,0,1,Pedestrian
15,1031.0,910.0,1113.0,954.0,9370,0,0,1,Pedestrian
15,1031.0,910.0,1113.0,954.0,9371,0,0,1,Pedestrian
15,1034.0,910.0,1116.0,954.0,9372,0,0,1,Pedestrian
15,1034.0,910.0,1116.0,954.0,9373,0,0,1,Pedestrian
15,1036.0,910.0,1119.0,954.0,9374,0,0,1,Pedestrian
15,1036.0,910.0,1119.0,954.0,9375,0,0,1,Pedestrian
15,1039.0,910.0,1122.0,954.0,9376,0,0,1,Pedestrian
15,1039.0,910.0,1122.0,954.0,9377,0,0,1,Pedestrian
15,1042.0,910.0,1124.0,954.0,9378,0,0,1,Pedestrian
15,1042.0,910.0,1124.0,954.0,9379,0,0,1,Pedestrian
15,1045.0,910.0,1127.0,954.0,9380,0,0,1,Pedestrian
15,1045.0,910.0,1127.0,954.0,9381,0,0,1,Pedestrian
15,1045.0,910.0,1127.0,954.0,9382,0,0,1,Pedestrian
15,1047.0,910.0,1130.0,954.0,9383,0,0,1,Pedestrian
15,1047.0,910.0,1130.0,954.0,9384,0,0,1,Pedestrian
15,1050.0,910.0,1133.0,954.0,9385,0,0,1,Pedestrian
15,1050.0,910.0,1133.0,954.0,9386,0,0,1,Pedestrian
15,1053.0,910.0,1135.0,954.0,9387,0,0,1,Pedestrian
15,1053.0,910.0,1135.0,954.0,9388,0,0,1,Pedestrian
15,1056.0,910.0,1138.0,954.0,9389,0,0,1,Pedestrian
15,1056.0,910.0,1138.0,954.0,9390,0,0,1,Pedestrian
15,1058.0,910.0,1141.0,954.0,9391,0,0,1,Pedestrian
15,1058.0,910.0,1141.0,954.0,9392,0,0,1,Pedestrian
15,1061.0,910.0,1144.0,954.0,9393,0,0,1,Pedestrian
15,1061.0,910.0,1144.0,954.0,9394,0,0,1,Pedestrian
15,1064.0,910.0,1146.0,954.0,9395,0,0,1,Pedestrian
15,1064.0,910.0,1146.0,954.0,9396,0,0,1,Pedestrian
15,1067.0,910.0,1149.0,954.0,9397,0,0,1,Pedestrian
15,1067.0,910.0,1149.0,954.0,9398,0,0,1,Pedestrian
15,1069.0,910.0,1152.0,954.0,9399,0,0,1,Pedestrian
15,1069.0,910.0,1152.0,954.0,9400,0,0,1,Pedestrian
15,1072.0,910.0,1155.0,954.0,9401,0,0,1,Pedestrian
15,1072.0,910.0,1155.0,954.0,9402,0,0,1,Pedestrian
15,1075.0,910.0,1157.0,954.0,9403,0,0,1,Pedestrian
15,1075.0,910.0,1157.0,954.0,9404,0,0,1,Pedestrian
15,1078.0,910.0,1160.0,954.0,9405,0,0,1,Pedestrian
15,1078.0,910.0,1160.0,954.0,9406,0,0,1,Pedestrian
15,1080.0,910.0,1163.0,954.0,9407,0,0,1,Pedestrian
15,1080.0,910.0,1163.0,954.0,9408,0,0,1,Pedestrian
15,1083.0,910.0,1166.0,954.0,9409,0,0,1,Pedestrian
15,1083.0,910.0,1166.0,954.0,9410,0,0,1,Pedestrian
15,1083.0,910.0,1166.0,954.0,9411,0,0,1,Pedestrian
15,1086.0,910.0,1168.0,954.0,9412,0,0,1,Pedestrian
15,1086.0,910.0,1168.0,954.0,9413,0,0,1,Pedestrian
15,1089.0,910.0,1171.0,954.0,9414,0,0,1,Pedestrian
15,1089.0,910.0,1171.0,954.0,9415,0,0,1,Pedestrian
15,1091.0,910.0,1174.0,954.0,9416,0,0,1,Pedestrian
15,1091.0,910.0,1174.0,954.0,9417,0,0,1,Pedestrian
15,1094.0,910.0,1177.0,954.0,9418,0,0,1,Pedestrian
15,1094.0,910.0,1177.0,954.0,9419,0,0,1,Pedestrian
15,1097.0,910.0,1179.0,954.0,9420,0,0,1,Pedestrian
15,1097.0,910.0,1179.0,954.0,9421,0,0,1,Pedestrian
15,1100.0,910.0,1182.0,954.0,9422,0,0,1,Pedestrian
15,1100.0,910.0,1182.0,954.0,9423,0,0,1,Pedestrian
15,1102.0,910.0,1185.0,954.0,9424,0,0,1,Pedestrian
15,1102.0,910.0,1185.0,954.0,9425,0,0,1,Pedestrian
15,1105.0,910.0,1188.0,954.0,9426,0,0,1,Pedestrian
15,1105.0,910.0,1188.0,954.0,9427,0,0,1,Pedestrian
15,1108.0,910.0,1190.0,954.0,9428,0,0,1,Pedestrian
15,1108.0,910.0,1190.0,954.0,9429,0,0,1,Pedestrian
15,1111.0,910.0,1193.0,954.0,9430,0,0,1,Pedestrian
15,1111.0,910.0,1193.0,954.0,9431,0,0,1,Pedestrian
15,1113.0,910.0,1196.0,954.0,9432,0,0,1,Pedestrian
15,1113.0,910.0,1196.0,954.0,9433,0,0,1,Pedestrian
15,1116.0,910.0,1199.0,954.0,9434,0,0,1,Pedestrian
15,1116.0,910.0,1199.0,954.0,9435,0,0,1,Pedestrian
15,1119.0,910.0,1201.0,954.0,9436,0,0,1,Pedestrian
15,1119.0,910.0,1201.0,954.0,9437,0,0,1,Pedestrian
15,1122.0,910.0,1204.0,954.0,9438,0,0,1,Pedestrian
15,1122.0,910.0,1204.0,954.0,9439,0,0,1,Pedestrian
15,1124.0,910.0,1207.0,954.0,9440,0,0,1,Pedestrian
15,1124.0,910.0,1207.0,954.0,9441,0,0,1,Pedestrian
15,1124.0,910.0,1207.0,954.0,9442,0,0,1,Pedestrian
15,1127.0,910.0,1210.0,954.0,9443,0,0,1,Pedestrian
15,1127.0,910.0,1210.0,954.0,9444,0,0,1,Pedestrian
15,1130.0,910.0,1212.0,954.0,9445,0,0,1,Pedestrian
15,1130.0,910.0,1212.0,954.0,9446,0,0,1,Pedestrian
15,1133.0,910.0,1215.0,954.0,9447,0,0,1,Pedestrian
15,1133.0,910.0,1215.0,954.0,9448,0,0,1,Pedestrian
15,1135.0,910.0,1218.0,954.0,9449,0,0,1,Pedestrian
15,1135.0,910.0,1218.0,954.0,9450,0,0,1,Pedestrian
15,1138.0,910.0,1221.0,954.0,9451,0,0,1,Pedestrian
15,1138.0,910.0,1221.0,954.0,9452,0,0,1,Pedestrian
15,1141.0,910.0,1223.0,954.0,9453,0,0,1,Pedestrian
15,1141.0,910.0,1223.0,954.0,9454,0,0,1,Pedestrian
15,1144.0,910.0,1226.0,954.0,9455,0,0,1,Pedestrian
15,1144.0,910.0,1226.0,954.0,9456,0,0,1,Pedestrian
15,1146.0,910.0,1229.0,954.0,9457,0,0,1,Pedestrian
15,1146.0,910.0,1229.0,954.0,9458,0,0,1,Pedestrian
15,1149.0,910.0,1232.0,954.0,9459,0,0,1,Pedestrian
15,1149.0,910.0,1232.0,954.0,9460,0,0,1,Pedestrian
15,1152.0,910.0,1234.0,954.0,9461,0,0,1,Pedestrian
15,1152.0,910.0,1234.0,954.0,9462,0,0,1,Pedestrian
15,1155.0,910.0,1237.0,954.0,9463,0,0,1,Pedestrian
15,1155.0,910.0,1237.0,954.0,9464,0,0,1,Pedestrian
15,1157.0,910.0,1240.0,954.0,9465,0,0,1,Pedestrian
15,1157.0,910.0,1240.0,954.0,9466,0,0,1,Pedestrian
15,1160.0,910.0,1243.0,954.0,9467,0,0,1,Pedestrian
15,1160.0,910.0,1243.0,954.0,9468,0,0,1,Pedestrian
15,1163.0,910.0,1245.0,954.0,9469,0,0,1,Pedestrian
15,1163.0,910.0,1245.0,954.0,9470,0,0,1,Pedestrian
15,1163.0,910.0,1245.0,954.0,9471,0,0,1,Pedestrian
15,1166.0,910.0,1248.0,954.0,9472,0,0,1,Pedestrian
15,1166.0,910.0,1248.0,954.0,9473,0,0,1,Pedestrian
15,1168.0,910.0,1251.0,954.0,9474,0,0,1,Pedestrian
15,1168.0,910.0,1251.0,954.0,9475,0,0,1,Pedestrian
15,1171.0,910.0,1254.0,954.0,9476,0,0,1,Pedestrian
15,1171.0,910.0,1254.0,954.0,9477,0,0,1,Pedestrian
15,1174.0,910.0,1256.0,954.0,9478,0,0,1,Pedestrian
15,1174.0,910.0,1256.0,954.0,9479,0,0,1,Pedestrian
15,1177.0,910.0,1259.0,954.0,9480,0,0,1,Pedestrian
15,1177.0,910.0,1259.0,954.0,9481,0,0,1,Pedestrian
15,1179.0,910.0,1262.0,954.0,9482,0,0,1,Pedestrian
15,1179.0,910.0,1262.0,954.0,9483,0,0,1,Pedestrian
15,1182.0,910.0,1265.0,954.0,9484,0,0,1,Pedestrian
15,1182.0,910.0,1265.0,954.0,9485,0,0,1,Pedestrian
15,1185.0,910.0,1267.0,954.0,9486,0,0,1,Pedestrian
15,1185.0,910.0,1267.0,954.0,9487,0,0,1,Pedestrian
15,1188.0,910.0,1270.0,954.0,9488,0,0,1,Pedestrian
15,1188.0,910.0,1270.0,954.0,9489,0,0,1,Pedestrian
15,1190.0,910.0,1273.0,954.0,9490,0,0,1,Pedestrian
15,1190.0,910.0,1273.0,954.0,9491,0,0,1,Pedestrian
15,1193.0,910.0,1276.0,954.0,9492,0,0,1,Pedestrian
15,1193.0,910.0,1276.0,954.0,9493,0,0,1,Pedestrian
15,1196.0,910.0,1278.0,954.0,9494,0,0,1,Pedestrian
15,1196.0,910.0,1278.0,954.0,9495,0,0,1,Pedestrian
15,1199.0,910.0,1281.0,954.0,9496,0,0,1,Pedestrian
15,1199.0,910.0,1281.0,954.0,9497,0,0,1,Pedestrian
15,1201.0,910.0,1284.0,954.0,9498,0,0,1,Pedestrian
15,1201.0,910.0,1284.0,954.0,9499,0,0,1,Pedestrian
15,1204.0,913.0,1287.0,956.0,9500,0,0,0,Pedestrian
15,1204.0,913.0,1287.0,954.0,9501,0,0,1,Pedestrian
15,1207.0,913.0,1287.0,954.0,9502,0,0,1,Pedestrian
15,1210.0,913.0,1289.0,954.0,9503,0,0,1,Pedestrian
15,1210.0,913.0,1289.0,954.0,9504,0,0,1,Pedestrian
15,1212.0,913.0,1292.0,954.0,9505,0,0,1,Pedestrian
15,1215.0,913.0,1292.0,954.0,9506,0,0,1,Pedestrian
15,1215.0,913.0,1292.0,954.0,9507,0,0,1,Pedestrian
15,1218.0,913.0,1295.0,954.0,9508,0,0,1,Pedestrian
15,1221.0,913.0,1295.0,954.0,9509,0,0,1,Pedestrian
15,1223.0,913.0,1298.0,954.0,9510,0,0,1,Pedestrian
15,1223.0,913.0,1298.0,954.0,9511,0,0,1,Pedestrian
15,1226.0,913.0,1298.0,954.0,9512,0,0,1,Pedestrian
15,1229.0,913.0,1300.0,954.0,9513,0,0,1,Pedestrian
15,1229.0,913.0,1300.0,954.0,9514,0,0,1,Pedestrian
15,1232.0,913.0,1303.0,954.0,9515,0,0,1,Pedestrian
15,1234.0,913.0,1303.0,954.0,9516,0,0,1,Pedestrian
15,1234.0,913.0,1303.0,954.0,9517,0,0,1,Pedestrian
15,1237.0,913.0,1306.0,954.0,9518,0,0,1,Pedestrian
15,1240.0,913.0,1306.0,954.0,9519,0,0,1,Pedestrian
15,1243.0,913.0,1309.0,954.0,9520,0,0,1,Pedestrian
15,1243.0,913.0,1309.0,951.0,9521,0,0,1,Pedestrian
15,1245.0,913.0,1309.0,951.0,9522,0,0,1,Pedestrian
15,1248.0,913.0,1311.0,951.0,9523,0,0,1,Pedestrian
15,1248.0,913.0,1311.0,951.0,9524,0,0,1,Pedestrian
15,1251.0,913.0,1314.0,951.0,9525,0,0,1,Pedestrian
15,1254.0,913.0,1314.0,951.0,9526,0,0,1,Pedestrian
15,1254.0,913.0,1314.0,951.0,9527,0,0,1,Pedestrian
15,1256.0,913.0,1317.0,951.0,9528,0,0,1,Pedestrian
15,1259.0,913.0,1317.0,951.0,9529,0,0,1,Pedestrian
15,1262.0,913.0,1320.0,951.0,9530,0,0,1,Pedestrian
15,1262.0,913.0,1320.0,951.0,9531,0,0,1,Pedestrian
15,1265.0,913.0,1320.0,951.0,9532,0,0,1,Pedestrian
15,1267.0,913.0,1322.0,951.0,9533,0,0,1,Pedestrian
15,1267.0,913.0,1322.0,951.0,9534,0,0,1,Pedestrian
15,1270.0,913.0,1325.0,951.0,9535,0,0,1,Pedestrian
15,1273.0,913.0,1325.0,951.0,9536,0,0,1,Pedestrian
15,1273.0,913.0,1325.0,951.0,9537,0,0,1,Pedestrian
15,1276.0,913.0,1328.0,951.0,9538,0,0,1,Pedestrian
15,1278.0,913.0,1328.0,951.0,9539,0,0,1,Pedestrian
15,1281.0,913.0,1331.0,951.0,9540,0,0,0,Pedestrian
15,1281.0,913.0,1331.0,951.0,9541,0,0,1,Pedestrian
15,1284.0,913.0,1333.0,951.0,9542,0,0,1,Pedestrian
15,1284.0,913.0,1333.0,951.0,9543,0,0,1,Pedestrian
15,1287.0,913.0,1336.0,951.0,9544,0,0,1,Pedestrian
15,1287.0,913.0,1336.0,951.0,9545,0,0,1,Pedestrian
15,1289.0,913.0,1339.0,951.0,9546,0,0,1,Pedestrian
15,1292.0,913.0,1342.0,951.0,9547,0,0,1,Pedestrian
15,1292.0,913.0,1342.0,951.0,9548,0,0,1,Pedestrian
15,1295.0,913.0,1344.0,951.0,9549,0,0,1,Pedestrian
15,1295.0,913.0,1344.0,951.0,9550,0,0,1,Pedestrian
15,1298.0,913.0,1347.0,951.0,9551,0,0,1,Pedestrian
15,1298.0,913.0,1347.0,951.0,9552,0,0,1,Pedestrian
15,1300.0,913.0,1350.0,951.0,9553,0,0,1,Pedestrian
15,1303.0,913.0,1353.0,951.0,9554,0,0,1,Pedestrian
15,1303.0,913.0,1353.0,951.0,9555,0,0,1,Pedestrian
15,1306.0,913.0,1355.0,951.0,9556,0,0,1,Pedestrian
15,1306.0,913.0,1355.0,951.0,9557,0,0,1,Pedestrian
15,1309.0,913.0,1358.0,951.0,9558,0,0,1,Pedestrian
15,1309.0,913.0,1358.0,951.0,9559,0,0,1,Pedestrian
15,1311.0,913.0,1361.0,951.0,9560,0,0,1,Pedestrian
15,1314.0,913.0,1364.0,951.0,9561,0,0,1,Pedestrian
15,1314.0,913.0,1364.0,951.0,9562,0,0,1,Pedestrian
15,1317.0,913.0,1366.0,954.0,9563,0,0,1,Pedestrian
15,1317.0,913.0,1366.0,954.0,9564,0,0,1,Pedestrian
15,1320.0,913.0,1369.0,954.0,9565,0,0,1,Pedestrian
15,1322.0,913.0,1372.0,954.0,9566,0,0,1,Pedestrian
15,1322.0,913.0,1372.0,954.0,9567,0,0,1,Pedestrian
15,1325.0,913.0,1375.0,954.0,9568,0,0,1,Pedestrian
15,1325.0,913.0,1375.0,954.0,9569,0,0,1,Pedestrian
15,1328.0,915.0,1377.0,954.0,9570,0,0,1,Pedestrian
15,1328.0,915.0,1377.0,954.0,9571,0,0,1,Pedestrian
15,1331.0,915.0,1380.0,954.0,9572,0,0,1,Pedestrian
15,1333.0,915.0,1383.0,954.0,9573,0,0,1,Pedestrian
15,1333.0,915.0,1383.0,954.0,9574,0,0,1,Pedestrian
15,1336.0,915.0,1386.0,954.0,9575,0,0,1,Pedestrian
15,1336.0,915.0,1386.0,954.0,9576,0,0,1,Pedestrian
15,1339.0,915.0,1388.0,954.0,9577,0,0,1,Pedestrian
15,1339.0,915.0,1388.0,954.0,9578,0,0,1,Pedestrian
15,1342.0,915.0,1391.0,954.0,9579,0,0,1,Pedestrian
15,1344.0,915.0,1394.0,954.0,9580,0,0,1,Pedestrian
15,1344.0,915.0,1394.0,954.0,9581,0,0,1,Pedestrian
15,1347.0,915.0,1397.0,954.0,9582,0,0,1,Pedestrian
15,1347.0,915.0,1397.0,954.0,9583,0,0,1,Pedestrian
15,1350.0,915.0,1399.0,954.0,9584,0,0,1,Pedestrian
15,1353.0,915.0,1402.0,956.0,9585,0,0,1,Pedestrian
15,1353.0,915.0,1402.0,956.0,9586,0,0,1,Pedestrian
15,1355.0,915.0,1405.0,956.0,9587,0,0,1,Pedestrian
15,1355.0,915.0,1405.0,956.0,9588,0,0,1,Pedestrian
15,1358.0,915.0,1408.0,956.0,9589,0,0,1,Pedestrian
15,1358.0,915.0,1408.0,956.0,9590,0,0,1,Pedestrian
15,1361.0,915.0,1410.0,956.0,9591,0,0,1,Pedestrian
15,1364.0,915.0,1413.0,956.0,9592,0,0,1,Pedestrian
15,1364.0,915.0,1413.0,956.0,9593,0,0,1,Pedestrian
15,1366.0,915.0,1416.0,956.0,9594,0,0,1,Pedestrian
15,1366.0,915.0,1416.0,956.0,9595,0,0,1,Pedestrian
15,1369.0,915.0,1419.0,956.0,9596,0,0,1,Pedestrian
15,1369.0,915.0,1419.0,956.0,9597,0,0,1,Pedestrian
15,1372.0,915.0,1421.0,956.0,9598,0,0,1,Pedestrian
15,1375.0,915.0,1424.0,956.0,9599,0,0,1,Pedestrian
15,1375.0,917.0,1424.0,956.0,9600,0,0,1,Pedestrian
15,1377.0,917.0,1427.0,956.0,9601,0,0,1,Pedestrian
15,1377.0,917.0,1427.0,956.0,9602,0,0,1,Pedestrian
15,1380.0,917.0,1430.0,956.0,9603,0,0,1,Pedestrian
15,1380.0,917.0,1430.0,956.0,9604,0,0,1,Pedestrian
15,1383.0,917.0,1432.0,956.0,9605,0,0,1,Pedestrian
15,1386.0,917.0,1435.0,956.0,9606,0,0,1,Pedestrian
15,1386.0,917.0,1435.0,956.0,9607,0,0,1,Pedestrian
15,1388.0,917.0,1438.0,958.0,9608,0,0,1,Pedestrian
15,1388.0,917.0,1438.0,958.0,9609,0,0,1,Pedestrian
15,1391.0,917.0,1441.0,958.0,9610,0,0,1,Pedestrian
15,1394.0,917.0,1443.0,958.0,9611,0,0,1,Pedestrian
15,1394.0,917.0,1443.0,958.0,9612,0,0,1,Pedestrian
15,1397.0,917.0,1446.0,958.0,9613,0,0,1,Pedestrian
15,1397.0,917.0,1446.0,958.0,9614,0,0,1,Pedestrian
15,1399.0,917.0,1449.0,958.0,9615,0,0,1,Pedestrian
15,1399.0,917.0,1449.0,958.0,9616,0,0,1,Pedestrian
15,1402.0,917.0,1452.0,958.0,9617,0,0,1,Pedestrian
15,1405.0,917.0,1454.0,958.0,9618,0,0,1,Pedestrian
15,1405.0,917.0,1454.0,958.0,9619,0,0,1,Pedestrian
15,1408.0,917.0,1457.0,958.0,9620,0,0,1,Pedestrian
15,1408.0,917.0,1457.0,958.0,9621,0,0,1,Pedestrian
15,1410.0,917.0,1460.0,958.0,9622,0,0,1,Pedestrian
15,1410.0,917.0,1460.0,958.0,9623,0,0,1,Pedestrian
15,1413.0,917.0,1463.0,958.0,9624,0,0,1,Pedestrian
15,1416.0,917.0,1465.0,958.0,9625,0,0,1,Pedestrian
15,1416.0,917.0,1465.0,958.0,9626,0,0,1,Pedestrian
15,1419.0,917.0,1468.0,958.0,9627,0,0,1,Pedestrian
15,1419.0,917.0,1468.0,958.0,9628,0,0,1,Pedestrian
15,1421.0,917.0,1471.0,958.0,9629,0,0,1,Pedestrian
15,1424.0,919.0,1474.0,960.0,9630,0,0,0,Pedestrian
15,1424.0,919.0,1474.0,960.0,9631,0,0,1,Pedestrian
15,1427.0,919.0,1476.0,960.0,9632,0,0,1,Pedestrian
15,1427.0,919.0,1476.0,960.0,9633,0,0,1,Pedestrian
15,1430.0,919.0,1479.0,960.0,9634,0,0,1,Pedestrian
15,1430.0,919.0,1479.0,960.0,9635,0,0,1,Pedestrian
15,1432.0,919.0,1482.0,960.0,9636,0,0,1,Pedestrian
15,1432.0,919.0,1482.0,960.0,9637,0,0,1,Pedestrian
15,1435.0,919.0,1485.0,960.0,9638,0,0,1,Pedestrian
15,1435.0,919.0,1485.0,960.0,9639,0,0,1,Pedestrian
15,1438.0,919.0,1487.0,960.0,9640,0,0,1,Pedestrian
15,1438.0,919.0,1487.0,960.0,9641,0,0,1,Pedestrian
15,1441.0,919.0,1490.0,960.0,9642,0,0,1,Pedestrian
15,1441.0,919.0,1490.0,960.0,9643,0,0,1,Pedestrian
15,1443.0,919.0,1493.0,960.0,9644,0,0,1,Pedestrian
15,1443.0,919.0,1493.0,960.0,9645,0,0,1,Pedestrian
15,1446.0,919.0,1496.0,960.0,9646,0,0,1,Pedestrian
15,1446.0,919.0,1496.0,960.0,9647,0,0,1,Pedestrian
15,1449.0,919.0,1498.0,960.0,9648,0,0,1,Pedestrian
15,1449.0,919.0,1498.0,960.0,9649,0,0,1,Pedestrian
15,1452.0,919.0,1501.0,960.0,9650,0,0,1,Pedestrian
15,1452.0,919.0,1501.0,960.0,9651,0,0,1,Pedestrian
15,1454.0,919.0,1504.0,960.0,9652,0,0,1,Pedestrian
15,1454.0,919.0,1504.0,960.0,9653,0,0,1,Pedestrian
15,1457.0,919.0,1507.0,960.0,9654,0,0,1,Pedestrian
15,1457.0,919.0,1507.0,960.0,9655,0,0,1,Pedestrian
15,1460.0,919.0,1509.0,960.0,9656,0,0,1,Pedestrian
15,1460.0,919.0,1509.0,960.0,9657,0,0,1,Pedestrian
15,1463.0,919.0,1512.0,960.0,9658,0,0,1,Pedestrian
15,1463.0,919.0,1512.0,960.0,9659,0,0,1,Pedestrian
15,1465.0,919.0,1515.0,960.0,9660,0,0,1,Pedestrian
15,1468.0,919.0,1518.0,960.0,9661,0,0,1,Pedestrian
15,1468.0,919.0,1518.0,960.0,9662,0,0,1,Pedestrian
15,1471.0,919.0,1520.0,960.0,9663,0,0,1,Pedestrian
15,1471.0,919.0,1520.0,960.0,9664,0,0,1,Pedestrian
15,1474.0,919.0,1523.0,960.0,9665,0,0,1,Pedestrian
15,1474.0,919.0,1523.0,960.0,9666,0,0,1,Pedestrian
15,1476.0,919.0,1526.0,960.0,9667,0,0,1,Pedestrian
15,1476.0,919.0,1526.0,960.0,9668,0,0,1,Pedestrian
15,1479.0,919.0,1529.0,960.0,9669,0,0,1,Pedestrian
15,1479.0,919.0,1529.0,960.0,9670,0,0,1,Pedestrian
15,1482.0,919.0,1531.0,960.0,9671,0,0,1,Pedestrian
15,1482.0,919.0,1531.0,960.0,9672,0,0,1,Pedestrian
15,1485.0,919.0,1534.0,960.0,9673,0,0,1,Pedestrian
15,1485.0,919.0,1534.0,960.0,9674,0,0,1,Pedestrian
15,1487.0,919.0,1537.0,960.0,9675,0,0,1,Pedestrian
15,1487.0,919.0,1537.0,960.0,9676,0,0,1,Pedestrian
15,1490.0,919.0,1540.0,960.0,9677,0,0,1,Pedestrian
15,1490.0,919.0,1540.0,960.0,9678,0,0,1,Pedestrian
15,1493.0,919.0,1542.0,960.0,9679,0,0,1,Pedestrian
15,1493.0,919.0,1542.0,960.0,9680,0,0,1,Pedestrian
15,1496.0,919.0,1545.0,960.0,9681,0,0,1,Pedestrian
15,1496.0,919.0,1545.0,960.0,9682,0,0,1,Pedestrian
15,1498.0,919.0,1548.0,960.0,9683,0,0,1,Pedestrian
15,1498.0,919.0,1548.0,960.0,9684,0,0,1,Pedestrian
15,1501.0,919.0,1551.0,960.0,9685,0,0,1,Pedestrian
15,1501.0,919.0,1551.0,960.0,9686,0,0,1,Pedestrian
15,1504.0,919.0,1553.0,960.0,9687,0,0,1,Pedestrian
15,1504.0,919.0,1553.0,960.0,9688,0,0,1,Pedestrian
15,1507.0,919.0,1556.0,960.0,9689,0,0,1,Pedestrian
15,1509.0,919.0,1559.0,960.0,9690,0,0,0,Pedestrian
15,1509.0,919.0,1559.0,960.0,9691,0,0,1,Pedestrian
15,1509.0,919.0,1559.0,960.0,9692,0,0,1,Pedestrian
15,1512.0,919.0,1562.0,960.0,9693,0,0,1,Pedestrian
15,1512.0,919.0,1562.0,960.0,9694,0,0,1,Pedestrian
15,1515.0,919.0,1564.0,960.0,9695,0,0,1,Pedestrian
15,1515.0,919.0,1564.0,960.0,9696,0,0,1,Pedestrian
15,1518.0,919.0,1567.0,960.0,9697,0,0,1,Pedestrian
15,1518.0,919.0,1567.0,960.0,9698,0,0,1,Pedestrian
15,1518.0,919.0,1567.0,960.0,9699,0,0,1,Pedestrian
15,1520.0,919.0,1570.0,960.0,9700,0,0,1,Pedestrian
15,1520.0,919.0,1570.0,960.0,9701,0,0,1,Pedestrian
15,1523.0,919.0,1573.0,960.0,9702,0,0,1,Pedestrian
15,1523.0,919.0,1573.0,960.0,9703,0,0,1,Pedestrian
15,1526.0,919.0,1575.0,960.0,9704,0,0,1,Pedestrian
15,1526.0,919.0,1575.0,960.0,9705,0,0,1,Pedestrian
15,1529.0,919.0,1578.0,960.0,9706,0,0,1,Pedestrian
15,1529.0,919.0,1578.0,960.0,9707,0,0,1,Pedestrian
15,1529.0,919.0,1578.0,960.0,9708,0,0,1,Pedestrian
15,1531.0,919.0,1581.0,960.0,9709,0,0,1,Pedestrian
15,1531.0,919.0,1581.0,960.0,9710,0,0,1,Pedestrian
15,1534.0,919.0,1584.0,960.0,9711,0,0,1,Pedestrian
15,1534.0,919.0,1584.0,960.0,9712,0,0,1,Pedestrian
15,1537.0,919.0,1586.0,960.0,9713,0,0,1,Pedestrian
15,1537.0,919.0,1586.0,960.0,9714,0,0,1,Pedestrian
15,1540.0,919.0,1589.0,960.0,9715,0,0,1,Pedestrian
15,1540.0,919.0,1589.0,960.0,9716,0,0,1,Pedestrian
15,1540.0,919.0,1589.0,960.0,9717,0,0,1,Pedestrian
15,1542.0,919.0,1592.0,960.0,9718,0,0,1,Pedestrian
15,1542.0,919.0,1592.0,960.0,9719,0,0,1,Pedestrian
15,1545.0,919.0,1595.0,960.0,9720,0,0,1,Pedestrian
15,1545.0,919.0,1595.0,960.0,9721,0,0,1,Pedestrian
15,1548.0,919.0,1597.0,960.0,9722,0,0,1,Pedestrian
15,1548.0,919.0,1597.0,960.0,9723,0,0,1,Pedestrian
15,1551.0,919.0,1600.0,960.0,9724,0,0,1,Pedestrian
15,1551.0,919.0,1600.0,960.0,9725,0,0,1,Pedestrian
15,1551.0,919.0,1600.0,960.0,9726,0,0,1,Pedestrian
15,1553.0,919.0,1603.0,960.0,9727,0,0,1,Pedestrian
15,1553.0,919.0,1603.0,960.0,9728,0,0,1,Pedestrian
15,1556.0,919.0,1606.0,960.0,9729,0,0,1,Pedestrian
15,1556.0,919.0,1606.0,960.0,9730,0,0,1,Pedestrian
15,1559.0,919.0,1608.0,960.0,9731,0,0,1,Pedestrian
15,1559.0,919.0,1608.0,960.0,9732,0,0,1,Pedestrian
15,1562.0,919.0,1611.0,960.0,9733,0,0,1,Pedestrian
15,1562.0,919.0,1611.0,960.0,9734,0,0,1,Pedestrian
15,1562.0,919.0,1611.0,960.0,9735,0,0,1,Pedestrian
15,1564.0,919.0,1614.0,960.0,9736,0,0,1,Pedestrian
15,1564.0,919.0,1614.0,960.0,9737,0,0,1,Pedestrian
15,1567.0,919.0,1617.0,960.0,9738,0,0,1,Pedestrian
15,1567.0,919.0,1617.0,960.0,9739,0,0,1,Pedestrian
15,1570.0,919.0,1619.0,960.0,9740,0,0,1,Pedestrian
15,1570.0,919.0,1619.0,960.0,9741,0,0,1,Pedestrian
15,1573.0,919.0,1622.0,960.0,9742,0,0,1,Pedestrian
15,1573.0,919.0,1622.0,960.0,9743,0,0,1,Pedestrian
15,1573.0,919.0,1622.0,960.0,9744,0,0,1,Pedestrian
15,1575.0,919.0,1625.0,960.0,9745,0,0,1,Pedestrian
15,1575.0,919.0,1625.0,960.0,9746,0,0,1,Pedestrian
15,1578.0,919.0,1628.0,960.0,9747,0,0,1,Pedestrian
15,1578.0,919.0,1628.0,960.0,9748,0,0,1,Pedestrian
15,1581.0,919.0,1630.0,960.0,9749,0,0,1,Pedestrian
15,1581.0,919.0,1630.0,960.0,9750,0,0,1,Pedestrian
15,1584.0,919.0,1633.0,960.0,9751,0,0,1,Pedestrian
15,1584.0,919.0,1633.0,960.0,9752,0,0,1,Pedestrian
15,1584.0,919.0,1633.0,960.0,9753,0,0,1,Pedestrian
15,1586.0,919.0,1636.0,960.0,9754,0,0,1,Pedestrian
15,1586.0,919.0,1636.0,960.0,9755,0,0,1,Pedestrian
15,1589.0,919.0,1639.0,960.0,9756,0,0,1,Pedestrian
15,1589.0,919.0,1639.0,960.0,9757,0,0,1,Pedestrian
15,1592.0,919.0,1641.0,960.0,9758,0,0,1,Pedestrian
15,1592.0,919.0,1641.0,960.0,9759,0,0,1,Pedestrian
15,1595.0,919.0,1644.0,960.0,9760,0,0,0,Pedestrian
15,1595.0,917.0,1644.0,958.0,9761,0,0,1,Pedestrian
15,1597.0,917.0,1647.0,958.0,9762,0,0,1,Pedestrian
15,1597.0,917.0,1647.0,958.0,9763,0,0,1,Pedestrian
15,1600.0,917.0,1650.0,958.0,9764,0,0,1,Pedestrian
15,1600.0,917.0,1650.0,958.0,9765,0,0,1,Pedestrian
15,1603.0,917.0,1652.0,958.0,9766,0,0,1,Pedestrian
15,1603.0,917.0,1652.0,958.0,9767,0,0,1,Pedestrian
15,1606.0,917.0,1655.0,958.0,9768,0,0,1,Pedestrian
15,1606.0,917.0,1655.0,958.0,9769,0,0,1,Pedestrian
15,1608.0,917.0,1658.0,958.0,9770,0,0,1,Pedestrian
15,1608.0,917.0,1658.0,958.0,9771,0,0,1,Pedestrian
15,1611.0,917.0,1661.0,958.0,9772,0,0,1,Pedestrian
15,1611.0,917.0,1661.0,958.0,9773,0,0,1,Pedestrian
15,1614.0,917.0,1663.0,958.0,9774,0,0,1,Pedestrian
15,1614.0,917.0,1663.0,958.0,9775,0,0,1,Pedestrian
15,1617.0,917.0,1666.0,958.0,9776,0,0,1,Pedestrian
15,1617.0,917.0,1666.0,958.0,9777,0,0,1,Pedestrian
15,1619.0,917.0,1669.0,958.0,9778,0,0,1,Pedestrian
15,1619.0,917.0,1669.0,958.0,9779,0,0,1,Pedestrian
15,1622.0,917.0,1672.0,958.0,9780,0,0,1,Pedestrian
15,1622.0,917.0,1672.0,958.0,9781,0,0,1,Pedestrian
15,1625.0,917.0,1674.0,958.0,9782,0,0,1,Pedestrian
15,1625.0,917.0,1674.0,958.0,9783,0,0,1,Pedestrian
15,1628.0,917.0,1677.0,958.0,9784,0,0,1,Pedestrian
15,1628.0,917.0,1677.0,958.0,9785,0,0,1,Pedestrian
15,1630.0,917.0,1680.0,958.0,9786,0,0,1,Pedestrian
15,1630.0,917.0,1680.0,958.0,9787,0,0,1,Pedestrian
15,1633.0,917.0,1683.0,958.0,9788,0,0,1,Pedestrian
15,1633.0,917.0,1683.0,958.0,9789,0,0,1,Pedestrian
15,1636.0,917.0,1685.0,958.0,9790,0,0,1,Pedestrian
15,1636.0,917.0,1685.0,958.0,9791,0,0,1,Pedestrian
15,1639.0,917.0,1688.0,958.0,9792,0,0,1,Pedestrian
15,1639.0,917.0,1688.0,958.0,9793,0,0,1,Pedestrian
15,1641.0,917.0,1691.0,958.0,9794,0,0,1,Pedestrian
15,1641.0,917.0,1691.0,958.0,9795,0,0,1,Pedestrian
15,1644.0,917.0,1694.0,958.0,9796,0,0,1,Pedestrian
15,1644.0,917.0,1694.0,958.0,9797,0,0,1,Pedestrian
15,1647.0,917.0,1696.0,958.0,9798,0,0,1,Pedestrian
15,1647.0,917.0,1696.0,958.0,9799,0,0,1,Pedestrian
15,1650.0,917.0,1699.0,958.0,9800,0,0,1,Pedestrian
15,1650.0,917.0,1699.0,958.0,9801,0,0,1,Pedestrian
15,1652.0,917.0,1702.0,958.0,9802,0,0,1,Pedestrian
15,1652.0,917.0,1702.0,958.0,9803,0,0,1,Pedestrian
15,1655.0,917.0,1705.0,958.0,9804,0,0,1,Pedestrian
15,1655.0,917.0,1705.0,958.0,9805,0,0,1,Pedestrian
15,1658.0,917.0,1707.0,958.0,9806,0,0,1,Pedestrian
15,1658.0,917.0,1707.0,958.0,9807,0,0,1,Pedestrian
15,1661.0,917.0,1710.0,958.0,9808,0,0,1,Pedestrian
15,1661.0,917.0,1710.0,958.0,9809,0,0,1,Pedestrian
15,1663.0,917.0,1713.0,958.0,9810,0,0,1,Pedestrian
15,1663.0,917.0,1713.0,958.0,9811,0,0,1,Pedestrian
15,1666.0,917.0,1716.0,958.0,9812,0,0,1,Pedestrian
15,1666.0,917.0,1716.0,958.0,9813,0,0,1,Pedestrian
15,1669.0,917.0,1718.0,958.0,9814,0,0,1,Pedestrian
15,1669.0,917.0,1718.0,958.0,9815,0,0,1,Pedestrian
15,1672.0,917.0,1721.0,958.0,9816,0,0,1,Pedestrian
15,1672.0,917.0,1721.0,958.0,9817,0,0,1,Pedestrian
15,1674.0,917.0,1724.0,958.0,9818,0,0,1,Pedestrian
15,1674.0,917.0,1724.0,958.0,9819,0,0,1,Pedestrian
15,1677.0,917.0,1727.0,958.0,9820,0,0,1,Pedestrian
15,1677.0,917.0,1727.0,958.0,9821,0,0,1,Pedestrian
15,1680.0,917.0,1729.0,958.0,9822,0,0,1,Pedestrian
15,1680.0,917.0,1729.0,958.0,9823,0,0,1,Pedestrian
15,1683.0,917.0,1732.0,958.0,9824,0,0,1,Pedestrian
15,1683.0,917.0,1732.0,958.0,9825,0,0,1,Pedestrian
15,1685.0,917.0,1735.0,958.0,9826,0,0,1,Pedestrian
15,1685.0,917.0,1735.0,958.0,9827,0,0,1,Pedestrian
15,1688.0,917.0,1738.0,958.0,9828,0,0,1,Pedestrian
15,1688.0,917.0,1738.0,958.0,9829,0,0,1,Pedestrian
15,1691.0,917.0,1740.0,958.0,9830,0,0,1,Pedestrian
15,1691.0,917.0,1740.0,958.0,9831,0,0,1,Pedestrian
15,1694.0,917.0,1743.0,958.0,9832,0,0,1,Pedestrian
15,1694.0,917.0,1743.0,958.0,9833,0,0,1,Pedestrian
15,1696.0,917.0,1746.0,958.0,9834,0,0,1,Pedestrian
15,1696.0,917.0,1746.0,958.0,9835,0,0,1,Pedestrian
15,1699.0,917.0,1749.0,958.0,9836,0,0,1,Pedestrian
15,1699.0,917.0,1749.0,958.0,9837,0,0,1,Pedestrian
15,1702.0,917.0,1751.0,958.0,9838,0,0,1,Pedestrian
15,1702.0,917.0,1751.0,958.0,9839,0,0,1,Pedestrian
15,1705.0,917.0,1754.0,958.0,9840,0,0,1,Pedestrian
15,1705.0,917.0,1754.0,958.0,9841,0,0,1,Pedestrian
15,1707.0,917.0,1757.0,958.0,9842,0,0,1,Pedestrian
15,1707.0,917.0,1757.0,958.0,9843,0,0,1,Pedestrian
15,1710.0,917.0,1760.0,958.0,9844,0,0,1,Pedestrian
15,1710.0,917.0,1760.0,958.0,9845,0,0,1,Pedestrian
15,1713.0,917.0,1762.0,958.0,9846,0,0,1,Pedestrian
15,1713.0,917.0,1762.0,958.0,9847,0,0,1,Pedestrian
15,1716.0,917.0,1765.0,958.0,9848,0,0,1,Pedestrian
15,1716.0,917.0,1765.0,958.0,9849,0,0,1,Pedestrian
15,1718.0,917.0,1768.0,958.0,9850,0,0,1,Pedestrian
15,1718.0,917.0,1768.0,958.0,9851,0,0,1,Pedestrian
15,1721.0,917.0,1771.0,958.0,9852,0,0,1,Pedestrian
15,1721.0,917.0,1771.0,958.0,9853,0,0,1,Pedestrian
15,1724.0,917.0,1773.0,958.0,9854,0,0,1,Pedestrian
15,1724.0,917.0,1773.0,958.0,9855,0,0,1,Pedestrian
15,1727.0,917.0,1776.0,958.0,9856,0,0,1,Pedestrian
15,1727.0,917.0,1776.0,958.0,9857,0,0,1,Pedestrian
15,1729.0,917.0,1779.0,958.0,9858,0,0,1,Pedestrian
15,1729.0,917.0,1779.0,958.0,9859,0,0,1,Pedestrian
15,1732.0,917.0,1782.0,958.0,9860,0,0,0,Pedestrian
15,1732.0,917.0,1782.0,958.0,9861,0,0,1,Pedestrian
15,1735.0,917.0,1784.0,958.0,9862,0,0,1,Pedestrian
15,1735.0,917.0,1784.0,958.0,9863,0,0,1,Pedestrian
15,1738.0,917.0,1787.0,958.0,9864,0,0,1,Pedestrian
15,1738.0,917.0,1787.0,958.0,9865,0,0,1,Pedestrian
15,1740.0,917.0,1790.0,958.0,9866,0,0,1,Pedestrian
15,1740.0,917.0,1790.0,958.0,9867,0,0,1,Pedestrian
15,1743.0,917.0,1793.0,958.0,9868,0,0,1,Pedestrian
15,1743.0,917.0,1793.0,958.0,9869,0,0,1,Pedestrian
15,1746.0,917.0,1795.0,958.0,9870,0,0,1,Pedestrian
15,1746.0,917.0,1795.0,958.0,9871,0,0,1,Pedestrian
15,1749.0,917.0,1798.0,958.0,9872,0,0,1,Pedestrian
15,1749.0,917.0,1798.0,958.0,9873,0,0,1,Pedestrian
15,1751.0,917.0,1801.0,958.0,9874,0,0,1,Pedestrian
15,1754.0,917.0,1804.0,958.0,9875,0,0,1,Pedestrian
15,1754.0,917.0,1804.0,958.0,9876,0,0,1,Pedestrian
15,1757.0,917.0,1806.0,958.0,9877,0,0,1,Pedestrian
15,1757.0,917.0,1806.0,958.0,9878,0,0,1,Pedestrian
15,1760.0,917.0,1809.0,958.0,9879,0,0,1,Pedestrian
15,1760.0,917.0,1809.0,958.0,9880,0,0,1,Pedestrian
15,1762.0,917.0,1812.0,958.0,9881,0,0,1,Pedestrian
15,1762.0,917.0,1812.0,958.0,9882,0,0,1,Pedestrian
15,1765.0,917.0,1815.0,958.0,9883,0,0,1,Pedestrian
15,1765.0,917.0,1815.0,958.0,9884,0,0,1,Pedestrian
15,1768.0,917.0,1817.0,958.0,9885,0,0,1,Pedestrian
15,1768.0,917.0,1817.0,958.0,9886,0,0,1,Pedestrian
15,1771.0,919.0,1820.0,960.0,9887,0,0,1,Pedestrian
15,1773.0,919.0,1823.0,960.0,9888,0,0,1,Pedestrian
15,1773.0,919.0,1823.0,960.0,9889,0,0,1,Pedestrian
15,1776.0,919.0,1826.0,960.0,9890,0,0,1,Pedestrian
15,1776.0,919.0,1826.0,960.0,9891,0,0,1,Pedestrian
15,1779.0,919.0,1828.0,960.0,9892,0,0,1,Pedestrian
15,1779.0,919.0,1828.0,960.0,9893,0,0,1,Pedestrian
15,1782.0,919.0,1831.0,960.0,9894,0,0,1,Pedestrian
15,1782.0,919.0,1831.0,960.0,9895,0,0,1,Pedestrian
15,1784.0,919.0,1834.0,960.0,9896,0,0,1,Pedestrian
15,1784.0,919.0,1834.0,960.0,9897,0,0,1,Pedestrian
15,1787.0,919.0,1837.0,960.0,9898,0,0,1,Pedestrian
15,1787.0,919.0,1837.0,960.0,9899,0,0,1,Pedestrian
15,1790.0,919.0,1839.0,960.0,9900,0,0,1,Pedestrian
15,1793.0,919.0,1842.0,960.0,9901,0,0,1,Pedestrian
15,1793.0,919.0,1842.0,960.0,9902,0,0,1,Pedestrian
15,1795.0,919.0,1845.0,960.0,9903,0,0,1,Pedestrian
15,1795.0,919.0,1845.0,960.0,9904,0,0,1,Pedestrian
15,1798.0,919.0,1848.0,960.0,9905,0,0,1,Pedestrian
15,1798.0,919.0,1848.0,960.0,9906,0,0,1,Pedestrian
15,1801.0,919.0,1850.0,960.0,9907,0,0,1,Pedestrian
15,1801.0,919.0,1850.0,960.0,9908,0,0,1,Pedestrian
15,1804.0,919.0,1853.0,960.0,9909,0,0,1,Pedestrian
15,1804.0,919.0,1853.0,960.0,9910,0,0,1,Pedestrian
15,1806.0,919.0,1856.0,960.0,9911,0,0,1,Pedestrian
15,1806.0,919.0,1856.0,960.0,9912,0,0,1,Pedestrian
15,1809.0,919.0,1859.0,960.0,9913,0,0,1,Pedestrian
15,1812.0,922.0,1861.0,963.0,9914,0,0,1,Pedestrian
15,1812.0,922.0,1861.0,963.0,9915,0,0,1,Pedestrian
15,1815.0,922.0,1864.0,963.0,9916,0,0,1,Pedestrian
15,1815.0,922.0,1864.0,963.0,9917,0,0,1,Pedestrian
15,1817.0,922.0,1867.0,963.0,9918,0,0,1,Pedestrian
15,1817.0,922.0,1867.0,963.0,9919,0,0,1,Pedestrian
15,1820.0,922.0,1870.0,963.0,9920,0,0,1,Pedestrian
15,1820.0,922.0,1870.0,963.0,9921,0,0,1,Pedestrian
15,1823.0,922.0,1872.0,963.0,9922,0,0,1,Pedestrian
15,1823.0,922.0,1872.0,963.0,9923,0,0,1,Pedestrian
15,1826.0,922.0,1875.0,963.0,9924,0,0,1,Pedestrian
15,1826.0,922.0,1875.0,963.0,9925,0,0,1,Pedestrian
15,1828.0,922.0,1878.0,963.0,9926,0,0,1,Pedestrian
15,1831.0,922.0,1881.0,963.0,9927,0,0,1,Pedestrian
15,1831.0,922.0,1881.0,963.0,9928,0,0,1,Pedestrian
15,1834.0,922.0,1883.0,963.0,9929,0,0,1,Pedestrian
15,1834.0,922.0,1883.0,963.0,9930,0,0,1,Pedestrian
15,1837.0,922.0,1886.0,963.0,9931,0,0,1,Pedestrian
15,1837.0,922.0,1886.0,963.0,9932,0,0,1,Pedestrian
15,1839.0,922.0,1889.0,963.0,9933,0,0,1,Pedestrian
15,1839.0,922.0,1889.0,963.0,9934,0,0,1,Pedestrian
15,1842.0,922.0,1892.0,963.0,9935,0,0,1,Pedestrian
15,1842.0,922.0,1892.0,963.0,9936,0,0,1,Pedestrian
15,1845.0,922.0,1894.0,963.0,9937,0,0,1,Pedestrian
15,1845.0,922.0,1894.0,963.0,9938,0,0,1,Pedestrian
15,1848.0,922.0,1897.0,963.0,9939,0,0,1,Pedestrian
15,1850.0,924.0,1900.0,965.0,9940,0,0,0,Pedestrian
15,1848.0,922.0,1903.0,963.0,9941,0,0,1,Pedestrian
15,1845.0,919.0,1905.0,960.0,9942,0,0,1,Pedestrian
15,1845.0,919.0,1908.0,960.0,9943,0,0,1,Pedestrian
15,1842.0,917.0,1911.0,958.0,9944,0,0,1,Pedestrian
15,1842.0,917.0,1914.0,956.0,9945,0,0,1,Pedestrian
15,1839.0,915.0,1916.0,956.0,9946,0,0,1,Pedestrian
15,1839.0,915.0,1919.0,954.0,9947,0,0,1,Pedestrian
15,1837.0,913.0,1922.0,951.0,9948,0,0,1,Pedestrian
15,1837.0,913.0,1925.0,951.0,9949,0,0,0,Pedestrian
15,1839.0,913.0,1922.0,951.0,9950,0,0,1,Pedestrian
15,1845.0,915.0,1922.0,954.0,9951,0,0,1,Pedestrian
15,1848.0,915.0,1922.0,954.0,9952,0,0,1,Pedestrian
15,1853.0,917.0,1919.0,956.0,9953,0,0,1,Pedestrian
15,1856.0,917.0,1919.0,958.0,9954,0,0,1,Pedestrian
15,1861.0,919.0,1919.0,958.0,9955,0,0,1,Pedestrian
15,1864.0,919.0,1916.0,960.0,9956,0,0,1,Pedestrian
15,1870.0,922.0,1916.0,960.0,9957,0,0,1,Pedestrian
15,1872.0,922.0,1916.0,963.0,9958,0,0,1,Pedestrian
15,1878.0,924.0,1916.0,965.0,9959,0,0,0,Pedestrian
15,1878.0,922.0,1916.0,963.0,9960,0,0,1,Pedestrian
15,1881.0,922.0,1919.0,963.0,9961,0,0,1,Pedestrian
15,1881.0,922.0,1919.0,963.0,9962,0,0,1,Pedestrian
15,1883.0,919.0,1922.0,960.0,9963,0,0,1,Pedestrian
15,1886.0,919.0,1925.0,960.0,9964,0,0,1,Pedestrian
15,1886.0,919.0,1925.0,960.0,9965,0,0,1,Pedestrian
15,1889.0,917.0,1927.0,958.0,9966,0,0,1,Pedestrian
15,1889.0,917.0,1927.0,958.0,9967,0,0,1,Pedestrian
15,1892.0,917.0,1930.0,958.0,9968,0,0,1,Pedestrian
15,1894.0,917.0,1933.0,958.0,9969,0,0,0,Pedestrian
15,1894.0,917.0,1933.0,958.0,9970,0,0,1,Pedestrian
15,1897.0,917.0,1936.0,958.0,9971,0,0,1,Pedestrian
15,1900.0,917.0,1938.0,958.0,9972,0,0,1,Pedestrian
15,1900.0,917.0,1938.0,958.0,9973,0,0,1,Pedestrian
15,1903.0,917.0,1941.0,958.0,9974,0,0,1,Pedestrian
15,1905.0,917.0,1944.0,958.0,9975,0,0,1,Pedestrian
15,1905.0,917.0,1944.0,958.0,9976,0,0,1,Pedestrian
15,1908.0,917.0,1947.0,958.0,9977,0,0,1,Pedestrian
15,1911.0,917.0,1949.0,958.0,9978,0,0,1,Pedestrian
15,1914.0,917.0,1952.0,958.0,9979,0,0,0,Pedestrian
15,1914.0,917.0,1952.0,958.0,9980,0,0,1,Pedestrian
15,1916.0,917.0,1955.0,958.0,9981,0,0,1,Pedestrian
15,1916.0,917.0,1955.0,958.0,9982,0,0,1,Pedestrian
15,1919.0,917.0,1958.0,958.0,9983,0,0,1,Pedestrian
15,1919.0,919.0,1958.0,960.0,9984,0,0,1,Pedestrian
15,1922.0,919.0,1960.0,960.0,9985,0,0,1,Pedestrian
15,1922.0,919.0,1960.0,960.0,9986,0,0,1,Pedestrian
15,1925.0,919.0,1963.0,960.0,9987,0,0,1,Pedestrian
15,1925.0,919.0,1963.0,960.0,9988,0,0,1,Pedestrian
15,1927.0,922.0,1966.0,963.0,9989,0,0,0,Pedestrian
15,1927.0,919.0,1966.0,963.0,9990,0,0,1,Pedestrian
15,1927.0,919.0,1966.0,965.0,9991,0,0,1,Pedestrian
15,1927.0,919.0,1966.0,965.0,9992,0,0,1,Pedestrian
15,1927.0,919.0,1966.0,967.0,9993,0,0,1,Pedestrian
15,1930.0,919.0,1966.0,967.0,9994,0,0,1,Pedestrian
15,1930.0,917.0,1966.0,970.0,9995,0,0,1,Pedestrian
15,1930.0,917.0,1966.0,970.0,9996,0,0,1,Pedestrian
15,1930.0,917.0,1966.0,972.0,9997,0,0,1,Pedestrian
15,1930.0,917.0,1966.0,972.0,9998,0,0,1,Pedestrian
15,1933.0,917.0,1969.0,974.0,9999,0,0,0,Pedestrian
15,1933.0,917.0,1969.0,974.0,10000,0,0,0,Pedestrian
15,1930.0,915.0,1969.0,972.0,10001,0,0,1,Pedestrian
15,1930.0,915.0,1969.0,972.0,10002,0,0,1,Pedestrian
15,1930.0,913.0,1969.0,970.0,10003,0,0,1,Pedestrian
15,1930.0,913.0,1971.0,970.0,10004,0,0,1,Pedestrian
15,1930.0,910.0,1971.0,967.0,10005,0,0,1,Pedestrian
15,1930.0,910.0,1971.0,967.0,10006,0,0,1,Pedestrian
15,1930.0,908.0,1971.0,965.0,10007,0,0,1,Pedestrian
15,1930.0,908.0,1974.0,965.0,10008,0,0,1,Pedestrian
15,1930.0,906.0,1974.0,963.0,10009,0,0,1,Pedestrian
15,1930.0,906.0,1974.0,963.0,10010,0,0,1,Pedestrian
15,1930.0,904.0,1974.0,960.0,10011,0,0,1,Pedestrian
15,1930.0,904.0,1977.0,960.0,10012,0,0,0,Pedestrian
15,1930.0,904.0,1977.0,960.0,10013,0,0,1,Pedestrian
15,1930.0,904.0,1977.0,960.0,10014,0,0,1,Pedestrian
15,1933.0,904.0,1977.0,960.0,10015,0,0,1,Pedestrian
15,1933.0,904.0,1977.0,960.0,10016,0,0,1,Pedestrian
15,1933.0,904.0,1977.0,960.0,10017,0,0,1,Pedestrian
15,1936.0,906.0,1977.0,963.0,10018,1,0,0,Pedestrian
15,1936.0,904.0,1977.0,960.0,10019,1,0,1,Pedestrian
15,1936.0,904.0,1977.0,960.0,10020,1,0,1,Pedestrian
15,1936.0,904.0,1977.0,960.0,10021,1,0,1,Pedestrian
15,1936.0,904.0,1977.0,960.0,10022,1,0,1,Pedestrian
15,1938.0,901.0,1977.0,958.0,10023,1,0,1,Pedestrian
15,1938.0,901.0,1977.0,958.0,10024,1,0,1,Pedestrian
15,1938.0,901.0,1977.0,958.0,10025,1,0,1,Pedestrian
15,1938.0,901.0,1977.0,958.0,10026,1,0,1,Pedestrian
15,1941.0,901.0,1977.0,958.0,10027,1,0,0,Pedestrian
15,1941.0,901.0,1977.0,958.0,10028,1,0,1,Pedestrian
15,1941.0,901.0,1977.0,958.0,10029,1,0,1,Pedestrian
15,1941.0,901.0,1977.0,958.0,10030,1,0,1,Pedestrian
15,1941.0,901.0,1977.0,958.0,10031,1,0,1,Pedestrian
15,1941.0,901.0,1977.0,958.0,10032,1,0,1,Pedestrian
15,1941.0,901.0,1977.0,958.0,10033,1,0,1,Pedestrian
15,1941.0,901.0,1977.0,958.0,10034,1,0,1,Pedestrian
15,1941.0,901.0,1977.0,958.0,10035,1,0,1,Pedestrian
15,1941.0,901.0,1977.0,958.0,10036,1,0,1,Pedestrian
15,1941.0,901.0,1977.0,958.0,10037,1,0,1,Pedestrian
15,1941.0,901.0,1977.0,958.0,10038,1,0,1,Pedestrian
15,1941.0,901.0,1977.0,958.0,10039,1,0,1,Pedestrian
15,1941.0,901.0,1977.0,958.0,10040,1,0,1,Pedestrian
15,1941.0,901.0,1977.0,958.0,10041,1,0,1,Pedestrian
15,1941.0,901.0,1977.0,958.0,10042,1,0,1,Pedestrian
15,1941.0,901.0,1977.0,958.0,10043,1,0,1,Pedestrian
15,1941.0,901.0,1977.0,958.0,10044,1,0,1,Pedestrian
15,1941.0,901.0,1977.0,958.0,10045,1,0,1,Pedestrian
15,1941.0,901.0,1977.0,958.0,10046,1,0,1,Pedestrian
15,1941.0,901.0,1977.0,958.0,10047,1,0,1,Pedestrian
15,1941.0,901.0,1977.0,958.0,10048,1,0,1,Pedestrian
15,1941.0,901.0,1977.0,958.0,10049,1,0,1,Pedestrian
15,1941.0,901.0,1977.0,958.0,10050,1,0,1,Pedestrian
15,1941.0,901.0,1977.0,958.0,10051,1,0,1,Pedestrian
15,1941.0,901.0,1977.0,958.0,10052,1,0,1,Pedestrian
15,1941.0,901.0,1977.0,958.0,10053,1,0,1,Pedestrian
15,1941.0,901.0,1977.0,958.0,10054,1,0,1,Pedestrian
15,1941.0,901.0,1977.0,958.0,10055,1,0,1,Pedestrian
15,1941.0,901.0,1977.0,958.0,10056,1,0,1,Pedestrian
15,1941.0,901.0,1977.0,958.0,10057,1,0,1,Pedestrian
15,1941.0,901.0,1977.0,958.0,10058,1,0,1,Pedestrian
15,1941.0,901.0,1977.0,958.0,10059,1,0,1,Pedestrian
15,1941.0,901.0,1977.0,958.0,10060,1,0,1,Pedestrian
15,1941.0,901.0,1977.0,958.0,10061,1,0,1,Pedestrian
15,1941.0,901.0,1977.0,958.0,10062,1,0,1,Pedestrian
15,1941.0,901.0,1977.0,958.0,10063,1,0,1,Pedestrian
15,1941.0,901.0,1977.0,958.0,10064,1,0,1,Pedestrian
15,1941.0,901.0,1977.0,958.0,10065,1,0,1,Pedestrian
15,1941.0,901.0,1977.0,958.0,10066,1,0,1,Pedestrian
15,1941.0,901.0,1977.0,958.0,10067,1,0,1,Pedestrian
15,1941.0,901.0,1977.0,958.0,10068,1,0,1,Pedestrian
15,1941.0,901.0,1977.0,958.0,10069,1,0,1,Pedestrian
15,1941.0,901.0,1977.0,958.0,10070,1,0,1,Pedestrian
15,1941.0,901.0,1977.0,958.0,10071,1,0,1,Pedestrian
15,1941.0,901.0,1977.0,958.0,10072,1,0,1,Pedestrian
15,1941.0,901.0,1977.0,958.0,10073,1,0,1,Pedestrian
15,1941.0,901.0,1977.0,958.0,10074,1,0,1,Pedestrian
15,1941.0,901.0,1977.0,958.0,10075,1,0,1,Pedestrian
15,1941.0,901.0,1977.0,958.0,10076,1,0,1,Pedestrian
15,1941.0,901.0,1977.0,958.0,10077,1,0,1,Pedestrian
15,1941.0,901.0,1977.0,958.0,10078,1,0,1,Pedestrian
15,1941.0,901.0,1977.0,958.0,10079,1,0,1,Pedestrian
15,1941.0,901.0,1977.0,958.0,10080,1,0,1,Pedestrian
15,1941.0,901.0,1977.0,958.0,10081,1,0,1,Pedestrian
15,1941.0,901.0,1977.0,958.0,10082,1,0,1,Pedestrian
15,1941.0,901.0,1977.0,958.0,10083,1,0,1,Pedestrian
15,1941.0,901.0,1977.0,958.0,10084,1,0,1,Pedestrian
15,1941.0,901.0,1977.0,958.0,10085,1,0,1,Pedestrian
15,1941.0,901.0,1977.0,958.0,10086,1,0,1,Pedestrian
15,1941.0,901.0,1977.0,958.0,10087,1,0,1,Pedestrian
15,1941.0,901.0,1977.0,958.0,10088,1,0,1,Pedestrian
15,1941.0,901.0,1977.0,958.0,10089,1,0,1,Pedestrian
15,1941.0,901.0,1977.0,958.0,10090,1,0,1,Pedestrian
15,1941.0,901.0,1977.0,958.0,10091,1,0,1,Pedestrian
15,1941.0,901.0,1977.0,958.0,10092,1,0,1,Pedestrian
15,1941.0,901.0,1977.0,958.0,10093,1,0,1,Pedestrian
15,1941.0,901.0,1977.0,958.0,10094,1,0,1,Pedestrian
15,1941.0,901.0,1977.0,958.0,10095,1,0,1,Pedestrian
15,1941.0,901.0,1977.0,958.0,10096,1,0,1,Pedestrian
15,1941.0,901.0,1977.0,958.0,10097,1,0,1,Pedestrian
15,1941.0,901.0,1977.0,958.0,10098,1,0,1,Pedestrian
15,1941.0,901.0,1977.0,958.0,10099,1,0,1,Pedestrian
15,1941.0,901.0,1977.0,958.0,10100,1,0,1,Pedestrian
15,1941.0,901.0,1977.0,958.0,10101,1,0,1,Pedestrian
15,1941.0,901.0,1977.0,958.0,10102,1,0,1,Pedestrian
15,1941.0,901.0,1977.0,958.0,10103,1,0,1,Pedestrian
15,1941.0,901.0,1977.0,958.0,10104,1,0,1,Pedestrian
15,1941.0,901.0,1977.0,958.0,10105,1,0,1,Pedestrian
15,1941.0,901.0,1977.0,958.0,10106,1,0,1,Pedestrian
15,1941.0,901.0,1977.0,958.0,10107,1,0,1,Pedestrian
15,1941.0,901.0,1977.0,958.0,10108,1,0,1,Pedestrian
15,1941.0,901.0,1977.0,958.0,10109,1,0,1,Pedestrian
15,1941.0,901.0,1977.0,958.0,10110,1,0,1,Pedestrian
15,1941.0,901.0,1977.0,958.0,10111,1,0,1,Pedestrian
15,1941.0,901.0,1977.0,958.0,10112,1,0,1,Pedestrian
15,1941.0,901.0,1977.0,958.0,10113,1,0,1,Pedestrian
15,1941.0,901.0,1977.0,958.0,10114,1,0,1,Pedestrian
15,1941.0,901.0,1977.0,958.0,10115,1,0,1,Pedestrian
15,1941.0,901.0,1977.0,958.0,10116,1,0,1,Pedestrian
15,1941.0,901.0,1977.0,958.0,10117,1,0,1,Pedestrian
15,1941.0,901.0,1977.0,958.0,10118,1,0,1,Pedestrian
15,1941.0,901.0,1977.0,958.0,10119,1,0,1,Pedestrian
15,1941.0,901.0,1977.0,958.0,10120,1,0,1,Pedestrian
15,1941.0,901.0,1977.0,958.0,10121,1,0,1,Pedestrian
15,1941.0,901.0,1977.0,958.0,10122,1,0,1,Pedestrian
15,1941.0,901.0,1977.0,958.0,10123,1,0,1,Pedestrian
15,1941.0,901.0,1977.0,958.0,10124,1,0,1,Pedestrian
15,1941.0,901.0,1977.0,958.0,10125,1,0,1,Pedestrian
15,1941.0,901.0,1977.0,958.0,10126,1,0,1,Pedestrian
15,1941.0,901.0,1977.0,958.0,10127,1,0,1,Pedestrian
15,1941.0,901.0,1977.0,958.0,10128,1,0,1,Pedestrian
15,1941.0,901.0,1977.0,958.0,10129,1,0,1,Pedestrian
15,1941.0,901.0,1977.0,958.0,10130,1,0,1,Pedestrian
15,1941.0,901.0,1977.0,958.0,10131,1,0,1,Pedestrian
15,1941.0,901.0,1977.0,958.0,10132,1,0,1,Pedestrian
15,1941.0,901.0,1977.0,958.0,10133,1,0,1,Pedestrian
15,1941.0,901.0,1977.0,958.0,10134,1,0,1,Pedestrian
15,1941.0,901.0,1977.0,958.0,10135,1,0,1,Pedestrian
15,1941.0,901.0,1977.0,958.0,10136,1,0,1,Pedestrian
15,1941.0,901.0,1977.0,958.0,10137,1,0,1,Pedestrian
15,1941.0,901.0,1977.0,958.0,10138,1,0,1,Pedestrian
15,1941.0,901.0,1977.0,958.0,10139,1,0,1,Pedestrian
15,1941.0,901.0,1977.0,958.0,10140,1,0,1,Pedestrian
15,1941.0,901.0,1977.0,958.0,10141,1,0,1,Pedestrian
15,1941.0,901.0,1977.0,958.0,10142,1,0,1,Pedestrian
15,1941.0,901.0,1977.0,958.0,10143,1,0,1,Pedestrian
15,1941.0,901.0,1977.0,958.0,10144,1,0,1,Pedestrian
15,1941.0,901.0,1977.0,958.0,10145,1,0,1,Pedestrian
15,1941.0,901.0,1977.0,958.0,10146,1,0,1,Pedestrian
15,1941.0,901.0,1977.0,958.0,10147,1,0,1,Pedestrian
15,1941.0,901.0,1977.0,958.0,10148,1,0,1,Pedestrian
15,1941.0,901.0,1977.0,958.0,10149,1,0,1,Pedestrian
15,1941.0,901.0,1977.0,958.0,10150,1,0,1,Pedestrian
15,1941.0,901.0,1977.0,958.0,10151,1,0,1,Pedestrian
15,1941.0,901.0,1977.0,958.0,10152,1,0,1,Pedestrian
15,1941.0,901.0,1977.0,958.0,10153,1,0,1,Pedestrian
15,1941.0,901.0,1977.0,958.0,10154,1,0,1,Pedestrian
15,1941.0,901.0,1977.0,958.0,10155,1,0,1,Pedestrian
15,1941.0,901.0,1977.0,958.0,10156,1,0,1,Pedestrian
15,1941.0,901.0,1977.0,958.0,10157,1,0,1,Pedestrian
15,1941.0,901.0,1977.0,958.0,10158,1,0,1,Pedestrian
15,1941.0,901.0,1977.0,958.0,10159,1,0,1,Pedestrian
15,1941.0,901.0,1977.0,958.0,10160,1,0,1,Pedestrian
15,1941.0,901.0,1977.0,958.0,10161,1,0,1,Pedestrian
15,1941.0,901.0,1977.0,958.0,10162,1,0,1,Pedestrian
15,1941.0,901.0,1977.0,958.0,10163,1,0,1,Pedestrian
15,1941.0,901.0,1977.0,958.0,10164,1,0,1,Pedestrian
15,1941.0,901.0,1977.0,958.0,10165,1,0,1,Pedestrian
15,1941.0,901.0,1977.0,958.0,10166,1,0,1,Pedestrian
15,1941.0,901.0,1977.0,958.0,10167,1,0,1,Pedestrian
15,1941.0,901.0,1977.0,958.0,10168,1,0,1,Pedestrian
15,1941.0,901.0,1977.0,958.0,10169,1,0,1,Pedestrian
15,1941.0,901.0,1977.0,958.0,10170,1,0,1,Pedestrian
15,1941.0,901.0,1977.0,958.0,10171,1,0,1,Pedestrian
15,1941.0,901.0,1977.0,958.0,10172,1,0,1,Pedestrian
15,1941.0,901.0,1977.0,958.0,10173,1,0,1,Pedestrian
15,1941.0,901.0,1977.0,958.0,10174,1,0,1,Pedestrian
15,1941.0,901.0,1977.0,958.0,10175,1,0,1,Pedestrian
15,1941.0,901.0,1977.0,958.0,10176,1,0,1,Pedestrian
15,1941.0,901.0,1977.0,958.0,10177,1,0,1,Pedestrian
15,1941.0,901.0,1977.0,958.0,10178,1,0,1,Pedestrian
15,1941.0,901.0,1977.0,958.0,10179,1,0,1,Pedestrian
15,1941.0,901.0,1977.0,958.0,10180,1,0,1,Pedestrian
15,1941.0,901.0,1977.0,958.0,10181,1,0,1,Pedestrian
15,1941.0,901.0,1977.0,958.0,10182,1,0,1,Pedestrian
15,1941.0,901.0,1977.0,958.0,10183,1,0,1,Pedestrian
15,1941.0,901.0,1977.0,958.0,10184,1,0,1,Pedestrian
15,1941.0,901.0,1977.0,958.0,10185,1,0,1,Pedestrian
15,1941.0,901.0,1977.0,958.0,10186,1,0,1,Pedestrian
15,1941.0,901.0,1977.0,958.0,10187,1,0,1,Pedestrian
15,1941.0,901.0,1977.0,958.0,10188,1,0,1,Pedestrian
15,1941.0,901.0,1977.0,958.0,10189,1,0,1,Pedestrian
15,1941.0,901.0,1977.0,958.0,10190,1,0,1,Pedestrian
15,1941.0,901.0,1977.0,958.0,10191,1,0,1,Pedestrian
15,1941.0,901.0,1977.0,958.0,10192,1,0,1,Pedestrian
15,1941.0,901.0,1977.0,958.0,10193,1,0,1,Pedestrian
15,1941.0,901.0,1977.0,958.0,10194,1,0,1,Pedestrian
15,1941.0,901.0,1977.0,958.0,10195,1,0,1,Pedestrian
15,1941.0,901.0,1977.0,958.0,10196,1,0,1,Pedestrian
15,1941.0,901.0,1977.0,958.0,10197,1,0,1,Pedestrian
15,1941.0,901.0,1977.0,958.0,10198,1,0,1,Pedestrian
15,1941.0,901.0,1977.0,958.0,10199,1,0,1,Pedestrian
15,1941.0,901.0,1977.0,958.0,10200,1,0,1,Pedestrian
15,1941.0,901.0,1977.0,958.0,10201,1,0,1,Pedestrian
15,1941.0,901.0,1977.0,958.0,10202,1,0,1,Pedestrian
15,1941.0,901.0,1977.0,958.0,10203,1,0,1,Pedestrian
15,1941.0,901.0,1977.0,958.0,10204,1,0,1,Pedestrian
15,1941.0,901.0,1977.0,958.0,10205,1,0,1,Pedestrian
15,1941.0,901.0,1977.0,958.0,10206,1,0,1,Pedestrian
15,1941.0,901.0,1977.0,958.0,10207,1,0,1,Pedestrian
15,1941.0,901.0,1977.0,958.0,10208,1,0,1,Pedestrian
15,1941.0,901.0,1977.0,958.0,10209,1,0,1,Pedestrian
15,1941.0,901.0,1977.0,958.0,10210,1,0,1,Pedestrian
15,1941.0,901.0,1977.0,958.0,10211,1,0,1,Pedestrian
15,1941.0,901.0,1977.0,958.0,10212,1,0,1,Pedestrian
15,1941.0,901.0,1977.0,958.0,10213,1,0,1,Pedestrian
15,1941.0,901.0,1977.0,958.0,10214,1,0,1,Pedestrian
15,1941.0,901.0,1977.0,958.0,10215,1,0,1,Pedestrian
15,1941.0,901.0,1977.0,958.0,10216,1,0,1,Pedestrian
15,1941.0,901.0,1977.0,958.0,10217,1,0,1,Pedestrian
15,1941.0,901.0,1977.0,958.0,10218,1,0,1,Pedestrian
15,1941.0,901.0,1977.0,958.0,10219,1,0,1,Pedestrian
15,1941.0,901.0,1977.0,958.0,10220,1,0,1,Pedestrian
15,1941.0,901.0,1977.0,958.0,10221,1,0,1,Pedestrian
15,1941.0,901.0,1977.0,958.0,10222,1,0,1,Pedestrian
15,1941.0,901.0,1977.0,958.0,10223,1,0,1,Pedestrian
15,1941.0,901.0,1977.0,958.0,10224,1,0,1,Pedestrian
15,1941.0,901.0,1977.0,958.0,10225,1,0,1,Pedestrian
15,1941.0,901.0,1977.0,958.0,10226,1,0,1,Pedestrian
15,1941.0,901.0,1977.0,958.0,10227,1,0,1,Pedestrian
15,1941.0,901.0,1977.0,958.0,10228,1,0,1,Pedestrian
15,1941.0,901.0,1977.0,958.0,10229,1,0,1,Pedestrian
15,1941.0,901.0,1977.0,958.0,10230,1,0,1,Pedestrian
15,1941.0,901.0,1977.0,958.0,10231,1,0,1,Pedestrian
15,1941.0,901.0,1977.0,958.0,10232,1,0,1,Pedestrian
15,1941.0,901.0,1977.0,958.0,10233,1,0,1,Pedestrian
15,1941.0,901.0,1977.0,958.0,10234,1,0,1,Pedestrian
15,1941.0,901.0,1977.0,958.0,10235,1,0,1,Pedestrian
15,1941.0,901.0,1977.0,958.0,10236,1,0,1,Pedestrian
15,1941.0,901.0,1977.0,958.0,10237,1,0,1,Pedestrian
15,1941.0,901.0,1977.0,958.0,10238,1,0,1,Pedestrian
15,1941.0,901.0,1977.0,958.0,10239,1,0,1,Pedestrian
15,1941.0,901.0,1977.0,958.0,10240,1,0,1,Pedestrian
15,1941.0,901.0,1977.0,958.0,10241,1,0,1,Pedestrian
15,1941.0,901.0,1977.0,958.0,10242,1,0,1,Pedestrian
15,1941.0,901.0,1977.0,958.0,10243,1,0,1,Pedestrian
15,1941.0,901.0,1977.0,958.0,10244,1,0,1,Pedestrian
15,1941.0,901.0,1977.0,958.0,10245,1,0,1,Pedestrian
15,1941.0,901.0,1977.0,958.0,10246,1,0,1,Pedestrian
15,1941.0,901.0,1977.0,958.0,10247,1,0,1,Pedestrian
15,1941.0,901.0,1977.0,958.0,10248,1,0,1,Pedestrian
15,1941.0,901.0,1977.0,958.0,10249,1,0,1,Pedestrian
15,1941.0,901.0,1977.0,958.0,10250,1,0,1,Pedestrian
15,1941.0,901.0,1977.0,958.0,10251,1,0,1,Pedestrian
15,1941.0,901.0,1977.0,958.0,10252,1,0,1,Pedestrian
15,1941.0,901.0,1977.0,958.0,10253,1,0,1,Pedestrian
15,1941.0,901.0,1977.0,958.0,10254,1,0,1,Pedestrian
15,1941.0,901.0,1977.0,958.0,10255,1,0,1,Pedestrian
15,1941.0,901.0,1977.0,958.0,10256,1,0,1,Pedestrian
15,1941.0,901.0,1977.0,958.0,10257,1,0,1,Pedestrian
15,1941.0,901.0,1977.0,958.0,10258,1,0,1,Pedestrian
15,1941.0,901.0,1977.0,958.0,10259,1,0,1,Pedestrian
15,1941.0,901.0,1977.0,958.0,10260,1,0,1,Pedestrian
15,1941.0,901.0,1977.0,958.0,10261,1,0,1,Pedestrian
15,1941.0,901.0,1977.0,958.0,10262,1,0,1,Pedestrian
15,1941.0,901.0,1977.0,958.0,10263,1,0,1,Pedestrian
15,1941.0,901.0,1977.0,958.0,10264,1,0,1,Pedestrian
15,1941.0,901.0,1977.0,958.0,10265,1,0,1,Pedestrian
15,1941.0,901.0,1977.0,958.0,10266,1,0,1,Pedestrian
15,1941.0,901.0,1977.0,958.0,10267,1,0,1,Pedestrian
15,1941.0,901.0,1977.0,958.0,10268,1,0,1,Pedestrian
15,1941.0,901.0,1977.0,958.0,10269,1,0,1,Pedestrian
15,1941.0,901.0,1977.0,958.0,10270,1,0,1,Pedestrian
15,1941.0,901.0,1977.0,958.0,10271,1,0,1,Pedestrian
15,1941.0,901.0,1977.0,958.0,10272,1,0,1,Pedestrian
15,1941.0,901.0,1977.0,958.0,10273,1,0,1,Pedestrian
15,1941.0,901.0,1977.0,958.0,10274,1,0,1,Pedestrian
15,1941.0,901.0,1977.0,958.0,10275,1,0,1,Pedestrian
15,1941.0,901.0,1977.0,958.0,10276,1,0,1,Pedestrian
15,1941.0,901.0,1977.0,958.0,10277,1,0,1,Pedestrian
15,1941.0,901.0,1977.0,958.0,10278,1,0,1,Pedestrian
15,1941.0,901.0,1977.0,958.0,10279,1,0,1,Pedestrian
15,1941.0,901.0,1977.0,958.0,10280,1,0,1,Pedestrian
15,1941.0,901.0,1977.0,958.0,10281,1,0,1,Pedestrian
15,1941.0,901.0,1977.0,958.0,10282,1,0,1,Pedestrian
15,1941.0,901.0,1977.0,958.0,10283,1,0,1,Pedestrian
15,1941.0,901.0,1977.0,958.0,10284,1,0,1,Pedestrian
15,1941.0,901.0,1977.0,958.0,10285,1,0,1,Pedestrian
15,1941.0,901.0,1977.0,958.0,10286,1,0,1,Pedestrian
15,1941.0,901.0,1977.0,958.0,10287,1,0,1,Pedestrian
15,1941.0,901.0,1977.0,958.0,10288,1,0,1,Pedestrian
15,1941.0,901.0,1977.0,958.0,10289,1,0,1,Pedestrian
15,1941.0,901.0,1977.0,958.0,10290,1,0,1,Pedestrian
15,1941.0,901.0,1977.0,958.0,10291,1,0,1,Pedestrian
15,1941.0,901.0,1977.0,958.0,10292,1,0,1,Pedestrian
15,1941.0,901.0,1977.0,958.0,10293,1,0,1,Pedestrian
15,1941.0,901.0,1977.0,958.0,10294,1,0,1,Pedestrian
15,1941.0,901.0,1977.0,958.0,10295,1,0,1,Pedestrian
15,1941.0,901.0,1977.0,958.0,10296,1,0,1,Pedestrian
15,1941.0,901.0,1977.0,958.0,10297,1,0,1,Pedestrian
15,1941.0,901.0,1977.0,958.0,10298,1,0,1,Pedestrian
15,1941.0,901.0,1977.0,958.0,10299,1,0,1,Pedestrian
15,1941.0,901.0,1977.0,958.0,10300,1,0,1,Pedestrian
15,1941.0,901.0,1977.0,958.0,10301,1,0,1,Pedestrian
15,1941.0,901.0,1977.0,958.0,10302,1,0,1,Pedestrian
15,1941.0,901.0,1977.0,958.0,10303,1,0,1,Pedestrian
15,1941.0,901.0,1977.0,958.0,10304,1,0,1,Pedestrian
15,1941.0,901.0,1977.0,958.0,10305,1,0,1,Pedestrian
15,1941.0,901.0,1977.0,958.0,10306,1,0,1,Pedestrian
15,1941.0,901.0,1977.0,958.0,10307,1,0,1,Pedestrian
15,1941.0,901.0,1977.0,958.0,10308,1,0,1,Pedestrian
15,1941.0,901.0,1977.0,958.0,10309,1,0,1,Pedestrian
15,1941.0,901.0,1977.0,958.0,10310,1,0,1,Pedestrian
15,1941.0,901.0,1977.0,958.0,10311,1,0,1,Pedestrian
15,1941.0,901.0,1977.0,958.0,10312,1,0,1,Pedestrian
15,1941.0,901.0,1977.0,958.0,10313,1,0,1,Pedestrian
15,1941.0,901.0,1977.0,958.0,10314,1,0,1,Pedestrian
15,1941.0,901.0,1977.0,958.0,10315,1,0,1,Pedestrian
15,1941.0,901.0,1977.0,958.0,10316,1,0,1,Pedestrian
15,1941.0,901.0,1977.0,958.0,10317,1,0,1,Pedestrian
15,1941.0,901.0,1977.0,958.0,10318,1,0,1,Pedestrian
15,1941.0,901.0,1977.0,958.0,10319,1,0,1,Pedestrian
15,1941.0,901.0,1977.0,958.0,10320,1,0,1,Pedestrian
15,1941.0,901.0,1977.0,958.0,10321,1,0,1,Pedestrian
15,1941.0,901.0,1977.0,958.0,10322,1,0,1,Pedestrian
15,1941.0,901.0,1977.0,958.0,10323,1,0,1,Pedestrian
15,1941.0,901.0,1977.0,958.0,10324,1,0,1,Pedestrian
15,1941.0,901.0,1977.0,958.0,10325,1,0,1,Pedestrian
15,1941.0,901.0,1977.0,958.0,10326,1,0,1,Pedestrian
15,1941.0,901.0,1977.0,958.0,10327,1,0,1,Pedestrian
15,1941.0,901.0,1977.0,958.0,10328,1,0,1,Pedestrian
15,1941.0,901.0,1977.0,958.0,10329,1,0,1,Pedestrian
15,1941.0,901.0,1977.0,958.0,10330,1,0,1,Pedestrian
15,1941.0,901.0,1977.0,958.0,10331,1,0,1,Pedestrian
15,1941.0,901.0,1977.0,958.0,10332,1,0,1,Pedestrian
15,1941.0,901.0,1977.0,958.0,10333,1,0,1,Pedestrian
15,1941.0,901.0,1977.0,958.0,10334,1,0,1,Pedestrian
15,1941.0,901.0,1977.0,958.0,10335,1,0,1,Pedestrian
15,1941.0,901.0,1977.0,958.0,10336,1,0,1,Pedestrian
15,1941.0,901.0,1977.0,958.0,10337,1,0,1,Pedestrian
15,1941.0,901.0,1977.0,958.0,10338,1,0,1,Pedestrian
15,1941.0,901.0,1977.0,958.0,10339,1,0,1,Pedestrian
15,1941.0,901.0,1977.0,958.0,10340,1,0,1,Pedestrian
15,1941.0,901.0,1977.0,958.0,10341,1,0,1,Pedestrian
15,1941.0,901.0,1977.0,958.0,10342,1,0,1,Pedestrian
15,1941.0,901.0,1977.0,958.0,10343,1,0,1,Pedestrian
15,1941.0,901.0,1977.0,958.0,10344,1,0,1,Pedestrian
15,1941.0,901.0,1977.0,958.0,10345,1,0,1,Pedestrian
15,1941.0,901.0,1977.0,958.0,10346,1,0,1,Pedestrian
15,1941.0,901.0,1977.0,958.0,10347,1,0,1,Pedestrian
15,1941.0,901.0,1977.0,958.0,10348,1,0,1,Pedestrian
15,1941.0,901.0,1977.0,958.0,10349,1,0,1,Pedestrian
15,1941.0,901.0,1977.0,958.0,10350,1,0,1,Pedestrian
15,1941.0,901.0,1977.0,958.0,10351,1,0,1,Pedestrian
15,1941.0,901.0,1977.0,958.0,10352,1,0,1,Pedestrian
15,1941.0,901.0,1977.0,958.0,10353,1,0,1,Pedestrian
15,1941.0,901.0,1977.0,958.0,10354,1,0,1,Pedestrian
15,1941.0,901.0,1977.0,958.0,10355,1,0,1,Pedestrian
15,1941.0,901.0,1977.0,958.0,10356,1,0,1,Pedestrian
15,1941.0,901.0,1977.0,958.0,10357,1,0,1,Pedestrian
15,1941.0,901.0,1977.0,958.0,10358,1,0,1,Pedestrian
15,1941.0,901.0,1977.0,958.0,10359,1,0,1,Pedestrian
15,1941.0,901.0,1977.0,958.0,10360,1,0,1,Pedestrian
15,1941.0,901.0,1977.0,958.0,10361,1,0,1,Pedestrian
15,1941.0,901.0,1977.0,958.0,10362,1,0,1,Pedestrian
15,1941.0,901.0,1977.0,958.0,10363,1,0,1,Pedestrian
15,1941.0,901.0,1977.0,958.0,10364,1,0,1,Pedestrian
15,1941.0,901.0,1977.0,958.0,10365,1,0,1,Pedestrian
15,1941.0,901.0,1977.0,958.0,10366,1,0,1,Pedestrian
15,1941.0,901.0,1977.0,958.0,10367,1,0,1,Pedestrian
15,1941.0,901.0,1977.0,958.0,10368,1,0,1,Pedestrian
15,1941.0,901.0,1977.0,958.0,10369,1,0,1,Pedestrian
15,1941.0,901.0,1977.0,958.0,10370,1,0,1,Pedestrian
15,1941.0,901.0,1977.0,958.0,10371,1,0,1,Pedestrian
15,1941.0,901.0,1977.0,958.0,10372,1,0,1,Pedestrian
15,1941.0,901.0,1977.0,958.0,10373,1,0,1,Pedestrian
15,1941.0,901.0,1977.0,958.0,10374,1,0,1,Pedestrian
15,1941.0,901.0,1977.0,958.0,10375,1,0,1,Pedestrian
15,1941.0,901.0,1977.0,958.0,10376,1,0,1,Pedestrian
15,1941.0,901.0,1977.0,958.0,10377,1,0,1,Pedestrian
15,1941.0,901.0,1977.0,958.0,10378,1,0,1,Pedestrian
15,1941.0,901.0,1977.0,958.0,10379,1,0,1,Pedestrian
15,1941.0,901.0,1977.0,958.0,10380,1,0,1,Pedestrian
15,1941.0,901.0,1977.0,958.0,10381,1,0,1,Pedestrian
15,1941.0,901.0,1977.0,958.0,10382,1,0,1,Pedestrian
15,1941.0,901.0,1977.0,958.0,10383,1,0,1,Pedestrian
15,1941.0,901.0,1977.0,958.0,10384,1,0,1,Pedestrian
15,1941.0,901.0,1977.0,958.0,10385,1,0,1,Pedestrian
15,1941.0,901.0,1977.0,958.0,10386,1,0,1,Pedestrian
15,1941.0,901.0,1977.0,958.0,10387,1,0,1,Pedestrian
15,1941.0,901.0,1977.0,958.0,10388,1,0,1,Pedestrian
15,1941.0,901.0,1977.0,958.0,10389,1,0,1,Pedestrian
15,1941.0,901.0,1977.0,958.0,10390,1,0,1,Pedestrian
15,1941.0,901.0,1977.0,958.0,10391,1,0,1,Pedestrian
15,1941.0,901.0,1977.0,958.0,10392,1,0,1,Pedestrian
15,1941.0,901.0,1977.0,958.0,10393,1,0,1,Pedestrian
15,1941.0,901.0,1977.0,958.0,10394,1,0,1,Pedestrian
15,1941.0,901.0,1977.0,958.0,10395,1,0,1,Pedestrian
15,1941.0,901.0,1977.0,958.0,10396,1,0,1,Pedestrian
15,1941.0,901.0,1977.0,958.0,10397,1,0,1,Pedestrian
15,1941.0,901.0,1977.0,958.0,10398,1,0,1,Pedestrian
15,1941.0,901.0,1977.0,958.0,10399,1,0,1,Pedestrian
15,1941.0,901.0,1977.0,958.0,10400,1,0,1,Pedestrian
15,1941.0,901.0,1977.0,958.0,10401,1,0,1,Pedestrian
15,1941.0,901.0,1977.0,958.0,10402,1,0,1,Pedestrian
15,1941.0,901.0,1977.0,958.0,10403,1,0,1,Pedestrian
15,1941.0,901.0,1977.0,958.0,10404,1,0,1,Pedestrian
15,1941.0,901.0,1977.0,958.0,10405,1,0,1,Pedestrian
15,1941.0,901.0,1977.0,958.0,10406,1,0,1,Pedestrian
15,1941.0,901.0,1977.0,958.0,10407,1,0,1,Pedestrian
15,1941.0,901.0,1977.0,958.0,10408,1,0,1,Pedestrian
15,1941.0,901.0,1977.0,958.0,10409,1,0,1,Pedestrian
15,1941.0,901.0,1977.0,958.0,10410,1,0,1,Pedestrian
15,1941.0,901.0,1977.0,958.0,10411,1,0,1,Pedestrian
15,1941.0,901.0,1977.0,958.0,10412,1,0,1,Pedestrian
15,1941.0,901.0,1977.0,958.0,10413,1,0,1,Pedestrian
15,1941.0,901.0,1977.0,958.0,10414,1,0,1,Pedestrian
15,1941.0,901.0,1977.0,958.0,10415,1,0,1,Pedestrian
15,1941.0,901.0,1977.0,958.0,10416,1,0,1,Pedestrian
15,1941.0,901.0,1977.0,958.0,10417,1,0,1,Pedestrian
15,1941.0,901.0,1977.0,958.0,10418,1,0,1,Pedestrian
15,1941.0,901.0,1977.0,958.0,10419,1,0,1,Pedestrian
15,1941.0,901.0,1977.0,958.0,10420,1,0,1,Pedestrian
15,1941.0,901.0,1977.0,958.0,10421,1,0,1,Pedestrian
15,1941.0,901.0,1977.0,958.0,10422,1,0,1,Pedestrian
15,1941.0,901.0,1977.0,958.0,10423,1,0,1,Pedestrian
15,1941.0,901.0,1977.0,958.0,10424,1,0,1,Pedestrian
15,1941.0,901.0,1977.0,958.0,10425,1,0,1,Pedestrian
15,1941.0,901.0,1977.0,958.0,10426,1,0,1,Pedestrian
15,1941.0,901.0,1977.0,958.0,10427,1,0,1,Pedestrian
15,1941.0,901.0,1977.0,958.0,10428,1,0,1,Pedestrian
15,1941.0,901.0,1977.0,958.0,10429,1,0,1,Pedestrian
15,1941.0,901.0,1977.0,958.0,10430,1,0,1,Pedestrian
15,1941.0,901.0,1977.0,958.0,10431,1,0,1,Pedestrian
15,1941.0,901.0,1977.0,958.0,10432,1,0,1,Pedestrian
15,1941.0,901.0,1977.0,958.0,10433,1,0,1,Pedestrian
15,1941.0,901.0,1977.0,958.0,10434,1,0,1,Pedestrian
15,1941.0,901.0,1977.0,958.0,10435,1,0,1,Pedestrian
15,1941.0,901.0,1977.0,958.0,10436,1,0,1,Pedestrian
15,1941.0,901.0,1977.0,958.0,10437,1,0,1,Pedestrian
15,1941.0,901.0,1977.0,958.0,10438,1,0,1,Pedestrian
15,1941.0,901.0,1977.0,958.0,10439,1,0,1,Pedestrian
15,1941.0,901.0,1977.0,958.0,10440,1,0,1,Pedestrian
15,1941.0,901.0,1977.0,958.0,10441,1,0,1,Pedestrian
15,1941.0,901.0,1977.0,958.0,10442,1,0,1,Pedestrian
15,1941.0,901.0,1977.0,958.0,10443,1,0,1,Pedestrian
15,1941.0,901.0,1977.0,958.0,10444,1,0,1,Pedestrian
15,1941.0,901.0,1977.0,958.0,10445,1,0,1,Pedestrian
15,1941.0,901.0,1977.0,958.0,10446,1,0,1,Pedestrian
15,1941.0,901.0,1977.0,958.0,10447,1,0,1,Pedestrian
15,1941.0,901.0,1977.0,958.0,10448,1,0,1,Pedestrian
15,1941.0,901.0,1977.0,958.0,10449,1,0,1,Pedestrian
15,1941.0,901.0,1977.0,958.0,10450,1,0,1,Pedestrian
15,1941.0,901.0,1977.0,958.0,10451,1,0,1,Pedestrian
15,1941.0,901.0,1977.0,958.0,10452,1,0,1,Pedestrian
15,1941.0,901.0,1977.0,958.0,10453,1,0,1,Pedestrian
15,1941.0,901.0,1977.0,958.0,10454,1,0,1,Pedestrian
15,1941.0,901.0,1977.0,958.0,10455,1,0,1,Pedestrian
15,1941.0,901.0,1977.0,958.0,10456,1,0,1,Pedestrian
15,1941.0,901.0,1977.0,958.0,10457,1,0,1,Pedestrian
15,1941.0,901.0,1977.0,958.0,10458,1,0,1,Pedestrian
15,1941.0,901.0,1977.0,958.0,10459,1,0,1,Pedestrian
15,1941.0,901.0,1977.0,958.0,10460,1,0,1,Pedestrian
15,1941.0,901.0,1977.0,958.0,10461,1,0,1,Pedestrian
15,1941.0,901.0,1977.0,958.0,10462,1,0,1,Pedestrian
15,1941.0,901.0,1977.0,958.0,10463,1,0,1,Pedestrian
15,1941.0,901.0,1977.0,958.0,10464,1,0,1,Pedestrian
15,1941.0,901.0,1977.0,958.0,10465,1,0,1,Pedestrian
15,1941.0,901.0,1977.0,958.0,10466,1,0,1,Pedestrian
15,1941.0,901.0,1977.0,958.0,10467,1,0,1,Pedestrian
15,1941.0,901.0,1977.0,958.0,10468,1,0,1,Pedestrian
15,1941.0,901.0,1977.0,958.0,10469,1,0,1,Pedestrian
15,1941.0,901.0,1977.0,958.0,10470,1,0,1,Pedestrian
15,1941.0,901.0,1977.0,958.0,10471,1,0,1,Pedestrian
15,1941.0,901.0,1977.0,958.0,10472,1,0,1,Pedestrian
15,1941.0,901.0,1977.0,958.0,10473,1,0,1,Pedestrian
15,1941.0,901.0,1977.0,958.0,10474,1,0,1,Pedestrian
15,1941.0,901.0,1977.0,958.0,10475,1,0,1,Pedestrian
15,1941.0,901.0,1977.0,958.0,10476,1,0,1,Pedestrian
15,1941.0,901.0,1977.0,958.0,10477,1,0,1,Pedestrian
15,1941.0,901.0,1977.0,958.0,10478,1,0,1,Pedestrian
15,1941.0,901.0,1977.0,958.0,10479,1,0,1,Pedestrian
15,1941.0,901.0,1977.0,958.0,10480,1,0,1,Pedestrian
15,1941.0,901.0,1977.0,958.0,10481,1,0,1,Pedestrian
15,1941.0,901.0,1977.0,958.0,10482,1,0,1,Pedestrian
15,1941.0,901.0,1977.0,958.0,10483,1,0,1,Pedestrian
15,1941.0,901.0,1977.0,958.0,10484,1,0,1,Pedestrian
15,1941.0,901.0,1977.0,958.0,10485,1,0,1,Pedestrian
15,1941.0,901.0,1977.0,958.0,10486,1,0,1,Pedestrian
15,1941.0,901.0,1977.0,958.0,10487,1,0,1,Pedestrian
15,1941.0,901.0,1977.0,958.0,10488,1,0,1,Pedestrian
15,1941.0,901.0,1977.0,958.0,10489,1,0,1,Pedestrian
15,1941.0,901.0,1977.0,958.0,10490,1,0,1,Pedestrian
15,1941.0,901.0,1977.0,958.0,10491,1,0,1,Pedestrian
15,1941.0,901.0,1977.0,958.0,10492,1,0,1,Pedestrian
15,1941.0,901.0,1977.0,958.0,10493,1,0,1,Pedestrian
15,1941.0,901.0,1977.0,958.0,10494,1,0,1,Pedestrian
15,1941.0,901.0,1977.0,958.0,10495,1,0,1,Pedestrian
15,1941.0,901.0,1977.0,958.0,10496,1,0,1,Pedestrian
15,1941.0,901.0,1977.0,958.0,10497,1,0,1,Pedestrian
15,1941.0,901.0,1977.0,958.0,10498,1,0,1,Pedestrian
15,1941.0,901.0,1977.0,958.0,10499,1,0,1,Pedestrian
15,1941.0,901.0,1977.0,958.0,10500,1,0,1,Pedestrian
15,1941.0,901.0,1977.0,958.0,10501,1,0,1,Pedestrian
15,1941.0,901.0,1977.0,958.0,10502,1,0,1,Pedestrian
15,1941.0,901.0,1977.0,958.0,10503,1,0,1,Pedestrian
15,1941.0,901.0,1977.0,958.0,10504,1,0,1,Pedestrian
15,1941.0,901.0,1977.0,958.0,10505,1,0,1,Pedestrian
15,1941.0,901.0,1977.0,958.0,10506,1,0,1,Pedestrian
15,1941.0,901.0,1977.0,958.0,10507,1,0,1,Pedestrian
15,1941.0,901.0,1977.0,958.0,10508,1,0,1,Pedestrian
15,1941.0,901.0,1977.0,958.0,10509,1,0,1,Pedestrian
15,1941.0,901.0,1977.0,958.0,10510,1,0,1,Pedestrian
15,1941.0,901.0,1977.0,958.0,10511,1,0,1,Pedestrian
15,1941.0,901.0,1977.0,958.0,10512,1,0,1,Pedestrian
15,1941.0,901.0,1977.0,958.0,10513,1,0,1,Pedestrian
15,1941.0,901.0,1977.0,958.0,10514,1,0,1,Pedestrian
15,1941.0,901.0,1977.0,958.0,10515,1,0,1,Pedestrian
15,1941.0,901.0,1977.0,958.0,10516,1,0,1,Pedestrian
15,1941.0,901.0,1977.0,958.0,10517,1,0,1,Pedestrian
15,1941.0,901.0,1977.0,958.0,10518,1,0,1,Pedestrian
15,1941.0,901.0,1977.0,958.0,10519,1,0,1,Pedestrian
15,1941.0,901.0,1977.0,958.0,10520,1,0,1,Pedestrian
15,1941.0,901.0,1977.0,958.0,10521,1,0,1,Pedestrian
15,1941.0,901.0,1977.0,958.0,10522,1,0,1,Pedestrian
15,1941.0,901.0,1977.0,958.0,10523,1,0,1,Pedestrian
15,1941.0,901.0,1977.0,958.0,10524,1,0,1,Pedestrian
15,1941.0,901.0,1977.0,958.0,10525,1,0,1,Pedestrian
15,1941.0,901.0,1977.0,958.0,10526,1,0,1,Pedestrian
15,1941.0,901.0,1977.0,958.0,10527,1,0,1,Pedestrian
15,1941.0,901.0,1977.0,958.0,10528,1,0,1,Pedestrian
15,1941.0,901.0,1977.0,958.0,10529,1,0,1,Pedestrian
15,1941.0,901.0,1977.0,958.0,10530,1,0,1,Pedestrian
15,1941.0,901.0,1977.0,958.0,10531,1,0,0,Pedestrian
16,1919.0,812.0,1966.0,863.0,2000,1,0,0,Pedestrian
16,1919.0,812.0,1966.0,860.0,2001,1,0,1,Pedestrian
16,1919.0,812.0,1966.0,860.0,2002,1,0,1,Pedestrian
16,1919.0,812.0,1966.0,860.0,2003,1,0,1,Pedestrian
16,1919.0,812.0,1966.0,860.0,2004,1,0,1,Pedestrian
16,1919.0,812.0,1966.0,860.0,2005,1,0,1,Pedestrian
16,1919.0,812.0,1966.0,860.0,2006,1,0,1,Pedestrian
16,1919.0,812.0,1966.0,860.0,2007,1,0,1,Pedestrian
16,1919.0,812.0,1966.0,860.0,2008,1,0,1,Pedestrian
16,1919.0,812.0,1966.0,860.0,2009,1,0,1,Pedestrian
16,1919.0,812.0,1966.0,860.0,2010,1,0,1,Pedestrian
16,1919.0,812.0,1966.0,860.0,2011,1,0,1,Pedestrian
16,1919.0,812.0,1966.0,860.0,2012,1,0,1,Pedestrian
16,1919.0,812.0,1966.0,860.0,2013,1,0,1,Pedestrian
16,1919.0,812.0,1966.0,860.0,2014,1,0,1,Pedestrian
16,1919.0,812.0,1966.0,860.0,2015,1,0,1,Pedestrian
16,1919.0,812.0,1966.0,860.0,2016,1,0,1,Pedestrian
16,1919.0,812.0,1966.0,860.0,2017,1,0,1,Pedestrian
16,1919.0,812.0,1966.0,860.0,2018,1,0,1,Pedestrian
16,1919.0,812.0,1966.0,860.0,2019,1,0,1,Pedestrian
16,1919.0,812.0,1966.0,860.0,2020,1,0,1,Pedestrian
16,1919.0,812.0,1966.0,860.0,2021,1,0,1,Pedestrian
16,1919.0,812.0,1966.0,860.0,2022,1,0,1,Pedestrian
16,1919.0,812.0,1966.0,860.0,2023,1,0,1,Pedestrian
16,1919.0,812.0,1966.0,860.0,2024,1,0,1,Pedestrian
16,1919.0,812.0,1966.0,860.0,2025,1,0,1,Pedestrian
16,1919.0,812.0,1966.0,860.0,2026,1,0,1,Pedestrian
16,1919.0,812.0,1966.0,860.0,2027,1,0,1,Pedestrian
16,1919.0,812.0,1966.0,860.0,2028,1,0,1,Pedestrian
16,1919.0,812.0,1966.0,860.0,2029,1,0,1,Pedestrian
16,1919.0,812.0,1966.0,860.0,2030,1,0,1,Pedestrian
16,1919.0,812.0,1966.0,860.0,2031,1,0,1,Pedestrian
16,1919.0,812.0,1966.0,860.0,2032,1,0,1,Pedestrian
16,1919.0,812.0,1966.0,860.0,2033,1,0,1,Pedestrian
16,1919.0,812.0,1966.0,860.0,2034,1,0,1,Pedestrian
16,1919.0,812.0,1966.0,860.0,2035,1,0,1,Pedestrian
16,1919.0,812.0,1966.0,860.0,2036,1,0,1,Pedestrian
16,1919.0,812.0,1966.0,860.0,2037,1,0,1,Pedestrian
16,1919.0,812.0,1966.0,860.0,2038,1,0,1,Pedestrian
16,1919.0,812.0,1966.0,860.0,2039,1,0,1,Pedestrian
16,1919.0,812.0,1966.0,860.0,2040,1,0,1,Pedestrian
16,1919.0,812.0,1966.0,860.0,2041,1,0,1,Pedestrian
16,1919.0,812.0,1966.0,860.0,2042,1,0,1,Pedestrian
16,1919.0,812.0,1966.0,860.0,2043,1,0,1,Pedestrian
16,1919.0,812.0,1966.0,860.0,2044,1,0,1,Pedestrian
16,1919.0,812.0,1966.0,860.0,2045,1,0,1,Pedestrian
16,1919.0,812.0,1966.0,860.0,2046,1,0,1,Pedestrian
16,1919.0,812.0,1966.0,860.0,2047,1,0,1,Pedestrian
16,1919.0,812.0,1966.0,860.0,2048,1,0,1,Pedestrian
16,1919.0,812.0,1966.0,860.0,2049,1,0,1,Pedestrian
16,1919.0,812.0,1966.0,860.0,2050,1,0,1,Pedestrian
16,1919.0,812.0,1966.0,860.0,2051,1,0,1,Pedestrian
16,1919.0,812.0,1966.0,860.0,2052,1,0,1,Pedestrian
16,1919.0,812.0,1966.0,860.0,2053,1,0,1,Pedestrian
16,1919.0,812.0,1966.0,860.0,2054,1,0,1,Pedestrian
16,1919.0,812.0,1966.0,860.0,2055,1,0,1,Pedestrian
16,1919.0,812.0,1966.0,860.0,2056,1,0,1,Pedestrian
16,1919.0,812.0,1966.0,860.0,2057,1,0,1,Pedestrian
16,1919.0,812.0,1966.0,860.0,2058,1,0,1,Pedestrian
16,1919.0,812.0,1966.0,860.0,2059,1,0,1,Pedestrian
16,1919.0,812.0,1966.0,860.0,2060,1,0,1,Pedestrian
16,1919.0,812.0,1966.0,860.0,2061,1,0,1,Pedestrian
16,1919.0,812.0,1966.0,860.0,2062,1,0,1,Pedestrian
16,1919.0,812.0,1966.0,860.0,2063,1,0,1,Pedestrian
16,1919.0,812.0,1966.0,860.0,2064,1,0,1,Pedestrian
16,1919.0,812.0,1966.0,860.0,2065,1,0,1,Pedestrian
16,1919.0,812.0,1966.0,860.0,2066,1,0,1,Pedestrian
16,1919.0,812.0,1966.0,860.0,2067,1,0,1,Pedestrian
16,1919.0,812.0,1966.0,860.0,2068,1,0,1,Pedestrian
16,1919.0,812.0,1966.0,860.0,2069,1,0,1,Pedestrian
16,1919.0,812.0,1966.0,860.0,2070,1,0,1,Pedestrian
16,1919.0,812.0,1966.0,860.0,2071,1,0,1,Pedestrian
16,1919.0,812.0,1966.0,860.0,2072,1,0,1,Pedestrian
16,1919.0,812.0,1966.0,860.0,2073,1,0,1,Pedestrian
16,1919.0,812.0,1966.0,860.0,2074,1,0,1,Pedestrian
16,1919.0,812.0,1966.0,860.0,2075,1,0,1,Pedestrian
16,1919.0,812.0,1966.0,860.0,2076,1,0,1,Pedestrian
16,1919.0,812.0,1966.0,860.0,2077,1,0,1,Pedestrian
16,1919.0,812.0,1966.0,860.0,2078,1,0,1,Pedestrian
16,1919.0,812.0,1966.0,860.0,2079,1,0,1,Pedestrian
16,1919.0,812.0,1966.0,860.0,2080,1,0,1,Pedestrian
16,1919.0,812.0,1966.0,860.0,2081,1,0,1,Pedestrian
16,1919.0,812.0,1966.0,860.0,2082,1,0,1,Pedestrian
16,1919.0,812.0,1966.0,860.0,2083,1,0,1,Pedestrian
16,1919.0,812.0,1966.0,860.0,2084,1,0,1,Pedestrian
16,1919.0,812.0,1966.0,860.0,2085,1,0,1,Pedestrian
16,1919.0,812.0,1966.0,860.0,2086,1,0,1,Pedestrian
16,1919.0,812.0,1966.0,860.0,2087,1,0,1,Pedestrian
16,1919.0,812.0,1966.0,860.0,2088,1,0,1,Pedestrian
16,1919.0,812.0,1966.0,860.0,2089,1,0,1,Pedestrian
16,1919.0,812.0,1966.0,860.0,2090,1,0,1,Pedestrian
16,1919.0,812.0,1966.0,860.0,2091,1,0,1,Pedestrian
16,1919.0,812.0,1966.0,860.0,2092,1,0,1,Pedestrian
16,1919.0,812.0,1966.0,860.0,2093,1,0,1,Pedestrian
16,1919.0,812.0,1966.0,860.0,2094,1,0,1,Pedestrian
16,1919.0,812.0,1966.0,860.0,2095,1,0,1,Pedestrian
16,1919.0,812.0,1966.0,860.0,2096,1,0,1,Pedestrian
16,1919.0,812.0,1966.0,860.0,2097,1,0,1,Pedestrian
16,1919.0,812.0,1966.0,860.0,2098,1,0,1,Pedestrian
16,1919.0,812.0,1966.0,860.0,2099,1,0,1,Pedestrian
16,1919.0,812.0,1966.0,860.0,2100,1,0,1,Pedestrian
16,1919.0,812.0,1966.0,860.0,2101,1,0,1,Pedestrian
16,1919.0,812.0,1966.0,860.0,2102,1,0,1,Pedestrian
16,1919.0,812.0,1966.0,860.0,2103,1,0,1,Pedestrian
16,1919.0,812.0,1966.0,860.0,2104,1,0,1,Pedestrian
16,1919.0,812.0,1966.0,860.0,2105,1,0,1,Pedestrian
16,1919.0,812.0,1966.0,860.0,2106,1,0,1,Pedestrian
16,1919.0,812.0,1966.0,860.0,2107,1,0,1,Pedestrian
16,1919.0,812.0,1966.0,860.0,2108,1,0,1,Pedestrian
16,1919.0,812.0,1966.0,860.0,2109,1,0,1,Pedestrian
16,1919.0,812.0,1966.0,860.0,2110,1,0,1,Pedestrian
16,1919.0,812.0,1966.0,860.0,2111,1,0,1,Pedestrian
16,1919.0,812.0,1966.0,860.0,2112,1,0,1,Pedestrian
16,1919.0,812.0,1966.0,860.0,2113,1,0,1,Pedestrian
16,1919.0,812.0,1966.0,860.0,2114,1,0,1,Pedestrian
16,1919.0,812.0,1966.0,860.0,2115,1,0,1,Pedestrian
16,1919.0,812.0,1966.0,860.0,2116,1,0,1,Pedestrian
16,1919.0,812.0,1966.0,860.0,2117,1,0,1,Pedestrian
16,1919.0,812.0,1966.0,860.0,2118,1,0,1,Pedestrian
16,1919.0,812.0,1966.0,860.0,2119,1,0,1,Pedestrian
16,1919.0,812.0,1966.0,860.0,2120,1,0,1,Pedestrian
16,1919.0,812.0,1966.0,860.0,2121,1,0,1,Pedestrian
16,1919.0,812.0,1966.0,860.0,2122,1,0,1,Pedestrian
16,1919.0,812.0,1966.0,860.0,2123,1,0,1,Pedestrian
16,1919.0,812.0,1966.0,860.0,2124,1,0,1,Pedestrian
16,1919.0,812.0,1966.0,860.0,2125,1,0,1,Pedestrian
16,1922.0,812.0,1966.0,860.0,2126,1,0,1,Pedestrian
16,1922.0,812.0,1966.0,860.0,2127,1,0,1,Pedestrian
16,1922.0,812.0,1966.0,860.0,2128,1,0,1,Pedestrian
16,1922.0,812.0,1966.0,860.0,2129,1,0,1,Pedestrian
16,1922.0,812.0,1966.0,860.0,2130,1,0,1,Pedestrian
16,1922.0,812.0,1966.0,860.0,2131,1,0,1,Pedestrian
16,1922.0,812.0,1966.0,860.0,2132,1,0,1,Pedestrian
16,1922.0,812.0,1966.0,860.0,2133,1,0,1,Pedestrian
16,1922.0,812.0,1966.0,860.0,2134,1,0,1,Pedestrian
16,1922.0,812.0,1966.0,860.0,2135,1,0,1,Pedestrian
16,1922.0,812.0,1966.0,860.0,2136,1,0,1,Pedestrian
16,1922.0,812.0,1966.0,860.0,2137,1,0,1,Pedestrian
16,1922.0,812.0,1966.0,860.0,2138,1,0,1,Pedestrian
16,1922.0,812.0,1966.0,860.0,2139,1,0,1,Pedestrian
16,1922.0,812.0,1966.0,860.0,2140,1,0,1,Pedestrian
16,1922.0,812.0,1966.0,860.0,2141,1,0,1,Pedestrian
16,1922.0,812.0,1966.0,860.0,2142,1,0,1,Pedestrian
16,1922.0,812.0,1966.0,860.0,2143,1,0,1,Pedestrian
16,1922.0,812.0,1966.0,860.0,2144,1,0,1,Pedestrian
16,1922.0,812.0,1966.0,860.0,2145,1,0,1,Pedestrian
16,1922.0,812.0,1966.0,860.0,2146,1,0,1,Pedestrian
16,1922.0,812.0,1966.0,860.0,2147,1,0,1,Pedestrian
16,1922.0,812.0,1966.0,860.0,2148,1,0,1,Pedestrian
16,1922.0,812.0,1966.0,860.0,2149,1,0,1,Pedestrian
16,1922.0,812.0,1966.0,860.0,2150,1,0,1,Pedestrian
16,1922.0,812.0,1966.0,860.0,2151,1,0,1,Pedestrian
16,1922.0,812.0,1966.0,860.0,2152,1,0,1,Pedestrian
16,1922.0,812.0,1966.0,860.0,2153,1,0,1,Pedestrian
16,1922.0,812.0,1966.0,860.0,2154,1,0,1,Pedestrian
16,1922.0,812.0,1966.0,860.0,2155,1,0,1,Pedestrian
16,1922.0,812.0,1966.0,860.0,2156,1,0,1,Pedestrian
16,1922.0,812.0,1966.0,860.0,2157,1,0,1,Pedestrian
16,1922.0,812.0,1966.0,860.0,2158,1,0,1,Pedestrian
16,1922.0,812.0,1966.0,860.0,2159,1,0,1,Pedestrian
16,1922.0,812.0,1966.0,860.0,2160,1,0,1,Pedestrian
16,1922.0,812.0,1966.0,860.0,2161,1,0,1,Pedestrian
16,1922.0,812.0,1966.0,860.0,2162,1,0,1,Pedestrian
16,1922.0,812.0,1966.0,860.0,2163,1,0,1,Pedestrian
16,1922.0,812.0,1966.0,860.0,2164,1,0,1,Pedestrian
16,1922.0,812.0,1966.0,860.0,2165,1,0,1,Pedestrian
16,1922.0,812.0,1966.0,860.0,2166,1,0,1,Pedestrian
16,1922.0,812.0,1966.0,860.0,2167,1,0,1,Pedestrian
16,1922.0,812.0,1966.0,858.0,2168,1,0,1,Pedestrian
16,1922.0,812.0,1966.0,858.0,2169,1,0,1,Pedestrian
16,1922.0,812.0,1966.0,858.0,2170,1,0,1,Pedestrian
16,1922.0,812.0,1966.0,858.0,2171,1,0,1,Pedestrian
16,1922.0,812.0,1966.0,858.0,2172,1,0,1,Pedestrian
16,1922.0,812.0,1966.0,858.0,2173,1,0,1,Pedestrian
16,1922.0,812.0,1966.0,858.0,2174,1,0,1,Pedestrian
16,1922.0,812.0,1966.0,858.0,2175,1,0,1,Pedestrian
16,1922.0,812.0,1966.0,858.0,2176,1,0,1,Pedestrian
16,1922.0,812.0,1966.0,858.0,2177,1,0,1,Pedestrian
16,1922.0,812.0,1966.0,858.0,2178,1,0,1,Pedestrian
16,1922.0,812.0,1966.0,858.0,2179,1,0,1,Pedestrian
16,1922.0,812.0,1966.0,858.0,2180,1,0,1,Pedestrian
16,1922.0,812.0,1966.0,858.0,2181,1,0,1,Pedestrian
16,1922.0,812.0,1966.0,858.0,2182,1,0,1,Pedestrian
16,1922.0,812.0,1966.0,858.0,2183,1,0,1,Pedestrian
16,1922.0,812.0,1966.0,858.0,2184,1,0,1,Pedestrian
16,1922.0,812.0,1966.0,858.0,2185,1,0,1,Pedestrian
16,1922.0,812.0,1966.0,858.0,2186,1,0,1,Pedestrian
16,1922.0,812.0,1966.0,858.0,2187,1,0,1,Pedestrian
16,1922.0,812.0,1966.0,858.0,2188,1,0,1,Pedestrian
16,1922.0,812.0,1966.0,858.0,2189,1,0,1,Pedestrian
16,1922.0,812.0,1966.0,858.0,2190,1,0,1,Pedestrian
16,1922.0,812.0,1966.0,858.0,2191,1,0,1,Pedestrian
16,1922.0,812.0,1966.0,858.0,2192,1,0,1,Pedestrian
16,1922.0,812.0,1966.0,858.0,2193,1,0,1,Pedestrian
16,1922.0,812.0,1966.0,858.0,2194,1,0,1,Pedestrian
16,1922.0,812.0,1966.0,858.0,2195,1,0,1,Pedestrian
16,1922.0,812.0,1966.0,858.0,2196,1,0,1,Pedestrian
16,1922.0,812.0,1966.0,858.0,2197,1,0,1,Pedestrian
16,1922.0,812.0,1966.0,858.0,2198,1,0,1,Pedestrian
16,1922.0,812.0,1966.0,858.0,2199,1,0,1,Pedestrian
16,1922.0,812.0,1966.0,858.0,2200,1,0,1,Pedestrian
16,1922.0,812.0,1966.0,858.0,2201,1,0,1,Pedestrian
16,1922.0,812.0,1966.0,858.0,2202,1,0,1,Pedestrian
16,1922.0,812.0,1966.0,858.0,2203,1,0,1,Pedestrian
16,1922.0,812.0,1966.0,858.0,2204,1,0,1,Pedestrian
16,1922.0,812.0,1966.0,858.0,2205,1,0,1,Pedestrian
16,1922.0,812.0,1966.0,858.0,2206,1,0,1,Pedestrian
16,1922.0,812.0,1966.0,858.0,2207,1,0,1,Pedestrian
16,1922.0,812.0,1966.0,858.0,2208,1,0,1,Pedestrian
16,1922.0,812.0,1966.0,858.0,2209,1,0,1,Pedestrian
16,1922.0,812.0,1966.0,858.0,2210,1,0,1,Pedestrian
16,1922.0,812.0,1966.0,858.0,2211,1,0,1,Pedestrian
16,1922.0,812.0,1966.0,858.0,2212,1,0,1,Pedestrian
16,1922.0,812.0,1966.0,858.0,2213,1,0,1,Pedestrian
16,1922.0,812.0,1966.0,858.0,2214,1,0,1,Pedestrian
16,1922.0,812.0,1966.0,858.0,2215,1,0,1,Pedestrian
16,1922.0,812.0,1966.0,858.0,2216,1,0,1,Pedestrian
16,1922.0,812.0,1966.0,858.0,2217,1,0,1,Pedestrian
16,1922.0,812.0,1966.0,858.0,2218,1,0,1,Pedestrian
16,1922.0,812.0,1966.0,858.0,2219,1,0,1,Pedestrian
16,1922.0,812.0,1966.0,858.0,2220,1,0,1,Pedestrian
16,1922.0,812.0,1966.0,858.0,2221,1,0,1,Pedestrian
16,1922.0,812.0,1966.0,858.0,2222,1,0,1,Pedestrian
16,1922.0,812.0,1966.0,858.0,2223,1,0,1,Pedestrian
16,1922.0,812.0,1966.0,858.0,2224,1,0,1,Pedestrian
16,1922.0,812.0,1966.0,858.0,2225,1,0,1,Pedestrian
16,1922.0,812.0,1966.0,858.0,2226,1,0,1,Pedestrian
16,1922.0,812.0,1966.0,858.0,2227,1,0,1,Pedestrian
16,1922.0,812.0,1966.0,858.0,2228,1,0,1,Pedestrian
16,1922.0,812.0,1966.0,858.0,2229,1,0,1,Pedestrian
16,1922.0,812.0,1966.0,858.0,2230,1,0,1,Pedestrian
16,1922.0,812.0,1966.0,858.0,2231,1,0,1,Pedestrian
16,1922.0,812.0,1966.0,858.0,2232,1,0,1,Pedestrian
16,1922.0,812.0,1966.0,858.0,2233,1,0,1,Pedestrian
16,1922.0,812.0,1966.0,858.0,2234,1,0,1,Pedestrian
16,1922.0,812.0,1966.0,858.0,2235,1,0,1,Pedestrian
16,1922.0,812.0,1966.0,858.0,2236,1,0,1,Pedestrian
16,1922.0,812.0,1966.0,858.0,2237,1,0,1,Pedestrian
16,1922.0,812.0,1966.0,858.0,2238,1,0,1,Pedestrian
16,1922.0,812.0,1966.0,858.0,2239,1,0,1,Pedestrian
16,1922.0,812.0,1966.0,858.0,2240,1,0,1,Pedestrian
16,1922.0,812.0,1966.0,858.0,2241,1,0,1,Pedestrian
16,1922.0,812.0,1966.0,858.0,2242,1,0,1,Pedestrian
16,1922.0,812.0,1966.0,858.0,2243,1,0,1,Pedestrian
16,1922.0,812.0,1966.0,858.0,2244,1,0,1,Pedestrian
16,1922.0,812.0,1966.0,858.0,2245,1,0,1,Pedestrian
16,1922.0,812.0,1966.0,858.0,2246,1,0,1,Pedestrian
16,1922.0,812.0,1966.0,858.0,2247,1,0,1,Pedestrian
16,1922.0,812.0,1966.0,858.0,2248,1,0,1,Pedestrian
16,1922.0,812.0,1966.0,858.0,2249,1,0,1,Pedestrian
16,1922.0,812.0,1966.0,858.0,2250,1,0,1,Pedestrian
16,1925.0,812.0,1969.0,858.0,2251,1,0,1,Pedestrian
16,1925.0,812.0,1969.0,858.0,2252,1,0,1,Pedestrian
16,1925.0,812.0,1969.0,858.0,2253,1,0,1,Pedestrian
16,1925.0,812.0,1969.0,858.0,2254,1,0,1,Pedestrian
16,1925.0,812.0,1969.0,858.0,2255,1,0,1,Pedestrian
16,1925.0,812.0,1969.0,858.0,2256,1,0,1,Pedestrian
16,1925.0,812.0,1969.0,858.0,2257,1,0,1,Pedestrian
16,1925.0,812.0,1969.0,858.0,2258,1,0,1,Pedestrian
16,1925.0,812.0,1969.0,858.0,2259,1,0,1,Pedestrian
16,1925.0,812.0,1969.0,858.0,2260,1,0,1,Pedestrian
16,1925.0,812.0,1969.0,858.0,2261,1,0,1,Pedestrian
16,1925.0,812.0,1969.0,858.0,2262,1,0,1,Pedestrian
16,1925.0,812.0,1969.0,858.0,2263,1,0,1,Pedestrian
16,1925.0,812.0,1969.0,858.0,2264,1,0,1,Pedestrian
16,1925.0,812.0,1969.0,858.0,2265,1,0,1,Pedestrian
16,1925.0,812.0,1969.0,858.0,2266,1,0,1,Pedestrian
16,1925.0,812.0,1969.0,858.0,2267,1,0,1,Pedestrian
16,1925.0,812.0,1969.0,858.0,2268,1,0,1,Pedestrian
16,1925.0,812.0,1969.0,858.0,2269,1,0,1,Pedestrian
16,1925.0,812.0,1969.0,858.0,2270,1,0,1,Pedestrian
16,1925.0,812.0,1969.0,858.0,2271,1,0,1,Pedestrian
16,1925.0,812.0,1969.0,858.0,2272,1,0,1,Pedestrian
16,1925.0,812.0,1969.0,858.0,2273,1,0,1,Pedestrian
16,1925.0,812.0,1969.0,858.0,2274,1,0,1,Pedestrian
16,1925.0,812.0,1969.0,858.0,2275,1,0,1,Pedestrian
16,1925.0,812.0,1969.0,858.0,2276,1,0,1,Pedestrian
16,1925.0,812.0,1969.0,858.0,2277,1,0,1,Pedestrian
16,1925.0,812.0,1969.0,858.0,2278,1,0,1,Pedestrian
16,1925.0,812.0,1969.0,858.0,2279,1,0,1,Pedestrian
16,1925.0,812.0,1969.0,858.0,2280,1,0,1,Pedestrian
16,1925.0,812.0,1969.0,858.0,2281,1,0,1,Pedestrian
16,1925.0,812.0,1969.0,858.0,2282,1,0,1,Pedestrian
16,1925.0,812.0,1969.0,858.0,2283,1,0,1,Pedestrian
16,1925.0,812.0,1969.0,858.0,2284,1,0,1,Pedestrian
16,1925.0,812.0,1969.0,858.0,2285,1,0,1,Pedestrian
16,1925.0,812.0,1969.0,858.0,2286,1,0,1,Pedestrian
16,1925.0,812.0,1969.0,858.0,2287,1,0,1,Pedestrian
16,1925.0,812.0,1969.0,858.0,2288,1,0,1,Pedestrian
16,1925.0,812.0,1969.0,858.0,2289,1,0,1,Pedestrian
16,1925.0,812.0,1969.0,858.0,2290,1,0,1,Pedestrian
16,1925.0,812.0,1969.0,858.0,2291,1,0,1,Pedestrian
16,1925.0,812.0,1969.0,858.0,2292,1,0,1,Pedestrian
16,1925.0,812.0,1969.0,858.0,2293,1,0,1,Pedestrian
16,1925.0,812.0,1969.0,858.0,2294,1,0,1,Pedestrian
16,1925.0,812.0,1969.0,858.0,2295,1,0,1,Pedestrian
16,1925.0,812.0,1969.0,858.0,2296,1,0,1,Pedestrian
16,1925.0,812.0,1969.0,858.0,2297,1,0,1,Pedestrian
16,1925.0,812.0,1969.0,858.0,2298,1,0,1,Pedestrian
16,1925.0,812.0,1969.0,858.0,2299,1,0,1,Pedestrian
16,1925.0,812.0,1969.0,858.0,2300,1,0,1,Pedestrian
16,1925.0,812.0,1969.0,858.0,2301,1,0,1,Pedestrian
16,1925.0,812.0,1969.0,858.0,2302,1,0,1,Pedestrian
16,1925.0,812.0,1969.0,858.0,2303,1,0,1,Pedestrian
16,1925.0,812.0,1969.0,858.0,2304,1,0,1,Pedestrian
16,1925.0,812.0,1969.0,858.0,2305,1,0,1,Pedestrian
16,1925.0,812.0,1969.0,858.0,2306,1,0,1,Pedestrian
16,1925.0,812.0,1969.0,858.0,2307,1,0,1,Pedestrian
16,1925.0,812.0,1969.0,858.0,2308,1,0,1,Pedestrian
16,1925.0,812.0,1969.0,858.0,2309,1,0,1,Pedestrian
16,1925.0,812.0,1969.0,858.0,2310,1,0,1,Pedestrian
16,1925.0,812.0,1969.0,858.0,2311,1,0,1,Pedestrian
16,1925.0,812.0,1969.0,858.0,2312,1,0,1,Pedestrian
16,1925.0,812.0,1969.0,858.0,2313,1,0,1,Pedestrian
16,1925.0,812.0,1969.0,858.0,2314,1,0,1,Pedestrian
16,1925.0,812.0,1969.0,858.0,2315,1,0,1,Pedestrian
16,1925.0,812.0,1969.0,858.0,2316,1,0,1,Pedestrian
16,1925.0,812.0,1969.0,858.0,2317,1,0,1,Pedestrian
16,1925.0,812.0,1969.0,858.0,2318,1,0,1,Pedestrian
16,1925.0,812.0,1969.0,858.0,2319,1,0,1,Pedestrian
16,1925.0,812.0,1969.0,858.0,2320,1,0,1,Pedestrian
16,1925.0,812.0,1969.0,858.0,2321,1,0,1,Pedestrian
16,1925.0,812.0,1969.0,858.0,2322,1,0,1,Pedestrian
16,1925.0,812.0,1969.0,858.0,2323,1,0,1,Pedestrian
16,1925.0,812.0,1969.0,858.0,2324,1,0,1,Pedestrian
16,1925.0,812.0,1969.0,858.0,2325,1,0,1,Pedestrian
16,1925.0,812.0,1969.0,858.0,2326,1,0,1,Pedestrian
16,1925.0,812.0,1969.0,858.0,2327,1,0,1,Pedestrian
16,1925.0,812.0,1969.0,858.0,2328,1,0,1,Pedestrian
16,1925.0,812.0,1969.0,858.0,2329,1,0,1,Pedestrian
16,1925.0,812.0,1969.0,858.0,2330,1,0,1,Pedestrian
16,1925.0,812.0,1969.0,858.0,2331,1,0,1,Pedestrian
16,1925.0,812.0,1969.0,858.0,2332,1,0,1,Pedestrian
16,1925.0,812.0,1969.0,858.0,2333,1,0,1,Pedestrian
16,1925.0,812.0,1969.0,858.0,2334,1,0,1,Pedestrian
16,1925.0,812.0,1969.0,856.0,2335,1,0,1,Pedestrian
16,1925.0,812.0,1969.0,856.0,2336,1,0,1,Pedestrian
16,1925.0,812.0,1969.0,856.0,2337,1,0,1,Pedestrian
16,1925.0,812.0,1969.0,856.0,2338,1,0,1,Pedestrian
16,1925.0,812.0,1969.0,856.0,2339,1,0,1,Pedestrian
16,1925.0,812.0,1969.0,856.0,2340,1,0,1,Pedestrian
16,1925.0,812.0,1969.0,856.0,2341,1,0,1,Pedestrian
16,1925.0,812.0,1969.0,856.0,2342,1,0,1,Pedestrian
16,1925.0,812.0,1969.0,856.0,2343,1,0,1,Pedestrian
16,1925.0,812.0,1969.0,856.0,2344,1,0,1,Pedestrian
16,1925.0,812.0,1969.0,856.0,2345,1,0,1,Pedestrian
16,1925.0,812.0,1969.0,856.0,2346,1,0,1,Pedestrian
16,1925.0,812.0,1969.0,856.0,2347,1,0,1,Pedestrian
16,1925.0,812.0,1969.0,856.0,2348,1,0,1,Pedestrian
16,1925.0,812.0,1969.0,856.0,2349,1,0,1,Pedestrian
16,1925.0,812.0,1969.0,856.0,2350,1,0,1,Pedestrian
16,1925.0,812.0,1969.0,856.0,2351,1,0,1,Pedestrian
16,1925.0,812.0,1969.0,856.0,2352,1,0,1,Pedestrian
16,1925.0,812.0,1969.0,856.0,2353,1,0,1,Pedestrian
16,1925.0,812.0,1969.0,856.0,2354,1,0,1,Pedestrian
16,1925.0,812.0,1969.0,856.0,2355,1,0,1,Pedestrian
16,1925.0,812.0,1969.0,856.0,2356,1,0,1,Pedestrian
16,1925.0,812.0,1969.0,856.0,2357,1,0,1,Pedestrian
16,1925.0,812.0,1969.0,856.0,2358,1,0,1,Pedestrian
16,1925.0,812.0,1969.0,856.0,2359,1,0,1,Pedestrian
16,1925.0,812.0,1969.0,856.0,2360,1,0,1,Pedestrian
16,1925.0,812.0,1969.0,856.0,2361,1,0,1,Pedestrian
16,1925.0,812.0,1969.0,856.0,2362,1,0,1,Pedestrian
16,1925.0,812.0,1969.0,856.0,2363,1,0,1,Pedestrian
16,1925.0,812.0,1969.0,856.0,2364,1,0,1,Pedestrian
16,1925.0,812.0,1969.0,856.0,2365,1,0,1,Pedestrian
16,1925.0,812.0,1969.0,856.0,2366,1,0,1,Pedestrian
16,1925.0,812.0,1969.0,856.0,2367,1,0,1,Pedestrian
16,1925.0,812.0,1969.0,856.0,2368,1,0,1,Pedestrian
16,1925.0,812.0,1969.0,856.0,2369,1,0,1,Pedestrian
16,1925.0,812.0,1969.0,856.0,2370,1,0,1,Pedestrian
16,1925.0,812.0,1969.0,856.0,2371,1,0,1,Pedestrian
16,1925.0,812.0,1969.0,856.0,2372,1,0,1,Pedestrian
16,1925.0,812.0,1969.0,856.0,2373,1,0,1,Pedestrian
16,1925.0,812.0,1969.0,856.0,2374,1,0,1,Pedestrian
16,1925.0,812.0,1969.0,856.0,2375,1,0,1,Pedestrian
16,1927.0,812.0,1969.0,856.0,2376,1,0,1,Pedestrian
16,1927.0,812.0,1969.0,856.0,2377,1,0,1,Pedestrian
16,1927.0,812.0,1969.0,856.0,2378,1,0,1,Pedestrian
16,1927.0,812.0,1969.0,856.0,2379,1,0,1,Pedestrian
16,1927.0,812.0,1969.0,856.0,2380,1,0,1,Pedestrian
16,1927.0,812.0,1969.0,856.0,2381,1,0,1,Pedestrian
16,1927.0,812.0,1969.0,856.0,2382,1,0,1,Pedestrian
16,1927.0,812.0,1969.0,856.0,2383,1,0,1,Pedestrian
16,1927.0,812.0,1969.0,856.0,2384,1,0,1,Pedestrian
16,1927.0,812.0,1969.0,856.0,2385,1,0,1,Pedestrian
16,1927.0,812.0,1969.0,856.0,2386,1,0,1,Pedestrian
16,1927.0,812.0,1969.0,856.0,2387,1,0,1,Pedestrian
16,1927.0,812.0,1969.0,856.0,2388,1,0,1,Pedestrian
16,1927.0,812.0,1969.0,856.0,2389,1,0,1,Pedestrian
16,1927.0,812.0,1969.0,856.0,2390,1,0,1,Pedestrian
16,1927.0,812.0,1969.0,856.0,2391,1,0,1,Pedestrian
16,1927.0,812.0,1969.0,856.0,2392,1,0,1,Pedestrian
16,1927.0,812.0,1969.0,856.0,2393,1,0,1,Pedestrian
16,1927.0,812.0,1969.0,856.0,2394,1,0,1,Pedestrian
16,1927.0,812.0,1969.0,856.0,2395,1,0,1,Pedestrian
16,1927.0,812.0,1969.0,856.0,2396,1,0,1,Pedestrian
16,1927.0,812.0,1969.0,856.0,2397,1,0,1,Pedestrian
16,1927.0,812.0,1969.0,856.0,2398,1,0,1,Pedestrian
16,1927.0,812.0,1969.0,856.0,2399,1,0,1,Pedestrian
16,1927.0,812.0,1969.0,856.0,2400,1,0,1,Pedestrian
16,1927.0,812.0,1969.0,856.0,2401,1,0,1,Pedestrian
16,1927.0,812.0,1969.0,856.0,2402,1,0,1,Pedestrian
16,1927.0,812.0,1969.0,856.0,2403,1,0,1,Pedestrian
16,1927.0,812.0,1969.0,856.0,2404,1,0,1,Pedestrian
16,1927.0,812.0,1969.0,856.0,2405,1,0,1,Pedestrian
16,1927.0,812.0,1969.0,856.0,2406,1,0,1,Pedestrian
16,1927.0,812.0,1969.0,856.0,2407,1,0,1,Pedestrian
16,1927.0,812.0,1969.0,856.0,2408,1,0,1,Pedestrian
16,1927.0,812.0,1969.0,856.0,2409,1,0,1,Pedestrian
16,1927.0,812.0,1969.0,856.0,2410,1,0,1,Pedestrian
16,1927.0,812.0,1969.0,856.0,2411,1,0,1,Pedestrian
16,1927.0,812.0,1969.0,856.0,2412,1,0,1,Pedestrian
16,1927.0,812.0,1969.0,856.0,2413,1,0,1,Pedestrian
16,1927.0,812.0,1969.0,856.0,2414,1,0,1,Pedestrian
16,1927.0,812.0,1969.0,856.0,2415,1,0,1,Pedestrian
16,1927.0,812.0,1969.0,856.0,2416,1,0,1,Pedestrian
16,1927.0,812.0,1969.0,856.0,2417,1,0,1,Pedestrian
16,1927.0,812.0,1969.0,856.0,2418,1,0,1,Pedestrian
16,1927.0,812.0,1969.0,856.0,2419,1,0,1,Pedestrian
16,1927.0,812.0,1969.0,856.0,2420,1,0,1,Pedestrian
16,1927.0,812.0,1969.0,856.0,2421,1,0,1,Pedestrian
16,1927.0,812.0,1969.0,856.0,2422,1,0,1,Pedestrian
16,1927.0,812.0,1969.0,856.0,2423,1,0,1,Pedestrian
16,1927.0,812.0,1969.0,856.0,2424,1,0,1,Pedestrian
16,1927.0,812.0,1969.0,856.0,2425,1,0,1,Pedestrian
16,1927.0,812.0,1969.0,856.0,2426,1,0,1,Pedestrian
16,1927.0,812.0,1969.0,856.0,2427,1,0,1,Pedestrian
16,1927.0,812.0,1969.0,856.0,2428,1,0,1,Pedestrian
16,1927.0,812.0,1969.0,856.0,2429,1,0,1,Pedestrian
16,1927.0,812.0,1969.0,856.0,2430,1,0,1,Pedestrian
16,1927.0,812.0,1969.0,856.0,2431,1,0,1,Pedestrian
16,1927.0,812.0,1969.0,856.0,2432,1,0,1,Pedestrian
16,1927.0,812.0,1969.0,856.0,2433,1,0,1,Pedestrian
16,1927.0,812.0,1969.0,856.0,2434,1,0,1,Pedestrian
16,1927.0,812.0,1969.0,856.0,2435,1,0,1,Pedestrian
16,1927.0,812.0,1969.0,856.0,2436,1,0,1,Pedestrian
16,1927.0,812.0,1969.0,856.0,2437,1,0,1,Pedestrian
16,1927.0,812.0,1969.0,856.0,2438,1,0,1,Pedestrian
16,1927.0,812.0,1969.0,856.0,2439,1,0,1,Pedestrian
16,1927.0,812.0,1969.0,856.0,2440,1,0,1,Pedestrian
16,1927.0,812.0,1969.0,856.0,2441,1,0,1,Pedestrian
16,1927.0,812.0,1969.0,856.0,2442,1,0,1,Pedestrian
16,1927.0,812.0,1969.0,856.0,2443,1,0,1,Pedestrian
16,1927.0,812.0,1969.0,856.0,2444,1,0,1,Pedestrian
16,1927.0,812.0,1969.0,856.0,2445,1,0,1,Pedestrian
16,1927.0,812.0,1969.0,856.0,2446,1,0,1,Pedestrian
16,1927.0,812.0,1969.0,856.0,2447,1,0,1,Pedestrian
16,1927.0,812.0,1969.0,856.0,2448,1,0,1,Pedestrian
16,1927.0,812.0,1969.0,856.0,2449,1,0,1,Pedestrian
16,1927.0,812.0,1969.0,856.0,2450,1,0,1,Pedestrian
16,1927.0,812.0,1969.0,856.0,2451,1,0,1,Pedestrian
16,1927.0,812.0,1969.0,856.0,2452,1,0,1,Pedestrian
16,1927.0,812.0,1969.0,856.0,2453,1,0,1,Pedestrian
16,1927.0,812.0,1969.0,856.0,2454,1,0,1,Pedestrian
16,1927.0,812.0,1969.0,856.0,2455,1,0,1,Pedestrian
16,1927.0,812.0,1969.0,856.0,2456,1,0,1,Pedestrian
16,1927.0,812.0,1969.0,856.0,2457,1,0,1,Pedestrian
16,1927.0,812.0,1969.0,856.0,2458,1,0,1,Pedestrian
16,1927.0,812.0,1969.0,856.0,2459,1,0,1,Pedestrian
16,1927.0,812.0,1969.0,856.0,2460,1,0,1,Pedestrian
16,1927.0,812.0,1969.0,856.0,2461,1,0,1,Pedestrian
16,1927.0,812.0,1969.0,856.0,2462,1,0,1,Pedestrian
16,1927.0,812.0,1969.0,856.0,2463,1,0,1,Pedestrian
16,1927.0,812.0,1969.0,856.0,2464,1,0,1,Pedestrian
16,1927.0,812.0,1969.0,856.0,2465,1,0,1,Pedestrian
16,1927.0,812.0,1969.0,856.0,2466,1,0,1,Pedestrian
16,1927.0,812.0,1969.0,856.0,2467,1,0,1,Pedestrian
16,1927.0,812.0,1969.0,856.0,2468,1,0,1,Pedestrian
16,1927.0,812.0,1969.0,856.0,2469,1,0,1,Pedestrian
16,1927.0,812.0,1969.0,856.0,2470,1,0,1,Pedestrian
16,1927.0,812.0,1969.0,856.0,2471,1,0,1,Pedestrian
16,1927.0,812.0,1969.0,856.0,2472,1,0,1,Pedestrian
16,1927.0,812.0,1969.0,856.0,2473,1,0,1,Pedestrian
16,1927.0,812.0,1969.0,856.0,2474,1,0,1,Pedestrian
16,1927.0,812.0,1969.0,856.0,2475,1,0,1,Pedestrian
16,1927.0,812.0,1969.0,856.0,2476,1,0,1,Pedestrian
16,1927.0,812.0,1969.0,856.0,2477,1,0,1,Pedestrian
16,1927.0,812.0,1969.0,856.0,2478,1,0,1,Pedestrian
16,1927.0,812.0,1969.0,856.0,2479,1,0,1,Pedestrian
16,1927.0,812.0,1969.0,856.0,2480,1,0,1,Pedestrian
16,1927.0,812.0,1969.0,856.0,2481,1,0,1,Pedestrian
16,1927.0,812.0,1969.0,856.0,2482,1,0,1,Pedestrian
16,1927.0,812.0,1969.0,856.0,2483,1,0,1,Pedestrian
16,1927.0,812.0,1969.0,856.0,2484,1,0,1,Pedestrian
16,1927.0,812.0,1969.0,856.0,2485,1,0,1,Pedestrian
16,1927.0,812.0,1969.0,856.0,2486,1,0,1,Pedestrian
16,1927.0,812.0,1969.0,856.0,2487,1,0,1,Pedestrian
16,1927.0,812.0,1969.0,856.0,2488,1,0,1,Pedestrian
16,1927.0,812.0,1969.0,856.0,2489,1,0,1,Pedestrian
16,1927.0,812.0,1969.0,856.0,2490,1,0,1,Pedestrian
16,1927.0,812.0,1969.0,856.0,2491,1,0,1,Pedestrian
16,1927.0,812.0,1969.0,856.0,2492,1,0,1,Pedestrian
16,1927.0,812.0,1969.0,856.0,2493,1,0,1,Pedestrian
16,1927.0,812.0,1969.0,856.0,2494,1,0,1,Pedestrian
16,1927.0,812.0,1969.0,856.0,2495,1,0,1,Pedestrian
16,1927.0,812.0,1969.0,856.0,2496,1,0,1,Pedestrian
16,1927.0,812.0,1969.0,856.0,2497,1,0,1,Pedestrian
16,1927.0,812.0,1969.0,856.0,2498,1,0,1,Pedestrian
16,1927.0,812.0,1969.0,856.0,2499,1,0,1,Pedestrian
16,1927.0,812.0,1969.0,856.0,2500,1,0,1,Pedestrian
16,1930.0,812.0,1971.0,856.0,2501,0,0,0,Pedestrian
16,1927.0,810.0,1969.0,853.0,2502,0,0,1,Pedestrian
16,1927.0,810.0,1969.0,853.0,2503,0,0,1,Pedestrian
16,1927.0,810.0,1969.0,853.0,2504,0,0,1,Pedestrian
16,1927.0,810.0,1969.0,853.0,2505,0,0,1,Pedestrian
16,1927.0,810.0,1969.0,853.0,2506,0,0,1,Pedestrian
16,1927.0,810.0,1969.0,853.0,2507,0,0,1,Pedestrian
16,1927.0,810.0,1969.0,853.0,2508,0,0,1,Pedestrian
16,1925.0,808.0,1966.0,851.0,2509,0,0,1,Pedestrian
16,1925.0,808.0,1966.0,851.0,2510,0,0,1,Pedestrian
16,1925.0,808.0,1966.0,851.0,2511,0,0,1,Pedestrian
16,1925.0,808.0,1966.0,851.0,2512,0,0,1,Pedestrian
16,1925.0,808.0,1966.0,851.0,2513,0,0,1,Pedestrian
16,1925.0,808.0,1966.0,851.0,2514,0,0,1,Pedestrian
16,1925.0,808.0,1966.0,851.0,2515,0,0,1,Pedestrian
16,1925.0,808.0,1966.0,851.0,2516,0,0,1,Pedestrian
16,1922.0,806.0,1963.0,849.0,2517,0,0,1,Pedestrian
16,1922.0,806.0,1963.0,849.0,2518,0,0,1,Pedestrian
16,1922.0,806.0,1963.0,849.0,2519,0,0,1,Pedestrian
16,1922.0,806.0,1963.0,849.0,2520,0,0,1,Pedestrian
16,1922.0,806.0,1963.0,849.0,2521,0,0,1,Pedestrian
16,1922.0,806.0,1963.0,849.0,2522,0,0,1,Pedestrian
16,1922.0,806.0,1963.0,849.0,2523,0,0,1,Pedestrian
16,1919.0,803.0,1960.0,847.0,2524,0,0,1,Pedestrian
16,1919.0,803.0,1960.0,847.0,2525,0,0,1,Pedestrian
16,1919.0,803.0,1960.0,847.0,2526,0,0,1,Pedestrian
16,1919.0,803.0,1960.0,847.0,2527,0,0,1,Pedestrian
16,1919.0,803.0,1960.0,847.0,2528,0,0,1,Pedestrian
16,1919.0,803.0,1960.0,847.0,2529,0,0,1,Pedestrian
16,1919.0,803.0,1960.0,847.0,2530,0,0,1,Pedestrian
16,1919.0,803.0,1960.0,847.0,2531,0,0,0,Pedestrian
17,1903.0,837.0,1952.0,872.0,2000,1,0,0,Pedestrian
17,1903.0,837.0,1952.0,872.0,2001,1,0,1,Pedestrian
17,1903.0,837.0,1952.0,872.0,2002,1,0,1,Pedestrian
17,1903.0,837.0,1952.0,872.0,2003,1,0,1,Pedestrian
17,1903.0,837.0,1952.0,872.0,2004,1,0,1,Pedestrian
17,1903.0,837.0,1952.0,872.0,2005,1,0,1,Pedestrian
17,1903.0,837.0,1952.0,872.0,2006,1,0,1,Pedestrian
17,1903.0,837.0,1952.0,872.0,2007,1,0,1,Pedestrian
17,1903.0,837.0,1952.0,872.0,2008,1,0,1,Pedestrian
17,1903.0,837.0,1952.0,872.0,2009,1,0,1,Pedestrian
17,1903.0,837.0,1952.0,872.0,2010,1,0,1,Pedestrian
17,1903.0,837.0,1952.0,872.0,2011,1,0,1,Pedestrian
17,1903.0,837.0,1952.0,872.0,2012,1,0,1,Pedestrian
17,1903.0,837.0,1952.0,872.0,2013,1,0,1,Pedestrian
17,1903.0,837.0,1952.0,872.0,2014,1,0,1,Pedestrian
17,1903.0,837.0,1952.0,872.0,2015,1,0,1,Pedestrian
17,1903.0,837.0,1952.0,872.0,2016,1,0,1,Pedestrian
17,1903.0,837.0,1952.0,872.0,2017,1,0,1,Pedestrian
17,1903.0,837.0,1952.0,872.0,2018,1,0,1,Pedestrian
17,1903.0,837.0,1952.0,872.0,2019,1,0,1,Pedestrian
17,1903.0,837.0,1952.0,872.0,2020,1,0,1,Pedestrian
17,1903.0,837.0,1952.0,872.0,2021,1,0,1,Pedestrian
17,1903.0,837.0,1952.0,872.0,2022,1,0,1,Pedestrian
17,1903.0,837.0,1952.0,872.0,2023,1,0,1,Pedestrian
17,1903.0,837.0,1952.0,872.0,2024,1,0,1,Pedestrian
17,1903.0,837.0,1952.0,872.0,2025,1,0,1,Pedestrian
17,1903.0,837.0,1952.0,872.0,2026,1,0,1,Pedestrian
17,1903.0,837.0,1952.0,872.0,2027,1,0,1,Pedestrian
17,1903.0,837.0,1952.0,872.0,2028,1,0,1,Pedestrian
17,1903.0,837.0,1952.0,872.0,2029,1,0,1,Pedestrian
17,1903.0,837.0,1952.0,872.0,2030,1,0,1,Pedestrian
17,1903.0,837.0,1952.0,872.0,2031,1,0,1,Pedestrian
17,1903.0,837.0,1952.0,872.0,2032,1,0,1,Pedestrian
17,1903.0,837.0,1952.0,872.0,2033,1,0,1,Pedestrian
17,1903.0,837.0,1952.0,872.0,2034,1,0,1,Pedestrian
17,1903.0,837.0,1952.0,872.0,2035,1,0,1,Pedestrian
17,1903.0,837.0,1952.0,872.0,2036,1,0,1,Pedestrian
17,1903.0,837.0,1952.0,872.0,2037,1,0,1,Pedestrian
17,1903.0,837.0,1952.0,872.0,2038,1,0,1,Pedestrian
17,1903.0,837.0,1952.0,872.0,2039,1,0,1,Pedestrian
17,1903.0,837.0,1952.0,872.0,2040,1,0,1,Pedestrian
17,1903.0,837.0,1952.0,872.0,2041,1,0,1,Pedestrian
17,1903.0,837.0,1952.0,872.0,2042,1,0,1,Pedestrian
17,1903.0,837.0,1952.0,872.0,2043,1,0,1,Pedestrian
17,1903.0,837.0,1952.0,872.0,2044,1,0,1,Pedestrian
17,1903.0,837.0,1952.0,872.0,2045,1,0,1,Pedestrian
17,1903.0,837.0,1952.0,872.0,2046,1,0,1,Pedestrian
17,1903.0,837.0,1952.0,872.0,2047,1,0,1,Pedestrian
17,1903.0,837.0,1952.0,872.0,2048,1,0,1,Pedestrian
17,1903.0,837.0,1952.0,872.0,2049,1,0,1,Pedestrian
17,1903.0,837.0,1952.0,872.0,2050,1,0,1,Pedestrian
17,1903.0,837.0,1952.0,872.0,2051,1,0,1,Pedestrian
17,1903.0,837.0,1952.0,872.0,2052,1,0,1,Pedestrian
17,1903.0,837.0,1952.0,872.0,2053,1,0,1,Pedestrian
17,1903.0,837.0,1952.0,872.0,2054,1,0,1,Pedestrian
17,1903.0,837.0,1952.0,872.0,2055,1,0,1,Pedestrian
17,1903.0,837.0,1955.0,872.0,2056,1,0,1,Pedestrian
17,1903.0,837.0,1955.0,872.0,2057,1,0,1,Pedestrian
17,1903.0,837.0,1955.0,872.0,2058,1,0,1,Pedestrian
17,1903.0,837.0,1955.0,872.0,2059,1,0,1,Pedestrian
17,1903.0,837.0,1955.0,872.0,2060,1,0,1,Pedestrian
17,1903.0,837.0,1955.0,872.0,2061,1,0,1,Pedestrian
17,1903.0,837.0,1955.0,872.0,2062,1,0,1,Pedestrian
17,1905.0,837.0,1955.0,872.0,2063,1,0,1,Pedestrian
17,1905.0,837.0,1955.0,872.0,2064,1,0,1,Pedestrian
17,1905.0,837.0,1955.0,872.0,2065,1,0,1,Pedestrian
17,1905.0,837.0,1955.0,872.0,2066,1,0,1,Pedestrian
17,1905.0,837.0,1955.0,872.0,2067,1,0,1,Pedestrian
17,1905.0,837.0,1955.0,872.0,2068,1,0,1,Pedestrian
17,1905.0,837.0,1955.0,872.0,2069,1,0,1,Pedestrian
17,1905.0,837.0,1955.0,872.0,2070,1,0,1,Pedestrian
17,1905.0,837.0,1955.0,872.0,2071,1,0,1,Pedestrian
17,1905.0,837.0,1955.0,872.0,2072,1,0,1,Pedestrian
17,1905.0,837.0,1955.0,872.0,2073,1,0,1,Pedestrian
17,1905.0,837.0,1955.0,872.0,2074,1,0,1,Pedestrian
17,1905.0,837.0,1955.0,872.0,2075,1,0,1,Pedestrian
17,1905.0,837.0,1955.0,872.0,2076,1,0,1,Pedestrian
17,1905.0,837.0,1955.0,872.0,2077,1,0,1,Pedestrian
17,1905.0,837.0,1955.0,872.0,2078,1,0,1,Pedestrian
17,1905.0,837.0,1955.0,872.0,2079,1,0,1,Pedestrian
17,1905.0,837.0,1955.0,872.0,2080,1,0,1,Pedestrian
17,1905.0,837.0,1955.0,872.0,2081,1,0,1,Pedestrian
17,1905.0,837.0,1955.0,872.0,2082,1,0,1,Pedestrian
17,1905.0,837.0,1955.0,872.0,2083,1,0,1,Pedestrian
17,1905.0,837.0,1955.0,872.0,2084,1,0,1,Pedestrian
17,1905.0,837.0,1955.0,872.0,2085,1,0,1,Pedestrian
17,1905.0,837.0,1955.0,872.0,2086,1,0,1,Pedestrian
17,1905.0,837.0,1955.0,872.0,2087,1,0,1,Pedestrian
17,1905.0,837.0,1955.0,872.0,2088,1,0,1,Pedestrian
17,1905.0,837.0,1955.0,872.0,2089,1,0,1,Pedestrian
17,1905.0,837.0,1955.0,872.0,2090,1,0,1,Pedestrian
17,1905.0,837.0,1955.0,872.0,2091,1,0,1,Pedestrian
17,1905.0,837.0,1955.0,872.0,2092,1,0,1,Pedestrian
17,1905.0,837.0,1955.0,872.0,2093,1,0,1,Pedestrian
17,1905.0,837.0,1955.0,872.0,2094,1,0,1,Pedestrian
17,1905.0,837.0,1955.0,872.0,2095,1,0,1,Pedestrian
17,1905.0,837.0,1955.0,872.0,2096,1,0,1,Pedestrian
17,1905.0,837.0,1955.0,872.0,2097,1,0,1,Pedestrian
17,1905.0,837.0,1955.0,872.0,2098,1,0,1,Pedestrian
17,1905.0,837.0,1955.0,872.0,2099,1,0,1,Pedestrian
17,1905.0,837.0,1955.0,872.0,2100,1,0,1,Pedestrian
17,1905.0,837.0,1955.0,872.0,2101,1,0,1,Pedestrian
17,1905.0,837.0,1955.0,872.0,2102,1,0,1,Pedestrian
17,1905.0,837.0,1955.0,872.0,2103,1,0,1,Pedestrian
17,1905.0,837.0,1955.0,872.0,2104,1,0,1,Pedestrian
17,1905.0,837.0,1955.0,872.0,2105,1,0,1,Pedestrian
17,1905.0,837.0,1955.0,872.0,2106,1,0,1,Pedestrian
17,1905.0,837.0,1955.0,872.0,2107,1,0,1,Pedestrian
17,1905.0,837.0,1955.0,872.0,2108,1,0,1,Pedestrian
17,1905.0,837.0,1955.0,872.0,2109,1,0,1,Pedestrian
17,1905.0,837.0,1955.0,872.0,2110,1,0,1,Pedestrian
17,1905.0,837.0,1955.0,872.0,2111,1,0,1,Pedestrian
17,1905.0,837.0,1958.0,872.0,2112,1,0,1,Pedestrian
17,1905.0,837.0,1958.0,872.0,2113,1,0,1,Pedestrian
17,1905.0,837.0,1958.0,872.0,2114,1,0,1,Pedestrian
17,1905.0,837.0,1958.0,872.0,2115,1,0,1,Pedestrian
17,1905.0,837.0,1958.0,872.0,2116,1,0,1,Pedestrian
17,1905.0,837.0,1958.0,872.0,2117,1,0,1,Pedestrian
17,1905.0,837.0,1958.0,872.0,2118,1,0,1,Pedestrian
17,1905.0,837.0,1958.0,872.0,2119,1,0,1,Pedestrian
17,1905.0,837.0,1958.0,872.0,2120,1,0,1,Pedestrian
17,1905.0,837.0,1958.0,872.0,2121,1,0,1,Pedestrian
17,1905.0,837.0,1958.0,872.0,2122,1,0,1,Pedestrian
17,1905.0,837.0,1958.0,872.0,2123,1,0,1,Pedestrian
17,1905.0,837.0,1958.0,872.0,2124,1,0,1,Pedestrian
17,1905.0,837.0,1958.0,872.0,2125,1,0,1,Pedestrian
17,1908.0,837.0,1958.0,872.0,2126,1,0,1,Pedestrian
17,1908.0,837.0,1958.0,872.0,2127,1,0,1,Pedestrian
17,1908.0,837.0,1958.0,872.0,2128,1,0,1,Pedestrian
17,1908.0,837.0,1958.0,872.0,2129,1,0,1,Pedestrian
17,1908.0,837.0,1958.0,872.0,2130,1,0,1,Pedestrian
17,1908.0,837.0,1958.0,872.0,2131,1,0,1,Pedestrian
17,1908.0,837.0,1958.0,872.0,2132,1,0,1,Pedestrian
17,1908.0,837.0,1958.0,872.0,2133,1,0,1,Pedestrian
17,1908.0,837.0,1958.0,872.0,2134,1,0,1,Pedestrian
17,1908.0,837.0,1958.0,872.0,2135,1,0,1,Pedestrian
17,1908.0,837.0,1958.0,872.0,2136,1,0,1,Pedestrian
17,1908.0,837.0,1958.0,872.0,2137,1,0,1,Pedestrian
17,1908.0,837.0,1958.0,872.0,2138,1,0,1,Pedestrian
17,1908.0,837.0,1958.0,872.0,2139,1,0,1,Pedestrian
17,1908.0,837.0,1958.0,872.0,2140,1,0,1,Pedestrian
17,1908.0,837.0,1958.0,872.0,2141,1,0,1,Pedestrian
17,1908.0,837.0,1958.0,872.0,2142,1,0,1,Pedestrian
17,1908.0,837.0,1958.0,872.0,2143,1,0,1,Pedestrian
17,1908.0,837.0,1958.0,872.0,2144,1,0,1,Pedestrian
17,1908.0,837.0,1958.0,872.0,2145,1,0,1,Pedestrian
17,1908.0,837.0,1958.0,872.0,2146,1,0,1,Pedestrian
17,1908.0,837.0,1958.0,872.0,2147,1,0,1,Pedestrian
17,1908.0,837.0,1958.0,872.0,2148,1,0,1,Pedestrian
17,1908.0,837.0,1958.0,872.0,2149,1,0,1,Pedestrian
17,1908.0,837.0,1958.0,872.0,2150,1,0,1,Pedestrian
17,1908.0,837.0,1958.0,872.0,2151,1,0,1,Pedestrian
17,1908.0,837.0,1958.0,872.0,2152,1,0,1,Pedestrian
17,1908.0,837.0,1958.0,872.0,2153,1,0,1,Pedestrian
17,1908.0,837.0,1958.0,872.0,2154,1,0,1,Pedestrian
17,1908.0,837.0,1958.0,872.0,2155,1,0,1,Pedestrian
17,1908.0,837.0,1958.0,872.0,2156,1,0,1,Pedestrian
17,1908.0,837.0,1958.0,872.0,2157,1,0,1,Pedestrian
17,1908.0,837.0,1958.0,872.0,2158,1,0,1,Pedestrian
17,1908.0,837.0,1958.0,872.0,2159,1,0,1,Pedestrian
17,1908.0,837.0,1958.0,872.0,2160,1,0,1,Pedestrian
17,1908.0,837.0,1958.0,872.0,2161,1,0,1,Pedestrian
17,1908.0,837.0,1958.0,872.0,2162,1,0,1,Pedestrian
17,1908.0,837.0,1958.0,872.0,2163,1,0,1,Pedestrian
17,1908.0,837.0,1958.0,872.0,2164,1,0,1,Pedestrian
17,1908.0,837.0,1958.0,872.0,2165,1,0,1,Pedestrian
17,1908.0,837.0,1958.0,872.0,2166,1,0,1,Pedestrian
17,1908.0,837.0,1958.0,872.0,2167,1,0,1,Pedestrian
17,1908.0,837.0,1960.0,872.0,2168,1,0,1,Pedestrian
17,1908.0,837.0,1960.0,872.0,2169,1,0,1,Pedestrian
17,1908.0,837.0,1960.0,872.0,2170,1,0,1,Pedestrian
17,1908.0,837.0,1960.0,872.0,2171,1,0,1,Pedestrian
17,1908.0,837.0,1960.0,872.0,2172,1,0,1,Pedestrian
17,1908.0,837.0,1960.0,872.0,2173,1,0,1,Pedestrian
17,1908.0,837.0,1960.0,872.0,2174,1,0,1,Pedestrian
17,1908.0,837.0,1960.0,872.0,2175,1,0,1,Pedestrian
17,1908.0,837.0,1960.0,872.0,2176,1,0,1,Pedestrian
17,1908.0,837.0,1960.0,872.0,2177,1,0,1,Pedestrian
17,1908.0,837.0,1960.0,872.0,2178,1,0,1,Pedestrian
17,1908.0,837.0,1960.0,872.0,2179,1,0,1,Pedestrian
17,1908.0,837.0,1960.0,872.0,2180,1,0,1,Pedestrian
17,1908.0,837.0,1960.0,872.0,2181,1,0,1,Pedestrian
17,1908.0,837.0,1960.0,872.0,2182,1,0,1,Pedestrian
17,1908.0,837.0,1960.0,872.0,2183,1,0,1,Pedestrian
17,1908.0,837.0,1960.0,872.0,2184,1,0,1,Pedestrian
17,1908.0,837.0,1960.0,872.0,2185,1,0,1,Pedestrian
17,1908.0,837.0,1960.0,872.0,2186,1,0,1,Pedestrian
17,1908.0,837.0,1960.0,872.0,2187,1,0,1,Pedestrian
17,1908.0,837.0,1960.0,872.0,2188,1,0,1,Pedestrian
17,1911.0,837.0,1960.0,872.0,2189,1,0,1,Pedestrian
17,1911.0,837.0,1960.0,872.0,2190,1,0,1,Pedestrian
17,1911.0,837.0,1960.0,872.0,2191,1,0,1,Pedestrian
17,1911.0,837.0,1960.0,872.0,2192,1,0,1,Pedestrian
17,1911.0,837.0,1960.0,872.0,2193,1,0,1,Pedestrian
17,1911.0,837.0,1960.0,872.0,2194,1,0,1,Pedestrian
17,1911.0,837.0,1960.0,872.0,2195,1,0,1,Pedestrian
17,1911.0,837.0,1960.0,872.0,2196,1,0,1,Pedestrian
17,1911.0,837.0,1960.0,872.0,2197,1,0,1,Pedestrian
17,1911.0,837.0,1960.0,872.0,2198,1,0,1,Pedestrian
17,1911.0,837.0,1960.0,872.0,2199,1,0,1,Pedestrian
17,1911.0,837.0,1960.0,872.0,2200,1,0,1,Pedestrian
17,1911.0,837.0,1960.0,872.0,2201,1,0,1,Pedestrian
17,1911.0,837.0,1960.0,872.0,2202,1,0,1,Pedestrian
17,1911.0,837.0,1960.0,872.0,2203,1,0,1,Pedestrian
17,1911.0,837.0,1960.0,872.0,2204,1,0,1,Pedestrian
17,1911.0,837.0,1960.0,872.0,2205,1,0,1,Pedestrian
17,1911.0,837.0,1960.0,872.0,2206,1,0,1,Pedestrian
17,1911.0,837.0,1960.0,872.0,2207,1,0,1,Pedestrian
17,1911.0,837.0,1960.0,872.0,2208,1,0,1,Pedestrian
17,1911.0,837.0,1960.0,872.0,2209,1,0,1,Pedestrian
17,1911.0,837.0,1960.0,872.0,2210,1,0,1,Pedestrian
17,1911.0,837.0,1960.0,872.0,2211,1,0,1,Pedestrian
17,1911.0,837.0,1960.0,872.0,2212,1,0,1,Pedestrian
17,1911.0,837.0,1960.0,872.0,2213,1,0,1,Pedestrian
17,1911.0,837.0,1960.0,872.0,2214,1,0,1,Pedestrian
17,1911.0,837.0,1960.0,872.0,2215,1,0,1,Pedestrian
17,1911.0,837.0,1960.0,872.0,2216,1,0,1,Pedestrian
17,1911.0,837.0,1960.0,872.0,2217,1,0,1,Pedestrian
17,1911.0,837.0,1960.0,872.0,2218,1,0,1,Pedestrian
17,1911.0,837.0,1960.0,872.0,2219,1,0,1,Pedestrian
17,1911.0,837.0,1960.0,872.0,2220,1,0,1,Pedestrian
17,1911.0,837.0,1960.0,872.0,2221,1,0,1,Pedestrian
17,1911.0,837.0,1960.0,872.0,2222,1,0,1,Pedestrian
17,1911.0,837.0,1960.0,872.0,2223,1,0,1,Pedestrian
17,1911.0,837.0,1963.0,872.0,2224,1,0,1,Pedestrian
17,1911.0,837.0,1963.0,872.0,2225,1,0,1,Pedestrian
17,1911.0,837.0,1963.0,872.0,2226,1,0,1,Pedestrian
17,1911.0,837.0,1963.0,872.0,2227,1,0,1,Pedestrian
17,1911.0,837.0,1963.0,872.0,2228,1,0,1,Pedestrian
17,1911.0,837.0,1963.0,872.0,2229,1,0,1,Pedestrian
17,1911.0,837.0,1963.0,872.0,2230,1,0,1,Pedestrian
17,1911.0,837.0,1963.0,872.0,2231,1,0,1,Pedestrian
17,1911.0,837.0,1963.0,872.0,2232,1,0,1,Pedestrian
17,1911.0,837.0,1963.0,872.0,2233,1,0,1,Pedestrian
17,1911.0,837.0,1963.0,872.0,2234,1,0,1,Pedestrian
17,1911.0,837.0,1963.0,872.0,2235,1,0,1,Pedestrian
17,1911.0,837.0,1963.0,872.0,2236,1,0,1,Pedestrian
17,1911.0,837.0,1963.0,872.0,2237,1,0,1,Pedestrian
17,1911.0,837.0,1963.0,872.0,2238,1,0,1,Pedestrian
17,1911.0,837.0,1963.0,872.0,2239,1,0,1,Pedestrian
17,1911.0,837.0,1963.0,872.0,2240,1,0,1,Pedestrian
17,1911.0,837.0,1963.0,872.0,2241,1,0,1,Pedestrian
17,1911.0,837.0,1963.0,872.0,2242,1,0,1,Pedestrian
17,1911.0,837.0,1963.0,872.0,2243,1,0,1,Pedestrian
17,1911.0,837.0,1963.0,872.0,2244,1,0,1,Pedestrian
17,1911.0,837.0,1963.0,872.0,2245,1,0,1,Pedestrian
17,1911.0,837.0,1963.0,872.0,2246,1,0,1,Pedestrian
17,1911.0,837.0,1963.0,872.0,2247,1,0,1,Pedestrian
17,1911.0,837.0,1963.0,872.0,2248,1,0,1,Pedestrian
17,1911.0,837.0,1963.0,872.0,2249,1,0,1,Pedestrian
17,1911.0,837.0,1963.0,872.0,2250,1,0,1,Pedestrian
17,1911.0,837.0,1963.0,872.0,2251,1,0,1,Pedestrian
17,1914.0,837.0,1963.0,872.0,2252,1,0,1,Pedestrian
17,1914.0,837.0,1963.0,872.0,2253,1,0,1,Pedestrian
17,1914.0,837.0,1963.0,872.0,2254,1,0,1,Pedestrian
17,1914.0,837.0,1963.0,872.0,2255,1,0,1,Pedestrian
17,1914.0,837.0,1963.0,872.0,2256,1,0,1,Pedestrian
17,1914.0,837.0,1963.0,872.0,2257,1,0,1,Pedestrian
17,1914.0,837.0,1963.0,872.0,2258,1,0,1,Pedestrian
17,1914.0,837.0,1963.0,872.0,2259,1,0,1,Pedestrian
17,1914.0,837.0,1963.0,872.0,2260,1,0,1,Pedestrian
17,1914.0,837.0,1963.0,872.0,2261,1,0,1,Pedestrian
17,1914.0,837.0,1963.0,872.0,2262,1,0,1,Pedestrian
17,1914.0,837.0,1963.0,872.0,2263,1,0,1,Pedestrian
17,1914.0,837.0,1963.0,872.0,2264,1,0,1,Pedestrian
17,1914.0,837.0,1963.0,872.0,2265,1,0,1,Pedestrian
17,1914.0,837.0,1963.0,872.0,2266,1,0,1,Pedestrian
17,1914.0,837.0,1963.0,872.0,2267,1,0,1,Pedestrian
17,1914.0,837.0,1963.0,872.0,2268,1,0,1,Pedestrian
17,1914.0,837.0,1963.0,872.0,2269,1,0,1,Pedestrian
17,1914.0,837.0,1963.0,872.0,2270,1,0,1,Pedestrian
17,1914.0,837.0,1963.0,872.0,2271,1,0,1,Pedestrian
17,1914.0,837.0,1963.0,872.0,2272,1,0,1,Pedestrian
17,1914.0,837.0,1963.0,872.0,2273,1,0,1,Pedestrian
17,1914.0,837.0,1963.0,872.0,2274,1,0,1,Pedestrian
17,1914.0,837.0,1963.0,872.0,2275,1,0,1,Pedestrian
17,1914.0,837.0,1963.0,872.0,2276,1,0,1,Pedestrian
17,1914.0,837.0,1963.0,872.0,2277,1,0,1,Pedestrian
17,1914.0,837.0,1963.0,872.0,2278,1,0,1,Pedestrian
17,1914.0,837.0,1963.0,872.0,2279,1,0,1,Pedestrian
17,1914.0,837.0,1966.0,872.0,2280,1,0,1,Pedestrian
17,1914.0,837.0,1966.0,872.0,2281,1,0,1,Pedestrian
17,1914.0,837.0,1966.0,872.0,2282,1,0,1,Pedestrian
17,1914.0,837.0,1966.0,872.0,2283,1,0,1,Pedestrian
17,1914.0,837.0,1966.0,872.0,2284,1,0,1,Pedestrian
17,1914.0,837.0,1966.0,872.0,2285,1,0,1,Pedestrian
17,1914.0,837.0,1966.0,872.0,2286,1,0,1,Pedestrian
17,1914.0,837.0,1966.0,872.0,2287,1,0,1,Pedestrian
17,1914.0,837.0,1966.0,872.0,2288,1,0,1,Pedestrian
17,1914.0,837.0,1966.0,872.0,2289,1,0,1,Pedestrian
17,1914.0,837.0,1966.0,872.0,2290,1,0,1,Pedestrian
17,1914.0,837.0,1966.0,872.0,2291,1,0,1,Pedestrian
17,1914.0,837.0,1966.0,872.0,2292,1,0,1,Pedestrian
17,1914.0,837.0,1966.0,872.0,2293,1,0,1,Pedestrian
17,1914.0,837.0,1966.0,872.0,2294,1,0,1,Pedestrian
17,1914.0,837.0,1966.0,872.0,2295,1,0,1,Pedestrian
17,1914.0,837.0,1966.0,872.0,2296,1,0,1,Pedestrian
17,1914.0,837.0,1966.0,872.0,2297,1,0,1,Pedestrian
17,1914.0,837.0,1966.0,872.0,2298,1,0,1,Pedestrian
17,1914.0,837.0,1966.0,872.0,2299,1,0,1,Pedestrian
17,1914.0,837.0,1966.0,872.0,2300,1,0,1,Pedestrian
17,1914.0,837.0,1966.0,872.0,2301,1,0,1,Pedestrian
17,1914.0,837.0,1966.0,872.0,2302,1,0,1,Pedestrian
17,1914.0,837.0,1966.0,872.0,2303,1,0,1,Pedestrian
17,1914.0,837.0,1966.0,872.0,2304,1,0,1,Pedestrian
17,1914.0,837.0,1966.0,872.0,2305,1,0,1,Pedestrian
17,1914.0,837.0,1966.0,872.0,2306,1,0,1,Pedestrian
17,1914.0,837.0,1966.0,872.0,2307,1,0,1,Pedestrian
17,1914.0,837.0,1966.0,872.0,2308,1,0,1,Pedestrian
17,1914.0,837.0,1966.0,872.0,2309,1,0,1,Pedestrian
17,1914.0,837.0,1966.0,872.0,2310,1,0,1,Pedestrian
17,1914.0,837.0,1966.0,872.0,2311,1,0,1,Pedestrian
17,1914.0,837.0,1966.0,872.0,2312,1,0,1,Pedestrian
17,1914.0,837.0,1966.0,872.0,2313,1,0,1,Pedestrian
17,1914.0,837.0,1966.0,872.0,2314,1,0,1,Pedestrian
17,1916.0,837.0,1966.0,872.0,2315,1,0,1,Pedestrian
17,1916.0,837.0,1966.0,872.0,2316,1,0,1,Pedestrian
17,1916.0,837.0,1966.0,872.0,2317,1,0,1,Pedestrian
17,1916.0,837.0,1966.0,872.0,2318,1,0,1,Pedestrian
17,1916.0,837.0,1966.0,872.0,2319,1,0,1,Pedestrian
17,1916.0,837.0,1966.0,872.0,2320,1,0,1,Pedestrian
17,1916.0,837.0,1966.0,872.0,2321,1,0,1,Pedestrian
17,1916.0,837.0,1966.0,872.0,2322,1,0,1,Pedestrian
17,1916.0,837.0,1966.0,872.0,2323,1,0,1,Pedestrian
17,1916.0,837.0,1966.0,872.0,2324,1,0,1,Pedestrian
17,1916.0,837.0,1966.0,872.0,2325,1,0,1,Pedestrian
17,1916.0,837.0,1966.0,872.0,2326,1,0,1,Pedestrian
17,1916.0,837.0,1966.0,872.0,2327,1,0,1,Pedestrian
17,1916.0,837.0,1966.0,872.0,2328,1,0,1,Pedestrian
17,1916.0,837.0,1966.0,872.0,2329,1,0,1,Pedestrian
17,1916.0,837.0,1966.0,872.0,2330,1,0,1,Pedestrian
17,1916.0,837.0,1966.0,872.0,2331,1,0,1,Pedestrian
17,1916.0,837.0,1966.0,872.0,2332,1,0,1,Pedestrian
17,1916.0,837.0,1966.0,872.0,2333,1,0,1,Pedestrian
17,1916.0,837.0,1966.0,872.0,2334,1,0,1,Pedestrian
17,1916.0,837.0,1966.0,872.0,2335,1,0,1,Pedestrian
17,1916.0,837.0,1969.0,872.0,2336,1,0,1,Pedestrian
17,1916.0,837.0,1969.0,872.0,2337,1,0,1,Pedestrian
17,1916.0,837.0,1969.0,872.0,2338,1,0,1,Pedestrian
17,1916.0,837.0,1969.0,872.0,2339,1,0,1,Pedestrian
17,1916.0,837.0,1969.0,872.0,2340,1,0,1,Pedestrian
17,1916.0,837.0,1969.0,872.0,2341,1,0,1,Pedestrian
17,1916.0,837.0,1969.0,872.0,2342,1,0,1,Pedestrian
17,1916.0,837.0,1969.0,872.0,2343,1,0,1,Pedestrian
17,1916.0,837.0,1969.0,872.0,2344,1,0,1,Pedestrian
17,1916.0,837.0,1969.0,872.0,2345,1,0,1,Pedestrian
17,1916.0,837.0,1969.0,872.0,2346,1,0,1,Pedestrian
17,1916.0,837.0,1969.0,872.0,2347,1,0,1,Pedestrian
17,1916.0,837.0,1969.0,872.0,2348,1,0,1,Pedestrian
17,1916.0,837.0,1969.0,872.0,2349,1,0,1,Pedestrian
17,1916.0,837.0,1969.0,872.0,2350,1,0,1,Pedestrian
17,1916.0,837.0,1969.0,872.0,2351,1,0,1,Pedestrian
17,1916.0,837.0,1969.0,872.0,2352,1,0,1,Pedestrian
17,1916.0,837.0,1969.0,872.0,2353,1,0,1,Pedestrian
17,1916.0,837.0,1969.0,872.0,2354,1,0,1,Pedestrian
17,1916.0,837.0,1969.0,872.0,2355,1,0,1,Pedestrian
17,1916.0,837.0,1969.0,872.0,2356,1,0,1,Pedestrian
17,1916.0,837.0,1969.0,872.0,2357,1,0,1,Pedestrian
17,1916.0,837.0,1969.0,872.0,2358,1,0,1,Pedestrian
17,1916.0,837.0,1969.0,872.0,2359,1,0,1,Pedestrian
17,1916.0,837.0,1969.0,872.0,2360,1,0,1,Pedestrian
17,1916.0,837.0,1969.0,872.0,2361,1,0,1,Pedestrian
17,1916.0,837.0,1969.0,872.0,2362,1,0,1,Pedestrian
17,1916.0,837.0,1969.0,872.0,2363,1,0,1,Pedestrian
17,1916.0,837.0,1969.0,872.0,2364,1,0,1,Pedestrian
17,1916.0,837.0,1969.0,872.0,2365,1,0,1,Pedestrian
17,1916.0,837.0,1969.0,872.0,2366,1,0,1,Pedestrian
17,1916.0,837.0,1969.0,872.0,2367,1,0,1,Pedestrian
17,1916.0,837.0,1969.0,872.0,2368,1,0,1,Pedestrian
17,1916.0,837.0,1969.0,872.0,2369,1,0,1,Pedestrian
17,1916.0,837.0,1969.0,872.0,2370,1,0,1,Pedestrian
17,1916.0,837.0,1969.0,872.0,2371,1,0,1,Pedestrian
17,1916.0,837.0,1969.0,872.0,2372,1,0,1,Pedestrian
17,1916.0,837.0,1969.0,872.0,2373,1,0,1,Pedestrian
17,1916.0,837.0,1969.0,872.0,2374,1,0,1,Pedestrian
17,1916.0,837.0,1969.0,872.0,2375,1,0,1,Pedestrian
17,1916.0,837.0,1969.0,872.0,2376,1,0,1,Pedestrian
17,1916.0,837.0,1969.0,872.0,2377,1,0,1,Pedestrian
17,1919.0,837.0,1969.0,872.0,2378,1,0,1,Pedestrian
17,1919.0,837.0,1969.0,872.0,2379,1,0,1,Pedestrian
17,1919.0,837.0,1969.0,872.0,2380,1,0,1,Pedestrian
17,1919.0,837.0,1969.0,872.0,2381,1,0,1,Pedestrian
17,1919.0,837.0,1969.0,872.0,2382,1,0,1,Pedestrian
17,1919.0,837.0,1969.0,872.0,2383,1,0,1,Pedestrian
17,1919.0,837.0,1969.0,872.0,2384,1,0,1,Pedestrian
17,1919.0,837.0,1969.0,872.0,2385,1,0,1,Pedestrian
17,1919.0,837.0,1969.0,872.0,2386,1,0,1,Pedestrian
17,1919.0,837.0,1969.0,872.0,2387,1,0,1,Pedestrian
17,1919.0,837.0,1969.0,872.0,2388,1,0,1,Pedestrian
17,1919.0,837.0,1969.0,872.0,2389,1,0,1,Pedestrian
17,1919.0,837.0,1969.0,872.0,2390,1,0,1,Pedestrian
17,1919.0,837.0,1969.0,872.0,2391,1,0,1,Pedestrian
17,1919.0,837.0,1971.0,872.0,2392,1,0,1,Pedestrian
17,1919.0,837.0,1971.0,872.0,2393,1,0,1,Pedestrian
17,1919.0,837.0,1971.0,872.0,2394,1,0,1,Pedestrian
17,1919.0,837.0,1971.0,872.0,2395,1,0,1,Pedestrian
17,1919.0,837.0,1971.0,872.0,2396,1,0,1,Pedestrian
17,1919.0,837.0,1971.0,872.0,2397,1,0,1,Pedestrian
17,1919.0,837.0,1971.0,872.0,2398,1,0,1,Pedestrian
17,1919.0,837.0,1971.0,872.0,2399,1,0,1,Pedestrian
17,1919.0,837.0,1971.0,872.0,2400,1,0,1,Pedestrian
17,1919.0,837.0,1971.0,872.0,2401,1,0,1,Pedestrian
17,1919.0,837.0,1971.0,872.0,2402,1,0,1,Pedestrian
17,1919.0,837.0,1971.0,872.0,2403,1,0,1,Pedestrian
17,1919.0,837.0,1971.0,872.0,2404,1,0,1,Pedestrian
17,1919.0,837.0,1971.0,872.0,2405,1,0,1,Pedestrian
17,1919.0,837.0,1971.0,872.0,2406,1,0,1,Pedestrian
17,1919.0,837.0,1971.0,872.0,2407,1,0,1,Pedestrian
17,1919.0,837.0,1971.0,872.0,2408,1,0,1,Pedestrian
17,1919.0,837.0,1971.0,872.0,2409,1,0,1,Pedestrian
17,1919.0,837.0,1971.0,872.0,2410,1,0,1,Pedestrian
17,1919.0,837.0,1971.0,872.0,2411,1,0,1,Pedestrian
17,1919.0,837.0,1971.0,872.0,2412,1,0,1,Pedestrian
17,1919.0,837.0,1971.0,872.0,2413,1,0,1,Pedestrian
17,1919.0,837.0,1971.0,872.0,2414,1,0,1,Pedestrian
17,1919.0,837.0,1971.0,872.0,2415,1,0,1,Pedestrian
17,1919.0,837.0,1971.0,872.0,2416,1,0,1,Pedestrian
17,1919.0,837.0,1971.0,872.0,2417,1,0,1,Pedestrian
17,1919.0,837.0,1971.0,872.0,2418,1,0,1,Pedestrian
17,1919.0,837.0,1971.0,872.0,2419,1,0,1,Pedestrian
17,1919.0,837.0,1971.0,872.0,2420,1,0,1,Pedestrian
17,1919.0,837.0,1971.0,872.0,2421,1,0,1,Pedestrian
17,1919.0,837.0,1971.0,872.0,2422,1,0,1,Pedestrian
17,1919.0,837.0,1971.0,872.0,2423,1,0,1,Pedestrian
17,1919.0,837.0,1971.0,872.0,2424,1,0,1,Pedestrian
17,1919.0,837.0,1971.0,872.0,2425,1,0,1,Pedestrian
17,1919.0,837.0,1971.0,872.0,2426,1,0,1,Pedestrian
17,1919.0,837.0,1971.0,872.0,2427,1,0,1,Pedestrian
17,1919.0,837.0,1971.0,872.0,2428,1,0,1,Pedestrian
17,1919.0,837.0,1971.0,872.0,2429,1,0,1,Pedestrian
17,1919.0,837.0,1971.0,872.0,2430,1,0,1,Pedestrian
17,1919.0,837.0,1971.0,872.0,2431,1,0,1,Pedestrian
17,1919.0,837.0,1971.0,872.0,2432,1,0,1,Pedestrian
17,1919.0,837.0,1971.0,872.0,2433,1,0,1,Pedestrian
17,1919.0,837.0,1971.0,872.0,2434,1,0,1,Pedestrian
17,1919.0,837.0,1971.0,872.0,2435,1,0,1,Pedestrian
17,1919.0,837.0,1971.0,872.0,2436,1,0,1,Pedestrian
17,1919.0,837.0,1971.0,872.0,2437,1,0,1,Pedestrian
17,1919.0,837.0,1971.0,872.0,2438,1,0,1,Pedestrian
17,1919.0,837.0,1971.0,872.0,2439,1,0,1,Pedestrian
17,1919.0,837.0,1971.0,872.0,2440,1,0,1,Pedestrian
17,1922.0,837.0,1971.0,872.0,2441,1,0,1,Pedestrian
17,1922.0,837.0,1971.0,872.0,2442,1,0,1,Pedestrian
17,1922.0,837.0,1971.0,872.0,2443,1,0,1,Pedestrian
17,1922.0,837.0,1971.0,872.0,2444,1,0,1,Pedestrian
17,1922.0,837.0,1971.0,872.0,2445,1,0,1,Pedestrian
17,1922.0,837.0,1971.0,872.0,2446,1,0,1,Pedestrian
17,1922.0,837.0,1971.0,872.0,2447,1,0,1,Pedestrian
17,1922.0,837.0,1974.0,872.0,2448,1,0,1,Pedestrian
17,1922.0,837.0,1974.0,872.0,2449,1,0,1,Pedestrian
17,1922.0,837.0,1974.0,872.0,2450,1,0,1,Pedestrian
17,1922.0,837.0,1974.0,872.0,2451,1,0,1,Pedestrian
17,1922.0,837.0,1974.0,872.0,2452,1,0,1,Pedestrian
17,1922.0,837.0,1974.0,872.0,2453,1,0,1,Pedestrian
17,1922.0,837.0,1974.0,872.0,2454,1,0,1,Pedestrian
17,1922.0,837.0,1974.0,872.0,2455,1,0,1,Pedestrian
17,1922.0,837.0,1974.0,872.0,2456,1,0,1,Pedestrian
17,1922.0,837.0,1974.0,872.0,2457,1,0,1,Pedestrian
17,1922.0,837.0,1974.0,872.0,2458,1,0,1,Pedestrian
17,1922.0,837.0,1974.0,872.0,2459,1,0,1,Pedestrian
17,1922.0,837.0,1974.0,872.0,2460,1,0,1,Pedestrian
17,1922.0,837.0,1974.0,872.0,2461,1,0,1,Pedestrian
17,1922.0,837.0,1974.0,872.0,2462,1,0,1,Pedestrian
17,1922.0,837.0,1974.0,872.0,2463,1,0,1,Pedestrian
17,1922.0,837.0,1974.0,872.0,2464,1,0,1,Pedestrian
17,1922.0,837.0,1974.0,872.0,2465,1,0,1,Pedestrian
17,1922.0,837.0,1974.0,872.0,2466,1,0,1,Pedestrian
17,1922.0,837.0,1974.0,872.0,2467,1,0,1,Pedestrian
17,1922.0,837.0,1974.0,872.0,2468,1,0,1,Pedestrian
17,1922.0,837.0,1974.0,872.0,2469,1,0,1,Pedestrian
17,1922.0,837.0,1974.0,872.0,2470,1,0,1,Pedestrian
17,1922.0,837.0,1974.0,872.0,2471,1,0,1,Pedestrian
17,1922.0,837.0,1974.0,872.0,2472,1,0,1,Pedestrian
17,1922.0,837.0,1974.0,872.0,2473,1,0,1,Pedestrian
17,1922.0,837.0,1974.0,872.0,2474,1,0,1,Pedestrian
17,1922.0,837.0,1974.0,872.0,2475,1,0,1,Pedestrian
17,1922.0,837.0,1974.0,872.0,2476,1,0,1,Pedestrian
17,1922.0,837.0,1974.0,872.0,2477,1,0,1,Pedestrian
17,1922.0,837.0,1974.0,872.0,2478,1,0,1,Pedestrian
17,1922.0,837.0,1974.0,872.0,2479,1,0,1,Pedestrian
17,1922.0,837.0,1974.0,872.0,2480,1,0,1,Pedestrian
17,1922.0,837.0,1974.0,872.0,2481,1,0,1,Pedestrian
17,1922.0,837.0,1974.0,872.0,2482,1,0,1,Pedestrian
17,1922.0,837.0,1974.0,872.0,2483,1,0,1,Pedestrian
17,1922.0,837.0,1974.0,872.0,2484,1,0,1,Pedestrian
17,1922.0,837.0,1974.0,872.0,2485,1,0,1,Pedestrian
17,1922.0,837.0,1974.0,872.0,2486,1,0,1,Pedestrian
17,1922.0,837.0,1974.0,872.0,2487,1,0,1,Pedestrian
17,1922.0,837.0,1974.0,872.0,2488,1,0,1,Pedestrian
17,1922.0,837.0,1974.0,872.0,2489,1,0,1,Pedestrian
17,1922.0,837.0,1974.0,872.0,2490,1,0,1,Pedestrian
17,1922.0,837.0,1974.0,872.0,2491,1,0,1,Pedestrian
17,1922.0,837.0,1974.0,872.0,2492,1,0,1,Pedestrian
17,1922.0,837.0,1974.0,872.0,2493,1,0,1,Pedestrian
17,1922.0,837.0,1974.0,872.0,2494,1,0,1,Pedestrian
17,1922.0,837.0,1974.0,872.0,2495,1,0,1,Pedestrian
17,1922.0,837.0,1974.0,872.0,2496,1,0,1,Pedestrian
17,1922.0,837.0,1974.0,872.0,2497,1,0,1,Pedestrian
17,1922.0,837.0,1974.0,872.0,2498,1,0,1,Pedestrian
17,1922.0,837.0,1974.0,872.0,2499,1,0,1,Pedestrian
17,1922.0,837.0,1974.0,872.0,2500,1,0,1,Pedestrian
17,1922.0,837.0,1974.0,872.0,2501,1,0,1,Pedestrian
17,1922.0,837.0,1974.0,872.0,2502,1,0,1,Pedestrian
17,1922.0,837.0,1974.0,872.0,2503,1,0,1,Pedestrian
17,1925.0,840.0,1977.0,874.0,2504,0,0,0,Pedestrian
17,1925.0,840.0,1977.0,874.0,2505,0,0,1,Pedestrian
17,1925.0,840.0,1977.0,874.0,2506,0,0,1,Pedestrian
17,1925.0,840.0,1977.0,874.0,2507,0,0,1,Pedestrian
17,1925.0,840.0,1977.0,874.0,2508,0,0,1,Pedestrian
17,1925.0,840.0,1977.0,874.0,2509,0,0,1,Pedestrian
17,1925.0,840.0,1977.0,874.0,2510,0,0,1,Pedestrian
17,1925.0,840.0,1977.0,874.0,2511,0,0,1,Pedestrian
17,1925.0,840.0,1977.0,874.0,2512,0,0,1,Pedestrian
17,1925.0,840.0,1977.0,874.0,2513,0,0,1,Pedestrian
17,1925.0,840.0,1977.0,874.0,2514,0,0,1,Pedestrian
17,1925.0,840.0,1977.0,874.0,2515,0,0,1,Pedestrian
17,1925.0,840.0,1977.0,874.0,2516,0,0,1,Pedestrian
17,1925.0,840.0,1977.0,874.0,2517,0,0,1,Pedestrian
17,1925.0,840.0,1977.0,874.0,2518,0,0,1,Pedestrian
17,1925.0,840.0,1977.0,874.0,2519,0,0,1,Pedestrian
17,1925.0,840.0,1977.0,874.0,2520,0,0,1,Pedestrian
17,1925.0,840.0,1977.0,874.0,2521,0,0,1,Pedestrian
17,1925.0,840.0,1977.0,874.0,2522,0,0,1,Pedestrian
17,1925.0,840.0,1977.0,874.0,2523,0,0,1,Pedestrian
17,1925.0,840.0,1977.0,874.0,2524,0,0,1,Pedestrian
17,1925.0,840.0,1977.0,874.0,2525,0,0,1,Pedestrian
17,1925.0,840.0,1977.0,874.0,2526,0,0,1,Pedestrian
17,1925.0,840.0,1977.0,874.0,2527,0,0,1,Pedestrian
17,1925.0,840.0,1977.0,874.0,2528,0,0,1,Pedestrian
17,1925.0,840.0,1977.0,874.0,2529,0,0,1,Pedestrian
17,1925.0,840.0,1977.0,874.0,2530,0,0,1,Pedestrian
17,1925.0,840.0,1977.0,874.0,2531,0,0,0,Pedestrian
18,5.0,972.0,49.0,1024.0,8500,1,0,0,Pedestrian
18,2.0,972.0,49.0,1024.0,8501,1,0,1,Pedestrian
18,2.0,972.0,49.0,1024.0,8502,1,0,1,Pedestrian
18,2.0,972.0,49.0,1024.0,8503,1,0,1,Pedestrian
18,2.0,972.0,49.0,1024.0,8504,1,0,1,Pedestrian
18,2.0,972.0,49.0,1024.0,8505,1,0,1,Pedestrian
18,2.0,972.0,49.0,1024.0,8506,1,0,1,Pedestrian
18,2.0,972.0,49.0,1024.0,8507,1,0,1,Pedestrian
18,2.0,972.0,49.0,1024.0,8508,1,0,1,Pedestrian
18,2.0,972.0,49.0,1024.0,8509,1,0,1,Pedestrian
18,2.0,972.0,49.0,1024.0,8510,1,0,1,Pedestrian
18,2.0,972.0,49.0,1024.0,8511,1,0,1,Pedestrian
18,2.0,972.0,49.0,1024.0,8512,1,0,1,Pedestrian
18,2.0,972.0,49.0,1024.0,8513,1,0,1,Pedestrian
18,2.0,972.0,49.0,1024.0,8514,1,0,1,Pedestrian
18,2.0,972.0,52.0,1024.0,8515,1,0,1,Pedestrian
18,2.0,972.0,52.0,1024.0,8516,1,0,1,Pedestrian
18,2.0,972.0,52.0,1024.0,8517,1,0,1,Pedestrian
18,2.0,972.0,52.0,1024.0,8518,1,0,1,Pedestrian
18,2.0,972.0,52.0,1024.0,8519,1,0,1,Pedestrian
18,2.0,972.0,52.0,1024.0,8520,1,0,1,Pedestrian
18,2.0,972.0,52.0,1024.0,8521,1,0,1,Pedestrian
18,2.0,972.0,52.0,1024.0,8522,1,0,1,Pedestrian
18,2.0,972.0,52.0,1024.0,8523,1,0,1,Pedestrian
18,2.0,972.0,52.0,1024.0,8524,1,0,1,Pedestrian
18,2.0,972.0,52.0,1024.0,8525,1,0,1,Pedestrian
18,2.0,972.0,52.0,1024.0,8526,1,0,1,Pedestrian
18,2.0,972.0,52.0,1024.0,8527,1,0,1,Pedestrian
18,2.0,972.0,52.0,1024.0,8528,1,0,1,Pedestrian
18,2.0,974.0,55.0,1024.0,8529,1,0,1,Pedestrian
18,2.0,974.0,55.0,1024.0,8530,1,0,1,Pedestrian
18,2.0,974.0,55.0,1024.0,8531,1,0,1,Pedestrian
18,2.0,974.0,55.0,1024.0,8532,1,0,1,Pedestrian
18,2.0,974.0,55.0,1024.0,8533,1,0,1,Pedestrian
18,2.0,974.0,55.0,1026.0,8534,1,0,1,Pedestrian
18,2.0,974.0,55.0,1026.0,8535,1,0,1,Pedestrian
18,2.0,974.0,55.0,1026.0,8536,1,0,1,Pedestrian
18,2.0,974.0,55.0,1026.0,8537,1,0,1,Pedestrian
18,2.0,974.0,55.0,1026.0,8538,1,0,1,Pedestrian
18,2.0,974.0,55.0,1026.0,8539,1,0,1,Pedestrian
18,2.0,974.0,55.0,1026.0,8540,1,0,1,Pedestrian
18,2.0,974.0,55.0,1026.0,8541,1,0,1,Pedestrian
18,2.0,974.0,55.0,1026.0,8542,1,0,1,Pedestrian
18,2.0,974.0,55.0,1026.0,8543,1,0,1,Pedestrian
18,2.0,974.0,57.0,1026.0,8544,1,0,1,Pedestrian
18,2.0,974.0,57.0,1026.0,8545,1,0,1,Pedestrian
18,2.0,974.0,57.0,1026.0,8546,1,0,1,Pedestrian
18,2.0,974.0,57.0,1026.0,8547,1,0,1,Pedestrian
18,2.0,974.0,57.0,1026.0,8548,1,0,1,Pedestrian
18,2.0,974.0,57.0,1026.0,8549,1,0,1,Pedestrian
18,2.0,974.0,57.0,1026.0,8550,1,0,1,Pedestrian
18,2.0,974.0,57.0,1026.0,8551,1,0,1,Pedestrian
18,2.0,974.0,57.0,1026.0,8552,1,0,1,Pedestrian
18,2.0,974.0,57.0,1026.0,8553,1,0,1,Pedestrian
18,2.0,974.0,57.0,1026.0,8554,1,0,1,Pedestrian
18,2.0,974.0,57.0,1026.0,8555,1,0,1,Pedestrian
18,2.0,974.0,57.0,1026.0,8556,1,0,1,Pedestrian
18,2.0,974.0,57.0,1026.0,8557,1,0,1,Pedestrian
18,2.0,976.0,60.0,1026.0,8558,1,0,1,Pedestrian
18,2.0,976.0,60.0,1026.0,8559,1,0,1,Pedestrian
18,2.0,976.0,60.0,1026.0,8560,1,0,1,Pedestrian
18,2.0,976.0,60.0,1026.0,8561,1,0,1,Pedestrian
18,2.0,976.0,60.0,1026.0,8562,1,0,1,Pedestrian
18,2.0,976.0,60.0,1026.0,8563,1,0,1,Pedestrian
18,2.0,976.0,60.0,1026.0,8564,1,0,1,Pedestrian
18,2.0,976.0,60.0,1026.0,8565,1,0,1,Pedestrian
18,2.0,976.0,60.0,1026.0,8566,1,0,1,Pedestrian
18,2.0,976.0,60.0,1026.0,8567,1,0,1,Pedestrian
18,2.0,976.0,60.0,1029.0,8568,1,0,1,Pedestrian
18,2.0,976.0,60.0,1029.0,8569,1,0,1,Pedestrian
18,2.0,976.0,60.0,1029.0,8570,1,0,1,Pedestrian
18,2.0,976.0,60.0,1029.0,8571,1,0,1,Pedestrian
18,2.0,976.0,60.0,1029.0,8572,1,0,1,Pedestrian
18,2.0,976.0,63.0,1029.0,8573,1,0,1,Pedestrian
18,2.0,976.0,63.0,1029.0,8574,1,0,1,Pedestrian
18,2.0,976.0,63.0,1029.0,8575,1,0,1,Pedestrian
18,2.0,976.0,63.0,1029.0,8576,1,0,1,Pedestrian
18,2.0,976.0,63.0,1029.0,8577,1,0,1,Pedestrian
18,2.0,976.0,63.0,1029.0,8578,1,0,1,Pedestrian
18,2.0,976.0,63.0,1029.0,8579,1,0,1,Pedestrian
18,2.0,976.0,63.0,1029.0,8580,1,0,1,Pedestrian
18,2.0,976.0,63.0,1029.0,8581,1,0,1,Pedestrian
18,2.0,976.0,63.0,1029.0,8582,1,0,1,Pedestrian
18,2.0,976.0,63.0,1029.0,8583,1,0,1,Pedestrian
18,2.0,976.0,63.0,1029.0,8584,1,0,1,Pedestrian
18,2.0,976.0,63.0,1029.0,8585,1,0,1,Pedestrian
18,2.0,976.0,63.0,1029.0,8586,1,0,1,Pedestrian
18,2.0,979.0,66.0,1029.0,8587,1,0,1,Pedestrian
18,2.0,979.0,66.0,1029.0,8588,1,0,1,Pedestrian
18,2.0,979.0,66.0,1029.0,8589,1,0,1,Pedestrian
18,2.0,979.0,66.0,1029.0,8590,1,0,1,Pedestrian
18,2.0,979.0,66.0,1029.0,8591,1,0,1,Pedestrian
18,2.0,979.0,66.0,1029.0,8592,1,0,1,Pedestrian
18,2.0,979.0,66.0,1029.0,8593,1,0,1,Pedestrian
18,2.0,979.0,66.0,1029.0,8594,1,0,1,Pedestrian
18,2.0,979.0,66.0,1029.0,8595,1,0,1,Pedestrian
18,2.0,979.0,66.0,1029.0,8596,1,0,1,Pedestrian
18,2.0,979.0,66.0,1029.0,8597,1,0,1,Pedestrian
18,2.0,979.0,66.0,1029.0,8598,1,0,1,Pedestrian
18,2.0,979.0,66.0,1029.0,8599,1,0,1,Pedestrian
18,2.0,979.0,66.0,1029.0,8600,1,0,1,Pedestrian
18,2.0,979.0,68.0,1031.0,8601,1,0,1,Pedestrian
18,0.0,979.0,68.0,1031.0,8602,1,0,1,Pedestrian
18,0.0,979.0,68.0,1031.0,8603,1,0,1,Pedestrian
18,0.0,979.0,68.0,1031.0,8604,1,0,1,Pedestrian
18,0.0,979.0,68.0,1031.0,8605,1,0,1,Pedestrian
18,0.0,979.0,68.0,1031.0,8606,1,0,1,Pedestrian
18,0.0,979.0,68.0,1031.0,8607,1,0,1,Pedestrian
18,0.0,979.0,68.0,1031.0,8608,1,0,1,Pedestrian
18,0.0,979.0,68.0,1031.0,8609,1,0,1,Pedestrian
18,0.0,979.0,68.0,1031.0,8610,1,0,1,Pedestrian
18,0.0,979.0,68.0,1031.0,8611,1,0,1,Pedestrian
18,0.0,979.0,68.0,1031.0,8612,1,0,1,Pedestrian
18,0.0,979.0,68.0,1031.0,8613,1,0,1,Pedestrian
18,0.0,979.0,68.0,1031.0,8614,1,0,1,Pedestrian
18,0.0,979.0,68.0,1031.0,8615,1,0,1,Pedestrian
18,0.0,981.0,71.0,1031.0,8616,1,0,1,Pedestrian
18,0.0,981.0,71.0,1031.0,8617,1,0,1,Pedestrian
18,0.0,981.0,71.0,1031.0,8618,1,0,1,Pedestrian
18,0.0,981.0,71.0,1031.0,8619,1,0,1,Pedestrian
18,0.0,981.0,71.0,1031.0,8620,1,0,1,Pedestrian
18,0.0,981.0,71.0,1031.0,8621,1,0,1,Pedestrian
18,0.0,981.0,71.0,1031.0,8622,1,0,1,Pedestrian
18,0.0,981.0,71.0,1031.0,8623,1,0,1,Pedestrian
18,0.0,981.0,71.0,1031.0,8624,1,0,1,Pedestrian
18,0.0,981.0,71.0,1031.0,8625,1,0,1,Pedestrian
18,0.0,981.0,71.0,1031.0,8626,1,0,1,Pedestrian
18,0.0,981.0,71.0,1031.0,8627,1,0,1,Pedestrian
18,0.0,981.0,71.0,1031.0,8628,1,0,1,Pedestrian
18,0.0,981.0,71.0,1031.0,8629,1,0,1,Pedestrian
18,0.0,981.0,74.0,1031.0,8630,1,0,1,Pedestrian
18,0.0,981.0,74.0,1031.0,8631,1,0,1,Pedestrian
18,0.0,981.0,74.0,1031.0,8632,1,0,1,Pedestrian
18,0.0,981.0,74.0,1031.0,8633,1,0,1,Pedestrian
18,0.0,981.0,74.0,1031.0,8634,1,0,1,Pedestrian
18,0.0,981.0,74.0,1033.0,8635,1,0,1,Pedestrian
18,0.0,981.0,74.0,1033.0,8636,1,0,1,Pedestrian
18,0.0,981.0,74.0,1033.0,8637,1,0,1,Pedestrian
18,0.0,981.0,74.0,1033.0,8638,1,0,1,Pedestrian
18,0.0,981.0,74.0,1033.0,8639,1,0,1,Pedestrian
18,0.0,981.0,74.0,1033.0,8640,1,0,1,Pedestrian
18,0.0,981.0,74.0,1033.0,8641,1,0,1,Pedestrian
18,0.0,981.0,74.0,1033.0,8642,1,0,1,Pedestrian
18,0.0,981.0,74.0,1033.0,8643,1,0,1,Pedestrian
18,0.0,981.0,74.0,1033.0,8644,1,0,1,Pedestrian
18,0.0,983.0,77.0,1033.0,8645,1,0,1,Pedestrian
18,0.0,983.0,77.0,1033.0,8646,1,0,1,Pedestrian
18,0.0,983.0,77.0,1033.0,8647,1,0,1,Pedestrian
18,0.0,983.0,77.0,1033.0,8648,1,0,1,Pedestrian
18,0.0,983.0,77.0,1033.0,8649,1,0,1,Pedestrian
18,0.0,983.0,77.0,1033.0,8650,1,0,1,Pedestrian
18,0.0,983.0,77.0,1033.0,8651,1,0,1,Pedestrian
18,0.0,983.0,77.0,1033.0,8652,1,0,1,Pedestrian
18,0.0,983.0,77.0,1033.0,8653,1,0,1,Pedestrian
18,0.0,983.0,77.0,1033.0,8654,1,0,1,Pedestrian
18,0.0,983.0,77.0,1033.0,8655,1,0,1,Pedestrian
18,0.0,983.0,77.0,1033.0,8656,1,0,1,Pedestrian
18,0.0,983.0,77.0,1033.0,8657,1,0,1,Pedestrian
18,0.0,983.0,77.0,1033.0,8658,1,0,1,Pedestrian
18,0.0,983.0,79.0,1033.0,8659,1,0,1,Pedestrian
18,0.0,983.0,79.0,1033.0,8660,1,0,1,Pedestrian
18,0.0,983.0,79.0,1033.0,8661,1,0,1,Pedestrian
18,0.0,983.0,79.0,1033.0,8662,1,0,1,Pedestrian
18,0.0,983.0,79.0,1033.0,8663,1,0,1,Pedestrian
18,0.0,983.0,79.0,1033.0,8664,1,0,1,Pedestrian
18,0.0,983.0,79.0,1033.0,8665,1,0,1,Pedestrian
18,0.0,983.0,79.0,1033.0,8666,1,0,1,Pedestrian
18,0.0,983.0,79.0,1033.0,8667,1,0,1,Pedestrian
18,0.0,983.0,79.0,1033.0,8668,1,0,1,Pedestrian
18,0.0,983.0,79.0,1036.0,8669,1,0,1,Pedestrian
18,0.0,983.0,79.0,1036.0,8670,1,0,1,Pedestrian
18,0.0,983.0,79.0,1036.0,8671,1,0,1,Pedestrian
18,0.0,983.0,79.0,1036.0,8672,1,0,1,Pedestrian
18,0.0,983.0,79.0,1036.0,8673,1,0,1,Pedestrian
18,0.0,985.0,82.0,1036.0,8674,1,0,1,Pedestrian
18,0.0,985.0,82.0,1036.0,8675,1,0,1,Pedestrian
18,0.0,985.0,82.0,1036.0,8676,1,0,1,Pedestrian
18,0.0,985.0,82.0,1036.0,8677,1,0,1,Pedestrian
18,0.0,985.0,82.0,1036.0,8678,1,0,1,Pedestrian
18,0.0,985.0,82.0,1036.0,8679,1,0,1,Pedestrian
18,0.0,985.0,82.0,1036.0,8680,1,0,1,Pedestrian
18,0.0,985.0,82.0,1036.0,8681,1,0,1,Pedestrian
18,0.0,985.0,82.0,1036.0,8682,1,0,1,Pedestrian
18,0.0,985.0,82.0,1036.0,8683,1,0,1,Pedestrian
18,0.0,985.0,82.0,1036.0,8684,1,0,1,Pedestrian
18,0.0,985.0,82.0,1036.0,8685,1,0,1,Pedestrian
18,0.0,985.0,82.0,1036.0,8686,1,0,1,Pedestrian
18,0.0,985.0,82.0,1036.0,8687,1,0,1,Pedestrian
18,0.0,985.0,85.0,1036.0,8688,1,0,1,Pedestrian
18,0.0,985.0,85.0,1036.0,8689,1,0,1,Pedestrian
18,0.0,985.0,85.0,1036.0,8690,1,0,1,Pedestrian
18,0.0,985.0,85.0,1036.0,8691,1,0,1,Pedestrian
18,0.0,985.0,85.0,1036.0,8692,1,0,1,Pedestrian
18,0.0,985.0,85.0,1036.0,8693,1,0,1,Pedestrian
18,0.0,985.0,85.0,1036.0,8694,1,0,1,Pedestrian
18,0.0,985.0,85.0,1036.0,8695,1,0,1,Pedestrian
18,0.0,985.0,85.0,1036.0,8696,1,0,1,Pedestrian
18,0.0,985.0,85.0,1036.0,8697,1,0,1,Pedestrian
18,0.0,985.0,85.0,1036.0,8698,1,0,1,Pedestrian
18,0.0,985.0,85.0,1036.0,8699,1,0,1,Pedestrian
18,0.0,985.0,85.0,1036.0,8700,1,0,1,Pedestrian
18,0.0,985.0,85.0,1036.0,8701,1,0,1,Pedestrian
18,0.0,988.0,88.0,1038.0,8702,0,0,0,Pedestrian
18,0.0,985.0,82.0,1036.0,8703,0,0,1,Pedestrian
18,0.0,985.0,79.0,1036.0,8704,0,0,1,Pedestrian
18,0.0,983.0,74.0,1033.0,8705,0,0,1,Pedestrian
18,0.0,983.0,71.0,1033.0,8706,0,0,1,Pedestrian
18,0.0,981.0,68.0,1033.0,8707,0,0,1,Pedestrian
18,0.0,981.0,63.0,1031.0,8708,0,0,1,Pedestrian
18,0.0,981.0,60.0,1031.0,8709,0,0,1,Pedestrian
18,0.0,979.0,57.0,1031.0,8710,0,0,1,Pedestrian
18,0.0,979.0,52.0,1029.0,8711,0,0,1,Pedestrian
18,0.0,976.0,49.0,1029.0,8712,0,0,1,Pedestrian
18,0.0,976.0,46.0,1029.0,8713,0,0,1,Pedestrian
18,0.0,974.0,41.0,1026.0,8714,0,0,1,Pedestrian
18,0.0,974.0,38.0,1026.0,8715,0,0,1,Pedestrian
18,0.0,974.0,35.0,1026.0,8716,0,0,0,Pedestrian
18,0.0,972.0,35.0,1024.0,8717,0,0,1,Pedestrian
18,0.0,972.0,38.0,1024.0,8718,0,0,1,Pedestrian
18,0.0,972.0,38.0,1024.0,8719,0,0,1,Pedestrian
18,0.0,972.0,41.0,1024.0,8720,0,0,1,Pedestrian
18,2.0,972.0,41.0,1024.0,8721,0,0,1,Pedestrian
18,2.0,972.0,44.0,1024.0,8722,0,0,1,Pedestrian
18,2.0,972.0,44.0,1024.0,8723,0,0,1,Pedestrian
18,2.0,972.0,46.0,1024.0,8724,0,0,1,Pedestrian
18,5.0,972.0,46.0,1024.0,8725,0,0,1,Pedestrian
18,5.0,972.0,49.0,1024.0,8726,0,0,1,Pedestrian
18,5.0,972.0,49.0,1022.0,8727,0,0,1,Pedestrian
18,5.0,972.0,52.0,1022.0,8728,0,0,1,Pedestrian
18,8.0,972.0,52.0,1022.0,8729,0,0,1,Pedestrian
18,8.0,972.0,55.0,1022.0,8730,0,0,1,Pedestrian
18,8.0,972.0,57.0,1022.0,8731,0,0,1,Pedestrian
18,8.0,970.0,57.0,1022.0,8732,0,0,1,Pedestrian
18,8.0,970.0,60.0,1022.0,8733,0,0,1,Pedestrian
18,11.0,970.0,60.0,1022.0,8734,0,0,1,Pedestrian
18,11.0,970.0,63.0,1022.0,8735,0,0,1,Pedestrian
18,11.0,970.0,63.0,1022.0,8736,0,0,1,Pedestrian
18,11.0,970.0,66.0,1020.0,8737,0,0,1,Pedestrian
18,13.0,970.0,66.0,1020.0,8738,0,0,1,Pedestrian
18,13.0,970.0,68.0,1020.0,8739,0,0,1,Pedestrian
18,13.0,970.0,68.0,1020.0,8740,0,0,1,Pedestrian
18,13.0,970.0,71.0,1020.0,8741,0,0,1,Pedestrian
18,16.0,970.0,71.0,1020.0,8742,0,0,1,Pedestrian
18,16.0,970.0,74.0,1020.0,8743,0,0,1,Pedestrian
18,16.0,970.0,74.0,1020.0,8744,0,0,1,Pedestrian
18,16.0,970.0,77.0,1020.0,8745,0,0,1,Pedestrian
18,19.0,970.0,79.0,1020.0,8746,0,0,0,Pedestrian
18,19.0,970.0,79.0,1020.0,8747,0,0,1,Pedestrian
18,19.0,970.0,79.0,1020.0,8748,0,0,1,Pedestrian
18,22.0,970.0,82.0,1020.0,8749,0,0,1,Pedestrian
18,22.0,970.0,82.0,1020.0,8750,0,0,1,Pedestrian
18,24.0,970.0,85.0,1020.0,8751,0,0,1,Pedestrian
18,24.0,970.0,85.0,1020.0,8752,0,0,1,Pedestrian
18,27.0,970.0,88.0,1020.0,8753,0,0,1,Pedestrian
18,27.0,970.0,88.0,1020.0,8754,0,0,1,Pedestrian
18,30.0,970.0,90.0,1020.0,8755,0,0,1,Pedestrian
18,30.0,970.0,90.0,1020.0,8756,0,0,1,Pedestrian
18,30.0,970.0,90.0,1020.0,8757,0,0,1,Pedestrian
18,33.0,970.0,93.0,1020.0,8758,0,0,1,Pedestrian
18,33.0,970.0,93.0,1020.0,8759,0,0,1,Pedestrian
18,35.0,970.0,96.0,1020.0,8760,0,0,1,Pedestrian
18,35.0,970.0,96.0,1020.0,8761,0,0,1,Pedestrian
18,38.0,970.0,99.0,1020.0,8762,0,0,1,Pedestrian
18,38.0,970.0,99.0,1020.0,8763,0,0,1,Pedestrian
18,41.0,970.0,101.0,1020.0,8764,0,0,1,Pedestrian
18,41.0,970.0,101.0,1020.0,8765,0,0,1,Pedestrian
18,44.0,970.0,104.0,1020.0,8766,0,0,0,Pedestrian
18,44.0,967.0,104.0,1017.0,8767,0,0,1,Pedestrian
18,44.0,967.0,104.0,1017.0,8768,0,0,1,Pedestrian
18,46.0,967.0,107.0,1017.0,8769,0,0,1,Pedestrian
18,46.0,967.0,107.0,1017.0,8770,0,0,1,Pedestrian
18,49.0,967.0,110.0,1017.0,8771,0,0,1,Pedestrian
18,49.0,967.0,110.0,1017.0,8772,0,0,1,Pedestrian
18,49.0,967.0,110.0,1017.0,8773,0,0,1,Pedestrian
18,52.0,967.0,112.0,1017.0,8774,0,0,1,Pedestrian
18,52.0,967.0,112.0,1017.0,8775,0,0,1,Pedestrian
18,55.0,967.0,115.0,1017.0,8776,0,0,1,Pedestrian
18,55.0,967.0,115.0,1017.0,8777,0,0,1,Pedestrian
18,57.0,967.0,118.0,1017.0,8778,0,0,1,Pedestrian
18,57.0,967.0,118.0,1017.0,8779,0,0,1,Pedestrian
18,57.0,967.0,118.0,1017.0,8780,0,0,1,Pedestrian
18,60.0,967.0,121.0,1017.0,8781,0,0,1,Pedestrian
18,60.0,967.0,121.0,1017.0,8782,0,0,1,Pedestrian
18,63.0,965.0,123.0,1015.0,8783,0,0,1,Pedestrian
18,63.0,965.0,123.0,1015.0,8784,0,0,1,Pedestrian
18,63.0,965.0,123.0,1015.0,8785,0,0,1,Pedestrian
18,66.0,965.0,126.0,1015.0,8786,0,0,1,Pedestrian
18,66.0,965.0,126.0,1015.0,8787,0,0,1,Pedestrian
18,68.0,965.0,129.0,1015.0,8788,0,0,1,Pedestrian
18,68.0,965.0,129.0,1015.0,8789,0,0,1,Pedestrian
18,71.0,965.0,132.0,1015.0,8790,0,0,1,Pedestrian
18,71.0,965.0,132.0,1015.0,8791,0,0,1,Pedestrian
18,71.0,965.0,132.0,1015.0,8792,0,0,1,Pedestrian
18,74.0,965.0,134.0,1015.0,8793,0,0,1,Pedestrian
18,74.0,965.0,134.0,1015.0,8794,0,0,1,Pedestrian
18,77.0,965.0,137.0,1015.0,8795,0,0,1,Pedestrian
18,77.0,965.0,137.0,1015.0,8796,0,0,1,Pedestrian
18,79.0,965.0,140.0,1015.0,8797,0,0,1,Pedestrian
18,79.0,965.0,140.0,1015.0,8798,0,0,1,Pedestrian
18,79.0,965.0,140.0,1015.0,8799,0,0,1,Pedestrian
18,82.0,963.0,143.0,1013.0,8800,0,0,1,Pedestrian
18,82.0,963.0,143.0,1013.0,8801,0,0,1,Pedestrian
18,85.0,963.0,145.0,1013.0,8802,0,0,1,Pedestrian
18,85.0,963.0,145.0,1013.0,8803,0,0,1,Pedestrian
18,85.0,963.0,145.0,1013.0,8804,0,0,1,Pedestrian
18,88.0,963.0,148.0,1013.0,8805,0,0,1,Pedestrian
18,88.0,963.0,148.0,1013.0,8806,0,0,1,Pedestrian
18,90.0,963.0,151.0,1013.0,8807,0,0,1,Pedestrian
18,90.0,963.0,151.0,1013.0,8808,0,0,1,Pedestrian
18,93.0,963.0,154.0,1013.0,8809,0,0,1,Pedestrian
18,93.0,963.0,154.0,1013.0,8810,0,0,1,Pedestrian
18,93.0,963.0,154.0,1013.0,8811,0,0,1,Pedestrian
18,96.0,963.0,156.0,1013.0,8812,0,0,1,Pedestrian
18,96.0,963.0,156.0,1013.0,8813,0,0,1,Pedestrian
18,99.0,963.0,159.0,1013.0,8814,0,0,1,Pedestrian
18,99.0,963.0,159.0,1013.0,8815,0,0,1,Pedestrian
18,101.0,963.0,162.0,1013.0,8816,0,0,0,Pedestrian
18,101.0,963.0,162.0,1013.0,8817,0,0,1,Pedestrian
18,104.0,963.0,165.0,1013.0,8818,0,0,1,Pedestrian
18,107.0,963.0,167.0,1013.0,8819,0,0,1,Pedestrian
18,107.0,963.0,167.0,1013.0,8820,0,0,1,Pedestrian
18,110.0,963.0,170.0,1013.0,8821,0,0,1,Pedestrian
18,112.0,963.0,173.0,1013.0,8822,0,0,1,Pedestrian
18,112.0,963.0,173.0,1013.0,8823,0,0,1,Pedestrian
18,115.0,963.0,176.0,1013.0,8824,0,0,1,Pedestrian
18,118.0,963.0,178.0,1013.0,8825,0,0,1,Pedestrian
18,121.0,963.0,181.0,1013.0,8826,0,0,1,Pedestrian
18,121.0,963.0,181.0,1013.0,8827,0,0,1,Pedestrian
18,123.0,963.0,184.0,1013.0,8828,0,0,1,Pedestrian
18,126.0,963.0,187.0,1013.0,8829,0,0,1,Pedestrian
18,126.0,963.0,187.0,1013.0,8830,0,0,1,Pedestrian
18,129.0,963.0,189.0,1013.0,8831,0,0,1,Pedestrian
18,132.0,963.0,192.0,1013.0,8832,0,0,1,Pedestrian
18,132.0,963.0,192.0,1013.0,8833,0,0,1,Pedestrian
18,134.0,963.0,195.0,1013.0,8834,0,0,1,Pedestrian
18,137.0,963.0,198.0,1013.0,8835,0,0,1,Pedestrian
18,140.0,963.0,200.0,1013.0,8836,0,0,0,Pedestrian
18,140.0,963.0,200.0,1013.0,8837,0,0,1,Pedestrian
18,143.0,963.0,203.0,1013.0,8838,0,0,1,Pedestrian
18,143.0,963.0,203.0,1013.0,8839,0,0,1,Pedestrian
18,145.0,963.0,206.0,1013.0,8840,0,0,1,Pedestrian
18,145.0,963.0,206.0,1013.0,8841,0,0,1,Pedestrian
18,148.0,963.0,209.0,1013.0,8842,0,0,1,Pedestrian
18,148.0,963.0,209.0,1013.0,8843,0,0,1,Pedestrian
18,151.0,963.0,211.0,1013.0,8844,0,0,1,Pedestrian
18,154.0,963.0,214.0,1013.0,8845,0,0,1,Pedestrian
18,154.0,963.0,214.0,1013.0,8846,0,0,1,Pedestrian
18,156.0,963.0,217.0,1013.0,8847,0,0,1,Pedestrian
18,156.0,963.0,217.0,1013.0,8848,0,0,1,Pedestrian
18,159.0,963.0,220.0,1013.0,8849,0,0,1,Pedestrian
18,159.0,963.0,220.0,1013.0,8850,0,0,1,Pedestrian
18,162.0,963.0,222.0,1013.0,8851,0,0,1,Pedestrian
18,165.0,963.0,225.0,1013.0,8852,0,0,1,Pedestrian
18,165.0,963.0,225.0,1013.0,8853,0,0,1,Pedestrian
18,167.0,963.0,228.0,1013.0,8854,0,0,1,Pedestrian
18,167.0,963.0,228.0,1013.0,8855,0,0,1,Pedestrian
18,170.0,963.0,231.0,1013.0,8856,0,0,1,Pedestrian
18,170.0,963.0,231.0,1013.0,8857,0,0,1,Pedestrian
18,173.0,963.0,233.0,1013.0,8858,0,0,1,Pedestrian
18,176.0,963.0,236.0,1013.0,8859,0,0,1,Pedestrian
18,176.0,963.0,236.0,1013.0,8860,0,0,1,Pedestrian
18,178.0,963.0,239.0,1013.0,8861,0,0,1,Pedestrian
18,178.0,963.0,239.0,1013.0,8862,0,0,1,Pedestrian
18,181.0,963.0,242.0,1013.0,8863,0,0,1,Pedestrian
18,181.0,963.0,242.0,1013.0,8864,0,0,1,Pedestrian
18,184.0,963.0,244.0,1013.0,8865,0,0,1,Pedestrian
18,187.0,963.0,247.0,1013.0,8866,0,0,0,Pedestrian
18,187.0,960.0,247.0,1011.0,8867,0,0,1,Pedestrian
18,189.0,960.0,250.0,1011.0,8868,0,0,1,Pedestrian
18,189.0,960.0,250.0,1011.0,8869,0,0,1,Pedestrian
18,192.0,960.0,253.0,1011.0,8870,0,0,1,Pedestrian
18,192.0,960.0,253.0,1011.0,8871,0,0,1,Pedestrian
18,195.0,960.0,255.0,1011.0,8872,0,0,1,Pedestrian
18,195.0,960.0,255.0,1011.0,8873,0,0,1,Pedestrian
18,198.0,960.0,258.0,1011.0,8874,0,0,1,Pedestrian
18,198.0,960.0,258.0,1011.0,8875,0,0,1,Pedestrian
18,200.0,960.0,261.0,1011.0,8876,0,0,1,Pedestrian
18,203.0,960.0,264.0,1011.0,8877,0,0,1,Pedestrian
18,203.0,960.0,264.0,1011.0,8878,0,0,1,Pedestrian
18,206.0,960.0,266.0,1011.0,8879,0,0,1,Pedestrian
18,206.0,960.0,266.0,1011.0,8880,0,0,1,Pedestrian
18,209.0,960.0,269.0,1011.0,8881,0,0,1,Pedestrian
18,209.0,960.0,269.0,1011.0,8882,0,0,1,Pedestrian
18,211.0,960.0,272.0,1011.0,8883,0,0,1,Pedestrian
18,211.0,960.0,272.0,1011.0,8884,0,0,1,Pedestrian
18,214.0,960.0,275.0,1011.0,8885,0,0,1,Pedestrian
18,217.0,960.0,277.0,1011.0,8886,0,0,1,Pedestrian
18,217.0,960.0,277.0,1011.0,8887,0,0,1,Pedestrian
18,220.0,960.0,280.0,1011.0,8888,0,0,1,Pedestrian
18,220.0,960.0,280.0,1011.0,8889,0,0,1,Pedestrian
18,222.0,960.0,283.0,1011.0,8890,0,0,1,Pedestrian
18,222.0,960.0,283.0,1011.0,8891,0,0,1,Pedestrian
18,225.0,960.0,286.0,1011.0,8892,0,0,1,Pedestrian
18,225.0,960.0,286.0,1011.0,8893,0,0,1,Pedestrian
18,228.0,960.0,288.0,1011.0,8894,0,0,1,Pedestrian
18,228.0,960.0,288.0,1011.0,8895,0,0,1,Pedestrian
18,231.0,960.0,291.0,1011.0,8896,0,0,1,Pedestrian
18,233.0,958.0,294.0,1008.0,8897,0,0,1,Pedestrian
18,233.0,958.0,294.0,1008.0,8898,0,0,1,Pedestrian
18,236.0,958.0,297.0,1008.0,8899,0,0,1,Pedestrian
18,236.0,958.0,297.0,1008.0,8900,0,0,1,Pedestrian
18,239.0,958.0,299.0,1008.0,8901,0,0,1,Pedestrian
18,239.0,958.0,299.0,1008.0,8902,0,0,1,Pedestrian
18,242.0,958.0,302.0,1008.0,8903,0,0,1,Pedestrian
18,242.0,958.0,302.0,1008.0,8904,0,0,1,Pedestrian
18,244.0,958.0,305.0,1008.0,8905,0,0,1,Pedestrian
18,247.0,958.0,308.0,1008.0,8906,0,0,1,Pedestrian
18,247.0,958.0,308.0,1008.0,8907,0,0,1,Pedestrian
18,250.0,958.0,310.0,1008.0,8908,0,0,1,Pedestrian
18,250.0,958.0,310.0,1008.0,8909,0,0,1,Pedestrian
18,253.0,958.0,313.0,1008.0,8910,0,0,1,Pedestrian
18,253.0,958.0,313.0,1008.0,8911,0,0,1,Pedestrian
18,255.0,958.0,316.0,1008.0,8912,0,0,1,Pedestrian
18,255.0,958.0,316.0,1008.0,8913,0,0,1,Pedestrian
18,258.0,958.0,319.0,1008.0,8914,0,0,1,Pedestrian
18,258.0,958.0,319.0,1008.0,8915,0,0,1,Pedestrian
18,261.0,958.0,321.0,1008.0,8916,0,0,1,Pedestrian
18,264.0,958.0,324.0,1008.0,8917,0,0,1,Pedestrian
18,264.0,958.0,324.0,1008.0,8918,0,0,1,Pedestrian
18,266.0,958.0,327.0,1008.0,8919,0,0,1,Pedestrian
18,266.0,958.0,327.0,1008.0,8920,0,0,1,Pedestrian
18,269.0,958.0,330.0,1008.0,8921,0,0,1,Pedestrian
18,269.0,958.0,330.0,1008.0,8922,0,0,1,Pedestrian
18,272.0,958.0,332.0,1008.0,8923,0,0,1,Pedestrian
18,272.0,958.0,332.0,1008.0,8924,0,0,1,Pedestrian
18,275.0,958.0,335.0,1008.0,8925,0,0,1,Pedestrian
18,277.0,958.0,338.0,1008.0,8926,0,0,0,Pedestrian
18,277.0,958.0,338.0,1008.0,8927,0,0,1,Pedestrian
18,280.0,958.0,341.0,1008.0,8928,0,0,1,Pedestrian
18,280.0,958.0,341.0,1008.0,8929,0,0,1,Pedestrian
18,283.0,958.0,343.0,1008.0,8930,0,0,1,Pedestrian
18,283.0,958.0,343.0,1008.0,8931,0,0,1,Pedestrian
18,286.0,958.0,346.0,1008.0,8932,0,0,1,Pedestrian
18,288.0,958.0,349.0,1008.0,8933,0,0,1,Pedestrian
18,288.0,958.0,349.0,1008.0,8934,0,0,1,Pedestrian
18,291.0,958.0,352.0,1008.0,8935,0,0,1,Pedestrian
18,291.0,958.0,352.0,1008.0,8936,0,0,1,Pedestrian
18,294.0,958.0,354.0,1008.0,8937,0,0,1,Pedestrian
18,294.0,958.0,354.0,1008.0,8938,0,0,1,Pedestrian
18,297.0,958.0,357.0,1008.0,8939,0,0,1,Pedestrian
18,299.0,958.0,360.0,1008.0,8940,0,0,1,Pedestrian
18,299.0,958.0,360.0,1008.0,8941,0,0,1,Pedestrian
18,302.0,958.0,363.0,1008.0,8942,0,0,1,Pedestrian
18,302.0,958.0,363.0,1008.0,8943,0,0,1,Pedestrian
18,305.0,958.0,365.0,1008.0,8944,0,0,1,Pedestrian
18,305.0,958.0,365.0,1008.0,8945,0,0,1,Pedestrian
18,308.0,958.0,368.0,1008.0,8946,0,0,1,Pedestrian
18,310.0,958.0,371.0,1008.0,8947,0,0,1,Pedestrian
18,310.0,958.0,371.0,1008.0,8948,0,0,1,Pedestrian
18,313.0,958.0,374.0,1008.0,8949,0,0,1,Pedestrian
18,313.0,958.0,374.0,1008.0,8950,0,0,1,Pedestrian
18,316.0,958.0,376.0,1008.0,8951,0,0,1,Pedestrian
18,316.0,958.0,376.0,1008.0,8952,0,0,1,Pedestrian
18,319.0,958.0,379.0,1008.0,8953,0,0,1,Pedestrian
18,321.0,958.0,382.0,1008.0,8954,0,0,1,Pedestrian
18,321.0,958.0,382.0,1008.0,8955,0,0,1,Pedestrian
18,324.0,958.0,385.0,1008.0,8956,0,0,1,Pedestrian
18,324.0,958.0,385.0,1008.0,8957,0,0,1,Pedestrian
18,327.0,958.0,387.0,1008.0,8958,0,0,1,Pedestrian
18,327.0,958.0,387.0,1008.0,8959,0,0,1,Pedestrian
18,330.0,958.0,390.0,1008.0,8960,0,0,1,Pedestrian
18,332.0,958.0,393.0,1008.0,8961,0,0,1,Pedestrian
18,332.0,958.0,393.0,1008.0,8962,0,0,1,Pedestrian
18,335.0,958.0,396.0,1008.0,8963,0,0,1,Pedestrian
18,335.0,958.0,396.0,1008.0,8964,0,0,1,Pedestrian
18,338.0,958.0,398.0,1008.0,8965,0,0,1,Pedestrian
18,341.0,960.0,401.0,1011.0,8966,0,0,0,Pedestrian
18,341.0,960.0,401.0,1011.0,8967,0,0,1,Pedestrian
18,343.0,960.0,404.0,1011.0,8968,0,0,1,Pedestrian
18,343.0,960.0,404.0,1011.0,8969,0,0,1,Pedestrian
18,346.0,960.0,407.0,1011.0,8970,0,0,1,Pedestrian
18,346.0,960.0,407.0,1011.0,8971,0,0,1,Pedestrian
18,349.0,960.0,409.0,1011.0,8972,0,0,1,Pedestrian
18,349.0,960.0,409.0,1011.0,8973,0,0,1,Pedestrian
18,352.0,960.0,412.0,1011.0,8974,0,0,1,Pedestrian
18,352.0,960.0,412.0,1011.0,8975,0,0,1,Pedestrian
18,354.0,960.0,415.0,1011.0,8976,0,0,0,Pedestrian
18,354.0,958.0,415.0,1008.0,8977,0,0,1,Pedestrian
18,357.0,958.0,418.0,1008.0,8978,0,0,1,Pedestrian
18,357.0,958.0,418.0,1008.0,8979,0,0,1,Pedestrian
18,360.0,956.0,420.0,1006.0,8980,0,0,1,Pedestrian
18,363.0,956.0,423.0,1006.0,8981,0,0,1,Pedestrian
18,363.0,956.0,423.0,1006.0,8982,0,0,1,Pedestrian
18,365.0,954.0,426.0,1004.0,8983,0,0,1,Pedestrian
18,365.0,954.0,426.0,1004.0,8984,0,0,1,Pedestrian
18,368.0,954.0,429.0,1004.0,8985,0,0,1,Pedestrian
18,371.0,954.0,431.0,1004.0,8986,0,0,0,Pedestrian
18,371.0,954.0,431.0,1004.0,8987,0,0,1,Pedestrian
18,374.0,954.0,434.0,1004.0,8988,0,0,1,Pedestrian
18,374.0,954.0,434.0,1004.0,8989,0,0,1,Pedestrian
18,376.0,954.0,437.0,1004.0,8990,0,0,1,Pedestrian
18,376.0,954.0,437.0,1004.0,8991,0,0,1,Pedestrian
18,379.0,954.0,440.0,1004.0,8992,0,0,1,Pedestrian
18,379.0,956.0,440.0,1006.0,8993,0,0,1,Pedestrian
18,382.0,956.0,442.0,1006.0,8994,0,0,1,Pedestrian
18,382.0,956.0,442.0,1006.0,8995,0,0,1,Pedestrian
18,385.0,956.0,445.0,1006.0,8996,0,0,1,Pedestrian
18,385.0,956.0,445.0,1006.0,8997,0,0,1,Pedestrian
18,387.0,956.0,448.0,1006.0,8998,0,0,1,Pedestrian
18,387.0,956.0,448.0,1006.0,8999,0,0,1,Pedestrian
18,390.0,958.0,451.0,1008.0,9000,0,0,0,Pedestrian
18,390.0,958.0,451.0,1008.0,9001,0,0,1,Pedestrian
18,390.0,958.0,453.0,1008.0,9002,0,0,1,Pedestrian
18,393.0,958.0,453.0,1008.0,9003,0,0,1,Pedestrian
18,393.0,958.0,456.0,1008.0,9004,0,0,1,Pedestrian
18,396.0,958.0,456.0,1008.0,9005,0,0,1,Pedestrian
18,396.0,958.0,459.0,1008.0,9006,0,0,1,Pedestrian
18,398.0,958.0,459.0,1008.0,9007,0,0,1,Pedestrian
18,398.0,958.0,462.0,1008.0,9008,0,0,1,Pedestrian
18,401.0,958.0,462.0,1008.0,9009,0,0,1,Pedestrian
18,401.0,958.0,464.0,1008.0,9010,0,0,1,Pedestrian
18,404.0,958.0,467.0,1008.0,9011,0,0,1,Pedestrian
18,404.0,958.0,467.0,1008.0,9012,0,0,1,Pedestrian
18,407.0,958.0,470.0,1008.0,9013,0,0,1,Pedestrian
18,407.0,958.0,470.0,1008.0,9014,0,0,1,Pedestrian
18,407.0,958.0,473.0,1008.0,9015,0,0,1,Pedestrian
18,409.0,958.0,473.0,1008.0,9016,0,0,1,Pedestrian
18,409.0,958.0,475.0,1008.0,9017,0,0,1,Pedestrian
18,412.0,958.0,475.0,1008.0,9018,0,0,1,Pedestrian
18,412.0,958.0,478.0,1008.0,9019,0,0,1,Pedestrian
18,415.0,958.0,481.0,1008.0,9020,0,0,1,Pedestrian
18,415.0,958.0,481.0,1008.0,9021,0,0,1,Pedestrian
18,418.0,958.0,484.0,1008.0,9022,0,0,1,Pedestrian
18,418.0,958.0,484.0,1008.0,9023,0,0,1,Pedestrian
18,420.0,958.0,486.0,1011.0,9024,0,0,1,Pedestrian
18,420.0,958.0,486.0,1011.0,9025,0,0,1,Pedestrian
18,423.0,958.0,489.0,1011.0,9026,0,0,1,Pedestrian
18,423.0,958.0,489.0,1011.0,9027,0,0,1,Pedestrian
18,426.0,958.0,492.0,1011.0,9028,0,0,1,Pedestrian
18,426.0,958.0,495.0,1011.0,9029,0,0,1,Pedestrian
18,426.0,958.0,495.0,1011.0,9030,0,0,1,Pedestrian
18,429.0,958.0,497.0,1011.0,9031,0,0,1,Pedestrian
18,429.0,958.0,497.0,1011.0,9032,0,0,1,Pedestrian
18,431.0,958.0,500.0,1011.0,9033,0,0,1,Pedestrian
18,431.0,958.0,500.0,1011.0,9034,0,0,1,Pedestrian
18,434.0,958.0,503.0,1011.0,9035,0,0,1,Pedestrian
18,434.0,958.0,503.0,1011.0,9036,0,0,1,Pedestrian
18,437.0,958.0,506.0,1011.0,9037,0,0,1,Pedestrian
18,437.0,958.0,506.0,1011.0,9038,0,0,1,Pedestrian
18,440.0,958.0,508.0,1011.0,9039,0,0,1,Pedestrian
18,440.0,958.0,511.0,1011.0,9040,0,0,1,Pedestrian
18,442.0,960.0,511.0,1011.0,9041,0,0,1,Pedestrian
18,442.0,960.0,514.0,1011.0,9042,0,0,1,Pedestrian
18,445.0,960.0,514.0,1011.0,9043,0,0,1,Pedestrian
18,445.0,960.0,517.0,1011.0,9044,0,0,1,Pedestrian
18,445.0,960.0,517.0,1011.0,9045,0,0,1,Pedestrian
18,448.0,960.0,519.0,1011.0,9046,0,0,1,Pedestrian
18,448.0,960.0,519.0,1013.0,9047,0,0,1,Pedestrian
18,451.0,960.0,522.0,1013.0,9048,0,0,1,Pedestrian
18,451.0,960.0,525.0,1013.0,9049,0,0,1,Pedestrian
18,453.0,960.0,525.0,1013.0,9050,0,0,1,Pedestrian
18,453.0,960.0,528.0,1013.0,9051,0,0,1,Pedestrian
18,456.0,960.0,528.0,1013.0,9052,0,0,1,Pedestrian
18,456.0,960.0,530.0,1013.0,9053,0,0,1,Pedestrian
18,459.0,960.0,530.0,1013.0,9054,0,0,1,Pedestrian
18,459.0,960.0,533.0,1013.0,9055,0,0,1,Pedestrian
18,462.0,960.0,533.0,1013.0,9056,0,0,1,Pedestrian
18,462.0,960.0,536.0,1013.0,9057,0,0,1,Pedestrian
18,464.0,960.0,539.0,1013.0,9058,0,0,1,Pedestrian
18,464.0,960.0,539.0,1013.0,9059,0,0,1,Pedestrian
18,464.0,960.0,541.0,1013.0,9060,0,0,1,Pedestrian
18,467.0,960.0,541.0,1013.0,9061,0,0,1,Pedestrian
18,467.0,960.0,544.0,1013.0,9062,0,0,1,Pedestrian
18,470.0,960.0,544.0,1013.0,9063,0,0,1,Pedestrian
18,470.0,960.0,547.0,1013.0,9064,0,0,1,Pedestrian
18,473.0,960.0,547.0,1013.0,9065,0,0,1,Pedestrian
18,473.0,960.0,550.0,1013.0,9066,0,0,1,Pedestrian
18,475.0,960.0,550.0,1013.0,9067,0,0,1,Pedestrian
18,475.0,960.0,552.0,1013.0,9068,0,0,1,Pedestrian
18,478.0,960.0,555.0,1013.0,9069,0,0,1,Pedestrian
18,478.0,960.0,555.0,1015.0,9070,0,0,1,Pedestrian
18,481.0,960.0,558.0,1015.0,9071,0,0,1,Pedestrian
18,481.0,960.0,558.0,1015.0,9072,0,0,1,Pedestrian
18,484.0,960.0,561.0,1015.0,9073,0,0,1,Pedestrian
18,484.0,960.0,561.0,1015.0,9074,0,0,1,Pedestrian
18,484.0,960.0,563.0,1015.0,9075,0,0,1,Pedestrian
18,486.0,960.0,563.0,1015.0,9076,0,0,1,Pedestrian
18,486.0,960.0,566.0,1015.0,9077,0,0,1,Pedestrian
18,489.0,960.0,569.0,1015.0,9078,0,0,1,Pedestrian
18,489.0,960.0,569.0,1015.0,9079,0,0,1,Pedestrian
18,492.0,960.0,572.0,1015.0,9080,0,0,1,Pedestrian
18,492.0,960.0,572.0,1015.0,9081,0,0,1,Pedestrian
18,495.0,963.0,574.0,1015.0,9082,0,0,1,Pedestrian
18,495.0,963.0,574.0,1015.0,9083,0,0,1,Pedestrian
18,497.0,963.0,577.0,1015.0,9084,0,0,1,Pedestrian
18,497.0,963.0,577.0,1015.0,9085,0,0,1,Pedestrian
18,500.0,963.0,580.0,1015.0,9086,0,0,1,Pedestrian
18,500.0,963.0,583.0,1015.0,9087,0,0,1,Pedestrian
18,503.0,963.0,583.0,1015.0,9088,0,0,1,Pedestrian
18,503.0,963.0,585.0,1015.0,9089,0,0,1,Pedestrian
18,503.0,963.0,585.0,1015.0,9090,0,0,1,Pedestrian
18,506.0,963.0,588.0,1015.0,9091,0,0,1,Pedestrian
18,506.0,963.0,588.0,1015.0,9092,0,0,1,Pedestrian
18,508.0,963.0,591.0,1015.0,9093,0,0,1,Pedestrian
18,508.0,963.0,591.0,1017.0,9094,0,0,1,Pedestrian
18,511.0,963.0,594.0,1017.0,9095,0,0,1,Pedestrian
18,511.0,963.0,596.0,1017.0,9096,0,0,1,Pedestrian
18,514.0,963.0,596.0,1017.0,9097,0,0,1,Pedestrian
18,514.0,963.0,599.0,1017.0,9098,0,0,1,Pedestrian
18,517.0,963.0,599.0,1017.0,9099,0,0,1,Pedestrian
18,517.0,963.0,602.0,1017.0,9100,0,0,1,Pedestrian
18,519.0,963.0,602.0,1017.0,9101,0,0,1,Pedestrian
18,519.0,963.0,605.0,1017.0,9102,0,0,1,Pedestrian
18,522.0,963.0,605.0,1017.0,9103,0,0,1,Pedestrian
18,522.0,963.0,607.0,1017.0,9104,0,0,1,Pedestrian
18,522.0,963.0,607.0,1017.0,9105,0,0,1,Pedestrian
18,525.0,963.0,610.0,1017.0,9106,0,0,1,Pedestrian
18,525.0,963.0,613.0,1017.0,9107,0,0,1,Pedestrian
18,528.0,963.0,613.0,1017.0,9108,0,0,1,Pedestrian
18,528.0,963.0,616.0,1017.0,9109,0,0,1,Pedestrian
18,530.0,963.0,616.0,1017.0,9110,0,0,1,Pedestrian
18,530.0,963.0,618.0,1017.0,9111,0,0,1,Pedestrian
18,533.0,963.0,618.0,1017.0,9112,0,0,1,Pedestrian
18,533.0,963.0,621.0,1017.0,9113,0,0,1,Pedestrian
18,536.0,963.0,621.0,1017.0,9114,0,0,1,Pedestrian
18,536.0,963.0,624.0,1017.0,9115,0,0,1,Pedestrian
18,539.0,963.0,627.0,1017.0,9116,0,0,1,Pedestrian
18,539.0,963.0,627.0,1020.0,9117,0,0,1,Pedestrian
18,541.0,963.0,629.0,1020.0,9118,0,0,1,Pedestrian
18,541.0,963.0,629.0,1020.0,9119,0,0,1,Pedestrian
18,541.0,963.0,632.0,1020.0,9120,0,0,1,Pedestrian
18,544.0,963.0,632.0,1020.0,9121,0,0,1,Pedestrian
18,544.0,963.0,635.0,1020.0,9122,0,0,1,Pedestrian
18,547.0,965.0,635.0,1020.0,9123,0,0,1,Pedestrian
18,547.0,965.0,638.0,1020.0,9124,0,0,1,Pedestrian
18,550.0,965.0,640.0,1020.0,9125,0,0,1,Pedestrian
18,550.0,965.0,640.0,1020.0,9126,0,0,1,Pedestrian
18,552.0,965.0,643.0,1020.0,9127,0,0,1,Pedestrian
18,552.0,965.0,643.0,1020.0,9128,0,0,1,Pedestrian
18,555.0,965.0,646.0,1020.0,9129,0,0,1,Pedestrian
18,555.0,965.0,646.0,1020.0,9130,0,0,1,Pedestrian
18,558.0,965.0,649.0,1020.0,9131,0,0,1,Pedestrian
18,558.0,965.0,649.0,1020.0,9132,0,0,1,Pedestrian
18,561.0,965.0,651.0,1020.0,9133,0,0,1,Pedestrian
18,561.0,965.0,651.0,1020.0,9134,0,0,1,Pedestrian
18,561.0,965.0,654.0,1020.0,9135,0,0,1,Pedestrian
18,563.0,965.0,657.0,1020.0,9136,0,0,1,Pedestrian
18,563.0,965.0,657.0,1020.0,9137,0,0,1,Pedestrian
18,566.0,965.0,660.0,1020.0,9138,0,0,1,Pedestrian
18,566.0,965.0,660.0,1020.0,9139,0,0,1,Pedestrian
18,569.0,965.0,662.0,1022.0,9140,0,0,1,Pedestrian
18,569.0,965.0,662.0,1022.0,9141,0,0,1,Pedestrian
18,572.0,965.0,665.0,1022.0,9142,0,0,1,Pedestrian
18,572.0,965.0,665.0,1022.0,9143,0,0,1,Pedestrian
18,574.0,965.0,668.0,1022.0,9144,0,0,1,Pedestrian
18,574.0,965.0,671.0,1022.0,9145,0,0,1,Pedestrian
18,577.0,965.0,671.0,1022.0,9146,0,0,1,Pedestrian
18,577.0,965.0,673.0,1022.0,9147,0,0,1,Pedestrian
18,580.0,965.0,673.0,1022.0,9148,0,0,1,Pedestrian
18,580.0,965.0,676.0,1022.0,9149,0,0,1,Pedestrian
18,580.0,965.0,676.0,1022.0,9150,0,0,1,Pedestrian
18,583.0,965.0,679.0,1022.0,9151,0,0,1,Pedestrian
18,583.0,965.0,679.0,1022.0,9152,0,0,1,Pedestrian
18,585.0,965.0,682.0,1022.0,9153,0,0,1,Pedestrian
18,585.0,965.0,684.0,1022.0,9154,0,0,1,Pedestrian
18,588.0,965.0,684.0,1022.0,9155,0,0,1,Pedestrian
18,588.0,965.0,687.0,1022.0,9156,0,0,1,Pedestrian
18,591.0,965.0,687.0,1022.0,9157,0,0,1,Pedestrian
18,591.0,965.0,690.0,1022.0,9158,0,0,1,Pedestrian
18,594.0,965.0,690.0,1022.0,9159,0,0,1,Pedestrian
18,594.0,965.0,693.0,1022.0,9160,0,0,1,Pedestrian
18,596.0,965.0,693.0,1022.0,9161,0,0,1,Pedestrian
18,596.0,965.0,695.0,1022.0,9162,0,0,1,Pedestrian
18,599.0,967.0,698.0,1024.0,9163,0,0,0,Pedestrian
18,599.0,965.0,698.0,1022.0,9164,0,0,1,Pedestrian
18,602.0,965.0,701.0,1022.0,9165,0,0,1,Pedestrian
18,602.0,965.0,701.0,1022.0,9166,0,0,1,Pedestrian
18,605.0,965.0,704.0,1022.0,9167,0,0,1,Pedestrian
18,605.0,965.0,704.0,1022.0,9168,0,0,1,Pedestrian
18,607.0,965.0,706.0,1022.0,9169,0,0,1,Pedestrian
18,607.0,965.0,706.0,1022.0,9170,0,0,1,Pedestrian
18,610.0,963.0,709.0,1020.0,9171,0,0,1,Pedestrian
18,610.0,963.0,709.0,1020.0,9172,0,0,1,Pedestrian
18,613.0,963.0,712.0,1020.0,9173,0,0,1,Pedestrian
18,613.0,963.0,712.0,1020.0,9174,0,0,1,Pedestrian
18,616.0,963.0,715.0,1020.0,9175,0,0,1,Pedestrian
18,618.0,963.0,717.0,1020.0,9176,0,0,1,Pedestrian
18,618.0,963.0,717.0,1020.0,9177,0,0,1,Pedestrian
18,621.0,963.0,720.0,1020.0,9178,0,0,1,Pedestrian
18,621.0,960.0,720.0,1017.0,9179,0,0,1,Pedestrian
18,624.0,960.0,723.0,1017.0,9180,0,0,1,Pedestrian
18,624.0,960.0,723.0,1017.0,9181,0,0,1,Pedestrian
18,627.0,960.0,726.0,1017.0,9182,0,0,1,Pedestrian
18,627.0,960.0,726.0,1017.0,9183,0,0,1,Pedestrian
18,629.0,960.0,728.0,1017.0,9184,0,0,1,Pedestrian
18,629.0,960.0,728.0,1017.0,9185,0,0,1,Pedestrian
18,632.0,960.0,731.0,1017.0,9186,0,0,1,Pedestrian
18,632.0,958.0,731.0,1015.0,9187,0,0,1,Pedestrian
18,635.0,958.0,734.0,1015.0,9188,0,0,1,Pedestrian
18,638.0,958.0,737.0,1015.0,9189,0,0,1,Pedestrian
18,638.0,958.0,737.0,1015.0,9190,0,0,1,Pedestrian
18,640.0,958.0,739.0,1015.0,9191,0,0,1,Pedestrian
18,640.0,958.0,739.0,1015.0,9192,0,0,1,Pedestrian
18,643.0,958.0,742.0,1015.0,9193,0,0,1,Pedestrian
18,643.0,958.0,742.0,1015.0,9194,0,0,1,Pedestrian
18,646.0,956.0,745.0,1013.0,9195,0,0,1,Pedestrian
18,646.0,956.0,745.0,1013.0,9196,0,0,1,Pedestrian
18,649.0,956.0,748.0,1013.0,9197,0,0,1,Pedestrian
18,649.0,956.0,748.0,1013.0,9198,0,0,1,Pedestrian
18,651.0,956.0,750.0,1013.0,9199,0,0,1,Pedestrian
18,651.0,956.0,750.0,1013.0,9200,0,0,1,Pedestrian
18,654.0,956.0,753.0,1013.0,9201,0,0,1,Pedestrian
18,657.0,956.0,756.0,1013.0,9202,0,0,1,Pedestrian
18,657.0,954.0,756.0,1011.0,9203,0,0,1,Pedestrian
18,660.0,954.0,759.0,1011.0,9204,0,0,1,Pedestrian
18,660.0,954.0,759.0,1011.0,9205,0,0,1,Pedestrian
18,662.0,954.0,761.0,1011.0,9206,0,0,1,Pedestrian
18,662.0,954.0,761.0,1011.0,9207,0,0,1,Pedestrian
18,665.0,954.0,764.0,1011.0,9208,0,0,1,Pedestrian
18,665.0,954.0,764.0,1011.0,9209,0,0,1,Pedestrian
18,668.0,951.0,767.0,1008.0,9210,0,0,1,Pedestrian
18,668.0,951.0,767.0,1008.0,9211,0,0,1,Pedestrian
18,671.0,951.0,770.0,1008.0,9212,0,0,1,Pedestrian
18,671.0,951.0,770.0,1008.0,9213,0,0,1,Pedestrian
18,673.0,951.0,772.0,1008.0,9214,0,0,1,Pedestrian
18,676.0,951.0,775.0,1008.0,9215,0,0,1,Pedestrian
18,676.0,951.0,775.0,1008.0,9216,0,0,1,Pedestrian
18,679.0,951.0,778.0,1008.0,9217,0,0,1,Pedestrian
18,679.0,949.0,778.0,1006.0,9218,0,0,1,Pedestrian
18,682.0,949.0,781.0,1006.0,9219,0,0,1,Pedestrian
18,682.0,949.0,781.0,1006.0,9220,0,0,1,Pedestrian
18,684.0,949.0,783.0,1006.0,9221,0,0,1,Pedestrian
18,684.0,949.0,783.0,1006.0,9222,0,0,1,Pedestrian
18,687.0,949.0,786.0,1006.0,9223,0,0,1,Pedestrian
18,687.0,949.0,786.0,1006.0,9224,0,0,1,Pedestrian
18,690.0,949.0,789.0,1006.0,9225,0,0,1,Pedestrian
18,690.0,947.0,789.0,1004.0,9226,0,0,1,Pedestrian
18,693.0,947.0,792.0,1004.0,9227,0,0,1,Pedestrian
18,695.0,947.0,794.0,1004.0,9228,0,0,1,Pedestrian
18,695.0,947.0,794.0,1004.0,9229,0,0,1,Pedestrian
18,698.0,947.0,797.0,1004.0,9230,0,0,1,Pedestrian
18,698.0,947.0,797.0,1004.0,9231,0,0,1,Pedestrian
18,701.0,947.0,800.0,1004.0,9232,0,0,1,Pedestrian
18,701.0,947.0,800.0,1004.0,9233,0,0,1,Pedestrian
18,704.0,944.0,803.0,1001.0,9234,0,0,1,Pedestrian
18,704.0,944.0,803.0,1001.0,9235,0,0,1,Pedestrian
18,706.0,944.0,805.0,1001.0,9236,0,0,1,Pedestrian
18,706.0,944.0,805.0,1001.0,9237,0,0,1,Pedestrian
18,709.0,944.0,808.0,1001.0,9238,0,0,1,Pedestrian
18,709.0,944.0,808.0,1001.0,9239,0,0,1,Pedestrian
18,712.0,944.0,811.0,1001.0,9240,0,0,1,Pedestrian
18,715.0,944.0,814.0,1001.0,9241,0,0,1,Pedestrian
18,715.0,942.0,814.0,999.0,9242,0,0,1,Pedestrian
18,717.0,942.0,816.0,999.0,9243,0,0,1,Pedestrian
18,717.0,942.0,816.0,999.0,9244,0,0,1,Pedestrian
18,720.0,942.0,819.0,999.0,9245,0,0,1,Pedestrian
18,720.0,942.0,819.0,999.0,9246,0,0,1,Pedestrian
18,723.0,942.0,822.0,999.0,9247,0,0,1,Pedestrian
18,723.0,942.0,822.0,999.0,9248,0,0,1,Pedestrian
18,726.0,940.0,825.0,997.0,9249,0,0,1,Pedestrian
18,726.0,940.0,825.0,997.0,9250,0,0,1,Pedestrian
18,728.0,940.0,827.0,997.0,9251,0,0,1,Pedestrian
18,728.0,940.0,827.0,997.0,9252,0,0,1,Pedestrian
18,731.0,940.0,830.0,997.0,9253,0,0,1,Pedestrian
18,734.0,940.0,833.0,997.0,9254,0,0,1,Pedestrian
18,734.0,940.0,833.0,997.0,9255,0,0,1,Pedestrian
18,737.0,940.0,836.0,997.0,9256,0,0,1,Pedestrian
18,737.0,938.0,836.0,995.0,9257,0,0,1,Pedestrian
18,739.0,938.0,838.0,995.0,9258,0,0,1,Pedestrian
18,739.0,938.0,838.0,995.0,9259,0,0,1,Pedestrian
18,742.0,938.0,841.0,995.0,9260,0,0,1,Pedestrian
18,742.0,938.0,841.0,995.0,9261,0,0,1,Pedestrian
18,745.0,938.0,844.0,995.0,9262,0,0,1,Pedestrian
18,745.0,938.0,844.0,995.0,9263,0,0,1,Pedestrian
18,748.0,938.0,847.0,995.0,9264,0,0,1,Pedestrian
18,748.0,935.0,847.0,992.0,9265,0,0,1,Pedestrian
18,750.0,935.0,849.0,992.0,9266,0,0,1,Pedestrian
18,753.0,935.0,852.0,992.0,9267,0,0,1,Pedestrian
18,753.0,935.0,852.0,992.0,9268,0,0,1,Pedestrian
18,756.0,935.0,855.0,992.0,9269,0,0,1,Pedestrian
18,756.0,935.0,855.0,992.0,9270,0,0,1,Pedestrian
18,759.0,935.0,858.0,992.0,9271,0,0,1,Pedestrian
18,759.0,935.0,858.0,992.0,9272,0,0,1,Pedestrian
18,761.0,933.0,860.0,990.0,9273,0,0,1,Pedestrian
18,761.0,933.0,860.0,990.0,9274,0,0,1,Pedestrian
18,764.0,933.0,863.0,990.0,9275,0,0,1,Pedestrian
18,764.0,933.0,863.0,990.0,9276,0,0,1,Pedestrian
18,767.0,933.0,866.0,990.0,9277,0,0,1,Pedestrian
18,767.0,933.0,866.0,990.0,9278,0,0,1,Pedestrian
18,770.0,933.0,869.0,990.0,9279,0,0,1,Pedestrian
18,772.0,933.0,871.0,990.0,9280,0,0,0,Pedestrian
18,772.0,931.0,871.0,988.0,9281,0,0,1,Pedestrian
18,772.0,931.0,871.0,988.0,9282,0,0,1,Pedestrian
18,775.0,931.0,874.0,988.0,9283,0,0,1,Pedestrian
18,775.0,931.0,874.0,988.0,9284,0,0,1,Pedestrian
18,778.0,931.0,877.0,988.0,9285,0,0,1,Pedestrian
18,778.0,931.0,877.0,988.0,9286,0,0,1,Pedestrian
18,781.0,931.0,880.0,988.0,9287,0,0,1,Pedestrian
18,781.0,931.0,880.0,988.0,9288,0,0,1,Pedestrian
18,783.0,931.0,882.0,988.0,9289,0,0,1,Pedestrian
18,783.0,931.0,882.0,988.0,9290,0,0,1,Pedestrian
18,783.0,931.0,882.0,988.0,9291,0,0,1,Pedestrian
18,786.0,931.0,885.0,988.0,9292,0,0,1,Pedestrian
18,786.0,931.0,885.0,988.0,9293,0,0,1,Pedestrian
18,789.0,931.0,888.0,988.0,9294,0,0,1,Pedestrian
18,789.0,931.0,888.0,988.0,9295,0,0,1,Pedestrian
18,792.0,931.0,891.0,988.0,9296,0,0,1,Pedestrian
18,792.0,931.0,891.0,988.0,9297,0,0,1,Pedestrian
18,794.0,929.0,893.0,985.0,9298,0,0,1,Pedestrian
18,794.0,929.0,893.0,985.0,9299,0,0,1,Pedestrian
18,797.0,929.0,896.0,985.0,9300,0,0,1,Pedestrian
18,797.0,929.0,896.0,985.0,9301,0,0,1,Pedestrian
18,797.0,929.0,896.0,985.0,9302,0,0,1,Pedestrian
18,800.0,929.0,899.0,985.0,9303,0,0,1,Pedestrian
18,800.0,929.0,899.0,985.0,9304,0,0,1,Pedestrian
18,803.0,929.0,902.0,985.0,9305,0,0,1,Pedestrian
18,803.0,929.0,902.0,985.0,9306,0,0,1,Pedestrian
18,805.0,929.0,904.0,985.0,9307,0,0,1,Pedestrian
18,805.0,929.0,904.0,985.0,9308,0,0,1,Pedestrian
18,808.0,929.0,907.0,985.0,9309,0,0,1,Pedestrian
18,808.0,929.0,907.0,985.0,9310,0,0,1,Pedestrian
18,808.0,929.0,907.0,985.0,9311,0,0,1,Pedestrian
18,811.0,929.0,910.0,985.0,9312,0,0,1,Pedestrian
18,811.0,929.0,910.0,985.0,9313,0,0,1,Pedestrian
18,814.0,929.0,913.0,985.0,9314,0,0,1,Pedestrian
18,814.0,929.0,913.0,985.0,9315,0,0,1,Pedestrian
18,816.0,926.0,915.0,983.0,9316,0,0,1,Pedestrian
18,816.0,926.0,915.0,983.0,9317,0,0,1,Pedestrian
18,819.0,926.0,918.0,983.0,9318,0,0,1,Pedestrian
18,819.0,926.0,918.0,983.0,9319,0,0,1,Pedestrian
18,822.0,926.0,921.0,983.0,9320,0,0,1,Pedestrian
18,822.0,926.0,921.0,983.0,9321,0,0,1,Pedestrian
18,822.0,926.0,921.0,983.0,9322,0,0,1,Pedestrian
18,825.0,926.0,924.0,983.0,9323,0,0,1,Pedestrian
18,825.0,926.0,924.0,983.0,9324,0,0,1,Pedestrian
18,827.0,926.0,926.0,983.0,9325,0,0,1,Pedestrian
18,827.0,926.0,926.0,983.0,9326,0,0,1,Pedestrian
18,830.0,926.0,929.0,983.0,9327,0,0,1,Pedestrian
18,830.0,926.0,929.0,983.0,9328,0,0,1,Pedestrian
18,833.0,926.0,932.0,983.0,9329,0,0,1,Pedestrian
18,833.0,926.0,932.0,983.0,9330,0,0,1,Pedestrian
18,833.0,926.0,932.0,983.0,9331,0,0,1,Pedestrian
18,836.0,926.0,935.0,983.0,9332,0,0,1,Pedestrian
18,836.0,926.0,935.0,983.0,9333,0,0,1,Pedestrian
18,838.0,924.0,937.0,981.0,9334,0,0,1,Pedestrian
18,838.0,924.0,937.0,981.0,9335,0,0,1,Pedestrian
18,841.0,924.0,940.0,981.0,9336,0,0,1,Pedestrian
18,841.0,924.0,940.0,981.0,9337,0,0,1,Pedestrian
18,844.0,924.0,943.0,981.0,9338,0,0,1,Pedestrian
18,844.0,924.0,943.0,981.0,9339,0,0,1,Pedestrian
18,847.0,924.0,946.0,981.0,9340,0,0,1,Pedestrian
18,847.0,924.0,946.0,981.0,9341,0,0,1,Pedestrian
18,847.0,924.0,946.0,981.0,9342,0,0,1,Pedestrian
18,849.0,924.0,948.0,981.0,9343,0,0,1,Pedestrian
18,849.0,924.0,948.0,981.0,9344,0,0,1,Pedestrian
18,852.0,924.0,951.0,981.0,9345,0,0,1,Pedestrian
18,852.0,924.0,951.0,981.0,9346,0,0,1,Pedestrian
18,855.0,924.0,954.0,981.0,9347,0,0,1,Pedestrian
18,855.0,924.0,954.0,981.0,9348,0,0,1,Pedestrian
18,858.0,924.0,957.0,981.0,9349,0,0,1,Pedestrian
18,858.0,924.0,957.0,981.0,9350,0,0,1,Pedestrian
18,860.0,924.0,959.0,981.0,9351,0,0,0,Pedestrian
18,860.0,922.0,959.0,979.0,9352,0,0,1,Pedestrian
18,863.0,922.0,962.0,979.0,9353,0,0,1,Pedestrian
18,863.0,922.0,962.0,979.0,9354,0,0,1,Pedestrian
18,866.0,922.0,965.0,979.0,9355,0,0,1,Pedestrian
18,866.0,922.0,965.0,979.0,9356,0,0,1,Pedestrian
18,869.0,922.0,968.0,979.0,9357,0,0,1,Pedestrian
18,869.0,922.0,968.0,979.0,9358,0,0,1,Pedestrian
18,871.0,922.0,970.0,979.0,9359,0,0,1,Pedestrian
18,871.0,922.0,970.0,979.0,9360,0,0,1,Pedestrian
18,874.0,922.0,973.0,979.0,9361,0,0,1,Pedestrian
18,874.0,922.0,973.0,979.0,9362,0,0,1,Pedestrian
18,877.0,922.0,976.0,979.0,9363,0,0,1,Pedestrian
18,877.0,922.0,976.0,979.0,9364,0,0,1,Pedestrian
18,880.0,919.0,979.0,976.0,9365,0,0,1,Pedestrian
18,880.0,919.0,979.0,976.0,9366,0,0,1,Pedestrian
18,882.0,919.0,981.0,976.0,9367,0,0,1,Pedestrian
18,882.0,919.0,981.0,976.0,9368,0,0,1,Pedestrian
18,885.0,919.0,984.0,976.0,9369,0,0,1,Pedestrian
18,885.0,919.0,984.0,976.0,9370,0,0,1,Pedestrian
18,888.0,919.0,987.0,976.0,9371,0,0,1,Pedestrian
18,888.0,919.0,987.0,976.0,9372,0,0,1,Pedestrian
18,891.0,919.0,990.0,976.0,9373,0,0,1,Pedestrian
18,891.0,919.0,990.0,976.0,9374,0,0,1,Pedestrian
18,893.0,919.0,992.0,976.0,9375,0,0,1,Pedestrian
18,893.0,919.0,992.0,976.0,9376,0,0,1,Pedestrian
18,896.0,919.0,995.0,976.0,9377,0,0,1,Pedestrian
18,896.0,919.0,995.0,976.0,9378,0,0,1,Pedestrian
18,899.0,917.0,998.0,974.0,9379,0,0,1,Pedestrian
18,899.0,917.0,998.0,974.0,9380,0,0,1,Pedestrian
18,902.0,917.0,1001.0,974.0,9381,0,0,1,Pedestrian
18,902.0,917.0,1001.0,974.0,9382,0,0,1,Pedestrian
18,904.0,917.0,1003.0,974.0,9383,0,0,1,Pedestrian
18,904.0,917.0,1003.0,974.0,9384,0,0,1,Pedestrian
18,907.0,917.0,1006.0,974.0,9385,0,0,1,Pedestrian
18,907.0,917.0,1006.0,974.0,9386,0,0,1,Pedestrian
18,910.0,917.0,1009.0,974.0,9387,0,0,1,Pedestrian
18,910.0,917.0,1009.0,974.0,9388,0,0,1,Pedestrian
18,913.0,917.0,1012.0,974.0,9389,0,0,1,Pedestrian
18,913.0,917.0,1012.0,974.0,9390,0,0,1,Pedestrian
18,915.0,917.0,1014.0,974.0,9391,0,0,1,Pedestrian
18,915.0,915.0,1014.0,972.0,9392,0,0,1,Pedestrian
18,918.0,915.0,1017.0,972.0,9393,0,0,1,Pedestrian
18,918.0,915.0,1017.0,972.0,9394,0,0,1,Pedestrian
18,921.0,915.0,1020.0,972.0,9395,0,0,1,Pedestrian
18,921.0,915.0,1020.0,972.0,9396,0,0,1,Pedestrian
18,924.0,915.0,1023.0,972.0,9397,0,0,1,Pedestrian
18,924.0,915.0,1023.0,972.0,9398,0,0,1,Pedestrian
18,926.0,915.0,1025.0,972.0,9399,0,0,1,Pedestrian
18,926.0,915.0,1025.0,972.0,9400,0,0,1,Pedestrian
18,929.0,915.0,1028.0,972.0,9401,0,0,1,Pedestrian
18,932.0,915.0,1031.0,972.0,9402,0,0,1,Pedestrian
18,932.0,915.0,1031.0,972.0,9403,0,0,1,Pedestrian
18,935.0,915.0,1034.0,972.0,9404,0,0,1,Pedestrian
18,935.0,915.0,1034.0,972.0,9405,0,0,1,Pedestrian
18,937.0,913.0,1036.0,970.0,9406,0,0,1,Pedestrian
18,937.0,913.0,1036.0,970.0,9407,0,0,1,Pedestrian
18,940.0,913.0,1039.0,970.0,9408,0,0,1,Pedestrian
18,940.0,913.0,1039.0,970.0,9409,0,0,1,Pedestrian
18,943.0,913.0,1042.0,970.0,9410,0,0,1,Pedestrian
18,943.0,913.0,1042.0,970.0,9411,0,0,1,Pedestrian
18,946.0,913.0,1045.0,970.0,9412,0,0,1,Pedestrian
18,946.0,913.0,1045.0,970.0,9413,0,0,1,Pedestrian
18,948.0,913.0,1047.0,970.0,9414,0,0,1,Pedestrian
18,948.0,913.0,1047.0,970.0,9415,0,0,1,Pedestrian
18,951.0,913.0,1050.0,970.0,9416,0,0,1,Pedestrian
18,951.0,913.0,1050.0,970.0,9417,0,0,1,Pedestrian
18,954.0,913.0,1053.0,970.0,9418,0,0,1,Pedestrian
18,954.0,910.0,1053.0,967.0,9419,0,0,1,Pedestrian
18,957.0,910.0,1056.0,967.0,9420,0,0,1,Pedestrian
18,957.0,910.0,1056.0,967.0,9421,0,0,1,Pedestrian
18,959.0,910.0,1058.0,967.0,9422,0,0,1,Pedestrian
18,959.0,910.0,1058.0,967.0,9423,0,0,1,Pedestrian
18,962.0,910.0,1061.0,967.0,9424,0,0,1,Pedestrian
18,962.0,910.0,1061.0,967.0,9425,0,0,1,Pedestrian
18,965.0,910.0,1064.0,967.0,9426,0,0,1,Pedestrian
18,965.0,910.0,1064.0,967.0,9427,0,0,1,Pedestrian
18,968.0,910.0,1067.0,967.0,9428,0,0,1,Pedestrian
18,968.0,910.0,1067.0,967.0,9429,0,0,1,Pedestrian
18,970.0,910.0,1069.0,967.0,9430,0,0,1,Pedestrian
18,970.0,910.0,1069.0,967.0,9431,0,0,1,Pedestrian
18,973.0,910.0,1072.0,967.0,9432,0,0,1,Pedestrian
18,973.0,908.0,1072.0,965.0,9433,0,0,1,Pedestrian
18,976.0,908.0,1075.0,965.0,9434,0,0,1,Pedestrian
18,976.0,908.0,1075.0,965.0,9435,0,0,1,Pedestrian
18,979.0,908.0,1078.0,965.0,9436,0,0,1,Pedestrian
18,979.0,908.0,1078.0,965.0,9437,0,0,1,Pedestrian
18,981.0,908.0,1080.0,965.0,9438,0,0,1,Pedestrian
18,981.0,908.0,1080.0,965.0,9439,0,0,1,Pedestrian
18,984.0,908.0,1083.0,965.0,9440,0,0,1,Pedestrian
18,984.0,908.0,1083.0,965.0,9441,0,0,1,Pedestrian
18,987.0,908.0,1086.0,965.0,9442,0,0,1,Pedestrian
18,987.0,908.0,1086.0,965.0,9443,0,0,1,Pedestrian
18,990.0,908.0,1089.0,965.0,9444,0,0,1,Pedestrian
18,990.0,908.0,1089.0,965.0,9445,0,0,1,Pedestrian
18,992.0,906.0,1091.0,963.0,9446,0,0,1,Pedestrian
18,992.0,906.0,1091.0,963.0,9447,0,0,1,Pedestrian
18,995.0,906.0,1094.0,963.0,9448,0,0,1,Pedestrian
18,995.0,906.0,1094.0,963.0,9449,0,0,1,Pedestrian
18,998.0,906.0,1097.0,963.0,9450,0,0,1,Pedestrian
18,1001.0,906.0,1100.0,963.0,9451,0,0,1,Pedestrian
18,1001.0,906.0,1100.0,963.0,9452,0,0,1,Pedestrian
18,1003.0,906.0,1102.0,963.0,9453,0,0,1,Pedestrian
18,1003.0,906.0,1102.0,963.0,9454,0,0,1,Pedestrian
18,1006.0,906.0,1105.0,963.0,9455,0,0,1,Pedestrian
18,1006.0,906.0,1105.0,963.0,9456,0,0,1,Pedestrian
18,1009.0,906.0,1108.0,963.0,9457,0,0,1,Pedestrian
18,1009.0,906.0,1108.0,963.0,9458,0,0,1,Pedestrian
18,1012.0,906.0,1111.0,963.0,9459,0,0,1,Pedestrian
18,1012.0,904.0,1111.0,960.0,9460,0,0,1,Pedestrian
18,1014.0,904.0,1113.0,960.0,9461,0,0,1,Pedestrian
18,1014.0,904.0,1113.0,960.0,9462,0,0,1,Pedestrian
18,1017.0,904.0,1116.0,960.0,9463,0,0,1,Pedestrian
18,1017.0,904.0,1116.0,960.0,9464,0,0,1,Pedestrian
18,1020.0,904.0,1119.0,960.0,9465,0,0,1,Pedestrian
18,1020.0,904.0,1119.0,960.0,9466,0,0,1,Pedestrian
18,1023.0,904.0,1122.0,960.0,9467,0,0,1,Pedestrian
18,1023.0,904.0,1122.0,960.0,9468,0,0,1,Pedestrian
18,1025.0,904.0,1124.0,960.0,9469,0,0,1,Pedestrian
18,1025.0,904.0,1124.0,960.0,9470,0,0,1,Pedestrian
18,1028.0,904.0,1127.0,960.0,9471,0,0,1,Pedestrian
18,1028.0,904.0,1127.0,960.0,9472,0,0,1,Pedestrian
18,1031.0,901.0,1130.0,958.0,9473,0,0,1,Pedestrian
18,1031.0,901.0,1130.0,958.0,9474,0,0,1,Pedestrian
18,1034.0,901.0,1133.0,958.0,9475,0,0,1,Pedestrian
18,1034.0,901.0,1133.0,958.0,9476,0,0,1,Pedestrian
18,1036.0,901.0,1135.0,958.0,9477,0,0,1,Pedestrian
18,1036.0,901.0,1135.0,958.0,9478,0,0,1,Pedestrian
18,1039.0,901.0,1138.0,958.0,9479,0,0,1,Pedestrian
18,1039.0,901.0,1138.0,958.0,9480,0,0,1,Pedestrian
18,1042.0,901.0,1141.0,958.0,9481,0,0,1,Pedestrian
18,1042.0,901.0,1141.0,958.0,9482,0,0,1,Pedestrian
18,1045.0,901.0,1144.0,958.0,9483,0,0,1,Pedestrian
18,1045.0,901.0,1144.0,958.0,9484,0,0,1,Pedestrian
18,1047.0,901.0,1146.0,958.0,9485,0,0,1,Pedestrian
18,1047.0,901.0,1146.0,958.0,9486,0,0,1,Pedestrian
18,1050.0,899.0,1149.0,956.0,9487,0,0,1,Pedestrian
18,1050.0,899.0,1149.0,956.0,9488,0,0,1,Pedestrian
18,1053.0,899.0,1152.0,956.0,9489,0,0,1,Pedestrian
18,1053.0,899.0,1152.0,956.0,9490,0,0,1,Pedestrian
18,1056.0,899.0,1155.0,956.0,9491,0,0,1,Pedestrian
18,1056.0,899.0,1155.0,956.0,9492,0,0,1,Pedestrian
18,1058.0,899.0,1157.0,956.0,9493,0,0,1,Pedestrian
18,1058.0,899.0,1157.0,956.0,9494,0,0,1,Pedestrian
18,1061.0,899.0,1160.0,956.0,9495,0,0,1,Pedestrian
18,1061.0,899.0,1160.0,956.0,9496,0,0,1,Pedestrian
18,1064.0,899.0,1163.0,956.0,9497,0,0,1,Pedestrian
18,1064.0,899.0,1163.0,956.0,9498,0,0,1,Pedestrian
18,1067.0,899.0,1166.0,956.0,9499,0,0,1,Pedestrian
18,1069.0,899.0,1168.0,956.0,9500,0,0,0,Pedestrian
18,1069.0,897.0,1168.0,954.0,9501,0,0,1,Pedestrian
18,1072.0,897.0,1168.0,954.0,9502,0,0,1,Pedestrian
18,1072.0,897.0,1171.0,951.0,9503,0,0,1,Pedestrian
18,1075.0,897.0,1171.0,951.0,9504,0,0,1,Pedestrian
18,1078.0,894.0,1174.0,951.0,9505,0,0,1,Pedestrian
18,1078.0,894.0,1174.0,949.0,9506,0,0,1,Pedestrian
18,1080.0,894.0,1177.0,949.0,9507,0,0,1,Pedestrian
18,1083.0,894.0,1177.0,949.0,9508,0,0,1,Pedestrian
18,1083.0,892.0,1177.0,947.0,9509,0,0,1,Pedestrian
18,1086.0,892.0,1179.0,947.0,9510,0,0,1,Pedestrian
18,1089.0,892.0,1179.0,947.0,9511,0,0,1,Pedestrian
18,1089.0,892.0,1182.0,944.0,9512,0,0,1,Pedestrian
18,1091.0,890.0,1182.0,944.0,9513,0,0,1,Pedestrian
18,1091.0,890.0,1185.0,944.0,9514,0,0,1,Pedestrian
18,1094.0,890.0,1185.0,942.0,9515,0,0,1,Pedestrian
18,1097.0,890.0,1188.0,942.0,9516,0,0,1,Pedestrian
18,1097.0,888.0,1188.0,942.0,9517,0,0,1,Pedestrian
18,1100.0,888.0,1188.0,940.0,9518,0,0,1,Pedestrian
18,1102.0,888.0,1190.0,940.0,9519,0,0,1,Pedestrian
18,1102.0,888.0,1190.0,940.0,9520,0,0,1,Pedestrian
18,1105.0,885.0,1193.0,938.0,9521,0,0,1,Pedestrian
18,1108.0,885.0,1193.0,938.0,9522,0,0,1,Pedestrian
18,1108.0,885.0,1196.0,938.0,9523,0,0,1,Pedestrian
18,1111.0,885.0,1196.0,935.0,9524,0,0,1,Pedestrian
18,1113.0,885.0,1199.0,935.0,9525,0,0,1,Pedestrian
18,1113.0,883.0,1199.0,935.0,9526,0,0,1,Pedestrian
18,1116.0,883.0,1199.0,933.0,9527,0,0,1,Pedestrian
18,1116.0,883.0,1201.0,933.0,9528,0,0,1,Pedestrian
18,1119.0,883.0,1201.0,933.0,9529,0,0,1,Pedestrian
18,1122.0,881.0,1204.0,931.0,9530,0,0,1,Pedestrian
18,1122.0,881.0,1204.0,931.0,9531,0,0,1,Pedestrian
18,1124.0,881.0,1207.0,931.0,9532,0,0,1,Pedestrian
18,1127.0,881.0,1207.0,929.0,9533,0,0,1,Pedestrian
18,1127.0,878.0,1207.0,929.0,9534,0,0,1,Pedestrian
18,1130.0,878.0,1210.0,929.0,9535,0,0,1,Pedestrian
18,1133.0,878.0,1210.0,926.0,9536,0,0,1,Pedestrian
18,1133.0,878.0,1212.0,926.0,9537,0,0,1,Pedestrian
18,1135.0,876.0,1212.0,926.0,9538,0,0,1,Pedestrian
18,1135.0,876.0,1215.0,924.0,9539,0,0,1,Pedestrian
18,1138.0,876.0,1215.0,924.0,9540,0,0,1,Pedestrian
18,1141.0,876.0,1218.0,924.0,9541,0,0,1,Pedestrian
18,1141.0,874.0,1218.0,922.0,9542,0,0,1,Pedestrian
18,1144.0,874.0,1218.0,922.0,9543,0,0,1,Pedestrian
18,1146.0,874.0,1221.0,922.0,9544,0,0,1,Pedestrian
18,1146.0,874.0,1221.0,919.0,9545,0,0,1,Pedestrian
18,1149.0,872.0,1223.0,919.0,9546,0,0,1,Pedestrian
18,1152.0,872.0,1223.0,919.0,9547,0,0,1,Pedestrian
18,1152.0,872.0,1226.0,917.0,9548,0,0,1,Pedestrian
18,1155.0,872.0,1226.0,917.0,9549,0,0,1,Pedestrian
18,1157.0,872.0,1229.0,917.0,9550,0,0,0,Pedestrian
18,1157.0,869.0,1229.0,915.0,9551,0,0,1,Pedestrian
18,1157.0,869.0,1229.0,915.0,9552,0,0,1,Pedestrian
18,1157.0,867.0,1229.0,913.0,9553,0,0,1,Pedestrian
18,1160.0,867.0,1232.0,913.0,9554,0,0,1,Pedestrian
18,1160.0,865.0,1232.0,910.0,9555,0,0,1,Pedestrian
18,1160.0,865.0,1232.0,910.0,9556,0,0,1,Pedestrian
18,1163.0,863.0,1234.0,908.0,9557,0,0,1,Pedestrian
18,1163.0,863.0,1234.0,908.0,9558,0,0,1,Pedestrian
18,1163.0,860.0,1234.0,906.0,9559,0,0,1,Pedestrian
18,1166.0,860.0,1237.0,906.0,9560,0,0,1,Pedestrian
18,1166.0,858.0,1237.0,904.0,9561,0,0,1,Pedestrian
18,1166.0,858.0,1237.0,904.0,9562,0,0,1,Pedestrian
18,1168.0,856.0,1240.0,901.0,9563,0,0,1,Pedestrian
18,1168.0,856.0,1240.0,901.0,9564,0,0,1,Pedestrian
18,1168.0,856.0,1240.0,901.0,9565,0,0,1,Pedestrian
18,1171.0,853.0,1243.0,899.0,9566,0,0,1,Pedestrian
18,1171.0,853.0,1243.0,899.0,9567,0,0,1,Pedestrian
18,1171.0,851.0,1243.0,897.0,9568,0,0,1,Pedestrian
18,1174.0,851.0,1245.0,897.0,9569,0,0,1,Pedestrian
18,1174.0,849.0,1245.0,894.0,9570,0,0,1,Pedestrian
18,1174.0,849.0,1245.0,894.0,9571,0,0,1,Pedestrian
18,1177.0,847.0,1248.0,892.0,9572,0,0,1,Pedestrian
18,1177.0,847.0,1248.0,892.0,9573,0,0,1,Pedestrian
18,1177.0,844.0,1248.0,890.0,9574,0,0,1,Pedestrian
18,1179.0,844.0,1251.0,890.0,9575,0,0,1,Pedestrian
18,1179.0,842.0,1251.0,888.0,9576,0,0,1,Pedestrian
18,1179.0,842.0,1251.0,888.0,9577,0,0,1,Pedestrian
18,1182.0,842.0,1254.0,888.0,9578,0,0,1,Pedestrian
18,1182.0,840.0,1254.0,885.0,9579,0,0,1,Pedestrian
18,1182.0,840.0,1254.0,885.0,9580,0,0,1,Pedestrian
18,1185.0,837.0,1256.0,883.0,9581,0,0,1,Pedestrian
18,1185.0,837.0,1256.0,883.0,9582,0,0,1,Pedestrian
18,1185.0,835.0,1256.0,881.0,9583,0,0,1,Pedestrian
18,1188.0,835.0,1259.0,881.0,9584,0,0,1,Pedestrian
18,1188.0,833.0,1259.0,878.0,9585,0,0,1,Pedestrian
18,1188.0,833.0,1259.0,878.0,9586,0,0,1,Pedestrian
18,1190.0,831.0,1262.0,876.0,9587,0,0,1,Pedestrian
18,1190.0,831.0,1262.0,876.0,9588,0,0,1,Pedestrian
18,1190.0,828.0,1262.0,874.0,9589,0,0,1,Pedestrian
18,1193.0,828.0,1265.0,874.0,9590,0,0,1,Pedestrian
18,1193.0,828.0,1265.0,874.0,9591,0,0,1,Pedestrian
18,1193.0,826.0,1265.0,872.0,9592,0,0,1,Pedestrian
18,1193.0,826.0,1265.0,872.0,9593,0,0,1,Pedestrian
18,1196.0,824.0,1267.0,869.0,9594,0,0,1,Pedestrian
18,1196.0,824.0,1267.0,869.0,9595,0,0,1,Pedestrian
18,1196.0,822.0,1267.0,867.0,9596,0,0,1,Pedestrian
18,1199.0,822.0,1270.0,867.0,9597,0,0,1,Pedestrian
18,1199.0,819.0,1270.0,865.0,9598,0,0,1,Pedestrian
18,1199.0,819.0,1270.0,865.0,9599,0,0,1,Pedestrian
18,1201.0,817.0,1273.0,863.0,9600,0,0,1,Pedestrian
18,1201.0,817.0,1273.0,863.0,9601,0,0,1,Pedestrian
18,1201.0,815.0,1273.0,860.0,9602,0,0,1,Pedestrian
18,1204.0,815.0,1276.0,860.0,9603,0,0,1,Pedestrian
18,1204.0,815.0,1276.0,860.0,9604,0,0,1,Pedestrian
18,1204.0,812.0,1276.0,858.0,9605,0,0,1,Pedestrian
18,1207.0,812.0,1278.0,858.0,9606,0,0,1,Pedestrian
18,1207.0,810.0,1278.0,856.0,9607,0,0,1,Pedestrian
18,1207.0,810.0,1278.0,856.0,9608,0,0,1,Pedestrian
18,1210.0,808.0,1281.0,853.0,9609,0,0,1,Pedestrian
18,1210.0,808.0,1281.0,853.0,9610,0,0,1,Pedestrian
18,1210.0,806.0,1281.0,851.0,9611,0,0,1,Pedestrian
18,1212.0,806.0,1284.0,851.0,9612,0,0,1,Pedestrian
18,1212.0,803.0,1284.0,849.0,9613,0,0,1,Pedestrian
18,1212.0,803.0,1284.0,849.0,9614,0,0,1,Pedestrian
18,1215.0,801.0,1287.0,847.0,9615,0,0,1,Pedestrian
18,1215.0,801.0,1287.0,847.0,9616,0,0,1,Pedestrian
18,1215.0,801.0,1287.0,847.0,9617,0,0,1,Pedestrian
18,1218.0,799.0,1289.0,844.0,9618,0,0,1,Pedestrian
18,1218.0,799.0,1289.0,844.0,9619,0,0,1,Pedestrian
18,1218.0,796.0,1289.0,842.0,9620,0,0,1,Pedestrian
18,1221.0,796.0,1292.0,842.0,9621,0,0,1,Pedestrian
18,1221.0,794.0,1292.0,840.0,9622,0,0,1,Pedestrian
18,1221.0,794.0,1292.0,840.0,9623,0,0,1,Pedestrian
18,1223.0,792.0,1295.0,837.0,9624,0,0,1,Pedestrian
18,1223.0,792.0,1295.0,837.0,9625,0,0,1,Pedestrian
18,1223.0,790.0,1295.0,835.0,9626,0,0,1,Pedestrian
18,1226.0,790.0,1298.0,835.0,9627,0,0,1,Pedestrian
18,1226.0,787.0,1298.0,833.0,9628,0,0,1,Pedestrian
18,1226.0,787.0,1298.0,833.0,9629,0,0,1,Pedestrian
18,1229.0,787.0,1300.0,833.0,9630,0,0,0,Pedestrian
18,1226.0,785.0,1298.0,831.0,9631,0,0,1,Pedestrian
18,1226.0,783.0,1298.0,828.0,9632,0,0,1,Pedestrian
18,1226.0,781.0,1298.0,826.0,9633,0,0,1,Pedestrian
18,1226.0,778.0,1298.0,824.0,9634,0,0,1,Pedestrian
18,1226.0,778.0,1298.0,824.0,9635,0,0,1,Pedestrian
18,1226.0,776.0,1298.0,822.0,9636,0,0,1,Pedestrian
18,1223.0,774.0,1295.0,819.0,9637,0,0,1,Pedestrian
18,1223.0,771.0,1295.0,817.0,9638,0,0,1,Pedestrian
18,1223.0,769.0,1295.0,815.0,9639,0,0,1,Pedestrian
18,1223.0,769.0,1295.0,815.0,9640,0,0,1,Pedestrian
18,1223.0,767.0,1295.0,812.0,9641,0,0,1,Pedestrian
18,1223.0,765.0,1295.0,810.0,9642,0,0,1,Pedestrian
18,1221.0,762.0,1292.0,808.0,9643,0,0,1,Pedestrian
18,1221.0,760.0,1292.0,806.0,9644,0,0,1,Pedestrian
18,1221.0,760.0,1292.0,806.0,9645,0,0,1,Pedestrian
18,1221.0,758.0,1292.0,803.0,9646,0,0,1,Pedestrian
18,1221.0,755.0,1292.0,801.0,9647,0,0,1,Pedestrian
18,1221.0,753.0,1292.0,799.0,9648,0,0,1,Pedestrian
18,1218.0,751.0,1289.0,796.0,9649,0,0,1,Pedestrian
18,1218.0,751.0,1289.0,796.0,9650,0,0,1,Pedestrian
18,1218.0,749.0,1289.0,794.0,9651,0,0,1,Pedestrian
18,1218.0,746.0,1289.0,792.0,9652,0,0,1,Pedestrian
18,1218.0,744.0,1289.0,790.0,9653,0,0,1,Pedestrian
18,1218.0,742.0,1289.0,787.0,9654,0,0,1,Pedestrian
18,1215.0,742.0,1287.0,787.0,9655,0,0,1,Pedestrian
18,1215.0,740.0,1287.0,785.0,9656,0,0,1,Pedestrian
18,1215.0,737.0,1287.0,783.0,9657,0,0,1,Pedestrian
18,1215.0,735.0,1287.0,781.0,9658,0,0,1,Pedestrian
18,1215.0,733.0,1287.0,778.0,9659,0,0,1,Pedestrian
18,1215.0,733.0,1287.0,778.0,9660,0,0,1,Pedestrian
18,1212.0,730.0,1284.0,776.0,9661,0,0,1,Pedestrian
18,1212.0,728.0,1284.0,774.0,9662,0,0,1,Pedestrian
18,1212.0,726.0,1284.0,771.0,9663,0,0,1,Pedestrian
18,1212.0,724.0,1284.0,769.0,9664,0,0,1,Pedestrian
18,1212.0,724.0,1284.0,769.0,9665,0,0,1,Pedestrian
18,1212.0,721.0,1284.0,767.0,9666,0,0,1,Pedestrian
18,1210.0,719.0,1281.0,765.0,9667,0,0,1,Pedestrian
18,1210.0,717.0,1281.0,762.0,9668,0,0,1,Pedestrian
18,1210.0,715.0,1281.0,760.0,9669,0,0,1,Pedestrian
18,1210.0,715.0,1281.0,760.0,9670,0,0,1,Pedestrian
18,1210.0,712.0,1281.0,758.0,9671,0,0,1,Pedestrian
18,1210.0,710.0,1281.0,755.0,9672,0,0,1,Pedestrian
18,1207.0,708.0,1278.0,753.0,9673,0,0,1,Pedestrian
18,1207.0,705.0,1278.0,751.0,9674,0,0,1,Pedestrian
18,1207.0,705.0,1278.0,751.0,9675,0,0,1,Pedestrian
18,1207.0,703.0,1278.0,749.0,9676,0,0,1,Pedestrian
18,1207.0,701.0,1278.0,746.0,9677,0,0,1,Pedestrian
18,1207.0,699.0,1278.0,744.0,9678,0,0,1,Pedestrian
18,1204.0,696.0,1276.0,742.0,9679,0,0,1,Pedestrian
18,1204.0,696.0,1276.0,742.0,9680,0,0,1,Pedestrian
18,1204.0,694.0,1276.0,740.0,9681,0,0,1,Pedestrian
18,1204.0,692.0,1276.0,737.0,9682,0,0,1,Pedestrian
18,1204.0,689.0,1276.0,735.0,9683,0,0,1,Pedestrian
18,1204.0,687.0,1276.0,733.0,9684,0,0,1,Pedestrian
18,1201.0,687.0,1273.0,733.0,9685,0,0,1,Pedestrian
18,1201.0,685.0,1273.0,730.0,9686,0,0,1,Pedestrian
18,1201.0,683.0,1273.0,728.0,9687,0,0,1,Pedestrian
18,1201.0,680.0,1273.0,726.0,9688,0,0,1,Pedestrian
18,1201.0,678.0,1273.0,724.0,9689,0,0,1,Pedestrian
18,1201.0,678.0,1273.0,724.0,9690,0,0,0,Pedestrian
18,1199.0,676.0,1270.0,721.0,9691,0,0,1,Pedestrian
18,1199.0,674.0,1270.0,719.0,9692,0,0,1,Pedestrian
18,1199.0,674.0,1270.0,719.0,9693,0,0,1,Pedestrian
18,1196.0,671.0,1267.0,717.0,9694,0,0,1,Pedestrian
18,1196.0,671.0,1267.0,717.0,9695,0,0,1,Pedestrian
18,1196.0,669.0,1267.0,715.0,9696,0,0,1,Pedestrian
18,1193.0,669.0,1265.0,715.0,9697,0,0,1,Pedestrian
18,1193.0,667.0,1265.0,712.0,9698,0,0,1,Pedestrian
18,1193.0,667.0,1265.0,712.0,9699,0,0,1,Pedestrian
18,1193.0,664.0,1265.0,710.0,9700,0,0,1,Pedestrian
18,1190.0,664.0,1262.0,710.0,9701,0,0,1,Pedestrian
18,1190.0,662.0,1262.0,708.0,9702,0,0,1,Pedestrian
18,1190.0,662.0,1262.0,708.0,9703,0,0,1,Pedestrian
18,1188.0,660.0,1259.0,705.0,9704,0,0,1,Pedestrian
18,1188.0,660.0,1259.0,705.0,9705,0,0,1,Pedestrian
18,1188.0,658.0,1259.0,703.0,9706,0,0,1,Pedestrian
18,1185.0,658.0,1256.0,703.0,9707,0,0,1,Pedestrian
18,1185.0,655.0,1256.0,701.0,9708,0,0,1,Pedestrian
18,1185.0,655.0,1256.0,701.0,9709,0,0,1,Pedestrian
18,1185.0,653.0,1256.0,699.0,9710,0,0,1,Pedestrian
18,1182.0,653.0,1254.0,699.0,9711,0,0,1,Pedestrian
18,1182.0,651.0,1254.0,696.0,9712,0,0,1,Pedestrian
18,1182.0,651.0,1254.0,696.0,9713,0,0,1,Pedestrian
18,1179.0,648.0,1251.0,694.0,9714,0,0,1,Pedestrian
18,1179.0,648.0,1251.0,694.0,9715,0,0,1,Pedestrian
18,1179.0,646.0,1251.0,692.0,9716,0,0,1,Pedestrian
18,1177.0,646.0,1248.0,692.0,9717,0,0,1,Pedestrian
18,1177.0,644.0,1248.0,689.0,9718,0,0,1,Pedestrian
18,1177.0,644.0,1248.0,689.0,9719,0,0,1,Pedestrian
18,1177.0,642.0,1248.0,687.0,9720,0,0,1,Pedestrian
18,1174.0,642.0,1245.0,687.0,9721,0,0,1,Pedestrian
18,1174.0,639.0,1245.0,685.0,9722,0,0,1,Pedestrian
18,1174.0,639.0,1245.0,685.0,9723,0,0,1,Pedestrian
18,1171.0,637.0,1243.0,683.0,9724,0,0,1,Pedestrian
18,1171.0,637.0,1243.0,683.0,9725,0,0,1,Pedestrian
18,1171.0,635.0,1243.0,680.0,9726,0,0,1,Pedestrian
18,1168.0,635.0,1240.0,680.0,9727,0,0,1,Pedestrian
18,1168.0,633.0,1240.0,678.0,9728,0,0,1,Pedestrian
18,1168.0,633.0,1240.0,678.0,9729,0,0,1,Pedestrian
18,1168.0,630.0,1240.0,676.0,9730,0,0,1,Pedestrian
18,1166.0,630.0,1237.0,676.0,9731,0,0,1,Pedestrian
18,1166.0,628.0,1237.0,674.0,9732,0,0,1,Pedestrian
18,1166.0,628.0,1237.0,674.0,9733,0,0,1,Pedestrian
18,1163.0,626.0,1234.0,671.0,9734,0,0,1,Pedestrian
18,1163.0,626.0,1234.0,671.0,9735,0,0,1,Pedestrian
18,1163.0,623.0,1234.0,669.0,9736,0,0,1,Pedestrian
18,1160.0,623.0,1232.0,669.0,9737,0,0,1,Pedestrian
18,1160.0,621.0,1232.0,667.0,9738,0,0,1,Pedestrian
18,1160.0,621.0,1232.0,667.0,9739,0,0,1,Pedestrian
18,1160.0,619.0,1232.0,664.0,9740,0,0,1,Pedestrian
18,1157.0,619.0,1229.0,664.0,9741,0,0,1,Pedestrian
18,1157.0,617.0,1229.0,662.0,9742,0,0,1,Pedestrian
18,1157.0,617.0,1229.0,662.0,9743,0,0,1,Pedestrian
18,1155.0,614.0,1226.0,660.0,9744,0,0,1,Pedestrian
18,1155.0,614.0,1226.0,660.0,9745,0,0,1,Pedestrian
18,1155.0,612.0,1226.0,658.0,9746,0,0,1,Pedestrian
18,1152.0,610.0,1223.0,655.0,9747,0,0,1,Pedestrian
18,1152.0,610.0,1223.0,655.0,9748,0,0,1,Pedestrian
18,1152.0,607.0,1223.0,653.0,9749,0,0,1,Pedestrian
18,1152.0,607.0,1223.0,653.0,9750,0,0,1,Pedestrian
18,1149.0,605.0,1221.0,651.0,9751,0,0,1,Pedestrian
18,1149.0,605.0,1221.0,651.0,9752,0,0,1,Pedestrian
18,1149.0,603.0,1221.0,648.0,9753,0,0,1,Pedestrian
18,1146.0,603.0,1218.0,648.0,9754,0,0,1,Pedestrian
18,1146.0,601.0,1218.0,646.0,9755,0,0,1,Pedestrian
18,1146.0,601.0,1218.0,646.0,9756,0,0,1,Pedestrian
18,1144.0,598.0,1215.0,644.0,9757,0,0,1,Pedestrian
18,1144.0,598.0,1215.0,644.0,9758,0,0,1,Pedestrian
18,1144.0,596.0,1215.0,642.0,9759,0,0,1,Pedestrian
18,1144.0,596.0,1215.0,642.0,9760,0,0,1,Pedestrian
18,1141.0,594.0,1212.0,639.0,9761,0,0,1,Pedestrian
18,1141.0,594.0,1212.0,639.0,9762,0,0,1,Pedestrian
18,1141.0,592.0,1212.0,637.0,9763,0,0,1,Pedestrian
18,1138.0,592.0,1210.0,637.0,9764,0,0,1,Pedestrian
18,1138.0,589.0,1210.0,635.0,9765,0,0,1,Pedestrian
18,1138.0,589.0,1210.0,635.0,9766,0,0,1,Pedestrian
18,1135.0,587.0,1207.0,633.0,9767,0,0,1,Pedestrian
18,1135.0,587.0,1207.0,633.0,9768,0,0,1,Pedestrian
18,1135.0,585.0,1207.0,630.0,9769,0,0,1,Pedestrian
18,1135.0,585.0,1207.0,630.0,9770,0,0,1,Pedestrian
18,1133.0,582.0,1204.0,628.0,9771,0,0,1,Pedestrian
18,1133.0,582.0,1204.0,628.0,9772,0,0,1,Pedestrian
18,1133.0,580.0,1204.0,626.0,9773,0,0,1,Pedestrian
18,1130.0,580.0,1201.0,626.0,9774,0,0,1,Pedestrian
18,1130.0,578.0,1201.0,623.0,9775,0,0,1,Pedestrian
18,1130.0,578.0,1201.0,623.0,9776,0,0,1,Pedestrian
18,1127.0,576.0,1199.0,621.0,9777,0,0,1,Pedestrian
18,1127.0,576.0,1199.0,621.0,9778,0,0,1,Pedestrian
18,1127.0,573.0,1199.0,619.0,9779,0,0,1,Pedestrian
18,1127.0,573.0,1199.0,619.0,9780,0,0,1,Pedestrian
18,1124.0,571.0,1196.0,617.0,9781,0,0,1,Pedestrian
18,1124.0,571.0,1196.0,617.0,9782,0,0,1,Pedestrian
18,1124.0,569.0,1196.0,614.0,9783,0,0,1,Pedestrian
18,1122.0,569.0,1193.0,614.0,9784,0,0,1,Pedestrian
18,1122.0,566.0,1193.0,612.0,9785,0,0,1,Pedestrian
18,1122.0,566.0,1193.0,612.0,9786,0,0,1,Pedestrian
18,1119.0,564.0,1190.0,610.0,9787,0,0,1,Pedestrian
18,1119.0,564.0,1190.0,610.0,9788,0,0,1,Pedestrian
18,1119.0,562.0,1190.0,607.0,9789,0,0,1,Pedestrian
18,1119.0,562.0,1190.0,607.0,9790,0,0,1,Pedestrian
18,1116.0,560.0,1188.0,605.0,9791,0,0,1,Pedestrian
18,1116.0,560.0,1188.0,605.0,9792,0,0,1,Pedestrian
18,1116.0,557.0,1188.0,603.0,9793,0,0,1,Pedestrian
18,1113.0,557.0,1185.0,603.0,9794,0,0,1,Pedestrian
18,1113.0,555.0,1185.0,601.0,9795,0,0,1,Pedestrian
18,1113.0,555.0,1185.0,601.0,9796,0,0,1,Pedestrian
18,1111.0,553.0,1182.0,598.0,9797,0,0,1,Pedestrian
18,1111.0,553.0,1182.0,598.0,9798,0,0,1,Pedestrian
18,1111.0,551.0,1182.0,596.0,9799,0,0,1,Pedestrian
18,1111.0,551.0,1182.0,596.0,9800,0,0,0,Pedestrian
18,1108.0,548.0,1179.0,594.0,9801,0,0,1,Pedestrian
18,1108.0,546.0,1179.0,592.0,9802,0,0,1,Pedestrian
18,1108.0,546.0,1179.0,592.0,9803,0,0,1,Pedestrian
18,1105.0,544.0,1177.0,589.0,9804,0,0,1,Pedestrian
18,1105.0,544.0,1177.0,589.0,9805,0,0,1,Pedestrian
18,1105.0,541.0,1177.0,587.0,9806,0,0,1,Pedestrian
18,1105.0,539.0,1177.0,585.0,9807,0,0,1,Pedestrian
18,1102.0,539.0,1174.0,585.0,9808,0,0,1,Pedestrian
18,1102.0,537.0,1174.0,582.0,9809,0,0,1,Pedestrian
18,1102.0,537.0,1174.0,582.0,9810,0,0,1,Pedestrian
18,1102.0,535.0,1174.0,580.0,9811,0,0,1,Pedestrian
18,1100.0,532.0,1171.0,578.0,9812,0,0,1,Pedestrian
18,1100.0,532.0,1171.0,578.0,9813,0,0,1,Pedestrian
18,1100.0,530.0,1171.0,576.0,9814,0,0,1,Pedestrian
18,1100.0,530.0,1171.0,576.0,9815,0,0,1,Pedestrian
18,1097.0,528.0,1168.0,573.0,9816,0,0,1,Pedestrian
18,1097.0,526.0,1168.0,571.0,9817,0,0,1,Pedestrian
18,1097.0,526.0,1168.0,571.0,9818,0,0,1,Pedestrian
18,1094.0,523.0,1166.0,569.0,9819,0,0,1,Pedestrian
18,1094.0,523.0,1166.0,569.0,9820,0,0,1,Pedestrian
18,1094.0,521.0,1166.0,566.0,9821,0,0,1,Pedestrian
18,1094.0,519.0,1166.0,564.0,9822,0,0,1,Pedestrian
18,1091.0,519.0,1163.0,564.0,9823,0,0,1,Pedestrian
18,1091.0,516.0,1163.0,562.0,9824,0,0,1,Pedestrian
18,1091.0,516.0,1163.0,562.0,9825,0,0,1,Pedestrian
18,1091.0,514.0,1163.0,560.0,9826,0,0,1,Pedestrian
18,1089.0,512.0,1160.0,557.0,9827,0,0,1,Pedestrian
18,1089.0,512.0,1160.0,557.0,9828,0,0,1,Pedestrian
18,1089.0,510.0,1160.0,555.0,9829,0,0,1,Pedestrian
18,1089.0,510.0,1160.0,555.0,9830,0,0,1,Pedestrian
18,1086.0,507.0,1157.0,553.0,9831,0,0,1,Pedestrian
18,1086.0,505.0,1157.0,551.0,9832,0,0,1,Pedestrian
18,1086.0,505.0,1157.0,551.0,9833,0,0,1,Pedestrian
18,1083.0,503.0,1155.0,548.0,9834,0,0,1,Pedestrian
18,1083.0,503.0,1155.0,548.0,9835,0,0,1,Pedestrian
18,1083.0,500.0,1155.0,546.0,9836,0,0,1,Pedestrian
18,1083.0,498.0,1155.0,544.0,9837,0,0,1,Pedestrian
18,1080.0,498.0,1152.0,544.0,9838,0,0,1,Pedestrian
18,1080.0,496.0,1152.0,541.0,9839,0,0,1,Pedestrian
18,1080.0,496.0,1152.0,541.0,9840,0,0,1,Pedestrian
18,1080.0,494.0,1152.0,539.0,9841,0,0,1,Pedestrian
18,1078.0,491.0,1149.0,537.0,9842,0,0,1,Pedestrian
18,1078.0,491.0,1149.0,537.0,9843,0,0,1,Pedestrian
18,1078.0,489.0,1149.0,535.0,9844,0,0,1,Pedestrian
18,1078.0,489.0,1149.0,535.0,9845,0,0,1,Pedestrian
18,1075.0,487.0,1146.0,532.0,9846,0,0,1,Pedestrian
18,1075.0,485.0,1146.0,530.0,9847,0,0,1,Pedestrian
18,1075.0,485.0,1146.0,530.0,9848,0,0,1,Pedestrian
18,1072.0,482.0,1144.0,528.0,9849,0,0,1,Pedestrian
18,1072.0,482.0,1144.0,528.0,9850,0,0,1,Pedestrian
18,1072.0,480.0,1144.0,526.0,9851,0,0,1,Pedestrian
18,1072.0,478.0,1144.0,523.0,9852,0,0,1,Pedestrian
18,1069.0,478.0,1141.0,523.0,9853,0,0,1,Pedestrian
18,1069.0,475.0,1141.0,521.0,9854,0,0,1,Pedestrian
18,1069.0,475.0,1141.0,521.0,9855,0,0,1,Pedestrian
18,1069.0,473.0,1141.0,519.0,9856,0,0,1,Pedestrian
18,1067.0,471.0,1138.0,516.0,9857,0,0,1,Pedestrian
18,1067.0,471.0,1138.0,516.0,9858,0,0,1,Pedestrian
18,1067.0,469.0,1138.0,514.0,9859,0,0,1,Pedestrian
18,1067.0,469.0,1138.0,514.0,9860,0,0,1,Pedestrian
18,1064.0,466.0,1135.0,512.0,9861,0,0,1,Pedestrian
18,1064.0,464.0,1135.0,510.0,9862,0,0,1,Pedestrian
18,1064.0,464.0,1135.0,510.0,9863,0,0,1,Pedestrian
18,1061.0,462.0,1133.0,507.0,9864,0,0,1,Pedestrian
18,1061.0,462.0,1133.0,507.0,9865,0,0,1,Pedestrian
18,1061.0,459.0,1133.0,505.0,9866,0,0,1,Pedestrian
18,1061.0,457.0,1133.0,503.0,9867,0,0,1,Pedestrian
18,1058.0,457.0,1130.0,503.0,9868,0,0,1,Pedestrian
18,1058.0,455.0,1130.0,500.0,9869,0,0,1,Pedestrian
18,1058.0,455.0,1130.0,500.0,9870,0,0,1,Pedestrian
18,1058.0,453.0,1130.0,498.0,9871,0,0,1,Pedestrian
18,1056.0,450.0,1127.0,496.0,9872,0,0,1,Pedestrian
18,1056.0,450.0,1127.0,496.0,9873,0,0,1,Pedestrian
18,1056.0,448.0,1127.0,494.0,9874,0,0,1,Pedestrian
18,1056.0,448.0,1127.0,494.0,9875,0,0,1,Pedestrian
18,1053.0,446.0,1124.0,491.0,9876,0,0,1,Pedestrian
18,1053.0,444.0,1124.0,489.0,9877,0,0,1,Pedestrian
18,1053.0,444.0,1124.0,489.0,9878,0,0,1,Pedestrian
18,1050.0,441.0,1122.0,487.0,9879,0,0,1,Pedestrian
18,1050.0,441.0,1122.0,487.0,9880,0,0,1,Pedestrian
18,1050.0,439.0,1122.0,485.0,9881,0,0,1,Pedestrian
18,1050.0,437.0,1122.0,482.0,9882,0,0,1,Pedestrian
18,1047.0,437.0,1119.0,482.0,9883,0,0,1,Pedestrian
18,1047.0,434.0,1119.0,480.0,9884,0,0,1,Pedestrian
18,1047.0,434.0,1119.0,480.0,9885,0,0,1,Pedestrian
18,1047.0,432.0,1119.0,478.0,9886,0,0,1,Pedestrian
18,1045.0,430.0,1116.0,475.0,9887,0,0,1,Pedestrian
18,1045.0,430.0,1116.0,475.0,9888,0,0,1,Pedestrian
18,1045.0,428.0,1116.0,473.0,9889,0,0,1,Pedestrian
18,1045.0,428.0,1116.0,473.0,9890,0,0,1,Pedestrian
18,1042.0,425.0,1113.0,471.0,9891,0,0,1,Pedestrian
18,1042.0,423.0,1113.0,469.0,9892,0,0,1,Pedestrian
18,1042.0,423.0,1113.0,469.0,9893,0,0,1,Pedestrian
18,1039.0,421.0,1111.0,466.0,9894,0,0,1,Pedestrian
18,1039.0,421.0,1111.0,466.0,9895,0,0,1,Pedestrian
18,1039.0,418.0,1111.0,464.0,9896,0,0,1,Pedestrian
18,1039.0,416.0,1111.0,462.0,9897,0,0,1,Pedestrian
18,1036.0,416.0,1108.0,462.0,9898,0,0,1,Pedestrian
18,1036.0,414.0,1108.0,459.0,9899,0,0,1,Pedestrian
18,1036.0,414.0,1108.0,459.0,9900,0,0,1,Pedestrian
18,1036.0,412.0,1108.0,457.0,9901,0,0,1,Pedestrian
18,1034.0,409.0,1105.0,455.0,9902,0,0,1,Pedestrian
18,1034.0,409.0,1105.0,455.0,9903,0,0,1,Pedestrian
18,1034.0,407.0,1105.0,453.0,9904,0,0,1,Pedestrian
18,1034.0,407.0,1105.0,453.0,9905,0,0,1,Pedestrian
18,1031.0,405.0,1102.0,450.0,9906,0,0,1,Pedestrian
18,1031.0,403.0,1102.0,448.0,9907,0,0,1,Pedestrian
18,1031.0,403.0,1102.0,448.0,9908,0,0,1,Pedestrian
18,1028.0,400.0,1100.0,446.0,9909,0,0,1,Pedestrian
18,1028.0,400.0,1100.0,446.0,9910,0,0,1,Pedestrian
18,1028.0,398.0,1100.0,444.0,9911,0,0,1,Pedestrian
18,1028.0,396.0,1100.0,441.0,9912,0,0,1,Pedestrian
18,1025.0,396.0,1097.0,441.0,9913,0,0,1,Pedestrian
18,1025.0,393.0,1097.0,439.0,9914,0,0,1,Pedestrian
18,1025.0,393.0,1097.0,439.0,9915,0,0,1,Pedestrian
18,1025.0,391.0,1097.0,437.0,9916,0,0,1,Pedestrian
18,1023.0,389.0,1094.0,434.0,9917,0,0,1,Pedestrian
18,1023.0,389.0,1094.0,434.0,9918,0,0,1,Pedestrian
18,1023.0,387.0,1094.0,432.0,9919,0,0,1,Pedestrian
18,1023.0,387.0,1094.0,432.0,9920,0,0,0,Pedestrian
18,1020.0,384.0,1091.0,430.0,9921,0,0,1,Pedestrian
18,1020.0,382.0,1091.0,428.0,9922,0,0,1,Pedestrian
18,1020.0,382.0,1091.0,428.0,9923,0,0,1,Pedestrian
18,1020.0,380.0,1091.0,425.0,9924,0,0,1,Pedestrian
18,1017.0,377.0,1089.0,423.0,9925,0,0,1,Pedestrian
18,1017.0,377.0,1089.0,423.0,9926,0,0,1,Pedestrian
18,1017.0,375.0,1089.0,421.0,9927,0,0,1,Pedestrian
18,1017.0,375.0,1089.0,421.0,9928,0,0,1,Pedestrian
18,1014.0,373.0,1086.0,418.0,9929,0,0,1,Pedestrian
18,1014.0,371.0,1086.0,416.0,9930,0,0,1,Pedestrian
18,1014.0,371.0,1086.0,416.0,9931,0,0,1,Pedestrian
18,1014.0,368.0,1086.0,414.0,9932,0,0,1,Pedestrian
18,1012.0,366.0,1083.0,412.0,9933,0,0,1,Pedestrian
18,1012.0,366.0,1083.0,412.0,9934,0,0,1,Pedestrian
18,1012.0,364.0,1083.0,409.0,9935,0,0,1,Pedestrian
18,1012.0,364.0,1083.0,409.0,9936,0,0,1,Pedestrian
18,1009.0,362.0,1080.0,407.0,9937,0,0,1,Pedestrian
18,1009.0,359.0,1080.0,405.0,9938,0,0,1,Pedestrian
18,1009.0,359.0,1080.0,405.0,9939,0,0,1,Pedestrian
18,1009.0,357.0,1080.0,403.0,9940,0,0,1,Pedestrian
18,1009.0,355.0,1080.0,400.0,9941,0,0,1,Pedestrian
18,1006.0,355.0,1078.0,400.0,9942,0,0,1,Pedestrian
18,1006.0,352.0,1078.0,398.0,9943,0,0,1,Pedestrian
18,1006.0,352.0,1078.0,398.0,9944,0,0,1,Pedestrian
18,1006.0,350.0,1078.0,396.0,9945,0,0,1,Pedestrian
18,1003.0,348.0,1075.0,393.0,9946,0,0,1,Pedestrian
18,1003.0,348.0,1075.0,393.0,9947,0,0,1,Pedestrian
18,1003.0,346.0,1075.0,391.0,9948,0,0,1,Pedestrian
18,1003.0,343.0,1075.0,389.0,9949,0,0,1,Pedestrian
18,1001.0,343.0,1072.0,389.0,9950,0,0,1,Pedestrian
18,1001.0,341.0,1072.0,387.0,9951,0,0,1,Pedestrian
18,1001.0,341.0,1072.0,387.0,9952,0,0,1,Pedestrian
18,1001.0,339.0,1072.0,384.0,9953,0,0,1,Pedestrian
18,998.0,337.0,1069.0,382.0,9954,0,0,1,Pedestrian
18,998.0,337.0,1069.0,382.0,9955,0,0,1,Pedestrian
18,998.0,334.0,1069.0,380.0,9956,0,0,1,Pedestrian
18,998.0,332.0,1069.0,377.0,9957,0,0,1,Pedestrian
18,995.0,332.0,1067.0,377.0,9958,0,0,1,Pedestrian
18,995.0,330.0,1067.0,375.0,9959,0,0,1,Pedestrian
18,995.0,330.0,1067.0,375.0,9960,0,0,1,Pedestrian
18,995.0,327.0,1067.0,373.0,9961,0,0,1,Pedestrian
18,995.0,325.0,1067.0,371.0,9962,0,0,1,Pedestrian
18,992.0,325.0,1064.0,371.0,9963,0,0,1,Pedestrian
18,992.0,323.0,1064.0,368.0,9964,0,0,1,Pedestrian
18,992.0,321.0,1064.0,366.0,9965,0,0,1,Pedestrian
18,992.0,321.0,1064.0,366.0,9966,0,0,1,Pedestrian
18,990.0,318.0,1061.0,364.0,9967,0,0,1,Pedestrian
18,990.0,318.0,1061.0,364.0,9968,0,0,1,Pedestrian
18,990.0,316.0,1061.0,362.0,9969,0,0,1,Pedestrian
18,990.0,314.0,1061.0,359.0,9970,0,0,1,Pedestrian
18,987.0,314.0,1058.0,359.0,9971,0,0,1,Pedestrian
18,987.0,311.0,1058.0,357.0,9972,0,0,1,Pedestrian
18,987.0,309.0,1058.0,355.0,9973,0,0,1,Pedestrian
18,987.0,309.0,1058.0,355.0,9974,0,0,1,Pedestrian
18,984.0,307.0,1056.0,352.0,9975,0,0,1,Pedestrian
18,984.0,307.0,1056.0,352.0,9976,0,0,1,Pedestrian
18,984.0,305.0,1056.0,350.0,9977,0,0,1,Pedestrian
18,984.0,302.0,1056.0,348.0,9978,0,0,1,Pedestrian
18,981.0,302.0,1053.0,348.0,9979,0,0,1,Pedestrian
18,981.0,300.0,1053.0,346.0,9980,0,0,1,Pedestrian
18,981.0,298.0,1053.0,343.0,9981,0,0,1,Pedestrian
18,981.0,298.0,1053.0,343.0,9982,0,0,1,Pedestrian
18,981.0,296.0,1053.0,341.0,9983,0,0,1,Pedestrian
18,979.0,296.0,1050.0,341.0,9984,0,0,1,Pedestrian
18,979.0,293.0,1050.0,339.0,9985,0,0,1,Pedestrian
18,979.0,291.0,1050.0,337.0,9986,0,0,1,Pedestrian
18,979.0,291.0,1050.0,337.0,9987,0,0,1,Pedestrian
18,976.0,289.0,1047.0,334.0,9988,0,0,1,Pedestrian
18,976.0,286.0,1047.0,332.0,9989,0,0,1,Pedestrian
18,976.0,286.0,1047.0,332.0,9990,0,0,1,Pedestrian
18,976.0,284.0,1047.0,330.0,9991,0,0,1,Pedestrian
18,973.0,284.0,1045.0,330.0,9992,0,0,1,Pedestrian
18,973.0,282.0,1045.0,327.0,9993,0,0,1,Pedestrian
18,973.0,280.0,1045.0,325.0,9994,0,0,1,Pedestrian
18,973.0,280.0,1045.0,325.0,9995,0,0,1,Pedestrian
18,970.0,277.0,1042.0,323.0,9996,0,0,1,Pedestrian
18,970.0,275.0,1042.0,321.0,9997,0,0,1,Pedestrian
18,970.0,275.0,1042.0,321.0,9998,0,0,1,Pedestrian
18,970.0,273.0,1042.0,318.0,9999,0,0,1,Pedestrian
18,970.0,273.0,1042.0,318.0,10000,0,0,0,Pedestrian
18,968.0,270.0,1039.0,316.0,10001,0,0,1,Pedestrian
18,968.0,268.0,1039.0,314.0,10002,0,0,1,Pedestrian
18,968.0,266.0,1039.0,314.0,10003,0,0,1,Pedestrian
18,968.0,264.0,1039.0,311.0,10004,0,0,1,Pedestrian
18,968.0,264.0,1039.0,309.0,10005,0,0,1,Pedestrian
18,965.0,261.0,1036.0,309.0,10006,0,0,1,Pedestrian
18,965.0,259.0,1036.0,307.0,10007,0,0,1,Pedestrian
18,965.0,257.0,1036.0,307.0,10008,0,0,1,Pedestrian
18,965.0,255.0,1036.0,305.0,10009,0,0,1,Pedestrian
18,965.0,255.0,1036.0,302.0,10010,0,0,1,Pedestrian
18,965.0,252.0,1036.0,302.0,10011,0,0,1,Pedestrian
18,962.0,250.0,1034.0,300.0,10012,0,0,1,Pedestrian
18,962.0,248.0,1034.0,300.0,10013,0,0,1,Pedestrian
18,962.0,245.0,1034.0,298.0,10014,0,0,1,Pedestrian
18,962.0,245.0,1034.0,296.0,10015,0,0,1,Pedestrian
18,962.0,243.0,1034.0,296.0,10016,0,0,1,Pedestrian
18,962.0,241.0,1034.0,293.0,10017,0,0,1,Pedestrian
18,959.0,239.0,1031.0,293.0,10018,0,0,1,Pedestrian
18,959.0,236.0,1031.0,291.0,10019,0,0,1,Pedestrian
18,959.0,236.0,1031.0,289.0,10020,0,0,1,Pedestrian
18,959.0,234.0,1031.0,289.0,10021,0,0,1,Pedestrian
18,959.0,232.0,1031.0,286.0,10022,0,0,1,Pedestrian
18,959.0,229.0,1031.0,286.0,10023,0,0,1,Pedestrian
18,957.0,227.0,1028.0,284.0,10024,0,0,1,Pedestrian
18,957.0,227.0,1028.0,282.0,10025,0,0,1,Pedestrian
18,957.0,225.0,1028.0,282.0,10026,0,0,1,Pedestrian
18,957.0,223.0,1028.0,280.0,10027,0,0,1,Pedestrian
18,957.0,220.0,1028.0,280.0,10028,0,0,1,Pedestrian
18,957.0,220.0,1028.0,277.0,10029,0,0,1,Pedestrian
18,954.0,218.0,1025.0,275.0,10030,0,0,1,Pedestrian
18,954.0,216.0,1025.0,275.0,10031,0,0,1,Pedestrian
18,954.0,214.0,1025.0,273.0,10032,0,0,1,Pedestrian
18,954.0,211.0,1025.0,273.0,10033,0,0,1,Pedestrian
18,954.0,211.0,1025.0,270.0,10034,0,0,1,Pedestrian
18,951.0,209.0,1023.0,268.0,10035,0,0,1,Pedestrian
18,951.0,207.0,1023.0,268.0,10036,0,0,1,Pedestrian
18,951.0,204.0,1023.0,266.0,10037,0,0,1,Pedestrian
18,951.0,202.0,1023.0,266.0,10038,0,0,1,Pedestrian
18,951.0,202.0,1023.0,264.0,10039,0,0,1,Pedestrian
18,951.0,200.0,1023.0,261.0,10040,0,0,1,Pedestrian
18,948.0,198.0,1020.0,261.0,10041,0,0,1,Pedestrian
18,948.0,195.0,1020.0,259.0,10042,0,0,1,Pedestrian
18,948.0,193.0,1020.0,259.0,10043,0,0,1,Pedestrian
18,948.0,193.0,1020.0,257.0,10044,0,0,1,Pedestrian
18,948.0,191.0,1020.0,255.0,10045,0,0,1,Pedestrian
18,948.0,188.0,1020.0,255.0,10046,0,0,1,Pedestrian
18,946.0,186.0,1017.0,252.0,10047,0,0,1,Pedestrian
18,946.0,184.0,1017.0,252.0,10048,0,0,1,Pedestrian
18,946.0,184.0,1017.0,250.0,10049,0,0,1,Pedestrian
18,946.0,182.0,1017.0,248.0,10050,0,0,1,Pedestrian
18,946.0,179.0,1017.0,248.0,10051,0,0,1,Pedestrian
18,946.0,177.0,1017.0,245.0,10052,0,0,1,Pedestrian
18,943.0,175.0,1014.0,245.0,10053,0,0,1,Pedestrian
18,943.0,175.0,1014.0,243.0,10054,0,0,1,Pedestrian
18,943.0,173.0,1014.0,241.0,10055,0,0,1,Pedestrian
18,943.0,170.0,1014.0,241.0,10056,0,0,1,Pedestrian
18,943.0,168.0,1014.0,239.0,10057,0,0,1,Pedestrian
18,943.0,168.0,1014.0,239.0,10058,0,0,0,Pedestrian
18,940.0,166.0,1012.0,236.0,10059,0,0,1,Pedestrian
18,940.0,163.0,1012.0,234.0,10060,0,0,1,Pedestrian
18,940.0,163.0,1012.0,234.0,10061,0,0,1,Pedestrian
18,940.0,161.0,1012.0,232.0,10062,0,0,1,Pedestrian
18,940.0,159.0,1012.0,229.0,10063,0,0,1,Pedestrian
18,937.0,159.0,1009.0,229.0,10064,0,0,1,Pedestrian
18,937.0,157.0,1009.0,227.0,10065,0,0,1,Pedestrian
18,937.0,154.0,1009.0,225.0,10066,0,0,1,Pedestrian
18,937.0,154.0,1009.0,225.0,10067,0,0,1,Pedestrian
18,937.0,152.0,1009.0,223.0,10068,0,0,1,Pedestrian
18,935.0,150.0,1006.0,220.0,10069,0,0,1,Pedestrian
18,935.0,150.0,1006.0,220.0,10070,0,0,1,Pedestrian
18,935.0,148.0,1006.0,218.0,10071,0,0,1,Pedestrian
18,935.0,148.0,1006.0,218.0,10072,0,0,1,Pedestrian
18,935.0,145.0,1006.0,216.0,10073,0,0,1,Pedestrian
18,932.0,143.0,1003.0,214.0,10074,0,0,1,Pedestrian
18,932.0,143.0,1003.0,214.0,10075,0,0,1,Pedestrian
18,932.0,141.0,1003.0,211.0,10076,0,0,1,Pedestrian
18,932.0,138.0,1003.0,209.0,10077,0,0,1,Pedestrian
18,932.0,138.0,1003.0,209.0,10078,0,0,1,Pedestrian
18,929.0,136.0,1001.0,207.0,10079,0,0,1,Pedestrian
18,929.0,134.0,1001.0,204.0,10080,0,0,1,Pedestrian
18,929.0,134.0,1001.0,204.0,10081,0,0,1,Pedestrian
18,929.0,132.0,1001.0,202.0,10082,0,0,1,Pedestrian
18,929.0,129.0,1001.0,200.0,10083,0,0,1,Pedestrian
18,926.0,129.0,998.0,200.0,10084,0,0,1,Pedestrian
18,926.0,127.0,998.0,198.0,10085,0,0,1,Pedestrian
18,926.0,127.0,998.0,198.0,10086,0,0,1,Pedestrian
18,926.0,125.0,998.0,195.0,10087,0,0,1,Pedestrian
18,926.0,122.0,998.0,193.0,10088,0,0,1,Pedestrian
18,924.0,122.0,995.0,193.0,10089,0,0,1,Pedestrian
18,924.0,120.0,995.0,191.0,10090,0,0,1,Pedestrian
18,924.0,118.0,995.0,188.0,10091,0,0,1,Pedestrian
18,924.0,118.0,995.0,188.0,10092,0,0,1,Pedestrian
18,924.0,116.0,995.0,186.0,10093,0,0,1,Pedestrian
18,921.0,113.0,992.0,184.0,10094,0,0,1,Pedestrian
18,921.0,113.0,992.0,184.0,10095,0,0,1,Pedestrian
18,921.0,111.0,992.0,182.0,10096,0,0,1,Pedestrian
18,921.0,109.0,992.0,179.0,10097,0,0,1,Pedestrian
18,921.0,109.0,992.0,179.0,10098,0,0,1,Pedestrian
18,918.0,107.0,990.0,177.0,10099,0,0,1,Pedestrian
18,918.0,107.0,990.0,177.0,10100,0,0,1,Pedestrian
18,918.0,104.0,990.0,175.0,10101,0,0,1,Pedestrian
18,918.0,102.0,990.0,173.0,10102,0,0,1,Pedestrian
18,918.0,102.0,990.0,173.0,10103,0,0,1,Pedestrian
18,915.0,100.0,987.0,170.0,10104,0,0,1,Pedestrian
18,915.0,97.0,987.0,168.0,10105,0,0,1,Pedestrian
18,915.0,97.0,987.0,168.0,10106,0,0,1,Pedestrian
18,915.0,95.0,987.0,166.0,10107,0,0,1,Pedestrian
18,915.0,93.0,987.0,163.0,10108,0,0,1,Pedestrian
18,913.0,93.0,984.0,163.0,10109,0,0,1,Pedestrian
18,913.0,91.0,984.0,161.0,10110,0,0,1,Pedestrian
18,913.0,88.0,984.0,159.0,10111,0,0,1,Pedestrian
18,913.0,88.0,984.0,159.0,10112,0,0,1,Pedestrian
18,913.0,86.0,984.0,157.0,10113,0,0,1,Pedestrian
18,913.0,86.0,984.0,157.0,10114,0,0,0,Pedestrian
18,910.0,84.0,981.0,154.0,10115,0,0,1,Pedestrian
18,910.0,81.0,981.0,152.0,10116,0,0,1,Pedestrian
18,910.0,79.0,981.0,150.0,10117,0,0,1,Pedestrian
18,910.0,77.0,981.0,148.0,10118,0,0,1,Pedestrian
18,910.0,77.0,981.0,148.0,10119,0,0,1,Pedestrian
18,910.0,75.0,981.0,145.0,10120,0,0,1,Pedestrian
18,910.0,72.0,981.0,143.0,10121,0,0,1,Pedestrian
18,910.0,70.0,981.0,141.0,10122,0,0,1,Pedestrian
18,910.0,70.0,981.0,141.0,10123,0,0,1,Pedestrian
18,910.0,68.0,981.0,138.0,10124,0,0,1,Pedestrian
18,910.0,66.0,981.0,136.0,10125,0,0,1,Pedestrian
18,907.0,63.0,979.0,134.0,10126,0,0,1,Pedestrian
18,907.0,63.0,979.0,134.0,10127,0,0,1,Pedestrian
18,907.0,61.0,979.0,132.0,10128,0,0,1,Pedestrian
18,907.0,59.0,979.0,129.0,10129,0,0,1,Pedestrian
18,907.0,56.0,979.0,127.0,10130,0,0,1,Pedestrian
18,907.0,56.0,979.0,127.0,10131,0,0,1,Pedestrian
18,907.0,54.0,979.0,125.0,10132,0,0,1,Pedestrian
18,907.0,52.0,979.0,122.0,10133,0,0,1,Pedestrian
18,907.0,50.0,979.0,120.0,10134,0,0,1,Pedestrian
18,907.0,50.0,979.0,120.0,10135,0,0,1,Pedestrian
18,907.0,47.0,979.0,118.0,10136,0,0,1,Pedestrian
18,904.0,45.0,976.0,116.0,10137,0,0,1,Pedestrian
18,904.0,43.0,976.0,113.0,10138,0,0,1,Pedestrian
18,904.0,43.0,976.0,113.0,10139,0,0,1,Pedestrian
18,904.0,40.0,976.0,111.0,10140,0,0,1,Pedestrian
18,904.0,38.0,976.0,109.0,10141,0,0,1,Pedestrian
18,904.0,36.0,976.0,107.0,10142,0,0,1,Pedestrian
18,904.0,36.0,976.0,107.0,10143,0,0,1,Pedestrian
18,904.0,34.0,976.0,104.0,10144,0,0,1,Pedestrian
18,904.0,31.0,976.0,102.0,10145,0,0,1,Pedestrian
18,904.0,29.0,976.0,100.0,10146,0,0,1,Pedestrian
18,904.0,29.0,976.0,100.0,10147,0,0,0,Pedestrian
18,902.0,27.0,973.0,97.0,10148,0,0,1,Pedestrian
18,902.0,27.0,973.0,97.0,10149,0,0,1,Pedestrian
18,902.0,25.0,973.0,95.0,10150,0,0,1,Pedestrian
18,902.0,25.0,973.0,95.0,10151,0,0,1,Pedestrian
18,902.0,22.0,973.0,93.0,10152,0,0,1,Pedestrian
18,902.0,22.0,973.0,93.0,10153,0,0,1,Pedestrian
18,902.0,20.0,973.0,91.0,10154,0,0,1,Pedestrian
18,899.0,20.0,970.0,91.0,10155,0,0,1,Pedestrian
18,899.0,20.0,970.0,91.0,10156,0,0,1,Pedestrian
18,899.0,18.0,970.0,88.0,10157,0,0,1,Pedestrian
18,899.0,18.0,970.0,88.0,10158,0,0,1,Pedestrian
18,899.0,15.0,970.0,86.0,10159,0,0,1,Pedestrian
18,899.0,15.0,970.0,86.0,10160,0,0,1,Pedestrian
18,899.0,13.0,970.0,84.0,10161,0,0,1,Pedestrian
18,899.0,13.0,970.0,84.0,10162,0,0,1,Pedestrian
18,896.0,13.0,968.0,84.0,10163,0,0,1,Pedestrian
18,896.0,11.0,968.0,81.0,10164,0,0,1,Pedestrian
18,896.0,11.0,968.0,81.0,10165,0,0,1,Pedestrian
18,896.0,9.0,968.0,79.0,10166,0,0,1,Pedestrian
18,896.0,9.0,968.0,79.0,10167,0,0,1,Pedestrian
18,896.0,6.0,968.0,77.0,10168,0,0,1,Pedestrian
18,896.0,6.0,968.0,77.0,10169,0,0,1,Pedestrian
18,893.0,6.0,965.0,77.0,10170,0,0,1,Pedestrian
18,893.0,4.0,965.0,75.0,10171,0,0,1,Pedestrian
18,893.0,4.0,965.0,75.0,10172,0,0,1,Pedestrian
18,893.0,2.0,965.0,72.0,10173,0,0,1,Pedestrian
18,893.0,2.0,965.0,72.0,10174,0,0,1,Pedestrian
18,893.0,0.0,965.0,70.0,10175,0,0,1,Pedestrian
18,893.0,0.0,965.0,70.0,10176,0,0,1,Pedestrian
18,893.0,0.0,965.0,70.0,10177,0,0,0,Pedestrian
18,893.0,0.0,965.0,70.0,10178,0,0,1,Pedestrian
18,893.0,0.0,965.0,70.0,10179,0,0,1,Pedestrian
18,893.0,0.0,965.0,70.0,10180,0,0,1,Pedestrian
18,893.0,0.0,965.0,70.0,10181,0,0,1,Pedestrian
18,893.0,0.0,965.0,70.0,10182,0,0,1,Pedestrian
18,893.0,0.0,965.0,70.0,10183,0,0,1,Pedestrian
18,893.0,0.0,965.0,70.0,10184,0,0,1,Pedestrian
18,893.0,0.0,965.0,70.0,10185,0,0,1,Pedestrian
18,893.0,0.0,965.0,70.0,10186,0,0,1,Pedestrian
18,893.0,0.0,965.0,70.0,10187,0,0,1,Pedestrian
18,893.0,0.0,965.0,70.0,10188,0,0,1,Pedestrian
18,893.0,0.0,965.0,70.0,10189,0,0,1,Pedestrian
18,896.0,0.0,968.0,70.0,10190,0,0,1,Pedestrian
18,896.0,0.0,968.0,70.0,10191,0,0,1,Pedestrian
18,896.0,0.0,968.0,70.0,10192,0,0,1,Pedestrian
18,896.0,0.0,968.0,70.0,10193,0,0,1,Pedestrian
18,896.0,0.0,968.0,70.0,10194,0,0,1,Pedestrian
18,896.0,0.0,968.0,70.0,10195,0,0,1,Pedestrian
18,896.0,0.0,968.0,70.0,10196,0,0,1,Pedestrian
18,896.0,0.0,968.0,70.0,10197,0,0,1,Pedestrian
18,896.0,0.0,968.0,70.0,10198,0,0,1,Pedestrian
18,896.0,0.0,968.0,70.0,10199,0,0,1,Pedestrian
18,896.0,0.0,968.0,70.0,10200,0,0,1,Pedestrian
18,896.0,0.0,968.0,70.0,10201,0,0,1,Pedestrian
18,899.0,0.0,970.0,70.0,10202,1,0,0,Pedestrian
18,899.0,0.0,970.0,70.0,10203,1,0,1,Pedestrian
18,899.0,0.0,970.0,70.0,10204,1,0,1,Pedestrian
18,899.0,0.0,970.0,70.0,10205,1,0,1,Pedestrian
18,902.0,0.0,973.0,70.0,10206,1,0,1,Pedestrian
18,902.0,0.0,973.0,70.0,10207,1,0,1,Pedestrian
18,902.0,0.0,973.0,70.0,10208,1,0,1,Pedestrian
18,904.0,0.0,976.0,70.0,10209,1,0,0,Pedestrian
18,904.0,0.0,976.0,70.0,10210,1,0,1,Pedestrian
18,904.0,0.0,976.0,70.0,10211,1,0,1,Pedestrian
18,904.0,0.0,976.0,70.0,10212,1,0,1,Pedestrian
18,904.0,0.0,976.0,70.0,10213,1,0,1,Pedestrian
18,904.0,0.0,976.0,70.0,10214,1,0,1,Pedestrian
18,904.0,0.0,976.0,70.0,10215,1,0,1,Pedestrian
18,904.0,0.0,976.0,70.0,10216,1,0,1,Pedestrian
18,904.0,0.0,976.0,70.0,10217,1,0,1,Pedestrian
18,904.0,0.0,976.0,70.0,10218,1,0,1,Pedestrian
18,904.0,0.0,976.0,70.0,10219,1,0,1,Pedestrian
18,904.0,0.0,976.0,70.0,10220,1,0,1,Pedestrian
18,904.0,0.0,976.0,70.0,10221,1,0,1,Pedestrian
18,904.0,0.0,976.0,70.0,10222,1,0,1,Pedestrian
18,904.0,0.0,976.0,70.0,10223,1,0,1,Pedestrian
18,904.0,0.0,976.0,70.0,10224,1,0,1,Pedestrian
18,904.0,0.0,976.0,70.0,10225,1,0,1,Pedestrian
18,904.0,0.0,976.0,70.0,10226,1,0,1,Pedestrian
18,904.0,0.0,976.0,70.0,10227,1,0,1,Pedestrian
18,904.0,0.0,976.0,70.0,10228,1,0,1,Pedestrian
18,904.0,0.0,976.0,70.0,10229,1,0,1,Pedestrian
18,904.0,0.0,976.0,70.0,10230,1,0,1,Pedestrian
18,904.0,0.0,976.0,70.0,10231,1,0,1,Pedestrian
18,904.0,0.0,976.0,70.0,10232,1,0,1,Pedestrian
18,904.0,0.0,976.0,70.0,10233,1,0,1,Pedestrian
18,904.0,0.0,976.0,70.0,10234,1,0,1,Pedestrian
18,904.0,0.0,976.0,70.0,10235,1,0,1,Pedestrian
18,904.0,0.0,976.0,70.0,10236,1,0,1,Pedestrian
18,904.0,0.0,976.0,70.0,10237,1,0,1,Pedestrian
18,904.0,0.0,976.0,70.0,10238,1,0,1,Pedestrian
18,904.0,0.0,976.0,70.0,10239,1,0,1,Pedestrian
18,904.0,0.0,976.0,70.0,10240,1,0,1,Pedestrian
18,904.0,0.0,976.0,70.0,10241,1,0,1,Pedestrian
18,904.0,0.0,976.0,70.0,10242,1,0,1,Pedestrian
18,904.0,0.0,976.0,70.0,10243,1,0,1,Pedestrian
18,904.0,0.0,976.0,70.0,10244,1,0,1,Pedestrian
18,904.0,0.0,976.0,70.0,10245,1,0,1,Pedestrian
18,904.0,0.0,976.0,70.0,10246,1,0,1,Pedestrian
18,904.0,0.0,976.0,70.0,10247,1,0,1,Pedestrian
18,904.0,0.0,976.0,70.0,10248,1,0,1,Pedestrian
18,904.0,0.0,976.0,70.0,10249,1,0,1,Pedestrian
18,904.0,0.0,976.0,70.0,10250,1,0,1,Pedestrian
18,904.0,0.0,976.0,70.0,10251,1,0,1,Pedestrian
18,904.0,0.0,976.0,70.0,10252,1,0,1,Pedestrian
18,904.0,0.0,976.0,70.0,10253,1,0,1,Pedestrian
18,904.0,0.0,976.0,70.0,10254,1,0,1,Pedestrian
18,904.0,0.0,976.0,70.0,10255,1,0,1,Pedestrian
18,904.0,0.0,976.0,70.0,10256,1,0,1,Pedestrian
18,904.0,0.0,976.0,70.0,10257,1,0,1,Pedestrian
18,904.0,0.0,976.0,70.0,10258,1,0,1,Pedestrian
18,904.0,0.0,976.0,70.0,10259,1,0,1,Pedestrian
18,904.0,0.0,976.0,70.0,10260,1,0,1,Pedestrian
18,904.0,0.0,976.0,70.0,10261,1,0,1,Pedestrian
18,904.0,0.0,976.0,70.0,10262,1,0,1,Pedestrian
18,904.0,0.0,976.0,70.0,10263,1,0,1,Pedestrian
18,904.0,0.0,976.0,70.0,10264,1,0,1,Pedestrian
18,904.0,0.0,976.0,70.0,10265,1,0,1,Pedestrian
18,904.0,0.0,976.0,70.0,10266,1,0,1,Pedestrian
18,904.0,0.0,976.0,70.0,10267,1,0,1,Pedestrian
18,904.0,0.0,976.0,70.0,10268,1,0,1,Pedestrian
18,904.0,0.0,976.0,70.0,10269,1,0,1,Pedestrian
18,904.0,0.0,976.0,70.0,10270,1,0,1,Pedestrian
18,904.0,0.0,976.0,70.0,10271,1,0,1,Pedestrian
18,904.0,0.0,976.0,70.0,10272,1,0,1,Pedestrian
18,904.0,0.0,976.0,70.0,10273,1,0,1,Pedestrian
18,904.0,0.0,976.0,70.0,10274,1,0,1,Pedestrian
18,904.0,0.0,976.0,70.0,10275,1,0,1,Pedestrian
18,904.0,0.0,976.0,70.0,10276,1,0,1,Pedestrian
18,904.0,0.0,976.0,70.0,10277,1,0,1,Pedestrian
18,904.0,0.0,976.0,70.0,10278,1,0,1,Pedestrian
18,904.0,0.0,976.0,70.0,10279,1,0,1,Pedestrian
18,904.0,0.0,976.0,70.0,10280,1,0,1,Pedestrian
18,904.0,0.0,976.0,70.0,10281,1,0,1,Pedestrian
18,904.0,0.0,976.0,70.0,10282,1,0,1,Pedestrian
18,904.0,0.0,976.0,70.0,10283,1,0,1,Pedestrian
18,904.0,0.0,976.0,70.0,10284,1,0,1,Pedestrian
18,904.0,0.0,976.0,70.0,10285,1,0,1,Pedestrian
18,904.0,0.0,976.0,70.0,10286,1,0,1,Pedestrian
18,904.0,0.0,976.0,70.0,10287,1,0,1,Pedestrian
18,904.0,0.0,976.0,70.0,10288,1,0,1,Pedestrian
18,904.0,0.0,976.0,70.0,10289,1,0,1,Pedestrian
18,904.0,0.0,976.0,70.0,10290,1,0,1,Pedestrian
18,904.0,0.0,976.0,70.0,10291,1,0,1,Pedestrian
18,904.0,0.0,976.0,70.0,10292,1,0,1,Pedestrian
18,904.0,0.0,976.0,70.0,10293,1,0,1,Pedestrian
18,904.0,0.0,976.0,70.0,10294,1,0,1,Pedestrian
18,904.0,0.0,976.0,70.0,10295,1,0,1,Pedestrian
18,904.0,0.0,976.0,70.0,10296,1,0,1,Pedestrian
18,904.0,0.0,976.0,70.0,10297,1,0,1,Pedestrian
18,904.0,0.0,976.0,70.0,10298,1,0,1,Pedestrian
18,904.0,0.0,976.0,70.0,10299,1,0,1,Pedestrian
18,904.0,0.0,976.0,70.0,10300,1,0,1,Pedestrian
18,904.0,0.0,976.0,70.0,10301,1,0,1,Pedestrian
18,904.0,0.0,976.0,70.0,10302,1,0,1,Pedestrian
18,904.0,0.0,976.0,70.0,10303,1,0,1,Pedestrian
18,904.0,0.0,976.0,70.0,10304,1,0,1,Pedestrian
18,904.0,0.0,976.0,70.0,10305,1,0,1,Pedestrian
18,904.0,0.0,976.0,70.0,10306,1,0,1,Pedestrian
18,904.0,0.0,976.0,70.0,10307,1,0,1,Pedestrian
18,904.0,0.0,976.0,70.0,10308,1,0,1,Pedestrian
18,904.0,0.0,976.0,70.0,10309,1,0,1,Pedestrian
18,904.0,0.0,976.0,70.0,10310,1,0,1,Pedestrian
18,904.0,0.0,976.0,70.0,10311,1,0,1,Pedestrian
18,904.0,0.0,976.0,70.0,10312,1,0,1,Pedestrian
18,904.0,0.0,976.0,70.0,10313,1,0,1,Pedestrian
18,904.0,0.0,976.0,70.0,10314,1,0,1,Pedestrian
18,904.0,0.0,976.0,70.0,10315,1,0,1,Pedestrian
18,904.0,0.0,976.0,70.0,10316,1,0,1,Pedestrian
18,904.0,0.0,976.0,70.0,10317,1,0,1,Pedestrian
18,904.0,0.0,976.0,70.0,10318,1,0,1,Pedestrian
18,904.0,0.0,976.0,70.0,10319,1,0,1,Pedestrian
18,904.0,0.0,976.0,70.0,10320,1,0,1,Pedestrian
18,904.0,0.0,976.0,70.0,10321,1,0,1,Pedestrian
18,904.0,0.0,976.0,70.0,10322,1,0,1,Pedestrian
18,904.0,0.0,976.0,70.0,10323,1,0,1,Pedestrian
18,904.0,0.0,976.0,70.0,10324,1,0,1,Pedestrian
18,904.0,0.0,976.0,70.0,10325,1,0,1,Pedestrian
18,904.0,0.0,976.0,70.0,10326,1,0,1,Pedestrian
18,904.0,0.0,976.0,70.0,10327,1,0,1,Pedestrian
18,904.0,0.0,976.0,70.0,10328,1,0,1,Pedestrian
18,904.0,0.0,976.0,70.0,10329,1,0,1,Pedestrian
18,904.0,0.0,976.0,70.0,10330,1,0,1,Pedestrian
18,904.0,0.0,976.0,70.0,10331,1,0,1,Pedestrian
18,904.0,0.0,976.0,70.0,10332,1,0,1,Pedestrian
18,904.0,0.0,976.0,70.0,10333,1,0,1,Pedestrian
18,904.0,0.0,976.0,70.0,10334,1,0,1,Pedestrian
18,904.0,0.0,976.0,70.0,10335,1,0,1,Pedestrian
18,904.0,0.0,976.0,70.0,10336,1,0,1,Pedestrian
18,904.0,0.0,976.0,70.0,10337,1,0,1,Pedestrian
18,904.0,0.0,976.0,70.0,10338,1,0,1,Pedestrian
18,904.0,0.0,976.0,70.0,10339,1,0,1,Pedestrian
18,904.0,0.0,976.0,70.0,10340,1,0,1,Pedestrian
18,904.0,0.0,976.0,70.0,10341,1,0,1,Pedestrian
18,904.0,0.0,976.0,70.0,10342,1,0,1,Pedestrian
18,904.0,0.0,976.0,70.0,10343,1,0,1,Pedestrian
18,904.0,0.0,976.0,70.0,10344,1,0,1,Pedestrian
18,904.0,0.0,976.0,70.0,10345,1,0,1,Pedestrian
18,904.0,0.0,976.0,70.0,10346,1,0,1,Pedestrian
18,904.0,0.0,976.0,70.0,10347,1,0,1,Pedestrian
18,904.0,0.0,976.0,70.0,10348,1,0,1,Pedestrian
18,904.0,0.0,976.0,70.0,10349,1,0,1,Pedestrian
18,904.0,0.0,976.0,70.0,10350,1,0,1,Pedestrian
18,904.0,0.0,976.0,70.0,10351,1,0,1,Pedestrian
18,904.0,0.0,976.0,70.0,10352,1,0,1,Pedestrian
18,904.0,0.0,976.0,70.0,10353,1,0,1,Pedestrian
18,904.0,0.0,976.0,70.0,10354,1,0,1,Pedestrian
18,904.0,0.0,976.0,70.0,10355,1,0,1,Pedestrian
18,904.0,0.0,976.0,70.0,10356,1,0,1,Pedestrian
18,904.0,0.0,976.0,70.0,10357,1,0,1,Pedestrian
18,904.0,0.0,976.0,70.0,10358,1,0,1,Pedestrian
18,904.0,0.0,976.0,70.0,10359,1,0,1,Pedestrian
18,904.0,0.0,976.0,70.0,10360,1,0,1,Pedestrian
18,904.0,0.0,976.0,70.0,10361,1,0,1,Pedestrian
18,904.0,0.0,976.0,70.0,10362,1,0,1,Pedestrian
18,904.0,0.0,976.0,70.0,10363,1,0,1,Pedestrian
18,904.0,0.0,976.0,70.0,10364,1,0,1,Pedestrian
18,904.0,0.0,976.0,70.0,10365,1,0,1,Pedestrian
18,904.0,0.0,976.0,70.0,10366,1,0,1,Pedestrian
18,904.0,0.0,976.0,70.0,10367,1,0,1,Pedestrian
18,904.0,0.0,976.0,70.0,10368,1,0,1,Pedestrian
18,904.0,0.0,976.0,70.0,10369,1,0,1,Pedestrian
18,904.0,0.0,976.0,70.0,10370,1,0,1,Pedestrian
18,904.0,0.0,976.0,70.0,10371,1,0,1,Pedestrian
18,904.0,0.0,976.0,70.0,10372,1,0,1,Pedestrian
18,904.0,0.0,976.0,70.0,10373,1,0,1,Pedestrian
18,904.0,0.0,976.0,70.0,10374,1,0,1,Pedestrian
18,904.0,0.0,976.0,70.0,10375,1,0,1,Pedestrian
18,904.0,0.0,976.0,70.0,10376,1,0,1,Pedestrian
18,904.0,0.0,976.0,70.0,10377,1,0,1,Pedestrian
18,904.0,0.0,976.0,70.0,10378,1,0,1,Pedestrian
18,904.0,0.0,976.0,70.0,10379,1,0,1,Pedestrian
18,904.0,0.0,976.0,70.0,10380,1,0,1,Pedestrian
18,904.0,0.0,976.0,70.0,10381,1,0,1,Pedestrian
18,904.0,0.0,976.0,70.0,10382,1,0,1,Pedestrian
18,904.0,0.0,976.0,70.0,10383,1,0,1,Pedestrian
18,904.0,0.0,976.0,70.0,10384,1,0,1,Pedestrian
18,904.0,0.0,976.0,70.0,10385,1,0,1,Pedestrian
18,904.0,0.0,976.0,70.0,10386,1,0,1,Pedestrian
18,904.0,0.0,976.0,70.0,10387,1,0,1,Pedestrian
18,904.0,0.0,976.0,70.0,10388,1,0,1,Pedestrian
18,904.0,0.0,976.0,70.0,10389,1,0,1,Pedestrian
18,904.0,0.0,976.0,70.0,10390,1,0,1,Pedestrian
18,904.0,0.0,976.0,70.0,10391,1,0,1,Pedestrian
18,904.0,0.0,976.0,70.0,10392,1,0,1,Pedestrian
18,904.0,0.0,976.0,70.0,10393,1,0,1,Pedestrian
18,904.0,0.0,976.0,70.0,10394,1,0,1,Pedestrian
18,904.0,0.0,976.0,70.0,10395,1,0,1,Pedestrian
18,904.0,0.0,976.0,70.0,10396,1,0,1,Pedestrian
18,904.0,0.0,976.0,70.0,10397,1,0,1,Pedestrian
18,904.0,0.0,976.0,70.0,10398,1,0,1,Pedestrian
18,904.0,0.0,976.0,70.0,10399,1,0,1,Pedestrian
18,904.0,0.0,976.0,70.0,10400,1,0,1,Pedestrian
18,904.0,0.0,976.0,70.0,10401,1,0,1,Pedestrian
18,904.0,0.0,976.0,70.0,10402,1,0,1,Pedestrian
18,904.0,0.0,976.0,70.0,10403,1,0,1,Pedestrian
18,904.0,0.0,976.0,70.0,10404,1,0,1,Pedestrian
18,904.0,0.0,976.0,70.0,10405,1,0,1,Pedestrian
18,904.0,0.0,976.0,70.0,10406,1,0,1,Pedestrian
18,904.0,0.0,976.0,70.0,10407,1,0,1,Pedestrian
18,904.0,0.0,976.0,70.0,10408,1,0,1,Pedestrian
18,904.0,0.0,976.0,70.0,10409,1,0,1,Pedestrian
18,904.0,0.0,976.0,70.0,10410,1,0,1,Pedestrian
18,904.0,0.0,976.0,70.0,10411,1,0,1,Pedestrian
18,904.0,0.0,976.0,70.0,10412,1,0,1,Pedestrian
18,904.0,0.0,976.0,70.0,10413,1,0,1,Pedestrian
18,904.0,0.0,976.0,70.0,10414,1,0,1,Pedestrian
18,904.0,0.0,976.0,70.0,10415,1,0,1,Pedestrian
18,904.0,0.0,976.0,70.0,10416,1,0,1,Pedestrian
18,904.0,0.0,976.0,70.0,10417,1,0,1,Pedestrian
18,904.0,0.0,976.0,70.0,10418,1,0,1,Pedestrian
18,904.0,0.0,976.0,70.0,10419,1,0,1,Pedestrian
18,904.0,0.0,976.0,70.0,10420,1,0,1,Pedestrian
18,904.0,0.0,976.0,70.0,10421,1,0,1,Pedestrian
18,904.0,0.0,976.0,70.0,10422,1,0,1,Pedestrian
18,904.0,0.0,976.0,70.0,10423,1,0,1,Pedestrian
18,904.0,0.0,976.0,70.0,10424,1,0,1,Pedestrian
18,904.0,0.0,976.0,70.0,10425,1,0,1,Pedestrian
18,904.0,0.0,976.0,70.0,10426,1,0,1,Pedestrian
18,904.0,0.0,976.0,70.0,10427,1,0,1,Pedestrian
18,904.0,0.0,976.0,70.0,10428,1,0,1,Pedestrian
18,904.0,0.0,976.0,70.0,10429,1,0,1,Pedestrian
18,904.0,0.0,976.0,70.0,10430,1,0,1,Pedestrian
18,904.0,0.0,976.0,70.0,10431,1,0,1,Pedestrian
18,904.0,0.0,976.0,70.0,10432,1,0,1,Pedestrian
18,904.0,0.0,976.0,70.0,10433,1,0,1,Pedestrian
18,904.0,0.0,976.0,70.0,10434,1,0,1,Pedestrian
18,904.0,0.0,976.0,70.0,10435,1,0,1,Pedestrian
18,904.0,0.0,976.0,70.0,10436,1,0,1,Pedestrian
18,904.0,0.0,976.0,70.0,10437,1,0,1,Pedestrian
18,904.0,0.0,976.0,70.0,10438,1,0,1,Pedestrian
18,904.0,0.0,976.0,70.0,10439,1,0,1,Pedestrian
18,904.0,0.0,976.0,70.0,10440,1,0,1,Pedestrian
18,904.0,0.0,976.0,70.0,10441,1,0,1,Pedestrian
18,904.0,0.0,976.0,70.0,10442,1,0,1,Pedestrian
18,904.0,0.0,976.0,70.0,10443,1,0,1,Pedestrian
18,904.0,0.0,976.0,70.0,10444,1,0,1,Pedestrian
18,904.0,0.0,976.0,70.0,10445,1,0,1,Pedestrian
18,904.0,0.0,976.0,70.0,10446,1,0,1,Pedestrian
18,904.0,0.0,976.0,70.0,10447,1,0,1,Pedestrian
18,904.0,0.0,976.0,70.0,10448,1,0,1,Pedestrian
18,904.0,0.0,976.0,70.0,10449,1,0,1,Pedestrian
18,904.0,0.0,976.0,70.0,10450,1,0,1,Pedestrian
18,904.0,0.0,976.0,70.0,10451,1,0,1,Pedestrian
18,904.0,0.0,976.0,70.0,10452,1,0,1,Pedestrian
18,904.0,0.0,976.0,70.0,10453,1,0,1,Pedestrian
18,904.0,0.0,976.0,70.0,10454,1,0,1,Pedestrian
18,904.0,0.0,976.0,70.0,10455,1,0,1,Pedestrian
18,904.0,0.0,976.0,70.0,10456,1,0,1,Pedestrian
18,904.0,0.0,976.0,70.0,10457,1,0,1,Pedestrian
18,904.0,0.0,976.0,70.0,10458,1,0,1,Pedestrian
18,904.0,0.0,976.0,70.0,10459,1,0,1,Pedestrian
18,904.0,0.0,976.0,70.0,10460,1,0,1,Pedestrian
18,904.0,0.0,976.0,70.0,10461,1,0,1,Pedestrian
18,904.0,0.0,976.0,70.0,10462,1,0,1,Pedestrian
18,904.0,0.0,976.0,70.0,10463,1,0,1,Pedestrian
18,904.0,0.0,976.0,70.0,10464,1,0,1,Pedestrian
18,904.0,0.0,976.0,70.0,10465,1,0,1,Pedestrian
18,904.0,0.0,976.0,70.0,10466,1,0,1,Pedestrian
18,904.0,0.0,976.0,70.0,10467,1,0,1,Pedestrian
18,904.0,0.0,976.0,70.0,10468,1,0,1,Pedestrian
18,904.0,0.0,976.0,70.0,10469,1,0,1,Pedestrian
18,904.0,0.0,976.0,70.0,10470,1,0,1,Pedestrian
18,904.0,0.0,976.0,70.0,10471,1,0,1,Pedestrian
18,904.0,0.0,976.0,70.0,10472,1,0,1,Pedestrian
18,904.0,0.0,976.0,70.0,10473,1,0,1,Pedestrian
18,904.0,0.0,976.0,70.0,10474,1,0,1,Pedestrian
18,904.0,0.0,976.0,70.0,10475,1,0,1,Pedestrian
18,904.0,0.0,976.0,70.0,10476,1,0,1,Pedestrian
18,904.0,0.0,976.0,70.0,10477,1,0,1,Pedestrian
18,904.0,0.0,976.0,70.0,10478,1,0,1,Pedestrian
18,904.0,0.0,976.0,70.0,10479,1,0,1,Pedestrian
18,904.0,0.0,976.0,70.0,10480,1,0,1,Pedestrian
18,904.0,0.0,976.0,70.0,10481,1,0,1,Pedestrian
18,904.0,0.0,976.0,70.0,10482,1,0,1,Pedestrian
18,904.0,0.0,976.0,70.0,10483,1,0,1,Pedestrian
18,904.0,0.0,976.0,70.0,10484,1,0,1,Pedestrian
18,904.0,0.0,976.0,70.0,10485,1,0,1,Pedestrian
18,904.0,0.0,976.0,70.0,10486,1,0,1,Pedestrian
18,904.0,0.0,976.0,70.0,10487,1,0,1,Pedestrian
18,904.0,0.0,976.0,70.0,10488,1,0,1,Pedestrian
18,904.0,0.0,976.0,70.0,10489,1,0,1,Pedestrian
18,904.0,0.0,976.0,70.0,10490,1,0,1,Pedestrian
18,904.0,0.0,976.0,70.0,10491,1,0,1,Pedestrian
18,904.0,0.0,976.0,70.0,10492,1,0,1,Pedestrian
18,904.0,0.0,976.0,70.0,10493,1,0,1,Pedestrian
18,904.0,0.0,976.0,70.0,10494,1,0,1,Pedestrian
18,904.0,0.0,976.0,70.0,10495,1,0,1,Pedestrian
18,904.0,0.0,976.0,70.0,10496,1,0,1,Pedestrian
18,904.0,0.0,976.0,70.0,10497,1,0,1,Pedestrian
18,904.0,0.0,976.0,70.0,10498,1,0,1,Pedestrian
18,904.0,0.0,976.0,70.0,10499,1,0,1,Pedestrian
18,904.0,0.0,976.0,70.0,10500,1,0,1,Pedestrian
18,904.0,0.0,976.0,70.0,10501,1,0,1,Pedestrian
18,904.0,0.0,976.0,70.0,10502,1,0,1,Pedestrian
18,904.0,0.0,976.0,70.0,10503,1,0,1,Pedestrian
18,904.0,0.0,976.0,70.0,10504,1,0,1,Pedestrian
18,904.0,0.0,976.0,70.0,10505,1,0,1,Pedestrian
18,904.0,0.0,976.0,70.0,10506,1,0,1,Pedestrian
18,904.0,0.0,976.0,70.0,10507,1,0,1,Pedestrian
18,904.0,0.0,976.0,70.0,10508,1,0,1,Pedestrian
18,904.0,0.0,976.0,70.0,10509,1,0,1,Pedestrian
18,904.0,0.0,976.0,70.0,10510,1,0,1,Pedestrian
18,904.0,0.0,976.0,70.0,10511,1,0,1,Pedestrian
18,904.0,0.0,976.0,70.0,10512,1,0,1,Pedestrian
18,904.0,0.0,976.0,70.0,10513,1,0,1,Pedestrian
18,904.0,0.0,976.0,70.0,10514,1,0,1,Pedestrian
18,904.0,0.0,976.0,70.0,10515,1,0,1,Pedestrian
18,904.0,0.0,976.0,70.0,10516,1,0,1,Pedestrian
18,904.0,0.0,976.0,70.0,10517,1,0,1,Pedestrian
18,904.0,0.0,976.0,70.0,10518,1,0,1,Pedestrian
18,904.0,0.0,976.0,70.0,10519,1,0,1,Pedestrian
18,904.0,0.0,976.0,70.0,10520,1,0,1,Pedestrian
18,904.0,0.0,976.0,70.0,10521,1,0,1,Pedestrian
18,904.0,0.0,976.0,70.0,10522,1,0,1,Pedestrian
18,904.0,0.0,976.0,70.0,10523,1,0,1,Pedestrian
18,904.0,0.0,976.0,70.0,10524,1,0,1,Pedestrian
18,904.0,0.0,976.0,70.0,10525,1,0,1,Pedestrian
18,904.0,0.0,976.0,70.0,10526,1,0,1,Pedestrian
18,904.0,0.0,976.0,70.0,10527,1,0,1,Pedestrian
18,904.0,0.0,976.0,70.0,10528,1,0,1,Pedestrian
18,904.0,0.0,976.0,70.0,10529,1,0,1,Pedestrian
18,904.0,0.0,976.0,70.0,10530,1,0,1,Pedestrian
18,904.0,0.0,976.0,70.0,10531,1,0,0,Pedestrian
19,1892.0,6.0,1966.0,59.0,2000,1,0,0,Pedestrian
19,1892.0,4.0,1966.0,56.0,2001,1,0,1,Pedestrian
19,1892.0,4.0,1966.0,56.0,2002,1,0,1,Pedestrian
19,1892.0,4.0,1966.0,56.0,2003,1,0,1,Pedestrian
19,1892.0,4.0,1966.0,56.0,2004,1,0,1,Pedestrian
19,1892.0,4.0,1966.0,56.0,2005,1,0,1,Pedestrian
19,1892.0,4.0,1966.0,56.0,2006,1,0,1,Pedestrian
19,1892.0,4.0,1966.0,56.0,2007,1,0,1,Pedestrian
19,1892.0,4.0,1966.0,56.0,2008,1,0,1,Pedestrian
19,1892.0,4.0,1966.0,56.0,2009,1,0,1,Pedestrian
19,1892.0,4.0,1966.0,56.0,2010,1,0,1,Pedestrian
19,1892.0,4.0,1966.0,56.0,2011,1,0,1,Pedestrian
19,1892.0,4.0,1966.0,56.0,2012,1,0,1,Pedestrian
19,1892.0,4.0,1966.0,56.0,2013,1,0,1,Pedestrian
19,1892.0,4.0,1966.0,56.0,2014,1,0,1,Pedestrian
19,1892.0,4.0,1966.0,56.0,2015,1,0,1,Pedestrian
19,1892.0,4.0,1966.0,56.0,2016,1,0,1,Pedestrian
19,1892.0,4.0,1966.0,56.0,2017,1,0,1,Pedestrian
19,1892.0,4.0,1966.0,56.0,2018,1,0,1,Pedestrian
19,1892.0,4.0,1966.0,56.0,2019,1,0,1,Pedestrian
19,1892.0,4.0,1966.0,56.0,2020,1,0,1,Pedestrian
19,1892.0,4.0,1966.0,56.0,2021,1,0,1,Pedestrian
19,1892.0,4.0,1966.0,56.0,2022,1,0,1,Pedestrian
19,1892.0,4.0,1966.0,56.0,2023,1,0,1,Pedestrian
19,1892.0,4.0,1966.0,56.0,2024,1,0,1,Pedestrian
19,1892.0,4.0,1966.0,56.0,2025,1,0,1,Pedestrian
19,1892.0,4.0,1966.0,56.0,2026,1,0,1,Pedestrian
19,1892.0,4.0,1966.0,56.0,2027,1,0,1,Pedestrian
19,1892.0,4.0,1966.0,56.0,2028,1,0,1,Pedestrian
19,1892.0,4.0,1966.0,56.0,2029,1,0,1,Pedestrian
19,1892.0,4.0,1966.0,56.0,2030,1,0,1,Pedestrian
19,1892.0,4.0,1966.0,56.0,2031,1,0,1,Pedestrian
19,1892.0,4.0,1966.0,56.0,2032,1,0,1,Pedestrian
19,1892.0,4.0,1966.0,56.0,2033,1,0,1,Pedestrian
19,1892.0,4.0,1966.0,56.0,2034,1,0,1,Pedestrian
19,1892.0,4.0,1966.0,56.0,2035,1,0,1,Pedestrian
19,1892.0,4.0,1966.0,56.0,2036,1,0,1,Pedestrian
19,1892.0,4.0,1966.0,56.0,2037,1,0,1,Pedestrian
19,1892.0,4.0,1966.0,56.0,2038,1,0,1,Pedestrian
19,1892.0,4.0,1966.0,56.0,2039,1,0,1,Pedestrian
19,1892.0,4.0,1966.0,56.0,2040,1,0,1,Pedestrian
19,1892.0,4.0,1966.0,56.0,2041,1,0,1,Pedestrian
19,1892.0,4.0,1966.0,56.0,2042,1,0,1,Pedestrian
19,1892.0,4.0,1966.0,56.0,2043,1,0,1,Pedestrian
19,1892.0,4.0,1966.0,56.0,2044,1,0,1,Pedestrian
19,1892.0,4.0,1966.0,56.0,2045,1,0,1,Pedestrian
19,1892.0,4.0,1966.0,56.0,2046,1,0,1,Pedestrian
19,1892.0,4.0,1966.0,56.0,2047,1,0,1,Pedestrian
19,1892.0,4.0,1966.0,56.0,2048,1,0,1,Pedestrian
19,1892.0,4.0,1966.0,56.0,2049,1,0,1,Pedestrian
19,1892.0,4.0,1966.0,56.0,2050,1,0,1,Pedestrian
19,1892.0,4.0,1966.0,56.0,2051,1,0,1,Pedestrian
19,1892.0,4.0,1966.0,56.0,2052,1,0,1,Pedestrian
19,1892.0,4.0,1966.0,56.0,2053,1,0,1,Pedestrian
19,1892.0,4.0,1966.0,56.0,2054,1,0,1,Pedestrian
19,1892.0,4.0,1966.0,56.0,2055,1,0,1,Pedestrian
19,1892.0,4.0,1966.0,56.0,2056,1,0,1,Pedestrian
19,1892.0,4.0,1966.0,56.0,2057,1,0,1,Pedestrian
19,1892.0,4.0,1966.0,56.0,2058,1,0,1,Pedestrian
19,1892.0,4.0,1966.0,56.0,2059,1,0,1,Pedestrian
19,1892.0,4.0,1966.0,56.0,2060,1,0,1,Pedestrian
19,1894.0,4.0,1966.0,56.0,2061,1,0,1,Pedestrian
19,1894.0,4.0,1966.0,56.0,2062,1,0,1,Pedestrian
19,1894.0,4.0,1966.0,56.0,2063,1,0,1,Pedestrian
19,1894.0,4.0,1966.0,56.0,2064,1,0,1,Pedestrian
19,1894.0,4.0,1966.0,56.0,2065,1,0,1,Pedestrian
19,1894.0,4.0,1966.0,56.0,2066,1,0,1,Pedestrian
19,1894.0,4.0,1966.0,56.0,2067,1,0,1,Pedestrian
19,1894.0,4.0,1966.0,56.0,2068,1,0,1,Pedestrian
19,1894.0,4.0,1966.0,56.0,2069,1,0,1,Pedestrian
19,1894.0,4.0,1966.0,56.0,2070,1,0,1,Pedestrian
19,1894.0,4.0,1966.0,56.0,2071,1,0,1,Pedestrian
19,1894.0,4.0,1966.0,56.0,2072,1,0,1,Pedestrian
19,1894.0,4.0,1966.0,56.0,2073,1,0,1,Pedestrian
19,1894.0,4.0,1966.0,56.0,2074,1,0,1,Pedestrian
19,1894.0,4.0,1966.0,56.0,2075,1,0,1,Pedestrian
19,1894.0,4.0,1966.0,56.0,2076,1,0,1,Pedestrian
19,1894.0,4.0,1966.0,56.0,2077,1,0,1,Pedestrian
19,1894.0,4.0,1966.0,56.0,2078,1,0,1,Pedestrian
19,1894.0,4.0,1966.0,56.0,2079,1,0,1,Pedestrian
19,1894.0,4.0,1966.0,56.0,2080,1,0,1,Pedestrian
19,1894.0,4.0,1966.0,56.0,2081,1,0,1,Pedestrian
19,1894.0,4.0,1966.0,56.0,2082,1,0,1,Pedestrian
19,1894.0,4.0,1966.0,56.0,2083,1,0,1,Pedestrian
19,1894.0,4.0,1966.0,56.0,2084,1,0,1,Pedestrian
19,1894.0,4.0,1966.0,56.0,2085,1,0,1,Pedestrian
19,1894.0,4.0,1966.0,56.0,2086,1,0,1,Pedestrian
19,1894.0,4.0,1966.0,56.0,2087,1,0,1,Pedestrian
19,1894.0,4.0,1966.0,56.0,2088,1,0,1,Pedestrian
19,1894.0,4.0,1966.0,56.0,2089,1,0,1,Pedestrian
19,1894.0,4.0,1966.0,56.0,2090,1,0,1,Pedestrian
19,1894.0,4.0,1966.0,56.0,2091,1,0,1,Pedestrian
19,1894.0,4.0,1966.0,56.0,2092,1,0,1,Pedestrian
19,1894.0,4.0,1966.0,56.0,2093,1,0,1,Pedestrian
19,1894.0,4.0,1966.0,56.0,2094,1,0,1,Pedestrian
19,1894.0,4.0,1966.0,56.0,2095,1,0,1,Pedestrian
19,1894.0,4.0,1966.0,56.0,2096,1,0,1,Pedestrian
19,1894.0,4.0,1966.0,56.0,2097,1,0,1,Pedestrian
19,1894.0,4.0,1966.0,56.0,2098,1,0,1,Pedestrian
19,1894.0,4.0,1966.0,56.0,2099,1,0,1,Pedestrian
19,1894.0,4.0,1966.0,56.0,2100,1,0,1,Pedestrian
19,1894.0,4.0,1966.0,56.0,2101,1,0,1,Pedestrian
19,1894.0,2.0,1969.0,54.0,2102,1,0,1,Pedestrian
19,1894.0,2.0,1969.0,54.0,2103,1,0,1,Pedestrian
19,1894.0,2.0,1969.0,54.0,2104,1,0,1,Pedestrian
19,1894.0,2.0,1969.0,54.0,2105,1,0,1,Pedestrian
19,1894.0,2.0,1969.0,54.0,2106,1,0,1,Pedestrian
19,1894.0,2.0,1969.0,54.0,2107,1,0,1,Pedestrian
19,1894.0,2.0,1969.0,54.0,2108,1,0,1,Pedestrian
19,1894.0,2.0,1969.0,54.0,2109,1,0,1,Pedestrian
19,1894.0,2.0,1969.0,54.0,2110,1,0,1,Pedestrian
19,1894.0,2.0,1969.0,54.0,2111,1,0,1,Pedestrian
19,1894.0,2.0,1969.0,54.0,2112,1,0,1,Pedestrian
19,1894.0,2.0,1969.0,54.0,2113,1,0,1,Pedestrian
19,1894.0,2.0,1969.0,54.0,2114,1,0,1,Pedestrian
19,1894.0,2.0,1969.0,54.0,2115,1,0,1,Pedestrian
19,1894.0,2.0,1969.0,54.0,2116,1,0,1,Pedestrian
19,1894.0,2.0,1969.0,54.0,2117,1,0,1,Pedestrian
19,1894.0,2.0,1969.0,54.0,2118,1,0,1,Pedestrian
19,1894.0,2.0,1969.0,54.0,2119,1,0,1,Pedestrian
19,1894.0,2.0,1969.0,54.0,2120,1,0,1,Pedestrian
19,1894.0,2.0,1969.0,54.0,2121,1,0,1,Pedestrian
19,1897.0,2.0,1969.0,54.0,2122,1,0,1,Pedestrian
19,1897.0,2.0,1969.0,54.0,2123,1,0,1,Pedestrian
19,1897.0,2.0,1969.0,54.0,2124,1,0,1,Pedestrian
19,1897.0,2.0,1969.0,54.0,2125,1,0,1,Pedestrian
19,1897.0,2.0,1969.0,54.0,2126,1,0,1,Pedestrian
19,1897.0,2.0,1969.0,54.0,2127,1,0,1,Pedestrian
19,1897.0,2.0,1969.0,54.0,2128,1,0,1,Pedestrian
19,1897.0,2.0,1969.0,54.0,2129,1,0,1,Pedestrian
19,1897.0,2.0,1969.0,54.0,2130,1,0,1,Pedestrian
19,1897.0,2.0,1969.0,54.0,2131,1,0,1,Pedestrian
19,1897.0,2.0,1969.0,54.0,2132,1,0,1,Pedestrian
19,1897.0,2.0,1969.0,54.0,2133,1,0,1,Pedestrian
19,1897.0,2.0,1969.0,54.0,2134,1,0,1,Pedestrian
19,1897.0,2.0,1969.0,54.0,2135,1,0,1,Pedestrian
19,1897.0,2.0,1969.0,54.0,2136,1,0,1,Pedestrian
19,1897.0,2.0,1969.0,54.0,2137,1,0,1,Pedestrian
19,1897.0,2.0,1969.0,54.0,2138,1,0,1,Pedestrian
19,1897.0,2.0,1969.0,54.0,2139,1,0,1,Pedestrian
19,1897.0,2.0,1969.0,54.0,2140,1,0,1,Pedestrian
19,1897.0,2.0,1969.0,54.0,2141,1,0,1,Pedestrian
19,1897.0,2.0,1969.0,54.0,2142,1,0,1,Pedestrian
19,1897.0,2.0,1969.0,54.0,2143,1,0,1,Pedestrian
19,1897.0,2.0,1969.0,54.0,2144,1,0,1,Pedestrian
19,1897.0,2.0,1969.0,54.0,2145,1,0,1,Pedestrian
19,1897.0,2.0,1969.0,54.0,2146,1,0,1,Pedestrian
19,1897.0,2.0,1969.0,54.0,2147,1,0,1,Pedestrian
19,1897.0,2.0,1969.0,54.0,2148,1,0,1,Pedestrian
19,1897.0,2.0,1969.0,54.0,2149,1,0,1,Pedestrian
19,1897.0,2.0,1969.0,54.0,2150,1,0,1,Pedestrian
19,1897.0,2.0,1969.0,54.0,2151,1,0,1,Pedestrian
19,1897.0,2.0,1969.0,54.0,2152,1,0,1,Pedestrian
19,1897.0,2.0,1969.0,54.0,2153,1,0,1,Pedestrian
19,1897.0,2.0,1969.0,54.0,2154,1,0,1,Pedestrian
19,1897.0,2.0,1969.0,54.0,2155,1,0,1,Pedestrian
19,1897.0,2.0,1969.0,54.0,2156,1,0,1,Pedestrian
19,1897.0,2.0,1969.0,54.0,2157,1,0,1,Pedestrian
19,1897.0,2.0,1969.0,54.0,2158,1,0,1,Pedestrian
19,1897.0,2.0,1969.0,54.0,2159,1,0,1,Pedestrian
19,1897.0,2.0,1969.0,54.0,2160,1,0,1,Pedestrian
19,1897.0,2.0,1969.0,54.0,2161,1,0,1,Pedestrian
19,1897.0,2.0,1969.0,54.0,2162,1,0,1,Pedestrian
19,1897.0,2.0,1969.0,54.0,2163,1,0,1,Pedestrian
19,1897.0,2.0,1969.0,54.0,2164,1,0,1,Pedestrian
19,1897.0,2.0,1969.0,54.0,2165,1,0,1,Pedestrian
19,1897.0,2.0,1969.0,54.0,2166,1,0,1,Pedestrian
19,1897.0,2.0,1969.0,54.0,2167,1,0,1,Pedestrian
19,1897.0,2.0,1969.0,54.0,2168,1,0,1,Pedestrian
19,1897.0,2.0,1969.0,54.0,2169,1,0,1,Pedestrian
19,1897.0,2.0,1969.0,54.0,2170,1,0,1,Pedestrian
19,1897.0,2.0,1969.0,54.0,2171,1,0,1,Pedestrian
19,1897.0,2.0,1969.0,54.0,2172,1,0,1,Pedestrian
19,1897.0,2.0,1969.0,54.0,2173,1,0,1,Pedestrian
19,1897.0,2.0,1969.0,54.0,2174,1,0,1,Pedestrian
19,1897.0,2.0,1969.0,54.0,2175,1,0,1,Pedestrian
19,1897.0,2.0,1969.0,54.0,2176,1,0,1,Pedestrian
19,1897.0,2.0,1969.0,54.0,2177,1,0,1,Pedestrian
19,1897.0,2.0,1969.0,54.0,2178,1,0,1,Pedestrian
19,1897.0,2.0,1969.0,54.0,2179,1,0,1,Pedestrian
19,1897.0,2.0,1969.0,54.0,2180,1,0,1,Pedestrian
19,1897.0,2.0,1969.0,54.0,2181,1,0,1,Pedestrian
19,1897.0,2.0,1969.0,54.0,2182,1,0,1,Pedestrian
19,1900.0,2.0,1969.0,54.0,2183,1,0,1,Pedestrian
19,1900.0,2.0,1969.0,54.0,2184,1,0,1,Pedestrian
19,1900.0,2.0,1969.0,54.0,2185,1,0,1,Pedestrian
19,1900.0,2.0,1969.0,54.0,2186,1,0,1,Pedestrian
19,1900.0,2.0,1969.0,54.0,2187,1,0,1,Pedestrian
19,1900.0,2.0,1969.0,54.0,2188,1,0,1,Pedestrian
19,1900.0,2.0,1969.0,54.0,2189,1,0,1,Pedestrian
19,1900.0,2.0,1969.0,54.0,2190,1,0,1,Pedestrian
19,1900.0,2.0,1969.0,54.0,2191,1,0,1,Pedestrian
19,1900.0,2.0,1969.0,54.0,2192,1,0,1,Pedestrian
19,1900.0,2.0,1969.0,54.0,2193,1,0,1,Pedestrian
19,1900.0,2.0,1969.0,54.0,2194,1,0,1,Pedestrian
19,1900.0,2.0,1969.0,54.0,2195,1,0,1,Pedestrian
19,1900.0,2.0,1969.0,54.0,2196,1,0,1,Pedestrian
19,1900.0,2.0,1969.0,54.0,2197,1,0,1,Pedestrian
19,1900.0,2.0,1969.0,54.0,2198,1,0,1,Pedestrian
19,1900.0,2.0,1969.0,54.0,2199,1,0,1,Pedestrian
19,1900.0,2.0,1969.0,54.0,2200,1,0,1,Pedestrian
19,1900.0,2.0,1969.0,54.0,2201,1,0,1,Pedestrian
19,1900.0,2.0,1969.0,54.0,2202,1,0,1,Pedestrian
19,1900.0,2.0,1969.0,54.0,2203,1,0,1,Pedestrian
19,1900.0,0.0,1971.0,52.0,2204,1,0,1,Pedestrian
19,1900.0,0.0,1971.0,52.0,2205,1,0,1,Pedestrian
19,1900.0,0.0,1971.0,52.0,2206,1,0,1,Pedestrian
19,1900.0,0.0,1971.0,52.0,2207,1,0,1,Pedestrian
19,1900.0,0.0,1971.0,52.0,2208,1,0,1,Pedestrian
19,1900.0,0.0,1971.0,52.0,2209,1,0,1,Pedestrian
19,1900.0,0.0,1971.0,52.0,2210,1,0,1,Pedestrian
19,1900.0,0.0,1971.0,52.0,2211,1,0,1,Pedestrian
19,1900.0,0.0,1971.0,52.0,2212,1,0,1,Pedestrian
19,1900.0,0.0,1971.0,52.0,2213,1,0,1,Pedestrian
19,1900.0,0.0,1971.0,52.0,2214,1,0,1,Pedestrian
19,1900.0,0.0,1971.0,52.0,2215,1,0,1,Pedestrian
19,1900.0,0.0,1971.0,52.0,2216,1,0,1,Pedestrian
19,1900.0,0.0,1971.0,52.0,2217,1,0,1,Pedestrian
19,1900.0,0.0,1971.0,52.0,2218,1,0,1,Pedestrian
19,1900.0,0.0,1971.0,52.0,2219,1,0,1,Pedestrian
19,1900.0,0.0,1971.0,52.0,2220,1,0,1,Pedestrian
19,1900.0,0.0,1971.0,52.0,2221,1,0,1,Pedestrian
19,1900.0,0.0,1971.0,52.0,2222,1,0,1,Pedestrian
19,1900.0,0.0,1971.0,52.0,2223,1,0,1,Pedestrian
19,1900.0,0.0,1971.0,52.0,2224,1,0,1,Pedestrian
19,1900.0,0.0,1971.0,52.0,2225,1,0,1,Pedestrian
19,1900.0,0.0,1971.0,52.0,2226,1,0,1,Pedestrian
19,1900.0,0.0,1971.0,52.0,2227,1,0,1,Pedestrian
19,1900.0,0.0,1971.0,52.0,2228,1,0,1,Pedestrian
19,1900.0,0.0,1971.0,52.0,2229,1,0,1,Pedestrian
19,1900.0,0.0,1971.0,52.0,2230,1,0,1,Pedestrian
19,1900.0,0.0,1971.0,52.0,2231,1,0,1,Pedestrian
19,1900.0,0.0,1971.0,52.0,2232,1,0,1,Pedestrian
19,1900.0,0.0,1971.0,52.0,2233,1,0,1,Pedestrian
19,1900.0,0.0,1971.0,52.0,2234,1,0,1,Pedestrian
19,1900.0,0.0,1971.0,52.0,2235,1,0,1,Pedestrian
19,1900.0,0.0,1971.0,52.0,2236,1,0,1,Pedestrian
19,1900.0,0.0,1971.0,52.0,2237,1,0,1,Pedestrian
19,1900.0,0.0,1971.0,52.0,2238,1,0,1,Pedestrian
19,1900.0,0.0,1971.0,52.0,2239,1,0,1,Pedestrian
19,1900.0,0.0,1971.0,52.0,2240,1,0,1,Pedestrian
19,1900.0,0.0,1971.0,52.0,2241,1,0,1,Pedestrian
19,1900.0,0.0,1971.0,52.0,2242,1,0,1,Pedestrian
19,1900.0,0.0,1971.0,52.0,2243,1,0,1,Pedestrian
19,1903.0,0.0,1971.0,52.0,2244,1,0,1,Pedestrian
19,1903.0,0.0,1971.0,52.0,2245,1,0,1,Pedestrian
19,1903.0,0.0,1971.0,52.0,2246,1,0,1,Pedestrian
19,1903.0,0.0,1971.0,52.0,2247,1,0,1,Pedestrian
19,1903.0,0.0,1971.0,52.0,2248,1,0,1,Pedestrian
19,1903.0,0.0,1971.0,52.0,2249,1,0,1,Pedestrian
19,1903.0,0.0,1971.0,52.0,2250,1,0,1,Pedestrian
19,1903.0,0.0,1971.0,52.0,2251,1,0,1,Pedestrian
19,1903.0,0.0,1971.0,52.0,2252,1,0,1,Pedestrian
19,1903.0,0.0,1971.0,52.0,2253,1,0,1,Pedestrian
19,1903.0,0.0,1971.0,52.0,2254,1,0,1,Pedestrian
19,1903.0,0.0,1971.0,52.0,2255,1,0,1,Pedestrian
19,1903.0,0.0,1971.0,52.0,2256,1,0,1,Pedestrian
19,1903.0,0.0,1971.0,52.0,2257,1,0,1,Pedestrian
19,1903.0,0.0,1971.0,52.0,2258,1,0,1,Pedestrian
19,1903.0,0.0,1971.0,52.0,2259,1,0,1,Pedestrian
19,1903.0,0.0,1971.0,52.0,2260,1,0,1,Pedestrian
19,1903.0,0.0,1971.0,52.0,2261,1,0,1,Pedestrian
19,1903.0,0.0,1971.0,52.0,2262,1,0,1,Pedestrian
19,1903.0,0.0,1971.0,52.0,2263,1,0,1,Pedestrian
19,1903.0,0.0,1971.0,52.0,2264,1,0,1,Pedestrian
19,1903.0,0.0,1971.0,52.0,2265,1,0,1,Pedestrian
19,1903.0,0.0,1971.0,52.0,2266,1,0,1,Pedestrian
19,1903.0,0.0,1971.0,52.0,2267,1,0,1,Pedestrian
19,1903.0,0.0,1971.0,52.0,2268,1,0,1,Pedestrian
19,1903.0,0.0,1971.0,52.0,2269,1,0,1,Pedestrian
19,1903.0,0.0,1971.0,52.0,2270,1,0,1,Pedestrian
19,1903.0,0.0,1971.0,52.0,2271,1,0,1,Pedestrian
19,1903.0,0.0,1971.0,52.0,2272,1,0,1,Pedestrian
19,1903.0,0.0,1971.0,52.0,2273,1,0,1,Pedestrian
19,1903.0,0.0,1971.0,52.0,2274,1,0,1,Pedestrian
19,1903.0,0.0,1971.0,52.0,2275,1,0,1,Pedestrian
19,1903.0,0.0,1971.0,52.0,2276,1,0,1,Pedestrian
19,1903.0,0.0,1971.0,52.0,2277,1,0,1,Pedestrian
19,1903.0,0.0,1971.0,52.0,2278,1,0,1,Pedestrian
19,1903.0,0.0,1971.0,52.0,2279,1,0,1,Pedestrian
19,1903.0,0.0,1971.0,52.0,2280,1,0,1,Pedestrian
19,1903.0,0.0,1971.0,52.0,2281,1,0,1,Pedestrian
19,1903.0,0.0,1971.0,52.0,2282,1,0,1,Pedestrian
19,1903.0,0.0,1971.0,52.0,2283,1,0,1,Pedestrian
19,1903.0,0.0,1971.0,52.0,2284,1,0,1,Pedestrian
19,1903.0,0.0,1971.0,52.0,2285,1,0,1,Pedestrian
19,1903.0,0.0,1971.0,52.0,2286,1,0,1,Pedestrian
19,1903.0,0.0,1971.0,52.0,2287,1,0,1,Pedestrian
19,1903.0,0.0,1971.0,52.0,2288,1,0,1,Pedestrian
19,1903.0,0.0,1971.0,52.0,2289,1,0,1,Pedestrian
19,1903.0,0.0,1971.0,52.0,2290,1,0,1,Pedestrian
19,1903.0,0.0,1971.0,52.0,2291,1,0,1,Pedestrian
19,1903.0,0.0,1971.0,52.0,2292,1,0,1,Pedestrian
19,1903.0,0.0,1971.0,52.0,2293,1,0,1,Pedestrian
19,1903.0,0.0,1971.0,52.0,2294,1,0,1,Pedestrian
19,1903.0,0.0,1971.0,52.0,2295,1,0,1,Pedestrian
19,1903.0,0.0,1971.0,52.0,2296,1,0,1,Pedestrian
19,1903.0,0.0,1971.0,52.0,2297,1,0,1,Pedestrian
19,1903.0,0.0,1971.0,52.0,2298,1,0,1,Pedestrian
19,1903.0,0.0,1971.0,52.0,2299,1,0,1,Pedestrian
19,1903.0,0.0,1971.0,52.0,2300,1,0,1,Pedestrian
19,1903.0,0.0,1971.0,52.0,2301,1,0,1,Pedestrian
19,1903.0,0.0,1971.0,52.0,2302,1,0,1,Pedestrian
19,1903.0,0.0,1971.0,52.0,2303,1,0,1,Pedestrian
19,1903.0,0.0,1971.0,52.0,2304,1,0,1,Pedestrian
19,1905.0,0.0,1974.0,52.0,2305,1,0,0,Pedestrian
19,1905.0,0.0,1974.0,52.0,2306,1,0,1,Pedestrian
19,1905.0,0.0,1974.0,52.0,2307,1,0,1,Pedestrian
19,1905.0,0.0,1974.0,52.0,2308,1,0,1,Pedestrian
19,1905.0,0.0,1974.0,52.0,2309,1,0,1,Pedestrian
19,1905.0,0.0,1974.0,52.0,2310,1,0,1,Pedestrian
19,1905.0,0.0,1974.0,52.0,2311,1,0,1,Pedestrian
19,1905.0,0.0,1974.0,52.0,2312,1,0,1,Pedestrian
19,1905.0,0.0,1974.0,52.0,2313,1,0,1,Pedestrian
19,1905.0,0.0,1974.0,52.0,2314,1,0,1,Pedestrian
19,1905.0,0.0,1974.0,52.0,2315,1,0,1,Pedestrian
19,1905.0,0.0,1974.0,52.0,2316,1,0,1,Pedestrian
19,1905.0,0.0,1974.0,52.0,2317,1,0,1,Pedestrian
19,1905.0,0.0,1974.0,52.0,2318,1,0,1,Pedestrian
19,1905.0,0.0,1974.0,52.0,2319,1,0,1,Pedestrian
19,1905.0,0.0,1974.0,52.0,2320,1,0,1,Pedestrian
19,1905.0,0.0,1974.0,52.0,2321,1,0,1,Pedestrian
19,1905.0,0.0,1974.0,52.0,2322,1,0,1,Pedestrian
19,1905.0,0.0,1974.0,52.0,2323,1,0,1,Pedestrian
19,1905.0,0.0,1974.0,52.0,2324,1,0,1,Pedestrian
19,1905.0,0.0,1974.0,52.0,2325,1,0,1,Pedestrian
19,1905.0,0.0,1974.0,52.0,2326,1,0,1,Pedestrian
19,1905.0,0.0,1974.0,52.0,2327,1,0,1,Pedestrian
19,1905.0,0.0,1974.0,52.0,2328,1,0,1,Pedestrian
19,1905.0,0.0,1974.0,52.0,2329,1,0,1,Pedestrian
19,1905.0,0.0,1974.0,52.0,2330,1,0,1,Pedestrian
19,1905.0,0.0,1974.0,52.0,2331,1,0,1,Pedestrian
19,1905.0,0.0,1974.0,52.0,2332,1,0,1,Pedestrian
19,1905.0,0.0,1974.0,52.0,2333,1,0,1,Pedestrian
19,1905.0,0.0,1974.0,52.0,2334,1,0,1,Pedestrian
19,1905.0,0.0,1974.0,52.0,2335,1,0,1,Pedestrian
19,1905.0,0.0,1974.0,52.0,2336,1,0,1,Pedestrian
19,1905.0,0.0,1974.0,52.0,2337,1,0,1,Pedestrian
19,1905.0,0.0,1974.0,52.0,2338,1,0,1,Pedestrian
19,1905.0,0.0,1974.0,52.0,2339,1,0,1,Pedestrian
19,1905.0,0.0,1974.0,52.0,2340,1,0,1,Pedestrian
19,1905.0,0.0,1974.0,52.0,2341,1,0,1,Pedestrian
19,1905.0,0.0,1974.0,52.0,2342,1,0,1,Pedestrian
19,1905.0,0.0,1974.0,52.0,2343,1,0,1,Pedestrian
19,1905.0,0.0,1974.0,52.0,2344,1,0,1,Pedestrian
19,1905.0,0.0,1974.0,52.0,2345,1,0,1,Pedestrian
19,1905.0,0.0,1974.0,52.0,2346,1,0,1,Pedestrian
19,1905.0,0.0,1974.0,52.0,2347,1,0,1,Pedestrian
19,1905.0,0.0,1974.0,52.0,2348,1,0,1,Pedestrian
19,1905.0,0.0,1974.0,52.0,2349,1,0,1,Pedestrian
19,1905.0,0.0,1974.0,52.0,2350,1,0,1,Pedestrian
19,1905.0,0.0,1974.0,52.0,2351,1,0,1,Pedestrian
19,1905.0,0.0,1974.0,52.0,2352,1,0,1,Pedestrian
19,1905.0,0.0,1974.0,52.0,2353,1,0,1,Pedestrian
19,1905.0,0.0,1974.0,52.0,2354,1,0,1,Pedestrian
19,1905.0,0.0,1974.0,52.0,2355,1,0,1,Pedestrian
19,1905.0,0.0,1974.0,52.0,2356,1,0,1,Pedestrian
19,1905.0,0.0,1974.0,52.0,2357,1,0,1,Pedestrian
19,1905.0,0.0,1974.0,52.0,2358,1,0,1,Pedestrian
19,1905.0,0.0,1974.0,52.0,2359,1,0,1,Pedestrian
19,1905.0,0.0,1974.0,52.0,2360,1,0,1,Pedestrian
19,1905.0,0.0,1974.0,52.0,2361,1,0,1,Pedestrian
19,1905.0,0.0,1974.0,52.0,2362,1,0,1,Pedestrian
19,1905.0,0.0,1974.0,52.0,2363,1,0,1,Pedestrian
19,1905.0,0.0,1974.0,52.0,2364,1,0,1,Pedestrian
19,1905.0,0.0,1974.0,52.0,2365,1,0,1,Pedestrian
19,1905.0,0.0,1974.0,52.0,2366,1,0,1,Pedestrian
19,1905.0,0.0,1974.0,52.0,2367,1,0,1,Pedestrian
19,1905.0,0.0,1974.0,52.0,2368,1,0,1,Pedestrian
19,1905.0,0.0,1974.0,52.0,2369,1,0,1,Pedestrian
19,1905.0,0.0,1974.0,52.0,2370,1,0,1,Pedestrian
19,1905.0,0.0,1974.0,52.0,2371,1,0,1,Pedestrian
19,1905.0,0.0,1974.0,52.0,2372,1,0,1,Pedestrian
19,1905.0,0.0,1974.0,52.0,2373,1,0,1,Pedestrian
19,1905.0,0.0,1974.0,52.0,2374,1,0,1,Pedestrian
19,1905.0,0.0,1974.0,52.0,2375,1,0,1,Pedestrian
19,1905.0,0.0,1974.0,52.0,2376,1,0,1,Pedestrian
19,1905.0,0.0,1974.0,52.0,2377,1,0,1,Pedestrian
19,1905.0,0.0,1974.0,52.0,2378,1,0,1,Pedestrian
19,1905.0,0.0,1974.0,52.0,2379,1,0,1,Pedestrian
19,1905.0,0.0,1974.0,52.0,2380,1,0,1,Pedestrian
19,1905.0,0.0,1974.0,52.0,2381,1,0,1,Pedestrian
19,1905.0,0.0,1974.0,52.0,2382,1,0,1,Pedestrian
19,1905.0,0.0,1974.0,52.0,2383,1,0,1,Pedestrian
19,1905.0,0.0,1974.0,52.0,2384,1,0,1,Pedestrian
19,1905.0,0.0,1974.0,52.0,2385,1,0,1,Pedestrian
19,1905.0,0.0,1974.0,52.0,2386,1,0,1,Pedestrian
19,1905.0,0.0,1974.0,52.0,2387,1,0,1,Pedestrian
19,1905.0,0.0,1974.0,52.0,2388,1,0,1,Pedestrian
19,1905.0,0.0,1974.0,52.0,2389,1,0,1,Pedestrian
19,1905.0,0.0,1974.0,52.0,2390,1,0,1,Pedestrian
19,1905.0,0.0,1974.0,52.0,2391,1,0,1,Pedestrian
19,1905.0,0.0,1974.0,52.0,2392,1,0,1,Pedestrian
19,1905.0,0.0,1974.0,52.0,2393,1,0,1,Pedestrian
19,1905.0,0.0,1974.0,52.0,2394,1,0,1,Pedestrian
19,1905.0,0.0,1974.0,52.0,2395,1,0,1,Pedestrian
19,1905.0,0.0,1974.0,52.0,2396,1,0,1,Pedestrian
19,1905.0,0.0,1974.0,52.0,2397,1,0,1,Pedestrian
19,1905.0,0.0,1974.0,52.0,2398,1,0,1,Pedestrian
19,1905.0,0.0,1974.0,52.0,2399,1,0,1,Pedestrian
19,1905.0,0.0,1974.0,52.0,2400,1,0,1,Pedestrian
19,1905.0,0.0,1974.0,52.0,2401,1,0,1,Pedestrian
19,1905.0,0.0,1974.0,52.0,2402,1,0,1,Pedestrian
19,1905.0,0.0,1974.0,52.0,2403,1,0,1,Pedestrian
19,1905.0,0.0,1974.0,52.0,2404,1,0,1,Pedestrian
19,1905.0,0.0,1974.0,52.0,2405,1,0,1,Pedestrian
19,1905.0,0.0,1974.0,52.0,2406,1,0,1,Pedestrian
19,1905.0,0.0,1974.0,52.0,2407,1,0,1,Pedestrian
19,1905.0,0.0,1974.0,52.0,2408,1,0,1,Pedestrian
19,1905.0,0.0,1974.0,52.0,2409,1,0,1,Pedestrian
19,1905.0,0.0,1974.0,52.0,2410,1,0,1,Pedestrian
19,1905.0,0.0,1974.0,52.0,2411,1,0,1,Pedestrian
19,1905.0,0.0,1974.0,52.0,2412,1,0,1,Pedestrian
19,1905.0,0.0,1974.0,52.0,2413,1,0,1,Pedestrian
19,1905.0,0.0,1974.0,52.0,2414,1,0,1,Pedestrian
19,1905.0,0.0,1974.0,52.0,2415,1,0,1,Pedestrian
19,1905.0,0.0,1974.0,52.0,2416,1,0,1,Pedestrian
19,1905.0,0.0,1974.0,52.0,2417,1,0,1,Pedestrian
19,1905.0,0.0,1974.0,52.0,2418,1,0,1,Pedestrian
19,1905.0,0.0,1974.0,52.0,2419,1,0,1,Pedestrian
19,1905.0,0.0,1974.0,52.0,2420,1,0,1,Pedestrian
19,1905.0,0.0,1974.0,52.0,2421,1,0,1,Pedestrian
19,1905.0,0.0,1974.0,52.0,2422,1,0,1,Pedestrian
19,1905.0,0.0,1974.0,52.0,2423,1,0,1,Pedestrian
19,1905.0,0.0,1974.0,52.0,2424,1,0,1,Pedestrian
19,1905.0,0.0,1974.0,52.0,2425,1,0,1,Pedestrian
19,1905.0,0.0,1974.0,52.0,2426,1,0,1,Pedestrian
19,1905.0,0.0,1974.0,52.0,2427,1,0,1,Pedestrian
19,1905.0,0.0,1974.0,52.0,2428,1,0,1,Pedestrian
19,1905.0,0.0,1974.0,52.0,2429,1,0,1,Pedestrian
19,1905.0,0.0,1974.0,52.0,2430,1,0,1,Pedestrian
19,1905.0,0.0,1974.0,52.0,2431,1,0,1,Pedestrian
19,1905.0,0.0,1974.0,52.0,2432,1,0,1,Pedestrian
19,1905.0,0.0,1974.0,52.0,2433,1,0,1,Pedestrian
19,1905.0,0.0,1974.0,52.0,2434,1,0,1,Pedestrian
19,1905.0,0.0,1974.0,52.0,2435,1,0,1,Pedestrian
19,1905.0,0.0,1974.0,52.0,2436,1,0,1,Pedestrian
19,1905.0,0.0,1974.0,52.0,2437,1,0,1,Pedestrian
19,1905.0,0.0,1974.0,52.0,2438,1,0,1,Pedestrian
19,1905.0,0.0,1974.0,52.0,2439,1,0,1,Pedestrian
19,1905.0,0.0,1974.0,52.0,2440,1,0,1,Pedestrian
19,1905.0,0.0,1974.0,52.0,2441,1,0,1,Pedestrian
19,1905.0,0.0,1974.0,52.0,2442,1,0,1,Pedestrian
19,1905.0,0.0,1974.0,52.0,2443,1,0,1,Pedestrian
19,1905.0,0.0,1974.0,52.0,2444,1,0,1,Pedestrian
19,1905.0,0.0,1974.0,52.0,2445,1,0,1,Pedestrian
19,1905.0,0.0,1974.0,52.0,2446,1,0,1,Pedestrian
19,1905.0,0.0,1974.0,52.0,2447,1,0,1,Pedestrian
19,1905.0,0.0,1974.0,52.0,2448,1,0,1,Pedestrian
19,1905.0,0.0,1974.0,52.0,2449,1,0,1,Pedestrian
19,1905.0,0.0,1974.0,52.0,2450,1,0,1,Pedestrian
19,1905.0,0.0,1974.0,52.0,2451,1,0,1,Pedestrian
19,1905.0,0.0,1974.0,52.0,2452,1,0,1,Pedestrian
19,1905.0,0.0,1974.0,52.0,2453,1,0,1,Pedestrian
19,1905.0,0.0,1974.0,52.0,2454,1,0,1,Pedestrian
19,1905.0,0.0,1974.0,52.0,2455,1,0,1,Pedestrian
19,1905.0,0.0,1974.0,52.0,2456,1,0,1,Pedestrian
19,1905.0,0.0,1974.0,52.0,2457,1,0,1,Pedestrian
19,1905.0,0.0,1974.0,52.0,2458,1,0,1,Pedestrian
19,1905.0,0.0,1974.0,52.0,2459,1,0,1,Pedestrian
19,1905.0,0.0,1974.0,52.0,2460,1,0,1,Pedestrian
19,1905.0,0.0,1974.0,52.0,2461,1,0,1,Pedestrian
19,1905.0,0.0,1974.0,52.0,2462,1,0,1,Pedestrian
19,1905.0,0.0,1974.0,52.0,2463,1,0,1,Pedestrian
19,1905.0,0.0,1974.0,52.0,2464,1,0,1,Pedestrian
19,1905.0,0.0,1974.0,52.0,2465,1,0,1,Pedestrian
19,1905.0,0.0,1974.0,52.0,2466,1,0,1,Pedestrian
19,1905.0,0.0,1974.0,52.0,2467,1,0,1,Pedestrian
19,1905.0,0.0,1974.0,52.0,2468,1,0,1,Pedestrian
19,1905.0,0.0,1974.0,52.0,2469,1,0,1,Pedestrian
19,1905.0,0.0,1974.0,52.0,2470,1,0,1,Pedestrian
19,1905.0,0.0,1974.0,52.0,2471,1,0,1,Pedestrian
19,1905.0,0.0,1974.0,52.0,2472,1,0,1,Pedestrian
19,1905.0,0.0,1974.0,52.0,2473,1,0,1,Pedestrian
19,1905.0,0.0,1974.0,52.0,2474,1,0,1,Pedestrian
19,1905.0,0.0,1974.0,52.0,2475,1,0,1,Pedestrian
19,1905.0,0.0,1974.0,52.0,2476,1,0,1,Pedestrian
19,1905.0,0.0,1974.0,52.0,2477,1,0,1,Pedestrian
19,1905.0,0.0,1974.0,52.0,2478,1,0,1,Pedestrian
19,1905.0,0.0,1974.0,52.0,2479,1,0,1,Pedestrian
19,1905.0,0.0,1974.0,52.0,2480,1,0,1,Pedestrian
19,1905.0,0.0,1974.0,52.0,2481,1,0,1,Pedestrian
19,1905.0,0.0,1974.0,52.0,2482,1,0,1,Pedestrian
19,1905.0,0.0,1974.0,52.0,2483,1,0,1,Pedestrian
19,1905.0,0.0,1974.0,52.0,2484,1,0,1,Pedestrian
19,1905.0,0.0,1974.0,52.0,2485,1,0,1,Pedestrian
19,1905.0,0.0,1974.0,52.0,2486,1,0,1,Pedestrian
19,1905.0,0.0,1974.0,52.0,2487,1,0,1,Pedestrian
19,1905.0,0.0,1974.0,52.0,2488,1,0,1,Pedestrian
19,1905.0,0.0,1974.0,52.0,2489,1,0,1,Pedestrian
19,1905.0,0.0,1974.0,52.0,2490,1,0,1,Pedestrian
19,1905.0,0.0,1974.0,52.0,2491,1,0,1,Pedestrian
19,1905.0,0.0,1974.0,52.0,2492,1,0,1,Pedestrian
19,1905.0,0.0,1974.0,52.0,2493,1,0,1,Pedestrian
19,1905.0,0.0,1974.0,52.0,2494,1,0,1,Pedestrian
19,1905.0,0.0,1974.0,52.0,2495,1,0,1,Pedestrian
19,1905.0,0.0,1974.0,52.0,2496,1,0,1,Pedestrian
19,1905.0,0.0,1974.0,52.0,2497,1,0,1,Pedestrian
19,1905.0,0.0,1974.0,52.0,2498,1,0,1,Pedestrian
19,1905.0,0.0,1974.0,52.0,2499,1,0,1,Pedestrian
19,1905.0,0.0,1974.0,52.0,2500,1,0,1,Pedestrian
19,1905.0,0.0,1974.0,52.0,2501,1,0,1,Pedestrian
19,1905.0,0.0,1974.0,52.0,2502,1,0,1,Pedestrian
19,1905.0,0.0,1974.0,52.0,2503,1,0,1,Pedestrian
19,1905.0,0.0,1974.0,52.0,2504,1,0,1,Pedestrian
19,1905.0,0.0,1974.0,52.0,2505,1,0,1,Pedestrian
19,1905.0,0.0,1974.0,52.0,2506,1,0,1,Pedestrian
19,1905.0,0.0,1974.0,52.0,2507,1,0,1,Pedestrian
19,1905.0,0.0,1974.0,52.0,2508,1,0,1,Pedestrian
19,1905.0,0.0,1974.0,52.0,2509,1,0,1,Pedestrian
19,1905.0,0.0,1974.0,52.0,2510,1,0,1,Pedestrian
19,1905.0,0.0,1974.0,52.0,2511,1,0,1,Pedestrian
19,1905.0,0.0,1974.0,52.0,2512,1,0,1,Pedestrian
19,1905.0,0.0,1974.0,52.0,2513,1,0,1,Pedestrian
19,1905.0,0.0,1974.0,52.0,2514,1,0,1,Pedestrian
19,1905.0,0.0,1974.0,52.0,2515,1,0,1,Pedestrian
19,1905.0,0.0,1974.0,52.0,2516,1,0,1,Pedestrian
19,1905.0,0.0,1974.0,52.0,2517,1,0,1,Pedestrian
19,1905.0,0.0,1974.0,52.0,2518,1,0,1,Pedestrian
19,1905.0,0.0,1974.0,52.0,2519,1,0,1,Pedestrian
19,1905.0,0.0,1974.0,52.0,2520,1,0,1,Pedestrian
19,1905.0,0.0,1974.0,52.0,2521,1,0,1,Pedestrian
19,1905.0,0.0,1974.0,52.0,2522,1,0,1,Pedestrian
19,1905.0,0.0,1974.0,52.0,2523,1,0,1,Pedestrian
19,1905.0,0.0,1974.0,52.0,2524,1,0,1,Pedestrian
19,1905.0,0.0,1974.0,52.0,2525,1,0,1,Pedestrian
19,1905.0,0.0,1974.0,52.0,2526,1,0,1,Pedestrian
19,1905.0,0.0,1974.0,52.0,2527,1,0,1,Pedestrian
19,1905.0,0.0,1974.0,52.0,2528,1,0,1,Pedestrian
19,1905.0,0.0,1974.0,52.0,2529,1,0,1,Pedestrian
19,1905.0,0.0,1974.0,52.0,2530,1,0,1,Pedestrian
19,1905.0,0.0,1974.0,52.0,2531,1,0,0,Pedestrian
20,1911.0,4.0,1969.0,95.0,2000,1,0,0,Pedestrian
20,1911.0,4.0,1969.0,95.0,2001,1,0,1,Pedestrian
20,1911.0,4.0,1969.0,95.0,2002,1,0,1,Pedestrian
20,1911.0,4.0,1969.0,95.0,2003,1,0,1,Pedestrian
20,1911.0,4.0,1969.0,95.0,2004,1,0,1,Pedestrian
20,1911.0,4.0,1969.0,95.0,2005,1,0,1,Pedestrian
20,1911.0,4.0,1969.0,95.0,2006,1,0,1,Pedestrian
20,1911.0,4.0,1969.0,95.0,2007,1,0,1,Pedestrian
20,1911.0,4.0,1969.0,95.0,2008,1,0,1,Pedestrian
20,1911.0,4.0,1969.0,95.0,2009,1,0,1,Pedestrian
20,1911.0,4.0,1969.0,95.0,2010,1,0,1,Pedestrian
20,1911.0,4.0,1969.0,95.0,2011,1,0,1,Pedestrian
20,1911.0,4.0,1969.0,95.0,2012,1,0,1,Pedestrian
20,1911.0,4.0,1969.0,95.0,2013,1,0,1,Pedestrian
20,1911.0,4.0,1969.0,95.0,2014,1,0,1,Pedestrian
20,1911.0,4.0,1969.0,95.0,2015,1,0,1,Pedestrian
20,1911.0,4.0,1969.0,95.0,2016,1,0,1,Pedestrian
20,1911.0,4.0,1969.0,95.0,2017,1,0,1,Pedestrian
20,1911.0,4.0,1969.0,95.0,2018,1,0,1,Pedestrian
20,1911.0,4.0,1969.0,95.0,2019,1,0,1,Pedestrian
20,1911.0,4.0,1969.0,95.0,2020,1,0,1,Pedestrian
20,1911.0,4.0,1969.0,95.0,2021,1,0,1,Pedestrian
20,1911.0,4.0,1969.0,95.0,2022,1,0,1,Pedestrian
20,1911.0,4.0,1969.0,95.0,2023,1,0,1,Pedestrian
20,1911.0,4.0,1969.0,95.0,2024,1,0,1,Pedestrian
20,1911.0,4.0,1969.0,95.0,2025,1,0,1,Pedestrian
20,1911.0,4.0,1969.0,95.0,2026,1,0,1,Pedestrian
20,1911.0,4.0,1969.0,95.0,2027,1,0,1,Pedestrian
20,1911.0,4.0,1969.0,95.0,2028,1,0,1,Pedestrian
20,1911.0,4.0,1969.0,95.0,2029,1,0,1,Pedestrian
20,1911.0,4.0,1969.0,95.0,2030,1,0,1,Pedestrian
20,1911.0,4.0,1969.0,95.0,2031,1,0,1,Pedestrian
20,1911.0,4.0,1969.0,95.0,2032,1,0,1,Pedestrian
20,1911.0,4.0,1969.0,95.0,2033,1,0,1,Pedestrian
20,1911.0,4.0,1969.0,95.0,2034,1,0,1,Pedestrian
20,1911.0,4.0,1969.0,95.0,2035,1,0,1,Pedestrian
20,1911.0,4.0,1969.0,95.0,2036,1,0,1,Pedestrian
20,1911.0,4.0,1969.0,95.0,2037,1,0,1,Pedestrian
20,1911.0,4.0,1969.0,95.0,2038,1,0,1,Pedestrian
20,1911.0,4.0,1969.0,95.0,2039,1,0,1,Pedestrian
20,1911.0,4.0,1969.0,95.0,2040,1,0,1,Pedestrian
20,1911.0,4.0,1969.0,95.0,2041,1,0,1,Pedestrian
20,1911.0,4.0,1969.0,95.0,2042,1,0,1,Pedestrian
20,1911.0,4.0,1969.0,95.0,2043,1,0,1,Pedestrian
20,1911.0,4.0,1969.0,95.0,2044,1,0,1,Pedestrian
20,1911.0,4.0,1969.0,95.0,2045,1,0,1,Pedestrian
20,1911.0,4.0,1969.0,95.0,2046,1,0,1,Pedestrian
20,1911.0,4.0,1969.0,95.0,2047,1,0,1,Pedestrian
20,1911.0,4.0,1969.0,95.0,2048,1,0,1,Pedestrian
20,1911.0,4.0,1969.0,95.0,2049,1,0,1,Pedestrian
20,1911.0,4.0,1969.0,95.0,2050,1,0,1,Pedestrian
20,1911.0,4.0,1969.0,95.0,2051,1,0,1,Pedestrian
20,1911.0,4.0,1969.0,95.0,2052,1,0,1,Pedestrian
20,1911.0,4.0,1969.0,95.0,2053,1,0,1,Pedestrian
20,1911.0,4.0,1969.0,95.0,2054,1,0,1,Pedestrian
20,1911.0,4.0,1969.0,95.0,2055,1,0,1,Pedestrian
20,1911.0,4.0,1969.0,95.0,2056,1,0,1,Pedestrian
20,1911.0,4.0,1969.0,95.0,2057,1,0,1,Pedestrian
20,1911.0,4.0,1969.0,95.0,2058,1,0,1,Pedestrian
20,1911.0,4.0,1969.0,95.0,2059,1,0,1,Pedestrian
20,1911.0,4.0,1969.0,95.0,2060,1,0,1,Pedestrian
20,1911.0,4.0,1969.0,95.0,2061,1,0,1,Pedestrian
20,1911.0,4.0,1969.0,95.0,2062,1,0,1,Pedestrian
20,1911.0,4.0,1969.0,95.0,2063,1,0,1,Pedestrian
20,1911.0,4.0,1969.0,95.0,2064,1,0,1,Pedestrian
20,1911.0,4.0,1969.0,95.0,2065,1,0,1,Pedestrian
20,1911.0,4.0,1969.0,95.0,2066,1,0,1,Pedestrian
20,1911.0,4.0,1969.0,95.0,2067,1,0,1,Pedestrian
20,1911.0,4.0,1969.0,95.0,2068,1,0,1,Pedestrian
20,1911.0,4.0,1969.0,95.0,2069,1,0,1,Pedestrian
20,1911.0,4.0,1969.0,95.0,2070,1,0,1,Pedestrian
20,1911.0,4.0,1969.0,95.0,2071,1,0,1,Pedestrian
20,1911.0,4.0,1969.0,95.0,2072,1,0,1,Pedestrian
20,1911.0,4.0,1969.0,95.0,2073,1,0,1,Pedestrian
20,1911.0,4.0,1969.0,95.0,2074,1,0,1,Pedestrian
20,1911.0,4.0,1969.0,95.0,2075,1,0,1,Pedestrian
20,1911.0,4.0,1969.0,95.0,2076,1,0,1,Pedestrian
20,1911.0,4.0,1969.0,95.0,2077,1,0,1,Pedestrian
20,1911.0,4.0,1969.0,95.0,2078,1,0,1,Pedestrian
20,1911.0,4.0,1969.0,95.0,2079,1,0,1,Pedestrian
20,1911.0,4.0,1969.0,95.0,2080,1,0,1,Pedestrian
20,1911.0,4.0,1969.0,95.0,2081,1,0,1,Pedestrian
20,1911.0,4.0,1969.0,95.0,2082,1,0,1,Pedestrian
20,1911.0,4.0,1969.0,95.0,2083,1,0,1,Pedestrian
20,1911.0,4.0,1969.0,95.0,2084,1,0,1,Pedestrian
20,1911.0,4.0,1969.0,95.0,2085,1,0,1,Pedestrian
20,1911.0,4.0,1969.0,95.0,2086,1,0,1,Pedestrian
20,1911.0,4.0,1969.0,95.0,2087,1,0,1,Pedestrian
20,1911.0,4.0,1969.0,95.0,2088,1,0,1,Pedestrian
20,1911.0,4.0,1969.0,95.0,2089,1,0,1,Pedestrian
20,1911.0,4.0,1969.0,95.0,2090,1,0,1,Pedestrian
20,1911.0,4.0,1969.0,95.0,2091,1,0,1,Pedestrian
20,1911.0,4.0,1969.0,95.0,2092,1,0,1,Pedestrian
20,1911.0,4.0,1969.0,95.0,2093,1,0,1,Pedestrian
20,1911.0,4.0,1969.0,95.0,2094,1,0,1,Pedestrian
20,1911.0,4.0,1969.0,95.0,2095,1,0,1,Pedestrian
20,1911.0,4.0,1969.0,95.0,2096,1,0,1,Pedestrian
20,1911.0,4.0,1969.0,95.0,2097,1,0,1,Pedestrian
20,1911.0,4.0,1969.0,95.0,2098,1,0,1,Pedestrian
20,1911.0,4.0,1969.0,95.0,2099,1,0,1,Pedestrian
20,1911.0,4.0,1969.0,95.0,2100,1,0,1,Pedestrian
20,1911.0,4.0,1969.0,95.0,2101,1,0,1,Pedestrian
20,1911.0,4.0,1969.0,95.0,2102,1,0,1,Pedestrian
20,1914.0,4.0,1971.0,95.0,2103,1,0,1,Pedestrian
20,1914.0,4.0,1971.0,95.0,2104,1,0,1,Pedestrian
20,1914.0,4.0,1971.0,95.0,2105,1,0,1,Pedestrian
20,1914.0,4.0,1971.0,95.0,2106,1,0,1,Pedestrian
20,1914.0,4.0,1971.0,95.0,2107,1,0,1,Pedestrian
20,1914.0,4.0,1971.0,95.0,2108,1,0,1,Pedestrian
20,1914.0,4.0,1971.0,95.0,2109,1,0,1,Pedestrian
20,1914.0,4.0,1971.0,95.0,2110,1,0,1,Pedestrian
20,1914.0,4.0,1971.0,95.0,2111,1,0,1,Pedestrian
20,1914.0,4.0,1971.0,95.0,2112,1,0,1,Pedestrian
20,1914.0,4.0,1971.0,95.0,2113,1,0,1,Pedestrian
20,1914.0,4.0,1971.0,95.0,2114,1,0,1,Pedestrian
20,1914.0,4.0,1971.0,95.0,2115,1,0,1,Pedestrian
20,1914.0,4.0,1971.0,95.0,2116,1,0,1,Pedestrian
20,1914.0,4.0,1971.0,95.0,2117,1,0,1,Pedestrian
20,1914.0,4.0,1971.0,95.0,2118,1,0,1,Pedestrian
20,1914.0,4.0,1971.0,95.0,2119,1,0,1,Pedestrian
20,1914.0,4.0,1971.0,95.0,2120,1,0,1,Pedestrian
20,1914.0,4.0,1971.0,95.0,2121,1,0,1,Pedestrian
20,1914.0,4.0,1971.0,95.0,2122,1,0,1,Pedestrian
20,1914.0,4.0,1971.0,95.0,2123,1,0,1,Pedestrian
20,1914.0,4.0,1971.0,95.0,2124,1,0,1,Pedestrian
20,1914.0,4.0,1971.0,95.0,2125,1,0,1,Pedestrian
20,1914.0,4.0,1971.0,95.0,2126,1,0,1,Pedestrian
20,1914.0,4.0,1971.0,95.0,2127,1,0,1,Pedestrian
20,1914.0,4.0,1971.0,95.0,2128,1,0,1,Pedestrian
20,1914.0,4.0,1971.0,95.0,2129,1,0,1,Pedestrian
20,1914.0,4.0,1971.0,95.0,2130,1,0,1,Pedestrian
20,1914.0,4.0,1971.0,95.0,2131,1,0,1,Pedestrian
20,1914.0,4.0,1971.0,95.0,2132,1,0,1,Pedestrian
20,1914.0,4.0,1971.0,95.0,2133,1,0,1,Pedestrian
20,1914.0,4.0,1971.0,95.0,2134,1,0,1,Pedestrian
20,1914.0,4.0,1971.0,95.0,2135,1,0,1,Pedestrian
20,1914.0,4.0,1971.0,95.0,2136,1,0,1,Pedestrian
20,1914.0,4.0,1971.0,95.0,2137,1,0,1,Pedestrian
20,1914.0,4.0,1971.0,95.0,2138,1,0,1,Pedestrian
20,1914.0,4.0,1971.0,95.0,2139,1,0,1,Pedestrian
20,1914.0,4.0,1971.0,95.0,2140,1,0,1,Pedestrian
20,1914.0,4.0,1971.0,95.0,2141,1,0,1,Pedestrian
20,1914.0,4.0,1971.0,95.0,2142,1,0,1,Pedestrian
20,1914.0,4.0,1971.0,95.0,2143,1,0,1,Pedestrian
20,1914.0,4.0,1971.0,95.0,2144,1,0,1,Pedestrian
20,1914.0,4.0,1971.0,95.0,2145,1,0,1,Pedestrian
20,1914.0,4.0,1971.0,95.0,2146,1,0,1,Pedestrian
20,1914.0,4.0,1971.0,95.0,2147,1,0,1,Pedestrian
20,1914.0,4.0,1971.0,95.0,2148,1,0,1,Pedestrian
20,1914.0,4.0,1971.0,95.0,2149,1,0,1,Pedestrian
20,1914.0,4.0,1971.0,95.0,2150,1,0,1,Pedestrian
20,1914.0,4.0,1971.0,95.0,2151,1,0,1,Pedestrian
20,1914.0,4.0,1971.0,95.0,2152,1,0,1,Pedestrian
20,1914.0,4.0,1971.0,95.0,2153,1,0,1,Pedestrian
20,1914.0,4.0,1971.0,95.0,2154,1,0,1,Pedestrian
20,1914.0,4.0,1971.0,95.0,2155,1,0,1,Pedestrian
20,1914.0,4.0,1971.0,95.0,2156,1,0,1,Pedestrian
20,1914.0,4.0,1971.0,95.0,2157,1,0,1,Pedestrian
20,1914.0,4.0,1971.0,95.0,2158,1,0,1,Pedestrian
20,1914.0,4.0,1971.0,95.0,2159,1,0,1,Pedestrian
20,1914.0,4.0,1971.0,95.0,2160,1,0,1,Pedestrian
20,1914.0,4.0,1971.0,95.0,2161,1,0,1,Pedestrian
20,1914.0,4.0,1971.0,95.0,2162,1,0,1,Pedestrian
20,1914.0,4.0,1971.0,95.0,2163,1,0,1,Pedestrian
20,1914.0,4.0,1971.0,95.0,2164,1,0,1,Pedestrian
20,1914.0,4.0,1971.0,95.0,2165,1,0,1,Pedestrian
20,1914.0,4.0,1971.0,95.0,2166,1,0,1,Pedestrian
20,1914.0,4.0,1971.0,95.0,2167,1,0,1,Pedestrian
20,1914.0,4.0,1971.0,95.0,2168,1,0,1,Pedestrian
20,1914.0,4.0,1971.0,95.0,2169,1,0,1,Pedestrian
20,1914.0,4.0,1971.0,95.0,2170,1,0,1,Pedestrian
20,1914.0,4.0,1971.0,95.0,2171,1,0,1,Pedestrian
20,1914.0,4.0,1971.0,95.0,2172,1,0,1,Pedestrian
20,1914.0,4.0,1971.0,95.0,2173,1,0,1,Pedestrian
20,1914.0,4.0,1971.0,95.0,2174,1,0,1,Pedestrian
20,1914.0,4.0,1971.0,95.0,2175,1,0,1,Pedestrian
20,1914.0,4.0,1971.0,95.0,2176,1,0,1,Pedestrian
20,1914.0,4.0,1971.0,95.0,2177,1,0,1,Pedestrian
20,1914.0,4.0,1971.0,95.0,2178,1,0,1,Pedestrian
20,1914.0,4.0,1971.0,95.0,2179,1,0,1,Pedestrian
20,1914.0,4.0,1971.0,95.0,2180,1,0,1,Pedestrian
20,1914.0,4.0,1971.0,95.0,2181,1,0,1,Pedestrian
20,1914.0,4.0,1971.0,95.0,2182,1,0,1,Pedestrian
20,1914.0,4.0,1971.0,95.0,2183,1,0,1,Pedestrian
20,1914.0,4.0,1971.0,95.0,2184,1,0,1,Pedestrian
20,1914.0,4.0,1971.0,95.0,2185,1,0,1,Pedestrian
20,1914.0,4.0,1971.0,95.0,2186,1,0,1,Pedestrian
20,1914.0,4.0,1971.0,95.0,2187,1,0,1,Pedestrian
20,1914.0,4.0,1971.0,95.0,2188,1,0,1,Pedestrian
20,1914.0,4.0,1971.0,95.0,2189,1,0,1,Pedestrian
20,1914.0,4.0,1971.0,95.0,2190,1,0,1,Pedestrian
20,1914.0,4.0,1971.0,95.0,2191,1,0,1,Pedestrian
20,1914.0,4.0,1971.0,95.0,2192,1,0,1,Pedestrian
20,1914.0,4.0,1971.0,95.0,2193,1,0,1,Pedestrian
20,1914.0,4.0,1971.0,95.0,2194,1,0,1,Pedestrian
20,1914.0,4.0,1971.0,95.0,2195,1,0,1,Pedestrian
20,1914.0,4.0,1971.0,95.0,2196,1,0,1,Pedestrian
20,1914.0,4.0,1971.0,95.0,2197,1,0,1,Pedestrian
20,1914.0,4.0,1971.0,95.0,2198,1,0,1,Pedestrian
20,1914.0,4.0,1971.0,95.0,2199,1,0,1,Pedestrian
20,1914.0,4.0,1971.0,95.0,2200,1,0,1,Pedestrian
20,1914.0,4.0,1971.0,95.0,2201,1,0,1,Pedestrian
20,1914.0,4.0,1971.0,95.0,2202,1,0,1,Pedestrian
20,1914.0,4.0,1971.0,95.0,2203,1,0,1,Pedestrian
20,1914.0,4.0,1971.0,95.0,2204,1,0,1,Pedestrian
20,1914.0,4.0,1971.0,95.0,2205,1,0,1,Pedestrian
20,1916.0,4.0,1974.0,95.0,2206,1,0,1,Pedestrian
20,1916.0,4.0,1974.0,95.0,2207,1,0,1,Pedestrian
20,1916.0,4.0,1974.0,95.0,2208,1,0,1,Pedestrian
20,1916.0,4.0,1974.0,95.0,2209,1,0,1,Pedestrian
20,1916.0,4.0,1974.0,95.0,2210,1,0,1,Pedestrian
20,1916.0,4.0,1974.0,95.0,2211,1,0,1,Pedestrian
20,1916.0,4.0,1974.0,95.0,2212,1,0,1,Pedestrian
20,1916.0,4.0,1974.0,95.0,2213,1,0,1,Pedestrian
20,1916.0,4.0,1974.0,95.0,2214,1,0,1,Pedestrian
20,1916.0,4.0,1974.0,95.0,2215,1,0,1,Pedestrian
20,1916.0,4.0,1974.0,95.0,2216,1,0,1,Pedestrian
20,1916.0,4.0,1974.0,95.0,2217,1,0,1,Pedestrian
20,1916.0,4.0,1974.0,95.0,2218,1,0,1,Pedestrian
20,1916.0,4.0,1974.0,95.0,2219,1,0,1,Pedestrian
20,1916.0,4.0,1974.0,95.0,2220,1,0,1,Pedestrian
20,1916.0,4.0,1974.0,95.0,2221,1,0,1,Pedestrian
20,1916.0,4.0,1974.0,95.0,2222,1,0,1,Pedestrian
20,1916.0,4.0,1974.0,95.0,2223,1,0,1,Pedestrian
20,1916.0,4.0,1974.0,95.0,2224,1,0,1,Pedestrian
20,1916.0,4.0,1974.0,95.0,2225,1,0,1,Pedestrian
20,1916.0,4.0,1974.0,95.0,2226,1,0,1,Pedestrian
20,1916.0,4.0,1974.0,95.0,2227,1,0,1,Pedestrian
20,1916.0,4.0,1974.0,95.0,2228,1,0,1,Pedestrian
20,1916.0,4.0,1974.0,95.0,2229,1,0,1,Pedestrian
20,1916.0,4.0,1974.0,95.0,2230,1,0,1,Pedestrian
20,1916.0,4.0,1974.0,95.0,2231,1,0,1,Pedestrian
20,1916.0,4.0,1974.0,95.0,2232,1,0,1,Pedestrian
20,1916.0,4.0,1974.0,95.0,2233,1,0,1,Pedestrian
20,1916.0,4.0,1974.0,95.0,2234,1,0,1,Pedestrian
20,1916.0,4.0,1974.0,95.0,2235,1,0,1,Pedestrian
20,1916.0,4.0,1974.0,95.0,2236,1,0,1,Pedestrian
20,1916.0,4.0,1974.0,95.0,2237,1,0,1,Pedestrian
20,1916.0,4.0,1974.0,95.0,2238,1,0,1,Pedestrian
20,1916.0,4.0,1974.0,95.0,2239,1,0,1,Pedestrian
20,1916.0,4.0,1974.0,95.0,2240,1,0,1,Pedestrian
20,1916.0,4.0,1974.0,95.0,2241,1,0,1,Pedestrian
20,1916.0,4.0,1974.0,95.0,2242,1,0,1,Pedestrian
20,1916.0,4.0,1974.0,95.0,2243,1,0,1,Pedestrian
20,1916.0,4.0,1974.0,95.0,2244,1,0,1,Pedestrian
20,1916.0,4.0,1974.0,95.0,2245,1,0,1,Pedestrian
20,1916.0,4.0,1974.0,95.0,2246,1,0,1,Pedestrian
20,1916.0,4.0,1974.0,95.0,2247,1,0,1,Pedestrian
20,1916.0,4.0,1974.0,95.0,2248,1,0,1,Pedestrian
20,1916.0,4.0,1974.0,95.0,2249,1,0,1,Pedestrian
20,1916.0,4.0,1974.0,95.0,2250,1,0,1,Pedestrian
20,1916.0,4.0,1974.0,95.0,2251,1,0,1,Pedestrian
20,1916.0,4.0,1974.0,95.0,2252,1,0,1,Pedestrian
20,1916.0,4.0,1974.0,95.0,2253,1,0,1,Pedestrian
20,1916.0,4.0,1974.0,95.0,2254,1,0,1,Pedestrian
20,1916.0,4.0,1974.0,95.0,2255,1,0,1,Pedestrian
20,1916.0,4.0,1974.0,95.0,2256,1,0,1,Pedestrian
20,1916.0,4.0,1974.0,95.0,2257,1,0,1,Pedestrian
20,1916.0,4.0,1974.0,95.0,2258,1,0,1,Pedestrian
20,1916.0,4.0,1974.0,95.0,2259,1,0,1,Pedestrian
20,1916.0,4.0,1974.0,95.0,2260,1,0,1,Pedestrian
20,1916.0,4.0,1974.0,95.0,2261,1,0,1,Pedestrian
20,1916.0,4.0,1974.0,95.0,2262,1,0,1,Pedestrian
20,1916.0,4.0,1974.0,95.0,2263,1,0,1,Pedestrian
20,1916.0,4.0,1974.0,95.0,2264,1,0,1,Pedestrian
20,1916.0,4.0,1974.0,95.0,2265,1,0,1,Pedestrian
20,1916.0,4.0,1974.0,95.0,2266,1,0,1,Pedestrian
20,1916.0,4.0,1974.0,95.0,2267,1,0,1,Pedestrian
20,1916.0,4.0,1974.0,95.0,2268,1,0,1,Pedestrian
20,1916.0,4.0,1974.0,95.0,2269,1,0,1,Pedestrian
20,1916.0,4.0,1974.0,95.0,2270,1,0,1,Pedestrian
20,1916.0,4.0,1974.0,95.0,2271,1,0,1,Pedestrian
20,1916.0,4.0,1974.0,95.0,2272,1,0,1,Pedestrian
20,1916.0,4.0,1974.0,95.0,2273,1,0,1,Pedestrian
20,1916.0,4.0,1974.0,95.0,2274,1,0,1,Pedestrian
20,1916.0,4.0,1974.0,95.0,2275,1,0,1,Pedestrian
20,1916.0,4.0,1974.0,95.0,2276,1,0,1,Pedestrian
20,1916.0,4.0,1974.0,95.0,2277,1,0,1,Pedestrian
20,1916.0,4.0,1974.0,95.0,2278,1,0,1,Pedestrian
20,1916.0,4.0,1974.0,95.0,2279,1,0,1,Pedestrian
20,1916.0,4.0,1974.0,95.0,2280,1,0,1,Pedestrian
20,1916.0,4.0,1974.0,95.0,2281,1,0,1,Pedestrian
20,1916.0,4.0,1974.0,95.0,2282,1,0,1,Pedestrian
20,1916.0,4.0,1974.0,95.0,2283,1,0,1,Pedestrian
20,1916.0,4.0,1974.0,95.0,2284,1,0,1,Pedestrian
20,1916.0,4.0,1974.0,95.0,2285,1,0,1,Pedestrian
20,1916.0,4.0,1974.0,95.0,2286,1,0,1,Pedestrian
20,1916.0,4.0,1974.0,95.0,2287,1,0,1,Pedestrian
20,1916.0,4.0,1974.0,95.0,2288,1,0,1,Pedestrian
20,1916.0,4.0,1974.0,95.0,2289,1,0,1,Pedestrian
20,1916.0,4.0,1974.0,95.0,2290,1,0,1,Pedestrian
20,1916.0,4.0,1974.0,95.0,2291,1,0,1,Pedestrian
20,1916.0,4.0,1974.0,95.0,2292,1,0,1,Pedestrian
20,1916.0,4.0,1974.0,95.0,2293,1,0,1,Pedestrian
20,1916.0,4.0,1974.0,95.0,2294,1,0,1,Pedestrian
20,1916.0,4.0,1974.0,95.0,2295,1,0,1,Pedestrian
20,1916.0,4.0,1974.0,95.0,2296,1,0,1,Pedestrian
20,1916.0,4.0,1974.0,95.0,2297,1,0,1,Pedestrian
20,1916.0,4.0,1974.0,95.0,2298,1,0,1,Pedestrian
20,1916.0,4.0,1974.0,95.0,2299,1,0,1,Pedestrian
20,1916.0,4.0,1974.0,95.0,2300,1,0,1,Pedestrian
20,1916.0,4.0,1974.0,95.0,2301,1,0,1,Pedestrian
20,1916.0,4.0,1974.0,95.0,2302,1,0,1,Pedestrian
20,1916.0,4.0,1974.0,95.0,2303,1,0,1,Pedestrian
20,1916.0,4.0,1974.0,95.0,2304,1,0,1,Pedestrian
20,1916.0,4.0,1974.0,95.0,2305,1,0,1,Pedestrian
20,1916.0,4.0,1974.0,95.0,2306,1,0,1,Pedestrian
20,1916.0,4.0,1974.0,95.0,2307,1,0,1,Pedestrian
20,1916.0,4.0,1974.0,95.0,2308,1,0,1,Pedestrian
20,1919.0,4.0,1977.0,95.0,2309,0,0,0,Pedestrian
20,1916.0,2.0,1974.0,93.0,2310,0,0,1,Pedestrian
20,1916.0,2.0,1974.0,91.0,2311,0,0,1,Pedestrian
20,1916.0,2.0,1974.0,91.0,2312,0,0,1,Pedestrian
20,1916.0,2.0,1974.0,88.0,2313,0,0,1,Pedestrian
20,1914.0,2.0,1971.0,88.0,2314,0,0,1,Pedestrian
20,1914.0,2.0,1971.0,86.0,2315,0,0,1,Pedestrian
20,1914.0,2.0,1971.0,86.0,2316,0,0,1,Pedestrian
20,1914.0,2.0,1971.0,84.0,2317,0,0,1,Pedestrian
20,1911.0,2.0,1969.0,84.0,2318,0,0,1,Pedestrian
20,1911.0,2.0,1969.0,81.0,2319,0,0,1,Pedestrian
20,1911.0,0.0,1969.0,79.0,2320,0,0,1,Pedestrian
20,1911.0,0.0,1969.0,79.0,2321,0,0,1,Pedestrian
20,1908.0,0.0,1966.0,77.0,2322,0,0,1,Pedestrian
20,1908.0,0.0,1966.0,77.0,2323,0,0,1,Pedestrian
20,1908.0,0.0,1966.0,75.0,2324,0,0,1,Pedestrian
20,1908.0,0.0,1966.0,75.0,2325,0,0,1,Pedestrian
20,1905.0,0.0,1963.0,72.0,2326,0,0,1,Pedestrian
20,1905.0,0.0,1963.0,72.0,2327,0,0,1,Pedestrian
20,1905.0,0.0,1963.0,70.0,2328,0,0,1,Pedestrian
20,1905.0,0.0,1963.0,70.0,2329,0,0,0,Pedestrian
20,1903.0,0.0,1960.0,68.0,2330,0,0,1,Pedestrian
20,1903.0,0.0,1960.0,68.0,2331,0,0,1,Pedestrian
20,1903.0,0.0,1960.0,66.0,2332,0,0,1,Pedestrian
20,1900.0,0.0,1958.0,66.0,2333,0,0,1,Pedestrian
20,1900.0,0.0,1958.0,63.0,2334,0,0,1,Pedestrian
20,1900.0,0.0,1958.0,63.0,2335,0,0,1,Pedestrian
20,1897.0,0.0,1955.0,61.0,2336,0,0,1,Pedestrian
20,1897.0,0.0,1955.0,61.0,2337,0,0,1,Pedestrian
20,1897.0,0.0,1955.0,59.0,2338,0,0,1,Pedestrian
20,1897.0,0.0,1955.0,59.0,2339,0,0,0,Pedestrian
20,1894.0,0.0,1952.0,56.0,2340,0,0,1,Pedestrian
20,1894.0,0.0,1952.0,54.0,2341,0,0,1,Pedestrian
20,1894.0,0.0,1952.0,52.0,2342,0,0,1,Pedestrian
20,1894.0,0.0,1952.0,52.0,2343,0,0,1,Pedestrian
20,1894.0,0.0,1952.0,50.0,2344,0,0,1,Pedestrian
20,1894.0,0.0,1952.0,47.0,2345,0,0,1,Pedestrian
20,1894.0,0.0,1952.0,47.0,2346,0,0,1,Pedestrian
20,1894.0,0.0,1952.0,45.0,2347,0,0,1,Pedestrian
20,1894.0,0.0,1952.0,43.0,2348,0,0,1,Pedestrian
20,1894.0,0.0,1952.0,43.0,2349,0,0,0,Pedestrian
20,1892.0,0.0,1949.0,40.0,2350,0,0,1,Pedestrian
20,1892.0,0.0,1949.0,40.0,2351,0,0,1,Pedestrian
20,1892.0,0.0,1949.0,40.0,2352,0,0,1,Pedestrian
20,1889.0,0.0,1947.0,40.0,2353,0,0,1,Pedestrian
20,1889.0,0.0,1947.0,40.0,2354,0,0,1,Pedestrian
20,1889.0,0.0,1947.0,38.0,2355,0,0,1,Pedestrian
20,1886.0,0.0,1944.0,38.0,2356,0,0,1,Pedestrian
20,1886.0,0.0,1944.0,38.0,2357,0,0,1,Pedestrian
20,1886.0,0.0,1944.0,38.0,2358,0,0,1,Pedestrian
20,1886.0,0.0,1944.0,38.0,2359,0,0,0,Pedestrian
20,1883.0,0.0,1941.0,36.0,2360,0,0,1,Pedestrian
20,1883.0,0.0,1941.0,36.0,2361,0,0,1,Pedestrian
20,1883.0,0.0,1941.0,34.0,2362,0,0,1,Pedestrian
20,1881.0,0.0,1938.0,34.0,2363,0,0,1,Pedestrian
20,1881.0,0.0,1938.0,34.0,2364,0,0,1,Pedestrian
20,1881.0,0.0,1938.0,31.0,2365,0,0,1,Pedestrian
20,1878.0,0.0,1936.0,31.0,2366,0,0,1,Pedestrian
20,1878.0,0.0,1936.0,29.0,2367,0,0,1,Pedestrian
20,1878.0,0.0,1936.0,29.0,2368,0,0,1,Pedestrian
20,1878.0,0.0,1936.0,29.0,2369,1,0,0,Pedestrian
20,1878.0,0.0,1936.0,29.0,2370,1,0,1,Pedestrian
20,1878.0,0.0,1936.0,29.0,2371,1,0,1,Pedestrian
20,1878.0,0.0,1936.0,29.0,2372,1,0,1,Pedestrian
20,1878.0,0.0,1936.0,29.0,2373,1,0,1,Pedestrian
20,1878.0,0.0,1936.0,29.0,2374,1,0,1,Pedestrian
20,1878.0,0.0,1936.0,29.0,2375,1,0,1,Pedestrian
20,1878.0,0.0,1936.0,29.0,2376,1,0,1,Pedestrian
20,1878.0,0.0,1936.0,29.0,2377,1,0,1,Pedestrian
20,1878.0,0.0,1936.0,29.0,2378,1,0,1,Pedestrian
20,1878.0,0.0,1936.0,29.0,2379,1,0,1,Pedestrian
20,1878.0,0.0,1936.0,29.0,2380,1,0,1,Pedestrian
20,1878.0,0.0,1936.0,29.0,2381,1,0,1,Pedestrian
20,1878.0,0.0,1936.0,29.0,2382,1,0,1,Pedestrian
20,1878.0,0.0,1936.0,29.0,2383,1,0,1,Pedestrian
20,1878.0,0.0,1936.0,29.0,2384,1,0,1,Pedestrian
20,1878.0,0.0,1936.0,29.0,2385,1,0,1,Pedestrian
20,1878.0,0.0,1936.0,29.0,2386,1,0,1,Pedestrian
20,1878.0,0.0,1936.0,29.0,2387,1,0,1,Pedestrian
20,1878.0,0.0,1936.0,29.0,2388,1,0,1,Pedestrian
20,1878.0,0.0,1936.0,29.0,2389,1,0,1,Pedestrian
20,1878.0,0.0,1936.0,29.0,2390,1,0,1,Pedestrian
20,1878.0,0.0,1936.0,29.0,2391,1,0,1,Pedestrian
20,1878.0,0.0,1936.0,29.0,2392,1,0,1,Pedestrian
20,1878.0,0.0,1936.0,29.0,2393,1,0,1,Pedestrian
20,1878.0,0.0,1936.0,29.0,2394,1,0,1,Pedestrian
20,1878.0,0.0,1936.0,29.0,2395,1,0,1,Pedestrian
20,1878.0,0.0,1936.0,29.0,2396,1,0,1,Pedestrian
20,1878.0,0.0,1936.0,29.0,2397,1,0,1,Pedestrian
20,1878.0,0.0,1936.0,29.0,2398,1,0,1,Pedestrian
20,1878.0,0.0,1936.0,29.0,2399,1,0,0,Pedestrian
20,1878.0,0.0,1936.0,29.0,2400,1,0,1,Pedestrian
20,1878.0,0.0,1936.0,29.0,2401,1,0,1,Pedestrian
20,1878.0,0.0,1936.0,29.0,2402,1,0,1,Pedestrian
20,1878.0,0.0,1936.0,29.0,2403,1,0,1,Pedestrian
20,1878.0,0.0,1936.0,29.0,2404,1,0,1,Pedestrian
20,1878.0,0.0,1936.0,29.0,2405,1,0,1,Pedestrian
20,1878.0,0.0,1936.0,29.0,2406,1,0,1,Pedestrian
20,1878.0,0.0,1936.0,29.0,2407,1,0,1,Pedestrian
20,1878.0,0.0,1936.0,29.0,2408,1,0,1,Pedestrian
20,1878.0,0.0,1936.0,29.0,2409,1,0,1,Pedestrian
20,1878.0,0.0,1936.0,29.0,2410,1,0,1,Pedestrian
20,1878.0,0.0,1936.0,29.0,2411,1,0,1,Pedestrian
20,1878.0,0.0,1936.0,29.0,2412,1,0,1,Pedestrian
20,1878.0,0.0,1936.0,29.0,2413,1,0,1,Pedestrian
20,1878.0,0.0,1936.0,29.0,2414,1,0,1,Pedestrian
20,1878.0,0.0,1936.0,29.0,2415,1,0,1,Pedestrian
20,1878.0,0.0,1936.0,29.0,2416,1,0,1,Pedestrian
20,1878.0,0.0,1936.0,29.0,2417,1,0,1,Pedestrian
20,1878.0,0.0,1936.0,29.0,2418,1,0,1,Pedestrian
20,1878.0,0.0,1936.0,29.0,2419,1,0,1,Pedestrian
20,1878.0,0.0,1936.0,29.0,2420,1,0,1,Pedestrian
20,1878.0,0.0,1936.0,29.0,2421,1,0,1,Pedestrian
20,1878.0,0.0,1936.0,29.0,2422,1,0,1,Pedestrian
20,1878.0,0.0,1936.0,29.0,2423,1,0,1,Pedestrian
20,1878.0,0.0,1936.0,29.0,2424,1,0,1,Pedestrian
20,1878.0,0.0,1936.0,29.0,2425,1,0,1,Pedestrian
20,1878.0,0.0,1936.0,29.0,2426,1,0,1,Pedestrian
20,1878.0,0.0,1936.0,29.0,2427,1,0,1,Pedestrian
20,1878.0,0.0,1936.0,29.0,2428,1,0,1,Pedestrian
20,1878.0,0.0,1936.0,29.0,2429,1,0,1,Pedestrian
20,1878.0,0.0,1936.0,29.0,2430,1,0,1,Pedestrian
20,1878.0,0.0,1936.0,29.0,2431,1,0,1,Pedestrian
20,1878.0,0.0,1936.0,29.0,2432,1,0,1,Pedestrian
20,1878.0,0.0,1936.0,29.0,2433,1,0,1,Pedestrian
20,1878.0,0.0,1936.0,29.0,2434,1,0,1,Pedestrian
20,1878.0,0.0,1936.0,29.0,2435,1,0,1,Pedestrian
20,1878.0,0.0,1936.0,29.0,2436,1,0,1,Pedestrian
20,1878.0,0.0,1936.0,29.0,2437,1,0,1,Pedestrian
20,1878.0,0.0,1936.0,29.0,2438,1,0,1,Pedestrian
20,1878.0,0.0,1936.0,29.0,2439,1,0,1,Pedestrian
20,1878.0,0.0,1936.0,29.0,2440,1,0,1,Pedestrian
20,1878.0,0.0,1936.0,29.0,2441,1,0,1,Pedestrian
20,1878.0,0.0,1936.0,29.0,2442,1,0,1,Pedestrian
20,1878.0,0.0,1936.0,29.0,2443,1,0,1,Pedestrian
20,1878.0,0.0,1936.0,29.0,2444,1,0,1,Pedestrian
20,1878.0,0.0,1936.0,29.0,2445,1,0,1,Pedestrian
20,1878.0,0.0,1936.0,29.0,2446,1,0,1,Pedestrian
20,1878.0,0.0,1936.0,29.0,2447,1,0,1,Pedestrian
20,1878.0,0.0,1936.0,29.0,2448,1,0,1,Pedestrian
20,1878.0,0.0,1936.0,29.0,2449,1,0,1,Pedestrian
20,1878.0,0.0,1936.0,29.0,2450,1,0,1,Pedestrian
20,1878.0,0.0,1936.0,29.0,2451,1,0,1,Pedestrian
20,1878.0,0.0,1936.0,29.0,2452,1,0,1,Pedestrian
20,1878.0,0.0,1936.0,29.0,2453,1,0,1,Pedestrian
20,1878.0,0.0,1936.0,29.0,2454,1,0,1,Pedestrian
20,1878.0,0.0,1936.0,29.0,2455,1,0,1,Pedestrian
20,1878.0,0.0,1936.0,29.0,2456,1,0,1,Pedestrian
20,1878.0,0.0,1936.0,29.0,2457,1,0,1,Pedestrian
20,1878.0,0.0,1936.0,29.0,2458,1,0,1,Pedestrian
20,1878.0,0.0,1936.0,29.0,2459,1,0,1,Pedestrian
20,1878.0,0.0,1936.0,29.0,2460,1,0,1,Pedestrian
20,1878.0,0.0,1936.0,29.0,2461,1,0,1,Pedestrian
20,1878.0,0.0,1936.0,29.0,2462,1,0,1,Pedestrian
20,1878.0,0.0,1936.0,29.0,2463,1,0,1,Pedestrian
20,1878.0,0.0,1936.0,29.0,2464,1,0,1,Pedestrian
20,1878.0,0.0,1936.0,29.0,2465,1,0,1,Pedestrian
20,1878.0,0.0,1936.0,29.0,2466,1,0,1,Pedestrian
20,1878.0,0.0,1936.0,29.0,2467,1,0,1,Pedestrian
20,1878.0,0.0,1936.0,29.0,2468,1,0,1,Pedestrian
20,1878.0,0.0,1936.0,29.0,2469,1,0,1,Pedestrian
20,1878.0,0.0,1936.0,29.0,2470,1,0,1,Pedestrian
20,1878.0,0.0,1936.0,29.0,2471,1,0,1,Pedestrian
20,1878.0,0.0,1936.0,29.0,2472,1,0,1,Pedestrian
20,1878.0,0.0,1936.0,29.0,2473,1,0,1,Pedestrian
20,1878.0,0.0,1936.0,29.0,2474,1,0,1,Pedestrian
20,1878.0,0.0,1936.0,29.0,2475,1,0,1,Pedestrian
20,1878.0,0.0,1936.0,29.0,2476,1,0,1,Pedestrian
20,1878.0,0.0,1936.0,29.0,2477,1,0,1,Pedestrian
20,1878.0,0.0,1936.0,29.0,2478,1,0,1,Pedestrian
20,1878.0,0.0,1936.0,29.0,2479,1,0,1,Pedestrian
20,1878.0,0.0,1936.0,29.0,2480,1,0,1,Pedestrian
20,1878.0,0.0,1936.0,29.0,2481,1,0,1,Pedestrian
20,1878.0,0.0,1936.0,29.0,2482,1,0,1,Pedestrian
20,1878.0,0.0,1936.0,29.0,2483,1,0,1,Pedestrian
20,1878.0,0.0,1936.0,29.0,2484,1,0,1,Pedestrian
20,1878.0,0.0,1936.0,29.0,2485,1,0,1,Pedestrian
20,1878.0,0.0,1936.0,29.0,2486,1,0,1,Pedestrian
20,1878.0,0.0,1936.0,29.0,2487,1,0,1,Pedestrian
20,1878.0,0.0,1936.0,29.0,2488,1,0,1,Pedestrian
20,1878.0,0.0,1936.0,29.0,2489,1,0,1,Pedestrian
20,1878.0,0.0,1936.0,29.0,2490,1,0,1,Pedestrian
20,1878.0,0.0,1936.0,29.0,2491,1,0,1,Pedestrian
20,1878.0,0.0,1936.0,29.0,2492,1,0,1,Pedestrian
20,1878.0,0.0,1936.0,29.0,2493,1,0,1,Pedestrian
20,1878.0,0.0,1936.0,29.0,2494,1,0,1,Pedestrian
20,1878.0,0.0,1936.0,29.0,2495,1,0,1,Pedestrian
20,1878.0,0.0,1936.0,29.0,2496,1,0,1,Pedestrian
20,1878.0,0.0,1936.0,29.0,2497,1,0,1,Pedestrian
20,1878.0,0.0,1936.0,29.0,2498,1,0,1,Pedestrian
20,1878.0,0.0,1936.0,29.0,2499,1,0,1,Pedestrian
20,1878.0,0.0,1936.0,29.0,2500,1,0,1,Pedestrian
20,1878.0,0.0,1936.0,29.0,2501,1,0,1,Pedestrian
20,1878.0,0.0,1936.0,29.0,2502,1,0,1,Pedestrian
20,1878.0,0.0,1936.0,29.0,2503,1,0,1,Pedestrian
20,1878.0,0.0,1936.0,29.0,2504,1,0,1,Pedestrian
20,1878.0,0.0,1936.0,29.0,2505,1,0,1,Pedestrian
20,1878.0,0.0,1936.0,29.0,2506,1,0,1,Pedestrian
20,1878.0,0.0,1936.0,29.0,2507,1,0,1,Pedestrian
20,1878.0,0.0,1936.0,29.0,2508,1,0,1,Pedestrian
20,1878.0,0.0,1936.0,29.0,2509,1,0,1,Pedestrian
20,1878.0,0.0,1936.0,29.0,2510,1,0,1,Pedestrian
20,1878.0,0.0,1936.0,29.0,2511,1,0,1,Pedestrian
20,1878.0,0.0,1936.0,29.0,2512,1,0,1,Pedestrian
20,1878.0,0.0,1936.0,29.0,2513,1,0,1,Pedestrian
20,1878.0,0.0,1936.0,29.0,2514,1,0,1,Pedestrian
20,1878.0,0.0,1936.0,29.0,2515,1,0,1,Pedestrian
20,1878.0,0.0,1936.0,29.0,2516,1,0,1,Pedestrian
20,1878.0,0.0,1936.0,29.0,2517,1,0,1,Pedestrian
20,1878.0,0.0,1936.0,29.0,2518,1,0,1,Pedestrian
20,1878.0,0.0,1936.0,29.0,2519,1,0,1,Pedestrian
20,1878.0,0.0,1936.0,29.0,2520,1,0,1,Pedestrian
20,1878.0,0.0,1936.0,29.0,2521,1,0,1,Pedestrian
20,1878.0,0.0,1936.0,29.0,2522,1,0,1,Pedestrian
20,1878.0,0.0,1936.0,29.0,2523,1,0,1,Pedestrian
20,1878.0,0.0,1936.0,29.0,2524,1,0,1,Pedestrian
20,1878.0,0.0,1936.0,29.0,2525,1,0,1,Pedestrian
20,1878.0,0.0,1936.0,29.0,2526,1,0,1,Pedestrian
20,1878.0,0.0,1936.0,29.0,2527,1,0,1,Pedestrian
20,1878.0,0.0,1936.0,29.0,2528,1,0,1,Pedestrian
20,1878.0,0.0,1936.0,29.0,2529,1,0,1,Pedestrian
20,1878.0,0.0,1936.0,29.0,2530,1,0,1,Pedestrian
20,1878.0,0.0,1936.0,29.0,2531,1,0,0,Pedestrian
21,418.0,1029.0,506.0,1095.0,2000,1,0,0,Pedestrian
21,418.0,1029.0,506.0,1095.0,2001,1,0,1,Pedestrian
21,418.0,1029.0,506.0,1095.0,2002,1,0,1,Pedestrian
21,418.0,1029.0,506.0,1095.0,2003,1,0,1,Pedestrian
21,418.0,1029.0,506.0,1095.0,2004,1,0,1,Pedestrian
21,418.0,1029.0,506.0,1095.0,2005,1,0,1,Pedestrian
21,418.0,1029.0,506.0,1095.0,2006,1,0,1,Pedestrian
21,418.0,1029.0,506.0,1095.0,2007,1,0,1,Pedestrian
21,418.0,1029.0,506.0,1095.0,2008,1,0,1,Pedestrian
21,418.0,1029.0,506.0,1095.0,2009,1,0,1,Pedestrian
21,418.0,1029.0,506.0,1095.0,2010,1,0,1,Pedestrian
21,418.0,1029.0,506.0,1095.0,2011,1,0,1,Pedestrian
21,418.0,1029.0,506.0,1095.0,2012,1,0,1,Pedestrian
21,418.0,1029.0,506.0,1095.0,2013,1,0,1,Pedestrian
21,418.0,1029.0,506.0,1095.0,2014,1,0,1,Pedestrian
21,418.0,1029.0,506.0,1095.0,2015,1,0,1,Pedestrian
21,418.0,1029.0,506.0,1095.0,2016,1,0,1,Pedestrian
21,418.0,1029.0,506.0,1095.0,2017,1,0,1,Pedestrian
21,418.0,1029.0,506.0,1095.0,2018,1,0,1,Pedestrian
21,418.0,1029.0,506.0,1095.0,2019,1,0,1,Pedestrian
21,418.0,1029.0,506.0,1095.0,2020,1,0,1,Pedestrian
21,418.0,1029.0,506.0,1095.0,2021,1,0,1,Pedestrian
21,418.0,1029.0,506.0,1095.0,2022,1,0,1,Pedestrian
21,418.0,1029.0,506.0,1095.0,2023,1,0,1,Pedestrian
21,418.0,1029.0,506.0,1095.0,2024,1,0,1,Pedestrian
21,418.0,1029.0,506.0,1095.0,2025,1,0,1,Pedestrian
21,418.0,1029.0,506.0,1095.0,2026,1,0,1,Pedestrian
21,418.0,1029.0,506.0,1095.0,2027,1,0,1,Pedestrian
21,418.0,1029.0,506.0,1095.0,2028,1,0,1,Pedestrian
21,418.0,1029.0,506.0,1095.0,2029,1,0,1,Pedestrian
21,418.0,1029.0,506.0,1095.0,2030,1,0,1,Pedestrian
21,418.0,1029.0,506.0,1095.0,2031,1,0,1,Pedestrian
21,418.0,1029.0,506.0,1095.0,2032,1,0,1,Pedestrian
21,418.0,1029.0,506.0,1095.0,2033,1,0,1,Pedestrian
21,418.0,1029.0,506.0,1095.0,2034,1,0,1,Pedestrian
21,418.0,1029.0,506.0,1095.0,2035,1,0,1,Pedestrian
21,418.0,1029.0,506.0,1095.0,2036,1,0,1,Pedestrian
21,418.0,1029.0,506.0,1095.0,2037,1,0,1,Pedestrian
21,418.0,1029.0,506.0,1095.0,2038,1,0,1,Pedestrian
21,418.0,1029.0,506.0,1095.0,2039,1,0,1,Pedestrian
21,418.0,1029.0,506.0,1095.0,2040,1,0,1,Pedestrian
21,418.0,1029.0,506.0,1095.0,2041,1,0,1,Pedestrian
21,418.0,1029.0,506.0,1095.0,2042,1,0,1,Pedestrian
21,418.0,1029.0,506.0,1095.0,2043,1,0,1,Pedestrian
21,418.0,1029.0,506.0,1095.0,2044,1,0,1,Pedestrian
21,418.0,1029.0,506.0,1095.0,2045,1,0,1,Pedestrian
21,418.0,1029.0,506.0,1095.0,2046,1,0,1,Pedestrian
21,418.0,1029.0,506.0,1095.0,2047,1,0,1,Pedestrian
21,418.0,1029.0,506.0,1095.0,2048,1,0,1,Pedestrian
21,418.0,1029.0,506.0,1095.0,2049,1,0,1,Pedestrian
21,418.0,1029.0,506.0,1095.0,2050,1,0,1,Pedestrian
21,418.0,1029.0,506.0,1095.0,2051,1,0,1,Pedestrian
21,418.0,1029.0,506.0,1095.0,2052,1,0,1,Pedestrian
21,418.0,1029.0,506.0,1095.0,2053,1,0,1,Pedestrian
21,418.0,1029.0,506.0,1095.0,2054,1,0,1,Pedestrian
21,418.0,1029.0,506.0,1095.0,2055,1,0,1,Pedestrian
21,418.0,1029.0,506.0,1095.0,2056,1,0,1,Pedestrian
21,418.0,1029.0,506.0,1095.0,2057,1,0,1,Pedestrian
21,418.0,1029.0,506.0,1095.0,2058,1,0,1,Pedestrian
21,418.0,1029.0,506.0,1095.0,2059,1,0,1,Pedestrian
21,418.0,1029.0,506.0,1095.0,2060,1,0,1,Pedestrian
21,418.0,1029.0,506.0,1095.0,2061,1,0,1,Pedestrian
21,418.0,1029.0,506.0,1095.0,2062,1,0,1,Pedestrian
21,418.0,1029.0,506.0,1095.0,2063,1,0,1,Pedestrian
21,418.0,1029.0,506.0,1095.0,2064,1,0,1,Pedestrian
21,418.0,1029.0,506.0,1095.0,2065,1,0,1,Pedestrian
21,418.0,1029.0,506.0,1095.0,2066,1,0,1,Pedestrian
21,418.0,1029.0,506.0,1095.0,2067,1,0,1,Pedestrian
21,418.0,1029.0,506.0,1095.0,2068,1,0,1,Pedestrian
21,418.0,1029.0,506.0,1095.0,2069,1,0,1,Pedestrian
21,418.0,1029.0,506.0,1095.0,2070,1,0,1,Pedestrian
21,418.0,1029.0,506.0,1095.0,2071,1,0,1,Pedestrian
21,418.0,1029.0,506.0,1095.0,2072,1,0,1,Pedestrian
21,418.0,1029.0,506.0,1095.0,2073,1,0,1,Pedestrian
21,418.0,1029.0,506.0,1095.0,2074,1,0,1,Pedestrian
21,418.0,1029.0,506.0,1095.0,2075,1,0,1,Pedestrian
21,418.0,1029.0,506.0,1095.0,2076,1,0,1,Pedestrian
21,418.0,1029.0,506.0,1095.0,2077,1,0,1,Pedestrian
21,418.0,1029.0,506.0,1095.0,2078,1,0,1,Pedestrian
21,418.0,1029.0,506.0,1095.0,2079,1,0,1,Pedestrian
21,418.0,1029.0,506.0,1095.0,2080,1,0,1,Pedestrian
21,418.0,1029.0,506.0,1095.0,2081,1,0,1,Pedestrian
21,418.0,1029.0,506.0,1095.0,2082,1,0,1,Pedestrian
21,418.0,1029.0,506.0,1095.0,2083,1,0,1,Pedestrian
21,418.0,1029.0,506.0,1095.0,2084,1,0,1,Pedestrian
21,418.0,1029.0,506.0,1095.0,2085,1,0,1,Pedestrian
21,418.0,1029.0,506.0,1095.0,2086,1,0,1,Pedestrian
21,418.0,1029.0,506.0,1095.0,2087,1,0,1,Pedestrian
21,418.0,1029.0,506.0,1095.0,2088,1,0,1,Pedestrian
21,418.0,1029.0,506.0,1095.0,2089,1,0,1,Pedestrian
21,418.0,1029.0,506.0,1095.0,2090,1,0,1,Pedestrian
21,418.0,1029.0,506.0,1095.0,2091,1,0,1,Pedestrian
21,418.0,1029.0,506.0,1095.0,2092,1,0,1,Pedestrian
21,418.0,1029.0,506.0,1095.0,2093,1,0,1,Pedestrian
21,418.0,1029.0,506.0,1095.0,2094,1,0,1,Pedestrian
21,418.0,1029.0,506.0,1095.0,2095,1,0,1,Pedestrian
21,418.0,1029.0,506.0,1095.0,2096,1,0,1,Pedestrian
21,418.0,1029.0,506.0,1095.0,2097,1,0,1,Pedestrian
21,418.0,1029.0,506.0,1095.0,2098,1,0,1,Pedestrian
21,418.0,1029.0,506.0,1095.0,2099,1,0,1,Pedestrian
21,418.0,1029.0,506.0,1095.0,2100,1,0,1,Pedestrian
21,418.0,1029.0,506.0,1095.0,2101,1,0,1,Pedestrian
21,418.0,1029.0,506.0,1095.0,2102,1,0,1,Pedestrian
21,418.0,1029.0,506.0,1095.0,2103,1,0,1,Pedestrian
21,418.0,1029.0,506.0,1095.0,2104,1,0,1,Pedestrian
21,418.0,1029.0,506.0,1095.0,2105,1,0,1,Pedestrian
21,418.0,1029.0,506.0,1095.0,2106,1,0,1,Pedestrian
21,418.0,1029.0,506.0,1095.0,2107,1,0,1,Pedestrian
21,418.0,1029.0,506.0,1095.0,2108,1,0,1,Pedestrian
21,418.0,1029.0,506.0,1095.0,2109,1,0,1,Pedestrian
21,418.0,1029.0,506.0,1095.0,2110,1,0,1,Pedestrian
21,418.0,1029.0,506.0,1095.0,2111,1,0,1,Pedestrian
21,418.0,1029.0,506.0,1095.0,2112,1,0,1,Pedestrian
21,418.0,1029.0,506.0,1095.0,2113,1,0,1,Pedestrian
21,418.0,1029.0,506.0,1095.0,2114,1,0,1,Pedestrian
21,418.0,1029.0,506.0,1095.0,2115,1,0,1,Pedestrian
21,418.0,1029.0,506.0,1095.0,2116,1,0,1,Pedestrian
21,418.0,1029.0,506.0,1095.0,2117,1,0,1,Pedestrian
21,418.0,1029.0,506.0,1095.0,2118,1,0,1,Pedestrian
21,418.0,1029.0,506.0,1095.0,2119,1,0,1,Pedestrian
21,418.0,1029.0,506.0,1095.0,2120,1,0,1,Pedestrian
21,418.0,1029.0,506.0,1095.0,2121,1,0,1,Pedestrian
21,418.0,1029.0,506.0,1095.0,2122,1,0,1,Pedestrian
21,418.0,1029.0,506.0,1095.0,2123,1,0,1,Pedestrian
21,418.0,1029.0,506.0,1095.0,2124,1,0,1,Pedestrian
21,418.0,1029.0,506.0,1095.0,2125,1,0,1,Pedestrian
21,418.0,1029.0,506.0,1095.0,2126,1,0,1,Pedestrian
21,418.0,1029.0,506.0,1095.0,2127,1,0,1,Pedestrian
21,418.0,1029.0,506.0,1095.0,2128,1,0,1,Pedestrian
21,418.0,1029.0,506.0,1095.0,2129,1,0,1,Pedestrian
21,418.0,1029.0,506.0,1095.0,2130,1,0,1,Pedestrian
21,418.0,1029.0,506.0,1095.0,2131,1,0,1,Pedestrian
21,418.0,1029.0,506.0,1095.0,2132,1,0,1,Pedestrian
21,418.0,1029.0,506.0,1095.0,2133,1,0,1,Pedestrian
21,418.0,1029.0,506.0,1095.0,2134,1,0,1,Pedestrian
21,418.0,1029.0,506.0,1095.0,2135,1,0,1,Pedestrian
21,418.0,1029.0,506.0,1095.0,2136,1,0,1,Pedestrian
21,418.0,1029.0,506.0,1095.0,2137,1,0,1,Pedestrian
21,418.0,1029.0,506.0,1095.0,2138,1,0,1,Pedestrian
21,418.0,1029.0,506.0,1095.0,2139,1,0,1,Pedestrian
21,418.0,1029.0,506.0,1095.0,2140,1,0,1,Pedestrian
21,418.0,1029.0,506.0,1095.0,2141,1,0,1,Pedestrian
21,418.0,1029.0,506.0,1095.0,2142,1,0,1,Pedestrian
21,418.0,1029.0,506.0,1095.0,2143,1,0,1,Pedestrian
21,418.0,1029.0,506.0,1095.0,2144,1,0,1,Pedestrian
21,418.0,1029.0,506.0,1095.0,2145,0,0,0,Pedestrian
21,415.0,1026.0,503.0,1093.0,2146,0,0,1,Pedestrian
21,415.0,1026.0,503.0,1093.0,2147,0,0,1,Pedestrian
21,415.0,1024.0,503.0,1090.0,2148,0,0,1,Pedestrian
21,415.0,1024.0,503.0,1090.0,2149,0,0,1,Pedestrian
21,412.0,1022.0,500.0,1088.0,2150,0,0,1,Pedestrian
21,412.0,1022.0,500.0,1088.0,2151,0,0,1,Pedestrian
21,412.0,1020.0,500.0,1086.0,2152,0,0,1,Pedestrian
21,412.0,1020.0,500.0,1086.0,2153,0,0,1,Pedestrian
21,409.0,1017.0,497.0,1083.0,2154,0,0,1,Pedestrian
21,409.0,1017.0,497.0,1083.0,2155,0,0,1,Pedestrian
21,409.0,1017.0,497.0,1083.0,2156,0,0,1,Pedestrian
21,409.0,1015.0,497.0,1081.0,2157,0,0,1,Pedestrian
21,407.0,1015.0,495.0,1081.0,2158,0,0,1,Pedestrian
21,407.0,1013.0,495.0,1079.0,2159,0,0,1,Pedestrian
21,407.0,1013.0,495.0,1079.0,2160,0,0,1,Pedestrian
21,407.0,1011.0,495.0,1077.0,2161,0,0,1,Pedestrian
21,407.0,1011.0,495.0,1077.0,2162,0,0,1,Pedestrian
21,404.0,1008.0,492.0,1074.0,2163,0,0,1,Pedestrian
21,404.0,1008.0,492.0,1074.0,2164,0,0,1,Pedestrian
21,404.0,1008.0,492.0,1074.0,2165,0,0,1,Pedestrian
21,404.0,1006.0,492.0,1072.0,2166,0,0,1,Pedestrian
21,401.0,1006.0,489.0,1072.0,2167,0,0,1,Pedestrian
21,401.0,1004.0,489.0,1070.0,2168,0,0,1,Pedestrian
21,401.0,1004.0,489.0,1070.0,2169,0,0,1,Pedestrian
21,401.0,1001.0,489.0,1067.0,2170,0,0,1,Pedestrian
21,398.0,1001.0,486.0,1067.0,2171,0,0,1,Pedestrian
21,398.0,999.0,486.0,1065.0,2172,0,0,1,Pedestrian
21,398.0,999.0,486.0,1065.0,2173,0,0,1,Pedestrian
21,398.0,997.0,486.0,1063.0,2174,0,0,1,Pedestrian
21,398.0,997.0,486.0,1063.0,2175,0,0,1,Pedestrian
21,396.0,997.0,484.0,1063.0,2176,0,0,1,Pedestrian
21,396.0,995.0,484.0,1061.0,2177,0,0,1,Pedestrian
21,396.0,995.0,484.0,1061.0,2178,0,0,1,Pedestrian
21,396.0,992.0,484.0,1058.0,2179,0,0,1,Pedestrian
21,393.0,992.0,481.0,1058.0,2180,0,0,1,Pedestrian
21,393.0,990.0,481.0,1056.0,2181,0,0,1,Pedestrian
21,393.0,990.0,481.0,1056.0,2182,0,0,1,Pedestrian
21,393.0,988.0,481.0,1054.0,2183,0,0,1,Pedestrian
21,390.0,988.0,478.0,1054.0,2184,0,0,1,Pedestrian
21,390.0,988.0,478.0,1054.0,2185,0,0,1,Pedestrian
21,390.0,985.0,478.0,1052.0,2186,0,0,1,Pedestrian
21,390.0,985.0,478.0,1052.0,2187,0,0,1,Pedestrian
21,387.0,983.0,475.0,1049.0,2188,0,0,1,Pedestrian
21,387.0,983.0,475.0,1049.0,2189,0,0,1,Pedestrian
21,387.0,981.0,475.0,1047.0,2190,0,0,1,Pedestrian
21,387.0,981.0,475.0,1047.0,2191,0,0,1,Pedestrian
21,387.0,979.0,475.0,1045.0,2192,0,0,1,Pedestrian
21,385.0,979.0,473.0,1045.0,2193,0,0,1,Pedestrian
21,385.0,976.0,473.0,1042.0,2194,0,0,1,Pedestrian
21,385.0,976.0,473.0,1042.0,2195,0,0,1,Pedestrian
21,385.0,976.0,473.0,1042.0,2196,0,0,1,Pedestrian
21,382.0,974.0,470.0,1040.0,2197,0,0,1,Pedestrian
21,382.0,974.0,470.0,1040.0,2198,0,0,1,Pedestrian
21,382.0,972.0,470.0,1038.0,2199,0,0,1,Pedestrian
21,382.0,972.0,470.0,1038.0,2200,0,0,1,Pedestrian
21,379.0,970.0,467.0,1036.0,2201,0,0,1,Pedestrian
21,379.0,970.0,467.0,1036.0,2202,0,0,1,Pedestrian
21,379.0,967.0,467.0,1033.0,2203,0,0,1,Pedestrian
21,379.0,967.0,467.0,1033.0,2204,0,0,1,Pedestrian
21,379.0,967.0,467.0,1033.0,2205,0,0,0,Pedestrian
21,376.0,965.0,464.0,1031.0,2206,0,0,1,Pedestrian
21,376.0,963.0,464.0,1029.0,2207,0,0,1,Pedestrian
21,374.0,963.0,462.0,1029.0,2208,0,0,1,Pedestrian
21,374.0,960.0,462.0,1026.0,2209,0,0,1,Pedestrian
21,374.0,960.0,462.0,1026.0,2210,0,0,1,Pedestrian
21,371.0,958.0,459.0,1024.0,2211,0,0,1,Pedestrian
21,371.0,956.0,459.0,1022.0,2212,0,0,1,Pedestrian
21,371.0,956.0,459.0,1022.0,2213,0,0,1,Pedestrian
21,368.0,954.0,456.0,1020.0,2214,0,0,1,Pedestrian
21,368.0,954.0,456.0,1020.0,2215,0,0,1,Pedestrian
21,365.0,951.0,453.0,1017.0,2216,0,0,1,Pedestrian
21,365.0,949.0,453.0,1015.0,2217,0,0,1,Pedestrian
21,365.0,949.0,453.0,1015.0,2218,0,0,1,Pedestrian
21,363.0,947.0,451.0,1013.0,2219,0,0,1,Pedestrian
21,363.0,947.0,451.0,1013.0,2220,0,0,1,Pedestrian
21,363.0,944.0,451.0,1011.0,2221,0,0,1,Pedestrian
21,360.0,942.0,448.0,1008.0,2222,0,0,1,Pedestrian
21,360.0,942.0,448.0,1008.0,2223,0,0,1,Pedestrian
21,357.0,940.0,445.0,1006.0,2224,0,0,1,Pedestrian
21,357.0,940.0,445.0,1006.0,2225,0,0,1,Pedestrian
21,357.0,938.0,445.0,1004.0,2226,0,0,1,Pedestrian
21,354.0,935.0,442.0,1001.0,2227,0,0,1,Pedestrian
21,354.0,935.0,442.0,1001.0,2228,0,0,1,Pedestrian
21,354.0,933.0,442.0,999.0,2229,0,0,1,Pedestrian
21,352.0,933.0,440.0,999.0,2230,0,0,1,Pedestrian
21,352.0,931.0,440.0,997.0,2231,0,0,1,Pedestrian
21,349.0,929.0,437.0,995.0,2232,0,0,1,Pedestrian
21,349.0,929.0,437.0,995.0,2233,0,0,1,Pedestrian
21,349.0,926.0,437.0,992.0,2234,0,0,1,Pedestrian
21,346.0,926.0,434.0,992.0,2235,0,0,1,Pedestrian
21,346.0,924.0,434.0,990.0,2236,0,0,1,Pedestrian
21,346.0,922.0,434.0,988.0,2237,0,0,1,Pedestrian
21,343.0,922.0,431.0,988.0,2238,0,0,1,Pedestrian
21,343.0,919.0,431.0,985.0,2239,0,0,1,Pedestrian
21,341.0,919.0,429.0,985.0,2240,0,0,1,Pedestrian
21,341.0,917.0,429.0,983.0,2241,0,0,1,Pedestrian
21,341.0,915.0,429.0,981.0,2242,0,0,1,Pedestrian
21,338.0,915.0,426.0,981.0,2243,0,0,1,Pedestrian
21,338.0,913.0,426.0,979.0,2244,0,0,1,Pedestrian
21,338.0,913.0,426.0,979.0,2245,0,0,0,Pedestrian
21,335.0,910.0,423.0,976.0,2246,0,0,1,Pedestrian
21,332.0,910.0,420.0,976.0,2247,0,0,1,Pedestrian
21,330.0,910.0,418.0,976.0,2248,0,0,1,Pedestrian
21,327.0,910.0,415.0,976.0,2249,0,0,1,Pedestrian
21,324.0,910.0,412.0,976.0,2250,0,0,1,Pedestrian
21,321.0,908.0,409.0,974.0,2251,0,0,1,Pedestrian
21,321.0,908.0,409.0,974.0,2252,0,0,1,Pedestrian
21,319.0,908.0,407.0,974.0,2253,0,0,1,Pedestrian
21,316.0,908.0,404.0,974.0,2254,0,0,1,Pedestrian
21,313.0,908.0,401.0,974.0,2255,0,0,1,Pedestrian
21,310.0,908.0,398.0,974.0,2256,0,0,1,Pedestrian
21,308.0,906.0,396.0,972.0,2257,0,0,1,Pedestrian
21,305.0,906.0,393.0,972.0,2258,0,0,1,Pedestrian
21,305.0,906.0,393.0,972.0,2259,0,0,1,Pedestrian
21,302.0,906.0,390.0,972.0,2260,0,0,1,Pedestrian
21,299.0,906.0,387.0,972.0,2261,0,0,1,Pedestrian
21,297.0,906.0,385.0,972.0,2262,0,0,1,Pedestrian
21,294.0,904.0,382.0,970.0,2263,0,0,1,Pedestrian
21,291.0,904.0,379.0,970.0,2264,0,0,1,Pedestrian
21,291.0,904.0,379.0,970.0,2265,0,0,1,Pedestrian
21,288.0,904.0,376.0,970.0,2266,0,0,1,Pedestrian
21,286.0,904.0,374.0,970.0,2267,0,0,1,Pedestrian
21,283.0,901.0,371.0,967.0,2268,0,0,1,Pedestrian
21,280.0,901.0,368.0,967.0,2269,0,0,1,Pedestrian
21,277.0,901.0,365.0,967.0,2270,0,0,1,Pedestrian
21,275.0,901.0,363.0,967.0,2271,0,0,1,Pedestrian
21,275.0,901.0,363.0,967.0,2272,0,0,1,Pedestrian
21,272.0,901.0,360.0,967.0,2273,0,0,1,Pedestrian
21,269.0,899.0,357.0,965.0,2274,0,0,1,Pedestrian
21,266.0,899.0,354.0,965.0,2275,0,0,1,Pedestrian
21,264.0,899.0,352.0,965.0,2276,0,0,1,Pedestrian
21,261.0,899.0,349.0,965.0,2277,0,0,1,Pedestrian
21,258.0,899.0,346.0,965.0,2278,0,0,1,Pedestrian
21,258.0,899.0,346.0,965.0,2279,0,0,1,Pedestrian
21,255.0,897.0,343.0,963.0,2280,0,0,1,Pedestrian
21,253.0,897.0,341.0,963.0,2281,0,0,1,Pedestrian
21,250.0,897.0,338.0,963.0,2282,0,0,1,Pedestrian
21,247.0,897.0,335.0,963.0,2283,0,0,1,Pedestrian
21,244.0,897.0,332.0,963.0,2284,0,0,1,Pedestrian
21,244.0,897.0,332.0,963.0,2285,0,0,0,Pedestrian
21,242.0,894.0,330.0,960.0,2286,0,0,1,Pedestrian
21,239.0,894.0,327.0,960.0,2287,0,0,1,Pedestrian
21,239.0,894.0,327.0,960.0,2288,0,0,1,Pedestrian
21,236.0,894.0,324.0,960.0,2289,0,0,1,Pedestrian
21,236.0,894.0,324.0,960.0,2290,0,0,1,Pedestrian
21,233.0,894.0,321.0,960.0,2291,0,0,1,Pedestrian
21,233.0,894.0,321.0,960.0,2292,0,0,1,Pedestrian
21,231.0,894.0,319.0,960.0,2293,0,0,1,Pedestrian
21,231.0,894.0,319.0,960.0,2294,0,0,1,Pedestrian
21,228.0,894.0,316.0,960.0,2295,0,0,1,Pedestrian
21,225.0,892.0,313.0,958.0,2296,0,0,1,Pedestrian
21,225.0,892.0,313.0,958.0,2297,0,0,1,Pedestrian
21,222.0,892.0,310.0,958.0,2298,0,0,1,Pedestrian
21,222.0,892.0,310.0,958.0,2299,0,0,1,Pedestrian
21,220.0,892.0,308.0,958.0,2300,0,0,1,Pedestrian
21,220.0,892.0,308.0,958.0,2301,0,0,1,Pedestrian
21,217.0,892.0,305.0,958.0,2302,0,0,1,Pedestrian
21,217.0,892.0,305.0,958.0,2303,0,0,1,Pedestrian
21,214.0,892.0,302.0,958.0,2304,0,0,1,Pedestrian
21,214.0,892.0,302.0,958.0,2305,0,0,1,Pedestrian
21,211.0,890.0,299.0,956.0,2306,0,0,1,Pedestrian
21,209.0,890.0,297.0,956.0,2307,0,0,1,Pedestrian
21,209.0,890.0,297.0,956.0,2308,0,0,1,Pedestrian
21,206.0,890.0,294.0,956.0,2309,0,0,1,Pedestrian
21,206.0,890.0,294.0,956.0,2310,0,0,1,Pedestrian
21,203.0,890.0,291.0,956.0,2311,0,0,1,Pedestrian
21,203.0,890.0,291.0,956.0,2312,0,0,1,Pedestrian
21,200.0,890.0,288.0,956.0,2313,0,0,1,Pedestrian
21,200.0,890.0,288.0,956.0,2314,0,0,1,Pedestrian
21,198.0,890.0,286.0,956.0,2315,0,0,1,Pedestrian
21,195.0,888.0,283.0,954.0,2316,0,0,1,Pedestrian
21,195.0,888.0,283.0,954.0,2317,0,0,1,Pedestrian
21,192.0,888.0,280.0,954.0,2318,0,0,1,Pedestrian
21,192.0,888.0,280.0,954.0,2319,0,0,1,Pedestrian
21,189.0,888.0,277.0,954.0,2320,0,0,1,Pedestrian
21,189.0,888.0,277.0,954.0,2321,0,0,1,Pedestrian
21,187.0,888.0,275.0,954.0,2322,0,0,1,Pedestrian
21,187.0,888.0,275.0,954.0,2323,0,0,1,Pedestrian
21,184.0,888.0,272.0,954.0,2324,0,0,1,Pedestrian
21,184.0,888.0,272.0,954.0,2325,0,0,0,Pedestrian
21,181.0,888.0,269.0,954.0,2326,0,0,1,Pedestrian
21,178.0,888.0,266.0,954.0,2327,0,0,1,Pedestrian
21,176.0,888.0,264.0,954.0,2328,0,0,1,Pedestrian
21,176.0,888.0,264.0,954.0,2329,0,0,1,Pedestrian
21,173.0,888.0,261.0,954.0,2330,0,0,1,Pedestrian
21,170.0,888.0,258.0,954.0,2331,0,0,1,Pedestrian
21,167.0,888.0,255.0,954.0,2332,0,0,1,Pedestrian
21,167.0,888.0,255.0,954.0,2333,0,0,1,Pedestrian
21,165.0,888.0,253.0,954.0,2334,0,0,1,Pedestrian
21,162.0,888.0,250.0,954.0,2335,0,0,1,Pedestrian
21,159.0,888.0,247.0,954.0,2336,0,0,1,Pedestrian
21,159.0,888.0,247.0,954.0,2337,0,0,1,Pedestrian
21,156.0,888.0,244.0,954.0,2338,0,0,1,Pedestrian
21,154.0,888.0,242.0,954.0,2339,0,0,1,Pedestrian
21,154.0,888.0,242.0,954.0,2340,0,0,1,Pedestrian
21,151.0,888.0,239.0,954.0,2341,0,0,1,Pedestrian
21,148.0,888.0,236.0,954.0,2342,0,0,1,Pedestrian
21,145.0,888.0,233.0,954.0,2343,0,0,1,Pedestrian
21,145.0,888.0,233.0,954.0,2344,0,0,1,Pedestrian
21,143.0,888.0,231.0,954.0,2345,0,0,1,Pedestrian
21,140.0,888.0,228.0,954.0,2346,0,0,1,Pedestrian
21,137.0,888.0,225.0,954.0,2347,0,0,1,Pedestrian
21,137.0,888.0,225.0,954.0,2348,0,0,1,Pedestrian
21,134.0,888.0,222.0,954.0,2349,0,0,1,Pedestrian
21,132.0,888.0,220.0,954.0,2350,0,0,1,Pedestrian
21,129.0,888.0,217.0,954.0,2351,0,0,1,Pedestrian
21,129.0,888.0,217.0,954.0,2352,0,0,1,Pedestrian
21,126.0,888.0,214.0,954.0,2353,0,0,1,Pedestrian
21,123.0,888.0,211.0,954.0,2354,0,0,1,Pedestrian
21,123.0,888.0,211.0,954.0,2355,0,0,0,Pedestrian
21,121.0,885.0,209.0,951.0,2356,0,0,1,Pedestrian
21,118.0,885.0,206.0,951.0,2357,0,0,1,Pedestrian
21,118.0,885.0,206.0,951.0,2358,0,0,1,Pedestrian
21,115.0,885.0,203.0,951.0,2359,0,0,1,Pedestrian
21,115.0,885.0,203.0,951.0,2360,0,0,1,Pedestrian
21,112.0,885.0,200.0,951.0,2361,0,0,1,Pedestrian
21,112.0,885.0,200.0,951.0,2362,0,0,1,Pedestrian
21,110.0,885.0,198.0,951.0,2363,0,0,1,Pedestrian
21,107.0,885.0,195.0,951.0,2364,0,0,1,Pedestrian
21,107.0,885.0,195.0,951.0,2365,0,0,1,Pedestrian
21,104.0,883.0,192.0,949.0,2366,0,0,1,Pedestrian
21,104.0,883.0,192.0,949.0,2367,0,0,1,Pedestrian
21,101.0,883.0,189.0,949.0,2368,0,0,1,Pedestrian
21,101.0,883.0,189.0,949.0,2369,0,0,1,Pedestrian
21,99.0,883.0,187.0,949.0,2370,0,0,1,Pedestrian
21,96.0,883.0,184.0,949.0,2371,0,0,1,Pedestrian
21,96.0,883.0,184.0,949.0,2372,0,0,1,Pedestrian
21,93.0,883.0,181.0,949.0,2373,0,0,1,Pedestrian
21,93.0,883.0,181.0,949.0,2374,0,0,1,Pedestrian
21,90.0,883.0,178.0,949.0,2375,0,0,1,Pedestrian
21,90.0,881.0,178.0,947.0,2376,0,0,1,Pedestrian
21,88.0,881.0,176.0,947.0,2377,0,0,1,Pedestrian
21,85.0,881.0,173.0,947.0,2378,0,0,1,Pedestrian
21,85.0,881.0,173.0,947.0,2379,0,0,1,Pedestrian
21,82.0,881.0,170.0,947.0,2380,0,0,1,Pedestrian
21,82.0,881.0,170.0,947.0,2381,0,0,1,Pedestrian
21,79.0,881.0,167.0,947.0,2382,0,0,1,Pedestrian
21,79.0,881.0,167.0,947.0,2383,0,0,1,Pedestrian
21,77.0,881.0,165.0,947.0,2384,0,0,1,Pedestrian
21,77.0,881.0,165.0,947.0,2385,0,0,0,Pedestrian
21,74.0,881.0,162.0,947.0,2386,0,0,1,Pedestrian
21,71.0,881.0,159.0,947.0,2387,0,0,1,Pedestrian
21,68.0,881.0,156.0,947.0,2388,0,0,1,Pedestrian
21,68.0,881.0,156.0,947.0,2389,0,0,1,Pedestrian
21,66.0,881.0,154.0,947.0,2390,0,0,1,Pedestrian
21,63.0,881.0,151.0,947.0,2391,0,0,1,Pedestrian
21,63.0,881.0,151.0,947.0,2392,0,0,1,Pedestrian
21,60.0,881.0,148.0,947.0,2393,0,0,1,Pedestrian
21,57.0,881.0,145.0,947.0,2394,0,0,1,Pedestrian
21,57.0,881.0,145.0,947.0,2395,0,0,1,Pedestrian
21,55.0,881.0,143.0,947.0,2396,0,0,1,Pedestrian
21,52.0,881.0,140.0,947.0,2397,0,0,1,Pedestrian
21,49.0,881.0,137.0,947.0,2398,0,0,1,Pedestrian
21,49.0,881.0,137.0,947.0,2399,0,0,1,Pedestrian
21,46.0,881.0,134.0,947.0,2400,0,0,1,Pedestrian
21,44.0,881.0,132.0,947.0,2401,0,0,1,Pedestrian
21,44.0,881.0,132.0,947.0,2402,0,0,1,Pedestrian
21,41.0,881.0,129.0,947.0,2403,0,0,1,Pedestrian
21,38.0,881.0,126.0,947.0,2404,0,0,1,Pedestrian
21,38.0,881.0,126.0,947.0,2405,0,0,1,Pedestrian
21,35.0,881.0,123.0,947.0,2406,0,0,1,Pedestrian
21,33.0,881.0,121.0,947.0,2407,0,0,1,Pedestrian
21,30.0,881.0,118.0,947.0,2408,0,0,1,Pedestrian
21,30.0,881.0,118.0,947.0,2409,0,0,1,Pedestrian
21,27.0,881.0,115.0,947.0,2410,0,0,1,Pedestrian
21,24.0,881.0,112.0,947.0,2411,0,0,1,Pedestrian
21,24.0,881.0,112.0,947.0,2412,0,0,1,Pedestrian
21,22.0,881.0,110.0,947.0,2413,0,0,1,Pedestrian
21,19.0,881.0,107.0,947.0,2414,0,0,1,Pedestrian
21,19.0,881.0,107.0,947.0,2415,0,0,0,Pedestrian
21,16.0,881.0,104.0,947.0,2416,0,0,1,Pedestrian
21,16.0,881.0,101.0,947.0,2417,0,0,1,Pedestrian
21,13.0,881.0,101.0,947.0,2418,0,0,1,Pedestrian
21,13.0,881.0,99.0,947.0,2419,0,0,1,Pedestrian
21,13.0,881.0,99.0,947.0,2420,0,0,1,Pedestrian
21,11.0,881.0,96.0,947.0,2421,0,0,1,Pedestrian
21,11.0,881.0,93.0,947.0,2422,0,0,1,Pedestrian
21,11.0,881.0,93.0,947.0,2423,0,0,1,Pedestrian
21,8.0,881.0,90.0,947.0,2424,0,0,1,Pedestrian
21,8.0,881.0,90.0,947.0,2425,0,0,1,Pedestrian
21,8.0,881.0,88.0,947.0,2426,0,0,1,Pedestrian
21,5.0,881.0,85.0,947.0,2427,0,0,1,Pedestrian
21,5.0,881.0,85.0,947.0,2428,0,0,1,Pedestrian
21,5.0,881.0,82.0,947.0,2429,0,0,1,Pedestrian
21,2.0,881.0,82.0,947.0,2430,0,0,1,Pedestrian
21,2.0,881.0,79.0,947.0,2431,0,0,1,Pedestrian
21,2.0,881.0,77.0,947.0,2432,0,0,1,Pedestrian
21,0.0,881.0,77.0,947.0,2433,0,0,1,Pedestrian
21,0.0,881.0,74.0,947.0,2434,0,0,1,Pedestrian
21,0.0,881.0,74.0,947.0,2435,0,0,0,Pedestrian
21,0.0,881.0,71.0,947.0,2436,0,0,1,Pedestrian
21,0.0,881.0,71.0,947.0,2437,0,0,1,Pedestrian
21,0.0,881.0,71.0,947.0,2438,0,0,1,Pedestrian
21,0.0,881.0,68.0,947.0,2439,0,0,1,Pedestrian
21,0.0,881.0,68.0,947.0,2440,0,0,1,Pedestrian
21,0.0,881.0,68.0,947.0,2441,0,0,1,Pedestrian
21,0.0,881.0,66.0,947.0,2442,0,0,1,Pedestrian
21,0.0,881.0,66.0,947.0,2443,0,0,1,Pedestrian
21,0.0,881.0,66.0,947.0,2444,0,0,1,Pedestrian
21,0.0,881.0,66.0,947.0,2445,0,0,0,Pedestrian
21,0.0,878.0,63.0,944.0,2446,0,0,1,Pedestrian
21,0.0,878.0,63.0,944.0,2447,0,0,1,Pedestrian
21,0.0,878.0,60.0,944.0,2448,0,0,1,Pedestrian
21,0.0,878.0,60.0,944.0,2449,0,0,1,Pedestrian
21,0.0,878.0,60.0,944.0,2450,0,0,1,Pedestrian
21,0.0,878.0,57.0,944.0,2451,0,0,1,Pedestrian
21,0.0,878.0,57.0,944.0,2452,0,0,1,Pedestrian
21,0.0,878.0,57.0,944.0,2453,0,0,1,Pedestrian
21,0.0,878.0,55.0,944.0,2454,0,0,1,Pedestrian
21,0.0,878.0,55.0,944.0,2455,0,0,1,Pedestrian
21,0.0,876.0,55.0,942.0,2456,0,0,1,Pedestrian
21,0.0,876.0,52.0,942.0,2457,0,0,1,Pedestrian
21,0.0,876.0,52.0,942.0,2458,0,0,1,Pedestrian
21,0.0,876.0,52.0,942.0,2459,0,0,1,Pedestrian
21,0.0,876.0,49.0,942.0,2460,0,0,1,Pedestrian
21,0.0,876.0,49.0,942.0,2461,0,0,1,Pedestrian
21,0.0,876.0,49.0,942.0,2462,0,0,1,Pedestrian
21,0.0,876.0,46.0,942.0,2463,0,0,1,Pedestrian
21,0.0,876.0,46.0,942.0,2464,0,0,1,Pedestrian
21,0.0,876.0,46.0,942.0,2465,0,0,0,Pedestrian
21,0.0,876.0,44.0,942.0,2466,0,0,1,Pedestrian
21,0.0,876.0,41.0,942.0,2467,0,0,1,Pedestrian
21,0.0,876.0,38.0,942.0,2468,0,0,1,Pedestrian
21,0.0,876.0,35.0,942.0,2469,0,0,1,Pedestrian
21,0.0,876.0,33.0,942.0,2470,0,0,1,Pedestrian
21,0.0,876.0,30.0,942.0,2471,0,0,1,Pedestrian
21,0.0,876.0,27.0,942.0,2472,0,0,1,Pedestrian
21,0.0,876.0,24.0,942.0,2473,0,0,1,Pedestrian
21,0.0,876.0,22.0,942.0,2474,0,0,1,Pedestrian
21,0.0,876.0,22.0,942.0,2475,1,0,0,Pedestrian
21,0.0,876.0,22.0,942.0,2476,1,0,1,Pedestrian
21,0.0,876.0,22.0,942.0,2477,1,0,1,Pedestrian
21,0.0,876.0,22.0,942.0,2478,1,0,1,Pedestrian
21,0.0,876.0,22.0,942.0,2479,1,0,1,Pedestrian
21,0.0,876.0,22.0,942.0,2480,1,0,1,Pedestrian
21,0.0,876.0,22.0,942.0,2481,1,0,1,Pedestrian
21,0.0,876.0,22.0,942.0,2482,1,0,1,Pedestrian
21,0.0,876.0,22.0,942.0,2483,1,0,1,Pedestrian
21,0.0,876.0,22.0,942.0,2484,1,0,1,Pedestrian
21,0.0,876.0,22.0,942.0,2485,1,0,0,Pedestrian
21,0.0,876.0,22.0,942.0,2486,1,0,1,Pedestrian
21,0.0,876.0,22.0,942.0,2487,1,0,1,Pedestrian
21,0.0,876.0,22.0,942.0,2488,1,0,1,Pedestrian
21,0.0,876.0,22.0,942.0,2489,1,0,1,Pedestrian
21,0.0,876.0,22.0,942.0,2490,1,0,1,Pedestrian
21,0.0,876.0,22.0,942.0,2491,1,0,1,Pedestrian
21,0.0,876.0,22.0,942.0,2492,1,0,1,Pedestrian
21,0.0,876.0,22.0,942.0,2493,1,0,1,Pedestrian
21,0.0,876.0,22.0,942.0,2494,1,0,1,Pedestrian
21,0.0,876.0,22.0,942.0,2495,1,0,1,Pedestrian
21,0.0,876.0,22.0,942.0,2496,1,0,1,Pedestrian
21,0.0,876.0,22.0,942.0,2497,1,0,1,Pedestrian
21,0.0,876.0,22.0,942.0,2498,1,0,1,Pedestrian
21,0.0,876.0,22.0,942.0,2499,1,0,1,Pedestrian
21,0.0,876.0,22.0,942.0,2500,1,0,1,Pedestrian
21,0.0,876.0,22.0,942.0,2501,1,0,1,Pedestrian
21,0.0,876.0,22.0,942.0,2502,1,0,1,Pedestrian
21,0.0,876.0,22.0,942.0,2503,1,0,1,Pedestrian
21,0.0,876.0,22.0,942.0,2504,1,0,1,Pedestrian
21,0.0,876.0,22.0,942.0,2505,1,0,1,Pedestrian
21,0.0,876.0,22.0,942.0,2506,1,0,1,Pedestrian
21,0.0,876.0,22.0,942.0,2507,1,0,1,Pedestrian
21,0.0,876.0,22.0,942.0,2508,1,0,1,Pedestrian
21,0.0,876.0,22.0,942.0,2509,1,0,1,Pedestrian
21,0.0,876.0,22.0,942.0,2510,1,0,1,Pedestrian
21,0.0,876.0,22.0,942.0,2511,1,0,1,Pedestrian
21,0.0,876.0,22.0,942.0,2512,1,0,1,Pedestrian
21,0.0,876.0,22.0,942.0,2513,1,0,1,Pedestrian
21,0.0,876.0,22.0,942.0,2514,1,0,1,Pedestrian
21,0.0,876.0,22.0,942.0,2515,1,0,1,Pedestrian
21,0.0,876.0,22.0,942.0,2516,1,0,1,Pedestrian
21,0.0,876.0,22.0,942.0,2517,1,0,1,Pedestrian
21,0.0,876.0,22.0,942.0,2518,1,0,1,Pedestrian
21,0.0,876.0,22.0,942.0,2519,1,0,1,Pedestrian
21,0.0,876.0,22.0,942.0,2520,1,0,1,Pedestrian
21,0.0,876.0,22.0,942.0,2521,1,0,1,Pedestrian
21,0.0,876.0,22.0,942.0,2522,1,0,1,Pedestrian
21,0.0,876.0,22.0,942.0,2523,1,0,1,Pedestrian
21,0.0,876.0,22.0,942.0,2524,1,0,1,Pedestrian
21,0.0,876.0,22.0,942.0,2525,1,0,1,Pedestrian
21,0.0,876.0,22.0,942.0,2526,1,0,1,Pedestrian
21,0.0,876.0,22.0,942.0,2527,1,0,1,Pedestrian
21,0.0,876.0,22.0,942.0,2528,1,0,1,Pedestrian
21,0.0,876.0,22.0,942.0,2529,1,0,1,Pedestrian
21,0.0,876.0,22.0,942.0,2530,1,0,1,Pedestrian
21,0.0,876.0,22.0,942.0,2531,1,0,0,Pedestrian
22,368.0,1047.0,451.0,1093.0,2000,1,0,0,Pedestrian
22,368.0,1047.0,451.0,1093.0,2001,1,0,1,Pedestrian
22,368.0,1047.0,451.0,1093.0,2002,1,0,1,Pedestrian
22,368.0,1047.0,451.0,1093.0,2003,1,0,1,Pedestrian
22,368.0,1047.0,451.0,1093.0,2004,1,0,1,Pedestrian
22,368.0,1047.0,451.0,1093.0,2005,1,0,1,Pedestrian
22,368.0,1047.0,451.0,1093.0,2006,1,0,1,Pedestrian
22,368.0,1047.0,451.0,1093.0,2007,1,0,1,Pedestrian
22,368.0,1047.0,451.0,1093.0,2008,1,0,1,Pedestrian
22,368.0,1047.0,451.0,1093.0,2009,1,0,1,Pedestrian
22,368.0,1047.0,451.0,1093.0,2010,1,0,1,Pedestrian
22,368.0,1047.0,451.0,1093.0,2011,1,0,1,Pedestrian
22,368.0,1047.0,451.0,1093.0,2012,1,0,1,Pedestrian
22,368.0,1047.0,451.0,1093.0,2013,1,0,1,Pedestrian
22,368.0,1047.0,451.0,1093.0,2014,1,0,1,Pedestrian
22,368.0,1047.0,451.0,1093.0,2015,1,0,1,Pedestrian
22,368.0,1047.0,451.0,1093.0,2016,1,0,1,Pedestrian
22,368.0,1047.0,451.0,1093.0,2017,1,0,1,Pedestrian
22,368.0,1047.0,451.0,1093.0,2018,1,0,1,Pedestrian
22,368.0,1047.0,451.0,1093.0,2019,1,0,1,Pedestrian
22,368.0,1047.0,451.0,1093.0,2020,1,0,1,Pedestrian
22,368.0,1047.0,451.0,1093.0,2021,1,0,1,Pedestrian
22,368.0,1047.0,451.0,1093.0,2022,1,0,1,Pedestrian
22,368.0,1047.0,451.0,1093.0,2023,1,0,1,Pedestrian
22,368.0,1047.0,451.0,1093.0,2024,1,0,1,Pedestrian
22,368.0,1047.0,451.0,1093.0,2025,1,0,1,Pedestrian
22,368.0,1047.0,451.0,1093.0,2026,1,0,1,Pedestrian
22,368.0,1047.0,451.0,1093.0,2027,1,0,1,Pedestrian
22,368.0,1047.0,451.0,1093.0,2028,1,0,1,Pedestrian
22,368.0,1047.0,451.0,1093.0,2029,1,0,1,Pedestrian
22,368.0,1047.0,451.0,1093.0,2030,1,0,1,Pedestrian
22,368.0,1047.0,451.0,1093.0,2031,1,0,1,Pedestrian
22,368.0,1047.0,451.0,1093.0,2032,1,0,1,Pedestrian
22,368.0,1047.0,451.0,1093.0,2033,1,0,1,Pedestrian
22,368.0,1047.0,451.0,1093.0,2034,1,0,1,Pedestrian
22,368.0,1047.0,451.0,1093.0,2035,1,0,1,Pedestrian
22,368.0,1047.0,451.0,1093.0,2036,1,0,1,Pedestrian
22,368.0,1047.0,451.0,1093.0,2037,1,0,1,Pedestrian
22,368.0,1047.0,451.0,1093.0,2038,1,0,1,Pedestrian
22,368.0,1047.0,451.0,1093.0,2039,1,0,1,Pedestrian
22,368.0,1047.0,451.0,1093.0,2040,1,0,1,Pedestrian
22,368.0,1047.0,451.0,1093.0,2041,1,0,1,Pedestrian
22,368.0,1047.0,451.0,1093.0,2042,1,0,1,Pedestrian
22,368.0,1047.0,451.0,1093.0,2043,1,0,1,Pedestrian
22,368.0,1047.0,451.0,1093.0,2044,1,0,1,Pedestrian
22,368.0,1047.0,451.0,1093.0,2045,1,0,1,Pedestrian
22,368.0,1047.0,451.0,1093.0,2046,1,0,1,Pedestrian
22,368.0,1047.0,451.0,1093.0,2047,1,0,1,Pedestrian
22,368.0,1047.0,451.0,1093.0,2048,1,0,1,Pedestrian
22,368.0,1047.0,451.0,1093.0,2049,1,0,1,Pedestrian
22,368.0,1047.0,451.0,1093.0,2050,1,0,1,Pedestrian
22,368.0,1047.0,451.0,1093.0,2051,1,0,1,Pedestrian
22,368.0,1047.0,451.0,1093.0,2052,1,0,1,Pedestrian
22,368.0,1047.0,451.0,1093.0,2053,1,0,1,Pedestrian
22,368.0,1047.0,451.0,1093.0,2054,1,0,1,Pedestrian
22,368.0,1047.0,451.0,1093.0,2055,1,0,1,Pedestrian
22,368.0,1047.0,451.0,1093.0,2056,1,0,1,Pedestrian
22,368.0,1047.0,451.0,1093.0,2057,1,0,1,Pedestrian
22,368.0,1047.0,451.0,1093.0,2058,1,0,1,Pedestrian
22,368.0,1047.0,451.0,1093.0,2059,1,0,1,Pedestrian
22,368.0,1047.0,451.0,1093.0,2060,1,0,1,Pedestrian
22,368.0,1047.0,451.0,1093.0,2061,1,0,1,Pedestrian
22,368.0,1047.0,451.0,1093.0,2062,1,0,1,Pedestrian
22,368.0,1047.0,451.0,1093.0,2063,1,0,1,Pedestrian
22,368.0,1047.0,451.0,1093.0,2064,1,0,1,Pedestrian
22,368.0,1047.0,451.0,1093.0,2065,1,0,1,Pedestrian
22,368.0,1047.0,451.0,1093.0,2066,1,0,1,Pedestrian
22,368.0,1047.0,451.0,1093.0,2067,1,0,1,Pedestrian
22,368.0,1047.0,451.0,1093.0,2068,1,0,1,Pedestrian
22,368.0,1047.0,451.0,1093.0,2069,1,0,1,Pedestrian
22,368.0,1047.0,451.0,1093.0,2070,1,0,1,Pedestrian
22,368.0,1047.0,451.0,1093.0,2071,1,0,1,Pedestrian
22,368.0,1047.0,451.0,1093.0,2072,1,0,1,Pedestrian
22,368.0,1047.0,451.0,1093.0,2073,1,0,1,Pedestrian
22,368.0,1047.0,451.0,1093.0,2074,1,0,1,Pedestrian
22,368.0,1047.0,451.0,1093.0,2075,1,0,1,Pedestrian
22,368.0,1047.0,451.0,1093.0,2076,1,0,1,Pedestrian
22,368.0,1047.0,451.0,1093.0,2077,1,0,1,Pedestrian
22,368.0,1047.0,451.0,1093.0,2078,1,0,1,Pedestrian
22,368.0,1047.0,451.0,1093.0,2079,1,0,1,Pedestrian
22,368.0,1047.0,451.0,1093.0,2080,1,0,1,Pedestrian
22,368.0,1047.0,451.0,1093.0,2081,1,0,1,Pedestrian
22,368.0,1047.0,451.0,1093.0,2082,1,0,1,Pedestrian
22,368.0,1047.0,451.0,1093.0,2083,1,0,1,Pedestrian
22,368.0,1047.0,451.0,1093.0,2084,1,0,1,Pedestrian
22,368.0,1047.0,451.0,1093.0,2085,1,0,1,Pedestrian
22,368.0,1047.0,451.0,1093.0,2086,1,0,1,Pedestrian
22,368.0,1047.0,451.0,1093.0,2087,1,0,1,Pedestrian
22,368.0,1047.0,451.0,1093.0,2088,1,0,1,Pedestrian
22,368.0,1047.0,451.0,1093.0,2089,1,0,1,Pedestrian
22,368.0,1047.0,451.0,1093.0,2090,1,0,1,Pedestrian
22,368.0,1047.0,451.0,1093.0,2091,1,0,1,Pedestrian
22,368.0,1047.0,451.0,1093.0,2092,1,0,1,Pedestrian
22,368.0,1047.0,451.0,1093.0,2093,1,0,1,Pedestrian
22,368.0,1047.0,451.0,1093.0,2094,1,0,1,Pedestrian
22,368.0,1047.0,451.0,1093.0,2095,1,0,1,Pedestrian
22,368.0,1047.0,451.0,1093.0,2096,1,0,1,Pedestrian
22,368.0,1047.0,451.0,1093.0,2097,1,0,1,Pedestrian
22,368.0,1047.0,451.0,1093.0,2098,1,0,1,Pedestrian
22,368.0,1047.0,451.0,1093.0,2099,1,0,1,Pedestrian
22,368.0,1047.0,451.0,1093.0,2100,1,0,1,Pedestrian
22,368.0,1047.0,451.0,1093.0,2101,1,0,1,Pedestrian
22,368.0,1047.0,451.0,1093.0,2102,1,0,1,Pedestrian
22,368.0,1047.0,451.0,1093.0,2103,1,0,1,Pedestrian
22,368.0,1047.0,451.0,1093.0,2104,1,0,1,Pedestrian
22,368.0,1047.0,451.0,1093.0,2105,1,0,1,Pedestrian
22,368.0,1047.0,451.0,1093.0,2106,1,0,1,Pedestrian
22,368.0,1047.0,451.0,1093.0,2107,1,0,1,Pedestrian
22,368.0,1047.0,451.0,1093.0,2108,1,0,1,Pedestrian
22,368.0,1047.0,451.0,1093.0,2109,1,0,1,Pedestrian
22,368.0,1047.0,451.0,1093.0,2110,1,0,1,Pedestrian
22,368.0,1047.0,451.0,1093.0,2111,1,0,1,Pedestrian
22,368.0,1047.0,451.0,1093.0,2112,1,0,1,Pedestrian
22,368.0,1047.0,451.0,1093.0,2113,1,0,1,Pedestrian
22,368.0,1047.0,451.0,1093.0,2114,1,0,1,Pedestrian
22,368.0,1047.0,451.0,1093.0,2115,1,0,1,Pedestrian
22,368.0,1047.0,451.0,1093.0,2116,1,0,1,Pedestrian
22,368.0,1047.0,451.0,1093.0,2117,1,0,1,Pedestrian
22,368.0,1047.0,451.0,1093.0,2118,1,0,1,Pedestrian
22,368.0,1047.0,451.0,1093.0,2119,1,0,1,Pedestrian
22,368.0,1047.0,451.0,1093.0,2120,1,0,1,Pedestrian
22,368.0,1047.0,451.0,1093.0,2121,1,0,1,Pedestrian
22,368.0,1047.0,451.0,1093.0,2122,1,0,1,Pedestrian
22,368.0,1047.0,451.0,1093.0,2123,1,0,1,Pedestrian
22,368.0,1047.0,451.0,1093.0,2124,1,0,1,Pedestrian
22,368.0,1047.0,451.0,1093.0,2125,1,0,1,Pedestrian
22,368.0,1047.0,451.0,1093.0,2126,1,0,1,Pedestrian
22,368.0,1047.0,451.0,1093.0,2127,1,0,1,Pedestrian
22,368.0,1047.0,451.0,1093.0,2128,1,0,1,Pedestrian
22,368.0,1047.0,451.0,1093.0,2129,1,0,1,Pedestrian
22,368.0,1047.0,451.0,1093.0,2130,1,0,1,Pedestrian
22,368.0,1047.0,451.0,1093.0,2131,1,0,1,Pedestrian
22,368.0,1047.0,451.0,1093.0,2132,1,0,1,Pedestrian
22,368.0,1047.0,451.0,1093.0,2133,1,0,1,Pedestrian
22,368.0,1047.0,451.0,1093.0,2134,1,0,1,Pedestrian
22,368.0,1047.0,451.0,1093.0,2135,1,0,1,Pedestrian
22,368.0,1047.0,451.0,1093.0,2136,1,0,1,Pedestrian
22,368.0,1047.0,451.0,1093.0,2137,1,0,1,Pedestrian
22,368.0,1047.0,451.0,1093.0,2138,1,0,1,Pedestrian
22,368.0,1047.0,451.0,1093.0,2139,1,0,1,Pedestrian
22,368.0,1047.0,451.0,1093.0,2140,1,0,1,Pedestrian
22,368.0,1047.0,451.0,1093.0,2141,1,0,1,Pedestrian
22,368.0,1047.0,451.0,1093.0,2142,1,0,1,Pedestrian
22,368.0,1047.0,451.0,1093.0,2143,1,0,1,Pedestrian
22,368.0,1047.0,451.0,1093.0,2144,1,0,1,Pedestrian
22,368.0,1047.0,451.0,1093.0,2145,1,0,1,Pedestrian
22,368.0,1047.0,451.0,1093.0,2146,1,0,1,Pedestrian
22,368.0,1047.0,451.0,1093.0,2147,1,0,1,Pedestrian
22,368.0,1047.0,451.0,1093.0,2148,1,0,1,Pedestrian
22,368.0,1047.0,451.0,1093.0,2149,1,0,1,Pedestrian
22,368.0,1047.0,451.0,1093.0,2150,1,0,1,Pedestrian
22,368.0,1047.0,451.0,1093.0,2151,1,0,1,Pedestrian
22,368.0,1047.0,451.0,1093.0,2152,1,0,1,Pedestrian
22,368.0,1047.0,451.0,1093.0,2153,1,0,1,Pedestrian
22,368.0,1047.0,451.0,1093.0,2154,1,0,1,Pedestrian
22,368.0,1047.0,451.0,1093.0,2155,1,0,1,Pedestrian
22,368.0,1047.0,451.0,1093.0,2156,1,0,1,Pedestrian
22,368.0,1047.0,451.0,1093.0,2157,1,0,1,Pedestrian
22,368.0,1047.0,451.0,1093.0,2158,1,0,1,Pedestrian
22,368.0,1047.0,451.0,1093.0,2159,1,0,1,Pedestrian
22,368.0,1047.0,451.0,1093.0,2160,1,0,1,Pedestrian
22,368.0,1047.0,451.0,1093.0,2161,1,0,1,Pedestrian
22,368.0,1047.0,451.0,1093.0,2162,1,0,1,Pedestrian
22,368.0,1047.0,451.0,1093.0,2163,1,0,1,Pedestrian
22,368.0,1047.0,451.0,1093.0,2164,1,0,1,Pedestrian
22,368.0,1047.0,451.0,1093.0,2165,1,0,1,Pedestrian
22,368.0,1047.0,451.0,1093.0,2166,1,0,1,Pedestrian
22,368.0,1047.0,451.0,1093.0,2167,1,0,1,Pedestrian
22,368.0,1047.0,451.0,1093.0,2168,1,0,1,Pedestrian
22,368.0,1047.0,451.0,1093.0,2169,1,0,1,Pedestrian
22,368.0,1047.0,451.0,1093.0,2170,0,0,0,Pedestrian
22,365.0,1045.0,448.0,1090.0,2171,0,0,1,Pedestrian
22,365.0,1045.0,448.0,1090.0,2172,0,0,1,Pedestrian
22,365.0,1042.0,448.0,1090.0,2173,0,0,1,Pedestrian
22,363.0,1042.0,448.0,1088.0,2174,0,0,1,Pedestrian
22,363.0,1042.0,445.0,1088.0,2175,0,0,1,Pedestrian
22,363.0,1040.0,445.0,1088.0,2176,0,0,1,Pedestrian
22,363.0,1040.0,445.0,1088.0,2177,0,0,1,Pedestrian
22,360.0,1040.0,445.0,1086.0,2178,0,0,1,Pedestrian
22,360.0,1038.0,442.0,1086.0,2179,0,0,1,Pedestrian
22,360.0,1038.0,442.0,1086.0,2180,0,0,1,Pedestrian
22,360.0,1038.0,442.0,1083.0,2181,0,0,1,Pedestrian
22,357.0,1036.0,442.0,1083.0,2182,0,0,1,Pedestrian
22,357.0,1036.0,440.0,1083.0,2183,0,0,1,Pedestrian
22,357.0,1036.0,440.0,1083.0,2184,0,0,1,Pedestrian
22,357.0,1033.0,440.0,1081.0,2185,0,0,1,Pedestrian
22,354.0,1033.0,440.0,1081.0,2186,0,0,1,Pedestrian
22,354.0,1033.0,437.0,1081.0,2187,0,0,1,Pedestrian
22,354.0,1031.0,437.0,1079.0,2188,0,0,1,Pedestrian
22,354.0,1031.0,437.0,1079.0,2189,0,0,1,Pedestrian
22,352.0,1031.0,437.0,1079.0,2190,0,0,1,Pedestrian
22,352.0,1029.0,434.0,1079.0,2191,0,0,1,Pedestrian
22,352.0,1029.0,434.0,1077.0,2192,0,0,1,Pedestrian
22,352.0,1029.0,434.0,1077.0,2193,0,0,1,Pedestrian
22,349.0,1026.0,434.0,1077.0,2194,0,0,1,Pedestrian
22,349.0,1026.0,434.0,1077.0,2195,0,0,1,Pedestrian
22,349.0,1026.0,431.0,1074.0,2196,0,0,1,Pedestrian
22,346.0,1024.0,431.0,1074.0,2197,0,0,1,Pedestrian
22,346.0,1024.0,431.0,1074.0,2198,0,0,1,Pedestrian
22,346.0,1024.0,431.0,1072.0,2199,0,0,1,Pedestrian
22,346.0,1022.0,429.0,1072.0,2200,0,0,1,Pedestrian
22,343.0,1022.0,429.0,1072.0,2201,0,0,1,Pedestrian
22,343.0,1022.0,429.0,1072.0,2202,0,0,1,Pedestrian
22,343.0,1020.0,429.0,1070.0,2203,0,0,1,Pedestrian
22,343.0,1020.0,426.0,1070.0,2204,0,0,1,Pedestrian
22,341.0,1020.0,426.0,1070.0,2205,0,0,1,Pedestrian
22,341.0,1017.0,426.0,1067.0,2206,0,0,1,Pedestrian
22,341.0,1017.0,426.0,1067.0,2207,0,0,1,Pedestrian
22,341.0,1017.0,423.0,1067.0,2208,0,0,1,Pedestrian
22,338.0,1015.0,423.0,1067.0,2209,0,0,1,Pedestrian
22,338.0,1015.0,423.0,1065.0,2210,0,0,1,Pedestrian
22,338.0,1015.0,423.0,1065.0,2211,0,0,1,Pedestrian
22,338.0,1013.0,420.0,1065.0,2212,0,0,1,Pedestrian
22,335.0,1013.0,420.0,1063.0,2213,0,0,1,Pedestrian
22,335.0,1013.0,420.0,1063.0,2214,0,0,1,Pedestrian
22,335.0,1011.0,420.0,1063.0,2215,0,0,1,Pedestrian
22,335.0,1011.0,418.0,1063.0,2216,0,0,1,Pedestrian
22,332.0,1011.0,418.0,1061.0,2217,0,0,1,Pedestrian
22,332.0,1008.0,418.0,1061.0,2218,0,0,1,Pedestrian
22,332.0,1008.0,418.0,1061.0,2219,0,0,1,Pedestrian
22,332.0,1008.0,418.0,1061.0,2220,0,0,0,Pedestrian
22,330.0,1006.0,415.0,1058.0,2221,0,0,1,Pedestrian
22,327.0,1006.0,412.0,1058.0,2222,0,0,1,Pedestrian
22,327.0,1004.0,412.0,1056.0,2223,0,0,1,Pedestrian
22,324.0,1004.0,409.0,1056.0,2224,0,0,1,Pedestrian
22,321.0,1004.0,407.0,1056.0,2225,0,0,1,Pedestrian
22,321.0,1001.0,407.0,1054.0,2226,0,0,1,Pedestrian
22,319.0,1001.0,404.0,1054.0,2227,0,0,1,Pedestrian
22,316.0,999.0,401.0,1052.0,2228,0,0,1,Pedestrian
22,316.0,999.0,401.0,1052.0,2229,0,0,1,Pedestrian
22,313.0,999.0,398.0,1052.0,2230,0,0,1,Pedestrian
22,313.0,997.0,398.0,1049.0,2231,0,0,1,Pedestrian
22,310.0,997.0,396.0,1049.0,2232,0,0,1,Pedestrian
22,308.0,995.0,393.0,1047.0,2233,0,0,1,Pedestrian
22,308.0,995.0,393.0,1047.0,2234,0,0,1,Pedestrian
22,305.0,995.0,390.0,1047.0,2235,0,0,1,Pedestrian
22,302.0,992.0,387.0,1045.0,2236,0,0,1,Pedestrian
22,302.0,992.0,387.0,1045.0,2237,0,0,1,Pedestrian
22,299.0,990.0,385.0,1042.0,2238,0,0,1,Pedestrian
22,297.0,990.0,382.0,1042.0,2239,0,0,1,Pedestrian
22,297.0,990.0,382.0,1042.0,2240,0,0,1,Pedestrian
22,294.0,988.0,379.0,1040.0,2241,0,0,1,Pedestrian
22,294.0,988.0,379.0,1040.0,2242,0,0,1,Pedestrian
22,291.0,985.0,376.0,1038.0,2243,0,0,1,Pedestrian
22,288.0,985.0,374.0,1038.0,2244,0,0,1,Pedestrian
22,288.0,985.0,374.0,1038.0,2245,0,0,1,Pedestrian
22,286.0,983.0,371.0,1036.0,2246,0,0,1,Pedestrian
22,283.0,983.0,368.0,1036.0,2247,0,0,1,Pedestrian
22,283.0,981.0,368.0,1033.0,2248,0,0,1,Pedestrian
22,280.0,981.0,365.0,1033.0,2249,0,0,1,Pedestrian
22,280.0,981.0,365.0,1033.0,2250,0,0,0,Pedestrian
22,277.0,979.0,363.0,1031.0,2251,0,0,1,Pedestrian
22,277.0,979.0,363.0,1031.0,2252,0,0,1,Pedestrian
22,275.0,976.0,360.0,1029.0,2253,0,0,1,Pedestrian
22,275.0,976.0,360.0,1029.0,2254,0,0,1,Pedestrian
22,272.0,976.0,357.0,1029.0,2255,0,0,1,Pedestrian
22,272.0,974.0,357.0,1026.0,2256,0,0,1,Pedestrian
22,269.0,974.0,354.0,1026.0,2257,0,0,1,Pedestrian
22,269.0,974.0,354.0,1026.0,2258,0,0,1,Pedestrian
22,266.0,972.0,352.0,1024.0,2259,0,0,1,Pedestrian
22,266.0,972.0,352.0,1024.0,2260,0,0,1,Pedestrian
22,264.0,970.0,349.0,1022.0,2261,0,0,1,Pedestrian
22,264.0,970.0,349.0,1022.0,2262,0,0,1,Pedestrian
22,261.0,970.0,346.0,1022.0,2263,0,0,1,Pedestrian
22,261.0,967.0,346.0,1020.0,2264,0,0,1,Pedestrian
22,258.0,967.0,343.0,1020.0,2265,0,0,1,Pedestrian
22,258.0,967.0,343.0,1020.0,2266,0,0,1,Pedestrian
22,255.0,965.0,341.0,1017.0,2267,0,0,1,Pedestrian
22,255.0,965.0,341.0,1017.0,2268,0,0,1,Pedestrian
22,253.0,965.0,338.0,1017.0,2269,0,0,1,Pedestrian
22,253.0,963.0,338.0,1015.0,2270,0,0,1,Pedestrian
22,250.0,963.0,335.0,1015.0,2271,0,0,1,Pedestrian
22,250.0,960.0,335.0,1013.0,2272,0,0,1,Pedestrian
22,247.0,960.0,332.0,1013.0,2273,0,0,1,Pedestrian
22,247.0,960.0,332.0,1013.0,2274,0,0,1,Pedestrian
22,244.0,958.0,330.0,1011.0,2275,0,0,1,Pedestrian
22,244.0,958.0,330.0,1011.0,2276,0,0,1,Pedestrian
22,242.0,958.0,327.0,1011.0,2277,0,0,1,Pedestrian
22,242.0,956.0,327.0,1008.0,2278,0,0,1,Pedestrian
22,239.0,956.0,324.0,1008.0,2279,0,0,1,Pedestrian
22,239.0,956.0,324.0,1008.0,2280,0,0,0,Pedestrian
22,236.0,954.0,321.0,1006.0,2281,0,0,1,Pedestrian
22,233.0,954.0,319.0,1006.0,2282,0,0,1,Pedestrian
22,233.0,954.0,319.0,1006.0,2283,0,0,1,Pedestrian
22,231.0,954.0,316.0,1006.0,2284,0,0,1,Pedestrian
22,231.0,954.0,316.0,1006.0,2285,0,0,1,Pedestrian
22,228.0,954.0,313.0,1006.0,2286,0,0,1,Pedestrian
22,225.0,954.0,310.0,1006.0,2287,0,0,1,Pedestrian
22,225.0,954.0,310.0,1006.0,2288,0,0,1,Pedestrian
22,222.0,954.0,308.0,1006.0,2289,0,0,1,Pedestrian
22,222.0,954.0,308.0,1006.0,2290,0,0,1,Pedestrian
22,220.0,954.0,305.0,1006.0,2291,0,0,1,Pedestrian
22,220.0,954.0,305.0,1006.0,2292,0,0,1,Pedestrian
22,217.0,954.0,302.0,1006.0,2293,0,0,1,Pedestrian
22,214.0,954.0,299.0,1006.0,2294,0,0,1,Pedestrian
22,214.0,954.0,299.0,1006.0,2295,0,0,1,Pedestrian
22,211.0,954.0,297.0,1006.0,2296,0,0,1,Pedestrian
22,211.0,954.0,297.0,1006.0,2297,0,0,1,Pedestrian
22,209.0,954.0,294.0,1006.0,2298,0,0,1,Pedestrian
22,209.0,954.0,294.0,1006.0,2299,0,0,1,Pedestrian
22,206.0,954.0,291.0,1006.0,2300,0,0,1,Pedestrian
22,203.0,951.0,288.0,1004.0,2301,0,0,1,Pedestrian
22,203.0,951.0,288.0,1004.0,2302,0,0,1,Pedestrian
22,200.0,951.0,286.0,1004.0,2303,0,0,1,Pedestrian
22,200.0,951.0,286.0,1004.0,2304,0,0,1,Pedestrian
22,198.0,951.0,283.0,1004.0,2305,0,0,1,Pedestrian
22,198.0,951.0,283.0,1004.0,2306,0,0,1,Pedestrian
22,195.0,951.0,280.0,1004.0,2307,0,0,1,Pedestrian
22,192.0,951.0,277.0,1004.0,2308,0,0,1,Pedestrian
22,192.0,951.0,277.0,1004.0,2309,0,0,1,Pedestrian
22,189.0,951.0,275.0,1004.0,2310,0,0,1,Pedestrian
22,189.0,951.0,275.0,1004.0,2311,0,0,1,Pedestrian
22,187.0,951.0,272.0,1004.0,2312,0,0,1,Pedestrian
22,187.0,951.0,272.0,1004.0,2313,0,0,1,Pedestrian
22,184.0,951.0,269.0,1004.0,2314,0,0,1,Pedestrian
22,181.0,951.0,266.0,1004.0,2315,0,0,1,Pedestrian
22,181.0,951.0,266.0,1004.0,2316,0,0,1,Pedestrian
22,178.0,951.0,264.0,1004.0,2317,0,0,1,Pedestrian
22,178.0,951.0,264.0,1004.0,2318,0,0,1,Pedestrian
22,176.0,951.0,261.0,1004.0,2319,0,0,1,Pedestrian
22,176.0,951.0,261.0,1004.0,2320,0,0,0,Pedestrian
22,173.0,951.0,258.0,1004.0,2321,0,0,1,Pedestrian
22,170.0,951.0,255.0,1004.0,2322,0,0,1,Pedestrian
22,170.0,951.0,255.0,1004.0,2323,0,0,1,Pedestrian
22,167.0,951.0,253.0,1004.0,2324,0,0,1,Pedestrian
22,165.0,951.0,250.0,1004.0,2325,0,0,1,Pedestrian
22,165.0,951.0,250.0,1004.0,2326,0,0,1,Pedestrian
22,162.0,951.0,247.0,1004.0,2327,0,0,1,Pedestrian
22,159.0,951.0,244.0,1004.0,2328,0,0,1,Pedestrian
22,159.0,951.0,244.0,1004.0,2329,0,0,1,Pedestrian
22,156.0,951.0,242.0,1004.0,2330,0,0,1,Pedestrian
22,156.0,951.0,242.0,1004.0,2331,0,0,1,Pedestrian
22,154.0,951.0,239.0,1004.0,2332,0,0,1,Pedestrian
22,151.0,951.0,236.0,1004.0,2333,0,0,1,Pedestrian
22,151.0,951.0,236.0,1004.0,2334,0,0,1,Pedestrian
22,148.0,951.0,233.0,1004.0,2335,0,0,1,Pedestrian
22,145.0,951.0,231.0,1004.0,2336,0,0,1,Pedestrian
22,145.0,951.0,231.0,1004.0,2337,0,0,1,Pedestrian
22,143.0,951.0,228.0,1004.0,2338,0,0,1,Pedestrian
22,140.0,951.0,225.0,1004.0,2339,0,0,1,Pedestrian
22,140.0,951.0,225.0,1004.0,2340,0,0,1,Pedestrian
22,137.0,951.0,222.0,1004.0,2341,0,0,1,Pedestrian
22,137.0,951.0,222.0,1004.0,2342,0,0,1,Pedestrian
22,134.0,951.0,220.0,1004.0,2343,0,0,1,Pedestrian
22,132.0,951.0,217.0,1004.0,2344,0,0,1,Pedestrian
22,132.0,951.0,217.0,1004.0,2345,0,0,1,Pedestrian
22,129.0,951.0,214.0,1004.0,2346,0,0,1,Pedestrian
22,126.0,951.0,211.0,1004.0,2347,0,0,1,Pedestrian
22,126.0,951.0,211.0,1004.0,2348,0,0,1,Pedestrian
22,123.0,951.0,209.0,1004.0,2349,0,0,1,Pedestrian
22,123.0,951.0,209.0,1004.0,2350,0,0,0,Pedestrian
22,121.0,951.0,206.0,1004.0,2351,0,0,1,Pedestrian
22,118.0,951.0,203.0,1004.0,2352,0,0,1,Pedestrian
22,118.0,951.0,203.0,1004.0,2353,0,0,1,Pedestrian
22,115.0,951.0,200.0,1004.0,2354,0,0,1,Pedestrian
22,115.0,951.0,200.0,1004.0,2355,0,0,1,Pedestrian
22,112.0,951.0,198.0,1004.0,2356,0,0,1,Pedestrian
22,112.0,951.0,198.0,1004.0,2357,0,0,1,Pedestrian
22,110.0,951.0,195.0,1004.0,2358,0,0,1,Pedestrian
22,110.0,951.0,195.0,1004.0,2359,0,0,1,Pedestrian
22,107.0,951.0,192.0,1004.0,2360,0,0,1,Pedestrian
22,107.0,951.0,192.0,1004.0,2361,0,0,1,Pedestrian
22,104.0,951.0,189.0,1004.0,2362,0,0,1,Pedestrian
22,104.0,951.0,189.0,1004.0,2363,0,0,1,Pedestrian
22,101.0,951.0,187.0,1004.0,2364,0,0,1,Pedestrian
22,101.0,951.0,187.0,1004.0,2365,0,0,1,Pedestrian
22,99.0,951.0,184.0,1004.0,2366,0,0,1,Pedestrian
22,96.0,951.0,181.0,1004.0,2367,0,0,1,Pedestrian
22,96.0,951.0,181.0,1004.0,2368,0,0,1,Pedestrian
22,93.0,951.0,178.0,1004.0,2369,0,0,1,Pedestrian
22,93.0,951.0,178.0,1004.0,2370,0,0,1,Pedestrian
22,90.0,951.0,176.0,1004.0,2371,0,0,1,Pedestrian
22,90.0,951.0,176.0,1004.0,2372,0,0,1,Pedestrian
22,88.0,951.0,173.0,1004.0,2373,0,0,1,Pedestrian
22,88.0,951.0,173.0,1004.0,2374,0,0,1,Pedestrian
22,85.0,951.0,170.0,1004.0,2375,0,0,1,Pedestrian
22,85.0,951.0,170.0,1004.0,2376,0,0,1,Pedestrian
22,82.0,951.0,167.0,1004.0,2377,0,0,1,Pedestrian
22,82.0,951.0,167.0,1004.0,2378,0,0,1,Pedestrian
22,79.0,951.0,165.0,1004.0,2379,0,0,1,Pedestrian
22,79.0,951.0,165.0,1004.0,2380,0,0,0,Pedestrian
22,77.0,951.0,162.0,1004.0,2381,0,0,1,Pedestrian
22,74.0,951.0,159.0,1004.0,2382,0,0,1,Pedestrian
22,74.0,951.0,159.0,1004.0,2383,0,0,1,Pedestrian
22,71.0,951.0,156.0,1004.0,2384,0,0,1,Pedestrian
22,71.0,951.0,156.0,1004.0,2385,0,0,1,Pedestrian
22,68.0,951.0,154.0,1004.0,2386,0,0,1,Pedestrian
22,66.0,951.0,151.0,1004.0,2387,0,0,1,Pedestrian
22,66.0,951.0,151.0,1004.0,2388,0,0,1,Pedestrian
22,63.0,951.0,148.0,1004.0,2389,0,0,1,Pedestrian
22,63.0,951.0,148.0,1004.0,2390,0,0,1,Pedestrian
22,60.0,951.0,145.0,1004.0,2391,0,0,1,Pedestrian
22,57.0,951.0,143.0,1004.0,2392,0,0,1,Pedestrian
22,57.0,951.0,143.0,1004.0,2393,0,0,1,Pedestrian
22,55.0,951.0,140.0,1004.0,2394,0,0,1,Pedestrian
22,55.0,951.0,140.0,1004.0,2395,0,0,1,Pedestrian
22,52.0,951.0,137.0,1004.0,2396,0,0,1,Pedestrian
22,49.0,951.0,134.0,1004.0,2397,0,0,1,Pedestrian
22,49.0,951.0,134.0,1004.0,2398,0,0,1,Pedestrian
22,46.0,951.0,132.0,1004.0,2399,0,0,1,Pedestrian
22,46.0,951.0,132.0,1004.0,2400,0,0,0,Pedestrian
22,44.0,949.0,129.0,1001.0,2401,0,0,1,Pedestrian
22,41.0,949.0,126.0,1001.0,2402,0,0,1,Pedestrian
22,38.0,949.0,123.0,1001.0,2403,0,0,1,Pedestrian
22,38.0,949.0,123.0,1001.0,2404,0,0,1,Pedestrian
22,35.0,949.0,121.0,1001.0,2405,0,0,1,Pedestrian
22,33.0,949.0,118.0,1001.0,2406,0,0,1,Pedestrian
22,30.0,947.0,115.0,999.0,2407,0,0,1,Pedestrian
22,30.0,947.0,115.0,999.0,2408,0,0,1,Pedestrian
22,27.0,947.0,112.0,999.0,2409,0,0,1,Pedestrian
22,24.0,947.0,110.0,999.0,2410,0,0,1,Pedestrian
22,22.0,947.0,107.0,999.0,2411,0,0,1,Pedestrian
22,22.0,947.0,107.0,999.0,2412,0,0,1,Pedestrian
22,19.0,947.0,104.0,999.0,2413,0,0,1,Pedestrian
22,16.0,944.0,101.0,997.0,2414,0,0,1,Pedestrian
22,13.0,944.0,99.0,997.0,2415,0,0,1,Pedestrian
22,13.0,944.0,99.0,997.0,2416,0,0,1,Pedestrian
22,11.0,944.0,96.0,997.0,2417,0,0,1,Pedestrian
22,8.0,944.0,93.0,997.0,2418,0,0,1,Pedestrian
22,5.0,944.0,90.0,997.0,2419,0,0,1,Pedestrian
22,5.0,944.0,90.0,997.0,2420,0,0,0,Pedestrian
22,2.0,942.0,88.0,995.0,2421,0,0,1,Pedestrian
22,2.0,942.0,85.0,995.0,2422,0,0,1,Pedestrian
22,2.0,942.0,85.0,995.0,2423,0,0,1,Pedestrian
22,2.0,942.0,82.0,995.0,2424,0,0,1,Pedestrian
22,2.0,942.0,82.0,995.0,2425,0,0,1,Pedestrian
22,2.0,942.0,79.0,995.0,2426,0,0,1,Pedestrian
22,2.0,940.0,79.0,992.0,2427,0,0,1,Pedestrian
22,2.0,940.0,77.0,992.0,2428,0,0,1,Pedestrian
22,2.0,940.0,77.0,992.0,2429,0,0,1,Pedestrian
22,2.0,940.0,74.0,992.0,2430,0,0,1,Pedestrian
22,0.0,940.0,71.0,992.0,2431,0,0,1,Pedestrian
22,0.0,940.0,71.0,992.0,2432,0,0,1,Pedestrian
22,0.0,940.0,68.0,992.0,2433,0,0,1,Pedestrian
22,0.0,938.0,68.0,990.0,2434,0,0,1,Pedestrian
22,0.0,938.0,66.0,990.0,2435,0,0,1,Pedestrian
22,0.0,938.0,66.0,990.0,2436,0,0,1,Pedestrian
22,0.0,938.0,63.0,990.0,2437,0,0,1,Pedestrian
22,0.0,938.0,63.0,990.0,2438,0,0,1,Pedestrian
22,0.0,938.0,60.0,990.0,2439,0,0,1,Pedestrian
22,0.0,938.0,60.0,990.0,2440,0,0,0,Pedestrian
22,0.0,938.0,57.0,990.0,2441,0,0,1,Pedestrian
22,0.0,938.0,55.0,990.0,2442,0,0,1,Pedestrian
22,0.0,938.0,52.0,990.0,2443,0,0,1,Pedestrian
22,0.0,940.0,52.0,992.0,2444,0,0,1,Pedestrian
22,0.0,940.0,49.0,992.0,2445,0,0,1,Pedestrian
22,0.0,940.0,46.0,992.0,2446,0,0,1,Pedestrian
22,0.0,940.0,44.0,992.0,2447,0,0,1,Pedestrian
22,0.0,942.0,44.0,995.0,2448,0,0,1,Pedestrian
22,0.0,942.0,41.0,995.0,2449,0,0,1,Pedestrian
22,0.0,942.0,38.0,995.0,2450,0,0,1,Pedestrian
22,0.0,942.0,35.0,995.0,2451,0,0,1,Pedestrian
22,0.0,944.0,35.0,997.0,2452,0,0,1,Pedestrian
22,0.0,944.0,33.0,997.0,2453,0,0,1,Pedestrian
22,0.0,944.0,30.0,997.0,2454,0,0,1,Pedestrian
22,0.0,944.0,27.0,997.0,2455,0,0,1,Pedestrian
22,0.0,947.0,27.0,999.0,2456,0,0,1,Pedestrian
22,0.0,947.0,24.0,999.0,2457,0,0,1,Pedestrian
22,0.0,947.0,22.0,999.0,2458,0,0,1,Pedestrian
22,0.0,947.0,19.0,999.0,2459,0,0,1,Pedestrian
22,0.0,949.0,19.0,1001.0,2460,1,0,0,Pedestrian
22,0.0,949.0,19.0,1001.0,2461,1,0,1,Pedestrian
22,0.0,949.0,19.0,1001.0,2462,1,0,1,Pedestrian
22,0.0,949.0,19.0,1001.0,2463,1,0,1,Pedestrian
22,0.0,949.0,19.0,1001.0,2464,1,0,1,Pedestrian
22,0.0,949.0,19.0,1001.0,2465,1,0,1,Pedestrian
22,0.0,949.0,19.0,1001.0,2466,1,0,1,Pedestrian
22,0.0,949.0,19.0,1001.0,2467,1,0,1,Pedestrian
22,0.0,949.0,19.0,1001.0,2468,1,0,1,Pedestrian
22,0.0,949.0,19.0,1001.0,2469,1,0,1,Pedestrian
22,0.0,949.0,19.0,1001.0,2470,1,0,1,Pedestrian
22,0.0,949.0,19.0,1001.0,2471,1,0,1,Pedestrian
22,0.0,949.0,19.0,1001.0,2472,1,0,1,Pedestrian
22,0.0,949.0,19.0,1001.0,2473,1,0,1,Pedestrian
22,0.0,949.0,19.0,1001.0,2474,1,0,1,Pedestrian
22,0.0,949.0,19.0,1001.0,2475,1,0,1,Pedestrian
22,0.0,949.0,19.0,1001.0,2476,1,0,1,Pedestrian
22,0.0,949.0,19.0,1001.0,2477,1,0,1,Pedestrian
22,0.0,949.0,19.0,1001.0,2478,1,0,1,Pedestrian
22,0.0,949.0,19.0,1001.0,2479,1,0,1,Pedestrian
22,0.0,949.0,19.0,1001.0,2480,1,0,0,Pedestrian
22,0.0,949.0,19.0,1001.0,2481,1,0,1,Pedestrian
22,0.0,949.0,19.0,1001.0,2482,1,0,1,Pedestrian
22,0.0,949.0,19.0,1001.0,2483,1,0,1,Pedestrian
22,0.0,949.0,19.0,1001.0,2484,1,0,1,Pedestrian
22,0.0,949.0,19.0,1001.0,2485,1,0,1,Pedestrian
22,0.0,949.0,19.0,1001.0,2486,1,0,1,Pedestrian
22,0.0,949.0,19.0,1001.0,2487,1,0,1,Pedestrian
22,0.0,949.0,19.0,1001.0,2488,1,0,1,Pedestrian
22,0.0,949.0,19.0,1001.0,2489,1,0,1,Pedestrian
22,0.0,949.0,19.0,1001.0,2490,1,0,1,Pedestrian
22,0.0,949.0,19.0,1001.0,2491,1,0,1,Pedestrian
22,0.0,949.0,19.0,1001.0,2492,1,0,1,Pedestrian
22,0.0,949.0,19.0,1001.0,2493,1,0,1,Pedestrian
22,0.0,949.0,19.0,1001.0,2494,1,0,1,Pedestrian
22,0.0,949.0,19.0,1001.0,2495,1,0,1,Pedestrian
22,0.0,949.0,19.0,1001.0,2496,1,0,1,Pedestrian
22,0.0,949.0,19.0,1001.0,2497,1,0,1,Pedestrian
22,0.0,949.0,19.0,1001.0,2498,1,0,1,Pedestrian
22,0.0,949.0,19.0,1001.0,2499,1,0,1,Pedestrian
22,0.0,949.0,19.0,1001.0,2500,1,0,1,Pedestrian
22,0.0,949.0,19.0,1001.0,2501,1,0,1,Pedestrian
22,0.0,949.0,19.0,1001.0,2502,1,0,1,Pedestrian
22,0.0,949.0,19.0,1001.0,2503,1,0,1,Pedestrian
22,0.0,949.0,19.0,1001.0,2504,1,0,1,Pedestrian
22,0.0,949.0,19.0,1001.0,2505,1,0,1,Pedestrian
22,0.0,949.0,19.0,1001.0,2506,1,0,1,Pedestrian
22,0.0,949.0,19.0,1001.0,2507,1,0,1,Pedestrian
22,0.0,949.0,19.0,1001.0,2508,1,0,1,Pedestrian
22,0.0,949.0,19.0,1001.0,2509,1,0,1,Pedestrian
22,0.0,949.0,19.0,1001.0,2510,1,0,1,Pedestrian
22,0.0,949.0,19.0,1001.0,2511,1,0,1,Pedestrian
22,0.0,949.0,19.0,1001.0,2512,1,0,1,Pedestrian
22,0.0,949.0,19.0,1001.0,2513,1,0,1,Pedestrian
22,0.0,949.0,19.0,1001.0,2514,1,0,1,Pedestrian
22,0.0,949.0,19.0,1001.0,2515,1,0,1,Pedestrian
22,0.0,949.0,19.0,1001.0,2516,1,0,1,Pedestrian
22,0.0,949.0,19.0,1001.0,2517,1,0,1,Pedestrian
22,0.0,949.0,19.0,1001.0,2518,1,0,1,Pedestrian
22,0.0,949.0,19.0,1001.0,2519,1,0,1,Pedestrian
22,0.0,949.0,19.0,1001.0,2520,1,0,1,Pedestrian
22,0.0,949.0,19.0,1001.0,2521,1,0,1,Pedestrian
22,0.0,949.0,19.0,1001.0,2522,1,0,1,Pedestrian
22,0.0,949.0,19.0,1001.0,2523,1,0,1,Pedestrian
22,0.0,949.0,19.0,1001.0,2524,1,0,1,Pedestrian
22,0.0,949.0,19.0,1001.0,2525,1,0,1,Pedestrian
22,0.0,949.0,19.0,1001.0,2526,1,0,1,Pedestrian
22,0.0,949.0,19.0,1001.0,2527,1,0,1,Pedestrian
22,0.0,949.0,19.0,1001.0,2528,1,0,1,Pedestrian
22,0.0,949.0,19.0,1001.0,2529,1,0,1,Pedestrian
22,0.0,949.0,19.0,1001.0,2530,1,0,1,Pedestrian
22,0.0,949.0,19.0,1001.0,2531,1,0,0,Pedestrian
23,629.0,4.0,690.0,50.0,9000,1,0,0,Pedestrian
23,629.0,2.0,690.0,50.0,9001,1,0,1,Pedestrian
23,629.0,2.0,690.0,50.0,9002,1,0,1,Pedestrian
23,629.0,2.0,690.0,50.0,9003,1,0,1,Pedestrian
23,629.0,2.0,690.0,50.0,9004,1,0,1,Pedestrian
23,629.0,2.0,690.0,50.0,9005,1,0,1,Pedestrian
23,629.0,2.0,690.0,50.0,9006,1,0,1,Pedestrian
23,629.0,2.0,690.0,50.0,9007,1,0,1,Pedestrian
23,629.0,2.0,690.0,50.0,9008,1,0,1,Pedestrian
23,629.0,2.0,690.0,50.0,9009,1,0,1,Pedestrian
23,629.0,2.0,690.0,50.0,9010,1,0,1,Pedestrian
23,629.0,2.0,690.0,50.0,9011,1,0,1,Pedestrian
23,629.0,2.0,690.0,50.0,9012,1,0,1,Pedestrian
23,629.0,2.0,693.0,50.0,9013,1,0,1,Pedestrian
23,629.0,2.0,693.0,50.0,9014,1,0,1,Pedestrian
23,629.0,2.0,693.0,50.0,9015,1,0,1,Pedestrian
23,629.0,2.0,693.0,50.0,9016,1,0,1,Pedestrian
23,629.0,2.0,693.0,50.0,9017,1,0,1,Pedestrian
23,629.0,2.0,693.0,50.0,9018,1,0,1,Pedestrian
23,629.0,2.0,693.0,50.0,9019,1,0,1,Pedestrian
23,629.0,2.0,693.0,50.0,9020,1,0,1,Pedestrian
23,629.0,2.0,693.0,50.0,9021,1,0,1,Pedestrian
23,629.0,2.0,693.0,50.0,9022,1,0,1,Pedestrian
23,629.0,2.0,693.0,50.0,9023,1,0,1,Pedestrian
23,629.0,2.0,693.0,50.0,9024,1,0,1,Pedestrian
23,629.0,2.0,695.0,52.0,9025,1,0,1,Pedestrian
23,629.0,2.0,695.0,52.0,9026,1,0,1,Pedestrian
23,629.0,2.0,695.0,52.0,9027,1,0,1,Pedestrian
23,629.0,2.0,695.0,52.0,9028,1,0,1,Pedestrian
23,629.0,2.0,695.0,52.0,9029,1,0,1,Pedestrian
23,629.0,2.0,695.0,52.0,9030,1,0,1,Pedestrian
23,629.0,2.0,695.0,52.0,9031,1,0,1,Pedestrian
23,629.0,2.0,695.0,52.0,9032,1,0,1,Pedestrian
23,629.0,2.0,695.0,52.0,9033,1,0,1,Pedestrian
23,629.0,2.0,695.0,52.0,9034,1,0,1,Pedestrian
23,629.0,2.0,695.0,52.0,9035,1,0,1,Pedestrian
23,629.0,2.0,695.0,52.0,9036,1,0,1,Pedestrian
23,629.0,2.0,698.0,52.0,9037,1,0,1,Pedestrian
23,629.0,2.0,698.0,52.0,9038,1,0,1,Pedestrian
23,629.0,2.0,698.0,52.0,9039,1,0,1,Pedestrian
23,629.0,2.0,698.0,52.0,9040,1,0,1,Pedestrian
23,629.0,2.0,698.0,52.0,9041,1,0,1,Pedestrian
23,629.0,2.0,698.0,52.0,9042,1,0,1,Pedestrian
23,629.0,2.0,698.0,52.0,9043,1,0,1,Pedestrian
23,629.0,2.0,698.0,52.0,9044,1,0,1,Pedestrian
23,629.0,2.0,698.0,52.0,9045,1,0,1,Pedestrian
23,629.0,2.0,698.0,52.0,9046,1,0,1,Pedestrian
23,629.0,2.0,698.0,52.0,9047,1,0,1,Pedestrian
23,629.0,2.0,698.0,52.0,9048,1,0,1,Pedestrian
23,629.0,2.0,701.0,54.0,9049,1,0,1,Pedestrian
23,629.0,2.0,701.0,54.0,9050,1,0,1,Pedestrian
23,629.0,2.0,701.0,54.0,9051,1,0,1,Pedestrian
23,629.0,2.0,701.0,54.0,9052,1,0,1,Pedestrian
23,629.0,2.0,701.0,54.0,9053,1,0,1,Pedestrian
23,629.0,2.0,701.0,54.0,9054,1,0,1,Pedestrian
23,629.0,2.0,701.0,54.0,9055,1,0,1,Pedestrian
23,629.0,2.0,701.0,54.0,9056,1,0,1,Pedestrian
23,629.0,2.0,701.0,54.0,9057,1,0,1,Pedestrian
23,629.0,2.0,701.0,54.0,9058,1,0,1,Pedestrian
23,629.0,2.0,701.0,54.0,9059,1,0,1,Pedestrian
23,629.0,2.0,701.0,54.0,9060,1,0,1,Pedestrian
23,629.0,2.0,701.0,54.0,9061,1,0,1,Pedestrian
23,629.0,2.0,704.0,54.0,9062,1,0,1,Pedestrian
23,629.0,2.0,704.0,54.0,9063,1,0,1,Pedestrian
23,629.0,2.0,704.0,54.0,9064,1,0,1,Pedestrian
23,629.0,2.0,704.0,54.0,9065,1,0,1,Pedestrian
23,629.0,2.0,704.0,54.0,9066,1,0,1,Pedestrian
23,629.0,2.0,704.0,54.0,9067,1,0,1,Pedestrian
23,629.0,2.0,704.0,54.0,9068,1,0,1,Pedestrian
23,629.0,2.0,704.0,54.0,9069,1,0,1,Pedestrian
23,629.0,2.0,704.0,54.0,9070,1,0,1,Pedestrian
23,629.0,2.0,704.0,54.0,9071,1,0,1,Pedestrian
23,629.0,2.0,704.0,54.0,9072,1,0,1,Pedestrian
23,629.0,2.0,704.0,54.0,9073,1,0,1,Pedestrian
23,629.0,2.0,706.0,56.0,9074,1,0,1,Pedestrian
23,629.0,2.0,706.0,56.0,9075,1,0,1,Pedestrian
23,629.0,2.0,706.0,56.0,9076,1,0,1,Pedestrian
23,629.0,2.0,706.0,56.0,9077,1,0,1,Pedestrian
23,629.0,2.0,706.0,56.0,9078,1,0,1,Pedestrian
23,629.0,2.0,706.0,56.0,9079,1,0,1,Pedestrian
23,629.0,2.0,706.0,56.0,9080,1,0,1,Pedestrian
23,629.0,2.0,706.0,56.0,9081,1,0,1,Pedestrian
23,629.0,2.0,706.0,56.0,9082,1,0,1,Pedestrian
23,629.0,2.0,706.0,56.0,9083,1,0,1,Pedestrian
23,629.0,2.0,706.0,56.0,9084,1,0,1,Pedestrian
23,629.0,2.0,706.0,56.0,9085,1,0,1,Pedestrian
23,629.0,2.0,709.0,56.0,9086,1,0,1,Pedestrian
23,629.0,2.0,709.0,56.0,9087,1,0,1,Pedestrian
23,629.0,2.0,709.0,56.0,9088,1,0,1,Pedestrian
23,629.0,2.0,709.0,56.0,9089,1,0,1,Pedestrian
23,629.0,2.0,709.0,56.0,9090,1,0,1,Pedestrian
23,629.0,2.0,709.0,56.0,9091,1,0,1,Pedestrian
23,629.0,2.0,709.0,56.0,9092,1,0,1,Pedestrian
23,629.0,2.0,709.0,56.0,9093,1,0,1,Pedestrian
23,629.0,2.0,709.0,56.0,9094,1,0,1,Pedestrian
23,629.0,2.0,709.0,56.0,9095,1,0,1,Pedestrian
23,629.0,2.0,709.0,56.0,9096,1,0,1,Pedestrian
23,629.0,2.0,709.0,56.0,9097,1,0,1,Pedestrian
23,629.0,2.0,712.0,59.0,9098,1,0,1,Pedestrian
23,629.0,2.0,712.0,59.0,9099,1,0,1,Pedestrian
23,629.0,2.0,712.0,59.0,9100,1,0,1,Pedestrian
23,629.0,2.0,712.0,59.0,9101,1,0,1,Pedestrian
23,629.0,2.0,712.0,59.0,9102,1,0,1,Pedestrian
23,629.0,2.0,712.0,59.0,9103,1,0,1,Pedestrian
23,629.0,2.0,712.0,59.0,9104,1,0,1,Pedestrian
23,629.0,2.0,712.0,59.0,9105,1,0,1,Pedestrian
23,629.0,2.0,712.0,59.0,9106,1,0,1,Pedestrian
23,629.0,2.0,712.0,59.0,9107,1,0,1,Pedestrian
23,629.0,2.0,712.0,59.0,9108,1,0,1,Pedestrian
23,629.0,2.0,712.0,59.0,9109,1,0,1,Pedestrian
23,629.0,2.0,712.0,59.0,9110,1,0,1,Pedestrian
23,629.0,2.0,715.0,59.0,9111,1,0,1,Pedestrian
23,629.0,2.0,715.0,59.0,9112,1,0,1,Pedestrian
23,629.0,2.0,715.0,59.0,9113,1,0,1,Pedestrian
23,629.0,2.0,715.0,59.0,9114,1,0,1,Pedestrian
23,629.0,2.0,715.0,59.0,9115,1,0,1,Pedestrian
23,629.0,2.0,715.0,59.0,9116,1,0,1,Pedestrian
23,629.0,2.0,715.0,59.0,9117,1,0,1,Pedestrian
23,629.0,2.0,715.0,59.0,9118,1,0,1,Pedestrian
23,629.0,2.0,715.0,59.0,9119,1,0,1,Pedestrian
23,629.0,2.0,715.0,59.0,9120,1,0,1,Pedestrian
23,629.0,2.0,715.0,59.0,9121,1,0,1,Pedestrian
23,629.0,2.0,715.0,59.0,9122,1,0,1,Pedestrian
23,632.0,0.0,717.0,61.0,9123,1,0,1,Pedestrian
23,632.0,0.0,717.0,61.0,9124,1,0,1,Pedestrian
23,632.0,0.0,717.0,61.0,9125,1,0,1,Pedestrian
23,632.0,0.0,717.0,61.0,9126,1,0,1,Pedestrian
23,632.0,0.0,717.0,61.0,9127,1,0,1,Pedestrian
23,632.0,0.0,717.0,61.0,9128,1,0,1,Pedestrian
23,632.0,0.0,717.0,61.0,9129,1,0,1,Pedestrian
23,632.0,0.0,717.0,61.0,9130,1,0,1,Pedestrian
23,632.0,0.0,717.0,61.0,9131,1,0,1,Pedestrian
23,632.0,0.0,717.0,61.0,9132,1,0,1,Pedestrian
23,632.0,0.0,717.0,61.0,9133,1,0,1,Pedestrian
23,632.0,0.0,717.0,61.0,9134,1,0,1,Pedestrian
23,632.0,0.0,720.0,61.0,9135,1,0,1,Pedestrian
23,632.0,0.0,720.0,61.0,9136,1,0,1,Pedestrian
23,632.0,0.0,720.0,61.0,9137,1,0,1,Pedestrian
23,632.0,0.0,720.0,61.0,9138,1,0,1,Pedestrian
23,632.0,0.0,720.0,61.0,9139,1,0,1,Pedestrian
23,632.0,0.0,720.0,61.0,9140,1,0,1,Pedestrian
23,632.0,0.0,720.0,61.0,9141,1,0,1,Pedestrian
23,632.0,0.0,720.0,61.0,9142,1,0,1,Pedestrian
23,632.0,0.0,720.0,61.0,9143,1,0,1,Pedestrian
23,632.0,0.0,720.0,61.0,9144,1,0,1,Pedestrian
23,632.0,0.0,720.0,61.0,9145,1,0,1,Pedestrian
23,632.0,0.0,720.0,61.0,9146,1,0,1,Pedestrian
23,632.0,0.0,723.0,63.0,9147,1,0,1,Pedestrian
23,632.0,0.0,723.0,63.0,9148,1,0,1,Pedestrian
23,632.0,0.0,723.0,63.0,9149,1,0,1,Pedestrian
23,632.0,0.0,723.0,63.0,9150,1,0,1,Pedestrian
23,632.0,0.0,723.0,63.0,9151,1,0,1,Pedestrian
23,632.0,0.0,723.0,63.0,9152,1,0,1,Pedestrian
23,632.0,0.0,723.0,63.0,9153,1,0,1,Pedestrian
23,632.0,0.0,723.0,63.0,9154,1,0,1,Pedestrian
23,632.0,0.0,723.0,63.0,9155,1,0,1,Pedestrian
23,632.0,0.0,723.0,63.0,9156,1,0,1,Pedestrian
23,632.0,0.0,723.0,63.0,9157,1,0,1,Pedestrian
23,632.0,0.0,723.0,63.0,9158,1,0,1,Pedestrian
23,632.0,0.0,723.0,63.0,9159,1,0,1,Pedestrian
23,632.0,0.0,726.0,63.0,9160,1,0,1,Pedestrian
23,632.0,0.0,726.0,63.0,9161,1,0,1,Pedestrian
23,632.0,0.0,726.0,63.0,9162,1,0,1,Pedestrian
23,632.0,0.0,726.0,63.0,9163,1,0,1,Pedestrian
23,632.0,0.0,726.0,63.0,9164,1,0,1,Pedestrian
23,632.0,0.0,726.0,63.0,9165,1,0,1,Pedestrian
23,632.0,0.0,726.0,63.0,9166,1,0,1,Pedestrian
23,632.0,0.0,726.0,63.0,9167,1,0,1,Pedestrian
23,632.0,0.0,726.0,63.0,9168,1,0,1,Pedestrian
23,632.0,0.0,726.0,63.0,9169,1,0,1,Pedestrian
23,632.0,0.0,726.0,63.0,9170,1,0,1,Pedestrian
23,632.0,0.0,726.0,63.0,9171,1,0,1,Pedestrian
23,632.0,0.0,728.0,66.0,9172,1,0,1,Pedestrian
23,632.0,0.0,728.0,66.0,9173,1,0,1,Pedestrian
23,632.0,0.0,728.0,66.0,9174,1,0,1,Pedestrian
23,632.0,0.0,728.0,66.0,9175,1,0,1,Pedestrian
23,632.0,0.0,728.0,66.0,9176,1,0,1,Pedestrian
23,632.0,0.0,728.0,66.0,9177,1,0,1,Pedestrian
23,632.0,0.0,728.0,66.0,9178,1,0,1,Pedestrian
23,632.0,0.0,728.0,66.0,9179,1,0,1,Pedestrian
23,632.0,0.0,728.0,66.0,9180,1,0,1,Pedestrian
23,632.0,0.0,728.0,66.0,9181,1,0,1,Pedestrian
23,632.0,0.0,728.0,66.0,9182,1,0,1,Pedestrian
23,632.0,0.0,728.0,66.0,9183,1,0,1,Pedestrian
23,632.0,0.0,731.0,66.0,9184,1,0,1,Pedestrian
23,632.0,0.0,731.0,66.0,9185,1,0,1,Pedestrian
23,632.0,0.0,731.0,66.0,9186,1,0,1,Pedestrian
23,632.0,0.0,731.0,66.0,9187,1,0,1,Pedestrian
23,632.0,0.0,731.0,66.0,9188,1,0,1,Pedestrian
23,632.0,0.0,731.0,66.0,9189,1,0,1,Pedestrian
23,632.0,0.0,731.0,66.0,9190,1,0,1,Pedestrian
23,632.0,0.0,731.0,66.0,9191,1,0,1,Pedestrian
23,632.0,0.0,731.0,66.0,9192,1,0,1,Pedestrian
23,632.0,0.0,731.0,66.0,9193,1,0,1,Pedestrian
23,632.0,0.0,731.0,66.0,9194,1,0,1,Pedestrian
23,632.0,0.0,731.0,66.0,9195,1,0,1,Pedestrian
23,632.0,0.0,734.0,68.0,9196,1,0,1,Pedestrian
23,632.0,0.0,734.0,68.0,9197,1,0,1,Pedestrian
23,632.0,0.0,734.0,68.0,9198,1,0,1,Pedestrian
23,632.0,0.0,734.0,68.0,9199,1,0,1,Pedestrian
23,632.0,0.0,734.0,68.0,9200,1,0,1,Pedestrian
23,632.0,0.0,734.0,68.0,9201,1,0,1,Pedestrian
23,632.0,0.0,734.0,68.0,9202,1,0,1,Pedestrian
23,632.0,0.0,734.0,68.0,9203,1,0,1,Pedestrian
23,632.0,0.0,734.0,68.0,9204,1,0,1,Pedestrian
23,632.0,0.0,734.0,68.0,9205,1,0,1,Pedestrian
23,632.0,0.0,734.0,68.0,9206,1,0,1,Pedestrian
23,632.0,0.0,734.0,68.0,9207,1,0,1,Pedestrian
23,632.0,0.0,734.0,68.0,9208,1,0,1,Pedestrian
23,632.0,0.0,737.0,68.0,9209,1,0,1,Pedestrian
23,632.0,0.0,737.0,68.0,9210,1,0,1,Pedestrian
23,632.0,0.0,737.0,68.0,9211,1,0,1,Pedestrian
23,632.0,0.0,737.0,68.0,9212,1,0,1,Pedestrian
23,632.0,0.0,737.0,68.0,9213,1,0,1,Pedestrian
23,632.0,0.0,737.0,68.0,9214,1,0,1,Pedestrian
23,632.0,0.0,737.0,68.0,9215,1,0,1,Pedestrian
23,632.0,0.0,737.0,68.0,9216,1,0,1,Pedestrian
23,632.0,0.0,737.0,68.0,9217,1,0,1,Pedestrian
23,632.0,0.0,737.0,68.0,9218,1,0,1,Pedestrian
23,632.0,0.0,737.0,68.0,9219,1,0,1,Pedestrian
23,632.0,0.0,737.0,68.0,9220,1,0,1,Pedestrian
23,632.0,0.0,739.0,70.0,9221,1,0,1,Pedestrian
23,632.0,0.0,739.0,70.0,9222,1,0,1,Pedestrian
23,632.0,0.0,739.0,70.0,9223,1,0,1,Pedestrian
23,632.0,0.0,739.0,70.0,9224,1,0,1,Pedestrian
23,632.0,0.0,739.0,70.0,9225,1,0,1,Pedestrian
23,632.0,0.0,739.0,70.0,9226,1,0,1,Pedestrian
23,632.0,0.0,739.0,70.0,9227,1,0,1,Pedestrian
23,632.0,0.0,739.0,70.0,9228,1,0,1,Pedestrian
23,632.0,0.0,739.0,70.0,9229,1,0,1,Pedestrian
23,632.0,0.0,739.0,70.0,9230,1,0,1,Pedestrian
23,632.0,0.0,739.0,70.0,9231,1,0,1,Pedestrian
23,632.0,0.0,739.0,70.0,9232,1,0,1,Pedestrian
23,632.0,0.0,742.0,70.0,9233,1,0,1,Pedestrian
23,632.0,0.0,742.0,70.0,9234,1,0,1,Pedestrian
23,632.0,0.0,742.0,70.0,9235,1,0,1,Pedestrian
23,632.0,0.0,742.0,70.0,9236,1,0,1,Pedestrian
23,632.0,0.0,742.0,70.0,9237,1,0,1,Pedestrian
23,632.0,0.0,742.0,70.0,9238,1,0,1,Pedestrian
23,632.0,0.0,742.0,70.0,9239,1,0,1,Pedestrian
23,632.0,0.0,742.0,70.0,9240,1,0,1,Pedestrian
23,632.0,0.0,742.0,70.0,9241,1,0,1,Pedestrian
23,632.0,0.0,742.0,70.0,9242,1,0,1,Pedestrian
23,632.0,0.0,742.0,70.0,9243,1,0,1,Pedestrian
23,632.0,0.0,742.0,70.0,9244,1,0,1,Pedestrian
23,635.0,0.0,745.0,72.0,9245,0,0,0,Pedestrian
23,635.0,0.0,739.0,68.0,9246,0,0,1,Pedestrian
23,635.0,0.0,737.0,66.0,9247,0,0,1,Pedestrian
23,635.0,0.0,731.0,63.0,9248,0,0,1,Pedestrian
23,638.0,0.0,728.0,61.0,9249,0,0,1,Pedestrian
23,638.0,0.0,723.0,59.0,9250,0,0,1,Pedestrian
23,638.0,0.0,720.0,56.0,9251,0,0,1,Pedestrian
23,640.0,0.0,715.0,54.0,9252,0,0,1,Pedestrian
23,640.0,0.0,712.0,52.0,9253,0,0,1,Pedestrian
23,640.0,0.0,706.0,50.0,9254,0,0,1,Pedestrian
23,643.0,2.0,704.0,47.0,9255,0,0,0,Pedestrian
23,643.0,0.0,704.0,45.0,9256,0,0,1,Pedestrian
23,643.0,0.0,704.0,45.0,9257,0,0,1,Pedestrian
23,643.0,0.0,704.0,45.0,9258,0,0,1,Pedestrian
23,643.0,0.0,704.0,45.0,9259,0,0,1,Pedestrian
23,646.0,0.0,706.0,45.0,9260,0,0,1,Pedestrian
23,646.0,0.0,706.0,43.0,9261,0,0,1,Pedestrian
23,646.0,0.0,706.0,43.0,9262,0,0,1,Pedestrian
23,646.0,0.0,706.0,43.0,9263,0,0,1,Pedestrian
23,646.0,0.0,706.0,43.0,9264,0,0,1,Pedestrian
23,649.0,0.0,709.0,43.0,9265,0,0,0,Pedestrian
23,643.0,0.0,704.0,40.0,9266,0,0,1,Pedestrian
23,638.0,0.0,698.0,40.0,9267,0,0,1,Pedestrian
23,635.0,0.0,695.0,40.0,9268,0,0,1,Pedestrian
23,629.0,0.0,690.0,38.0,9269,0,0,1,Pedestrian
23,624.0,0.0,684.0,38.0,9270,0,0,1,Pedestrian
23,621.0,0.0,682.0,38.0,9271,0,0,0,Pedestrian
23,621.0,0.0,684.0,43.0,9272,0,0,1,Pedestrian
23,621.0,0.0,690.0,47.0,9273,0,0,1,Pedestrian
23,621.0,0.0,693.0,52.0,9274,0,0,1,Pedestrian
23,624.0,0.0,698.0,56.0,9275,0,0,0,Pedestrian
23,621.0,0.0,695.0,59.0,9276,0,0,1,Pedestrian
23,621.0,0.0,695.0,61.0,9277,0,0,1,Pedestrian
23,621.0,0.0,693.0,63.0,9278,0,0,1,Pedestrian
23,621.0,0.0,693.0,66.0,9279,0,0,1,Pedestrian
23,621.0,2.0,693.0,68.0,9280,0,0,1,Pedestrian
23,618.0,2.0,690.0,70.0,9281,0,0,1,Pedestrian
23,618.0,2.0,690.0,72.0,9282,0,0,1,Pedestrian
23,618.0,2.0,687.0,75.0,9283,0,0,1,Pedestrian
23,618.0,2.0,687.0,77.0,9284,0,0,1,Pedestrian
23,618.0,4.0,687.0,81.0,9285,0,0,0,Pedestrian
23,616.0,4.0,684.0,81.0,9286,0,0,1,Pedestrian
23,616.0,6.0,684.0,84.0,9287,0,0,1,Pedestrian
23,616.0,9.0,682.0,84.0,9288,0,0,1,Pedestrian
23,613.0,9.0,682.0,86.0,9289,0,0,1,Pedestrian
23,613.0,11.0,682.0,86.0,9290,0,0,1,Pedestrian
23,613.0,13.0,679.0,88.0,9291,0,0,1,Pedestrian
23,610.0,13.0,679.0,91.0,9292,0,0,1,Pedestrian
23,610.0,15.0,679.0,91.0,9293,0,0,1,Pedestrian
23,610.0,18.0,676.0,93.0,9294,0,0,1,Pedestrian
23,607.0,18.0,676.0,93.0,9295,0,0,1,Pedestrian
23,607.0,20.0,676.0,95.0,9296,0,0,1,Pedestrian
23,607.0,22.0,673.0,97.0,9297,0,0,1,Pedestrian
23,605.0,22.0,673.0,97.0,9298,0,0,1,Pedestrian
23,605.0,25.0,673.0,100.0,9299,0,0,1,Pedestrian
23,605.0,27.0,671.0,100.0,9300,0,0,1,Pedestrian
23,602.0,27.0,671.0,102.0,9301,0,0,1,Pedestrian
23,602.0,29.0,671.0,102.0,9302,0,0,1,Pedestrian
23,602.0,31.0,668.0,104.0,9303,0,0,1,Pedestrian
23,599.0,31.0,668.0,107.0,9304,0,0,1,Pedestrian
23,599.0,34.0,668.0,107.0,9305,0,0,1,Pedestrian
23,599.0,36.0,665.0,109.0,9306,0,0,1,Pedestrian
23,596.0,36.0,665.0,109.0,9307,0,0,1,Pedestrian
23,596.0,38.0,665.0,111.0,9308,0,0,1,Pedestrian
23,596.0,40.0,662.0,113.0,9309,0,0,1,Pedestrian
23,594.0,40.0,662.0,113.0,9310,0,0,1,Pedestrian
23,594.0,43.0,662.0,116.0,9311,0,0,1,Pedestrian
23,594.0,45.0,660.0,116.0,9312,0,0,1,Pedestrian
23,591.0,45.0,660.0,118.0,9313,0,0,1,Pedestrian
23,591.0,47.0,657.0,120.0,9314,0,0,1,Pedestrian
23,591.0,50.0,657.0,120.0,9315,0,0,1,Pedestrian
23,588.0,50.0,657.0,122.0,9316,0,0,1,Pedestrian
23,588.0,52.0,654.0,122.0,9317,0,0,1,Pedestrian
23,588.0,54.0,654.0,125.0,9318,0,0,1,Pedestrian
23,585.0,54.0,654.0,125.0,9319,0,0,1,Pedestrian
23,585.0,56.0,651.0,127.0,9320,0,0,1,Pedestrian
23,585.0,59.0,651.0,129.0,9321,0,0,1,Pedestrian
23,583.0,59.0,651.0,129.0,9322,0,0,1,Pedestrian
23,583.0,61.0,649.0,132.0,9323,0,0,1,Pedestrian
23,583.0,63.0,649.0,132.0,9324,0,0,1,Pedestrian
23,580.0,66.0,649.0,134.0,9325,0,0,1,Pedestrian
23,580.0,66.0,646.0,136.0,9326,0,0,1,Pedestrian
23,580.0,68.0,646.0,136.0,9327,0,0,1,Pedestrian
23,577.0,70.0,646.0,138.0,9328,0,0,1,Pedestrian
23,577.0,70.0,643.0,138.0,9329,0,0,1,Pedestrian
23,577.0,72.0,643.0,141.0,9330,0,0,1,Pedestrian
23,574.0,75.0,643.0,143.0,9331,0,0,1,Pedestrian
23,574.0,75.0,640.0,143.0,9332,0,0,1,Pedestrian
23,574.0,77.0,640.0,145.0,9333,0,0,1,Pedestrian
23,572.0,79.0,640.0,145.0,9334,0,0,1,Pedestrian
23,572.0,79.0,638.0,148.0,9335,0,0,1,Pedestrian
23,572.0,81.0,638.0,148.0,9336,0,0,1,Pedestrian
23,569.0,84.0,638.0,150.0,9337,0,0,1,Pedestrian
23,569.0,84.0,635.0,152.0,9338,0,0,1,Pedestrian
23,569.0,86.0,635.0,152.0,9339,0,0,1,Pedestrian
23,566.0,88.0,635.0,154.0,9340,0,0,1,Pedestrian
23,566.0,88.0,632.0,154.0,9341,0,0,1,Pedestrian
23,566.0,91.0,632.0,157.0,9342,0,0,1,Pedestrian
23,563.0,93.0,629.0,159.0,9343,0,0,1,Pedestrian
23,563.0,93.0,629.0,159.0,9344,0,0,1,Pedestrian
23,563.0,95.0,629.0,161.0,9345,0,0,1,Pedestrian
23,561.0,97.0,627.0,161.0,9346,0,0,1,Pedestrian
23,561.0,97.0,627.0,163.0,9347,0,0,1,Pedestrian
23,561.0,100.0,627.0,166.0,9348,0,0,1,Pedestrian
23,558.0,102.0,624.0,166.0,9349,0,0,1,Pedestrian
23,558.0,102.0,624.0,168.0,9350,0,0,1,Pedestrian
23,558.0,104.0,624.0,168.0,9351,0,0,1,Pedestrian
23,555.0,107.0,621.0,170.0,9352,0,0,1,Pedestrian
23,555.0,107.0,621.0,170.0,9353,0,0,1,Pedestrian
23,555.0,109.0,621.0,173.0,9354,0,0,1,Pedestrian
23,552.0,111.0,618.0,175.0,9355,0,0,1,Pedestrian
23,552.0,111.0,618.0,175.0,9356,0,0,1,Pedestrian
23,552.0,113.0,618.0,177.0,9357,0,0,1,Pedestrian
23,550.0,116.0,616.0,177.0,9358,0,0,1,Pedestrian
23,550.0,116.0,616.0,179.0,9359,0,0,1,Pedestrian
23,550.0,118.0,616.0,182.0,9360,0,0,1,Pedestrian
23,547.0,120.0,613.0,182.0,9361,0,0,1,Pedestrian
23,547.0,120.0,613.0,184.0,9362,0,0,1,Pedestrian
23,547.0,122.0,613.0,184.0,9363,0,0,1,Pedestrian
23,544.0,125.0,610.0,186.0,9364,0,0,1,Pedestrian
23,544.0,127.0,610.0,188.0,9365,0,0,1,Pedestrian
23,544.0,127.0,610.0,188.0,9366,0,0,1,Pedestrian
23,541.0,129.0,607.0,191.0,9367,0,0,1,Pedestrian
23,541.0,132.0,607.0,191.0,9368,0,0,1,Pedestrian
23,541.0,132.0,605.0,193.0,9369,0,0,1,Pedestrian
23,539.0,134.0,605.0,193.0,9370,0,0,1,Pedestrian
23,539.0,136.0,605.0,195.0,9371,0,0,1,Pedestrian
23,539.0,136.0,602.0,198.0,9372,0,0,1,Pedestrian
23,536.0,138.0,602.0,198.0,9373,0,0,1,Pedestrian
23,536.0,141.0,602.0,200.0,9374,0,0,1,Pedestrian
23,536.0,141.0,599.0,200.0,9375,0,0,1,Pedestrian
23,533.0,143.0,599.0,202.0,9376,0,0,1,Pedestrian
23,533.0,145.0,599.0,204.0,9377,0,0,1,Pedestrian
23,533.0,145.0,596.0,204.0,9378,0,0,1,Pedestrian
23,530.0,148.0,596.0,207.0,9379,0,0,1,Pedestrian
23,530.0,150.0,596.0,207.0,9380,0,0,1,Pedestrian
23,530.0,150.0,594.0,209.0,9381,0,0,1,Pedestrian
23,530.0,152.0,594.0,211.0,9382,0,0,1,Pedestrian
23,528.0,154.0,594.0,211.0,9383,0,0,1,Pedestrian
23,528.0,154.0,591.0,214.0,9384,0,0,1,Pedestrian
23,528.0,157.0,591.0,214.0,9385,0,0,1,Pedestrian
23,525.0,159.0,591.0,216.0,9386,0,0,1,Pedestrian
23,525.0,159.0,588.0,216.0,9387,0,0,1,Pedestrian
23,525.0,161.0,588.0,218.0,9388,0,0,1,Pedestrian
23,522.0,163.0,588.0,220.0,9389,0,0,1,Pedestrian
23,522.0,163.0,585.0,220.0,9390,0,0,1,Pedestrian
23,522.0,166.0,585.0,223.0,9391,0,0,1,Pedestrian
23,519.0,168.0,585.0,223.0,9392,0,0,1,Pedestrian
23,519.0,168.0,583.0,225.0,9393,0,0,1,Pedestrian
23,519.0,170.0,583.0,227.0,9394,0,0,1,Pedestrian
23,517.0,173.0,583.0,227.0,9395,0,0,1,Pedestrian
23,517.0,173.0,580.0,229.0,9396,0,0,1,Pedestrian
23,517.0,175.0,580.0,229.0,9397,0,0,1,Pedestrian
23,514.0,177.0,577.0,232.0,9398,0,0,1,Pedestrian
23,514.0,177.0,577.0,232.0,9399,0,0,1,Pedestrian
23,514.0,179.0,577.0,234.0,9400,0,0,1,Pedestrian
23,511.0,182.0,574.0,236.0,9401,0,0,1,Pedestrian
23,511.0,184.0,574.0,236.0,9402,0,0,1,Pedestrian
23,511.0,184.0,574.0,239.0,9403,0,0,1,Pedestrian
23,508.0,186.0,572.0,239.0,9404,0,0,1,Pedestrian
23,508.0,188.0,572.0,241.0,9405,0,0,1,Pedestrian
23,508.0,188.0,572.0,243.0,9406,0,0,1,Pedestrian
23,506.0,191.0,569.0,243.0,9407,0,0,1,Pedestrian
23,506.0,193.0,569.0,245.0,9408,0,0,1,Pedestrian
23,506.0,193.0,569.0,245.0,9409,0,0,1,Pedestrian
23,503.0,195.0,566.0,248.0,9410,0,0,1,Pedestrian
23,503.0,198.0,566.0,250.0,9411,0,0,1,Pedestrian
23,503.0,198.0,566.0,250.0,9412,0,0,1,Pedestrian
23,500.0,200.0,563.0,252.0,9413,0,0,1,Pedestrian
23,500.0,202.0,563.0,252.0,9414,0,0,1,Pedestrian
23,500.0,202.0,563.0,255.0,9415,0,0,1,Pedestrian
23,497.0,204.0,561.0,255.0,9416,0,0,1,Pedestrian
23,497.0,207.0,561.0,257.0,9417,0,0,1,Pedestrian
23,497.0,207.0,561.0,259.0,9418,0,0,1,Pedestrian
23,495.0,209.0,558.0,259.0,9419,0,0,1,Pedestrian
23,495.0,211.0,558.0,261.0,9420,0,0,1,Pedestrian
23,495.0,211.0,558.0,261.0,9421,0,0,1,Pedestrian
23,492.0,214.0,555.0,264.0,9422,0,0,1,Pedestrian
23,492.0,216.0,555.0,266.0,9423,0,0,1,Pedestrian
23,492.0,216.0,552.0,266.0,9424,0,0,1,Pedestrian
23,489.0,218.0,552.0,268.0,9425,0,0,1,Pedestrian
23,489.0,220.0,552.0,268.0,9426,0,0,1,Pedestrian
23,489.0,220.0,550.0,270.0,9427,0,0,1,Pedestrian
23,486.0,223.0,550.0,273.0,9428,0,0,1,Pedestrian
23,486.0,225.0,550.0,273.0,9429,0,0,1,Pedestrian
23,486.0,225.0,547.0,275.0,9430,0,0,1,Pedestrian
23,484.0,227.0,547.0,275.0,9431,0,0,1,Pedestrian
23,484.0,229.0,547.0,277.0,9432,0,0,1,Pedestrian
23,484.0,229.0,544.0,277.0,9433,0,0,1,Pedestrian
23,481.0,232.0,544.0,280.0,9434,0,0,1,Pedestrian
23,481.0,234.0,544.0,282.0,9435,0,0,1,Pedestrian
23,481.0,234.0,541.0,282.0,9436,0,0,1,Pedestrian
23,478.0,236.0,541.0,284.0,9437,0,0,1,Pedestrian
23,478.0,239.0,541.0,284.0,9438,0,0,1,Pedestrian
23,478.0,239.0,539.0,286.0,9439,0,0,1,Pedestrian
23,475.0,241.0,539.0,289.0,9440,0,0,1,Pedestrian
23,475.0,243.0,539.0,289.0,9441,0,0,1,Pedestrian
23,475.0,245.0,536.0,291.0,9442,0,0,1,Pedestrian
23,473.0,245.0,536.0,291.0,9443,0,0,1,Pedestrian
23,473.0,248.0,536.0,293.0,9444,0,0,1,Pedestrian
23,473.0,250.0,533.0,296.0,9445,0,0,1,Pedestrian
23,470.0,250.0,533.0,296.0,9446,0,0,1,Pedestrian
23,470.0,252.0,533.0,298.0,9447,0,0,1,Pedestrian
23,470.0,255.0,530.0,298.0,9448,0,0,1,Pedestrian
23,467.0,255.0,530.0,300.0,9449,0,0,1,Pedestrian
23,467.0,257.0,530.0,300.0,9450,0,0,1,Pedestrian
23,467.0,259.0,528.0,302.0,9451,0,0,1,Pedestrian
23,464.0,259.0,528.0,305.0,9452,0,0,1,Pedestrian
23,464.0,261.0,525.0,305.0,9453,0,0,1,Pedestrian
23,464.0,264.0,525.0,307.0,9454,0,0,1,Pedestrian
23,462.0,264.0,525.0,307.0,9455,0,0,1,Pedestrian
23,462.0,266.0,522.0,309.0,9456,0,0,1,Pedestrian
23,462.0,268.0,522.0,311.0,9457,0,0,1,Pedestrian
23,459.0,268.0,522.0,311.0,9458,0,0,1,Pedestrian
23,459.0,270.0,519.0,314.0,9459,0,0,1,Pedestrian
23,459.0,273.0,519.0,314.0,9460,0,0,1,Pedestrian
23,456.0,273.0,519.0,316.0,9461,0,0,1,Pedestrian
23,456.0,275.0,517.0,318.0,9462,0,0,1,Pedestrian
23,456.0,277.0,517.0,318.0,9463,0,0,1,Pedestrian
23,453.0,277.0,517.0,321.0,9464,0,0,1,Pedestrian
23,453.0,280.0,514.0,321.0,9465,0,0,1,Pedestrian
23,453.0,282.0,514.0,323.0,9466,0,0,1,Pedestrian
23,451.0,282.0,514.0,323.0,9467,0,0,1,Pedestrian
23,451.0,284.0,511.0,325.0,9468,0,0,1,Pedestrian
23,451.0,286.0,511.0,327.0,9469,0,0,1,Pedestrian
23,448.0,286.0,511.0,327.0,9470,0,0,1,Pedestrian
23,448.0,289.0,508.0,330.0,9471,0,0,1,Pedestrian
23,448.0,291.0,508.0,330.0,9472,0,0,1,Pedestrian
23,445.0,291.0,508.0,332.0,9473,0,0,1,Pedestrian
23,445.0,293.0,506.0,334.0,9474,0,0,1,Pedestrian
23,445.0,296.0,506.0,334.0,9475,0,0,1,Pedestrian
23,442.0,296.0,506.0,337.0,9476,0,0,1,Pedestrian
23,442.0,298.0,503.0,337.0,9477,0,0,1,Pedestrian
23,442.0,300.0,503.0,339.0,9478,0,0,1,Pedestrian
23,442.0,302.0,503.0,341.0,9479,0,0,0,Pedestrian
23,440.0,302.0,500.0,341.0,9480,0,0,1,Pedestrian
23,437.0,305.0,497.0,343.0,9481,0,0,1,Pedestrian
23,437.0,305.0,497.0,343.0,9482,0,0,1,Pedestrian
23,434.0,307.0,495.0,346.0,9483,0,0,1,Pedestrian
23,434.0,307.0,495.0,346.0,9484,0,0,1,Pedestrian
23,431.0,309.0,492.0,348.0,9485,0,0,1,Pedestrian
23,431.0,311.0,492.0,350.0,9486,0,0,1,Pedestrian
23,429.0,311.0,489.0,350.0,9487,0,0,1,Pedestrian
23,429.0,314.0,489.0,352.0,9488,0,0,1,Pedestrian
23,426.0,314.0,486.0,352.0,9489,0,0,1,Pedestrian
23,426.0,316.0,486.0,355.0,9490,0,0,1,Pedestrian
23,423.0,316.0,484.0,355.0,9491,0,0,1,Pedestrian
23,423.0,318.0,484.0,357.0,9492,0,0,1,Pedestrian
23,420.0,321.0,481.0,359.0,9493,0,0,1,Pedestrian
23,420.0,321.0,481.0,359.0,9494,0,0,1,Pedestrian
23,418.0,323.0,478.0,362.0,9495,0,0,1,Pedestrian
23,418.0,323.0,478.0,362.0,9496,0,0,1,Pedestrian
23,415.0,325.0,475.0,364.0,9497,0,0,1,Pedestrian
23,415.0,325.0,475.0,364.0,9498,0,0,1,Pedestrian
23,412.0,327.0,473.0,366.0,9499,0,0,1,Pedestrian
23,412.0,330.0,473.0,368.0,9500,0,0,0,Pedestrian
23,409.0,330.0,470.0,368.0,9501,0,0,1,Pedestrian
23,409.0,332.0,470.0,371.0,9502,0,0,1,Pedestrian
23,407.0,332.0,470.0,373.0,9503,0,0,1,Pedestrian
23,407.0,334.0,470.0,375.0,9504,0,0,1,Pedestrian
23,407.0,334.0,470.0,377.0,9505,0,0,1,Pedestrian
23,404.0,337.0,467.0,377.0,9506,0,0,1,Pedestrian
23,404.0,337.0,467.0,380.0,9507,0,0,1,Pedestrian
23,401.0,339.0,467.0,382.0,9508,0,0,1,Pedestrian
23,401.0,339.0,467.0,384.0,9509,0,0,1,Pedestrian
23,401.0,341.0,467.0,387.0,9510,0,0,1,Pedestrian
23,398.0,341.0,467.0,387.0,9511,0,0,1,Pedestrian
23,398.0,343.0,464.0,389.0,9512,0,0,1,Pedestrian
23,398.0,346.0,464.0,391.0,9513,0,0,1,Pedestrian
23,396.0,346.0,464.0,393.0,9514,0,0,1,Pedestrian
23,396.0,348.0,464.0,396.0,9515,0,0,1,Pedestrian
23,393.0,348.0,464.0,396.0,9516,0,0,1,Pedestrian
23,393.0,350.0,462.0,398.0,9517,0,0,1,Pedestrian
23,393.0,350.0,462.0,400.0,9518,0,0,1,Pedestrian
23,390.0,352.0,462.0,403.0,9519,0,0,1,Pedestrian
23,390.0,352.0,462.0,405.0,9520,0,0,1,Pedestrian
23,390.0,355.0,462.0,405.0,9521,0,0,1,Pedestrian
23,387.0,355.0,462.0,407.0,9522,0,0,1,Pedestrian
23,387.0,357.0,459.0,409.0,9523,0,0,1,Pedestrian
23,385.0,357.0,459.0,412.0,9524,0,0,1,Pedestrian
23,385.0,359.0,459.0,414.0,9525,0,0,1,Pedestrian
23,385.0,362.0,459.0,414.0,9526,0,0,1,Pedestrian
23,382.0,362.0,459.0,416.0,9527,0,0,1,Pedestrian
23,382.0,364.0,456.0,418.0,9528,0,0,1,Pedestrian
23,379.0,364.0,456.0,421.0,9529,0,0,1,Pedestrian
23,379.0,366.0,456.0,423.0,9530,0,0,1,Pedestrian
23,379.0,366.0,456.0,423.0,9531,0,0,1,Pedestrian
23,376.0,368.0,456.0,425.0,9532,0,0,1,Pedestrian
23,376.0,368.0,456.0,428.0,9533,0,0,1,Pedestrian
23,376.0,371.0,453.0,430.0,9534,0,0,1,Pedestrian
23,374.0,371.0,453.0,432.0,9535,0,0,1,Pedestrian
23,374.0,373.0,453.0,432.0,9536,0,0,1,Pedestrian
23,371.0,373.0,453.0,434.0,9537,0,0,1,Pedestrian
23,371.0,375.0,453.0,437.0,9538,0,0,1,Pedestrian
23,371.0,377.0,451.0,439.0,9539,0,0,1,Pedestrian
23,368.0,377.0,451.0,441.0,9540,0,0,1,Pedestrian
23,368.0,380.0,451.0,441.0,9541,0,0,1,Pedestrian
23,368.0,380.0,451.0,444.0,9542,0,0,1,Pedestrian
23,365.0,382.0,451.0,446.0,9543,0,0,1,Pedestrian
23,365.0,382.0,451.0,448.0,9544,0,0,1,Pedestrian
23,363.0,384.0,448.0,450.0,9545,0,0,1,Pedestrian
23,363.0,384.0,448.0,450.0,9546,0,0,1,Pedestrian
23,363.0,387.0,448.0,453.0,9547,0,0,1,Pedestrian
23,360.0,387.0,448.0,455.0,9548,0,0,1,Pedestrian
23,360.0,389.0,448.0,457.0,9549,0,0,1,Pedestrian
23,360.0,391.0,448.0,459.0,9550,0,0,0,Pedestrian
23,357.0,391.0,445.0,459.0,9551,0,0,1,Pedestrian
23,357.0,393.0,445.0,462.0,9552,0,0,1,Pedestrian
23,354.0,396.0,442.0,464.0,9553,0,0,1,Pedestrian
23,354.0,398.0,442.0,466.0,9554,0,0,1,Pedestrian
23,352.0,398.0,440.0,466.0,9555,0,0,1,Pedestrian
23,352.0,400.0,440.0,469.0,9556,0,0,1,Pedestrian
23,352.0,403.0,440.0,471.0,9557,0,0,1,Pedestrian
23,349.0,405.0,437.0,473.0,9558,0,0,1,Pedestrian
23,349.0,405.0,437.0,473.0,9559,0,0,1,Pedestrian
23,346.0,407.0,434.0,475.0,9560,0,0,1,Pedestrian
23,346.0,409.0,434.0,478.0,9561,0,0,1,Pedestrian
23,343.0,412.0,431.0,480.0,9562,0,0,1,Pedestrian
23,343.0,412.0,431.0,480.0,9563,0,0,1,Pedestrian
23,343.0,414.0,431.0,482.0,9564,0,0,1,Pedestrian
23,341.0,416.0,429.0,485.0,9565,0,0,1,Pedestrian
23,341.0,418.0,429.0,487.0,9566,0,0,1,Pedestrian
23,338.0,418.0,426.0,487.0,9567,0,0,1,Pedestrian
23,338.0,421.0,426.0,489.0,9568,0,0,1,Pedestrian
23,335.0,423.0,423.0,491.0,9569,0,0,1,Pedestrian
23,335.0,425.0,423.0,494.0,9570,0,0,1,Pedestrian
23,335.0,425.0,423.0,494.0,9571,0,0,1,Pedestrian
23,332.0,428.0,420.0,496.0,9572,0,0,1,Pedestrian
23,332.0,430.0,420.0,498.0,9573,0,0,1,Pedestrian
23,330.0,432.0,418.0,500.0,9574,0,0,1,Pedestrian
23,330.0,432.0,418.0,500.0,9575,0,0,1,Pedestrian
23,327.0,434.0,415.0,503.0,9576,0,0,1,Pedestrian
23,327.0,437.0,415.0,505.0,9577,0,0,1,Pedestrian
23,327.0,439.0,415.0,507.0,9578,0,0,1,Pedestrian
23,324.0,439.0,412.0,507.0,9579,0,0,1,Pedestrian
23,324.0,441.0,412.0,510.0,9580,0,0,1,Pedestrian
23,321.0,444.0,409.0,512.0,9581,0,0,1,Pedestrian
23,321.0,446.0,409.0,514.0,9582,0,0,1,Pedestrian
23,319.0,446.0,407.0,514.0,9583,0,0,1,Pedestrian
23,319.0,448.0,407.0,516.0,9584,0,0,1,Pedestrian
23,319.0,450.0,407.0,519.0,9585,0,0,1,Pedestrian
23,316.0,453.0,404.0,521.0,9586,0,0,1,Pedestrian
23,316.0,453.0,404.0,521.0,9587,0,0,1,Pedestrian
23,313.0,455.0,401.0,523.0,9588,0,0,1,Pedestrian
23,313.0,457.0,401.0,526.0,9589,0,0,1,Pedestrian
23,313.0,459.0,401.0,528.0,9590,0,0,1,Pedestrian
23,310.0,459.0,398.0,528.0,9591,0,0,1,Pedestrian
23,310.0,462.0,398.0,530.0,9592,0,0,1,Pedestrian
23,308.0,464.0,396.0,532.0,9593,0,0,1,Pedestrian
23,308.0,466.0,396.0,535.0,9594,0,0,1,Pedestrian
23,305.0,466.0,393.0,535.0,9595,0,0,1,Pedestrian
23,305.0,469.0,393.0,537.0,9596,0,0,1,Pedestrian
23,305.0,471.0,393.0,539.0,9597,0,0,1,Pedestrian
23,302.0,473.0,390.0,541.0,9598,0,0,1,Pedestrian
23,302.0,473.0,390.0,541.0,9599,0,0,1,Pedestrian
23,299.0,475.0,387.0,544.0,9600,0,0,1,Pedestrian
23,299.0,478.0,387.0,546.0,9601,0,0,1,Pedestrian
23,297.0,480.0,385.0,548.0,9602,0,0,1,Pedestrian
23,297.0,480.0,385.0,548.0,9603,0,0,1,Pedestrian
23,297.0,482.0,385.0,551.0,9604,0,0,1,Pedestrian
23,294.0,485.0,382.0,553.0,9605,0,0,1,Pedestrian
23,294.0,487.0,382.0,555.0,9606,0,0,1,Pedestrian
23,291.0,487.0,379.0,555.0,9607,0,0,1,Pedestrian
23,291.0,489.0,379.0,557.0,9608,0,0,1,Pedestrian
23,288.0,491.0,376.0,560.0,9609,0,0,1,Pedestrian
23,288.0,494.0,376.0,562.0,9610,0,0,1,Pedestrian
23,288.0,494.0,376.0,562.0,9611,0,0,1,Pedestrian
23,286.0,496.0,374.0,564.0,9612,0,0,1,Pedestrian
23,286.0,498.0,374.0,566.0,9613,0,0,1,Pedestrian
23,283.0,500.0,371.0,569.0,9614,0,0,1,Pedestrian
23,283.0,500.0,371.0,569.0,9615,0,0,1,Pedestrian
23,280.0,503.0,368.0,571.0,9616,0,0,1,Pedestrian
23,280.0,505.0,368.0,573.0,9617,0,0,1,Pedestrian
23,280.0,507.0,368.0,576.0,9618,0,0,1,Pedestrian
23,277.0,507.0,365.0,576.0,9619,0,0,1,Pedestrian
23,277.0,510.0,365.0,578.0,9620,0,0,1,Pedestrian
23,275.0,512.0,363.0,580.0,9621,0,0,1,Pedestrian
23,275.0,514.0,363.0,582.0,9622,0,0,1,Pedestrian
23,272.0,514.0,360.0,582.0,9623,0,0,1,Pedestrian
23,272.0,516.0,360.0,585.0,9624,0,0,1,Pedestrian
23,272.0,519.0,360.0,587.0,9625,0,0,1,Pedestrian
23,269.0,521.0,357.0,589.0,9626,0,0,1,Pedestrian
23,269.0,521.0,357.0,589.0,9627,0,0,1,Pedestrian
23,266.0,523.0,354.0,592.0,9628,0,0,1,Pedestrian
23,266.0,526.0,354.0,594.0,9629,0,0,1,Pedestrian
23,266.0,528.0,354.0,596.0,9630,0,0,0,Pedestrian
23,264.0,528.0,352.0,596.0,9631,0,0,1,Pedestrian
23,264.0,530.0,352.0,598.0,9632,0,0,1,Pedestrian
23,261.0,530.0,349.0,598.0,9633,0,0,1,Pedestrian
23,261.0,532.0,349.0,601.0,9634,0,0,1,Pedestrian
23,258.0,532.0,346.0,601.0,9635,0,0,1,Pedestrian
23,258.0,535.0,346.0,603.0,9636,0,0,1,Pedestrian
23,255.0,535.0,343.0,603.0,9637,0,0,1,Pedestrian
23,255.0,537.0,343.0,605.0,9638,0,0,1,Pedestrian
23,255.0,537.0,343.0,605.0,9639,0,0,1,Pedestrian
23,253.0,539.0,341.0,607.0,9640,0,0,1,Pedestrian
23,253.0,539.0,341.0,607.0,9641,0,0,1,Pedestrian
23,250.0,541.0,338.0,610.0,9642,0,0,1,Pedestrian
23,250.0,541.0,338.0,610.0,9643,0,0,1,Pedestrian
23,247.0,544.0,335.0,612.0,9644,0,0,1,Pedestrian
23,247.0,544.0,335.0,612.0,9645,0,0,1,Pedestrian
23,247.0,546.0,335.0,614.0,9646,0,0,1,Pedestrian
23,244.0,546.0,332.0,614.0,9647,0,0,1,Pedestrian
23,244.0,548.0,332.0,617.0,9648,0,0,1,Pedestrian
23,242.0,548.0,330.0,617.0,9649,0,0,1,Pedestrian
23,242.0,551.0,330.0,619.0,9650,0,0,1,Pedestrian
23,239.0,551.0,327.0,619.0,9651,0,0,1,Pedestrian
23,239.0,553.0,327.0,621.0,9652,0,0,1,Pedestrian
23,239.0,553.0,327.0,621.0,9653,0,0,1,Pedestrian
23,236.0,555.0,324.0,623.0,9654,0,0,1,Pedestrian
23,236.0,555.0,324.0,623.0,9655,0,0,1,Pedestrian
23,233.0,557.0,321.0,626.0,9656,0,0,1,Pedestrian
23,233.0,557.0,321.0,626.0,9657,0,0,1,Pedestrian
23,231.0,560.0,319.0,628.0,9658,0,0,1,Pedestrian
23,231.0,560.0,319.0,628.0,9659,0,0,1,Pedestrian
23,231.0,562.0,319.0,630.0,9660,0,0,1,Pedestrian
23,228.0,562.0,316.0,630.0,9661,0,0,1,Pedestrian
23,228.0,564.0,316.0,633.0,9662,0,0,1,Pedestrian
23,225.0,564.0,313.0,633.0,9663,0,0,1,Pedestrian
23,225.0,566.0,313.0,635.0,9664,0,0,1,Pedestrian
23,222.0,566.0,310.0,635.0,9665,0,0,1,Pedestrian
23,222.0,569.0,310.0,637.0,9666,0,0,1,Pedestrian
23,222.0,569.0,310.0,637.0,9667,0,0,1,Pedestrian
23,220.0,571.0,308.0,639.0,9668,0,0,1,Pedestrian
23,220.0,571.0,308.0,639.0,9669,0,0,1,Pedestrian
23,217.0,573.0,305.0,642.0,9670,0,0,1,Pedestrian
23,217.0,573.0,305.0,642.0,9671,0,0,1,Pedestrian
23,214.0,576.0,302.0,644.0,9672,0,0,1,Pedestrian
23,214.0,576.0,302.0,644.0,9673,0,0,1,Pedestrian
23,214.0,578.0,302.0,646.0,9674,0,0,1,Pedestrian
23,211.0,578.0,299.0,646.0,9675,0,0,1,Pedestrian
23,211.0,580.0,299.0,648.0,9676,0,0,1,Pedestrian
23,209.0,580.0,297.0,648.0,9677,0,0,1,Pedestrian
23,209.0,582.0,297.0,651.0,9678,0,0,1,Pedestrian
23,206.0,582.0,294.0,651.0,9679,0,0,1,Pedestrian
23,206.0,585.0,294.0,653.0,9680,0,0,1,Pedestrian
23,206.0,587.0,294.0,655.0,9681,0,0,1,Pedestrian
23,203.0,587.0,291.0,655.0,9682,0,0,1,Pedestrian
23,203.0,589.0,291.0,658.0,9683,0,0,1,Pedestrian
23,200.0,589.0,288.0,658.0,9684,0,0,1,Pedestrian
23,200.0,592.0,288.0,660.0,9685,0,0,1,Pedestrian
23,198.0,592.0,286.0,660.0,9686,0,0,1,Pedestrian
23,198.0,594.0,286.0,662.0,9687,0,0,1,Pedestrian
23,198.0,594.0,286.0,662.0,9688,0,0,1,Pedestrian
23,195.0,596.0,283.0,664.0,9689,0,0,1,Pedestrian
23,195.0,596.0,283.0,664.0,9690,0,0,1,Pedestrian
23,192.0,598.0,280.0,667.0,9691,0,0,1,Pedestrian
23,192.0,598.0,280.0,667.0,9692,0,0,1,Pedestrian
23,189.0,601.0,277.0,669.0,9693,0,0,1,Pedestrian
23,189.0,601.0,277.0,669.0,9694,0,0,1,Pedestrian
23,189.0,603.0,277.0,671.0,9695,0,0,1,Pedestrian
23,187.0,603.0,275.0,671.0,9696,0,0,1,Pedestrian
23,187.0,605.0,275.0,674.0,9697,0,0,1,Pedestrian
23,184.0,605.0,272.0,674.0,9698,0,0,1,Pedestrian
23,184.0,607.0,272.0,676.0,9699,0,0,1,Pedestrian
23,181.0,607.0,269.0,676.0,9700,0,0,1,Pedestrian
23,181.0,610.0,269.0,678.0,9701,0,0,1,Pedestrian
23,181.0,610.0,269.0,678.0,9702,0,0,1,Pedestrian
23,178.0,612.0,266.0,680.0,9703,0,0,1,Pedestrian
23,178.0,612.0,266.0,680.0,9704,0,0,1,Pedestrian
23,176.0,614.0,264.0,683.0,9705,0,0,1,Pedestrian
23,176.0,614.0,264.0,683.0,9706,0,0,1,Pedestrian
23,173.0,617.0,261.0,685.0,9707,0,0,1,Pedestrian
23,173.0,617.0,261.0,685.0,9708,0,0,1,Pedestrian
23,173.0,619.0,261.0,687.0,9709,0,0,1,Pedestrian
23,170.0,619.0,258.0,687.0,9710,0,0,1,Pedestrian
23,170.0,621.0,258.0,689.0,9711,0,0,1,Pedestrian
23,167.0,621.0,255.0,689.0,9712,0,0,1,Pedestrian
23,167.0,623.0,255.0,692.0,9713,0,0,1,Pedestrian
23,165.0,623.0,253.0,692.0,9714,0,0,1,Pedestrian
23,165.0,626.0,253.0,694.0,9715,0,0,1,Pedestrian
23,165.0,626.0,253.0,694.0,9716,0,0,1,Pedestrian
23,162.0,628.0,250.0,696.0,9717,0,0,1,Pedestrian
23,162.0,628.0,250.0,696.0,9718,0,0,1,Pedestrian
23,159.0,630.0,247.0,699.0,9719,0,0,1,Pedestrian
23,159.0,630.0,247.0,699.0,9720,0,0,1,Pedestrian
23,156.0,633.0,244.0,701.0,9721,0,0,1,Pedestrian
23,156.0,633.0,244.0,701.0,9722,0,0,1,Pedestrian
23,156.0,635.0,244.0,703.0,9723,0,0,1,Pedestrian
23,154.0,635.0,242.0,703.0,9724,0,0,1,Pedestrian
23,154.0,637.0,242.0,705.0,9725,0,0,1,Pedestrian
23,151.0,637.0,239.0,705.0,9726,0,0,1,Pedestrian
23,151.0,639.0,239.0,708.0,9727,0,0,1,Pedestrian
23,148.0,639.0,236.0,708.0,9728,0,0,1,Pedestrian
23,148.0,642.0,236.0,710.0,9729,0,0,1,Pedestrian
23,148.0,644.0,236.0,712.0,9730,0,0,0,Pedestrian
23,145.0,644.0,233.0,712.0,9731,0,0,1,Pedestrian
23,143.0,644.0,231.0,712.0,9732,0,0,1,Pedestrian
23,143.0,644.0,231.0,712.0,9733,0,0,1,Pedestrian
23,140.0,646.0,228.0,715.0,9734,0,0,1,Pedestrian
23,140.0,646.0,228.0,715.0,9735,0,0,1,Pedestrian
23,137.0,646.0,225.0,715.0,9736,0,0,1,Pedestrian
23,134.0,646.0,222.0,715.0,9737,0,0,1,Pedestrian
23,134.0,648.0,222.0,717.0,9738,0,0,1,Pedestrian
23,132.0,648.0,220.0,717.0,9739,0,0,1,Pedestrian
23,132.0,648.0,220.0,717.0,9740,0,0,1,Pedestrian
23,129.0,651.0,217.0,719.0,9741,0,0,1,Pedestrian
23,126.0,651.0,214.0,719.0,9742,0,0,1,Pedestrian
23,126.0,651.0,214.0,719.0,9743,0,0,1,Pedestrian
23,123.0,651.0,211.0,719.0,9744,0,0,1,Pedestrian
23,123.0,653.0,211.0,721.0,9745,0,0,1,Pedestrian
23,121.0,653.0,209.0,721.0,9746,0,0,1,Pedestrian
23,118.0,653.0,206.0,721.0,9747,0,0,1,Pedestrian
23,118.0,655.0,206.0,724.0,9748,0,0,1,Pedestrian
23,115.0,655.0,203.0,724.0,9749,0,0,1,Pedestrian
23,115.0,655.0,203.0,724.0,9750,0,0,1,Pedestrian
23,112.0,655.0,200.0,724.0,9751,0,0,1,Pedestrian
23,110.0,658.0,198.0,726.0,9752,0,0,1,Pedestrian
23,110.0,658.0,198.0,726.0,9753,0,0,1,Pedestrian
23,107.0,658.0,195.0,726.0,9754,0,0,1,Pedestrian
23,107.0,660.0,195.0,728.0,9755,0,0,1,Pedestrian
23,104.0,660.0,192.0,728.0,9756,0,0,1,Pedestrian
23,101.0,660.0,189.0,728.0,9757,0,0,1,Pedestrian
23,101.0,660.0,189.0,728.0,9758,0,0,1,Pedestrian
23,99.0,662.0,187.0,730.0,9759,0,0,1,Pedestrian
23,99.0,662.0,187.0,730.0,9760,0,0,1,Pedestrian
23,96.0,662.0,184.0,730.0,9761,0,0,1,Pedestrian
23,93.0,664.0,181.0,733.0,9762,0,0,1,Pedestrian
23,93.0,664.0,181.0,733.0,9763,0,0,1,Pedestrian
23,90.0,664.0,178.0,733.0,9764,0,0,1,Pedestrian
23,90.0,664.0,178.0,733.0,9765,0,0,1,Pedestrian
23,88.0,667.0,176.0,735.0,9766,0,0,1,Pedestrian
23,85.0,667.0,173.0,735.0,9767,0,0,1,Pedestrian
23,85.0,667.0,173.0,735.0,9768,0,0,1,Pedestrian
23,82.0,669.0,170.0,737.0,9769,0,0,1,Pedestrian
23,82.0,669.0,170.0,737.0,9770,0,0,1,Pedestrian
23,79.0,669.0,167.0,737.0,9771,0,0,1,Pedestrian
23,77.0,669.0,165.0,737.0,9772,0,0,1,Pedestrian
23,77.0,671.0,165.0,740.0,9773,0,0,1,Pedestrian
23,74.0,671.0,162.0,740.0,9774,0,0,1,Pedestrian
23,74.0,671.0,162.0,740.0,9775,0,0,1,Pedestrian
23,71.0,674.0,159.0,742.0,9776,0,0,1,Pedestrian
23,68.0,674.0,156.0,742.0,9777,0,0,1,Pedestrian
23,68.0,674.0,156.0,742.0,9778,0,0,1,Pedestrian
23,66.0,674.0,154.0,742.0,9779,0,0,1,Pedestrian
23,66.0,676.0,154.0,744.0,9780,0,0,1,Pedestrian
23,63.0,676.0,151.0,744.0,9781,0,0,1,Pedestrian
23,60.0,676.0,148.0,744.0,9782,0,0,1,Pedestrian
23,60.0,678.0,148.0,746.0,9783,0,0,1,Pedestrian
23,57.0,678.0,145.0,746.0,9784,0,0,1,Pedestrian
23,57.0,678.0,145.0,746.0,9785,0,0,1,Pedestrian
23,55.0,678.0,143.0,746.0,9786,0,0,1,Pedestrian
23,52.0,680.0,140.0,749.0,9787,0,0,1,Pedestrian
23,52.0,680.0,140.0,749.0,9788,0,0,1,Pedestrian
23,49.0,680.0,137.0,749.0,9789,0,0,1,Pedestrian
23,49.0,683.0,137.0,751.0,9790,0,0,0,Pedestrian
23,46.0,683.0,134.0,751.0,9791,0,0,1,Pedestrian
23,46.0,683.0,132.0,751.0,9792,0,0,1,Pedestrian
23,44.0,683.0,132.0,751.0,9793,0,0,1,Pedestrian
23,44.0,683.0,129.0,751.0,9794,0,0,1,Pedestrian
23,44.0,685.0,126.0,753.0,9795,0,0,1,Pedestrian
23,41.0,685.0,126.0,753.0,9796,0,0,1,Pedestrian
23,41.0,685.0,123.0,753.0,9797,0,0,1,Pedestrian
23,41.0,685.0,123.0,753.0,9798,0,0,1,Pedestrian
23,38.0,687.0,121.0,755.0,9799,0,0,1,Pedestrian
23,38.0,687.0,118.0,755.0,9800,0,0,1,Pedestrian
23,38.0,687.0,118.0,755.0,9801,0,0,1,Pedestrian
23,35.0,687.0,115.0,755.0,9802,0,0,1,Pedestrian
23,35.0,689.0,115.0,758.0,9803,0,0,1,Pedestrian
23,35.0,689.0,112.0,758.0,9804,0,0,1,Pedestrian
23,33.0,689.0,110.0,758.0,9805,0,0,1,Pedestrian
23,33.0,689.0,110.0,758.0,9806,0,0,1,Pedestrian
23,33.0,692.0,107.0,760.0,9807,0,0,1,Pedestrian
23,30.0,692.0,107.0,760.0,9808,0,0,1,Pedestrian
23,30.0,692.0,104.0,760.0,9809,0,0,1,Pedestrian
23,27.0,692.0,101.0,760.0,9810,0,0,1,Pedestrian
23,27.0,692.0,101.0,760.0,9811,0,0,1,Pedestrian
23,27.0,694.0,99.0,762.0,9812,0,0,1,Pedestrian
23,24.0,694.0,99.0,762.0,9813,0,0,1,Pedestrian
23,24.0,694.0,96.0,762.0,9814,0,0,1,Pedestrian
23,24.0,694.0,93.0,762.0,9815,0,0,1,Pedestrian
23,22.0,696.0,93.0,765.0,9816,0,0,1,Pedestrian
23,22.0,696.0,90.0,765.0,9817,0,0,1,Pedestrian
23,22.0,696.0,88.0,765.0,9818,0,0,1,Pedestrian
23,19.0,696.0,88.0,765.0,9819,0,0,1,Pedestrian
23,19.0,699.0,85.0,767.0,9820,0,0,1,Pedestrian
23,19.0,699.0,85.0,767.0,9821,0,0,1,Pedestrian
23,16.0,699.0,82.0,767.0,9822,0,0,1,Pedestrian
23,16.0,699.0,79.0,767.0,9823,0,0,1,Pedestrian
23,16.0,701.0,79.0,769.0,9824,0,0,1,Pedestrian
23,13.0,701.0,77.0,769.0,9825,0,0,1,Pedestrian
23,13.0,701.0,77.0,769.0,9826,0,0,1,Pedestrian
23,11.0,701.0,74.0,769.0,9827,0,0,1,Pedestrian
23,11.0,701.0,71.0,769.0,9828,0,0,1,Pedestrian
23,11.0,703.0,71.0,771.0,9829,0,0,1,Pedestrian
23,8.0,703.0,68.0,771.0,9830,0,0,1,Pedestrian
23,8.0,703.0,68.0,771.0,9831,0,0,1,Pedestrian
23,8.0,703.0,66.0,771.0,9832,0,0,1,Pedestrian
23,5.0,705.0,63.0,774.0,9833,0,0,1,Pedestrian
23,5.0,705.0,63.0,774.0,9834,0,0,1,Pedestrian
23,5.0,705.0,60.0,774.0,9835,0,0,1,Pedestrian
23,2.0,705.0,60.0,774.0,9836,0,0,1,Pedestrian
23,2.0,708.0,57.0,776.0,9837,0,0,1,Pedestrian
23,2.0,708.0,55.0,776.0,9838,0,0,1,Pedestrian
23,0.0,708.0,55.0,776.0,9839,0,0,1,Pedestrian
23,0.0,708.0,52.0,776.0,9840,0,0,1,Pedestrian
23,0.0,710.0,52.0,778.0,9841,0,0,0,Pedestrian
23,0.0,710.0,52.0,778.0,9842,0,0,1,Pedestrian
23,0.0,710.0,52.0,778.0,9843,0,0,1,Pedestrian
23,0.0,710.0,52.0,778.0,9844,0,0,1,Pedestrian
23,0.0,710.0,52.0,778.0,9845,0,0,1,Pedestrian
23,0.0,710.0,52.0,778.0,9846,0,0,1,Pedestrian
23,0.0,710.0,52.0,778.0,9847,0,0,1,Pedestrian
23,0.0,710.0,52.0,778.0,9848,0,0,1,Pedestrian
23,0.0,710.0,52.0,778.0,9849,0,0,1,Pedestrian
23,0.0,710.0,52.0,778.0,9850,0,0,1,Pedestrian
23,0.0,710.0,52.0,778.0,9851,0,0,0,Pedestrian
23,0.0,710.0,49.0,778.0,9852,0,0,1,Pedestrian
23,0.0,710.0,46.0,778.0,9853,0,0,1,Pedestrian
23,0.0,712.0,44.0,781.0,9854,0,0,1,Pedestrian
23,0.0,712.0,44.0,781.0,9855,0,0,1,Pedestrian
23,0.0,715.0,41.0,783.0,9856,0,0,1,Pedestrian
23,0.0,715.0,38.0,783.0,9857,0,0,1,Pedestrian
23,0.0,715.0,38.0,783.0,9858,0,0,1,Pedestrian
23,0.0,717.0,35.0,785.0,9859,0,0,1,Pedestrian
23,0.0,717.0,33.0,785.0,9860,0,0,1,Pedestrian
23,0.0,719.0,33.0,787.0,9861,1,0,0,Pedestrian
23,0.0,717.0,33.0,785.0,9862,1,0,1,Pedestrian
23,0.0,717.0,33.0,785.0,9863,1,0,1,Pedestrian
23,0.0,717.0,33.0,785.0,9864,1,0,1,Pedestrian
23,0.0,717.0,33.0,785.0,9865,1,0,1,Pedestrian
23,0.0,717.0,33.0,785.0,9866,1,0,1,Pedestrian
23,0.0,717.0,33.0,785.0,9867,1,0,1,Pedestrian
23,0.0,717.0,33.0,785.0,9868,1,0,1,Pedestrian
23,0.0,717.0,33.0,785.0,9869,1,0,1,Pedestrian
23,0.0,717.0,33.0,785.0,9870,1,0,1,Pedestrian
23,0.0,717.0,33.0,785.0,9871,1,0,1,Pedestrian
23,0.0,717.0,33.0,785.0,9872,1,0,1,Pedestrian
23,0.0,717.0,33.0,785.0,9873,1,0,1,Pedestrian
23,0.0,717.0,33.0,785.0,9874,1,0,1,Pedestrian
23,0.0,717.0,33.0,785.0,9875,1,0,1,Pedestrian
23,0.0,717.0,33.0,785.0,9876,1,0,1,Pedestrian
23,0.0,717.0,33.0,785.0,9877,1,0,1,Pedestrian
23,0.0,717.0,33.0,785.0,9878,1,0,1,Pedestrian
23,0.0,717.0,33.0,785.0,9879,1,0,1,Pedestrian
23,0.0,717.0,33.0,785.0,9880,1,0,1,Pedestrian
23,0.0,717.0,33.0,785.0,9881,1,0,1,Pedestrian
23,0.0,717.0,33.0,785.0,9882,1,0,1,Pedestrian
23,0.0,717.0,33.0,785.0,9883,1,0,1,Pedestrian
23,0.0,717.0,33.0,785.0,9884,1,0,1,Pedestrian
23,0.0,717.0,33.0,785.0,9885,1,0,1,Pedestrian
23,0.0,717.0,35.0,785.0,9886,1,0,1,Pedestrian
23,0.0,717.0,35.0,785.0,9887,1,0,1,Pedestrian
23,0.0,717.0,35.0,785.0,9888,1,0,1,Pedestrian
23,0.0,717.0,35.0,785.0,9889,1,0,1,Pedestrian
23,0.0,717.0,35.0,785.0,9890,1,0,1,Pedestrian
23,0.0,717.0,35.0,785.0,9891,1,0,1,Pedestrian
23,0.0,717.0,35.0,785.0,9892,1,0,1,Pedestrian
23,0.0,717.0,35.0,785.0,9893,1,0,1,Pedestrian
23,0.0,717.0,35.0,785.0,9894,1,0,1,Pedestrian
23,0.0,717.0,35.0,785.0,9895,1,0,1,Pedestrian
23,0.0,717.0,35.0,785.0,9896,1,0,1,Pedestrian
23,0.0,717.0,35.0,785.0,9897,1,0,1,Pedestrian
23,0.0,717.0,35.0,785.0,9898,1,0,1,Pedestrian
23,0.0,717.0,35.0,785.0,9899,1,0,1,Pedestrian
23,0.0,717.0,35.0,785.0,9900,1,0,1,Pedestrian
23,0.0,717.0,35.0,785.0,9901,1,0,1,Pedestrian
23,0.0,717.0,35.0,785.0,9902,1,0,1,Pedestrian
23,0.0,717.0,35.0,785.0,9903,1,0,1,Pedestrian
23,0.0,715.0,35.0,783.0,9904,1,0,1,Pedestrian
23,0.0,715.0,35.0,783.0,9905,1,0,1,Pedestrian
23,0.0,715.0,35.0,783.0,9906,1,0,1,Pedestrian
23,0.0,715.0,35.0,783.0,9907,1,0,1,Pedestrian
23,0.0,715.0,35.0,783.0,9908,1,0,1,Pedestrian
23,0.0,715.0,35.0,783.0,9909,1,0,1,Pedestrian
23,0.0,715.0,38.0,783.0,9910,1,0,1,Pedestrian
23,0.0,715.0,38.0,783.0,9911,1,0,1,Pedestrian
23,0.0,715.0,38.0,783.0,9912,1,0,1,Pedestrian
23,0.0,715.0,38.0,783.0,9913,1,0,1,Pedestrian
23,0.0,715.0,38.0,783.0,9914,1,0,1,Pedestrian
23,0.0,715.0,38.0,783.0,9915,1,0,1,Pedestrian
23,0.0,715.0,38.0,783.0,9916,1,0,1,Pedestrian
23,0.0,715.0,38.0,783.0,9917,1,0,1,Pedestrian
23,0.0,715.0,38.0,783.0,9918,1,0,1,Pedestrian
23,0.0,715.0,38.0,783.0,9919,1,0,1,Pedestrian
23,0.0,715.0,38.0,783.0,9920,1,0,1,Pedestrian
23,0.0,715.0,38.0,783.0,9921,1,0,1,Pedestrian
23,0.0,715.0,38.0,783.0,9922,1,0,1,Pedestrian
23,0.0,715.0,38.0,783.0,9923,1,0,1,Pedestrian
23,0.0,715.0,38.0,783.0,9924,1,0,1,Pedestrian
23,0.0,715.0,38.0,783.0,9925,1,0,1,Pedestrian
23,0.0,715.0,38.0,783.0,9926,1,0,1,Pedestrian
23,0.0,715.0,38.0,783.0,9927,1,0,1,Pedestrian
23,0.0,715.0,38.0,783.0,9928,1,0,1,Pedestrian
23,0.0,715.0,38.0,783.0,9929,1,0,1,Pedestrian
23,0.0,715.0,38.0,783.0,9930,1,0,1,Pedestrian
23,0.0,715.0,38.0,783.0,9931,1,0,1,Pedestrian
23,0.0,715.0,38.0,783.0,9932,1,0,1,Pedestrian
23,0.0,715.0,38.0,783.0,9933,1,0,1,Pedestrian
23,0.0,715.0,41.0,783.0,9934,1,0,1,Pedestrian
23,0.0,715.0,41.0,783.0,9935,1,0,1,Pedestrian
23,0.0,715.0,41.0,783.0,9936,1,0,1,Pedestrian
23,0.0,715.0,41.0,783.0,9937,1,0,1,Pedestrian
23,0.0,715.0,41.0,783.0,9938,1,0,1,Pedestrian
23,0.0,715.0,41.0,783.0,9939,1,0,1,Pedestrian
23,0.0,715.0,41.0,783.0,9940,1,0,1,Pedestrian
23,0.0,715.0,41.0,783.0,9941,1,0,1,Pedestrian
23,0.0,715.0,41.0,783.0,9942,1,0,1,Pedestrian
23,0.0,715.0,41.0,783.0,9943,1,0,1,Pedestrian
23,0.0,715.0,41.0,783.0,9944,1,0,1,Pedestrian
23,0.0,715.0,41.0,783.0,9945,1,0,1,Pedestrian
23,0.0,715.0,41.0,783.0,9946,1,0,1,Pedestrian
23,0.0,712.0,41.0,781.0,9947,1,0,1,Pedestrian
23,0.0,712.0,41.0,781.0,9948,1,0,1,Pedestrian
23,0.0,712.0,41.0,781.0,9949,1,0,1,Pedestrian
23,0.0,712.0,41.0,781.0,9950,1,0,1,Pedestrian
23,0.0,712.0,41.0,781.0,9951,1,0,1,Pedestrian
23,0.0,712.0,41.0,781.0,9952,1,0,1,Pedestrian
23,0.0,712.0,41.0,781.0,9953,1,0,1,Pedestrian
23,0.0,712.0,41.0,781.0,9954,1,0,1,Pedestrian
23,0.0,712.0,41.0,781.0,9955,1,0,1,Pedestrian
23,0.0,712.0,41.0,781.0,9956,1,0,1,Pedestrian
23,0.0,712.0,41.0,781.0,9957,1,0,1,Pedestrian
23,0.0,712.0,41.0,781.0,9958,1,0,1,Pedestrian
23,0.0,712.0,44.0,781.0,9959,1,0,1,Pedestrian
23,0.0,712.0,44.0,781.0,9960,1,0,1,Pedestrian
23,0.0,712.0,44.0,781.0,9961,1,0,1,Pedestrian
23,0.0,712.0,44.0,781.0,9962,1,0,1,Pedestrian
23,0.0,712.0,44.0,781.0,9963,1,0,1,Pedestrian
23,0.0,712.0,44.0,781.0,9964,1,0,1,Pedestrian
23,0.0,712.0,44.0,781.0,9965,1,0,1,Pedestrian
23,0.0,712.0,44.0,781.0,9966,1,0,1,Pedestrian
23,0.0,712.0,44.0,781.0,9967,1,0,1,Pedestrian
23,0.0,712.0,44.0,781.0,9968,1,0,1,Pedestrian
23,0.0,712.0,44.0,781.0,9969,1,0,1,Pedestrian
23,0.0,712.0,44.0,781.0,9970,1,0,1,Pedestrian
23,0.0,712.0,44.0,781.0,9971,1,0,1,Pedestrian
23,0.0,712.0,44.0,781.0,9972,1,0,1,Pedestrian
23,0.0,712.0,44.0,781.0,9973,1,0,1,Pedestrian
23,0.0,712.0,44.0,781.0,9974,1,0,1,Pedestrian
23,0.0,712.0,44.0,781.0,9975,1,0,1,Pedestrian
23,0.0,712.0,44.0,781.0,9976,1,0,1,Pedestrian
23,0.0,712.0,44.0,781.0,9977,1,0,1,Pedestrian
23,0.0,712.0,44.0,781.0,9978,1,0,1,Pedestrian
23,0.0,712.0,44.0,781.0,9979,1,0,1,Pedestrian
23,0.0,712.0,44.0,781.0,9980,1,0,1,Pedestrian
23,0.0,712.0,44.0,781.0,9981,1,0,1,Pedestrian
23,0.0,712.0,44.0,781.0,9982,1,0,1,Pedestrian
23,0.0,712.0,46.0,781.0,9983,1,0,1,Pedestrian
23,0.0,712.0,46.0,781.0,9984,1,0,1,Pedestrian
23,0.0,712.0,46.0,781.0,9985,1,0,1,Pedestrian
23,0.0,712.0,46.0,781.0,9986,1,0,1,Pedestrian
23,0.0,712.0,46.0,781.0,9987,1,0,1,Pedestrian
23,0.0,712.0,46.0,781.0,9988,1,0,1,Pedestrian
23,0.0,710.0,46.0,778.0,9989,1,0,1,Pedestrian
23,0.0,710.0,46.0,778.0,9990,1,0,1,Pedestrian
23,0.0,710.0,46.0,778.0,9991,1,0,1,Pedestrian
23,0.0,710.0,46.0,778.0,9992,1,0,1,Pedestrian
23,0.0,710.0,46.0,778.0,9993,1,0,1,Pedestrian
23,0.0,710.0,46.0,778.0,9994,1,0,1,Pedestrian
23,0.0,710.0,46.0,778.0,9995,1,0,1,Pedestrian
23,0.0,710.0,46.0,778.0,9996,1,0,1,Pedestrian
23,0.0,710.0,46.0,778.0,9997,1,0,1,Pedestrian
23,0.0,710.0,46.0,778.0,9998,1,0,1,Pedestrian
23,0.0,710.0,46.0,778.0,9999,1,0,1,Pedestrian
23,0.0,710.0,46.0,778.0,10000,1,0,1,Pedestrian
23,0.0,710.0,46.0,778.0,10001,1,0,1,Pedestrian
23,0.0,710.0,46.0,778.0,10002,1,0,1,Pedestrian
23,0.0,710.0,46.0,778.0,10003,1,0,1,Pedestrian
23,0.0,710.0,46.0,778.0,10004,1,0,1,Pedestrian
23,0.0,710.0,46.0,778.0,10005,1,0,1,Pedestrian
23,0.0,710.0,46.0,778.0,10006,1,0,1,Pedestrian
23,0.0,710.0,49.0,778.0,10007,1,0,1,Pedestrian
23,0.0,710.0,49.0,778.0,10008,1,0,1,Pedestrian
23,0.0,710.0,49.0,778.0,10009,1,0,1,Pedestrian
23,0.0,710.0,49.0,778.0,10010,1,0,1,Pedestrian
23,0.0,710.0,49.0,778.0,10011,1,0,1,Pedestrian
23,0.0,710.0,49.0,778.0,10012,1,0,1,Pedestrian
23,0.0,710.0,49.0,778.0,10013,1,0,1,Pedestrian
23,0.0,710.0,49.0,778.0,10014,1,0,1,Pedestrian
23,0.0,710.0,49.0,778.0,10015,1,0,1,Pedestrian
23,0.0,710.0,49.0,778.0,10016,1,0,1,Pedestrian
23,0.0,710.0,49.0,778.0,10017,1,0,1,Pedestrian
23,0.0,710.0,49.0,778.0,10018,1,0,1,Pedestrian
23,0.0,710.0,49.0,778.0,10019,1,0,1,Pedestrian
23,0.0,710.0,49.0,778.0,10020,1,0,1,Pedestrian
23,0.0,710.0,49.0,778.0,10021,1,0,1,Pedestrian
23,0.0,710.0,49.0,778.0,10022,1,0,1,Pedestrian
23,0.0,710.0,49.0,778.0,10023,1,0,1,Pedestrian
23,0.0,710.0,49.0,778.0,10024,1,0,1,Pedestrian
23,0.0,710.0,49.0,778.0,10025,1,0,1,Pedestrian
23,0.0,710.0,49.0,778.0,10026,1,0,1,Pedestrian
23,0.0,710.0,49.0,778.0,10027,1,0,1,Pedestrian
23,0.0,710.0,49.0,778.0,10028,1,0,1,Pedestrian
23,0.0,710.0,49.0,778.0,10029,1,0,1,Pedestrian
23,0.0,710.0,49.0,778.0,10030,1,0,1,Pedestrian
23,0.0,710.0,52.0,778.0,10031,1,0,0,Pedestrian
24,1699.0,1045.0,1743.0,1083.0,5500,1,0,0,Pedestrian
24,1699.0,1045.0,1743.0,1083.0,5501,1,0,1,Pedestrian
24,1699.0,1045.0,1743.0,1083.0,5502,1,0,1,Pedestrian
24,1699.0,1045.0,1743.0,1083.0,5503,1,0,1,Pedestrian
24,1699.0,1045.0,1743.0,1083.0,5504,1,0,1,Pedestrian
24,1699.0,1045.0,1743.0,1083.0,5505,1,0,1,Pedestrian
24,1699.0,1045.0,1743.0,1083.0,5506,1,0,1,Pedestrian
24,1699.0,1045.0,1743.0,1083.0,5507,1,0,1,Pedestrian
24,1699.0,1045.0,1743.0,1083.0,5508,1,0,1,Pedestrian
24,1699.0,1045.0,1743.0,1083.0,5509,1,0,1,Pedestrian
24,1699.0,1045.0,1743.0,1083.0,5510,1,0,1,Pedestrian
24,1699.0,1045.0,1743.0,1083.0,5511,1,0,1,Pedestrian
24,1699.0,1045.0,1743.0,1083.0,5512,1,0,1,Pedestrian
24,1699.0,1045.0,1743.0,1083.0,5513,1,0,1,Pedestrian
24,1699.0,1045.0,1743.0,1083.0,5514,1,0,1,Pedestrian
24,1699.0,1045.0,1743.0,1083.0,5515,1,0,1,Pedestrian
24,1699.0,1045.0,1743.0,1083.0,5516,1,0,1,Pedestrian
24,1699.0,1045.0,1743.0,1083.0,5517,1,0,1,Pedestrian
24,1699.0,1045.0,1743.0,1083.0,5518,1,0,1,Pedestrian
24,1699.0,1045.0,1743.0,1083.0,5519,1,0,1,Pedestrian
24,1699.0,1045.0,1743.0,1083.0,5520,1,0,1,Pedestrian
24,1699.0,1045.0,1743.0,1083.0,5521,1,0,1,Pedestrian
24,1699.0,1045.0,1743.0,1083.0,5522,1,0,1,Pedestrian
24,1699.0,1045.0,1743.0,1083.0,5523,1,0,1,Pedestrian
24,1699.0,1045.0,1743.0,1083.0,5524,1,0,1,Pedestrian
24,1699.0,1045.0,1743.0,1083.0,5525,1,0,1,Pedestrian
24,1699.0,1045.0,1743.0,1083.0,5526,1,0,1,Pedestrian
24,1699.0,1045.0,1743.0,1083.0,5527,1,0,1,Pedestrian
24,1699.0,1045.0,1743.0,1083.0,5528,1,0,1,Pedestrian
24,1699.0,1045.0,1743.0,1083.0,5529,1,0,1,Pedestrian
24,1699.0,1045.0,1743.0,1083.0,5530,1,0,1,Pedestrian
24,1699.0,1045.0,1743.0,1083.0,5531,1,0,1,Pedestrian
24,1699.0,1045.0,1743.0,1083.0,5532,1,0,1,Pedestrian
24,1699.0,1045.0,1743.0,1083.0,5533,1,0,1,Pedestrian
24,1699.0,1045.0,1743.0,1083.0,5534,1,0,1,Pedestrian
24,1699.0,1045.0,1743.0,1083.0,5535,1,0,1,Pedestrian
24,1699.0,1045.0,1743.0,1083.0,5536,1,0,1,Pedestrian
24,1699.0,1045.0,1743.0,1083.0,5537,1,0,1,Pedestrian
24,1699.0,1045.0,1743.0,1083.0,5538,1,0,1,Pedestrian
24,1699.0,1045.0,1743.0,1083.0,5539,1,0,1,Pedestrian
24,1699.0,1045.0,1743.0,1083.0,5540,1,0,1,Pedestrian
24,1699.0,1045.0,1743.0,1083.0,5541,1,0,1,Pedestrian
24,1699.0,1045.0,1743.0,1083.0,5542,1,0,1,Pedestrian
24,1699.0,1045.0,1743.0,1083.0,5543,1,0,1,Pedestrian
24,1699.0,1045.0,1743.0,1083.0,5544,1,0,1,Pedestrian
24,1699.0,1045.0,1743.0,1083.0,5545,1,0,1,Pedestrian
24,1699.0,1045.0,1743.0,1083.0,5546,1,0,1,Pedestrian
24,1699.0,1045.0,1743.0,1083.0,5547,1,0,1,Pedestrian
24,1699.0,1045.0,1743.0,1083.0,5548,1,0,1,Pedestrian
24,1699.0,1045.0,1743.0,1083.0,5549,1,0,1,Pedestrian
24,1699.0,1045.0,1743.0,1083.0,5550,1,0,1,Pedestrian
24,1699.0,1045.0,1743.0,1083.0,5551,1,0,1,Pedestrian
24,1699.0,1045.0,1743.0,1083.0,5552,1,0,1,Pedestrian
24,1699.0,1045.0,1743.0,1083.0,5553,1,0,1,Pedestrian
24,1699.0,1045.0,1743.0,1083.0,5554,1,0,1,Pedestrian
24,1699.0,1045.0,1743.0,1083.0,5555,1,0,1,Pedestrian
24,1699.0,1045.0,1743.0,1083.0,5556,1,0,1,Pedestrian
24,1699.0,1045.0,1743.0,1083.0,5557,1,0,1,Pedestrian
24,1699.0,1045.0,1743.0,1083.0,5558,1,0,1,Pedestrian
24,1699.0,1045.0,1743.0,1083.0,5559,1,0,1,Pedestrian
24,1699.0,1045.0,1743.0,1083.0,5560,1,0,1,Pedestrian
24,1699.0,1045.0,1743.0,1083.0,5561,1,0,1,Pedestrian
24,1699.0,1045.0,1743.0,1083.0,5562,1,0,1,Pedestrian
24,1699.0,1045.0,1743.0,1083.0,5563,1,0,1,Pedestrian
24,1699.0,1045.0,1743.0,1083.0,5564,1,0,1,Pedestrian
24,1699.0,1045.0,1743.0,1083.0,5565,1,0,1,Pedestrian
24,1699.0,1045.0,1743.0,1083.0,5566,1,0,1,Pedestrian
24,1699.0,1045.0,1743.0,1083.0,5567,1,0,1,Pedestrian
24,1699.0,1045.0,1743.0,1083.0,5568,1,0,1,Pedestrian
24,1699.0,1045.0,1743.0,1083.0,5569,1,0,1,Pedestrian
24,1699.0,1045.0,1743.0,1083.0,5570,1,0,1,Pedestrian
24,1699.0,1045.0,1743.0,1083.0,5571,1,0,1,Pedestrian
24,1699.0,1045.0,1743.0,1083.0,5572,1,0,1,Pedestrian
24,1699.0,1045.0,1743.0,1083.0,5573,1,0,1,Pedestrian
24,1699.0,1045.0,1743.0,1083.0,5574,1,0,1,Pedestrian
24,1699.0,1045.0,1743.0,1083.0,5575,1,0,1,Pedestrian
24,1699.0,1045.0,1743.0,1083.0,5576,1,0,1,Pedestrian
24,1699.0,1045.0,1743.0,1083.0,5577,1,0,1,Pedestrian
24,1699.0,1045.0,1743.0,1083.0,5578,1,0,1,Pedestrian
24,1699.0,1045.0,1743.0,1083.0,5579,1,0,1,Pedestrian
24,1699.0,1045.0,1743.0,1083.0,5580,1,0,1,Pedestrian
24,1699.0,1045.0,1743.0,1083.0,5581,1,0,1,Pedestrian
24,1699.0,1045.0,1743.0,1083.0,5582,1,0,1,Pedestrian
24,1699.0,1045.0,1743.0,1083.0,5583,1,0,1,Pedestrian
24,1699.0,1045.0,1743.0,1083.0,5584,1,0,1,Pedestrian
24,1699.0,1045.0,1743.0,1083.0,5585,1,0,1,Pedestrian
24,1699.0,1045.0,1743.0,1083.0,5586,1,0,1,Pedestrian
24,1699.0,1045.0,1743.0,1083.0,5587,1,0,1,Pedestrian
24,1699.0,1045.0,1743.0,1083.0,5588,1,0,1,Pedestrian
24,1699.0,1045.0,1743.0,1083.0,5589,1,0,1,Pedestrian
24,1699.0,1045.0,1743.0,1083.0,5590,1,0,1,Pedestrian
24,1699.0,1045.0,1743.0,1083.0,5591,1,0,1,Pedestrian
24,1699.0,1045.0,1743.0,1083.0,5592,1,0,1,Pedestrian
24,1699.0,1045.0,1743.0,1083.0,5593,1,0,1,Pedestrian
24,1699.0,1045.0,1743.0,1083.0,5594,1,0,1,Pedestrian
24,1699.0,1045.0,1743.0,1083.0,5595,1,0,1,Pedestrian
24,1699.0,1045.0,1743.0,1083.0,5596,1,0,1,Pedestrian
24,1699.0,1045.0,1743.0,1083.0,5597,1,0,1,Pedestrian
24,1699.0,1045.0,1743.0,1083.0,5598,1,0,1,Pedestrian
24,1699.0,1045.0,1743.0,1083.0,5599,1,0,1,Pedestrian
24,1699.0,1045.0,1743.0,1083.0,5600,1,0,1,Pedestrian
24,1699.0,1045.0,1743.0,1083.0,5601,1,0,1,Pedestrian
24,1699.0,1045.0,1743.0,1083.0,5602,1,0,1,Pedestrian
24,1699.0,1045.0,1743.0,1083.0,5603,1,0,1,Pedestrian
24,1699.0,1045.0,1743.0,1083.0,5604,1,0,1,Pedestrian
24,1699.0,1045.0,1743.0,1083.0,5605,1,0,1,Pedestrian
24,1699.0,1045.0,1743.0,1083.0,5606,1,0,1,Pedestrian
24,1699.0,1045.0,1743.0,1083.0,5607,1,0,1,Pedestrian
24,1699.0,1045.0,1743.0,1083.0,5608,1,0,1,Pedestrian
24,1699.0,1045.0,1743.0,1083.0,5609,1,0,1,Pedestrian
24,1699.0,1045.0,1743.0,1083.0,5610,1,0,1,Pedestrian
24,1699.0,1045.0,1743.0,1083.0,5611,1,0,1,Pedestrian
24,1699.0,1045.0,1743.0,1083.0,5612,1,0,1,Pedestrian
24,1699.0,1045.0,1743.0,1083.0,5613,1,0,1,Pedestrian
24,1699.0,1045.0,1743.0,1083.0,5614,1,0,1,Pedestrian
24,1699.0,1045.0,1743.0,1083.0,5615,1,0,1,Pedestrian
24,1699.0,1045.0,1743.0,1083.0,5616,1,0,1,Pedestrian
24,1699.0,1045.0,1743.0,1083.0,5617,1,0,1,Pedestrian
24,1699.0,1045.0,1743.0,1083.0,5618,1,0,1,Pedestrian
24,1699.0,1045.0,1743.0,1083.0,5619,1,0,1,Pedestrian
24,1699.0,1045.0,1743.0,1083.0,5620,1,0,1,Pedestrian
24,1699.0,1045.0,1743.0,1083.0,5621,1,0,1,Pedestrian
24,1699.0,1045.0,1743.0,1083.0,5622,1,0,1,Pedestrian
24,1699.0,1045.0,1743.0,1083.0,5623,1,0,1,Pedestrian
24,1699.0,1045.0,1743.0,1083.0,5624,1,0,1,Pedestrian
24,1699.0,1045.0,1743.0,1083.0,5625,1,0,1,Pedestrian
24,1699.0,1045.0,1743.0,1083.0,5626,1,0,1,Pedestrian
24,1699.0,1045.0,1743.0,1083.0,5627,1,0,1,Pedestrian
24,1699.0,1045.0,1743.0,1083.0,5628,1,0,1,Pedestrian
24,1699.0,1045.0,1743.0,1083.0,5629,1,0,1,Pedestrian
24,1699.0,1045.0,1743.0,1083.0,5630,1,0,1,Pedestrian
24,1699.0,1045.0,1743.0,1083.0,5631,1,0,1,Pedestrian
24,1699.0,1045.0,1743.0,1083.0,5632,1,0,1,Pedestrian
24,1699.0,1045.0,1743.0,1083.0,5633,1,0,1,Pedestrian
24,1699.0,1045.0,1743.0,1083.0,5634,1,0,1,Pedestrian
24,1699.0,1045.0,1743.0,1083.0,5635,1,0,1,Pedestrian
24,1699.0,1045.0,1743.0,1083.0,5636,1,0,1,Pedestrian
24,1699.0,1045.0,1743.0,1083.0,5637,1,0,1,Pedestrian
24,1699.0,1045.0,1743.0,1083.0,5638,1,0,1,Pedestrian
24,1699.0,1045.0,1743.0,1083.0,5639,1,0,1,Pedestrian
24,1699.0,1045.0,1743.0,1083.0,5640,1,0,1,Pedestrian
24,1699.0,1045.0,1743.0,1083.0,5641,1,0,1,Pedestrian
24,1699.0,1045.0,1743.0,1083.0,5642,1,0,1,Pedestrian
24,1699.0,1045.0,1743.0,1083.0,5643,1,0,1,Pedestrian
24,1699.0,1045.0,1743.0,1083.0,5644,1,0,1,Pedestrian
24,1699.0,1045.0,1743.0,1083.0,5645,1,0,1,Pedestrian
24,1699.0,1045.0,1743.0,1083.0,5646,1,0,1,Pedestrian
24,1699.0,1045.0,1743.0,1083.0,5647,1,0,1,Pedestrian
24,1699.0,1045.0,1743.0,1083.0,5648,1,0,1,Pedestrian
24,1699.0,1045.0,1743.0,1083.0,5649,1,0,1,Pedestrian
24,1699.0,1045.0,1743.0,1083.0,5650,1,0,1,Pedestrian
24,1699.0,1045.0,1743.0,1083.0,5651,1,0,1,Pedestrian
24,1699.0,1045.0,1743.0,1083.0,5652,1,0,1,Pedestrian
24,1699.0,1045.0,1743.0,1083.0,5653,1,0,1,Pedestrian
24,1699.0,1045.0,1743.0,1083.0,5654,1,0,1,Pedestrian
24,1699.0,1045.0,1743.0,1083.0,5655,1,0,1,Pedestrian
24,1699.0,1045.0,1743.0,1083.0,5656,1,0,1,Pedestrian
24,1699.0,1045.0,1743.0,1083.0,5657,1,0,1,Pedestrian
24,1699.0,1045.0,1743.0,1083.0,5658,1,0,1,Pedestrian
24,1699.0,1045.0,1743.0,1083.0,5659,1,0,1,Pedestrian
24,1699.0,1045.0,1743.0,1083.0,5660,1,0,1,Pedestrian
24,1699.0,1045.0,1743.0,1083.0,5661,1,0,1,Pedestrian
24,1699.0,1045.0,1743.0,1083.0,5662,1,0,1,Pedestrian
24,1699.0,1045.0,1743.0,1083.0,5663,1,0,1,Pedestrian
24,1699.0,1045.0,1743.0,1083.0,5664,1,0,1,Pedestrian
24,1699.0,1045.0,1743.0,1083.0,5665,1,0,1,Pedestrian
24,1699.0,1045.0,1743.0,1083.0,5666,1,0,1,Pedestrian
24,1699.0,1045.0,1743.0,1083.0,5667,1,0,1,Pedestrian
24,1699.0,1045.0,1743.0,1083.0,5668,1,0,1,Pedestrian
24,1699.0,1045.0,1743.0,1083.0,5669,1,0,1,Pedestrian
24,1699.0,1045.0,1743.0,1083.0,5670,1,0,1,Pedestrian
24,1699.0,1045.0,1743.0,1083.0,5671,1,0,1,Pedestrian
24,1699.0,1045.0,1743.0,1083.0,5672,1,0,1,Pedestrian
24,1699.0,1045.0,1743.0,1083.0,5673,1,0,1,Pedestrian
24,1699.0,1045.0,1743.0,1083.0,5674,1,0,1,Pedestrian
24,1699.0,1045.0,1743.0,1083.0,5675,1,0,1,Pedestrian
24,1699.0,1045.0,1743.0,1083.0,5676,1,0,1,Pedestrian
24,1699.0,1045.0,1743.0,1083.0,5677,1,0,1,Pedestrian
24,1699.0,1045.0,1743.0,1083.0,5678,1,0,1,Pedestrian
24,1699.0,1045.0,1743.0,1083.0,5679,1,0,1,Pedestrian
24,1699.0,1045.0,1743.0,1083.0,5680,1,0,1,Pedestrian
24,1699.0,1045.0,1743.0,1083.0,5681,1,0,1,Pedestrian
24,1699.0,1045.0,1743.0,1083.0,5682,1,0,1,Pedestrian
24,1699.0,1045.0,1743.0,1083.0,5683,1,0,1,Pedestrian
24,1699.0,1045.0,1743.0,1083.0,5684,1,0,1,Pedestrian
24,1699.0,1045.0,1743.0,1083.0,5685,1,0,1,Pedestrian
24,1699.0,1045.0,1743.0,1083.0,5686,1,0,1,Pedestrian
24,1699.0,1045.0,1743.0,1083.0,5687,1,0,1,Pedestrian
24,1699.0,1045.0,1743.0,1083.0,5688,1,0,1,Pedestrian
24,1699.0,1045.0,1743.0,1083.0,5689,1,0,1,Pedestrian
24,1699.0,1045.0,1743.0,1083.0,5690,1,0,1,Pedestrian
24,1699.0,1045.0,1743.0,1083.0,5691,1,0,1,Pedestrian
24,1699.0,1045.0,1743.0,1083.0,5692,1,0,1,Pedestrian
24,1699.0,1045.0,1743.0,1083.0,5693,1,0,1,Pedestrian
24,1699.0,1045.0,1743.0,1083.0,5694,1,0,1,Pedestrian
24,1699.0,1045.0,1743.0,1083.0,5695,1,0,1,Pedestrian
24,1699.0,1045.0,1743.0,1083.0,5696,1,0,1,Pedestrian
24,1699.0,1045.0,1743.0,1083.0,5697,1,0,1,Pedestrian
24,1699.0,1045.0,1743.0,1083.0,5698,1,0,1,Pedestrian
24,1699.0,1045.0,1743.0,1083.0,5699,1,0,1,Pedestrian
24,1699.0,1045.0,1743.0,1083.0,5700,1,0,1,Pedestrian
24,1699.0,1045.0,1743.0,1083.0,5701,1,0,1,Pedestrian
24,1699.0,1045.0,1743.0,1083.0,5702,1,0,1,Pedestrian
24,1699.0,1045.0,1743.0,1083.0,5703,1,0,1,Pedestrian
24,1699.0,1045.0,1743.0,1083.0,5704,1,0,1,Pedestrian
24,1699.0,1045.0,1743.0,1083.0,5705,1,0,1,Pedestrian
24,1699.0,1045.0,1743.0,1083.0,5706,1,0,1,Pedestrian
24,1699.0,1045.0,1743.0,1083.0,5707,1,0,1,Pedestrian
24,1699.0,1045.0,1743.0,1083.0,5708,1,0,1,Pedestrian
24,1699.0,1045.0,1743.0,1083.0,5709,1,0,1,Pedestrian
24,1699.0,1045.0,1743.0,1083.0,5710,1,0,1,Pedestrian
24,1699.0,1045.0,1743.0,1083.0,5711,1,0,1,Pedestrian
24,1699.0,1045.0,1743.0,1083.0,5712,1,0,1,Pedestrian
24,1699.0,1045.0,1743.0,1083.0,5713,1,0,1,Pedestrian
24,1699.0,1045.0,1743.0,1083.0,5714,1,0,1,Pedestrian
24,1699.0,1045.0,1743.0,1083.0,5715,1,0,1,Pedestrian
24,1699.0,1045.0,1743.0,1083.0,5716,1,0,1,Pedestrian
24,1699.0,1045.0,1743.0,1083.0,5717,1,0,1,Pedestrian
24,1699.0,1045.0,1743.0,1083.0,5718,1,0,1,Pedestrian
24,1699.0,1045.0,1743.0,1083.0,5719,1,0,1,Pedestrian
24,1699.0,1045.0,1743.0,1083.0,5720,1,0,1,Pedestrian
24,1699.0,1045.0,1743.0,1083.0,5721,1,0,1,Pedestrian
24,1699.0,1045.0,1743.0,1083.0,5722,1,0,1,Pedestrian
24,1699.0,1045.0,1743.0,1083.0,5723,1,0,1,Pedestrian
24,1699.0,1045.0,1743.0,1083.0,5724,1,0,1,Pedestrian
24,1699.0,1045.0,1743.0,1083.0,5725,1,0,1,Pedestrian
24,1699.0,1045.0,1743.0,1083.0,5726,1,0,1,Pedestrian
24,1699.0,1045.0,1743.0,1083.0,5727,1,0,1,Pedestrian
24,1699.0,1045.0,1743.0,1083.0,5728,1,0,1,Pedestrian
24,1699.0,1045.0,1743.0,1083.0,5729,1,0,1,Pedestrian
24,1699.0,1045.0,1743.0,1083.0,5730,1,0,1,Pedestrian
24,1699.0,1045.0,1743.0,1083.0,5731,1,0,1,Pedestrian
24,1699.0,1045.0,1743.0,1083.0,5732,1,0,1,Pedestrian
24,1699.0,1045.0,1743.0,1083.0,5733,1,0,1,Pedestrian
24,1699.0,1045.0,1743.0,1083.0,5734,1,0,1,Pedestrian
24,1699.0,1045.0,1743.0,1083.0,5735,1,0,1,Pedestrian
24,1699.0,1045.0,1743.0,1083.0,5736,1,0,1,Pedestrian
24,1699.0,1045.0,1743.0,1083.0,5737,1,0,1,Pedestrian
24,1699.0,1045.0,1743.0,1083.0,5738,1,0,1,Pedestrian
24,1699.0,1045.0,1743.0,1083.0,5739,1,0,1,Pedestrian
24,1699.0,1045.0,1743.0,1083.0,5740,1,0,1,Pedestrian
24,1699.0,1045.0,1743.0,1083.0,5741,1,0,1,Pedestrian
24,1699.0,1045.0,1743.0,1083.0,5742,1,0,1,Pedestrian
24,1699.0,1045.0,1743.0,1083.0,5743,1,0,1,Pedestrian
24,1699.0,1045.0,1743.0,1083.0,5744,1,0,1,Pedestrian
24,1699.0,1045.0,1743.0,1083.0,5745,1,0,1,Pedestrian
24,1699.0,1045.0,1743.0,1083.0,5746,1,0,1,Pedestrian
24,1699.0,1045.0,1743.0,1083.0,5747,1,0,1,Pedestrian
24,1699.0,1045.0,1743.0,1083.0,5748,1,0,1,Pedestrian
24,1699.0,1045.0,1743.0,1083.0,5749,1,0,1,Pedestrian
24,1699.0,1045.0,1743.0,1083.0,5750,1,0,1,Pedestrian
24,1699.0,1045.0,1743.0,1083.0,5751,1,0,1,Pedestrian
24,1699.0,1045.0,1743.0,1083.0,5752,1,0,1,Pedestrian
24,1699.0,1045.0,1743.0,1083.0,5753,1,0,1,Pedestrian
24,1699.0,1045.0,1743.0,1083.0,5754,1,0,1,Pedestrian
24,1699.0,1045.0,1743.0,1083.0,5755,1,0,1,Pedestrian
24,1699.0,1045.0,1743.0,1083.0,5756,1,0,1,Pedestrian
24,1699.0,1045.0,1743.0,1083.0,5757,1,0,1,Pedestrian
24,1699.0,1045.0,1743.0,1083.0,5758,1,0,1,Pedestrian
24,1699.0,1045.0,1743.0,1083.0,5759,1,0,1,Pedestrian
24,1699.0,1045.0,1743.0,1083.0,5760,1,0,1,Pedestrian
24,1699.0,1045.0,1743.0,1083.0,5761,1,0,1,Pedestrian
24,1699.0,1045.0,1743.0,1083.0,5762,1,0,1,Pedestrian
24,1699.0,1045.0,1743.0,1083.0,5763,1,0,1,Pedestrian
24,1699.0,1045.0,1743.0,1083.0,5764,1,0,1,Pedestrian
24,1699.0,1045.0,1743.0,1083.0,5765,1,0,1,Pedestrian
24,1699.0,1045.0,1743.0,1083.0,5766,1,0,1,Pedestrian
24,1699.0,1045.0,1743.0,1083.0,5767,1,0,1,Pedestrian
24,1699.0,1045.0,1743.0,1083.0,5768,1,0,1,Pedestrian
24,1699.0,1045.0,1743.0,1083.0,5769,1,0,1,Pedestrian
24,1699.0,1045.0,1743.0,1083.0,5770,1,0,1,Pedestrian
24,1699.0,1045.0,1743.0,1083.0,5771,1,0,1,Pedestrian
24,1699.0,1045.0,1743.0,1083.0,5772,1,0,1,Pedestrian
24,1699.0,1045.0,1743.0,1083.0,5773,1,0,1,Pedestrian
24,1699.0,1045.0,1743.0,1083.0,5774,1,0,1,Pedestrian
24,1699.0,1045.0,1743.0,1083.0,5775,1,0,1,Pedestrian
24,1699.0,1045.0,1743.0,1083.0,5776,1,0,1,Pedestrian
24,1699.0,1045.0,1743.0,1083.0,5777,1,0,1,Pedestrian
24,1699.0,1045.0,1743.0,1083.0,5778,1,0,1,Pedestrian
24,1699.0,1045.0,1743.0,1083.0,5779,1,0,1,Pedestrian
24,1699.0,1045.0,1743.0,1083.0,5780,1,0,1,Pedestrian
24,1699.0,1045.0,1743.0,1083.0,5781,1,0,1,Pedestrian
24,1699.0,1045.0,1743.0,1083.0,5782,1,0,1,Pedestrian
24,1699.0,1045.0,1743.0,1083.0,5783,1,0,1,Pedestrian
24,1699.0,1045.0,1743.0,1083.0,5784,1,0,1,Pedestrian
24,1699.0,1045.0,1743.0,1083.0,5785,1,0,1,Pedestrian
24,1699.0,1045.0,1743.0,1083.0,5786,1,0,1,Pedestrian
24,1699.0,1045.0,1743.0,1083.0,5787,1,0,1,Pedestrian
24,1699.0,1045.0,1743.0,1083.0,5788,1,0,1,Pedestrian
24,1699.0,1045.0,1743.0,1083.0,5789,1,0,1,Pedestrian
24,1699.0,1045.0,1743.0,1083.0,5790,1,0,1,Pedestrian
24,1699.0,1045.0,1743.0,1083.0,5791,1,0,1,Pedestrian
24,1699.0,1045.0,1743.0,1083.0,5792,1,0,1,Pedestrian
24,1699.0,1045.0,1743.0,1083.0,5793,1,0,1,Pedestrian
24,1699.0,1045.0,1743.0,1083.0,5794,1,0,1,Pedestrian
24,1699.0,1045.0,1743.0,1083.0,5795,1,0,1,Pedestrian
24,1699.0,1045.0,1743.0,1083.0,5796,1,0,1,Pedestrian
24,1699.0,1045.0,1743.0,1083.0,5797,1,0,1,Pedestrian
24,1699.0,1045.0,1743.0,1083.0,5798,1,0,1,Pedestrian
24,1699.0,1045.0,1743.0,1083.0,5799,1,0,1,Pedestrian
24,1699.0,1045.0,1743.0,1083.0,5800,1,0,1,Pedestrian
24,1699.0,1045.0,1743.0,1083.0,5801,1,0,1,Pedestrian
24,1699.0,1045.0,1743.0,1083.0,5802,1,0,1,Pedestrian
24,1699.0,1045.0,1743.0,1083.0,5803,1,0,1,Pedestrian
24,1699.0,1045.0,1743.0,1083.0,5804,1,0,1,Pedestrian
24,1699.0,1045.0,1743.0,1083.0,5805,1,0,1,Pedestrian
24,1699.0,1045.0,1743.0,1083.0,5806,1,0,1,Pedestrian
24,1699.0,1045.0,1743.0,1083.0,5807,1,0,1,Pedestrian
24,1699.0,1045.0,1743.0,1083.0,5808,1,0,1,Pedestrian
24,1699.0,1045.0,1743.0,1083.0,5809,1,0,1,Pedestrian
24,1699.0,1045.0,1743.0,1083.0,5810,1,0,1,Pedestrian
24,1699.0,1045.0,1743.0,1083.0,5811,1,0,1,Pedestrian
24,1699.0,1045.0,1743.0,1083.0,5812,1,0,1,Pedestrian
24,1699.0,1045.0,1743.0,1083.0,5813,1,0,1,Pedestrian
24,1699.0,1045.0,1743.0,1083.0,5814,1,0,1,Pedestrian
24,1699.0,1045.0,1743.0,1083.0,5815,1,0,1,Pedestrian
24,1699.0,1045.0,1743.0,1083.0,5816,1,0,1,Pedestrian
24,1699.0,1045.0,1743.0,1083.0,5817,1,0,1,Pedestrian
24,1699.0,1045.0,1743.0,1083.0,5818,1,0,1,Pedestrian
24,1699.0,1045.0,1743.0,1083.0,5819,1,0,1,Pedestrian
24,1699.0,1045.0,1743.0,1083.0,5820,1,0,1,Pedestrian
24,1699.0,1045.0,1743.0,1083.0,5821,1,0,1,Pedestrian
24,1699.0,1045.0,1743.0,1083.0,5822,1,0,1,Pedestrian
24,1699.0,1045.0,1743.0,1083.0,5823,1,0,1,Pedestrian
24,1699.0,1045.0,1743.0,1083.0,5824,1,0,1,Pedestrian
24,1699.0,1045.0,1743.0,1083.0,5825,1,0,1,Pedestrian
24,1699.0,1045.0,1743.0,1083.0,5826,1,0,1,Pedestrian
24,1699.0,1045.0,1743.0,1083.0,5827,1,0,1,Pedestrian
24,1699.0,1045.0,1743.0,1083.0,5828,1,0,1,Pedestrian
24,1699.0,1045.0,1743.0,1083.0,5829,1,0,1,Pedestrian
24,1699.0,1045.0,1743.0,1083.0,5830,1,0,1,Pedestrian
24,1699.0,1045.0,1743.0,1083.0,5831,1,0,1,Pedestrian
24,1699.0,1045.0,1743.0,1083.0,5832,1,0,1,Pedestrian
24,1699.0,1045.0,1743.0,1083.0,5833,1,0,1,Pedestrian
24,1699.0,1045.0,1743.0,1083.0,5834,1,0,1,Pedestrian
24,1699.0,1045.0,1743.0,1083.0,5835,1,0,1,Pedestrian
24,1699.0,1045.0,1743.0,1083.0,5836,1,0,1,Pedestrian
24,1699.0,1045.0,1743.0,1083.0,5837,1,0,1,Pedestrian
24,1699.0,1045.0,1743.0,1083.0,5838,1,0,1,Pedestrian
24,1699.0,1045.0,1743.0,1083.0,5839,1,0,1,Pedestrian
24,1699.0,1045.0,1743.0,1083.0,5840,1,0,1,Pedestrian
24,1699.0,1045.0,1743.0,1083.0,5841,1,0,1,Pedestrian
24,1699.0,1045.0,1743.0,1083.0,5842,1,0,1,Pedestrian
24,1699.0,1045.0,1743.0,1083.0,5843,1,0,1,Pedestrian
24,1699.0,1045.0,1743.0,1083.0,5844,1,0,1,Pedestrian
24,1699.0,1045.0,1743.0,1083.0,5845,1,0,1,Pedestrian
24,1699.0,1045.0,1743.0,1083.0,5846,1,0,1,Pedestrian
24,1699.0,1045.0,1743.0,1083.0,5847,1,0,1,Pedestrian
24,1699.0,1045.0,1743.0,1083.0,5848,1,0,1,Pedestrian
24,1699.0,1045.0,1743.0,1083.0,5849,1,0,1,Pedestrian
24,1699.0,1045.0,1743.0,1083.0,5850,1,0,1,Pedestrian
24,1699.0,1045.0,1743.0,1083.0,5851,1,0,1,Pedestrian
24,1699.0,1045.0,1743.0,1083.0,5852,1,0,1,Pedestrian
24,1699.0,1045.0,1743.0,1083.0,5853,1,0,1,Pedestrian
24,1699.0,1045.0,1743.0,1083.0,5854,1,0,1,Pedestrian
24,1699.0,1045.0,1743.0,1083.0,5855,1,0,1,Pedestrian
24,1699.0,1045.0,1743.0,1083.0,5856,1,0,1,Pedestrian
24,1699.0,1045.0,1743.0,1083.0,5857,1,0,1,Pedestrian
24,1699.0,1045.0,1743.0,1083.0,5858,1,0,1,Pedestrian
24,1699.0,1045.0,1743.0,1083.0,5859,1,0,1,Pedestrian
24,1699.0,1045.0,1743.0,1083.0,5860,0,0,0,Pedestrian
24,1699.0,1042.0,1743.0,1081.0,5861,0,0,1,Pedestrian
24,1699.0,1042.0,1743.0,1081.0,5862,0,0,1,Pedestrian
24,1702.0,1042.0,1746.0,1081.0,5863,0,0,1,Pedestrian
24,1702.0,1040.0,1746.0,1079.0,5864,0,0,1,Pedestrian
24,1702.0,1040.0,1746.0,1079.0,5865,0,0,1,Pedestrian
24,1705.0,1040.0,1749.0,1079.0,5866,0,0,1,Pedestrian
24,1705.0,1038.0,1749.0,1077.0,5867,0,0,1,Pedestrian
24,1705.0,1038.0,1749.0,1077.0,5868,0,0,1,Pedestrian
24,1707.0,1038.0,1751.0,1077.0,5869,0,0,1,Pedestrian
24,1707.0,1036.0,1751.0,1074.0,5870,0,0,1,Pedestrian
24,1707.0,1036.0,1751.0,1074.0,5871,0,0,1,Pedestrian
24,1710.0,1036.0,1754.0,1074.0,5872,0,0,1,Pedestrian
24,1710.0,1033.0,1754.0,1072.0,5873,0,0,1,Pedestrian
24,1710.0,1033.0,1754.0,1072.0,5874,0,0,1,Pedestrian
24,1713.0,1033.0,1757.0,1072.0,5875,0,0,1,Pedestrian
24,1713.0,1031.0,1757.0,1070.0,5876,0,0,1,Pedestrian
24,1713.0,1031.0,1757.0,1070.0,5877,0,0,1,Pedestrian
24,1716.0,1031.0,1760.0,1070.0,5878,0,0,1,Pedestrian
24,1716.0,1031.0,1760.0,1070.0,5879,0,0,1,Pedestrian
24,1716.0,1029.0,1760.0,1067.0,5880,0,0,1,Pedestrian
24,1718.0,1029.0,1762.0,1067.0,5881,0,0,1,Pedestrian
24,1718.0,1029.0,1762.0,1067.0,5882,0,0,1,Pedestrian
24,1718.0,1026.0,1762.0,1065.0,5883,0,0,1,Pedestrian
24,1721.0,1026.0,1765.0,1065.0,5884,0,0,1,Pedestrian
24,1721.0,1026.0,1765.0,1065.0,5885,0,0,1,Pedestrian
24,1721.0,1024.0,1765.0,1063.0,5886,0,0,1,Pedestrian
24,1724.0,1024.0,1768.0,1063.0,5887,0,0,1,Pedestrian
24,1724.0,1024.0,1768.0,1063.0,5888,0,0,1,Pedestrian
24,1724.0,1022.0,1768.0,1061.0,5889,0,0,1,Pedestrian
24,1727.0,1022.0,1771.0,1061.0,5890,0,0,1,Pedestrian
24,1727.0,1022.0,1771.0,1061.0,5891,0,0,1,Pedestrian
24,1727.0,1020.0,1771.0,1058.0,5892,0,0,1,Pedestrian
24,1729.0,1020.0,1773.0,1058.0,5893,0,0,1,Pedestrian
24,1729.0,1020.0,1773.0,1058.0,5894,0,0,1,Pedestrian
24,1729.0,1017.0,1773.0,1056.0,5895,0,0,1,Pedestrian
24,1732.0,1017.0,1776.0,1056.0,5896,0,0,1,Pedestrian
24,1732.0,1017.0,1776.0,1056.0,5897,0,0,1,Pedestrian
24,1735.0,1017.0,1779.0,1056.0,5898,0,0,0,Pedestrian
24,1735.0,1015.0,1779.0,1054.0,5899,0,0,1,Pedestrian
24,1735.0,1015.0,1779.0,1054.0,5900,0,0,1,Pedestrian
24,1738.0,1013.0,1782.0,1052.0,5901,0,0,1,Pedestrian
24,1738.0,1013.0,1782.0,1052.0,5902,0,0,1,Pedestrian
24,1738.0,1011.0,1782.0,1049.0,5903,0,0,1,Pedestrian
24,1740.0,1011.0,1784.0,1049.0,5904,0,0,1,Pedestrian
24,1740.0,1008.0,1784.0,1047.0,5905,0,0,1,Pedestrian
24,1740.0,1008.0,1784.0,1047.0,5906,0,0,1,Pedestrian
24,1743.0,1008.0,1787.0,1047.0,5907,0,0,1,Pedestrian
24,1743.0,1006.0,1787.0,1045.0,5908,0,0,1,Pedestrian
24,1746.0,1006.0,1790.0,1045.0,5909,0,0,1,Pedestrian
24,1746.0,1004.0,1790.0,1042.0,5910,0,0,1,Pedestrian
24,1746.0,1004.0,1790.0,1042.0,5911,0,0,1,Pedestrian
24,1749.0,1001.0,1793.0,1040.0,5912,0,0,1,Pedestrian
24,1749.0,1001.0,1793.0,1040.0,5913,0,0,1,Pedestrian
24,1749.0,1001.0,1793.0,1040.0,5914,0,0,1,Pedestrian
24,1751.0,999.0,1795.0,1038.0,5915,0,0,1,Pedestrian
24,1751.0,999.0,1795.0,1038.0,5916,0,0,1,Pedestrian
24,1754.0,997.0,1798.0,1036.0,5917,0,0,1,Pedestrian
24,1754.0,997.0,1798.0,1036.0,5918,0,0,1,Pedestrian
24,1754.0,995.0,1798.0,1033.0,5919,0,0,1,Pedestrian
24,1757.0,995.0,1801.0,1033.0,5920,0,0,1,Pedestrian
24,1757.0,995.0,1801.0,1033.0,5921,0,0,1,Pedestrian
24,1757.0,992.0,1801.0,1031.0,5922,0,0,1,Pedestrian
24,1760.0,992.0,1804.0,1031.0,5923,0,0,1,Pedestrian
24,1760.0,990.0,1804.0,1029.0,5924,0,0,1,Pedestrian
24,1762.0,990.0,1806.0,1029.0,5925,0,0,1,Pedestrian
24,1762.0,988.0,1806.0,1026.0,5926,0,0,1,Pedestrian
24,1762.0,988.0,1806.0,1026.0,5927,0,0,1,Pedestrian
24,1765.0,988.0,1809.0,1026.0,5928,0,0,1,Pedestrian
24,1765.0,985.0,1809.0,1024.0,5929,0,0,1,Pedestrian
24,1765.0,985.0,1809.0,1024.0,5930,0,0,1,Pedestrian
24,1768.0,983.0,1812.0,1022.0,5931,0,0,1,Pedestrian
24,1768.0,983.0,1812.0,1022.0,5932,0,0,1,Pedestrian
24,1771.0,981.0,1815.0,1020.0,5933,0,0,1,Pedestrian
24,1771.0,981.0,1815.0,1020.0,5934,0,0,1,Pedestrian
24,1771.0,981.0,1815.0,1020.0,5935,0,0,1,Pedestrian
24,1773.0,979.0,1817.0,1017.0,5936,0,0,1,Pedestrian
24,1773.0,979.0,1817.0,1017.0,5937,0,0,1,Pedestrian
24,1773.0,976.0,1817.0,1015.0,5938,0,0,1,Pedestrian
24,1776.0,976.0,1820.0,1015.0,5939,0,0,1,Pedestrian
24,1776.0,974.0,1820.0,1013.0,5940,0,0,1,Pedestrian
24,1779.0,974.0,1823.0,1013.0,5941,0,0,1,Pedestrian
24,1779.0,974.0,1823.0,1013.0,5942,0,0,1,Pedestrian
24,1779.0,972.0,1823.0,1011.0,5943,0,0,1,Pedestrian
24,1782.0,972.0,1826.0,1011.0,5944,0,0,1,Pedestrian
24,1782.0,970.0,1826.0,1008.0,5945,0,0,1,Pedestrian
24,1782.0,970.0,1826.0,1008.0,5946,0,0,1,Pedestrian
24,1784.0,967.0,1828.0,1006.0,5947,0,0,1,Pedestrian
24,1784.0,967.0,1828.0,1006.0,5948,0,0,1,Pedestrian
24,1787.0,967.0,1831.0,1006.0,5949,0,0,0,Pedestrian
24,1787.0,965.0,1831.0,1004.0,5950,0,0,1,Pedestrian
24,1787.0,965.0,1831.0,1004.0,5951,0,0,1,Pedestrian
24,1790.0,965.0,1834.0,1004.0,5952,0,0,1,Pedestrian
24,1790.0,963.0,1834.0,1001.0,5953,0,0,1,Pedestrian
24,1790.0,963.0,1834.0,1001.0,5954,0,0,1,Pedestrian
24,1793.0,963.0,1837.0,1001.0,5955,0,0,1,Pedestrian
24,1793.0,960.0,1837.0,999.0,5956,0,0,1,Pedestrian
24,1793.0,960.0,1837.0,999.0,5957,0,0,1,Pedestrian
24,1795.0,960.0,1839.0,999.0,5958,0,0,1,Pedestrian
24,1795.0,958.0,1839.0,997.0,5959,0,0,1,Pedestrian
24,1795.0,958.0,1839.0,997.0,5960,0,0,1,Pedestrian
24,1798.0,958.0,1842.0,997.0,5961,0,0,1,Pedestrian
24,1798.0,956.0,1842.0,995.0,5962,0,0,1,Pedestrian
24,1801.0,956.0,1845.0,995.0,5963,0,0,1,Pedestrian
24,1801.0,956.0,1845.0,995.0,5964,0,0,1,Pedestrian
24,1801.0,954.0,1845.0,992.0,5965,0,0,1,Pedestrian
24,1804.0,954.0,1848.0,992.0,5966,0,0,1,Pedestrian
24,1804.0,954.0,1848.0,992.0,5967,0,0,1,Pedestrian
24,1804.0,951.0,1848.0,990.0,5968,0,0,1,Pedestrian
24,1806.0,951.0,1850.0,990.0,5969,0,0,1,Pedestrian
24,1806.0,951.0,1850.0,990.0,5970,0,0,1,Pedestrian
24,1806.0,949.0,1850.0,988.0,5971,0,0,1,Pedestrian
24,1809.0,949.0,1853.0,988.0,5972,0,0,1,Pedestrian
24,1809.0,949.0,1853.0,988.0,5973,0,0,1,Pedestrian
24,1812.0,947.0,1856.0,985.0,5974,0,0,1,Pedestrian
24,1812.0,947.0,1856.0,985.0,5975,0,0,1,Pedestrian
24,1812.0,947.0,1856.0,985.0,5976,0,0,1,Pedestrian
24,1815.0,944.0,1859.0,983.0,5977,0,0,1,Pedestrian
24,1815.0,944.0,1859.0,983.0,5978,0,0,1,Pedestrian
24,1815.0,944.0,1859.0,983.0,5979,0,0,1,Pedestrian
24,1817.0,942.0,1861.0,981.0,5980,0,0,1,Pedestrian
24,1817.0,942.0,1861.0,981.0,5981,0,0,1,Pedestrian
24,1817.0,942.0,1861.0,981.0,5982,0,0,1,Pedestrian
24,1820.0,940.0,1864.0,979.0,5983,0,0,1,Pedestrian
24,1820.0,940.0,1864.0,979.0,5984,0,0,1,Pedestrian
24,1823.0,940.0,1867.0,979.0,5985,0,0,0,Pedestrian
24,1823.0,938.0,1867.0,976.0,5986,0,0,1,Pedestrian
24,1823.0,938.0,1867.0,976.0,5987,0,0,1,Pedestrian
24,1826.0,935.0,1870.0,974.0,5988,0,0,1,Pedestrian
24,1826.0,935.0,1870.0,974.0,5989,0,0,1,Pedestrian
24,1828.0,933.0,1872.0,972.0,5990,0,0,1,Pedestrian
24,1828.0,933.0,1872.0,972.0,5991,0,0,1,Pedestrian
24,1828.0,931.0,1872.0,970.0,5992,0,0,1,Pedestrian
24,1831.0,931.0,1875.0,970.0,5993,0,0,1,Pedestrian
24,1831.0,929.0,1875.0,967.0,5994,0,0,1,Pedestrian
24,1834.0,929.0,1878.0,967.0,5995,0,0,1,Pedestrian
24,1834.0,926.0,1878.0,965.0,5996,0,0,1,Pedestrian
24,1834.0,926.0,1878.0,965.0,5997,0,0,1,Pedestrian
24,1837.0,924.0,1881.0,963.0,5998,0,0,1,Pedestrian
24,1837.0,924.0,1881.0,963.0,5999,0,0,1,Pedestrian
24,1839.0,924.0,1883.0,963.0,6000,0,0,0,Pedestrian
24,1839.0,922.0,1883.0,960.0,6001,0,0,1,Pedestrian
24,1839.0,922.0,1886.0,960.0,6002,0,0,1,Pedestrian
24,1842.0,922.0,1886.0,960.0,6003,0,0,1,Pedestrian
24,1842.0,922.0,1889.0,960.0,6004,0,0,1,Pedestrian
24,1845.0,922.0,1889.0,960.0,6005,0,0,1,Pedestrian
24,1845.0,919.0,1892.0,960.0,6006,0,0,1,Pedestrian
24,1848.0,919.0,1892.0,960.0,6007,0,0,1,Pedestrian
24,1848.0,919.0,1894.0,960.0,6008,0,0,1,Pedestrian
24,1850.0,919.0,1894.0,960.0,6009,0,0,1,Pedestrian
24,1850.0,919.0,1897.0,960.0,6010,0,0,1,Pedestrian
24,1853.0,917.0,1897.0,960.0,6011,0,0,1,Pedestrian
24,1853.0,917.0,1900.0,960.0,6012,0,0,1,Pedestrian
24,1856.0,917.0,1900.0,960.0,6013,0,0,1,Pedestrian
24,1856.0,917.0,1903.0,960.0,6014,0,0,1,Pedestrian
24,1859.0,917.0,1903.0,960.0,6015,0,0,1,Pedestrian
24,1859.0,917.0,1905.0,958.0,6016,0,0,1,Pedestrian
24,1859.0,915.0,1905.0,958.0,6017,0,0,1,Pedestrian
24,1861.0,915.0,1908.0,958.0,6018,0,0,1,Pedestrian
24,1861.0,915.0,1908.0,958.0,6019,0,0,1,Pedestrian
24,1864.0,915.0,1911.0,958.0,6020,0,0,1,Pedestrian
24,1864.0,915.0,1911.0,958.0,6021,0,0,1,Pedestrian
24,1867.0,913.0,1914.0,958.0,6022,0,0,1,Pedestrian
24,1867.0,913.0,1914.0,958.0,6023,0,0,1,Pedestrian
24,1870.0,913.0,1916.0,958.0,6024,0,0,1,Pedestrian
24,1870.0,913.0,1916.0,958.0,6025,0,0,1,Pedestrian
24,1872.0,913.0,1919.0,958.0,6026,0,0,1,Pedestrian
24,1872.0,913.0,1919.0,958.0,6027,0,0,1,Pedestrian
24,1875.0,910.0,1922.0,958.0,6028,0,0,1,Pedestrian
24,1875.0,910.0,1922.0,958.0,6029,0,0,1,Pedestrian
24,1878.0,910.0,1925.0,958.0,6030,0,0,1,Pedestrian
24,1878.0,910.0,1927.0,956.0,6031,0,0,1,Pedestrian
24,1878.0,910.0,1927.0,956.0,6032,0,0,1,Pedestrian
24,1881.0,908.0,1930.0,956.0,6033,0,0,1,Pedestrian
24,1881.0,908.0,1930.0,956.0,6034,0,0,1,Pedestrian
24,1883.0,908.0,1933.0,956.0,6035,0,0,1,Pedestrian
24,1883.0,908.0,1933.0,956.0,6036,0,0,1,Pedestrian
24,1886.0,908.0,1936.0,956.0,6037,0,0,1,Pedestrian
24,1886.0,908.0,1936.0,956.0,6038,0,0,1,Pedestrian
24,1889.0,906.0,1938.0,956.0,6039,0,0,1,Pedestrian
24,1889.0,906.0,1938.0,956.0,6040,0,0,1,Pedestrian
24,1892.0,906.0,1941.0,956.0,6041,0,0,1,Pedestrian
24,1892.0,906.0,1941.0,956.0,6042,0,0,1,Pedestrian
24,1894.0,906.0,1944.0,956.0,6043,0,0,1,Pedestrian
24,1894.0,904.0,1944.0,956.0,6044,0,0,1,Pedestrian
24,1897.0,904.0,1947.0,956.0,6045,0,0,1,Pedestrian
24,1897.0,904.0,1947.0,954.0,6046,0,0,1,Pedestrian
24,1897.0,904.0,1949.0,954.0,6047,0,0,1,Pedestrian
24,1900.0,904.0,1949.0,954.0,6048,0,0,1,Pedestrian
24,1900.0,904.0,1952.0,954.0,6049,0,0,1,Pedestrian
24,1903.0,901.0,1952.0,954.0,6050,0,0,1,Pedestrian
24,1903.0,901.0,1955.0,954.0,6051,0,0,1,Pedestrian
24,1905.0,901.0,1955.0,954.0,6052,0,0,1,Pedestrian
24,1905.0,901.0,1958.0,954.0,6053,0,0,1,Pedestrian
24,1908.0,901.0,1958.0,954.0,6054,0,0,1,Pedestrian
24,1908.0,899.0,1960.0,954.0,6055,0,0,1,Pedestrian
24,1911.0,899.0,1960.0,954.0,6056,0,0,1,Pedestrian
24,1911.0,899.0,1963.0,954.0,6057,0,0,1,Pedestrian
24,1914.0,899.0,1963.0,954.0,6058,0,0,1,Pedestrian
24,1914.0,899.0,1966.0,954.0,6059,0,0,1,Pedestrian
24,1916.0,899.0,1969.0,954.0,6060,1,0,0,Pedestrian
24,1916.0,897.0,1969.0,951.0,6061,1,0,1,Pedestrian
24,1916.0,897.0,1969.0,951.0,6062,1,0,1,Pedestrian
24,1916.0,897.0,1969.0,951.0,6063,1,0,1,Pedestrian
24,1916.0,897.0,1969.0,951.0,6064,1,0,1,Pedestrian
24,1916.0,894.0,1969.0,949.0,6065,1,0,1,Pedestrian
24,1916.0,894.0,1969.0,949.0,6066,1,0,1,Pedestrian
24,1916.0,894.0,1969.0,949.0,6067,1,0,1,Pedestrian
24,1916.0,894.0,1969.0,949.0,6068,1,0,1,Pedestrian
24,1916.0,892.0,1969.0,947.0,6069,1,0,1,Pedestrian
24,1919.0,892.0,1969.0,947.0,6070,1,0,1,Pedestrian
24,1919.0,892.0,1969.0,947.0,6071,1,0,1,Pedestrian
24,1919.0,892.0,1969.0,947.0,6072,1,0,1,Pedestrian
24,1919.0,892.0,1969.0,947.0,6073,1,0,1,Pedestrian
24,1919.0,890.0,1971.0,944.0,6074,1,0,1,Pedestrian
24,1919.0,890.0,1971.0,944.0,6075,1,0,1,Pedestrian
24,1919.0,890.0,1971.0,944.0,6076,1,0,1,Pedestrian
24,1919.0,890.0,1971.0,944.0,6077,1,0,1,Pedestrian
24,1919.0,888.0,1971.0,942.0,6078,1,0,1,Pedestrian
24,1919.0,888.0,1971.0,942.0,6079,1,0,1,Pedestrian
24,1922.0,888.0,1971.0,942.0,6080,1,0,1,Pedestrian
24,1922.0,888.0,1971.0,942.0,6081,1,0,1,Pedestrian
24,1922.0,888.0,1971.0,942.0,6082,1,0,1,Pedestrian
24,1922.0,885.0,1971.0,940.0,6083,1,0,1,Pedestrian
24,1922.0,885.0,1971.0,940.0,6084,1,0,1,Pedestrian
24,1922.0,885.0,1971.0,940.0,6085,1,0,1,Pedestrian
24,1922.0,885.0,1971.0,940.0,6086,1,0,1,Pedestrian
24,1922.0,883.0,1974.0,938.0,6087,1,0,1,Pedestrian
24,1922.0,883.0,1974.0,938.0,6088,1,0,1,Pedestrian
24,1922.0,883.0,1974.0,938.0,6089,1,0,1,Pedestrian
24,1925.0,883.0,1974.0,938.0,6090,1,0,1,Pedestrian
24,1925.0,883.0,1974.0,938.0,6091,1,0,1,Pedestrian
24,1925.0,881.0,1974.0,935.0,6092,1,0,1,Pedestrian
24,1925.0,881.0,1974.0,935.0,6093,1,0,1,Pedestrian
24,1925.0,881.0,1974.0,935.0,6094,1,0,1,Pedestrian
24,1925.0,881.0,1974.0,935.0,6095,1,0,1,Pedestrian
24,1925.0,878.0,1974.0,933.0,6096,1,0,1,Pedestrian
24,1925.0,878.0,1974.0,933.0,6097,1,0,1,Pedestrian
24,1925.0,878.0,1974.0,933.0,6098,1,0,1,Pedestrian
24,1925.0,878.0,1974.0,933.0,6099,1,0,1,Pedestrian
24,1927.0,878.0,1977.0,933.0,6100,1,0,0,Pedestrian
24,1927.0,878.0,1977.0,933.0,6101,1,0,1,Pedestrian
24,1927.0,878.0,1977.0,933.0,6102,1,0,1,Pedestrian
24,1927.0,878.0,1977.0,933.0,6103,1,0,1,Pedestrian
24,1927.0,878.0,1977.0,933.0,6104,1,0,1,Pedestrian
24,1927.0,878.0,1977.0,933.0,6105,1,0,1,Pedestrian
24,1927.0,878.0,1977.0,933.0,6106,1,0,1,Pedestrian
24,1927.0,878.0,1977.0,933.0,6107,1,0,1,Pedestrian
24,1927.0,878.0,1977.0,933.0,6108,1,0,1,Pedestrian
24,1927.0,878.0,1977.0,933.0,6109,1,0,1,Pedestrian
24,1927.0,878.0,1977.0,933.0,6110,1,0,1,Pedestrian
24,1927.0,878.0,1977.0,933.0,6111,1,0,1,Pedestrian
24,1927.0,878.0,1977.0,933.0,6112,1,0,1,Pedestrian
24,1927.0,878.0,1977.0,933.0,6113,1,0,1,Pedestrian
24,1927.0,878.0,1977.0,933.0,6114,1,0,1,Pedestrian
24,1927.0,878.0,1977.0,933.0,6115,1,0,1,Pedestrian
24,1927.0,878.0,1977.0,933.0,6116,1,0,1,Pedestrian
24,1927.0,878.0,1977.0,933.0,6117,1,0,1,Pedestrian
24,1927.0,878.0,1977.0,933.0,6118,1,0,1,Pedestrian
24,1927.0,878.0,1977.0,933.0,6119,1,0,1,Pedestrian
24,1927.0,878.0,1977.0,933.0,6120,1,0,1,Pedestrian
24,1927.0,878.0,1977.0,933.0,6121,1,0,1,Pedestrian
24,1927.0,878.0,1977.0,933.0,6122,1,0,1,Pedestrian
24,1927.0,878.0,1977.0,933.0,6123,1,0,1,Pedestrian
24,1927.0,878.0,1977.0,933.0,6124,1,0,1,Pedestrian
24,1927.0,878.0,1977.0,933.0,6125,1,0,1,Pedestrian
24,1927.0,878.0,1977.0,933.0,6126,1,0,1,Pedestrian
24,1927.0,878.0,1977.0,933.0,6127,1,0,1,Pedestrian
24,1927.0,878.0,1977.0,933.0,6128,1,0,1,Pedestrian
24,1927.0,878.0,1977.0,933.0,6129,1,0,1,Pedestrian
24,1927.0,878.0,1977.0,933.0,6130,1,0,1,Pedestrian
24,1927.0,878.0,1977.0,933.0,6131,1,0,1,Pedestrian
24,1927.0,878.0,1977.0,933.0,6132,1,0,1,Pedestrian
24,1927.0,878.0,1977.0,933.0,6133,1,0,1,Pedestrian
24,1927.0,878.0,1977.0,933.0,6134,1,0,1,Pedestrian
24,1927.0,878.0,1977.0,933.0,6135,1,0,1,Pedestrian
24,1927.0,878.0,1977.0,933.0,6136,1,0,1,Pedestrian
24,1927.0,878.0,1977.0,933.0,6137,1,0,1,Pedestrian
24,1927.0,878.0,1977.0,933.0,6138,1,0,1,Pedestrian
24,1927.0,878.0,1977.0,933.0,6139,1,0,1,Pedestrian
24,1927.0,878.0,1977.0,933.0,6140,1,0,1,Pedestrian
24,1927.0,878.0,1977.0,933.0,6141,1,0,1,Pedestrian
24,1927.0,878.0,1977.0,933.0,6142,1,0,1,Pedestrian
24,1927.0,878.0,1977.0,933.0,6143,1,0,1,Pedestrian
24,1927.0,878.0,1977.0,933.0,6144,1,0,1,Pedestrian
24,1927.0,878.0,1977.0,933.0,6145,1,0,1,Pedestrian
24,1927.0,878.0,1977.0,933.0,6146,1,0,1,Pedestrian
24,1927.0,878.0,1977.0,933.0,6147,1,0,1,Pedestrian
24,1927.0,878.0,1977.0,933.0,6148,1,0,1,Pedestrian
24,1927.0,878.0,1977.0,933.0,6149,1,0,1,Pedestrian
24,1927.0,878.0,1977.0,933.0,6150,1,0,1,Pedestrian
24,1927.0,878.0,1977.0,933.0,6151,1,0,1,Pedestrian
24,1927.0,878.0,1977.0,933.0,6152,1,0,1,Pedestrian
24,1927.0,878.0,1977.0,933.0,6153,1,0,1,Pedestrian
24,1927.0,878.0,1977.0,933.0,6154,1,0,1,Pedestrian
24,1927.0,878.0,1977.0,933.0,6155,1,0,1,Pedestrian
24,1927.0,878.0,1977.0,933.0,6156,1,0,1,Pedestrian
24,1927.0,878.0,1977.0,933.0,6157,1,0,1,Pedestrian
24,1927.0,878.0,1977.0,933.0,6158,1,0,1,Pedestrian
24,1927.0,878.0,1977.0,933.0,6159,1,0,1,Pedestrian
24,1927.0,878.0,1977.0,933.0,6160,1,0,1,Pedestrian
24,1927.0,878.0,1977.0,933.0,6161,1,0,1,Pedestrian
24,1927.0,878.0,1977.0,933.0,6162,1,0,1,Pedestrian
24,1927.0,878.0,1977.0,933.0,6163,1,0,1,Pedestrian
24,1927.0,878.0,1977.0,933.0,6164,1,0,1,Pedestrian
24,1927.0,878.0,1977.0,933.0,6165,1,0,1,Pedestrian
24,1927.0,878.0,1977.0,933.0,6166,1,0,1,Pedestrian
24,1927.0,878.0,1977.0,933.0,6167,1,0,1,Pedestrian
24,1927.0,878.0,1977.0,933.0,6168,1,0,1,Pedestrian
24,1927.0,878.0,1977.0,933.0,6169,1,0,1,Pedestrian
24,1927.0,878.0,1977.0,933.0,6170,1,0,1,Pedestrian
24,1927.0,878.0,1977.0,933.0,6171,1,0,1,Pedestrian
24,1927.0,878.0,1977.0,933.0,6172,1,0,1,Pedestrian
24,1927.0,878.0,1977.0,933.0,6173,1,0,1,Pedestrian
24,1927.0,878.0,1977.0,933.0,6174,1,0,1,Pedestrian
24,1927.0,878.0,1977.0,933.0,6175,1,0,1,Pedestrian
24,1927.0,878.0,1977.0,933.0,6176,1,0,1,Pedestrian
24,1927.0,878.0,1977.0,933.0,6177,1,0,1,Pedestrian
24,1927.0,878.0,1977.0,933.0,6178,1,0,1,Pedestrian
24,1927.0,878.0,1977.0,933.0,6179,1,0,1,Pedestrian
24,1927.0,878.0,1977.0,933.0,6180,1,0,1,Pedestrian
24,1927.0,878.0,1977.0,933.0,6181,1,0,1,Pedestrian
24,1927.0,878.0,1977.0,933.0,6182,1,0,1,Pedestrian
24,1927.0,878.0,1977.0,933.0,6183,1,0,1,Pedestrian
24,1927.0,878.0,1977.0,933.0,6184,1,0,1,Pedestrian
24,1927.0,878.0,1977.0,933.0,6185,1,0,1,Pedestrian
24,1927.0,878.0,1977.0,933.0,6186,1,0,1,Pedestrian
24,1927.0,878.0,1977.0,933.0,6187,1,0,1,Pedestrian
24,1927.0,878.0,1977.0,933.0,6188,1,0,1,Pedestrian
24,1927.0,878.0,1977.0,933.0,6189,1,0,1,Pedestrian
24,1927.0,878.0,1977.0,933.0,6190,1,0,1,Pedestrian
24,1927.0,878.0,1977.0,933.0,6191,1,0,1,Pedestrian
24,1927.0,878.0,1977.0,933.0,6192,1,0,1,Pedestrian
24,1927.0,878.0,1977.0,933.0,6193,1,0,1,Pedestrian
24,1927.0,878.0,1977.0,933.0,6194,1,0,1,Pedestrian
24,1927.0,878.0,1977.0,933.0,6195,1,0,1,Pedestrian
24,1927.0,878.0,1977.0,933.0,6196,1,0,1,Pedestrian
24,1927.0,878.0,1977.0,933.0,6197,1,0,1,Pedestrian
24,1927.0,878.0,1977.0,933.0,6198,1,0,1,Pedestrian
24,1927.0,878.0,1977.0,933.0,6199,1,0,1,Pedestrian
24,1927.0,878.0,1977.0,933.0,6200,1,0,1,Pedestrian
24,1927.0,878.0,1977.0,933.0,6201,1,0,1,Pedestrian
24,1927.0,878.0,1977.0,933.0,6202,1,0,1,Pedestrian
24,1927.0,878.0,1977.0,933.0,6203,1,0,1,Pedestrian
24,1927.0,878.0,1977.0,933.0,6204,1,0,1,Pedestrian
24,1927.0,878.0,1977.0,933.0,6205,1,0,1,Pedestrian
24,1927.0,878.0,1977.0,933.0,6206,1,0,1,Pedestrian
24,1927.0,878.0,1977.0,933.0,6207,1,0,1,Pedestrian
24,1927.0,878.0,1977.0,933.0,6208,1,0,1,Pedestrian
24,1927.0,878.0,1977.0,933.0,6209,1,0,1,Pedestrian
24,1927.0,878.0,1977.0,933.0,6210,1,0,1,Pedestrian
24,1927.0,878.0,1977.0,933.0,6211,1,0,1,Pedestrian
24,1927.0,878.0,1977.0,933.0,6212,1,0,1,Pedestrian
24,1927.0,878.0,1977.0,933.0,6213,1,0,1,Pedestrian
24,1927.0,878.0,1977.0,933.0,6214,1,0,1,Pedestrian
24,1927.0,878.0,1977.0,933.0,6215,1,0,1,Pedestrian
24,1927.0,878.0,1977.0,933.0,6216,1,0,1,Pedestrian
24,1927.0,878.0,1977.0,933.0,6217,1,0,1,Pedestrian
24,1927.0,878.0,1977.0,933.0,6218,1,0,1,Pedestrian
24,1927.0,878.0,1977.0,933.0,6219,1,0,1,Pedestrian
24,1927.0,878.0,1977.0,933.0,6220,1,0,1,Pedestrian
24,1927.0,878.0,1977.0,933.0,6221,1,0,1,Pedestrian
24,1927.0,878.0,1977.0,933.0,6222,1,0,1,Pedestrian
24,1927.0,878.0,1977.0,933.0,6223,1,0,1,Pedestrian
24,1927.0,878.0,1977.0,933.0,6224,1,0,1,Pedestrian
24,1927.0,878.0,1977.0,933.0,6225,1,0,1,Pedestrian
24,1927.0,878.0,1977.0,933.0,6226,1,0,1,Pedestrian
24,1927.0,878.0,1977.0,933.0,6227,1,0,1,Pedestrian
24,1927.0,878.0,1977.0,933.0,6228,1,0,1,Pedestrian
24,1927.0,878.0,1977.0,933.0,6229,1,0,1,Pedestrian
24,1927.0,878.0,1977.0,933.0,6230,1,0,1,Pedestrian
24,1927.0,878.0,1977.0,933.0,6231,1,0,1,Pedestrian
24,1927.0,878.0,1977.0,933.0,6232,1,0,1,Pedestrian
24,1927.0,878.0,1977.0,933.0,6233,1,0,1,Pedestrian
24,1927.0,878.0,1977.0,933.0,6234,1,0,1,Pedestrian
24,1927.0,878.0,1977.0,933.0,6235,1,0,1,Pedestrian
24,1927.0,878.0,1977.0,933.0,6236,1,0,1,Pedestrian
24,1927.0,878.0,1977.0,933.0,6237,1,0,1,Pedestrian
24,1927.0,878.0,1977.0,933.0,6238,1,0,1,Pedestrian
24,1927.0,878.0,1977.0,933.0,6239,1,0,1,Pedestrian
24,1927.0,878.0,1977.0,933.0,6240,1,0,1,Pedestrian
24,1927.0,878.0,1977.0,933.0,6241,1,0,1,Pedestrian
24,1927.0,878.0,1977.0,933.0,6242,1,0,1,Pedestrian
24,1927.0,878.0,1977.0,933.0,6243,1,0,1,Pedestrian
24,1927.0,878.0,1977.0,933.0,6244,1,0,1,Pedestrian
24,1927.0,878.0,1977.0,933.0,6245,1,0,1,Pedestrian
24,1927.0,878.0,1977.0,933.0,6246,1,0,1,Pedestrian
24,1927.0,878.0,1977.0,933.0,6247,1,0,1,Pedestrian
24,1927.0,878.0,1977.0,933.0,6248,1,0,1,Pedestrian
24,1927.0,878.0,1977.0,933.0,6249,1,0,1,Pedestrian
24,1927.0,878.0,1977.0,933.0,6250,1,0,1,Pedestrian
24,1927.0,878.0,1977.0,933.0,6251,1,0,1,Pedestrian
24,1927.0,878.0,1977.0,933.0,6252,1,0,1,Pedestrian
24,1927.0,878.0,1977.0,933.0,6253,1,0,1,Pedestrian
24,1927.0,878.0,1977.0,933.0,6254,1,0,1,Pedestrian
24,1927.0,878.0,1977.0,933.0,6255,1,0,1,Pedestrian
24,1927.0,878.0,1977.0,933.0,6256,1,0,1,Pedestrian
24,1927.0,878.0,1977.0,933.0,6257,1,0,1,Pedestrian
24,1927.0,878.0,1977.0,933.0,6258,1,0,1,Pedestrian
24,1927.0,878.0,1977.0,933.0,6259,1,0,1,Pedestrian
24,1927.0,878.0,1977.0,933.0,6260,1,0,1,Pedestrian
24,1927.0,878.0,1977.0,933.0,6261,1,0,1,Pedestrian
24,1927.0,878.0,1977.0,933.0,6262,1,0,1,Pedestrian
24,1927.0,878.0,1977.0,933.0,6263,1,0,1,Pedestrian
24,1927.0,878.0,1977.0,933.0,6264,1,0,1,Pedestrian
24,1927.0,878.0,1977.0,933.0,6265,1,0,1,Pedestrian
24,1927.0,878.0,1977.0,933.0,6266,1,0,1,Pedestrian
24,1927.0,878.0,1977.0,933.0,6267,1,0,1,Pedestrian
24,1927.0,878.0,1977.0,933.0,6268,1,0,1,Pedestrian
24,1927.0,878.0,1977.0,933.0,6269,1,0,1,Pedestrian
24,1927.0,878.0,1977.0,933.0,6270,1,0,1,Pedestrian
24,1927.0,878.0,1977.0,933.0,6271,1,0,1,Pedestrian
24,1927.0,878.0,1977.0,933.0,6272,1,0,1,Pedestrian
24,1927.0,878.0,1977.0,933.0,6273,1,0,1,Pedestrian
24,1927.0,878.0,1977.0,933.0,6274,1,0,1,Pedestrian
24,1927.0,878.0,1977.0,933.0,6275,1,0,1,Pedestrian
24,1927.0,878.0,1977.0,933.0,6276,1,0,1,Pedestrian
24,1927.0,878.0,1977.0,933.0,6277,1,0,1,Pedestrian
24,1927.0,878.0,1977.0,933.0,6278,1,0,1,Pedestrian
24,1927.0,878.0,1977.0,933.0,6279,1,0,1,Pedestrian
24,1927.0,878.0,1977.0,933.0,6280,1,0,1,Pedestrian
24,1927.0,878.0,1977.0,933.0,6281,1,0,1,Pedestrian
24,1927.0,878.0,1977.0,933.0,6282,1,0,1,Pedestrian
24,1927.0,878.0,1977.0,933.0,6283,1,0,1,Pedestrian
24,1927.0,878.0,1977.0,933.0,6284,1,0,1,Pedestrian
24,1927.0,878.0,1977.0,933.0,6285,1,0,1,Pedestrian
24,1927.0,878.0,1977.0,933.0,6286,1,0,1,Pedestrian
24,1927.0,878.0,1977.0,933.0,6287,1,0,1,Pedestrian
24,1927.0,878.0,1977.0,933.0,6288,1,0,1,Pedestrian
24,1927.0,878.0,1977.0,933.0,6289,1,0,1,Pedestrian
24,1927.0,878.0,1977.0,933.0,6290,1,0,1,Pedestrian
24,1927.0,878.0,1977.0,933.0,6291,1,0,1,Pedestrian
24,1927.0,878.0,1977.0,933.0,6292,1,0,1,Pedestrian
24,1927.0,878.0,1977.0,933.0,6293,1,0,1,Pedestrian
24,1927.0,878.0,1977.0,933.0,6294,1,0,1,Pedestrian
24,1927.0,878.0,1977.0,933.0,6295,1,0,1,Pedestrian
24,1927.0,878.0,1977.0,933.0,6296,1,0,1,Pedestrian
24,1927.0,878.0,1977.0,933.0,6297,1,0,1,Pedestrian
24,1927.0,878.0,1977.0,933.0,6298,1,0,1,Pedestrian
24,1927.0,878.0,1977.0,933.0,6299,1,0,1,Pedestrian
24,1927.0,878.0,1977.0,933.0,6300,1,0,1,Pedestrian
24,1927.0,878.0,1977.0,933.0,6301,1,0,1,Pedestrian
24,1927.0,878.0,1977.0,933.0,6302,1,0,1,Pedestrian
24,1927.0,878.0,1977.0,933.0,6303,1,0,1,Pedestrian
24,1927.0,878.0,1977.0,933.0,6304,1,0,1,Pedestrian
24,1927.0,878.0,1977.0,933.0,6305,1,0,1,Pedestrian
24,1927.0,878.0,1977.0,933.0,6306,1,0,1,Pedestrian
24,1927.0,878.0,1977.0,933.0,6307,1,0,1,Pedestrian
24,1927.0,878.0,1977.0,933.0,6308,1,0,1,Pedestrian
24,1927.0,878.0,1977.0,933.0,6309,1,0,1,Pedestrian
24,1927.0,878.0,1977.0,933.0,6310,1,0,1,Pedestrian
24,1927.0,878.0,1977.0,933.0,6311,1,0,1,Pedestrian
24,1927.0,878.0,1977.0,933.0,6312,1,0,1,Pedestrian
24,1927.0,878.0,1977.0,933.0,6313,1,0,1,Pedestrian
24,1927.0,878.0,1977.0,933.0,6314,1,0,1,Pedestrian
24,1927.0,878.0,1977.0,933.0,6315,1,0,1,Pedestrian
24,1927.0,878.0,1977.0,933.0,6316,1,0,1,Pedestrian
24,1927.0,878.0,1977.0,933.0,6317,1,0,1,Pedestrian
24,1927.0,878.0,1977.0,933.0,6318,1,0,1,Pedestrian
24,1927.0,878.0,1977.0,933.0,6319,1,0,1,Pedestrian
24,1927.0,878.0,1977.0,933.0,6320,1,0,1,Pedestrian
24,1927.0,878.0,1977.0,933.0,6321,1,0,1,Pedestrian
24,1927.0,878.0,1977.0,933.0,6322,1,0,1,Pedestrian
24,1927.0,878.0,1977.0,933.0,6323,1,0,1,Pedestrian
24,1927.0,878.0,1977.0,933.0,6324,1,0,1,Pedestrian
24,1927.0,878.0,1977.0,933.0,6325,1,0,1,Pedestrian
24,1927.0,878.0,1977.0,933.0,6326,1,0,1,Pedestrian
24,1927.0,878.0,1977.0,933.0,6327,1,0,1,Pedestrian
24,1927.0,878.0,1977.0,933.0,6328,1,0,1,Pedestrian
24,1927.0,878.0,1977.0,933.0,6329,1,0,1,Pedestrian
24,1927.0,878.0,1977.0,933.0,6330,1,0,1,Pedestrian
24,1927.0,878.0,1977.0,933.0,6331,1,0,1,Pedestrian
24,1927.0,878.0,1977.0,933.0,6332,1,0,1,Pedestrian
24,1927.0,878.0,1977.0,933.0,6333,1,0,1,Pedestrian
24,1927.0,878.0,1977.0,933.0,6334,1,0,1,Pedestrian
24,1927.0,878.0,1977.0,933.0,6335,1,0,1,Pedestrian
24,1927.0,878.0,1977.0,933.0,6336,1,0,1,Pedestrian
24,1927.0,878.0,1977.0,933.0,6337,1,0,1,Pedestrian
24,1927.0,878.0,1977.0,933.0,6338,1,0,1,Pedestrian
24,1927.0,878.0,1977.0,933.0,6339,1,0,1,Pedestrian
24,1927.0,878.0,1977.0,933.0,6340,1,0,1,Pedestrian
24,1927.0,878.0,1977.0,933.0,6341,1,0,1,Pedestrian
24,1927.0,878.0,1977.0,933.0,6342,1,0,1,Pedestrian
24,1927.0,878.0,1977.0,933.0,6343,1,0,1,Pedestrian
24,1927.0,878.0,1977.0,933.0,6344,1,0,1,Pedestrian
24,1927.0,878.0,1977.0,933.0,6345,1,0,1,Pedestrian
24,1927.0,878.0,1977.0,933.0,6346,1,0,1,Pedestrian
24,1927.0,878.0,1977.0,933.0,6347,1,0,1,Pedestrian
24,1927.0,878.0,1977.0,933.0,6348,1,0,1,Pedestrian
24,1927.0,878.0,1977.0,933.0,6349,1,0,1,Pedestrian
24,1927.0,878.0,1977.0,933.0,6350,1,0,1,Pedestrian
24,1927.0,878.0,1977.0,933.0,6351,1,0,1,Pedestrian
24,1927.0,878.0,1977.0,933.0,6352,1,0,1,Pedestrian
24,1927.0,878.0,1977.0,933.0,6353,1,0,1,Pedestrian
24,1927.0,878.0,1977.0,933.0,6354,1,0,1,Pedestrian
24,1927.0,878.0,1977.0,933.0,6355,1,0,1,Pedestrian
24,1927.0,878.0,1977.0,933.0,6356,1,0,1,Pedestrian
24,1927.0,878.0,1977.0,933.0,6357,1,0,1,Pedestrian
24,1927.0,878.0,1977.0,933.0,6358,1,0,1,Pedestrian
24,1927.0,878.0,1977.0,933.0,6359,1,0,1,Pedestrian
24,1927.0,878.0,1977.0,933.0,6360,1,0,1,Pedestrian
24,1927.0,878.0,1977.0,933.0,6361,1,0,1,Pedestrian
24,1927.0,878.0,1977.0,933.0,6362,1,0,1,Pedestrian
24,1927.0,878.0,1977.0,933.0,6363,1,0,1,Pedestrian
24,1927.0,878.0,1977.0,933.0,6364,1,0,1,Pedestrian
24,1927.0,878.0,1977.0,933.0,6365,1,0,1,Pedestrian
24,1927.0,878.0,1977.0,933.0,6366,1,0,1,Pedestrian
24,1927.0,878.0,1977.0,933.0,6367,1,0,1,Pedestrian
24,1927.0,878.0,1977.0,933.0,6368,1,0,1,Pedestrian
24,1927.0,878.0,1977.0,933.0,6369,1,0,1,Pedestrian
24,1927.0,878.0,1977.0,933.0,6370,1,0,1,Pedestrian
24,1927.0,878.0,1977.0,933.0,6371,1,0,1,Pedestrian
24,1927.0,878.0,1977.0,933.0,6372,1,0,1,Pedestrian
24,1927.0,878.0,1977.0,933.0,6373,1,0,1,Pedestrian
24,1927.0,878.0,1977.0,933.0,6374,1,0,1,Pedestrian
24,1927.0,878.0,1977.0,933.0,6375,1,0,1,Pedestrian
24,1927.0,878.0,1977.0,933.0,6376,1,0,1,Pedestrian
24,1927.0,878.0,1977.0,933.0,6377,1,0,1,Pedestrian
24,1927.0,878.0,1977.0,933.0,6378,1,0,1,Pedestrian
24,1927.0,878.0,1977.0,933.0,6379,1,0,1,Pedestrian
24,1927.0,878.0,1977.0,933.0,6380,1,0,1,Pedestrian
24,1927.0,878.0,1977.0,933.0,6381,1,0,1,Pedestrian
24,1927.0,878.0,1977.0,933.0,6382,1,0,1,Pedestrian
24,1927.0,878.0,1977.0,933.0,6383,1,0,1,Pedestrian
24,1927.0,878.0,1977.0,933.0,6384,1,0,1,Pedestrian
24,1927.0,878.0,1977.0,933.0,6385,1,0,1,Pedestrian
24,1927.0,878.0,1977.0,933.0,6386,1,0,1,Pedestrian
24,1927.0,878.0,1977.0,933.0,6387,1,0,1,Pedestrian
24,1927.0,878.0,1977.0,933.0,6388,1,0,1,Pedestrian
24,1927.0,878.0,1977.0,933.0,6389,1,0,1,Pedestrian
24,1927.0,878.0,1977.0,933.0,6390,1,0,1,Pedestrian
24,1927.0,878.0,1977.0,933.0,6391,1,0,1,Pedestrian
24,1927.0,878.0,1977.0,933.0,6392,1,0,1,Pedestrian
24,1927.0,878.0,1977.0,933.0,6393,1,0,1,Pedestrian
24,1927.0,878.0,1977.0,933.0,6394,1,0,1,Pedestrian
24,1927.0,878.0,1977.0,933.0,6395,1,0,1,Pedestrian
24,1927.0,878.0,1977.0,933.0,6396,1,0,1,Pedestrian
24,1927.0,878.0,1977.0,933.0,6397,1,0,1,Pedestrian
24,1927.0,878.0,1977.0,933.0,6398,1,0,1,Pedestrian
24,1927.0,878.0,1977.0,933.0,6399,1,0,1,Pedestrian
24,1927.0,878.0,1977.0,933.0,6400,1,0,1,Pedestrian
24,1927.0,878.0,1977.0,933.0,6401,1,0,1,Pedestrian
24,1927.0,878.0,1977.0,933.0,6402,1,0,1,Pedestrian
24,1927.0,878.0,1977.0,933.0,6403,1,0,1,Pedestrian
24,1927.0,878.0,1977.0,933.0,6404,1,0,1,Pedestrian
24,1927.0,878.0,1977.0,933.0,6405,1,0,1,Pedestrian
24,1927.0,878.0,1977.0,933.0,6406,1,0,1,Pedestrian
24,1927.0,878.0,1977.0,933.0,6407,1,0,1,Pedestrian
24,1927.0,878.0,1977.0,933.0,6408,1,0,1,Pedestrian
24,1927.0,878.0,1977.0,933.0,6409,1,0,1,Pedestrian
24,1927.0,878.0,1977.0,933.0,6410,1,0,1,Pedestrian
24,1927.0,878.0,1977.0,933.0,6411,1,0,1,Pedestrian
24,1927.0,878.0,1977.0,933.0,6412,1,0,1,Pedestrian
24,1927.0,878.0,1977.0,933.0,6413,1,0,1,Pedestrian
24,1927.0,878.0,1977.0,933.0,6414,1,0,1,Pedestrian
24,1927.0,878.0,1977.0,933.0,6415,1,0,1,Pedestrian
24,1927.0,878.0,1977.0,933.0,6416,1,0,1,Pedestrian
24,1927.0,878.0,1977.0,933.0,6417,1,0,1,Pedestrian
24,1927.0,878.0,1977.0,933.0,6418,1,0,1,Pedestrian
24,1927.0,878.0,1977.0,933.0,6419,1,0,1,Pedestrian
24,1927.0,878.0,1977.0,933.0,6420,1,0,1,Pedestrian
24,1927.0,878.0,1977.0,933.0,6421,1,0,1,Pedestrian
24,1927.0,878.0,1977.0,933.0,6422,1,0,1,Pedestrian
24,1927.0,878.0,1977.0,933.0,6423,1,0,1,Pedestrian
24,1927.0,878.0,1977.0,933.0,6424,1,0,1,Pedestrian
24,1927.0,878.0,1977.0,933.0,6425,1,0,1,Pedestrian
24,1927.0,878.0,1977.0,933.0,6426,1,0,1,Pedestrian
24,1927.0,878.0,1977.0,933.0,6427,1,0,1,Pedestrian
24,1927.0,878.0,1977.0,933.0,6428,1,0,1,Pedestrian
24,1927.0,878.0,1977.0,933.0,6429,1,0,1,Pedestrian
24,1927.0,878.0,1977.0,933.0,6430,1,0,1,Pedestrian
24,1927.0,878.0,1977.0,933.0,6431,1,0,1,Pedestrian
24,1927.0,878.0,1977.0,933.0,6432,1,0,1,Pedestrian
24,1927.0,878.0,1977.0,933.0,6433,1,0,1,Pedestrian
24,1927.0,878.0,1977.0,933.0,6434,1,0,1,Pedestrian
24,1927.0,878.0,1977.0,933.0,6435,1,0,1,Pedestrian
24,1927.0,878.0,1977.0,933.0,6436,1,0,1,Pedestrian
24,1927.0,878.0,1977.0,933.0,6437,1,0,1,Pedestrian
24,1927.0,878.0,1977.0,933.0,6438,1,0,1,Pedestrian
24,1927.0,878.0,1977.0,933.0,6439,1,0,1,Pedestrian
24,1927.0,878.0,1977.0,933.0,6440,1,0,1,Pedestrian
24,1927.0,878.0,1977.0,933.0,6441,1,0,1,Pedestrian
24,1927.0,878.0,1977.0,933.0,6442,1,0,1,Pedestrian
24,1927.0,878.0,1977.0,933.0,6443,1,0,1,Pedestrian
24,1927.0,878.0,1977.0,933.0,6444,1,0,1,Pedestrian
24,1927.0,878.0,1977.0,933.0,6445,1,0,1,Pedestrian
24,1927.0,878.0,1977.0,933.0,6446,1,0,1,Pedestrian
24,1927.0,878.0,1977.0,933.0,6447,1,0,1,Pedestrian
24,1927.0,878.0,1977.0,933.0,6448,1,0,1,Pedestrian
24,1927.0,878.0,1977.0,933.0,6449,1,0,1,Pedestrian
24,1927.0,878.0,1977.0,933.0,6450,1,0,1,Pedestrian
24,1927.0,878.0,1977.0,933.0,6451,1,0,1,Pedestrian
24,1927.0,878.0,1977.0,933.0,6452,1,0,1,Pedestrian
24,1927.0,878.0,1977.0,933.0,6453,1,0,1,Pedestrian
24,1927.0,878.0,1977.0,933.0,6454,1,0,1,Pedestrian
24,1927.0,878.0,1977.0,933.0,6455,1,0,1,Pedestrian
24,1927.0,878.0,1977.0,933.0,6456,1,0,1,Pedestrian
24,1927.0,878.0,1977.0,933.0,6457,1,0,1,Pedestrian
24,1927.0,878.0,1977.0,933.0,6458,1,0,1,Pedestrian
24,1927.0,878.0,1977.0,933.0,6459,1,0,1,Pedestrian
24,1927.0,878.0,1977.0,933.0,6460,1,0,1,Pedestrian
24,1927.0,878.0,1977.0,933.0,6461,1,0,1,Pedestrian
24,1927.0,878.0,1977.0,933.0,6462,1,0,1,Pedestrian
24,1927.0,878.0,1977.0,933.0,6463,1,0,1,Pedestrian
24,1927.0,878.0,1977.0,933.0,6464,1,0,1,Pedestrian
24,1927.0,878.0,1977.0,933.0,6465,1,0,1,Pedestrian
24,1927.0,878.0,1977.0,933.0,6466,1,0,1,Pedestrian
24,1927.0,878.0,1977.0,933.0,6467,1,0,1,Pedestrian
24,1927.0,878.0,1977.0,933.0,6468,1,0,1,Pedestrian
24,1927.0,878.0,1977.0,933.0,6469,1,0,1,Pedestrian
24,1927.0,878.0,1977.0,933.0,6470,1,0,1,Pedestrian
24,1927.0,878.0,1977.0,933.0,6471,1,0,1,Pedestrian
24,1927.0,878.0,1977.0,933.0,6472,1,0,1,Pedestrian
24,1927.0,878.0,1977.0,933.0,6473,1,0,1,Pedestrian
24,1927.0,878.0,1977.0,933.0,6474,1,0,1,Pedestrian
24,1927.0,878.0,1977.0,933.0,6475,1,0,1,Pedestrian
24,1927.0,878.0,1977.0,933.0,6476,1,0,1,Pedestrian
24,1927.0,878.0,1977.0,933.0,6477,1,0,1,Pedestrian
24,1927.0,878.0,1977.0,933.0,6478,1,0,1,Pedestrian
24,1927.0,878.0,1977.0,933.0,6479,1,0,1,Pedestrian
24,1927.0,878.0,1977.0,933.0,6480,1,0,1,Pedestrian
24,1927.0,878.0,1977.0,933.0,6481,1,0,1,Pedestrian
24,1927.0,878.0,1977.0,933.0,6482,1,0,1,Pedestrian
24,1927.0,878.0,1977.0,933.0,6483,1,0,1,Pedestrian
24,1927.0,878.0,1977.0,933.0,6484,1,0,1,Pedestrian
24,1927.0,878.0,1977.0,933.0,6485,1,0,1,Pedestrian
24,1927.0,878.0,1977.0,933.0,6486,1,0,1,Pedestrian
24,1927.0,878.0,1977.0,933.0,6487,1,0,1,Pedestrian
24,1927.0,878.0,1977.0,933.0,6488,1,0,1,Pedestrian
24,1927.0,878.0,1977.0,933.0,6489,1,0,1,Pedestrian
24,1927.0,878.0,1977.0,933.0,6490,1,0,1,Pedestrian
24,1927.0,878.0,1977.0,933.0,6491,1,0,1,Pedestrian
24,1927.0,878.0,1977.0,933.0,6492,1,0,1,Pedestrian
24,1927.0,878.0,1977.0,933.0,6493,1,0,1,Pedestrian
24,1927.0,878.0,1977.0,933.0,6494,1,0,1,Pedestrian
24,1927.0,878.0,1977.0,933.0,6495,1,0,1,Pedestrian
24,1927.0,878.0,1977.0,933.0,6496,1,0,1,Pedestrian
24,1927.0,878.0,1977.0,933.0,6497,1,0,1,Pedestrian
24,1927.0,878.0,1977.0,933.0,6498,1,0,1,Pedestrian
24,1927.0,878.0,1977.0,933.0,6499,1,0,1,Pedestrian
24,1927.0,878.0,1977.0,933.0,6500,1,0,1,Pedestrian
24,1927.0,878.0,1977.0,933.0,6501,1,0,1,Pedestrian
24,1927.0,878.0,1977.0,933.0,6502,1,0,1,Pedestrian
24,1927.0,878.0,1977.0,933.0,6503,1,0,1,Pedestrian
24,1927.0,878.0,1977.0,933.0,6504,1,0,1,Pedestrian
24,1927.0,878.0,1977.0,933.0,6505,1,0,1,Pedestrian
24,1927.0,878.0,1977.0,933.0,6506,1,0,1,Pedestrian
24,1927.0,878.0,1977.0,933.0,6507,1,0,1,Pedestrian
24,1927.0,878.0,1977.0,933.0,6508,1,0,1,Pedestrian
24,1927.0,878.0,1977.0,933.0,6509,1,0,1,Pedestrian
24,1927.0,878.0,1977.0,933.0,6510,1,0,1,Pedestrian
24,1927.0,878.0,1977.0,933.0,6511,1,0,1,Pedestrian
24,1927.0,878.0,1977.0,933.0,6512,1,0,1,Pedestrian
24,1927.0,878.0,1977.0,933.0,6513,1,0,1,Pedestrian
24,1927.0,878.0,1977.0,933.0,6514,1,0,1,Pedestrian
24,1927.0,878.0,1977.0,933.0,6515,1,0,1,Pedestrian
24,1927.0,878.0,1977.0,933.0,6516,1,0,1,Pedestrian
24,1927.0,878.0,1977.0,933.0,6517,1,0,1,Pedestrian
24,1927.0,878.0,1977.0,933.0,6518,1,0,1,Pedestrian
24,1927.0,878.0,1977.0,933.0,6519,1,0,1,Pedestrian
24,1927.0,878.0,1977.0,933.0,6520,1,0,1,Pedestrian
24,1927.0,878.0,1977.0,933.0,6521,1,0,1,Pedestrian
24,1927.0,878.0,1977.0,933.0,6522,1,0,1,Pedestrian
24,1927.0,878.0,1977.0,933.0,6523,1,0,1,Pedestrian
24,1927.0,878.0,1977.0,933.0,6524,1,0,1,Pedestrian
24,1927.0,878.0,1977.0,933.0,6525,1,0,1,Pedestrian
24,1927.0,878.0,1977.0,933.0,6526,1,0,1,Pedestrian
24,1927.0,878.0,1977.0,933.0,6527,1,0,1,Pedestrian
24,1927.0,878.0,1977.0,933.0,6528,1,0,1,Pedestrian
24,1927.0,878.0,1977.0,933.0,6529,1,0,1,Pedestrian
24,1927.0,878.0,1977.0,933.0,6530,1,0,1,Pedestrian
24,1927.0,878.0,1977.0,933.0,6531,1,0,0,Pedestrian
25,1735.0,1056.0,1779.0,1088.0,5500,1,0,0,Pedestrian
25,1732.0,1056.0,1776.0,1088.0,5501,1,0,1,Pedestrian
25,1732.0,1056.0,1776.0,1088.0,5502,1,0,1,Pedestrian
25,1732.0,1056.0,1776.0,1088.0,5503,1,0,1,Pedestrian
25,1732.0,1056.0,1776.0,1088.0,5504,1,0,1,Pedestrian
25,1732.0,1056.0,1776.0,1088.0,5505,1,0,1,Pedestrian
25,1732.0,1056.0,1776.0,1088.0,5506,1,0,1,Pedestrian
25,1732.0,1056.0,1776.0,1088.0,5507,1,0,1,Pedestrian
25,1732.0,1056.0,1776.0,1088.0,5508,1,0,1,Pedestrian
25,1732.0,1056.0,1776.0,1088.0,5509,1,0,1,Pedestrian
25,1732.0,1056.0,1776.0,1088.0,5510,1,0,1,Pedestrian
25,1732.0,1056.0,1776.0,1088.0,5511,1,0,1,Pedestrian
25,1732.0,1056.0,1776.0,1088.0,5512,1,0,1,Pedestrian
25,1732.0,1056.0,1776.0,1088.0,5513,1,0,1,Pedestrian
25,1732.0,1056.0,1776.0,1088.0,5514,1,0,1,Pedestrian
25,1732.0,1056.0,1776.0,1088.0,5515,1,0,1,Pedestrian
25,1732.0,1056.0,1776.0,1088.0,5516,1,0,1,Pedestrian
25,1732.0,1056.0,1776.0,1088.0,5517,1,0,1,Pedestrian
25,1732.0,1056.0,1776.0,1088.0,5518,1,0,1,Pedestrian
25,1732.0,1056.0,1776.0,1088.0,5519,1,0,1,Pedestrian
25,1732.0,1056.0,1776.0,1088.0,5520,1,0,1,Pedestrian
25,1732.0,1056.0,1776.0,1088.0,5521,1,0,1,Pedestrian
25,1732.0,1056.0,1776.0,1088.0,5522,1,0,1,Pedestrian
25,1732.0,1056.0,1776.0,1088.0,5523,1,0,1,Pedestrian
25,1732.0,1056.0,1776.0,1088.0,5524,1,0,1,Pedestrian
25,1732.0,1056.0,1776.0,1088.0,5525,1,0,1,Pedestrian
25,1732.0,1056.0,1776.0,1088.0,5526,1,0,1,Pedestrian
25,1732.0,1056.0,1776.0,1088.0,5527,1,0,1,Pedestrian
25,1732.0,1056.0,1776.0,1088.0,5528,1,0,1,Pedestrian
25,1732.0,1056.0,1776.0,1088.0,5529,1,0,1,Pedestrian
25,1732.0,1056.0,1776.0,1088.0,5530,1,0,1,Pedestrian
25,1732.0,1056.0,1776.0,1088.0,5531,1,0,1,Pedestrian
25,1732.0,1056.0,1776.0,1088.0,5532,1,0,1,Pedestrian
25,1732.0,1056.0,1776.0,1088.0,5533,1,0,1,Pedestrian
25,1732.0,1056.0,1776.0,1088.0,5534,1,0,1,Pedestrian
25,1732.0,1056.0,1776.0,1088.0,5535,1,0,1,Pedestrian
25,1732.0,1056.0,1776.0,1088.0,5536,1,0,1,Pedestrian
25,1732.0,1056.0,1776.0,1088.0,5537,1,0,1,Pedestrian
25,1732.0,1056.0,1776.0,1088.0,5538,1,0,1,Pedestrian
25,1732.0,1056.0,1776.0,1088.0,5539,1,0,1,Pedestrian
25,1732.0,1056.0,1776.0,1088.0,5540,1,0,1,Pedestrian
25,1732.0,1056.0,1776.0,1088.0,5541,1,0,1,Pedestrian
25,1732.0,1056.0,1776.0,1088.0,5542,1,0,1,Pedestrian
25,1732.0,1056.0,1776.0,1088.0,5543,1,0,1,Pedestrian
25,1732.0,1056.0,1776.0,1088.0,5544,1,0,1,Pedestrian
25,1732.0,1056.0,1776.0,1088.0,5545,1,0,1,Pedestrian
25,1732.0,1056.0,1776.0,1088.0,5546,1,0,1,Pedestrian
25,1732.0,1056.0,1776.0,1088.0,5547,1,0,1,Pedestrian
25,1732.0,1056.0,1776.0,1088.0,5548,1,0,1,Pedestrian
25,1732.0,1056.0,1776.0,1088.0,5549,1,0,1,Pedestrian
25,1732.0,1056.0,1776.0,1088.0,5550,1,0,1,Pedestrian
25,1732.0,1056.0,1776.0,1088.0,5551,1,0,1,Pedestrian
25,1732.0,1056.0,1776.0,1088.0,5552,1,0,1,Pedestrian
25,1732.0,1056.0,1776.0,1088.0,5553,1,0,1,Pedestrian
25,1732.0,1056.0,1776.0,1088.0,5554,1,0,1,Pedestrian
25,1732.0,1056.0,1776.0,1088.0,5555,1,0,1,Pedestrian
25,1732.0,1056.0,1776.0,1088.0,5556,1,0,1,Pedestrian
25,1732.0,1056.0,1776.0,1088.0,5557,1,0,1,Pedestrian
25,1732.0,1056.0,1776.0,1088.0,5558,1,0,1,Pedestrian
25,1732.0,1056.0,1776.0,1088.0,5559,1,0,1,Pedestrian
25,1732.0,1056.0,1776.0,1088.0,5560,1,0,1,Pedestrian
25,1732.0,1056.0,1776.0,1088.0,5561,1,0,1,Pedestrian
25,1732.0,1056.0,1776.0,1088.0,5562,1,0,1,Pedestrian
25,1732.0,1056.0,1776.0,1088.0,5563,1,0,1,Pedestrian
25,1732.0,1056.0,1776.0,1088.0,5564,1,0,1,Pedestrian
25,1732.0,1056.0,1776.0,1088.0,5565,1,0,1,Pedestrian
25,1732.0,1056.0,1776.0,1088.0,5566,1,0,1,Pedestrian
25,1732.0,1056.0,1776.0,1088.0,5567,1,0,1,Pedestrian
25,1732.0,1056.0,1776.0,1088.0,5568,1,0,1,Pedestrian
25,1732.0,1056.0,1776.0,1088.0,5569,1,0,1,Pedestrian
25,1732.0,1056.0,1776.0,1088.0,5570,1,0,1,Pedestrian
25,1732.0,1056.0,1776.0,1088.0,5571,1,0,1,Pedestrian
25,1732.0,1056.0,1776.0,1088.0,5572,1,0,1,Pedestrian
25,1732.0,1056.0,1776.0,1088.0,5573,1,0,1,Pedestrian
25,1732.0,1056.0,1776.0,1088.0,5574,1,0,1,Pedestrian
25,1732.0,1056.0,1776.0,1088.0,5575,1,0,1,Pedestrian
25,1732.0,1056.0,1776.0,1088.0,5576,1,0,1,Pedestrian
25,1732.0,1056.0,1776.0,1088.0,5577,1,0,1,Pedestrian
25,1732.0,1056.0,1776.0,1088.0,5578,1,0,1,Pedestrian
25,1732.0,1056.0,1776.0,1088.0,5579,1,0,1,Pedestrian
25,1732.0,1056.0,1776.0,1088.0,5580,1,0,1,Pedestrian
25,1732.0,1056.0,1776.0,1088.0,5581,1,0,1,Pedestrian
25,1732.0,1056.0,1776.0,1088.0,5582,1,0,1,Pedestrian
25,1732.0,1056.0,1776.0,1088.0,5583,1,0,1,Pedestrian
25,1732.0,1056.0,1776.0,1088.0,5584,1,0,1,Pedestrian
25,1732.0,1056.0,1776.0,1088.0,5585,1,0,1,Pedestrian
25,1732.0,1056.0,1776.0,1088.0,5586,1,0,1,Pedestrian
25,1732.0,1056.0,1776.0,1088.0,5587,1,0,1,Pedestrian
25,1732.0,1056.0,1776.0,1088.0,5588,1,0,1,Pedestrian
25,1732.0,1056.0,1776.0,1088.0,5589,1,0,1,Pedestrian
25,1732.0,1056.0,1776.0,1088.0,5590,1,0,1,Pedestrian
25,1732.0,1056.0,1776.0,1088.0,5591,1,0,1,Pedestrian
25,1732.0,1056.0,1776.0,1088.0,5592,1,0,1,Pedestrian
25,1732.0,1056.0,1776.0,1088.0,5593,1,0,1,Pedestrian
25,1732.0,1056.0,1776.0,1088.0,5594,1,0,1,Pedestrian
25,1732.0,1056.0,1776.0,1088.0,5595,1,0,1,Pedestrian
25,1732.0,1056.0,1776.0,1088.0,5596,1,0,1,Pedestrian
25,1732.0,1056.0,1776.0,1088.0,5597,1,0,1,Pedestrian
25,1732.0,1056.0,1776.0,1088.0,5598,1,0,1,Pedestrian
25,1732.0,1056.0,1776.0,1088.0,5599,1,0,1,Pedestrian
25,1732.0,1056.0,1776.0,1088.0,5600,1,0,1,Pedestrian
25,1732.0,1056.0,1776.0,1088.0,5601,1,0,1,Pedestrian
25,1732.0,1056.0,1776.0,1088.0,5602,1,0,1,Pedestrian
25,1732.0,1056.0,1776.0,1088.0,5603,1,0,1,Pedestrian
25,1732.0,1056.0,1776.0,1088.0,5604,1,0,1,Pedestrian
25,1732.0,1056.0,1776.0,1088.0,5605,1,0,1,Pedestrian
25,1732.0,1056.0,1776.0,1088.0,5606,1,0,1,Pedestrian
25,1732.0,1056.0,1776.0,1088.0,5607,1,0,1,Pedestrian
25,1732.0,1056.0,1776.0,1088.0,5608,1,0,1,Pedestrian
25,1732.0,1056.0,1776.0,1088.0,5609,1,0,1,Pedestrian
25,1732.0,1056.0,1776.0,1088.0,5610,1,0,1,Pedestrian
25,1732.0,1056.0,1776.0,1088.0,5611,1,0,1,Pedestrian
25,1732.0,1056.0,1776.0,1088.0,5612,1,0,1,Pedestrian
25,1732.0,1056.0,1776.0,1088.0,5613,1,0,1,Pedestrian
25,1732.0,1056.0,1776.0,1088.0,5614,1,0,1,Pedestrian
25,1732.0,1056.0,1776.0,1088.0,5615,1,0,1,Pedestrian
25,1732.0,1056.0,1776.0,1088.0,5616,1,0,1,Pedestrian
25,1732.0,1056.0,1776.0,1088.0,5617,1,0,1,Pedestrian
25,1732.0,1056.0,1776.0,1088.0,5618,1,0,1,Pedestrian
25,1732.0,1056.0,1776.0,1088.0,5619,1,0,1,Pedestrian
25,1732.0,1056.0,1776.0,1088.0,5620,1,0,1,Pedestrian
25,1732.0,1056.0,1776.0,1088.0,5621,1,0,1,Pedestrian
25,1732.0,1056.0,1776.0,1088.0,5622,1,0,1,Pedestrian
25,1732.0,1056.0,1776.0,1088.0,5623,1,0,1,Pedestrian
25,1732.0,1056.0,1776.0,1088.0,5624,1,0,1,Pedestrian
25,1732.0,1056.0,1776.0,1088.0,5625,1,0,1,Pedestrian
25,1732.0,1056.0,1776.0,1088.0,5626,1,0,1,Pedestrian
25,1732.0,1056.0,1776.0,1088.0,5627,1,0,1,Pedestrian
25,1732.0,1056.0,1776.0,1088.0,5628,1,0,1,Pedestrian
25,1732.0,1056.0,1776.0,1088.0,5629,1,0,1,Pedestrian
25,1732.0,1056.0,1776.0,1088.0,5630,1,0,1,Pedestrian
25,1732.0,1056.0,1776.0,1088.0,5631,1,0,1,Pedestrian
25,1732.0,1056.0,1776.0,1088.0,5632,1,0,1,Pedestrian
25,1732.0,1056.0,1776.0,1088.0,5633,1,0,1,Pedestrian
25,1732.0,1056.0,1776.0,1088.0,5634,1,0,1,Pedestrian
25,1732.0,1056.0,1776.0,1088.0,5635,1,0,1,Pedestrian
25,1732.0,1056.0,1776.0,1088.0,5636,1,0,1,Pedestrian
25,1732.0,1056.0,1776.0,1088.0,5637,1,0,1,Pedestrian
25,1732.0,1056.0,1776.0,1088.0,5638,1,0,1,Pedestrian
25,1732.0,1056.0,1776.0,1088.0,5639,1,0,1,Pedestrian
25,1732.0,1056.0,1776.0,1088.0,5640,1,0,1,Pedestrian
25,1732.0,1056.0,1776.0,1088.0,5641,1,0,1,Pedestrian
25,1732.0,1056.0,1776.0,1088.0,5642,1,0,1,Pedestrian
25,1732.0,1056.0,1776.0,1088.0,5643,1,0,1,Pedestrian
25,1732.0,1056.0,1776.0,1088.0,5644,1,0,1,Pedestrian
25,1732.0,1056.0,1776.0,1088.0,5645,1,0,1,Pedestrian
25,1732.0,1056.0,1776.0,1088.0,5646,1,0,1,Pedestrian
25,1732.0,1056.0,1776.0,1088.0,5647,1,0,1,Pedestrian
25,1732.0,1056.0,1776.0,1088.0,5648,1,0,1,Pedestrian
25,1732.0,1056.0,1776.0,1088.0,5649,1,0,1,Pedestrian
25,1732.0,1056.0,1776.0,1088.0,5650,1,0,1,Pedestrian
25,1732.0,1056.0,1776.0,1088.0,5651,1,0,1,Pedestrian
25,1732.0,1056.0,1776.0,1088.0,5652,1,0,1,Pedestrian
25,1732.0,1056.0,1776.0,1088.0,5653,1,0,1,Pedestrian
25,1732.0,1056.0,1776.0,1088.0,5654,1,0,1,Pedestrian
25,1732.0,1056.0,1776.0,1088.0,5655,1,0,1,Pedestrian
25,1732.0,1056.0,1776.0,1088.0,5656,1,0,1,Pedestrian
25,1732.0,1056.0,1776.0,1088.0,5657,1,0,1,Pedestrian
25,1732.0,1056.0,1776.0,1088.0,5658,1,0,1,Pedestrian
25,1732.0,1056.0,1776.0,1088.0,5659,1,0,1,Pedestrian
25,1732.0,1056.0,1776.0,1088.0,5660,1,0,1,Pedestrian
25,1732.0,1056.0,1776.0,1088.0,5661,1,0,1,Pedestrian
25,1732.0,1056.0,1776.0,1088.0,5662,1,0,1,Pedestrian
25,1732.0,1056.0,1776.0,1088.0,5663,1,0,1,Pedestrian
25,1732.0,1056.0,1776.0,1088.0,5664,1,0,1,Pedestrian
25,1732.0,1056.0,1776.0,1088.0,5665,1,0,1,Pedestrian
25,1732.0,1056.0,1776.0,1088.0,5666,1,0,1,Pedestrian
25,1732.0,1056.0,1776.0,1088.0,5667,1,0,1,Pedestrian
25,1732.0,1056.0,1776.0,1088.0,5668,1,0,1,Pedestrian
25,1732.0,1056.0,1776.0,1088.0,5669,1,0,1,Pedestrian
25,1732.0,1056.0,1776.0,1088.0,5670,1,0,1,Pedestrian
25,1732.0,1056.0,1776.0,1088.0,5671,1,0,1,Pedestrian
25,1732.0,1056.0,1776.0,1088.0,5672,1,0,1,Pedestrian
25,1732.0,1056.0,1776.0,1088.0,5673,1,0,1,Pedestrian
25,1732.0,1056.0,1776.0,1088.0,5674,1,0,1,Pedestrian
25,1732.0,1056.0,1776.0,1088.0,5675,1,0,1,Pedestrian
25,1732.0,1056.0,1776.0,1088.0,5676,1,0,1,Pedestrian
25,1732.0,1056.0,1776.0,1088.0,5677,1,0,1,Pedestrian
25,1732.0,1056.0,1776.0,1088.0,5678,1,0,1,Pedestrian
25,1732.0,1056.0,1776.0,1088.0,5679,1,0,1,Pedestrian
25,1732.0,1056.0,1776.0,1088.0,5680,1,0,1,Pedestrian
25,1732.0,1056.0,1776.0,1088.0,5681,1,0,1,Pedestrian
25,1732.0,1056.0,1776.0,1088.0,5682,1,0,1,Pedestrian
25,1732.0,1056.0,1776.0,1088.0,5683,1,0,1,Pedestrian
25,1732.0,1056.0,1776.0,1088.0,5684,1,0,1,Pedestrian
25,1732.0,1056.0,1776.0,1088.0,5685,1,0,1,Pedestrian
25,1732.0,1056.0,1776.0,1088.0,5686,1,0,1,Pedestrian
25,1732.0,1056.0,1776.0,1088.0,5687,1,0,1,Pedestrian
25,1732.0,1056.0,1776.0,1088.0,5688,1,0,1,Pedestrian
25,1732.0,1056.0,1776.0,1088.0,5689,1,0,1,Pedestrian
25,1732.0,1056.0,1776.0,1088.0,5690,1,0,1,Pedestrian
25,1732.0,1056.0,1776.0,1088.0,5691,1,0,1,Pedestrian
25,1732.0,1056.0,1776.0,1088.0,5692,1,0,1,Pedestrian
25,1732.0,1056.0,1776.0,1088.0,5693,1,0,1,Pedestrian
25,1732.0,1056.0,1776.0,1088.0,5694,1,0,1,Pedestrian
25,1732.0,1056.0,1776.0,1088.0,5695,1,0,1,Pedestrian
25,1732.0,1056.0,1776.0,1088.0,5696,1,0,1,Pedestrian
25,1732.0,1056.0,1776.0,1088.0,5697,1,0,1,Pedestrian
25,1732.0,1056.0,1776.0,1088.0,5698,1,0,1,Pedestrian
25,1732.0,1056.0,1776.0,1088.0,5699,1,0,1,Pedestrian
25,1732.0,1056.0,1776.0,1088.0,5700,1,0,1,Pedestrian
25,1732.0,1056.0,1776.0,1088.0,5701,1,0,1,Pedestrian
25,1732.0,1056.0,1776.0,1088.0,5702,1,0,1,Pedestrian
25,1732.0,1056.0,1776.0,1088.0,5703,1,0,1,Pedestrian
25,1732.0,1056.0,1776.0,1088.0,5704,1,0,1,Pedestrian
25,1732.0,1056.0,1776.0,1088.0,5705,1,0,1,Pedestrian
25,1732.0,1056.0,1776.0,1088.0,5706,1,0,1,Pedestrian
25,1732.0,1056.0,1776.0,1088.0,5707,1,0,1,Pedestrian
25,1732.0,1056.0,1776.0,1088.0,5708,1,0,1,Pedestrian
25,1732.0,1056.0,1776.0,1088.0,5709,1,0,1,Pedestrian
25,1732.0,1056.0,1776.0,1088.0,5710,1,0,1,Pedestrian
25,1732.0,1056.0,1776.0,1088.0,5711,1,0,1,Pedestrian
25,1732.0,1056.0,1776.0,1088.0,5712,1,0,1,Pedestrian
25,1732.0,1056.0,1776.0,1088.0,5713,1,0,1,Pedestrian
25,1732.0,1056.0,1776.0,1088.0,5714,1,0,1,Pedestrian
25,1732.0,1056.0,1776.0,1088.0,5715,1,0,1,Pedestrian
25,1732.0,1056.0,1776.0,1088.0,5716,1,0,1,Pedestrian
25,1732.0,1056.0,1776.0,1088.0,5717,1,0,1,Pedestrian
25,1732.0,1056.0,1776.0,1088.0,5718,1,0,1,Pedestrian
25,1732.0,1056.0,1776.0,1088.0,5719,1,0,1,Pedestrian
25,1732.0,1056.0,1776.0,1088.0,5720,1,0,1,Pedestrian
25,1732.0,1056.0,1776.0,1088.0,5721,1,0,1,Pedestrian
25,1732.0,1056.0,1776.0,1088.0,5722,1,0,1,Pedestrian
25,1732.0,1056.0,1776.0,1088.0,5723,1,0,1,Pedestrian
25,1732.0,1056.0,1776.0,1088.0,5724,1,0,1,Pedestrian
25,1732.0,1056.0,1776.0,1088.0,5725,1,0,1,Pedestrian
25,1732.0,1056.0,1776.0,1088.0,5726,1,0,1,Pedestrian
25,1732.0,1056.0,1776.0,1088.0,5727,1,0,1,Pedestrian
25,1732.0,1056.0,1776.0,1088.0,5728,1,0,1,Pedestrian
25,1732.0,1056.0,1776.0,1088.0,5729,1,0,1,Pedestrian
25,1732.0,1056.0,1776.0,1088.0,5730,1,0,1,Pedestrian
25,1732.0,1056.0,1776.0,1088.0,5731,1,0,1,Pedestrian
25,1732.0,1056.0,1776.0,1088.0,5732,1,0,1,Pedestrian
25,1732.0,1056.0,1776.0,1088.0,5733,1,0,1,Pedestrian
25,1732.0,1056.0,1776.0,1088.0,5734,1,0,1,Pedestrian
25,1732.0,1056.0,1776.0,1088.0,5735,1,0,1,Pedestrian
25,1732.0,1056.0,1776.0,1088.0,5736,1,0,1,Pedestrian
25,1732.0,1056.0,1776.0,1088.0,5737,1,0,1,Pedestrian
25,1732.0,1056.0,1776.0,1088.0,5738,1,0,1,Pedestrian
25,1732.0,1056.0,1776.0,1088.0,5739,1,0,1,Pedestrian
25,1732.0,1056.0,1776.0,1088.0,5740,1,0,1,Pedestrian
25,1732.0,1056.0,1776.0,1088.0,5741,1,0,1,Pedestrian
25,1732.0,1056.0,1776.0,1088.0,5742,1,0,1,Pedestrian
25,1732.0,1056.0,1776.0,1088.0,5743,1,0,1,Pedestrian
25,1732.0,1056.0,1776.0,1088.0,5744,1,0,1,Pedestrian
25,1732.0,1056.0,1776.0,1088.0,5745,1,0,1,Pedestrian
25,1732.0,1056.0,1776.0,1088.0,5746,1,0,1,Pedestrian
25,1732.0,1056.0,1776.0,1088.0,5747,1,0,1,Pedestrian
25,1732.0,1056.0,1776.0,1088.0,5748,1,0,1,Pedestrian
25,1732.0,1056.0,1776.0,1088.0,5749,1,0,1,Pedestrian
25,1732.0,1056.0,1776.0,1088.0,5750,1,0,1,Pedestrian
25,1732.0,1056.0,1776.0,1088.0,5751,1,0,1,Pedestrian
25,1732.0,1056.0,1776.0,1088.0,5752,1,0,1,Pedestrian
25,1732.0,1056.0,1776.0,1088.0,5753,1,0,1,Pedestrian
25,1732.0,1056.0,1776.0,1088.0,5754,1,0,1,Pedestrian
25,1732.0,1056.0,1776.0,1088.0,5755,1,0,1,Pedestrian
25,1732.0,1056.0,1776.0,1088.0,5756,1,0,1,Pedestrian
25,1732.0,1056.0,1776.0,1088.0,5757,1,0,1,Pedestrian
25,1732.0,1056.0,1776.0,1088.0,5758,1,0,1,Pedestrian
25,1732.0,1056.0,1776.0,1088.0,5759,1,0,1,Pedestrian
25,1732.0,1056.0,1776.0,1088.0,5760,1,0,1,Pedestrian
25,1732.0,1056.0,1776.0,1088.0,5761,1,0,1,Pedestrian
25,1732.0,1056.0,1776.0,1088.0,5762,1,0,1,Pedestrian
25,1732.0,1056.0,1776.0,1088.0,5763,1,0,1,Pedestrian
25,1732.0,1056.0,1776.0,1088.0,5764,1,0,1,Pedestrian
25,1732.0,1056.0,1776.0,1088.0,5765,1,0,1,Pedestrian
25,1732.0,1056.0,1776.0,1088.0,5766,1,0,1,Pedestrian
25,1732.0,1056.0,1776.0,1088.0,5767,1,0,1,Pedestrian
25,1732.0,1056.0,1776.0,1088.0,5768,1,0,1,Pedestrian
25,1732.0,1056.0,1776.0,1088.0,5769,1,0,1,Pedestrian
25,1732.0,1056.0,1776.0,1088.0,5770,1,0,1,Pedestrian
25,1732.0,1056.0,1776.0,1088.0,5771,1,0,1,Pedestrian
25,1732.0,1056.0,1776.0,1088.0,5772,1,0,1,Pedestrian
25,1732.0,1056.0,1776.0,1088.0,5773,1,0,1,Pedestrian
25,1732.0,1056.0,1776.0,1088.0,5774,1,0,1,Pedestrian
25,1732.0,1056.0,1776.0,1088.0,5775,1,0,1,Pedestrian
25,1732.0,1056.0,1776.0,1088.0,5776,1,0,1,Pedestrian
25,1732.0,1056.0,1776.0,1088.0,5777,1,0,1,Pedestrian
25,1732.0,1056.0,1776.0,1088.0,5778,1,0,1,Pedestrian
25,1732.0,1056.0,1776.0,1088.0,5779,1,0,1,Pedestrian
25,1732.0,1056.0,1776.0,1088.0,5780,1,0,1,Pedestrian
25,1732.0,1056.0,1776.0,1088.0,5781,1,0,1,Pedestrian
25,1732.0,1056.0,1776.0,1088.0,5782,1,0,1,Pedestrian
25,1732.0,1056.0,1776.0,1088.0,5783,1,0,1,Pedestrian
25,1732.0,1056.0,1776.0,1088.0,5784,1,0,1,Pedestrian
25,1732.0,1056.0,1776.0,1088.0,5785,1,0,1,Pedestrian
25,1732.0,1056.0,1776.0,1088.0,5786,1,0,1,Pedestrian
25,1732.0,1056.0,1776.0,1088.0,5787,1,0,1,Pedestrian
25,1732.0,1056.0,1776.0,1088.0,5788,1,0,1,Pedestrian
25,1732.0,1056.0,1776.0,1088.0,5789,1,0,1,Pedestrian
25,1732.0,1056.0,1776.0,1088.0,5790,1,0,1,Pedestrian
25,1732.0,1056.0,1776.0,1088.0,5791,1,0,1,Pedestrian
25,1732.0,1056.0,1776.0,1088.0,5792,1,0,1,Pedestrian
25,1732.0,1056.0,1776.0,1088.0,5793,1,0,1,Pedestrian
25,1732.0,1056.0,1776.0,1088.0,5794,1,0,1,Pedestrian
25,1732.0,1056.0,1776.0,1088.0,5795,1,0,1,Pedestrian
25,1732.0,1056.0,1776.0,1088.0,5796,1,0,1,Pedestrian
25,1732.0,1056.0,1776.0,1088.0,5797,1,0,1,Pedestrian
25,1732.0,1056.0,1776.0,1088.0,5798,1,0,1,Pedestrian
25,1732.0,1056.0,1776.0,1088.0,5799,1,0,1,Pedestrian
25,1732.0,1056.0,1776.0,1088.0,5800,1,0,1,Pedestrian
25,1732.0,1056.0,1776.0,1088.0,5801,1,0,1,Pedestrian
25,1732.0,1056.0,1776.0,1088.0,5802,1,0,1,Pedestrian
25,1732.0,1056.0,1776.0,1088.0,5803,1,0,1,Pedestrian
25,1732.0,1056.0,1776.0,1088.0,5804,1,0,1,Pedestrian
25,1732.0,1056.0,1776.0,1088.0,5805,1,0,1,Pedestrian
25,1732.0,1056.0,1776.0,1088.0,5806,1,0,1,Pedestrian
25,1732.0,1056.0,1776.0,1088.0,5807,1,0,1,Pedestrian
25,1732.0,1056.0,1776.0,1088.0,5808,1,0,1,Pedestrian
25,1732.0,1056.0,1776.0,1088.0,5809,1,0,1,Pedestrian
25,1732.0,1056.0,1776.0,1088.0,5810,1,0,1,Pedestrian
25,1732.0,1056.0,1776.0,1088.0,5811,1,0,1,Pedestrian
25,1732.0,1056.0,1776.0,1088.0,5812,1,0,1,Pedestrian
25,1732.0,1056.0,1776.0,1088.0,5813,1,0,1,Pedestrian
25,1732.0,1056.0,1776.0,1088.0,5814,1,0,1,Pedestrian
25,1732.0,1056.0,1776.0,1088.0,5815,1,0,1,Pedestrian
25,1732.0,1056.0,1776.0,1088.0,5816,1,0,1,Pedestrian
25,1732.0,1056.0,1776.0,1088.0,5817,1,0,1,Pedestrian
25,1732.0,1056.0,1776.0,1088.0,5818,1,0,1,Pedestrian
25,1732.0,1056.0,1776.0,1088.0,5819,1,0,1,Pedestrian
25,1732.0,1056.0,1776.0,1088.0,5820,1,0,1,Pedestrian
25,1732.0,1056.0,1776.0,1088.0,5821,1,0,1,Pedestrian
25,1732.0,1056.0,1776.0,1088.0,5822,1,0,1,Pedestrian
25,1732.0,1056.0,1776.0,1088.0,5823,1,0,1,Pedestrian
25,1732.0,1056.0,1776.0,1088.0,5824,1,0,1,Pedestrian
25,1732.0,1056.0,1776.0,1088.0,5825,1,0,1,Pedestrian
25,1732.0,1056.0,1776.0,1088.0,5826,1,0,1,Pedestrian
25,1732.0,1056.0,1776.0,1088.0,5827,1,0,1,Pedestrian
25,1732.0,1056.0,1776.0,1088.0,5828,1,0,1,Pedestrian
25,1732.0,1056.0,1776.0,1088.0,5829,1,0,1,Pedestrian
25,1732.0,1056.0,1776.0,1088.0,5830,1,0,1,Pedestrian
25,1732.0,1056.0,1776.0,1088.0,5831,1,0,1,Pedestrian
25,1732.0,1056.0,1776.0,1088.0,5832,1,0,1,Pedestrian
25,1732.0,1056.0,1776.0,1088.0,5833,1,0,1,Pedestrian
25,1732.0,1056.0,1776.0,1088.0,5834,1,0,1,Pedestrian
25,1732.0,1056.0,1776.0,1088.0,5835,1,0,1,Pedestrian
25,1732.0,1056.0,1776.0,1088.0,5836,1,0,1,Pedestrian
25,1732.0,1056.0,1776.0,1088.0,5837,1,0,1,Pedestrian
25,1732.0,1056.0,1776.0,1088.0,5838,1,0,1,Pedestrian
25,1732.0,1056.0,1776.0,1088.0,5839,1,0,1,Pedestrian
25,1732.0,1056.0,1776.0,1088.0,5840,1,0,1,Pedestrian
25,1732.0,1056.0,1776.0,1088.0,5841,1,0,1,Pedestrian
25,1732.0,1056.0,1776.0,1088.0,5842,1,0,1,Pedestrian
25,1732.0,1056.0,1776.0,1088.0,5843,1,0,1,Pedestrian
25,1732.0,1056.0,1776.0,1088.0,5844,1,0,1,Pedestrian
25,1732.0,1056.0,1776.0,1088.0,5845,1,0,1,Pedestrian
25,1732.0,1056.0,1776.0,1088.0,5846,1,0,1,Pedestrian
25,1732.0,1056.0,1776.0,1088.0,5847,1,0,1,Pedestrian
25,1732.0,1056.0,1776.0,1088.0,5848,1,0,1,Pedestrian
25,1732.0,1056.0,1776.0,1088.0,5849,1,0,1,Pedestrian
25,1732.0,1056.0,1776.0,1088.0,5850,1,0,1,Pedestrian
25,1732.0,1056.0,1776.0,1088.0,5851,1,0,1,Pedestrian
25,1732.0,1056.0,1776.0,1088.0,5852,1,0,1,Pedestrian
25,1732.0,1056.0,1776.0,1088.0,5853,1,0,1,Pedestrian
25,1732.0,1056.0,1776.0,1088.0,5854,1,0,1,Pedestrian
25,1732.0,1056.0,1776.0,1088.0,5855,1,0,1,Pedestrian
25,1732.0,1056.0,1776.0,1088.0,5856,1,0,1,Pedestrian
25,1732.0,1056.0,1776.0,1088.0,5857,1,0,1,Pedestrian
25,1732.0,1056.0,1776.0,1088.0,5858,1,0,1,Pedestrian
25,1732.0,1056.0,1776.0,1088.0,5859,1,0,1,Pedestrian
25,1732.0,1056.0,1776.0,1088.0,5860,1,0,1,Pedestrian
25,1732.0,1056.0,1776.0,1088.0,5861,1,0,1,Pedestrian
25,1732.0,1056.0,1776.0,1088.0,5862,1,0,1,Pedestrian
25,1732.0,1056.0,1776.0,1088.0,5863,1,0,1,Pedestrian
25,1732.0,1056.0,1776.0,1088.0,5864,1,0,1,Pedestrian
25,1732.0,1056.0,1776.0,1088.0,5865,1,0,1,Pedestrian
25,1732.0,1056.0,1776.0,1088.0,5866,1,0,1,Pedestrian
25,1732.0,1056.0,1776.0,1088.0,5867,1,0,1,Pedestrian
25,1732.0,1056.0,1776.0,1088.0,5868,1,0,1,Pedestrian
25,1732.0,1056.0,1776.0,1088.0,5869,1,0,1,Pedestrian
25,1732.0,1056.0,1776.0,1088.0,5870,1,0,1,Pedestrian
25,1732.0,1056.0,1776.0,1088.0,5871,1,0,1,Pedestrian
25,1732.0,1056.0,1776.0,1088.0,5872,1,0,1,Pedestrian
25,1732.0,1056.0,1776.0,1088.0,5873,1,0,1,Pedestrian
25,1732.0,1056.0,1776.0,1088.0,5874,1,0,1,Pedestrian
25,1732.0,1056.0,1776.0,1088.0,5875,1,0,1,Pedestrian
25,1732.0,1056.0,1776.0,1088.0,5876,1,0,1,Pedestrian
25,1732.0,1056.0,1776.0,1088.0,5877,1,0,1,Pedestrian
25,1732.0,1056.0,1776.0,1088.0,5878,1,0,1,Pedestrian
25,1732.0,1056.0,1776.0,1088.0,5879,1,0,1,Pedestrian
25,1732.0,1056.0,1776.0,1088.0,5880,0,0,0,Pedestrian
25,1732.0,1054.0,1776.0,1086.0,5881,0,0,1,Pedestrian
25,1732.0,1054.0,1776.0,1086.0,5882,0,0,1,Pedestrian
25,1735.0,1052.0,1779.0,1083.0,5883,0,0,1,Pedestrian
25,1735.0,1052.0,1779.0,1083.0,5884,0,0,1,Pedestrian
25,1738.0,1052.0,1782.0,1083.0,5885,0,0,1,Pedestrian
25,1738.0,1049.0,1782.0,1081.0,5886,0,0,1,Pedestrian
25,1738.0,1049.0,1782.0,1081.0,5887,0,0,1,Pedestrian
25,1740.0,1049.0,1784.0,1081.0,5888,0,0,1,Pedestrian
25,1740.0,1047.0,1784.0,1079.0,5889,0,0,1,Pedestrian
25,1743.0,1047.0,1787.0,1079.0,5890,0,0,1,Pedestrian
25,1743.0,1047.0,1787.0,1079.0,5891,0,0,1,Pedestrian
25,1746.0,1045.0,1790.0,1077.0,5892,0,0,1,Pedestrian
25,1746.0,1045.0,1790.0,1077.0,5893,0,0,1,Pedestrian
25,1746.0,1045.0,1790.0,1077.0,5894,0,0,1,Pedestrian
25,1749.0,1042.0,1793.0,1074.0,5895,0,0,1,Pedestrian
25,1749.0,1042.0,1793.0,1074.0,5896,0,0,1,Pedestrian
25,1751.0,1042.0,1795.0,1074.0,5897,0,0,1,Pedestrian
25,1751.0,1040.0,1795.0,1072.0,5898,0,0,1,Pedestrian
25,1754.0,1040.0,1798.0,1072.0,5899,0,0,1,Pedestrian
25,1754.0,1040.0,1798.0,1072.0,5900,0,0,1,Pedestrian
25,1754.0,1038.0,1798.0,1070.0,5901,0,0,1,Pedestrian
25,1757.0,1038.0,1801.0,1070.0,5902,0,0,1,Pedestrian
25,1757.0,1038.0,1801.0,1070.0,5903,0,0,1,Pedestrian
25,1760.0,1036.0,1804.0,1067.0,5904,0,0,1,Pedestrian
25,1760.0,1036.0,1804.0,1067.0,5905,0,0,1,Pedestrian
25,1762.0,1036.0,1806.0,1067.0,5906,0,0,1,Pedestrian
25,1762.0,1033.0,1806.0,1065.0,5907,0,0,1,Pedestrian
25,1762.0,1033.0,1806.0,1065.0,5908,0,0,1,Pedestrian
25,1765.0,1033.0,1809.0,1065.0,5909,0,0,1,Pedestrian
25,1765.0,1031.0,1809.0,1063.0,5910,0,0,1,Pedestrian
25,1768.0,1031.0,1812.0,1063.0,5911,0,0,1,Pedestrian
25,1768.0,1029.0,1812.0,1061.0,5912,0,0,1,Pedestrian
25,1771.0,1029.0,1815.0,1061.0,5913,0,0,1,Pedestrian
25,1771.0,1029.0,1815.0,1061.0,5914,0,0,1,Pedestrian
25,1771.0,1026.0,1815.0,1058.0,5915,0,0,1,Pedestrian
25,1773.0,1026.0,1817.0,1058.0,5916,0,0,1,Pedestrian
25,1773.0,1026.0,1817.0,1058.0,5917,0,0,1,Pedestrian
25,1776.0,1024.0,1820.0,1056.0,5918,0,0,1,Pedestrian
25,1776.0,1024.0,1820.0,1056.0,5919,0,0,1,Pedestrian
25,1779.0,1024.0,1823.0,1056.0,5920,0,0,1,Pedestrian
25,1779.0,1022.0,1823.0,1054.0,5921,0,0,1,Pedestrian
25,1779.0,1022.0,1823.0,1054.0,5922,0,0,1,Pedestrian
25,1782.0,1022.0,1826.0,1054.0,5923,0,0,1,Pedestrian
25,1782.0,1020.0,1826.0,1052.0,5924,0,0,1,Pedestrian
25,1784.0,1020.0,1828.0,1052.0,5925,0,0,1,Pedestrian
25,1784.0,1020.0,1828.0,1052.0,5926,0,0,1,Pedestrian
25,1787.0,1017.0,1831.0,1049.0,5927,0,0,1,Pedestrian
25,1787.0,1017.0,1831.0,1049.0,5928,0,0,1,Pedestrian
25,1787.0,1017.0,1831.0,1049.0,5929,0,0,1,Pedestrian
25,1790.0,1015.0,1834.0,1047.0,5930,0,0,1,Pedestrian
25,1790.0,1015.0,1834.0,1047.0,5931,0,0,1,Pedestrian
25,1793.0,1015.0,1837.0,1047.0,5932,0,0,1,Pedestrian
25,1793.0,1013.0,1837.0,1045.0,5933,0,0,1,Pedestrian
25,1795.0,1013.0,1839.0,1045.0,5934,0,0,1,Pedestrian
25,1795.0,1013.0,1839.0,1045.0,5935,0,0,1,Pedestrian
25,1795.0,1011.0,1839.0,1042.0,5936,0,0,1,Pedestrian
25,1798.0,1011.0,1842.0,1042.0,5937,0,0,1,Pedestrian
25,1798.0,1011.0,1842.0,1042.0,5938,0,0,1,Pedestrian
25,1801.0,1008.0,1845.0,1040.0,5939,0,0,1,Pedestrian
25,1801.0,1008.0,1845.0,1040.0,5940,0,0,1,Pedestrian
25,1804.0,1008.0,1848.0,1040.0,5941,0,0,0,Pedestrian
25,1804.0,1006.0,1848.0,1038.0,5942,0,0,1,Pedestrian
25,1804.0,1006.0,1848.0,1038.0,5943,0,0,1,Pedestrian
25,1806.0,1004.0,1850.0,1036.0,5944,0,0,1,Pedestrian
25,1806.0,1004.0,1850.0,1036.0,5945,0,0,1,Pedestrian
25,1806.0,1004.0,1850.0,1036.0,5946,0,0,1,Pedestrian
25,1809.0,1001.0,1853.0,1033.0,5947,0,0,1,Pedestrian
25,1809.0,1001.0,1853.0,1033.0,5948,0,0,1,Pedestrian
25,1809.0,1001.0,1853.0,1033.0,5949,0,0,1,Pedestrian
25,1812.0,999.0,1856.0,1031.0,5950,0,0,1,Pedestrian
25,1812.0,999.0,1856.0,1031.0,5951,0,0,1,Pedestrian
25,1812.0,999.0,1856.0,1031.0,5952,0,0,1,Pedestrian
25,1815.0,997.0,1859.0,1029.0,5953,0,0,1,Pedestrian
25,1815.0,997.0,1859.0,1029.0,5954,0,0,1,Pedestrian
25,1817.0,995.0,1861.0,1026.0,5955,0,0,1,Pedestrian
25,1817.0,995.0,1861.0,1026.0,5956,0,0,1,Pedestrian
25,1817.0,995.0,1861.0,1026.0,5957,0,0,1,Pedestrian
25,1820.0,992.0,1864.0,1024.0,5958,0,0,1,Pedestrian
25,1820.0,992.0,1864.0,1024.0,5959,0,0,1,Pedestrian
25,1820.0,992.0,1864.0,1024.0,5960,0,0,1,Pedestrian
25,1823.0,990.0,1867.0,1022.0,5961,0,0,1,Pedestrian
25,1823.0,990.0,1867.0,1022.0,5962,0,0,1,Pedestrian
25,1823.0,990.0,1867.0,1022.0,5963,0,0,1,Pedestrian
25,1826.0,988.0,1870.0,1020.0,5964,0,0,1,Pedestrian
25,1826.0,988.0,1870.0,1020.0,5965,0,0,1,Pedestrian
25,1826.0,988.0,1870.0,1020.0,5966,0,0,1,Pedestrian
25,1828.0,985.0,1872.0,1017.0,5967,0,0,1,Pedestrian
25,1828.0,985.0,1872.0,1017.0,5968,0,0,1,Pedestrian
25,1831.0,983.0,1875.0,1015.0,5969,0,0,1,Pedestrian
25,1831.0,983.0,1875.0,1015.0,5970,0,0,1,Pedestrian
25,1831.0,983.0,1875.0,1015.0,5971,0,0,1,Pedestrian
25,1834.0,981.0,1878.0,1013.0,5972,0,0,1,Pedestrian
25,1834.0,981.0,1878.0,1013.0,5973,0,0,1,Pedestrian
25,1834.0,981.0,1878.0,1013.0,5974,0,0,1,Pedestrian
25,1837.0,979.0,1881.0,1011.0,5975,0,0,1,Pedestrian
25,1837.0,979.0,1881.0,1011.0,5976,0,0,1,Pedestrian
25,1837.0,979.0,1881.0,1011.0,5977,0,0,1,Pedestrian
25,1839.0,976.0,1883.0,1008.0,5978,0,0,1,Pedestrian
25,1839.0,976.0,1883.0,1008.0,5979,0,0,1,Pedestrian
25,1842.0,976.0,1886.0,1008.0,5980,0,0,0,Pedestrian
25,1842.0,974.0,1886.0,1006.0,5981,0,0,1,Pedestrian
25,1842.0,974.0,1886.0,1006.0,5982,0,0,1,Pedestrian
25,1845.0,974.0,1889.0,1006.0,5983,0,0,1,Pedestrian
25,1845.0,974.0,1889.0,1006.0,5984,0,0,1,Pedestrian
25,1848.0,972.0,1892.0,1004.0,5985,0,0,1,Pedestrian
25,1848.0,972.0,1892.0,1004.0,5986,0,0,1,Pedestrian
25,1848.0,972.0,1892.0,1004.0,5987,0,0,1,Pedestrian
25,1850.0,972.0,1894.0,1004.0,5988,0,0,1,Pedestrian
25,1850.0,970.0,1894.0,1001.0,5989,0,0,1,Pedestrian
25,1853.0,970.0,1897.0,1001.0,5990,0,0,1,Pedestrian
25,1853.0,970.0,1897.0,1001.0,5991,0,0,1,Pedestrian
25,1853.0,970.0,1897.0,1001.0,5992,0,0,1,Pedestrian
25,1856.0,967.0,1900.0,999.0,5993,0,0,1,Pedestrian
25,1856.0,967.0,1900.0,999.0,5994,0,0,1,Pedestrian
25,1859.0,967.0,1903.0,999.0,5995,0,0,1,Pedestrian
25,1859.0,967.0,1903.0,999.0,5996,0,0,1,Pedestrian
25,1859.0,965.0,1903.0,997.0,5997,0,0,1,Pedestrian
25,1861.0,965.0,1905.0,997.0,5998,0,0,1,Pedestrian
25,1861.0,965.0,1905.0,997.0,5999,0,0,1,Pedestrian
25,1864.0,965.0,1908.0,997.0,6000,0,0,0,Pedestrian
25,1864.0,963.0,1908.0,995.0,6001,0,0,1,Pedestrian
25,1864.0,963.0,1908.0,995.0,6002,0,0,1,Pedestrian
25,1867.0,963.0,1911.0,995.0,6003,0,0,1,Pedestrian
25,1867.0,963.0,1911.0,995.0,6004,0,0,1,Pedestrian
25,1867.0,960.0,1911.0,995.0,6005,0,0,1,Pedestrian
25,1870.0,960.0,1914.0,995.0,6006,0,0,1,Pedestrian
25,1870.0,960.0,1914.0,995.0,6007,0,0,1,Pedestrian
25,1872.0,960.0,1914.0,995.0,6008,0,0,1,Pedestrian
25,1872.0,958.0,1916.0,995.0,6009,0,0,1,Pedestrian
25,1872.0,958.0,1916.0,995.0,6010,0,0,1,Pedestrian
25,1875.0,958.0,1916.0,995.0,6011,0,0,1,Pedestrian
25,1875.0,958.0,1919.0,995.0,6012,0,0,1,Pedestrian
25,1878.0,956.0,1919.0,995.0,6013,0,0,1,Pedestrian
25,1878.0,956.0,1922.0,995.0,6014,0,0,1,Pedestrian
25,1878.0,956.0,1922.0,992.0,6015,0,0,1,Pedestrian
25,1881.0,956.0,1922.0,992.0,6016,0,0,1,Pedestrian
25,1881.0,954.0,1925.0,992.0,6017,0,0,1,Pedestrian
25,1881.0,954.0,1925.0,992.0,6018,0,0,1,Pedestrian
25,1883.0,954.0,1925.0,992.0,6019,0,0,1,Pedestrian
25,1883.0,954.0,1927.0,992.0,6020,0,0,1,Pedestrian
25,1886.0,951.0,1927.0,992.0,6021,0,0,1,Pedestrian
25,1886.0,951.0,1927.0,992.0,6022,0,0,1,Pedestrian
25,1886.0,951.0,1930.0,992.0,6023,0,0,1,Pedestrian
25,1889.0,951.0,1930.0,992.0,6024,0,0,1,Pedestrian
25,1889.0,949.0,1930.0,992.0,6025,0,0,1,Pedestrian
25,1892.0,949.0,1933.0,992.0,6026,0,0,1,Pedestrian
25,1892.0,949.0,1933.0,992.0,6027,0,0,1,Pedestrian
25,1892.0,949.0,1936.0,992.0,6028,0,0,1,Pedestrian
25,1894.0,947.0,1936.0,990.0,6029,0,0,1,Pedestrian
25,1894.0,947.0,1936.0,990.0,6030,0,0,1,Pedestrian
25,1894.0,947.0,1938.0,990.0,6031,0,0,1,Pedestrian
25,1897.0,947.0,1938.0,990.0,6032,0,0,1,Pedestrian
25,1897.0,944.0,1938.0,990.0,6033,0,0,1,Pedestrian
25,1900.0,944.0,1941.0,990.0,6034,0,0,1,Pedestrian
25,1900.0,944.0,1941.0,990.0,6035,0,0,1,Pedestrian
25,1900.0,944.0,1941.0,990.0,6036,0,0,1,Pedestrian
25,1903.0,944.0,1944.0,990.0,6037,0,0,1,Pedestrian
25,1903.0,942.0,1944.0,990.0,6038,0,0,1,Pedestrian
25,1905.0,942.0,1944.0,990.0,6039,0,0,1,Pedestrian
25,1905.0,942.0,1947.0,990.0,6040,0,0,1,Pedestrian
25,1905.0,942.0,1947.0,990.0,6041,0,0,1,Pedestrian
25,1908.0,940.0,1949.0,990.0,6042,0,0,1,Pedestrian
25,1908.0,940.0,1949.0,988.0,6043,0,0,1,Pedestrian
25,1908.0,940.0,1949.0,988.0,6044,0,0,1,Pedestrian
25,1911.0,940.0,1952.0,988.0,6045,0,0,1,Pedestrian
25,1911.0,938.0,1952.0,988.0,6046,0,0,1,Pedestrian
25,1914.0,938.0,1952.0,988.0,6047,0,0,1,Pedestrian
25,1914.0,938.0,1955.0,988.0,6048,0,0,1,Pedestrian
25,1914.0,938.0,1955.0,988.0,6049,0,0,1,Pedestrian
25,1916.0,935.0,1955.0,988.0,6050,0,0,1,Pedestrian
25,1916.0,935.0,1958.0,988.0,6051,0,0,1,Pedestrian
25,1919.0,935.0,1958.0,988.0,6052,0,0,1,Pedestrian
25,1919.0,935.0,1958.0,988.0,6053,0,0,1,Pedestrian
25,1919.0,933.0,1960.0,988.0,6054,0,0,1,Pedestrian
25,1922.0,933.0,1960.0,988.0,6055,0,0,1,Pedestrian
25,1922.0,933.0,1963.0,988.0,6056,0,0,1,Pedestrian
25,1922.0,933.0,1963.0,985.0,6057,0,0,1,Pedestrian
25,1925.0,931.0,1963.0,985.0,6058,0,0,1,Pedestrian
25,1925.0,931.0,1966.0,985.0,6059,0,0,1,Pedestrian
25,1927.0,931.0,1966.0,985.0,6060,0,0,1,Pedestrian
25,1927.0,931.0,1966.0,985.0,6061,0,0,1,Pedestrian
25,1927.0,929.0,1969.0,985.0,6062,0,0,1,Pedestrian
25,1930.0,929.0,1969.0,985.0,6063,0,0,1,Pedestrian
25,1930.0,929.0,1969.0,985.0,6064,0,0,1,Pedestrian
25,1933.0,929.0,1971.0,985.0,6065,0,0,1,Pedestrian
25,1933.0,926.0,1971.0,985.0,6066,0,0,1,Pedestrian
25,1933.0,926.0,1971.0,985.0,6067,0,0,1,Pedestrian
25,1936.0,926.0,1974.0,985.0,6068,0,0,1,Pedestrian
25,1936.0,926.0,1974.0,985.0,6069,0,0,1,Pedestrian
25,1938.0,926.0,1977.0,985.0,6070,1,0,0,Pedestrian
25,1938.0,926.0,1977.0,985.0,6071,1,0,1,Pedestrian
25,1938.0,926.0,1977.0,985.0,6072,1,0,1,Pedestrian
25,1938.0,926.0,1977.0,985.0,6073,1,0,1,Pedestrian
25,1938.0,926.0,1977.0,985.0,6074,1,0,1,Pedestrian
25,1938.0,926.0,1977.0,985.0,6075,1,0,1,Pedestrian
25,1938.0,926.0,1977.0,985.0,6076,1,0,1,Pedestrian
25,1938.0,926.0,1977.0,985.0,6077,1,0,1,Pedestrian
25,1938.0,926.0,1977.0,985.0,6078,1,0,1,Pedestrian
25,1938.0,926.0,1977.0,985.0,6079,1,0,1,Pedestrian
25,1938.0,926.0,1977.0,985.0,6080,1,0,1,Pedestrian
25,1938.0,926.0,1977.0,985.0,6081,1,0,1,Pedestrian
25,1938.0,926.0,1977.0,985.0,6082,1,0,1,Pedestrian
25,1938.0,926.0,1977.0,985.0,6083,1,0,1,Pedestrian
25,1938.0,926.0,1977.0,985.0,6084,1,0,1,Pedestrian
25,1938.0,926.0,1977.0,985.0,6085,1,0,1,Pedestrian
25,1938.0,926.0,1977.0,985.0,6086,1,0,1,Pedestrian
25,1938.0,926.0,1977.0,985.0,6087,1,0,1,Pedestrian
25,1938.0,926.0,1977.0,985.0,6088,1,0,1,Pedestrian
25,1938.0,926.0,1977.0,985.0,6089,1,0,1,Pedestrian
25,1938.0,926.0,1977.0,985.0,6090,1,0,1,Pedestrian
25,1938.0,926.0,1977.0,985.0,6091,1,0,1,Pedestrian
25,1938.0,926.0,1977.0,985.0,6092,1,0,1,Pedestrian
25,1938.0,926.0,1977.0,985.0,6093,1,0,1,Pedestrian
25,1938.0,926.0,1977.0,985.0,6094,1,0,1,Pedestrian
25,1938.0,926.0,1977.0,985.0,6095,1,0,1,Pedestrian
25,1938.0,926.0,1977.0,985.0,6096,1,0,1,Pedestrian
25,1938.0,926.0,1977.0,985.0,6097,1,0,1,Pedestrian
25,1938.0,926.0,1977.0,985.0,6098,1,0,1,Pedestrian
25,1938.0,926.0,1977.0,985.0,6099,1,0,1,Pedestrian
25,1938.0,926.0,1977.0,985.0,6100,1,0,0,Pedestrian
25,1938.0,926.0,1977.0,985.0,6101,1,0,1,Pedestrian
25,1938.0,926.0,1977.0,985.0,6102,1,0,1,Pedestrian
25,1938.0,926.0,1977.0,985.0,6103,1,0,1,Pedestrian
25,1938.0,926.0,1977.0,985.0,6104,1,0,1,Pedestrian
25,1938.0,926.0,1977.0,985.0,6105,1,0,1,Pedestrian
25,1938.0,926.0,1977.0,985.0,6106,1,0,1,Pedestrian
25,1938.0,926.0,1977.0,985.0,6107,1,0,1,Pedestrian
25,1938.0,926.0,1977.0,985.0,6108,1,0,1,Pedestrian
25,1938.0,926.0,1977.0,985.0,6109,1,0,1,Pedestrian
25,1938.0,926.0,1977.0,985.0,6110,1,0,1,Pedestrian
25,1938.0,926.0,1977.0,985.0,6111,1,0,1,Pedestrian
25,1938.0,926.0,1977.0,985.0,6112,1,0,1,Pedestrian
25,1938.0,926.0,1977.0,985.0,6113,1,0,1,Pedestrian
25,1938.0,926.0,1977.0,985.0,6114,1,0,1,Pedestrian
25,1938.0,926.0,1977.0,985.0,6115,1,0,1,Pedestrian
25,1938.0,926.0,1977.0,985.0,6116,1,0,1,Pedestrian
25,1938.0,926.0,1977.0,985.0,6117,1,0,1,Pedestrian
25,1938.0,926.0,1977.0,985.0,6118,1,0,1,Pedestrian
25,1938.0,926.0,1977.0,985.0,6119,1,0,1,Pedestrian
25,1938.0,926.0,1977.0,985.0,6120,1,0,1,Pedestrian
25,1938.0,926.0,1977.0,985.0,6121,1,0,1,Pedestrian
25,1938.0,926.0,1977.0,985.0,6122,1,0,1,Pedestrian
25,1938.0,926.0,1977.0,985.0,6123,1,0,1,Pedestrian
25,1938.0,926.0,1977.0,985.0,6124,1,0,1,Pedestrian
25,1938.0,926.0,1977.0,985.0,6125,1,0,1,Pedestrian
25,1938.0,926.0,1977.0,985.0,6126,1,0,1,Pedestrian
25,1938.0,926.0,1977.0,985.0,6127,1,0,1,Pedestrian
25,1938.0,926.0,1977.0,985.0,6128,1,0,1,Pedestrian
25,1938.0,926.0,1977.0,985.0,6129,1,0,1,Pedestrian
25,1938.0,926.0,1977.0,985.0,6130,1,0,1,Pedestrian
25,1938.0,926.0,1977.0,985.0,6131,1,0,1,Pedestrian
25,1938.0,926.0,1977.0,985.0,6132,1,0,1,Pedestrian
25,1938.0,926.0,1977.0,985.0,6133,1,0,1,Pedestrian
25,1938.0,926.0,1977.0,985.0,6134,1,0,1,Pedestrian
25,1938.0,926.0,1977.0,985.0,6135,1,0,1,Pedestrian
25,1938.0,926.0,1977.0,985.0,6136,1,0,1,Pedestrian
25,1938.0,926.0,1977.0,985.0,6137,1,0,1,Pedestrian
25,1938.0,926.0,1977.0,985.0,6138,1,0,1,Pedestrian
25,1938.0,926.0,1977.0,985.0,6139,1,0,1,Pedestrian
25,1938.0,926.0,1977.0,985.0,6140,1,0,1,Pedestrian
25,1938.0,926.0,1977.0,985.0,6141,1,0,1,Pedestrian
25,1938.0,926.0,1977.0,985.0,6142,1,0,1,Pedestrian
25,1938.0,926.0,1977.0,985.0,6143,1,0,1,Pedestrian
25,1938.0,926.0,1977.0,985.0,6144,1,0,1,Pedestrian
25,1938.0,926.0,1977.0,985.0,6145,1,0,1,Pedestrian
25,1938.0,926.0,1977.0,985.0,6146,1,0,1,Pedestrian
25,1938.0,926.0,1977.0,985.0,6147,1,0,1,Pedestrian
25,1938.0,926.0,1977.0,985.0,6148,1,0,1,Pedestrian
25,1938.0,926.0,1977.0,985.0,6149,1,0,1,Pedestrian
25,1938.0,926.0,1977.0,985.0,6150,1,0,1,Pedestrian
25,1938.0,926.0,1977.0,985.0,6151,1,0,1,Pedestrian
25,1938.0,926.0,1977.0,985.0,6152,1,0,1,Pedestrian
25,1938.0,926.0,1977.0,985.0,6153,1,0,1,Pedestrian
25,1938.0,926.0,1977.0,985.0,6154,1,0,1,Pedestrian
25,1938.0,926.0,1977.0,985.0,6155,1,0,1,Pedestrian
25,1938.0,926.0,1977.0,985.0,6156,1,0,1,Pedestrian
25,1938.0,926.0,1977.0,985.0,6157,1,0,1,Pedestrian
25,1938.0,926.0,1977.0,985.0,6158,1,0,1,Pedestrian
25,1938.0,926.0,1977.0,985.0,6159,1,0,1,Pedestrian
25,1938.0,926.0,1977.0,985.0,6160,1,0,1,Pedestrian
25,1938.0,926.0,1977.0,985.0,6161,1,0,1,Pedestrian
25,1938.0,926.0,1977.0,985.0,6162,1,0,1,Pedestrian
25,1938.0,926.0,1977.0,985.0,6163,1,0,1,Pedestrian
25,1938.0,926.0,1977.0,985.0,6164,1,0,1,Pedestrian
25,1938.0,926.0,1977.0,985.0,6165,1,0,1,Pedestrian
25,1938.0,926.0,1977.0,985.0,6166,1,0,1,Pedestrian
25,1938.0,926.0,1977.0,985.0,6167,1,0,1,Pedestrian
25,1938.0,926.0,1977.0,985.0,6168,1,0,1,Pedestrian
25,1938.0,926.0,1977.0,985.0,6169,1,0,1,Pedestrian
25,1938.0,926.0,1977.0,985.0,6170,1,0,1,Pedestrian
25,1938.0,926.0,1977.0,985.0,6171,1,0,1,Pedestrian
25,1938.0,926.0,1977.0,985.0,6172,1,0,1,Pedestrian
25,1938.0,926.0,1977.0,985.0,6173,1,0,1,Pedestrian
25,1938.0,926.0,1977.0,985.0,6174,1,0,1,Pedestrian
25,1938.0,926.0,1977.0,985.0,6175,1,0,1,Pedestrian
25,1938.0,926.0,1977.0,985.0,6176,1,0,1,Pedestrian
25,1938.0,926.0,1977.0,985.0,6177,1,0,1,Pedestrian
25,1938.0,926.0,1977.0,985.0,6178,1,0,1,Pedestrian
25,1938.0,926.0,1977.0,985.0,6179,1,0,1,Pedestrian
25,1938.0,926.0,1977.0,985.0,6180,1,0,1,Pedestrian
25,1938.0,926.0,1977.0,985.0,6181,1,0,1,Pedestrian
25,1938.0,926.0,1977.0,985.0,6182,1,0,1,Pedestrian
25,1938.0,926.0,1977.0,985.0,6183,1,0,1,Pedestrian
25,1938.0,926.0,1977.0,985.0,6184,1,0,1,Pedestrian
25,1938.0,926.0,1977.0,985.0,6185,1,0,1,Pedestrian
25,1938.0,926.0,1977.0,985.0,6186,1,0,1,Pedestrian
25,1938.0,926.0,1977.0,985.0,6187,1,0,1,Pedestrian
25,1938.0,926.0,1977.0,985.0,6188,1,0,1,Pedestrian
25,1938.0,926.0,1977.0,985.0,6189,1,0,1,Pedestrian
25,1938.0,926.0,1977.0,985.0,6190,1,0,1,Pedestrian
25,1938.0,926.0,1977.0,985.0,6191,1,0,1,Pedestrian
25,1938.0,926.0,1977.0,985.0,6192,1,0,1,Pedestrian
25,1938.0,926.0,1977.0,985.0,6193,1,0,1,Pedestrian
25,1938.0,926.0,1977.0,985.0,6194,1,0,1,Pedestrian
25,1938.0,926.0,1977.0,985.0,6195,1,0,1,Pedestrian
25,1938.0,926.0,1977.0,985.0,6196,1,0,1,Pedestrian
25,1938.0,926.0,1977.0,985.0,6197,1,0,1,Pedestrian
25,1938.0,926.0,1977.0,985.0,6198,1,0,1,Pedestrian
25,1938.0,926.0,1977.0,985.0,6199,1,0,1,Pedestrian
25,1938.0,926.0,1977.0,985.0,6200,1,0,1,Pedestrian
25,1938.0,926.0,1977.0,985.0,6201,1,0,1,Pedestrian
25,1938.0,926.0,1977.0,985.0,6202,1,0,1,Pedestrian
25,1938.0,926.0,1977.0,985.0,6203,1,0,1,Pedestrian
25,1938.0,926.0,1977.0,985.0,6204,1,0,1,Pedestrian
25,1938.0,926.0,1977.0,985.0,6205,1,0,1,Pedestrian
25,1938.0,926.0,1977.0,985.0,6206,1,0,1,Pedestrian
25,1938.0,926.0,1977.0,985.0,6207,1,0,1,Pedestrian
25,1938.0,926.0,1977.0,985.0,6208,1,0,1,Pedestrian
25,1938.0,926.0,1977.0,985.0,6209,1,0,1,Pedestrian
25,1938.0,926.0,1977.0,985.0,6210,1,0,1,Pedestrian
25,1938.0,926.0,1977.0,985.0,6211,1,0,1,Pedestrian
25,1938.0,926.0,1977.0,985.0,6212,1,0,1,Pedestrian
25,1938.0,926.0,1977.0,985.0,6213,1,0,1,Pedestrian
25,1938.0,926.0,1977.0,985.0,6214,1,0,1,Pedestrian
25,1938.0,926.0,1977.0,985.0,6215,1,0,1,Pedestrian
25,1938.0,926.0,1977.0,985.0,6216,1,0,1,Pedestrian
25,1938.0,926.0,1977.0,985.0,6217,1,0,1,Pedestrian
25,1938.0,926.0,1977.0,985.0,6218,1,0,1,Pedestrian
25,1938.0,926.0,1977.0,985.0,6219,1,0,1,Pedestrian
25,1938.0,926.0,1977.0,985.0,6220,1,0,1,Pedestrian
25,1938.0,926.0,1977.0,985.0,6221,1,0,1,Pedestrian
25,1938.0,926.0,1977.0,985.0,6222,1,0,1,Pedestrian
25,1938.0,926.0,1977.0,985.0,6223,1,0,1,Pedestrian
25,1938.0,926.0,1977.0,985.0,6224,1,0,1,Pedestrian
25,1938.0,926.0,1977.0,985.0,6225,1,0,1,Pedestrian
25,1938.0,926.0,1977.0,985.0,6226,1,0,1,Pedestrian
25,1938.0,926.0,1977.0,985.0,6227,1,0,1,Pedestrian
25,1938.0,926.0,1977.0,985.0,6228,1,0,1,Pedestrian
25,1938.0,926.0,1977.0,985.0,6229,1,0,1,Pedestrian
25,1938.0,926.0,1977.0,985.0,6230,1,0,1,Pedestrian
25,1938.0,926.0,1977.0,985.0,6231,1,0,1,Pedestrian
25,1938.0,926.0,1977.0,985.0,6232,1,0,1,Pedestrian
25,1938.0,926.0,1977.0,985.0,6233,1,0,1,Pedestrian
25,1938.0,926.0,1977.0,985.0,6234,1,0,1,Pedestrian
25,1938.0,926.0,1977.0,985.0,6235,1,0,1,Pedestrian
25,1938.0,926.0,1977.0,985.0,6236,1,0,1,Pedestrian
25,1938.0,926.0,1977.0,985.0,6237,1,0,1,Pedestrian
25,1938.0,926.0,1977.0,985.0,6238,1,0,1,Pedestrian
25,1938.0,926.0,1977.0,985.0,6239,1,0,1,Pedestrian
25,1938.0,926.0,1977.0,985.0,6240,1,0,1,Pedestrian
25,1938.0,926.0,1977.0,985.0,6241,1,0,1,Pedestrian
25,1938.0,926.0,1977.0,985.0,6242,1,0,1,Pedestrian
25,1938.0,926.0,1977.0,985.0,6243,1,0,1,Pedestrian
25,1938.0,926.0,1977.0,985.0,6244,1,0,1,Pedestrian
25,1938.0,926.0,1977.0,985.0,6245,1,0,1,Pedestrian
25,1938.0,926.0,1977.0,985.0,6246,1,0,1,Pedestrian
25,1938.0,926.0,1977.0,985.0,6247,1,0,1,Pedestrian
25,1938.0,926.0,1977.0,985.0,6248,1,0,1,Pedestrian
25,1938.0,926.0,1977.0,985.0,6249,1,0,1,Pedestrian
25,1938.0,926.0,1977.0,985.0,6250,1,0,1,Pedestrian
25,1938.0,926.0,1977.0,985.0,6251,1,0,1,Pedestrian
25,1938.0,926.0,1977.0,985.0,6252,1,0,1,Pedestrian
25,1938.0,926.0,1977.0,985.0,6253,1,0,1,Pedestrian
25,1938.0,926.0,1977.0,985.0,6254,1,0,1,Pedestrian
25,1938.0,926.0,1977.0,985.0,6255,1,0,1,Pedestrian
25,1938.0,926.0,1977.0,985.0,6256,1,0,1,Pedestrian
25,1938.0,926.0,1977.0,985.0,6257,1,0,1,Pedestrian
25,1938.0,926.0,1977.0,985.0,6258,1,0,1,Pedestrian
25,1938.0,926.0,1977.0,985.0,6259,1,0,1,Pedestrian
25,1938.0,926.0,1977.0,985.0,6260,1,0,1,Pedestrian
25,1938.0,926.0,1977.0,985.0,6261,1,0,1,Pedestrian
25,1938.0,926.0,1977.0,985.0,6262,1,0,1,Pedestrian
25,1938.0,926.0,1977.0,985.0,6263,1,0,1,Pedestrian
25,1938.0,926.0,1977.0,985.0,6264,1,0,1,Pedestrian
25,1938.0,926.0,1977.0,985.0,6265,1,0,1,Pedestrian
25,1938.0,926.0,1977.0,985.0,6266,1,0,1,Pedestrian
25,1938.0,926.0,1977.0,985.0,6267,1,0,1,Pedestrian
25,1938.0,926.0,1977.0,985.0,6268,1,0,1,Pedestrian
25,1938.0,926.0,1977.0,985.0,6269,1,0,1,Pedestrian
25,1938.0,926.0,1977.0,985.0,6270,1,0,1,Pedestrian
25,1938.0,926.0,1977.0,985.0,6271,1,0,1,Pedestrian
25,1938.0,926.0,1977.0,985.0,6272,1,0,1,Pedestrian
25,1938.0,926.0,1977.0,985.0,6273,1,0,1,Pedestrian
25,1938.0,926.0,1977.0,985.0,6274,1,0,1,Pedestrian
25,1938.0,926.0,1977.0,985.0,6275,1,0,1,Pedestrian
25,1938.0,926.0,1977.0,985.0,6276,1,0,1,Pedestrian
25,1938.0,926.0,1977.0,985.0,6277,1,0,1,Pedestrian
25,1938.0,926.0,1977.0,985.0,6278,1,0,1,Pedestrian
25,1938.0,926.0,1977.0,985.0,6279,1,0,1,Pedestrian
25,1938.0,926.0,1977.0,985.0,6280,1,0,1,Pedestrian
25,1938.0,926.0,1977.0,985.0,6281,1,0,1,Pedestrian
25,1938.0,926.0,1977.0,985.0,6282,1,0,1,Pedestrian
25,1938.0,926.0,1977.0,985.0,6283,1,0,1,Pedestrian
25,1938.0,926.0,1977.0,985.0,6284,1,0,1,Pedestrian
25,1938.0,926.0,1977.0,985.0,6285,1,0,1,Pedestrian
25,1938.0,926.0,1977.0,985.0,6286,1,0,1,Pedestrian
25,1938.0,926.0,1977.0,985.0,6287,1,0,1,Pedestrian
25,1938.0,926.0,1977.0,985.0,6288,1,0,1,Pedestrian
25,1938.0,926.0,1977.0,985.0,6289,1,0,1,Pedestrian
25,1938.0,926.0,1977.0,985.0,6290,1,0,1,Pedestrian
25,1938.0,926.0,1977.0,985.0,6291,1,0,1,Pedestrian
25,1938.0,926.0,1977.0,985.0,6292,1,0,1,Pedestrian
25,1938.0,926.0,1977.0,985.0,6293,1,0,1,Pedestrian
25,1938.0,926.0,1977.0,985.0,6294,1,0,1,Pedestrian
25,1938.0,926.0,1977.0,985.0,6295,1,0,1,Pedestrian
25,1938.0,926.0,1977.0,985.0,6296,1,0,1,Pedestrian
25,1938.0,926.0,1977.0,985.0,6297,1,0,1,Pedestrian
25,1938.0,926.0,1977.0,985.0,6298,1,0,1,Pedestrian
25,1938.0,926.0,1977.0,985.0,6299,1,0,1,Pedestrian
25,1938.0,926.0,1977.0,985.0,6300,1,0,1,Pedestrian
25,1938.0,926.0,1977.0,985.0,6301,1,0,1,Pedestrian
25,1938.0,926.0,1977.0,985.0,6302,1,0,1,Pedestrian
25,1938.0,926.0,1977.0,985.0,6303,1,0,1,Pedestrian
25,1938.0,926.0,1977.0,985.0,6304,1,0,1,Pedestrian
25,1938.0,926.0,1977.0,985.0,6305,1,0,1,Pedestrian
25,1938.0,926.0,1977.0,985.0,6306,1,0,1,Pedestrian
25,1938.0,926.0,1977.0,985.0,6307,1,0,1,Pedestrian
25,1938.0,926.0,1977.0,985.0,6308,1,0,1,Pedestrian
25,1938.0,926.0,1977.0,985.0,6309,1,0,1,Pedestrian
25,1938.0,926.0,1977.0,985.0,6310,1,0,1,Pedestrian
25,1938.0,926.0,1977.0,985.0,6311,1,0,1,Pedestrian
25,1938.0,926.0,1977.0,985.0,6312,1,0,1,Pedestrian
25,1938.0,926.0,1977.0,985.0,6313,1,0,1,Pedestrian
25,1938.0,926.0,1977.0,985.0,6314,1,0,1,Pedestrian
25,1938.0,926.0,1977.0,985.0,6315,1,0,1,Pedestrian
25,1938.0,926.0,1977.0,985.0,6316,1,0,1,Pedestrian
25,1938.0,926.0,1977.0,985.0,6317,1,0,1,Pedestrian
25,1938.0,926.0,1977.0,985.0,6318,1,0,1,Pedestrian
25,1938.0,926.0,1977.0,985.0,6319,1,0,1,Pedestrian
25,1938.0,926.0,1977.0,985.0,6320,1,0,1,Pedestrian
25,1938.0,926.0,1977.0,985.0,6321,1,0,1,Pedestrian
25,1938.0,926.0,1977.0,985.0,6322,1,0,1,Pedestrian
25,1938.0,926.0,1977.0,985.0,6323,1,0,1,Pedestrian
25,1938.0,926.0,1977.0,985.0,6324,1,0,1,Pedestrian
25,1938.0,926.0,1977.0,985.0,6325,1,0,1,Pedestrian
25,1938.0,926.0,1977.0,985.0,6326,1,0,1,Pedestrian
25,1938.0,926.0,1977.0,985.0,6327,1,0,1,Pedestrian
25,1938.0,926.0,1977.0,985.0,6328,1,0,1,Pedestrian
25,1938.0,926.0,1977.0,985.0,6329,1,0,1,Pedestrian
25,1938.0,926.0,1977.0,985.0,6330,1,0,1,Pedestrian
25,1938.0,926.0,1977.0,985.0,6331,1,0,1,Pedestrian
25,1938.0,926.0,1977.0,985.0,6332,1,0,1,Pedestrian
25,1938.0,926.0,1977.0,985.0,6333,1,0,1,Pedestrian
25,1938.0,926.0,1977.0,985.0,6334,1,0,1,Pedestrian
25,1938.0,926.0,1977.0,985.0,6335,1,0,1,Pedestrian
25,1938.0,926.0,1977.0,985.0,6336,1,0,1,Pedestrian
25,1938.0,926.0,1977.0,985.0,6337,1,0,1,Pedestrian
25,1938.0,926.0,1977.0,985.0,6338,1,0,1,Pedestrian
25,1938.0,926.0,1977.0,985.0,6339,1,0,1,Pedestrian
25,1938.0,926.0,1977.0,985.0,6340,1,0,1,Pedestrian
25,1938.0,926.0,1977.0,985.0,6341,1,0,1,Pedestrian
25,1938.0,926.0,1977.0,985.0,6342,1,0,1,Pedestrian
25,1938.0,926.0,1977.0,985.0,6343,1,0,1,Pedestrian
25,1938.0,926.0,1977.0,985.0,6344,1,0,1,Pedestrian
25,1938.0,926.0,1977.0,985.0,6345,1,0,1,Pedestrian
25,1938.0,926.0,1977.0,985.0,6346,1,0,1,Pedestrian
25,1938.0,926.0,1977.0,985.0,6347,1,0,1,Pedestrian
25,1938.0,926.0,1977.0,985.0,6348,1,0,1,Pedestrian
25,1938.0,926.0,1977.0,985.0,6349,1,0,1,Pedestrian
25,1938.0,926.0,1977.0,985.0,6350,1,0,1,Pedestrian
25,1938.0,926.0,1977.0,985.0,6351,1,0,1,Pedestrian
25,1938.0,926.0,1977.0,985.0,6352,1,0,1,Pedestrian
25,1938.0,926.0,1977.0,985.0,6353,1,0,1,Pedestrian
25,1938.0,926.0,1977.0,985.0,6354,1,0,1,Pedestrian
25,1938.0,926.0,1977.0,985.0,6355,1,0,1,Pedestrian
25,1938.0,926.0,1977.0,985.0,6356,1,0,1,Pedestrian
25,1938.0,926.0,1977.0,985.0,6357,1,0,1,Pedestrian
25,1938.0,926.0,1977.0,985.0,6358,1,0,1,Pedestrian
25,1938.0,926.0,1977.0,985.0,6359,1,0,1,Pedestrian
25,1938.0,926.0,1977.0,985.0,6360,1,0,1,Pedestrian
25,1938.0,926.0,1977.0,985.0,6361,1,0,1,Pedestrian
25,1938.0,926.0,1977.0,985.0,6362,1,0,1,Pedestrian
25,1938.0,926.0,1977.0,985.0,6363,1,0,1,Pedestrian
25,1938.0,926.0,1977.0,985.0,6364,1,0,1,Pedestrian
25,1938.0,926.0,1977.0,985.0,6365,1,0,1,Pedestrian
25,1938.0,926.0,1977.0,985.0,6366,1,0,1,Pedestrian
25,1938.0,926.0,1977.0,985.0,6367,1,0,1,Pedestrian
25,1938.0,926.0,1977.0,985.0,6368,1,0,1,Pedestrian
25,1938.0,926.0,1977.0,985.0,6369,1,0,1,Pedestrian
25,1938.0,926.0,1977.0,985.0,6370,1,0,1,Pedestrian
25,1938.0,926.0,1977.0,985.0,6371,1,0,1,Pedestrian
25,1938.0,926.0,1977.0,985.0,6372,1,0,1,Pedestrian
25,1938.0,926.0,1977.0,985.0,6373,1,0,1,Pedestrian
25,1938.0,926.0,1977.0,985.0,6374,1,0,1,Pedestrian
25,1938.0,926.0,1977.0,985.0,6375,1,0,1,Pedestrian
25,1938.0,926.0,1977.0,985.0,6376,1,0,1,Pedestrian
25,1938.0,926.0,1977.0,985.0,6377,1,0,1,Pedestrian
25,1938.0,926.0,1977.0,985.0,6378,1,0,1,Pedestrian
25,1938.0,926.0,1977.0,985.0,6379,1,0,1,Pedestrian
25,1938.0,926.0,1977.0,985.0,6380,1,0,1,Pedestrian
25,1938.0,926.0,1977.0,985.0,6381,1,0,1,Pedestrian
25,1938.0,926.0,1977.0,985.0,6382,1,0,1,Pedestrian
25,1938.0,926.0,1977.0,985.0,6383,1,0,1,Pedestrian
25,1938.0,926.0,1977.0,985.0,6384,1,0,1,Pedestrian
25,1938.0,926.0,1977.0,985.0,6385,1,0,1,Pedestrian
25,1938.0,926.0,1977.0,985.0,6386,1,0,1,Pedestrian
25,1938.0,926.0,1977.0,985.0,6387,1,0,1,Pedestrian
25,1938.0,926.0,1977.0,985.0,6388,1,0,1,Pedestrian
25,1938.0,926.0,1977.0,985.0,6389,1,0,1,Pedestrian
25,1938.0,926.0,1977.0,985.0,6390,1,0,1,Pedestrian
25,1938.0,926.0,1977.0,985.0,6391,1,0,1,Pedestrian
25,1938.0,926.0,1977.0,985.0,6392,1,0,1,Pedestrian
25,1938.0,926.0,1977.0,985.0,6393,1,0,1,Pedestrian
25,1938.0,926.0,1977.0,985.0,6394,1,0,1,Pedestrian
25,1938.0,926.0,1977.0,985.0,6395,1,0,1,Pedestrian
25,1938.0,926.0,1977.0,985.0,6396,1,0,1,Pedestrian
25,1938.0,926.0,1977.0,985.0,6397,1,0,1,Pedestrian
25,1938.0,926.0,1977.0,985.0,6398,1,0,1,Pedestrian
25,1938.0,926.0,1977.0,985.0,6399,1,0,1,Pedestrian
25,1938.0,926.0,1977.0,985.0,6400,1,0,1,Pedestrian
25,1938.0,926.0,1977.0,985.0,6401,1,0,1,Pedestrian
25,1938.0,926.0,1977.0,985.0,6402,1,0,1,Pedestrian
25,1938.0,926.0,1977.0,985.0,6403,1,0,1,Pedestrian
25,1938.0,926.0,1977.0,985.0,6404,1,0,1,Pedestrian
25,1938.0,926.0,1977.0,985.0,6405,1,0,1,Pedestrian
25,1938.0,926.0,1977.0,985.0,6406,1,0,1,Pedestrian
25,1938.0,926.0,1977.0,985.0,6407,1,0,1,Pedestrian
25,1938.0,926.0,1977.0,985.0,6408,1,0,1,Pedestrian
25,1938.0,926.0,1977.0,985.0,6409,1,0,1,Pedestrian
25,1938.0,926.0,1977.0,985.0,6410,1,0,1,Pedestrian
25,1938.0,926.0,1977.0,985.0,6411,1,0,1,Pedestrian
25,1938.0,926.0,1977.0,985.0,6412,1,0,1,Pedestrian
25,1938.0,926.0,1977.0,985.0,6413,1,0,1,Pedestrian
25,1938.0,926.0,1977.0,985.0,6414,1,0,1,Pedestrian
25,1938.0,926.0,1977.0,985.0,6415,1,0,1,Pedestrian
25,1938.0,926.0,1977.0,985.0,6416,1,0,1,Pedestrian
25,1938.0,926.0,1977.0,985.0,6417,1,0,1,Pedestrian
25,1938.0,926.0,1977.0,985.0,6418,1,0,1,Pedestrian
25,1938.0,926.0,1977.0,985.0,6419,1,0,1,Pedestrian
25,1938.0,926.0,1977.0,985.0,6420,1,0,1,Pedestrian
25,1938.0,926.0,1977.0,985.0,6421,1,0,1,Pedestrian
25,1938.0,926.0,1977.0,985.0,6422,1,0,1,Pedestrian
25,1938.0,926.0,1977.0,985.0,6423,1,0,1,Pedestrian
25,1938.0,926.0,1977.0,985.0,6424,1,0,1,Pedestrian
25,1938.0,926.0,1977.0,985.0,6425,1,0,1,Pedestrian
25,1938.0,926.0,1977.0,985.0,6426,1,0,1,Pedestrian
25,1938.0,926.0,1977.0,985.0,6427,1,0,1,Pedestrian
25,1938.0,926.0,1977.0,985.0,6428,1,0,1,Pedestrian
25,1938.0,926.0,1977.0,985.0,6429,1,0,1,Pedestrian
25,1938.0,926.0,1977.0,985.0,6430,1,0,1,Pedestrian
25,1938.0,926.0,1977.0,985.0,6431,1,0,1,Pedestrian
25,1938.0,926.0,1977.0,985.0,6432,1,0,1,Pedestrian
25,1938.0,926.0,1977.0,985.0,6433,1,0,1,Pedestrian
25,1938.0,926.0,1977.0,985.0,6434,1,0,1,Pedestrian
25,1938.0,926.0,1977.0,985.0,6435,1,0,1,Pedestrian
25,1938.0,926.0,1977.0,985.0,6436,1,0,1,Pedestrian
25,1938.0,926.0,1977.0,985.0,6437,1,0,1,Pedestrian
25,1938.0,926.0,1977.0,985.0,6438,1,0,1,Pedestrian
25,1938.0,926.0,1977.0,985.0,6439,1,0,1,Pedestrian
25,1938.0,926.0,1977.0,985.0,6440,1,0,1,Pedestrian
25,1938.0,926.0,1977.0,985.0,6441,1,0,1,Pedestrian
25,1938.0,926.0,1977.0,985.0,6442,1,0,1,Pedestrian
25,1938.0,926.0,1977.0,985.0,6443,1,0,1,Pedestrian
25,1938.0,926.0,1977.0,985.0,6444,1,0,1,Pedestrian
25,1938.0,926.0,1977.0,985.0,6445,1,0,1,Pedestrian
25,1938.0,926.0,1977.0,985.0,6446,1,0,1,Pedestrian
25,1938.0,926.0,1977.0,985.0,6447,1,0,1,Pedestrian
25,1938.0,926.0,1977.0,985.0,6448,1,0,1,Pedestrian
25,1938.0,926.0,1977.0,985.0,6449,1,0,1,Pedestrian
25,1938.0,926.0,1977.0,985.0,6450,1,0,1,Pedestrian
25,1938.0,926.0,1977.0,985.0,6451,1,0,1,Pedestrian
25,1938.0,926.0,1977.0,985.0,6452,1,0,1,Pedestrian
25,1938.0,926.0,1977.0,985.0,6453,1,0,1,Pedestrian
25,1938.0,926.0,1977.0,985.0,6454,1,0,1,Pedestrian
25,1938.0,926.0,1977.0,985.0,6455,1,0,1,Pedestrian
25,1938.0,926.0,1977.0,985.0,6456,1,0,1,Pedestrian
25,1938.0,926.0,1977.0,985.0,6457,1,0,1,Pedestrian
25,1938.0,926.0,1977.0,985.0,6458,1,0,1,Pedestrian
25,1938.0,926.0,1977.0,985.0,6459,1,0,1,Pedestrian
25,1938.0,926.0,1977.0,985.0,6460,1,0,1,Pedestrian
25,1938.0,926.0,1977.0,985.0,6461,1,0,1,Pedestrian
25,1938.0,926.0,1977.0,985.0,6462,1,0,1,Pedestrian
25,1938.0,926.0,1977.0,985.0,6463,1,0,1,Pedestrian
25,1938.0,926.0,1977.0,985.0,6464,1,0,1,Pedestrian
25,1938.0,926.0,1977.0,985.0,6465,1,0,1,Pedestrian
25,1938.0,926.0,1977.0,985.0,6466,1,0,1,Pedestrian
25,1938.0,926.0,1977.0,985.0,6467,1,0,1,Pedestrian
25,1938.0,926.0,1977.0,985.0,6468,1,0,1,Pedestrian
25,1938.0,926.0,1977.0,985.0,6469,1,0,1,Pedestrian
25,1938.0,926.0,1977.0,985.0,6470,1,0,1,Pedestrian
25,1938.0,926.0,1977.0,985.0,6471,1,0,1,Pedestrian
25,1938.0,926.0,1977.0,985.0,6472,1,0,1,Pedestrian
25,1938.0,926.0,1977.0,985.0,6473,1,0,1,Pedestrian
25,1938.0,926.0,1977.0,985.0,6474,1,0,1,Pedestrian
25,1938.0,926.0,1977.0,985.0,6475,1,0,1,Pedestrian
25,1938.0,926.0,1977.0,985.0,6476,1,0,1,Pedestrian
25,1938.0,926.0,1977.0,985.0,6477,1,0,1,Pedestrian
25,1938.0,926.0,1977.0,985.0,6478,1,0,1,Pedestrian
25,1938.0,926.0,1977.0,985.0,6479,1,0,1,Pedestrian
25,1938.0,926.0,1977.0,985.0,6480,1,0,1,Pedestrian
25,1938.0,926.0,1977.0,985.0,6481,1,0,1,Pedestrian
25,1938.0,926.0,1977.0,985.0,6482,1,0,1,Pedestrian
25,1938.0,926.0,1977.0,985.0,6483,1,0,1,Pedestrian
25,1938.0,926.0,1977.0,985.0,6484,1,0,1,Pedestrian
25,1938.0,926.0,1977.0,985.0,6485,1,0,1,Pedestrian
25,1938.0,926.0,1977.0,985.0,6486,1,0,1,Pedestrian
25,1938.0,926.0,1977.0,985.0,6487,1,0,1,Pedestrian
25,1938.0,926.0,1977.0,985.0,6488,1,0,1,Pedestrian
25,1938.0,926.0,1977.0,985.0,6489,1,0,1,Pedestrian
25,1938.0,926.0,1977.0,985.0,6490,1,0,1,Pedestrian
25,1938.0,926.0,1977.0,985.0,6491,1,0,1,Pedestrian
25,1938.0,926.0,1977.0,985.0,6492,1,0,1,Pedestrian
25,1938.0,926.0,1977.0,985.0,6493,1,0,1,Pedestrian
25,1938.0,926.0,1977.0,985.0,6494,1,0,1,Pedestrian
25,1938.0,926.0,1977.0,985.0,6495,1,0,1,Pedestrian
25,1938.0,926.0,1977.0,985.0,6496,1,0,1,Pedestrian
25,1938.0,926.0,1977.0,985.0,6497,1,0,1,Pedestrian
25,1938.0,926.0,1977.0,985.0,6498,1,0,1,Pedestrian
25,1938.0,926.0,1977.0,985.0,6499,1,0,1,Pedestrian
25,1938.0,926.0,1977.0,985.0,6500,1,0,1,Pedestrian
25,1938.0,926.0,1977.0,985.0,6501,1,0,1,Pedestrian
25,1938.0,926.0,1977.0,985.0,6502,1,0,1,Pedestrian
25,1938.0,926.0,1977.0,985.0,6503,1,0,1,Pedestrian
25,1938.0,926.0,1977.0,985.0,6504,1,0,1,Pedestrian
25,1938.0,926.0,1977.0,985.0,6505,1,0,1,Pedestrian
25,1938.0,926.0,1977.0,985.0,6506,1,0,1,Pedestrian
25,1938.0,926.0,1977.0,985.0,6507,1,0,1,Pedestrian
25,1938.0,926.0,1977.0,985.0,6508,1,0,1,Pedestrian
25,1938.0,926.0,1977.0,985.0,6509,1,0,1,Pedestrian
25,1938.0,926.0,1977.0,985.0,6510,1,0,1,Pedestrian
25,1938.0,926.0,1977.0,985.0,6511,1,0,1,Pedestrian
25,1938.0,926.0,1977.0,985.0,6512,1,0,1,Pedestrian
25,1938.0,926.0,1977.0,985.0,6513,1,0,1,Pedestrian
25,1938.0,926.0,1977.0,985.0,6514,1,0,1,Pedestrian
25,1938.0,926.0,1977.0,985.0,6515,1,0,1,Pedestrian
25,1938.0,926.0,1977.0,985.0,6516,1,0,1,Pedestrian
25,1938.0,926.0,1977.0,985.0,6517,1,0,1,Pedestrian
25,1938.0,926.0,1977.0,985.0,6518,1,0,1,Pedestrian
25,1938.0,926.0,1977.0,985.0,6519,1,0,1,Pedestrian
25,1938.0,926.0,1977.0,985.0,6520,1,0,1,Pedestrian
25,1938.0,926.0,1977.0,985.0,6521,1,0,1,Pedestrian
25,1938.0,926.0,1977.0,985.0,6522,1,0,1,Pedestrian
25,1938.0,926.0,1977.0,985.0,6523,1,0,1,Pedestrian
25,1938.0,926.0,1977.0,985.0,6524,1,0,1,Pedestrian
25,1938.0,926.0,1977.0,985.0,6525,1,0,1,Pedestrian
25,1938.0,926.0,1977.0,985.0,6526,1,0,1,Pedestrian
25,1938.0,926.0,1977.0,985.0,6527,1,0,1,Pedestrian
25,1938.0,926.0,1977.0,985.0,6528,1,0,1,Pedestrian
25,1938.0,926.0,1977.0,985.0,6529,1,0,1,Pedestrian
25,1938.0,926.0,1977.0,985.0,6530,1,0,1,Pedestrian
25,1938.0,926.0,1977.0,985.0,6531,1,0,0,Pedestrian
26,1870.0,883.0,1958.0,942.0,2000,1,0,0,Biker
26,1870.0,881.0,1958.0,940.0,2001,1,0,1,Biker
26,1870.0,881.0,1958.0,940.0,2002,1,0,1,Biker
26,1870.0,881.0,1958.0,940.0,2003,1,0,1,Biker
26,1870.0,881.0,1958.0,940.0,2004,1,0,1,Biker
26,1870.0,881.0,1958.0,940.0,2005,1,0,1,Biker
26,1870.0,881.0,1958.0,940.0,2006,1,0,1,Biker
26,1870.0,881.0,1958.0,940.0,2007,1,0,1,Biker
26,1870.0,881.0,1958.0,940.0,2008,1,0,1,Biker
26,1870.0,881.0,1958.0,940.0,2009,1,0,1,Biker
26,1870.0,881.0,1958.0,940.0,2010,1,0,1,Biker
26,1870.0,881.0,1958.0,940.0,2011,1,0,1,Biker
26,1870.0,881.0,1958.0,940.0,2012,1,0,1,Biker
26,1870.0,881.0,1958.0,940.0,2013,1,0,1,Biker
26,1870.0,881.0,1958.0,940.0,2014,1,0,1,Biker
26,1870.0,881.0,1958.0,940.0,2015,1,0,1,Biker
26,1870.0,881.0,1958.0,940.0,2016,1,0,1,Biker
26,1870.0,881.0,1958.0,940.0,2017,1,0,1,Biker
26,1870.0,881.0,1958.0,940.0,2018,1,0,1,Biker
26,1870.0,881.0,1958.0,940.0,2019,1,0,1,Biker
26,1870.0,881.0,1958.0,940.0,2020,1,0,1,Biker
26,1870.0,881.0,1958.0,940.0,2021,1,0,1,Biker
26,1870.0,881.0,1958.0,940.0,2022,1,0,1,Biker
26,1870.0,881.0,1958.0,940.0,2023,1,0,1,Biker
26,1870.0,881.0,1958.0,940.0,2024,1,0,1,Biker
26,1870.0,881.0,1958.0,940.0,2025,1,0,1,Biker
26,1870.0,881.0,1958.0,940.0,2026,1,0,1,Biker
26,1870.0,881.0,1958.0,940.0,2027,1,0,1,Biker
26,1870.0,881.0,1958.0,940.0,2028,1,0,1,Biker
26,1870.0,881.0,1958.0,940.0,2029,1,0,1,Biker
26,1870.0,881.0,1958.0,940.0,2030,1,0,1,Biker
26,1870.0,881.0,1958.0,940.0,2031,1,0,1,Biker
26,1870.0,881.0,1958.0,940.0,2032,1,0,1,Biker
26,1870.0,881.0,1958.0,940.0,2033,1,0,1,Biker
26,1870.0,881.0,1958.0,940.0,2034,1,0,1,Biker
26,1870.0,881.0,1958.0,940.0,2035,1,0,1,Biker
26,1870.0,881.0,1958.0,940.0,2036,1,0,1,Biker
26,1870.0,881.0,1958.0,940.0,2037,1,0,1,Biker
26,1870.0,881.0,1958.0,940.0,2038,1,0,1,Biker
26,1870.0,881.0,1958.0,940.0,2039,1,0,1,Biker
26,1870.0,881.0,1958.0,940.0,2040,1,0,1,Biker
26,1870.0,881.0,1958.0,940.0,2041,1,0,1,Biker
26,1870.0,881.0,1958.0,940.0,2042,1,0,1,Biker
26,1870.0,881.0,1958.0,940.0,2043,1,0,1,Biker
26,1870.0,881.0,1958.0,940.0,2044,1,0,1,Biker
26,1870.0,881.0,1958.0,940.0,2045,1,0,1,Biker
26,1870.0,881.0,1958.0,940.0,2046,1,0,1,Biker
26,1870.0,881.0,1960.0,940.0,2047,1,0,1,Biker
26,1870.0,881.0,1960.0,940.0,2048,1,0,1,Biker
26,1870.0,881.0,1960.0,940.0,2049,1,0,1,Biker
26,1870.0,881.0,1960.0,940.0,2050,1,0,1,Biker
26,1870.0,881.0,1960.0,940.0,2051,1,0,1,Biker
26,1870.0,881.0,1960.0,940.0,2052,1,0,1,Biker
26,1870.0,881.0,1960.0,940.0,2053,1,0,1,Biker
26,1870.0,881.0,1960.0,940.0,2054,1,0,1,Biker
26,1870.0,881.0,1960.0,940.0,2055,1,0,1,Biker
26,1870.0,881.0,1960.0,940.0,2056,1,0,1,Biker
26,1870.0,881.0,1960.0,940.0,2057,1,0,1,Biker
26,1872.0,881.0,1960.0,940.0,2058,1,0,1,Biker
26,1872.0,881.0,1960.0,940.0,2059,1,0,1,Biker
26,1872.0,881.0,1960.0,940.0,2060,1,0,1,Biker
26,1872.0,881.0,1960.0,940.0,2061,1,0,1,Biker
26,1872.0,881.0,1960.0,940.0,2062,1,0,1,Biker
26,1872.0,881.0,1960.0,940.0,2063,1,0,1,Biker
26,1872.0,881.0,1960.0,940.0,2064,1,0,1,Biker
26,1872.0,881.0,1960.0,940.0,2065,1,0,1,Biker
26,1872.0,881.0,1960.0,940.0,2066,1,0,1,Biker
26,1872.0,881.0,1960.0,940.0,2067,1,0,1,Biker
26,1872.0,881.0,1960.0,940.0,2068,1,0,1,Biker
26,1872.0,881.0,1960.0,940.0,2069,1,0,1,Biker
26,1872.0,881.0,1960.0,940.0,2070,1,0,1,Biker
26,1872.0,881.0,1960.0,940.0,2071,1,0,1,Biker
26,1872.0,881.0,1960.0,940.0,2072,1,0,1,Biker
26,1872.0,881.0,1960.0,940.0,2073,1,0,1,Biker
26,1872.0,881.0,1960.0,940.0,2074,1,0,1,Biker
26,1872.0,881.0,1960.0,940.0,2075,1,0,1,Biker
26,1872.0,881.0,1960.0,940.0,2076,1,0,1,Biker
26,1872.0,881.0,1960.0,940.0,2077,1,0,1,Biker
26,1872.0,881.0,1960.0,940.0,2078,1,0,1,Biker
26,1872.0,881.0,1960.0,940.0,2079,1,0,1,Biker
26,1872.0,881.0,1960.0,940.0,2080,1,0,1,Biker
26,1872.0,881.0,1960.0,940.0,2081,1,0,1,Biker
26,1872.0,881.0,1960.0,940.0,2082,1,0,1,Biker
26,1872.0,881.0,1960.0,940.0,2083,1,0,1,Biker
26,1872.0,881.0,1960.0,940.0,2084,1,0,1,Biker
26,1872.0,881.0,1960.0,940.0,2085,1,0,1,Biker
26,1872.0,881.0,1960.0,940.0,2086,1,0,1,Biker
26,1872.0,881.0,1960.0,940.0,2087,1,0,1,Biker
26,1872.0,881.0,1960.0,940.0,2088,1,0,1,Biker
26,1872.0,881.0,1960.0,940.0,2089,1,0,1,Biker
26,1872.0,881.0,1960.0,940.0,2090,1,0,1,Biker
26,1872.0,881.0,1960.0,940.0,2091,1,0,1,Biker
26,1872.0,881.0,1960.0,940.0,2092,1,0,1,Biker
26,1872.0,881.0,1963.0,940.0,2093,1,0,1,Biker
26,1872.0,881.0,1963.0,940.0,2094,1,0,1,Biker
26,1872.0,881.0,1963.0,940.0,2095,1,0,1,Biker
26,1872.0,881.0,1963.0,940.0,2096,1,0,1,Biker
26,1872.0,881.0,1963.0,940.0,2097,1,0,1,Biker
26,1872.0,881.0,1963.0,940.0,2098,1,0,1,Biker
26,1872.0,881.0,1963.0,940.0,2099,1,0,1,Biker
26,1872.0,881.0,1963.0,940.0,2100,1,0,1,Biker
26,1872.0,881.0,1963.0,940.0,2101,1,0,1,Biker
26,1872.0,881.0,1963.0,940.0,2102,1,0,1,Biker
26,1872.0,881.0,1963.0,940.0,2103,1,0,1,Biker
26,1872.0,881.0,1963.0,940.0,2104,1,0,1,Biker
26,1872.0,881.0,1963.0,940.0,2105,1,0,1,Biker
26,1872.0,881.0,1963.0,940.0,2106,1,0,1,Biker
26,1872.0,881.0,1963.0,940.0,2107,1,0,1,Biker
26,1872.0,881.0,1963.0,940.0,2108,1,0,1,Biker
26,1872.0,881.0,1963.0,940.0,2109,1,0,1,Biker
26,1872.0,881.0,1963.0,940.0,2110,1,0,1,Biker
26,1872.0,881.0,1963.0,940.0,2111,1,0,1,Biker
26,1872.0,881.0,1963.0,940.0,2112,1,0,1,Biker
26,1872.0,881.0,1963.0,940.0,2113,1,0,1,Biker
26,1872.0,881.0,1963.0,940.0,2114,1,0,1,Biker
26,1872.0,881.0,1963.0,940.0,2115,1,0,1,Biker
26,1875.0,881.0,1963.0,940.0,2116,1,0,1,Biker
26,1875.0,881.0,1963.0,940.0,2117,1,0,1,Biker
26,1875.0,881.0,1963.0,940.0,2118,1,0,1,Biker
26,1875.0,881.0,1963.0,940.0,2119,1,0,1,Biker
26,1875.0,881.0,1963.0,940.0,2120,1,0,1,Biker
26,1875.0,881.0,1963.0,940.0,2121,1,0,1,Biker
26,1875.0,881.0,1963.0,940.0,2122,1,0,1,Biker
26,1875.0,881.0,1963.0,940.0,2123,1,0,1,Biker
26,1875.0,881.0,1963.0,940.0,2124,1,0,1,Biker
26,1875.0,881.0,1963.0,940.0,2125,1,0,1,Biker
26,1875.0,881.0,1963.0,940.0,2126,1,0,1,Biker
26,1875.0,881.0,1963.0,940.0,2127,1,0,1,Biker
26,1875.0,881.0,1963.0,940.0,2128,1,0,1,Biker
26,1875.0,881.0,1963.0,940.0,2129,1,0,1,Biker
26,1875.0,881.0,1963.0,940.0,2130,1,0,1,Biker
26,1875.0,881.0,1963.0,940.0,2131,1,0,1,Biker
26,1875.0,881.0,1963.0,940.0,2132,1,0,1,Biker
26,1875.0,881.0,1963.0,940.0,2133,1,0,1,Biker
26,1875.0,881.0,1963.0,940.0,2134,1,0,1,Biker
26,1875.0,881.0,1963.0,940.0,2135,1,0,1,Biker
26,1875.0,881.0,1963.0,940.0,2136,1,0,1,Biker
26,1875.0,881.0,1963.0,940.0,2137,1,0,1,Biker
26,1875.0,881.0,1963.0,940.0,2138,1,0,1,Biker
26,1875.0,881.0,1963.0,940.0,2139,1,0,1,Biker
26,1875.0,881.0,1966.0,940.0,2140,1,0,1,Biker
26,1875.0,881.0,1966.0,940.0,2141,1,0,1,Biker
26,1875.0,881.0,1966.0,940.0,2142,1,0,1,Biker
26,1875.0,881.0,1966.0,940.0,2143,1,0,1,Biker
26,1875.0,881.0,1966.0,940.0,2144,1,0,1,Biker
26,1875.0,881.0,1966.0,940.0,2145,1,0,1,Biker
26,1875.0,881.0,1966.0,940.0,2146,1,0,1,Biker
26,1875.0,881.0,1966.0,940.0,2147,1,0,1,Biker
26,1875.0,881.0,1966.0,940.0,2148,1,0,1,Biker
26,1875.0,881.0,1966.0,940.0,2149,1,0,1,Biker
26,1875.0,881.0,1966.0,940.0,2150,1,0,1,Biker
26,1875.0,881.0,1966.0,940.0,2151,1,0,1,Biker
26,1875.0,881.0,1966.0,940.0,2152,1,0,1,Biker
26,1875.0,881.0,1966.0,940.0,2153,1,0,1,Biker
26,1875.0,881.0,1966.0,940.0,2154,1,0,1,Biker
26,1875.0,881.0,1966.0,940.0,2155,1,0,1,Biker
26,1875.0,881.0,1966.0,940.0,2156,1,0,1,Biker
26,1875.0,881.0,1966.0,940.0,2157,1,0,1,Biker
26,1875.0,881.0,1966.0,940.0,2158,1,0,1,Biker
26,1875.0,881.0,1966.0,940.0,2159,1,0,1,Biker
26,1875.0,881.0,1966.0,940.0,2160,1,0,1,Biker
26,1875.0,881.0,1966.0,940.0,2161,1,0,1,Biker
26,1875.0,881.0,1966.0,940.0,2162,1,0,1,Biker
26,1875.0,881.0,1966.0,940.0,2163,1,0,1,Biker
26,1875.0,881.0,1966.0,940.0,2164,1,0,1,Biker
26,1875.0,881.0,1966.0,940.0,2165,1,0,1,Biker
26,1875.0,881.0,1966.0,940.0,2166,1,0,1,Biker
26,1875.0,881.0,1966.0,940.0,2167,1,0,1,Biker
26,1875.0,881.0,1966.0,940.0,2168,1,0,1,Biker
26,1875.0,881.0,1966.0,940.0,2169,1,0,1,Biker
26,1875.0,881.0,1966.0,940.0,2170,1,0,1,Biker
26,1875.0,881.0,1966.0,940.0,2171,1,0,1,Biker
26,1875.0,881.0,1966.0,940.0,2172,1,0,1,Biker
26,1875.0,881.0,1966.0,940.0,2173,1,0,1,Biker
26,1878.0,881.0,1966.0,940.0,2174,1,0,1,Biker
26,1878.0,881.0,1966.0,940.0,2175,1,0,1,Biker
26,1878.0,881.0,1966.0,940.0,2176,1,0,1,Biker
26,1878.0,881.0,1966.0,940.0,2177,1,0,1,Biker
26,1878.0,881.0,1966.0,940.0,2178,1,0,1,Biker
26,1878.0,881.0,1966.0,940.0,2179,1,0,1,Biker
26,1878.0,881.0,1966.0,940.0,2180,1,0,1,Biker
26,1878.0,881.0,1966.0,940.0,2181,1,0,1,Biker
26,1878.0,881.0,1966.0,940.0,2182,1,0,1,Biker
26,1878.0,881.0,1966.0,940.0,2183,1,0,1,Biker
26,1878.0,881.0,1966.0,940.0,2184,1,0,1,Biker
26,1878.0,881.0,1966.0,940.0,2185,1,0,1,Biker
26,1878.0,881.0,1969.0,940.0,2186,1,0,1,Biker
26,1878.0,881.0,1969.0,940.0,2187,1,0,1,Biker
26,1878.0,881.0,1969.0,940.0,2188,1,0,1,Biker
26,1878.0,881.0,1969.0,940.0,2189,1,0,1,Biker
26,1878.0,881.0,1969.0,940.0,2190,1,0,1,Biker
26,1878.0,881.0,1969.0,940.0,2191,1,0,1,Biker
26,1878.0,881.0,1969.0,940.0,2192,1,0,1,Biker
26,1878.0,881.0,1969.0,940.0,2193,1,0,1,Biker
26,1878.0,881.0,1969.0,940.0,2194,1,0,1,Biker
26,1878.0,881.0,1969.0,940.0,2195,1,0,1,Biker
26,1878.0,881.0,1969.0,940.0,2196,1,0,1,Biker
26,1878.0,881.0,1969.0,940.0,2197,1,0,1,Biker
26,1878.0,881.0,1969.0,940.0,2198,1,0,1,Biker
26,1878.0,881.0,1969.0,940.0,2199,1,0,1,Biker
26,1878.0,881.0,1969.0,940.0,2200,1,0,1,Biker
26,1878.0,881.0,1969.0,940.0,2201,1,0,1,Biker
26,1878.0,881.0,1969.0,940.0,2202,1,0,1,Biker
26,1878.0,881.0,1969.0,940.0,2203,1,0,1,Biker
26,1878.0,881.0,1969.0,940.0,2204,1,0,1,Biker
26,1878.0,881.0,1969.0,940.0,2205,1,0,1,Biker
26,1878.0,881.0,1969.0,940.0,2206,1,0,1,Biker
26,1878.0,881.0,1969.0,940.0,2207,1,0,1,Biker
26,1878.0,881.0,1969.0,940.0,2208,1,0,1,Biker
26,1878.0,881.0,1969.0,940.0,2209,1,0,1,Biker
26,1878.0,881.0,1969.0,940.0,2210,1,0,1,Biker
26,1878.0,881.0,1969.0,940.0,2211,1,0,1,Biker
26,1878.0,881.0,1969.0,940.0,2212,1,0,1,Biker
26,1878.0,881.0,1969.0,940.0,2213,1,0,1,Biker
26,1878.0,881.0,1969.0,940.0,2214,1,0,1,Biker
26,1878.0,881.0,1969.0,940.0,2215,1,0,1,Biker
26,1878.0,881.0,1969.0,940.0,2216,1,0,1,Biker
26,1878.0,881.0,1969.0,940.0,2217,1,0,1,Biker
26,1878.0,881.0,1969.0,940.0,2218,1,0,1,Biker
26,1878.0,881.0,1969.0,940.0,2219,1,0,1,Biker
26,1878.0,881.0,1969.0,940.0,2220,1,0,1,Biker
26,1878.0,881.0,1969.0,940.0,2221,1,0,1,Biker
26,1878.0,881.0,1969.0,940.0,2222,1,0,1,Biker
26,1878.0,881.0,1969.0,940.0,2223,1,0,1,Biker
26,1878.0,881.0,1969.0,940.0,2224,1,0,1,Biker
26,1878.0,881.0,1969.0,940.0,2225,1,0,1,Biker
26,1878.0,881.0,1969.0,940.0,2226,1,0,1,Biker
26,1878.0,881.0,1969.0,940.0,2227,1,0,1,Biker
26,1878.0,881.0,1969.0,940.0,2228,1,0,1,Biker
26,1878.0,881.0,1969.0,940.0,2229,1,0,1,Biker
26,1878.0,881.0,1969.0,940.0,2230,1,0,1,Biker
26,1878.0,881.0,1969.0,940.0,2231,1,0,1,Biker
26,1881.0,881.0,1971.0,940.0,2232,0,0,0,Biker
26,1875.0,878.0,1966.0,938.0,2233,0,0,1,Biker
26,1870.0,878.0,1960.0,938.0,2234,0,0,1,Biker
26,1867.0,878.0,1958.0,938.0,2235,0,0,1,Biker
26,1861.0,878.0,1952.0,938.0,2236,0,0,1,Biker
26,1859.0,878.0,1949.0,938.0,2237,0,0,1,Biker
26,1853.0,876.0,1944.0,935.0,2238,0,0,1,Biker
26,1850.0,876.0,1941.0,935.0,2239,0,0,1,Biker
26,1845.0,876.0,1936.0,935.0,2240,0,0,1,Biker
26,1842.0,876.0,1933.0,935.0,2241,0,0,1,Biker
26,1837.0,876.0,1927.0,935.0,2242,0,0,1,Biker
26,1834.0,874.0,1925.0,933.0,2243,0,0,1,Biker
26,1828.0,874.0,1919.0,933.0,2244,0,0,1,Biker
26,1826.0,874.0,1916.0,933.0,2245,0,0,1,Biker
26,1820.0,874.0,1911.0,933.0,2246,0,0,1,Biker
26,1817.0,874.0,1908.0,933.0,2247,0,0,1,Biker
26,1812.0,872.0,1903.0,931.0,2248,0,0,1,Biker
26,1809.0,872.0,1900.0,931.0,2249,0,0,1,Biker
26,1804.0,872.0,1894.0,931.0,2250,0,0,1,Biker
26,1801.0,872.0,1892.0,931.0,2251,0,0,1,Biker
26,1795.0,872.0,1886.0,931.0,2252,0,0,1,Biker
26,1793.0,872.0,1883.0,931.0,2253,0,0,0,Biker
26,1784.0,869.0,1875.0,929.0,2254,0,0,1,Biker
26,1776.0,867.0,1867.0,926.0,2255,0,0,1,Biker
26,1771.0,867.0,1861.0,926.0,2256,0,0,1,Biker
26,1762.0,865.0,1853.0,924.0,2257,0,0,1,Biker
26,1757.0,865.0,1848.0,924.0,2258,0,0,1,Biker
26,1749.0,863.0,1839.0,922.0,2259,0,0,1,Biker
26,1743.0,860.0,1834.0,919.0,2260,0,0,1,Biker
26,1735.0,860.0,1826.0,919.0,2261,0,0,1,Biker
26,1729.0,858.0,1820.0,917.0,2262,0,0,1,Biker
26,1721.0,858.0,1812.0,917.0,2263,0,0,1,Biker
26,1716.0,856.0,1806.0,915.0,2264,0,0,1,Biker
26,1707.0,853.0,1798.0,913.0,2265,0,0,1,Biker
26,1702.0,853.0,1793.0,913.0,2266,0,0,1,Biker
26,1694.0,851.0,1784.0,910.0,2267,0,0,1,Biker
26,1688.0,851.0,1779.0,910.0,2268,0,0,1,Biker
26,1680.0,849.0,1771.0,908.0,2269,0,0,1,Biker
26,1672.0,847.0,1762.0,906.0,2270,0,0,1,Biker
26,1666.0,847.0,1757.0,906.0,2271,0,0,1,Biker
26,1658.0,844.0,1749.0,904.0,2272,0,0,1,Biker
26,1652.0,844.0,1743.0,904.0,2273,0,0,1,Biker
26,1644.0,842.0,1735.0,901.0,2274,0,0,1,Biker
26,1639.0,840.0,1729.0,899.0,2275,0,0,1,Biker
26,1630.0,840.0,1721.0,899.0,2276,0,0,1,Biker
26,1625.0,837.0,1716.0,897.0,2277,0,0,1,Biker
26,1617.0,837.0,1707.0,897.0,2278,0,0,1,Biker
26,1611.0,835.0,1702.0,894.0,2279,0,0,1,Biker
26,1603.0,833.0,1694.0,892.0,2280,0,0,1,Biker
26,1597.0,833.0,1688.0,892.0,2281,0,0,1,Biker
26,1589.0,831.0,1680.0,890.0,2282,0,0,1,Biker
26,1584.0,831.0,1674.0,890.0,2283,0,0,0,Biker
26,1575.0,828.0,1666.0,888.0,2284,0,0,1,Biker
26,1570.0,828.0,1661.0,888.0,2285,0,0,1,Biker
26,1562.0,826.0,1655.0,885.0,2286,0,0,1,Biker
26,1556.0,826.0,1647.0,885.0,2287,0,0,1,Biker
26,1551.0,824.0,1641.0,883.0,2288,0,0,1,Biker
26,1542.0,824.0,1636.0,883.0,2289,0,0,1,Biker
26,1537.0,824.0,1628.0,883.0,2290,0,0,1,Biker
26,1531.0,822.0,1622.0,881.0,2291,0,0,1,Biker
26,1523.0,822.0,1617.0,881.0,2292,0,0,1,Biker
26,1518.0,819.0,1611.0,878.0,2293,0,0,1,Biker
26,1512.0,819.0,1603.0,878.0,2294,0,0,1,Biker
26,1504.0,817.0,1597.0,876.0,2295,0,0,1,Biker
26,1498.0,817.0,1592.0,876.0,2296,0,0,1,Biker
26,1493.0,817.0,1584.0,876.0,2297,0,0,1,Biker
26,1485.0,815.0,1578.0,874.0,2298,0,0,1,Biker
26,1479.0,815.0,1573.0,874.0,2299,0,0,1,Biker
26,1474.0,812.0,1564.0,872.0,2300,0,0,1,Biker
26,1465.0,812.0,1559.0,872.0,2301,0,0,1,Biker
26,1460.0,812.0,1553.0,872.0,2302,0,0,1,Biker
26,1454.0,810.0,1548.0,869.0,2303,0,0,1,Biker
26,1446.0,810.0,1540.0,869.0,2304,0,0,1,Biker
26,1441.0,808.0,1534.0,867.0,2305,0,0,1,Biker
26,1435.0,808.0,1529.0,867.0,2306,0,0,1,Biker
26,1427.0,806.0,1520.0,865.0,2307,0,0,1,Biker
26,1421.0,806.0,1515.0,865.0,2308,0,0,1,Biker
26,1416.0,806.0,1509.0,865.0,2309,0,0,1,Biker
26,1408.0,803.0,1501.0,863.0,2310,0,0,1,Biker
26,1402.0,803.0,1496.0,863.0,2311,0,0,1,Biker
26,1397.0,801.0,1490.0,860.0,2312,0,0,1,Biker
26,1388.0,801.0,1485.0,860.0,2313,0,0,1,Biker
26,1383.0,799.0,1476.0,858.0,2314,0,0,1,Biker
26,1377.0,799.0,1471.0,858.0,2315,0,0,1,Biker
26,1369.0,799.0,1465.0,858.0,2316,0,0,1,Biker
26,1364.0,796.0,1457.0,856.0,2317,0,0,1,Biker
26,1358.0,796.0,1452.0,856.0,2318,0,0,1,Biker
26,1350.0,794.0,1446.0,853.0,2319,0,0,1,Biker
26,1344.0,794.0,1438.0,853.0,2320,0,0,1,Biker
26,1339.0,794.0,1432.0,853.0,2321,0,0,1,Biker
26,1331.0,792.0,1427.0,851.0,2322,0,0,1,Biker
26,1325.0,792.0,1421.0,851.0,2323,0,0,1,Biker
26,1320.0,790.0,1413.0,849.0,2324,0,0,1,Biker
26,1311.0,790.0,1408.0,849.0,2325,0,0,1,Biker
26,1306.0,787.0,1402.0,847.0,2326,0,0,1,Biker
26,1300.0,787.0,1394.0,847.0,2327,0,0,1,Biker
26,1292.0,787.0,1388.0,847.0,2328,0,0,1,Biker
26,1287.0,785.0,1383.0,844.0,2329,0,0,1,Biker
26,1281.0,785.0,1375.0,844.0,2330,0,0,1,Biker
26,1273.0,783.0,1369.0,842.0,2331,0,0,1,Biker
26,1267.0,783.0,1364.0,842.0,2332,0,0,1,Biker
26,1262.0,783.0,1358.0,842.0,2333,0,0,0,Biker
26,1254.0,783.0,1350.0,842.0,2334,0,0,1,Biker
26,1245.0,783.0,1342.0,842.0,2335,0,0,1,Biker
26,1237.0,783.0,1333.0,842.0,2336,0,0,1,Biker
26,1229.0,783.0,1325.0,842.0,2337,0,0,1,Biker
26,1223.0,783.0,1320.0,842.0,2338,0,0,1,Biker
26,1215.0,783.0,1311.0,842.0,2339,0,0,1,Biker
26,1207.0,783.0,1303.0,842.0,2340,0,0,1,Biker
26,1199.0,783.0,1295.0,842.0,2341,0,0,1,Biker
26,1190.0,783.0,1287.0,842.0,2342,0,0,1,Biker
26,1185.0,783.0,1281.0,842.0,2343,0,0,1,Biker
26,1177.0,783.0,1273.0,842.0,2344,0,0,1,Biker
26,1168.0,783.0,1265.0,842.0,2345,0,0,1,Biker
26,1160.0,783.0,1256.0,842.0,2346,0,0,1,Biker
26,1152.0,783.0,1248.0,842.0,2347,0,0,1,Biker
26,1146.0,785.0,1243.0,844.0,2348,0,0,1,Biker
26,1138.0,785.0,1234.0,844.0,2349,0,0,1,Biker
26,1130.0,785.0,1226.0,844.0,2350,0,0,1,Biker
26,1122.0,785.0,1218.0,844.0,2351,0,0,1,Biker
26,1113.0,785.0,1210.0,844.0,2352,0,0,1,Biker
26,1108.0,785.0,1204.0,844.0,2353,0,0,1,Biker
26,1100.0,785.0,1196.0,844.0,2354,0,0,1,Biker
26,1091.0,785.0,1188.0,844.0,2355,0,0,1,Biker
26,1083.0,785.0,1179.0,844.0,2356,0,0,1,Biker
26,1075.0,785.0,1171.0,844.0,2357,0,0,1,Biker
26,1069.0,785.0,1166.0,844.0,2358,0,0,1,Biker
26,1061.0,785.0,1157.0,844.0,2359,0,0,1,Biker
26,1053.0,785.0,1149.0,844.0,2360,0,0,1,Biker
26,1045.0,785.0,1141.0,844.0,2361,0,0,1,Biker
26,1036.0,785.0,1133.0,844.0,2362,0,0,1,Biker
26,1031.0,787.0,1127.0,847.0,2363,0,0,0,Biker
26,1023.0,785.0,1119.0,844.0,2364,0,0,1,Biker
26,1017.0,785.0,1113.0,844.0,2365,0,0,1,Biker
26,1012.0,785.0,1108.0,844.0,2366,0,0,1,Biker
26,1006.0,785.0,1102.0,844.0,2367,0,0,1,Biker
26,1001.0,785.0,1097.0,844.0,2368,0,0,1,Biker
26,992.0,785.0,1089.0,844.0,2369,0,0,1,Biker
26,987.0,785.0,1083.0,842.0,2370,0,0,1,Biker
26,981.0,785.0,1078.0,842.0,2371,0,0,1,Biker
26,976.0,785.0,1072.0,842.0,2372,0,0,1,Biker
26,970.0,785.0,1067.0,842.0,2373,0,0,1,Biker
26,965.0,783.0,1061.0,842.0,2374,0,0,1,Biker
26,957.0,783.0,1053.0,842.0,2375,0,0,1,Biker
26,951.0,783.0,1047.0,842.0,2376,0,0,1,Biker
26,946.0,783.0,1042.0,840.0,2377,0,0,1,Biker
26,940.0,783.0,1036.0,840.0,2378,0,0,1,Biker
26,935.0,783.0,1031.0,840.0,2379,0,0,1,Biker
26,929.0,783.0,1025.0,840.0,2380,0,0,1,Biker
26,921.0,783.0,1017.0,840.0,2381,0,0,1,Biker
26,915.0,783.0,1012.0,840.0,2382,0,0,1,Biker
26,910.0,783.0,1006.0,840.0,2383,0,0,1,Biker
26,904.0,781.0,1001.0,837.0,2384,0,0,1,Biker
26,899.0,781.0,995.0,837.0,2385,0,0,1,Biker
26,891.0,781.0,987.0,837.0,2386,0,0,1,Biker
26,885.0,781.0,981.0,837.0,2387,0,0,1,Biker
26,880.0,781.0,976.0,837.0,2388,0,0,1,Biker
26,874.0,781.0,970.0,837.0,2389,0,0,1,Biker
26,869.0,781.0,965.0,835.0,2390,0,0,1,Biker
26,863.0,781.0,959.0,835.0,2391,0,0,1,Biker
26,855.0,781.0,951.0,835.0,2392,0,0,1,Biker
26,849.0,781.0,946.0,835.0,2393,0,0,1,Biker
26,844.0,778.0,940.0,835.0,2394,0,0,1,Biker
26,838.0,778.0,935.0,835.0,2395,0,0,1,Biker
26,833.0,778.0,929.0,835.0,2396,0,0,1,Biker
26,827.0,778.0,924.0,833.0,2397,0,0,1,Biker
26,819.0,778.0,915.0,833.0,2398,0,0,1,Biker
26,814.0,778.0,910.0,833.0,2399,0,0,1,Biker
26,808.0,778.0,904.0,833.0,2400,0,0,1,Biker
26,803.0,778.0,899.0,833.0,2401,0,0,1,Biker
26,797.0,778.0,893.0,833.0,2402,0,0,1,Biker
26,792.0,778.0,888.0,833.0,2403,0,0,0,Biker
26,783.0,778.0,880.0,833.0,2404,0,0,1,Biker
26,778.0,778.0,874.0,833.0,2405,0,0,1,Biker
26,772.0,778.0,869.0,833.0,2406,0,0,1,Biker
26,764.0,778.0,860.0,833.0,2407,0,0,1,Biker
26,759.0,778.0,855.0,833.0,2408,0,0,1,Biker
26,753.0,778.0,849.0,833.0,2409,0,0,1,Biker
26,748.0,778.0,844.0,833.0,2410,0,0,1,Biker
26,739.0,778.0,836.0,833.0,2411,0,0,1,Biker
26,734.0,778.0,830.0,833.0,2412,0,0,1,Biker
26,728.0,778.0,825.0,833.0,2413,0,0,1,Biker
26,723.0,778.0,819.0,833.0,2414,0,0,1,Biker
26,715.0,778.0,811.0,833.0,2415,0,0,1,Biker
26,709.0,778.0,805.0,833.0,2416,0,0,1,Biker
26,704.0,778.0,800.0,833.0,2417,0,0,1,Biker
26,698.0,778.0,794.0,833.0,2418,0,0,1,Biker
26,690.0,778.0,786.0,833.0,2419,0,0,1,Biker
26,684.0,778.0,781.0,833.0,2420,0,0,1,Biker
26,679.0,778.0,775.0,833.0,2421,0,0,1,Biker
26,671.0,778.0,767.0,833.0,2422,0,0,1,Biker
26,665.0,778.0,761.0,833.0,2423,0,0,1,Biker
26,660.0,778.0,756.0,833.0,2424,0,0,1,Biker
26,654.0,778.0,750.0,833.0,2425,0,0,1,Biker
26,646.0,778.0,742.0,833.0,2426,0,0,1,Biker
26,640.0,778.0,737.0,833.0,2427,0,0,1,Biker
26,635.0,778.0,731.0,833.0,2428,0,0,1,Biker
26,629.0,778.0,726.0,833.0,2429,0,0,1,Biker
26,621.0,778.0,717.0,833.0,2430,0,0,1,Biker
26,616.0,778.0,712.0,833.0,2431,0,0,1,Biker
26,610.0,778.0,706.0,833.0,2432,0,0,1,Biker
26,605.0,778.0,701.0,833.0,2433,0,0,0,Biker
26,596.0,778.0,693.0,833.0,2434,0,0,1,Biker
26,591.0,778.0,687.0,833.0,2435,0,0,1,Biker
26,585.0,778.0,682.0,833.0,2436,0,0,1,Biker
26,577.0,778.0,673.0,833.0,2437,0,0,1,Biker
26,572.0,778.0,668.0,833.0,2438,0,0,1,Biker
26,566.0,778.0,662.0,833.0,2439,0,0,1,Biker
26,561.0,778.0,657.0,833.0,2440,0,0,1,Biker
26,552.0,778.0,649.0,833.0,2441,0,0,1,Biker
26,547.0,778.0,643.0,833.0,2442,0,0,1,Biker
26,541.0,778.0,638.0,833.0,2443,0,0,1,Biker
26,536.0,778.0,632.0,833.0,2444,0,0,1,Biker
26,528.0,778.0,624.0,833.0,2445,0,0,1,Biker
26,522.0,778.0,618.0,833.0,2446,0,0,1,Biker
26,517.0,778.0,613.0,833.0,2447,0,0,1,Biker
26,511.0,781.0,607.0,835.0,2448,0,0,1,Biker
26,503.0,781.0,599.0,835.0,2449,0,0,1,Biker
26,497.0,781.0,594.0,835.0,2450,0,0,1,Biker
26,492.0,781.0,588.0,835.0,2451,0,0,1,Biker
26,484.0,781.0,580.0,835.0,2452,0,0,1,Biker
26,478.0,781.0,574.0,835.0,2453,0,0,1,Biker
26,473.0,781.0,569.0,835.0,2454,0,0,1,Biker
26,467.0,781.0,563.0,835.0,2455,0,0,1,Biker
26,459.0,781.0,555.0,835.0,2456,0,0,1,Biker
26,453.0,781.0,550.0,835.0,2457,0,0,1,Biker
26,448.0,781.0,544.0,835.0,2458,0,0,1,Biker
26,442.0,781.0,539.0,835.0,2459,0,0,1,Biker
26,434.0,781.0,530.0,835.0,2460,0,0,1,Biker
26,429.0,781.0,525.0,835.0,2461,0,0,1,Biker
26,423.0,781.0,519.0,835.0,2462,0,0,1,Biker
26,418.0,783.0,514.0,837.0,2463,0,0,0,Biker
26,409.0,781.0,506.0,835.0,2464,0,0,1,Biker
26,404.0,781.0,500.0,835.0,2465,0,0,1,Biker
26,398.0,781.0,495.0,835.0,2466,0,0,1,Biker
26,390.0,781.0,486.0,835.0,2467,0,0,1,Biker
26,385.0,781.0,481.0,835.0,2468,0,0,1,Biker
26,379.0,781.0,475.0,835.0,2469,0,0,1,Biker
26,374.0,781.0,470.0,835.0,2470,0,0,1,Biker
26,365.0,781.0,462.0,835.0,2471,0,0,1,Biker
26,360.0,781.0,456.0,835.0,2472,0,0,1,Biker
26,354.0,781.0,451.0,835.0,2473,0,0,1,Biker
26,349.0,781.0,445.0,835.0,2474,0,0,1,Biker
26,341.0,781.0,437.0,835.0,2475,0,0,1,Biker
26,335.0,781.0,431.0,835.0,2476,0,0,1,Biker
26,330.0,781.0,426.0,835.0,2477,0,0,1,Biker
26,324.0,781.0,420.0,835.0,2478,0,0,1,Biker
26,316.0,778.0,412.0,833.0,2479,0,0,1,Biker
26,310.0,778.0,407.0,833.0,2480,0,0,1,Biker
26,305.0,778.0,401.0,833.0,2481,0,0,1,Biker
26,297.0,778.0,393.0,833.0,2482,0,0,1,Biker
26,291.0,778.0,387.0,833.0,2483,0,0,1,Biker
26,286.0,778.0,382.0,833.0,2484,0,0,1,Biker
26,280.0,778.0,376.0,833.0,2485,0,0,1,Biker
26,272.0,778.0,368.0,833.0,2486,0,0,1,Biker
26,266.0,778.0,363.0,833.0,2487,0,0,1,Biker
26,261.0,778.0,357.0,833.0,2488,0,0,1,Biker
26,255.0,778.0,352.0,833.0,2489,0,0,1,Biker
26,247.0,778.0,343.0,833.0,2490,0,0,1,Biker
26,242.0,778.0,338.0,833.0,2491,0,0,1,Biker
26,236.0,778.0,332.0,833.0,2492,0,0,1,Biker
26,231.0,778.0,327.0,833.0,2493,0,0,0,Biker
26,222.0,778.0,319.0,833.0,2494,0,0,1,Biker
26,217.0,778.0,310.0,833.0,2495,0,0,1,Biker
26,209.0,778.0,305.0,833.0,2496,0,0,1,Biker
26,203.0,778.0,297.0,833.0,2497,0,0,1,Biker
26,195.0,778.0,291.0,833.0,2498,0,0,1,Biker
26,189.0,778.0,283.0,833.0,2499,0,0,1,Biker
26,184.0,778.0,277.0,835.0,2500,0,0,0,Biker
26,176.0,778.0,272.0,837.0,2501,0,0,1,Biker
26,167.0,781.0,266.0,840.0,2502,0,0,1,Biker
26,159.0,783.0,261.0,842.0,2503,0,0,1,Biker
26,151.0,785.0,255.0,844.0,2504,0,0,1,Biker
26,145.0,787.0,250.0,847.0,2505,0,0,1,Biker
26,137.0,787.0,244.0,849.0,2506,0,0,1,Biker
26,129.0,790.0,239.0,851.0,2507,0,0,1,Biker
26,121.0,792.0,233.0,853.0,2508,0,0,1,Biker
26,112.0,794.0,228.0,856.0,2509,0,0,1,Biker
26,107.0,796.0,225.0,860.0,2510,0,0,0,Biker
26,101.0,796.0,220.0,860.0,2511,0,0,1,Biker
26,96.0,796.0,214.0,860.0,2512,0,0,1,Biker
26,90.0,796.0,209.0,860.0,2513,0,0,1,Biker
26,85.0,796.0,203.0,860.0,2514,0,0,1,Biker
26,82.0,796.0,198.0,860.0,2515,0,0,1,Biker
26,77.0,796.0,192.0,860.0,2516,0,0,1,Biker
26,71.0,796.0,187.0,860.0,2517,0,0,1,Biker
26,66.0,796.0,181.0,860.0,2518,0,0,1,Biker
26,60.0,796.0,176.0,860.0,2519,0,0,1,Biker
26,57.0,796.0,173.0,863.0,2520,0,0,0,Biker
26,49.0,794.0,165.0,863.0,2521,0,0,1,Biker
26,44.0,794.0,159.0,863.0,2522,0,0,1,Biker
26,38.0,794.0,151.0,863.0,2523,0,0,1,Biker
26,33.0,794.0,145.0,863.0,2524,0,0,1,Biker
26,27.0,794.0,137.0,863.0,2525,0,0,1,Biker
26,22.0,792.0,132.0,863.0,2526,0,0,1,Biker
26,16.0,792.0,123.0,863.0,2527,0,0,1,Biker
26,11.0,792.0,118.0,863.0,2528,0,0,1,Biker
26,5.0,792.0,110.0,863.0,2529,0,0,1,Biker
26,0.0,792.0,104.0,865.0,2530,0,0,0,Biker
26,0.0,790.0,96.0,865.0,2531,0,0,1,Biker
26,0.0,790.0,90.0,867.0,2532,0,0,1,Biker
26,0.0,790.0,85.0,869.0,2533,0,0,1,Biker
26,0.0,787.0,79.0,872.0,2534,0,0,1,Biker
26,0.0,787.0,74.0,874.0,2535,0,0,1,Biker
26,0.0,787.0,68.0,876.0,2536,0,0,1,Biker
26,0.0,785.0,63.0,878.0,2537,0,0,1,Biker
26,0.0,785.0,57.0,881.0,2538,0,0,1,Biker
26,0.0,785.0,52.0,883.0,2539,0,0,1,Biker
26,0.0,785.0,46.0,885.0,2540,1,0,0,Biker
26,0.0,785.0,49.0,878.0,2541,1,0,1,Biker
26,0.0,785.0,55.0,874.0,2542,1,0,1,Biker
26,0.0,785.0,60.0,869.0,2543,1,0,1,Biker
26,0.0,787.0,63.0,865.0,2544,1,0,1,Biker
26,0.0,787.0,68.0,860.0,2545,1,0,1,Biker
26,0.0,787.0,74.0,853.0,2546,1,0,1,Biker
26,0.0,790.0,77.0,849.0,2547,1,0,1,Biker
26,0.0,790.0,82.0,844.0,2548,1,0,1,Biker
26,0.0,790.0,88.0,840.0,2549,1,0,1,Biker
26,0.0,792.0,93.0,835.0,2550,1,0,0,Biker
26,0.0,792.0,93.0,835.0,2551,1,0,1,Biker
26,0.0,792.0,93.0,835.0,2552,1,0,1,Biker
26,0.0,792.0,93.0,835.0,2553,1,0,1,Biker
26,0.0,792.0,93.0,835.0,2554,1,0,1,Biker
26,0.0,792.0,93.0,835.0,2555,1,0,1,Biker
26,0.0,792.0,93.0,835.0,2556,1,0,1,Biker
26,0.0,792.0,93.0,835.0,2557,1,0,1,Biker
26,0.0,792.0,93.0,835.0,2558,1,0,1,Biker
26,0.0,792.0,93.0,835.0,2559,1,0,1,Biker
26,0.0,792.0,93.0,835.0,2560,1,0,1,Biker
26,0.0,792.0,93.0,835.0,2561,1,0,1,Biker
26,0.0,792.0,93.0,835.0,2562,1,0,1,Biker
26,0.0,792.0,93.0,835.0,2563,1,0,1,Biker
26,0.0,792.0,93.0,835.0,2564,1,0,1,Biker
26,0.0,792.0,93.0,835.0,2565,1,0,1,Biker
26,0.0,792.0,93.0,835.0,2566,1,0,1,Biker
26,0.0,792.0,93.0,835.0,2567,1,0,1,Biker
26,0.0,792.0,93.0,835.0,2568,1,0,1,Biker
26,0.0,792.0,93.0,835.0,2569,1,0,1,Biker
26,0.0,792.0,93.0,835.0,2570,1,0,1,Biker
26,0.0,792.0,93.0,835.0,2571,1,0,1,Biker
26,0.0,792.0,93.0,835.0,2572,1,0,1,Biker
26,0.0,792.0,93.0,835.0,2573,1,0,1,Biker
26,0.0,792.0,93.0,835.0,2574,1,0,1,Biker
26,0.0,792.0,93.0,835.0,2575,1,0,1,Biker
26,0.0,792.0,93.0,835.0,2576,1,0,0,Biker
26,0.0,792.0,93.0,835.0,2577,1,0,1,Biker
26,0.0,792.0,93.0,835.0,2578,1,0,1,Biker
26,0.0,792.0,93.0,835.0,2579,1,0,1,Biker
26,0.0,792.0,93.0,835.0,2580,1,0,1,Biker
26,0.0,792.0,93.0,835.0,2581,1,0,1,Biker
26,0.0,792.0,93.0,835.0,2582,1,0,1,Biker
26,0.0,792.0,93.0,835.0,2583,1,0,1,Biker
26,0.0,792.0,93.0,835.0,2584,1,0,1,Biker
26,0.0,792.0,93.0,835.0,2585,1,0,1,Biker
26,0.0,792.0,93.0,835.0,2586,1,0,1,Biker
26,0.0,792.0,93.0,835.0,2587,1,0,1,Biker
26,0.0,792.0,93.0,835.0,2588,1,0,1,Biker
26,0.0,792.0,93.0,835.0,2589,1,0,1,Biker
26,0.0,792.0,93.0,835.0,2590,1,0,1,Biker
26,0.0,792.0,93.0,835.0,2591,1,0,1,Biker
26,0.0,792.0,93.0,835.0,2592,1,0,1,Biker
26,0.0,792.0,93.0,835.0,2593,1,0,1,Biker
26,0.0,792.0,93.0,835.0,2594,1,0,1,Biker
26,0.0,792.0,93.0,835.0,2595,1,0,1,Biker
26,0.0,792.0,93.0,835.0,2596,1,0,1,Biker
26,0.0,792.0,93.0,835.0,2597,1,0,1,Biker
26,0.0,792.0,93.0,835.0,2598,1,0,1,Biker
26,0.0,792.0,93.0,835.0,2599,1,0,1,Biker
26,0.0,792.0,93.0,835.0,2600,1,0,1,Biker
26,0.0,792.0,93.0,835.0,2601,1,0,1,Biker
26,0.0,792.0,93.0,835.0,2602,1,0,1,Biker
26,0.0,792.0,93.0,835.0,2603,1,0,1,Biker
26,0.0,792.0,93.0,835.0,2604,1,0,1,Biker
26,0.0,792.0,93.0,835.0,2605,1,0,1,Biker
26,0.0,792.0,93.0,835.0,2606,1,0,1,Biker
26,0.0,792.0,93.0,835.0,2607,1,0,1,Biker
26,0.0,792.0,93.0,835.0,2608,1,0,1,Biker
26,0.0,792.0,93.0,835.0,2609,1,0,1,Biker
26,0.0,792.0,93.0,835.0,2610,1,0,1,Biker
26,0.0,792.0,93.0,835.0,2611,1,0,1,Biker
26,0.0,792.0,93.0,835.0,2612,1,0,1,Biker
26,0.0,792.0,93.0,835.0,2613,1,0,1,Biker
26,0.0,792.0,93.0,835.0,2614,1,0,1,Biker
26,0.0,792.0,93.0,835.0,2615,1,0,1,Biker
26,0.0,792.0,93.0,835.0,2616,1,0,1,Biker
26,0.0,792.0,93.0,835.0,2617,1,0,1,Biker
26,0.0,792.0,93.0,835.0,2618,1,0,1,Biker
26,0.0,792.0,93.0,835.0,2619,1,0,1,Biker
26,0.0,792.0,93.0,835.0,2620,1,0,1,Biker
26,0.0,792.0,93.0,835.0,2621,1,0,1,Biker
26,0.0,792.0,93.0,835.0,2622,1,0,1,Biker
26,0.0,792.0,93.0,835.0,2623,1,0,1,Biker
26,0.0,792.0,93.0,835.0,2624,1,0,1,Biker
26,0.0,792.0,93.0,835.0,2625,1,0,1,Biker
26,0.0,792.0,93.0,835.0,2626,1,0,1,Biker
26,0.0,792.0,93.0,835.0,2627,1,0,1,Biker
26,0.0,792.0,93.0,835.0,2628,1,0,1,Biker
26,0.0,792.0,93.0,835.0,2629,1,0,1,Biker
26,0.0,792.0,93.0,835.0,2630,1,0,1,Biker
26,0.0,792.0,93.0,835.0,2631,1,0,1,Biker
26,0.0,792.0,93.0,835.0,2632,1,0,1,Biker
26,0.0,792.0,93.0,835.0,2633,1,0,1,Biker
26,0.0,792.0,93.0,835.0,2634,1,0,1,Biker
26,0.0,792.0,93.0,835.0,2635,1,0,1,Biker
26,0.0,792.0,93.0,835.0,2636,1,0,1,Biker
26,0.0,792.0,93.0,835.0,2637,1,0,1,Biker
26,0.0,792.0,93.0,835.0,2638,1,0,1,Biker
26,0.0,792.0,93.0,835.0,2639,1,0,1,Biker
26,0.0,792.0,93.0,835.0,2640,1,0,1,Biker
26,0.0,792.0,93.0,835.0,2641,1,0,1,Biker
26,0.0,792.0,93.0,835.0,2642,1,0,1,Biker
26,0.0,792.0,93.0,835.0,2643,1,0,1,Biker
26,0.0,792.0,93.0,835.0,2644,1,0,1,Biker
26,0.0,792.0,93.0,835.0,2645,1,0,1,Biker
26,0.0,792.0,93.0,835.0,2646,1,0,1,Biker
26,0.0,792.0,93.0,835.0,2647,1,0,1,Biker
26,0.0,792.0,93.0,835.0,2648,1,0,1,Biker
26,0.0,792.0,93.0,835.0,2649,1,0,1,Biker
26,0.0,792.0,93.0,835.0,2650,1,0,1,Biker
26,0.0,792.0,93.0,835.0,2651,1,0,1,Biker
26,0.0,792.0,93.0,835.0,2652,1,0,1,Biker
26,0.0,792.0,93.0,835.0,2653,1,0,1,Biker
26,0.0,792.0,93.0,835.0,2654,1,0,1,Biker
26,0.0,792.0,93.0,835.0,2655,1,0,1,Biker
26,0.0,792.0,93.0,835.0,2656,1,0,1,Biker
26,0.0,792.0,93.0,835.0,2657,1,0,1,Biker
26,0.0,792.0,93.0,835.0,2658,1,0,1,Biker
26,0.0,792.0,93.0,835.0,2659,1,0,1,Biker
26,0.0,792.0,93.0,835.0,2660,1,0,1,Biker
26,0.0,792.0,93.0,835.0,2661,1,0,1,Biker
26,0.0,792.0,93.0,835.0,2662,1,0,1,Biker
26,0.0,792.0,93.0,835.0,2663,1,0,1,Biker
26,0.0,792.0,93.0,835.0,2664,1,0,1,Biker
26,0.0,792.0,93.0,835.0,2665,1,0,1,Biker
26,0.0,792.0,93.0,835.0,2666,1,0,1,Biker
26,0.0,792.0,93.0,835.0,2667,1,0,1,Biker
26,0.0,792.0,93.0,835.0,2668,1,0,1,Biker
26,0.0,792.0,93.0,835.0,2669,1,0,1,Biker
26,0.0,792.0,93.0,835.0,2670,1,0,1,Biker
26,0.0,792.0,93.0,835.0,2671,1,0,1,Biker
26,0.0,792.0,93.0,835.0,2672,1,0,1,Biker
26,0.0,792.0,93.0,835.0,2673,1,0,1,Biker
26,0.0,792.0,93.0,835.0,2674,1,0,1,Biker
26,0.0,792.0,93.0,835.0,2675,1,0,1,Biker
26,0.0,792.0,93.0,835.0,2676,1,0,1,Biker
26,0.0,792.0,93.0,835.0,2677,1,0,1,Biker
26,0.0,792.0,93.0,835.0,2678,1,0,1,Biker
26,0.0,792.0,93.0,835.0,2679,1,0,1,Biker
26,0.0,792.0,93.0,835.0,2680,1,0,1,Biker
26,0.0,792.0,93.0,835.0,2681,1,0,1,Biker
26,0.0,792.0,93.0,835.0,2682,1,0,1,Biker
26,0.0,792.0,93.0,835.0,2683,1,0,1,Biker
26,0.0,792.0,93.0,835.0,2684,1,0,1,Biker
26,0.0,792.0,93.0,835.0,2685,1,0,1,Biker
26,0.0,792.0,93.0,835.0,2686,1,0,1,Biker
26,0.0,792.0,93.0,835.0,2687,1,0,1,Biker
26,0.0,792.0,93.0,835.0,2688,1,0,1,Biker
26,0.0,792.0,93.0,835.0,2689,1,0,1,Biker
26,0.0,792.0,93.0,835.0,2690,1,0,1,Biker
26,0.0,792.0,93.0,835.0,2691,1,0,1,Biker
26,0.0,792.0,93.0,835.0,2692,1,0,1,Biker
26,0.0,792.0,93.0,835.0,2693,1,0,1,Biker
26,0.0,792.0,93.0,835.0,2694,1,0,1,Biker
26,0.0,792.0,93.0,835.0,2695,1,0,1,Biker
26,0.0,792.0,93.0,835.0,2696,1,0,1,Biker
26,0.0,792.0,93.0,835.0,2697,1,0,1,Biker
26,0.0,792.0,93.0,835.0,2698,1,0,1,Biker
26,0.0,792.0,93.0,835.0,2699,1,0,1,Biker
26,0.0,792.0,93.0,835.0,2700,1,0,1,Biker
26,0.0,792.0,93.0,835.0,2701,1,0,1,Biker
26,0.0,792.0,93.0,835.0,2702,1,0,1,Biker
26,0.0,792.0,93.0,835.0,2703,1,0,1,Biker
26,0.0,792.0,93.0,835.0,2704,1,0,1,Biker
26,0.0,792.0,93.0,835.0,2705,1,0,1,Biker
26,0.0,792.0,93.0,835.0,2706,1,0,1,Biker
26,0.0,792.0,93.0,835.0,2707,1,0,1,Biker
26,0.0,792.0,93.0,835.0,2708,1,0,1,Biker
26,0.0,792.0,93.0,835.0,2709,1,0,1,Biker
26,0.0,792.0,93.0,835.0,2710,1,0,1,Biker
26,0.0,792.0,93.0,835.0,2711,1,0,1,Biker
26,0.0,792.0,93.0,835.0,2712,1,0,1,Biker
26,0.0,792.0,93.0,835.0,2713,1,0,1,Biker
26,0.0,792.0,93.0,835.0,2714,1,0,1,Biker
26,0.0,792.0,93.0,835.0,2715,1,0,1,Biker
26,0.0,792.0,93.0,835.0,2716,1,0,1,Biker
26,0.0,792.0,93.0,835.0,2717,1,0,1,Biker
26,0.0,792.0,93.0,835.0,2718,1,0,1,Biker
26,0.0,792.0,93.0,835.0,2719,1,0,1,Biker
26,0.0,792.0,93.0,835.0,2720,1,0,1,Biker
26,0.0,792.0,93.0,835.0,2721,1,0,1,Biker
26,0.0,792.0,93.0,835.0,2722,1,0,1,Biker
26,0.0,792.0,93.0,835.0,2723,1,0,1,Biker
26,0.0,792.0,93.0,835.0,2724,1,0,1,Biker
26,0.0,792.0,93.0,835.0,2725,1,0,1,Biker
26,0.0,792.0,93.0,835.0,2726,1,0,1,Biker
26,0.0,792.0,93.0,835.0,2727,1,0,1,Biker
26,0.0,792.0,93.0,835.0,2728,1,0,1,Biker
26,0.0,792.0,93.0,835.0,2729,1,0,1,Biker
26,0.0,792.0,93.0,835.0,2730,1,0,1,Biker
26,0.0,792.0,93.0,835.0,2731,1,0,1,Biker
26,0.0,792.0,93.0,835.0,2732,1,0,1,Biker
26,0.0,792.0,93.0,835.0,2733,1,0,1,Biker
26,0.0,792.0,93.0,835.0,2734,1,0,1,Biker
26,0.0,792.0,93.0,835.0,2735,1,0,1,Biker
26,0.0,792.0,93.0,835.0,2736,1,0,1,Biker
26,0.0,792.0,93.0,835.0,2737,1,0,1,Biker
26,0.0,792.0,93.0,835.0,2738,1,0,1,Biker
26,0.0,792.0,93.0,835.0,2739,1,0,1,Biker
26,0.0,792.0,93.0,835.0,2740,1,0,1,Biker
26,0.0,792.0,93.0,835.0,2741,1,0,1,Biker
26,0.0,792.0,93.0,835.0,2742,1,0,1,Biker
26,0.0,792.0,93.0,835.0,2743,1,0,1,Biker
26,0.0,792.0,93.0,835.0,2744,1,0,1,Biker
26,0.0,792.0,93.0,835.0,2745,1,0,1,Biker
26,0.0,792.0,93.0,835.0,2746,1,0,1,Biker
26,0.0,792.0,93.0,835.0,2747,1,0,1,Biker
26,0.0,792.0,93.0,835.0,2748,1,0,1,Biker
26,0.0,792.0,93.0,835.0,2749,1,0,1,Biker
26,0.0,792.0,93.0,835.0,2750,1,0,1,Biker
26,0.0,792.0,93.0,835.0,2751,1,0,1,Biker
26,0.0,792.0,93.0,835.0,2752,1,0,1,Biker
26,0.0,792.0,93.0,835.0,2753,1,0,1,Biker
26,0.0,792.0,93.0,835.0,2754,1,0,1,Biker
26,0.0,792.0,93.0,835.0,2755,1,0,1,Biker
26,0.0,792.0,93.0,835.0,2756,1,0,1,Biker
26,0.0,792.0,93.0,835.0,2757,1,0,1,Biker
26,0.0,792.0,93.0,835.0,2758,1,0,1,Biker
26,0.0,792.0,93.0,835.0,2759,1,0,1,Biker
26,0.0,792.0,93.0,835.0,2760,1,0,1,Biker
26,0.0,792.0,93.0,835.0,2761,1,0,1,Biker
26,0.0,792.0,93.0,835.0,2762,1,0,1,Biker
26,0.0,792.0,93.0,835.0,2763,1,0,1,Biker
26,0.0,792.0,93.0,835.0,2764,1,0,1,Biker
26,0.0,792.0,93.0,835.0,2765,1,0,1,Biker
26,0.0,792.0,93.0,835.0,2766,1,0,1,Biker
26,0.0,792.0,93.0,835.0,2767,1,0,1,Biker
26,0.0,792.0,93.0,835.0,2768,1,0,1,Biker
26,0.0,792.0,93.0,835.0,2769,1,0,1,Biker
26,0.0,792.0,93.0,835.0,2770,1,0,1,Biker
26,0.0,792.0,93.0,835.0,2771,1,0,1,Biker
26,0.0,792.0,93.0,835.0,2772,1,0,1,Biker
26,0.0,792.0,93.0,835.0,2773,1,0,1,Biker
26,0.0,792.0,93.0,835.0,2774,1,0,1,Biker
26,0.0,792.0,93.0,835.0,2775,1,0,1,Biker
26,0.0,792.0,93.0,835.0,2776,1,0,1,Biker
26,0.0,792.0,93.0,835.0,2777,1,0,1,Biker
26,0.0,792.0,93.0,835.0,2778,1,0,1,Biker
26,0.0,792.0,93.0,835.0,2779,1,0,1,Biker
26,0.0,792.0,93.0,835.0,2780,1,0,1,Biker
26,0.0,792.0,93.0,835.0,2781,1,0,1,Biker
26,0.0,792.0,93.0,835.0,2782,1,0,1,Biker
26,0.0,792.0,93.0,835.0,2783,1,0,1,Biker
26,0.0,792.0,93.0,835.0,2784,1,0,1,Biker
26,0.0,792.0,93.0,835.0,2785,1,0,1,Biker
26,0.0,792.0,93.0,835.0,2786,1,0,1,Biker
26,0.0,792.0,93.0,835.0,2787,1,0,1,Biker
26,0.0,792.0,93.0,835.0,2788,1,0,1,Biker
26,0.0,792.0,93.0,835.0,2789,1,0,1,Biker
26,0.0,792.0,93.0,835.0,2790,1,0,1,Biker
26,0.0,792.0,93.0,835.0,2791,1,0,1,Biker
26,0.0,792.0,93.0,835.0,2792,1,0,1,Biker
26,0.0,792.0,93.0,835.0,2793,1,0,1,Biker
26,0.0,792.0,93.0,835.0,2794,1,0,1,Biker
26,0.0,792.0,93.0,835.0,2795,1,0,1,Biker
26,0.0,792.0,93.0,835.0,2796,1,0,1,Biker
26,0.0,792.0,93.0,835.0,2797,1,0,1,Biker
26,0.0,792.0,93.0,835.0,2798,1,0,1,Biker
26,0.0,792.0,93.0,835.0,2799,1,0,1,Biker
26,0.0,792.0,93.0,835.0,2800,1,0,1,Biker
26,0.0,792.0,93.0,835.0,2801,1,0,1,Biker
26,0.0,792.0,93.0,835.0,2802,1,0,1,Biker
26,0.0,792.0,93.0,835.0,2803,1,0,1,Biker
26,0.0,792.0,93.0,835.0,2804,1,0,1,Biker
26,0.0,792.0,93.0,835.0,2805,1,0,1,Biker
26,0.0,792.0,93.0,835.0,2806,1,0,1,Biker
26,0.0,792.0,93.0,835.0,2807,1,0,1,Biker
26,0.0,792.0,93.0,835.0,2808,1,0,1,Biker
26,0.0,792.0,93.0,835.0,2809,1,0,1,Biker
26,0.0,792.0,93.0,835.0,2810,1,0,1,Biker
26,0.0,792.0,93.0,835.0,2811,1,0,1,Biker
26,0.0,792.0,93.0,835.0,2812,1,0,1,Biker
26,0.0,792.0,93.0,835.0,2813,1,0,1,Biker
26,0.0,792.0,93.0,835.0,2814,1,0,1,Biker
26,0.0,792.0,93.0,835.0,2815,1,0,1,Biker
26,0.0,792.0,93.0,835.0,2816,1,0,1,Biker
26,0.0,792.0,93.0,835.0,2817,1,0,1,Biker
26,0.0,792.0,93.0,835.0,2818,1,0,1,Biker
26,0.0,792.0,93.0,835.0,2819,1,0,1,Biker
26,0.0,792.0,93.0,835.0,2820,1,0,1,Biker
26,0.0,792.0,93.0,835.0,2821,1,0,1,Biker
26,0.0,792.0,93.0,835.0,2822,1,0,1,Biker
26,0.0,792.0,93.0,835.0,2823,1,0,1,Biker
26,0.0,792.0,93.0,835.0,2824,1,0,1,Biker
26,0.0,792.0,93.0,835.0,2825,1,0,1,Biker
26,0.0,792.0,93.0,835.0,2826,1,0,1,Biker
26,0.0,792.0,93.0,835.0,2827,1,0,1,Biker
26,0.0,792.0,93.0,835.0,2828,1,0,1,Biker
26,0.0,792.0,93.0,835.0,2829,1,0,1,Biker
26,0.0,792.0,93.0,835.0,2830,1,0,1,Biker
26,0.0,792.0,93.0,835.0,2831,1,0,1,Biker
26,0.0,792.0,93.0,835.0,2832,1,0,1,Biker
26,0.0,792.0,93.0,835.0,2833,1,0,1,Biker
26,0.0,792.0,93.0,835.0,2834,1,0,1,Biker
26,0.0,792.0,93.0,835.0,2835,1,0,1,Biker
26,0.0,792.0,93.0,835.0,2836,1,0,1,Biker
26,0.0,792.0,93.0,835.0,2837,1,0,1,Biker
26,0.0,792.0,93.0,835.0,2838,1,0,1,Biker
26,0.0,792.0,93.0,835.0,2839,1,0,1,Biker
26,0.0,792.0,93.0,835.0,2840,1,0,1,Biker
26,0.0,792.0,93.0,835.0,2841,1,0,1,Biker
26,0.0,792.0,93.0,835.0,2842,1,0,1,Biker
26,0.0,792.0,93.0,835.0,2843,1,0,1,Biker
26,0.0,792.0,93.0,835.0,2844,1,0,1,Biker
26,0.0,792.0,93.0,835.0,2845,1,0,1,Biker
26,0.0,792.0,93.0,835.0,2846,1,0,1,Biker
26,0.0,792.0,93.0,835.0,2847,1,0,1,Biker
26,0.0,792.0,93.0,835.0,2848,1,0,1,Biker
26,0.0,792.0,93.0,835.0,2849,1,0,1,Biker
26,0.0,792.0,93.0,835.0,2850,1,0,1,Biker
26,0.0,792.0,93.0,835.0,2851,1,0,1,Biker
26,0.0,792.0,93.0,835.0,2852,1,0,1,Biker
26,0.0,792.0,93.0,835.0,2853,1,0,1,Biker
26,0.0,792.0,93.0,835.0,2854,1,0,1,Biker
26,0.0,792.0,93.0,835.0,2855,1,0,1,Biker
26,0.0,792.0,93.0,835.0,2856,1,0,1,Biker
26,0.0,792.0,93.0,835.0,2857,1,0,1,Biker
26,0.0,792.0,93.0,835.0,2858,1,0,1,Biker
26,0.0,792.0,93.0,835.0,2859,1,0,1,Biker
26,0.0,792.0,93.0,835.0,2860,1,0,1,Biker
26,0.0,792.0,93.0,835.0,2861,1,0,1,Biker
26,0.0,792.0,93.0,835.0,2862,1,0,1,Biker
26,0.0,792.0,93.0,835.0,2863,1,0,1,Biker
26,0.0,792.0,93.0,835.0,2864,1,0,1,Biker
26,0.0,792.0,93.0,835.0,2865,1,0,1,Biker
26,0.0,792.0,93.0,835.0,2866,1,0,1,Biker
26,0.0,792.0,93.0,835.0,2867,1,0,1,Biker
26,0.0,792.0,93.0,835.0,2868,1,0,1,Biker
26,0.0,792.0,93.0,835.0,2869,1,0,1,Biker
26,0.0,792.0,93.0,835.0,2870,1,0,1,Biker
26,0.0,792.0,93.0,835.0,2871,1,0,1,Biker
26,0.0,792.0,93.0,835.0,2872,1,0,1,Biker
26,0.0,792.0,93.0,835.0,2873,1,0,1,Biker
26,0.0,792.0,93.0,835.0,2874,1,0,1,Biker
26,0.0,792.0,93.0,835.0,2875,1,0,1,Biker
26,0.0,792.0,93.0,835.0,2876,1,0,1,Biker
26,0.0,792.0,93.0,835.0,2877,1,0,1,Biker
26,0.0,792.0,93.0,835.0,2878,1,0,1,Biker
26,0.0,792.0,93.0,835.0,2879,1,0,1,Biker
26,0.0,792.0,93.0,835.0,2880,1,0,1,Biker
26,0.0,792.0,93.0,835.0,2881,1,0,1,Biker
26,0.0,792.0,93.0,835.0,2882,1,0,1,Biker
26,0.0,792.0,93.0,835.0,2883,1,0,1,Biker
26,0.0,792.0,93.0,835.0,2884,1,0,1,Biker
26,0.0,792.0,93.0,835.0,2885,1,0,1,Biker
26,0.0,792.0,93.0,835.0,2886,1,0,1,Biker
26,0.0,792.0,93.0,835.0,2887,1,0,1,Biker
26,0.0,792.0,93.0,835.0,2888,1,0,1,Biker
26,0.0,792.0,93.0,835.0,2889,1,0,1,Biker
26,0.0,792.0,93.0,835.0,2890,1,0,1,Biker
26,0.0,792.0,93.0,835.0,2891,1,0,1,Biker
26,0.0,792.0,93.0,835.0,2892,1,0,1,Biker
26,0.0,792.0,93.0,835.0,2893,1,0,1,Biker
26,0.0,792.0,93.0,835.0,2894,1,0,1,Biker
26,0.0,792.0,93.0,835.0,2895,1,0,1,Biker
26,0.0,792.0,93.0,835.0,2896,1,0,1,Biker
26,0.0,792.0,93.0,835.0,2897,1,0,1,Biker
26,0.0,792.0,93.0,835.0,2898,1,0,1,Biker
26,0.0,792.0,93.0,835.0,2899,1,0,1,Biker
26,0.0,792.0,93.0,835.0,2900,1,0,1,Biker
26,0.0,792.0,93.0,835.0,2901,1,0,1,Biker
26,0.0,792.0,93.0,835.0,2902,1,0,1,Biker
26,0.0,792.0,93.0,835.0,2903,1,0,1,Biker
26,0.0,792.0,93.0,835.0,2904,1,0,1,Biker
26,0.0,792.0,93.0,835.0,2905,1,0,1,Biker
26,0.0,792.0,93.0,835.0,2906,1,0,1,Biker
26,0.0,792.0,93.0,835.0,2907,1,0,1,Biker
26,0.0,792.0,93.0,835.0,2908,1,0,1,Biker
26,0.0,792.0,93.0,835.0,2909,1,0,1,Biker
26,0.0,792.0,93.0,835.0,2910,1,0,1,Biker
26,0.0,792.0,93.0,835.0,2911,1,0,1,Biker
26,0.0,792.0,93.0,835.0,2912,1,0,1,Biker
26,0.0,792.0,93.0,835.0,2913,1,0,1,Biker
26,0.0,792.0,93.0,835.0,2914,1,0,1,Biker
26,0.0,792.0,93.0,835.0,2915,1,0,1,Biker
26,0.0,792.0,93.0,835.0,2916,1,0,1,Biker
26,0.0,792.0,93.0,835.0,2917,1,0,1,Biker
26,0.0,792.0,93.0,835.0,2918,1,0,1,Biker
26,0.0,792.0,93.0,835.0,2919,1,0,1,Biker
26,0.0,792.0,93.0,835.0,2920,1,0,1,Biker
26,0.0,792.0,93.0,835.0,2921,1,0,1,Biker
26,0.0,792.0,93.0,835.0,2922,1,0,1,Biker
26,0.0,792.0,93.0,835.0,2923,1,0,1,Biker
26,0.0,792.0,93.0,835.0,2924,1,0,1,Biker
26,0.0,792.0,93.0,835.0,2925,1,0,1,Biker
26,0.0,792.0,93.0,835.0,2926,1,0,1,Biker
26,0.0,792.0,93.0,835.0,2927,1,0,1,Biker
26,0.0,792.0,93.0,835.0,2928,1,0,1,Biker
26,0.0,792.0,93.0,835.0,2929,1,0,1,Biker
26,0.0,792.0,93.0,835.0,2930,1,0,1,Biker
26,0.0,792.0,93.0,835.0,2931,1,0,1,Biker
26,0.0,792.0,93.0,835.0,2932,1,0,1,Biker
26,0.0,792.0,93.0,835.0,2933,1,0,1,Biker
26,0.0,792.0,93.0,835.0,2934,1,0,1,Biker
26,0.0,792.0,93.0,835.0,2935,1,0,1,Biker
26,0.0,792.0,93.0,835.0,2936,1,0,1,Biker
26,0.0,792.0,93.0,835.0,2937,1,0,1,Biker
26,0.0,792.0,93.0,835.0,2938,1,0,1,Biker
26,0.0,792.0,93.0,835.0,2939,1,0,1,Biker
26,0.0,792.0,93.0,835.0,2940,1,0,1,Biker
26,0.0,792.0,93.0,835.0,2941,1,0,1,Biker
26,0.0,792.0,93.0,835.0,2942,1,0,1,Biker
26,0.0,792.0,93.0,835.0,2943,1,0,1,Biker
26,0.0,792.0,93.0,835.0,2944,1,0,1,Biker
26,0.0,792.0,93.0,835.0,2945,1,0,1,Biker
26,0.0,792.0,93.0,835.0,2946,1,0,1,Biker
26,0.0,792.0,93.0,835.0,2947,1,0,1,Biker
26,0.0,792.0,93.0,835.0,2948,1,0,1,Biker
26,0.0,792.0,93.0,835.0,2949,1,0,1,Biker
26,0.0,792.0,93.0,835.0,2950,1,0,1,Biker
26,0.0,792.0,93.0,835.0,2951,1,0,1,Biker
26,0.0,792.0,93.0,835.0,2952,1,0,1,Biker
26,0.0,792.0,93.0,835.0,2953,1,0,1,Biker
26,0.0,792.0,93.0,835.0,2954,1,0,1,Biker
26,0.0,792.0,93.0,835.0,2955,1,0,1,Biker
26,0.0,792.0,93.0,835.0,2956,1,0,1,Biker
26,0.0,792.0,93.0,835.0,2957,1,0,1,Biker
26,0.0,792.0,93.0,835.0,2958,1,0,1,Biker
26,0.0,792.0,93.0,835.0,2959,1,0,1,Biker
26,0.0,792.0,93.0,835.0,2960,1,0,1,Biker
26,0.0,792.0,93.0,835.0,2961,1,0,1,Biker
26,0.0,792.0,93.0,835.0,2962,1,0,1,Biker
26,0.0,792.0,93.0,835.0,2963,1,0,1,Biker
26,0.0,792.0,93.0,835.0,2964,1,0,1,Biker
26,0.0,792.0,93.0,835.0,2965,1,0,1,Biker
26,0.0,792.0,93.0,835.0,2966,1,0,1,Biker
26,0.0,792.0,93.0,835.0,2967,1,0,1,Biker
26,0.0,792.0,93.0,835.0,2968,1,0,1,Biker
26,0.0,792.0,93.0,835.0,2969,1,0,1,Biker
26,0.0,792.0,93.0,835.0,2970,1,0,1,Biker
26,0.0,792.0,93.0,835.0,2971,1,0,1,Biker
26,0.0,792.0,93.0,835.0,2972,1,0,1,Biker
26,0.0,792.0,93.0,835.0,2973,1,0,1,Biker
26,0.0,792.0,93.0,835.0,2974,1,0,1,Biker
26,0.0,792.0,93.0,835.0,2975,1,0,1,Biker
26,0.0,792.0,93.0,835.0,2976,1,0,1,Biker
26,0.0,792.0,93.0,835.0,2977,1,0,1,Biker
26,0.0,792.0,93.0,835.0,2978,1,0,1,Biker
26,0.0,792.0,93.0,835.0,2979,1,0,1,Biker
26,0.0,792.0,93.0,835.0,2980,1,0,1,Biker
26,0.0,792.0,93.0,835.0,2981,1,0,1,Biker
26,0.0,792.0,93.0,835.0,2982,1,0,1,Biker
26,0.0,792.0,93.0,835.0,2983,1,0,1,Biker
26,0.0,792.0,93.0,835.0,2984,1,0,1,Biker
26,0.0,792.0,93.0,835.0,2985,1,0,1,Biker
26,0.0,792.0,93.0,835.0,2986,1,0,1,Biker
26,0.0,792.0,93.0,835.0,2987,1,0,1,Biker
26,0.0,792.0,93.0,835.0,2988,1,0,1,Biker
26,0.0,792.0,93.0,835.0,2989,1,0,1,Biker
26,0.0,792.0,93.0,835.0,2990,1,0,1,Biker
26,0.0,792.0,93.0,835.0,2991,1,0,1,Biker
26,0.0,792.0,93.0,835.0,2992,1,0,1,Biker
26,0.0,792.0,93.0,835.0,2993,1,0,1,Biker
26,0.0,792.0,93.0,835.0,2994,1,0,1,Biker
26,0.0,792.0,93.0,835.0,2995,1,0,1,Biker
26,0.0,792.0,93.0,835.0,2996,1,0,1,Biker
26,0.0,792.0,93.0,835.0,2997,1,0,1,Biker
26,0.0,792.0,93.0,835.0,2998,1,0,1,Biker
26,0.0,792.0,93.0,835.0,2999,1,0,1,Biker
26,0.0,792.0,93.0,835.0,3000,1,0,1,Biker
26,0.0,792.0,93.0,835.0,3001,1,0,1,Biker
26,0.0,792.0,93.0,835.0,3002,1,0,1,Biker
26,0.0,792.0,93.0,835.0,3003,1,0,1,Biker
26,0.0,792.0,93.0,835.0,3004,1,0,1,Biker
26,0.0,792.0,93.0,835.0,3005,1,0,1,Biker
26,0.0,792.0,93.0,835.0,3006,1,0,1,Biker
26,0.0,792.0,93.0,835.0,3007,1,0,1,Biker
26,0.0,792.0,93.0,835.0,3008,1,0,1,Biker
26,0.0,792.0,93.0,835.0,3009,1,0,1,Biker
26,0.0,792.0,93.0,835.0,3010,1,0,1,Biker
26,0.0,792.0,93.0,835.0,3011,1,0,1,Biker
26,0.0,792.0,93.0,835.0,3012,1,0,1,Biker
26,0.0,792.0,93.0,835.0,3013,1,0,1,Biker
26,0.0,792.0,93.0,835.0,3014,1,0,1,Biker
26,0.0,792.0,93.0,835.0,3015,1,0,1,Biker
26,0.0,792.0,93.0,835.0,3016,1,0,1,Biker
26,0.0,792.0,93.0,835.0,3017,1,0,1,Biker
26,0.0,792.0,93.0,835.0,3018,1,0,1,Biker
26,0.0,792.0,93.0,835.0,3019,1,0,1,Biker
26,0.0,792.0,93.0,835.0,3020,1,0,1,Biker
26,0.0,792.0,93.0,835.0,3021,1,0,1,Biker
26,0.0,792.0,93.0,835.0,3022,1,0,1,Biker
26,0.0,792.0,93.0,835.0,3023,1,0,1,Biker
26,0.0,792.0,93.0,835.0,3024,1,0,1,Biker
26,0.0,792.0,93.0,835.0,3025,1,0,1,Biker
26,0.0,792.0,93.0,835.0,3026,1,0,1,Biker
26,0.0,792.0,93.0,835.0,3027,1,0,1,Biker
26,0.0,792.0,93.0,835.0,3028,1,0,1,Biker
26,0.0,792.0,93.0,835.0,3029,1,0,1,Biker
26,0.0,792.0,93.0,835.0,3030,1,0,1,Biker
26,0.0,792.0,93.0,835.0,3031,1,0,0,Biker
27,13.0,833.0,134.0,922.0,6000,1,0,0,Biker
27,13.0,833.0,134.0,922.0,6001,1,0,1,Biker
27,13.0,833.0,134.0,922.0,6002,1,0,1,Biker
27,13.0,833.0,134.0,922.0,6003,1,0,1,Biker
27,13.0,833.0,134.0,922.0,6004,1,0,1,Biker
27,13.0,833.0,134.0,922.0,6005,1,0,1,Biker
27,13.0,833.0,134.0,922.0,6006,1,0,1,Biker
27,13.0,833.0,134.0,922.0,6007,1,0,1,Biker
27,13.0,833.0,134.0,922.0,6008,1,0,1,Biker
27,13.0,833.0,134.0,922.0,6009,1,0,1,Biker
27,13.0,833.0,134.0,922.0,6010,1,0,1,Biker
27,13.0,833.0,134.0,922.0,6011,1,0,1,Biker
27,13.0,833.0,134.0,922.0,6012,1,0,1,Biker
27,13.0,833.0,134.0,922.0,6013,1,0,1,Biker
27,13.0,833.0,134.0,922.0,6014,1,0,1,Biker
27,13.0,833.0,134.0,922.0,6015,1,0,1,Biker
27,13.0,833.0,134.0,922.0,6016,1,0,1,Biker
27,13.0,833.0,134.0,922.0,6017,1,0,1,Biker
27,13.0,833.0,134.0,922.0,6018,1,0,1,Biker
27,13.0,833.0,134.0,922.0,6019,1,0,1,Biker
27,13.0,833.0,134.0,922.0,6020,1,0,1,Biker
27,13.0,833.0,134.0,922.0,6021,1,0,1,Biker
27,13.0,833.0,134.0,922.0,6022,1,0,1,Biker
27,13.0,833.0,134.0,922.0,6023,1,0,1,Biker
27,13.0,833.0,134.0,922.0,6024,1,0,1,Biker
27,13.0,833.0,134.0,922.0,6025,1,0,1,Biker
27,13.0,833.0,134.0,922.0,6026,1,0,1,Biker
27,13.0,833.0,134.0,922.0,6027,1,0,1,Biker
27,13.0,833.0,134.0,922.0,6028,1,0,1,Biker
27,13.0,833.0,134.0,922.0,6029,1,0,1,Biker
27,13.0,833.0,134.0,922.0,6030,1,0,1,Biker
27,13.0,833.0,134.0,922.0,6031,1,0,1,Biker
27,13.0,833.0,134.0,922.0,6032,1,0,1,Biker
27,13.0,833.0,134.0,922.0,6033,1,0,1,Biker
27,13.0,833.0,134.0,922.0,6034,1,0,1,Biker
27,13.0,833.0,134.0,922.0,6035,1,0,1,Biker
27,13.0,833.0,134.0,922.0,6036,1,0,1,Biker
27,13.0,833.0,134.0,922.0,6037,1,0,1,Biker
27,13.0,833.0,134.0,922.0,6038,1,0,1,Biker
27,13.0,833.0,134.0,922.0,6039,1,0,1,Biker
27,13.0,833.0,134.0,922.0,6040,1,0,1,Biker
27,13.0,833.0,134.0,922.0,6041,1,0,1,Biker
27,13.0,833.0,134.0,922.0,6042,1,0,1,Biker
27,13.0,833.0,134.0,922.0,6043,1,0,1,Biker
27,13.0,833.0,134.0,922.0,6044,1,0,1,Biker
27,13.0,833.0,134.0,922.0,6045,1,0,1,Biker
27,13.0,833.0,134.0,922.0,6046,1,0,1,Biker
27,13.0,833.0,134.0,922.0,6047,1,0,1,Biker
27,13.0,833.0,134.0,922.0,6048,1,0,1,Biker
27,13.0,833.0,134.0,922.0,6049,1,0,1,Biker
27,13.0,833.0,134.0,922.0,6050,1,0,1,Biker
27,13.0,833.0,134.0,922.0,6051,1,0,1,Biker
27,13.0,833.0,134.0,922.0,6052,1,0,1,Biker
27,13.0,833.0,134.0,922.0,6053,1,0,1,Biker
27,13.0,833.0,134.0,922.0,6054,1,0,1,Biker
27,13.0,833.0,134.0,922.0,6055,1,0,1,Biker
27,13.0,833.0,134.0,922.0,6056,1,0,1,Biker
27,13.0,833.0,134.0,922.0,6057,1,0,1,Biker
27,13.0,833.0,134.0,922.0,6058,1,0,1,Biker
27,13.0,833.0,134.0,922.0,6059,1,0,1,Biker
27,13.0,833.0,134.0,922.0,6060,1,0,1,Biker
27,13.0,833.0,134.0,922.0,6061,1,0,1,Biker
27,13.0,833.0,134.0,922.0,6062,1,0,1,Biker
27,13.0,833.0,134.0,922.0,6063,1,0,1,Biker
27,13.0,833.0,134.0,922.0,6064,1,0,1,Biker
27,13.0,833.0,134.0,922.0,6065,1,0,1,Biker
27,13.0,833.0,134.0,922.0,6066,1,0,1,Biker
27,13.0,833.0,134.0,922.0,6067,1,0,1,Biker
27,13.0,833.0,134.0,922.0,6068,1,0,1,Biker
27,13.0,833.0,134.0,922.0,6069,1,0,1,Biker
27,13.0,833.0,134.0,922.0,6070,1,0,1,Biker
27,13.0,833.0,134.0,922.0,6071,1,0,1,Biker
27,13.0,833.0,134.0,922.0,6072,1,0,1,Biker
27,13.0,833.0,134.0,922.0,6073,1,0,1,Biker
27,13.0,833.0,134.0,922.0,6074,1,0,1,Biker
27,13.0,833.0,134.0,922.0,6075,1,0,1,Biker
27,13.0,833.0,134.0,922.0,6076,1,0,1,Biker
27,13.0,833.0,134.0,922.0,6077,1,0,1,Biker
27,13.0,833.0,134.0,922.0,6078,1,0,1,Biker
27,13.0,833.0,134.0,922.0,6079,0,0,0,Biker
27,11.0,833.0,132.0,922.0,6080,0,0,1,Biker
27,11.0,835.0,129.0,924.0,6081,0,0,1,Biker
27,8.0,837.0,126.0,926.0,6082,0,0,1,Biker
27,8.0,840.0,123.0,929.0,6083,0,0,1,Biker
27,5.0,842.0,123.0,931.0,6084,0,0,1,Biker
27,5.0,842.0,121.0,931.0,6085,0,0,1,Biker
27,2.0,844.0,118.0,933.0,6086,0,0,1,Biker
27,2.0,847.0,115.0,935.0,6087,0,0,1,Biker
27,0.0,849.0,112.0,938.0,6088,0,0,1,Biker
27,0.0,851.0,112.0,940.0,6089,0,0,0,Biker
27,0.0,849.0,112.0,938.0,6090,0,0,1,Biker
27,0.0,847.0,115.0,935.0,6091,0,0,1,Biker
27,2.0,844.0,118.0,933.0,6092,0,0,1,Biker
27,2.0,844.0,118.0,933.0,6093,0,0,1,Biker
27,5.0,842.0,121.0,931.0,6094,0,0,1,Biker
27,5.0,840.0,123.0,929.0,6095,0,0,1,Biker
27,8.0,837.0,126.0,926.0,6096,0,0,1,Biker
27,8.0,837.0,126.0,926.0,6097,0,0,1,Biker
27,11.0,835.0,129.0,924.0,6098,0,0,1,Biker
27,11.0,833.0,132.0,922.0,6099,0,0,1,Biker
27,13.0,833.0,134.0,922.0,6100,0,0,0,Biker
27,19.0,831.0,140.0,919.0,6101,0,0,1,Biker
27,24.0,831.0,145.0,919.0,6102,0,0,1,Biker
27,33.0,831.0,154.0,919.0,6103,0,0,1,Biker
27,38.0,831.0,159.0,919.0,6104,0,0,1,Biker
27,44.0,831.0,165.0,919.0,6105,0,0,1,Biker
27,52.0,831.0,173.0,919.0,6106,0,0,1,Biker
27,57.0,831.0,178.0,919.0,6107,0,0,1,Biker
27,63.0,831.0,184.0,919.0,6108,0,0,1,Biker
27,71.0,828.0,192.0,917.0,6109,0,0,1,Biker
27,77.0,828.0,198.0,917.0,6110,0,0,1,Biker
27,82.0,828.0,203.0,917.0,6111,0,0,1,Biker
27,90.0,828.0,211.0,917.0,6112,0,0,1,Biker
27,96.0,828.0,217.0,917.0,6113,0,0,1,Biker
27,101.0,828.0,222.0,917.0,6114,0,0,1,Biker
27,110.0,828.0,231.0,917.0,6115,0,0,1,Biker
27,115.0,828.0,236.0,917.0,6116,0,0,1,Biker
27,121.0,828.0,242.0,917.0,6117,0,0,1,Biker
27,129.0,826.0,250.0,915.0,6118,0,0,1,Biker
27,134.0,826.0,255.0,915.0,6119,0,0,1,Biker
27,140.0,826.0,261.0,915.0,6120,0,0,1,Biker
27,148.0,826.0,269.0,915.0,6121,0,0,1,Biker
27,154.0,826.0,275.0,915.0,6122,0,0,1,Biker
27,159.0,826.0,280.0,915.0,6123,0,0,1,Biker
27,167.0,826.0,288.0,915.0,6124,0,0,1,Biker
27,173.0,826.0,294.0,915.0,6125,0,0,1,Biker
27,178.0,824.0,299.0,913.0,6126,0,0,1,Biker
27,187.0,824.0,308.0,913.0,6127,0,0,1,Biker
27,192.0,824.0,313.0,913.0,6128,0,0,1,Biker
27,198.0,824.0,319.0,913.0,6129,0,0,1,Biker
27,206.0,824.0,327.0,913.0,6130,0,0,1,Biker
27,211.0,824.0,332.0,913.0,6131,0,0,1,Biker
27,217.0,824.0,338.0,913.0,6132,0,0,1,Biker
27,225.0,824.0,346.0,913.0,6133,0,0,1,Biker
27,231.0,824.0,352.0,913.0,6134,0,0,1,Biker
27,236.0,822.0,357.0,910.0,6135,0,0,1,Biker
27,244.0,822.0,365.0,910.0,6136,0,0,1,Biker
27,250.0,822.0,371.0,910.0,6137,0,0,1,Biker
27,255.0,822.0,376.0,910.0,6138,0,0,1,Biker
27,264.0,822.0,385.0,910.0,6139,0,0,1,Biker
27,269.0,822.0,390.0,910.0,6140,0,0,1,Biker
27,275.0,822.0,396.0,910.0,6141,0,0,1,Biker
27,283.0,822.0,404.0,910.0,6142,0,0,1,Biker
27,288.0,819.0,409.0,908.0,6143,0,0,1,Biker
27,294.0,819.0,415.0,908.0,6144,0,0,1,Biker
27,302.0,819.0,423.0,908.0,6145,0,0,1,Biker
27,308.0,819.0,429.0,908.0,6146,0,0,1,Biker
27,313.0,819.0,434.0,908.0,6147,0,0,1,Biker
27,321.0,819.0,442.0,908.0,6148,0,0,1,Biker
27,327.0,819.0,448.0,908.0,6149,0,0,1,Biker
27,332.0,819.0,453.0,908.0,6150,0,0,1,Biker
27,341.0,819.0,462.0,908.0,6151,0,0,1,Biker
27,346.0,817.0,467.0,906.0,6152,0,0,1,Biker
27,352.0,817.0,473.0,906.0,6153,0,0,1,Biker
27,360.0,817.0,481.0,906.0,6154,0,0,1,Biker
27,365.0,817.0,486.0,906.0,6155,0,0,1,Biker
27,371.0,817.0,492.0,906.0,6156,0,0,1,Biker
27,379.0,817.0,500.0,906.0,6157,0,0,1,Biker
27,385.0,817.0,506.0,906.0,6158,0,0,1,Biker
27,390.0,817.0,511.0,906.0,6159,0,0,1,Biker
27,398.0,817.0,519.0,906.0,6160,0,0,0,Biker
27,404.0,817.0,525.0,906.0,6161,0,0,1,Biker
27,409.0,817.0,530.0,906.0,6162,0,0,1,Biker
27,415.0,817.0,536.0,906.0,6163,0,0,1,Biker
27,420.0,817.0,541.0,906.0,6164,0,0,1,Biker
27,429.0,817.0,550.0,906.0,6165,0,0,1,Biker
27,434.0,817.0,555.0,906.0,6166,0,0,1,Biker
27,440.0,817.0,561.0,906.0,6167,0,0,1,Biker
27,445.0,817.0,566.0,906.0,6168,0,0,1,Biker
27,453.0,819.0,574.0,906.0,6169,0,0,1,Biker
27,459.0,819.0,580.0,908.0,6170,0,0,1,Biker
27,464.0,819.0,585.0,908.0,6171,0,0,1,Biker
27,470.0,819.0,591.0,908.0,6172,0,0,1,Biker
27,478.0,819.0,599.0,908.0,6173,0,0,1,Biker
27,484.0,819.0,605.0,908.0,6174,0,0,1,Biker
27,489.0,819.0,610.0,908.0,6175,0,0,1,Biker
27,495.0,819.0,616.0,908.0,6176,0,0,1,Biker
27,503.0,819.0,624.0,908.0,6177,0,0,1,Biker
27,508.0,822.0,629.0,908.0,6178,0,0,1,Biker
27,514.0,822.0,635.0,910.0,6179,0,0,1,Biker
27,519.0,822.0,640.0,910.0,6180,0,0,1,Biker
27,528.0,822.0,649.0,910.0,6181,0,0,1,Biker
27,533.0,822.0,654.0,910.0,6182,0,0,1,Biker
27,539.0,822.0,660.0,910.0,6183,0,0,1,Biker
27,544.0,822.0,665.0,910.0,6184,0,0,1,Biker
27,552.0,822.0,673.0,910.0,6185,0,0,1,Biker
27,558.0,822.0,679.0,910.0,6186,0,0,1,Biker
27,563.0,824.0,684.0,910.0,6187,0,0,1,Biker
27,569.0,824.0,690.0,913.0,6188,0,0,1,Biker
27,577.0,824.0,698.0,913.0,6189,0,0,1,Biker
27,583.0,824.0,704.0,913.0,6190,0,0,1,Biker
27,588.0,824.0,709.0,913.0,6191,0,0,1,Biker
27,594.0,824.0,715.0,913.0,6192,0,0,1,Biker
27,602.0,824.0,723.0,913.0,6193,0,0,1,Biker
27,607.0,824.0,728.0,913.0,6194,0,0,1,Biker
27,613.0,824.0,734.0,913.0,6195,0,0,1,Biker
27,618.0,826.0,739.0,913.0,6196,0,0,1,Biker
27,627.0,826.0,748.0,915.0,6197,0,0,1,Biker
27,632.0,826.0,753.0,915.0,6198,0,0,1,Biker
27,638.0,826.0,759.0,915.0,6199,0,0,1,Biker
27,643.0,826.0,764.0,915.0,6200,0,0,1,Biker
27,651.0,826.0,772.0,915.0,6201,0,0,1,Biker
27,657.0,826.0,778.0,915.0,6202,0,0,1,Biker
27,662.0,826.0,783.0,915.0,6203,0,0,1,Biker
27,668.0,826.0,789.0,915.0,6204,0,0,1,Biker
27,676.0,828.0,797.0,915.0,6205,0,0,1,Biker
27,682.0,828.0,803.0,917.0,6206,0,0,1,Biker
27,687.0,828.0,808.0,917.0,6207,0,0,1,Biker
27,693.0,828.0,814.0,917.0,6208,0,0,1,Biker
27,701.0,828.0,822.0,917.0,6209,0,0,1,Biker
27,706.0,828.0,827.0,917.0,6210,0,0,1,Biker
27,712.0,828.0,833.0,917.0,6211,0,0,1,Biker
27,717.0,828.0,838.0,917.0,6212,0,0,1,Biker
27,726.0,828.0,847.0,917.0,6213,0,0,1,Biker
27,731.0,831.0,852.0,917.0,6214,0,0,1,Biker
27,737.0,831.0,858.0,917.0,6215,0,0,1,Biker
27,742.0,831.0,863.0,919.0,6216,0,0,1,Biker
27,750.0,831.0,871.0,919.0,6217,0,0,1,Biker
27,756.0,831.0,877.0,919.0,6218,0,0,1,Biker
27,761.0,831.0,882.0,919.0,6219,0,0,1,Biker
27,767.0,831.0,888.0,919.0,6220,0,0,1,Biker
27,775.0,831.0,896.0,919.0,6221,0,0,1,Biker
27,781.0,833.0,902.0,919.0,6222,0,0,1,Biker
27,786.0,833.0,907.0,919.0,6223,0,0,1,Biker
27,792.0,833.0,913.0,919.0,6224,0,0,1,Biker
27,800.0,833.0,921.0,922.0,6225,0,0,1,Biker
27,805.0,833.0,926.0,922.0,6226,0,0,1,Biker
27,811.0,833.0,932.0,922.0,6227,0,0,1,Biker
27,816.0,833.0,937.0,922.0,6228,0,0,1,Biker
27,825.0,833.0,946.0,922.0,6229,0,0,1,Biker
27,830.0,833.0,951.0,922.0,6230,0,0,1,Biker
27,836.0,835.0,957.0,922.0,6231,0,0,1,Biker
27,841.0,835.0,962.0,922.0,6232,0,0,1,Biker
27,849.0,835.0,970.0,922.0,6233,0,0,1,Biker
27,855.0,835.0,976.0,924.0,6234,0,0,1,Biker
27,860.0,835.0,981.0,924.0,6235,0,0,1,Biker
27,866.0,835.0,987.0,924.0,6236,0,0,1,Biker
27,874.0,835.0,995.0,924.0,6237,0,0,1,Biker
27,880.0,835.0,1001.0,924.0,6238,0,0,1,Biker
27,885.0,835.0,1006.0,924.0,6239,0,0,1,Biker
27,891.0,837.0,1012.0,924.0,6240,0,0,1,Biker
27,899.0,837.0,1020.0,924.0,6241,0,0,1,Biker
27,904.0,837.0,1025.0,924.0,6242,0,0,1,Biker
27,910.0,837.0,1031.0,926.0,6243,0,0,1,Biker
27,915.0,837.0,1036.0,926.0,6244,0,0,1,Biker
27,924.0,837.0,1045.0,926.0,6245,0,0,1,Biker
27,929.0,837.0,1050.0,926.0,6246,0,0,1,Biker
27,935.0,837.0,1056.0,926.0,6247,0,0,1,Biker
27,940.0,837.0,1061.0,926.0,6248,0,0,1,Biker
27,948.0,840.0,1069.0,926.0,6249,0,0,1,Biker
27,954.0,840.0,1075.0,926.0,6250,0,0,1,Biker
27,959.0,840.0,1080.0,926.0,6251,0,0,1,Biker
27,965.0,840.0,1086.0,929.0,6252,0,0,1,Biker
27,973.0,840.0,1094.0,929.0,6253,0,0,1,Biker
27,979.0,840.0,1100.0,929.0,6254,0,0,1,Biker
27,984.0,840.0,1105.0,929.0,6255,0,0,1,Biker
27,990.0,840.0,1111.0,929.0,6256,0,0,1,Biker
27,998.0,840.0,1119.0,929.0,6257,0,0,1,Biker
27,1003.0,842.0,1124.0,929.0,6258,0,0,1,Biker
27,1009.0,842.0,1130.0,929.0,6259,0,0,1,Biker
27,1014.0,842.0,1135.0,929.0,6260,0,0,1,Biker
27,1023.0,842.0,1144.0,929.0,6261,0,0,1,Biker
27,1028.0,842.0,1149.0,931.0,6262,0,0,1,Biker
27,1034.0,842.0,1155.0,931.0,6263,0,0,1,Biker
27,1039.0,842.0,1160.0,931.0,6264,0,0,1,Biker
27,1047.0,842.0,1168.0,931.0,6265,0,0,1,Biker
27,1053.0,842.0,1174.0,931.0,6266,0,0,1,Biker
27,1058.0,844.0,1179.0,931.0,6267,0,0,1,Biker
27,1064.0,844.0,1185.0,931.0,6268,0,0,1,Biker
27,1072.0,844.0,1193.0,931.0,6269,0,0,1,Biker
27,1078.0,844.0,1199.0,931.0,6270,0,0,1,Biker
27,1083.0,844.0,1204.0,933.0,6271,0,0,1,Biker
27,1089.0,844.0,1210.0,933.0,6272,0,0,1,Biker
27,1097.0,844.0,1218.0,933.0,6273,0,0,1,Biker
27,1102.0,844.0,1223.0,933.0,6274,0,0,1,Biker
27,1108.0,847.0,1229.0,933.0,6275,0,0,1,Biker
27,1113.0,847.0,1234.0,933.0,6276,0,0,1,Biker
27,1119.0,847.0,1240.0,933.0,6277,0,0,1,Biker
27,1127.0,847.0,1248.0,933.0,6278,0,0,1,Biker
27,1133.0,847.0,1254.0,933.0,6279,0,0,1,Biker
27,1138.0,847.0,1259.0,935.0,6280,0,0,1,Biker
27,1144.0,847.0,1265.0,935.0,6281,0,0,1,Biker
27,1152.0,847.0,1273.0,935.0,6282,0,0,1,Biker
27,1157.0,847.0,1278.0,935.0,6283,0,0,1,Biker
27,1163.0,849.0,1284.0,935.0,6284,0,0,1,Biker
27,1168.0,849.0,1289.0,935.0,6285,0,0,1,Biker
27,1177.0,849.0,1298.0,935.0,6286,0,0,1,Biker
27,1182.0,849.0,1303.0,935.0,6287,0,0,1,Biker
27,1188.0,849.0,1309.0,935.0,6288,0,0,1,Biker
27,1193.0,849.0,1314.0,938.0,6289,0,0,1,Biker
27,1201.0,849.0,1322.0,938.0,6290,0,0,1,Biker
27,1207.0,849.0,1328.0,938.0,6291,0,0,1,Biker
27,1212.0,849.0,1333.0,938.0,6292,0,0,1,Biker
27,1218.0,851.0,1339.0,938.0,6293,0,0,1,Biker
27,1226.0,851.0,1347.0,938.0,6294,0,0,1,Biker
27,1232.0,851.0,1353.0,938.0,6295,0,0,1,Biker
27,1237.0,851.0,1358.0,938.0,6296,0,0,1,Biker
27,1243.0,851.0,1364.0,938.0,6297,0,0,1,Biker
27,1251.0,851.0,1372.0,940.0,6298,0,0,1,Biker
27,1256.0,851.0,1377.0,940.0,6299,0,0,1,Biker
27,1262.0,851.0,1383.0,940.0,6300,0,0,1,Biker
27,1267.0,851.0,1388.0,940.0,6301,0,0,1,Biker
27,1276.0,853.0,1397.0,940.0,6302,0,0,1,Biker
27,1281.0,853.0,1402.0,940.0,6303,0,0,1,Biker
27,1287.0,853.0,1408.0,940.0,6304,0,0,1,Biker
27,1292.0,853.0,1413.0,940.0,6305,0,0,1,Biker
27,1300.0,853.0,1421.0,940.0,6306,0,0,1,Biker
27,1306.0,853.0,1427.0,940.0,6307,0,0,1,Biker
27,1311.0,853.0,1432.0,942.0,6308,0,0,1,Biker
27,1317.0,853.0,1438.0,942.0,6309,0,0,1,Biker
27,1325.0,853.0,1446.0,942.0,6310,0,0,1,Biker
27,1331.0,856.0,1452.0,942.0,6311,0,0,1,Biker
27,1336.0,856.0,1457.0,942.0,6312,0,0,1,Biker
27,1342.0,856.0,1463.0,942.0,6313,0,0,1,Biker
27,1350.0,856.0,1471.0,942.0,6314,0,0,1,Biker
27,1355.0,856.0,1476.0,942.0,6315,0,0,1,Biker
27,1361.0,856.0,1482.0,942.0,6316,0,0,1,Biker
27,1366.0,856.0,1487.0,944.0,6317,0,0,1,Biker
27,1375.0,856.0,1496.0,944.0,6318,0,0,1,Biker
27,1380.0,856.0,1501.0,944.0,6319,0,0,1,Biker
27,1386.0,858.0,1507.0,944.0,6320,0,0,1,Biker
27,1391.0,858.0,1512.0,944.0,6321,0,0,1,Biker
27,1399.0,858.0,1520.0,944.0,6322,0,0,1,Biker
27,1405.0,858.0,1526.0,944.0,6323,0,0,1,Biker
27,1410.0,858.0,1531.0,944.0,6324,0,0,1,Biker
27,1416.0,858.0,1537.0,944.0,6325,0,0,1,Biker
27,1424.0,858.0,1545.0,947.0,6326,0,0,1,Biker
27,1430.0,858.0,1551.0,947.0,6327,0,0,1,Biker
27,1435.0,858.0,1556.0,947.0,6328,0,0,1,Biker
27,1441.0,860.0,1562.0,947.0,6329,0,0,1,Biker
27,1449.0,860.0,1570.0,947.0,6330,0,0,1,Biker
27,1454.0,860.0,1575.0,947.0,6331,0,0,1,Biker
27,1460.0,860.0,1581.0,947.0,6332,0,0,1,Biker
27,1465.0,860.0,1586.0,947.0,6333,0,0,1,Biker
27,1474.0,860.0,1595.0,947.0,6334,0,0,1,Biker
27,1479.0,860.0,1600.0,949.0,6335,0,0,1,Biker
27,1485.0,860.0,1606.0,949.0,6336,0,0,1,Biker
27,1490.0,863.0,1611.0,949.0,6337,0,0,1,Biker
27,1498.0,863.0,1619.0,949.0,6338,0,0,1,Biker
27,1504.0,863.0,1625.0,949.0,6339,0,0,1,Biker
27,1509.0,863.0,1630.0,949.0,6340,0,0,1,Biker
27,1515.0,863.0,1636.0,949.0,6341,0,0,1,Biker
27,1523.0,863.0,1644.0,949.0,6342,0,0,1,Biker
27,1529.0,863.0,1650.0,949.0,6343,0,0,1,Biker
27,1534.0,863.0,1655.0,951.0,6344,0,0,1,Biker
27,1540.0,863.0,1661.0,951.0,6345,0,0,1,Biker
27,1548.0,865.0,1669.0,951.0,6346,0,0,1,Biker
27,1553.0,865.0,1674.0,951.0,6347,0,0,1,Biker
27,1559.0,865.0,1680.0,951.0,6348,0,0,1,Biker
27,1564.0,865.0,1685.0,951.0,6349,0,0,1,Biker
27,1573.0,865.0,1694.0,951.0,6350,0,0,1,Biker
27,1578.0,865.0,1699.0,951.0,6351,0,0,1,Biker
27,1584.0,865.0,1705.0,951.0,6352,0,0,1,Biker
27,1589.0,865.0,1710.0,951.0,6353,0,0,1,Biker
27,1597.0,865.0,1718.0,954.0,6354,0,0,1,Biker
27,1603.0,867.0,1724.0,954.0,6355,0,0,1,Biker
27,1608.0,867.0,1729.0,954.0,6356,0,0,1,Biker
27,1614.0,867.0,1735.0,954.0,6357,0,0,1,Biker
27,1622.0,867.0,1743.0,954.0,6358,0,0,1,Biker
27,1628.0,867.0,1749.0,954.0,6359,0,0,1,Biker
27,1633.0,867.0,1754.0,954.0,6360,0,0,1,Biker
27,1639.0,867.0,1760.0,954.0,6361,0,0,1,Biker
27,1647.0,867.0,1768.0,954.0,6362,0,0,1,Biker
27,1652.0,867.0,1773.0,956.0,6363,0,0,1,Biker
27,1658.0,869.0,1779.0,956.0,6364,0,0,1,Biker
27,1663.0,869.0,1784.0,956.0,6365,0,0,1,Biker
27,1672.0,869.0,1793.0,956.0,6366,0,0,1,Biker
27,1677.0,869.0,1798.0,956.0,6367,0,0,1,Biker
27,1683.0,869.0,1804.0,956.0,6368,0,0,1,Biker
27,1688.0,869.0,1809.0,956.0,6369,0,0,1,Biker
27,1696.0,869.0,1817.0,956.0,6370,0,0,1,Biker
27,1702.0,869.0,1823.0,956.0,6371,0,0,1,Biker
27,1707.0,869.0,1828.0,958.0,6372,0,0,1,Biker
27,1713.0,872.0,1834.0,958.0,6373,0,0,1,Biker
27,1721.0,872.0,1842.0,958.0,6374,0,0,1,Biker
27,1727.0,872.0,1848.0,958.0,6375,0,0,1,Biker
27,1732.0,872.0,1853.0,958.0,6376,0,0,1,Biker
27,1738.0,872.0,1859.0,958.0,6377,0,0,1,Biker
27,1746.0,872.0,1867.0,958.0,6378,0,0,1,Biker
27,1751.0,872.0,1872.0,958.0,6379,0,0,1,Biker
27,1757.0,872.0,1878.0,958.0,6380,0,0,1,Biker
27,1762.0,872.0,1883.0,960.0,6381,0,0,1,Biker
27,1771.0,874.0,1892.0,960.0,6382,0,0,1,Biker
27,1776.0,874.0,1897.0,960.0,6383,0,0,1,Biker
27,1782.0,874.0,1903.0,960.0,6384,0,0,1,Biker
27,1787.0,874.0,1908.0,960.0,6385,0,0,1,Biker
27,1795.0,874.0,1916.0,960.0,6386,0,0,1,Biker
27,1801.0,874.0,1922.0,960.0,6387,0,0,1,Biker
27,1806.0,874.0,1927.0,960.0,6388,0,0,1,Biker
27,1812.0,874.0,1933.0,960.0,6389,0,0,1,Biker
27,1820.0,876.0,1941.0,963.0,6390,0,0,0,Biker
27,1823.0,874.0,1944.0,960.0,6391,0,0,1,Biker
27,1826.0,874.0,1947.0,960.0,6392,0,0,1,Biker
27,1831.0,874.0,1949.0,960.0,6393,0,0,1,Biker
27,1834.0,874.0,1952.0,960.0,6394,0,0,1,Biker
27,1839.0,874.0,1958.0,960.0,6395,0,0,1,Biker
27,1842.0,874.0,1960.0,960.0,6396,0,0,1,Biker
27,1845.0,874.0,1963.0,960.0,6397,0,0,1,Biker
27,1850.0,874.0,1966.0,960.0,6398,0,0,1,Biker
27,1853.0,874.0,1969.0,960.0,6399,0,0,1,Biker
27,1859.0,874.0,1974.0,960.0,6400,0,0,0,Biker
27,1872.0,874.0,1974.0,960.0,6401,0,0,1,Biker
27,1886.0,874.0,1974.0,960.0,6402,0,0,1,Biker
27,1900.0,874.0,1974.0,960.0,6403,0,0,1,Biker
27,1914.0,874.0,1974.0,960.0,6404,0,0,1,Biker
27,1927.0,874.0,1974.0,960.0,6405,0,0,1,Biker
27,1941.0,874.0,1974.0,960.0,6406,0,0,1,Biker
27,1955.0,876.0,1977.0,963.0,6407,1,0,0,Biker
27,1922.0,874.0,1974.0,960.0,6408,1,0,1,Biker
27,1889.0,874.0,1974.0,960.0,6409,1,0,1,Biker
27,1859.0,874.0,1974.0,960.0,6410,1,0,0,Biker
27,1859.0,874.0,1974.0,960.0,6411,1,0,1,Biker
27,1859.0,874.0,1974.0,960.0,6412,1,0,1,Biker
27,1859.0,874.0,1974.0,960.0,6413,1,0,1,Biker
27,1859.0,874.0,1974.0,960.0,6414,1,0,1,Biker
27,1859.0,874.0,1974.0,960.0,6415,1,0,1,Biker
27,1859.0,874.0,1974.0,960.0,6416,1,0,1,Biker
27,1859.0,874.0,1974.0,960.0,6417,1,0,1,Biker
27,1859.0,874.0,1974.0,960.0,6418,1,0,1,Biker
27,1859.0,874.0,1974.0,960.0,6419,1,0,1,Biker
27,1859.0,874.0,1974.0,960.0,6420,1,0,1,Biker
27,1859.0,874.0,1974.0,960.0,6421,1,0,1,Biker
27,1859.0,874.0,1974.0,960.0,6422,1,0,1,Biker
27,1859.0,874.0,1974.0,960.0,6423,1,0,1,Biker
27,1859.0,874.0,1974.0,960.0,6424,1,0,1,Biker
27,1859.0,874.0,1974.0,960.0,6425,1,0,1,Biker
27,1859.0,874.0,1974.0,960.0,6426,1,0,1,Biker
27,1859.0,874.0,1974.0,960.0,6427,1,0,1,Biker
27,1859.0,874.0,1974.0,960.0,6428,1,0,1,Biker
27,1859.0,874.0,1974.0,960.0,6429,1,0,1,Biker
27,1859.0,874.0,1974.0,960.0,6430,1,0,1,Biker
27,1859.0,874.0,1974.0,960.0,6431,1,0,1,Biker
27,1859.0,874.0,1974.0,960.0,6432,1,0,1,Biker
27,1859.0,874.0,1974.0,960.0,6433,1,0,1,Biker
27,1859.0,874.0,1974.0,960.0,6434,1,0,1,Biker
27,1859.0,874.0,1974.0,960.0,6435,1,0,1,Biker
27,1859.0,874.0,1974.0,960.0,6436,1,0,1,Biker
27,1859.0,874.0,1974.0,960.0,6437,1,0,1,Biker
27,1859.0,874.0,1974.0,960.0,6438,1,0,1,Biker
27,1859.0,874.0,1974.0,960.0,6439,1,0,1,Biker
27,1859.0,874.0,1974.0,960.0,6440,1,0,1,Biker
27,1859.0,874.0,1974.0,960.0,6441,1,0,1,Biker
27,1859.0,874.0,1974.0,960.0,6442,1,0,1,Biker
27,1859.0,874.0,1974.0,960.0,6443,1,0,1,Biker
27,1859.0,874.0,1974.0,960.0,6444,1,0,1,Biker
27,1859.0,874.0,1974.0,960.0,6445,1,0,1,Biker
27,1859.0,874.0,1974.0,960.0,6446,1,0,1,Biker
27,1859.0,874.0,1974.0,960.0,6447,1,0,1,Biker
27,1859.0,874.0,1974.0,960.0,6448,1,0,1,Biker
27,1859.0,874.0,1974.0,960.0,6449,1,0,1,Biker
27,1859.0,874.0,1974.0,960.0,6450,1,0,1,Biker
27,1859.0,874.0,1974.0,960.0,6451,1,0,1,Biker
27,1859.0,874.0,1974.0,960.0,6452,1,0,1,Biker
27,1859.0,874.0,1974.0,960.0,6453,1,0,1,Biker
27,1859.0,874.0,1974.0,960.0,6454,1,0,1,Biker
27,1859.0,874.0,1974.0,960.0,6455,1,0,1,Biker
27,1859.0,874.0,1974.0,960.0,6456,1,0,1,Biker
27,1859.0,874.0,1974.0,960.0,6457,1,0,1,Biker
27,1859.0,874.0,1974.0,960.0,6458,1,0,1,Biker
27,1859.0,874.0,1974.0,960.0,6459,1,0,1,Biker
27,1859.0,874.0,1974.0,960.0,6460,1,0,1,Biker
27,1859.0,874.0,1974.0,960.0,6461,1,0,1,Biker
27,1859.0,874.0,1974.0,960.0,6462,1,0,1,Biker
27,1859.0,874.0,1974.0,960.0,6463,1,0,1,Biker
27,1859.0,874.0,1974.0,960.0,6464,1,0,1,Biker
27,1859.0,874.0,1974.0,960.0,6465,1,0,1,Biker
27,1859.0,874.0,1974.0,960.0,6466,1,0,1,Biker
27,1859.0,874.0,1974.0,960.0,6467,1,0,1,Biker
27,1859.0,874.0,1974.0,960.0,6468,1,0,1,Biker
27,1859.0,874.0,1974.0,960.0,6469,1,0,1,Biker
27,1859.0,874.0,1974.0,960.0,6470,1,0,1,Biker
27,1859.0,874.0,1974.0,960.0,6471,1,0,1,Biker
27,1859.0,874.0,1974.0,960.0,6472,1,0,1,Biker
27,1859.0,874.0,1974.0,960.0,6473,1,0,1,Biker
27,1859.0,874.0,1974.0,960.0,6474,1,0,1,Biker
27,1859.0,874.0,1974.0,960.0,6475,1,0,1,Biker
27,1859.0,874.0,1974.0,960.0,6476,1,0,1,Biker
27,1859.0,874.0,1974.0,960.0,6477,1,0,1,Biker
27,1859.0,874.0,1974.0,960.0,6478,1,0,1,Biker
27,1859.0,874.0,1974.0,960.0,6479,1,0,1,Biker
27,1859.0,874.0,1974.0,960.0,6480,1,0,1,Biker
27,1859.0,874.0,1974.0,960.0,6481,1,0,1,Biker
27,1859.0,874.0,1974.0,960.0,6482,1,0,1,Biker
27,1859.0,874.0,1974.0,960.0,6483,1,0,1,Biker
27,1859.0,874.0,1974.0,960.0,6484,1,0,1,Biker
27,1859.0,874.0,1974.0,960.0,6485,1,0,1,Biker
27,1859.0,874.0,1974.0,960.0,6486,1,0,1,Biker
27,1859.0,874.0,1974.0,960.0,6487,1,0,1,Biker
27,1859.0,874.0,1974.0,960.0,6488,1,0,1,Biker
27,1859.0,874.0,1974.0,960.0,6489,1,0,1,Biker
27,1859.0,874.0,1974.0,960.0,6490,1,0,1,Biker
27,1859.0,874.0,1974.0,960.0,6491,1,0,1,Biker
27,1859.0,874.0,1974.0,960.0,6492,1,0,1,Biker
27,1859.0,874.0,1974.0,960.0,6493,1,0,1,Biker
27,1859.0,874.0,1974.0,960.0,6494,1,0,1,Biker
27,1859.0,874.0,1974.0,960.0,6495,1,0,1,Biker
27,1859.0,874.0,1974.0,960.0,6496,1,0,1,Biker
27,1859.0,874.0,1974.0,960.0,6497,1,0,1,Biker
27,1859.0,874.0,1974.0,960.0,6498,1,0,1,Biker
27,1859.0,874.0,1974.0,960.0,6499,1,0,1,Biker
27,1859.0,874.0,1974.0,960.0,6500,1,0,1,Biker
27,1859.0,874.0,1974.0,960.0,6501,1,0,1,Biker
27,1859.0,874.0,1974.0,960.0,6502,1,0,1,Biker
27,1859.0,874.0,1974.0,960.0,6503,1,0,1,Biker
27,1859.0,874.0,1974.0,960.0,6504,1,0,1,Biker
27,1859.0,874.0,1974.0,960.0,6505,1,0,1,Biker
27,1859.0,874.0,1974.0,960.0,6506,1,0,1,Biker
27,1859.0,874.0,1974.0,960.0,6507,1,0,1,Biker
27,1859.0,874.0,1974.0,960.0,6508,1,0,1,Biker
27,1859.0,874.0,1974.0,960.0,6509,1,0,1,Biker
27,1859.0,874.0,1974.0,960.0,6510,1,0,1,Biker
27,1859.0,874.0,1974.0,960.0,6511,1,0,1,Biker
27,1859.0,874.0,1974.0,960.0,6512,1,0,1,Biker
27,1859.0,874.0,1974.0,960.0,6513,1,0,1,Biker
27,1859.0,874.0,1974.0,960.0,6514,1,0,1,Biker
27,1859.0,874.0,1974.0,960.0,6515,1,0,1,Biker
27,1859.0,874.0,1974.0,960.0,6516,1,0,1,Biker
27,1859.0,874.0,1974.0,960.0,6517,1,0,1,Biker
27,1859.0,874.0,1974.0,960.0,6518,1,0,1,Biker
27,1859.0,874.0,1974.0,960.0,6519,1,0,1,Biker
27,1859.0,874.0,1974.0,960.0,6520,1,0,1,Biker
27,1859.0,874.0,1974.0,960.0,6521,1,0,1,Biker
27,1859.0,874.0,1974.0,960.0,6522,1,0,1,Biker
27,1859.0,874.0,1974.0,960.0,6523,1,0,1,Biker
27,1859.0,874.0,1974.0,960.0,6524,1,0,1,Biker
27,1859.0,874.0,1974.0,960.0,6525,1,0,1,Biker
27,1859.0,874.0,1974.0,960.0,6526,1,0,1,Biker
27,1859.0,874.0,1974.0,960.0,6527,1,0,1,Biker
27,1859.0,874.0,1974.0,960.0,6528,1,0,1,Biker
27,1859.0,874.0,1974.0,960.0,6529,1,0,1,Biker
27,1859.0,874.0,1974.0,960.0,6530,1,0,1,Biker
27,1859.0,874.0,1974.0,960.0,6531,1,0,0,Biker
28,1773.0,876.0,1820.0,908.0,3000,0,0,0,Pedestrian
28,1773.0,876.0,1820.0,908.0,3001,0,0,1,Pedestrian
28,1773.0,876.0,1820.0,908.0,3002,0,0,1,Pedestrian
28,1773.0,876.0,1820.0,908.0,3003,0,0,1,Pedestrian
28,1773.0,876.0,1820.0,908.0,3004,0,0,1,Pedestrian
28,1773.0,876.0,1820.0,908.0,3005,0,0,1,Pedestrian
28,1773.0,876.0,1820.0,908.0,3006,0,0,1,Pedestrian
28,1773.0,876.0,1820.0,908.0,3007,0,0,1,Pedestrian
28,1773.0,876.0,1820.0,908.0,3008,0,0,1,Pedestrian
28,1773.0,876.0,1820.0,908.0,3009,0,0,1,Pedestrian
28,1773.0,876.0,1820.0,908.0,3010,0,0,1,Pedestrian
28,1773.0,876.0,1820.0,908.0,3011,0,0,1,Pedestrian
28,1773.0,876.0,1820.0,908.0,3012,0,0,1,Pedestrian
28,1773.0,876.0,1820.0,908.0,3013,0,0,1,Pedestrian
28,1773.0,876.0,1820.0,908.0,3014,0,0,1,Pedestrian
28,1773.0,876.0,1820.0,908.0,3015,0,0,1,Pedestrian
28,1773.0,876.0,1820.0,908.0,3016,0,0,1,Pedestrian
28,1773.0,876.0,1820.0,908.0,3017,0,0,1,Pedestrian
28,1773.0,876.0,1820.0,908.0,3018,0,0,1,Pedestrian
28,1773.0,876.0,1820.0,908.0,3019,0,0,1,Pedestrian
28,1773.0,876.0,1820.0,908.0,3020,0,0,1,Pedestrian
28,1773.0,876.0,1820.0,908.0,3021,0,0,1,Pedestrian
28,1773.0,876.0,1820.0,908.0,3022,0,0,1,Pedestrian
28,1773.0,876.0,1820.0,908.0,3023,0,0,1,Pedestrian
28,1773.0,876.0,1820.0,908.0,3024,0,0,1,Pedestrian
28,1773.0,876.0,1820.0,908.0,3025,0,0,1,Pedestrian
28,1773.0,876.0,1820.0,908.0,3026,0,0,1,Pedestrian
28,1773.0,876.0,1820.0,908.0,3027,0,0,1,Pedestrian
28,1773.0,876.0,1820.0,908.0,3028,0,0,1,Pedestrian
28,1773.0,876.0,1820.0,908.0,3029,0,0,1,Pedestrian
28,1773.0,876.0,1820.0,908.0,3030,0,0,1,Pedestrian
28,1773.0,876.0,1820.0,908.0,3031,0,0,1,Pedestrian
28,1773.0,876.0,1820.0,908.0,3032,0,0,1,Pedestrian
28,1773.0,876.0,1820.0,908.0,3033,0,0,1,Pedestrian
28,1773.0,876.0,1820.0,908.0,3034,0,0,1,Pedestrian
28,1773.0,876.0,1820.0,908.0,3035,0,0,1,Pedestrian
28,1773.0,876.0,1820.0,908.0,3036,0,0,1,Pedestrian
28,1773.0,876.0,1820.0,908.0,3037,0,0,1,Pedestrian
28,1773.0,876.0,1820.0,908.0,3038,0,0,1,Pedestrian
28,1773.0,876.0,1820.0,908.0,3039,0,0,1,Pedestrian
28,1773.0,876.0,1820.0,908.0,3040,0,0,1,Pedestrian
28,1773.0,876.0,1820.0,908.0,3041,0,0,1,Pedestrian
28,1773.0,876.0,1820.0,908.0,3042,0,0,1,Pedestrian
28,1773.0,876.0,1820.0,908.0,3043,0,0,1,Pedestrian
28,1773.0,876.0,1820.0,908.0,3044,0,0,1,Pedestrian
28,1773.0,876.0,1820.0,908.0,3045,0,0,1,Pedestrian
28,1773.0,876.0,1820.0,908.0,3046,0,0,1,Pedestrian
28,1773.0,876.0,1820.0,908.0,3047,0,0,1,Pedestrian
28,1773.0,876.0,1820.0,908.0,3048,0,0,1,Pedestrian
28,1773.0,876.0,1820.0,908.0,3049,0,0,1,Pedestrian
28,1773.0,876.0,1820.0,908.0,3050,0,0,1,Pedestrian
28,1773.0,876.0,1820.0,908.0,3051,0,0,1,Pedestrian
28,1773.0,876.0,1820.0,908.0,3052,0,0,1,Pedestrian
28,1773.0,876.0,1820.0,908.0,3053,0,0,1,Pedestrian
28,1773.0,876.0,1820.0,908.0,3054,0,0,1,Pedestrian
28,1773.0,876.0,1820.0,908.0,3055,0,0,1,Pedestrian
28,1773.0,876.0,1820.0,908.0,3056,0,0,1,Pedestrian
28,1773.0,876.0,1820.0,908.0,3057,0,0,1,Pedestrian
28,1773.0,876.0,1820.0,908.0,3058,0,0,1,Pedestrian
28,1773.0,876.0,1820.0,908.0,3059,0,0,1,Pedestrian
28,1773.0,876.0,1820.0,908.0,3060,0,0,1,Pedestrian
28,1773.0,876.0,1820.0,908.0,3061,0,0,1,Pedestrian
28,1773.0,876.0,1820.0,908.0,3062,0,0,1,Pedestrian
28,1773.0,876.0,1820.0,908.0,3063,0,0,1,Pedestrian
28,1773.0,876.0,1820.0,908.0,3064,0,0,1,Pedestrian
28,1773.0,876.0,1820.0,908.0,3065,0,0,1,Pedestrian
28,1773.0,876.0,1820.0,908.0,3066,0,0,1,Pedestrian
28,1773.0,876.0,1820.0,908.0,3067,0,0,1,Pedestrian
28,1773.0,876.0,1820.0,908.0,3068,0,0,1,Pedestrian
28,1773.0,876.0,1820.0,908.0,3069,0,0,1,Pedestrian
28,1773.0,876.0,1820.0,908.0,3070,0,0,1,Pedestrian
28,1773.0,876.0,1820.0,908.0,3071,0,0,1,Pedestrian
28,1773.0,876.0,1820.0,908.0,3072,0,0,1,Pedestrian
28,1773.0,876.0,1820.0,908.0,3073,0,0,1,Pedestrian
28,1773.0,876.0,1820.0,908.0,3074,0,0,1,Pedestrian
28,1773.0,876.0,1820.0,908.0,3075,0,0,1,Pedestrian
28,1773.0,876.0,1820.0,908.0,3076,0,0,1,Pedestrian
28,1773.0,876.0,1820.0,908.0,3077,0,0,1,Pedestrian
28,1773.0,876.0,1820.0,908.0,3078,0,0,1,Pedestrian
28,1773.0,876.0,1820.0,908.0,3079,0,0,1,Pedestrian
28,1773.0,876.0,1820.0,908.0,3080,0,0,1,Pedestrian
28,1773.0,876.0,1820.0,908.0,3081,0,0,1,Pedestrian
28,1773.0,876.0,1820.0,908.0,3082,0,0,1,Pedestrian
28,1773.0,876.0,1820.0,908.0,3083,0,0,1,Pedestrian
28,1773.0,876.0,1820.0,908.0,3084,0,0,1,Pedestrian
28,1773.0,876.0,1820.0,908.0,3085,0,0,1,Pedestrian
28,1773.0,876.0,1820.0,908.0,3086,0,0,1,Pedestrian
28,1773.0,876.0,1820.0,908.0,3087,0,0,1,Pedestrian
28,1773.0,876.0,1820.0,908.0,3088,0,0,1,Pedestrian
28,1773.0,876.0,1820.0,908.0,3089,0,0,1,Pedestrian
28,1773.0,876.0,1820.0,908.0,3090,0,0,1,Pedestrian
28,1773.0,876.0,1820.0,908.0,3091,0,0,1,Pedestrian
28,1773.0,876.0,1820.0,908.0,3092,0,0,1,Pedestrian
28,1773.0,876.0,1820.0,908.0,3093,0,0,1,Pedestrian
28,1773.0,876.0,1820.0,908.0,3094,0,0,1,Pedestrian
28,1773.0,876.0,1820.0,908.0,3095,0,0,1,Pedestrian
28,1773.0,876.0,1820.0,908.0,3096,0,0,1,Pedestrian
28,1773.0,876.0,1820.0,908.0,3097,0,0,1,Pedestrian
28,1773.0,876.0,1820.0,908.0,3098,0,0,1,Pedestrian
28,1773.0,876.0,1820.0,908.0,3099,0,0,1,Pedestrian
28,1773.0,876.0,1820.0,908.0,3100,0,0,1,Pedestrian
28,1773.0,876.0,1820.0,908.0,3101,0,0,1,Pedestrian
28,1773.0,876.0,1820.0,908.0,3102,0,0,1,Pedestrian
28,1773.0,876.0,1820.0,908.0,3103,0,0,1,Pedestrian
28,1773.0,876.0,1820.0,908.0,3104,0,0,1,Pedestrian
28,1773.0,876.0,1820.0,908.0,3105,0,0,1,Pedestrian
28,1773.0,876.0,1820.0,908.0,3106,0,0,1,Pedestrian
28,1773.0,876.0,1820.0,908.0,3107,0,0,1,Pedestrian
28,1773.0,876.0,1820.0,908.0,3108,0,0,1,Pedestrian
28,1773.0,876.0,1820.0,908.0,3109,0,0,1,Pedestrian
28,1773.0,876.0,1820.0,908.0,3110,0,0,1,Pedestrian
28,1773.0,876.0,1820.0,908.0,3111,0,0,1,Pedestrian
28,1773.0,876.0,1820.0,908.0,3112,0,0,1,Pedestrian
28,1773.0,876.0,1820.0,908.0,3113,0,0,1,Pedestrian
28,1773.0,876.0,1820.0,908.0,3114,0,0,1,Pedestrian
28,1773.0,876.0,1820.0,908.0,3115,0,0,1,Pedestrian
28,1773.0,876.0,1820.0,908.0,3116,0,0,1,Pedestrian
28,1773.0,876.0,1820.0,908.0,3117,0,0,1,Pedestrian
28,1773.0,876.0,1820.0,908.0,3118,0,0,1,Pedestrian
28,1773.0,876.0,1820.0,908.0,3119,0,0,1,Pedestrian
28,1773.0,876.0,1820.0,908.0,3120,0,0,1,Pedestrian
28,1773.0,876.0,1820.0,908.0,3121,0,0,1,Pedestrian
28,1773.0,876.0,1820.0,908.0,3122,0,0,1,Pedestrian
28,1773.0,876.0,1820.0,908.0,3123,0,0,1,Pedestrian
28,1773.0,876.0,1820.0,908.0,3124,0,0,1,Pedestrian
28,1773.0,876.0,1820.0,908.0,3125,0,0,1,Pedestrian
28,1773.0,876.0,1820.0,908.0,3126,0,0,1,Pedestrian
28,1773.0,876.0,1820.0,908.0,3127,0,0,1,Pedestrian
28,1773.0,876.0,1820.0,908.0,3128,0,0,1,Pedestrian
28,1773.0,876.0,1820.0,908.0,3129,0,0,1,Pedestrian
28,1773.0,876.0,1820.0,908.0,3130,0,0,1,Pedestrian
28,1773.0,876.0,1820.0,908.0,3131,0,0,1,Pedestrian
28,1773.0,876.0,1820.0,908.0,3132,0,0,1,Pedestrian
28,1773.0,876.0,1820.0,908.0,3133,0,0,1,Pedestrian
28,1773.0,876.0,1820.0,908.0,3134,0,0,1,Pedestrian
28,1773.0,876.0,1820.0,908.0,3135,0,0,1,Pedestrian
28,1773.0,876.0,1820.0,908.0,3136,0,0,1,Pedestrian
28,1773.0,876.0,1820.0,908.0,3137,0,0,1,Pedestrian
28,1773.0,876.0,1820.0,908.0,3138,0,0,1,Pedestrian
28,1773.0,876.0,1820.0,908.0,3139,0,0,1,Pedestrian
28,1773.0,876.0,1820.0,908.0,3140,0,0,1,Pedestrian
28,1773.0,876.0,1820.0,908.0,3141,0,0,1,Pedestrian
28,1773.0,876.0,1820.0,908.0,3142,0,0,1,Pedestrian
28,1773.0,876.0,1820.0,908.0,3143,0,0,1,Pedestrian
28,1773.0,876.0,1820.0,908.0,3144,0,0,1,Pedestrian
28,1773.0,876.0,1820.0,908.0,3145,0,0,1,Pedestrian
28,1773.0,876.0,1820.0,908.0,3146,0,0,1,Pedestrian
28,1773.0,876.0,1820.0,908.0,3147,0,0,1,Pedestrian
28,1773.0,876.0,1820.0,908.0,3148,0,0,1,Pedestrian
28,1773.0,876.0,1820.0,908.0,3149,0,0,1,Pedestrian
28,1773.0,876.0,1820.0,908.0,3150,0,0,1,Pedestrian
28,1773.0,876.0,1820.0,908.0,3151,0,0,1,Pedestrian
28,1773.0,876.0,1820.0,908.0,3152,0,0,1,Pedestrian
28,1773.0,876.0,1820.0,908.0,3153,0,0,1,Pedestrian
28,1773.0,876.0,1820.0,908.0,3154,0,0,1,Pedestrian
28,1773.0,876.0,1820.0,908.0,3155,0,0,1,Pedestrian
28,1773.0,876.0,1820.0,908.0,3156,0,0,1,Pedestrian
28,1773.0,876.0,1820.0,908.0,3157,0,0,1,Pedestrian
28,1773.0,876.0,1820.0,908.0,3158,0,0,1,Pedestrian
28,1773.0,876.0,1820.0,908.0,3159,0,0,1,Pedestrian
28,1773.0,876.0,1820.0,908.0,3160,0,0,1,Pedestrian
28,1773.0,876.0,1820.0,908.0,3161,0,0,1,Pedestrian
28,1773.0,876.0,1820.0,908.0,3162,0,0,1,Pedestrian
28,1773.0,876.0,1820.0,908.0,3163,0,0,1,Pedestrian
28,1773.0,876.0,1820.0,908.0,3164,0,0,1,Pedestrian
28,1773.0,876.0,1820.0,908.0,3165,0,0,1,Pedestrian
28,1773.0,876.0,1820.0,908.0,3166,0,0,1,Pedestrian
28,1773.0,876.0,1820.0,908.0,3167,0,0,1,Pedestrian
28,1773.0,876.0,1820.0,908.0,3168,0,0,1,Pedestrian
28,1773.0,876.0,1820.0,908.0,3169,0,0,1,Pedestrian
28,1773.0,876.0,1820.0,908.0,3170,0,0,1,Pedestrian
28,1773.0,876.0,1820.0,908.0,3171,0,0,1,Pedestrian
28,1773.0,876.0,1820.0,908.0,3172,0,0,1,Pedestrian
28,1773.0,876.0,1820.0,908.0,3173,0,0,1,Pedestrian
28,1773.0,876.0,1820.0,908.0,3174,0,0,1,Pedestrian
28,1773.0,876.0,1820.0,908.0,3175,0,0,1,Pedestrian
28,1773.0,876.0,1820.0,908.0,3176,0,0,1,Pedestrian
28,1773.0,876.0,1820.0,908.0,3177,0,0,1,Pedestrian
28,1773.0,876.0,1820.0,908.0,3178,0,0,1,Pedestrian
28,1773.0,876.0,1820.0,908.0,3179,0,0,1,Pedestrian
28,1773.0,876.0,1820.0,908.0,3180,0,0,1,Pedestrian
28,1773.0,876.0,1820.0,908.0,3181,0,0,1,Pedestrian
28,1773.0,876.0,1820.0,908.0,3182,0,0,1,Pedestrian
28,1773.0,876.0,1820.0,908.0,3183,0,0,1,Pedestrian
28,1773.0,876.0,1820.0,908.0,3184,0,0,1,Pedestrian
28,1773.0,876.0,1820.0,908.0,3185,0,0,1,Pedestrian
28,1773.0,876.0,1820.0,908.0,3186,0,0,1,Pedestrian
28,1773.0,876.0,1820.0,908.0,3187,0,0,1,Pedestrian
28,1773.0,876.0,1820.0,908.0,3188,0,0,1,Pedestrian
28,1773.0,876.0,1820.0,908.0,3189,0,0,1,Pedestrian
28,1773.0,876.0,1820.0,908.0,3190,0,0,1,Pedestrian
28,1773.0,876.0,1820.0,908.0,3191,0,0,1,Pedestrian
28,1773.0,876.0,1820.0,908.0,3192,0,0,1,Pedestrian
28,1773.0,876.0,1820.0,908.0,3193,0,0,1,Pedestrian
28,1773.0,876.0,1820.0,908.0,3194,0,0,1,Pedestrian
28,1773.0,876.0,1820.0,908.0,3195,0,0,1,Pedestrian
28,1773.0,876.0,1820.0,908.0,3196,0,0,1,Pedestrian
28,1773.0,876.0,1820.0,908.0,3197,0,0,1,Pedestrian
28,1773.0,876.0,1820.0,908.0,3198,0,0,1,Pedestrian
28,1773.0,876.0,1820.0,908.0,3199,0,0,1,Pedestrian
28,1773.0,876.0,1820.0,908.0,3200,0,0,1,Pedestrian
28,1773.0,876.0,1820.0,908.0,3201,0,0,1,Pedestrian
28,1773.0,876.0,1820.0,908.0,3202,0,0,1,Pedestrian
28,1773.0,876.0,1820.0,908.0,3203,0,0,1,Pedestrian
28,1773.0,876.0,1820.0,908.0,3204,0,0,1,Pedestrian
28,1773.0,876.0,1820.0,908.0,3205,0,0,1,Pedestrian
28,1773.0,876.0,1820.0,908.0,3206,0,0,1,Pedestrian
28,1773.0,876.0,1820.0,908.0,3207,0,0,1,Pedestrian
28,1773.0,876.0,1820.0,908.0,3208,0,0,1,Pedestrian
28,1773.0,876.0,1820.0,908.0,3209,0,0,1,Pedestrian
28,1773.0,876.0,1820.0,908.0,3210,0,0,1,Pedestrian
28,1773.0,876.0,1820.0,908.0,3211,0,0,1,Pedestrian
28,1773.0,876.0,1820.0,908.0,3212,0,0,1,Pedestrian
28,1773.0,876.0,1820.0,908.0,3213,0,0,1,Pedestrian
28,1773.0,876.0,1820.0,908.0,3214,0,0,1,Pedestrian
28,1773.0,876.0,1820.0,908.0,3215,0,0,1,Pedestrian
28,1773.0,876.0,1820.0,908.0,3216,0,0,1,Pedestrian
28,1773.0,876.0,1820.0,908.0,3217,0,0,1,Pedestrian
28,1773.0,876.0,1820.0,908.0,3218,0,0,1,Pedestrian
28,1773.0,876.0,1820.0,908.0,3219,0,0,1,Pedestrian
28,1773.0,876.0,1820.0,908.0,3220,0,0,1,Pedestrian
28,1773.0,876.0,1820.0,908.0,3221,0,0,1,Pedestrian
28,1773.0,876.0,1820.0,908.0,3222,0,0,1,Pedestrian
28,1773.0,876.0,1820.0,908.0,3223,0,0,1,Pedestrian
28,1773.0,876.0,1820.0,908.0,3224,0,0,1,Pedestrian
28,1773.0,876.0,1820.0,908.0,3225,0,0,1,Pedestrian
28,1773.0,876.0,1820.0,908.0,3226,0,0,1,Pedestrian
28,1773.0,876.0,1820.0,908.0,3227,0,0,1,Pedestrian
28,1773.0,876.0,1820.0,908.0,3228,0,0,1,Pedestrian
28,1773.0,876.0,1820.0,908.0,3229,0,0,1,Pedestrian
28,1773.0,876.0,1820.0,908.0,3230,0,0,1,Pedestrian
28,1773.0,876.0,1820.0,908.0,3231,0,0,1,Pedestrian
28,1773.0,876.0,1820.0,908.0,3232,0,0,1,Pedestrian
28,1773.0,876.0,1820.0,908.0,3233,0,0,1,Pedestrian
28,1773.0,876.0,1820.0,908.0,3234,0,0,1,Pedestrian
28,1773.0,876.0,1820.0,908.0,3235,0,0,1,Pedestrian
28,1773.0,876.0,1820.0,908.0,3236,0,0,1,Pedestrian
28,1773.0,876.0,1820.0,908.0,3237,0,0,1,Pedestrian
28,1773.0,876.0,1820.0,908.0,3238,0,0,1,Pedestrian
28,1773.0,876.0,1820.0,908.0,3239,0,0,1,Pedestrian
28,1773.0,876.0,1820.0,908.0,3240,0,0,1,Pedestrian
28,1773.0,876.0,1820.0,908.0,3241,0,0,1,Pedestrian
28,1773.0,876.0,1820.0,908.0,3242,0,0,1,Pedestrian
28,1773.0,876.0,1820.0,908.0,3243,0,0,1,Pedestrian
28,1773.0,876.0,1820.0,908.0,3244,0,0,1,Pedestrian
28,1773.0,876.0,1820.0,908.0,3245,0,0,1,Pedestrian
28,1773.0,876.0,1820.0,908.0,3246,0,0,1,Pedestrian
28,1773.0,876.0,1820.0,908.0,3247,0,0,1,Pedestrian
28,1773.0,876.0,1820.0,908.0,3248,0,0,1,Pedestrian
28,1773.0,876.0,1820.0,908.0,3249,0,0,1,Pedestrian
28,1773.0,876.0,1820.0,908.0,3250,0,0,1,Pedestrian
28,1773.0,876.0,1820.0,908.0,3251,0,0,1,Pedestrian
28,1773.0,876.0,1820.0,908.0,3252,0,0,1,Pedestrian
28,1773.0,876.0,1820.0,908.0,3253,0,0,1,Pedestrian
28,1773.0,876.0,1820.0,908.0,3254,0,0,1,Pedestrian
28,1773.0,876.0,1820.0,908.0,3255,0,0,1,Pedestrian
28,1773.0,876.0,1820.0,908.0,3256,0,0,1,Pedestrian
28,1773.0,876.0,1820.0,908.0,3257,0,0,1,Pedestrian
28,1773.0,876.0,1820.0,908.0,3258,0,0,1,Pedestrian
28,1773.0,876.0,1820.0,908.0,3259,0,0,1,Pedestrian
28,1773.0,876.0,1820.0,908.0,3260,0,0,1,Pedestrian
28,1773.0,876.0,1820.0,908.0,3261,0,0,1,Pedestrian
28,1773.0,876.0,1820.0,908.0,3262,0,0,1,Pedestrian
28,1773.0,876.0,1820.0,908.0,3263,0,0,1,Pedestrian
28,1773.0,876.0,1820.0,908.0,3264,0,0,1,Pedestrian
28,1773.0,876.0,1820.0,908.0,3265,0,0,1,Pedestrian
28,1773.0,876.0,1820.0,908.0,3266,0,0,1,Pedestrian
28,1773.0,876.0,1820.0,908.0,3267,0,0,1,Pedestrian
28,1773.0,876.0,1820.0,908.0,3268,0,0,1,Pedestrian
28,1773.0,876.0,1820.0,908.0,3269,0,0,1,Pedestrian
28,1773.0,876.0,1820.0,908.0,3270,0,0,1,Pedestrian
28,1773.0,876.0,1820.0,908.0,3271,0,0,1,Pedestrian
28,1773.0,876.0,1820.0,908.0,3272,0,0,1,Pedestrian
28,1773.0,876.0,1820.0,908.0,3273,0,0,1,Pedestrian
28,1773.0,876.0,1820.0,908.0,3274,0,0,1,Pedestrian
28,1773.0,876.0,1820.0,908.0,3275,0,0,1,Pedestrian
28,1773.0,876.0,1820.0,908.0,3276,0,0,1,Pedestrian
28,1773.0,876.0,1820.0,908.0,3277,0,0,1,Pedestrian
28,1773.0,876.0,1820.0,908.0,3278,0,0,1,Pedestrian
28,1773.0,876.0,1820.0,908.0,3279,0,0,1,Pedestrian
28,1773.0,876.0,1820.0,908.0,3280,0,0,1,Pedestrian
28,1773.0,876.0,1820.0,908.0,3281,0,0,1,Pedestrian
28,1773.0,876.0,1820.0,908.0,3282,0,0,1,Pedestrian
28,1773.0,876.0,1820.0,908.0,3283,0,0,1,Pedestrian
28,1773.0,876.0,1820.0,908.0,3284,0,0,1,Pedestrian
28,1773.0,876.0,1820.0,908.0,3285,0,0,1,Pedestrian
28,1773.0,876.0,1820.0,908.0,3286,0,0,1,Pedestrian
28,1773.0,876.0,1820.0,908.0,3287,0,0,1,Pedestrian
28,1773.0,876.0,1820.0,908.0,3288,0,0,1,Pedestrian
28,1773.0,876.0,1820.0,908.0,3289,0,0,1,Pedestrian
28,1773.0,876.0,1820.0,908.0,3290,0,0,1,Pedestrian
28,1773.0,876.0,1820.0,908.0,3291,0,0,1,Pedestrian
28,1773.0,876.0,1820.0,908.0,3292,0,0,1,Pedestrian
28,1773.0,876.0,1820.0,908.0,3293,0,0,1,Pedestrian
28,1773.0,876.0,1820.0,908.0,3294,0,0,1,Pedestrian
28,1773.0,876.0,1820.0,908.0,3295,0,0,1,Pedestrian
28,1773.0,876.0,1820.0,908.0,3296,0,0,1,Pedestrian
28,1773.0,876.0,1820.0,908.0,3297,0,0,1,Pedestrian
28,1773.0,876.0,1820.0,908.0,3298,0,0,1,Pedestrian
28,1773.0,876.0,1820.0,908.0,3299,0,0,1,Pedestrian
28,1773.0,876.0,1820.0,908.0,3300,0,0,1,Pedestrian
28,1773.0,876.0,1820.0,908.0,3301,0,0,1,Pedestrian
28,1773.0,876.0,1820.0,908.0,3302,0,0,1,Pedestrian
28,1773.0,876.0,1820.0,908.0,3303,0,0,1,Pedestrian
28,1773.0,876.0,1820.0,908.0,3304,0,0,1,Pedestrian
28,1773.0,876.0,1820.0,908.0,3305,0,0,1,Pedestrian
28,1773.0,876.0,1820.0,908.0,3306,0,0,1,Pedestrian
28,1773.0,876.0,1820.0,908.0,3307,0,0,1,Pedestrian
28,1773.0,876.0,1820.0,908.0,3308,0,0,1,Pedestrian
28,1773.0,876.0,1820.0,908.0,3309,0,0,1,Pedestrian
28,1773.0,876.0,1820.0,908.0,3310,0,0,1,Pedestrian
28,1773.0,876.0,1820.0,908.0,3311,0,0,1,Pedestrian
28,1773.0,876.0,1820.0,908.0,3312,0,0,1,Pedestrian
28,1773.0,876.0,1820.0,908.0,3313,0,0,1,Pedestrian
28,1773.0,876.0,1820.0,908.0,3314,0,0,1,Pedestrian
28,1773.0,876.0,1820.0,908.0,3315,0,0,1,Pedestrian
28,1773.0,876.0,1820.0,908.0,3316,0,0,1,Pedestrian
28,1773.0,876.0,1820.0,908.0,3317,0,0,1,Pedestrian
28,1773.0,876.0,1820.0,908.0,3318,0,0,1,Pedestrian
28,1773.0,876.0,1820.0,908.0,3319,0,0,1,Pedestrian
28,1773.0,876.0,1820.0,908.0,3320,0,0,1,Pedestrian
28,1773.0,876.0,1820.0,908.0,3321,0,0,1,Pedestrian
28,1773.0,876.0,1820.0,908.0,3322,0,0,1,Pedestrian
28,1773.0,876.0,1820.0,908.0,3323,0,0,1,Pedestrian
28,1773.0,876.0,1820.0,908.0,3324,0,0,1,Pedestrian
28,1773.0,876.0,1820.0,908.0,3325,0,0,1,Pedestrian
28,1773.0,876.0,1820.0,908.0,3326,0,0,1,Pedestrian
28,1773.0,876.0,1820.0,908.0,3327,0,0,1,Pedestrian
28,1773.0,876.0,1820.0,908.0,3328,0,0,1,Pedestrian
28,1773.0,876.0,1820.0,908.0,3329,0,0,1,Pedestrian
28,1773.0,876.0,1820.0,908.0,3330,0,0,1,Pedestrian
28,1773.0,876.0,1820.0,908.0,3331,0,0,1,Pedestrian
28,1773.0,876.0,1820.0,908.0,3332,0,0,1,Pedestrian
28,1773.0,876.0,1820.0,908.0,3333,0,0,1,Pedestrian
28,1773.0,876.0,1820.0,908.0,3334,0,0,1,Pedestrian
28,1773.0,876.0,1820.0,908.0,3335,0,0,1,Pedestrian
28,1773.0,876.0,1820.0,908.0,3336,0,0,1,Pedestrian
28,1773.0,876.0,1820.0,908.0,3337,0,0,1,Pedestrian
28,1773.0,876.0,1820.0,908.0,3338,0,0,1,Pedestrian
28,1773.0,876.0,1820.0,908.0,3339,0,0,1,Pedestrian
28,1773.0,876.0,1820.0,908.0,3340,0,0,1,Pedestrian
28,1773.0,876.0,1820.0,908.0,3341,0,0,1,Pedestrian
28,1773.0,876.0,1820.0,908.0,3342,0,0,1,Pedestrian
28,1773.0,876.0,1820.0,908.0,3343,0,0,1,Pedestrian
28,1773.0,876.0,1820.0,908.0,3344,0,0,1,Pedestrian
28,1773.0,876.0,1820.0,908.0,3345,0,0,1,Pedestrian
28,1773.0,876.0,1820.0,908.0,3346,0,0,1,Pedestrian
28,1773.0,876.0,1820.0,908.0,3347,0,0,1,Pedestrian
28,1773.0,876.0,1820.0,908.0,3348,0,0,1,Pedestrian
28,1773.0,876.0,1820.0,908.0,3349,0,0,1,Pedestrian
28,1773.0,876.0,1820.0,908.0,3350,0,0,1,Pedestrian
28,1773.0,876.0,1820.0,908.0,3351,0,0,1,Pedestrian
28,1773.0,876.0,1820.0,908.0,3352,0,0,1,Pedestrian
28,1773.0,876.0,1820.0,908.0,3353,0,0,1,Pedestrian
28,1773.0,876.0,1820.0,908.0,3354,0,0,1,Pedestrian
28,1773.0,876.0,1820.0,908.0,3355,0,0,1,Pedestrian
28,1773.0,876.0,1820.0,908.0,3356,0,0,1,Pedestrian
28,1773.0,876.0,1820.0,908.0,3357,0,0,1,Pedestrian
28,1773.0,876.0,1820.0,908.0,3358,0,0,1,Pedestrian
28,1773.0,876.0,1820.0,908.0,3359,0,0,1,Pedestrian
28,1773.0,876.0,1820.0,908.0,3360,0,0,1,Pedestrian
28,1773.0,876.0,1820.0,908.0,3361,0,0,1,Pedestrian
28,1773.0,876.0,1820.0,908.0,3362,0,0,1,Pedestrian
28,1773.0,876.0,1820.0,908.0,3363,0,0,1,Pedestrian
28,1773.0,876.0,1820.0,908.0,3364,0,0,1,Pedestrian
28,1773.0,876.0,1820.0,908.0,3365,0,0,1,Pedestrian
28,1773.0,876.0,1820.0,908.0,3366,0,0,1,Pedestrian
28,1773.0,876.0,1820.0,908.0,3367,0,0,1,Pedestrian
28,1773.0,876.0,1820.0,908.0,3368,0,0,1,Pedestrian
28,1773.0,876.0,1820.0,908.0,3369,0,0,1,Pedestrian
28,1773.0,876.0,1820.0,908.0,3370,0,0,1,Pedestrian
28,1773.0,876.0,1820.0,908.0,3371,0,0,1,Pedestrian
28,1773.0,876.0,1820.0,908.0,3372,0,0,1,Pedestrian
28,1773.0,876.0,1820.0,908.0,3373,0,0,1,Pedestrian
28,1773.0,876.0,1820.0,908.0,3374,0,0,1,Pedestrian
28,1773.0,876.0,1820.0,908.0,3375,0,0,1,Pedestrian
28,1773.0,876.0,1820.0,908.0,3376,0,0,1,Pedestrian
28,1773.0,876.0,1820.0,908.0,3377,0,0,1,Pedestrian
28,1773.0,876.0,1820.0,908.0,3378,0,0,1,Pedestrian
28,1773.0,876.0,1820.0,908.0,3379,0,0,1,Pedestrian
28,1773.0,876.0,1820.0,908.0,3380,0,0,1,Pedestrian
28,1773.0,876.0,1820.0,908.0,3381,0,0,1,Pedestrian
28,1773.0,876.0,1820.0,908.0,3382,0,0,1,Pedestrian
28,1773.0,876.0,1820.0,908.0,3383,0,0,1,Pedestrian
28,1773.0,876.0,1820.0,908.0,3384,0,0,1,Pedestrian
28,1773.0,876.0,1820.0,908.0,3385,0,0,1,Pedestrian
28,1773.0,876.0,1820.0,908.0,3386,0,0,1,Pedestrian
28,1773.0,876.0,1820.0,908.0,3387,0,0,1,Pedestrian
28,1773.0,876.0,1820.0,908.0,3388,0,0,1,Pedestrian
28,1773.0,876.0,1820.0,908.0,3389,0,0,1,Pedestrian
28,1773.0,876.0,1820.0,908.0,3390,0,0,1,Pedestrian
28,1773.0,876.0,1820.0,908.0,3391,0,0,1,Pedestrian
28,1773.0,876.0,1820.0,908.0,3392,0,0,1,Pedestrian
28,1773.0,876.0,1820.0,908.0,3393,0,0,1,Pedestrian
28,1773.0,876.0,1820.0,908.0,3394,0,0,1,Pedestrian
28,1773.0,876.0,1820.0,908.0,3395,0,0,1,Pedestrian
28,1773.0,876.0,1820.0,908.0,3396,0,0,1,Pedestrian
28,1773.0,876.0,1820.0,908.0,3397,0,0,1,Pedestrian
28,1773.0,876.0,1820.0,908.0,3398,0,0,1,Pedestrian
28,1773.0,876.0,1820.0,908.0,3399,0,0,1,Pedestrian
28,1773.0,876.0,1820.0,908.0,3400,0,0,1,Pedestrian
28,1773.0,876.0,1820.0,908.0,3401,0,0,1,Pedestrian
28,1773.0,876.0,1820.0,908.0,3402,0,0,1,Pedestrian
28,1773.0,876.0,1820.0,908.0,3403,0,0,1,Pedestrian
28,1773.0,876.0,1820.0,908.0,3404,0,0,1,Pedestrian
28,1773.0,876.0,1820.0,908.0,3405,0,0,1,Pedestrian
28,1773.0,876.0,1820.0,908.0,3406,0,0,1,Pedestrian
28,1773.0,876.0,1820.0,908.0,3407,0,0,1,Pedestrian
28,1773.0,876.0,1820.0,908.0,3408,0,0,1,Pedestrian
28,1773.0,876.0,1820.0,908.0,3409,0,0,1,Pedestrian
28,1773.0,876.0,1820.0,908.0,3410,0,0,1,Pedestrian
28,1773.0,876.0,1820.0,908.0,3411,0,0,1,Pedestrian
28,1773.0,876.0,1820.0,908.0,3412,0,0,1,Pedestrian
28,1773.0,876.0,1820.0,908.0,3413,0,0,1,Pedestrian
28,1773.0,876.0,1820.0,908.0,3414,0,0,1,Pedestrian
28,1773.0,876.0,1820.0,908.0,3415,0,0,1,Pedestrian
28,1773.0,876.0,1820.0,908.0,3416,0,0,1,Pedestrian
28,1773.0,876.0,1820.0,908.0,3417,0,0,1,Pedestrian
28,1773.0,876.0,1820.0,908.0,3418,0,0,1,Pedestrian
28,1773.0,876.0,1820.0,908.0,3419,0,0,1,Pedestrian
28,1773.0,876.0,1820.0,908.0,3420,0,0,1,Pedestrian
28,1773.0,876.0,1820.0,908.0,3421,0,0,1,Pedestrian
28,1773.0,876.0,1820.0,908.0,3422,0,0,1,Pedestrian
28,1773.0,876.0,1820.0,908.0,3423,0,0,1,Pedestrian
28,1773.0,876.0,1820.0,908.0,3424,0,0,1,Pedestrian
28,1773.0,876.0,1820.0,908.0,3425,0,0,1,Pedestrian
28,1773.0,876.0,1820.0,908.0,3426,0,0,1,Pedestrian
28,1773.0,876.0,1820.0,908.0,3427,0,0,1,Pedestrian
28,1773.0,876.0,1820.0,908.0,3428,0,0,1,Pedestrian
28,1773.0,876.0,1820.0,908.0,3429,0,0,1,Pedestrian
28,1773.0,876.0,1820.0,908.0,3430,0,0,1,Pedestrian
28,1773.0,876.0,1820.0,908.0,3431,0,0,1,Pedestrian
28,1773.0,876.0,1820.0,908.0,3432,0,0,1,Pedestrian
28,1773.0,876.0,1820.0,908.0,3433,0,0,1,Pedestrian
28,1773.0,876.0,1820.0,908.0,3434,0,0,1,Pedestrian
28,1773.0,876.0,1820.0,908.0,3435,0,0,1,Pedestrian
28,1773.0,876.0,1820.0,908.0,3436,0,0,1,Pedestrian
28,1773.0,876.0,1820.0,908.0,3437,0,0,1,Pedestrian
28,1773.0,876.0,1820.0,908.0,3438,0,0,1,Pedestrian
28,1773.0,876.0,1820.0,908.0,3439,0,0,1,Pedestrian
28,1773.0,876.0,1820.0,908.0,3440,0,0,1,Pedestrian
28,1773.0,876.0,1820.0,908.0,3441,0,0,1,Pedestrian
28,1773.0,876.0,1820.0,908.0,3442,0,0,1,Pedestrian
28,1773.0,876.0,1820.0,908.0,3443,0,0,1,Pedestrian
28,1773.0,876.0,1820.0,908.0,3444,0,0,1,Pedestrian
28,1773.0,876.0,1820.0,908.0,3445,0,0,1,Pedestrian
28,1773.0,876.0,1820.0,908.0,3446,0,0,1,Pedestrian
28,1773.0,876.0,1820.0,908.0,3447,0,0,1,Pedestrian
28,1773.0,876.0,1820.0,908.0,3448,0,0,1,Pedestrian
28,1773.0,876.0,1820.0,908.0,3449,0,0,1,Pedestrian
28,1773.0,876.0,1820.0,908.0,3450,0,0,1,Pedestrian
28,1773.0,876.0,1820.0,908.0,3451,0,0,1,Pedestrian
28,1773.0,876.0,1820.0,908.0,3452,0,0,1,Pedestrian
28,1773.0,876.0,1820.0,908.0,3453,0,0,1,Pedestrian
28,1773.0,876.0,1820.0,908.0,3454,0,0,1,Pedestrian
28,1773.0,876.0,1820.0,908.0,3455,0,0,1,Pedestrian
28,1773.0,876.0,1820.0,908.0,3456,0,0,1,Pedestrian
28,1773.0,876.0,1820.0,908.0,3457,0,0,1,Pedestrian
28,1773.0,876.0,1820.0,908.0,3458,0,0,1,Pedestrian
28,1773.0,876.0,1820.0,908.0,3459,0,0,1,Pedestrian
28,1773.0,876.0,1820.0,908.0,3460,0,0,1,Pedestrian
28,1773.0,876.0,1820.0,908.0,3461,0,0,1,Pedestrian
28,1773.0,876.0,1820.0,908.0,3462,0,0,1,Pedestrian
28,1773.0,876.0,1820.0,908.0,3463,0,0,1,Pedestrian
28,1773.0,876.0,1820.0,908.0,3464,0,0,1,Pedestrian
28,1773.0,876.0,1820.0,908.0,3465,0,0,1,Pedestrian
28,1773.0,876.0,1820.0,908.0,3466,0,0,1,Pedestrian
28,1773.0,876.0,1820.0,908.0,3467,0,0,1,Pedestrian
28,1773.0,876.0,1820.0,908.0,3468,0,0,1,Pedestrian
28,1773.0,876.0,1820.0,908.0,3469,0,0,1,Pedestrian
28,1773.0,876.0,1820.0,908.0,3470,0,0,1,Pedestrian
28,1773.0,876.0,1820.0,908.0,3471,0,0,1,Pedestrian
28,1773.0,876.0,1820.0,908.0,3472,0,0,1,Pedestrian
28,1773.0,876.0,1820.0,908.0,3473,0,0,1,Pedestrian
28,1773.0,876.0,1820.0,908.0,3474,0,0,1,Pedestrian
28,1773.0,876.0,1820.0,908.0,3475,0,0,1,Pedestrian
28,1773.0,876.0,1820.0,908.0,3476,0,0,1,Pedestrian
28,1773.0,876.0,1820.0,908.0,3477,0,0,1,Pedestrian
28,1773.0,876.0,1820.0,908.0,3478,0,0,1,Pedestrian
28,1773.0,876.0,1820.0,908.0,3479,0,0,1,Pedestrian
28,1773.0,876.0,1820.0,908.0,3480,0,0,1,Pedestrian
28,1773.0,876.0,1820.0,908.0,3481,0,0,1,Pedestrian
28,1773.0,876.0,1820.0,908.0,3482,0,0,1,Pedestrian
28,1773.0,876.0,1820.0,908.0,3483,0,0,1,Pedestrian
28,1773.0,876.0,1820.0,908.0,3484,0,0,1,Pedestrian
28,1773.0,876.0,1820.0,908.0,3485,0,0,1,Pedestrian
28,1773.0,876.0,1820.0,908.0,3486,0,0,1,Pedestrian
28,1773.0,876.0,1820.0,908.0,3487,0,0,1,Pedestrian
28,1773.0,876.0,1820.0,908.0,3488,0,0,1,Pedestrian
28,1773.0,876.0,1820.0,908.0,3489,0,0,1,Pedestrian
28,1773.0,876.0,1820.0,908.0,3490,0,0,1,Pedestrian
28,1773.0,876.0,1820.0,908.0,3491,0,0,1,Pedestrian
28,1773.0,876.0,1820.0,908.0,3492,0,0,1,Pedestrian
28,1773.0,876.0,1820.0,908.0,3493,0,0,1,Pedestrian
28,1773.0,876.0,1820.0,908.0,3494,0,0,1,Pedestrian
28,1773.0,876.0,1820.0,908.0,3495,0,0,1,Pedestrian
28,1773.0,876.0,1820.0,908.0,3496,0,0,1,Pedestrian
28,1773.0,876.0,1820.0,908.0,3497,0,0,1,Pedestrian
28,1773.0,876.0,1820.0,908.0,3498,0,0,1,Pedestrian
28,1773.0,876.0,1820.0,908.0,3499,0,0,1,Pedestrian
28,1773.0,876.0,1820.0,908.0,3500,0,0,1,Pedestrian
28,1773.0,876.0,1820.0,908.0,3501,0,0,1,Pedestrian
28,1773.0,876.0,1820.0,908.0,3502,0,0,1,Pedestrian
28,1773.0,876.0,1820.0,908.0,3503,0,0,1,Pedestrian
28,1773.0,876.0,1820.0,908.0,3504,0,0,1,Pedestrian
28,1773.0,876.0,1820.0,908.0,3505,0,0,1,Pedestrian
28,1773.0,876.0,1820.0,908.0,3506,0,0,1,Pedestrian
28,1773.0,876.0,1820.0,908.0,3507,0,0,1,Pedestrian
28,1773.0,876.0,1820.0,908.0,3508,0,0,1,Pedestrian
28,1773.0,876.0,1820.0,908.0,3509,0,0,1,Pedestrian
28,1773.0,876.0,1820.0,908.0,3510,0,0,1,Pedestrian
28,1773.0,876.0,1820.0,908.0,3511,0,0,1,Pedestrian
28,1773.0,876.0,1820.0,908.0,3512,0,0,1,Pedestrian
28,1773.0,876.0,1820.0,908.0,3513,0,0,1,Pedestrian
28,1773.0,876.0,1820.0,908.0,3514,0,0,1,Pedestrian
28,1773.0,876.0,1820.0,908.0,3515,0,0,1,Pedestrian
28,1773.0,876.0,1820.0,908.0,3516,0,0,1,Pedestrian
28,1773.0,876.0,1820.0,908.0,3517,0,0,1,Pedestrian
28,1773.0,876.0,1820.0,908.0,3518,0,0,1,Pedestrian
28,1773.0,876.0,1820.0,908.0,3519,0,0,1,Pedestrian
28,1773.0,876.0,1820.0,908.0,3520,0,0,1,Pedestrian
28,1773.0,876.0,1820.0,908.0,3521,0,0,1,Pedestrian
28,1773.0,876.0,1820.0,908.0,3522,0,0,1,Pedestrian
28,1773.0,876.0,1820.0,908.0,3523,0,0,1,Pedestrian
28,1773.0,876.0,1820.0,908.0,3524,0,0,1,Pedestrian
28,1773.0,876.0,1820.0,908.0,3525,0,0,1,Pedestrian
28,1773.0,876.0,1820.0,908.0,3526,0,0,1,Pedestrian
28,1773.0,876.0,1820.0,908.0,3527,0,0,1,Pedestrian
28,1773.0,876.0,1820.0,908.0,3528,0,0,1,Pedestrian
28,1773.0,876.0,1820.0,908.0,3529,0,0,1,Pedestrian
28,1773.0,876.0,1820.0,908.0,3530,0,0,1,Pedestrian
28,1773.0,876.0,1820.0,908.0,3531,0,0,0,Pedestrian
29,1916.0,268.0,1977.0,352.0,9500,1,0,0,Pedestrian
29,1916.0,268.0,1977.0,352.0,9501,1,0,1,Pedestrian
29,1916.0,268.0,1977.0,352.0,9502,1,0,1,Pedestrian
29,1916.0,268.0,1977.0,352.0,9503,1,0,1,Pedestrian
29,1916.0,270.0,1977.0,355.0,9504,1,0,1,Pedestrian
29,1916.0,270.0,1977.0,355.0,9505,1,0,1,Pedestrian
29,1916.0,270.0,1977.0,355.0,9506,1,0,1,Pedestrian
29,1916.0,270.0,1977.0,355.0,9507,1,0,1,Pedestrian
29,1916.0,273.0,1977.0,357.0,9508,1,0,1,Pedestrian
29,1916.0,273.0,1977.0,357.0,9509,1,0,1,Pedestrian
29,1916.0,273.0,1977.0,357.0,9510,1,0,1,Pedestrian
29,1916.0,273.0,1977.0,357.0,9511,1,0,1,Pedestrian
29,1916.0,275.0,1977.0,359.0,9512,1,0,1,Pedestrian
29,1916.0,275.0,1977.0,359.0,9513,1,0,1,Pedestrian
29,1916.0,275.0,1977.0,359.0,9514,1,0,1,Pedestrian
29,1919.0,275.0,1977.0,359.0,9515,1,0,1,Pedestrian
29,1919.0,277.0,1977.0,362.0,9516,1,0,1,Pedestrian
29,1919.0,277.0,1977.0,362.0,9517,1,0,1,Pedestrian
29,1919.0,277.0,1977.0,362.0,9518,1,0,1,Pedestrian
29,1919.0,277.0,1977.0,362.0,9519,1,0,1,Pedestrian
29,1919.0,280.0,1977.0,364.0,9520,1,0,1,Pedestrian
29,1919.0,280.0,1977.0,364.0,9521,1,0,1,Pedestrian
29,1919.0,280.0,1977.0,364.0,9522,1,0,1,Pedestrian
29,1919.0,282.0,1977.0,366.0,9523,1,0,1,Pedestrian
29,1919.0,282.0,1977.0,366.0,9524,1,0,1,Pedestrian
29,1919.0,282.0,1977.0,366.0,9525,1,0,1,Pedestrian
29,1919.0,282.0,1977.0,366.0,9526,1,0,1,Pedestrian
29,1919.0,284.0,1977.0,368.0,9527,1,0,1,Pedestrian
29,1919.0,284.0,1977.0,368.0,9528,1,0,1,Pedestrian
29,1919.0,284.0,1977.0,368.0,9529,1,0,1,Pedestrian
29,1922.0,284.0,1977.0,368.0,9530,1,0,1,Pedestrian
29,1922.0,286.0,1977.0,371.0,9531,1,0,1,Pedestrian
29,1922.0,286.0,1977.0,371.0,9532,1,0,1,Pedestrian
29,1922.0,286.0,1977.0,371.0,9533,1,0,1,Pedestrian
29,1922.0,286.0,1977.0,371.0,9534,1,0,1,Pedestrian
29,1922.0,289.0,1977.0,373.0,9535,1,0,1,Pedestrian
29,1922.0,289.0,1977.0,373.0,9536,1,0,1,Pedestrian
29,1922.0,289.0,1977.0,373.0,9537,1,0,1,Pedestrian
29,1922.0,289.0,1977.0,373.0,9538,1,0,1,Pedestrian
29,1922.0,291.0,1977.0,375.0,9539,1,0,1,Pedestrian
29,1922.0,291.0,1977.0,375.0,9540,1,0,1,Pedestrian
29,1922.0,291.0,1977.0,375.0,9541,1,0,1,Pedestrian
29,1922.0,293.0,1977.0,377.0,9542,1,0,1,Pedestrian
29,1922.0,293.0,1977.0,377.0,9543,1,0,1,Pedestrian
29,1922.0,293.0,1977.0,377.0,9544,1,0,1,Pedestrian
29,1925.0,293.0,1977.0,377.0,9545,1,0,1,Pedestrian
29,1925.0,296.0,1977.0,380.0,9546,1,0,1,Pedestrian
29,1925.0,296.0,1977.0,380.0,9547,1,0,1,Pedestrian
29,1925.0,296.0,1977.0,380.0,9548,1,0,1,Pedestrian
29,1925.0,296.0,1977.0,380.0,9549,1,0,1,Pedestrian
29,1925.0,298.0,1977.0,382.0,9550,1,0,1,Pedestrian
29,1925.0,298.0,1977.0,382.0,9551,1,0,1,Pedestrian
29,1925.0,298.0,1977.0,382.0,9552,1,0,1,Pedestrian
29,1925.0,298.0,1977.0,382.0,9553,1,0,1,Pedestrian
29,1925.0,300.0,1977.0,384.0,9554,1,0,1,Pedestrian
29,1925.0,300.0,1977.0,384.0,9555,1,0,1,Pedestrian
29,1925.0,300.0,1977.0,384.0,9556,1,0,1,Pedestrian
29,1925.0,300.0,1977.0,384.0,9557,1,0,1,Pedestrian
29,1925.0,302.0,1977.0,387.0,9558,1,0,1,Pedestrian
29,1927.0,302.0,1977.0,387.0,9559,1,0,1,Pedestrian
29,1927.0,302.0,1977.0,387.0,9560,1,0,1,Pedestrian
29,1927.0,302.0,1977.0,387.0,9561,1,0,1,Pedestrian
29,1927.0,305.0,1977.0,389.0,9562,1,0,1,Pedestrian
29,1927.0,305.0,1977.0,389.0,9563,1,0,1,Pedestrian
29,1927.0,305.0,1977.0,389.0,9564,1,0,1,Pedestrian
29,1927.0,307.0,1977.0,391.0,9565,1,0,1,Pedestrian
29,1927.0,307.0,1977.0,391.0,9566,1,0,1,Pedestrian
29,1927.0,307.0,1977.0,391.0,9567,1,0,1,Pedestrian
29,1927.0,307.0,1977.0,391.0,9568,1,0,1,Pedestrian
29,1927.0,309.0,1977.0,393.0,9569,1,0,1,Pedestrian
29,1927.0,309.0,1977.0,393.0,9570,1,0,1,Pedestrian
29,1927.0,309.0,1977.0,393.0,9571,1,0,1,Pedestrian
29,1927.0,309.0,1977.0,393.0,9572,1,0,1,Pedestrian
29,1927.0,311.0,1977.0,396.0,9573,1,0,1,Pedestrian
29,1930.0,311.0,1977.0,396.0,9574,1,0,1,Pedestrian
29,1930.0,311.0,1977.0,396.0,9575,1,0,1,Pedestrian
29,1930.0,311.0,1977.0,396.0,9576,1,0,1,Pedestrian
29,1930.0,314.0,1977.0,398.0,9577,1,0,1,Pedestrian
29,1930.0,314.0,1977.0,398.0,9578,1,0,1,Pedestrian
29,1930.0,314.0,1977.0,398.0,9579,1,0,1,Pedestrian
29,1930.0,314.0,1977.0,398.0,9580,1,0,1,Pedestrian
29,1930.0,316.0,1977.0,400.0,9581,1,0,1,Pedestrian
29,1930.0,316.0,1977.0,400.0,9582,1,0,1,Pedestrian
29,1930.0,316.0,1977.0,400.0,9583,1,0,1,Pedestrian
29,1930.0,318.0,1977.0,403.0,9584,1,0,1,Pedestrian
29,1930.0,318.0,1977.0,403.0,9585,1,0,1,Pedestrian
29,1930.0,318.0,1977.0,403.0,9586,1,0,1,Pedestrian
29,1930.0,318.0,1977.0,403.0,9587,1,0,1,Pedestrian
29,1930.0,321.0,1977.0,405.0,9588,1,0,1,Pedestrian
29,1933.0,321.0,1977.0,405.0,9589,1,0,1,Pedestrian
29,1933.0,321.0,1977.0,405.0,9590,1,0,1,Pedestrian
29,1933.0,321.0,1977.0,405.0,9591,1,0,1,Pedestrian
29,1933.0,323.0,1977.0,407.0,9592,1,0,1,Pedestrian
29,1933.0,323.0,1977.0,407.0,9593,1,0,1,Pedestrian
29,1933.0,323.0,1977.0,407.0,9594,1,0,1,Pedestrian
29,1933.0,323.0,1977.0,407.0,9595,1,0,1,Pedestrian
29,1933.0,325.0,1977.0,409.0,9596,1,0,1,Pedestrian
29,1933.0,325.0,1977.0,409.0,9597,1,0,1,Pedestrian
29,1933.0,325.0,1977.0,409.0,9598,1,0,1,Pedestrian
29,1933.0,325.0,1977.0,409.0,9599,1,0,1,Pedestrian
29,1933.0,327.0,1977.0,412.0,9600,1,0,1,Pedestrian
29,1933.0,327.0,1977.0,412.0,9601,1,0,1,Pedestrian
29,1933.0,327.0,1977.0,412.0,9602,1,0,1,Pedestrian
29,1936.0,330.0,1977.0,414.0,9603,0,0,0,Pedestrian
29,1933.0,330.0,1977.0,414.0,9604,0,0,1,Pedestrian
29,1933.0,330.0,1977.0,414.0,9605,0,0,1,Pedestrian
29,1930.0,330.0,1977.0,414.0,9606,0,0,1,Pedestrian
29,1930.0,330.0,1977.0,414.0,9607,0,0,1,Pedestrian
29,1930.0,330.0,1977.0,414.0,9608,0,0,1,Pedestrian
29,1927.0,330.0,1977.0,414.0,9609,0,0,1,Pedestrian
29,1927.0,330.0,1977.0,414.0,9610,0,0,1,Pedestrian
29,1925.0,330.0,1977.0,414.0,9611,0,0,1,Pedestrian
29,1925.0,330.0,1977.0,414.0,9612,0,0,1,Pedestrian
29,1925.0,332.0,1977.0,416.0,9613,0,0,0,Pedestrian
29,1922.0,330.0,1977.0,414.0,9614,0,0,1,Pedestrian
29,1922.0,330.0,1977.0,414.0,9615,0,0,1,Pedestrian
29,1922.0,330.0,1977.0,414.0,9616,0,0,1,Pedestrian
29,1922.0,327.0,1977.0,412.0,9617,0,0,1,Pedestrian
29,1922.0,327.0,1977.0,412.0,9618,0,0,1,Pedestrian
29,1922.0,327.0,1977.0,412.0,9619,0,0,1,Pedestrian
29,1922.0,325.0,1977.0,409.0,9620,0,0,1,Pedestrian
29,1922.0,325.0,1977.0,409.0,9621,0,0,1,Pedestrian
29,1922.0,325.0,1977.0,409.0,9622,0,0,1,Pedestrian
29,1922.0,323.0,1977.0,407.0,9623,0,0,1,Pedestrian
29,1922.0,323.0,1977.0,407.0,9624,0,0,1,Pedestrian
29,1922.0,323.0,1977.0,407.0,9625,0,0,1,Pedestrian
29,1922.0,321.0,1977.0,405.0,9626,0,0,1,Pedestrian
29,1922.0,321.0,1977.0,405.0,9627,0,0,1,Pedestrian
29,1922.0,321.0,1977.0,405.0,9628,0,0,1,Pedestrian
29,1922.0,318.0,1977.0,403.0,9629,0,0,1,Pedestrian
29,1922.0,318.0,1977.0,403.0,9630,0,0,1,Pedestrian
29,1922.0,318.0,1977.0,403.0,9631,0,0,1,Pedestrian
29,1922.0,316.0,1977.0,400.0,9632,0,0,1,Pedestrian
29,1922.0,316.0,1977.0,400.0,9633,0,0,1,Pedestrian
29,1922.0,316.0,1977.0,400.0,9634,0,0,1,Pedestrian
29,1922.0,314.0,1977.0,398.0,9635,0,0,1,Pedestrian
29,1922.0,314.0,1977.0,398.0,9636,0,0,1,Pedestrian
29,1922.0,314.0,1977.0,398.0,9637,0,0,1,Pedestrian
29,1922.0,311.0,1977.0,396.0,9638,0,0,1,Pedestrian
29,1922.0,311.0,1977.0,396.0,9639,0,0,1,Pedestrian
29,1922.0,311.0,1977.0,396.0,9640,0,0,1,Pedestrian
29,1922.0,309.0,1977.0,393.0,9641,0,0,1,Pedestrian
29,1922.0,309.0,1977.0,393.0,9642,0,0,1,Pedestrian
29,1919.0,309.0,1977.0,393.0,9643,0,0,1,Pedestrian
29,1919.0,309.0,1977.0,393.0,9644,0,0,1,Pedestrian
29,1919.0,307.0,1977.0,391.0,9645,0,0,1,Pedestrian
29,1919.0,307.0,1977.0,391.0,9646,0,0,1,Pedestrian
29,1919.0,307.0,1977.0,391.0,9647,0,0,1,Pedestrian
29,1919.0,305.0,1977.0,389.0,9648,0,0,1,Pedestrian
29,1919.0,305.0,1977.0,389.0,9649,0,0,1,Pedestrian
29,1919.0,305.0,1977.0,389.0,9650,0,0,1,Pedestrian
29,1919.0,302.0,1977.0,387.0,9651,0,0,1,Pedestrian
29,1919.0,302.0,1977.0,387.0,9652,0,0,1,Pedestrian
29,1919.0,302.0,1977.0,387.0,9653,0,0,1,Pedestrian
29,1919.0,300.0,1977.0,384.0,9654,0,0,1,Pedestrian
29,1919.0,300.0,1977.0,384.0,9655,0,0,1,Pedestrian
29,1919.0,300.0,1977.0,384.0,9656,0,0,1,Pedestrian
29,1919.0,298.0,1977.0,382.0,9657,0,0,1,Pedestrian
29,1919.0,298.0,1977.0,382.0,9658,0,0,1,Pedestrian
29,1919.0,298.0,1977.0,382.0,9659,0,0,1,Pedestrian
29,1919.0,296.0,1977.0,380.0,9660,0,0,1,Pedestrian
29,1919.0,296.0,1977.0,380.0,9661,0,0,1,Pedestrian
29,1919.0,296.0,1977.0,380.0,9662,0,0,1,Pedestrian
29,1919.0,293.0,1977.0,377.0,9663,0,0,1,Pedestrian
29,1919.0,293.0,1977.0,377.0,9664,0,0,1,Pedestrian
29,1919.0,293.0,1977.0,377.0,9665,0,0,1,Pedestrian
29,1919.0,291.0,1977.0,375.0,9666,0,0,1,Pedestrian
29,1919.0,291.0,1977.0,375.0,9667,0,0,1,Pedestrian
29,1919.0,291.0,1977.0,375.0,9668,0,0,1,Pedestrian
29,1919.0,289.0,1977.0,373.0,9669,0,0,1,Pedestrian
29,1919.0,289.0,1977.0,373.0,9670,0,0,1,Pedestrian
29,1919.0,289.0,1977.0,373.0,9671,0,0,1,Pedestrian
29,1916.0,289.0,1977.0,373.0,9672,0,0,1,Pedestrian
29,1916.0,286.0,1977.0,371.0,9673,0,0,1,Pedestrian
29,1916.0,286.0,1977.0,371.0,9674,0,0,1,Pedestrian
29,1916.0,286.0,1977.0,371.0,9675,0,0,1,Pedestrian
29,1916.0,284.0,1977.0,368.0,9676,0,0,1,Pedestrian
29,1916.0,284.0,1977.0,368.0,9677,0,0,1,Pedestrian
29,1916.0,284.0,1977.0,368.0,9678,0,0,1,Pedestrian
29,1916.0,282.0,1977.0,366.0,9679,0,0,1,Pedestrian
29,1916.0,282.0,1977.0,366.0,9680,0,0,1,Pedestrian
29,1916.0,282.0,1977.0,366.0,9681,0,0,1,Pedestrian
29,1916.0,280.0,1977.0,364.0,9682,0,0,1,Pedestrian
29,1916.0,280.0,1977.0,364.0,9683,0,0,1,Pedestrian
29,1916.0,280.0,1977.0,364.0,9684,0,0,1,Pedestrian
29,1916.0,277.0,1977.0,362.0,9685,0,0,1,Pedestrian
29,1916.0,277.0,1977.0,362.0,9686,0,0,1,Pedestrian
29,1916.0,277.0,1977.0,362.0,9687,0,0,1,Pedestrian
29,1916.0,275.0,1977.0,359.0,9688,0,0,1,Pedestrian
29,1916.0,275.0,1977.0,359.0,9689,0,0,1,Pedestrian
29,1916.0,275.0,1977.0,359.0,9690,0,0,1,Pedestrian
29,1916.0,273.0,1977.0,357.0,9691,0,0,1,Pedestrian
29,1916.0,273.0,1977.0,357.0,9692,0,0,1,Pedestrian
29,1916.0,273.0,1977.0,357.0,9693,0,0,1,Pedestrian
29,1916.0,270.0,1977.0,355.0,9694,0,0,1,Pedestrian
29,1916.0,270.0,1977.0,355.0,9695,0,0,1,Pedestrian
29,1916.0,270.0,1977.0,355.0,9696,0,0,1,Pedestrian
29,1916.0,268.0,1977.0,352.0,9697,0,0,1,Pedestrian
29,1916.0,268.0,1977.0,352.0,9698,0,0,1,Pedestrian
29,1916.0,268.0,1977.0,352.0,9699,0,0,1,Pedestrian
29,1916.0,268.0,1977.0,352.0,9700,0,0,0,Pedestrian
29,1914.0,266.0,1974.0,350.0,9701,0,0,1,Pedestrian
29,1914.0,264.0,1974.0,348.0,9702,0,0,1,Pedestrian
29,1914.0,264.0,1974.0,348.0,9703,0,0,1,Pedestrian
29,1914.0,261.0,1974.0,346.0,9704,0,0,1,Pedestrian
29,1911.0,261.0,1971.0,346.0,9705,0,0,1,Pedestrian
29,1911.0,259.0,1971.0,343.0,9706,0,0,1,Pedestrian
29,1911.0,257.0,1971.0,343.0,9707,0,0,1,Pedestrian
29,1911.0,257.0,1971.0,341.0,9708,0,0,1,Pedestrian
29,1908.0,255.0,1969.0,341.0,9709,0,0,1,Pedestrian
29,1908.0,255.0,1969.0,339.0,9710,0,0,1,Pedestrian
29,1908.0,252.0,1969.0,337.0,9711,0,0,1,Pedestrian
29,1908.0,252.0,1969.0,337.0,9712,0,0,1,Pedestrian
29,1905.0,250.0,1966.0,334.0,9713,0,0,1,Pedestrian
29,1905.0,248.0,1966.0,334.0,9714,0,0,1,Pedestrian
29,1905.0,248.0,1966.0,332.0,9715,0,0,1,Pedestrian
29,1905.0,245.0,1966.0,332.0,9716,0,0,1,Pedestrian
29,1903.0,245.0,1963.0,330.0,9717,0,0,1,Pedestrian
29,1903.0,243.0,1963.0,330.0,9718,0,0,1,Pedestrian
29,1903.0,243.0,1963.0,327.0,9719,0,0,1,Pedestrian
29,1903.0,241.0,1963.0,327.0,9720,0,0,1,Pedestrian
29,1900.0,239.0,1960.0,325.0,9721,0,0,1,Pedestrian
29,1900.0,239.0,1960.0,323.0,9722,0,0,1,Pedestrian
29,1900.0,236.0,1960.0,323.0,9723,0,0,1,Pedestrian
29,1900.0,236.0,1960.0,321.0,9724,0,0,1,Pedestrian
29,1897.0,234.0,1958.0,321.0,9725,0,0,1,Pedestrian
29,1897.0,234.0,1958.0,318.0,9726,0,0,1,Pedestrian
29,1897.0,232.0,1958.0,318.0,9727,0,0,1,Pedestrian
29,1897.0,229.0,1958.0,316.0,9728,0,0,1,Pedestrian
29,1894.0,229.0,1955.0,316.0,9729,0,0,1,Pedestrian
29,1894.0,227.0,1955.0,314.0,9730,0,0,1,Pedestrian
29,1894.0,227.0,1955.0,311.0,9731,0,0,1,Pedestrian
29,1894.0,225.0,1955.0,311.0,9732,0,0,1,Pedestrian
29,1892.0,225.0,1952.0,309.0,9733,0,0,1,Pedestrian
29,1892.0,223.0,1952.0,309.0,9734,0,0,1,Pedestrian
29,1892.0,220.0,1952.0,307.0,9735,0,0,1,Pedestrian
29,1892.0,220.0,1952.0,307.0,9736,0,0,1,Pedestrian
29,1889.0,218.0,1949.0,305.0,9737,0,0,1,Pedestrian
29,1889.0,218.0,1949.0,305.0,9738,0,0,1,Pedestrian
29,1889.0,216.0,1949.0,302.0,9739,0,0,1,Pedestrian
29,1889.0,216.0,1949.0,302.0,9740,0,0,0,Pedestrian
29,1886.0,214.0,1947.0,300.0,9741,0,0,1,Pedestrian
29,1886.0,211.0,1947.0,298.0,9742,0,0,1,Pedestrian
29,1886.0,211.0,1947.0,298.0,9743,0,0,1,Pedestrian
29,1886.0,209.0,1947.0,296.0,9744,0,0,1,Pedestrian
29,1883.0,209.0,1944.0,296.0,9745,0,0,1,Pedestrian
29,1883.0,207.0,1944.0,293.0,9746,0,0,1,Pedestrian
29,1883.0,207.0,1944.0,293.0,9747,0,0,1,Pedestrian
29,1883.0,204.0,1944.0,291.0,9748,0,0,1,Pedestrian
29,1881.0,204.0,1941.0,291.0,9749,0,0,1,Pedestrian
29,1881.0,202.0,1941.0,289.0,9750,0,0,1,Pedestrian
29,1881.0,200.0,1941.0,286.0,9751,0,0,1,Pedestrian
29,1881.0,200.0,1941.0,286.0,9752,0,0,1,Pedestrian
29,1878.0,198.0,1938.0,284.0,9753,0,0,1,Pedestrian
29,1878.0,198.0,1938.0,284.0,9754,0,0,1,Pedestrian
29,1878.0,195.0,1938.0,282.0,9755,0,0,1,Pedestrian
29,1878.0,195.0,1938.0,282.0,9756,0,0,1,Pedestrian
29,1875.0,193.0,1936.0,280.0,9757,0,0,1,Pedestrian
29,1875.0,193.0,1936.0,280.0,9758,0,0,1,Pedestrian
29,1875.0,191.0,1936.0,277.0,9759,0,0,1,Pedestrian
29,1875.0,191.0,1936.0,277.0,9760,0,0,1,Pedestrian
29,1872.0,188.0,1933.0,275.0,9761,0,0,1,Pedestrian
29,1872.0,186.0,1933.0,273.0,9762,0,0,1,Pedestrian
29,1872.0,186.0,1933.0,273.0,9763,0,0,1,Pedestrian
29,1872.0,184.0,1933.0,270.0,9764,0,0,1,Pedestrian
29,1870.0,184.0,1930.0,270.0,9765,0,0,1,Pedestrian
29,1870.0,182.0,1930.0,268.0,9766,0,0,1,Pedestrian
29,1870.0,182.0,1930.0,268.0,9767,0,0,1,Pedestrian
29,1870.0,179.0,1930.0,266.0,9768,0,0,1,Pedestrian
29,1867.0,179.0,1927.0,266.0,9769,0,0,1,Pedestrian
29,1867.0,177.0,1927.0,264.0,9770,0,0,1,Pedestrian
29,1867.0,175.0,1927.0,261.0,9771,0,0,1,Pedestrian
29,1867.0,175.0,1927.0,261.0,9772,0,0,1,Pedestrian
29,1864.0,173.0,1925.0,259.0,9773,0,0,1,Pedestrian
29,1864.0,173.0,1925.0,259.0,9774,0,0,1,Pedestrian
29,1864.0,170.0,1925.0,257.0,9775,0,0,1,Pedestrian
29,1864.0,170.0,1925.0,257.0,9776,0,0,1,Pedestrian
29,1861.0,168.0,1922.0,255.0,9777,0,0,1,Pedestrian
29,1861.0,168.0,1922.0,255.0,9778,0,0,1,Pedestrian
29,1861.0,166.0,1922.0,252.0,9779,0,0,1,Pedestrian
29,1861.0,166.0,1922.0,252.0,9780,0,0,1,Pedestrian
29,1859.0,163.0,1919.0,250.0,9781,0,0,1,Pedestrian
29,1859.0,161.0,1919.0,248.0,9782,0,0,1,Pedestrian
29,1859.0,161.0,1919.0,248.0,9783,0,0,1,Pedestrian
29,1859.0,159.0,1919.0,245.0,9784,0,0,1,Pedestrian
29,1856.0,159.0,1916.0,245.0,9785,0,0,1,Pedestrian
29,1856.0,157.0,1916.0,243.0,9786,0,0,1,Pedestrian
29,1856.0,157.0,1916.0,243.0,9787,0,0,1,Pedestrian
29,1856.0,154.0,1916.0,241.0,9788,0,0,1,Pedestrian
29,1853.0,154.0,1914.0,241.0,9789,0,0,1,Pedestrian
29,1853.0,152.0,1914.0,239.0,9790,0,0,1,Pedestrian
29,1853.0,150.0,1914.0,236.0,9791,0,0,1,Pedestrian
29,1853.0,150.0,1914.0,236.0,9792,0,0,1,Pedestrian
29,1850.0,148.0,1911.0,234.0,9793,0,0,1,Pedestrian
29,1850.0,148.0,1911.0,234.0,9794,0,0,1,Pedestrian
29,1850.0,145.0,1911.0,232.0,9795,0,0,1,Pedestrian
29,1850.0,145.0,1911.0,232.0,9796,0,0,1,Pedestrian
29,1848.0,143.0,1908.0,229.0,9797,0,0,1,Pedestrian
29,1848.0,143.0,1908.0,229.0,9798,0,0,1,Pedestrian
29,1848.0,141.0,1908.0,227.0,9799,0,0,1,Pedestrian
29,1848.0,141.0,1908.0,227.0,9800,0,0,0,Pedestrian
29,1845.0,138.0,1905.0,225.0,9801,0,0,1,Pedestrian
29,1845.0,136.0,1905.0,223.0,9802,0,0,1,Pedestrian
29,1845.0,134.0,1905.0,220.0,9803,0,0,1,Pedestrian
29,1845.0,132.0,1905.0,218.0,9804,0,0,1,Pedestrian
29,1845.0,129.0,1905.0,216.0,9805,0,0,1,Pedestrian
29,1845.0,129.0,1905.0,216.0,9806,0,0,1,Pedestrian
29,1845.0,127.0,1905.0,214.0,9807,0,0,1,Pedestrian
29,1845.0,125.0,1905.0,211.0,9808,0,0,1,Pedestrian
29,1845.0,122.0,1905.0,209.0,9809,0,0,1,Pedestrian
29,1845.0,120.0,1905.0,207.0,9810,0,0,1,Pedestrian
29,1842.0,118.0,1903.0,204.0,9811,0,0,1,Pedestrian
29,1842.0,118.0,1903.0,204.0,9812,0,0,1,Pedestrian
29,1842.0,116.0,1903.0,202.0,9813,0,0,1,Pedestrian
29,1842.0,113.0,1903.0,200.0,9814,0,0,1,Pedestrian
29,1842.0,111.0,1903.0,198.0,9815,0,0,1,Pedestrian
29,1842.0,109.0,1903.0,195.0,9816,0,0,1,Pedestrian
29,1842.0,109.0,1903.0,195.0,9817,0,0,1,Pedestrian
29,1842.0,107.0,1903.0,193.0,9818,0,0,1,Pedestrian
29,1842.0,104.0,1903.0,191.0,9819,0,0,1,Pedestrian
29,1842.0,102.0,1903.0,188.0,9820,0,0,1,Pedestrian
29,1839.0,100.0,1900.0,186.0,9821,0,0,1,Pedestrian
29,1839.0,97.0,1900.0,184.0,9822,0,0,1,Pedestrian
29,1839.0,97.0,1900.0,184.0,9823,0,0,1,Pedestrian
29,1839.0,95.0,1900.0,182.0,9824,0,0,1,Pedestrian
29,1839.0,93.0,1900.0,179.0,9825,0,0,1,Pedestrian
29,1839.0,91.0,1900.0,177.0,9826,0,0,1,Pedestrian
29,1839.0,88.0,1900.0,175.0,9827,0,0,1,Pedestrian
29,1839.0,88.0,1900.0,175.0,9828,0,0,1,Pedestrian
29,1839.0,86.0,1900.0,173.0,9829,0,0,1,Pedestrian
29,1839.0,84.0,1900.0,170.0,9830,0,0,1,Pedestrian
29,1837.0,81.0,1897.0,168.0,9831,0,0,1,Pedestrian
29,1837.0,79.0,1897.0,166.0,9832,0,0,1,Pedestrian
29,1837.0,77.0,1897.0,163.0,9833,0,0,1,Pedestrian
29,1837.0,77.0,1897.0,163.0,9834,0,0,1,Pedestrian
29,1837.0,75.0,1897.0,161.0,9835,0,0,1,Pedestrian
29,1837.0,72.0,1897.0,159.0,9836,0,0,1,Pedestrian
29,1837.0,70.0,1897.0,157.0,9837,0,0,1,Pedestrian
29,1837.0,68.0,1897.0,154.0,9838,0,0,1,Pedestrian
29,1837.0,68.0,1897.0,154.0,9839,0,0,1,Pedestrian
29,1837.0,66.0,1897.0,152.0,9840,0,0,1,Pedestrian
29,1834.0,63.0,1894.0,150.0,9841,0,0,1,Pedestrian
29,1834.0,61.0,1894.0,148.0,9842,0,0,1,Pedestrian
29,1834.0,59.0,1894.0,145.0,9843,0,0,1,Pedestrian
29,1834.0,56.0,1894.0,143.0,9844,0,0,1,Pedestrian
29,1834.0,56.0,1894.0,143.0,9845,0,0,1,Pedestrian
29,1834.0,54.0,1894.0,141.0,9846,0,0,1,Pedestrian
29,1834.0,52.0,1894.0,138.0,9847,0,0,1,Pedestrian
29,1834.0,50.0,1894.0,136.0,9848,0,0,1,Pedestrian
29,1834.0,47.0,1894.0,134.0,9849,0,0,1,Pedestrian
29,1834.0,47.0,1894.0,134.0,9850,0,0,0,Pedestrian
29,1831.0,45.0,1892.0,129.0,9851,0,0,1,Pedestrian
29,1831.0,43.0,1892.0,127.0,9852,0,0,1,Pedestrian
29,1831.0,43.0,1892.0,125.0,9853,0,0,1,Pedestrian
29,1831.0,40.0,1892.0,122.0,9854,0,0,1,Pedestrian
29,1831.0,40.0,1892.0,120.0,9855,0,0,1,Pedestrian
29,1831.0,38.0,1892.0,116.0,9856,0,0,1,Pedestrian
29,1831.0,38.0,1892.0,113.0,9857,0,0,1,Pedestrian
29,1831.0,36.0,1892.0,111.0,9858,0,0,1,Pedestrian
29,1831.0,36.0,1892.0,109.0,9859,0,0,1,Pedestrian
29,1831.0,34.0,1892.0,107.0,9860,0,0,1,Pedestrian
29,1831.0,34.0,1889.0,104.0,9861,0,0,1,Pedestrian
29,1831.0,31.0,1889.0,100.0,9862,0,0,1,Pedestrian
29,1831.0,31.0,1889.0,97.0,9863,0,0,1,Pedestrian
29,1828.0,29.0,1889.0,95.0,9864,0,0,1,Pedestrian
29,1828.0,29.0,1889.0,93.0,9865,0,0,1,Pedestrian
29,1828.0,27.0,1889.0,91.0,9866,0,0,1,Pedestrian
29,1828.0,27.0,1889.0,88.0,9867,0,0,1,Pedestrian
29,1828.0,25.0,1889.0,84.0,9868,0,0,1,Pedestrian
29,1828.0,25.0,1889.0,81.0,9869,0,0,1,Pedestrian
29,1828.0,22.0,1889.0,79.0,9870,0,0,1,Pedestrian
29,1828.0,20.0,1886.0,77.0,9871,0,0,1,Pedestrian
29,1828.0,20.0,1886.0,75.0,9872,0,0,1,Pedestrian
29,1828.0,18.0,1886.0,70.0,9873,0,0,1,Pedestrian
29,1828.0,18.0,1886.0,68.0,9874,0,0,1,Pedestrian
29,1828.0,15.0,1886.0,66.0,9875,0,0,1,Pedestrian
29,1828.0,15.0,1886.0,63.0,9876,0,0,1,Pedestrian
29,1826.0,13.0,1886.0,61.0,9877,0,0,1,Pedestrian
29,1826.0,13.0,1886.0,59.0,9878,0,0,1,Pedestrian
29,1826.0,11.0,1886.0,54.0,9879,0,0,1,Pedestrian
29,1826.0,11.0,1886.0,52.0,9880,0,0,1,Pedestrian
29,1826.0,9.0,1883.0,50.0,9881,0,0,1,Pedestrian
29,1826.0,9.0,1883.0,47.0,9882,0,0,1,Pedestrian
29,1826.0,6.0,1883.0,45.0,9883,0,0,1,Pedestrian
29,1826.0,6.0,1883.0,43.0,9884,0,0,1,Pedestrian
29,1826.0,4.0,1883.0,38.0,9885,0,0,1,Pedestrian
29,1826.0,4.0,1883.0,36.0,9886,0,0,1,Pedestrian
29,1826.0,2.0,1883.0,34.0,9887,0,0,1,Pedestrian
29,1826.0,2.0,1883.0,31.0,9888,0,0,1,Pedestrian
29,1826.0,0.0,1883.0,29.0,9889,0,0,1,Pedestrian
29,1826.0,0.0,1883.0,27.0,9890,1,0,0,Pedestrian
29,1826.0,0.0,1883.0,27.0,9891,1,0,1,Pedestrian
29,1826.0,0.0,1883.0,27.0,9892,1,0,1,Pedestrian
29,1826.0,0.0,1883.0,27.0,9893,1,0,1,Pedestrian
29,1826.0,0.0,1883.0,27.0,9894,1,0,1,Pedestrian
29,1826.0,0.0,1883.0,27.0,9895,1,0,1,Pedestrian
29,1826.0,0.0,1883.0,27.0,9896,1,0,1,Pedestrian
29,1826.0,0.0,1883.0,27.0,9897,1,0,1,Pedestrian
29,1826.0,0.0,1883.0,27.0,9898,1,0,1,Pedestrian
29,1826.0,0.0,1883.0,27.0,9899,1,0,1,Pedestrian
29,1826.0,0.0,1883.0,27.0,9900,1,0,1,Pedestrian
29,1826.0,0.0,1883.0,27.0,9901,1,0,1,Pedestrian
29,1826.0,0.0,1883.0,27.0,9902,1,0,1,Pedestrian
29,1826.0,0.0,1883.0,27.0,9903,1,0,1,Pedestrian
29,1826.0,0.0,1883.0,27.0,9904,1,0,1,Pedestrian
29,1826.0,0.0,1883.0,27.0,9905,1,0,1,Pedestrian
29,1826.0,0.0,1883.0,27.0,9906,1,0,1,Pedestrian
29,1826.0,0.0,1883.0,27.0,9907,1,0,1,Pedestrian
29,1826.0,0.0,1883.0,27.0,9908,1,0,1,Pedestrian
29,1826.0,0.0,1883.0,27.0,9909,1,0,1,Pedestrian
29,1826.0,0.0,1883.0,27.0,9910,1,0,1,Pedestrian
29,1826.0,0.0,1883.0,27.0,9911,1,0,1,Pedestrian
29,1826.0,0.0,1883.0,27.0,9912,1,0,1,Pedestrian
29,1826.0,0.0,1883.0,27.0,9913,1,0,1,Pedestrian
29,1826.0,0.0,1883.0,27.0,9914,1,0,1,Pedestrian
29,1826.0,0.0,1883.0,27.0,9915,1,0,1,Pedestrian
29,1826.0,0.0,1883.0,27.0,9916,1,0,1,Pedestrian
29,1826.0,0.0,1883.0,27.0,9917,1,0,1,Pedestrian
29,1826.0,0.0,1883.0,27.0,9918,1,0,1,Pedestrian
29,1826.0,0.0,1883.0,27.0,9919,1,0,1,Pedestrian
29,1826.0,0.0,1883.0,27.0,9920,1,0,1,Pedestrian
29,1826.0,0.0,1883.0,27.0,9921,1,0,1,Pedestrian
29,1826.0,0.0,1883.0,27.0,9922,1,0,1,Pedestrian
29,1826.0,0.0,1883.0,27.0,9923,1,0,1,Pedestrian
29,1826.0,0.0,1883.0,27.0,9924,1,0,1,Pedestrian
29,1826.0,0.0,1883.0,27.0,9925,1,0,1,Pedestrian
29,1826.0,0.0,1883.0,27.0,9926,1,0,1,Pedestrian
29,1826.0,0.0,1883.0,27.0,9927,1,0,1,Pedestrian
29,1826.0,0.0,1883.0,27.0,9928,1,0,1,Pedestrian
29,1826.0,0.0,1883.0,27.0,9929,1,0,1,Pedestrian
29,1826.0,0.0,1883.0,27.0,9930,1,0,1,Pedestrian
29,1826.0,0.0,1883.0,27.0,9931,1,0,1,Pedestrian
29,1826.0,0.0,1883.0,27.0,9932,1,0,0,Pedestrian
29,1826.0,0.0,1883.0,27.0,9933,1,0,1,Pedestrian
29,1826.0,0.0,1883.0,27.0,9934,1,0,1,Pedestrian
29,1826.0,0.0,1883.0,27.0,9935,1,0,1,Pedestrian
29,1826.0,0.0,1883.0,27.0,9936,1,0,1,Pedestrian
29,1826.0,0.0,1883.0,27.0,9937,1,0,1,Pedestrian
29,1826.0,0.0,1883.0,27.0,9938,1,0,1,Pedestrian
29,1826.0,0.0,1883.0,27.0,9939,1,0,1,Pedestrian
29,1826.0,0.0,1883.0,27.0,9940,1,0,1,Pedestrian
29,1826.0,0.0,1883.0,27.0,9941,1,0,1,Pedestrian
29,1826.0,0.0,1883.0,27.0,9942,1,0,1,Pedestrian
29,1826.0,0.0,1883.0,27.0,9943,1,0,1,Pedestrian
29,1826.0,0.0,1883.0,27.0,9944,1,0,1,Pedestrian
29,1826.0,0.0,1883.0,27.0,9945,1,0,1,Pedestrian
29,1826.0,0.0,1883.0,27.0,9946,1,0,1,Pedestrian
29,1826.0,0.0,1883.0,27.0,9947,1,0,1,Pedestrian
29,1826.0,0.0,1883.0,27.0,9948,1,0,1,Pedestrian
29,1826.0,0.0,1883.0,27.0,9949,1,0,1,Pedestrian
29,1826.0,0.0,1883.0,27.0,9950,1,0,1,Pedestrian
29,1826.0,0.0,1883.0,27.0,9951,1,0,1,Pedestrian
29,1826.0,0.0,1883.0,27.0,9952,1,0,1,Pedestrian
29,1826.0,0.0,1883.0,27.0,9953,1,0,1,Pedestrian
29,1826.0,0.0,1883.0,27.0,9954,1,0,1,Pedestrian
29,1826.0,0.0,1883.0,27.0,9955,1,0,1,Pedestrian
29,1826.0,0.0,1883.0,27.0,9956,1,0,1,Pedestrian
29,1826.0,0.0,1883.0,27.0,9957,1,0,1,Pedestrian
29,1826.0,0.0,1883.0,27.0,9958,1,0,1,Pedestrian
29,1826.0,0.0,1883.0,27.0,9959,1,0,1,Pedestrian
29,1826.0,0.0,1883.0,27.0,9960,1,0,1,Pedestrian
29,1826.0,0.0,1883.0,27.0,9961,1,0,1,Pedestrian
29,1826.0,0.0,1883.0,27.0,9962,1,0,1,Pedestrian
29,1826.0,0.0,1883.0,27.0,9963,1,0,1,Pedestrian
29,1826.0,0.0,1883.0,27.0,9964,1,0,1,Pedestrian
29,1826.0,0.0,1883.0,27.0,9965,1,0,1,Pedestrian
29,1826.0,0.0,1883.0,27.0,9966,1,0,1,Pedestrian
29,1826.0,0.0,1883.0,27.0,9967,1,0,1,Pedestrian
29,1826.0,0.0,1883.0,27.0,9968,1,0,1,Pedestrian
29,1826.0,0.0,1883.0,27.0,9969,1,0,1,Pedestrian
29,1826.0,0.0,1883.0,27.0,9970,1,0,1,Pedestrian
29,1826.0,0.0,1883.0,27.0,9971,1,0,1,Pedestrian
29,1826.0,0.0,1883.0,27.0,9972,1,0,1,Pedestrian
29,1826.0,0.0,1883.0,27.0,9973,1,0,1,Pedestrian
29,1826.0,0.0,1883.0,27.0,9974,1,0,1,Pedestrian
29,1826.0,0.0,1883.0,27.0,9975,1,0,1,Pedestrian
29,1826.0,0.0,1883.0,27.0,9976,1,0,1,Pedestrian
29,1826.0,0.0,1883.0,27.0,9977,1,0,1,Pedestrian
29,1826.0,0.0,1883.0,27.0,9978,1,0,1,Pedestrian
29,1826.0,0.0,1883.0,27.0,9979,1,0,1,Pedestrian
29,1826.0,0.0,1883.0,27.0,9980,1,0,1,Pedestrian
29,1826.0,0.0,1883.0,27.0,9981,1,0,1,Pedestrian
29,1826.0,0.0,1883.0,27.0,9982,1,0,1,Pedestrian
29,1826.0,0.0,1883.0,27.0,9983,1,0,1,Pedestrian
29,1826.0,0.0,1883.0,27.0,9984,1,0,1,Pedestrian
29,1826.0,0.0,1883.0,27.0,9985,1,0,1,Pedestrian
29,1826.0,0.0,1883.0,27.0,9986,1,0,1,Pedestrian
29,1826.0,0.0,1883.0,27.0,9987,1,0,1,Pedestrian
29,1826.0,0.0,1883.0,27.0,9988,1,0,1,Pedestrian
29,1826.0,0.0,1883.0,27.0,9989,1,0,1,Pedestrian
29,1826.0,0.0,1883.0,27.0,9990,1,0,1,Pedestrian
29,1826.0,0.0,1883.0,27.0,9991,1,0,1,Pedestrian
29,1826.0,0.0,1883.0,27.0,9992,1,0,1,Pedestrian
29,1826.0,0.0,1883.0,27.0,9993,1,0,1,Pedestrian
29,1826.0,0.0,1883.0,27.0,9994,1,0,1,Pedestrian
29,1826.0,0.0,1883.0,27.0,9995,1,0,1,Pedestrian
29,1826.0,0.0,1883.0,27.0,9996,1,0,1,Pedestrian
29,1826.0,0.0,1883.0,27.0,9997,1,0,1,Pedestrian
29,1826.0,0.0,1883.0,27.0,9998,1,0,1,Pedestrian
29,1826.0,0.0,1883.0,27.0,9999,1,0,1,Pedestrian
29,1826.0,0.0,1883.0,27.0,10000,1,0,0,Pedestrian
29,1826.0,0.0,1883.0,27.0,10001,1,0,1,Pedestrian
29,1826.0,0.0,1883.0,27.0,10002,1,0,1,Pedestrian
29,1826.0,0.0,1883.0,27.0,10003,1,0,1,Pedestrian
29,1826.0,0.0,1883.0,27.0,10004,1,0,1,Pedestrian
29,1826.0,0.0,1883.0,27.0,10005,1,0,1,Pedestrian
29,1826.0,0.0,1883.0,27.0,10006,1,0,1,Pedestrian
29,1826.0,0.0,1883.0,27.0,10007,1,0,1,Pedestrian
29,1826.0,0.0,1883.0,27.0,10008,1,0,1,Pedestrian
29,1826.0,0.0,1883.0,27.0,10009,1,0,1,Pedestrian
29,1826.0,0.0,1883.0,27.0,10010,1,0,1,Pedestrian
29,1826.0,0.0,1883.0,27.0,10011,1,0,1,Pedestrian
29,1826.0,0.0,1883.0,27.0,10012,1,0,1,Pedestrian
29,1826.0,0.0,1883.0,27.0,10013,1,0,1,Pedestrian
29,1826.0,0.0,1883.0,27.0,10014,1,0,1,Pedestrian
29,1826.0,0.0,1883.0,27.0,10015,1,0,1,Pedestrian
29,1826.0,0.0,1886.0,27.0,10016,1,0,1,Pedestrian
29,1826.0,0.0,1886.0,27.0,10017,1,0,1,Pedestrian
29,1826.0,0.0,1886.0,27.0,10018,1,0,1,Pedestrian
29,1828.0,0.0,1886.0,27.0,10019,1,0,1,Pedestrian
29,1828.0,0.0,1886.0,27.0,10020,1,0,1,Pedestrian
29,1828.0,0.0,1886.0,27.0,10021,1,0,1,Pedestrian
29,1828.0,0.0,1886.0,27.0,10022,1,0,1,Pedestrian
29,1828.0,0.0,1886.0,27.0,10023,1,0,1,Pedestrian
29,1828.0,0.0,1886.0,27.0,10024,1,0,1,Pedestrian
29,1828.0,0.0,1886.0,27.0,10025,1,0,1,Pedestrian
29,1828.0,0.0,1886.0,27.0,10026,1,0,1,Pedestrian
29,1828.0,0.0,1886.0,29.0,10027,1,0,1,Pedestrian
29,1828.0,0.0,1886.0,29.0,10028,1,0,1,Pedestrian
29,1828.0,0.0,1886.0,29.0,10029,1,0,1,Pedestrian
29,1828.0,0.0,1886.0,29.0,10030,1,0,1,Pedestrian
29,1828.0,0.0,1886.0,29.0,10031,1,0,1,Pedestrian
29,1828.0,0.0,1889.0,29.0,10032,1,0,1,Pedestrian
29,1828.0,0.0,1889.0,29.0,10033,1,0,1,Pedestrian
29,1828.0,0.0,1889.0,29.0,10034,1,0,1,Pedestrian
29,1828.0,0.0,1889.0,29.0,10035,1,0,1,Pedestrian
29,1828.0,0.0,1889.0,29.0,10036,1,0,1,Pedestrian
29,1828.0,0.0,1889.0,29.0,10037,1,0,1,Pedestrian
29,1831.0,0.0,1889.0,29.0,10038,1,0,1,Pedestrian
29,1831.0,0.0,1889.0,29.0,10039,1,0,1,Pedestrian
29,1831.0,0.0,1889.0,29.0,10040,1,0,1,Pedestrian
29,1831.0,0.0,1889.0,29.0,10041,1,0,1,Pedestrian
29,1831.0,0.0,1889.0,29.0,10042,1,0,1,Pedestrian
29,1831.0,0.0,1889.0,29.0,10043,1,0,1,Pedestrian
29,1831.0,0.0,1889.0,29.0,10044,1,0,1,Pedestrian
29,1831.0,0.0,1889.0,29.0,10045,1,0,1,Pedestrian
29,1831.0,0.0,1889.0,29.0,10046,1,0,1,Pedestrian
29,1831.0,0.0,1892.0,29.0,10047,1,0,1,Pedestrian
29,1831.0,0.0,1892.0,29.0,10048,1,0,1,Pedestrian
29,1831.0,0.0,1892.0,29.0,10049,1,0,1,Pedestrian
29,1831.0,0.0,1892.0,29.0,10050,1,0,1,Pedestrian
29,1831.0,0.0,1892.0,29.0,10051,1,0,1,Pedestrian
29,1831.0,0.0,1892.0,29.0,10052,1,0,1,Pedestrian
29,1831.0,0.0,1892.0,31.0,10053,1,0,1,Pedestrian
29,1831.0,0.0,1892.0,31.0,10054,1,0,1,Pedestrian
29,1831.0,0.0,1892.0,31.0,10055,1,0,1,Pedestrian
29,1831.0,0.0,1892.0,31.0,10056,1,0,1,Pedestrian
29,1834.0,0.0,1892.0,31.0,10057,1,0,1,Pedestrian
29,1834.0,0.0,1892.0,31.0,10058,1,0,1,Pedestrian
29,1834.0,0.0,1892.0,31.0,10059,1,0,1,Pedestrian
29,1834.0,0.0,1892.0,31.0,10060,1,0,1,Pedestrian
29,1834.0,0.0,1892.0,31.0,10061,1,0,1,Pedestrian
29,1834.0,0.0,1892.0,31.0,10062,1,0,1,Pedestrian
29,1834.0,0.0,1894.0,31.0,10063,1,0,1,Pedestrian
29,1834.0,0.0,1894.0,31.0,10064,1,0,1,Pedestrian
29,1834.0,0.0,1894.0,31.0,10065,1,0,1,Pedestrian
29,1834.0,0.0,1894.0,31.0,10066,1,0,1,Pedestrian
29,1834.0,0.0,1894.0,31.0,10067,1,0,1,Pedestrian
29,1834.0,0.0,1894.0,31.0,10068,1,0,1,Pedestrian
29,1834.0,0.0,1894.0,31.0,10069,1,0,1,Pedestrian
29,1834.0,0.0,1894.0,31.0,10070,1,0,1,Pedestrian
29,1834.0,0.0,1894.0,31.0,10071,1,0,1,Pedestrian
29,1834.0,0.0,1894.0,31.0,10072,1,0,1,Pedestrian
29,1834.0,0.0,1894.0,31.0,10073,1,0,1,Pedestrian
29,1834.0,0.0,1894.0,31.0,10074,1,0,1,Pedestrian
29,1834.0,0.0,1894.0,31.0,10075,1,0,1,Pedestrian
29,1837.0,0.0,1894.0,31.0,10076,1,0,1,Pedestrian
29,1837.0,0.0,1894.0,31.0,10077,1,0,1,Pedestrian
29,1837.0,0.0,1897.0,31.0,10078,1,0,1,Pedestrian
29,1837.0,0.0,1897.0,31.0,10079,1,0,1,Pedestrian
29,1837.0,0.0,1897.0,34.0,10080,1,0,1,Pedestrian
29,1837.0,0.0,1897.0,34.0,10081,1,0,1,Pedestrian
29,1837.0,0.0,1897.0,34.0,10082,1,0,1,Pedestrian
29,1837.0,0.0,1897.0,34.0,10083,1,0,1,Pedestrian
29,1837.0,0.0,1897.0,34.0,10084,1,0,1,Pedestrian
29,1837.0,0.0,1897.0,34.0,10085,1,0,1,Pedestrian
29,1837.0,0.0,1897.0,34.0,10086,1,0,1,Pedestrian
29,1837.0,0.0,1897.0,34.0,10087,1,0,1,Pedestrian
29,1837.0,0.0,1897.0,34.0,10088,1,0,1,Pedestrian
29,1837.0,0.0,1897.0,34.0,10089,1,0,1,Pedestrian
29,1837.0,0.0,1897.0,34.0,10090,1,0,1,Pedestrian
29,1837.0,0.0,1897.0,34.0,10091,1,0,1,Pedestrian
29,1837.0,0.0,1897.0,34.0,10092,1,0,1,Pedestrian
29,1837.0,0.0,1897.0,34.0,10093,1,0,1,Pedestrian
29,1837.0,0.0,1900.0,34.0,10094,1,0,1,Pedestrian
29,1839.0,0.0,1900.0,34.0,10095,1,0,1,Pedestrian
29,1839.0,0.0,1900.0,34.0,10096,1,0,1,Pedestrian
29,1839.0,0.0,1900.0,34.0,10097,1,0,1,Pedestrian
29,1839.0,0.0,1900.0,34.0,10098,1,0,1,Pedestrian
29,1839.0,0.0,1900.0,34.0,10099,1,0,1,Pedestrian
29,1839.0,0.0,1900.0,34.0,10100,1,0,1,Pedestrian
29,1839.0,0.0,1900.0,34.0,10101,1,0,1,Pedestrian
29,1839.0,0.0,1900.0,34.0,10102,1,0,1,Pedestrian
29,1839.0,0.0,1900.0,34.0,10103,1,0,1,Pedestrian
29,1839.0,0.0,1900.0,34.0,10104,1,0,1,Pedestrian
29,1839.0,0.0,1900.0,34.0,10105,1,0,1,Pedestrian
29,1839.0,0.0,1900.0,36.0,10106,1,0,1,Pedestrian
29,1839.0,0.0,1900.0,36.0,10107,1,0,1,Pedestrian
29,1839.0,0.0,1900.0,36.0,10108,1,0,1,Pedestrian
29,1839.0,0.0,1903.0,36.0,10109,1,0,1,Pedestrian
29,1839.0,0.0,1903.0,36.0,10110,1,0,1,Pedestrian
29,1839.0,0.0,1903.0,36.0,10111,1,0,1,Pedestrian
29,1839.0,0.0,1903.0,36.0,10112,1,0,1,Pedestrian
29,1839.0,0.0,1903.0,36.0,10113,1,0,1,Pedestrian
29,1842.0,0.0,1903.0,36.0,10114,1,0,1,Pedestrian
29,1842.0,0.0,1903.0,36.0,10115,1,0,1,Pedestrian
29,1842.0,0.0,1903.0,36.0,10116,1,0,1,Pedestrian
29,1842.0,0.0,1903.0,36.0,10117,1,0,1,Pedestrian
29,1842.0,0.0,1903.0,36.0,10118,1,0,1,Pedestrian
29,1842.0,0.0,1903.0,36.0,10119,1,0,1,Pedestrian
29,1842.0,0.0,1903.0,36.0,10120,1,0,1,Pedestrian
29,1842.0,0.0,1903.0,36.0,10121,1,0,1,Pedestrian
29,1842.0,0.0,1903.0,36.0,10122,1,0,1,Pedestrian
29,1842.0,0.0,1903.0,36.0,10123,1,0,1,Pedestrian
29,1842.0,0.0,1903.0,36.0,10124,1,0,1,Pedestrian
29,1842.0,0.0,1905.0,36.0,10125,1,0,1,Pedestrian
29,1842.0,0.0,1905.0,36.0,10126,1,0,1,Pedestrian
29,1842.0,0.0,1905.0,36.0,10127,1,0,1,Pedestrian
29,1842.0,0.0,1905.0,36.0,10128,1,0,1,Pedestrian
29,1842.0,0.0,1905.0,36.0,10129,1,0,1,Pedestrian
29,1842.0,0.0,1905.0,36.0,10130,1,0,1,Pedestrian
29,1842.0,0.0,1905.0,36.0,10131,1,0,1,Pedestrian
29,1845.0,0.0,1905.0,38.0,10132,1,0,1,Pedestrian
29,1845.0,0.0,1905.0,38.0,10133,1,0,1,Pedestrian
29,1845.0,0.0,1905.0,38.0,10134,1,0,1,Pedestrian
29,1845.0,0.0,1905.0,38.0,10135,1,0,1,Pedestrian
29,1845.0,0.0,1905.0,38.0,10136,1,0,1,Pedestrian
29,1845.0,0.0,1905.0,38.0,10137,1,0,1,Pedestrian
29,1845.0,0.0,1905.0,38.0,10138,1,0,1,Pedestrian
29,1845.0,0.0,1905.0,38.0,10139,1,0,1,Pedestrian
29,1845.0,0.0,1908.0,38.0,10140,1,0,1,Pedestrian
29,1845.0,0.0,1908.0,38.0,10141,1,0,1,Pedestrian
29,1845.0,0.0,1908.0,38.0,10142,1,0,1,Pedestrian
29,1845.0,0.0,1908.0,38.0,10143,1,0,1,Pedestrian
29,1845.0,0.0,1908.0,38.0,10144,1,0,1,Pedestrian
29,1845.0,0.0,1908.0,38.0,10145,1,0,1,Pedestrian
29,1845.0,0.0,1908.0,38.0,10146,1,0,1,Pedestrian
29,1845.0,0.0,1908.0,38.0,10147,1,0,1,Pedestrian
29,1845.0,0.0,1908.0,38.0,10148,1,0,1,Pedestrian
29,1845.0,0.0,1908.0,38.0,10149,1,0,1,Pedestrian
29,1845.0,0.0,1908.0,38.0,10150,1,0,1,Pedestrian
29,1848.0,0.0,1908.0,38.0,10151,1,0,1,Pedestrian
29,1848.0,0.0,1908.0,38.0,10152,1,0,1,Pedestrian
29,1848.0,0.0,1908.0,38.0,10153,1,0,1,Pedestrian
29,1848.0,0.0,1908.0,38.0,10154,1,0,1,Pedestrian
29,1848.0,0.0,1908.0,38.0,10155,1,0,1,Pedestrian
29,1848.0,0.0,1911.0,38.0,10156,1,0,1,Pedestrian
29,1848.0,0.0,1911.0,38.0,10157,1,0,1,Pedestrian
29,1848.0,0.0,1911.0,38.0,10158,1,0,1,Pedestrian
29,1848.0,0.0,1911.0,40.0,10159,1,0,1,Pedestrian
29,1848.0,0.0,1911.0,40.0,10160,1,0,1,Pedestrian
29,1848.0,0.0,1911.0,40.0,10161,1,0,1,Pedestrian
29,1848.0,0.0,1911.0,40.0,10162,1,0,1,Pedestrian
29,1848.0,0.0,1911.0,40.0,10163,1,0,1,Pedestrian
29,1848.0,0.0,1911.0,40.0,10164,1,0,1,Pedestrian
29,1848.0,0.0,1911.0,40.0,10165,1,0,1,Pedestrian
29,1848.0,0.0,1911.0,40.0,10166,1,0,1,Pedestrian
29,1848.0,0.0,1911.0,40.0,10167,1,0,1,Pedestrian
29,1848.0,0.0,1911.0,40.0,10168,1,0,1,Pedestrian
29,1848.0,0.0,1911.0,40.0,10169,1,0,1,Pedestrian
29,1850.0,0.0,1911.0,40.0,10170,1,0,1,Pedestrian
29,1850.0,0.0,1914.0,40.0,10171,1,0,1,Pedestrian
29,1850.0,0.0,1914.0,40.0,10172,1,0,1,Pedestrian
29,1850.0,0.0,1914.0,40.0,10173,1,0,1,Pedestrian
29,1850.0,0.0,1914.0,40.0,10174,1,0,1,Pedestrian
29,1850.0,0.0,1914.0,40.0,10175,1,0,1,Pedestrian
29,1850.0,0.0,1914.0,40.0,10176,1,0,1,Pedestrian
29,1850.0,0.0,1914.0,40.0,10177,1,0,1,Pedestrian
29,1850.0,0.0,1914.0,40.0,10178,1,0,1,Pedestrian
29,1850.0,0.0,1914.0,40.0,10179,1,0,1,Pedestrian
29,1850.0,0.0,1914.0,40.0,10180,1,0,1,Pedestrian
29,1850.0,0.0,1914.0,40.0,10181,1,0,1,Pedestrian
29,1850.0,0.0,1914.0,40.0,10182,1,0,1,Pedestrian
29,1850.0,0.0,1914.0,40.0,10183,1,0,1,Pedestrian
29,1850.0,0.0,1914.0,40.0,10184,1,0,1,Pedestrian
29,1850.0,0.0,1914.0,43.0,10185,1,0,1,Pedestrian
29,1850.0,0.0,1914.0,43.0,10186,1,0,1,Pedestrian
29,1850.0,0.0,1916.0,43.0,10187,1,0,1,Pedestrian
29,1850.0,0.0,1916.0,43.0,10188,1,0,1,Pedestrian
29,1853.0,0.0,1916.0,43.0,10189,1,0,1,Pedestrian
29,1853.0,0.0,1916.0,43.0,10190,1,0,1,Pedestrian
29,1853.0,0.0,1916.0,43.0,10191,1,0,1,Pedestrian
29,1853.0,0.0,1916.0,43.0,10192,1,0,1,Pedestrian
29,1853.0,0.0,1916.0,43.0,10193,1,0,1,Pedestrian
29,1853.0,0.0,1916.0,43.0,10194,1,0,1,Pedestrian
29,1853.0,0.0,1916.0,43.0,10195,1,0,1,Pedestrian
29,1853.0,0.0,1916.0,43.0,10196,1,0,1,Pedestrian
29,1853.0,0.0,1916.0,43.0,10197,1,0,1,Pedestrian
29,1853.0,0.0,1916.0,43.0,10198,1,0,1,Pedestrian
29,1853.0,0.0,1916.0,43.0,10199,1,0,1,Pedestrian
29,1853.0,0.0,1916.0,43.0,10200,1,0,1,Pedestrian
29,1853.0,0.0,1916.0,43.0,10201,1,0,1,Pedestrian
29,1853.0,0.0,1919.0,43.0,10202,1,0,1,Pedestrian
29,1853.0,0.0,1919.0,43.0,10203,1,0,1,Pedestrian
29,1853.0,0.0,1919.0,43.0,10204,1,0,1,Pedestrian
29,1853.0,0.0,1919.0,43.0,10205,1,0,1,Pedestrian
29,1853.0,0.0,1919.0,43.0,10206,1,0,1,Pedestrian
29,1853.0,0.0,1919.0,43.0,10207,1,0,1,Pedestrian
29,1856.0,0.0,1919.0,43.0,10208,1,0,1,Pedestrian
29,1856.0,0.0,1919.0,43.0,10209,1,0,1,Pedestrian
29,1856.0,0.0,1919.0,43.0,10210,1,0,1,Pedestrian
29,1856.0,0.0,1919.0,43.0,10211,1,0,1,Pedestrian
29,1856.0,0.0,1919.0,45.0,10212,1,0,1,Pedestrian
29,1856.0,0.0,1919.0,45.0,10213,1,0,1,Pedestrian
29,1856.0,0.0,1919.0,45.0,10214,1,0,1,Pedestrian
29,1856.0,0.0,1919.0,45.0,10215,1,0,1,Pedestrian
29,1856.0,0.0,1919.0,45.0,10216,1,0,1,Pedestrian
29,1856.0,0.0,1919.0,45.0,10217,1,0,1,Pedestrian
29,1856.0,0.0,1922.0,45.0,10218,1,0,1,Pedestrian
29,1856.0,0.0,1922.0,45.0,10219,1,0,1,Pedestrian
29,1856.0,0.0,1922.0,45.0,10220,1,0,1,Pedestrian
29,1856.0,0.0,1922.0,45.0,10221,1,0,1,Pedestrian
29,1856.0,0.0,1922.0,45.0,10222,1,0,1,Pedestrian
29,1856.0,0.0,1922.0,45.0,10223,1,0,1,Pedestrian
29,1856.0,0.0,1922.0,45.0,10224,1,0,1,Pedestrian
29,1856.0,0.0,1922.0,45.0,10225,1,0,1,Pedestrian
29,1856.0,0.0,1922.0,45.0,10226,1,0,1,Pedestrian
29,1859.0,0.0,1922.0,45.0,10227,1,0,1,Pedestrian
29,1859.0,0.0,1922.0,45.0,10228,1,0,1,Pedestrian
29,1859.0,0.0,1922.0,45.0,10229,1,0,1,Pedestrian
29,1859.0,0.0,1922.0,45.0,10230,1,0,1,Pedestrian
29,1859.0,0.0,1922.0,45.0,10231,1,0,1,Pedestrian
29,1859.0,0.0,1922.0,45.0,10232,1,0,1,Pedestrian
29,1859.0,0.0,1925.0,45.0,10233,1,0,1,Pedestrian
29,1859.0,0.0,1925.0,45.0,10234,1,0,1,Pedestrian
29,1859.0,0.0,1925.0,45.0,10235,1,0,1,Pedestrian
29,1859.0,0.0,1925.0,45.0,10236,1,0,1,Pedestrian
29,1859.0,0.0,1925.0,45.0,10237,1,0,1,Pedestrian
29,1859.0,0.0,1925.0,47.0,10238,1,0,1,Pedestrian
29,1859.0,0.0,1925.0,47.0,10239,1,0,1,Pedestrian
29,1859.0,0.0,1925.0,47.0,10240,1,0,1,Pedestrian
29,1859.0,0.0,1925.0,47.0,10241,1,0,1,Pedestrian
29,1859.0,0.0,1925.0,47.0,10242,1,0,1,Pedestrian
29,1859.0,0.0,1925.0,47.0,10243,1,0,1,Pedestrian
29,1859.0,0.0,1925.0,47.0,10244,1,0,1,Pedestrian
29,1859.0,0.0,1925.0,47.0,10245,1,0,1,Pedestrian
29,1861.0,0.0,1925.0,47.0,10246,1,0,1,Pedestrian
29,1861.0,0.0,1925.0,47.0,10247,1,0,1,Pedestrian
29,1861.0,0.0,1925.0,47.0,10248,1,0,1,Pedestrian
29,1861.0,0.0,1927.0,47.0,10249,1,0,1,Pedestrian
29,1861.0,0.0,1927.0,47.0,10250,1,0,1,Pedestrian
29,1861.0,0.0,1927.0,47.0,10251,1,0,1,Pedestrian
29,1861.0,0.0,1927.0,47.0,10252,1,0,1,Pedestrian
29,1861.0,0.0,1927.0,47.0,10253,1,0,1,Pedestrian
29,1861.0,0.0,1927.0,47.0,10254,1,0,1,Pedestrian
29,1861.0,0.0,1927.0,47.0,10255,1,0,1,Pedestrian
29,1861.0,0.0,1927.0,47.0,10256,1,0,1,Pedestrian
29,1861.0,0.0,1927.0,47.0,10257,1,0,1,Pedestrian
29,1861.0,0.0,1927.0,47.0,10258,1,0,1,Pedestrian
29,1861.0,0.0,1927.0,47.0,10259,1,0,1,Pedestrian
29,1861.0,0.0,1927.0,47.0,10260,1,0,1,Pedestrian
29,1861.0,0.0,1927.0,47.0,10261,1,0,1,Pedestrian
29,1861.0,0.0,1927.0,47.0,10262,1,0,1,Pedestrian
29,1861.0,0.0,1927.0,47.0,10263,1,0,1,Pedestrian
29,1864.0,0.0,1930.0,50.0,10264,0,0,0,Pedestrian
29,1864.0,0.0,1930.0,50.0,10265,0,0,1,Pedestrian
29,1867.0,0.0,1933.0,50.0,10266,0,0,1,Pedestrian
29,1867.0,0.0,1933.0,50.0,10267,0,0,1,Pedestrian
29,1870.0,0.0,1936.0,50.0,10268,0,0,1,Pedestrian
29,1870.0,0.0,1936.0,50.0,10269,0,0,1,Pedestrian
29,1872.0,0.0,1938.0,50.0,10270,0,0,1,Pedestrian
29,1872.0,0.0,1938.0,50.0,10271,0,0,1,Pedestrian
29,1875.0,0.0,1941.0,50.0,10272,0,0,1,Pedestrian
29,1875.0,0.0,1941.0,50.0,10273,0,0,1,Pedestrian
29,1878.0,0.0,1944.0,50.0,10274,0,0,1,Pedestrian
29,1878.0,0.0,1944.0,50.0,10275,0,0,1,Pedestrian
29,1881.0,0.0,1947.0,50.0,10276,0,0,1,Pedestrian
29,1881.0,0.0,1947.0,50.0,10277,0,0,1,Pedestrian
29,1883.0,0.0,1949.0,50.0,10278,0,0,1,Pedestrian
29,1883.0,0.0,1949.0,50.0,10279,0,0,1,Pedestrian
29,1886.0,0.0,1952.0,50.0,10280,0,0,1,Pedestrian
29,1886.0,0.0,1952.0,50.0,10281,0,0,1,Pedestrian
29,1889.0,0.0,1955.0,50.0,10282,0,0,1,Pedestrian
29,1892.0,0.0,1958.0,50.0,10283,0,0,0,Pedestrian
29,1892.0,0.0,1958.0,50.0,10284,0,0,1,Pedestrian
29,1892.0,0.0,1958.0,50.0,10285,0,0,1,Pedestrian
29,1892.0,0.0,1958.0,50.0,10286,0,0,1,Pedestrian
29,1894.0,0.0,1960.0,50.0,10287,0,0,1,Pedestrian
29,1894.0,0.0,1960.0,50.0,10288,0,0,1,Pedestrian
29,1894.0,0.0,1960.0,50.0,10289,0,0,1,Pedestrian
29,1894.0,0.0,1960.0,50.0,10290,0,0,1,Pedestrian
29,1897.0,0.0,1963.0,50.0,10291,0,0,1,Pedestrian
29,1897.0,0.0,1963.0,50.0,10292,0,0,1,Pedestrian
29,1897.0,0.0,1963.0,50.0,10293,0,0,1,Pedestrian
29,1897.0,0.0,1963.0,50.0,10294,0,0,1,Pedestrian
29,1900.0,0.0,1966.0,50.0,10295,0,0,1,Pedestrian
29,1900.0,0.0,1966.0,50.0,10296,0,0,1,Pedestrian
29,1900.0,0.0,1966.0,50.0,10297,0,0,1,Pedestrian
29,1900.0,0.0,1966.0,50.0,10298,0,0,1,Pedestrian
29,1903.0,2.0,1969.0,52.0,10299,0,0,0,Pedestrian
29,1903.0,2.0,1969.0,52.0,10300,0,0,1,Pedestrian
29,1903.0,2.0,1969.0,52.0,10301,0,0,1,Pedestrian
29,1905.0,2.0,1969.0,52.0,10302,0,0,1,Pedestrian
29,1905.0,2.0,1971.0,52.0,10303,0,0,1,Pedestrian
29,1905.0,2.0,1971.0,52.0,10304,0,0,1,Pedestrian
29,1908.0,4.0,1971.0,54.0,10305,0,0,1,Pedestrian
29,1908.0,4.0,1971.0,54.0,10306,0,0,1,Pedestrian
29,1908.0,4.0,1974.0,54.0,10307,0,0,1,Pedestrian
29,1911.0,4.0,1974.0,54.0,10308,0,0,1,Pedestrian
29,1911.0,4.0,1974.0,54.0,10309,0,0,1,Pedestrian
29,1911.0,4.0,1974.0,54.0,10310,0,0,1,Pedestrian
29,1914.0,6.0,1977.0,56.0,10311,0,0,0,Pedestrian
29,1914.0,9.0,1977.0,59.0,10312,0,0,1,Pedestrian
29,1914.0,11.0,1977.0,61.0,10313,0,0,1,Pedestrian
29,1914.0,13.0,1977.0,63.0,10314,0,0,1,Pedestrian
29,1914.0,15.0,1977.0,66.0,10315,0,0,1,Pedestrian
29,1914.0,20.0,1977.0,70.0,10316,1,0,0,Pedestrian
29,1914.0,20.0,1977.0,70.0,10317,1,0,1,Pedestrian
29,1914.0,20.0,1977.0,70.0,10318,1,0,1,Pedestrian
29,1914.0,20.0,1977.0,70.0,10319,1,0,1,Pedestrian
29,1914.0,20.0,1977.0,70.0,10320,1,0,1,Pedestrian
29,1914.0,22.0,1977.0,72.0,10321,1,0,1,Pedestrian
29,1914.0,22.0,1977.0,72.0,10322,1,0,1,Pedestrian
29,1914.0,22.0,1977.0,72.0,10323,1,0,1,Pedestrian
29,1914.0,22.0,1977.0,72.0,10324,1,0,1,Pedestrian
29,1914.0,22.0,1977.0,72.0,10325,1,0,1,Pedestrian
29,1916.0,25.0,1977.0,75.0,10326,1,0,0,Pedestrian
29,1916.0,25.0,1977.0,75.0,10327,1,0,1,Pedestrian
29,1916.0,25.0,1977.0,75.0,10328,1,0,1,Pedestrian
29,1916.0,25.0,1977.0,75.0,10329,1,0,1,Pedestrian
29,1916.0,25.0,1977.0,75.0,10330,1,0,1,Pedestrian
29,1916.0,25.0,1977.0,75.0,10331,1,0,1,Pedestrian
29,1916.0,25.0,1977.0,75.0,10332,1,0,1,Pedestrian
29,1916.0,25.0,1977.0,75.0,10333,1,0,1,Pedestrian
29,1916.0,25.0,1977.0,75.0,10334,1,0,1,Pedestrian
29,1916.0,25.0,1977.0,75.0,10335,1,0,1,Pedestrian
29,1916.0,25.0,1977.0,75.0,10336,1,0,1,Pedestrian
29,1916.0,25.0,1977.0,75.0,10337,1,0,1,Pedestrian
29,1916.0,25.0,1977.0,75.0,10338,1,0,1,Pedestrian
29,1916.0,25.0,1977.0,75.0,10339,1,0,1,Pedestrian
29,1916.0,25.0,1977.0,75.0,10340,1,0,1,Pedestrian
29,1916.0,25.0,1977.0,75.0,10341,1,0,1,Pedestrian
29,1916.0,25.0,1977.0,75.0,10342,1,0,1,Pedestrian
29,1916.0,25.0,1977.0,75.0,10343,1,0,1,Pedestrian
29,1916.0,25.0,1977.0,75.0,10344,1,0,1,Pedestrian
29,1916.0,25.0,1977.0,75.0,10345,1,0,1,Pedestrian
29,1916.0,25.0,1977.0,75.0,10346,1,0,1,Pedestrian
29,1916.0,25.0,1977.0,75.0,10347,1,0,1,Pedestrian
29,1916.0,25.0,1977.0,75.0,10348,1,0,1,Pedestrian
29,1916.0,25.0,1977.0,75.0,10349,1,0,1,Pedestrian
29,1916.0,25.0,1977.0,75.0,10350,1,0,1,Pedestrian
29,1916.0,25.0,1977.0,75.0,10351,1,0,1,Pedestrian
29,1916.0,25.0,1977.0,75.0,10352,1,0,1,Pedestrian
29,1916.0,25.0,1977.0,75.0,10353,1,0,1,Pedestrian
29,1916.0,25.0,1977.0,75.0,10354,1,0,1,Pedestrian
29,1916.0,25.0,1977.0,75.0,10355,1,0,1,Pedestrian
29,1916.0,25.0,1977.0,75.0,10356,1,0,1,Pedestrian
29,1916.0,25.0,1977.0,75.0,10357,1,0,1,Pedestrian
29,1916.0,25.0,1977.0,75.0,10358,1,0,1,Pedestrian
29,1916.0,25.0,1977.0,75.0,10359,1,0,1,Pedestrian
29,1916.0,25.0,1977.0,75.0,10360,1,0,1,Pedestrian
29,1916.0,25.0,1977.0,75.0,10361,1,0,1,Pedestrian
29,1916.0,25.0,1977.0,75.0,10362,1,0,1,Pedestrian
29,1916.0,25.0,1977.0,75.0,10363,1,0,1,Pedestrian
29,1916.0,25.0,1977.0,75.0,10364,1,0,1,Pedestrian
29,1916.0,25.0,1977.0,75.0,10365,1,0,1,Pedestrian
29,1916.0,25.0,1977.0,75.0,10366,1,0,1,Pedestrian
29,1916.0,25.0,1977.0,75.0,10367,1,0,1,Pedestrian
29,1916.0,25.0,1977.0,75.0,10368,1,0,1,Pedestrian
29,1916.0,25.0,1977.0,75.0,10369,1,0,1,Pedestrian
29,1916.0,25.0,1977.0,75.0,10370,1,0,1,Pedestrian
29,1916.0,25.0,1977.0,75.0,10371,1,0,1,Pedestrian
29,1916.0,25.0,1977.0,75.0,10372,1,0,1,Pedestrian
29,1916.0,25.0,1977.0,75.0,10373,1,0,1,Pedestrian
29,1916.0,25.0,1977.0,75.0,10374,1,0,1,Pedestrian
29,1916.0,25.0,1977.0,75.0,10375,1,0,1,Pedestrian
29,1916.0,25.0,1977.0,75.0,10376,1,0,1,Pedestrian
29,1916.0,25.0,1977.0,75.0,10377,1,0,1,Pedestrian
29,1916.0,25.0,1977.0,75.0,10378,1,0,1,Pedestrian
29,1916.0,25.0,1977.0,75.0,10379,1,0,1,Pedestrian
29,1916.0,25.0,1977.0,75.0,10380,1,0,1,Pedestrian
29,1916.0,25.0,1977.0,75.0,10381,1,0,1,Pedestrian
29,1916.0,25.0,1977.0,75.0,10382,1,0,1,Pedestrian
29,1916.0,25.0,1977.0,75.0,10383,1,0,1,Pedestrian
29,1916.0,25.0,1977.0,75.0,10384,1,0,1,Pedestrian
29,1916.0,25.0,1977.0,75.0,10385,1,0,1,Pedestrian
29,1916.0,25.0,1977.0,75.0,10386,1,0,1,Pedestrian
29,1916.0,25.0,1977.0,75.0,10387,1,0,1,Pedestrian
29,1916.0,25.0,1977.0,75.0,10388,1,0,1,Pedestrian
29,1916.0,25.0,1977.0,75.0,10389,1,0,1,Pedestrian
29,1916.0,25.0,1977.0,75.0,10390,1,0,1,Pedestrian
29,1916.0,25.0,1977.0,75.0,10391,1,0,1,Pedestrian
29,1916.0,25.0,1977.0,75.0,10392,1,0,1,Pedestrian
29,1916.0,25.0,1977.0,75.0,10393,1,0,1,Pedestrian
29,1916.0,25.0,1977.0,75.0,10394,1,0,1,Pedestrian
29,1916.0,25.0,1977.0,75.0,10395,1,0,1,Pedestrian
29,1916.0,25.0,1977.0,75.0,10396,1,0,1,Pedestrian
29,1916.0,25.0,1977.0,75.0,10397,1,0,1,Pedestrian
29,1916.0,25.0,1977.0,75.0,10398,1,0,1,Pedestrian
29,1916.0,25.0,1977.0,75.0,10399,1,0,1,Pedestrian
29,1916.0,25.0,1977.0,75.0,10400,1,0,1,Pedestrian
29,1916.0,25.0,1977.0,75.0,10401,1,0,1,Pedestrian
29,1916.0,25.0,1977.0,75.0,10402,1,0,1,Pedestrian
29,1916.0,25.0,1977.0,75.0,10403,1,0,1,Pedestrian
29,1916.0,25.0,1977.0,75.0,10404,1,0,1,Pedestrian
29,1916.0,25.0,1977.0,75.0,10405,1,0,1,Pedestrian
29,1916.0,25.0,1977.0,75.0,10406,1,0,1,Pedestrian
29,1916.0,25.0,1977.0,75.0,10407,1,0,1,Pedestrian
29,1916.0,25.0,1977.0,75.0,10408,1,0,1,Pedestrian
29,1916.0,25.0,1977.0,75.0,10409,1,0,1,Pedestrian
29,1916.0,25.0,1977.0,75.0,10410,1,0,1,Pedestrian
29,1916.0,25.0,1977.0,75.0,10411,1,0,1,Pedestrian
29,1916.0,25.0,1977.0,75.0,10412,1,0,1,Pedestrian
29,1916.0,25.0,1977.0,75.0,10413,1,0,1,Pedestrian
29,1916.0,25.0,1977.0,75.0,10414,1,0,1,Pedestrian
29,1916.0,25.0,1977.0,75.0,10415,1,0,1,Pedestrian
29,1916.0,25.0,1977.0,75.0,10416,1,0,1,Pedestrian
29,1916.0,25.0,1977.0,75.0,10417,1,0,1,Pedestrian
29,1916.0,25.0,1977.0,75.0,10418,1,0,1,Pedestrian
29,1916.0,25.0,1977.0,75.0,10419,1,0,1,Pedestrian
29,1916.0,25.0,1977.0,75.0,10420,1,0,1,Pedestrian
29,1916.0,25.0,1977.0,75.0,10421,1,0,1,Pedestrian
29,1916.0,25.0,1977.0,75.0,10422,1,0,1,Pedestrian
29,1916.0,25.0,1977.0,75.0,10423,1,0,1,Pedestrian
29,1916.0,25.0,1977.0,75.0,10424,1,0,1,Pedestrian
29,1916.0,25.0,1977.0,75.0,10425,1,0,1,Pedestrian
29,1916.0,25.0,1977.0,75.0,10426,1,0,1,Pedestrian
29,1916.0,25.0,1977.0,75.0,10427,1,0,1,Pedestrian
29,1916.0,25.0,1977.0,75.0,10428,1,0,1,Pedestrian
29,1916.0,25.0,1977.0,75.0,10429,1,0,1,Pedestrian
29,1916.0,25.0,1977.0,75.0,10430,1,0,1,Pedestrian
29,1916.0,25.0,1977.0,75.0,10431,1,0,1,Pedestrian
29,1916.0,25.0,1977.0,75.0,10432,1,0,1,Pedestrian
29,1916.0,25.0,1977.0,75.0,10433,1,0,1,Pedestrian
29,1916.0,25.0,1977.0,75.0,10434,1,0,1,Pedestrian
29,1916.0,25.0,1977.0,75.0,10435,1,0,1,Pedestrian
29,1916.0,25.0,1977.0,75.0,10436,1,0,1,Pedestrian
29,1916.0,25.0,1977.0,75.0,10437,1,0,1,Pedestrian
29,1916.0,25.0,1977.0,75.0,10438,1,0,1,Pedestrian
29,1916.0,25.0,1977.0,75.0,10439,1,0,1,Pedestrian
29,1916.0,25.0,1977.0,75.0,10440,1,0,1,Pedestrian
29,1916.0,25.0,1977.0,75.0,10441,1,0,1,Pedestrian
29,1916.0,25.0,1977.0,75.0,10442,1,0,1,Pedestrian
29,1916.0,25.0,1977.0,75.0,10443,1,0,1,Pedestrian
29,1916.0,25.0,1977.0,75.0,10444,1,0,1,Pedestrian
29,1916.0,25.0,1977.0,75.0,10445,1,0,1,Pedestrian
29,1916.0,25.0,1977.0,75.0,10446,1,0,1,Pedestrian
29,1916.0,25.0,1977.0,75.0,10447,1,0,1,Pedestrian
29,1916.0,25.0,1977.0,75.0,10448,1,0,1,Pedestrian
29,1916.0,25.0,1977.0,75.0,10449,1,0,1,Pedestrian
29,1916.0,25.0,1977.0,75.0,10450,1,0,1,Pedestrian
29,1916.0,25.0,1977.0,75.0,10451,1,0,1,Pedestrian
29,1916.0,25.0,1977.0,75.0,10452,1,0,1,Pedestrian
29,1916.0,25.0,1977.0,75.0,10453,1,0,1,Pedestrian
29,1916.0,25.0,1977.0,75.0,10454,1,0,1,Pedestrian
29,1916.0,25.0,1977.0,75.0,10455,1,0,1,Pedestrian
29,1916.0,25.0,1977.0,75.0,10456,1,0,1,Pedestrian
29,1916.0,25.0,1977.0,75.0,10457,1,0,1,Pedestrian
29,1916.0,25.0,1977.0,75.0,10458,1,0,1,Pedestrian
29,1916.0,25.0,1977.0,75.0,10459,1,0,1,Pedestrian
29,1916.0,25.0,1977.0,75.0,10460,1,0,1,Pedestrian
29,1916.0,25.0,1977.0,75.0,10461,1,0,1,Pedestrian
29,1916.0,25.0,1977.0,75.0,10462,1,0,1,Pedestrian
29,1916.0,25.0,1977.0,75.0,10463,1,0,1,Pedestrian
29,1916.0,25.0,1977.0,75.0,10464,1,0,1,Pedestrian
29,1916.0,25.0,1977.0,75.0,10465,1,0,1,Pedestrian
29,1916.0,25.0,1977.0,75.0,10466,1,0,1,Pedestrian
29,1916.0,25.0,1977.0,75.0,10467,1,0,1,Pedestrian
29,1916.0,25.0,1977.0,75.0,10468,1,0,1,Pedestrian
29,1916.0,25.0,1977.0,75.0,10469,1,0,1,Pedestrian
29,1916.0,25.0,1977.0,75.0,10470,1,0,1,Pedestrian
29,1916.0,25.0,1977.0,75.0,10471,1,0,1,Pedestrian
29,1916.0,25.0,1977.0,75.0,10472,1,0,1,Pedestrian
29,1916.0,25.0,1977.0,75.0,10473,1,0,1,Pedestrian
29,1916.0,25.0,1977.0,75.0,10474,1,0,1,Pedestrian
29,1916.0,25.0,1977.0,75.0,10475,1,0,1,Pedestrian
29,1916.0,25.0,1977.0,75.0,10476,1,0,1,Pedestrian
29,1916.0,25.0,1977.0,75.0,10477,1,0,1,Pedestrian
29,1916.0,25.0,1977.0,75.0,10478,1,0,1,Pedestrian
29,1916.0,25.0,1977.0,75.0,10479,1,0,1,Pedestrian
29,1916.0,25.0,1977.0,75.0,10480,1,0,1,Pedestrian
29,1916.0,25.0,1977.0,75.0,10481,1,0,1,Pedestrian
29,1916.0,25.0,1977.0,75.0,10482,1,0,1,Pedestrian
29,1916.0,25.0,1977.0,75.0,10483,1,0,1,Pedestrian
29,1916.0,25.0,1977.0,75.0,10484,1,0,1,Pedestrian
29,1916.0,25.0,1977.0,75.0,10485,1,0,1,Pedestrian
29,1916.0,25.0,1977.0,75.0,10486,1,0,1,Pedestrian
29,1916.0,25.0,1977.0,75.0,10487,1,0,1,Pedestrian
29,1916.0,25.0,1977.0,75.0,10488,1,0,1,Pedestrian
29,1916.0,25.0,1977.0,75.0,10489,1,0,1,Pedestrian
29,1916.0,25.0,1977.0,75.0,10490,1,0,1,Pedestrian
29,1916.0,25.0,1977.0,75.0,10491,1,0,1,Pedestrian
29,1916.0,25.0,1977.0,75.0,10492,1,0,1,Pedestrian
29,1916.0,25.0,1977.0,75.0,10493,1,0,1,Pedestrian
29,1916.0,25.0,1977.0,75.0,10494,1,0,1,Pedestrian
29,1916.0,25.0,1977.0,75.0,10495,1,0,1,Pedestrian
29,1916.0,25.0,1977.0,75.0,10496,1,0,1,Pedestrian
29,1916.0,25.0,1977.0,75.0,10497,1,0,1,Pedestrian
29,1916.0,25.0,1977.0,75.0,10498,1,0,1,Pedestrian
29,1916.0,25.0,1977.0,75.0,10499,1,0,1,Pedestrian
29,1916.0,25.0,1977.0,75.0,10500,1,0,1,Pedestrian
29,1916.0,25.0,1977.0,75.0,10501,1,0,1,Pedestrian
29,1916.0,25.0,1977.0,75.0,10502,1,0,1,Pedestrian
29,1916.0,25.0,1977.0,75.0,10503,1,0,1,Pedestrian
29,1916.0,25.0,1977.0,75.0,10504,1,0,1,Pedestrian
29,1916.0,25.0,1977.0,75.0,10505,1,0,1,Pedestrian
29,1916.0,25.0,1977.0,75.0,10506,1,0,1,Pedestrian
29,1916.0,25.0,1977.0,75.0,10507,1,0,1,Pedestrian
29,1916.0,25.0,1977.0,75.0,10508,1,0,1,Pedestrian
29,1916.0,25.0,1977.0,75.0,10509,1,0,1,Pedestrian
29,1916.0,25.0,1977.0,75.0,10510,1,0,1,Pedestrian
29,1916.0,25.0,1977.0,75.0,10511,1,0,1,Pedestrian
29,1916.0,25.0,1977.0,75.0,10512,1,0,1,Pedestrian
29,1916.0,25.0,1977.0,75.0,10513,1,0,1,Pedestrian
29,1916.0,25.0,1977.0,75.0,10514,1,0,1,Pedestrian
29,1916.0,25.0,1977.0,75.0,10515,1,0,1,Pedestrian
29,1916.0,25.0,1977.0,75.0,10516,1,0,1,Pedestrian
29,1916.0,25.0,1977.0,75.0,10517,1,0,1,Pedestrian
29,1916.0,25.0,1977.0,75.0,10518,1,0,1,Pedestrian
29,1916.0,25.0,1977.0,75.0,10519,1,0,1,Pedestrian
29,1916.0,25.0,1977.0,75.0,10520,1,0,1,Pedestrian
29,1916.0,25.0,1977.0,75.0,10521,1,0,1,Pedestrian
29,1916.0,25.0,1977.0,75.0,10522,1,0,1,Pedestrian
29,1916.0,25.0,1977.0,75.0,10523,1,0,1,Pedestrian
29,1916.0,25.0,1977.0,75.0,10524,1,0,1,Pedestrian
29,1916.0,25.0,1977.0,75.0,10525,1,0,1,Pedestrian
29,1916.0,25.0,1977.0,75.0,10526,1,0,1,Pedestrian
29,1916.0,25.0,1977.0,75.0,10527,1,0,1,Pedestrian
29,1916.0,25.0,1977.0,75.0,10528,1,0,1,Pedestrian
29,1916.0,25.0,1977.0,75.0,10529,1,0,1,Pedestrian
29,1916.0,25.0,1977.0,75.0,10530,1,0,1,Pedestrian
29,1916.0,25.0,1977.0,75.0,10531,1,0,0,Pedestrian
30,0.0,1004.0,49.0,1058.0,3000,1,0,0,Pedestrian
30,0.0,1004.0,49.0,1058.0,3001,1,0,1,Pedestrian
30,0.0,1004.0,49.0,1058.0,3002,1,0,1,Pedestrian
30,0.0,1004.0,49.0,1058.0,3003,1,0,1,Pedestrian
30,0.0,1004.0,49.0,1058.0,3004,1,0,1,Pedestrian
30,0.0,1004.0,49.0,1058.0,3005,1,0,1,Pedestrian
30,0.0,1004.0,49.0,1058.0,3006,1,0,1,Pedestrian
30,0.0,1004.0,49.0,1058.0,3007,1,0,1,Pedestrian
30,0.0,1004.0,49.0,1058.0,3008,1,0,1,Pedestrian
30,0.0,1004.0,49.0,1058.0,3009,1,0,1,Pedestrian
30,0.0,1004.0,49.0,1058.0,3010,1,0,1,Pedestrian
30,0.0,1004.0,49.0,1058.0,3011,1,0,1,Pedestrian
30,0.0,1004.0,49.0,1058.0,3012,1,0,1,Pedestrian
30,0.0,1004.0,49.0,1058.0,3013,1,0,1,Pedestrian
30,0.0,1004.0,49.0,1058.0,3014,1,0,1,Pedestrian
30,0.0,1004.0,49.0,1058.0,3015,1,0,1,Pedestrian
30,0.0,1004.0,49.0,1058.0,3016,1,0,1,Pedestrian
30,0.0,1004.0,49.0,1058.0,3017,1,0,1,Pedestrian
30,0.0,1004.0,49.0,1058.0,3018,1,0,1,Pedestrian
30,0.0,1004.0,49.0,1058.0,3019,1,0,1,Pedestrian
30,0.0,1004.0,49.0,1058.0,3020,1,0,1,Pedestrian
30,0.0,1004.0,49.0,1058.0,3021,1,0,1,Pedestrian
30,0.0,1004.0,49.0,1058.0,3022,1,0,1,Pedestrian
30,0.0,1004.0,49.0,1058.0,3023,1,0,1,Pedestrian
30,0.0,1004.0,49.0,1058.0,3024,1,0,1,Pedestrian
30,0.0,1004.0,49.0,1058.0,3025,1,0,1,Pedestrian
30,0.0,1004.0,49.0,1058.0,3026,1,0,1,Pedestrian
30,0.0,1004.0,49.0,1058.0,3027,1,0,1,Pedestrian
30,0.0,1004.0,49.0,1058.0,3028,1,0,1,Pedestrian
30,0.0,1004.0,49.0,1058.0,3029,1,0,1,Pedestrian
30,0.0,1004.0,49.0,1058.0,3030,1,0,1,Pedestrian
30,0.0,1004.0,49.0,1058.0,3031,1,0,1,Pedestrian
30,0.0,1004.0,49.0,1058.0,3032,1,0,1,Pedestrian
30,0.0,1004.0,49.0,1058.0,3033,1,0,1,Pedestrian
30,0.0,1004.0,49.0,1058.0,3034,1,0,1,Pedestrian
30,0.0,1004.0,49.0,1058.0,3035,1,0,1,Pedestrian
30,0.0,1004.0,49.0,1058.0,3036,1,0,1,Pedestrian
30,0.0,1004.0,49.0,1058.0,3037,1,0,1,Pedestrian
30,0.0,1004.0,49.0,1058.0,3038,1,0,1,Pedestrian
30,0.0,1004.0,49.0,1058.0,3039,1,0,1,Pedestrian
30,0.0,1004.0,49.0,1058.0,3040,1,0,1,Pedestrian
30,0.0,1004.0,49.0,1058.0,3041,1,0,1,Pedestrian
30,0.0,1004.0,49.0,1058.0,3042,1,0,1,Pedestrian
30,0.0,1004.0,49.0,1058.0,3043,1,0,1,Pedestrian
30,0.0,1004.0,49.0,1058.0,3044,1,0,1,Pedestrian
30,0.0,1004.0,49.0,1058.0,3045,1,0,1,Pedestrian
30,0.0,1004.0,49.0,1058.0,3046,1,0,1,Pedestrian
30,0.0,1004.0,49.0,1058.0,3047,1,0,1,Pedestrian
30,0.0,1004.0,49.0,1058.0,3048,1,0,1,Pedestrian
30,0.0,1004.0,49.0,1058.0,3049,1,0,1,Pedestrian
30,0.0,1004.0,49.0,1058.0,3050,1,0,1,Pedestrian
30,0.0,1004.0,49.0,1058.0,3051,1,0,1,Pedestrian
30,0.0,1004.0,49.0,1058.0,3052,1,0,1,Pedestrian
30,0.0,1004.0,49.0,1058.0,3053,1,0,1,Pedestrian
30,0.0,1004.0,49.0,1058.0,3054,1,0,1,Pedestrian
30,0.0,1004.0,49.0,1058.0,3055,1,0,1,Pedestrian
30,0.0,1004.0,49.0,1058.0,3056,1,0,1,Pedestrian
30,0.0,1004.0,49.0,1058.0,3057,1,0,1,Pedestrian
30,0.0,1004.0,49.0,1058.0,3058,1,0,1,Pedestrian
30,0.0,1004.0,49.0,1058.0,3059,1,0,1,Pedestrian
30,0.0,1004.0,49.0,1058.0,3060,1,0,1,Pedestrian
30,0.0,1004.0,49.0,1058.0,3061,1,0,1,Pedestrian
30,0.0,1004.0,49.0,1058.0,3062,1,0,1,Pedestrian
30,0.0,1004.0,49.0,1058.0,3063,1,0,1,Pedestrian
30,0.0,1004.0,49.0,1058.0,3064,1,0,1,Pedestrian
30,0.0,1004.0,49.0,1058.0,3065,1,0,1,Pedestrian
30,0.0,1004.0,49.0,1058.0,3066,1,0,1,Pedestrian
30,0.0,1004.0,49.0,1058.0,3067,1,0,1,Pedestrian
30,0.0,1004.0,49.0,1058.0,3068,1,0,1,Pedestrian
30,0.0,1004.0,49.0,1058.0,3069,1,0,1,Pedestrian
30,0.0,1004.0,49.0,1058.0,3070,1,0,1,Pedestrian
30,0.0,1004.0,49.0,1058.0,3071,1,0,1,Pedestrian
30,0.0,1004.0,49.0,1058.0,3072,1,0,1,Pedestrian
30,0.0,1004.0,49.0,1058.0,3073,1,0,1,Pedestrian
30,0.0,1004.0,49.0,1058.0,3074,1,0,1,Pedestrian
30,0.0,1004.0,49.0,1058.0,3075,1,0,1,Pedestrian
30,0.0,1004.0,49.0,1058.0,3076,1,0,1,Pedestrian
30,0.0,1004.0,49.0,1058.0,3077,1,0,1,Pedestrian
30,0.0,1004.0,49.0,1058.0,3078,1,0,1,Pedestrian
30,0.0,1004.0,49.0,1058.0,3079,1,0,1,Pedestrian
30,0.0,1004.0,49.0,1058.0,3080,1,0,1,Pedestrian
30,0.0,1004.0,49.0,1058.0,3081,1,0,1,Pedestrian
30,0.0,1004.0,49.0,1058.0,3082,1,0,1,Pedestrian
30,0.0,1004.0,49.0,1058.0,3083,1,0,1,Pedestrian
30,0.0,1004.0,49.0,1058.0,3084,1,0,1,Pedestrian
30,0.0,1004.0,49.0,1058.0,3085,1,0,1,Pedestrian
30,0.0,1004.0,49.0,1058.0,3086,1,0,1,Pedestrian
30,0.0,1004.0,49.0,1058.0,3087,1,0,1,Pedestrian
30,0.0,1004.0,49.0,1058.0,3088,1,0,1,Pedestrian
30,0.0,1004.0,49.0,1058.0,3089,1,0,1,Pedestrian
30,0.0,1004.0,49.0,1058.0,3090,1,0,1,Pedestrian
30,0.0,1004.0,49.0,1058.0,3091,1,0,1,Pedestrian
30,0.0,1004.0,49.0,1058.0,3092,1,0,1,Pedestrian
30,0.0,1004.0,49.0,1058.0,3093,1,0,1,Pedestrian
30,0.0,1004.0,49.0,1058.0,3094,1,0,1,Pedestrian
30,0.0,1004.0,49.0,1058.0,3095,1,0,1,Pedestrian
30,0.0,1004.0,49.0,1058.0,3096,1,0,1,Pedestrian
30,0.0,1004.0,49.0,1058.0,3097,1,0,1,Pedestrian
30,0.0,1004.0,49.0,1058.0,3098,1,0,1,Pedestrian
30,0.0,1004.0,49.0,1058.0,3099,1,0,1,Pedestrian
30,0.0,1004.0,49.0,1058.0,3100,1,0,1,Pedestrian
30,0.0,1004.0,49.0,1058.0,3101,1,0,1,Pedestrian
30,0.0,1004.0,49.0,1058.0,3102,1,0,1,Pedestrian
30,0.0,1004.0,49.0,1058.0,3103,1,0,1,Pedestrian
30,0.0,1004.0,49.0,1058.0,3104,1,0,1,Pedestrian
30,0.0,1004.0,49.0,1058.0,3105,1,0,1,Pedestrian
30,0.0,1004.0,49.0,1058.0,3106,1,0,1,Pedestrian
30,0.0,1004.0,49.0,1058.0,3107,1,0,1,Pedestrian
30,0.0,1004.0,49.0,1058.0,3108,1,0,1,Pedestrian
30,0.0,1004.0,49.0,1058.0,3109,1,0,1,Pedestrian
30,0.0,1004.0,49.0,1058.0,3110,1,0,1,Pedestrian
30,0.0,1004.0,49.0,1058.0,3111,1,0,1,Pedestrian
30,0.0,1004.0,49.0,1058.0,3112,1,0,1,Pedestrian
30,0.0,1004.0,49.0,1058.0,3113,1,0,1,Pedestrian
30,0.0,1004.0,49.0,1058.0,3114,1,0,1,Pedestrian
30,0.0,1004.0,49.0,1058.0,3115,1,0,1,Pedestrian
30,0.0,1004.0,49.0,1058.0,3116,1,0,1,Pedestrian
30,0.0,1004.0,49.0,1058.0,3117,1,0,1,Pedestrian
30,0.0,1004.0,49.0,1058.0,3118,1,0,1,Pedestrian
30,0.0,1004.0,49.0,1058.0,3119,1,0,1,Pedestrian
30,0.0,1004.0,49.0,1058.0,3120,1,0,1,Pedestrian
30,0.0,1004.0,49.0,1058.0,3121,1,0,1,Pedestrian
30,0.0,1004.0,49.0,1058.0,3122,1,0,1,Pedestrian
30,0.0,1004.0,49.0,1058.0,3123,1,0,1,Pedestrian
30,0.0,1004.0,49.0,1058.0,3124,1,0,1,Pedestrian
30,0.0,1004.0,49.0,1058.0,3125,1,0,1,Pedestrian
30,0.0,1004.0,49.0,1058.0,3126,1,0,1,Pedestrian
30,0.0,1004.0,49.0,1058.0,3127,1,0,1,Pedestrian
30,0.0,1004.0,49.0,1058.0,3128,1,0,1,Pedestrian
30,0.0,1004.0,49.0,1058.0,3129,1,0,1,Pedestrian
30,0.0,1004.0,49.0,1058.0,3130,1,0,1,Pedestrian
30,0.0,1004.0,49.0,1058.0,3131,1,0,1,Pedestrian
30,0.0,1004.0,49.0,1058.0,3132,1,0,1,Pedestrian
30,0.0,1004.0,49.0,1058.0,3133,1,0,1,Pedestrian
30,0.0,1004.0,49.0,1058.0,3134,1,0,1,Pedestrian
30,0.0,1004.0,49.0,1058.0,3135,1,0,1,Pedestrian
30,0.0,1004.0,49.0,1058.0,3136,1,0,1,Pedestrian
30,0.0,1004.0,49.0,1058.0,3137,1,0,1,Pedestrian
30,0.0,1004.0,49.0,1058.0,3138,1,0,1,Pedestrian
30,0.0,1004.0,49.0,1058.0,3139,1,0,1,Pedestrian
30,0.0,1004.0,49.0,1058.0,3140,1,0,1,Pedestrian
30,0.0,1004.0,49.0,1058.0,3141,1,0,1,Pedestrian
30,0.0,1004.0,49.0,1058.0,3142,1,0,1,Pedestrian
30,0.0,1004.0,49.0,1058.0,3143,1,0,1,Pedestrian
30,0.0,1004.0,49.0,1058.0,3144,1,0,1,Pedestrian
30,0.0,1004.0,49.0,1058.0,3145,1,0,1,Pedestrian
30,0.0,1004.0,49.0,1058.0,3146,1,0,1,Pedestrian
30,0.0,1004.0,49.0,1058.0,3147,1,0,1,Pedestrian
30,0.0,1004.0,49.0,1058.0,3148,1,0,1,Pedestrian
30,0.0,1004.0,49.0,1058.0,3149,1,0,1,Pedestrian
30,0.0,1004.0,49.0,1058.0,3150,1,0,1,Pedestrian
30,0.0,1004.0,49.0,1058.0,3151,1,0,1,Pedestrian
30,0.0,1004.0,49.0,1058.0,3152,1,0,1,Pedestrian
30,0.0,1004.0,49.0,1058.0,3153,1,0,1,Pedestrian
30,0.0,1004.0,49.0,1058.0,3154,1,0,1,Pedestrian
30,0.0,1004.0,49.0,1058.0,3155,1,0,1,Pedestrian
30,0.0,1004.0,49.0,1058.0,3156,1,0,1,Pedestrian
30,0.0,1004.0,49.0,1058.0,3157,1,0,1,Pedestrian
30,0.0,1004.0,49.0,1058.0,3158,1,0,1,Pedestrian
30,0.0,1004.0,49.0,1058.0,3159,1,0,1,Pedestrian
30,0.0,1004.0,49.0,1058.0,3160,1,0,1,Pedestrian
30,0.0,1004.0,49.0,1058.0,3161,1,0,1,Pedestrian
30,0.0,1004.0,49.0,1058.0,3162,1,0,1,Pedestrian
30,0.0,1004.0,49.0,1058.0,3163,1,0,1,Pedestrian
30,0.0,1004.0,49.0,1058.0,3164,1,0,1,Pedestrian
30,0.0,1004.0,49.0,1058.0,3165,1,0,1,Pedestrian
30,0.0,1004.0,49.0,1058.0,3166,1,0,1,Pedestrian
30,0.0,1004.0,49.0,1058.0,3167,1,0,1,Pedestrian
30,0.0,1004.0,49.0,1058.0,3168,1,0,1,Pedestrian
30,0.0,1004.0,49.0,1058.0,3169,1,0,1,Pedestrian
30,0.0,1004.0,49.0,1058.0,3170,1,0,1,Pedestrian
30,0.0,1004.0,49.0,1058.0,3171,1,0,1,Pedestrian
30,0.0,1004.0,49.0,1058.0,3172,1,0,1,Pedestrian
30,0.0,1004.0,49.0,1058.0,3173,1,0,1,Pedestrian
30,0.0,1004.0,49.0,1058.0,3174,1,0,1,Pedestrian
30,0.0,1004.0,49.0,1058.0,3175,1,0,1,Pedestrian
30,0.0,1004.0,49.0,1058.0,3176,1,0,1,Pedestrian
30,0.0,1004.0,49.0,1058.0,3177,1,0,1,Pedestrian
30,0.0,1004.0,49.0,1058.0,3178,1,0,1,Pedestrian
30,0.0,1004.0,49.0,1058.0,3179,1,0,1,Pedestrian
30,0.0,1004.0,49.0,1058.0,3180,1,0,1,Pedestrian
30,0.0,1004.0,49.0,1058.0,3181,1,0,1,Pedestrian
30,0.0,1004.0,49.0,1058.0,3182,1,0,1,Pedestrian
30,0.0,1004.0,49.0,1058.0,3183,1,0,1,Pedestrian
30,0.0,1004.0,49.0,1058.0,3184,1,0,1,Pedestrian
30,0.0,1004.0,49.0,1058.0,3185,1,0,1,Pedestrian
30,0.0,1004.0,49.0,1058.0,3186,1,0,1,Pedestrian
30,0.0,1004.0,49.0,1058.0,3187,1,0,1,Pedestrian
30,0.0,1004.0,49.0,1058.0,3188,1,0,1,Pedestrian
30,0.0,1004.0,49.0,1058.0,3189,1,0,1,Pedestrian
30,0.0,1004.0,49.0,1058.0,3190,1,0,1,Pedestrian
30,0.0,1004.0,49.0,1058.0,3191,1,0,1,Pedestrian
30,0.0,1004.0,49.0,1058.0,3192,1,0,1,Pedestrian
30,0.0,1004.0,49.0,1058.0,3193,1,0,1,Pedestrian
30,0.0,1004.0,49.0,1058.0,3194,1,0,1,Pedestrian
30,0.0,1004.0,49.0,1058.0,3195,1,0,1,Pedestrian
30,0.0,1004.0,49.0,1058.0,3196,1,0,1,Pedestrian
30,0.0,1004.0,49.0,1058.0,3197,1,0,1,Pedestrian
30,0.0,1004.0,49.0,1058.0,3198,1,0,1,Pedestrian
30,0.0,1004.0,49.0,1058.0,3199,1,0,1,Pedestrian
30,0.0,1004.0,49.0,1058.0,3200,1,0,1,Pedestrian
30,0.0,1004.0,49.0,1058.0,3201,1,0,1,Pedestrian
30,0.0,1004.0,49.0,1058.0,3202,1,0,1,Pedestrian
30,0.0,1004.0,49.0,1058.0,3203,1,0,1,Pedestrian
30,0.0,1004.0,49.0,1058.0,3204,1,0,1,Pedestrian
30,0.0,1004.0,49.0,1058.0,3205,1,0,1,Pedestrian
30,0.0,1004.0,49.0,1058.0,3206,1,0,1,Pedestrian
30,0.0,1004.0,49.0,1058.0,3207,1,0,1,Pedestrian
30,0.0,1004.0,49.0,1058.0,3208,1,0,1,Pedestrian
30,0.0,1004.0,49.0,1058.0,3209,1,0,1,Pedestrian
30,0.0,1004.0,49.0,1058.0,3210,1,0,1,Pedestrian
30,0.0,1004.0,49.0,1058.0,3211,1,0,1,Pedestrian
30,0.0,1004.0,49.0,1058.0,3212,1,0,1,Pedestrian
30,0.0,1004.0,49.0,1058.0,3213,1,0,1,Pedestrian
30,0.0,1004.0,49.0,1058.0,3214,1,0,1,Pedestrian
30,0.0,1004.0,49.0,1058.0,3215,1,0,1,Pedestrian
30,0.0,1004.0,49.0,1058.0,3216,1,0,1,Pedestrian
30,0.0,1004.0,49.0,1058.0,3217,1,0,1,Pedestrian
30,0.0,1004.0,49.0,1058.0,3218,1,0,1,Pedestrian
30,0.0,1004.0,49.0,1058.0,3219,1,0,1,Pedestrian
30,0.0,1004.0,49.0,1058.0,3220,1,0,1,Pedestrian
30,0.0,1004.0,49.0,1058.0,3221,1,0,1,Pedestrian
30,0.0,1004.0,49.0,1058.0,3222,1,0,1,Pedestrian
30,0.0,1004.0,49.0,1058.0,3223,1,0,1,Pedestrian
30,0.0,1004.0,49.0,1058.0,3224,1,0,1,Pedestrian
30,0.0,1004.0,49.0,1058.0,3225,1,0,1,Pedestrian
30,0.0,1004.0,49.0,1058.0,3226,1,0,1,Pedestrian
30,0.0,1004.0,49.0,1058.0,3227,1,0,1,Pedestrian
30,0.0,1004.0,49.0,1058.0,3228,1,0,1,Pedestrian
30,0.0,1004.0,49.0,1058.0,3229,1,0,1,Pedestrian
30,0.0,1004.0,49.0,1058.0,3230,1,0,1,Pedestrian
30,0.0,1004.0,49.0,1058.0,3231,1,0,1,Pedestrian
30,0.0,1004.0,49.0,1058.0,3232,1,0,1,Pedestrian
30,0.0,1004.0,49.0,1058.0,3233,1,0,1,Pedestrian
30,0.0,1004.0,49.0,1058.0,3234,1,0,1,Pedestrian
30,0.0,1004.0,49.0,1058.0,3235,1,0,1,Pedestrian
30,0.0,1004.0,49.0,1058.0,3236,1,0,1,Pedestrian
30,0.0,1004.0,49.0,1058.0,3237,1,0,1,Pedestrian
30,0.0,1004.0,49.0,1058.0,3238,1,0,1,Pedestrian
30,0.0,1004.0,49.0,1058.0,3239,1,0,1,Pedestrian
30,0.0,1004.0,49.0,1058.0,3240,1,0,1,Pedestrian
30,0.0,1004.0,49.0,1058.0,3241,1,0,1,Pedestrian
30,0.0,1004.0,49.0,1058.0,3242,1,0,1,Pedestrian
30,0.0,1004.0,49.0,1058.0,3243,1,0,1,Pedestrian
30,0.0,1004.0,49.0,1058.0,3244,1,0,1,Pedestrian
30,0.0,1004.0,49.0,1058.0,3245,1,0,1,Pedestrian
30,0.0,1004.0,49.0,1058.0,3246,1,0,1,Pedestrian
30,0.0,1004.0,49.0,1058.0,3247,1,0,1,Pedestrian
30,0.0,1004.0,49.0,1058.0,3248,1,0,1,Pedestrian
30,0.0,1004.0,49.0,1058.0,3249,1,0,1,Pedestrian
30,0.0,1004.0,49.0,1058.0,3250,1,0,1,Pedestrian
30,0.0,1004.0,49.0,1058.0,3251,1,0,1,Pedestrian
30,0.0,1004.0,49.0,1058.0,3252,1,0,1,Pedestrian
30,0.0,1004.0,49.0,1058.0,3253,1,0,1,Pedestrian
30,0.0,1004.0,49.0,1058.0,3254,1,0,1,Pedestrian
30,0.0,1004.0,49.0,1058.0,3255,1,0,1,Pedestrian
30,0.0,1004.0,49.0,1058.0,3256,1,0,1,Pedestrian
30,0.0,1004.0,49.0,1058.0,3257,1,0,1,Pedestrian
30,0.0,1004.0,49.0,1058.0,3258,1,0,1,Pedestrian
30,0.0,1004.0,49.0,1058.0,3259,1,0,1,Pedestrian
30,0.0,1004.0,49.0,1058.0,3260,1,0,1,Pedestrian
30,0.0,1004.0,49.0,1058.0,3261,1,0,1,Pedestrian
30,0.0,1004.0,49.0,1058.0,3262,1,0,1,Pedestrian
30,0.0,1004.0,49.0,1058.0,3263,1,0,1,Pedestrian
30,0.0,1004.0,49.0,1058.0,3264,1,0,1,Pedestrian
30,0.0,1004.0,49.0,1058.0,3265,1,0,1,Pedestrian
30,0.0,1004.0,49.0,1058.0,3266,1,0,1,Pedestrian
30,0.0,1004.0,49.0,1058.0,3267,1,0,1,Pedestrian
30,0.0,1004.0,49.0,1058.0,3268,1,0,1,Pedestrian
30,0.0,1004.0,49.0,1058.0,3269,1,0,1,Pedestrian
30,0.0,1004.0,49.0,1058.0,3270,1,0,1,Pedestrian
30,0.0,1004.0,49.0,1058.0,3271,1,0,1,Pedestrian
30,0.0,1004.0,49.0,1058.0,3272,1,0,1,Pedestrian
30,0.0,1004.0,49.0,1058.0,3273,1,0,1,Pedestrian
30,0.0,1004.0,49.0,1058.0,3274,1,0,1,Pedestrian
30,0.0,1004.0,49.0,1058.0,3275,1,0,1,Pedestrian
30,0.0,1004.0,49.0,1058.0,3276,1,0,1,Pedestrian
30,0.0,1004.0,49.0,1058.0,3277,1,0,1,Pedestrian
30,0.0,1004.0,49.0,1058.0,3278,1,0,1,Pedestrian
30,0.0,1004.0,49.0,1058.0,3279,1,0,1,Pedestrian
30,0.0,1004.0,49.0,1058.0,3280,1,0,1,Pedestrian
30,0.0,1004.0,49.0,1058.0,3281,1,0,1,Pedestrian
30,0.0,1004.0,49.0,1058.0,3282,1,0,1,Pedestrian
30,0.0,1004.0,49.0,1058.0,3283,1,0,1,Pedestrian
30,0.0,1004.0,49.0,1058.0,3284,1,0,1,Pedestrian
30,0.0,1004.0,49.0,1058.0,3285,1,0,1,Pedestrian
30,0.0,1004.0,49.0,1058.0,3286,1,0,1,Pedestrian
30,0.0,1004.0,49.0,1058.0,3287,1,0,1,Pedestrian
30,0.0,1004.0,49.0,1058.0,3288,1,0,1,Pedestrian
30,0.0,1004.0,49.0,1058.0,3289,1,0,1,Pedestrian
30,0.0,1004.0,49.0,1058.0,3290,1,0,1,Pedestrian
30,0.0,1004.0,49.0,1058.0,3291,1,0,1,Pedestrian
30,0.0,1004.0,49.0,1058.0,3292,1,0,1,Pedestrian
30,0.0,1004.0,49.0,1058.0,3293,1,0,1,Pedestrian
30,0.0,1004.0,49.0,1058.0,3294,1,0,1,Pedestrian
30,0.0,1004.0,49.0,1058.0,3295,1,0,1,Pedestrian
30,0.0,1004.0,49.0,1058.0,3296,1,0,1,Pedestrian
30,0.0,1004.0,49.0,1058.0,3297,1,0,1,Pedestrian
30,0.0,1004.0,49.0,1058.0,3298,1,0,1,Pedestrian
30,0.0,1004.0,49.0,1058.0,3299,1,0,1,Pedestrian
30,0.0,1004.0,49.0,1058.0,3300,1,0,1,Pedestrian
30,0.0,1004.0,49.0,1058.0,3301,1,0,1,Pedestrian
30,0.0,1004.0,49.0,1058.0,3302,1,0,1,Pedestrian
30,0.0,1004.0,49.0,1058.0,3303,1,0,1,Pedestrian
30,0.0,1004.0,49.0,1058.0,3304,1,0,1,Pedestrian
30,0.0,1004.0,49.0,1058.0,3305,1,0,1,Pedestrian
30,0.0,1004.0,49.0,1058.0,3306,1,0,1,Pedestrian
30,0.0,1004.0,49.0,1058.0,3307,1,0,1,Pedestrian
30,0.0,1004.0,49.0,1058.0,3308,1,0,1,Pedestrian
30,0.0,1004.0,49.0,1058.0,3309,1,0,1,Pedestrian
30,0.0,1004.0,49.0,1058.0,3310,1,0,1,Pedestrian
30,0.0,1004.0,49.0,1058.0,3311,1,0,1,Pedestrian
30,0.0,1004.0,49.0,1058.0,3312,1,0,1,Pedestrian
30,0.0,1004.0,49.0,1058.0,3313,1,0,1,Pedestrian
30,0.0,1004.0,49.0,1058.0,3314,1,0,1,Pedestrian
30,0.0,1004.0,49.0,1058.0,3315,1,0,1,Pedestrian
30,0.0,1004.0,49.0,1058.0,3316,1,0,1,Pedestrian
30,0.0,1004.0,49.0,1058.0,3317,1,0,1,Pedestrian
30,0.0,1004.0,49.0,1058.0,3318,1,0,1,Pedestrian
30,0.0,1004.0,49.0,1058.0,3319,1,0,1,Pedestrian
30,0.0,1004.0,49.0,1058.0,3320,1,0,1,Pedestrian
30,0.0,1004.0,49.0,1058.0,3321,1,0,1,Pedestrian
30,0.0,1004.0,49.0,1058.0,3322,1,0,1,Pedestrian
30,0.0,1004.0,49.0,1058.0,3323,1,0,1,Pedestrian
30,0.0,1004.0,49.0,1058.0,3324,1,0,1,Pedestrian
30,0.0,1004.0,49.0,1058.0,3325,1,0,1,Pedestrian
30,0.0,1004.0,49.0,1058.0,3326,1,0,1,Pedestrian
30,0.0,1004.0,49.0,1058.0,3327,1,0,1,Pedestrian
30,0.0,1004.0,49.0,1058.0,3328,1,0,1,Pedestrian
30,0.0,1004.0,49.0,1058.0,3329,1,0,1,Pedestrian
30,0.0,1004.0,49.0,1058.0,3330,1,0,1,Pedestrian
30,0.0,1004.0,49.0,1058.0,3331,1,0,1,Pedestrian
30,0.0,1004.0,49.0,1058.0,3332,1,0,1,Pedestrian
30,0.0,1004.0,49.0,1058.0,3333,1,0,1,Pedestrian
30,0.0,1004.0,49.0,1058.0,3334,1,0,1,Pedestrian
30,0.0,1004.0,49.0,1058.0,3335,1,0,1,Pedestrian
30,0.0,1004.0,49.0,1058.0,3336,1,0,1,Pedestrian
30,0.0,1004.0,49.0,1058.0,3337,1,0,1,Pedestrian
30,0.0,1004.0,49.0,1058.0,3338,1,0,1,Pedestrian
30,0.0,1004.0,49.0,1058.0,3339,1,0,1,Pedestrian
30,0.0,1004.0,49.0,1058.0,3340,1,0,1,Pedestrian
30,0.0,1004.0,49.0,1058.0,3341,1,0,1,Pedestrian
30,0.0,1004.0,49.0,1058.0,3342,1,0,1,Pedestrian
30,0.0,1004.0,49.0,1058.0,3343,1,0,1,Pedestrian
30,0.0,1004.0,49.0,1058.0,3344,1,0,1,Pedestrian
30,0.0,1004.0,49.0,1058.0,3345,1,0,1,Pedestrian
30,0.0,1004.0,49.0,1058.0,3346,1,0,1,Pedestrian
30,0.0,1004.0,49.0,1058.0,3347,1,0,1,Pedestrian
30,0.0,1004.0,49.0,1058.0,3348,1,0,1,Pedestrian
30,0.0,1004.0,49.0,1058.0,3349,1,0,1,Pedestrian
30,0.0,1004.0,49.0,1058.0,3350,1,0,1,Pedestrian
30,0.0,1004.0,49.0,1058.0,3351,1,0,1,Pedestrian
30,0.0,1004.0,49.0,1058.0,3352,1,0,1,Pedestrian
30,0.0,1004.0,49.0,1058.0,3353,1,0,1,Pedestrian
30,0.0,1004.0,49.0,1058.0,3354,1,0,1,Pedestrian
30,0.0,1004.0,49.0,1058.0,3355,1,0,1,Pedestrian
30,0.0,1004.0,49.0,1058.0,3356,1,0,1,Pedestrian
30,0.0,1004.0,49.0,1058.0,3357,1,0,1,Pedestrian
30,0.0,1004.0,49.0,1058.0,3358,1,0,1,Pedestrian
30,0.0,1004.0,49.0,1058.0,3359,1,0,1,Pedestrian
30,0.0,1004.0,49.0,1058.0,3360,1,0,1,Pedestrian
30,0.0,1004.0,49.0,1058.0,3361,1,0,1,Pedestrian
30,0.0,1004.0,49.0,1058.0,3362,1,0,1,Pedestrian
30,0.0,1004.0,49.0,1058.0,3363,1,0,1,Pedestrian
30,0.0,1004.0,49.0,1058.0,3364,1,0,1,Pedestrian
30,0.0,1004.0,49.0,1058.0,3365,1,0,1,Pedestrian
30,0.0,1004.0,49.0,1058.0,3366,1,0,1,Pedestrian
30,0.0,1004.0,49.0,1058.0,3367,1,0,1,Pedestrian
30,0.0,1004.0,49.0,1058.0,3368,1,0,1,Pedestrian
30,0.0,1004.0,49.0,1058.0,3369,1,0,1,Pedestrian
30,0.0,1004.0,49.0,1058.0,3370,1,0,1,Pedestrian
30,0.0,1004.0,49.0,1058.0,3371,1,0,1,Pedestrian
30,0.0,1004.0,49.0,1058.0,3372,1,0,1,Pedestrian
30,0.0,1004.0,49.0,1058.0,3373,1,0,1,Pedestrian
30,0.0,1004.0,49.0,1058.0,3374,1,0,1,Pedestrian
30,0.0,1004.0,49.0,1058.0,3375,1,0,1,Pedestrian
30,0.0,1004.0,49.0,1058.0,3376,1,0,1,Pedestrian
30,0.0,1004.0,49.0,1058.0,3377,1,0,1,Pedestrian
30,0.0,1004.0,49.0,1058.0,3378,1,0,1,Pedestrian
30,0.0,1004.0,49.0,1058.0,3379,1,0,1,Pedestrian
30,0.0,1004.0,49.0,1058.0,3380,1,0,1,Pedestrian
30,0.0,1004.0,49.0,1058.0,3381,1,0,1,Pedestrian
30,0.0,1004.0,49.0,1058.0,3382,1,0,1,Pedestrian
30,0.0,1004.0,49.0,1058.0,3383,1,0,1,Pedestrian
30,0.0,1004.0,49.0,1058.0,3384,1,0,1,Pedestrian
30,0.0,1004.0,49.0,1058.0,3385,1,0,1,Pedestrian
30,0.0,1004.0,49.0,1058.0,3386,1,0,1,Pedestrian
30,0.0,1004.0,49.0,1058.0,3387,1,0,1,Pedestrian
30,0.0,1004.0,49.0,1058.0,3388,1,0,1,Pedestrian
30,0.0,1004.0,49.0,1058.0,3389,1,0,1,Pedestrian
30,0.0,1004.0,49.0,1058.0,3390,1,0,1,Pedestrian
30,0.0,1004.0,49.0,1058.0,3391,1,0,1,Pedestrian
30,0.0,1004.0,49.0,1058.0,3392,1,0,1,Pedestrian
30,0.0,1004.0,49.0,1058.0,3393,1,0,1,Pedestrian
30,0.0,1004.0,49.0,1058.0,3394,1,0,1,Pedestrian
30,0.0,1004.0,49.0,1058.0,3395,1,0,1,Pedestrian
30,0.0,1004.0,49.0,1058.0,3396,1,0,1,Pedestrian
30,0.0,1004.0,49.0,1058.0,3397,1,0,1,Pedestrian
30,0.0,1004.0,49.0,1058.0,3398,1,0,1,Pedestrian
30,0.0,1004.0,49.0,1058.0,3399,1,0,1,Pedestrian
30,0.0,1004.0,49.0,1058.0,3400,1,0,1,Pedestrian
30,0.0,1004.0,49.0,1058.0,3401,1,0,1,Pedestrian
30,0.0,1004.0,49.0,1058.0,3402,1,0,1,Pedestrian
30,0.0,1004.0,49.0,1058.0,3403,1,0,1,Pedestrian
30,0.0,1004.0,49.0,1058.0,3404,1,0,1,Pedestrian
30,0.0,1004.0,49.0,1058.0,3405,1,0,1,Pedestrian
30,0.0,1004.0,49.0,1058.0,3406,1,0,1,Pedestrian
30,0.0,1004.0,49.0,1058.0,3407,1,0,1,Pedestrian
30,0.0,1004.0,49.0,1058.0,3408,1,0,1,Pedestrian
30,0.0,1004.0,49.0,1058.0,3409,1,0,1,Pedestrian
30,0.0,1004.0,49.0,1058.0,3410,1,0,1,Pedestrian
30,0.0,1004.0,49.0,1058.0,3411,1,0,1,Pedestrian
30,0.0,1004.0,49.0,1058.0,3412,1,0,1,Pedestrian
30,0.0,1004.0,49.0,1058.0,3413,1,0,1,Pedestrian
30,0.0,1006.0,49.0,1061.0,3414,0,0,0,Pedestrian
30,0.0,1006.0,46.0,1061.0,3415,0,0,1,Pedestrian
30,0.0,1006.0,46.0,1061.0,3416,0,0,1,Pedestrian
30,0.0,1006.0,46.0,1061.0,3417,0,0,1,Pedestrian
30,0.0,1006.0,46.0,1061.0,3418,0,0,1,Pedestrian
30,0.0,1006.0,46.0,1061.0,3419,0,0,1,Pedestrian
30,0.0,1008.0,46.0,1063.0,3420,0,0,1,Pedestrian
30,0.0,1008.0,46.0,1063.0,3421,0,0,1,Pedestrian
30,0.0,1008.0,46.0,1063.0,3422,0,0,1,Pedestrian
30,0.0,1008.0,46.0,1063.0,3423,0,0,1,Pedestrian
30,0.0,1008.0,46.0,1063.0,3424,0,0,1,Pedestrian
30,0.0,1011.0,46.0,1065.0,3425,0,0,1,Pedestrian
30,0.0,1011.0,46.0,1065.0,3426,0,0,1,Pedestrian
30,0.0,1011.0,46.0,1065.0,3427,0,0,1,Pedestrian
30,0.0,1011.0,46.0,1065.0,3428,0,0,1,Pedestrian
30,0.0,1011.0,46.0,1065.0,3429,0,0,1,Pedestrian
30,0.0,1013.0,46.0,1067.0,3430,0,0,1,Pedestrian
30,0.0,1013.0,46.0,1067.0,3431,0,0,1,Pedestrian
30,0.0,1013.0,46.0,1067.0,3432,0,0,1,Pedestrian
30,0.0,1013.0,46.0,1067.0,3433,0,0,1,Pedestrian
30,0.0,1013.0,46.0,1067.0,3434,0,0,1,Pedestrian
30,0.0,1015.0,46.0,1070.0,3435,0,0,1,Pedestrian
30,0.0,1015.0,46.0,1070.0,3436,0,0,1,Pedestrian
30,0.0,1015.0,46.0,1070.0,3437,0,0,1,Pedestrian
30,0.0,1015.0,46.0,1070.0,3438,0,0,1,Pedestrian
30,0.0,1015.0,46.0,1070.0,3439,0,0,1,Pedestrian
30,0.0,1017.0,46.0,1072.0,3440,0,0,1,Pedestrian
30,0.0,1017.0,46.0,1072.0,3441,0,0,1,Pedestrian
30,0.0,1017.0,46.0,1072.0,3442,0,0,1,Pedestrian
30,0.0,1017.0,46.0,1072.0,3443,0,0,1,Pedestrian
30,0.0,1017.0,46.0,1072.0,3444,0,0,1,Pedestrian
30,0.0,1020.0,46.0,1074.0,3445,0,0,1,Pedestrian
30,0.0,1020.0,46.0,1074.0,3446,0,0,1,Pedestrian
30,0.0,1020.0,46.0,1074.0,3447,0,0,1,Pedestrian
30,0.0,1020.0,46.0,1074.0,3448,0,0,1,Pedestrian
30,0.0,1020.0,46.0,1074.0,3449,0,0,1,Pedestrian
30,0.0,1022.0,46.0,1077.0,3450,0,0,0,Pedestrian
30,0.0,1022.0,44.0,1077.0,3451,0,0,1,Pedestrian
30,0.0,1024.0,44.0,1079.0,3452,0,0,1,Pedestrian
30,0.0,1026.0,44.0,1079.0,3453,0,0,1,Pedestrian
30,0.0,1026.0,44.0,1081.0,3454,0,0,1,Pedestrian
30,0.0,1029.0,44.0,1081.0,3455,0,0,1,Pedestrian
30,0.0,1031.0,44.0,1083.0,3456,0,0,1,Pedestrian
30,0.0,1031.0,44.0,1083.0,3457,0,0,1,Pedestrian
30,0.0,1033.0,44.0,1086.0,3458,0,0,1,Pedestrian
30,0.0,1036.0,44.0,1086.0,3459,0,0,1,Pedestrian
30,0.0,1036.0,44.0,1088.0,3460,0,0,1,Pedestrian
30,0.0,1038.0,44.0,1088.0,3461,0,0,1,Pedestrian
30,0.0,1040.0,44.0,1090.0,3462,1,0,0,Pedestrian
30,0.0,1040.0,44.0,1090.0,3463,1,0,1,Pedestrian
30,0.0,1040.0,44.0,1090.0,3464,1,0,1,Pedestrian
30,0.0,1040.0,44.0,1090.0,3465,1,0,1,Pedestrian
30,0.0,1040.0,44.0,1090.0,3466,1,0,1,Pedestrian
30,0.0,1040.0,44.0,1090.0,3467,1,0,1,Pedestrian
30,0.0,1040.0,44.0,1090.0,3468,1,0,1,Pedestrian
30,0.0,1040.0,44.0,1090.0,3469,1,0,1,Pedestrian
30,0.0,1040.0,44.0,1090.0,3470,1,0,1,Pedestrian
30,0.0,1040.0,44.0,1090.0,3471,1,0,1,Pedestrian
30,0.0,1040.0,44.0,1090.0,3472,1,0,1,Pedestrian
30,0.0,1040.0,44.0,1090.0,3473,1,0,1,Pedestrian
30,0.0,1040.0,44.0,1090.0,3474,1,0,1,Pedestrian
30,0.0,1040.0,44.0,1090.0,3475,1,0,1,Pedestrian
30,0.0,1040.0,44.0,1090.0,3476,1,0,1,Pedestrian
30,0.0,1040.0,44.0,1090.0,3477,1,0,1,Pedestrian
30,0.0,1040.0,44.0,1090.0,3478,1,0,1,Pedestrian
30,0.0,1040.0,44.0,1090.0,3479,1,0,1,Pedestrian
30,0.0,1040.0,44.0,1090.0,3480,1,0,1,Pedestrian
30,0.0,1040.0,44.0,1090.0,3481,1,0,1,Pedestrian
30,0.0,1040.0,44.0,1090.0,3482,1,0,1,Pedestrian
30,0.0,1040.0,44.0,1090.0,3483,1,0,1,Pedestrian
30,0.0,1040.0,44.0,1090.0,3484,1,0,1,Pedestrian
30,0.0,1040.0,44.0,1090.0,3485,1,0,1,Pedestrian
30,0.0,1040.0,44.0,1090.0,3486,1,0,1,Pedestrian
30,0.0,1040.0,44.0,1090.0,3487,1,0,1,Pedestrian
30,0.0,1040.0,44.0,1090.0,3488,1,0,1,Pedestrian
30,0.0,1040.0,44.0,1090.0,3489,1,0,1,Pedestrian
30,0.0,1040.0,44.0,1090.0,3490,1,0,1,Pedestrian
30,0.0,1040.0,44.0,1090.0,3491,1,0,1,Pedestrian
30,0.0,1040.0,44.0,1090.0,3492,1,0,1,Pedestrian
30,0.0,1040.0,44.0,1090.0,3493,1,0,1,Pedestrian
30,0.0,1040.0,44.0,1090.0,3494,1,0,1,Pedestrian
30,0.0,1040.0,44.0,1090.0,3495,1,0,1,Pedestrian
30,0.0,1040.0,44.0,1090.0,3496,1,0,1,Pedestrian
30,0.0,1040.0,44.0,1090.0,3497,1,0,1,Pedestrian
30,0.0,1040.0,44.0,1090.0,3498,1,0,1,Pedestrian
30,0.0,1040.0,44.0,1090.0,3499,1,0,1,Pedestrian
30,0.0,1040.0,44.0,1090.0,3500,1,0,1,Pedestrian
30,0.0,1040.0,44.0,1090.0,3501,1,0,1,Pedestrian
30,0.0,1040.0,44.0,1090.0,3502,1,0,1,Pedestrian
30,0.0,1040.0,44.0,1090.0,3503,1,0,1,Pedestrian
30,0.0,1040.0,44.0,1090.0,3504,1,0,1,Pedestrian
30,0.0,1040.0,44.0,1090.0,3505,1,0,1,Pedestrian
30,0.0,1040.0,44.0,1090.0,3506,1,0,0,Pedestrian
30,0.0,1040.0,44.0,1090.0,3507,1,0,1,Pedestrian
30,0.0,1040.0,44.0,1090.0,3508,1,0,1,Pedestrian
30,0.0,1040.0,44.0,1090.0,3509,1,0,1,Pedestrian
30,0.0,1040.0,44.0,1090.0,3510,1,0,1,Pedestrian
30,0.0,1040.0,44.0,1090.0,3511,1,0,1,Pedestrian
30,0.0,1040.0,44.0,1090.0,3512,1,0,1,Pedestrian
30,0.0,1040.0,44.0,1090.0,3513,1,0,1,Pedestrian
30,0.0,1040.0,44.0,1090.0,3514,1,0,1,Pedestrian
30,0.0,1040.0,44.0,1090.0,3515,1,0,1,Pedestrian
30,0.0,1040.0,44.0,1090.0,3516,1,0,1,Pedestrian
30,0.0,1040.0,44.0,1090.0,3517,1,0,1,Pedestrian
30,0.0,1040.0,44.0,1090.0,3518,1,0,1,Pedestrian
30,0.0,1040.0,44.0,1090.0,3519,1,0,1,Pedestrian
30,0.0,1040.0,44.0,1090.0,3520,1,0,1,Pedestrian
30,0.0,1040.0,44.0,1090.0,3521,1,0,1,Pedestrian
30,0.0,1040.0,44.0,1090.0,3522,1,0,1,Pedestrian
30,0.0,1040.0,44.0,1090.0,3523,1,0,1,Pedestrian
30,0.0,1040.0,44.0,1090.0,3524,1,0,1,Pedestrian
30,0.0,1040.0,44.0,1090.0,3525,1,0,1,Pedestrian
30,0.0,1040.0,44.0,1090.0,3526,1,0,1,Pedestrian
30,0.0,1040.0,44.0,1090.0,3527,1,0,1,Pedestrian
30,0.0,1040.0,44.0,1090.0,3528,1,0,1,Pedestrian
30,0.0,1040.0,44.0,1090.0,3529,1,0,1,Pedestrian
30,0.0,1040.0,44.0,1090.0,3530,1,0,1,Pedestrian
30,0.0,1040.0,44.0,1090.0,3531,1,0,0,Pedestrian
31,1859.0,18.0,1938.0,66.0,3000,1,0,0,Pedestrian
31,1856.0,15.0,1936.0,63.0,3001,1,0,1,Pedestrian
31,1856.0,15.0,1936.0,63.0,3002,1,0,1,Pedestrian
31,1856.0,15.0,1936.0,63.0,3003,1,0,1,Pedestrian
31,1856.0,15.0,1936.0,63.0,3004,1,0,1,Pedestrian
31,1856.0,15.0,1936.0,63.0,3005,1,0,1,Pedestrian
31,1856.0,15.0,1936.0,63.0,3006,1,0,1,Pedestrian
31,1856.0,15.0,1936.0,63.0,3007,1,0,1,Pedestrian
31,1856.0,15.0,1936.0,63.0,3008,1,0,1,Pedestrian
31,1856.0,15.0,1936.0,63.0,3009,1,0,1,Pedestrian
31,1856.0,15.0,1936.0,63.0,3010,1,0,1,Pedestrian
31,1856.0,15.0,1936.0,63.0,3011,1,0,1,Pedestrian
31,1856.0,15.0,1936.0,63.0,3012,1,0,1,Pedestrian
31,1856.0,15.0,1936.0,63.0,3013,1,0,1,Pedestrian
31,1856.0,15.0,1936.0,63.0,3014,1,0,1,Pedestrian
31,1856.0,15.0,1936.0,63.0,3015,1,0,1,Pedestrian
31,1856.0,15.0,1936.0,63.0,3016,1,0,1,Pedestrian
31,1856.0,15.0,1936.0,63.0,3017,1,0,1,Pedestrian
31,1856.0,15.0,1936.0,63.0,3018,1,0,1,Pedestrian
31,1856.0,15.0,1936.0,63.0,3019,1,0,1,Pedestrian
31,1856.0,15.0,1936.0,63.0,3020,1,0,1,Pedestrian
31,1856.0,15.0,1936.0,63.0,3021,1,0,1,Pedestrian
31,1856.0,15.0,1936.0,63.0,3022,1,0,1,Pedestrian
31,1856.0,15.0,1936.0,63.0,3023,1,0,1,Pedestrian
31,1856.0,15.0,1936.0,63.0,3024,1,0,1,Pedestrian
31,1856.0,15.0,1936.0,63.0,3025,1,0,1,Pedestrian
31,1856.0,15.0,1936.0,63.0,3026,1,0,1,Pedestrian
31,1856.0,15.0,1936.0,63.0,3027,1,0,1,Pedestrian
31,1856.0,15.0,1936.0,63.0,3028,1,0,1,Pedestrian
31,1856.0,15.0,1936.0,63.0,3029,1,0,1,Pedestrian
31,1856.0,15.0,1936.0,63.0,3030,1,0,1,Pedestrian
31,1856.0,15.0,1936.0,63.0,3031,1,0,1,Pedestrian
31,1856.0,15.0,1936.0,63.0,3032,1,0,1,Pedestrian
31,1856.0,15.0,1936.0,63.0,3033,1,0,1,Pedestrian
31,1856.0,15.0,1936.0,63.0,3034,1,0,1,Pedestrian
31,1856.0,15.0,1936.0,61.0,3035,1,0,1,Pedestrian
31,1856.0,15.0,1936.0,61.0,3036,1,0,1,Pedestrian
31,1856.0,15.0,1936.0,61.0,3037,1,0,1,Pedestrian
31,1856.0,15.0,1936.0,61.0,3038,1,0,1,Pedestrian
31,1856.0,13.0,1936.0,61.0,3039,1,0,1,Pedestrian
31,1856.0,13.0,1936.0,61.0,3040,1,0,1,Pedestrian
31,1856.0,13.0,1936.0,61.0,3041,1,0,1,Pedestrian
31,1856.0,13.0,1936.0,61.0,3042,1,0,1,Pedestrian
31,1856.0,13.0,1936.0,61.0,3043,1,0,1,Pedestrian
31,1856.0,13.0,1936.0,61.0,3044,1,0,1,Pedestrian
31,1856.0,13.0,1936.0,61.0,3045,1,0,1,Pedestrian
31,1856.0,13.0,1936.0,61.0,3046,1,0,1,Pedestrian
31,1856.0,13.0,1936.0,61.0,3047,1,0,1,Pedestrian
31,1856.0,13.0,1936.0,61.0,3048,1,0,1,Pedestrian
31,1856.0,13.0,1936.0,61.0,3049,1,0,1,Pedestrian
31,1856.0,13.0,1936.0,61.0,3050,1,0,1,Pedestrian
31,1856.0,13.0,1936.0,61.0,3051,1,0,1,Pedestrian
31,1856.0,13.0,1936.0,61.0,3052,1,0,1,Pedestrian
31,1856.0,13.0,1936.0,61.0,3053,1,0,1,Pedestrian
31,1856.0,13.0,1936.0,61.0,3054,1,0,1,Pedestrian
31,1856.0,13.0,1936.0,61.0,3055,1,0,1,Pedestrian
31,1856.0,13.0,1936.0,61.0,3056,1,0,1,Pedestrian
31,1856.0,13.0,1936.0,61.0,3057,1,0,1,Pedestrian
31,1856.0,13.0,1936.0,61.0,3058,1,0,1,Pedestrian
31,1856.0,13.0,1936.0,61.0,3059,1,0,1,Pedestrian
31,1856.0,13.0,1936.0,61.0,3060,1,0,1,Pedestrian
31,1856.0,13.0,1936.0,61.0,3061,1,0,1,Pedestrian
31,1856.0,13.0,1936.0,61.0,3062,1,0,1,Pedestrian
31,1856.0,13.0,1936.0,61.0,3063,1,0,1,Pedestrian
31,1856.0,13.0,1936.0,61.0,3064,1,0,1,Pedestrian
31,1856.0,13.0,1936.0,61.0,3065,1,0,1,Pedestrian
31,1856.0,13.0,1936.0,61.0,3066,1,0,1,Pedestrian
31,1856.0,13.0,1936.0,61.0,3067,1,0,1,Pedestrian
31,1856.0,13.0,1936.0,61.0,3068,1,0,1,Pedestrian
31,1856.0,13.0,1936.0,59.0,3069,1,0,1,Pedestrian
31,1856.0,13.0,1936.0,59.0,3070,1,0,1,Pedestrian
31,1856.0,13.0,1936.0,59.0,3071,1,0,1,Pedestrian
31,1856.0,13.0,1936.0,59.0,3072,1,0,1,Pedestrian
31,1856.0,13.0,1936.0,59.0,3073,1,0,1,Pedestrian
31,1856.0,13.0,1936.0,59.0,3074,1,0,1,Pedestrian
31,1856.0,13.0,1936.0,59.0,3075,1,0,1,Pedestrian
31,1856.0,13.0,1936.0,59.0,3076,1,0,1,Pedestrian
31,1856.0,13.0,1936.0,59.0,3077,1,0,1,Pedestrian
31,1856.0,11.0,1936.0,59.0,3078,1,0,1,Pedestrian
31,1856.0,11.0,1936.0,59.0,3079,1,0,1,Pedestrian
31,1856.0,11.0,1936.0,59.0,3080,1,0,1,Pedestrian
31,1856.0,11.0,1936.0,59.0,3081,1,0,1,Pedestrian
31,1856.0,11.0,1936.0,59.0,3082,1,0,1,Pedestrian
31,1856.0,11.0,1936.0,59.0,3083,1,0,1,Pedestrian
31,1856.0,11.0,1936.0,59.0,3084,1,0,1,Pedestrian
31,1856.0,11.0,1936.0,59.0,3085,1,0,1,Pedestrian
31,1856.0,11.0,1936.0,59.0,3086,1,0,1,Pedestrian
31,1856.0,11.0,1936.0,59.0,3087,1,0,1,Pedestrian
31,1856.0,11.0,1936.0,59.0,3088,1,0,1,Pedestrian
31,1856.0,11.0,1936.0,59.0,3089,1,0,1,Pedestrian
31,1856.0,11.0,1936.0,59.0,3090,1,0,1,Pedestrian
31,1856.0,11.0,1936.0,59.0,3091,1,0,1,Pedestrian
31,1856.0,11.0,1936.0,59.0,3092,1,0,1,Pedestrian
31,1856.0,11.0,1936.0,59.0,3093,1,0,1,Pedestrian
31,1856.0,11.0,1936.0,59.0,3094,1,0,1,Pedestrian
31,1856.0,11.0,1936.0,59.0,3095,1,0,1,Pedestrian
31,1856.0,11.0,1936.0,59.0,3096,1,0,1,Pedestrian
31,1856.0,11.0,1936.0,59.0,3097,1,0,1,Pedestrian
31,1856.0,11.0,1936.0,59.0,3098,1,0,1,Pedestrian
31,1856.0,11.0,1936.0,59.0,3099,1,0,1,Pedestrian
31,1856.0,11.0,1936.0,59.0,3100,1,0,1,Pedestrian
31,1856.0,11.0,1936.0,59.0,3101,1,0,1,Pedestrian
31,1856.0,11.0,1936.0,59.0,3102,1,0,1,Pedestrian
31,1853.0,11.0,1933.0,56.0,3103,1,0,1,Pedestrian
31,1853.0,11.0,1933.0,56.0,3104,1,0,1,Pedestrian
31,1853.0,11.0,1933.0,56.0,3105,1,0,1,Pedestrian
31,1853.0,11.0,1933.0,56.0,3106,1,0,1,Pedestrian
31,1853.0,11.0,1933.0,56.0,3107,1,0,1,Pedestrian
31,1853.0,11.0,1933.0,56.0,3108,1,0,1,Pedestrian
31,1853.0,11.0,1933.0,56.0,3109,1,0,1,Pedestrian
31,1853.0,11.0,1933.0,56.0,3110,1,0,1,Pedestrian
31,1853.0,11.0,1933.0,56.0,3111,1,0,1,Pedestrian
31,1853.0,11.0,1933.0,56.0,3112,1,0,1,Pedestrian
31,1853.0,11.0,1933.0,56.0,3113,1,0,1,Pedestrian
31,1853.0,11.0,1933.0,56.0,3114,1,0,1,Pedestrian
31,1853.0,11.0,1933.0,56.0,3115,1,0,1,Pedestrian
31,1853.0,9.0,1933.0,56.0,3116,1,0,1,Pedestrian
31,1853.0,9.0,1933.0,56.0,3117,1,0,1,Pedestrian
31,1853.0,9.0,1933.0,56.0,3118,1,0,1,Pedestrian
31,1853.0,9.0,1933.0,56.0,3119,1,0,1,Pedestrian
31,1853.0,9.0,1933.0,56.0,3120,1,0,1,Pedestrian
31,1853.0,9.0,1933.0,56.0,3121,1,0,1,Pedestrian
31,1853.0,9.0,1933.0,56.0,3122,1,0,1,Pedestrian
31,1853.0,9.0,1933.0,56.0,3123,1,0,1,Pedestrian
31,1853.0,9.0,1933.0,56.0,3124,1,0,1,Pedestrian
31,1853.0,9.0,1933.0,56.0,3125,1,0,1,Pedestrian
31,1853.0,9.0,1933.0,56.0,3126,1,0,1,Pedestrian
31,1853.0,9.0,1933.0,56.0,3127,1,0,1,Pedestrian
31,1853.0,9.0,1933.0,56.0,3128,1,0,1,Pedestrian
31,1853.0,9.0,1933.0,56.0,3129,1,0,1,Pedestrian
31,1853.0,9.0,1933.0,56.0,3130,1,0,1,Pedestrian
31,1853.0,9.0,1933.0,56.0,3131,1,0,1,Pedestrian
31,1853.0,9.0,1933.0,56.0,3132,1,0,1,Pedestrian
31,1853.0,9.0,1933.0,56.0,3133,1,0,1,Pedestrian
31,1853.0,9.0,1933.0,56.0,3134,1,0,1,Pedestrian
31,1853.0,9.0,1933.0,56.0,3135,1,0,1,Pedestrian
31,1853.0,9.0,1933.0,56.0,3136,1,0,1,Pedestrian
31,1853.0,9.0,1933.0,54.0,3137,1,0,1,Pedestrian
31,1853.0,9.0,1933.0,54.0,3138,1,0,1,Pedestrian
31,1853.0,9.0,1933.0,54.0,3139,1,0,1,Pedestrian
31,1853.0,9.0,1933.0,54.0,3140,1,0,1,Pedestrian
31,1853.0,9.0,1933.0,54.0,3141,1,0,1,Pedestrian
31,1853.0,9.0,1933.0,54.0,3142,1,0,1,Pedestrian
31,1853.0,9.0,1933.0,54.0,3143,1,0,1,Pedestrian
31,1853.0,9.0,1933.0,54.0,3144,1,0,1,Pedestrian
31,1853.0,9.0,1933.0,54.0,3145,1,0,1,Pedestrian
31,1853.0,9.0,1933.0,54.0,3146,1,0,1,Pedestrian
31,1853.0,9.0,1933.0,54.0,3147,1,0,1,Pedestrian
31,1853.0,9.0,1933.0,54.0,3148,1,0,1,Pedestrian
31,1853.0,9.0,1933.0,54.0,3149,1,0,1,Pedestrian
31,1853.0,9.0,1933.0,54.0,3150,1,0,1,Pedestrian
31,1853.0,9.0,1933.0,54.0,3151,1,0,1,Pedestrian
31,1853.0,9.0,1933.0,54.0,3152,1,0,1,Pedestrian
31,1853.0,9.0,1933.0,54.0,3153,1,0,1,Pedestrian
31,1853.0,9.0,1933.0,54.0,3154,1,0,1,Pedestrian
31,1853.0,6.0,1933.0,54.0,3155,1,0,1,Pedestrian
31,1853.0,6.0,1933.0,54.0,3156,1,0,1,Pedestrian
31,1853.0,6.0,1933.0,54.0,3157,1,0,1,Pedestrian
31,1853.0,6.0,1933.0,54.0,3158,1,0,1,Pedestrian
31,1853.0,6.0,1933.0,54.0,3159,1,0,1,Pedestrian
31,1853.0,6.0,1933.0,54.0,3160,1,0,1,Pedestrian
31,1853.0,6.0,1933.0,54.0,3161,1,0,1,Pedestrian
31,1853.0,6.0,1933.0,54.0,3162,1,0,1,Pedestrian
31,1853.0,6.0,1933.0,54.0,3163,1,0,1,Pedestrian
31,1853.0,6.0,1933.0,54.0,3164,1,0,1,Pedestrian
31,1853.0,6.0,1933.0,54.0,3165,1,0,1,Pedestrian
31,1853.0,6.0,1933.0,54.0,3166,1,0,1,Pedestrian
31,1853.0,6.0,1933.0,54.0,3167,1,0,1,Pedestrian
31,1853.0,6.0,1933.0,54.0,3168,1,0,1,Pedestrian
31,1853.0,6.0,1933.0,54.0,3169,1,0,1,Pedestrian
31,1853.0,6.0,1933.0,54.0,3170,1,0,1,Pedestrian
31,1853.0,6.0,1933.0,54.0,3171,1,0,1,Pedestrian
31,1853.0,6.0,1933.0,52.0,3172,1,0,1,Pedestrian
31,1853.0,6.0,1933.0,52.0,3173,1,0,1,Pedestrian
31,1853.0,6.0,1933.0,52.0,3174,1,0,1,Pedestrian
31,1853.0,6.0,1933.0,52.0,3175,1,0,1,Pedestrian
31,1853.0,6.0,1933.0,52.0,3176,1,0,1,Pedestrian
31,1853.0,6.0,1933.0,52.0,3177,1,0,1,Pedestrian
31,1853.0,6.0,1933.0,52.0,3178,1,0,1,Pedestrian
31,1853.0,6.0,1933.0,52.0,3179,1,0,1,Pedestrian
31,1853.0,6.0,1933.0,52.0,3180,1,0,1,Pedestrian
31,1853.0,6.0,1933.0,52.0,3181,1,0,1,Pedestrian
31,1853.0,6.0,1933.0,52.0,3182,1,0,1,Pedestrian
31,1853.0,6.0,1933.0,52.0,3183,1,0,1,Pedestrian
31,1853.0,6.0,1933.0,52.0,3184,1,0,1,Pedestrian
31,1853.0,6.0,1933.0,52.0,3185,1,0,1,Pedestrian
31,1853.0,6.0,1933.0,52.0,3186,1,0,1,Pedestrian
31,1853.0,6.0,1933.0,52.0,3187,1,0,1,Pedestrian
31,1853.0,6.0,1933.0,52.0,3188,1,0,1,Pedestrian
31,1853.0,6.0,1933.0,52.0,3189,1,0,1,Pedestrian
31,1853.0,6.0,1933.0,52.0,3190,1,0,1,Pedestrian
31,1853.0,6.0,1933.0,52.0,3191,1,0,1,Pedestrian
31,1853.0,6.0,1933.0,52.0,3192,1,0,1,Pedestrian
31,1853.0,4.0,1933.0,52.0,3193,1,0,1,Pedestrian
31,1853.0,4.0,1933.0,52.0,3194,1,0,1,Pedestrian
31,1853.0,4.0,1933.0,52.0,3195,1,0,1,Pedestrian
31,1853.0,4.0,1933.0,52.0,3196,1,0,1,Pedestrian
31,1853.0,4.0,1933.0,52.0,3197,1,0,1,Pedestrian
31,1853.0,4.0,1933.0,52.0,3198,1,0,1,Pedestrian
31,1853.0,4.0,1933.0,52.0,3199,1,0,1,Pedestrian
31,1853.0,4.0,1933.0,52.0,3200,1,0,1,Pedestrian
31,1853.0,4.0,1933.0,52.0,3201,1,0,1,Pedestrian
31,1853.0,4.0,1933.0,52.0,3202,1,0,1,Pedestrian
31,1853.0,4.0,1933.0,52.0,3203,1,0,1,Pedestrian
31,1853.0,4.0,1933.0,52.0,3204,1,0,1,Pedestrian
31,1853.0,4.0,1933.0,52.0,3205,1,0,1,Pedestrian
31,1850.0,4.0,1930.0,50.0,3206,1,0,1,Pedestrian
31,1850.0,4.0,1930.0,50.0,3207,1,0,1,Pedestrian
31,1850.0,4.0,1930.0,50.0,3208,1,0,1,Pedestrian
31,1850.0,4.0,1930.0,50.0,3209,1,0,1,Pedestrian
31,1850.0,4.0,1930.0,50.0,3210,1,0,1,Pedestrian
31,1850.0,4.0,1930.0,50.0,3211,1,0,1,Pedestrian
31,1850.0,4.0,1930.0,50.0,3212,1,0,1,Pedestrian
31,1850.0,4.0,1930.0,50.0,3213,1,0,1,Pedestrian
31,1850.0,4.0,1930.0,50.0,3214,1,0,1,Pedestrian
31,1850.0,4.0,1930.0,50.0,3215,1,0,1,Pedestrian
31,1850.0,4.0,1930.0,50.0,3216,1,0,1,Pedestrian
31,1850.0,4.0,1930.0,50.0,3217,1,0,1,Pedestrian
31,1850.0,4.0,1930.0,50.0,3218,1,0,1,Pedestrian
31,1850.0,4.0,1930.0,50.0,3219,1,0,1,Pedestrian
31,1850.0,4.0,1930.0,50.0,3220,1,0,1,Pedestrian
31,1850.0,4.0,1930.0,50.0,3221,1,0,1,Pedestrian
31,1850.0,4.0,1930.0,50.0,3222,1,0,1,Pedestrian
31,1850.0,4.0,1930.0,50.0,3223,1,0,1,Pedestrian
31,1850.0,4.0,1930.0,50.0,3224,1,0,1,Pedestrian
31,1850.0,4.0,1930.0,50.0,3225,1,0,1,Pedestrian
31,1850.0,4.0,1930.0,50.0,3226,1,0,1,Pedestrian
31,1850.0,4.0,1930.0,50.0,3227,1,0,1,Pedestrian
31,1850.0,4.0,1930.0,50.0,3228,1,0,1,Pedestrian
31,1850.0,4.0,1930.0,50.0,3229,1,0,1,Pedestrian
31,1850.0,4.0,1930.0,50.0,3230,1,0,1,Pedestrian
31,1850.0,4.0,1930.0,50.0,3231,1,0,1,Pedestrian
31,1850.0,2.0,1930.0,50.0,3232,1,0,1,Pedestrian
31,1850.0,2.0,1930.0,50.0,3233,1,0,1,Pedestrian
31,1850.0,2.0,1930.0,50.0,3234,1,0,1,Pedestrian
31,1850.0,2.0,1930.0,50.0,3235,1,0,1,Pedestrian
31,1850.0,2.0,1930.0,50.0,3236,1,0,1,Pedestrian
31,1850.0,2.0,1930.0,50.0,3237,1,0,1,Pedestrian
31,1850.0,2.0,1930.0,50.0,3238,1,0,1,Pedestrian
31,1850.0,2.0,1930.0,50.0,3239,1,0,1,Pedestrian
31,1850.0,2.0,1930.0,47.0,3240,1,0,1,Pedestrian
31,1850.0,2.0,1930.0,47.0,3241,1,0,1,Pedestrian
31,1850.0,2.0,1930.0,47.0,3242,1,0,1,Pedestrian
31,1850.0,2.0,1930.0,47.0,3243,1,0,1,Pedestrian
31,1850.0,2.0,1930.0,47.0,3244,1,0,1,Pedestrian
31,1850.0,2.0,1930.0,47.0,3245,1,0,1,Pedestrian
31,1850.0,2.0,1930.0,47.0,3246,1,0,1,Pedestrian
31,1850.0,2.0,1930.0,47.0,3247,1,0,1,Pedestrian
31,1850.0,2.0,1930.0,47.0,3248,1,0,1,Pedestrian
31,1850.0,2.0,1930.0,47.0,3249,1,0,1,Pedestrian
31,1850.0,2.0,1930.0,47.0,3250,1,0,1,Pedestrian
31,1850.0,2.0,1930.0,47.0,3251,1,0,1,Pedestrian
31,1850.0,2.0,1930.0,47.0,3252,1,0,1,Pedestrian
31,1850.0,2.0,1930.0,47.0,3253,1,0,1,Pedestrian
31,1850.0,2.0,1930.0,47.0,3254,1,0,1,Pedestrian
31,1850.0,2.0,1930.0,47.0,3255,1,0,1,Pedestrian
31,1850.0,2.0,1930.0,47.0,3256,1,0,1,Pedestrian
31,1850.0,2.0,1930.0,47.0,3257,1,0,1,Pedestrian
31,1850.0,2.0,1930.0,47.0,3258,1,0,1,Pedestrian
31,1850.0,2.0,1930.0,47.0,3259,1,0,1,Pedestrian
31,1850.0,2.0,1930.0,47.0,3260,1,0,1,Pedestrian
31,1850.0,2.0,1930.0,47.0,3261,1,0,1,Pedestrian
31,1850.0,2.0,1930.0,47.0,3262,1,0,1,Pedestrian
31,1850.0,2.0,1930.0,47.0,3263,1,0,1,Pedestrian
31,1850.0,2.0,1930.0,47.0,3264,1,0,1,Pedestrian
31,1850.0,2.0,1930.0,47.0,3265,1,0,1,Pedestrian
31,1850.0,2.0,1930.0,47.0,3266,1,0,1,Pedestrian
31,1850.0,2.0,1930.0,47.0,3267,1,0,1,Pedestrian
31,1850.0,2.0,1930.0,47.0,3268,1,0,1,Pedestrian
31,1850.0,2.0,1930.0,47.0,3269,1,0,1,Pedestrian
31,1850.0,0.0,1930.0,47.0,3270,1,0,1,Pedestrian
31,1850.0,0.0,1930.0,47.0,3271,1,0,1,Pedestrian
31,1850.0,0.0,1930.0,47.0,3272,1,0,1,Pedestrian
31,1850.0,0.0,1930.0,47.0,3273,1,0,1,Pedestrian
31,1850.0,0.0,1930.0,45.0,3274,1,0,1,Pedestrian
31,1850.0,0.0,1930.0,45.0,3275,1,0,1,Pedestrian
31,1850.0,0.0,1930.0,45.0,3276,1,0,1,Pedestrian
31,1850.0,0.0,1930.0,45.0,3277,1,0,1,Pedestrian
31,1850.0,0.0,1930.0,45.0,3278,1,0,1,Pedestrian
31,1850.0,0.0,1930.0,45.0,3279,1,0,1,Pedestrian
31,1850.0,0.0,1930.0,45.0,3280,1,0,1,Pedestrian
31,1850.0,0.0,1930.0,45.0,3281,1,0,1,Pedestrian
31,1850.0,0.0,1930.0,45.0,3282,1,0,1,Pedestrian
31,1850.0,0.0,1930.0,45.0,3283,1,0,1,Pedestrian
31,1850.0,0.0,1930.0,45.0,3284,1,0,1,Pedestrian
31,1850.0,0.0,1930.0,45.0,3285,1,0,1,Pedestrian
31,1850.0,0.0,1930.0,45.0,3286,1,0,1,Pedestrian
31,1850.0,0.0,1930.0,45.0,3287,1,0,1,Pedestrian
31,1850.0,0.0,1930.0,45.0,3288,1,0,1,Pedestrian
31,1850.0,0.0,1930.0,45.0,3289,1,0,1,Pedestrian
31,1850.0,0.0,1930.0,45.0,3290,1,0,1,Pedestrian
31,1850.0,0.0,1930.0,45.0,3291,1,0,1,Pedestrian
31,1850.0,0.0,1930.0,45.0,3292,1,0,1,Pedestrian
31,1850.0,0.0,1930.0,45.0,3293,1,0,1,Pedestrian
31,1850.0,0.0,1930.0,45.0,3294,1,0,1,Pedestrian
31,1850.0,0.0,1930.0,45.0,3295,1,0,1,Pedestrian
31,1850.0,0.0,1930.0,45.0,3296,1,0,1,Pedestrian
31,1850.0,0.0,1930.0,45.0,3297,1,0,1,Pedestrian
31,1850.0,0.0,1930.0,45.0,3298,1,0,1,Pedestrian
31,1850.0,0.0,1930.0,45.0,3299,1,0,1,Pedestrian
31,1850.0,0.0,1930.0,45.0,3300,1,0,1,Pedestrian
31,1850.0,0.0,1930.0,45.0,3301,1,0,1,Pedestrian
31,1850.0,0.0,1930.0,45.0,3302,1,0,1,Pedestrian
31,1850.0,0.0,1930.0,45.0,3303,1,0,1,Pedestrian
31,1850.0,0.0,1930.0,45.0,3304,1,0,1,Pedestrian
31,1850.0,0.0,1930.0,45.0,3305,1,0,1,Pedestrian
31,1850.0,0.0,1930.0,45.0,3306,1,0,1,Pedestrian
31,1850.0,0.0,1930.0,45.0,3307,1,0,1,Pedestrian
31,1850.0,0.0,1930.0,45.0,3308,0,0,0,Pedestrian
31,1850.0,0.0,1930.0,45.0,3309,0,0,1,Pedestrian
31,1850.0,0.0,1930.0,45.0,3310,0,0,1,Pedestrian
31,1850.0,0.0,1930.0,45.0,3311,0,0,1,Pedestrian
31,1853.0,0.0,1933.0,45.0,3312,0,0,1,Pedestrian
31,1853.0,0.0,1933.0,45.0,3313,0,0,1,Pedestrian
31,1853.0,0.0,1933.0,45.0,3314,0,0,1,Pedestrian
31,1853.0,0.0,1933.0,45.0,3315,0,0,1,Pedestrian
31,1856.0,0.0,1936.0,45.0,3316,0,0,1,Pedestrian
31,1856.0,0.0,1936.0,45.0,3317,0,0,1,Pedestrian
31,1856.0,0.0,1936.0,45.0,3318,0,0,1,Pedestrian
31,1859.0,0.0,1938.0,45.0,3319,0,0,1,Pedestrian
31,1859.0,0.0,1938.0,45.0,3320,0,0,1,Pedestrian
31,1859.0,0.0,1938.0,45.0,3321,0,0,1,Pedestrian
31,1859.0,0.0,1938.0,45.0,3322,0,0,1,Pedestrian
31,1861.0,0.0,1941.0,45.0,3323,0,0,1,Pedestrian
31,1861.0,0.0,1941.0,45.0,3324,0,0,1,Pedestrian
31,1861.0,0.0,1941.0,45.0,3325,0,0,1,Pedestrian
31,1861.0,0.0,1941.0,45.0,3326,0,0,1,Pedestrian
31,1864.0,0.0,1944.0,45.0,3327,0,0,1,Pedestrian
31,1864.0,0.0,1944.0,45.0,3328,0,0,1,Pedestrian
31,1864.0,0.0,1944.0,45.0,3329,0,0,1,Pedestrian
31,1867.0,0.0,1947.0,45.0,3330,0,0,1,Pedestrian
31,1867.0,0.0,1947.0,45.0,3331,0,0,1,Pedestrian
31,1867.0,0.0,1947.0,45.0,3332,0,0,1,Pedestrian
31,1867.0,0.0,1947.0,45.0,3333,0,0,1,Pedestrian
31,1870.0,0.0,1949.0,45.0,3334,0,0,1,Pedestrian
31,1870.0,0.0,1949.0,45.0,3335,0,0,1,Pedestrian
31,1870.0,0.0,1949.0,45.0,3336,0,0,1,Pedestrian
31,1872.0,0.0,1952.0,45.0,3337,0,0,0,Pedestrian
31,1870.0,0.0,1952.0,43.0,3338,0,0,1,Pedestrian
31,1870.0,0.0,1952.0,43.0,3339,0,0,1,Pedestrian
31,1870.0,0.0,1955.0,43.0,3340,0,0,1,Pedestrian
31,1870.0,0.0,1955.0,43.0,3341,0,0,1,Pedestrian
31,1870.0,0.0,1958.0,43.0,3342,0,0,1,Pedestrian
31,1870.0,0.0,1958.0,43.0,3343,0,0,1,Pedestrian
31,1870.0,0.0,1960.0,43.0,3344,0,0,1,Pedestrian
31,1870.0,0.0,1960.0,43.0,3345,0,0,1,Pedestrian
31,1870.0,0.0,1963.0,43.0,3346,0,0,1,Pedestrian
31,1870.0,0.0,1963.0,43.0,3347,0,0,1,Pedestrian
31,1870.0,0.0,1966.0,43.0,3348,0,0,0,Pedestrian
31,1870.0,0.0,1966.0,45.0,3349,0,0,1,Pedestrian
31,1870.0,0.0,1966.0,47.0,3350,0,0,1,Pedestrian
31,1870.0,0.0,1966.0,50.0,3351,0,0,1,Pedestrian
31,1870.0,0.0,1966.0,52.0,3352,0,0,1,Pedestrian
31,1870.0,0.0,1966.0,54.0,3353,0,0,1,Pedestrian
31,1870.0,0.0,1966.0,56.0,3354,0,0,1,Pedestrian
31,1870.0,0.0,1966.0,59.0,3355,0,0,1,Pedestrian
31,1870.0,0.0,1966.0,61.0,3356,0,0,1,Pedestrian
31,1870.0,0.0,1966.0,63.0,3357,0,0,1,Pedestrian
31,1870.0,0.0,1966.0,66.0,3358,0,0,1,Pedestrian
31,1870.0,0.0,1966.0,68.0,3359,0,0,1,Pedestrian
31,1870.0,0.0,1966.0,70.0,3360,0,0,1,Pedestrian
31,1870.0,0.0,1966.0,72.0,3361,0,0,1,Pedestrian
31,1872.0,0.0,1966.0,75.0,3362,0,0,0,Pedestrian
31,1875.0,0.0,1966.0,72.0,3363,0,0,1,Pedestrian
31,1878.0,2.0,1966.0,72.0,3364,0,0,1,Pedestrian
31,1881.0,4.0,1969.0,72.0,3365,0,0,1,Pedestrian
31,1883.0,6.0,1969.0,70.0,3366,0,0,1,Pedestrian
31,1886.0,9.0,1971.0,70.0,3367,0,0,1,Pedestrian
31,1889.0,11.0,1971.0,70.0,3368,0,0,1,Pedestrian
31,1892.0,13.0,1971.0,68.0,3369,0,0,1,Pedestrian
31,1894.0,15.0,1974.0,68.0,3370,0,0,1,Pedestrian
31,1897.0,18.0,1974.0,68.0,3371,0,0,1,Pedestrian
31,1903.0,20.0,1977.0,68.0,3372,0,0,0,Pedestrian
31,1903.0,20.0,1977.0,68.0,3373,0,0,1,Pedestrian
31,1903.0,22.0,1977.0,68.0,3374,0,0,1,Pedestrian
31,1903.0,22.0,1977.0,70.0,3375,0,0,1,Pedestrian
31,1905.0,25.0,1977.0,70.0,3376,0,0,1,Pedestrian
31,1905.0,25.0,1977.0,72.0,3377,0,0,1,Pedestrian
31,1905.0,27.0,1977.0,72.0,3378,0,0,1,Pedestrian
31,1908.0,27.0,1977.0,72.0,3379,0,0,1,Pedestrian
31,1908.0,29.0,1977.0,75.0,3380,0,0,1,Pedestrian
31,1908.0,29.0,1977.0,75.0,3381,0,0,1,Pedestrian
31,1911.0,31.0,1977.0,77.0,3382,1,0,0,Pedestrian
31,1908.0,27.0,1977.0,72.0,3383,1,0,1,Pedestrian
31,1905.0,25.0,1977.0,70.0,3384,1,0,1,Pedestrian
31,1903.0,20.0,1977.0,66.0,3385,1,0,1,Pedestrian
31,1900.0,18.0,1977.0,63.0,3386,1,0,1,Pedestrian
31,1900.0,15.0,1977.0,61.0,3387,1,0,1,Pedestrian
31,1897.0,11.0,1977.0,56.0,3388,1,0,1,Pedestrian
31,1894.0,9.0,1977.0,54.0,3389,1,0,1,Pedestrian
31,1892.0,4.0,1977.0,50.0,3390,1,0,1,Pedestrian
31,1889.0,2.0,1977.0,47.0,3391,1,0,1,Pedestrian
31,1889.0,0.0,1977.0,45.0,3392,1,0,0,Pedestrian
31,1889.0,0.0,1977.0,45.0,3393,1,0,1,Pedestrian
31,1889.0,0.0,1977.0,45.0,3394,1,0,1,Pedestrian
31,1889.0,0.0,1977.0,45.0,3395,1,0,1,Pedestrian
31,1889.0,0.0,1977.0,45.0,3396,1,0,1,Pedestrian
31,1889.0,0.0,1977.0,45.0,3397,1,0,1,Pedestrian
31,1889.0,0.0,1977.0,45.0,3398,1,0,1,Pedestrian
31,1889.0,0.0,1977.0,45.0,3399,1,0,1,Pedestrian
31,1889.0,0.0,1977.0,45.0,3400,1,0,1,Pedestrian
31,1889.0,0.0,1977.0,45.0,3401,1,0,1,Pedestrian
31,1889.0,0.0,1977.0,45.0,3402,1,0,1,Pedestrian
31,1889.0,0.0,1977.0,45.0,3403,1,0,1,Pedestrian
31,1889.0,0.0,1977.0,45.0,3404,1,0,1,Pedestrian
31,1889.0,0.0,1977.0,45.0,3405,1,0,1,Pedestrian
31,1889.0,0.0,1977.0,45.0,3406,1,0,1,Pedestrian
31,1889.0,0.0,1977.0,45.0,3407,1,0,1,Pedestrian
31,1889.0,0.0,1977.0,45.0,3408,1,0,1,Pedestrian
31,1889.0,0.0,1977.0,45.0,3409,1,0,1,Pedestrian
31,1889.0,0.0,1977.0,45.0,3410,1,0,1,Pedestrian
31,1889.0,0.0,1977.0,45.0,3411,1,0,1,Pedestrian
31,1889.0,0.0,1977.0,45.0,3412,1,0,0,Pedestrian
31,1889.0,0.0,1977.0,45.0,3413,1,0,1,Pedestrian
31,1889.0,0.0,1977.0,45.0,3414,1,0,1,Pedestrian
31,1889.0,0.0,1977.0,45.0,3415,1,0,1,Pedestrian
31,1889.0,0.0,1977.0,45.0,3416,1,0,1,Pedestrian
31,1889.0,0.0,1977.0,45.0,3417,1,0,1,Pedestrian
31,1889.0,0.0,1977.0,45.0,3418,1,0,1,Pedestrian
31,1889.0,0.0,1977.0,45.0,3419,1,0,1,Pedestrian
31,1889.0,0.0,1977.0,45.0,3420,1,0,1,Pedestrian
31,1889.0,0.0,1977.0,45.0,3421,1,0,1,Pedestrian
31,1889.0,0.0,1977.0,45.0,3422,1,0,1,Pedestrian
31,1889.0,0.0,1977.0,45.0,3423,1,0,1,Pedestrian
31,1889.0,0.0,1977.0,45.0,3424,1,0,1,Pedestrian
31,1889.0,0.0,1977.0,45.0,3425,1,0,1,Pedestrian
31,1889.0,0.0,1977.0,45.0,3426,1,0,1,Pedestrian
31,1889.0,0.0,1977.0,45.0,3427,1,0,1,Pedestrian
31,1889.0,0.0,1977.0,45.0,3428,1,0,1,Pedestrian
31,1889.0,0.0,1977.0,45.0,3429,1,0,1,Pedestrian
31,1889.0,0.0,1977.0,45.0,3430,1,0,1,Pedestrian
31,1889.0,0.0,1977.0,45.0,3431,1,0,1,Pedestrian
31,1889.0,0.0,1977.0,45.0,3432,1,0,1,Pedestrian
31,1889.0,0.0,1977.0,45.0,3433,1,0,1,Pedestrian
31,1889.0,0.0,1977.0,45.0,3434,1,0,1,Pedestrian
31,1889.0,0.0,1977.0,45.0,3435,1,0,1,Pedestrian
31,1889.0,0.0,1977.0,45.0,3436,1,0,1,Pedestrian
31,1889.0,0.0,1977.0,45.0,3437,1,0,1,Pedestrian
31,1889.0,0.0,1977.0,45.0,3438,1,0,1,Pedestrian
31,1889.0,0.0,1977.0,45.0,3439,1,0,1,Pedestrian
31,1889.0,0.0,1977.0,45.0,3440,1,0,1,Pedestrian
31,1889.0,0.0,1977.0,45.0,3441,1,0,1,Pedestrian
31,1889.0,0.0,1977.0,45.0,3442,1,0,1,Pedestrian
31,1889.0,0.0,1977.0,45.0,3443,1,0,1,Pedestrian
31,1889.0,0.0,1977.0,45.0,3444,1,0,1,Pedestrian
31,1889.0,0.0,1977.0,45.0,3445,1,0,1,Pedestrian
31,1889.0,0.0,1977.0,45.0,3446,1,0,1,Pedestrian
31,1889.0,0.0,1977.0,45.0,3447,1,0,1,Pedestrian
31,1889.0,0.0,1977.0,45.0,3448,1,0,1,Pedestrian
31,1889.0,0.0,1977.0,45.0,3449,1,0,1,Pedestrian
31,1889.0,0.0,1977.0,45.0,3450,1,0,1,Pedestrian
31,1889.0,0.0,1977.0,45.0,3451,1,0,1,Pedestrian
31,1889.0,0.0,1977.0,45.0,3452,1,0,1,Pedestrian
31,1889.0,0.0,1977.0,45.0,3453,1,0,1,Pedestrian
31,1889.0,0.0,1977.0,45.0,3454,1,0,1,Pedestrian
31,1889.0,0.0,1977.0,45.0,3455,1,0,1,Pedestrian
31,1889.0,0.0,1977.0,45.0,3456,1,0,1,Pedestrian
31,1889.0,0.0,1977.0,45.0,3457,1,0,1,Pedestrian
31,1889.0,0.0,1977.0,45.0,3458,1,0,1,Pedestrian
31,1889.0,0.0,1977.0,45.0,3459,1,0,1,Pedestrian
31,1889.0,0.0,1977.0,45.0,3460,1,0,1,Pedestrian
31,1889.0,0.0,1977.0,45.0,3461,1,0,1,Pedestrian
31,1889.0,0.0,1977.0,45.0,3462,1,0,1,Pedestrian
31,1889.0,0.0,1977.0,45.0,3463,1,0,1,Pedestrian
31,1889.0,0.0,1977.0,45.0,3464,1,0,1,Pedestrian
31,1889.0,0.0,1977.0,45.0,3465,1,0,1,Pedestrian
31,1889.0,0.0,1977.0,45.0,3466,1,0,1,Pedestrian
31,1889.0,0.0,1977.0,45.0,3467,1,0,1,Pedestrian
31,1889.0,0.0,1977.0,45.0,3468,1,0,1,Pedestrian
31,1889.0,0.0,1977.0,45.0,3469,1,0,1,Pedestrian
31,1889.0,0.0,1977.0,45.0,3470,1,0,1,Pedestrian
31,1889.0,0.0,1977.0,45.0,3471,1,0,1,Pedestrian
31,1889.0,0.0,1977.0,45.0,3472,1,0,1,Pedestrian
31,1889.0,0.0,1977.0,45.0,3473,1,0,1,Pedestrian
31,1889.0,0.0,1977.0,45.0,3474,1,0,1,Pedestrian
31,1889.0,0.0,1977.0,45.0,3475,1,0,1,Pedestrian
31,1889.0,0.0,1977.0,45.0,3476,1,0,1,Pedestrian
31,1889.0,0.0,1977.0,45.0,3477,1,0,1,Pedestrian
31,1889.0,0.0,1977.0,45.0,3478,1,0,1,Pedestrian
31,1889.0,0.0,1977.0,45.0,3479,1,0,1,Pedestrian
31,1889.0,0.0,1977.0,45.0,3480,1,0,1,Pedestrian
31,1889.0,0.0,1977.0,45.0,3481,1,0,1,Pedestrian
31,1889.0,0.0,1977.0,45.0,3482,1,0,1,Pedestrian
31,1889.0,0.0,1977.0,45.0,3483,1,0,1,Pedestrian
31,1889.0,0.0,1977.0,45.0,3484,1,0,1,Pedestrian
31,1889.0,0.0,1977.0,45.0,3485,1,0,1,Pedestrian
31,1889.0,0.0,1977.0,45.0,3486,1,0,1,Pedestrian
31,1889.0,0.0,1977.0,45.0,3487,1,0,1,Pedestrian
31,1889.0,0.0,1977.0,45.0,3488,1,0,1,Pedestrian
31,1889.0,0.0,1977.0,45.0,3489,1,0,1,Pedestrian
31,1889.0,0.0,1977.0,45.0,3490,1,0,1,Pedestrian
31,1889.0,0.0,1977.0,45.0,3491,1,0,1,Pedestrian
31,1889.0,0.0,1977.0,45.0,3492,1,0,1,Pedestrian
31,1889.0,0.0,1977.0,45.0,3493,1,0,1,Pedestrian
31,1889.0,0.0,1977.0,45.0,3494,1,0,1,Pedestrian
31,1889.0,0.0,1977.0,45.0,3495,1,0,1,Pedestrian
31,1889.0,0.0,1977.0,45.0,3496,1,0,1,Pedestrian
31,1889.0,0.0,1977.0,45.0,3497,1,0,1,Pedestrian
31,1889.0,0.0,1977.0,45.0,3498,1,0,1,Pedestrian
31,1889.0,0.0,1977.0,45.0,3499,1,0,1,Pedestrian
31,1889.0,0.0,1977.0,45.0,3500,1,0,1,Pedestrian
31,1889.0,0.0,1977.0,45.0,3501,1,0,1,Pedestrian
31,1889.0,0.0,1977.0,45.0,3502,1,0,1,Pedestrian
31,1889.0,0.0,1977.0,45.0,3503,1,0,1,Pedestrian
31,1889.0,0.0,1977.0,45.0,3504,1,0,1,Pedestrian
31,1889.0,0.0,1977.0,45.0,3505,1,0,1,Pedestrian
31,1889.0,0.0,1977.0,45.0,3506,1,0,1,Pedestrian
31,1889.0,0.0,1977.0,45.0,3507,1,0,1,Pedestrian
31,1889.0,0.0,1977.0,45.0,3508,1,0,1,Pedestrian
31,1889.0,0.0,1977.0,45.0,3509,1,0,1,Pedestrian
31,1889.0,0.0,1977.0,45.0,3510,1,0,1,Pedestrian
31,1889.0,0.0,1977.0,45.0,3511,1,0,1,Pedestrian
31,1889.0,0.0,1977.0,45.0,3512,1,0,1,Pedestrian
31,1889.0,0.0,1977.0,45.0,3513,1,0,1,Pedestrian
31,1889.0,0.0,1977.0,45.0,3514,1,0,1,Pedestrian
31,1889.0,0.0,1977.0,45.0,3515,1,0,1,Pedestrian
31,1889.0,0.0,1977.0,45.0,3516,1,0,1,Pedestrian
31,1889.0,0.0,1977.0,45.0,3517,1,0,1,Pedestrian
31,1889.0,0.0,1977.0,45.0,3518,1,0,1,Pedestrian
31,1889.0,0.0,1977.0,45.0,3519,1,0,1,Pedestrian
31,1889.0,0.0,1977.0,45.0,3520,1,0,1,Pedestrian
31,1889.0,0.0,1977.0,45.0,3521,1,0,1,Pedestrian
31,1889.0,0.0,1977.0,45.0,3522,1,0,1,Pedestrian
31,1889.0,0.0,1977.0,45.0,3523,1,0,1,Pedestrian
31,1889.0,0.0,1977.0,45.0,3524,1,0,1,Pedestrian
31,1889.0,0.0,1977.0,45.0,3525,1,0,1,Pedestrian
31,1889.0,0.0,1977.0,45.0,3526,1,0,1,Pedestrian
31,1889.0,0.0,1977.0,45.0,3527,1,0,1,Pedestrian
31,1889.0,0.0,1977.0,45.0,3528,1,0,1,Pedestrian
31,1889.0,0.0,1977.0,45.0,3529,1,0,1,Pedestrian
31,1889.0,0.0,1977.0,45.0,3530,1,0,1,Pedestrian
31,1889.0,0.0,1977.0,45.0,3531,1,0,0,Pedestrian
32,761.0,2.0,855.0,111.0,2000,1,0,0,Biker
32,761.0,0.0,855.0,109.0,2001,1,0,1,Biker
32,761.0,0.0,855.0,109.0,2002,1,0,1,Biker
32,761.0,0.0,855.0,109.0,2003,1,0,1,Biker
32,761.0,0.0,855.0,109.0,2004,1,0,1,Biker
32,761.0,0.0,855.0,109.0,2005,1,0,1,Biker
32,761.0,0.0,855.0,109.0,2006,1,0,1,Biker
32,761.0,0.0,855.0,109.0,2007,1,0,1,Biker
32,761.0,0.0,855.0,109.0,2008,1,0,1,Biker
32,761.0,0.0,855.0,109.0,2009,1,0,1,Biker
32,761.0,0.0,855.0,109.0,2010,1,0,1,Biker
32,761.0,0.0,855.0,109.0,2011,1,0,1,Biker
32,761.0,0.0,855.0,109.0,2012,1,0,1,Biker
32,761.0,0.0,855.0,109.0,2013,1,0,1,Biker
32,761.0,0.0,855.0,109.0,2014,1,0,1,Biker
32,761.0,0.0,855.0,109.0,2015,1,0,1,Biker
32,761.0,0.0,855.0,109.0,2016,1,0,1,Biker
32,761.0,0.0,855.0,109.0,2017,1,0,1,Biker
32,761.0,0.0,855.0,109.0,2018,1,0,1,Biker
32,761.0,0.0,855.0,109.0,2019,1,0,1,Biker
32,761.0,0.0,855.0,109.0,2020,1,0,1,Biker
32,761.0,0.0,855.0,109.0,2021,1,0,1,Biker
32,761.0,0.0,855.0,109.0,2022,1,0,1,Biker
32,761.0,0.0,855.0,109.0,2023,1,0,1,Biker
32,761.0,0.0,855.0,109.0,2024,1,0,1,Biker
32,761.0,0.0,855.0,109.0,2025,1,0,1,Biker
32,761.0,0.0,855.0,109.0,2026,1,0,1,Biker
32,761.0,0.0,855.0,109.0,2027,1,0,1,Biker
32,761.0,0.0,855.0,109.0,2028,1,0,1,Biker
32,761.0,0.0,855.0,109.0,2029,1,0,1,Biker
32,761.0,0.0,855.0,109.0,2030,1,0,1,Biker
32,761.0,0.0,855.0,109.0,2031,1,0,1,Biker
32,761.0,0.0,855.0,109.0,2032,1,0,1,Biker
32,761.0,0.0,855.0,109.0,2033,1,0,1,Biker
32,761.0,0.0,855.0,109.0,2034,1,0,1,Biker
32,761.0,0.0,855.0,109.0,2035,1,0,1,Biker
32,761.0,0.0,855.0,109.0,2036,1,0,1,Biker
32,761.0,0.0,855.0,109.0,2037,1,0,1,Biker
32,761.0,0.0,855.0,109.0,2038,1,0,1,Biker
32,761.0,0.0,855.0,109.0,2039,1,0,1,Biker
32,761.0,0.0,855.0,109.0,2040,1,0,1,Biker
32,761.0,0.0,855.0,109.0,2041,1,0,1,Biker
32,761.0,0.0,855.0,109.0,2042,1,0,1,Biker
32,761.0,0.0,855.0,109.0,2043,1,0,1,Biker
32,761.0,0.0,855.0,109.0,2044,1,0,1,Biker
32,761.0,0.0,855.0,109.0,2045,1,0,1,Biker
32,761.0,0.0,855.0,109.0,2046,1,0,1,Biker
32,761.0,0.0,855.0,109.0,2047,1,0,1,Biker
32,761.0,0.0,855.0,109.0,2048,1,0,1,Biker
32,761.0,0.0,855.0,109.0,2049,1,0,1,Biker
32,761.0,0.0,855.0,109.0,2050,1,0,1,Biker
32,761.0,0.0,855.0,109.0,2051,1,0,1,Biker
32,761.0,0.0,855.0,109.0,2052,1,0,1,Biker
32,761.0,0.0,855.0,109.0,2053,1,0,1,Biker
32,761.0,0.0,855.0,109.0,2054,1,0,1,Biker
32,761.0,0.0,855.0,109.0,2055,1,0,1,Biker
32,761.0,0.0,855.0,109.0,2056,1,0,1,Biker
32,761.0,0.0,855.0,109.0,2057,1,0,1,Biker
32,761.0,0.0,855.0,109.0,2058,1,0,1,Biker
32,761.0,0.0,855.0,109.0,2059,1,0,1,Biker
32,761.0,0.0,855.0,109.0,2060,1,0,1,Biker
32,761.0,0.0,855.0,109.0,2061,1,0,1,Biker
32,761.0,0.0,855.0,109.0,2062,1,0,1,Biker
32,761.0,0.0,855.0,109.0,2063,1,0,1,Biker
32,761.0,0.0,855.0,109.0,2064,1,0,1,Biker
32,761.0,0.0,855.0,109.0,2065,1,0,1,Biker
32,761.0,0.0,855.0,109.0,2066,1,0,1,Biker
32,761.0,0.0,855.0,109.0,2067,1,0,1,Biker
32,761.0,0.0,855.0,109.0,2068,1,0,1,Biker
32,761.0,0.0,855.0,109.0,2069,1,0,1,Biker
32,761.0,0.0,855.0,109.0,2070,1,0,1,Biker
32,761.0,0.0,858.0,109.0,2071,1,0,1,Biker
32,761.0,0.0,858.0,109.0,2072,1,0,1,Biker
32,761.0,0.0,858.0,109.0,2073,1,0,1,Biker
32,761.0,0.0,858.0,109.0,2074,1,0,1,Biker
32,761.0,0.0,858.0,109.0,2075,1,0,1,Biker
32,761.0,0.0,858.0,109.0,2076,1,0,1,Biker
32,761.0,0.0,858.0,109.0,2077,1,0,1,Biker
32,761.0,0.0,858.0,109.0,2078,1,0,1,Biker
32,761.0,0.0,858.0,109.0,2079,1,0,1,Biker
32,761.0,0.0,858.0,109.0,2080,1,0,1,Biker
32,761.0,0.0,858.0,109.0,2081,1,0,1,Biker
32,761.0,0.0,858.0,109.0,2082,1,0,1,Biker
32,761.0,0.0,858.0,109.0,2083,1,0,1,Biker
32,761.0,0.0,858.0,109.0,2084,1,0,1,Biker
32,761.0,0.0,858.0,109.0,2085,1,0,1,Biker
32,761.0,0.0,858.0,109.0,2086,1,0,1,Biker
32,761.0,0.0,858.0,109.0,2087,1,0,1,Biker
32,761.0,0.0,858.0,109.0,2088,1,0,1,Biker
32,761.0,0.0,858.0,109.0,2089,1,0,1,Biker
32,761.0,0.0,858.0,109.0,2090,1,0,1,Biker
32,761.0,0.0,858.0,109.0,2091,1,0,1,Biker
32,761.0,0.0,858.0,109.0,2092,1,0,1,Biker
32,761.0,0.0,858.0,109.0,2093,1,0,1,Biker
32,764.0,0.0,858.0,109.0,2094,1,0,1,Biker
32,764.0,0.0,858.0,109.0,2095,1,0,1,Biker
32,764.0,0.0,858.0,109.0,2096,1,0,1,Biker
32,764.0,0.0,858.0,109.0,2097,1,0,1,Biker
32,764.0,0.0,858.0,109.0,2098,1,0,1,Biker
32,764.0,0.0,858.0,109.0,2099,1,0,1,Biker
32,764.0,0.0,858.0,109.0,2100,1,0,1,Biker
32,764.0,0.0,858.0,109.0,2101,1,0,1,Biker
32,764.0,0.0,858.0,109.0,2102,1,0,1,Biker
32,764.0,0.0,858.0,109.0,2103,1,0,1,Biker
32,764.0,0.0,858.0,109.0,2104,1,0,1,Biker
32,764.0,0.0,858.0,109.0,2105,1,0,1,Biker
32,764.0,0.0,858.0,109.0,2106,1,0,1,Biker
32,764.0,0.0,858.0,109.0,2107,1,0,1,Biker
32,764.0,0.0,858.0,109.0,2108,1,0,1,Biker
32,764.0,0.0,858.0,109.0,2109,1,0,1,Biker
32,764.0,0.0,858.0,109.0,2110,1,0,1,Biker
32,764.0,0.0,858.0,109.0,2111,1,0,1,Biker
32,764.0,0.0,858.0,109.0,2112,1,0,1,Biker
32,764.0,0.0,858.0,109.0,2113,1,0,1,Biker
32,764.0,0.0,858.0,109.0,2114,1,0,1,Biker
32,764.0,0.0,858.0,109.0,2115,1,0,1,Biker
32,764.0,0.0,858.0,109.0,2116,1,0,1,Biker
32,764.0,0.0,858.0,109.0,2117,1,0,1,Biker
32,764.0,0.0,858.0,109.0,2118,1,0,1,Biker
32,764.0,0.0,858.0,109.0,2119,1,0,1,Biker
32,764.0,0.0,858.0,109.0,2120,1,0,1,Biker
32,764.0,0.0,858.0,109.0,2121,1,0,1,Biker
32,764.0,0.0,858.0,109.0,2122,1,0,1,Biker
32,764.0,0.0,858.0,109.0,2123,1,0,1,Biker
32,764.0,0.0,858.0,109.0,2124,1,0,1,Biker
32,764.0,0.0,858.0,109.0,2125,1,0,1,Biker
32,764.0,0.0,858.0,109.0,2126,1,0,1,Biker
32,764.0,0.0,858.0,109.0,2127,1,0,1,Biker
32,764.0,0.0,858.0,109.0,2128,1,0,1,Biker
32,764.0,0.0,858.0,109.0,2129,1,0,1,Biker
32,764.0,0.0,858.0,109.0,2130,1,0,1,Biker
32,764.0,0.0,858.0,109.0,2131,1,0,1,Biker
32,764.0,0.0,858.0,109.0,2132,1,0,1,Biker
32,764.0,0.0,858.0,109.0,2133,1,0,1,Biker
32,764.0,0.0,858.0,109.0,2134,1,0,1,Biker
32,764.0,0.0,858.0,109.0,2135,1,0,1,Biker
32,764.0,0.0,858.0,109.0,2136,1,0,1,Biker
32,764.0,0.0,858.0,109.0,2137,1,0,1,Biker
32,764.0,0.0,858.0,109.0,2138,1,0,1,Biker
32,764.0,0.0,858.0,109.0,2139,1,0,1,Biker
32,764.0,0.0,858.0,109.0,2140,1,0,1,Biker
32,764.0,0.0,860.0,107.0,2141,1,0,1,Biker
32,764.0,0.0,860.0,107.0,2142,1,0,1,Biker
32,764.0,0.0,860.0,107.0,2143,1,0,1,Biker
32,764.0,0.0,860.0,107.0,2144,1,0,1,Biker
32,764.0,0.0,860.0,107.0,2145,1,0,1,Biker
32,764.0,0.0,860.0,107.0,2146,1,0,1,Biker
32,764.0,0.0,860.0,107.0,2147,1,0,1,Biker
32,764.0,0.0,860.0,107.0,2148,1,0,1,Biker
32,764.0,0.0,860.0,107.0,2149,1,0,1,Biker
32,764.0,0.0,860.0,107.0,2150,1,0,1,Biker
32,764.0,0.0,860.0,107.0,2151,1,0,1,Biker
32,764.0,0.0,860.0,107.0,2152,1,0,1,Biker
32,764.0,0.0,860.0,107.0,2153,1,0,1,Biker
32,764.0,0.0,860.0,107.0,2154,1,0,1,Biker
32,764.0,0.0,860.0,107.0,2155,1,0,1,Biker
32,764.0,0.0,860.0,107.0,2156,1,0,1,Biker
32,764.0,0.0,860.0,107.0,2157,1,0,1,Biker
32,764.0,0.0,860.0,107.0,2158,1,0,1,Biker
32,764.0,0.0,860.0,107.0,2159,1,0,1,Biker
32,764.0,0.0,860.0,107.0,2160,1,0,1,Biker
32,764.0,0.0,860.0,107.0,2161,1,0,1,Biker
32,764.0,0.0,860.0,107.0,2162,1,0,1,Biker
32,764.0,0.0,860.0,107.0,2163,1,0,1,Biker
32,764.0,0.0,860.0,107.0,2164,1,0,1,Biker
32,764.0,0.0,860.0,107.0,2165,1,0,1,Biker
32,764.0,0.0,860.0,107.0,2166,1,0,1,Biker
32,764.0,0.0,860.0,107.0,2167,1,0,1,Biker
32,764.0,0.0,860.0,107.0,2168,1,0,1,Biker
32,764.0,0.0,860.0,107.0,2169,1,0,1,Biker
32,764.0,0.0,860.0,107.0,2170,1,0,1,Biker
32,764.0,0.0,860.0,107.0,2171,1,0,1,Biker
32,764.0,0.0,860.0,107.0,2172,1,0,1,Biker
32,764.0,0.0,860.0,107.0,2173,1,0,1,Biker
32,764.0,0.0,860.0,107.0,2174,1,0,1,Biker
32,764.0,0.0,860.0,107.0,2175,1,0,1,Biker
32,764.0,0.0,860.0,107.0,2176,1,0,1,Biker
32,764.0,0.0,860.0,107.0,2177,1,0,1,Biker
32,764.0,0.0,860.0,107.0,2178,1,0,1,Biker
32,764.0,0.0,860.0,107.0,2179,1,0,1,Biker
32,764.0,0.0,860.0,107.0,2180,1,0,1,Biker
32,764.0,0.0,860.0,107.0,2181,1,0,1,Biker
32,764.0,0.0,860.0,107.0,2182,1,0,1,Biker
32,764.0,0.0,860.0,107.0,2183,1,0,1,Biker
32,764.0,0.0,860.0,107.0,2184,1,0,1,Biker
32,764.0,0.0,860.0,107.0,2185,1,0,1,Biker
32,764.0,0.0,860.0,107.0,2186,1,0,1,Biker
32,764.0,0.0,860.0,107.0,2187,1,0,1,Biker
32,767.0,0.0,860.0,107.0,2188,1,0,1,Biker
32,767.0,0.0,860.0,107.0,2189,1,0,1,Biker
32,767.0,0.0,860.0,107.0,2190,1,0,1,Biker
32,767.0,0.0,860.0,107.0,2191,1,0,1,Biker
32,767.0,0.0,860.0,107.0,2192,1,0,1,Biker
32,767.0,0.0,860.0,107.0,2193,1,0,1,Biker
32,767.0,0.0,860.0,107.0,2194,1,0,1,Biker
32,767.0,0.0,860.0,107.0,2195,1,0,1,Biker
32,767.0,0.0,860.0,107.0,2196,1,0,1,Biker
32,767.0,0.0,860.0,107.0,2197,1,0,1,Biker
32,767.0,0.0,860.0,107.0,2198,1,0,1,Biker
32,767.0,0.0,860.0,107.0,2199,1,0,1,Biker
32,767.0,0.0,860.0,107.0,2200,1,0,1,Biker
32,767.0,0.0,860.0,107.0,2201,1,0,1,Biker
32,767.0,0.0,860.0,107.0,2202,1,0,1,Biker
32,767.0,0.0,860.0,107.0,2203,1,0,1,Biker
32,767.0,0.0,860.0,107.0,2204,1,0,1,Biker
32,767.0,0.0,860.0,107.0,2205,1,0,1,Biker
32,767.0,0.0,860.0,107.0,2206,1,0,1,Biker
32,767.0,0.0,860.0,107.0,2207,1,0,1,Biker
32,767.0,0.0,860.0,107.0,2208,1,0,1,Biker
32,767.0,0.0,860.0,107.0,2209,1,0,1,Biker
32,767.0,0.0,860.0,107.0,2210,1,0,1,Biker
32,767.0,0.0,863.0,107.0,2211,1,0,1,Biker
32,767.0,0.0,863.0,107.0,2212,1,0,1,Biker
32,767.0,0.0,863.0,107.0,2213,1,0,1,Biker
32,767.0,0.0,863.0,107.0,2214,1,0,1,Biker
32,767.0,0.0,863.0,107.0,2215,1,0,1,Biker
32,767.0,0.0,863.0,107.0,2216,1,0,1,Biker
32,767.0,0.0,863.0,107.0,2217,1,0,1,Biker
32,767.0,0.0,863.0,107.0,2218,1,0,1,Biker
32,767.0,0.0,863.0,107.0,2219,1,0,1,Biker
32,767.0,0.0,863.0,107.0,2220,1,0,1,Biker
32,767.0,0.0,863.0,107.0,2221,1,0,1,Biker
32,767.0,0.0,863.0,107.0,2222,1,0,1,Biker
32,767.0,0.0,863.0,107.0,2223,1,0,1,Biker
32,767.0,0.0,863.0,107.0,2224,1,0,1,Biker
32,767.0,0.0,863.0,107.0,2225,1,0,1,Biker
32,767.0,0.0,863.0,107.0,2226,1,0,1,Biker
32,767.0,0.0,863.0,107.0,2227,1,0,1,Biker
32,767.0,0.0,863.0,107.0,2228,1,0,1,Biker
32,767.0,0.0,863.0,107.0,2229,1,0,1,Biker
32,767.0,0.0,863.0,107.0,2230,1,0,1,Biker
32,767.0,0.0,863.0,107.0,2231,1,0,1,Biker
32,767.0,0.0,863.0,107.0,2232,1,0,1,Biker
32,767.0,0.0,863.0,107.0,2233,1,0,1,Biker
32,767.0,0.0,863.0,107.0,2234,1,0,1,Biker
32,767.0,0.0,863.0,107.0,2235,1,0,1,Biker
32,767.0,0.0,863.0,107.0,2236,1,0,1,Biker
32,767.0,0.0,863.0,107.0,2237,1,0,1,Biker
32,767.0,0.0,863.0,107.0,2238,1,0,1,Biker
32,767.0,0.0,863.0,107.0,2239,1,0,1,Biker
32,767.0,0.0,863.0,107.0,2240,1,0,1,Biker
32,767.0,0.0,863.0,107.0,2241,1,0,1,Biker
32,767.0,0.0,863.0,107.0,2242,1,0,1,Biker
32,767.0,0.0,863.0,107.0,2243,1,0,1,Biker
32,767.0,0.0,863.0,107.0,2244,1,0,1,Biker
32,767.0,0.0,863.0,107.0,2245,1,0,1,Biker
32,767.0,0.0,863.0,107.0,2246,1,0,1,Biker
32,767.0,0.0,863.0,107.0,2247,1,0,1,Biker
32,767.0,0.0,863.0,107.0,2248,1,0,1,Biker
32,767.0,0.0,863.0,107.0,2249,1,0,1,Biker
32,767.0,0.0,863.0,107.0,2250,1,0,1,Biker
32,767.0,0.0,863.0,107.0,2251,1,0,1,Biker
32,767.0,0.0,863.0,107.0,2252,1,0,1,Biker
32,767.0,0.0,863.0,107.0,2253,1,0,1,Biker
32,767.0,0.0,863.0,107.0,2254,1,0,1,Biker
32,767.0,0.0,863.0,107.0,2255,1,0,1,Biker
32,767.0,0.0,863.0,107.0,2256,1,0,1,Biker
32,767.0,0.0,863.0,107.0,2257,1,0,1,Biker
32,767.0,0.0,863.0,107.0,2258,1,0,1,Biker
32,767.0,0.0,863.0,107.0,2259,1,0,1,Biker
32,767.0,0.0,863.0,107.0,2260,1,0,1,Biker
32,767.0,0.0,863.0,107.0,2261,1,0,1,Biker
32,767.0,0.0,863.0,107.0,2262,1,0,1,Biker
32,767.0,0.0,863.0,107.0,2263,1,0,1,Biker
32,767.0,0.0,863.0,107.0,2264,1,0,1,Biker
32,767.0,0.0,863.0,107.0,2265,1,0,1,Biker
32,767.0,0.0,863.0,107.0,2266,1,0,1,Biker
32,767.0,0.0,863.0,107.0,2267,1,0,1,Biker
32,767.0,0.0,863.0,107.0,2268,1,0,1,Biker
32,767.0,0.0,863.0,107.0,2269,1,0,1,Biker
32,767.0,0.0,863.0,107.0,2270,1,0,1,Biker
32,767.0,0.0,863.0,107.0,2271,1,0,1,Biker
32,767.0,0.0,863.0,107.0,2272,1,0,1,Biker
32,767.0,0.0,863.0,107.0,2273,1,0,1,Biker
32,767.0,0.0,863.0,107.0,2274,1,0,1,Biker
32,767.0,0.0,863.0,107.0,2275,1,0,1,Biker
32,767.0,0.0,863.0,107.0,2276,1,0,1,Biker
32,767.0,0.0,863.0,107.0,2277,1,0,1,Biker
32,767.0,0.0,863.0,107.0,2278,1,0,1,Biker
32,767.0,0.0,863.0,107.0,2279,1,0,1,Biker
32,767.0,0.0,863.0,107.0,2280,1,0,1,Biker
32,770.0,0.0,866.0,107.0,2281,0,0,0,Biker
32,770.0,2.0,866.0,109.0,2282,0,0,1,Biker
32,770.0,4.0,866.0,111.0,2283,0,0,1,Biker
32,772.0,6.0,869.0,113.0,2284,0,0,1,Biker
32,772.0,9.0,869.0,116.0,2285,0,0,1,Biker
32,775.0,11.0,871.0,118.0,2286,0,0,1,Biker
32,775.0,13.0,871.0,120.0,2287,0,0,1,Biker
32,775.0,15.0,871.0,122.0,2288,0,0,1,Biker
32,778.0,18.0,874.0,125.0,2289,0,0,1,Biker
32,778.0,20.0,874.0,127.0,2290,0,0,1,Biker
32,781.0,22.0,877.0,129.0,2291,0,0,1,Biker
32,781.0,25.0,877.0,132.0,2292,0,0,1,Biker
32,783.0,27.0,880.0,134.0,2293,0,0,1,Biker
32,783.0,29.0,880.0,136.0,2294,0,0,1,Biker
32,783.0,31.0,880.0,138.0,2295,0,0,1,Biker
32,786.0,34.0,882.0,141.0,2296,0,0,1,Biker
32,786.0,36.0,882.0,143.0,2297,0,0,1,Biker
32,789.0,38.0,885.0,145.0,2298,0,0,1,Biker
32,789.0,40.0,885.0,148.0,2299,0,0,1,Biker
32,792.0,45.0,888.0,152.0,2300,0,0,1,Biker
32,792.0,47.0,888.0,154.0,2301,0,0,1,Biker
32,792.0,50.0,888.0,157.0,2302,0,0,1,Biker
32,794.0,52.0,891.0,159.0,2303,0,0,1,Biker
32,794.0,54.0,891.0,161.0,2304,0,0,1,Biker
32,797.0,56.0,893.0,163.0,2305,0,0,1,Biker
32,797.0,59.0,893.0,166.0,2306,0,0,1,Biker
32,797.0,61.0,893.0,168.0,2307,0,0,1,Biker
32,800.0,63.0,896.0,170.0,2308,0,0,1,Biker
32,800.0,66.0,896.0,173.0,2309,0,0,1,Biker
32,803.0,68.0,899.0,175.0,2310,0,0,1,Biker
32,803.0,70.0,899.0,177.0,2311,0,0,1,Biker
32,805.0,72.0,902.0,179.0,2312,0,0,1,Biker
32,805.0,75.0,902.0,182.0,2313,0,0,1,Biker
32,805.0,77.0,902.0,184.0,2314,0,0,1,Biker
32,808.0,79.0,904.0,186.0,2315,0,0,1,Biker
32,808.0,81.0,904.0,188.0,2316,0,0,1,Biker
32,811.0,84.0,907.0,191.0,2317,0,0,1,Biker
32,811.0,86.0,907.0,193.0,2318,0,0,1,Biker
32,814.0,91.0,910.0,198.0,2319,0,0,0,Biker
32,814.0,95.0,910.0,202.0,2320,0,0,1,Biker
32,816.0,100.0,913.0,207.0,2321,0,0,1,Biker
32,819.0,104.0,915.0,211.0,2322,0,0,1,Biker
32,822.0,109.0,918.0,216.0,2323,0,0,1,Biker
32,825.0,113.0,921.0,220.0,2324,0,0,1,Biker
32,827.0,118.0,924.0,225.0,2325,0,0,1,Biker
32,830.0,122.0,926.0,229.0,2326,0,0,1,Biker
32,833.0,127.0,929.0,234.0,2327,0,0,1,Biker
32,836.0,132.0,932.0,239.0,2328,0,0,1,Biker
32,838.0,136.0,935.0,245.0,2329,0,0,1,Biker
32,841.0,141.0,937.0,250.0,2330,0,0,1,Biker
32,844.0,145.0,940.0,255.0,2331,0,0,1,Biker
32,847.0,150.0,943.0,259.0,2332,0,0,1,Biker
32,849.0,154.0,946.0,264.0,2333,0,0,1,Biker
32,852.0,161.0,948.0,268.0,2334,0,0,1,Biker
32,855.0,166.0,951.0,273.0,2335,0,0,1,Biker
32,858.0,170.0,954.0,277.0,2336,0,0,1,Biker
32,860.0,175.0,957.0,282.0,2337,0,0,1,Biker
32,863.0,179.0,959.0,286.0,2338,0,0,1,Biker
32,866.0,184.0,962.0,293.0,2339,0,0,1,Biker
32,869.0,188.0,965.0,298.0,2340,0,0,1,Biker
32,871.0,193.0,968.0,302.0,2341,0,0,1,Biker
32,874.0,198.0,970.0,307.0,2342,0,0,1,Biker
32,877.0,202.0,973.0,311.0,2343,0,0,1,Biker
32,880.0,207.0,976.0,316.0,2344,0,0,1,Biker
32,882.0,211.0,979.0,321.0,2345,0,0,1,Biker
32,885.0,216.0,981.0,325.0,2346,0,0,1,Biker
32,888.0,220.0,984.0,330.0,2347,0,0,1,Biker
32,891.0,225.0,987.0,334.0,2348,0,0,1,Biker
32,893.0,232.0,990.0,341.0,2349,0,0,0,Biker
32,893.0,234.0,990.0,343.0,2350,0,0,1,Biker
32,896.0,239.0,992.0,348.0,2351,0,0,1,Biker
32,899.0,243.0,995.0,352.0,2352,0,0,1,Biker
32,899.0,248.0,995.0,357.0,2353,0,0,1,Biker
32,902.0,252.0,998.0,362.0,2354,0,0,1,Biker
32,904.0,257.0,1001.0,366.0,2355,0,0,1,Biker
32,904.0,261.0,1001.0,371.0,2356,0,0,1,Biker
32,907.0,266.0,1003.0,375.0,2357,0,0,1,Biker
32,910.0,270.0,1006.0,380.0,2358,0,0,1,Biker
32,910.0,275.0,1006.0,384.0,2359,0,0,1,Biker
32,913.0,277.0,1009.0,387.0,2360,0,0,1,Biker
32,915.0,282.0,1012.0,391.0,2361,0,0,1,Biker
32,915.0,286.0,1012.0,396.0,2362,0,0,1,Biker
32,918.0,291.0,1014.0,400.0,2363,0,0,1,Biker
32,921.0,296.0,1017.0,405.0,2364,0,0,1,Biker
32,921.0,300.0,1017.0,409.0,2365,0,0,1,Biker
32,924.0,305.0,1020.0,414.0,2366,0,0,1,Biker
32,926.0,309.0,1023.0,418.0,2367,0,0,1,Biker
32,926.0,314.0,1023.0,423.0,2368,0,0,1,Biker
32,929.0,318.0,1025.0,428.0,2369,0,0,1,Biker
32,932.0,321.0,1028.0,430.0,2370,0,0,1,Biker
32,932.0,325.0,1028.0,434.0,2371,0,0,1,Biker
32,935.0,330.0,1031.0,439.0,2372,0,0,1,Biker
32,937.0,334.0,1034.0,444.0,2373,0,0,1,Biker
32,937.0,339.0,1034.0,448.0,2374,0,0,1,Biker
32,940.0,343.0,1036.0,453.0,2375,0,0,1,Biker
32,943.0,348.0,1039.0,457.0,2376,0,0,1,Biker
32,943.0,352.0,1039.0,462.0,2377,0,0,1,Biker
32,946.0,357.0,1042.0,466.0,2378,0,0,1,Biker
32,948.0,362.0,1045.0,471.0,2379,0,0,0,Biker
32,951.0,366.0,1047.0,475.0,2380,0,0,1,Biker
32,954.0,371.0,1050.0,480.0,2381,0,0,1,Biker
32,957.0,375.0,1053.0,485.0,2382,0,0,1,Biker
32,959.0,382.0,1056.0,491.0,2383,0,0,1,Biker
32,962.0,387.0,1058.0,496.0,2384,0,0,1,Biker
32,965.0,391.0,1061.0,500.0,2385,0,0,1,Biker
32,968.0,396.0,1064.0,505.0,2386,0,0,1,Biker
32,970.0,403.0,1067.0,512.0,2387,0,0,1,Biker
32,973.0,407.0,1069.0,516.0,2388,0,0,1,Biker
32,979.0,412.0,1075.0,521.0,2389,0,0,1,Biker
32,981.0,416.0,1078.0,526.0,2390,0,0,1,Biker
32,984.0,423.0,1080.0,532.0,2391,0,0,1,Biker
32,987.0,428.0,1083.0,537.0,2392,0,0,1,Biker
32,990.0,432.0,1086.0,541.0,2393,0,0,1,Biker
32,992.0,437.0,1089.0,546.0,2394,0,0,1,Biker
32,995.0,444.0,1091.0,553.0,2395,0,0,1,Biker
32,998.0,448.0,1094.0,557.0,2396,0,0,1,Biker
32,1001.0,453.0,1097.0,562.0,2397,0,0,1,Biker
32,1003.0,457.0,1100.0,566.0,2398,0,0,1,Biker
32,1009.0,464.0,1105.0,573.0,2399,0,0,0,Biker
32,1012.0,466.0,1108.0,576.0,2400,0,0,1,Biker
32,1014.0,471.0,1111.0,580.0,2401,0,0,1,Biker
32,1017.0,475.0,1113.0,585.0,2402,0,0,1,Biker
32,1020.0,480.0,1116.0,589.0,2403,0,0,1,Biker
32,1025.0,482.0,1122.0,592.0,2404,0,0,1,Biker
32,1028.0,487.0,1124.0,596.0,2405,0,0,1,Biker
32,1031.0,491.0,1127.0,601.0,2406,0,0,1,Biker
32,1034.0,496.0,1130.0,605.0,2407,0,0,1,Biker
32,1036.0,498.0,1133.0,607.0,2408,0,0,1,Biker
32,1042.0,503.0,1138.0,612.0,2409,0,0,1,Biker
32,1045.0,507.0,1141.0,617.0,2410,0,0,1,Biker
32,1047.0,512.0,1144.0,621.0,2411,0,0,1,Biker
32,1050.0,514.0,1146.0,623.0,2412,0,0,1,Biker
32,1053.0,519.0,1149.0,628.0,2413,0,0,1,Biker
32,1058.0,523.0,1155.0,633.0,2414,0,0,1,Biker
32,1061.0,528.0,1157.0,637.0,2415,0,0,1,Biker
32,1064.0,530.0,1160.0,639.0,2416,0,0,1,Biker
32,1067.0,535.0,1163.0,644.0,2417,0,0,1,Biker
32,1069.0,539.0,1166.0,648.0,2418,0,0,1,Biker
32,1075.0,544.0,1171.0,653.0,2419,0,0,0,Biker
32,1078.0,546.0,1174.0,655.0,2420,0,0,1,Biker
32,1083.0,548.0,1179.0,658.0,2421,0,0,1,Biker
32,1086.0,551.0,1182.0,660.0,2422,0,0,1,Biker
32,1091.0,555.0,1188.0,662.0,2423,0,0,1,Biker
32,1097.0,557.0,1193.0,667.0,2424,0,0,1,Biker
32,1100.0,560.0,1196.0,669.0,2425,0,0,1,Biker
32,1105.0,564.0,1201.0,671.0,2426,0,0,1,Biker
32,1111.0,566.0,1207.0,674.0,2427,0,0,1,Biker
32,1113.0,569.0,1210.0,676.0,2428,0,0,1,Biker
32,1119.0,573.0,1215.0,680.0,2429,0,0,1,Biker
32,1124.0,576.0,1221.0,683.0,2430,0,0,1,Biker
32,1127.0,578.0,1223.0,685.0,2431,0,0,1,Biker
32,1133.0,580.0,1229.0,687.0,2432,0,0,1,Biker
32,1138.0,585.0,1234.0,689.0,2433,0,0,1,Biker
32,1141.0,587.0,1237.0,694.0,2434,0,0,1,Biker
32,1146.0,589.0,1243.0,696.0,2435,0,0,1,Biker
32,1152.0,594.0,1248.0,699.0,2436,0,0,1,Biker
32,1155.0,596.0,1251.0,701.0,2437,0,0,1,Biker
32,1160.0,598.0,1256.0,703.0,2438,0,0,1,Biker
32,1166.0,603.0,1262.0,708.0,2439,0,0,0,Biker
32,1171.0,605.0,1267.0,708.0,2440,0,0,1,Biker
32,1177.0,607.0,1273.0,710.0,2441,0,0,1,Biker
32,1182.0,610.0,1278.0,712.0,2442,0,0,1,Biker
32,1188.0,612.0,1284.0,715.0,2443,0,0,1,Biker
32,1193.0,614.0,1289.0,717.0,2444,0,0,1,Biker
32,1199.0,617.0,1295.0,719.0,2445,0,0,1,Biker
32,1204.0,619.0,1300.0,721.0,2446,0,0,1,Biker
32,1210.0,621.0,1306.0,724.0,2447,0,0,1,Biker
32,1215.0,623.0,1311.0,726.0,2448,0,0,1,Biker
32,1221.0,626.0,1317.0,728.0,2449,0,0,1,Biker
32,1226.0,628.0,1322.0,730.0,2450,0,0,1,Biker
32,1232.0,630.0,1328.0,733.0,2451,0,0,1,Biker
32,1237.0,633.0,1333.0,735.0,2452,0,0,1,Biker
32,1243.0,635.0,1339.0,737.0,2453,0,0,1,Biker
32,1248.0,637.0,1344.0,740.0,2454,0,0,1,Biker
32,1254.0,639.0,1350.0,742.0,2455,0,0,1,Biker
32,1259.0,642.0,1355.0,744.0,2456,0,0,1,Biker
32,1265.0,644.0,1361.0,746.0,2457,0,0,1,Biker
32,1270.0,646.0,1366.0,749.0,2458,0,0,1,Biker
32,1278.0,648.0,1375.0,751.0,2459,0,0,0,Biker
32,1281.0,648.0,1377.0,751.0,2460,0,0,1,Biker
32,1287.0,648.0,1383.0,751.0,2461,0,0,1,Biker
32,1292.0,648.0,1388.0,751.0,2462,0,0,1,Biker
32,1298.0,648.0,1394.0,751.0,2463,0,0,1,Biker
32,1303.0,648.0,1399.0,751.0,2464,0,0,1,Biker
32,1306.0,648.0,1402.0,751.0,2465,0,0,1,Biker
32,1311.0,651.0,1408.0,753.0,2466,0,0,1,Biker
32,1317.0,651.0,1413.0,753.0,2467,0,0,1,Biker
32,1322.0,651.0,1419.0,753.0,2468,0,0,1,Biker
32,1328.0,651.0,1424.0,753.0,2469,0,0,1,Biker
32,1331.0,651.0,1427.0,753.0,2470,0,0,1,Biker
32,1336.0,651.0,1432.0,753.0,2471,0,0,1,Biker
32,1342.0,651.0,1438.0,753.0,2472,0,0,1,Biker
32,1347.0,653.0,1443.0,755.0,2473,0,0,1,Biker
32,1353.0,653.0,1449.0,755.0,2474,0,0,1,Biker
32,1355.0,653.0,1452.0,755.0,2475,0,0,1,Biker
32,1361.0,653.0,1457.0,755.0,2476,0,0,1,Biker
32,1366.0,653.0,1463.0,755.0,2477,0,0,1,Biker
32,1372.0,653.0,1468.0,755.0,2478,0,0,1,Biker
32,1377.0,655.0,1474.0,758.0,2479,0,0,0,Biker
32,1380.0,655.0,1476.0,758.0,2480,0,0,1,Biker
32,1386.0,655.0,1482.0,758.0,2481,0,0,1,Biker
32,1391.0,655.0,1487.0,758.0,2482,0,0,1,Biker
32,1397.0,655.0,1493.0,758.0,2483,0,0,1,Biker
32,1402.0,655.0,1498.0,758.0,2484,0,0,1,Biker
32,1408.0,655.0,1504.0,758.0,2485,0,0,1,Biker
32,1413.0,655.0,1509.0,758.0,2486,0,0,1,Biker
32,1419.0,655.0,1515.0,758.0,2487,0,0,1,Biker
32,1424.0,655.0,1520.0,758.0,2488,0,0,1,Biker
32,1430.0,655.0,1526.0,758.0,2489,0,0,1,Biker
32,1435.0,655.0,1531.0,758.0,2490,0,0,1,Biker
32,1441.0,655.0,1537.0,758.0,2491,0,0,1,Biker
32,1446.0,655.0,1542.0,758.0,2492,0,0,1,Biker
32,1452.0,655.0,1548.0,758.0,2493,0,0,1,Biker
32,1457.0,655.0,1553.0,758.0,2494,0,0,1,Biker
32,1463.0,655.0,1559.0,758.0,2495,0,0,1,Biker
32,1468.0,655.0,1564.0,758.0,2496,0,0,1,Biker
32,1474.0,655.0,1570.0,758.0,2497,0,0,1,Biker
32,1479.0,655.0,1575.0,758.0,2498,0,0,1,Biker
32,1485.0,658.0,1581.0,760.0,2499,0,0,0,Biker
32,1487.0,658.0,1584.0,760.0,2500,0,0,0,Biker
32,1493.0,662.0,1586.0,760.0,2501,0,0,1,Biker
32,1498.0,667.0,1592.0,762.0,2502,0,0,1,Biker
32,1504.0,671.0,1597.0,762.0,2503,0,0,1,Biker
32,1509.0,676.0,1603.0,765.0,2504,0,0,1,Biker
32,1515.0,680.0,1608.0,767.0,2505,0,0,1,Biker
32,1520.0,685.0,1614.0,767.0,2506,0,0,1,Biker
32,1526.0,689.0,1619.0,769.0,2507,0,0,1,Biker
32,1531.0,694.0,1625.0,769.0,2508,0,0,1,Biker
32,1537.0,699.0,1630.0,771.0,2509,0,0,1,Biker
32,1545.0,703.0,1636.0,774.0,2510,0,0,0,Biker
32,1548.0,701.0,1641.0,774.0,2511,0,0,1,Biker
32,1551.0,699.0,1647.0,776.0,2512,0,0,1,Biker
32,1556.0,696.0,1652.0,776.0,2513,0,0,1,Biker
32,1559.0,694.0,1658.0,778.0,2514,0,0,1,Biker
32,1564.0,692.0,1666.0,778.0,2515,0,0,1,Biker
32,1567.0,689.0,1672.0,781.0,2516,0,0,1,Biker
32,1570.0,687.0,1677.0,781.0,2517,0,0,1,Biker
32,1575.0,685.0,1683.0,783.0,2518,0,0,1,Biker
32,1578.0,683.0,1688.0,783.0,2519,0,0,1,Biker
32,1584.0,683.0,1696.0,785.0,2520,0,0,0,Biker
32,1586.0,685.0,1696.0,783.0,2521,0,0,1,Biker
32,1592.0,689.0,1699.0,783.0,2522,0,0,1,Biker
32,1597.0,692.0,1702.0,783.0,2523,0,0,1,Biker
32,1603.0,696.0,1705.0,783.0,2524,0,0,1,Biker
32,1608.0,699.0,1707.0,783.0,2525,0,0,1,Biker
32,1611.0,703.0,1710.0,781.0,2526,0,0,1,Biker
32,1617.0,705.0,1713.0,781.0,2527,0,0,1,Biker
32,1622.0,710.0,1716.0,781.0,2528,0,0,1,Biker
32,1628.0,712.0,1718.0,781.0,2529,0,0,1,Biker
32,1633.0,717.0,1721.0,781.0,2530,0,0,0,Biker
32,1641.0,717.0,1729.0,781.0,2531,0,0,1,Biker
32,1650.0,717.0,1738.0,781.0,2532,0,0,1,Biker
32,1658.0,717.0,1746.0,781.0,2533,0,0,1,Biker
32,1666.0,717.0,1754.0,781.0,2534,0,0,1,Biker
32,1674.0,717.0,1762.0,781.0,2535,0,0,1,Biker
32,1683.0,717.0,1771.0,781.0,2536,0,0,1,Biker
32,1691.0,717.0,1779.0,781.0,2537,0,0,1,Biker
32,1699.0,717.0,1787.0,781.0,2538,0,0,1,Biker
32,1707.0,717.0,1795.0,781.0,2539,0,0,1,Biker
32,1716.0,717.0,1806.0,781.0,2540,0,0,0,Biker
32,1718.0,717.0,1809.0,781.0,2541,0,0,1,Biker
32,1721.0,717.0,1812.0,781.0,2542,0,0,1,Biker
32,1724.0,717.0,1815.0,781.0,2543,0,0,1,Biker
32,1729.0,719.0,1817.0,783.0,2544,0,0,1,Biker
32,1732.0,719.0,1820.0,783.0,2545,0,0,1,Biker
32,1735.0,719.0,1823.0,783.0,2546,0,0,1,Biker
32,1740.0,721.0,1826.0,785.0,2547,0,0,1,Biker
32,1743.0,721.0,1828.0,785.0,2548,0,0,1,Biker
32,1746.0,721.0,1831.0,785.0,2549,0,0,1,Biker
32,1751.0,724.0,1837.0,787.0,2550,0,0,0,Biker
32,1754.0,724.0,1842.0,787.0,2551,0,0,1,Biker
32,1760.0,724.0,1848.0,787.0,2552,0,0,1,Biker
32,1765.0,724.0,1853.0,787.0,2553,0,0,1,Biker
32,1771.0,724.0,1859.0,787.0,2554,0,0,1,Biker
32,1776.0,724.0,1867.0,787.0,2555,0,0,1,Biker
32,1782.0,724.0,1872.0,787.0,2556,0,0,1,Biker
32,1787.0,724.0,1878.0,787.0,2557,0,0,1,Biker
32,1793.0,724.0,1883.0,787.0,2558,0,0,1,Biker
32,1798.0,724.0,1889.0,787.0,2559,0,0,1,Biker
32,1804.0,724.0,1897.0,787.0,2560,0,0,0,Biker
32,1809.0,724.0,1900.0,787.0,2561,0,0,1,Biker
32,1815.0,726.0,1905.0,790.0,2562,0,0,1,Biker
32,1820.0,726.0,1908.0,790.0,2563,0,0,1,Biker
32,1828.0,728.0,1914.0,792.0,2564,0,0,1,Biker
32,1834.0,728.0,1916.0,792.0,2565,0,0,1,Biker
32,1839.0,730.0,1922.0,794.0,2566,0,0,1,Biker
32,1848.0,730.0,1925.0,794.0,2567,0,0,1,Biker
32,1853.0,733.0,1930.0,796.0,2568,0,0,1,Biker
32,1859.0,733.0,1933.0,796.0,2569,0,0,1,Biker
32,1867.0,735.0,1938.0,799.0,2570,0,0,0,Biker
32,1872.0,733.0,1941.0,796.0,2571,0,0,1,Biker
32,1878.0,733.0,1944.0,796.0,2572,0,0,1,Biker
32,1886.0,730.0,1947.0,794.0,2573,0,0,1,Biker
32,1892.0,730.0,1952.0,794.0,2574,0,0,1,Biker
32,1897.0,728.0,1955.0,794.0,2575,0,0,1,Biker
32,1905.0,728.0,1958.0,792.0,2576,0,0,1,Biker
32,1911.0,726.0,1960.0,792.0,2577,0,0,1,Biker
32,1916.0,726.0,1966.0,792.0,2578,0,0,1,Biker
32,1925.0,724.0,1969.0,790.0,2579,0,0,1,Biker
32,1930.0,724.0,1971.0,790.0,2580,0,0,1,Biker
32,1938.0,724.0,1977.0,790.0,2581,0,0,0,Biker
32,1938.0,724.0,1977.0,790.0,2582,0,0,1,Biker
32,1941.0,724.0,1977.0,790.0,2583,0,0,1,Biker
32,1944.0,724.0,1977.0,790.0,2584,0,0,1,Biker
32,1947.0,724.0,1977.0,790.0,2585,0,0,1,Biker
32,1949.0,724.0,1977.0,790.0,2586,0,0,1,Biker
32,1949.0,724.0,1977.0,790.0,2587,0,0,1,Biker
32,1952.0,724.0,1977.0,790.0,2588,0,0,1,Biker
32,1955.0,724.0,1977.0,790.0,2589,0,0,1,Biker
32,1958.0,724.0,1977.0,790.0,2590,0,0,1,Biker
32,1960.0,726.0,1977.0,792.0,2591,0,0,0,Biker
32,1958.0,724.0,1977.0,790.0,2592,0,0,1,Biker
32,1955.0,724.0,1977.0,790.0,2593,0,0,1,Biker
32,1952.0,724.0,1977.0,790.0,2594,0,0,1,Biker
32,1949.0,724.0,1977.0,790.0,2595,0,0,1,Biker
32,1949.0,724.0,1977.0,790.0,2596,0,0,1,Biker
32,1947.0,724.0,1977.0,790.0,2597,0,0,1,Biker
32,1944.0,724.0,1977.0,790.0,2598,0,0,1,Biker
32,1941.0,724.0,1977.0,790.0,2599,0,0,1,Biker
32,1938.0,724.0,1977.0,790.0,2600,0,0,1,Biker
32,1938.0,724.0,1977.0,790.0,2601,1,0,0,Biker
32,1938.0,724.0,1977.0,790.0,2602,1,0,1,Biker
32,1938.0,724.0,1977.0,790.0,2603,1,0,1,Biker
32,1938.0,724.0,1977.0,790.0,2604,1,0,1,Biker
32,1938.0,724.0,1977.0,790.0,2605,1,0,1,Biker
32,1938.0,724.0,1977.0,790.0,2606,1,0,1,Biker
32,1938.0,724.0,1977.0,790.0,2607,1,0,1,Biker
32,1938.0,724.0,1977.0,790.0,2608,1,0,1,Biker
32,1938.0,724.0,1977.0,790.0,2609,1,0,1,Biker
32,1938.0,724.0,1977.0,790.0,2610,1,0,1,Biker
32,1938.0,724.0,1977.0,790.0,2611,1,0,1,Biker
32,1938.0,724.0,1977.0,790.0,2612,1,0,1,Biker
32,1938.0,724.0,1977.0,790.0,2613,1,0,1,Biker
32,1938.0,724.0,1977.0,790.0,2614,1,0,1,Biker
32,1938.0,724.0,1977.0,790.0,2615,1,0,1,Biker
32,1938.0,724.0,1977.0,790.0,2616,1,0,1,Biker
32,1938.0,724.0,1977.0,790.0,2617,1,0,1,Biker
32,1938.0,724.0,1977.0,790.0,2618,1,0,1,Biker
32,1938.0,724.0,1977.0,790.0,2619,1,0,1,Biker
32,1938.0,724.0,1977.0,790.0,2620,1,0,1,Biker
32,1938.0,724.0,1977.0,790.0,2621,1,0,1,Biker
32,1938.0,724.0,1977.0,790.0,2622,1,0,1,Biker
32,1938.0,724.0,1977.0,790.0,2623,1,0,1,Biker
32,1938.0,724.0,1977.0,790.0,2624,1,0,1,Biker
32,1938.0,724.0,1977.0,790.0,2625,1,0,1,Biker
32,1938.0,724.0,1977.0,790.0,2626,1,0,1,Biker
32,1938.0,724.0,1977.0,790.0,2627,1,0,1,Biker
32,1938.0,724.0,1977.0,790.0,2628,1,0,1,Biker
32,1938.0,724.0,1977.0,790.0,2629,1,0,1,Biker
32,1938.0,724.0,1977.0,790.0,2630,1,0,1,Biker
32,1938.0,724.0,1977.0,790.0,2631,1,0,1,Biker
32,1938.0,724.0,1977.0,790.0,2632,1,0,1,Biker
32,1938.0,724.0,1977.0,790.0,2633,1,0,1,Biker
32,1938.0,724.0,1977.0,790.0,2634,1,0,1,Biker
32,1938.0,724.0,1977.0,790.0,2635,1,0,1,Biker
32,1938.0,724.0,1977.0,790.0,2636,1,0,1,Biker
32,1938.0,724.0,1977.0,790.0,2637,1,0,1,Biker
32,1938.0,724.0,1977.0,790.0,2638,1,0,1,Biker
32,1938.0,724.0,1977.0,790.0,2639,1,0,1,Biker
32,1938.0,724.0,1977.0,790.0,2640,1,0,1,Biker
32,1938.0,724.0,1977.0,790.0,2641,1,0,1,Biker
32,1938.0,724.0,1977.0,790.0,2642,1,0,1,Biker
32,1938.0,724.0,1977.0,790.0,2643,1,0,1,Biker
32,1938.0,724.0,1977.0,790.0,2644,1,0,1,Biker
32,1938.0,724.0,1977.0,790.0,2645,1,0,1,Biker
32,1938.0,724.0,1977.0,790.0,2646,1,0,1,Biker
32,1938.0,724.0,1977.0,790.0,2647,1,0,1,Biker
32,1938.0,724.0,1977.0,790.0,2648,1,0,1,Biker
32,1938.0,724.0,1977.0,790.0,2649,1,0,1,Biker
32,1938.0,724.0,1977.0,790.0,2650,1,0,1,Biker
32,1938.0,724.0,1977.0,790.0,2651,1,0,1,Biker
32,1938.0,724.0,1977.0,790.0,2652,1,0,1,Biker
32,1938.0,724.0,1977.0,790.0,2653,1,0,1,Biker
32,1938.0,724.0,1977.0,790.0,2654,1,0,1,Biker
32,1938.0,724.0,1977.0,790.0,2655,1,0,1,Biker
32,1938.0,724.0,1977.0,790.0,2656,1,0,1,Biker
32,1938.0,724.0,1977.0,790.0,2657,1,0,1,Biker
32,1938.0,724.0,1977.0,790.0,2658,1,0,1,Biker
32,1938.0,724.0,1977.0,790.0,2659,1,0,1,Biker
32,1938.0,724.0,1977.0,790.0,2660,1,0,1,Biker
32,1938.0,724.0,1977.0,790.0,2661,1,0,1,Biker
32,1938.0,724.0,1977.0,790.0,2662,1,0,1,Biker
32,1938.0,724.0,1977.0,790.0,2663,1,0,1,Biker
32,1938.0,724.0,1977.0,790.0,2664,1,0,1,Biker
32,1938.0,724.0,1977.0,790.0,2665,1,0,1,Biker
32,1938.0,724.0,1977.0,790.0,2666,1,0,1,Biker
32,1938.0,724.0,1977.0,790.0,2667,1,0,1,Biker
32,1938.0,724.0,1977.0,790.0,2668,1,0,1,Biker
32,1938.0,724.0,1977.0,790.0,2669,1,0,1,Biker
32,1938.0,724.0,1977.0,790.0,2670,1,0,1,Biker
32,1938.0,724.0,1977.0,790.0,2671,1,0,1,Biker
32,1938.0,724.0,1977.0,790.0,2672,1,0,1,Biker
32,1938.0,724.0,1977.0,790.0,2673,1,0,1,Biker
32,1938.0,724.0,1977.0,790.0,2674,1,0,1,Biker
32,1938.0,724.0,1977.0,790.0,2675,1,0,1,Biker
32,1938.0,724.0,1977.0,790.0,2676,1,0,1,Biker
32,1938.0,724.0,1977.0,790.0,2677,1,0,1,Biker
32,1938.0,724.0,1977.0,790.0,2678,1,0,1,Biker
32,1938.0,724.0,1977.0,790.0,2679,1,0,1,Biker
32,1938.0,724.0,1977.0,790.0,2680,1,0,1,Biker
32,1938.0,724.0,1977.0,790.0,2681,1,0,1,Biker
32,1938.0,724.0,1977.0,790.0,2682,1,0,1,Biker
32,1938.0,724.0,1977.0,790.0,2683,1,0,1,Biker
32,1938.0,724.0,1977.0,790.0,2684,1,0,1,Biker
32,1938.0,724.0,1977.0,790.0,2685,1,0,1,Biker
32,1938.0,724.0,1977.0,790.0,2686,1,0,1,Biker
32,1938.0,724.0,1977.0,790.0,2687,1,0,1,Biker
32,1938.0,724.0,1977.0,790.0,2688,1,0,1,Biker
32,1938.0,724.0,1977.0,790.0,2689,1,0,1,Biker
32,1938.0,724.0,1977.0,790.0,2690,1,0,1,Biker
32,1938.0,724.0,1977.0,790.0,2691,1,0,1,Biker
32,1938.0,724.0,1977.0,790.0,2692,1,0,1,Biker
32,1938.0,724.0,1977.0,790.0,2693,1,0,1,Biker
32,1938.0,724.0,1977.0,790.0,2694,1,0,1,Biker
32,1938.0,724.0,1977.0,790.0,2695,1,0,1,Biker
32,1938.0,724.0,1977.0,790.0,2696,1,0,1,Biker
32,1938.0,724.0,1977.0,790.0,2697,1,0,1,Biker
32,1938.0,724.0,1977.0,790.0,2698,1,0,1,Biker
32,1938.0,724.0,1977.0,790.0,2699,1,0,1,Biker
32,1938.0,724.0,1977.0,790.0,2700,1,0,1,Biker
32,1938.0,724.0,1977.0,790.0,2701,1,0,1,Biker
32,1938.0,724.0,1977.0,790.0,2702,1,0,1,Biker
32,1938.0,724.0,1977.0,790.0,2703,1,0,1,Biker
32,1938.0,724.0,1977.0,790.0,2704,1,0,1,Biker
32,1938.0,724.0,1977.0,790.0,2705,1,0,1,Biker
32,1938.0,724.0,1977.0,790.0,2706,1,0,1,Biker
32,1938.0,724.0,1977.0,790.0,2707,1,0,1,Biker
32,1938.0,724.0,1977.0,790.0,2708,1,0,1,Biker
32,1938.0,724.0,1977.0,790.0,2709,1,0,1,Biker
32,1938.0,724.0,1977.0,790.0,2710,1,0,1,Biker
32,1938.0,724.0,1977.0,790.0,2711,1,0,1,Biker
32,1938.0,724.0,1977.0,790.0,2712,1,0,1,Biker
32,1938.0,724.0,1977.0,790.0,2713,1,0,1,Biker
32,1938.0,724.0,1977.0,790.0,2714,1,0,1,Biker
32,1938.0,724.0,1977.0,790.0,2715,1,0,1,Biker
32,1938.0,724.0,1977.0,790.0,2716,1,0,1,Biker
32,1938.0,724.0,1977.0,790.0,2717,1,0,1,Biker
32,1938.0,724.0,1977.0,790.0,2718,1,0,1,Biker
32,1938.0,724.0,1977.0,790.0,2719,1,0,1,Biker
32,1938.0,724.0,1977.0,790.0,2720,1,0,1,Biker
32,1938.0,724.0,1977.0,790.0,2721,1,0,1,Biker
32,1938.0,724.0,1977.0,790.0,2722,1,0,1,Biker
32,1938.0,724.0,1977.0,790.0,2723,1,0,1,Biker
32,1938.0,724.0,1977.0,790.0,2724,1,0,1,Biker
32,1938.0,724.0,1977.0,790.0,2725,1,0,1,Biker
32,1938.0,724.0,1977.0,790.0,2726,1,0,1,Biker
32,1938.0,724.0,1977.0,790.0,2727,1,0,1,Biker
32,1938.0,724.0,1977.0,790.0,2728,1,0,1,Biker
32,1938.0,724.0,1977.0,790.0,2729,1,0,1,Biker
32,1938.0,724.0,1977.0,790.0,2730,1,0,1,Biker
32,1938.0,724.0,1977.0,790.0,2731,1,0,1,Biker
32,1938.0,724.0,1977.0,790.0,2732,1,0,1,Biker
32,1938.0,724.0,1977.0,790.0,2733,1,0,1,Biker
32,1938.0,724.0,1977.0,790.0,2734,1,0,1,Biker
32,1938.0,724.0,1977.0,790.0,2735,1,0,1,Biker
32,1938.0,724.0,1977.0,790.0,2736,1,0,1,Biker
32,1938.0,724.0,1977.0,790.0,2737,1,0,1,Biker
32,1938.0,724.0,1977.0,790.0,2738,1,0,1,Biker
32,1938.0,724.0,1977.0,790.0,2739,1,0,1,Biker
32,1938.0,724.0,1977.0,790.0,2740,1,0,1,Biker
32,1938.0,724.0,1977.0,790.0,2741,1,0,1,Biker
32,1938.0,724.0,1977.0,790.0,2742,1,0,1,Biker
32,1938.0,724.0,1977.0,790.0,2743,1,0,1,Biker
32,1938.0,724.0,1977.0,790.0,2744,1,0,1,Biker
32,1938.0,724.0,1977.0,790.0,2745,1,0,1,Biker
32,1938.0,724.0,1977.0,790.0,2746,1,0,1,Biker
32,1938.0,724.0,1977.0,790.0,2747,1,0,1,Biker
32,1938.0,724.0,1977.0,790.0,2748,1,0,1,Biker
32,1938.0,724.0,1977.0,790.0,2749,1,0,1,Biker
32,1938.0,724.0,1977.0,790.0,2750,1,0,1,Biker
32,1938.0,724.0,1977.0,790.0,2751,1,0,1,Biker
32,1938.0,724.0,1977.0,790.0,2752,1,0,1,Biker
32,1938.0,724.0,1977.0,790.0,2753,1,0,1,Biker
32,1938.0,724.0,1977.0,790.0,2754,1,0,1,Biker
32,1938.0,724.0,1977.0,790.0,2755,1,0,1,Biker
32,1938.0,724.0,1977.0,790.0,2756,1,0,1,Biker
32,1938.0,724.0,1977.0,790.0,2757,1,0,1,Biker
32,1938.0,724.0,1977.0,790.0,2758,1,0,1,Biker
32,1938.0,724.0,1977.0,790.0,2759,1,0,1,Biker
32,1938.0,724.0,1977.0,790.0,2760,1,0,1,Biker
32,1938.0,724.0,1977.0,790.0,2761,1,0,1,Biker
32,1938.0,724.0,1977.0,790.0,2762,1,0,1,Biker
32,1938.0,724.0,1977.0,790.0,2763,1,0,1,Biker
32,1938.0,724.0,1977.0,790.0,2764,1,0,1,Biker
32,1938.0,724.0,1977.0,790.0,2765,1,0,1,Biker
32,1938.0,724.0,1977.0,790.0,2766,1,0,1,Biker
32,1938.0,724.0,1977.0,790.0,2767,1,0,1,Biker
32,1938.0,724.0,1977.0,790.0,2768,1,0,1,Biker
32,1938.0,724.0,1977.0,790.0,2769,1,0,1,Biker
32,1938.0,724.0,1977.0,790.0,2770,1,0,1,Biker
32,1938.0,724.0,1977.0,790.0,2771,1,0,1,Biker
32,1938.0,724.0,1977.0,790.0,2772,1,0,1,Biker
32,1938.0,724.0,1977.0,790.0,2773,1,0,1,Biker
32,1938.0,724.0,1977.0,790.0,2774,1,0,1,Biker
32,1938.0,724.0,1977.0,790.0,2775,1,0,1,Biker
32,1938.0,724.0,1977.0,790.0,2776,1,0,1,Biker
32,1938.0,724.0,1977.0,790.0,2777,1,0,1,Biker
32,1938.0,724.0,1977.0,790.0,2778,1,0,1,Biker
32,1938.0,724.0,1977.0,790.0,2779,1,0,1,Biker
32,1938.0,724.0,1977.0,790.0,2780,1,0,1,Biker
32,1938.0,724.0,1977.0,790.0,2781,1,0,1,Biker
32,1938.0,724.0,1977.0,790.0,2782,1,0,1,Biker
32,1938.0,724.0,1977.0,790.0,2783,1,0,1,Biker
32,1938.0,724.0,1977.0,790.0,2784,1,0,1,Biker
32,1938.0,724.0,1977.0,790.0,2785,1,0,1,Biker
32,1938.0,724.0,1977.0,790.0,2786,1,0,1,Biker
32,1938.0,724.0,1977.0,790.0,2787,1,0,1,Biker
32,1938.0,724.0,1977.0,790.0,2788,1,0,1,Biker
32,1938.0,724.0,1977.0,790.0,2789,1,0,1,Biker
32,1938.0,724.0,1977.0,790.0,2790,1,0,1,Biker
32,1938.0,724.0,1977.0,790.0,2791,1,0,1,Biker
32,1938.0,724.0,1977.0,790.0,2792,1,0,1,Biker
32,1938.0,724.0,1977.0,790.0,2793,1,0,1,Biker
32,1938.0,724.0,1977.0,790.0,2794,1,0,1,Biker
32,1938.0,724.0,1977.0,790.0,2795,1,0,1,Biker
32,1938.0,724.0,1977.0,790.0,2796,1,0,1,Biker
32,1938.0,724.0,1977.0,790.0,2797,1,0,1,Biker
32,1938.0,724.0,1977.0,790.0,2798,1,0,1,Biker
32,1938.0,724.0,1977.0,790.0,2799,1,0,1,Biker
32,1938.0,724.0,1977.0,790.0,2800,1,0,1,Biker
32,1938.0,724.0,1977.0,790.0,2801,1,0,1,Biker
32,1938.0,724.0,1977.0,790.0,2802,1,0,1,Biker
32,1938.0,724.0,1977.0,790.0,2803,1,0,1,Biker
32,1938.0,724.0,1977.0,790.0,2804,1,0,1,Biker
32,1938.0,724.0,1977.0,790.0,2805,1,0,1,Biker
32,1938.0,724.0,1977.0,790.0,2806,1,0,1,Biker
32,1938.0,724.0,1977.0,790.0,2807,1,0,1,Biker
32,1938.0,724.0,1977.0,790.0,2808,1,0,1,Biker
32,1938.0,724.0,1977.0,790.0,2809,1,0,1,Biker
32,1938.0,724.0,1977.0,790.0,2810,1,0,1,Biker
32,1938.0,724.0,1977.0,790.0,2811,1,0,1,Biker
32,1938.0,724.0,1977.0,790.0,2812,1,0,1,Biker
32,1938.0,724.0,1977.0,790.0,2813,1,0,1,Biker
32,1938.0,724.0,1977.0,790.0,2814,1,0,1,Biker
32,1938.0,724.0,1977.0,790.0,2815,1,0,1,Biker
32,1938.0,724.0,1977.0,790.0,2816,1,0,1,Biker
32,1938.0,724.0,1977.0,790.0,2817,1,0,1,Biker
32,1938.0,724.0,1977.0,790.0,2818,1,0,1,Biker
32,1938.0,724.0,1977.0,790.0,2819,1,0,1,Biker
32,1938.0,724.0,1977.0,790.0,2820,1,0,1,Biker
32,1938.0,724.0,1977.0,790.0,2821,1,0,1,Biker
32,1938.0,724.0,1977.0,790.0,2822,1,0,1,Biker
32,1938.0,724.0,1977.0,790.0,2823,1,0,1,Biker
32,1938.0,724.0,1977.0,790.0,2824,1,0,1,Biker
32,1938.0,724.0,1977.0,790.0,2825,1,0,1,Biker
32,1938.0,724.0,1977.0,790.0,2826,1,0,1,Biker
32,1938.0,724.0,1977.0,790.0,2827,1,0,1,Biker
32,1938.0,724.0,1977.0,790.0,2828,1,0,1,Biker
32,1938.0,724.0,1977.0,790.0,2829,1,0,1,Biker
32,1938.0,724.0,1977.0,790.0,2830,1,0,1,Biker
32,1938.0,724.0,1977.0,790.0,2831,1,0,1,Biker
32,1938.0,724.0,1977.0,790.0,2832,1,0,1,Biker
32,1938.0,724.0,1977.0,790.0,2833,1,0,1,Biker
32,1938.0,724.0,1977.0,790.0,2834,1,0,1,Biker
32,1938.0,724.0,1977.0,790.0,2835,1,0,1,Biker
32,1938.0,724.0,1977.0,790.0,2836,1,0,1,Biker
32,1938.0,724.0,1977.0,790.0,2837,1,0,1,Biker
32,1938.0,724.0,1977.0,790.0,2838,1,0,1,Biker
32,1938.0,724.0,1977.0,790.0,2839,1,0,1,Biker
32,1938.0,724.0,1977.0,790.0,2840,1,0,1,Biker
32,1938.0,724.0,1977.0,790.0,2841,1,0,1,Biker
32,1938.0,724.0,1977.0,790.0,2842,1,0,1,Biker
32,1938.0,724.0,1977.0,790.0,2843,1,0,1,Biker
32,1938.0,724.0,1977.0,790.0,2844,1,0,1,Biker
32,1938.0,724.0,1977.0,790.0,2845,1,0,1,Biker
32,1938.0,724.0,1977.0,790.0,2846,1,0,1,Biker
32,1938.0,724.0,1977.0,790.0,2847,1,0,1,Biker
32,1938.0,724.0,1977.0,790.0,2848,1,0,1,Biker
32,1938.0,724.0,1977.0,790.0,2849,1,0,1,Biker
32,1938.0,724.0,1977.0,790.0,2850,1,0,1,Biker
32,1938.0,724.0,1977.0,790.0,2851,1,0,1,Biker
32,1938.0,724.0,1977.0,790.0,2852,1,0,1,Biker
32,1938.0,724.0,1977.0,790.0,2853,1,0,1,Biker
32,1938.0,724.0,1977.0,790.0,2854,1,0,1,Biker
32,1938.0,724.0,1977.0,790.0,2855,1,0,1,Biker
32,1938.0,724.0,1977.0,790.0,2856,1,0,1,Biker
32,1938.0,724.0,1977.0,790.0,2857,1,0,1,Biker
32,1938.0,724.0,1977.0,790.0,2858,1,0,1,Biker
32,1938.0,724.0,1977.0,790.0,2859,1,0,1,Biker
32,1938.0,724.0,1977.0,790.0,2860,1,0,1,Biker
32,1938.0,724.0,1977.0,790.0,2861,1,0,1,Biker
32,1938.0,724.0,1977.0,790.0,2862,1,0,1,Biker
32,1938.0,724.0,1977.0,790.0,2863,1,0,1,Biker
32,1938.0,724.0,1977.0,790.0,2864,1,0,1,Biker
32,1938.0,724.0,1977.0,790.0,2865,1,0,1,Biker
32,1938.0,724.0,1977.0,790.0,2866,1,0,1,Biker
32,1938.0,724.0,1977.0,790.0,2867,1,0,1,Biker
32,1938.0,724.0,1977.0,790.0,2868,1,0,1,Biker
32,1938.0,724.0,1977.0,790.0,2869,1,0,1,Biker
32,1938.0,724.0,1977.0,790.0,2870,1,0,1,Biker
32,1938.0,724.0,1977.0,790.0,2871,1,0,1,Biker
32,1938.0,724.0,1977.0,790.0,2872,1,0,1,Biker
32,1938.0,724.0,1977.0,790.0,2873,1,0,1,Biker
32,1938.0,724.0,1977.0,790.0,2874,1,0,1,Biker
32,1938.0,724.0,1977.0,790.0,2875,1,0,1,Biker
32,1938.0,724.0,1977.0,790.0,2876,1,0,1,Biker
32,1938.0,724.0,1977.0,790.0,2877,1,0,1,Biker
32,1938.0,724.0,1977.0,790.0,2878,1,0,1,Biker
32,1938.0,724.0,1977.0,790.0,2879,1,0,1,Biker
32,1938.0,724.0,1977.0,790.0,2880,1,0,1,Biker
32,1938.0,724.0,1977.0,790.0,2881,1,0,1,Biker
32,1938.0,724.0,1977.0,790.0,2882,1,0,1,Biker
32,1938.0,724.0,1977.0,790.0,2883,1,0,1,Biker
32,1938.0,724.0,1977.0,790.0,2884,1,0,1,Biker
32,1938.0,724.0,1977.0,790.0,2885,1,0,1,Biker
32,1938.0,724.0,1977.0,790.0,2886,1,0,1,Biker
32,1938.0,724.0,1977.0,790.0,2887,1,0,1,Biker
32,1938.0,724.0,1977.0,790.0,2888,1,0,1,Biker
32,1938.0,724.0,1977.0,790.0,2889,1,0,1,Biker
32,1938.0,724.0,1977.0,790.0,2890,1,0,1,Biker
32,1938.0,724.0,1977.0,790.0,2891,1,0,1,Biker
32,1938.0,724.0,1977.0,790.0,2892,1,0,1,Biker
32,1938.0,724.0,1977.0,790.0,2893,1,0,1,Biker
32,1938.0,724.0,1977.0,790.0,2894,1,0,1,Biker
32,1938.0,724.0,1977.0,790.0,2895,1,0,1,Biker
32,1938.0,724.0,1977.0,790.0,2896,1,0,1,Biker
32,1938.0,724.0,1977.0,790.0,2897,1,0,1,Biker
32,1938.0,724.0,1977.0,790.0,2898,1,0,1,Biker
32,1938.0,724.0,1977.0,790.0,2899,1,0,1,Biker
32,1938.0,724.0,1977.0,790.0,2900,1,0,1,Biker
32,1938.0,724.0,1977.0,790.0,2901,1,0,1,Biker
32,1938.0,724.0,1977.0,790.0,2902,1,0,1,Biker
32,1938.0,724.0,1977.0,790.0,2903,1,0,1,Biker
32,1938.0,724.0,1977.0,790.0,2904,1,0,1,Biker
32,1938.0,724.0,1977.0,790.0,2905,1,0,1,Biker
32,1938.0,724.0,1977.0,790.0,2906,1,0,1,Biker
32,1938.0,724.0,1977.0,790.0,2907,1,0,1,Biker
32,1938.0,724.0,1977.0,790.0,2908,1,0,1,Biker
32,1938.0,724.0,1977.0,790.0,2909,1,0,1,Biker
32,1938.0,724.0,1977.0,790.0,2910,1,0,1,Biker
32,1938.0,724.0,1977.0,790.0,2911,1,0,1,Biker
32,1938.0,724.0,1977.0,790.0,2912,1,0,1,Biker
32,1938.0,724.0,1977.0,790.0,2913,1,0,1,Biker
32,1938.0,724.0,1977.0,790.0,2914,1,0,1,Biker
32,1938.0,724.0,1977.0,790.0,2915,1,0,1,Biker
32,1938.0,724.0,1977.0,790.0,2916,1,0,1,Biker
32,1938.0,724.0,1977.0,790.0,2917,1,0,1,Biker
32,1938.0,724.0,1977.0,790.0,2918,1,0,1,Biker
32,1938.0,724.0,1977.0,790.0,2919,1,0,1,Biker
32,1938.0,724.0,1977.0,790.0,2920,1,0,1,Biker
32,1938.0,724.0,1977.0,790.0,2921,1,0,1,Biker
32,1938.0,724.0,1977.0,790.0,2922,1,0,1,Biker
32,1938.0,724.0,1977.0,790.0,2923,1,0,1,Biker
32,1938.0,724.0,1977.0,790.0,2924,1,0,1,Biker
32,1938.0,724.0,1977.0,790.0,2925,1,0,1,Biker
32,1938.0,724.0,1977.0,790.0,2926,1,0,1,Biker
32,1938.0,724.0,1977.0,790.0,2927,1,0,1,Biker
32,1938.0,724.0,1977.0,790.0,2928,1,0,1,Biker
32,1938.0,724.0,1977.0,790.0,2929,1,0,1,Biker
32,1938.0,724.0,1977.0,790.0,2930,1,0,1,Biker
32,1938.0,724.0,1977.0,790.0,2931,1,0,1,Biker
32,1938.0,724.0,1977.0,790.0,2932,1,0,1,Biker
32,1938.0,724.0,1977.0,790.0,2933,1,0,1,Biker
32,1938.0,724.0,1977.0,790.0,2934,1,0,1,Biker
32,1938.0,724.0,1977.0,790.0,2935,1,0,1,Biker
32,1938.0,724.0,1977.0,790.0,2936,1,0,1,Biker
32,1938.0,724.0,1977.0,790.0,2937,1,0,1,Biker
32,1938.0,724.0,1977.0,790.0,2938,1,0,1,Biker
32,1938.0,724.0,1977.0,790.0,2939,1,0,1,Biker
32,1938.0,724.0,1977.0,790.0,2940,1,0,1,Biker
32,1938.0,724.0,1977.0,790.0,2941,1,0,1,Biker
32,1938.0,724.0,1977.0,790.0,2942,1,0,1,Biker
32,1938.0,724.0,1977.0,790.0,2943,1,0,1,Biker
32,1938.0,724.0,1977.0,790.0,2944,1,0,1,Biker
32,1938.0,724.0,1977.0,790.0,2945,1,0,1,Biker
32,1938.0,724.0,1977.0,790.0,2946,1,0,1,Biker
32,1938.0,724.0,1977.0,790.0,2947,1,0,1,Biker
32,1938.0,724.0,1977.0,790.0,2948,1,0,1,Biker
32,1938.0,724.0,1977.0,790.0,2949,1,0,1,Biker
32,1938.0,724.0,1977.0,790.0,2950,1,0,1,Biker
32,1938.0,724.0,1977.0,790.0,2951,1,0,1,Biker
32,1938.0,724.0,1977.0,790.0,2952,1,0,1,Biker
32,1938.0,724.0,1977.0,790.0,2953,1,0,1,Biker
32,1938.0,724.0,1977.0,790.0,2954,1,0,1,Biker
32,1938.0,724.0,1977.0,790.0,2955,1,0,1,Biker
32,1938.0,724.0,1977.0,790.0,2956,1,0,1,Biker
32,1938.0,724.0,1977.0,790.0,2957,1,0,1,Biker
32,1938.0,724.0,1977.0,790.0,2958,1,0,1,Biker
32,1938.0,724.0,1977.0,790.0,2959,1,0,1,Biker
32,1938.0,724.0,1977.0,790.0,2960,1,0,1,Biker
32,1938.0,724.0,1977.0,790.0,2961,1,0,1,Biker
32,1938.0,724.0,1977.0,790.0,2962,1,0,1,Biker
32,1938.0,724.0,1977.0,790.0,2963,1,0,1,Biker
32,1938.0,724.0,1977.0,790.0,2964,1,0,1,Biker
32,1938.0,724.0,1977.0,790.0,2965,1,0,1,Biker
32,1938.0,724.0,1977.0,790.0,2966,1,0,1,Biker
32,1938.0,724.0,1977.0,790.0,2967,1,0,1,Biker
32,1938.0,724.0,1977.0,790.0,2968,1,0,1,Biker
32,1938.0,724.0,1977.0,790.0,2969,1,0,1,Biker
32,1938.0,724.0,1977.0,790.0,2970,1,0,1,Biker
32,1938.0,724.0,1977.0,790.0,2971,1,0,1,Biker
32,1938.0,724.0,1977.0,790.0,2972,1,0,1,Biker
32,1938.0,724.0,1977.0,790.0,2973,1,0,1,Biker
32,1938.0,724.0,1977.0,790.0,2974,1,0,1,Biker
32,1938.0,724.0,1977.0,790.0,2975,1,0,1,Biker
32,1938.0,724.0,1977.0,790.0,2976,1,0,1,Biker
32,1938.0,724.0,1977.0,790.0,2977,1,0,1,Biker
32,1938.0,724.0,1977.0,790.0,2978,1,0,1,Biker
32,1938.0,724.0,1977.0,790.0,2979,1,0,1,Biker
32,1938.0,724.0,1977.0,790.0,2980,1,0,1,Biker
32,1938.0,724.0,1977.0,790.0,2981,1,0,1,Biker
32,1938.0,724.0,1977.0,790.0,2982,1,0,1,Biker
32,1938.0,724.0,1977.0,790.0,2983,1,0,1,Biker
32,1938.0,724.0,1977.0,790.0,2984,1,0,1,Biker
32,1938.0,724.0,1977.0,790.0,2985,1,0,1,Biker
32,1938.0,724.0,1977.0,790.0,2986,1,0,1,Biker
32,1938.0,724.0,1977.0,790.0,2987,1,0,1,Biker
32,1938.0,724.0,1977.0,790.0,2988,1,0,1,Biker
32,1938.0,724.0,1977.0,790.0,2989,1,0,1,Biker
32,1938.0,724.0,1977.0,790.0,2990,1,0,1,Biker
32,1938.0,724.0,1977.0,790.0,2991,1,0,1,Biker
32,1938.0,724.0,1977.0,790.0,2992,1,0,1,Biker
32,1938.0,724.0,1977.0,790.0,2993,1,0,1,Biker
32,1938.0,724.0,1977.0,790.0,2994,1,0,1,Biker
32,1938.0,724.0,1977.0,790.0,2995,1,0,1,Biker
32,1938.0,724.0,1977.0,790.0,2996,1,0,1,Biker
32,1938.0,724.0,1977.0,790.0,2997,1,0,1,Biker
32,1938.0,724.0,1977.0,790.0,2998,1,0,1,Biker
32,1938.0,724.0,1977.0,790.0,2999,1,0,1,Biker
32,1938.0,724.0,1977.0,790.0,3000,1,0,1,Biker
32,1938.0,724.0,1977.0,790.0,3001,1,0,1,Biker
32,1938.0,724.0,1977.0,790.0,3002,1,0,1,Biker
32,1938.0,724.0,1977.0,790.0,3003,1,0,1,Biker
32,1938.0,724.0,1977.0,790.0,3004,1,0,1,Biker
32,1938.0,724.0,1977.0,790.0,3005,1,0,1,Biker
32,1938.0,724.0,1977.0,790.0,3006,1,0,1,Biker
32,1938.0,724.0,1977.0,790.0,3007,1,0,1,Biker
32,1938.0,724.0,1977.0,790.0,3008,1,0,1,Biker
32,1938.0,724.0,1977.0,790.0,3009,1,0,1,Biker
32,1938.0,724.0,1977.0,790.0,3010,1,0,1,Biker
32,1938.0,724.0,1977.0,790.0,3011,1,0,1,Biker
32,1938.0,724.0,1977.0,790.0,3012,1,0,1,Biker
32,1938.0,724.0,1977.0,790.0,3013,1,0,1,Biker
32,1938.0,724.0,1977.0,790.0,3014,1,0,1,Biker
32,1938.0,724.0,1977.0,790.0,3015,1,0,1,Biker
32,1938.0,724.0,1977.0,790.0,3016,1,0,1,Biker
32,1938.0,724.0,1977.0,790.0,3017,1,0,1,Biker
32,1938.0,724.0,1977.0,790.0,3018,1,0,1,Biker
32,1938.0,724.0,1977.0,790.0,3019,1,0,1,Biker
32,1938.0,724.0,1977.0,790.0,3020,1,0,1,Biker
32,1938.0,724.0,1977.0,790.0,3021,1,0,1,Biker
32,1938.0,724.0,1977.0,790.0,3022,1,0,1,Biker
32,1938.0,724.0,1977.0,790.0,3023,1,0,1,Biker
32,1938.0,724.0,1977.0,790.0,3024,1,0,1,Biker
32,1938.0,724.0,1977.0,790.0,3025,1,0,1,Biker
32,1938.0,724.0,1977.0,790.0,3026,1,0,1,Biker
32,1938.0,724.0,1977.0,790.0,3027,1,0,1,Biker
32,1938.0,724.0,1977.0,790.0,3028,1,0,1,Biker
32,1938.0,724.0,1977.0,790.0,3029,1,0,1,Biker
32,1938.0,724.0,1977.0,790.0,3030,1,0,1,Biker
32,1938.0,724.0,1977.0,790.0,3031,1,0,0,Biker
33,1817.0,926.0,1914.0,1022.0,1000,0,0,0,Biker
33,1815.0,924.0,1911.0,1020.0,1001,0,0,1,Biker
33,1812.0,924.0,1908.0,1020.0,1002,0,0,1,Biker
33,1812.0,922.0,1908.0,1017.0,1003,0,0,1,Biker
33,1809.0,922.0,1905.0,1017.0,1004,0,0,1,Biker
33,1809.0,922.0,1905.0,1017.0,1005,0,0,1,Biker
33,1806.0,919.0,1903.0,1015.0,1006,0,0,1,Biker
33,1804.0,919.0,1900.0,1015.0,1007,0,0,1,Biker
33,1804.0,917.0,1900.0,1013.0,1008,0,0,1,Biker
33,1801.0,917.0,1897.0,1013.0,1009,0,0,1,Biker
33,1801.0,917.0,1897.0,1013.0,1010,0,0,1,Biker
33,1798.0,915.0,1894.0,1011.0,1011,0,0,1,Biker
33,1795.0,915.0,1892.0,1011.0,1012,0,0,1,Biker
33,1795.0,913.0,1892.0,1008.0,1013,0,0,1,Biker
33,1793.0,913.0,1889.0,1008.0,1014,0,0,1,Biker
33,1793.0,913.0,1889.0,1008.0,1015,0,0,1,Biker
33,1790.0,910.0,1886.0,1006.0,1016,0,0,1,Biker
33,1787.0,910.0,1883.0,1006.0,1017,0,0,1,Biker
33,1787.0,908.0,1883.0,1004.0,1018,0,0,1,Biker
33,1784.0,908.0,1881.0,1004.0,1019,0,0,1,Biker
33,1784.0,908.0,1881.0,1004.0,1020,0,0,1,Biker
33,1782.0,906.0,1878.0,1001.0,1021,0,0,1,Biker
33,1779.0,906.0,1875.0,1001.0,1022,0,0,1,Biker
33,1779.0,904.0,1875.0,999.0,1023,0,0,1,Biker
33,1776.0,904.0,1872.0,999.0,1024,0,0,1,Biker
33,1776.0,904.0,1872.0,999.0,1025,0,0,1,Biker
33,1773.0,901.0,1870.0,997.0,1026,0,0,1,Biker
33,1771.0,901.0,1867.0,997.0,1027,0,0,1,Biker
33,1771.0,899.0,1867.0,995.0,1028,0,0,1,Biker
33,1768.0,899.0,1864.0,995.0,1029,0,0,1,Biker
33,1768.0,899.0,1864.0,995.0,1030,0,0,0,Biker
33,1765.0,897.0,1861.0,992.0,1031,0,0,1,Biker
33,1762.0,897.0,1859.0,992.0,1032,0,0,1,Biker
33,1760.0,897.0,1856.0,992.0,1033,0,0,1,Biker
33,1757.0,894.0,1853.0,990.0,1034,0,0,1,Biker
33,1757.0,894.0,1853.0,990.0,1035,0,0,1,Biker
33,1754.0,894.0,1850.0,990.0,1036,0,0,1,Biker
33,1751.0,892.0,1848.0,988.0,1037,0,0,1,Biker
33,1749.0,892.0,1845.0,988.0,1038,0,0,1,Biker
33,1746.0,892.0,1842.0,988.0,1039,0,0,1,Biker
33,1746.0,892.0,1842.0,988.0,1040,0,0,1,Biker
33,1743.0,890.0,1839.0,985.0,1041,0,0,1,Biker
33,1740.0,890.0,1837.0,985.0,1042,0,0,1,Biker
33,1738.0,890.0,1834.0,985.0,1043,0,0,1,Biker
33,1735.0,888.0,1831.0,983.0,1044,0,0,1,Biker
33,1735.0,888.0,1831.0,983.0,1045,0,0,1,Biker
33,1732.0,888.0,1828.0,983.0,1046,0,0,1,Biker
33,1729.0,885.0,1826.0,981.0,1047,0,0,1,Biker
33,1727.0,885.0,1823.0,981.0,1048,0,0,1,Biker
33,1724.0,885.0,1820.0,981.0,1049,0,0,1,Biker
33,1724.0,885.0,1820.0,981.0,1050,0,0,0,Biker
33,1721.0,883.0,1817.0,979.0,1051,0,0,1,Biker
33,1718.0,883.0,1815.0,979.0,1052,0,0,1,Biker
33,1718.0,881.0,1815.0,976.0,1053,0,0,1,Biker
33,1716.0,881.0,1812.0,976.0,1054,0,0,1,Biker
33,1716.0,878.0,1812.0,974.0,1055,0,0,1,Biker
33,1713.0,878.0,1809.0,974.0,1056,0,0,1,Biker
33,1713.0,876.0,1809.0,972.0,1057,0,0,1,Biker
33,1710.0,876.0,1806.0,972.0,1058,0,0,1,Biker
33,1707.0,876.0,1804.0,972.0,1059,0,0,1,Biker
33,1707.0,874.0,1804.0,970.0,1060,0,0,1,Biker
33,1705.0,874.0,1801.0,970.0,1061,0,0,1,Biker
33,1705.0,872.0,1801.0,967.0,1062,0,0,1,Biker
33,1702.0,872.0,1798.0,967.0,1063,0,0,1,Biker
33,1702.0,869.0,1798.0,965.0,1064,0,0,1,Biker
33,1699.0,869.0,1795.0,965.0,1065,0,0,1,Biker
33,1696.0,869.0,1793.0,965.0,1066,0,0,1,Biker
33,1696.0,867.0,1793.0,963.0,1067,0,0,1,Biker
33,1694.0,867.0,1790.0,963.0,1068,0,0,1,Biker
33,1694.0,865.0,1790.0,960.0,1069,0,0,1,Biker
33,1691.0,865.0,1787.0,960.0,1070,0,0,1,Biker
33,1691.0,863.0,1787.0,958.0,1071,0,0,1,Biker
33,1688.0,863.0,1784.0,958.0,1072,0,0,1,Biker
33,1685.0,863.0,1782.0,958.0,1073,0,0,1,Biker
33,1685.0,860.0,1782.0,956.0,1074,0,0,1,Biker
33,1683.0,860.0,1779.0,956.0,1075,0,0,1,Biker
33,1683.0,858.0,1779.0,954.0,1076,0,0,1,Biker
33,1680.0,858.0,1776.0,954.0,1077,0,0,1,Biker
33,1680.0,856.0,1776.0,951.0,1078,0,0,1,Biker
33,1677.0,856.0,1773.0,951.0,1079,0,0,1,Biker
33,1677.0,856.0,1773.0,951.0,1080,0,0,0,Biker
33,1674.0,853.0,1771.0,949.0,1081,0,0,1,Biker
33,1672.0,853.0,1768.0,949.0,1082,0,0,1,Biker
33,1672.0,851.0,1768.0,947.0,1083,0,0,1,Biker
33,1669.0,851.0,1765.0,947.0,1084,0,0,1,Biker
33,1666.0,851.0,1762.0,947.0,1085,0,0,1,Biker
33,1666.0,849.0,1762.0,944.0,1086,0,0,1,Biker
33,1663.0,849.0,1760.0,944.0,1087,0,0,1,Biker
33,1661.0,849.0,1757.0,944.0,1088,0,0,1,Biker
33,1661.0,847.0,1757.0,942.0,1089,0,0,1,Biker
33,1658.0,847.0,1754.0,942.0,1090,0,0,1,Biker
33,1658.0,844.0,1754.0,940.0,1091,0,0,1,Biker
33,1655.0,844.0,1751.0,940.0,1092,0,0,1,Biker
33,1652.0,844.0,1749.0,940.0,1093,0,0,1,Biker
33,1652.0,842.0,1749.0,938.0,1094,0,0,1,Biker
33,1650.0,842.0,1746.0,938.0,1095,0,0,1,Biker
33,1647.0,842.0,1743.0,938.0,1096,0,0,1,Biker
33,1647.0,840.0,1743.0,935.0,1097,0,0,1,Biker
33,1644.0,840.0,1740.0,935.0,1098,0,0,1,Biker
33,1641.0,840.0,1738.0,935.0,1099,0,0,1,Biker
33,1641.0,837.0,1738.0,933.0,1100,0,0,1,Biker
33,1639.0,837.0,1735.0,933.0,1101,0,0,1,Biker
33,1639.0,835.0,1735.0,931.0,1102,0,0,1,Biker
33,1636.0,835.0,1732.0,931.0,1103,0,0,1,Biker
33,1633.0,835.0,1729.0,931.0,1104,0,0,1,Biker
33,1633.0,833.0,1729.0,929.0,1105,0,0,1,Biker
33,1630.0,833.0,1727.0,929.0,1106,0,0,1,Biker
33,1628.0,833.0,1724.0,929.0,1107,0,0,1,Biker
33,1628.0,831.0,1724.0,926.0,1108,0,0,1,Biker
33,1625.0,831.0,1721.0,926.0,1109,0,0,1,Biker
33,1625.0,831.0,1721.0,926.0,1110,0,0,0,Biker
33,1622.0,828.0,1718.0,924.0,1111,0,0,1,Biker
33,1619.0,828.0,1716.0,924.0,1112,0,0,1,Biker
33,1617.0,828.0,1713.0,924.0,1113,0,0,1,Biker
33,1614.0,828.0,1710.0,924.0,1114,0,0,1,Biker
33,1611.0,828.0,1707.0,924.0,1115,0,0,1,Biker
33,1608.0,828.0,1705.0,924.0,1116,0,0,1,Biker
33,1606.0,826.0,1702.0,922.0,1117,0,0,1,Biker
33,1606.0,826.0,1702.0,922.0,1118,0,0,1,Biker
33,1603.0,826.0,1699.0,922.0,1119,0,0,1,Biker
33,1600.0,826.0,1696.0,922.0,1120,0,0,1,Biker
33,1597.0,826.0,1694.0,922.0,1121,0,0,1,Biker
33,1595.0,826.0,1691.0,922.0,1122,0,0,1,Biker
33,1592.0,824.0,1688.0,919.0,1123,0,0,1,Biker
33,1589.0,824.0,1685.0,919.0,1124,0,0,1,Biker
33,1589.0,824.0,1685.0,919.0,1125,0,0,1,Biker
33,1586.0,824.0,1683.0,919.0,1126,0,0,1,Biker
33,1584.0,824.0,1680.0,919.0,1127,0,0,1,Biker
33,1581.0,824.0,1677.0,919.0,1128,0,0,1,Biker
33,1578.0,822.0,1674.0,917.0,1129,0,0,1,Biker
33,1575.0,822.0,1672.0,917.0,1130,0,0,1,Biker
33,1573.0,822.0,1669.0,917.0,1131,0,0,1,Biker
33,1570.0,822.0,1666.0,917.0,1132,0,0,1,Biker
33,1570.0,822.0,1666.0,917.0,1133,0,0,1,Biker
33,1567.0,822.0,1663.0,917.0,1134,0,0,1,Biker
33,1564.0,819.0,1661.0,915.0,1135,0,0,1,Biker
33,1562.0,819.0,1658.0,915.0,1136,0,0,1,Biker
33,1559.0,819.0,1655.0,915.0,1137,0,0,1,Biker
33,1556.0,819.0,1652.0,915.0,1138,0,0,1,Biker
33,1553.0,819.0,1650.0,915.0,1139,0,0,1,Biker
33,1553.0,819.0,1650.0,915.0,1140,0,0,0,Biker
33,1551.0,817.0,1647.0,913.0,1141,0,0,1,Biker
33,1548.0,817.0,1644.0,913.0,1142,0,0,1,Biker
33,1548.0,817.0,1644.0,913.0,1143,0,0,1,Biker
33,1545.0,815.0,1641.0,910.0,1144,0,0,1,Biker
33,1542.0,815.0,1639.0,910.0,1145,0,0,1,Biker
33,1542.0,815.0,1639.0,910.0,1146,0,0,1,Biker
33,1540.0,812.0,1636.0,908.0,1147,0,0,1,Biker
33,1537.0,812.0,1633.0,908.0,1148,0,0,1,Biker
33,1537.0,812.0,1633.0,908.0,1149,0,0,1,Biker
33,1534.0,812.0,1630.0,908.0,1150,0,0,1,Biker
33,1534.0,810.0,1630.0,906.0,1151,0,0,1,Biker
33,1531.0,810.0,1628.0,906.0,1152,0,0,1,Biker
33,1529.0,810.0,1625.0,906.0,1153,0,0,1,Biker
33,1529.0,808.0,1625.0,904.0,1154,0,0,1,Biker
33,1526.0,808.0,1622.0,904.0,1155,0,0,1,Biker
33,1523.0,808.0,1619.0,904.0,1156,0,0,1,Biker
33,1523.0,806.0,1619.0,901.0,1157,0,0,1,Biker
33,1520.0,806.0,1617.0,901.0,1158,0,0,1,Biker
33,1518.0,806.0,1614.0,901.0,1159,0,0,1,Biker
33,1518.0,806.0,1614.0,901.0,1160,0,0,1,Biker
33,1515.0,803.0,1611.0,899.0,1161,0,0,1,Biker
33,1515.0,803.0,1611.0,899.0,1162,0,0,1,Biker
33,1512.0,803.0,1608.0,899.0,1163,0,0,1,Biker
33,1509.0,801.0,1606.0,897.0,1164,0,0,1,Biker
33,1509.0,801.0,1606.0,897.0,1165,0,0,1,Biker
33,1507.0,801.0,1603.0,897.0,1166,0,0,1,Biker
33,1504.0,799.0,1600.0,894.0,1167,0,0,1,Biker
33,1504.0,799.0,1600.0,894.0,1168,0,0,1,Biker
33,1501.0,799.0,1597.0,894.0,1169,0,0,1,Biker
33,1501.0,799.0,1597.0,894.0,1170,0,0,0,Biker
33,1498.0,796.0,1595.0,892.0,1171,0,0,1,Biker
33,1496.0,796.0,1592.0,892.0,1172,0,0,1,Biker
33,1496.0,796.0,1592.0,892.0,1173,0,0,1,Biker
33,1493.0,796.0,1589.0,892.0,1174,0,0,1,Biker
33,1493.0,796.0,1589.0,892.0,1175,0,0,1,Biker
33,1490.0,796.0,1586.0,892.0,1176,0,0,1,Biker
33,1490.0,796.0,1586.0,892.0,1177,0,0,1,Biker
33,1487.0,794.0,1584.0,890.0,1178,0,0,1,Biker
33,1485.0,794.0,1581.0,890.0,1179,0,0,1,Biker
33,1485.0,794.0,1581.0,890.0,1180,0,0,1,Biker
33,1482.0,794.0,1578.0,890.0,1181,0,0,1,Biker
33,1482.0,794.0,1578.0,890.0,1182,0,0,1,Biker
33,1479.0,794.0,1575.0,890.0,1183,0,0,1,Biker
33,1479.0,794.0,1575.0,890.0,1184,0,0,1,Biker
33,1476.0,794.0,1573.0,890.0,1185,0,0,1,Biker
33,1474.0,792.0,1570.0,888.0,1186,0,0,1,Biker
33,1474.0,792.0,1570.0,888.0,1187,0,0,1,Biker
33,1471.0,792.0,1567.0,888.0,1188,0,0,1,Biker
33,1471.0,792.0,1567.0,888.0,1189,0,0,1,Biker
33,1468.0,792.0,1564.0,888.0,1190,0,0,1,Biker
33,1468.0,792.0,1564.0,888.0,1191,0,0,1,Biker
33,1465.0,792.0,1562.0,888.0,1192,0,0,1,Biker
33,1463.0,790.0,1559.0,885.0,1193,0,0,1,Biker
33,1463.0,790.0,1559.0,885.0,1194,0,0,1,Biker
33,1460.0,790.0,1556.0,885.0,1195,0,0,1,Biker
33,1460.0,790.0,1556.0,885.0,1196,0,0,1,Biker
33,1457.0,790.0,1553.0,885.0,1197,0,0,1,Biker
33,1457.0,790.0,1553.0,885.0,1198,0,0,1,Biker
33,1454.0,790.0,1551.0,885.0,1199,0,0,1,Biker
33,1454.0,790.0,1551.0,885.0,1200,0,0,0,Biker
33,1452.0,787.0,1548.0,883.0,1201,0,0,1,Biker
33,1449.0,787.0,1545.0,883.0,1202,0,0,1,Biker
33,1446.0,787.0,1542.0,883.0,1203,0,0,1,Biker
33,1443.0,787.0,1540.0,883.0,1204,0,0,1,Biker
33,1443.0,787.0,1540.0,883.0,1205,0,0,1,Biker
33,1441.0,787.0,1537.0,883.0,1206,0,0,1,Biker
33,1438.0,787.0,1534.0,883.0,1207,0,0,1,Biker
33,1435.0,785.0,1531.0,881.0,1208,0,0,1,Biker
33,1435.0,785.0,1531.0,881.0,1209,0,0,1,Biker
33,1432.0,785.0,1529.0,881.0,1210,0,0,1,Biker
33,1430.0,785.0,1526.0,881.0,1211,0,0,1,Biker
33,1427.0,785.0,1523.0,881.0,1212,0,0,1,Biker
33,1427.0,785.0,1523.0,881.0,1213,0,0,1,Biker
33,1424.0,785.0,1520.0,881.0,1214,0,0,1,Biker
33,1421.0,785.0,1518.0,881.0,1215,0,0,1,Biker
33,1419.0,783.0,1515.0,878.0,1216,0,0,1,Biker
33,1416.0,783.0,1512.0,878.0,1217,0,0,1,Biker
33,1416.0,783.0,1512.0,878.0,1218,0,0,1,Biker
33,1413.0,783.0,1509.0,878.0,1219,0,0,1,Biker
33,1410.0,783.0,1507.0,878.0,1220,0,0,1,Biker
33,1408.0,783.0,1504.0,878.0,1221,0,0,1,Biker
33,1408.0,783.0,1504.0,878.0,1222,0,0,1,Biker
33,1405.0,781.0,1501.0,876.0,1223,0,0,1,Biker
33,1402.0,781.0,1498.0,876.0,1224,0,0,1,Biker
33,1399.0,781.0,1496.0,876.0,1225,0,0,1,Biker
33,1399.0,781.0,1496.0,876.0,1226,0,0,1,Biker
33,1397.0,781.0,1493.0,876.0,1227,0,0,1,Biker
33,1394.0,781.0,1490.0,876.0,1228,0,0,1,Biker
33,1391.0,781.0,1487.0,876.0,1229,0,0,1,Biker
33,1391.0,781.0,1487.0,876.0,1230,0,0,0,Biker
33,1388.0,778.0,1485.0,874.0,1231,0,0,1,Biker
33,1386.0,778.0,1482.0,874.0,1232,0,0,1,Biker
33,1383.0,778.0,1479.0,874.0,1233,0,0,1,Biker
33,1383.0,778.0,1479.0,874.0,1234,0,0,1,Biker
33,1380.0,778.0,1476.0,874.0,1235,0,0,1,Biker
33,1377.0,778.0,1474.0,874.0,1236,0,0,1,Biker
33,1375.0,778.0,1471.0,874.0,1237,0,0,1,Biker
33,1375.0,776.0,1471.0,872.0,1238,0,0,1,Biker
33,1372.0,776.0,1468.0,872.0,1239,0,0,1,Biker
33,1369.0,776.0,1465.0,872.0,1240,0,0,1,Biker
33,1366.0,776.0,1463.0,872.0,1241,0,0,1,Biker
33,1366.0,776.0,1463.0,872.0,1242,0,0,1,Biker
33,1364.0,776.0,1460.0,872.0,1243,0,0,1,Biker
33,1361.0,776.0,1457.0,872.0,1244,0,0,1,Biker
33,1361.0,776.0,1457.0,872.0,1245,0,0,1,Biker
33,1358.0,774.0,1454.0,869.0,1246,0,0,1,Biker
33,1355.0,774.0,1452.0,869.0,1247,0,0,1,Biker
33,1353.0,774.0,1449.0,869.0,1248,0,0,1,Biker
33,1353.0,774.0,1449.0,869.0,1249,0,0,1,Biker
33,1350.0,774.0,1446.0,869.0,1250,0,0,1,Biker
33,1347.0,774.0,1443.0,869.0,1251,0,0,1,Biker
33,1344.0,774.0,1441.0,869.0,1252,0,0,1,Biker
33,1344.0,771.0,1441.0,867.0,1253,0,0,1,Biker
33,1342.0,771.0,1438.0,867.0,1254,0,0,1,Biker
33,1339.0,771.0,1435.0,867.0,1255,0,0,1,Biker
33,1336.0,771.0,1432.0,867.0,1256,0,0,1,Biker
33,1336.0,771.0,1432.0,867.0,1257,0,0,1,Biker
33,1333.0,771.0,1430.0,867.0,1258,0,0,1,Biker
33,1331.0,771.0,1427.0,867.0,1259,0,0,1,Biker
33,1331.0,771.0,1427.0,867.0,1260,0,0,0,Biker
33,1328.0,769.0,1424.0,865.0,1261,0,0,1,Biker
33,1325.0,769.0,1421.0,865.0,1262,0,0,1,Biker
33,1322.0,769.0,1419.0,865.0,1263,0,0,1,Biker
33,1322.0,769.0,1419.0,865.0,1264,0,0,1,Biker
33,1320.0,769.0,1416.0,865.0,1265,0,0,1,Biker
33,1317.0,767.0,1413.0,863.0,1266,0,0,1,Biker
33,1317.0,767.0,1413.0,863.0,1267,0,0,1,Biker
33,1314.0,767.0,1410.0,863.0,1268,0,0,1,Biker
33,1311.0,767.0,1408.0,863.0,1269,0,0,1,Biker
33,1311.0,767.0,1408.0,863.0,1270,0,0,1,Biker
33,1309.0,765.0,1405.0,860.0,1271,0,0,1,Biker
33,1306.0,765.0,1402.0,860.0,1272,0,0,1,Biker
33,1303.0,765.0,1399.0,860.0,1273,0,0,1,Biker
33,1303.0,765.0,1399.0,860.0,1274,0,0,1,Biker
33,1300.0,765.0,1397.0,860.0,1275,0,0,1,Biker
33,1298.0,762.0,1394.0,858.0,1276,0,0,1,Biker
33,1298.0,762.0,1394.0,858.0,1277,0,0,1,Biker
33,1295.0,762.0,1391.0,858.0,1278,0,0,1,Biker
33,1292.0,762.0,1388.0,858.0,1279,0,0,1,Biker
33,1292.0,762.0,1388.0,858.0,1280,0,0,0,Biker
33,1289.0,760.0,1386.0,856.0,1281,0,0,1,Biker
33,1287.0,760.0,1383.0,856.0,1282,0,0,1,Biker
33,1287.0,760.0,1383.0,856.0,1283,0,0,1,Biker
33,1284.0,760.0,1380.0,856.0,1284,0,0,1,Biker
33,1281.0,760.0,1377.0,856.0,1285,0,0,1,Biker
33,1281.0,760.0,1377.0,856.0,1286,0,0,1,Biker
33,1278.0,760.0,1375.0,856.0,1287,0,0,1,Biker
33,1276.0,760.0,1372.0,856.0,1288,0,0,1,Biker
33,1276.0,760.0,1372.0,856.0,1289,0,0,1,Biker
33,1273.0,760.0,1369.0,856.0,1290,0,0,1,Biker
33,1270.0,760.0,1366.0,856.0,1291,0,0,1,Biker
33,1270.0,760.0,1366.0,856.0,1292,0,0,1,Biker
33,1267.0,760.0,1364.0,856.0,1293,0,0,1,Biker
33,1265.0,760.0,1361.0,856.0,1294,0,0,1,Biker
33,1265.0,760.0,1361.0,856.0,1295,0,0,1,Biker
33,1262.0,760.0,1358.0,856.0,1296,0,0,1,Biker
33,1259.0,760.0,1355.0,856.0,1297,0,0,1,Biker
33,1259.0,760.0,1355.0,856.0,1298,0,0,1,Biker
33,1256.0,760.0,1353.0,856.0,1299,0,0,1,Biker
33,1256.0,760.0,1353.0,856.0,1300,0,0,0,Biker
33,1254.0,758.0,1350.0,853.0,1301,0,0,1,Biker
33,1251.0,758.0,1347.0,853.0,1302,0,0,1,Biker
33,1248.0,758.0,1344.0,853.0,1303,0,0,1,Biker
33,1245.0,758.0,1342.0,853.0,1304,0,0,1,Biker
33,1245.0,758.0,1342.0,853.0,1305,0,0,1,Biker
33,1243.0,758.0,1339.0,853.0,1306,0,0,1,Biker
33,1240.0,758.0,1336.0,853.0,1307,0,0,1,Biker
33,1237.0,758.0,1333.0,853.0,1308,0,0,1,Biker
33,1237.0,758.0,1333.0,853.0,1309,0,0,1,Biker
33,1234.0,758.0,1331.0,853.0,1310,0,0,1,Biker
33,1232.0,755.0,1328.0,851.0,1311,0,0,1,Biker
33,1229.0,755.0,1325.0,851.0,1312,0,0,1,Biker
33,1229.0,755.0,1325.0,851.0,1313,0,0,1,Biker
33,1226.0,755.0,1322.0,851.0,1314,0,0,1,Biker
33,1223.0,755.0,1320.0,851.0,1315,0,0,1,Biker
33,1221.0,755.0,1317.0,851.0,1316,0,0,1,Biker
33,1218.0,755.0,1314.0,851.0,1317,0,0,1,Biker
33,1218.0,755.0,1314.0,851.0,1318,0,0,1,Biker
33,1215.0,755.0,1311.0,851.0,1319,0,0,1,Biker
33,1212.0,755.0,1309.0,851.0,1320,0,0,1,Biker
33,1210.0,753.0,1306.0,849.0,1321,0,0,1,Biker
33,1210.0,753.0,1306.0,849.0,1322,0,0,1,Biker
33,1207.0,753.0,1303.0,849.0,1323,0,0,1,Biker
33,1204.0,753.0,1300.0,849.0,1324,0,0,1,Biker
33,1201.0,753.0,1298.0,849.0,1325,0,0,1,Biker
33,1201.0,753.0,1298.0,849.0,1326,0,0,1,Biker
33,1199.0,753.0,1295.0,849.0,1327,0,0,1,Biker
33,1196.0,753.0,1292.0,849.0,1328,0,0,1,Biker
33,1193.0,753.0,1289.0,849.0,1329,0,0,1,Biker
33,1193.0,753.0,1289.0,849.0,1330,0,0,0,Biker
33,1190.0,751.0,1287.0,847.0,1331,0,0,1,Biker
33,1188.0,751.0,1284.0,847.0,1332,0,0,1,Biker
33,1188.0,751.0,1284.0,847.0,1333,0,0,1,Biker
33,1185.0,751.0,1281.0,847.0,1334,0,0,1,Biker
33,1182.0,751.0,1278.0,847.0,1335,0,0,1,Biker
33,1182.0,751.0,1278.0,847.0,1336,0,0,1,Biker
33,1179.0,751.0,1276.0,847.0,1337,0,0,1,Biker
33,1177.0,751.0,1273.0,847.0,1338,0,0,1,Biker
33,1177.0,751.0,1273.0,847.0,1339,0,0,1,Biker
33,1174.0,751.0,1270.0,847.0,1340,0,0,1,Biker
33,1171.0,751.0,1267.0,847.0,1341,0,0,1,Biker
33,1171.0,751.0,1267.0,847.0,1342,0,0,1,Biker
33,1168.0,751.0,1265.0,847.0,1343,0,0,1,Biker
33,1166.0,751.0,1262.0,847.0,1344,0,0,1,Biker
33,1166.0,751.0,1262.0,847.0,1345,0,0,1,Biker
33,1163.0,751.0,1259.0,847.0,1346,0,0,1,Biker
33,1160.0,751.0,1256.0,847.0,1347,0,0,1,Biker
33,1160.0,751.0,1256.0,847.0,1348,0,0,1,Biker
33,1157.0,751.0,1254.0,847.0,1349,0,0,1,Biker
33,1155.0,751.0,1251.0,847.0,1350,0,0,1,Biker
33,1155.0,751.0,1251.0,847.0,1351,0,0,1,Biker
33,1152.0,751.0,1248.0,847.0,1352,0,0,1,Biker
33,1149.0,751.0,1245.0,847.0,1353,0,0,1,Biker
33,1149.0,751.0,1245.0,847.0,1354,0,0,1,Biker
33,1146.0,751.0,1243.0,847.0,1355,0,0,1,Biker
33,1144.0,751.0,1240.0,847.0,1356,0,0,1,Biker
33,1144.0,751.0,1240.0,847.0,1357,0,0,1,Biker
33,1141.0,751.0,1237.0,847.0,1358,0,0,1,Biker
33,1138.0,751.0,1234.0,847.0,1359,0,0,1,Biker
33,1138.0,751.0,1234.0,847.0,1360,0,0,0,Biker
33,1135.0,749.0,1232.0,844.0,1361,0,0,1,Biker
33,1133.0,749.0,1229.0,844.0,1362,0,0,1,Biker
33,1130.0,749.0,1226.0,844.0,1363,0,0,1,Biker
33,1130.0,746.0,1226.0,842.0,1364,0,0,1,Biker
33,1127.0,746.0,1223.0,842.0,1365,0,0,1,Biker
33,1124.0,746.0,1221.0,842.0,1366,0,0,1,Biker
33,1124.0,746.0,1221.0,842.0,1367,0,0,1,Biker
33,1122.0,744.0,1218.0,840.0,1368,0,0,1,Biker
33,1119.0,744.0,1215.0,840.0,1369,0,0,1,Biker
33,1119.0,744.0,1215.0,840.0,1370,0,0,1,Biker
33,1116.0,744.0,1212.0,840.0,1371,0,0,1,Biker
33,1113.0,742.0,1210.0,837.0,1372,0,0,1,Biker
33,1111.0,742.0,1207.0,837.0,1373,0,0,1,Biker
33,1111.0,742.0,1207.0,837.0,1374,0,0,1,Biker
33,1108.0,742.0,1204.0,837.0,1375,0,0,1,Biker
33,1105.0,740.0,1201.0,835.0,1376,0,0,1,Biker
33,1105.0,740.0,1201.0,835.0,1377,0,0,1,Biker
33,1102.0,740.0,1199.0,835.0,1378,0,0,1,Biker
33,1100.0,737.0,1196.0,833.0,1379,0,0,1,Biker
33,1100.0,737.0,1196.0,833.0,1380,0,0,1,Biker
33,1097.0,737.0,1193.0,833.0,1381,0,0,1,Biker
33,1094.0,737.0,1190.0,833.0,1382,0,0,1,Biker
33,1091.0,735.0,1188.0,831.0,1383,0,0,1,Biker
33,1091.0,735.0,1188.0,831.0,1384,0,0,1,Biker
33,1089.0,735.0,1185.0,831.0,1385,0,0,1,Biker
33,1086.0,735.0,1182.0,831.0,1386,0,0,1,Biker
33,1086.0,733.0,1182.0,828.0,1387,0,0,1,Biker
33,1083.0,733.0,1179.0,828.0,1388,0,0,1,Biker
33,1080.0,733.0,1177.0,828.0,1389,0,0,1,Biker
33,1080.0,733.0,1177.0,828.0,1390,0,0,0,Biker
33,1078.0,730.0,1174.0,826.0,1391,0,0,1,Biker
33,1075.0,730.0,1171.0,826.0,1392,0,0,1,Biker
33,1072.0,730.0,1168.0,826.0,1393,0,0,1,Biker
33,1072.0,730.0,1168.0,826.0,1394,0,0,1,Biker
33,1069.0,730.0,1166.0,826.0,1395,0,0,1,Biker
33,1067.0,730.0,1163.0,826.0,1396,0,0,1,Biker
33,1067.0,730.0,1163.0,826.0,1397,0,0,1,Biker
33,1064.0,730.0,1160.0,826.0,1398,0,0,1,Biker
33,1061.0,730.0,1157.0,826.0,1399,0,0,1,Biker
33,1061.0,730.0,1157.0,826.0,1400,0,0,1,Biker
33,1058.0,730.0,1155.0,826.0,1401,0,0,1,Biker
33,1056.0,730.0,1152.0,826.0,1402,0,0,1,Biker
33,1053.0,730.0,1149.0,826.0,1403,0,0,1,Biker
33,1053.0,730.0,1149.0,826.0,1404,0,0,1,Biker
33,1050.0,730.0,1146.0,826.0,1405,0,0,1,Biker
33,1047.0,730.0,1144.0,826.0,1406,0,0,1,Biker
33,1047.0,730.0,1144.0,826.0,1407,0,0,1,Biker
33,1045.0,730.0,1141.0,826.0,1408,0,0,1,Biker
33,1042.0,730.0,1138.0,826.0,1409,0,0,1,Biker
33,1042.0,730.0,1138.0,826.0,1410,0,0,0,Biker
33,1039.0,730.0,1135.0,826.0,1411,0,0,1,Biker
33,1039.0,730.0,1135.0,826.0,1412,0,0,1,Biker
33,1036.0,730.0,1133.0,826.0,1413,0,0,1,Biker
33,1036.0,730.0,1133.0,826.0,1414,0,0,1,Biker
33,1034.0,730.0,1130.0,826.0,1415,0,0,1,Biker
33,1034.0,730.0,1130.0,826.0,1416,0,0,1,Biker
33,1031.0,730.0,1127.0,826.0,1417,0,0,1,Biker
33,1031.0,730.0,1127.0,826.0,1418,0,0,1,Biker
33,1028.0,733.0,1124.0,828.0,1419,0,0,1,Biker
33,1028.0,733.0,1124.0,828.0,1420,0,0,1,Biker
33,1025.0,733.0,1122.0,828.0,1421,0,0,1,Biker
33,1025.0,733.0,1122.0,828.0,1422,0,0,1,Biker
33,1023.0,733.0,1119.0,828.0,1423,0,0,1,Biker
33,1023.0,733.0,1119.0,828.0,1424,0,0,1,Biker
33,1020.0,733.0,1116.0,828.0,1425,0,0,1,Biker
33,1020.0,733.0,1116.0,828.0,1426,0,0,1,Biker
33,1020.0,735.0,1116.0,831.0,1427,0,0,0,Biker
33,1014.0,733.0,1111.0,828.0,1428,0,0,1,Biker
33,1009.0,730.0,1105.0,826.0,1429,0,0,1,Biker
33,1003.0,728.0,1100.0,824.0,1430,0,0,0,Biker
33,1001.0,728.0,1097.0,824.0,1431,0,0,1,Biker
33,998.0,728.0,1094.0,824.0,1432,0,0,1,Biker
33,995.0,728.0,1091.0,824.0,1433,0,0,1,Biker
33,992.0,728.0,1089.0,824.0,1434,0,0,1,Biker
33,992.0,728.0,1089.0,824.0,1435,0,0,1,Biker
33,990.0,728.0,1086.0,824.0,1436,0,0,1,Biker
33,987.0,728.0,1083.0,824.0,1437,0,0,1,Biker
33,984.0,728.0,1080.0,824.0,1438,0,0,1,Biker
33,981.0,728.0,1078.0,824.0,1439,0,0,1,Biker
33,981.0,728.0,1078.0,824.0,1440,0,0,1,Biker
33,979.0,728.0,1075.0,824.0,1441,0,0,1,Biker
33,976.0,728.0,1072.0,824.0,1442,0,0,1,Biker
33,973.0,728.0,1069.0,824.0,1443,0,0,1,Biker
33,970.0,728.0,1067.0,824.0,1444,0,0,1,Biker
33,970.0,728.0,1067.0,824.0,1445,0,0,1,Biker
33,968.0,728.0,1064.0,824.0,1446,0,0,1,Biker
33,965.0,728.0,1061.0,824.0,1447,0,0,1,Biker
33,962.0,728.0,1058.0,824.0,1448,0,0,1,Biker
33,959.0,728.0,1056.0,824.0,1449,0,0,1,Biker
33,959.0,728.0,1056.0,824.0,1450,0,0,0,Biker
33,957.0,726.0,1053.0,822.0,1451,0,0,1,Biker
33,954.0,726.0,1050.0,822.0,1452,0,0,1,Biker
33,954.0,726.0,1050.0,822.0,1453,0,0,1,Biker
33,951.0,726.0,1047.0,822.0,1454,0,0,1,Biker
33,951.0,726.0,1047.0,822.0,1455,0,0,1,Biker
33,948.0,726.0,1045.0,822.0,1456,0,0,1,Biker
33,946.0,724.0,1042.0,819.0,1457,0,0,1,Biker
33,946.0,724.0,1042.0,819.0,1458,0,0,1,Biker
33,943.0,724.0,1039.0,819.0,1459,0,0,1,Biker
33,943.0,724.0,1039.0,819.0,1460,0,0,1,Biker
33,940.0,724.0,1036.0,819.0,1461,0,0,1,Biker
33,937.0,724.0,1034.0,819.0,1462,0,0,1,Biker
33,937.0,724.0,1034.0,819.0,1463,0,0,1,Biker
33,935.0,721.0,1031.0,817.0,1464,0,0,1,Biker
33,935.0,721.0,1031.0,817.0,1465,0,0,1,Biker
33,932.0,721.0,1028.0,817.0,1466,0,0,1,Biker
33,929.0,721.0,1025.0,817.0,1467,0,0,1,Biker
33,929.0,721.0,1025.0,817.0,1468,0,0,1,Biker
33,926.0,721.0,1023.0,817.0,1469,0,0,1,Biker
33,926.0,721.0,1023.0,817.0,1470,0,0,0,Biker
33,924.0,719.0,1020.0,815.0,1471,0,0,1,Biker
33,921.0,719.0,1017.0,815.0,1472,0,0,1,Biker
33,921.0,719.0,1017.0,815.0,1473,0,0,1,Biker
33,918.0,719.0,1014.0,815.0,1474,0,0,1,Biker
33,915.0,719.0,1012.0,815.0,1475,0,0,1,Biker
33,915.0,717.0,1012.0,812.0,1476,0,0,1,Biker
33,913.0,717.0,1009.0,812.0,1477,0,0,1,Biker
33,910.0,717.0,1006.0,812.0,1478,0,0,1,Biker
33,910.0,717.0,1006.0,812.0,1479,0,0,1,Biker
33,907.0,717.0,1003.0,812.0,1480,0,0,1,Biker
33,904.0,715.0,1001.0,810.0,1481,0,0,1,Biker
33,904.0,715.0,1001.0,810.0,1482,0,0,1,Biker
33,902.0,715.0,998.0,810.0,1483,0,0,1,Biker
33,899.0,715.0,995.0,810.0,1484,0,0,1,Biker
33,899.0,715.0,995.0,810.0,1485,0,0,1,Biker
33,896.0,712.0,992.0,808.0,1486,0,0,1,Biker
33,893.0,712.0,990.0,808.0,1487,0,0,1,Biker
33,893.0,712.0,990.0,808.0,1488,0,0,1,Biker
33,891.0,712.0,987.0,808.0,1489,0,0,1,Biker
33,891.0,712.0,987.0,808.0,1490,0,0,0,Biker
33,888.0,712.0,984.0,808.0,1491,0,0,1,Biker
33,885.0,712.0,981.0,808.0,1492,0,0,1,Biker
33,882.0,712.0,979.0,808.0,1493,0,0,1,Biker
33,882.0,712.0,979.0,808.0,1494,0,0,1,Biker
33,880.0,712.0,976.0,808.0,1495,0,0,1,Biker
33,877.0,712.0,973.0,808.0,1496,0,0,1,Biker
33,877.0,712.0,973.0,808.0,1497,0,0,1,Biker
33,874.0,712.0,970.0,808.0,1498,0,0,1,Biker
33,871.0,712.0,968.0,808.0,1499,0,0,1,Biker
33,871.0,712.0,968.0,808.0,1500,0,0,1,Biker
33,869.0,712.0,965.0,808.0,1501,0,0,1,Biker
33,866.0,712.0,962.0,808.0,1502,0,0,1,Biker
33,863.0,712.0,959.0,808.0,1503,0,0,1,Biker
33,863.0,712.0,959.0,808.0,1504,0,0,1,Biker
33,860.0,712.0,957.0,808.0,1505,0,0,1,Biker
33,858.0,712.0,954.0,808.0,1506,0,0,1,Biker
33,858.0,712.0,954.0,808.0,1507,0,0,1,Biker
33,855.0,712.0,951.0,808.0,1508,0,0,1,Biker
33,852.0,712.0,948.0,808.0,1509,0,0,1,Biker
33,852.0,715.0,948.0,810.0,1510,0,0,0,Biker
33,849.0,715.0,946.0,810.0,1511,0,0,1,Biker
33,847.0,715.0,943.0,810.0,1512,0,0,1,Biker
33,847.0,715.0,943.0,810.0,1513,0,0,1,Biker
33,844.0,715.0,940.0,810.0,1514,0,0,1,Biker
33,844.0,715.0,940.0,810.0,1515,0,0,1,Biker
33,841.0,715.0,937.0,810.0,1516,0,0,1,Biker
33,838.0,715.0,935.0,810.0,1517,0,0,1,Biker
33,838.0,715.0,935.0,810.0,1518,0,0,1,Biker
33,836.0,715.0,932.0,810.0,1519,0,0,1,Biker
33,836.0,717.0,932.0,812.0,1520,0,0,0,Biker
33,833.0,717.0,929.0,812.0,1521,0,0,1,Biker
33,830.0,717.0,926.0,812.0,1522,0,0,1,Biker
33,827.0,717.0,924.0,812.0,1523,0,0,1,Biker
33,827.0,717.0,924.0,812.0,1524,0,0,1,Biker
33,825.0,717.0,921.0,812.0,1525,0,0,1,Biker
33,822.0,717.0,918.0,812.0,1526,0,0,1,Biker
33,819.0,717.0,915.0,812.0,1527,0,0,1,Biker
33,819.0,717.0,915.0,812.0,1528,0,0,1,Biker
33,816.0,717.0,913.0,812.0,1529,0,0,1,Biker
33,814.0,717.0,910.0,812.0,1530,0,0,1,Biker
33,814.0,717.0,910.0,812.0,1531,0,0,0,Biker
34,379.0,31.0,508.0,100.0,6000,1,0,0,Pedestrian
34,376.0,29.0,506.0,97.0,6001,1,0,1,Pedestrian
34,376.0,29.0,506.0,97.0,6002,1,0,1,Pedestrian
34,376.0,29.0,506.0,97.0,6003,1,0,1,Pedestrian
34,376.0,29.0,506.0,97.0,6004,1,0,1,Pedestrian
34,376.0,29.0,506.0,97.0,6005,1,0,1,Pedestrian
34,376.0,29.0,506.0,97.0,6006,1,0,1,Pedestrian
34,376.0,29.0,506.0,97.0,6007,1,0,1,Pedestrian
34,376.0,29.0,506.0,97.0,6008,1,0,1,Pedestrian
34,376.0,29.0,506.0,95.0,6009,1,0,1,Pedestrian
34,376.0,27.0,506.0,95.0,6010,1,0,1,Pedestrian
34,376.0,27.0,506.0,95.0,6011,1,0,1,Pedestrian
34,374.0,27.0,503.0,95.0,6012,1,0,1,Pedestrian
34,374.0,27.0,503.0,95.0,6013,1,0,1,Pedestrian
34,374.0,27.0,503.0,95.0,6014,1,0,1,Pedestrian
34,374.0,27.0,503.0,95.0,6015,1,0,1,Pedestrian
34,374.0,27.0,503.0,95.0,6016,1,0,1,Pedestrian
34,374.0,27.0,503.0,95.0,6017,1,0,1,Pedestrian
34,374.0,27.0,503.0,93.0,6018,1,0,1,Pedestrian
34,374.0,25.0,503.0,93.0,6019,1,0,1,Pedestrian
34,374.0,25.0,503.0,93.0,6020,1,0,1,Pedestrian
34,374.0,25.0,503.0,93.0,6021,1,0,1,Pedestrian
34,374.0,25.0,503.0,93.0,6022,1,0,1,Pedestrian
34,371.0,25.0,500.0,93.0,6023,1,0,1,Pedestrian
34,371.0,25.0,500.0,93.0,6024,1,0,1,Pedestrian
34,371.0,25.0,500.0,93.0,6025,1,0,1,Pedestrian
34,371.0,25.0,500.0,93.0,6026,1,0,1,Pedestrian
34,371.0,25.0,500.0,91.0,6027,1,0,1,Pedestrian
34,371.0,25.0,500.0,91.0,6028,1,0,1,Pedestrian
34,371.0,22.0,500.0,91.0,6029,1,0,1,Pedestrian
34,371.0,22.0,500.0,91.0,6030,1,0,1,Pedestrian
34,371.0,22.0,500.0,91.0,6031,1,0,1,Pedestrian
34,371.0,22.0,500.0,91.0,6032,1,0,1,Pedestrian
34,371.0,22.0,500.0,91.0,6033,1,0,1,Pedestrian
34,368.0,22.0,497.0,91.0,6034,1,0,1,Pedestrian
34,368.0,22.0,497.0,91.0,6035,1,0,1,Pedestrian
34,368.0,22.0,497.0,88.0,6036,1,0,1,Pedestrian
34,368.0,22.0,497.0,88.0,6037,1,0,1,Pedestrian
34,368.0,20.0,497.0,88.0,6038,1,0,1,Pedestrian
34,368.0,20.0,497.0,88.0,6039,1,0,1,Pedestrian
34,368.0,20.0,497.0,88.0,6040,1,0,1,Pedestrian
34,368.0,20.0,497.0,88.0,6041,1,0,1,Pedestrian
34,368.0,20.0,497.0,88.0,6042,1,0,1,Pedestrian
34,368.0,20.0,497.0,88.0,6043,1,0,1,Pedestrian
34,368.0,20.0,497.0,88.0,6044,1,0,1,Pedestrian
34,365.0,20.0,495.0,86.0,6045,1,0,1,Pedestrian
34,365.0,20.0,495.0,86.0,6046,1,0,1,Pedestrian
34,365.0,20.0,495.0,86.0,6047,1,0,1,Pedestrian
34,365.0,18.0,495.0,86.0,6048,1,0,1,Pedestrian
34,365.0,18.0,495.0,86.0,6049,1,0,1,Pedestrian
34,365.0,18.0,495.0,86.0,6050,1,0,1,Pedestrian
34,365.0,18.0,495.0,86.0,6051,1,0,1,Pedestrian
34,365.0,18.0,495.0,86.0,6052,1,0,1,Pedestrian
34,365.0,18.0,495.0,84.0,6053,1,0,1,Pedestrian
34,365.0,18.0,495.0,84.0,6054,1,0,1,Pedestrian
34,365.0,18.0,495.0,84.0,6055,1,0,1,Pedestrian
34,363.0,18.0,492.0,84.0,6056,1,0,1,Pedestrian
34,363.0,15.0,492.0,84.0,6057,1,0,1,Pedestrian
34,363.0,15.0,492.0,84.0,6058,1,0,1,Pedestrian
34,363.0,15.0,492.0,84.0,6059,1,0,1,Pedestrian
34,363.0,15.0,492.0,84.0,6060,1,0,1,Pedestrian
34,363.0,15.0,492.0,84.0,6061,1,0,1,Pedestrian
34,363.0,15.0,492.0,81.0,6062,1,0,1,Pedestrian
34,363.0,15.0,492.0,81.0,6063,1,0,1,Pedestrian
34,363.0,15.0,492.0,81.0,6064,1,0,1,Pedestrian
34,363.0,15.0,492.0,81.0,6065,1,0,1,Pedestrian
34,363.0,15.0,492.0,81.0,6066,1,0,1,Pedestrian
34,360.0,13.0,489.0,81.0,6067,1,0,1,Pedestrian
34,360.0,13.0,489.0,81.0,6068,1,0,1,Pedestrian
34,360.0,13.0,489.0,81.0,6069,1,0,1,Pedestrian
34,360.0,13.0,489.0,81.0,6070,1,0,1,Pedestrian
34,360.0,13.0,489.0,79.0,6071,1,0,1,Pedestrian
34,360.0,13.0,489.0,79.0,6072,1,0,1,Pedestrian
34,360.0,13.0,489.0,79.0,6073,1,0,1,Pedestrian
34,360.0,13.0,489.0,79.0,6074,1,0,1,Pedestrian
34,360.0,13.0,489.0,79.0,6075,1,0,1,Pedestrian
34,360.0,11.0,489.0,79.0,6076,1,0,1,Pedestrian
34,360.0,11.0,489.0,79.0,6077,1,0,1,Pedestrian
34,357.0,11.0,486.0,79.0,6078,1,0,1,Pedestrian
34,357.0,11.0,486.0,79.0,6079,1,0,1,Pedestrian
34,357.0,11.0,486.0,77.0,6080,1,0,1,Pedestrian
34,357.0,11.0,486.0,77.0,6081,1,0,1,Pedestrian
34,357.0,11.0,486.0,77.0,6082,1,0,1,Pedestrian
34,357.0,11.0,486.0,77.0,6083,1,0,1,Pedestrian
34,357.0,11.0,486.0,77.0,6084,1,0,1,Pedestrian
34,357.0,9.0,486.0,77.0,6085,1,0,1,Pedestrian
34,357.0,9.0,486.0,77.0,6086,1,0,1,Pedestrian
34,357.0,9.0,486.0,77.0,6087,1,0,1,Pedestrian
34,357.0,9.0,486.0,77.0,6088,1,0,1,Pedestrian
34,354.0,9.0,484.0,75.0,6089,1,0,1,Pedestrian
34,354.0,9.0,484.0,75.0,6090,1,0,1,Pedestrian
34,354.0,9.0,484.0,75.0,6091,1,0,1,Pedestrian
34,354.0,9.0,484.0,75.0,6092,1,0,1,Pedestrian
34,354.0,9.0,484.0,75.0,6093,1,0,1,Pedestrian
34,354.0,9.0,484.0,75.0,6094,1,0,1,Pedestrian
34,354.0,6.0,484.0,75.0,6095,1,0,1,Pedestrian
34,354.0,6.0,484.0,75.0,6096,1,0,1,Pedestrian
34,354.0,6.0,484.0,72.0,6097,1,0,1,Pedestrian
34,354.0,6.0,484.0,72.0,6098,1,0,1,Pedestrian
34,354.0,6.0,484.0,72.0,6099,1,0,1,Pedestrian
34,352.0,6.0,481.0,72.0,6100,1,0,1,Pedestrian
34,352.0,6.0,481.0,72.0,6101,1,0,1,Pedestrian
34,352.0,6.0,481.0,72.0,6102,1,0,1,Pedestrian
34,352.0,6.0,481.0,72.0,6103,1,0,1,Pedestrian
34,352.0,4.0,481.0,72.0,6104,1,0,1,Pedestrian
34,352.0,4.0,481.0,72.0,6105,1,0,1,Pedestrian
34,352.0,4.0,481.0,70.0,6106,1,0,1,Pedestrian
34,352.0,4.0,481.0,70.0,6107,1,0,1,Pedestrian
34,352.0,4.0,481.0,70.0,6108,1,0,1,Pedestrian
34,352.0,4.0,481.0,70.0,6109,1,0,1,Pedestrian
34,352.0,4.0,481.0,70.0,6110,1,0,1,Pedestrian
34,349.0,4.0,478.0,70.0,6111,1,0,1,Pedestrian
34,349.0,4.0,478.0,70.0,6112,1,0,1,Pedestrian
34,349.0,4.0,478.0,70.0,6113,1,0,1,Pedestrian
34,349.0,2.0,478.0,70.0,6114,1,0,1,Pedestrian
34,349.0,2.0,478.0,68.0,6115,1,0,1,Pedestrian
34,349.0,2.0,478.0,68.0,6116,1,0,1,Pedestrian
34,349.0,2.0,478.0,68.0,6117,1,0,1,Pedestrian
34,349.0,2.0,478.0,68.0,6118,1,0,1,Pedestrian
34,349.0,2.0,478.0,68.0,6119,1,0,1,Pedestrian
34,349.0,2.0,478.0,68.0,6120,1,0,1,Pedestrian
34,349.0,2.0,478.0,68.0,6121,1,0,1,Pedestrian
34,346.0,2.0,475.0,68.0,6122,1,0,1,Pedestrian
34,346.0,0.0,475.0,68.0,6123,1,0,1,Pedestrian
34,346.0,0.0,475.0,66.0,6124,1,0,1,Pedestrian
34,346.0,0.0,475.0,66.0,6125,1,0,1,Pedestrian
34,346.0,0.0,475.0,66.0,6126,1,0,1,Pedestrian
34,346.0,0.0,475.0,66.0,6127,1,0,1,Pedestrian
34,346.0,0.0,475.0,66.0,6128,1,0,1,Pedestrian
34,346.0,0.0,475.0,66.0,6129,1,0,1,Pedestrian
34,346.0,0.0,475.0,66.0,6130,1,0,1,Pedestrian
34,346.0,0.0,475.0,66.0,6131,1,0,1,Pedestrian
34,346.0,0.0,475.0,66.0,6132,0,0,0,Pedestrian
34,343.0,0.0,473.0,68.0,6133,0,0,1,Pedestrian
34,343.0,0.0,470.0,70.0,6134,0,0,1,Pedestrian
34,341.0,0.0,470.0,72.0,6135,0,0,1,Pedestrian
34,341.0,0.0,467.0,77.0,6136,0,0,1,Pedestrian
34,338.0,0.0,467.0,79.0,6137,0,0,1,Pedestrian
34,338.0,0.0,464.0,81.0,6138,0,0,1,Pedestrian
34,338.0,0.0,464.0,86.0,6139,0,0,0,Pedestrian
34,338.0,0.0,464.0,84.0,6140,0,0,1,Pedestrian
34,338.0,0.0,464.0,84.0,6141,0,0,1,Pedestrian
34,338.0,0.0,464.0,84.0,6142,0,0,1,Pedestrian
34,338.0,0.0,464.0,84.0,6143,0,0,1,Pedestrian
34,338.0,0.0,464.0,84.0,6144,0,0,1,Pedestrian
34,338.0,0.0,464.0,81.0,6145,0,0,1,Pedestrian
34,338.0,0.0,464.0,81.0,6146,0,0,1,Pedestrian
34,338.0,0.0,464.0,81.0,6147,0,0,1,Pedestrian
34,338.0,0.0,464.0,81.0,6148,0,0,1,Pedestrian
34,338.0,0.0,464.0,81.0,6149,0,0,0,Pedestrian
34,338.0,0.0,464.0,79.0,6150,0,0,1,Pedestrian
34,338.0,0.0,464.0,79.0,6151,0,0,1,Pedestrian
34,338.0,0.0,467.0,79.0,6152,0,0,1,Pedestrian
34,341.0,0.0,467.0,79.0,6153,0,0,1,Pedestrian
34,341.0,0.0,470.0,79.0,6154,0,0,1,Pedestrian
34,341.0,0.0,470.0,77.0,6155,0,0,1,Pedestrian
34,343.0,0.0,470.0,77.0,6156,0,0,1,Pedestrian
34,343.0,0.0,473.0,77.0,6157,0,0,1,Pedestrian
34,343.0,0.0,473.0,77.0,6158,0,0,1,Pedestrian
34,346.0,0.0,475.0,77.0,6159,0,0,0,Pedestrian
34,346.0,0.0,475.0,77.0,6160,0,0,1,Pedestrian
34,349.0,2.0,478.0,77.0,6161,0,0,1,Pedestrian
34,349.0,2.0,478.0,79.0,6162,0,0,1,Pedestrian
34,352.0,4.0,481.0,79.0,6163,0,0,1,Pedestrian
34,354.0,4.0,484.0,81.0,6164,0,0,1,Pedestrian
34,354.0,6.0,484.0,81.0,6165,0,0,1,Pedestrian
34,357.0,6.0,486.0,81.0,6166,0,0,1,Pedestrian
34,357.0,9.0,486.0,84.0,6167,0,0,1,Pedestrian
34,360.0,9.0,489.0,84.0,6168,0,0,1,Pedestrian
34,363.0,11.0,492.0,86.0,6169,0,0,0,Pedestrian
34,363.0,11.0,492.0,86.0,6170,0,0,1,Pedestrian
34,363.0,11.0,492.0,86.0,6171,0,0,1,Pedestrian
34,363.0,13.0,492.0,86.0,6172,0,0,1,Pedestrian
34,365.0,13.0,495.0,88.0,6173,0,0,1,Pedestrian
34,365.0,15.0,495.0,88.0,6174,0,0,1,Pedestrian
34,365.0,15.0,495.0,88.0,6175,0,0,1,Pedestrian
34,365.0,15.0,495.0,88.0,6176,0,0,1,Pedestrian
34,368.0,18.0,497.0,91.0,6177,0,0,1,Pedestrian
34,368.0,18.0,497.0,91.0,6178,0,0,1,Pedestrian
34,368.0,20.0,497.0,91.0,6179,0,0,1,Pedestrian
34,371.0,20.0,500.0,93.0,6180,0,0,1,Pedestrian
34,371.0,20.0,500.0,93.0,6181,0,0,1,Pedestrian
34,371.0,22.0,500.0,93.0,6182,0,0,1,Pedestrian
34,371.0,22.0,500.0,93.0,6183,0,0,1,Pedestrian
34,374.0,25.0,503.0,95.0,6184,0,0,1,Pedestrian
34,374.0,25.0,503.0,95.0,6185,0,0,1,Pedestrian
34,374.0,25.0,503.0,95.0,6186,0,0,1,Pedestrian
34,374.0,27.0,503.0,95.0,6187,0,0,1,Pedestrian
34,376.0,27.0,506.0,97.0,6188,0,0,1,Pedestrian
34,376.0,29.0,506.0,97.0,6189,0,0,1,Pedestrian
34,376.0,29.0,506.0,97.0,6190,0,0,1,Pedestrian
34,379.0,31.0,508.0,100.0,6191,0,0,0,Pedestrian
34,376.0,31.0,506.0,100.0,6192,0,0,1,Pedestrian
34,376.0,34.0,506.0,102.0,6193,0,0,1,Pedestrian
34,376.0,34.0,506.0,102.0,6194,0,0,1,Pedestrian
34,376.0,36.0,506.0,104.0,6195,0,0,1,Pedestrian
34,376.0,38.0,506.0,107.0,6196,0,0,1,Pedestrian
34,376.0,38.0,506.0,107.0,6197,0,0,1,Pedestrian
34,376.0,40.0,506.0,109.0,6198,0,0,1,Pedestrian
34,374.0,43.0,503.0,111.0,6199,0,0,1,Pedestrian
34,374.0,43.0,503.0,111.0,6200,0,0,1,Pedestrian
34,374.0,45.0,503.0,113.0,6201,0,0,1,Pedestrian
34,374.0,47.0,503.0,116.0,6202,0,0,1,Pedestrian
34,374.0,47.0,503.0,116.0,6203,0,0,1,Pedestrian
34,374.0,50.0,503.0,118.0,6204,0,0,1,Pedestrian
34,374.0,52.0,503.0,120.0,6205,0,0,1,Pedestrian
34,371.0,52.0,500.0,120.0,6206,0,0,1,Pedestrian
34,371.0,54.0,500.0,122.0,6207,0,0,1,Pedestrian
34,371.0,56.0,500.0,125.0,6208,0,0,1,Pedestrian
34,371.0,56.0,500.0,125.0,6209,0,0,1,Pedestrian
34,371.0,59.0,500.0,127.0,6210,0,0,1,Pedestrian
34,371.0,61.0,500.0,129.0,6211,0,0,1,Pedestrian
34,371.0,61.0,500.0,129.0,6212,0,0,1,Pedestrian
34,371.0,63.0,500.0,132.0,6213,0,0,1,Pedestrian
34,368.0,63.0,497.0,132.0,6214,0,0,1,Pedestrian
34,368.0,66.0,497.0,134.0,6215,0,0,1,Pedestrian
34,368.0,68.0,497.0,136.0,6216,0,0,1,Pedestrian
34,368.0,68.0,497.0,136.0,6217,0,0,1,Pedestrian
34,368.0,70.0,497.0,138.0,6218,0,0,1,Pedestrian
34,368.0,72.0,497.0,141.0,6219,0,0,1,Pedestrian
34,368.0,72.0,497.0,141.0,6220,0,0,1,Pedestrian
34,365.0,75.0,495.0,143.0,6221,0,0,1,Pedestrian
34,365.0,77.0,495.0,145.0,6222,0,0,1,Pedestrian
34,365.0,77.0,495.0,145.0,6223,0,0,1,Pedestrian
34,365.0,79.0,495.0,148.0,6224,0,0,1,Pedestrian
34,365.0,81.0,495.0,150.0,6225,0,0,1,Pedestrian
34,365.0,81.0,495.0,150.0,6226,0,0,1,Pedestrian
34,365.0,84.0,495.0,152.0,6227,0,0,1,Pedestrian
34,363.0,86.0,492.0,154.0,6228,0,0,1,Pedestrian
34,363.0,86.0,492.0,154.0,6229,0,0,1,Pedestrian
34,363.0,88.0,492.0,157.0,6230,0,0,1,Pedestrian
34,363.0,91.0,492.0,159.0,6231,0,0,1,Pedestrian
34,363.0,91.0,492.0,159.0,6232,0,0,1,Pedestrian
34,363.0,93.0,492.0,161.0,6233,0,0,1,Pedestrian
34,363.0,93.0,492.0,161.0,6234,0,0,1,Pedestrian
34,363.0,95.0,492.0,163.0,6235,0,0,1,Pedestrian
34,360.0,97.0,489.0,166.0,6236,0,0,1,Pedestrian
34,360.0,97.0,489.0,166.0,6237,0,0,1,Pedestrian
34,360.0,100.0,489.0,168.0,6238,0,0,1,Pedestrian
34,360.0,102.0,489.0,170.0,6239,0,0,1,Pedestrian
34,360.0,102.0,489.0,170.0,6240,0,0,1,Pedestrian
34,360.0,104.0,489.0,173.0,6241,0,0,1,Pedestrian
34,360.0,107.0,489.0,175.0,6242,0,0,1,Pedestrian
34,357.0,107.0,486.0,175.0,6243,0,0,1,Pedestrian
34,357.0,109.0,486.0,177.0,6244,0,0,1,Pedestrian
34,357.0,111.0,486.0,179.0,6245,0,0,1,Pedestrian
34,357.0,111.0,486.0,179.0,6246,0,0,1,Pedestrian
34,357.0,113.0,486.0,182.0,6247,0,0,1,Pedestrian
34,357.0,116.0,486.0,184.0,6248,0,0,1,Pedestrian
34,357.0,116.0,486.0,184.0,6249,0,0,1,Pedestrian
34,354.0,118.0,484.0,186.0,6250,0,0,1,Pedestrian
34,354.0,120.0,484.0,188.0,6251,0,0,1,Pedestrian
34,354.0,120.0,484.0,188.0,6252,0,0,1,Pedestrian
34,354.0,122.0,484.0,191.0,6253,0,0,1,Pedestrian
34,354.0,122.0,484.0,191.0,6254,0,0,1,Pedestrian
34,354.0,125.0,484.0,193.0,6255,0,0,1,Pedestrian
34,354.0,127.0,484.0,195.0,6256,0,0,1,Pedestrian
34,354.0,127.0,484.0,195.0,6257,0,0,1,Pedestrian
34,352.0,129.0,481.0,198.0,6258,0,0,1,Pedestrian
34,352.0,132.0,481.0,200.0,6259,0,0,1,Pedestrian
34,352.0,132.0,481.0,200.0,6260,0,0,1,Pedestrian
34,352.0,134.0,481.0,202.0,6261,0,0,1,Pedestrian
34,352.0,136.0,481.0,204.0,6262,0,0,1,Pedestrian
34,352.0,136.0,481.0,204.0,6263,0,0,1,Pedestrian
34,352.0,138.0,481.0,207.0,6264,0,0,1,Pedestrian
34,349.0,141.0,478.0,209.0,6265,0,0,1,Pedestrian
34,349.0,141.0,478.0,209.0,6266,0,0,1,Pedestrian
34,349.0,143.0,478.0,211.0,6267,0,0,1,Pedestrian
34,349.0,145.0,478.0,214.0,6268,0,0,1,Pedestrian
34,349.0,145.0,478.0,214.0,6269,0,0,1,Pedestrian
34,349.0,148.0,478.0,216.0,6270,0,0,1,Pedestrian
34,349.0,150.0,478.0,218.0,6271,0,0,1,Pedestrian
34,346.0,150.0,475.0,218.0,6272,0,0,1,Pedestrian
34,346.0,152.0,475.0,220.0,6273,0,0,1,Pedestrian
34,346.0,152.0,475.0,220.0,6274,0,0,1,Pedestrian
34,346.0,154.0,475.0,223.0,6275,0,0,1,Pedestrian
34,346.0,157.0,475.0,225.0,6276,0,0,1,Pedestrian
34,346.0,157.0,475.0,225.0,6277,0,0,1,Pedestrian
34,346.0,159.0,475.0,227.0,6278,0,0,1,Pedestrian
34,346.0,161.0,475.0,229.0,6279,0,0,1,Pedestrian
34,343.0,161.0,473.0,229.0,6280,0,0,1,Pedestrian
34,343.0,163.0,473.0,232.0,6281,0,0,1,Pedestrian
34,343.0,166.0,473.0,234.0,6282,0,0,1,Pedestrian
34,343.0,166.0,473.0,234.0,6283,0,0,1,Pedestrian
34,343.0,168.0,473.0,236.0,6284,0,0,1,Pedestrian
34,343.0,170.0,473.0,239.0,6285,0,0,1,Pedestrian
34,343.0,170.0,473.0,239.0,6286,0,0,1,Pedestrian
34,341.0,173.0,470.0,241.0,6287,0,0,1,Pedestrian
34,341.0,175.0,470.0,243.0,6288,0,0,1,Pedestrian
34,341.0,175.0,470.0,243.0,6289,0,0,1,Pedestrian
34,341.0,177.0,470.0,245.0,6290,0,0,1,Pedestrian
34,341.0,179.0,470.0,248.0,6291,0,0,1,Pedestrian
34,341.0,179.0,470.0,248.0,6292,0,0,1,Pedestrian
34,341.0,182.0,470.0,250.0,6293,0,0,1,Pedestrian
34,341.0,184.0,470.0,252.0,6294,0,0,1,Pedestrian
34,338.0,184.0,467.0,252.0,6295,0,0,1,Pedestrian
34,338.0,186.0,467.0,255.0,6296,0,0,1,Pedestrian
34,338.0,186.0,467.0,255.0,6297,0,0,1,Pedestrian
34,338.0,188.0,467.0,257.0,6298,0,0,1,Pedestrian
34,338.0,191.0,467.0,259.0,6299,0,0,1,Pedestrian
34,338.0,191.0,467.0,259.0,6300,0,0,1,Pedestrian
34,338.0,193.0,467.0,261.0,6301,0,0,1,Pedestrian
34,335.0,195.0,464.0,264.0,6302,0,0,1,Pedestrian
34,335.0,195.0,464.0,264.0,6303,0,0,1,Pedestrian
34,335.0,198.0,464.0,266.0,6304,0,0,1,Pedestrian
34,335.0,200.0,464.0,268.0,6305,0,0,1,Pedestrian
34,335.0,200.0,464.0,268.0,6306,0,0,1,Pedestrian
34,335.0,202.0,464.0,270.0,6307,0,0,1,Pedestrian
34,335.0,204.0,464.0,273.0,6308,0,0,1,Pedestrian
34,332.0,204.0,462.0,273.0,6309,0,0,1,Pedestrian
34,332.0,207.0,462.0,275.0,6310,0,0,1,Pedestrian
34,332.0,209.0,462.0,277.0,6311,0,0,1,Pedestrian
34,332.0,209.0,462.0,277.0,6312,0,0,1,Pedestrian
34,332.0,211.0,462.0,280.0,6313,0,0,1,Pedestrian
34,332.0,214.0,462.0,282.0,6314,0,0,1,Pedestrian
34,332.0,214.0,462.0,282.0,6315,0,0,1,Pedestrian
34,332.0,216.0,462.0,284.0,6316,0,0,1,Pedestrian
34,330.0,216.0,459.0,284.0,6317,0,0,1,Pedestrian
34,330.0,218.0,459.0,286.0,6318,0,0,1,Pedestrian
34,330.0,220.0,459.0,289.0,6319,0,0,1,Pedestrian
34,330.0,220.0,459.0,289.0,6320,0,0,1,Pedestrian
34,330.0,223.0,459.0,291.0,6321,0,0,1,Pedestrian
34,330.0,225.0,459.0,293.0,6322,0,0,1,Pedestrian
34,330.0,225.0,459.0,293.0,6323,0,0,1,Pedestrian
34,327.0,227.0,456.0,296.0,6324,0,0,1,Pedestrian
34,327.0,229.0,456.0,298.0,6325,0,0,1,Pedestrian
34,327.0,229.0,456.0,298.0,6326,0,0,1,Pedestrian
34,327.0,232.0,456.0,300.0,6327,0,0,1,Pedestrian
34,327.0,234.0,456.0,302.0,6328,0,0,1,Pedestrian
34,327.0,234.0,456.0,302.0,6329,0,0,1,Pedestrian
34,327.0,236.0,456.0,305.0,6330,0,0,1,Pedestrian
34,324.0,239.0,453.0,307.0,6331,0,0,1,Pedestrian
34,324.0,239.0,453.0,307.0,6332,0,0,1,Pedestrian
34,324.0,241.0,453.0,309.0,6333,0,0,1,Pedestrian
34,324.0,243.0,453.0,311.0,6334,0,0,1,Pedestrian
34,324.0,243.0,453.0,311.0,6335,0,0,1,Pedestrian
34,324.0,245.0,453.0,314.0,6336,0,0,1,Pedestrian
34,324.0,245.0,453.0,314.0,6337,0,0,1,Pedestrian
34,324.0,248.0,453.0,316.0,6338,0,0,1,Pedestrian
34,321.0,250.0,451.0,318.0,6339,0,0,1,Pedestrian
34,321.0,250.0,451.0,318.0,6340,0,0,1,Pedestrian
34,321.0,252.0,451.0,321.0,6341,0,0,1,Pedestrian
34,321.0,255.0,451.0,323.0,6342,0,0,1,Pedestrian
34,321.0,255.0,451.0,323.0,6343,0,0,1,Pedestrian
34,321.0,257.0,451.0,325.0,6344,0,0,1,Pedestrian
34,321.0,259.0,451.0,327.0,6345,0,0,1,Pedestrian
34,319.0,259.0,448.0,327.0,6346,0,0,1,Pedestrian
34,319.0,261.0,448.0,330.0,6347,0,0,1,Pedestrian
34,319.0,264.0,448.0,332.0,6348,0,0,1,Pedestrian
34,319.0,264.0,448.0,332.0,6349,0,0,1,Pedestrian
34,319.0,266.0,448.0,334.0,6350,0,0,1,Pedestrian
34,319.0,268.0,448.0,337.0,6351,0,0,1,Pedestrian
34,319.0,268.0,448.0,337.0,6352,0,0,1,Pedestrian
34,316.0,270.0,445.0,339.0,6353,0,0,1,Pedestrian
34,316.0,273.0,445.0,341.0,6354,0,0,1,Pedestrian
34,316.0,273.0,445.0,341.0,6355,0,0,1,Pedestrian
34,316.0,275.0,445.0,343.0,6356,0,0,1,Pedestrian
34,316.0,275.0,445.0,343.0,6357,0,0,1,Pedestrian
34,316.0,277.0,445.0,346.0,6358,0,0,1,Pedestrian
34,316.0,280.0,445.0,348.0,6359,0,0,1,Pedestrian
34,316.0,280.0,445.0,348.0,6360,0,0,1,Pedestrian
34,313.0,282.0,442.0,350.0,6361,0,0,1,Pedestrian
34,313.0,284.0,442.0,352.0,6362,0,0,1,Pedestrian
34,313.0,284.0,442.0,352.0,6363,0,0,1,Pedestrian
34,313.0,286.0,442.0,355.0,6364,0,0,1,Pedestrian
34,313.0,289.0,442.0,357.0,6365,0,0,1,Pedestrian
34,313.0,289.0,442.0,357.0,6366,0,0,1,Pedestrian
34,313.0,291.0,442.0,359.0,6367,0,0,1,Pedestrian
34,310.0,293.0,440.0,362.0,6368,0,0,1,Pedestrian
34,310.0,293.0,440.0,362.0,6369,0,0,1,Pedestrian
34,310.0,296.0,440.0,364.0,6370,0,0,1,Pedestrian
34,310.0,298.0,440.0,366.0,6371,0,0,1,Pedestrian
34,310.0,298.0,440.0,366.0,6372,0,0,1,Pedestrian
34,310.0,300.0,440.0,368.0,6373,0,0,1,Pedestrian
34,310.0,302.0,440.0,371.0,6374,0,0,1,Pedestrian
34,308.0,302.0,437.0,371.0,6375,0,0,1,Pedestrian
34,308.0,305.0,437.0,373.0,6376,0,0,1,Pedestrian
34,308.0,305.0,437.0,373.0,6377,0,0,1,Pedestrian
34,308.0,307.0,437.0,375.0,6378,0,0,1,Pedestrian
34,308.0,309.0,437.0,377.0,6379,0,0,1,Pedestrian
34,308.0,309.0,437.0,377.0,6380,0,0,1,Pedestrian
34,308.0,311.0,437.0,380.0,6381,0,0,1,Pedestrian
34,308.0,314.0,437.0,382.0,6382,0,0,1,Pedestrian
34,305.0,314.0,434.0,382.0,6383,0,0,1,Pedestrian
34,305.0,316.0,434.0,384.0,6384,0,0,1,Pedestrian
34,305.0,318.0,434.0,387.0,6385,0,0,1,Pedestrian
34,305.0,318.0,434.0,387.0,6386,0,0,1,Pedestrian
34,305.0,321.0,434.0,389.0,6387,0,0,1,Pedestrian
34,305.0,323.0,434.0,391.0,6388,0,0,1,Pedestrian
34,305.0,323.0,434.0,391.0,6389,0,0,1,Pedestrian
34,302.0,325.0,431.0,393.0,6390,0,0,1,Pedestrian
34,302.0,327.0,431.0,396.0,6391,0,0,1,Pedestrian
34,302.0,327.0,431.0,396.0,6392,0,0,1,Pedestrian
34,302.0,330.0,431.0,398.0,6393,0,0,1,Pedestrian
34,302.0,332.0,431.0,400.0,6394,0,0,1,Pedestrian
34,302.0,332.0,431.0,400.0,6395,0,0,1,Pedestrian
34,302.0,334.0,431.0,403.0,6396,0,0,1,Pedestrian
34,302.0,337.0,431.0,405.0,6397,0,0,1,Pedestrian
34,299.0,337.0,429.0,405.0,6398,0,0,1,Pedestrian
34,299.0,339.0,429.0,407.0,6399,0,0,1,Pedestrian
34,299.0,339.0,429.0,407.0,6400,0,0,1,Pedestrian
34,299.0,341.0,429.0,409.0,6401,0,0,1,Pedestrian
34,299.0,343.0,429.0,412.0,6402,0,0,1,Pedestrian
34,299.0,343.0,429.0,412.0,6403,0,0,1,Pedestrian
34,299.0,346.0,429.0,414.0,6404,0,0,1,Pedestrian
34,297.0,348.0,426.0,416.0,6405,0,0,1,Pedestrian
34,297.0,348.0,426.0,416.0,6406,0,0,1,Pedestrian
34,297.0,350.0,426.0,418.0,6407,0,0,1,Pedestrian
34,297.0,352.0,426.0,421.0,6408,0,0,1,Pedestrian
34,297.0,352.0,426.0,421.0,6409,0,0,1,Pedestrian
34,297.0,355.0,426.0,423.0,6410,0,0,1,Pedestrian
34,297.0,357.0,426.0,425.0,6411,0,0,1,Pedestrian
34,294.0,357.0,423.0,425.0,6412,0,0,1,Pedestrian
34,294.0,359.0,423.0,428.0,6413,0,0,1,Pedestrian
34,294.0,362.0,423.0,430.0,6414,0,0,1,Pedestrian
34,294.0,362.0,423.0,430.0,6415,0,0,1,Pedestrian
34,294.0,364.0,423.0,432.0,6416,0,0,1,Pedestrian
34,294.0,366.0,423.0,434.0,6417,0,0,1,Pedestrian
34,294.0,366.0,423.0,434.0,6418,0,0,1,Pedestrian
34,294.0,368.0,423.0,437.0,6419,0,0,1,Pedestrian
34,291.0,368.0,420.0,437.0,6420,0,0,1,Pedestrian
34,291.0,371.0,420.0,439.0,6421,0,0,1,Pedestrian
34,291.0,373.0,420.0,441.0,6422,0,0,1,Pedestrian
34,291.0,373.0,420.0,441.0,6423,0,0,1,Pedestrian
34,291.0,375.0,420.0,444.0,6424,0,0,1,Pedestrian
34,291.0,377.0,420.0,446.0,6425,0,0,1,Pedestrian
34,291.0,377.0,420.0,446.0,6426,0,0,1,Pedestrian
34,288.0,380.0,418.0,448.0,6427,0,0,1,Pedestrian
34,288.0,382.0,418.0,450.0,6428,0,0,1,Pedestrian
34,288.0,382.0,418.0,450.0,6429,0,0,1,Pedestrian
34,288.0,384.0,418.0,453.0,6430,0,0,1,Pedestrian
34,288.0,387.0,418.0,455.0,6431,0,0,1,Pedestrian
34,288.0,387.0,418.0,455.0,6432,0,0,1,Pedestrian
34,288.0,389.0,418.0,457.0,6433,0,0,1,Pedestrian
34,286.0,391.0,415.0,459.0,6434,0,0,1,Pedestrian
34,286.0,391.0,415.0,459.0,6435,0,0,1,Pedestrian
34,286.0,393.0,415.0,462.0,6436,0,0,1,Pedestrian
34,286.0,396.0,415.0,464.0,6437,0,0,1,Pedestrian
34,286.0,396.0,415.0,464.0,6438,0,0,1,Pedestrian
34,286.0,398.0,415.0,466.0,6439,0,0,1,Pedestrian
34,286.0,398.0,415.0,466.0,6440,0,0,1,Pedestrian
34,286.0,400.0,415.0,469.0,6441,0,0,1,Pedestrian
34,283.0,403.0,412.0,471.0,6442,0,0,1,Pedestrian
34,283.0,403.0,412.0,471.0,6443,0,0,1,Pedestrian
34,283.0,405.0,412.0,473.0,6444,0,0,1,Pedestrian
34,283.0,407.0,412.0,475.0,6445,0,0,1,Pedestrian
34,283.0,407.0,412.0,475.0,6446,0,0,1,Pedestrian
34,283.0,409.0,412.0,478.0,6447,0,0,1,Pedestrian
34,283.0,412.0,412.0,480.0,6448,0,0,1,Pedestrian
34,280.0,412.0,409.0,480.0,6449,0,0,1,Pedestrian
34,280.0,414.0,409.0,482.0,6450,0,0,1,Pedestrian
34,280.0,416.0,409.0,485.0,6451,0,0,1,Pedestrian
34,280.0,416.0,409.0,485.0,6452,0,0,1,Pedestrian
34,280.0,418.0,409.0,487.0,6453,0,0,1,Pedestrian
34,280.0,421.0,409.0,489.0,6454,0,0,1,Pedestrian
34,280.0,421.0,409.0,489.0,6455,0,0,1,Pedestrian
34,277.0,423.0,407.0,491.0,6456,0,0,1,Pedestrian
34,277.0,425.0,407.0,494.0,6457,0,0,1,Pedestrian
34,277.0,425.0,407.0,494.0,6458,0,0,1,Pedestrian
34,277.0,428.0,407.0,496.0,6459,0,0,1,Pedestrian
34,277.0,428.0,407.0,496.0,6460,0,0,1,Pedestrian
34,277.0,430.0,407.0,498.0,6461,0,0,1,Pedestrian
34,277.0,432.0,407.0,500.0,6462,0,0,1,Pedestrian
34,277.0,432.0,407.0,500.0,6463,0,0,1,Pedestrian
34,275.0,434.0,404.0,503.0,6464,0,0,1,Pedestrian
34,275.0,437.0,404.0,505.0,6465,0,0,1,Pedestrian
34,275.0,437.0,404.0,505.0,6466,0,0,1,Pedestrian
34,275.0,439.0,404.0,507.0,6467,0,0,1,Pedestrian
34,275.0,441.0,404.0,510.0,6468,0,0,1,Pedestrian
34,275.0,441.0,404.0,510.0,6469,0,0,1,Pedestrian
34,275.0,444.0,404.0,512.0,6470,0,0,1,Pedestrian
34,272.0,446.0,401.0,514.0,6471,0,0,1,Pedestrian
34,272.0,446.0,401.0,514.0,6472,0,0,1,Pedestrian
34,272.0,448.0,401.0,516.0,6473,0,0,1,Pedestrian
34,272.0,450.0,401.0,519.0,6474,0,0,1,Pedestrian
34,272.0,450.0,401.0,519.0,6475,0,0,1,Pedestrian
34,272.0,453.0,401.0,521.0,6476,0,0,1,Pedestrian
34,272.0,455.0,401.0,523.0,6477,0,0,1,Pedestrian
34,269.0,455.0,398.0,523.0,6478,0,0,1,Pedestrian
34,269.0,457.0,398.0,526.0,6479,0,0,1,Pedestrian
34,269.0,457.0,398.0,526.0,6480,0,0,1,Pedestrian
34,269.0,459.0,398.0,528.0,6481,0,0,1,Pedestrian
34,269.0,462.0,398.0,530.0,6482,0,0,1,Pedestrian
34,269.0,462.0,398.0,530.0,6483,0,0,1,Pedestrian
34,269.0,464.0,398.0,532.0,6484,0,0,1,Pedestrian
34,269.0,466.0,398.0,535.0,6485,0,0,1,Pedestrian
34,266.0,466.0,396.0,535.0,6486,0,0,1,Pedestrian
34,266.0,469.0,396.0,537.0,6487,0,0,1,Pedestrian
34,266.0,471.0,396.0,539.0,6488,0,0,1,Pedestrian
34,266.0,471.0,396.0,539.0,6489,0,0,1,Pedestrian
34,266.0,473.0,396.0,541.0,6490,0,0,1,Pedestrian
34,266.0,475.0,396.0,544.0,6491,0,0,1,Pedestrian
34,266.0,475.0,396.0,544.0,6492,0,0,1,Pedestrian
34,264.0,478.0,393.0,546.0,6493,0,0,1,Pedestrian
34,264.0,480.0,393.0,548.0,6494,0,0,1,Pedestrian
34,264.0,480.0,393.0,548.0,6495,0,0,1,Pedestrian
34,264.0,482.0,393.0,551.0,6496,0,0,1,Pedestrian
34,264.0,485.0,393.0,553.0,6497,0,0,1,Pedestrian
34,264.0,485.0,393.0,553.0,6498,0,0,1,Pedestrian
34,264.0,487.0,393.0,555.0,6499,0,0,1,Pedestrian
34,264.0,489.0,393.0,557.0,6500,0,0,0,Pedestrian
34,261.0,489.0,390.0,557.0,6501,0,0,1,Pedestrian
34,261.0,491.0,390.0,560.0,6502,0,0,1,Pedestrian
34,261.0,491.0,387.0,560.0,6503,0,0,1,Pedestrian
34,261.0,494.0,387.0,562.0,6504,0,0,1,Pedestrian
34,261.0,496.0,385.0,562.0,6505,0,0,1,Pedestrian
34,258.0,496.0,385.0,564.0,6506,0,0,1,Pedestrian
34,258.0,498.0,382.0,564.0,6507,0,0,1,Pedestrian
34,258.0,500.0,382.0,566.0,6508,0,0,1,Pedestrian
34,258.0,500.0,382.0,569.0,6509,0,0,1,Pedestrian
34,258.0,503.0,379.0,569.0,6510,0,0,1,Pedestrian
34,255.0,503.0,379.0,571.0,6511,0,0,1,Pedestrian
34,255.0,505.0,376.0,571.0,6512,0,0,1,Pedestrian
34,255.0,507.0,376.0,573.0,6513,0,0,1,Pedestrian
34,255.0,507.0,374.0,573.0,6514,0,0,1,Pedestrian
34,255.0,510.0,374.0,576.0,6515,0,0,1,Pedestrian
34,255.0,512.0,374.0,578.0,6516,0,0,1,Pedestrian
34,253.0,512.0,371.0,578.0,6517,0,0,1,Pedestrian
34,253.0,514.0,371.0,580.0,6518,0,0,1,Pedestrian
34,253.0,516.0,368.0,580.0,6519,0,0,1,Pedestrian
34,253.0,516.0,368.0,582.0,6520,0,0,1,Pedestrian
34,253.0,519.0,365.0,582.0,6521,0,0,1,Pedestrian
34,250.0,519.0,365.0,585.0,6522,0,0,1,Pedestrian
34,250.0,521.0,365.0,587.0,6523,0,0,1,Pedestrian
34,250.0,523.0,363.0,587.0,6524,0,0,1,Pedestrian
34,250.0,523.0,363.0,589.0,6525,0,0,1,Pedestrian
34,250.0,526.0,360.0,589.0,6526,0,0,1,Pedestrian
34,247.0,528.0,360.0,592.0,6527,0,0,1,Pedestrian
34,247.0,528.0,357.0,592.0,6528,0,0,1,Pedestrian
34,247.0,530.0,357.0,594.0,6529,0,0,1,Pedestrian
34,247.0,532.0,357.0,596.0,6530,0,0,1,Pedestrian
34,247.0,532.0,354.0,596.0,6531,0,0,1,Pedestrian
34,247.0,535.0,354.0,598.0,6532,0,0,1,Pedestrian
34,244.0,535.0,352.0,598.0,6533,0,0,1,Pedestrian
34,244.0,537.0,352.0,601.0,6534,0,0,1,Pedestrian
34,244.0,539.0,349.0,601.0,6535,0,0,1,Pedestrian
34,244.0,539.0,349.0,603.0,6536,0,0,1,Pedestrian
34,244.0,541.0,349.0,605.0,6537,0,0,1,Pedestrian
34,242.0,544.0,346.0,605.0,6538,0,0,1,Pedestrian
34,242.0,544.0,346.0,607.0,6539,0,0,1,Pedestrian
34,242.0,546.0,343.0,607.0,6540,0,0,1,Pedestrian
34,242.0,548.0,343.0,610.0,6541,0,0,1,Pedestrian
34,242.0,548.0,341.0,610.0,6542,0,0,1,Pedestrian
34,239.0,551.0,341.0,612.0,6543,0,0,1,Pedestrian
34,239.0,551.0,341.0,614.0,6544,0,0,1,Pedestrian
34,239.0,553.0,338.0,614.0,6545,0,0,1,Pedestrian
34,239.0,555.0,338.0,617.0,6546,0,0,1,Pedestrian
34,239.0,555.0,335.0,617.0,6547,0,0,1,Pedestrian
34,239.0,557.0,335.0,619.0,6548,0,0,1,Pedestrian
34,236.0,560.0,332.0,619.0,6549,0,0,1,Pedestrian
34,236.0,560.0,332.0,621.0,6550,0,0,1,Pedestrian
34,236.0,562.0,332.0,623.0,6551,0,0,1,Pedestrian
34,236.0,564.0,330.0,623.0,6552,0,0,1,Pedestrian
34,236.0,564.0,330.0,626.0,6553,0,0,1,Pedestrian
34,233.0,566.0,327.0,626.0,6554,0,0,1,Pedestrian
34,233.0,566.0,327.0,628.0,6555,0,0,1,Pedestrian
34,233.0,569.0,324.0,628.0,6556,0,0,1,Pedestrian
34,233.0,571.0,324.0,630.0,6557,0,0,1,Pedestrian
34,233.0,571.0,324.0,633.0,6558,0,0,1,Pedestrian
34,231.0,573.0,321.0,633.0,6559,0,0,1,Pedestrian
34,231.0,576.0,321.0,635.0,6560,0,0,1,Pedestrian
34,231.0,576.0,319.0,635.0,6561,0,0,1,Pedestrian
34,231.0,578.0,319.0,637.0,6562,0,0,1,Pedestrian
34,231.0,580.0,316.0,637.0,6563,0,0,1,Pedestrian
34,231.0,580.0,316.0,639.0,6564,0,0,1,Pedestrian
34,228.0,582.0,316.0,642.0,6565,0,0,1,Pedestrian
34,228.0,582.0,313.0,642.0,6566,0,0,1,Pedestrian
34,228.0,585.0,313.0,644.0,6567,0,0,1,Pedestrian
34,228.0,587.0,310.0,644.0,6568,0,0,1,Pedestrian
34,228.0,587.0,310.0,646.0,6569,0,0,1,Pedestrian
34,225.0,589.0,308.0,646.0,6570,0,0,1,Pedestrian
34,225.0,592.0,308.0,648.0,6571,0,0,1,Pedestrian
34,225.0,592.0,308.0,651.0,6572,0,0,1,Pedestrian
34,225.0,594.0,305.0,651.0,6573,0,0,1,Pedestrian
34,225.0,596.0,305.0,653.0,6574,0,0,1,Pedestrian
34,222.0,596.0,302.0,653.0,6575,0,0,1,Pedestrian
34,222.0,598.0,302.0,655.0,6576,0,0,1,Pedestrian
34,222.0,598.0,299.0,655.0,6577,0,0,1,Pedestrian
34,222.0,601.0,299.0,658.0,6578,0,0,1,Pedestrian
34,222.0,603.0,299.0,660.0,6579,0,0,1,Pedestrian
34,222.0,603.0,297.0,660.0,6580,0,0,1,Pedestrian
34,220.0,605.0,297.0,662.0,6581,0,0,1,Pedestrian
34,220.0,607.0,294.0,662.0,6582,0,0,1,Pedestrian
34,220.0,607.0,294.0,664.0,6583,0,0,1,Pedestrian
34,220.0,610.0,291.0,664.0,6584,0,0,1,Pedestrian
34,220.0,612.0,291.0,667.0,6585,0,0,1,Pedestrian
34,217.0,612.0,291.0,669.0,6586,0,0,1,Pedestrian
34,217.0,614.0,288.0,669.0,6587,0,0,1,Pedestrian
34,217.0,614.0,288.0,671.0,6588,0,0,1,Pedestrian
34,217.0,617.0,286.0,671.0,6589,0,0,1,Pedestrian
34,217.0,619.0,286.0,674.0,6590,0,0,1,Pedestrian
34,214.0,619.0,283.0,674.0,6591,0,0,1,Pedestrian
34,214.0,621.0,283.0,676.0,6592,0,0,1,Pedestrian
34,214.0,623.0,283.0,678.0,6593,0,0,1,Pedestrian
34,214.0,623.0,280.0,678.0,6594,0,0,1,Pedestrian
34,214.0,626.0,280.0,680.0,6595,0,0,1,Pedestrian
34,214.0,628.0,277.0,680.0,6596,0,0,1,Pedestrian
34,211.0,628.0,277.0,683.0,6597,0,0,1,Pedestrian
34,211.0,630.0,275.0,683.0,6598,0,0,1,Pedestrian
34,211.0,630.0,275.0,685.0,6599,0,0,1,Pedestrian
34,211.0,633.0,275.0,687.0,6600,0,0,1,Pedestrian
34,211.0,635.0,272.0,687.0,6601,0,0,1,Pedestrian
34,209.0,635.0,272.0,689.0,6602,0,0,1,Pedestrian
34,209.0,637.0,269.0,689.0,6603,0,0,1,Pedestrian
34,209.0,639.0,269.0,692.0,6604,0,0,1,Pedestrian
34,209.0,639.0,266.0,692.0,6605,0,0,1,Pedestrian
34,209.0,642.0,266.0,694.0,6606,0,0,1,Pedestrian
34,209.0,644.0,266.0,696.0,6607,0,0,0,Pedestrian
34,206.0,644.0,264.0,696.0,6608,0,0,1,Pedestrian
34,206.0,644.0,264.0,696.0,6609,0,0,1,Pedestrian
34,203.0,646.0,261.0,699.0,6610,0,0,1,Pedestrian
34,203.0,646.0,261.0,699.0,6611,0,0,1,Pedestrian
34,203.0,648.0,261.0,701.0,6612,0,0,1,Pedestrian
34,200.0,648.0,258.0,701.0,6613,0,0,1,Pedestrian
34,200.0,651.0,258.0,703.0,6614,0,0,1,Pedestrian
34,200.0,651.0,258.0,703.0,6615,0,0,1,Pedestrian
34,198.0,651.0,255.0,703.0,6616,0,0,1,Pedestrian
34,198.0,653.0,255.0,705.0,6617,0,0,1,Pedestrian
34,198.0,653.0,255.0,705.0,6618,0,0,1,Pedestrian
34,195.0,655.0,253.0,708.0,6619,0,0,1,Pedestrian
34,195.0,655.0,253.0,708.0,6620,0,0,1,Pedestrian
34,195.0,658.0,253.0,710.0,6621,0,0,1,Pedestrian
34,192.0,658.0,250.0,710.0,6622,0,0,1,Pedestrian
34,192.0,658.0,250.0,710.0,6623,0,0,1,Pedestrian
34,192.0,660.0,250.0,712.0,6624,0,0,1,Pedestrian
34,189.0,660.0,247.0,712.0,6625,0,0,1,Pedestrian
34,189.0,662.0,247.0,715.0,6626,0,0,1,Pedestrian
34,187.0,662.0,244.0,715.0,6627,0,0,1,Pedestrian
34,187.0,664.0,244.0,717.0,6628,0,0,1,Pedestrian
34,187.0,664.0,244.0,717.0,6629,0,0,1,Pedestrian
34,184.0,667.0,242.0,719.0,6630,0,0,1,Pedestrian
34,184.0,667.0,242.0,719.0,6631,0,0,1,Pedestrian
34,184.0,667.0,242.0,719.0,6632,0,0,1,Pedestrian
34,181.0,669.0,239.0,721.0,6633,0,0,1,Pedestrian
34,181.0,669.0,239.0,721.0,6634,0,0,1,Pedestrian
34,181.0,671.0,239.0,724.0,6635,0,0,1,Pedestrian
34,178.0,671.0,236.0,724.0,6636,0,0,1,Pedestrian
34,178.0,674.0,236.0,726.0,6637,0,0,1,Pedestrian
34,178.0,674.0,236.0,726.0,6638,0,0,1,Pedestrian
34,176.0,674.0,233.0,726.0,6639,0,0,1,Pedestrian
34,176.0,676.0,233.0,728.0,6640,0,0,1,Pedestrian
34,176.0,676.0,233.0,728.0,6641,0,0,1,Pedestrian
34,173.0,678.0,231.0,730.0,6642,0,0,1,Pedestrian
34,173.0,678.0,231.0,730.0,6643,0,0,1,Pedestrian
34,173.0,680.0,231.0,733.0,6644,0,0,1,Pedestrian
34,170.0,680.0,228.0,733.0,6645,0,0,1,Pedestrian
34,170.0,680.0,228.0,733.0,6646,0,0,1,Pedestrian
34,167.0,683.0,225.0,735.0,6647,0,0,1,Pedestrian
34,167.0,683.0,225.0,735.0,6648,0,0,1,Pedestrian
34,167.0,685.0,225.0,737.0,6649,0,0,1,Pedestrian
34,165.0,685.0,222.0,737.0,6650,0,0,1,Pedestrian
34,165.0,687.0,222.0,740.0,6651,0,0,1,Pedestrian
34,165.0,687.0,222.0,740.0,6652,0,0,1,Pedestrian
34,162.0,689.0,220.0,742.0,6653,0,0,1,Pedestrian
34,162.0,689.0,220.0,742.0,6654,0,0,1,Pedestrian
34,162.0,689.0,220.0,742.0,6655,0,0,1,Pedestrian
34,159.0,692.0,217.0,744.0,6656,0,0,1,Pedestrian
34,159.0,692.0,217.0,744.0,6657,0,0,1,Pedestrian
34,159.0,694.0,217.0,746.0,6658,0,0,1,Pedestrian
34,156.0,694.0,214.0,746.0,6659,0,0,1,Pedestrian
34,156.0,696.0,214.0,749.0,6660,0,0,1,Pedestrian
34,156.0,696.0,214.0,749.0,6661,0,0,1,Pedestrian
34,154.0,696.0,211.0,749.0,6662,0,0,1,Pedestrian
34,154.0,699.0,211.0,751.0,6663,0,0,1,Pedestrian
34,151.0,699.0,209.0,751.0,6664,0,0,1,Pedestrian
34,151.0,701.0,209.0,753.0,6665,0,0,1,Pedestrian
34,151.0,701.0,209.0,753.0,6666,0,0,1,Pedestrian
34,148.0,703.0,206.0,755.0,6667,0,0,1,Pedestrian
34,148.0,703.0,206.0,755.0,6668,0,0,1,Pedestrian
34,148.0,703.0,206.0,755.0,6669,0,0,1,Pedestrian
34,145.0,705.0,203.0,758.0,6670,0,0,1,Pedestrian
34,145.0,705.0,203.0,758.0,6671,0,0,1,Pedestrian
34,145.0,708.0,203.0,760.0,6672,0,0,1,Pedestrian
34,143.0,708.0,200.0,760.0,6673,0,0,1,Pedestrian
34,143.0,710.0,200.0,762.0,6674,0,0,1,Pedestrian
34,143.0,710.0,200.0,762.0,6675,0,0,1,Pedestrian
34,140.0,712.0,198.0,765.0,6676,0,0,1,Pedestrian
34,140.0,712.0,198.0,765.0,6677,0,0,1,Pedestrian
34,140.0,712.0,198.0,765.0,6678,0,0,1,Pedestrian
34,137.0,715.0,195.0,767.0,6679,0,0,1,Pedestrian
34,137.0,715.0,195.0,767.0,6680,0,0,1,Pedestrian
34,137.0,717.0,195.0,769.0,6681,0,0,1,Pedestrian
34,134.0,717.0,192.0,769.0,6682,0,0,1,Pedestrian
34,134.0,719.0,192.0,771.0,6683,0,0,1,Pedestrian
34,132.0,719.0,189.0,771.0,6684,0,0,1,Pedestrian
34,132.0,719.0,189.0,771.0,6685,0,0,1,Pedestrian
34,132.0,721.0,189.0,774.0,6686,0,0,1,Pedestrian
34,129.0,721.0,187.0,774.0,6687,0,0,1,Pedestrian
34,129.0,724.0,187.0,776.0,6688,0,0,1,Pedestrian
34,129.0,724.0,187.0,776.0,6689,0,0,1,Pedestrian
34,126.0,726.0,184.0,778.0,6690,0,0,1,Pedestrian
34,126.0,726.0,184.0,778.0,6691,0,0,1,Pedestrian
34,126.0,726.0,184.0,778.0,6692,0,0,1,Pedestrian
34,123.0,728.0,181.0,781.0,6693,0,0,1,Pedestrian
34,123.0,728.0,181.0,781.0,6694,0,0,1,Pedestrian
34,123.0,730.0,181.0,783.0,6695,0,0,1,Pedestrian
34,121.0,730.0,178.0,783.0,6696,0,0,1,Pedestrian
34,121.0,733.0,178.0,785.0,6697,0,0,1,Pedestrian
34,121.0,733.0,178.0,785.0,6698,0,0,1,Pedestrian
34,118.0,735.0,176.0,787.0,6699,0,0,1,Pedestrian
34,118.0,735.0,176.0,787.0,6700,0,0,1,Pedestrian
34,115.0,735.0,173.0,787.0,6701,0,0,1,Pedestrian
34,115.0,737.0,173.0,790.0,6702,0,0,1,Pedestrian
34,115.0,737.0,173.0,790.0,6703,0,0,1,Pedestrian
34,112.0,740.0,170.0,792.0,6704,0,0,1,Pedestrian
34,112.0,740.0,170.0,792.0,6705,0,0,1,Pedestrian
34,112.0,742.0,170.0,794.0,6706,0,0,1,Pedestrian
34,110.0,742.0,167.0,794.0,6707,0,0,1,Pedestrian
34,110.0,742.0,167.0,794.0,6708,0,0,1,Pedestrian
34,110.0,744.0,167.0,796.0,6709,0,0,1,Pedestrian
34,107.0,744.0,165.0,796.0,6710,0,0,1,Pedestrian
34,107.0,746.0,165.0,799.0,6711,0,0,1,Pedestrian
34,107.0,746.0,165.0,799.0,6712,0,0,1,Pedestrian
34,104.0,749.0,162.0,801.0,6713,0,0,1,Pedestrian
34,104.0,749.0,162.0,801.0,6714,0,0,1,Pedestrian
34,104.0,749.0,162.0,801.0,6715,0,0,1,Pedestrian
34,101.0,751.0,159.0,803.0,6716,0,0,1,Pedestrian
34,101.0,751.0,159.0,803.0,6717,0,0,1,Pedestrian
34,101.0,753.0,159.0,806.0,6718,0,0,1,Pedestrian
34,99.0,753.0,156.0,806.0,6719,0,0,1,Pedestrian
34,99.0,755.0,156.0,808.0,6720,0,0,1,Pedestrian
34,96.0,755.0,154.0,808.0,6721,0,0,1,Pedestrian
34,96.0,758.0,154.0,810.0,6722,0,0,1,Pedestrian
34,96.0,758.0,154.0,810.0,6723,0,0,1,Pedestrian
34,93.0,758.0,151.0,810.0,6724,0,0,1,Pedestrian
34,93.0,760.0,151.0,812.0,6725,0,0,1,Pedestrian
34,93.0,760.0,151.0,812.0,6726,0,0,1,Pedestrian
34,90.0,762.0,148.0,815.0,6727,0,0,1,Pedestrian
34,90.0,762.0,148.0,815.0,6728,0,0,1,Pedestrian
34,90.0,765.0,148.0,817.0,6729,0,0,1,Pedestrian
34,88.0,765.0,145.0,817.0,6730,0,0,1,Pedestrian
34,88.0,765.0,145.0,817.0,6731,0,0,1,Pedestrian
34,88.0,767.0,145.0,819.0,6732,0,0,1,Pedestrian
34,85.0,767.0,143.0,819.0,6733,0,0,1,Pedestrian
34,85.0,769.0,143.0,822.0,6734,0,0,1,Pedestrian
34,85.0,769.0,143.0,822.0,6735,0,0,1,Pedestrian
34,82.0,771.0,140.0,824.0,6736,0,0,1,Pedestrian
34,82.0,771.0,140.0,824.0,6737,0,0,1,Pedestrian
34,82.0,774.0,140.0,826.0,6738,0,0,0,Pedestrian
34,79.0,774.0,137.0,826.0,6739,0,0,1,Pedestrian
34,79.0,776.0,137.0,828.0,6740,0,0,1,Pedestrian
34,79.0,776.0,137.0,828.0,6741,0,0,1,Pedestrian
34,79.0,778.0,137.0,831.0,6742,0,0,1,Pedestrian
34,77.0,781.0,134.0,833.0,6743,0,0,1,Pedestrian
34,77.0,781.0,134.0,833.0,6744,0,0,1,Pedestrian
34,77.0,783.0,134.0,835.0,6745,0,0,1,Pedestrian
34,77.0,785.0,134.0,837.0,6746,0,0,1,Pedestrian
34,74.0,785.0,132.0,837.0,6747,0,0,1,Pedestrian
34,74.0,787.0,132.0,840.0,6748,0,0,1,Pedestrian
34,74.0,790.0,132.0,842.0,6749,0,0,1,Pedestrian
34,74.0,790.0,132.0,842.0,6750,0,0,1,Pedestrian
34,74.0,792.0,132.0,844.0,6751,0,0,1,Pedestrian
34,71.0,794.0,129.0,847.0,6752,0,0,1,Pedestrian
34,71.0,794.0,129.0,847.0,6753,0,0,1,Pedestrian
34,71.0,796.0,129.0,849.0,6754,0,0,1,Pedestrian
34,71.0,796.0,129.0,849.0,6755,0,0,1,Pedestrian
34,68.0,799.0,126.0,851.0,6756,0,0,1,Pedestrian
34,68.0,801.0,126.0,853.0,6757,0,0,1,Pedestrian
34,68.0,801.0,126.0,853.0,6758,0,0,1,Pedestrian
34,68.0,803.0,126.0,856.0,6759,0,0,1,Pedestrian
34,66.0,806.0,123.0,858.0,6760,0,0,1,Pedestrian
34,66.0,806.0,123.0,858.0,6761,0,0,1,Pedestrian
34,66.0,808.0,123.0,860.0,6762,0,0,1,Pedestrian
34,66.0,810.0,123.0,863.0,6763,0,0,1,Pedestrian
34,66.0,810.0,123.0,863.0,6764,0,0,1,Pedestrian
34,63.0,812.0,121.0,865.0,6765,0,0,1,Pedestrian
34,63.0,815.0,121.0,867.0,6766,0,0,1,Pedestrian
34,63.0,815.0,121.0,867.0,6767,0,0,1,Pedestrian
34,63.0,817.0,121.0,869.0,6768,0,0,1,Pedestrian
34,60.0,817.0,118.0,869.0,6769,0,0,1,Pedestrian
34,60.0,819.0,118.0,872.0,6770,0,0,1,Pedestrian
34,60.0,822.0,118.0,874.0,6771,0,0,1,Pedestrian
34,60.0,822.0,118.0,874.0,6772,0,0,1,Pedestrian
34,57.0,824.0,115.0,876.0,6773,0,0,1,Pedestrian
34,57.0,826.0,115.0,878.0,6774,0,0,1,Pedestrian
34,57.0,826.0,115.0,878.0,6775,0,0,1,Pedestrian
34,57.0,828.0,115.0,881.0,6776,0,0,1,Pedestrian
34,57.0,831.0,115.0,883.0,6777,0,0,1,Pedestrian
34,55.0,831.0,112.0,883.0,6778,0,0,1,Pedestrian
34,55.0,833.0,112.0,885.0,6779,0,0,1,Pedestrian
34,55.0,835.0,112.0,888.0,6780,0,0,1,Pedestrian
34,55.0,835.0,112.0,888.0,6781,0,0,1,Pedestrian
34,52.0,837.0,110.0,890.0,6782,0,0,1,Pedestrian
34,52.0,837.0,110.0,890.0,6783,0,0,1,Pedestrian
34,52.0,840.0,110.0,892.0,6784,0,0,1,Pedestrian
34,52.0,842.0,110.0,894.0,6785,0,0,1,Pedestrian
34,49.0,842.0,107.0,894.0,6786,0,0,1,Pedestrian
34,49.0,844.0,107.0,897.0,6787,0,0,1,Pedestrian
34,49.0,847.0,107.0,899.0,6788,0,0,1,Pedestrian
34,49.0,847.0,107.0,899.0,6789,0,0,1,Pedestrian
34,49.0,849.0,107.0,901.0,6790,0,0,1,Pedestrian
34,46.0,851.0,104.0,904.0,6791,0,0,1,Pedestrian
34,46.0,851.0,104.0,904.0,6792,0,0,1,Pedestrian
34,46.0,853.0,104.0,906.0,6793,0,0,1,Pedestrian
34,46.0,856.0,104.0,908.0,6794,0,0,1,Pedestrian
34,44.0,856.0,101.0,908.0,6795,0,0,1,Pedestrian
34,44.0,858.0,101.0,910.0,6796,0,0,1,Pedestrian
34,44.0,858.0,101.0,910.0,6797,0,0,1,Pedestrian
34,44.0,860.0,101.0,913.0,6798,0,0,1,Pedestrian
34,41.0,863.0,99.0,915.0,6799,0,0,1,Pedestrian
34,41.0,863.0,99.0,915.0,6800,0,0,1,Pedestrian
34,41.0,865.0,99.0,917.0,6801,0,0,1,Pedestrian
34,41.0,867.0,99.0,919.0,6802,0,0,1,Pedestrian
34,41.0,867.0,99.0,919.0,6803,0,0,1,Pedestrian
34,38.0,869.0,96.0,922.0,6804,0,0,1,Pedestrian
34,38.0,872.0,96.0,924.0,6805,0,0,1,Pedestrian
34,38.0,872.0,96.0,924.0,6806,0,0,1,Pedestrian
34,38.0,874.0,96.0,926.0,6807,0,0,1,Pedestrian
34,35.0,876.0,93.0,929.0,6808,0,0,1,Pedestrian
34,35.0,876.0,93.0,929.0,6809,0,0,1,Pedestrian
34,35.0,878.0,93.0,931.0,6810,0,0,1,Pedestrian
34,35.0,878.0,93.0,931.0,6811,0,0,1,Pedestrian
34,33.0,881.0,90.0,933.0,6812,0,0,1,Pedestrian
34,33.0,883.0,90.0,935.0,6813,0,0,1,Pedestrian
34,33.0,883.0,90.0,935.0,6814,0,0,1,Pedestrian
34,33.0,885.0,90.0,938.0,6815,0,0,1,Pedestrian
34,33.0,888.0,90.0,940.0,6816,0,0,1,Pedestrian
34,30.0,888.0,88.0,940.0,6817,0,0,1,Pedestrian
34,30.0,890.0,88.0,942.0,6818,0,0,1,Pedestrian
34,30.0,892.0,88.0,944.0,6819,0,0,1,Pedestrian
34,30.0,892.0,88.0,944.0,6820,0,0,1,Pedestrian
34,27.0,894.0,85.0,947.0,6821,0,0,1,Pedestrian
34,27.0,897.0,85.0,949.0,6822,0,0,1,Pedestrian
34,27.0,897.0,85.0,949.0,6823,0,0,1,Pedestrian
34,27.0,899.0,85.0,951.0,6824,0,0,1,Pedestrian
34,27.0,901.0,85.0,954.0,6825,0,0,0,Pedestrian
34,24.0,901.0,82.0,954.0,6826,0,0,1,Pedestrian
34,24.0,904.0,82.0,956.0,6827,0,0,1,Pedestrian
34,24.0,904.0,82.0,956.0,6828,0,0,1,Pedestrian
34,24.0,906.0,82.0,958.0,6829,0,0,1,Pedestrian
34,24.0,906.0,79.0,958.0,6830,0,0,1,Pedestrian
34,24.0,908.0,79.0,960.0,6831,0,0,1,Pedestrian
34,24.0,908.0,79.0,960.0,6832,0,0,1,Pedestrian
34,22.0,910.0,79.0,963.0,6833,0,0,1,Pedestrian
34,22.0,913.0,77.0,965.0,6834,0,0,1,Pedestrian
34,22.0,913.0,77.0,965.0,6835,0,0,1,Pedestrian
34,22.0,915.0,77.0,967.0,6836,0,0,1,Pedestrian
34,22.0,915.0,77.0,967.0,6837,0,0,1,Pedestrian
34,22.0,917.0,74.0,970.0,6838,0,0,1,Pedestrian
34,22.0,917.0,74.0,970.0,6839,0,0,1,Pedestrian
34,22.0,919.0,74.0,972.0,6840,0,0,1,Pedestrian
34,19.0,922.0,74.0,974.0,6841,0,0,1,Pedestrian
34,19.0,922.0,71.0,974.0,6842,0,0,1,Pedestrian
34,19.0,924.0,71.0,976.0,6843,0,0,1,Pedestrian
34,19.0,924.0,71.0,976.0,6844,0,0,1,Pedestrian
34,19.0,926.0,71.0,979.0,6845,0,0,1,Pedestrian
34,19.0,926.0,68.0,979.0,6846,0,0,1,Pedestrian
34,19.0,929.0,68.0,981.0,6847,0,0,1,Pedestrian
34,16.0,931.0,68.0,983.0,6848,0,0,1,Pedestrian
34,16.0,931.0,68.0,983.0,6849,0,0,1,Pedestrian
34,16.0,933.0,66.0,985.0,6850,0,0,1,Pedestrian
34,16.0,933.0,66.0,985.0,6851,0,0,1,Pedestrian
34,16.0,935.0,66.0,988.0,6852,0,0,1,Pedestrian
34,16.0,935.0,66.0,988.0,6853,0,0,1,Pedestrian
34,16.0,938.0,63.0,990.0,6854,0,0,1,Pedestrian
34,16.0,938.0,63.0,990.0,6855,0,0,1,Pedestrian
34,13.0,940.0,63.0,992.0,6856,0,0,1,Pedestrian
34,13.0,942.0,63.0,995.0,6857,0,0,1,Pedestrian
34,13.0,942.0,60.0,995.0,6858,0,0,1,Pedestrian
34,13.0,944.0,60.0,997.0,6859,0,0,1,Pedestrian
34,13.0,944.0,60.0,997.0,6860,0,0,1,Pedestrian
34,13.0,947.0,60.0,999.0,6861,0,0,1,Pedestrian
34,13.0,947.0,57.0,999.0,6862,0,0,1,Pedestrian
34,13.0,949.0,57.0,1001.0,6863,0,0,1,Pedestrian
34,11.0,951.0,57.0,1004.0,6864,0,0,1,Pedestrian
34,11.0,951.0,57.0,1004.0,6865,0,0,1,Pedestrian
34,11.0,954.0,55.0,1006.0,6866,0,0,1,Pedestrian
34,11.0,954.0,55.0,1006.0,6867,0,0,1,Pedestrian
34,11.0,956.0,55.0,1008.0,6868,0,0,1,Pedestrian
34,11.0,956.0,55.0,1008.0,6869,0,0,1,Pedestrian
34,11.0,958.0,52.0,1011.0,6870,0,0,1,Pedestrian
34,8.0,960.0,52.0,1013.0,6871,0,0,1,Pedestrian
34,8.0,960.0,52.0,1013.0,6872,0,0,1,Pedestrian
34,8.0,963.0,52.0,1015.0,6873,0,0,1,Pedestrian
34,8.0,963.0,49.0,1015.0,6874,0,0,1,Pedestrian
34,8.0,965.0,49.0,1017.0,6875,0,0,1,Pedestrian
34,8.0,965.0,49.0,1017.0,6876,0,0,1,Pedestrian
34,8.0,967.0,49.0,1020.0,6877,0,0,1,Pedestrian
34,8.0,967.0,46.0,1020.0,6878,0,0,1,Pedestrian
34,5.0,970.0,46.0,1022.0,6879,0,0,1,Pedestrian
34,5.0,972.0,46.0,1024.0,6880,0,0,1,Pedestrian
34,5.0,972.0,46.0,1024.0,6881,0,0,1,Pedestrian
34,5.0,974.0,44.0,1026.0,6882,0,0,1,Pedestrian
34,5.0,974.0,44.0,1026.0,6883,0,0,1,Pedestrian
34,5.0,976.0,44.0,1029.0,6884,0,0,1,Pedestrian
34,5.0,976.0,44.0,1029.0,6885,0,0,1,Pedestrian
34,2.0,979.0,41.0,1031.0,6886,0,0,1,Pedestrian
34,2.0,981.0,41.0,1033.0,6887,0,0,1,Pedestrian
34,2.0,981.0,41.0,1033.0,6888,0,0,1,Pedestrian
34,2.0,983.0,41.0,1036.0,6889,0,0,1,Pedestrian
34,2.0,983.0,38.0,1036.0,6890,0,0,1,Pedestrian
34,2.0,985.0,38.0,1038.0,6891,0,0,1,Pedestrian
34,2.0,985.0,38.0,1038.0,6892,0,0,1,Pedestrian
34,2.0,988.0,38.0,1040.0,6893,0,0,1,Pedestrian
34,0.0,990.0,35.0,1042.0,6894,0,0,1,Pedestrian
34,0.0,990.0,35.0,1042.0,6895,0,0,1,Pedestrian
34,0.0,992.0,35.0,1045.0,6896,0,0,1,Pedestrian
34,0.0,992.0,35.0,1045.0,6897,0,0,1,Pedestrian
34,0.0,995.0,33.0,1047.0,6898,0,0,1,Pedestrian
34,0.0,995.0,33.0,1047.0,6899,0,0,1,Pedestrian
34,0.0,997.0,33.0,1049.0,6900,0,0,1,Pedestrian
34,0.0,999.0,33.0,1052.0,6901,0,0,0,Pedestrian
34,0.0,999.0,30.0,1052.0,6902,0,0,1,Pedestrian
34,0.0,999.0,30.0,1052.0,6903,0,0,1,Pedestrian
34,0.0,1001.0,30.0,1054.0,6904,0,0,1,Pedestrian
34,0.0,1001.0,30.0,1054.0,6905,0,0,1,Pedestrian
34,0.0,1004.0,30.0,1056.0,6906,0,0,1,Pedestrian
34,0.0,1004.0,30.0,1056.0,6907,0,0,1,Pedestrian
34,0.0,1006.0,30.0,1058.0,6908,0,0,1,Pedestrian
34,0.0,1006.0,27.0,1058.0,6909,0,0,1,Pedestrian
34,0.0,1008.0,27.0,1061.0,6910,0,0,1,Pedestrian
34,0.0,1008.0,27.0,1061.0,6911,0,0,1,Pedestrian
34,0.0,1011.0,27.0,1061.0,6912,0,0,1,Pedestrian
34,0.0,1011.0,27.0,1063.0,6913,0,0,1,Pedestrian
34,0.0,1013.0,27.0,1063.0,6914,0,0,1,Pedestrian
34,0.0,1013.0,27.0,1065.0,6915,0,0,1,Pedestrian
34,0.0,1015.0,24.0,1065.0,6916,0,0,1,Pedestrian
34,0.0,1015.0,24.0,1067.0,6917,0,0,1,Pedestrian
34,0.0,1017.0,24.0,1067.0,6918,0,0,1,Pedestrian
34,0.0,1017.0,24.0,1070.0,6919,0,0,1,Pedestrian
34,0.0,1017.0,24.0,1070.0,6920,0,0,1,Pedestrian
34,0.0,1020.0,24.0,1070.0,6921,0,0,1,Pedestrian
34,0.0,1020.0,24.0,1072.0,6922,0,0,1,Pedestrian
34,0.0,1022.0,22.0,1072.0,6923,0,0,1,Pedestrian
34,0.0,1022.0,22.0,1074.0,6924,0,0,1,Pedestrian
34,0.0,1024.0,22.0,1074.0,6925,0,0,1,Pedestrian
34,0.0,1024.0,22.0,1077.0,6926,0,0,1,Pedestrian
34,0.0,1026.0,22.0,1077.0,6927,0,0,1,Pedestrian
34,0.0,1026.0,22.0,1079.0,6928,0,0,1,Pedestrian
34,0.0,1029.0,22.0,1079.0,6929,0,0,1,Pedestrian
34,0.0,1029.0,19.0,1079.0,6930,0,0,1,Pedestrian
34,0.0,1031.0,19.0,1081.0,6931,0,0,1,Pedestrian
34,0.0,1031.0,19.0,1081.0,6932,0,0,1,Pedestrian
34,0.0,1033.0,19.0,1083.0,6933,0,0,1,Pedestrian
34,0.0,1033.0,19.0,1083.0,6934,0,0,1,Pedestrian
34,0.0,1036.0,19.0,1086.0,6935,0,0,1,Pedestrian
34,0.0,1036.0,19.0,1086.0,6936,0,0,1,Pedestrian
34,0.0,1038.0,19.0,1088.0,6937,1,0,0,Pedestrian
34,0.0,1038.0,19.0,1088.0,6938,1,0,1,Pedestrian
34,0.0,1038.0,19.0,1088.0,6939,1,0,1,Pedestrian
34,0.0,1038.0,19.0,1088.0,6940,1,0,1,Pedestrian
34,0.0,1038.0,19.0,1088.0,6941,1,0,1,Pedestrian
34,0.0,1038.0,19.0,1088.0,6942,1,0,1,Pedestrian
34,0.0,1038.0,19.0,1088.0,6943,1,0,1,Pedestrian
34,0.0,1038.0,19.0,1088.0,6944,1,0,1,Pedestrian
34,0.0,1038.0,19.0,1088.0,6945,1,0,1,Pedestrian
34,0.0,1038.0,19.0,1088.0,6946,1,0,1,Pedestrian
34,0.0,1038.0,19.0,1088.0,6947,1,0,1,Pedestrian
34,0.0,1038.0,19.0,1088.0,6948,1,0,0,Pedestrian
34,0.0,1038.0,19.0,1088.0,6949,1,0,1,Pedestrian
34,0.0,1038.0,19.0,1088.0,6950,1,0,1,Pedestrian
34,0.0,1038.0,19.0,1088.0,6951,1,0,1,Pedestrian
34,0.0,1038.0,19.0,1088.0,6952,1,0,1,Pedestrian
34,0.0,1038.0,19.0,1088.0,6953,1,0,1,Pedestrian
34,0.0,1038.0,19.0,1088.0,6954,1,0,1,Pedestrian
34,0.0,1038.0,19.0,1088.0,6955,1,0,1,Pedestrian
34,0.0,1038.0,19.0,1088.0,6956,1,0,1,Pedestrian
34,0.0,1038.0,19.0,1088.0,6957,1,0,1,Pedestrian
34,0.0,1038.0,19.0,1088.0,6958,1,0,1,Pedestrian
34,0.0,1038.0,19.0,1088.0,6959,1,0,1,Pedestrian
34,0.0,1038.0,19.0,1088.0,6960,1,0,1,Pedestrian
34,0.0,1038.0,19.0,1088.0,6961,1,0,1,Pedestrian
34,0.0,1038.0,19.0,1088.0,6962,1,0,1,Pedestrian
34,0.0,1038.0,19.0,1088.0,6963,1,0,1,Pedestrian
34,0.0,1038.0,19.0,1088.0,6964,1,0,1,Pedestrian
34,0.0,1038.0,19.0,1088.0,6965,1,0,1,Pedestrian
34,0.0,1038.0,19.0,1088.0,6966,1,0,1,Pedestrian
34,0.0,1038.0,19.0,1088.0,6967,1,0,1,Pedestrian
34,0.0,1038.0,19.0,1088.0,6968,1,0,1,Pedestrian
34,0.0,1038.0,19.0,1088.0,6969,1,0,1,Pedestrian
34,0.0,1038.0,19.0,1088.0,6970,1,0,1,Pedestrian
34,0.0,1038.0,19.0,1088.0,6971,1,0,1,Pedestrian
34,0.0,1038.0,19.0,1088.0,6972,1,0,1,Pedestrian
34,0.0,1038.0,19.0,1088.0,6973,1,0,1,Pedestrian
34,0.0,1038.0,19.0,1088.0,6974,1,0,1,Pedestrian
34,0.0,1038.0,19.0,1088.0,6975,1,0,1,Pedestrian
34,0.0,1038.0,19.0,1088.0,6976,1,0,1,Pedestrian
34,0.0,1038.0,19.0,1088.0,6977,1,0,1,Pedestrian
34,0.0,1038.0,19.0,1088.0,6978,1,0,1,Pedestrian
34,0.0,1038.0,19.0,1088.0,6979,1,0,1,Pedestrian
34,0.0,1038.0,19.0,1088.0,6980,1,0,1,Pedestrian
34,0.0,1038.0,19.0,1088.0,6981,1,0,1,Pedestrian
34,0.0,1038.0,19.0,1088.0,6982,1,0,1,Pedestrian
34,0.0,1038.0,19.0,1088.0,6983,1,0,1,Pedestrian
34,0.0,1038.0,19.0,1088.0,6984,1,0,1,Pedestrian
34,0.0,1038.0,19.0,1088.0,6985,1,0,1,Pedestrian
34,0.0,1038.0,19.0,1088.0,6986,1,0,1,Pedestrian
34,0.0,1038.0,19.0,1088.0,6987,1,0,1,Pedestrian
34,0.0,1038.0,19.0,1088.0,6988,1,0,1,Pedestrian
34,0.0,1038.0,19.0,1088.0,6989,1,0,1,Pedestrian
34,0.0,1038.0,19.0,1088.0,6990,1,0,1,Pedestrian
34,0.0,1038.0,19.0,1088.0,6991,1,0,1,Pedestrian
34,0.0,1038.0,19.0,1088.0,6992,1,0,1,Pedestrian
34,0.0,1038.0,19.0,1088.0,6993,1,0,1,Pedestrian
34,0.0,1038.0,19.0,1088.0,6994,1,0,1,Pedestrian
34,0.0,1038.0,19.0,1088.0,6995,1,0,1,Pedestrian
34,0.0,1038.0,19.0,1088.0,6996,1,0,1,Pedestrian
34,0.0,1038.0,19.0,1088.0,6997,1,0,1,Pedestrian
34,0.0,1038.0,19.0,1088.0,6998,1,0,1,Pedestrian
34,0.0,1038.0,19.0,1088.0,6999,1,0,1,Pedestrian
34,0.0,1038.0,19.0,1088.0,7000,1,0,1,Pedestrian
34,0.0,1038.0,19.0,1088.0,7001,1,0,1,Pedestrian
34,0.0,1038.0,19.0,1088.0,7002,1,0,1,Pedestrian
34,0.0,1038.0,19.0,1088.0,7003,1,0,1,Pedestrian
34,0.0,1038.0,19.0,1088.0,7004,1,0,1,Pedestrian
34,0.0,1038.0,19.0,1088.0,7005,1,0,1,Pedestrian
34,0.0,1038.0,19.0,1088.0,7006,1,0,1,Pedestrian
34,0.0,1038.0,19.0,1088.0,7007,1,0,1,Pedestrian
34,0.0,1038.0,19.0,1088.0,7008,1,0,1,Pedestrian
34,0.0,1038.0,19.0,1088.0,7009,1,0,1,Pedestrian
34,0.0,1038.0,19.0,1088.0,7010,1,0,1,Pedestrian
34,0.0,1038.0,19.0,1088.0,7011,1,0,1,Pedestrian
34,0.0,1038.0,19.0,1088.0,7012,1,0,1,Pedestrian
34,0.0,1038.0,19.0,1088.0,7013,1,0,1,Pedestrian
34,0.0,1038.0,19.0,1088.0,7014,1,0,1,Pedestrian
34,0.0,1038.0,19.0,1088.0,7015,1,0,1,Pedestrian
34,0.0,1038.0,19.0,1088.0,7016,1,0,1,Pedestrian
34,0.0,1038.0,19.0,1088.0,7017,1,0,1,Pedestrian
34,0.0,1038.0,19.0,1088.0,7018,1,0,1,Pedestrian
34,0.0,1038.0,19.0,1088.0,7019,1,0,1,Pedestrian
34,0.0,1038.0,19.0,1088.0,7020,1,0,1,Pedestrian
34,0.0,1038.0,19.0,1088.0,7021,1,0,1,Pedestrian
34,0.0,1038.0,19.0,1088.0,7022,1,0,1,Pedestrian
34,0.0,1038.0,19.0,1088.0,7023,1,0,1,Pedestrian
34,0.0,1038.0,19.0,1088.0,7024,1,0,1,Pedestrian
34,0.0,1038.0,19.0,1088.0,7025,1,0,1,Pedestrian
34,0.0,1038.0,19.0,1088.0,7026,1,0,1,Pedestrian
34,0.0,1038.0,19.0,1088.0,7027,1,0,1,Pedestrian
34,0.0,1038.0,19.0,1088.0,7028,1,0,1,Pedestrian
34,0.0,1038.0,19.0,1088.0,7029,1,0,1,Pedestrian
34,0.0,1038.0,19.0,1088.0,7030,1,0,1,Pedestrian
34,0.0,1038.0,19.0,1088.0,7031,1,0,0,Pedestrian
35,354.0,523.0,409.0,573.0,6500,0,0,0,Pedestrian
35,352.0,523.0,407.0,573.0,6501,0,0,1,Pedestrian
35,352.0,526.0,407.0,576.0,6502,0,0,1,Pedestrian
35,352.0,526.0,407.0,576.0,6503,0,0,1,Pedestrian
35,352.0,528.0,407.0,578.0,6504,0,0,1,Pedestrian
35,349.0,528.0,404.0,578.0,6505,0,0,1,Pedestrian
35,349.0,530.0,404.0,580.0,6506,0,0,1,Pedestrian
35,349.0,532.0,404.0,582.0,6507,0,0,1,Pedestrian
35,349.0,532.0,404.0,582.0,6508,0,0,1,Pedestrian
35,346.0,535.0,401.0,585.0,6509,0,0,1,Pedestrian
35,346.0,535.0,401.0,585.0,6510,0,0,1,Pedestrian
35,346.0,537.0,401.0,587.0,6511,0,0,1,Pedestrian
35,346.0,539.0,401.0,589.0,6512,0,0,1,Pedestrian
35,343.0,539.0,398.0,589.0,6513,0,0,1,Pedestrian
35,343.0,541.0,398.0,592.0,6514,0,0,1,Pedestrian
35,343.0,541.0,398.0,592.0,6515,0,0,1,Pedestrian
35,343.0,544.0,398.0,594.0,6516,0,0,1,Pedestrian
35,343.0,546.0,398.0,596.0,6517,0,0,1,Pedestrian
35,341.0,546.0,396.0,596.0,6518,0,0,1,Pedestrian
35,341.0,548.0,396.0,598.0,6519,0,0,1,Pedestrian
35,341.0,548.0,396.0,598.0,6520,0,0,1,Pedestrian
35,341.0,551.0,396.0,601.0,6521,0,0,1,Pedestrian
35,338.0,553.0,393.0,603.0,6522,0,0,1,Pedestrian
35,338.0,553.0,393.0,603.0,6523,0,0,1,Pedestrian
35,338.0,555.0,393.0,605.0,6524,0,0,1,Pedestrian
35,338.0,555.0,393.0,605.0,6525,0,0,1,Pedestrian
35,335.0,557.0,390.0,607.0,6526,0,0,1,Pedestrian
35,335.0,560.0,390.0,610.0,6527,0,0,1,Pedestrian
35,335.0,560.0,390.0,610.0,6528,0,0,1,Pedestrian
35,335.0,562.0,390.0,612.0,6529,0,0,1,Pedestrian
35,332.0,562.0,387.0,612.0,6530,0,0,1,Pedestrian
35,332.0,564.0,387.0,614.0,6531,0,0,1,Pedestrian
35,332.0,566.0,387.0,617.0,6532,0,0,1,Pedestrian
35,332.0,566.0,387.0,617.0,6533,0,0,1,Pedestrian
35,332.0,569.0,387.0,619.0,6534,0,0,1,Pedestrian
35,330.0,569.0,385.0,619.0,6535,0,0,1,Pedestrian
35,330.0,571.0,385.0,621.0,6536,0,0,1,Pedestrian
35,330.0,573.0,385.0,623.0,6537,0,0,1,Pedestrian
35,330.0,573.0,385.0,623.0,6538,0,0,1,Pedestrian
35,327.0,576.0,382.0,626.0,6539,0,0,1,Pedestrian
35,327.0,576.0,382.0,626.0,6540,0,0,1,Pedestrian
35,327.0,578.0,382.0,628.0,6541,0,0,1,Pedestrian
35,327.0,580.0,382.0,630.0,6542,0,0,1,Pedestrian
35,324.0,580.0,379.0,630.0,6543,0,0,1,Pedestrian
35,324.0,582.0,379.0,633.0,6544,0,0,1,Pedestrian
35,324.0,582.0,379.0,633.0,6545,0,0,1,Pedestrian
35,324.0,585.0,379.0,635.0,6546,0,0,1,Pedestrian
35,324.0,587.0,379.0,637.0,6547,0,0,1,Pedestrian
35,321.0,587.0,376.0,637.0,6548,0,0,1,Pedestrian
35,321.0,589.0,376.0,639.0,6549,0,0,1,Pedestrian
35,321.0,589.0,376.0,639.0,6550,0,0,1,Pedestrian
35,321.0,592.0,376.0,642.0,6551,0,0,1,Pedestrian
35,319.0,594.0,374.0,644.0,6552,0,0,1,Pedestrian
35,319.0,594.0,374.0,644.0,6553,0,0,1,Pedestrian
35,319.0,596.0,374.0,646.0,6554,0,0,1,Pedestrian
35,319.0,596.0,374.0,646.0,6555,0,0,1,Pedestrian
35,316.0,598.0,371.0,648.0,6556,0,0,1,Pedestrian
35,316.0,601.0,371.0,651.0,6557,0,0,1,Pedestrian
35,316.0,601.0,371.0,651.0,6558,0,0,1,Pedestrian
35,316.0,603.0,371.0,653.0,6559,0,0,1,Pedestrian
35,313.0,603.0,368.0,653.0,6560,0,0,1,Pedestrian
35,313.0,605.0,368.0,655.0,6561,0,0,1,Pedestrian
35,313.0,607.0,368.0,658.0,6562,0,0,1,Pedestrian
35,313.0,607.0,368.0,658.0,6563,0,0,1,Pedestrian
35,313.0,610.0,368.0,660.0,6564,0,0,1,Pedestrian
35,310.0,610.0,365.0,660.0,6565,0,0,1,Pedestrian
35,310.0,612.0,365.0,662.0,6566,0,0,1,Pedestrian
35,310.0,614.0,365.0,664.0,6567,0,0,1,Pedestrian
35,310.0,614.0,365.0,664.0,6568,0,0,1,Pedestrian
35,308.0,617.0,363.0,667.0,6569,0,0,1,Pedestrian
35,308.0,617.0,363.0,667.0,6570,0,0,1,Pedestrian
35,308.0,619.0,363.0,669.0,6571,0,0,1,Pedestrian
35,308.0,621.0,363.0,671.0,6572,0,0,1,Pedestrian
35,305.0,621.0,360.0,671.0,6573,0,0,1,Pedestrian
35,305.0,623.0,360.0,674.0,6574,0,0,1,Pedestrian
35,305.0,623.0,360.0,674.0,6575,0,0,1,Pedestrian
35,305.0,626.0,360.0,676.0,6576,0,0,1,Pedestrian
35,305.0,628.0,360.0,678.0,6577,0,0,1,Pedestrian
35,302.0,628.0,357.0,678.0,6578,0,0,1,Pedestrian
35,302.0,630.0,357.0,680.0,6579,0,0,1,Pedestrian
35,302.0,630.0,357.0,680.0,6580,0,0,1,Pedestrian
35,302.0,633.0,357.0,683.0,6581,0,0,1,Pedestrian
35,299.0,635.0,354.0,685.0,6582,0,0,1,Pedestrian
35,299.0,635.0,354.0,685.0,6583,0,0,1,Pedestrian
35,299.0,637.0,354.0,687.0,6584,0,0,1,Pedestrian
35,299.0,637.0,354.0,687.0,6585,0,0,1,Pedestrian
35,297.0,639.0,352.0,689.0,6586,0,0,1,Pedestrian
35,297.0,642.0,352.0,692.0,6587,0,0,1,Pedestrian
35,297.0,642.0,352.0,692.0,6588,0,0,1,Pedestrian
35,297.0,644.0,352.0,694.0,6589,0,0,1,Pedestrian
35,294.0,644.0,349.0,694.0,6590,0,0,1,Pedestrian
35,294.0,646.0,349.0,696.0,6591,0,0,1,Pedestrian
35,294.0,648.0,349.0,699.0,6592,0,0,1,Pedestrian
35,294.0,648.0,349.0,699.0,6593,0,0,1,Pedestrian
35,294.0,651.0,349.0,701.0,6594,0,0,1,Pedestrian
35,291.0,651.0,346.0,701.0,6595,0,0,1,Pedestrian
35,291.0,653.0,346.0,703.0,6596,0,0,1,Pedestrian
35,291.0,655.0,346.0,705.0,6597,0,0,1,Pedestrian
35,291.0,655.0,346.0,705.0,6598,0,0,1,Pedestrian
35,288.0,658.0,343.0,708.0,6599,0,0,1,Pedestrian
35,288.0,658.0,343.0,708.0,6600,0,0,1,Pedestrian
35,288.0,660.0,343.0,710.0,6601,0,0,1,Pedestrian
35,288.0,662.0,343.0,712.0,6602,0,0,1,Pedestrian
35,286.0,662.0,341.0,712.0,6603,0,0,1,Pedestrian
35,286.0,664.0,341.0,715.0,6604,0,0,1,Pedestrian
35,286.0,664.0,341.0,715.0,6605,0,0,1,Pedestrian
35,286.0,667.0,341.0,717.0,6606,0,0,1,Pedestrian
35,286.0,669.0,341.0,719.0,6607,0,0,0,Pedestrian
35,283.0,669.0,338.0,719.0,6608,0,0,1,Pedestrian
35,283.0,669.0,338.0,719.0,6609,0,0,1,Pedestrian
35,283.0,671.0,338.0,721.0,6610,0,0,1,Pedestrian
35,280.0,671.0,335.0,721.0,6611,0,0,1,Pedestrian
35,280.0,674.0,335.0,724.0,6612,0,0,1,Pedestrian
35,280.0,674.0,335.0,724.0,6613,0,0,1,Pedestrian
35,277.0,676.0,332.0,726.0,6614,0,0,1,Pedestrian
35,277.0,676.0,332.0,726.0,6615,0,0,1,Pedestrian
35,277.0,678.0,332.0,728.0,6616,0,0,1,Pedestrian
35,275.0,678.0,330.0,728.0,6617,0,0,1,Pedestrian
35,275.0,680.0,330.0,730.0,6618,0,0,1,Pedestrian
35,275.0,680.0,330.0,730.0,6619,0,0,1,Pedestrian
35,272.0,683.0,327.0,733.0,6620,0,0,1,Pedestrian
35,272.0,683.0,327.0,733.0,6621,0,0,1,Pedestrian
35,272.0,685.0,327.0,735.0,6622,0,0,1,Pedestrian
35,269.0,685.0,324.0,735.0,6623,0,0,1,Pedestrian
35,269.0,687.0,324.0,737.0,6624,0,0,1,Pedestrian
35,269.0,687.0,324.0,737.0,6625,0,0,1,Pedestrian
35,266.0,687.0,321.0,737.0,6626,0,0,1,Pedestrian
35,266.0,689.0,321.0,740.0,6627,0,0,1,Pedestrian
35,266.0,689.0,321.0,740.0,6628,0,0,1,Pedestrian
35,264.0,692.0,319.0,742.0,6629,0,0,1,Pedestrian
35,264.0,692.0,319.0,742.0,6630,0,0,1,Pedestrian
35,264.0,694.0,319.0,744.0,6631,0,0,1,Pedestrian
35,261.0,694.0,316.0,744.0,6632,0,0,1,Pedestrian
35,261.0,696.0,316.0,746.0,6633,0,0,1,Pedestrian
35,261.0,696.0,316.0,746.0,6634,0,0,1,Pedestrian
35,258.0,699.0,313.0,749.0,6635,0,0,1,Pedestrian
35,258.0,699.0,313.0,749.0,6636,0,0,1,Pedestrian
35,258.0,701.0,313.0,751.0,6637,0,0,1,Pedestrian
35,255.0,701.0,310.0,751.0,6638,0,0,1,Pedestrian
35,255.0,703.0,310.0,753.0,6639,0,0,1,Pedestrian
35,255.0,703.0,310.0,753.0,6640,0,0,1,Pedestrian
35,253.0,705.0,308.0,755.0,6641,0,0,1,Pedestrian
35,253.0,705.0,308.0,755.0,6642,0,0,1,Pedestrian
35,253.0,708.0,308.0,758.0,6643,0,0,1,Pedestrian
35,250.0,708.0,305.0,758.0,6644,0,0,1,Pedestrian
35,250.0,708.0,305.0,758.0,6645,0,0,1,Pedestrian
35,250.0,710.0,305.0,760.0,6646,0,0,1,Pedestrian
35,247.0,710.0,302.0,760.0,6647,0,0,1,Pedestrian
35,247.0,712.0,302.0,762.0,6648,0,0,1,Pedestrian
35,247.0,712.0,302.0,762.0,6649,0,0,1,Pedestrian
35,244.0,715.0,299.0,765.0,6650,0,0,1,Pedestrian
35,244.0,715.0,299.0,765.0,6651,0,0,1,Pedestrian
35,244.0,717.0,299.0,767.0,6652,0,0,1,Pedestrian
35,242.0,717.0,297.0,767.0,6653,0,0,1,Pedestrian
35,242.0,719.0,297.0,769.0,6654,0,0,1,Pedestrian
35,242.0,719.0,297.0,769.0,6655,0,0,1,Pedestrian
35,239.0,721.0,294.0,771.0,6656,0,0,1,Pedestrian
35,239.0,721.0,294.0,771.0,6657,0,0,1,Pedestrian
35,239.0,724.0,294.0,774.0,6658,0,0,1,Pedestrian
35,236.0,724.0,291.0,774.0,6659,0,0,1,Pedestrian
35,236.0,726.0,291.0,776.0,6660,0,0,1,Pedestrian
35,236.0,726.0,291.0,776.0,6661,0,0,1,Pedestrian
35,233.0,728.0,288.0,778.0,6662,0,0,1,Pedestrian
35,233.0,728.0,288.0,778.0,6663,0,0,1,Pedestrian
35,233.0,728.0,288.0,778.0,6664,0,0,1,Pedestrian
35,231.0,730.0,286.0,781.0,6665,0,0,1,Pedestrian
35,231.0,730.0,286.0,781.0,6666,0,0,1,Pedestrian
35,231.0,733.0,286.0,783.0,6667,0,0,1,Pedestrian
35,228.0,733.0,283.0,783.0,6668,0,0,1,Pedestrian
35,228.0,735.0,283.0,785.0,6669,0,0,1,Pedestrian
35,228.0,735.0,283.0,785.0,6670,0,0,1,Pedestrian
35,225.0,737.0,280.0,787.0,6671,0,0,1,Pedestrian
35,225.0,737.0,280.0,787.0,6672,0,0,1,Pedestrian
35,225.0,740.0,280.0,790.0,6673,0,0,1,Pedestrian
35,225.0,740.0,280.0,790.0,6674,0,0,1,Pedestrian
35,222.0,742.0,277.0,792.0,6675,0,0,1,Pedestrian
35,222.0,742.0,277.0,792.0,6676,0,0,1,Pedestrian
35,222.0,744.0,277.0,794.0,6677,0,0,1,Pedestrian
35,220.0,744.0,275.0,794.0,6678,0,0,1,Pedestrian
35,220.0,746.0,275.0,796.0,6679,0,0,1,Pedestrian
35,220.0,746.0,275.0,796.0,6680,0,0,1,Pedestrian
35,217.0,749.0,272.0,799.0,6681,0,0,1,Pedestrian
35,217.0,749.0,272.0,799.0,6682,0,0,1,Pedestrian
35,217.0,749.0,272.0,799.0,6683,0,0,1,Pedestrian
35,214.0,751.0,269.0,801.0,6684,0,0,1,Pedestrian
35,214.0,751.0,269.0,801.0,6685,0,0,1,Pedestrian
35,214.0,753.0,269.0,803.0,6686,0,0,1,Pedestrian
35,211.0,753.0,266.0,803.0,6687,0,0,1,Pedestrian
35,211.0,755.0,266.0,806.0,6688,0,0,1,Pedestrian
35,211.0,755.0,266.0,806.0,6689,0,0,1,Pedestrian
35,209.0,758.0,264.0,808.0,6690,0,0,1,Pedestrian
35,209.0,758.0,264.0,808.0,6691,0,0,1,Pedestrian
35,209.0,760.0,264.0,810.0,6692,0,0,1,Pedestrian
35,206.0,760.0,261.0,810.0,6693,0,0,1,Pedestrian
35,206.0,762.0,261.0,812.0,6694,0,0,1,Pedestrian
35,206.0,762.0,261.0,812.0,6695,0,0,1,Pedestrian
35,203.0,765.0,258.0,815.0,6696,0,0,1,Pedestrian
35,203.0,765.0,258.0,815.0,6697,0,0,1,Pedestrian
35,203.0,767.0,258.0,817.0,6698,0,0,1,Pedestrian
35,200.0,767.0,255.0,817.0,6699,0,0,1,Pedestrian
35,200.0,769.0,255.0,819.0,6700,0,0,1,Pedestrian
35,200.0,769.0,255.0,819.0,6701,0,0,1,Pedestrian
35,198.0,769.0,253.0,819.0,6702,0,0,1,Pedestrian
35,198.0,771.0,253.0,822.0,6703,0,0,1,Pedestrian
35,198.0,771.0,253.0,822.0,6704,0,0,1,Pedestrian
35,195.0,774.0,250.0,824.0,6705,0,0,1,Pedestrian
35,195.0,774.0,250.0,824.0,6706,0,0,1,Pedestrian
35,195.0,776.0,250.0,826.0,6707,0,0,1,Pedestrian
35,192.0,776.0,247.0,826.0,6708,0,0,1,Pedestrian
35,192.0,778.0,247.0,828.0,6709,0,0,1,Pedestrian
35,192.0,778.0,247.0,828.0,6710,0,0,1,Pedestrian
35,189.0,781.0,244.0,831.0,6711,0,0,1,Pedestrian
35,189.0,781.0,244.0,831.0,6712,0,0,1,Pedestrian
35,189.0,783.0,244.0,833.0,6713,0,0,1,Pedestrian
35,187.0,783.0,242.0,833.0,6714,0,0,1,Pedestrian
35,187.0,785.0,242.0,835.0,6715,0,0,1,Pedestrian
35,187.0,785.0,242.0,835.0,6716,0,0,1,Pedestrian
35,184.0,787.0,239.0,837.0,6717,0,0,1,Pedestrian
35,184.0,787.0,239.0,837.0,6718,0,0,1,Pedestrian
35,184.0,790.0,239.0,840.0,6719,0,0,1,Pedestrian
35,181.0,790.0,236.0,840.0,6720,0,0,1,Pedestrian
35,181.0,790.0,236.0,840.0,6721,0,0,1,Pedestrian
35,181.0,792.0,236.0,842.0,6722,0,0,1,Pedestrian
35,178.0,792.0,233.0,842.0,6723,0,0,1,Pedestrian
35,178.0,794.0,233.0,844.0,6724,0,0,1,Pedestrian
35,178.0,794.0,233.0,844.0,6725,0,0,1,Pedestrian
35,176.0,796.0,231.0,847.0,6726,0,0,1,Pedestrian
35,176.0,796.0,231.0,847.0,6727,0,0,1,Pedestrian
35,176.0,799.0,231.0,849.0,6728,0,0,1,Pedestrian
35,173.0,799.0,228.0,849.0,6729,0,0,1,Pedestrian
35,173.0,801.0,228.0,851.0,6730,0,0,1,Pedestrian
35,173.0,801.0,228.0,851.0,6731,0,0,1,Pedestrian
35,170.0,803.0,225.0,853.0,6732,0,0,1,Pedestrian
35,170.0,803.0,225.0,853.0,6733,0,0,1,Pedestrian
35,170.0,806.0,225.0,856.0,6734,0,0,1,Pedestrian
35,167.0,806.0,222.0,856.0,6735,0,0,1,Pedestrian
35,167.0,808.0,222.0,858.0,6736,0,0,1,Pedestrian
35,167.0,808.0,222.0,858.0,6737,0,0,1,Pedestrian
35,167.0,810.0,222.0,860.0,6738,0,0,0,Pedestrian
35,165.0,810.0,220.0,860.0,6739,0,0,1,Pedestrian
35,165.0,810.0,220.0,860.0,6740,0,0,1,Pedestrian
35,165.0,812.0,220.0,863.0,6741,0,0,1,Pedestrian
35,162.0,812.0,217.0,863.0,6742,0,0,1,Pedestrian
35,162.0,812.0,217.0,863.0,6743,0,0,1,Pedestrian
35,162.0,815.0,217.0,865.0,6744,0,0,1,Pedestrian
35,159.0,815.0,214.0,865.0,6745,0,0,1,Pedestrian
35,159.0,817.0,214.0,867.0,6746,0,0,1,Pedestrian
35,159.0,817.0,214.0,867.0,6747,0,0,1,Pedestrian
35,159.0,817.0,214.0,867.0,6748,0,0,1,Pedestrian
35,156.0,819.0,211.0,869.0,6749,0,0,1,Pedestrian
35,156.0,819.0,211.0,869.0,6750,0,0,1,Pedestrian
35,156.0,819.0,211.0,869.0,6751,0,0,1,Pedestrian
35,154.0,822.0,209.0,872.0,6752,0,0,1,Pedestrian
35,154.0,822.0,209.0,872.0,6753,0,0,1,Pedestrian
35,154.0,824.0,209.0,874.0,6754,0,0,1,Pedestrian
35,154.0,824.0,209.0,874.0,6755,0,0,1,Pedestrian
35,151.0,824.0,206.0,874.0,6756,0,0,1,Pedestrian
35,151.0,826.0,206.0,876.0,6757,0,0,1,Pedestrian
35,151.0,826.0,206.0,876.0,6758,0,0,1,Pedestrian
35,148.0,826.0,203.0,876.0,6759,0,0,1,Pedestrian
35,148.0,828.0,203.0,878.0,6760,0,0,1,Pedestrian
35,148.0,828.0,203.0,878.0,6761,0,0,1,Pedestrian
35,148.0,831.0,203.0,881.0,6762,0,0,1,Pedestrian
35,145.0,831.0,200.0,881.0,6763,0,0,1,Pedestrian
35,145.0,831.0,200.0,881.0,6764,0,0,1,Pedestrian
35,145.0,833.0,200.0,883.0,6765,0,0,1,Pedestrian
35,143.0,833.0,198.0,883.0,6766,0,0,1,Pedestrian
35,143.0,835.0,198.0,885.0,6767,0,0,1,Pedestrian
35,143.0,835.0,198.0,885.0,6768,0,0,1,Pedestrian
35,143.0,835.0,198.0,885.0,6769,0,0,1,Pedestrian
35,140.0,837.0,195.0,888.0,6770,0,0,1,Pedestrian
35,140.0,837.0,195.0,888.0,6771,0,0,1,Pedestrian
35,140.0,837.0,195.0,888.0,6772,0,0,1,Pedestrian
35,137.0,840.0,192.0,890.0,6773,0,0,1,Pedestrian
35,137.0,840.0,192.0,890.0,6774,0,0,1,Pedestrian
35,137.0,842.0,192.0,892.0,6775,0,0,1,Pedestrian
35,137.0,842.0,192.0,892.0,6776,0,0,1,Pedestrian
35,134.0,842.0,189.0,892.0,6777,0,0,1,Pedestrian
35,134.0,844.0,189.0,894.0,6778,0,0,1,Pedestrian
35,134.0,844.0,189.0,894.0,6779,0,0,1,Pedestrian
35,132.0,844.0,187.0,894.0,6780,0,0,1,Pedestrian
35,132.0,847.0,187.0,897.0,6781,0,0,1,Pedestrian
35,132.0,847.0,187.0,897.0,6782,0,0,1,Pedestrian
35,132.0,849.0,187.0,899.0,6783,0,0,1,Pedestrian
35,129.0,849.0,184.0,899.0,6784,0,0,1,Pedestrian
35,129.0,849.0,184.0,899.0,6785,0,0,1,Pedestrian
35,129.0,851.0,184.0,901.0,6786,0,0,1,Pedestrian
35,126.0,851.0,181.0,901.0,6787,0,0,1,Pedestrian
35,126.0,851.0,181.0,901.0,6788,0,0,1,Pedestrian
35,126.0,853.0,181.0,904.0,6789,0,0,1,Pedestrian
35,126.0,853.0,181.0,904.0,6790,0,0,1,Pedestrian
35,123.0,856.0,178.0,906.0,6791,0,0,1,Pedestrian
35,123.0,856.0,178.0,906.0,6792,0,0,1,Pedestrian
35,123.0,856.0,178.0,906.0,6793,0,0,1,Pedestrian
35,121.0,858.0,176.0,908.0,6794,0,0,1,Pedestrian
35,121.0,858.0,176.0,908.0,6795,0,0,1,Pedestrian
35,121.0,860.0,176.0,910.0,6796,0,0,1,Pedestrian
35,121.0,860.0,176.0,910.0,6797,0,0,1,Pedestrian
35,118.0,860.0,173.0,910.0,6798,0,0,1,Pedestrian
35,118.0,863.0,173.0,913.0,6799,0,0,1,Pedestrian
35,118.0,863.0,173.0,913.0,6800,0,0,1,Pedestrian
35,115.0,863.0,170.0,913.0,6801,0,0,1,Pedestrian
35,115.0,865.0,170.0,915.0,6802,0,0,1,Pedestrian
35,115.0,865.0,170.0,915.0,6803,0,0,1,Pedestrian
35,115.0,867.0,170.0,917.0,6804,0,0,1,Pedestrian
35,112.0,867.0,167.0,917.0,6805,0,0,1,Pedestrian
35,112.0,867.0,167.0,917.0,6806,0,0,1,Pedestrian
35,112.0,869.0,167.0,919.0,6807,0,0,1,Pedestrian
35,110.0,869.0,165.0,919.0,6808,0,0,1,Pedestrian
35,110.0,869.0,165.0,919.0,6809,0,0,1,Pedestrian
35,110.0,872.0,165.0,922.0,6810,0,0,1,Pedestrian
35,110.0,872.0,165.0,922.0,6811,0,0,1,Pedestrian
35,107.0,874.0,162.0,924.0,6812,0,0,1,Pedestrian
35,107.0,874.0,162.0,924.0,6813,0,0,1,Pedestrian
35,107.0,874.0,162.0,924.0,6814,0,0,1,Pedestrian
35,104.0,876.0,159.0,926.0,6815,0,0,1,Pedestrian
35,104.0,876.0,159.0,926.0,6816,0,0,1,Pedestrian
35,104.0,876.0,159.0,926.0,6817,0,0,1,Pedestrian
35,104.0,878.0,159.0,929.0,6818,0,0,1,Pedestrian
35,101.0,878.0,156.0,929.0,6819,0,0,1,Pedestrian
35,101.0,881.0,156.0,931.0,6820,0,0,1,Pedestrian
35,101.0,881.0,156.0,931.0,6821,0,0,1,Pedestrian
35,99.0,881.0,154.0,931.0,6822,0,0,1,Pedestrian
35,99.0,883.0,154.0,933.0,6823,0,0,1,Pedestrian
35,99.0,883.0,154.0,933.0,6824,0,0,1,Pedestrian
35,99.0,885.0,154.0,935.0,6825,0,0,0,Pedestrian
35,96.0,885.0,151.0,935.0,6826,0,0,1,Pedestrian
35,96.0,888.0,151.0,938.0,6827,0,0,1,Pedestrian
35,96.0,888.0,151.0,938.0,6828,0,0,1,Pedestrian
35,96.0,890.0,151.0,940.0,6829,0,0,1,Pedestrian
35,93.0,892.0,148.0,942.0,6830,0,0,1,Pedestrian
35,93.0,892.0,148.0,942.0,6831,0,0,1,Pedestrian
35,93.0,894.0,148.0,944.0,6832,0,0,1,Pedestrian
35,93.0,897.0,148.0,947.0,6833,0,0,1,Pedestrian
35,90.0,897.0,145.0,947.0,6834,0,0,1,Pedestrian
35,90.0,899.0,145.0,949.0,6835,0,0,1,Pedestrian
35,90.0,901.0,145.0,951.0,6836,0,0,1,Pedestrian
35,90.0,901.0,145.0,951.0,6837,0,0,1,Pedestrian
35,88.0,904.0,143.0,954.0,6838,0,0,1,Pedestrian
35,88.0,906.0,143.0,956.0,6839,0,0,1,Pedestrian
35,88.0,906.0,143.0,956.0,6840,0,0,1,Pedestrian
35,88.0,908.0,143.0,958.0,6841,0,0,1,Pedestrian
35,85.0,908.0,140.0,958.0,6842,0,0,1,Pedestrian
35,85.0,910.0,140.0,960.0,6843,0,0,1,Pedestrian
35,85.0,913.0,140.0,963.0,6844,0,0,1,Pedestrian
35,85.0,913.0,140.0,963.0,6845,0,0,1,Pedestrian
35,85.0,915.0,140.0,965.0,6846,0,0,1,Pedestrian
35,82.0,917.0,137.0,967.0,6847,0,0,1,Pedestrian
35,82.0,917.0,137.0,967.0,6848,0,0,1,Pedestrian
35,82.0,919.0,137.0,970.0,6849,0,0,1,Pedestrian
35,82.0,922.0,137.0,972.0,6850,0,0,1,Pedestrian
35,79.0,922.0,134.0,972.0,6851,0,0,1,Pedestrian
35,79.0,924.0,134.0,974.0,6852,0,0,1,Pedestrian
35,79.0,926.0,134.0,976.0,6853,0,0,1,Pedestrian
35,79.0,926.0,134.0,976.0,6854,0,0,1,Pedestrian
35,77.0,929.0,132.0,979.0,6855,0,0,1,Pedestrian
35,77.0,929.0,132.0,979.0,6856,0,0,1,Pedestrian
35,77.0,931.0,132.0,981.0,6857,0,0,1,Pedestrian
35,77.0,933.0,132.0,983.0,6858,0,0,1,Pedestrian
35,74.0,933.0,129.0,983.0,6859,0,0,1,Pedestrian
35,74.0,935.0,129.0,985.0,6860,0,0,1,Pedestrian
35,74.0,938.0,129.0,988.0,6861,0,0,1,Pedestrian
35,74.0,938.0,129.0,988.0,6862,0,0,1,Pedestrian
35,74.0,940.0,129.0,990.0,6863,0,0,1,Pedestrian
35,71.0,942.0,126.0,992.0,6864,0,0,1,Pedestrian
35,71.0,942.0,126.0,992.0,6865,0,0,1,Pedestrian
35,71.0,944.0,126.0,995.0,6866,0,0,1,Pedestrian
35,71.0,947.0,126.0,997.0,6867,0,0,1,Pedestrian
35,68.0,947.0,123.0,997.0,6868,0,0,1,Pedestrian
35,68.0,949.0,123.0,999.0,6869,0,0,1,Pedestrian
35,68.0,951.0,123.0,1001.0,6870,0,0,1,Pedestrian
35,68.0,951.0,123.0,1001.0,6871,0,0,1,Pedestrian
35,66.0,954.0,121.0,1004.0,6872,0,0,1,Pedestrian
35,66.0,954.0,121.0,1004.0,6873,0,0,1,Pedestrian
35,66.0,956.0,121.0,1006.0,6874,0,0,1,Pedestrian
35,66.0,958.0,121.0,1008.0,6875,0,0,1,Pedestrian
35,63.0,958.0,118.0,1008.0,6876,0,0,1,Pedestrian
35,63.0,960.0,118.0,1011.0,6877,0,0,1,Pedestrian
35,63.0,963.0,118.0,1013.0,6878,0,0,1,Pedestrian
35,63.0,963.0,118.0,1013.0,6879,0,0,1,Pedestrian
35,60.0,965.0,115.0,1015.0,6880,0,0,1,Pedestrian
35,60.0,967.0,115.0,1017.0,6881,0,0,1,Pedestrian
35,60.0,967.0,115.0,1017.0,6882,0,0,1,Pedestrian
35,60.0,970.0,115.0,1020.0,6883,0,0,1,Pedestrian
35,60.0,972.0,115.0,1022.0,6884,0,0,1,Pedestrian
35,57.0,972.0,112.0,1022.0,6885,0,0,1,Pedestrian
35,57.0,974.0,112.0,1024.0,6886,0,0,1,Pedestrian
35,57.0,974.0,112.0,1024.0,6887,0,0,1,Pedestrian
35,57.0,976.0,112.0,1026.0,6888,0,0,1,Pedestrian
35,55.0,979.0,110.0,1029.0,6889,0,0,1,Pedestrian
35,55.0,979.0,110.0,1029.0,6890,0,0,1,Pedestrian
35,55.0,981.0,110.0,1031.0,6891,0,0,1,Pedestrian
35,55.0,983.0,110.0,1033.0,6892,0,0,1,Pedestrian
35,52.0,983.0,107.0,1033.0,6893,0,0,1,Pedestrian
35,52.0,985.0,107.0,1036.0,6894,0,0,1,Pedestrian
35,52.0,988.0,107.0,1038.0,6895,0,0,1,Pedestrian
35,52.0,988.0,107.0,1038.0,6896,0,0,1,Pedestrian
35,49.0,990.0,104.0,1040.0,6897,0,0,1,Pedestrian
35,49.0,992.0,104.0,1042.0,6898,0,0,1,Pedestrian
35,49.0,992.0,104.0,1042.0,6899,0,0,1,Pedestrian
35,49.0,995.0,104.0,1045.0,6900,0,0,1,Pedestrian
35,49.0,997.0,104.0,1047.0,6901,0,0,0,Pedestrian
35,46.0,997.0,101.0,1047.0,6902,0,0,1,Pedestrian
35,46.0,997.0,101.0,1047.0,6903,0,0,1,Pedestrian
35,46.0,997.0,101.0,1047.0,6904,0,0,1,Pedestrian
35,44.0,997.0,99.0,1047.0,6905,0,0,1,Pedestrian
35,44.0,999.0,99.0,1049.0,6906,0,0,1,Pedestrian
35,44.0,999.0,99.0,1049.0,6907,0,0,1,Pedestrian
35,41.0,999.0,96.0,1049.0,6908,0,0,1,Pedestrian
35,41.0,999.0,96.0,1049.0,6909,0,0,1,Pedestrian
35,41.0,1001.0,96.0,1052.0,6910,0,0,1,Pedestrian
35,38.0,1001.0,93.0,1052.0,6911,0,0,1,Pedestrian
35,38.0,1001.0,93.0,1052.0,6912,0,0,1,Pedestrian
35,38.0,1001.0,93.0,1052.0,6913,0,0,1,Pedestrian
35,38.0,1001.0,93.0,1052.0,6914,0,0,1,Pedestrian
35,35.0,1004.0,90.0,1054.0,6915,0,0,1,Pedestrian
35,35.0,1004.0,90.0,1054.0,6916,0,0,1,Pedestrian
35,35.0,1004.0,90.0,1054.0,6917,0,0,1,Pedestrian
35,33.0,1004.0,88.0,1054.0,6918,0,0,1,Pedestrian
35,33.0,1006.0,88.0,1056.0,6919,0,0,1,Pedestrian
35,33.0,1006.0,88.0,1056.0,6920,0,0,1,Pedestrian
35,30.0,1006.0,85.0,1056.0,6921,0,0,1,Pedestrian
35,30.0,1006.0,85.0,1056.0,6922,0,0,1,Pedestrian
35,30.0,1006.0,85.0,1056.0,6923,0,0,1,Pedestrian
35,27.0,1008.0,82.0,1058.0,6924,0,0,1,Pedestrian
35,27.0,1008.0,82.0,1058.0,6925,0,0,1,Pedestrian
35,27.0,1008.0,82.0,1058.0,6926,0,0,1,Pedestrian
35,27.0,1008.0,82.0,1058.0,6927,0,0,1,Pedestrian
35,24.0,1011.0,79.0,1061.0,6928,0,0,1,Pedestrian
35,24.0,1011.0,79.0,1061.0,6929,0,0,1,Pedestrian
35,24.0,1011.0,79.0,1061.0,6930,0,0,1,Pedestrian
35,22.0,1011.0,77.0,1061.0,6931,0,0,1,Pedestrian
35,22.0,1011.0,77.0,1061.0,6932,0,0,1,Pedestrian
35,22.0,1013.0,77.0,1063.0,6933,0,0,1,Pedestrian
35,19.0,1013.0,74.0,1063.0,6934,0,0,1,Pedestrian
35,19.0,1013.0,74.0,1063.0,6935,0,0,1,Pedestrian
35,19.0,1013.0,74.0,1063.0,6936,0,0,1,Pedestrian
35,19.0,1015.0,74.0,1065.0,6937,0,0,0,Pedestrian
35,16.0,1015.0,71.0,1065.0,6938,0,0,1,Pedestrian
35,16.0,1017.0,71.0,1065.0,6939,0,0,1,Pedestrian
35,16.0,1017.0,68.0,1065.0,6940,0,0,1,Pedestrian
35,16.0,1020.0,68.0,1067.0,6941,0,0,1,Pedestrian
35,13.0,1020.0,66.0,1067.0,6942,0,0,1,Pedestrian
35,13.0,1022.0,66.0,1067.0,6943,0,0,1,Pedestrian
35,13.0,1024.0,63.0,1070.0,6944,0,0,1,Pedestrian
35,13.0,1024.0,63.0,1070.0,6945,0,0,1,Pedestrian
35,13.0,1026.0,63.0,1070.0,6946,0,0,1,Pedestrian
35,11.0,1026.0,60.0,1072.0,6947,0,0,1,Pedestrian
35,11.0,1029.0,60.0,1072.0,6948,0,0,1,Pedestrian
35,11.0,1031.0,57.0,1072.0,6949,0,0,1,Pedestrian
35,11.0,1031.0,57.0,1074.0,6950,0,0,1,Pedestrian
35,11.0,1033.0,55.0,1074.0,6951,0,0,1,Pedestrian
35,8.0,1033.0,55.0,1074.0,6952,0,0,1,Pedestrian
35,8.0,1036.0,52.0,1077.0,6953,0,0,1,Pedestrian
35,8.0,1038.0,52.0,1077.0,6954,0,0,1,Pedestrian
35,8.0,1038.0,52.0,1077.0,6955,0,0,1,Pedestrian
35,8.0,1040.0,49.0,1079.0,6956,0,0,1,Pedestrian
35,5.0,1040.0,49.0,1079.0,6957,0,0,1,Pedestrian
35,5.0,1042.0,46.0,1079.0,6958,0,0,1,Pedestrian
35,5.0,1042.0,46.0,1081.0,6959,0,0,1,Pedestrian
35,5.0,1045.0,44.0,1081.0,6960,0,0,1,Pedestrian
35,5.0,1047.0,44.0,1081.0,6961,0,0,1,Pedestrian
35,2.0,1047.0,41.0,1083.0,6962,0,0,1,Pedestrian
35,2.0,1049.0,41.0,1083.0,6963,0,0,1,Pedestrian
35,2.0,1049.0,41.0,1083.0,6964,0,0,1,Pedestrian
35,2.0,1052.0,38.0,1086.0,6965,0,0,1,Pedestrian
35,2.0,1054.0,38.0,1086.0,6966,0,0,1,Pedestrian
35,0.0,1054.0,35.0,1086.0,6967,0,0,1,Pedestrian
35,0.0,1056.0,35.0,1088.0,6968,0,0,1,Pedestrian
35,0.0,1056.0,33.0,1088.0,6969,0,0,1,Pedestrian
35,0.0,1058.0,33.0,1088.0,6970,0,0,1,Pedestrian
35,0.0,1061.0,33.0,1090.0,6971,1,0,0,Pedestrian
35,0.0,1061.0,33.0,1090.0,6972,1,0,1,Pedestrian
35,0.0,1061.0,33.0,1090.0,6973,1,0,1,Pedestrian
35,0.0,1061.0,33.0,1090.0,6974,1,0,1,Pedestrian
35,0.0,1061.0,33.0,1090.0,6975,1,0,1,Pedestrian
35,0.0,1061.0,33.0,1090.0,6976,1,0,1,Pedestrian
35,0.0,1061.0,33.0,1090.0,6977,1,0,1,Pedestrian
35,0.0,1061.0,33.0,1090.0,6978,1,0,1,Pedestrian
35,0.0,1061.0,33.0,1090.0,6979,1,0,1,Pedestrian
35,0.0,1061.0,33.0,1090.0,6980,1,0,1,Pedestrian
35,0.0,1061.0,33.0,1090.0,6981,1,0,1,Pedestrian
35,0.0,1061.0,33.0,1090.0,6982,1,0,1,Pedestrian
35,0.0,1061.0,33.0,1090.0,6983,1,0,1,Pedestrian
35,0.0,1061.0,33.0,1090.0,6984,1,0,1,Pedestrian
35,0.0,1061.0,33.0,1090.0,6985,1,0,1,Pedestrian
35,0.0,1061.0,33.0,1090.0,6986,1,0,1,Pedestrian
35,0.0,1061.0,33.0,1090.0,6987,1,0,1,Pedestrian
35,0.0,1061.0,33.0,1090.0,6988,1,0,1,Pedestrian
35,0.0,1061.0,33.0,1090.0,6989,1,0,1,Pedestrian
35,0.0,1061.0,33.0,1090.0,6990,1,0,1,Pedestrian
35,0.0,1061.0,33.0,1090.0,6991,1,0,1,Pedestrian
35,0.0,1061.0,33.0,1090.0,6992,1,0,1,Pedestrian
35,0.0,1061.0,33.0,1090.0,6993,1,0,1,Pedestrian
35,0.0,1061.0,33.0,1090.0,6994,1,0,1,Pedestrian
35,0.0,1061.0,33.0,1090.0,6995,1,0,1,Pedestrian
35,0.0,1061.0,33.0,1090.0,6996,1,0,1,Pedestrian
35,0.0,1061.0,33.0,1090.0,6997,1,0,0,Pedestrian
35,0.0,1061.0,33.0,1090.0,6998,1,0,1,Pedestrian
35,0.0,1061.0,33.0,1090.0,6999,1,0,1,Pedestrian
35,0.0,1061.0,33.0,1090.0,7000,1,0,1,Pedestrian
35,0.0,1061.0,33.0,1090.0,7001,1,0,1,Pedestrian
35,0.0,1061.0,33.0,1090.0,7002,1,0,1,Pedestrian
35,0.0,1061.0,33.0,1090.0,7003,1,0,1,Pedestrian
35,0.0,1061.0,33.0,1090.0,7004,1,0,1,Pedestrian
35,0.0,1061.0,33.0,1090.0,7005,1,0,1,Pedestrian
35,0.0,1061.0,33.0,1090.0,7006,1,0,1,Pedestrian
35,0.0,1061.0,33.0,1090.0,7007,1,0,1,Pedestrian
35,0.0,1061.0,33.0,1090.0,7008,1,0,1,Pedestrian
35,0.0,1061.0,33.0,1090.0,7009,1,0,1,Pedestrian
35,0.0,1061.0,33.0,1090.0,7010,1,0,1,Pedestrian
35,0.0,1061.0,33.0,1090.0,7011,1,0,1,Pedestrian
35,0.0,1061.0,33.0,1090.0,7012,1,0,1,Pedestrian
35,0.0,1061.0,33.0,1090.0,7013,1,0,1,Pedestrian
35,0.0,1061.0,33.0,1090.0,7014,1,0,1,Pedestrian
35,0.0,1061.0,33.0,1090.0,7015,1,0,1,Pedestrian
35,0.0,1061.0,33.0,1090.0,7016,1,0,1,Pedestrian
35,0.0,1061.0,33.0,1090.0,7017,1,0,1,Pedestrian
35,0.0,1061.0,33.0,1090.0,7018,1,0,1,Pedestrian
35,0.0,1061.0,33.0,1090.0,7019,1,0,1,Pedestrian
35,0.0,1061.0,33.0,1090.0,7020,1,0,1,Pedestrian
35,0.0,1061.0,33.0,1090.0,7021,1,0,1,Pedestrian
35,0.0,1061.0,33.0,1090.0,7022,1,0,1,Pedestrian
35,0.0,1061.0,33.0,1090.0,7023,1,0,1,Pedestrian
35,0.0,1061.0,33.0,1090.0,7024,1,0,1,Pedestrian
35,0.0,1061.0,33.0,1090.0,7025,1,0,1,Pedestrian
35,0.0,1061.0,33.0,1090.0,7026,1,0,1,Pedestrian
35,0.0,1061.0,33.0,1090.0,7027,1,0,1,Pedestrian
35,0.0,1061.0,33.0,1090.0,7028,1,0,1,Pedestrian
35,0.0,1061.0,33.0,1090.0,7029,1,0,1,Pedestrian
35,0.0,1061.0,33.0,1090.0,7030,1,0,1,Pedestrian
35,0.0,1061.0,33.0,1090.0,7031,1,0,0,Pedestrian
36,1831.0,755.0,1900.0,803.0,2000,1,0,0,Pedestrian
36,1831.0,755.0,1900.0,803.0,2001,1,0,1,Pedestrian
36,1831.0,755.0,1900.0,803.0,2002,1,0,1,Pedestrian
36,1831.0,755.0,1900.0,803.0,2003,1,0,1,Pedestrian
36,1831.0,755.0,1900.0,803.0,2004,1,0,1,Pedestrian
36,1831.0,755.0,1900.0,803.0,2005,1,0,1,Pedestrian
36,1831.0,755.0,1900.0,803.0,2006,1,0,1,Pedestrian
36,1831.0,755.0,1900.0,803.0,2007,1,0,1,Pedestrian
36,1831.0,755.0,1900.0,803.0,2008,1,0,1,Pedestrian
36,1831.0,755.0,1900.0,803.0,2009,1,0,1,Pedestrian
36,1831.0,755.0,1900.0,803.0,2010,1,0,1,Pedestrian
36,1831.0,755.0,1900.0,803.0,2011,1,0,1,Pedestrian
36,1834.0,755.0,1903.0,803.0,2012,1,0,1,Pedestrian
36,1834.0,755.0,1903.0,803.0,2013,1,0,1,Pedestrian
36,1834.0,755.0,1903.0,803.0,2014,1,0,1,Pedestrian
36,1834.0,755.0,1903.0,803.0,2015,1,0,1,Pedestrian
36,1834.0,755.0,1903.0,803.0,2016,1,0,1,Pedestrian
36,1834.0,755.0,1903.0,803.0,2017,1,0,1,Pedestrian
36,1834.0,755.0,1903.0,806.0,2018,1,0,1,Pedestrian
36,1834.0,758.0,1903.0,806.0,2019,1,0,1,Pedestrian
36,1834.0,758.0,1903.0,806.0,2020,1,0,1,Pedestrian
36,1834.0,758.0,1903.0,806.0,2021,1,0,1,Pedestrian
36,1834.0,758.0,1903.0,806.0,2022,1,0,1,Pedestrian
36,1834.0,758.0,1903.0,806.0,2023,1,0,1,Pedestrian
36,1837.0,758.0,1905.0,806.0,2024,1,0,1,Pedestrian
36,1837.0,758.0,1905.0,806.0,2025,1,0,1,Pedestrian
36,1837.0,758.0,1905.0,806.0,2026,1,0,1,Pedestrian
36,1837.0,758.0,1905.0,806.0,2027,1,0,1,Pedestrian
36,1837.0,758.0,1905.0,806.0,2028,1,0,1,Pedestrian
36,1837.0,758.0,1905.0,806.0,2029,1,0,1,Pedestrian
36,1837.0,758.0,1905.0,806.0,2030,1,0,1,Pedestrian
36,1837.0,758.0,1905.0,806.0,2031,1,0,1,Pedestrian
36,1837.0,758.0,1905.0,806.0,2032,1,0,1,Pedestrian
36,1837.0,758.0,1905.0,806.0,2033,1,0,1,Pedestrian
36,1837.0,758.0,1905.0,806.0,2034,1,0,1,Pedestrian
36,1839.0,758.0,1908.0,806.0,2035,1,0,1,Pedestrian
36,1839.0,758.0,1908.0,808.0,2036,1,0,1,Pedestrian
36,1839.0,758.0,1908.0,808.0,2037,1,0,1,Pedestrian
36,1839.0,760.0,1908.0,808.0,2038,1,0,1,Pedestrian
36,1839.0,760.0,1908.0,808.0,2039,1,0,1,Pedestrian
36,1839.0,760.0,1908.0,808.0,2040,1,0,1,Pedestrian
36,1839.0,760.0,1908.0,808.0,2041,1,0,1,Pedestrian
36,1839.0,760.0,1908.0,808.0,2042,1,0,1,Pedestrian
36,1839.0,760.0,1908.0,808.0,2043,1,0,1,Pedestrian
36,1839.0,760.0,1908.0,808.0,2044,1,0,1,Pedestrian
36,1839.0,760.0,1908.0,808.0,2045,1,0,1,Pedestrian
36,1839.0,760.0,1908.0,808.0,2046,1,0,1,Pedestrian
36,1842.0,760.0,1911.0,808.0,2047,1,0,1,Pedestrian
36,1842.0,760.0,1911.0,808.0,2048,1,0,1,Pedestrian
36,1842.0,760.0,1911.0,808.0,2049,1,0,1,Pedestrian
36,1842.0,760.0,1911.0,808.0,2050,1,0,1,Pedestrian
36,1842.0,760.0,1911.0,808.0,2051,1,0,1,Pedestrian
36,1842.0,760.0,1911.0,808.0,2052,1,0,1,Pedestrian
36,1842.0,760.0,1911.0,808.0,2053,1,0,1,Pedestrian
36,1842.0,760.0,1911.0,810.0,2054,1,0,1,Pedestrian
36,1842.0,760.0,1911.0,810.0,2055,1,0,1,Pedestrian
36,1842.0,760.0,1911.0,810.0,2056,1,0,1,Pedestrian
36,1842.0,762.0,1911.0,810.0,2057,1,0,1,Pedestrian
36,1842.0,762.0,1911.0,810.0,2058,1,0,1,Pedestrian
36,1845.0,762.0,1914.0,810.0,2059,1,0,1,Pedestrian
36,1845.0,762.0,1914.0,810.0,2060,1,0,1,Pedestrian
36,1845.0,762.0,1914.0,810.0,2061,1,0,1,Pedestrian
36,1845.0,762.0,1914.0,810.0,2062,1,0,1,Pedestrian
36,1845.0,762.0,1914.0,810.0,2063,1,0,1,Pedestrian
36,1845.0,762.0,1914.0,810.0,2064,1,0,1,Pedestrian
36,1845.0,762.0,1914.0,810.0,2065,1,0,1,Pedestrian
36,1845.0,762.0,1914.0,810.0,2066,1,0,1,Pedestrian
36,1845.0,762.0,1914.0,810.0,2067,1,0,1,Pedestrian
36,1845.0,762.0,1914.0,810.0,2068,1,0,1,Pedestrian
36,1845.0,762.0,1914.0,810.0,2069,1,0,1,Pedestrian
36,1848.0,762.0,1916.0,810.0,2070,1,0,1,Pedestrian
36,1848.0,762.0,1916.0,810.0,2071,1,0,1,Pedestrian
36,1848.0,762.0,1916.0,812.0,2072,1,0,1,Pedestrian
36,1848.0,762.0,1916.0,812.0,2073,1,0,1,Pedestrian
36,1848.0,762.0,1916.0,812.0,2074,1,0,1,Pedestrian
36,1848.0,762.0,1916.0,812.0,2075,1,0,1,Pedestrian
36,1848.0,765.0,1916.0,812.0,2076,1,0,1,Pedestrian
36,1848.0,765.0,1916.0,812.0,2077,1,0,1,Pedestrian
36,1848.0,765.0,1916.0,812.0,2078,1,0,1,Pedestrian
36,1848.0,765.0,1916.0,812.0,2079,1,0,1,Pedestrian
36,1848.0,765.0,1916.0,812.0,2080,1,0,1,Pedestrian
36,1848.0,765.0,1916.0,812.0,2081,1,0,1,Pedestrian
36,1850.0,765.0,1919.0,812.0,2082,1,0,1,Pedestrian
36,1850.0,765.0,1919.0,812.0,2083,1,0,1,Pedestrian
36,1850.0,765.0,1919.0,812.0,2084,1,0,1,Pedestrian
36,1850.0,765.0,1919.0,812.0,2085,1,0,1,Pedestrian
36,1850.0,765.0,1919.0,812.0,2086,1,0,1,Pedestrian
36,1850.0,765.0,1919.0,812.0,2087,1,0,1,Pedestrian
36,1850.0,765.0,1919.0,812.0,2088,1,0,1,Pedestrian
36,1850.0,765.0,1919.0,815.0,2089,1,0,1,Pedestrian
36,1850.0,765.0,1919.0,815.0,2090,1,0,1,Pedestrian
36,1850.0,765.0,1919.0,815.0,2091,1,0,1,Pedestrian
36,1850.0,765.0,1919.0,815.0,2092,1,0,1,Pedestrian
36,1853.0,765.0,1922.0,815.0,2093,1,0,1,Pedestrian
36,1853.0,765.0,1922.0,815.0,2094,1,0,1,Pedestrian
36,1853.0,767.0,1922.0,815.0,2095,1,0,1,Pedestrian
36,1853.0,767.0,1922.0,815.0,2096,1,0,1,Pedestrian
36,1853.0,767.0,1922.0,815.0,2097,1,0,1,Pedestrian
36,1853.0,767.0,1922.0,815.0,2098,1,0,1,Pedestrian
36,1853.0,767.0,1922.0,815.0,2099,1,0,1,Pedestrian
36,1853.0,767.0,1922.0,815.0,2100,1,0,1,Pedestrian
36,1853.0,767.0,1922.0,815.0,2101,1,0,1,Pedestrian
36,1853.0,767.0,1922.0,815.0,2102,1,0,1,Pedestrian
36,1853.0,767.0,1922.0,815.0,2103,1,0,1,Pedestrian
36,1853.0,767.0,1922.0,815.0,2104,1,0,1,Pedestrian
36,1856.0,767.0,1925.0,815.0,2105,1,0,1,Pedestrian
36,1856.0,767.0,1925.0,815.0,2106,1,0,1,Pedestrian
36,1856.0,767.0,1925.0,817.0,2107,1,0,1,Pedestrian
36,1856.0,767.0,1925.0,817.0,2108,1,0,1,Pedestrian
36,1856.0,767.0,1925.0,817.0,2109,1,0,1,Pedestrian
36,1856.0,767.0,1925.0,817.0,2110,1,0,1,Pedestrian
36,1856.0,767.0,1925.0,817.0,2111,1,0,1,Pedestrian
36,1856.0,767.0,1925.0,817.0,2112,1,0,1,Pedestrian
36,1856.0,767.0,1925.0,817.0,2113,1,0,1,Pedestrian
36,1856.0,769.0,1925.0,817.0,2114,1,0,1,Pedestrian
36,1856.0,769.0,1925.0,817.0,2115,1,0,1,Pedestrian
36,1856.0,769.0,1925.0,817.0,2116,1,0,1,Pedestrian
36,1859.0,769.0,1927.0,817.0,2117,1,0,1,Pedestrian
36,1859.0,769.0,1927.0,817.0,2118,1,0,1,Pedestrian
36,1859.0,769.0,1927.0,817.0,2119,1,0,1,Pedestrian
36,1859.0,769.0,1927.0,817.0,2120,1,0,1,Pedestrian
36,1859.0,769.0,1927.0,817.0,2121,1,0,1,Pedestrian
36,1859.0,769.0,1927.0,817.0,2122,1,0,1,Pedestrian
36,1859.0,769.0,1927.0,817.0,2123,1,0,1,Pedestrian
36,1859.0,769.0,1927.0,817.0,2124,1,0,1,Pedestrian
36,1859.0,769.0,1927.0,819.0,2125,1,0,1,Pedestrian
36,1859.0,769.0,1927.0,819.0,2126,1,0,1,Pedestrian
36,1859.0,769.0,1927.0,819.0,2127,1,0,1,Pedestrian
36,1861.0,769.0,1930.0,819.0,2128,1,0,1,Pedestrian
36,1861.0,769.0,1930.0,819.0,2129,1,0,1,Pedestrian
36,1861.0,769.0,1930.0,819.0,2130,1,0,1,Pedestrian
36,1861.0,769.0,1930.0,819.0,2131,1,0,1,Pedestrian
36,1861.0,769.0,1930.0,819.0,2132,1,0,1,Pedestrian
36,1861.0,771.0,1930.0,819.0,2133,1,0,1,Pedestrian
36,1861.0,771.0,1930.0,819.0,2134,1,0,1,Pedestrian
36,1861.0,771.0,1930.0,819.0,2135,1,0,1,Pedestrian
36,1861.0,771.0,1930.0,819.0,2136,1,0,1,Pedestrian
36,1861.0,771.0,1930.0,819.0,2137,1,0,1,Pedestrian
36,1861.0,771.0,1930.0,819.0,2138,1,0,1,Pedestrian
36,1861.0,771.0,1930.0,819.0,2139,1,0,1,Pedestrian
36,1864.0,771.0,1933.0,819.0,2140,1,0,1,Pedestrian
36,1864.0,771.0,1933.0,819.0,2141,1,0,1,Pedestrian
36,1864.0,771.0,1933.0,819.0,2142,1,0,1,Pedestrian
36,1864.0,771.0,1933.0,822.0,2143,1,0,1,Pedestrian
36,1864.0,771.0,1933.0,822.0,2144,1,0,1,Pedestrian
36,1864.0,771.0,1933.0,822.0,2145,1,0,1,Pedestrian
36,1864.0,771.0,1933.0,822.0,2146,1,0,1,Pedestrian
36,1864.0,771.0,1933.0,822.0,2147,1,0,1,Pedestrian
36,1864.0,771.0,1933.0,822.0,2148,1,0,1,Pedestrian
36,1864.0,771.0,1933.0,822.0,2149,1,0,1,Pedestrian
36,1864.0,771.0,1933.0,822.0,2150,1,0,1,Pedestrian
36,1867.0,774.0,1936.0,822.0,2151,1,0,1,Pedestrian
36,1867.0,774.0,1936.0,822.0,2152,1,0,1,Pedestrian
36,1867.0,774.0,1936.0,822.0,2153,1,0,1,Pedestrian
36,1867.0,774.0,1936.0,822.0,2154,1,0,1,Pedestrian
36,1867.0,774.0,1936.0,822.0,2155,1,0,1,Pedestrian
36,1867.0,774.0,1936.0,822.0,2156,1,0,1,Pedestrian
36,1867.0,774.0,1936.0,822.0,2157,1,0,1,Pedestrian
36,1867.0,774.0,1936.0,822.0,2158,1,0,1,Pedestrian
36,1867.0,774.0,1936.0,822.0,2159,1,0,1,Pedestrian
36,1867.0,774.0,1936.0,824.0,2160,1,0,1,Pedestrian
36,1867.0,774.0,1936.0,824.0,2161,1,0,1,Pedestrian
36,1867.0,774.0,1936.0,824.0,2162,1,0,1,Pedestrian
36,1870.0,774.0,1938.0,824.0,2163,1,0,1,Pedestrian
36,1870.0,774.0,1938.0,824.0,2164,1,0,1,Pedestrian
36,1870.0,774.0,1938.0,824.0,2165,1,0,1,Pedestrian
36,1870.0,774.0,1938.0,824.0,2166,1,0,1,Pedestrian
36,1870.0,774.0,1938.0,824.0,2167,1,0,1,Pedestrian
36,1870.0,774.0,1938.0,824.0,2168,1,0,1,Pedestrian
36,1870.0,774.0,1938.0,824.0,2169,1,0,1,Pedestrian
36,1870.0,776.0,1938.0,824.0,2170,1,0,1,Pedestrian
36,1870.0,776.0,1938.0,824.0,2171,1,0,1,Pedestrian
36,1870.0,776.0,1938.0,824.0,2172,1,0,1,Pedestrian
36,1870.0,776.0,1938.0,824.0,2173,1,0,1,Pedestrian
36,1870.0,776.0,1938.0,824.0,2174,1,0,1,Pedestrian
36,1872.0,776.0,1941.0,824.0,2175,1,0,1,Pedestrian
36,1872.0,776.0,1941.0,824.0,2176,1,0,1,Pedestrian
36,1872.0,776.0,1941.0,824.0,2177,1,0,1,Pedestrian
36,1872.0,776.0,1941.0,826.0,2178,1,0,1,Pedestrian
36,1872.0,776.0,1941.0,826.0,2179,1,0,1,Pedestrian
36,1872.0,776.0,1941.0,826.0,2180,1,0,1,Pedestrian
36,1872.0,776.0,1941.0,826.0,2181,1,0,1,Pedestrian
36,1872.0,776.0,1941.0,826.0,2182,1,0,1,Pedestrian
36,1872.0,776.0,1941.0,826.0,2183,1,0,1,Pedestrian
36,1872.0,776.0,1941.0,826.0,2184,1,0,1,Pedestrian
36,1872.0,776.0,1941.0,826.0,2185,1,0,1,Pedestrian
36,1875.0,776.0,1944.0,826.0,2186,1,0,1,Pedestrian
36,1875.0,776.0,1944.0,826.0,2187,1,0,1,Pedestrian
36,1875.0,776.0,1944.0,826.0,2188,1,0,1,Pedestrian
36,1875.0,778.0,1944.0,826.0,2189,1,0,1,Pedestrian
36,1875.0,778.0,1944.0,826.0,2190,1,0,1,Pedestrian
36,1875.0,778.0,1944.0,826.0,2191,1,0,1,Pedestrian
36,1875.0,778.0,1944.0,826.0,2192,1,0,1,Pedestrian
36,1875.0,778.0,1944.0,826.0,2193,1,0,1,Pedestrian
36,1875.0,778.0,1944.0,826.0,2194,1,0,1,Pedestrian
36,1875.0,778.0,1944.0,826.0,2195,1,0,1,Pedestrian
36,1875.0,778.0,1944.0,828.0,2196,1,0,1,Pedestrian
36,1875.0,778.0,1944.0,828.0,2197,1,0,1,Pedestrian
36,1878.0,778.0,1947.0,828.0,2198,1,0,1,Pedestrian
36,1878.0,778.0,1947.0,828.0,2199,1,0,1,Pedestrian
36,1878.0,778.0,1947.0,828.0,2200,1,0,1,Pedestrian
36,1878.0,778.0,1947.0,828.0,2201,1,0,1,Pedestrian
36,1878.0,778.0,1947.0,828.0,2202,1,0,1,Pedestrian
36,1878.0,778.0,1947.0,828.0,2203,1,0,1,Pedestrian
36,1878.0,778.0,1947.0,828.0,2204,1,0,1,Pedestrian
36,1878.0,778.0,1947.0,828.0,2205,1,0,1,Pedestrian
36,1878.0,778.0,1947.0,828.0,2206,1,0,1,Pedestrian
36,1878.0,778.0,1947.0,828.0,2207,1,0,1,Pedestrian
36,1878.0,781.0,1947.0,828.0,2208,1,0,1,Pedestrian
36,1878.0,781.0,1947.0,828.0,2209,1,0,1,Pedestrian
36,1881.0,781.0,1949.0,828.0,2210,1,0,1,Pedestrian
36,1881.0,781.0,1949.0,828.0,2211,1,0,1,Pedestrian
36,1881.0,781.0,1949.0,828.0,2212,1,0,1,Pedestrian
36,1881.0,781.0,1949.0,828.0,2213,1,0,1,Pedestrian
36,1881.0,781.0,1949.0,831.0,2214,1,0,1,Pedestrian
36,1881.0,781.0,1949.0,831.0,2215,1,0,1,Pedestrian
36,1881.0,781.0,1949.0,831.0,2216,1,0,1,Pedestrian
36,1881.0,781.0,1949.0,831.0,2217,1,0,1,Pedestrian
36,1881.0,781.0,1949.0,831.0,2218,1,0,1,Pedestrian
36,1881.0,781.0,1949.0,831.0,2219,1,0,1,Pedestrian
36,1881.0,781.0,1949.0,831.0,2220,1,0,1,Pedestrian
36,1883.0,781.0,1952.0,831.0,2221,1,0,1,Pedestrian
36,1883.0,781.0,1952.0,831.0,2222,1,0,1,Pedestrian
36,1883.0,781.0,1952.0,831.0,2223,1,0,1,Pedestrian
36,1883.0,781.0,1952.0,831.0,2224,1,0,1,Pedestrian
36,1883.0,781.0,1952.0,831.0,2225,1,0,1,Pedestrian
36,1883.0,781.0,1952.0,831.0,2226,1,0,1,Pedestrian
36,1883.0,783.0,1952.0,831.0,2227,1,0,1,Pedestrian
36,1883.0,783.0,1952.0,831.0,2228,1,0,1,Pedestrian
36,1883.0,783.0,1952.0,831.0,2229,1,0,1,Pedestrian
36,1883.0,783.0,1952.0,831.0,2230,1,0,1,Pedestrian
36,1883.0,783.0,1952.0,833.0,2231,1,0,1,Pedestrian
36,1883.0,783.0,1952.0,833.0,2232,1,0,1,Pedestrian
36,1886.0,783.0,1955.0,833.0,2233,1,0,1,Pedestrian
36,1886.0,783.0,1955.0,833.0,2234,1,0,1,Pedestrian
36,1886.0,783.0,1955.0,833.0,2235,1,0,1,Pedestrian
36,1886.0,783.0,1955.0,833.0,2236,1,0,1,Pedestrian
36,1886.0,783.0,1955.0,833.0,2237,1,0,1,Pedestrian
36,1886.0,783.0,1955.0,833.0,2238,1,0,1,Pedestrian
36,1886.0,783.0,1955.0,833.0,2239,1,0,1,Pedestrian
36,1886.0,783.0,1955.0,833.0,2240,1,0,1,Pedestrian
36,1886.0,783.0,1955.0,833.0,2241,1,0,1,Pedestrian
36,1886.0,783.0,1955.0,833.0,2242,1,0,1,Pedestrian
36,1886.0,783.0,1955.0,833.0,2243,1,0,1,Pedestrian
36,1889.0,783.0,1958.0,833.0,2244,1,0,1,Pedestrian
36,1889.0,783.0,1958.0,833.0,2245,1,0,1,Pedestrian
36,1889.0,785.0,1958.0,833.0,2246,1,0,1,Pedestrian
36,1889.0,785.0,1958.0,833.0,2247,1,0,1,Pedestrian
36,1889.0,785.0,1958.0,833.0,2248,1,0,1,Pedestrian
36,1889.0,785.0,1958.0,835.0,2249,1,0,1,Pedestrian
36,1889.0,785.0,1958.0,835.0,2250,1,0,1,Pedestrian
36,1889.0,785.0,1958.0,835.0,2251,1,0,1,Pedestrian
36,1889.0,785.0,1958.0,835.0,2252,1,0,1,Pedestrian
36,1889.0,785.0,1958.0,835.0,2253,1,0,1,Pedestrian
36,1889.0,785.0,1958.0,835.0,2254,1,0,1,Pedestrian
36,1889.0,785.0,1958.0,835.0,2255,1,0,1,Pedestrian
36,1892.0,785.0,1960.0,835.0,2256,1,0,1,Pedestrian
36,1892.0,785.0,1960.0,835.0,2257,1,0,1,Pedestrian
36,1892.0,785.0,1960.0,835.0,2258,1,0,1,Pedestrian
36,1892.0,785.0,1960.0,835.0,2259,1,0,1,Pedestrian
36,1892.0,785.0,1960.0,835.0,2260,1,0,1,Pedestrian
36,1892.0,785.0,1960.0,835.0,2261,1,0,1,Pedestrian
36,1892.0,785.0,1960.0,835.0,2262,1,0,1,Pedestrian
36,1892.0,785.0,1960.0,835.0,2263,1,0,1,Pedestrian
36,1892.0,785.0,1960.0,835.0,2264,1,0,1,Pedestrian
36,1892.0,787.0,1960.0,835.0,2265,1,0,1,Pedestrian
36,1892.0,787.0,1960.0,835.0,2266,1,0,1,Pedestrian
36,1892.0,787.0,1960.0,837.0,2267,1,0,1,Pedestrian
36,1894.0,787.0,1963.0,837.0,2268,1,0,1,Pedestrian
36,1894.0,787.0,1963.0,837.0,2269,1,0,1,Pedestrian
36,1894.0,787.0,1963.0,837.0,2270,1,0,1,Pedestrian
36,1894.0,787.0,1963.0,837.0,2271,1,0,1,Pedestrian
36,1894.0,787.0,1963.0,837.0,2272,1,0,1,Pedestrian
36,1894.0,787.0,1963.0,837.0,2273,1,0,1,Pedestrian
36,1894.0,787.0,1963.0,837.0,2274,1,0,1,Pedestrian
36,1894.0,787.0,1963.0,837.0,2275,1,0,1,Pedestrian
36,1894.0,787.0,1963.0,837.0,2276,1,0,1,Pedestrian
36,1894.0,787.0,1963.0,837.0,2277,1,0,1,Pedestrian
36,1894.0,787.0,1963.0,837.0,2278,1,0,1,Pedestrian
36,1897.0,787.0,1966.0,837.0,2279,1,0,1,Pedestrian
36,1897.0,787.0,1966.0,837.0,2280,1,0,1,Pedestrian
36,1897.0,787.0,1966.0,837.0,2281,1,0,1,Pedestrian
36,1897.0,787.0,1966.0,837.0,2282,1,0,1,Pedestrian
36,1897.0,787.0,1966.0,837.0,2283,1,0,1,Pedestrian
36,1897.0,790.0,1966.0,837.0,2284,1,0,1,Pedestrian
36,1897.0,790.0,1966.0,840.0,2285,1,0,1,Pedestrian
36,1897.0,790.0,1966.0,840.0,2286,1,0,1,Pedestrian
36,1897.0,790.0,1966.0,840.0,2287,1,0,1,Pedestrian
36,1897.0,790.0,1966.0,840.0,2288,1,0,1,Pedestrian
36,1897.0,790.0,1966.0,840.0,2289,1,0,1,Pedestrian
36,1897.0,790.0,1966.0,840.0,2290,1,0,1,Pedestrian
36,1900.0,790.0,1969.0,840.0,2291,1,0,1,Pedestrian
36,1900.0,790.0,1969.0,840.0,2292,1,0,1,Pedestrian
36,1900.0,790.0,1969.0,840.0,2293,1,0,1,Pedestrian
36,1900.0,790.0,1969.0,840.0,2294,1,0,1,Pedestrian
36,1900.0,790.0,1969.0,840.0,2295,1,0,1,Pedestrian
36,1900.0,790.0,1969.0,840.0,2296,1,0,1,Pedestrian
36,1900.0,790.0,1969.0,840.0,2297,1,0,1,Pedestrian
36,1900.0,790.0,1969.0,840.0,2298,1,0,1,Pedestrian
36,1900.0,790.0,1969.0,840.0,2299,1,0,1,Pedestrian
36,1900.0,790.0,1969.0,840.0,2300,1,0,1,Pedestrian
36,1900.0,790.0,1969.0,840.0,2301,1,0,1,Pedestrian
36,1903.0,792.0,1971.0,842.0,2302,0,0,0,Pedestrian
36,1900.0,792.0,1969.0,842.0,2303,0,0,1,Pedestrian
36,1900.0,792.0,1969.0,842.0,2304,0,0,1,Pedestrian
36,1900.0,792.0,1969.0,842.0,2305,0,0,1,Pedestrian
36,1897.0,792.0,1966.0,842.0,2306,0,0,1,Pedestrian
36,1897.0,792.0,1966.0,842.0,2307,0,0,1,Pedestrian
36,1897.0,792.0,1966.0,842.0,2308,0,0,1,Pedestrian
36,1897.0,792.0,1966.0,842.0,2309,0,0,1,Pedestrian
36,1894.0,792.0,1963.0,842.0,2310,0,0,1,Pedestrian
36,1894.0,792.0,1963.0,842.0,2311,0,0,1,Pedestrian
36,1894.0,792.0,1963.0,842.0,2312,0,0,1,Pedestrian
36,1892.0,794.0,1960.0,844.0,2313,0,0,1,Pedestrian
36,1892.0,794.0,1960.0,844.0,2314,0,0,1,Pedestrian
36,1892.0,794.0,1960.0,844.0,2315,0,0,1,Pedestrian
36,1892.0,794.0,1960.0,844.0,2316,0,0,1,Pedestrian
36,1889.0,794.0,1958.0,844.0,2317,0,0,1,Pedestrian
36,1889.0,794.0,1958.0,844.0,2318,0,0,1,Pedestrian
36,1889.0,794.0,1958.0,844.0,2319,0,0,1,Pedestrian
36,1886.0,794.0,1955.0,844.0,2320,0,0,1,Pedestrian
36,1886.0,794.0,1955.0,844.0,2321,0,0,1,Pedestrian
36,1886.0,794.0,1955.0,844.0,2322,0,0,1,Pedestrian
36,1886.0,794.0,1955.0,844.0,2323,0,0,1,Pedestrian
36,1883.0,796.0,1952.0,847.0,2324,0,0,1,Pedestrian
36,1883.0,796.0,1952.0,847.0,2325,0,0,1,Pedestrian
36,1883.0,796.0,1952.0,847.0,2326,0,0,1,Pedestrian
36,1881.0,796.0,1949.0,847.0,2327,0,0,1,Pedestrian
36,1881.0,796.0,1949.0,847.0,2328,0,0,1,Pedestrian
36,1881.0,796.0,1949.0,847.0,2329,0,0,1,Pedestrian
36,1881.0,796.0,1949.0,847.0,2330,0,0,1,Pedestrian
36,1878.0,796.0,1947.0,847.0,2331,0,0,1,Pedestrian
36,1878.0,796.0,1947.0,847.0,2332,0,0,1,Pedestrian
36,1878.0,796.0,1947.0,847.0,2333,0,0,1,Pedestrian
36,1875.0,796.0,1944.0,847.0,2334,0,0,1,Pedestrian
36,1875.0,799.0,1944.0,849.0,2335,0,0,1,Pedestrian
36,1875.0,799.0,1944.0,849.0,2336,0,0,1,Pedestrian
36,1875.0,799.0,1944.0,849.0,2337,0,0,1,Pedestrian
36,1872.0,799.0,1941.0,849.0,2338,0,0,1,Pedestrian
36,1872.0,799.0,1941.0,849.0,2339,0,0,1,Pedestrian
36,1872.0,799.0,1941.0,849.0,2340,0,0,1,Pedestrian
36,1870.0,799.0,1938.0,849.0,2341,0,0,1,Pedestrian
36,1870.0,799.0,1938.0,849.0,2342,0,0,1,Pedestrian
36,1870.0,799.0,1938.0,849.0,2343,0,0,1,Pedestrian
36,1870.0,799.0,1938.0,849.0,2344,0,0,1,Pedestrian
36,1867.0,799.0,1936.0,849.0,2345,0,0,1,Pedestrian
36,1867.0,801.0,1936.0,851.0,2346,0,0,1,Pedestrian
36,1867.0,801.0,1936.0,851.0,2347,0,0,1,Pedestrian
36,1864.0,801.0,1933.0,851.0,2348,0,0,1,Pedestrian
36,1864.0,801.0,1933.0,851.0,2349,0,0,1,Pedestrian
36,1864.0,801.0,1933.0,851.0,2350,0,0,1,Pedestrian
36,1864.0,801.0,1933.0,851.0,2351,0,0,1,Pedestrian
36,1861.0,801.0,1930.0,851.0,2352,0,0,1,Pedestrian
36,1861.0,801.0,1930.0,851.0,2353,0,0,1,Pedestrian
36,1861.0,801.0,1930.0,851.0,2354,0,0,1,Pedestrian
36,1859.0,801.0,1927.0,851.0,2355,0,0,1,Pedestrian
36,1859.0,801.0,1927.0,851.0,2356,0,0,1,Pedestrian
36,1859.0,803.0,1927.0,853.0,2357,0,0,1,Pedestrian
36,1859.0,803.0,1927.0,853.0,2358,0,0,1,Pedestrian
36,1856.0,803.0,1925.0,853.0,2359,0,0,1,Pedestrian
36,1856.0,803.0,1925.0,853.0,2360,0,0,1,Pedestrian
36,1856.0,803.0,1925.0,853.0,2361,0,0,1,Pedestrian
36,1853.0,803.0,1922.0,853.0,2362,0,0,1,Pedestrian
36,1853.0,803.0,1922.0,853.0,2363,0,0,1,Pedestrian
36,1853.0,803.0,1922.0,853.0,2364,0,0,1,Pedestrian
36,1853.0,803.0,1922.0,853.0,2365,0,0,1,Pedestrian
36,1850.0,803.0,1919.0,853.0,2366,0,0,1,Pedestrian
36,1850.0,803.0,1919.0,853.0,2367,0,0,1,Pedestrian
36,1850.0,806.0,1919.0,856.0,2368,0,0,1,Pedestrian
36,1848.0,806.0,1916.0,856.0,2369,0,0,1,Pedestrian
36,1848.0,806.0,1916.0,856.0,2370,0,0,1,Pedestrian
36,1848.0,806.0,1916.0,856.0,2371,0,0,1,Pedestrian
36,1848.0,806.0,1916.0,856.0,2372,0,0,1,Pedestrian
36,1845.0,806.0,1914.0,856.0,2373,0,0,1,Pedestrian
36,1845.0,806.0,1914.0,856.0,2374,0,0,1,Pedestrian
36,1845.0,806.0,1914.0,856.0,2375,0,0,1,Pedestrian
36,1842.0,806.0,1911.0,856.0,2376,0,0,1,Pedestrian
36,1842.0,806.0,1911.0,856.0,2377,0,0,1,Pedestrian
36,1842.0,806.0,1911.0,856.0,2378,0,0,1,Pedestrian
36,1842.0,808.0,1911.0,858.0,2379,0,0,0,Pedestrian
36,1839.0,808.0,1908.0,858.0,2380,0,0,1,Pedestrian
36,1837.0,808.0,1905.0,858.0,2381,0,0,1,Pedestrian
36,1837.0,808.0,1905.0,858.0,2382,0,0,1,Pedestrian
36,1834.0,808.0,1903.0,858.0,2383,0,0,1,Pedestrian
36,1834.0,808.0,1903.0,858.0,2384,0,0,1,Pedestrian
36,1831.0,808.0,1900.0,860.0,2385,0,0,1,Pedestrian
36,1831.0,808.0,1900.0,860.0,2386,0,0,1,Pedestrian
36,1828.0,808.0,1897.0,860.0,2387,0,0,1,Pedestrian
36,1826.0,808.0,1894.0,860.0,2388,0,0,1,Pedestrian
36,1826.0,810.0,1894.0,860.0,2389,0,0,1,Pedestrian
36,1823.0,810.0,1892.0,860.0,2390,0,0,1,Pedestrian
36,1823.0,810.0,1892.0,863.0,2391,0,0,1,Pedestrian
36,1820.0,810.0,1889.0,863.0,2392,0,0,1,Pedestrian
36,1820.0,810.0,1889.0,863.0,2393,0,0,1,Pedestrian
36,1817.0,810.0,1886.0,863.0,2394,0,0,1,Pedestrian
36,1815.0,810.0,1883.0,863.0,2395,0,0,1,Pedestrian
36,1815.0,810.0,1883.0,863.0,2396,0,0,1,Pedestrian
36,1812.0,810.0,1881.0,865.0,2397,0,0,1,Pedestrian
36,1812.0,810.0,1881.0,865.0,2398,0,0,1,Pedestrian
36,1809.0,812.0,1878.0,865.0,2399,0,0,1,Pedestrian
36,1809.0,812.0,1878.0,865.0,2400,0,0,1,Pedestrian
36,1806.0,812.0,1875.0,865.0,2401,0,0,1,Pedestrian
36,1804.0,812.0,1872.0,865.0,2402,0,0,1,Pedestrian
36,1804.0,812.0,1872.0,867.0,2403,0,0,1,Pedestrian
36,1801.0,812.0,1870.0,867.0,2404,0,0,1,Pedestrian
36,1801.0,812.0,1870.0,867.0,2405,0,0,1,Pedestrian
36,1798.0,812.0,1867.0,867.0,2406,0,0,1,Pedestrian
36,1798.0,812.0,1867.0,867.0,2407,0,0,1,Pedestrian
36,1795.0,812.0,1864.0,867.0,2408,0,0,1,Pedestrian
36,1795.0,815.0,1864.0,869.0,2409,0,0,0,Pedestrian
36,1793.0,815.0,1861.0,869.0,2410,0,0,1,Pedestrian
36,1790.0,815.0,1859.0,869.0,2411,0,0,1,Pedestrian
36,1790.0,815.0,1859.0,869.0,2412,0,0,1,Pedestrian
36,1787.0,815.0,1856.0,869.0,2413,0,0,1,Pedestrian
36,1787.0,815.0,1856.0,869.0,2414,0,0,1,Pedestrian
36,1784.0,815.0,1853.0,869.0,2415,0,0,1,Pedestrian
36,1784.0,815.0,1853.0,869.0,2416,0,0,1,Pedestrian
36,1782.0,815.0,1850.0,869.0,2417,0,0,1,Pedestrian
36,1782.0,815.0,1850.0,869.0,2418,0,0,1,Pedestrian
36,1779.0,815.0,1848.0,869.0,2419,0,0,1,Pedestrian
36,1779.0,815.0,1848.0,869.0,2420,0,0,1,Pedestrian
36,1776.0,815.0,1845.0,869.0,2421,0,0,1,Pedestrian
36,1776.0,815.0,1845.0,869.0,2422,0,0,1,Pedestrian
36,1773.0,815.0,1842.0,869.0,2423,0,0,1,Pedestrian
36,1773.0,817.0,1842.0,872.0,2424,0,0,1,Pedestrian
36,1771.0,817.0,1839.0,872.0,2425,0,0,1,Pedestrian
36,1768.0,817.0,1837.0,872.0,2426,0,0,1,Pedestrian
36,1768.0,817.0,1837.0,872.0,2427,0,0,1,Pedestrian
36,1765.0,817.0,1834.0,872.0,2428,0,0,1,Pedestrian
36,1765.0,817.0,1834.0,872.0,2429,0,0,1,Pedestrian
36,1762.0,817.0,1831.0,872.0,2430,0,0,1,Pedestrian
36,1762.0,817.0,1831.0,872.0,2431,0,0,1,Pedestrian
36,1760.0,817.0,1828.0,872.0,2432,0,0,1,Pedestrian
36,1760.0,817.0,1828.0,872.0,2433,0,0,1,Pedestrian
36,1757.0,817.0,1826.0,872.0,2434,0,0,1,Pedestrian
36,1757.0,817.0,1826.0,872.0,2435,0,0,1,Pedestrian
36,1754.0,817.0,1823.0,872.0,2436,0,0,1,Pedestrian
36,1754.0,817.0,1823.0,872.0,2437,0,0,1,Pedestrian
36,1751.0,817.0,1820.0,872.0,2438,0,0,1,Pedestrian
36,1751.0,819.0,1820.0,874.0,2439,0,0,0,Pedestrian
36,1751.0,819.0,1820.0,874.0,2440,0,0,1,Pedestrian
36,1751.0,819.0,1820.0,874.0,2441,0,0,1,Pedestrian
36,1751.0,819.0,1820.0,874.0,2442,0,0,1,Pedestrian
36,1751.0,819.0,1820.0,874.0,2443,0,0,1,Pedestrian
36,1751.0,819.0,1820.0,874.0,2444,0,0,1,Pedestrian
36,1751.0,819.0,1820.0,874.0,2445,0,0,1,Pedestrian
36,1751.0,819.0,1820.0,874.0,2446,0,0,1,Pedestrian
36,1751.0,819.0,1820.0,874.0,2447,0,0,1,Pedestrian
36,1751.0,819.0,1820.0,874.0,2448,0,0,1,Pedestrian
36,1751.0,819.0,1820.0,874.0,2449,0,0,1,Pedestrian
36,1751.0,819.0,1820.0,874.0,2450,0,0,1,Pedestrian
36,1751.0,819.0,1820.0,874.0,2451,0,0,1,Pedestrian
36,1751.0,819.0,1820.0,874.0,2452,0,0,1,Pedestrian
36,1751.0,819.0,1820.0,874.0,2453,0,0,1,Pedestrian
36,1751.0,819.0,1820.0,874.0,2454,0,0,1,Pedestrian
36,1754.0,819.0,1823.0,874.0,2455,0,0,1,Pedestrian
36,1754.0,819.0,1823.0,874.0,2456,0,0,1,Pedestrian
36,1754.0,819.0,1823.0,874.0,2457,0,0,1,Pedestrian
36,1754.0,819.0,1823.0,874.0,2458,0,0,1,Pedestrian
36,1754.0,819.0,1823.0,874.0,2459,0,0,1,Pedestrian
36,1754.0,819.0,1823.0,874.0,2460,0,0,1,Pedestrian
36,1754.0,819.0,1823.0,874.0,2461,0,0,1,Pedestrian
36,1754.0,819.0,1823.0,874.0,2462,0,0,1,Pedestrian
36,1754.0,819.0,1823.0,874.0,2463,0,0,1,Pedestrian
36,1754.0,819.0,1823.0,874.0,2464,0,0,1,Pedestrian
36,1754.0,819.0,1823.0,874.0,2465,0,0,1,Pedestrian
36,1754.0,819.0,1823.0,874.0,2466,0,0,1,Pedestrian
36,1754.0,819.0,1823.0,874.0,2467,0,0,1,Pedestrian
36,1754.0,819.0,1823.0,874.0,2468,0,0,1,Pedestrian
36,1754.0,819.0,1823.0,874.0,2469,0,0,1,Pedestrian
36,1757.0,819.0,1826.0,874.0,2470,0,0,1,Pedestrian
36,1757.0,819.0,1826.0,874.0,2471,0,0,1,Pedestrian
36,1757.0,819.0,1826.0,874.0,2472,0,0,1,Pedestrian
36,1757.0,819.0,1826.0,874.0,2473,0,0,1,Pedestrian
36,1757.0,819.0,1826.0,874.0,2474,0,0,1,Pedestrian
36,1757.0,819.0,1826.0,874.0,2475,0,0,1,Pedestrian
36,1757.0,819.0,1826.0,874.0,2476,0,0,1,Pedestrian
36,1757.0,819.0,1826.0,874.0,2477,0,0,1,Pedestrian
36,1757.0,819.0,1826.0,874.0,2478,0,0,1,Pedestrian
36,1757.0,819.0,1826.0,874.0,2479,0,0,1,Pedestrian
36,1757.0,819.0,1826.0,874.0,2480,0,0,1,Pedestrian
36,1757.0,819.0,1826.0,874.0,2481,0,0,1,Pedestrian
36,1757.0,819.0,1826.0,874.0,2482,0,0,1,Pedestrian
36,1757.0,819.0,1826.0,874.0,2483,0,0,1,Pedestrian
36,1757.0,819.0,1826.0,874.0,2484,0,0,1,Pedestrian
36,1760.0,819.0,1828.0,874.0,2485,0,0,1,Pedestrian
36,1760.0,819.0,1828.0,874.0,2486,0,0,1,Pedestrian
36,1760.0,819.0,1828.0,874.0,2487,0,0,1,Pedestrian
36,1760.0,819.0,1828.0,874.0,2488,0,0,1,Pedestrian
36,1760.0,819.0,1828.0,874.0,2489,0,0,1,Pedestrian
36,1760.0,819.0,1828.0,874.0,2490,0,0,1,Pedestrian
36,1760.0,819.0,1828.0,874.0,2491,0,0,1,Pedestrian
36,1760.0,819.0,1828.0,874.0,2492,0,0,1,Pedestrian
36,1760.0,819.0,1828.0,874.0,2493,0,0,1,Pedestrian
36,1760.0,819.0,1828.0,874.0,2494,0,0,1,Pedestrian
36,1760.0,819.0,1828.0,874.0,2495,0,0,1,Pedestrian
36,1760.0,819.0,1828.0,874.0,2496,0,0,1,Pedestrian
36,1760.0,819.0,1828.0,874.0,2497,0,0,1,Pedestrian
36,1760.0,819.0,1828.0,874.0,2498,0,0,1,Pedestrian
36,1760.0,819.0,1828.0,874.0,2499,0,0,1,Pedestrian
36,1762.0,822.0,1831.0,876.0,2500,0,0,0,Pedestrian
36,1762.0,822.0,1831.0,876.0,2501,0,0,1,Pedestrian
36,1762.0,822.0,1831.0,876.0,2502,0,0,1,Pedestrian
36,1762.0,824.0,1831.0,876.0,2503,0,0,1,Pedestrian
36,1765.0,824.0,1831.0,878.0,2504,0,0,1,Pedestrian
36,1765.0,824.0,1831.0,878.0,2505,0,0,1,Pedestrian
36,1765.0,826.0,1831.0,878.0,2506,0,0,1,Pedestrian
36,1768.0,826.0,1834.0,878.0,2507,0,0,1,Pedestrian
36,1768.0,828.0,1834.0,881.0,2508,0,0,1,Pedestrian
36,1768.0,828.0,1834.0,881.0,2509,0,0,1,Pedestrian
36,1771.0,828.0,1834.0,881.0,2510,0,0,1,Pedestrian
36,1771.0,831.0,1834.0,881.0,2511,0,0,1,Pedestrian
36,1771.0,831.0,1834.0,883.0,2512,0,0,1,Pedestrian
36,1773.0,833.0,1834.0,883.0,2513,0,0,1,Pedestrian
36,1773.0,833.0,1837.0,883.0,2514,0,0,1,Pedestrian
36,1773.0,833.0,1837.0,883.0,2515,0,0,1,Pedestrian
36,1776.0,835.0,1837.0,885.0,2516,0,0,1,Pedestrian
36,1776.0,835.0,1837.0,885.0,2517,0,0,1,Pedestrian
36,1776.0,837.0,1837.0,885.0,2518,0,0,1,Pedestrian
36,1779.0,837.0,1837.0,885.0,2519,0,0,1,Pedestrian
36,1779.0,837.0,1837.0,888.0,2520,0,0,1,Pedestrian
36,1779.0,840.0,1839.0,888.0,2521,0,0,1,Pedestrian
36,1782.0,840.0,1839.0,888.0,2522,0,0,1,Pedestrian
36,1782.0,842.0,1839.0,890.0,2523,0,0,1,Pedestrian
36,1782.0,842.0,1839.0,890.0,2524,0,0,1,Pedestrian
36,1784.0,842.0,1839.0,890.0,2525,0,0,1,Pedestrian
36,1784.0,844.0,1839.0,890.0,2526,0,0,1,Pedestrian
36,1784.0,844.0,1839.0,892.0,2527,0,0,1,Pedestrian
36,1787.0,847.0,1842.0,892.0,2528,0,0,1,Pedestrian
36,1787.0,847.0,1842.0,892.0,2529,0,0,1,Pedestrian
36,1787.0,847.0,1842.0,892.0,2530,0,0,1,Pedestrian
36,1790.0,849.0,1842.0,894.0,2531,0,0,1,Pedestrian
36,1790.0,849.0,1842.0,894.0,2532,0,0,1,Pedestrian
36,1790.0,849.0,1842.0,894.0,2533,0,0,1,Pedestrian
36,1793.0,851.0,1845.0,894.0,2534,0,0,1,Pedestrian
36,1793.0,851.0,1845.0,897.0,2535,0,0,1,Pedestrian
36,1793.0,853.0,1845.0,897.0,2536,0,0,1,Pedestrian
36,1795.0,853.0,1845.0,897.0,2537,0,0,1,Pedestrian
36,1795.0,853.0,1845.0,897.0,2538,0,0,1,Pedestrian
36,1795.0,856.0,1845.0,899.0,2539,0,0,1,Pedestrian
36,1798.0,856.0,1845.0,899.0,2540,0,0,1,Pedestrian
36,1798.0,858.0,1848.0,899.0,2541,0,0,1,Pedestrian
36,1798.0,858.0,1848.0,901.0,2542,0,0,1,Pedestrian
36,1801.0,858.0,1848.0,901.0,2543,0,0,1,Pedestrian
36,1801.0,860.0,1848.0,901.0,2544,0,0,1,Pedestrian
36,1801.0,860.0,1848.0,901.0,2545,0,0,1,Pedestrian
36,1804.0,863.0,1848.0,904.0,2546,0,0,1,Pedestrian
36,1804.0,863.0,1848.0,904.0,2547,0,0,1,Pedestrian
36,1804.0,863.0,1850.0,904.0,2548,0,0,1,Pedestrian
36,1806.0,865.0,1850.0,904.0,2549,0,0,1,Pedestrian
36,1806.0,865.0,1850.0,906.0,2550,0,0,1,Pedestrian
36,1806.0,867.0,1850.0,906.0,2551,0,0,1,Pedestrian
36,1809.0,867.0,1850.0,906.0,2552,0,0,1,Pedestrian
36,1809.0,867.0,1850.0,906.0,2553,0,0,1,Pedestrian
36,1809.0,869.0,1850.0,908.0,2554,0,0,1,Pedestrian
36,1812.0,869.0,1853.0,908.0,2555,0,0,1,Pedestrian
36,1812.0,872.0,1853.0,908.0,2556,0,0,1,Pedestrian
36,1812.0,872.0,1853.0,908.0,2557,0,0,1,Pedestrian
36,1815.0,872.0,1853.0,910.0,2558,0,0,1,Pedestrian
36,1815.0,874.0,1853.0,910.0,2559,0,0,1,Pedestrian
36,1815.0,874.0,1853.0,910.0,2560,0,0,1,Pedestrian
36,1817.0,876.0,1856.0,913.0,2561,0,0,0,Pedestrian
36,1815.0,876.0,1853.0,913.0,2562,0,0,1,Pedestrian
36,1815.0,876.0,1853.0,913.0,2563,0,0,1,Pedestrian
36,1815.0,876.0,1853.0,913.0,2564,0,0,1,Pedestrian
36,1815.0,876.0,1853.0,913.0,2565,0,0,1,Pedestrian
36,1815.0,876.0,1853.0,913.0,2566,0,0,1,Pedestrian
36,1815.0,876.0,1853.0,913.0,2567,0,0,1,Pedestrian
36,1815.0,876.0,1853.0,913.0,2568,0,0,1,Pedestrian
36,1815.0,876.0,1853.0,913.0,2569,0,0,1,Pedestrian
36,1815.0,876.0,1853.0,913.0,2570,0,0,1,Pedestrian
36,1815.0,876.0,1853.0,913.0,2571,0,0,1,Pedestrian
36,1815.0,876.0,1853.0,913.0,2572,0,0,1,Pedestrian
36,1815.0,876.0,1853.0,913.0,2573,0,0,1,Pedestrian
36,1815.0,876.0,1853.0,913.0,2574,0,0,1,Pedestrian
36,1815.0,876.0,1853.0,913.0,2575,0,0,1,Pedestrian
36,1815.0,876.0,1853.0,913.0,2576,0,0,1,Pedestrian
36,1815.0,876.0,1853.0,913.0,2577,0,0,1,Pedestrian
36,1815.0,876.0,1853.0,913.0,2578,0,0,1,Pedestrian
36,1815.0,876.0,1853.0,913.0,2579,0,0,1,Pedestrian
36,1815.0,876.0,1853.0,913.0,2580,0,0,1,Pedestrian
36,1815.0,876.0,1853.0,913.0,2581,0,0,1,Pedestrian
36,1815.0,876.0,1853.0,913.0,2582,0,0,1,Pedestrian
36,1815.0,876.0,1853.0,913.0,2583,0,0,1,Pedestrian
36,1815.0,876.0,1853.0,913.0,2584,0,0,1,Pedestrian
36,1815.0,876.0,1853.0,913.0,2585,0,0,1,Pedestrian
36,1815.0,876.0,1853.0,913.0,2586,0,0,1,Pedestrian
36,1815.0,876.0,1853.0,913.0,2587,0,0,1,Pedestrian
36,1815.0,876.0,1853.0,913.0,2588,0,0,1,Pedestrian
36,1815.0,876.0,1853.0,913.0,2589,0,0,1,Pedestrian
36,1815.0,876.0,1853.0,913.0,2590,0,0,1,Pedestrian
36,1815.0,876.0,1853.0,913.0,2591,0,0,1,Pedestrian
36,1815.0,876.0,1853.0,913.0,2592,0,0,1,Pedestrian
36,1815.0,876.0,1853.0,913.0,2593,0,0,1,Pedestrian
36,1815.0,876.0,1853.0,913.0,2594,0,0,1,Pedestrian
36,1815.0,876.0,1853.0,913.0,2595,0,0,1,Pedestrian
36,1815.0,876.0,1853.0,913.0,2596,0,0,1,Pedestrian
36,1815.0,876.0,1853.0,913.0,2597,0,0,1,Pedestrian
36,1815.0,876.0,1853.0,913.0,2598,0,0,1,Pedestrian
36,1815.0,876.0,1853.0,913.0,2599,0,0,1,Pedestrian
36,1815.0,876.0,1853.0,913.0,2600,0,0,1,Pedestrian
36,1815.0,876.0,1853.0,913.0,2601,0,0,1,Pedestrian
36,1815.0,876.0,1853.0,913.0,2602,0,0,1,Pedestrian
36,1815.0,876.0,1853.0,913.0,2603,0,0,1,Pedestrian
36,1815.0,876.0,1853.0,913.0,2604,0,0,1,Pedestrian
36,1815.0,876.0,1853.0,913.0,2605,0,0,1,Pedestrian
36,1815.0,876.0,1853.0,913.0,2606,0,0,1,Pedestrian
36,1815.0,876.0,1853.0,913.0,2607,0,0,1,Pedestrian
36,1815.0,876.0,1853.0,913.0,2608,0,0,1,Pedestrian
36,1815.0,876.0,1853.0,913.0,2609,0,0,1,Pedestrian
36,1815.0,876.0,1853.0,913.0,2610,0,0,1,Pedestrian
36,1815.0,876.0,1853.0,913.0,2611,0,0,1,Pedestrian
36,1815.0,876.0,1853.0,913.0,2612,0,0,1,Pedestrian
36,1815.0,876.0,1853.0,913.0,2613,0,0,1,Pedestrian
36,1815.0,876.0,1853.0,913.0,2614,0,0,1,Pedestrian
36,1812.0,876.0,1850.0,913.0,2615,0,0,1,Pedestrian
36,1812.0,876.0,1850.0,913.0,2616,0,0,1,Pedestrian
36,1812.0,876.0,1850.0,913.0,2617,0,0,1,Pedestrian
36,1812.0,876.0,1850.0,913.0,2618,0,0,1,Pedestrian
36,1812.0,876.0,1850.0,913.0,2619,0,0,1,Pedestrian
36,1812.0,876.0,1850.0,913.0,2620,0,0,1,Pedestrian
36,1812.0,876.0,1850.0,913.0,2621,0,0,1,Pedestrian
36,1812.0,876.0,1850.0,913.0,2622,0,0,1,Pedestrian
36,1812.0,876.0,1850.0,913.0,2623,0,0,1,Pedestrian
36,1812.0,876.0,1850.0,913.0,2624,0,0,1,Pedestrian
36,1812.0,876.0,1850.0,913.0,2625,0,0,1,Pedestrian
36,1812.0,876.0,1850.0,913.0,2626,0,0,1,Pedestrian
36,1812.0,876.0,1850.0,913.0,2627,0,0,1,Pedestrian
36,1812.0,876.0,1850.0,913.0,2628,0,0,1,Pedestrian
36,1812.0,876.0,1850.0,913.0,2629,0,0,1,Pedestrian
36,1812.0,876.0,1850.0,913.0,2630,0,0,1,Pedestrian
36,1812.0,876.0,1850.0,913.0,2631,0,0,1,Pedestrian
36,1812.0,876.0,1850.0,913.0,2632,0,0,1,Pedestrian
36,1812.0,876.0,1850.0,913.0,2633,0,0,1,Pedestrian
36,1812.0,876.0,1850.0,913.0,2634,0,0,1,Pedestrian
36,1812.0,876.0,1850.0,913.0,2635,0,0,1,Pedestrian
36,1812.0,876.0,1850.0,913.0,2636,0,0,1,Pedestrian
36,1812.0,876.0,1850.0,913.0,2637,0,0,1,Pedestrian
36,1812.0,876.0,1850.0,913.0,2638,0,0,1,Pedestrian
36,1812.0,876.0,1850.0,913.0,2639,0,0,1,Pedestrian
36,1812.0,876.0,1850.0,913.0,2640,0,0,1,Pedestrian
36,1812.0,876.0,1850.0,913.0,2641,0,0,1,Pedestrian
36,1812.0,876.0,1850.0,913.0,2642,0,0,1,Pedestrian
36,1812.0,876.0,1850.0,913.0,2643,0,0,1,Pedestrian
36,1812.0,876.0,1850.0,913.0,2644,0,0,1,Pedestrian
36,1812.0,876.0,1850.0,913.0,2645,0,0,1,Pedestrian
36,1812.0,876.0,1850.0,913.0,2646,0,0,1,Pedestrian
36,1812.0,876.0,1850.0,913.0,2647,0,0,1,Pedestrian
36,1812.0,876.0,1850.0,913.0,2648,0,0,1,Pedestrian
36,1812.0,876.0,1850.0,913.0,2649,0,0,1,Pedestrian
36,1812.0,876.0,1850.0,913.0,2650,0,0,1,Pedestrian
36,1812.0,876.0,1850.0,913.0,2651,0,0,1,Pedestrian
36,1812.0,876.0,1850.0,913.0,2652,0,0,1,Pedestrian
36,1812.0,876.0,1850.0,913.0,2653,0,0,1,Pedestrian
36,1812.0,876.0,1850.0,913.0,2654,0,0,1,Pedestrian
36,1812.0,876.0,1850.0,913.0,2655,0,0,1,Pedestrian
36,1812.0,876.0,1850.0,913.0,2656,0,0,1,Pedestrian
36,1812.0,876.0,1850.0,913.0,2657,0,0,1,Pedestrian
36,1812.0,876.0,1850.0,913.0,2658,0,0,1,Pedestrian
36,1812.0,876.0,1850.0,913.0,2659,0,0,1,Pedestrian
36,1812.0,876.0,1850.0,913.0,2660,0,0,1,Pedestrian
36,1812.0,876.0,1850.0,913.0,2661,0,0,1,Pedestrian
36,1812.0,876.0,1850.0,913.0,2662,0,0,1,Pedestrian
36,1812.0,876.0,1850.0,913.0,2663,0,0,1,Pedestrian
36,1812.0,876.0,1850.0,913.0,2664,0,0,1,Pedestrian
36,1812.0,876.0,1850.0,913.0,2665,0,0,1,Pedestrian
36,1812.0,876.0,1850.0,913.0,2666,0,0,1,Pedestrian
36,1812.0,876.0,1850.0,913.0,2667,0,0,1,Pedestrian
36,1809.0,876.0,1848.0,913.0,2668,0,0,1,Pedestrian
36,1809.0,876.0,1848.0,913.0,2669,0,0,1,Pedestrian
36,1809.0,876.0,1848.0,913.0,2670,0,0,1,Pedestrian
36,1809.0,876.0,1848.0,913.0,2671,0,0,1,Pedestrian
36,1809.0,876.0,1848.0,913.0,2672,0,0,1,Pedestrian
36,1809.0,876.0,1848.0,913.0,2673,0,0,1,Pedestrian
36,1809.0,876.0,1848.0,913.0,2674,0,0,1,Pedestrian
36,1809.0,876.0,1848.0,913.0,2675,0,0,1,Pedestrian
36,1809.0,876.0,1848.0,913.0,2676,0,0,1,Pedestrian
36,1809.0,876.0,1848.0,913.0,2677,0,0,1,Pedestrian
36,1809.0,876.0,1848.0,913.0,2678,0,0,1,Pedestrian
36,1809.0,876.0,1848.0,913.0,2679,0,0,1,Pedestrian
36,1809.0,876.0,1848.0,913.0,2680,0,0,1,Pedestrian
36,1809.0,876.0,1848.0,913.0,2681,0,0,1,Pedestrian
36,1809.0,876.0,1848.0,913.0,2682,0,0,1,Pedestrian
36,1809.0,876.0,1848.0,913.0,2683,0,0,1,Pedestrian
36,1809.0,876.0,1848.0,913.0,2684,0,0,1,Pedestrian
36,1809.0,876.0,1848.0,913.0,2685,0,0,1,Pedestrian
36,1809.0,876.0,1848.0,913.0,2686,0,0,1,Pedestrian
36,1809.0,876.0,1848.0,913.0,2687,0,0,1,Pedestrian
36,1809.0,876.0,1848.0,913.0,2688,0,0,1,Pedestrian
36,1809.0,876.0,1848.0,913.0,2689,0,0,1,Pedestrian
36,1809.0,876.0,1848.0,913.0,2690,0,0,1,Pedestrian
36,1809.0,876.0,1848.0,913.0,2691,0,0,1,Pedestrian
36,1809.0,876.0,1848.0,913.0,2692,0,0,1,Pedestrian
36,1809.0,876.0,1848.0,913.0,2693,0,0,1,Pedestrian
36,1809.0,876.0,1848.0,913.0,2694,0,0,1,Pedestrian
36,1809.0,876.0,1848.0,913.0,2695,0,0,1,Pedestrian
36,1809.0,876.0,1848.0,913.0,2696,0,0,1,Pedestrian
36,1809.0,876.0,1848.0,913.0,2697,0,0,1,Pedestrian
36,1809.0,876.0,1848.0,913.0,2698,0,0,1,Pedestrian
36,1809.0,876.0,1848.0,913.0,2699,0,0,1,Pedestrian
36,1809.0,876.0,1848.0,913.0,2700,0,0,1,Pedestrian
36,1809.0,876.0,1848.0,913.0,2701,0,0,1,Pedestrian
36,1809.0,876.0,1848.0,913.0,2702,0,0,1,Pedestrian
36,1809.0,876.0,1848.0,913.0,2703,0,0,1,Pedestrian
36,1809.0,876.0,1848.0,913.0,2704,0,0,1,Pedestrian
36,1809.0,876.0,1848.0,913.0,2705,0,0,1,Pedestrian
36,1809.0,876.0,1848.0,913.0,2706,0,0,1,Pedestrian
36,1809.0,876.0,1848.0,913.0,2707,0,0,1,Pedestrian
36,1809.0,876.0,1848.0,913.0,2708,0,0,1,Pedestrian
36,1809.0,876.0,1848.0,913.0,2709,0,0,1,Pedestrian
36,1809.0,876.0,1848.0,913.0,2710,0,0,1,Pedestrian
36,1809.0,876.0,1848.0,913.0,2711,0,0,1,Pedestrian
36,1809.0,876.0,1848.0,913.0,2712,0,0,1,Pedestrian
36,1809.0,876.0,1848.0,913.0,2713,0,0,1,Pedestrian
36,1809.0,876.0,1848.0,913.0,2714,0,0,1,Pedestrian
36,1809.0,876.0,1848.0,913.0,2715,0,0,1,Pedestrian
36,1809.0,876.0,1848.0,913.0,2716,0,0,1,Pedestrian
36,1809.0,876.0,1848.0,913.0,2717,0,0,1,Pedestrian
36,1809.0,876.0,1848.0,913.0,2718,0,0,1,Pedestrian
36,1809.0,876.0,1848.0,913.0,2719,0,0,1,Pedestrian
36,1809.0,876.0,1848.0,913.0,2720,0,0,0,Pedestrian
36,1809.0,876.0,1848.0,913.0,2721,0,0,1,Pedestrian
36,1809.0,876.0,1848.0,913.0,2722,0,0,1,Pedestrian
36,1809.0,876.0,1848.0,913.0,2723,0,0,1,Pedestrian
36,1809.0,876.0,1848.0,913.0,2724,0,0,1,Pedestrian
36,1809.0,876.0,1848.0,913.0,2725,0,0,1,Pedestrian
36,1809.0,876.0,1848.0,913.0,2726,0,0,1,Pedestrian
36,1809.0,876.0,1848.0,913.0,2727,0,0,1,Pedestrian
36,1809.0,876.0,1848.0,913.0,2728,0,0,1,Pedestrian
36,1809.0,876.0,1848.0,913.0,2729,0,0,1,Pedestrian
36,1809.0,876.0,1848.0,913.0,2730,0,0,1,Pedestrian
36,1809.0,876.0,1848.0,913.0,2731,0,0,1,Pedestrian
36,1809.0,876.0,1848.0,913.0,2732,0,0,1,Pedestrian
36,1809.0,876.0,1848.0,913.0,2733,0,0,1,Pedestrian
36,1809.0,876.0,1848.0,913.0,2734,0,0,1,Pedestrian
36,1809.0,876.0,1848.0,913.0,2735,0,0,1,Pedestrian
36,1809.0,876.0,1848.0,913.0,2736,0,0,1,Pedestrian
36,1809.0,876.0,1848.0,913.0,2737,0,0,1,Pedestrian
36,1809.0,876.0,1848.0,913.0,2738,0,0,1,Pedestrian
36,1809.0,876.0,1848.0,913.0,2739,0,0,1,Pedestrian
36,1809.0,876.0,1848.0,913.0,2740,0,0,1,Pedestrian
36,1809.0,876.0,1848.0,913.0,2741,0,0,1,Pedestrian
36,1809.0,876.0,1848.0,913.0,2742,0,0,1,Pedestrian
36,1809.0,876.0,1848.0,913.0,2743,0,0,1,Pedestrian
36,1809.0,876.0,1848.0,913.0,2744,0,0,1,Pedestrian
36,1809.0,876.0,1848.0,913.0,2745,0,0,1,Pedestrian
36,1809.0,876.0,1848.0,913.0,2746,0,0,1,Pedestrian
36,1809.0,876.0,1848.0,913.0,2747,0,0,1,Pedestrian
36,1809.0,876.0,1848.0,913.0,2748,0,0,1,Pedestrian
36,1809.0,876.0,1848.0,913.0,2749,0,0,1,Pedestrian
36,1809.0,876.0,1848.0,913.0,2750,0,0,1,Pedestrian
36,1809.0,876.0,1848.0,913.0,2751,0,0,1,Pedestrian
36,1809.0,876.0,1848.0,913.0,2752,0,0,1,Pedestrian
36,1809.0,876.0,1848.0,913.0,2753,0,0,1,Pedestrian
36,1809.0,876.0,1848.0,913.0,2754,0,0,1,Pedestrian
36,1809.0,876.0,1848.0,913.0,2755,0,0,1,Pedestrian
36,1809.0,876.0,1848.0,913.0,2756,0,0,1,Pedestrian
36,1809.0,876.0,1848.0,913.0,2757,0,0,1,Pedestrian
36,1809.0,876.0,1848.0,913.0,2758,0,0,1,Pedestrian
36,1809.0,876.0,1848.0,913.0,2759,0,0,1,Pedestrian
36,1809.0,876.0,1848.0,913.0,2760,0,0,1,Pedestrian
36,1809.0,876.0,1848.0,913.0,2761,0,0,1,Pedestrian
36,1809.0,876.0,1848.0,913.0,2762,0,0,1,Pedestrian
36,1809.0,876.0,1848.0,913.0,2763,0,0,1,Pedestrian
36,1809.0,876.0,1848.0,913.0,2764,0,0,1,Pedestrian
36,1809.0,876.0,1848.0,913.0,2765,0,0,1,Pedestrian
36,1809.0,876.0,1848.0,913.0,2766,0,0,1,Pedestrian
36,1809.0,876.0,1848.0,913.0,2767,0,0,1,Pedestrian
36,1809.0,876.0,1848.0,913.0,2768,0,0,1,Pedestrian
36,1809.0,876.0,1848.0,913.0,2769,0,0,1,Pedestrian
36,1809.0,876.0,1848.0,913.0,2770,0,0,1,Pedestrian
36,1809.0,876.0,1848.0,913.0,2771,0,0,1,Pedestrian
36,1809.0,876.0,1848.0,913.0,2772,0,0,1,Pedestrian
36,1809.0,876.0,1848.0,913.0,2773,0,0,1,Pedestrian
36,1809.0,876.0,1848.0,913.0,2774,0,0,1,Pedestrian
36,1809.0,876.0,1848.0,913.0,2775,0,0,1,Pedestrian
36,1809.0,876.0,1848.0,913.0,2776,0,0,1,Pedestrian
36,1809.0,876.0,1848.0,913.0,2777,0,0,1,Pedestrian
36,1809.0,876.0,1848.0,913.0,2778,0,0,1,Pedestrian
36,1809.0,876.0,1848.0,913.0,2779,0,0,1,Pedestrian
36,1809.0,876.0,1848.0,913.0,2780,0,0,1,Pedestrian
36,1809.0,876.0,1848.0,913.0,2781,0,0,1,Pedestrian
36,1809.0,876.0,1848.0,913.0,2782,0,0,1,Pedestrian
36,1809.0,876.0,1848.0,913.0,2783,0,0,1,Pedestrian
36,1809.0,876.0,1848.0,913.0,2784,0,0,1,Pedestrian
36,1809.0,876.0,1848.0,913.0,2785,0,0,1,Pedestrian
36,1809.0,876.0,1848.0,913.0,2786,0,0,1,Pedestrian
36,1809.0,876.0,1848.0,913.0,2787,0,0,1,Pedestrian
36,1809.0,876.0,1848.0,913.0,2788,0,0,1,Pedestrian
36,1809.0,876.0,1848.0,913.0,2789,0,0,1,Pedestrian
36,1809.0,876.0,1848.0,913.0,2790,0,0,1,Pedestrian
36,1809.0,876.0,1848.0,913.0,2791,0,0,1,Pedestrian
36,1809.0,876.0,1848.0,913.0,2792,0,0,1,Pedestrian
36,1809.0,876.0,1848.0,913.0,2793,0,0,1,Pedestrian
36,1809.0,876.0,1848.0,913.0,2794,0,0,1,Pedestrian
36,1809.0,876.0,1848.0,913.0,2795,0,0,1,Pedestrian
36,1809.0,876.0,1848.0,913.0,2796,0,0,1,Pedestrian
36,1809.0,876.0,1848.0,913.0,2797,0,0,1,Pedestrian
36,1809.0,876.0,1848.0,913.0,2798,0,0,1,Pedestrian
36,1809.0,876.0,1848.0,913.0,2799,0,0,1,Pedestrian
36,1809.0,876.0,1848.0,913.0,2800,0,0,1,Pedestrian
36,1809.0,876.0,1848.0,913.0,2801,0,0,1,Pedestrian
36,1809.0,876.0,1848.0,913.0,2802,0,0,1,Pedestrian
36,1809.0,876.0,1848.0,913.0,2803,0,0,1,Pedestrian
36,1809.0,876.0,1848.0,913.0,2804,0,0,1,Pedestrian
36,1809.0,876.0,1848.0,913.0,2805,0,0,1,Pedestrian
36,1809.0,876.0,1848.0,913.0,2806,0,0,1,Pedestrian
36,1809.0,876.0,1848.0,913.0,2807,0,0,1,Pedestrian
36,1809.0,876.0,1848.0,913.0,2808,0,0,1,Pedestrian
36,1809.0,876.0,1848.0,913.0,2809,0,0,1,Pedestrian
36,1809.0,876.0,1848.0,913.0,2810,0,0,1,Pedestrian
36,1809.0,876.0,1848.0,913.0,2811,0,0,1,Pedestrian
36,1809.0,876.0,1848.0,913.0,2812,0,0,1,Pedestrian
36,1809.0,876.0,1848.0,913.0,2813,0,0,1,Pedestrian
36,1809.0,876.0,1848.0,913.0,2814,0,0,1,Pedestrian
36,1809.0,876.0,1848.0,913.0,2815,0,0,1,Pedestrian
36,1809.0,876.0,1848.0,913.0,2816,0,0,1,Pedestrian
36,1809.0,876.0,1848.0,913.0,2817,0,0,1,Pedestrian
36,1809.0,876.0,1848.0,913.0,2818,0,0,1,Pedestrian
36,1809.0,876.0,1848.0,913.0,2819,0,0,1,Pedestrian
36,1809.0,876.0,1848.0,913.0,2820,0,0,1,Pedestrian
36,1809.0,876.0,1848.0,913.0,2821,0,0,1,Pedestrian
36,1809.0,876.0,1848.0,913.0,2822,0,0,1,Pedestrian
36,1809.0,876.0,1848.0,913.0,2823,0,0,1,Pedestrian
36,1809.0,876.0,1848.0,913.0,2824,0,0,1,Pedestrian
36,1809.0,876.0,1848.0,913.0,2825,0,0,1,Pedestrian
36,1809.0,876.0,1848.0,913.0,2826,0,0,1,Pedestrian
36,1809.0,876.0,1848.0,913.0,2827,0,0,1,Pedestrian
36,1809.0,876.0,1848.0,913.0,2828,0,0,1,Pedestrian
36,1809.0,876.0,1848.0,913.0,2829,0,0,1,Pedestrian
36,1809.0,876.0,1848.0,913.0,2830,0,0,1,Pedestrian
36,1809.0,876.0,1848.0,913.0,2831,0,0,1,Pedestrian
36,1809.0,876.0,1848.0,913.0,2832,0,0,1,Pedestrian
36,1809.0,876.0,1848.0,913.0,2833,0,0,1,Pedestrian
36,1809.0,876.0,1848.0,913.0,2834,0,0,1,Pedestrian
36,1809.0,876.0,1848.0,913.0,2835,0,0,1,Pedestrian
36,1809.0,876.0,1848.0,913.0,2836,0,0,1,Pedestrian
36,1809.0,876.0,1848.0,913.0,2837,0,0,1,Pedestrian
36,1809.0,876.0,1848.0,913.0,2838,0,0,1,Pedestrian
36,1809.0,876.0,1848.0,913.0,2839,0,0,1,Pedestrian
36,1809.0,876.0,1848.0,913.0,2840,0,0,1,Pedestrian
36,1809.0,876.0,1848.0,913.0,2841,0,0,1,Pedestrian
36,1809.0,876.0,1848.0,913.0,2842,0,0,1,Pedestrian
36,1809.0,876.0,1848.0,913.0,2843,0,0,1,Pedestrian
36,1809.0,876.0,1848.0,913.0,2844,0,0,1,Pedestrian
36,1809.0,876.0,1848.0,913.0,2845,0,0,1,Pedestrian
36,1809.0,876.0,1848.0,913.0,2846,0,0,1,Pedestrian
36,1809.0,876.0,1848.0,913.0,2847,0,0,1,Pedestrian
36,1809.0,876.0,1848.0,913.0,2848,0,0,1,Pedestrian
36,1809.0,876.0,1848.0,913.0,2849,0,0,1,Pedestrian
36,1809.0,876.0,1848.0,913.0,2850,0,0,1,Pedestrian
36,1809.0,876.0,1848.0,913.0,2851,0,0,1,Pedestrian
36,1809.0,876.0,1848.0,913.0,2852,0,0,1,Pedestrian
36,1809.0,876.0,1848.0,913.0,2853,0,0,1,Pedestrian
36,1809.0,876.0,1848.0,913.0,2854,0,0,1,Pedestrian
36,1809.0,876.0,1848.0,913.0,2855,0,0,1,Pedestrian
36,1809.0,876.0,1848.0,913.0,2856,0,0,1,Pedestrian
36,1809.0,876.0,1848.0,913.0,2857,0,0,1,Pedestrian
36,1809.0,876.0,1848.0,913.0,2858,0,0,1,Pedestrian
36,1809.0,876.0,1848.0,913.0,2859,0,0,1,Pedestrian
36,1809.0,876.0,1848.0,913.0,2860,0,0,1,Pedestrian
36,1809.0,876.0,1848.0,913.0,2861,0,0,1,Pedestrian
36,1809.0,876.0,1848.0,913.0,2862,0,0,1,Pedestrian
36,1809.0,876.0,1848.0,913.0,2863,0,0,1,Pedestrian
36,1809.0,876.0,1848.0,913.0,2864,0,0,1,Pedestrian
36,1809.0,876.0,1848.0,913.0,2865,0,0,1,Pedestrian
36,1809.0,876.0,1848.0,913.0,2866,0,0,1,Pedestrian
36,1809.0,876.0,1848.0,913.0,2867,0,0,1,Pedestrian
36,1809.0,876.0,1848.0,913.0,2868,0,0,1,Pedestrian
36,1809.0,876.0,1848.0,913.0,2869,0,0,1,Pedestrian
36,1809.0,876.0,1848.0,913.0,2870,0,0,1,Pedestrian
36,1809.0,876.0,1848.0,913.0,2871,0,0,1,Pedestrian
36,1809.0,876.0,1848.0,913.0,2872,0,0,1,Pedestrian
36,1809.0,876.0,1848.0,913.0,2873,0,0,1,Pedestrian
36,1809.0,876.0,1848.0,913.0,2874,0,0,1,Pedestrian
36,1809.0,876.0,1848.0,913.0,2875,0,0,1,Pedestrian
36,1809.0,876.0,1848.0,913.0,2876,0,0,1,Pedestrian
36,1809.0,876.0,1848.0,913.0,2877,0,0,1,Pedestrian
36,1809.0,876.0,1848.0,913.0,2878,0,0,1,Pedestrian
36,1809.0,876.0,1848.0,913.0,2879,0,0,1,Pedestrian
36,1809.0,876.0,1848.0,913.0,2880,0,0,1,Pedestrian
36,1809.0,876.0,1848.0,913.0,2881,0,0,1,Pedestrian
36,1809.0,876.0,1848.0,913.0,2882,0,0,1,Pedestrian
36,1809.0,876.0,1848.0,913.0,2883,0,0,1,Pedestrian
36,1809.0,876.0,1848.0,913.0,2884,0,0,1,Pedestrian
36,1809.0,876.0,1848.0,913.0,2885,0,0,1,Pedestrian
36,1809.0,876.0,1848.0,913.0,2886,0,0,1,Pedestrian
36,1809.0,876.0,1848.0,913.0,2887,0,0,1,Pedestrian
36,1809.0,876.0,1848.0,913.0,2888,0,0,1,Pedestrian
36,1809.0,876.0,1848.0,913.0,2889,0,0,1,Pedestrian
36,1809.0,876.0,1848.0,913.0,2890,0,0,1,Pedestrian
36,1809.0,876.0,1848.0,913.0,2891,0,0,1,Pedestrian
36,1809.0,876.0,1848.0,913.0,2892,0,0,1,Pedestrian
36,1809.0,876.0,1848.0,913.0,2893,0,0,1,Pedestrian
36,1809.0,876.0,1848.0,913.0,2894,0,0,1,Pedestrian
36,1809.0,876.0,1848.0,913.0,2895,0,0,1,Pedestrian
36,1809.0,876.0,1848.0,913.0,2896,0,0,1,Pedestrian
36,1809.0,876.0,1848.0,913.0,2897,0,0,1,Pedestrian
36,1809.0,876.0,1848.0,913.0,2898,0,0,1,Pedestrian
36,1809.0,876.0,1848.0,913.0,2899,0,0,1,Pedestrian
36,1809.0,876.0,1848.0,913.0,2900,0,0,1,Pedestrian
36,1809.0,876.0,1848.0,913.0,2901,0,0,1,Pedestrian
36,1809.0,876.0,1848.0,913.0,2902,0,0,1,Pedestrian
36,1809.0,876.0,1848.0,913.0,2903,0,0,1,Pedestrian
36,1809.0,876.0,1848.0,913.0,2904,0,0,1,Pedestrian
36,1809.0,876.0,1848.0,913.0,2905,0,0,1,Pedestrian
36,1809.0,876.0,1848.0,913.0,2906,0,0,1,Pedestrian
36,1809.0,876.0,1848.0,913.0,2907,0,0,1,Pedestrian
36,1809.0,876.0,1848.0,913.0,2908,0,0,1,Pedestrian
36,1809.0,876.0,1848.0,913.0,2909,0,0,1,Pedestrian
36,1809.0,876.0,1848.0,913.0,2910,0,0,1,Pedestrian
36,1809.0,876.0,1848.0,913.0,2911,0,0,1,Pedestrian
36,1809.0,876.0,1848.0,913.0,2912,0,0,1,Pedestrian
36,1809.0,876.0,1848.0,913.0,2913,0,0,1,Pedestrian
36,1809.0,876.0,1848.0,913.0,2914,0,0,1,Pedestrian
36,1809.0,876.0,1848.0,913.0,2915,0,0,1,Pedestrian
36,1809.0,876.0,1848.0,913.0,2916,0,0,1,Pedestrian
36,1809.0,876.0,1848.0,913.0,2917,0,0,1,Pedestrian
36,1809.0,876.0,1848.0,913.0,2918,0,0,1,Pedestrian
36,1809.0,876.0,1848.0,913.0,2919,0,0,1,Pedestrian
36,1809.0,876.0,1848.0,913.0,2920,0,0,1,Pedestrian
36,1809.0,876.0,1848.0,913.0,2921,0,0,1,Pedestrian
36,1809.0,876.0,1848.0,913.0,2922,0,0,1,Pedestrian
36,1809.0,876.0,1848.0,913.0,2923,0,0,1,Pedestrian
36,1809.0,876.0,1848.0,913.0,2924,0,0,1,Pedestrian
36,1809.0,876.0,1848.0,913.0,2925,0,0,1,Pedestrian
36,1809.0,876.0,1848.0,913.0,2926,0,0,1,Pedestrian
36,1809.0,876.0,1848.0,913.0,2927,0,0,1,Pedestrian
36,1809.0,876.0,1848.0,913.0,2928,0,0,1,Pedestrian
36,1809.0,876.0,1848.0,913.0,2929,0,0,1,Pedestrian
36,1809.0,876.0,1848.0,913.0,2930,0,0,1,Pedestrian
36,1809.0,876.0,1848.0,913.0,2931,0,0,1,Pedestrian
36,1809.0,876.0,1848.0,913.0,2932,0,0,1,Pedestrian
36,1809.0,876.0,1848.0,913.0,2933,0,0,1,Pedestrian
36,1809.0,876.0,1848.0,913.0,2934,0,0,1,Pedestrian
36,1809.0,876.0,1848.0,913.0,2935,0,0,1,Pedestrian
36,1809.0,876.0,1848.0,913.0,2936,0,0,1,Pedestrian
36,1809.0,876.0,1848.0,913.0,2937,0,0,1,Pedestrian
36,1809.0,876.0,1848.0,913.0,2938,0,0,1,Pedestrian
36,1809.0,876.0,1848.0,913.0,2939,0,0,1,Pedestrian
36,1809.0,876.0,1848.0,913.0,2940,0,0,1,Pedestrian
36,1809.0,876.0,1848.0,913.0,2941,0,0,1,Pedestrian
36,1809.0,876.0,1848.0,913.0,2942,0,0,1,Pedestrian
36,1809.0,876.0,1848.0,913.0,2943,0,0,1,Pedestrian
36,1809.0,876.0,1848.0,913.0,2944,0,0,1,Pedestrian
36,1809.0,876.0,1848.0,913.0,2945,0,0,1,Pedestrian
36,1809.0,876.0,1848.0,913.0,2946,0,0,1,Pedestrian
36,1809.0,876.0,1848.0,913.0,2947,0,0,1,Pedestrian
36,1809.0,876.0,1848.0,913.0,2948,0,0,1,Pedestrian
36,1809.0,876.0,1848.0,913.0,2949,0,0,1,Pedestrian
36,1809.0,876.0,1848.0,913.0,2950,0,0,1,Pedestrian
36,1809.0,876.0,1848.0,913.0,2951,0,0,1,Pedestrian
36,1809.0,876.0,1848.0,913.0,2952,0,0,1,Pedestrian
36,1809.0,876.0,1848.0,913.0,2953,0,0,1,Pedestrian
36,1809.0,876.0,1848.0,913.0,2954,0,0,1,Pedestrian
36,1809.0,876.0,1848.0,913.0,2955,0,0,1,Pedestrian
36,1809.0,876.0,1848.0,913.0,2956,0,0,1,Pedestrian
36,1809.0,876.0,1848.0,913.0,2957,0,0,1,Pedestrian
36,1809.0,876.0,1848.0,913.0,2958,0,0,1,Pedestrian
36,1809.0,876.0,1848.0,913.0,2959,0,0,1,Pedestrian
36,1809.0,876.0,1848.0,913.0,2960,0,0,1,Pedestrian
36,1809.0,876.0,1848.0,913.0,2961,0,0,1,Pedestrian
36,1809.0,876.0,1848.0,913.0,2962,0,0,1,Pedestrian
36,1809.0,876.0,1848.0,913.0,2963,0,0,1,Pedestrian
36,1809.0,876.0,1848.0,913.0,2964,0,0,1,Pedestrian
36,1809.0,876.0,1848.0,913.0,2965,0,0,1,Pedestrian
36,1809.0,876.0,1848.0,913.0,2966,0,0,1,Pedestrian
36,1809.0,876.0,1848.0,913.0,2967,0,0,1,Pedestrian
36,1809.0,876.0,1848.0,913.0,2968,0,0,1,Pedestrian
36,1809.0,876.0,1848.0,913.0,2969,0,0,1,Pedestrian
36,1809.0,876.0,1848.0,913.0,2970,0,0,1,Pedestrian
36,1809.0,876.0,1848.0,913.0,2971,0,0,1,Pedestrian
36,1809.0,876.0,1848.0,913.0,2972,0,0,1,Pedestrian
36,1809.0,876.0,1848.0,913.0,2973,0,0,1,Pedestrian
36,1809.0,876.0,1848.0,913.0,2974,0,0,1,Pedestrian
36,1809.0,876.0,1848.0,913.0,2975,0,0,1,Pedestrian
36,1809.0,876.0,1848.0,913.0,2976,0,0,1,Pedestrian
36,1809.0,876.0,1848.0,913.0,2977,0,0,1,Pedestrian
36,1809.0,876.0,1848.0,913.0,2978,0,0,1,Pedestrian
36,1809.0,876.0,1848.0,913.0,2979,0,0,1,Pedestrian
36,1809.0,876.0,1848.0,913.0,2980,0,0,1,Pedestrian
36,1809.0,876.0,1848.0,913.0,2981,0,0,1,Pedestrian
36,1809.0,876.0,1848.0,913.0,2982,0,0,1,Pedestrian
36,1809.0,876.0,1848.0,913.0,2983,0,0,1,Pedestrian
36,1809.0,876.0,1848.0,913.0,2984,0,0,1,Pedestrian
36,1809.0,876.0,1848.0,913.0,2985,0,0,1,Pedestrian
36,1809.0,876.0,1848.0,913.0,2986,0,0,1,Pedestrian
36,1809.0,876.0,1848.0,913.0,2987,0,0,1,Pedestrian
36,1809.0,876.0,1848.0,913.0,2988,0,0,1,Pedestrian
36,1809.0,876.0,1848.0,913.0,2989,0,0,1,Pedestrian
36,1809.0,876.0,1848.0,913.0,2990,0,0,1,Pedestrian
36,1809.0,876.0,1848.0,913.0,2991,0,0,1,Pedestrian
36,1809.0,876.0,1848.0,913.0,2992,0,0,1,Pedestrian
36,1809.0,876.0,1848.0,913.0,2993,0,0,1,Pedestrian
36,1809.0,876.0,1848.0,913.0,2994,0,0,1,Pedestrian
36,1809.0,876.0,1848.0,913.0,2995,0,0,1,Pedestrian
36,1809.0,876.0,1848.0,913.0,2996,0,0,1,Pedestrian
36,1809.0,876.0,1848.0,913.0,2997,0,0,1,Pedestrian
36,1809.0,876.0,1848.0,913.0,2998,0,0,1,Pedestrian
36,1809.0,876.0,1848.0,913.0,2999,0,0,1,Pedestrian
36,1809.0,876.0,1848.0,913.0,3000,0,0,0,Pedestrian
36,1806.0,874.0,1845.0,913.0,3001,0,0,1,Pedestrian
36,1806.0,874.0,1845.0,913.0,3002,0,0,1,Pedestrian
36,1806.0,874.0,1845.0,913.0,3003,0,0,1,Pedestrian
36,1806.0,874.0,1845.0,913.0,3004,0,0,1,Pedestrian
36,1806.0,874.0,1845.0,913.0,3005,0,0,1,Pedestrian
36,1806.0,874.0,1845.0,913.0,3006,0,0,1,Pedestrian
36,1806.0,874.0,1845.0,913.0,3007,0,0,1,Pedestrian
36,1806.0,874.0,1845.0,913.0,3008,0,0,1,Pedestrian
36,1806.0,874.0,1845.0,913.0,3009,0,0,1,Pedestrian
36,1806.0,874.0,1845.0,913.0,3010,0,0,1,Pedestrian
36,1806.0,874.0,1845.0,913.0,3011,0,0,1,Pedestrian
36,1806.0,874.0,1845.0,913.0,3012,0,0,1,Pedestrian
36,1806.0,874.0,1845.0,913.0,3013,0,0,1,Pedestrian
36,1806.0,874.0,1845.0,913.0,3014,0,0,1,Pedestrian
36,1806.0,874.0,1845.0,913.0,3015,0,0,1,Pedestrian
36,1806.0,874.0,1845.0,913.0,3016,0,0,1,Pedestrian
36,1806.0,874.0,1845.0,913.0,3017,0,0,1,Pedestrian
36,1806.0,874.0,1845.0,913.0,3018,0,0,1,Pedestrian
36,1806.0,874.0,1845.0,913.0,3019,0,0,1,Pedestrian
36,1806.0,874.0,1845.0,913.0,3020,0,0,1,Pedestrian
36,1806.0,874.0,1845.0,913.0,3021,0,0,1,Pedestrian
36,1806.0,874.0,1845.0,913.0,3022,0,0,1,Pedestrian
36,1806.0,874.0,1845.0,913.0,3023,0,0,1,Pedestrian
36,1806.0,874.0,1845.0,913.0,3024,0,0,1,Pedestrian
36,1806.0,874.0,1845.0,913.0,3025,0,0,1,Pedestrian
36,1806.0,874.0,1845.0,913.0,3026,0,0,1,Pedestrian
36,1806.0,874.0,1845.0,913.0,3027,0,0,1,Pedestrian
36,1806.0,874.0,1845.0,913.0,3028,0,0,1,Pedestrian
36,1806.0,874.0,1845.0,913.0,3029,0,0,1,Pedestrian
36,1806.0,874.0,1845.0,913.0,3030,0,0,1,Pedestrian
36,1806.0,874.0,1845.0,913.0,3031,0,0,1,Pedestrian
36,1806.0,874.0,1845.0,913.0,3032,0,0,1,Pedestrian
36,1806.0,874.0,1845.0,913.0,3033,0,0,1,Pedestrian
36,1806.0,874.0,1845.0,913.0,3034,0,0,1,Pedestrian
36,1806.0,874.0,1845.0,913.0,3035,0,0,1,Pedestrian
36,1806.0,874.0,1845.0,913.0,3036,0,0,1,Pedestrian
36,1806.0,874.0,1845.0,913.0,3037,0,0,1,Pedestrian
36,1806.0,874.0,1845.0,913.0,3038,0,0,1,Pedestrian
36,1806.0,874.0,1845.0,913.0,3039,0,0,1,Pedestrian
36,1806.0,874.0,1845.0,913.0,3040,0,0,1,Pedestrian
36,1806.0,874.0,1845.0,913.0,3041,0,0,1,Pedestrian
36,1806.0,874.0,1845.0,913.0,3042,0,0,1,Pedestrian
36,1806.0,874.0,1845.0,913.0,3043,0,0,1,Pedestrian
36,1806.0,874.0,1845.0,913.0,3044,0,0,1,Pedestrian
36,1806.0,874.0,1845.0,913.0,3045,0,0,1,Pedestrian
36,1806.0,874.0,1845.0,913.0,3046,0,0,1,Pedestrian
36,1806.0,874.0,1845.0,913.0,3047,0,0,1,Pedestrian
36,1806.0,874.0,1845.0,913.0,3048,0,0,1,Pedestrian
36,1806.0,874.0,1845.0,913.0,3049,0,0,1,Pedestrian
36,1806.0,874.0,1845.0,913.0,3050,0,0,1,Pedestrian
36,1806.0,874.0,1845.0,913.0,3051,0,0,1,Pedestrian
36,1806.0,874.0,1845.0,913.0,3052,0,0,1,Pedestrian
36,1806.0,874.0,1845.0,913.0,3053,0,0,1,Pedestrian
36,1806.0,874.0,1845.0,913.0,3054,0,0,1,Pedestrian
36,1806.0,874.0,1845.0,913.0,3055,0,0,1,Pedestrian
36,1806.0,874.0,1845.0,913.0,3056,0,0,1,Pedestrian
36,1806.0,874.0,1845.0,913.0,3057,0,0,1,Pedestrian
36,1806.0,874.0,1845.0,913.0,3058,0,0,1,Pedestrian
36,1806.0,874.0,1845.0,913.0,3059,0,0,1,Pedestrian
36,1806.0,874.0,1845.0,913.0,3060,0,0,1,Pedestrian
36,1806.0,874.0,1845.0,913.0,3061,0,0,1,Pedestrian
36,1806.0,874.0,1845.0,913.0,3062,0,0,1,Pedestrian
36,1806.0,874.0,1845.0,913.0,3063,0,0,1,Pedestrian
36,1806.0,874.0,1845.0,913.0,3064,0,0,1,Pedestrian
36,1806.0,874.0,1845.0,913.0,3065,0,0,1,Pedestrian
36,1806.0,874.0,1845.0,913.0,3066,0,0,1,Pedestrian
36,1806.0,874.0,1845.0,913.0,3067,0,0,1,Pedestrian
36,1806.0,874.0,1845.0,913.0,3068,0,0,1,Pedestrian
36,1806.0,874.0,1845.0,913.0,3069,0,0,1,Pedestrian
36,1806.0,874.0,1845.0,913.0,3070,0,0,1,Pedestrian
36,1806.0,874.0,1845.0,913.0,3071,0,0,1,Pedestrian
36,1806.0,874.0,1845.0,913.0,3072,0,0,1,Pedestrian
36,1806.0,874.0,1845.0,913.0,3073,0,0,1,Pedestrian
36,1806.0,874.0,1845.0,913.0,3074,0,0,1,Pedestrian
36,1806.0,874.0,1845.0,913.0,3075,0,0,1,Pedestrian
36,1806.0,874.0,1845.0,913.0,3076,0,0,1,Pedestrian
36,1806.0,874.0,1845.0,913.0,3077,0,0,1,Pedestrian
36,1806.0,874.0,1845.0,913.0,3078,0,0,1,Pedestrian
36,1806.0,874.0,1845.0,913.0,3079,0,0,1,Pedestrian
36,1806.0,874.0,1845.0,913.0,3080,0,0,1,Pedestrian
36,1806.0,874.0,1845.0,913.0,3081,0,0,1,Pedestrian
36,1806.0,874.0,1845.0,913.0,3082,0,0,1,Pedestrian
36,1806.0,874.0,1845.0,913.0,3083,0,0,1,Pedestrian
36,1806.0,874.0,1845.0,913.0,3084,0,0,1,Pedestrian
36,1806.0,874.0,1845.0,913.0,3085,0,0,1,Pedestrian
36,1806.0,874.0,1845.0,913.0,3086,0,0,1,Pedestrian
36,1806.0,874.0,1845.0,913.0,3087,0,0,1,Pedestrian
36,1806.0,874.0,1845.0,913.0,3088,0,0,1,Pedestrian
36,1806.0,874.0,1845.0,913.0,3089,0,0,1,Pedestrian
36,1806.0,874.0,1845.0,913.0,3090,0,0,1,Pedestrian
36,1806.0,874.0,1845.0,913.0,3091,0,0,1,Pedestrian
36,1806.0,874.0,1845.0,913.0,3092,0,0,1,Pedestrian
36,1806.0,874.0,1845.0,913.0,3093,0,0,1,Pedestrian
36,1806.0,874.0,1845.0,913.0,3094,0,0,1,Pedestrian
36,1806.0,874.0,1845.0,913.0,3095,0,0,1,Pedestrian
36,1806.0,874.0,1845.0,913.0,3096,0,0,1,Pedestrian
36,1806.0,874.0,1845.0,913.0,3097,0,0,1,Pedestrian
36,1806.0,874.0,1845.0,913.0,3098,0,0,1,Pedestrian
36,1806.0,874.0,1845.0,913.0,3099,0,0,1,Pedestrian
36,1806.0,874.0,1845.0,913.0,3100,0,0,1,Pedestrian
36,1806.0,874.0,1845.0,913.0,3101,0,0,1,Pedestrian
36,1806.0,874.0,1845.0,913.0,3102,0,0,1,Pedestrian
36,1806.0,874.0,1845.0,913.0,3103,0,0,1,Pedestrian
36,1806.0,874.0,1845.0,913.0,3104,0,0,1,Pedestrian
36,1806.0,874.0,1845.0,913.0,3105,0,0,1,Pedestrian
36,1806.0,874.0,1845.0,913.0,3106,0,0,1,Pedestrian
36,1806.0,874.0,1845.0,913.0,3107,0,0,1,Pedestrian
36,1806.0,874.0,1845.0,913.0,3108,0,0,1,Pedestrian
36,1806.0,874.0,1845.0,913.0,3109,0,0,1,Pedestrian
36,1806.0,874.0,1845.0,913.0,3110,0,0,1,Pedestrian
36,1806.0,874.0,1845.0,913.0,3111,0,0,1,Pedestrian
36,1806.0,874.0,1845.0,913.0,3112,0,0,1,Pedestrian
36,1806.0,874.0,1845.0,913.0,3113,0,0,1,Pedestrian
36,1806.0,874.0,1845.0,913.0,3114,0,0,1,Pedestrian
36,1806.0,874.0,1845.0,913.0,3115,0,0,1,Pedestrian
36,1806.0,874.0,1845.0,913.0,3116,0,0,1,Pedestrian
36,1806.0,874.0,1845.0,913.0,3117,0,0,1,Pedestrian
36,1806.0,874.0,1845.0,913.0,3118,0,0,1,Pedestrian
36,1806.0,874.0,1845.0,913.0,3119,0,0,1,Pedestrian
36,1806.0,874.0,1845.0,913.0,3120,0,0,1,Pedestrian
36,1806.0,874.0,1845.0,913.0,3121,0,0,1,Pedestrian
36,1806.0,874.0,1845.0,913.0,3122,0,0,1,Pedestrian
36,1806.0,874.0,1845.0,913.0,3123,0,0,1,Pedestrian
36,1806.0,874.0,1845.0,913.0,3124,0,0,1,Pedestrian
36,1806.0,874.0,1845.0,913.0,3125,0,0,1,Pedestrian
36,1804.0,874.0,1845.0,913.0,3126,0,0,1,Pedestrian
36,1804.0,874.0,1845.0,913.0,3127,0,0,1,Pedestrian
36,1804.0,874.0,1845.0,913.0,3128,0,0,1,Pedestrian
36,1804.0,874.0,1845.0,913.0,3129,0,0,1,Pedestrian
36,1804.0,874.0,1845.0,913.0,3130,0,0,1,Pedestrian
36,1804.0,874.0,1845.0,913.0,3131,0,0,1,Pedestrian
36,1804.0,874.0,1845.0,913.0,3132,0,0,1,Pedestrian
36,1804.0,874.0,1845.0,913.0,3133,0,0,1,Pedestrian
36,1804.0,874.0,1845.0,913.0,3134,0,0,1,Pedestrian
36,1804.0,874.0,1845.0,913.0,3135,0,0,1,Pedestrian
36,1804.0,874.0,1845.0,913.0,3136,0,0,1,Pedestrian
36,1804.0,874.0,1845.0,913.0,3137,0,0,1,Pedestrian
36,1804.0,874.0,1845.0,913.0,3138,0,0,1,Pedestrian
36,1804.0,874.0,1845.0,913.0,3139,0,0,1,Pedestrian
36,1804.0,874.0,1845.0,913.0,3140,0,0,1,Pedestrian
36,1804.0,874.0,1845.0,913.0,3141,0,0,1,Pedestrian
36,1804.0,874.0,1845.0,913.0,3142,0,0,1,Pedestrian
36,1804.0,874.0,1845.0,913.0,3143,0,0,1,Pedestrian
36,1804.0,874.0,1845.0,913.0,3144,0,0,1,Pedestrian
36,1804.0,874.0,1845.0,913.0,3145,0,0,1,Pedestrian
36,1804.0,874.0,1845.0,913.0,3146,0,0,1,Pedestrian
36,1804.0,874.0,1845.0,913.0,3147,0,0,1,Pedestrian
36,1804.0,874.0,1845.0,913.0,3148,0,0,1,Pedestrian
36,1804.0,874.0,1845.0,913.0,3149,0,0,1,Pedestrian
36,1804.0,874.0,1845.0,913.0,3150,0,0,1,Pedestrian
36,1804.0,874.0,1845.0,913.0,3151,0,0,1,Pedestrian
36,1804.0,874.0,1845.0,913.0,3152,0,0,1,Pedestrian
36,1804.0,874.0,1845.0,913.0,3153,0,0,1,Pedestrian
36,1804.0,874.0,1845.0,913.0,3154,0,0,1,Pedestrian
36,1804.0,874.0,1845.0,913.0,3155,0,0,1,Pedestrian
36,1804.0,874.0,1845.0,913.0,3156,0,0,1,Pedestrian
36,1804.0,874.0,1845.0,913.0,3157,0,0,1,Pedestrian
36,1804.0,874.0,1845.0,913.0,3158,0,0,1,Pedestrian
36,1804.0,874.0,1845.0,913.0,3159,0,0,1,Pedestrian
36,1804.0,874.0,1845.0,913.0,3160,0,0,1,Pedestrian
36,1804.0,874.0,1845.0,913.0,3161,0,0,1,Pedestrian
36,1804.0,874.0,1845.0,913.0,3162,0,0,1,Pedestrian
36,1804.0,874.0,1845.0,913.0,3163,0,0,1,Pedestrian
36,1804.0,874.0,1845.0,913.0,3164,0,0,1,Pedestrian
36,1804.0,874.0,1845.0,913.0,3165,0,0,1,Pedestrian
36,1804.0,874.0,1845.0,913.0,3166,0,0,1,Pedestrian
36,1804.0,874.0,1845.0,913.0,3167,0,0,1,Pedestrian
36,1804.0,874.0,1845.0,913.0,3168,0,0,1,Pedestrian
36,1804.0,874.0,1845.0,913.0,3169,0,0,1,Pedestrian
36,1804.0,874.0,1845.0,913.0,3170,0,0,1,Pedestrian
36,1804.0,874.0,1845.0,913.0,3171,0,0,1,Pedestrian
36,1804.0,874.0,1845.0,913.0,3172,0,0,1,Pedestrian
36,1804.0,874.0,1845.0,913.0,3173,0,0,1,Pedestrian
36,1804.0,874.0,1845.0,913.0,3174,0,0,1,Pedestrian
36,1804.0,874.0,1845.0,913.0,3175,0,0,1,Pedestrian
36,1804.0,874.0,1845.0,913.0,3176,0,0,1,Pedestrian
36,1804.0,874.0,1845.0,913.0,3177,0,0,1,Pedestrian
36,1804.0,874.0,1845.0,913.0,3178,0,0,1,Pedestrian
36,1804.0,874.0,1845.0,913.0,3179,0,0,1,Pedestrian
36,1804.0,874.0,1845.0,913.0,3180,0,0,1,Pedestrian
36,1804.0,874.0,1845.0,913.0,3181,0,0,1,Pedestrian
36,1804.0,874.0,1845.0,913.0,3182,0,0,1,Pedestrian
36,1804.0,874.0,1845.0,913.0,3183,0,0,1,Pedestrian
36,1804.0,874.0,1845.0,913.0,3184,0,0,1,Pedestrian
36,1804.0,874.0,1845.0,913.0,3185,0,0,1,Pedestrian
36,1804.0,874.0,1845.0,913.0,3186,0,0,1,Pedestrian
36,1804.0,874.0,1845.0,913.0,3187,0,0,1,Pedestrian
36,1804.0,874.0,1845.0,913.0,3188,0,0,1,Pedestrian
36,1804.0,874.0,1845.0,913.0,3189,0,0,1,Pedestrian
36,1804.0,874.0,1845.0,913.0,3190,0,0,1,Pedestrian
36,1804.0,874.0,1845.0,913.0,3191,0,0,1,Pedestrian
36,1804.0,874.0,1845.0,913.0,3192,0,0,1,Pedestrian
36,1804.0,874.0,1845.0,913.0,3193,0,0,1,Pedestrian
36,1804.0,874.0,1845.0,913.0,3194,0,0,1,Pedestrian
36,1804.0,874.0,1845.0,913.0,3195,0,0,1,Pedestrian
36,1804.0,874.0,1845.0,913.0,3196,0,0,1,Pedestrian
36,1804.0,874.0,1845.0,913.0,3197,0,0,1,Pedestrian
36,1804.0,874.0,1845.0,913.0,3198,0,0,1,Pedestrian
36,1804.0,874.0,1845.0,913.0,3199,0,0,1,Pedestrian
36,1804.0,874.0,1845.0,913.0,3200,0,0,1,Pedestrian
36,1804.0,874.0,1845.0,913.0,3201,0,0,1,Pedestrian
36,1804.0,874.0,1845.0,913.0,3202,0,0,1,Pedestrian
36,1804.0,874.0,1845.0,913.0,3203,0,0,1,Pedestrian
36,1804.0,874.0,1845.0,913.0,3204,0,0,1,Pedestrian
36,1804.0,874.0,1845.0,913.0,3205,0,0,1,Pedestrian
36,1804.0,874.0,1845.0,913.0,3206,0,0,1,Pedestrian
36,1804.0,874.0,1845.0,913.0,3207,0,0,1,Pedestrian
36,1804.0,874.0,1845.0,913.0,3208,0,0,1,Pedestrian
36,1804.0,874.0,1845.0,913.0,3209,0,0,1,Pedestrian
36,1804.0,874.0,1845.0,913.0,3210,0,0,1,Pedestrian
36,1804.0,874.0,1845.0,913.0,3211,0,0,1,Pedestrian
36,1804.0,874.0,1845.0,913.0,3212,0,0,1,Pedestrian
36,1804.0,874.0,1845.0,913.0,3213,0,0,1,Pedestrian
36,1804.0,874.0,1845.0,913.0,3214,0,0,1,Pedestrian
36,1804.0,874.0,1845.0,913.0,3215,0,0,1,Pedestrian
36,1804.0,874.0,1845.0,913.0,3216,0,0,1,Pedestrian
36,1804.0,874.0,1845.0,913.0,3217,0,0,1,Pedestrian
36,1804.0,874.0,1845.0,913.0,3218,0,0,1,Pedestrian
36,1804.0,874.0,1845.0,913.0,3219,0,0,1,Pedestrian
36,1804.0,874.0,1845.0,913.0,3220,0,0,1,Pedestrian
36,1804.0,874.0,1845.0,913.0,3221,0,0,1,Pedestrian
36,1804.0,874.0,1845.0,913.0,3222,0,0,1,Pedestrian
36,1804.0,874.0,1845.0,913.0,3223,0,0,1,Pedestrian
36,1804.0,874.0,1845.0,913.0,3224,0,0,1,Pedestrian
36,1804.0,874.0,1845.0,913.0,3225,0,0,1,Pedestrian
36,1804.0,874.0,1845.0,913.0,3226,0,0,1,Pedestrian
36,1804.0,874.0,1845.0,913.0,3227,0,0,1,Pedestrian
36,1804.0,874.0,1845.0,913.0,3228,0,0,1,Pedestrian
36,1804.0,874.0,1845.0,913.0,3229,0,0,1,Pedestrian
36,1804.0,874.0,1845.0,913.0,3230,0,0,1,Pedestrian
36,1804.0,874.0,1845.0,913.0,3231,0,0,1,Pedestrian
36,1804.0,874.0,1845.0,913.0,3232,0,0,1,Pedestrian
36,1804.0,874.0,1845.0,913.0,3233,0,0,1,Pedestrian
36,1804.0,874.0,1845.0,913.0,3234,0,0,1,Pedestrian
36,1804.0,874.0,1845.0,913.0,3235,0,0,1,Pedestrian
36,1804.0,874.0,1845.0,913.0,3236,0,0,1,Pedestrian
36,1804.0,874.0,1845.0,913.0,3237,0,0,1,Pedestrian
36,1804.0,874.0,1845.0,913.0,3238,0,0,1,Pedestrian
36,1804.0,874.0,1845.0,913.0,3239,0,0,1,Pedestrian
36,1804.0,874.0,1845.0,913.0,3240,0,0,1,Pedestrian
36,1804.0,874.0,1845.0,913.0,3241,0,0,1,Pedestrian
36,1804.0,874.0,1845.0,913.0,3242,0,0,1,Pedestrian
36,1804.0,874.0,1845.0,913.0,3243,0,0,1,Pedestrian
36,1804.0,874.0,1845.0,913.0,3244,0,0,1,Pedestrian
36,1804.0,874.0,1845.0,913.0,3245,0,0,1,Pedestrian
36,1804.0,874.0,1845.0,913.0,3246,0,0,1,Pedestrian
36,1804.0,874.0,1845.0,913.0,3247,0,0,1,Pedestrian
36,1804.0,874.0,1845.0,913.0,3248,0,0,1,Pedestrian
36,1804.0,874.0,1845.0,913.0,3249,0,0,1,Pedestrian
36,1804.0,874.0,1845.0,913.0,3250,0,0,1,Pedestrian
36,1801.0,872.0,1842.0,913.0,3251,0,0,1,Pedestrian
36,1801.0,872.0,1842.0,913.0,3252,0,0,1,Pedestrian
36,1801.0,872.0,1842.0,913.0,3253,0,0,1,Pedestrian
36,1801.0,872.0,1842.0,913.0,3254,0,0,1,Pedestrian
36,1801.0,872.0,1842.0,913.0,3255,0,0,1,Pedestrian
36,1801.0,872.0,1842.0,913.0,3256,0,0,1,Pedestrian
36,1801.0,872.0,1842.0,913.0,3257,0,0,1,Pedestrian
36,1801.0,872.0,1842.0,913.0,3258,0,0,1,Pedestrian
36,1801.0,872.0,1842.0,913.0,3259,0,0,1,Pedestrian
36,1801.0,872.0,1842.0,913.0,3260,0,0,1,Pedestrian
36,1801.0,872.0,1842.0,913.0,3261,0,0,1,Pedestrian
36,1801.0,872.0,1842.0,913.0,3262,0,0,1,Pedestrian
36,1801.0,872.0,1842.0,913.0,3263,0,0,1,Pedestrian
36,1801.0,872.0,1842.0,913.0,3264,0,0,1,Pedestrian
36,1801.0,872.0,1842.0,913.0,3265,0,0,1,Pedestrian
36,1801.0,872.0,1842.0,913.0,3266,0,0,1,Pedestrian
36,1801.0,872.0,1842.0,913.0,3267,0,0,1,Pedestrian
36,1801.0,872.0,1842.0,913.0,3268,0,0,1,Pedestrian
36,1801.0,872.0,1842.0,913.0,3269,0,0,1,Pedestrian
36,1801.0,872.0,1842.0,913.0,3270,0,0,1,Pedestrian
36,1801.0,872.0,1842.0,913.0,3271,0,0,1,Pedestrian
36,1801.0,872.0,1842.0,913.0,3272,0,0,1,Pedestrian
36,1801.0,872.0,1842.0,913.0,3273,0,0,1,Pedestrian
36,1801.0,872.0,1842.0,913.0,3274,0,0,1,Pedestrian
36,1801.0,872.0,1842.0,913.0,3275,0,0,1,Pedestrian
36,1801.0,872.0,1842.0,913.0,3276,0,0,1,Pedestrian
36,1801.0,872.0,1842.0,913.0,3277,0,0,1,Pedestrian
36,1801.0,872.0,1842.0,913.0,3278,0,0,1,Pedestrian
36,1801.0,872.0,1842.0,913.0,3279,0,0,1,Pedestrian
36,1801.0,872.0,1842.0,913.0,3280,0,0,1,Pedestrian
36,1801.0,872.0,1842.0,913.0,3281,0,0,1,Pedestrian
36,1801.0,872.0,1842.0,913.0,3282,0,0,1,Pedestrian
36,1801.0,872.0,1842.0,913.0,3283,0,0,1,Pedestrian
36,1801.0,872.0,1842.0,913.0,3284,0,0,1,Pedestrian
36,1801.0,872.0,1842.0,913.0,3285,0,0,1,Pedestrian
36,1801.0,872.0,1842.0,913.0,3286,0,0,1,Pedestrian
36,1801.0,872.0,1842.0,913.0,3287,0,0,1,Pedestrian
36,1801.0,872.0,1842.0,913.0,3288,0,0,1,Pedestrian
36,1801.0,872.0,1842.0,913.0,3289,0,0,1,Pedestrian
36,1801.0,872.0,1842.0,913.0,3290,0,0,1,Pedestrian
36,1801.0,872.0,1842.0,913.0,3291,0,0,1,Pedestrian
36,1801.0,872.0,1842.0,913.0,3292,0,0,1,Pedestrian
36,1801.0,872.0,1842.0,913.0,3293,0,0,1,Pedestrian
36,1801.0,872.0,1842.0,913.0,3294,0,0,1,Pedestrian
36,1801.0,872.0,1842.0,913.0,3295,0,0,1,Pedestrian
36,1801.0,872.0,1842.0,913.0,3296,0,0,1,Pedestrian
36,1801.0,872.0,1842.0,913.0,3297,0,0,1,Pedestrian
36,1801.0,872.0,1842.0,913.0,3298,0,0,1,Pedestrian
36,1801.0,872.0,1842.0,913.0,3299,0,0,1,Pedestrian
36,1801.0,872.0,1842.0,913.0,3300,0,0,1,Pedestrian
36,1801.0,872.0,1842.0,913.0,3301,0,0,1,Pedestrian
36,1801.0,872.0,1842.0,913.0,3302,0,0,1,Pedestrian
36,1801.0,872.0,1842.0,913.0,3303,0,0,1,Pedestrian
36,1801.0,872.0,1842.0,913.0,3304,0,0,1,Pedestrian
36,1801.0,872.0,1842.0,913.0,3305,0,0,1,Pedestrian
36,1801.0,872.0,1842.0,913.0,3306,0,0,1,Pedestrian
36,1801.0,872.0,1842.0,913.0,3307,0,0,1,Pedestrian
36,1801.0,872.0,1842.0,913.0,3308,0,0,1,Pedestrian
36,1801.0,872.0,1842.0,913.0,3309,0,0,1,Pedestrian
36,1801.0,872.0,1842.0,913.0,3310,0,0,1,Pedestrian
36,1801.0,872.0,1842.0,913.0,3311,0,0,1,Pedestrian
36,1801.0,872.0,1842.0,913.0,3312,0,0,1,Pedestrian
36,1801.0,872.0,1842.0,913.0,3313,0,0,1,Pedestrian
36,1801.0,872.0,1842.0,913.0,3314,0,0,1,Pedestrian
36,1801.0,872.0,1842.0,913.0,3315,0,0,1,Pedestrian
36,1801.0,872.0,1842.0,913.0,3316,0,0,1,Pedestrian
36,1801.0,872.0,1842.0,913.0,3317,0,0,1,Pedestrian
36,1801.0,872.0,1842.0,913.0,3318,0,0,1,Pedestrian
36,1801.0,872.0,1842.0,913.0,3319,0,0,1,Pedestrian
36,1801.0,872.0,1842.0,913.0,3320,0,0,1,Pedestrian
36,1801.0,872.0,1842.0,913.0,3321,0,0,1,Pedestrian
36,1801.0,872.0,1842.0,913.0,3322,0,0,1,Pedestrian
36,1801.0,872.0,1842.0,913.0,3323,0,0,1,Pedestrian
36,1801.0,872.0,1842.0,913.0,3324,0,0,1,Pedestrian
36,1801.0,872.0,1842.0,913.0,3325,0,0,1,Pedestrian
36,1801.0,872.0,1842.0,913.0,3326,0,0,1,Pedestrian
36,1801.0,872.0,1842.0,913.0,3327,0,0,1,Pedestrian
36,1801.0,872.0,1842.0,913.0,3328,0,0,1,Pedestrian
36,1801.0,872.0,1842.0,913.0,3329,0,0,1,Pedestrian
36,1801.0,872.0,1842.0,913.0,3330,0,0,1,Pedestrian
36,1801.0,872.0,1842.0,913.0,3331,0,0,1,Pedestrian
36,1801.0,872.0,1842.0,913.0,3332,0,0,1,Pedestrian
36,1801.0,872.0,1842.0,913.0,3333,0,0,1,Pedestrian
36,1801.0,872.0,1842.0,913.0,3334,0,0,1,Pedestrian
36,1801.0,872.0,1842.0,913.0,3335,0,0,1,Pedestrian
36,1801.0,872.0,1842.0,913.0,3336,0,0,1,Pedestrian
36,1801.0,872.0,1842.0,913.0,3337,0,0,1,Pedestrian
36,1801.0,872.0,1842.0,913.0,3338,0,0,1,Pedestrian
36,1801.0,872.0,1842.0,913.0,3339,0,0,1,Pedestrian
36,1801.0,872.0,1842.0,913.0,3340,0,0,1,Pedestrian
36,1801.0,872.0,1842.0,913.0,3341,0,0,1,Pedestrian
36,1801.0,872.0,1842.0,913.0,3342,0,0,1,Pedestrian
36,1801.0,872.0,1842.0,913.0,3343,0,0,1,Pedestrian
36,1801.0,872.0,1842.0,913.0,3344,0,0,1,Pedestrian
36,1801.0,872.0,1842.0,913.0,3345,0,0,1,Pedestrian
36,1801.0,872.0,1842.0,913.0,3346,0,0,1,Pedestrian
36,1801.0,872.0,1842.0,913.0,3347,0,0,1,Pedestrian
36,1801.0,872.0,1842.0,913.0,3348,0,0,1,Pedestrian
36,1801.0,872.0,1842.0,913.0,3349,0,0,1,Pedestrian
36,1801.0,872.0,1842.0,913.0,3350,0,0,1,Pedestrian
36,1801.0,872.0,1842.0,913.0,3351,0,0,1,Pedestrian
36,1801.0,872.0,1842.0,913.0,3352,0,0,1,Pedestrian
36,1801.0,872.0,1842.0,913.0,3353,0,0,1,Pedestrian
36,1801.0,872.0,1842.0,913.0,3354,0,0,1,Pedestrian
36,1801.0,872.0,1842.0,913.0,3355,0,0,1,Pedestrian
36,1801.0,872.0,1842.0,913.0,3356,0,0,1,Pedestrian
36,1801.0,872.0,1842.0,913.0,3357,0,0,1,Pedestrian
36,1801.0,872.0,1842.0,913.0,3358,0,0,1,Pedestrian
36,1801.0,872.0,1842.0,913.0,3359,0,0,1,Pedestrian
36,1801.0,872.0,1842.0,913.0,3360,0,0,1,Pedestrian
36,1801.0,872.0,1842.0,913.0,3361,0,0,1,Pedestrian
36,1801.0,872.0,1842.0,913.0,3362,0,0,1,Pedestrian
36,1801.0,872.0,1842.0,913.0,3363,0,0,1,Pedestrian
36,1801.0,872.0,1842.0,913.0,3364,0,0,1,Pedestrian
36,1801.0,872.0,1842.0,913.0,3365,0,0,1,Pedestrian
36,1801.0,872.0,1842.0,913.0,3366,0,0,1,Pedestrian
36,1801.0,872.0,1842.0,913.0,3367,0,0,1,Pedestrian
36,1801.0,872.0,1842.0,913.0,3368,0,0,1,Pedestrian
36,1801.0,872.0,1842.0,913.0,3369,0,0,1,Pedestrian
36,1801.0,872.0,1842.0,913.0,3370,0,0,1,Pedestrian
36,1801.0,872.0,1842.0,913.0,3371,0,0,1,Pedestrian
36,1801.0,872.0,1842.0,913.0,3372,0,0,1,Pedestrian
36,1801.0,872.0,1842.0,913.0,3373,0,0,1,Pedestrian
36,1801.0,872.0,1842.0,913.0,3374,0,0,1,Pedestrian
36,1801.0,872.0,1842.0,913.0,3375,0,0,1,Pedestrian
36,1798.0,872.0,1842.0,913.0,3376,0,0,1,Pedestrian
36,1798.0,872.0,1842.0,913.0,3377,0,0,1,Pedestrian
36,1798.0,872.0,1842.0,913.0,3378,0,0,1,Pedestrian
36,1798.0,872.0,1842.0,913.0,3379,0,0,1,Pedestrian
36,1798.0,872.0,1842.0,913.0,3380,0,0,1,Pedestrian
36,1798.0,872.0,1842.0,913.0,3381,0,0,1,Pedestrian
36,1798.0,872.0,1842.0,913.0,3382,0,0,1,Pedestrian
36,1798.0,872.0,1842.0,913.0,3383,0,0,1,Pedestrian
36,1798.0,872.0,1842.0,913.0,3384,0,0,1,Pedestrian
36,1798.0,872.0,1842.0,913.0,3385,0,0,1,Pedestrian
36,1798.0,872.0,1842.0,913.0,3386,0,0,1,Pedestrian
36,1798.0,872.0,1842.0,913.0,3387,0,0,1,Pedestrian
36,1798.0,872.0,1842.0,913.0,3388,0,0,1,Pedestrian
36,1798.0,872.0,1842.0,913.0,3389,0,0,1,Pedestrian
36,1798.0,872.0,1842.0,913.0,3390,0,0,1,Pedestrian
36,1798.0,872.0,1842.0,913.0,3391,0,0,1,Pedestrian
36,1798.0,872.0,1842.0,913.0,3392,0,0,1,Pedestrian
36,1798.0,872.0,1842.0,913.0,3393,0,0,1,Pedestrian
36,1798.0,872.0,1842.0,913.0,3394,0,0,1,Pedestrian
36,1798.0,872.0,1842.0,913.0,3395,0,0,1,Pedestrian
36,1798.0,872.0,1842.0,913.0,3396,0,0,1,Pedestrian
36,1798.0,872.0,1842.0,913.0,3397,0,0,1,Pedestrian
36,1798.0,872.0,1842.0,913.0,3398,0,0,1,Pedestrian
36,1798.0,872.0,1842.0,913.0,3399,0,0,1,Pedestrian
36,1798.0,872.0,1842.0,913.0,3400,0,0,1,Pedestrian
36,1798.0,872.0,1842.0,913.0,3401,0,0,1,Pedestrian
36,1798.0,872.0,1842.0,913.0,3402,0,0,1,Pedestrian
36,1798.0,872.0,1842.0,913.0,3403,0,0,1,Pedestrian
36,1798.0,872.0,1842.0,913.0,3404,0,0,1,Pedestrian
36,1798.0,872.0,1842.0,913.0,3405,0,0,1,Pedestrian
36,1798.0,872.0,1842.0,913.0,3406,0,0,1,Pedestrian
36,1798.0,872.0,1842.0,913.0,3407,0,0,1,Pedestrian
36,1798.0,872.0,1842.0,913.0,3408,0,0,1,Pedestrian
36,1798.0,872.0,1842.0,913.0,3409,0,0,1,Pedestrian
36,1798.0,872.0,1842.0,913.0,3410,0,0,1,Pedestrian
36,1798.0,872.0,1842.0,913.0,3411,0,0,1,Pedestrian
36,1798.0,872.0,1842.0,913.0,3412,0,0,1,Pedestrian
36,1798.0,872.0,1842.0,913.0,3413,0,0,1,Pedestrian
36,1798.0,872.0,1842.0,913.0,3414,0,0,1,Pedestrian
36,1798.0,872.0,1842.0,913.0,3415,0,0,1,Pedestrian
36,1798.0,872.0,1842.0,913.0,3416,0,0,1,Pedestrian
36,1798.0,872.0,1842.0,913.0,3417,0,0,1,Pedestrian
36,1798.0,872.0,1842.0,913.0,3418,0,0,1,Pedestrian
36,1798.0,872.0,1842.0,913.0,3419,0,0,1,Pedestrian
36,1798.0,872.0,1842.0,913.0,3420,0,0,1,Pedestrian
36,1798.0,872.0,1842.0,913.0,3421,0,0,1,Pedestrian
36,1798.0,872.0,1842.0,913.0,3422,0,0,1,Pedestrian
36,1798.0,872.0,1842.0,913.0,3423,0,0,1,Pedestrian
36,1798.0,872.0,1842.0,913.0,3424,0,0,1,Pedestrian
36,1798.0,872.0,1842.0,913.0,3425,0,0,1,Pedestrian
36,1798.0,872.0,1842.0,913.0,3426,0,0,1,Pedestrian
36,1798.0,872.0,1842.0,913.0,3427,0,0,1,Pedestrian
36,1798.0,872.0,1842.0,913.0,3428,0,0,1,Pedestrian
36,1798.0,872.0,1842.0,913.0,3429,0,0,1,Pedestrian
36,1798.0,872.0,1842.0,913.0,3430,0,0,1,Pedestrian
36,1798.0,872.0,1842.0,913.0,3431,0,0,1,Pedestrian
36,1798.0,872.0,1842.0,913.0,3432,0,0,1,Pedestrian
36,1798.0,872.0,1842.0,913.0,3433,0,0,1,Pedestrian
36,1798.0,872.0,1842.0,913.0,3434,0,0,1,Pedestrian
36,1798.0,872.0,1842.0,913.0,3435,0,0,1,Pedestrian
36,1798.0,872.0,1842.0,913.0,3436,0,0,1,Pedestrian
36,1798.0,872.0,1842.0,913.0,3437,0,0,1,Pedestrian
36,1798.0,872.0,1842.0,913.0,3438,0,0,1,Pedestrian
36,1798.0,872.0,1842.0,913.0,3439,0,0,1,Pedestrian
36,1798.0,872.0,1842.0,913.0,3440,0,0,1,Pedestrian
36,1798.0,872.0,1842.0,913.0,3441,0,0,1,Pedestrian
36,1798.0,872.0,1842.0,913.0,3442,0,0,1,Pedestrian
36,1798.0,872.0,1842.0,913.0,3443,0,0,1,Pedestrian
36,1798.0,872.0,1842.0,913.0,3444,0,0,1,Pedestrian
36,1798.0,872.0,1842.0,913.0,3445,0,0,1,Pedestrian
36,1798.0,872.0,1842.0,913.0,3446,0,0,1,Pedestrian
36,1798.0,872.0,1842.0,913.0,3447,0,0,1,Pedestrian
36,1798.0,872.0,1842.0,913.0,3448,0,0,1,Pedestrian
36,1798.0,872.0,1842.0,913.0,3449,0,0,1,Pedestrian
36,1798.0,872.0,1842.0,913.0,3450,0,0,1,Pedestrian
36,1798.0,872.0,1842.0,913.0,3451,0,0,1,Pedestrian
36,1798.0,872.0,1842.0,913.0,3452,0,0,1,Pedestrian
36,1798.0,872.0,1842.0,913.0,3453,0,0,1,Pedestrian
36,1798.0,872.0,1842.0,913.0,3454,0,0,1,Pedestrian
36,1798.0,872.0,1842.0,913.0,3455,0,0,1,Pedestrian
36,1798.0,872.0,1842.0,913.0,3456,0,0,1,Pedestrian
36,1798.0,872.0,1842.0,913.0,3457,0,0,1,Pedestrian
36,1798.0,872.0,1842.0,913.0,3458,0,0,1,Pedestrian
36,1798.0,872.0,1842.0,913.0,3459,0,0,1,Pedestrian
36,1798.0,872.0,1842.0,913.0,3460,0,0,1,Pedestrian
36,1798.0,872.0,1842.0,913.0,3461,0,0,1,Pedestrian
36,1798.0,872.0,1842.0,913.0,3462,0,0,1,Pedestrian
36,1798.0,872.0,1842.0,913.0,3463,0,0,1,Pedestrian
36,1798.0,872.0,1842.0,913.0,3464,0,0,1,Pedestrian
36,1798.0,872.0,1842.0,913.0,3465,0,0,1,Pedestrian
36,1798.0,872.0,1842.0,913.0,3466,0,0,1,Pedestrian
36,1798.0,872.0,1842.0,913.0,3467,0,0,1,Pedestrian
36,1798.0,872.0,1842.0,913.0,3468,0,0,1,Pedestrian
36,1798.0,872.0,1842.0,913.0,3469,0,0,1,Pedestrian
36,1798.0,872.0,1842.0,913.0,3470,0,0,1,Pedestrian
36,1798.0,872.0,1842.0,913.0,3471,0,0,1,Pedestrian
36,1798.0,872.0,1842.0,913.0,3472,0,0,1,Pedestrian
36,1798.0,872.0,1842.0,913.0,3473,0,0,1,Pedestrian
36,1798.0,872.0,1842.0,913.0,3474,0,0,1,Pedestrian
36,1798.0,872.0,1842.0,913.0,3475,0,0,1,Pedestrian
36,1798.0,872.0,1842.0,913.0,3476,0,0,1,Pedestrian
36,1798.0,872.0,1842.0,913.0,3477,0,0,1,Pedestrian
36,1798.0,872.0,1842.0,913.0,3478,0,0,1,Pedestrian
36,1798.0,872.0,1842.0,913.0,3479,0,0,1,Pedestrian
36,1798.0,872.0,1842.0,913.0,3480,0,0,1,Pedestrian
36,1798.0,872.0,1842.0,913.0,3481,0,0,1,Pedestrian
36,1798.0,872.0,1842.0,913.0,3482,0,0,1,Pedestrian
36,1798.0,872.0,1842.0,913.0,3483,0,0,1,Pedestrian
36,1798.0,872.0,1842.0,913.0,3484,0,0,1,Pedestrian
36,1798.0,872.0,1842.0,913.0,3485,0,0,1,Pedestrian
36,1798.0,872.0,1842.0,913.0,3486,0,0,1,Pedestrian
36,1798.0,872.0,1842.0,913.0,3487,0,0,1,Pedestrian
36,1798.0,872.0,1842.0,913.0,3488,0,0,1,Pedestrian
36,1798.0,872.0,1842.0,913.0,3489,0,0,1,Pedestrian
36,1798.0,872.0,1842.0,913.0,3490,0,0,1,Pedestrian
36,1798.0,872.0,1842.0,913.0,3491,0,0,1,Pedestrian
36,1798.0,872.0,1842.0,913.0,3492,0,0,1,Pedestrian
36,1798.0,872.0,1842.0,913.0,3493,0,0,1,Pedestrian
36,1798.0,872.0,1842.0,913.0,3494,0,0,1,Pedestrian
36,1798.0,872.0,1842.0,913.0,3495,0,0,1,Pedestrian
36,1798.0,872.0,1842.0,913.0,3496,0,0,1,Pedestrian
36,1798.0,872.0,1842.0,913.0,3497,0,0,1,Pedestrian
36,1798.0,872.0,1842.0,913.0,3498,0,0,1,Pedestrian
36,1798.0,872.0,1842.0,913.0,3499,0,0,1,Pedestrian
36,1798.0,872.0,1842.0,913.0,3500,0,0,0,Pedestrian
36,1798.0,872.0,1842.0,913.0,3501,0,0,1,Pedestrian
36,1798.0,872.0,1842.0,913.0,3502,0,0,1,Pedestrian
36,1798.0,872.0,1842.0,913.0,3503,0,0,1,Pedestrian
36,1798.0,872.0,1842.0,913.0,3504,0,0,1,Pedestrian
36,1798.0,872.0,1842.0,913.0,3505,0,0,1,Pedestrian
36,1798.0,872.0,1842.0,913.0,3506,0,0,1,Pedestrian
36,1798.0,872.0,1842.0,913.0,3507,0,0,1,Pedestrian
36,1798.0,872.0,1842.0,913.0,3508,0,0,1,Pedestrian
36,1798.0,872.0,1842.0,913.0,3509,0,0,1,Pedestrian
36,1798.0,872.0,1842.0,913.0,3510,0,0,1,Pedestrian
36,1798.0,872.0,1842.0,913.0,3511,0,0,1,Pedestrian
36,1798.0,872.0,1842.0,913.0,3512,0,0,1,Pedestrian
36,1798.0,872.0,1842.0,913.0,3513,0,0,1,Pedestrian
36,1798.0,872.0,1842.0,913.0,3514,0,0,1,Pedestrian
36,1798.0,872.0,1842.0,913.0,3515,0,0,1,Pedestrian
36,1798.0,872.0,1842.0,913.0,3516,0,0,1,Pedestrian
36,1798.0,872.0,1842.0,913.0,3517,0,0,1,Pedestrian
36,1798.0,872.0,1842.0,913.0,3518,0,0,1,Pedestrian
36,1798.0,872.0,1842.0,913.0,3519,0,0,1,Pedestrian
36,1798.0,872.0,1842.0,913.0,3520,0,0,1,Pedestrian
36,1798.0,872.0,1842.0,913.0,3521,0,0,1,Pedestrian
36,1798.0,872.0,1842.0,913.0,3522,0,0,1,Pedestrian
36,1798.0,872.0,1842.0,913.0,3523,0,0,1,Pedestrian
36,1798.0,872.0,1842.0,913.0,3524,0,0,1,Pedestrian
36,1798.0,872.0,1842.0,913.0,3525,0,0,1,Pedestrian
36,1798.0,872.0,1842.0,913.0,3526,0,0,1,Pedestrian
36,1798.0,872.0,1842.0,913.0,3527,0,0,1,Pedestrian
36,1798.0,872.0,1842.0,913.0,3528,0,0,1,Pedestrian
36,1798.0,872.0,1842.0,913.0,3529,0,0,1,Pedestrian
36,1798.0,872.0,1842.0,913.0,3530,0,0,1,Pedestrian
36,1798.0,872.0,1842.0,913.0,3531,0,0,1,Pedestrian
36,1798.0,872.0,1842.0,913.0,3532,0,0,1,Pedestrian
36,1798.0,872.0,1842.0,913.0,3533,0,0,1,Pedestrian
36,1798.0,872.0,1842.0,913.0,3534,0,0,1,Pedestrian
36,1798.0,872.0,1842.0,913.0,3535,0,0,1,Pedestrian
36,1798.0,872.0,1842.0,913.0,3536,0,0,1,Pedestrian
36,1798.0,872.0,1842.0,913.0,3537,0,0,1,Pedestrian
36,1798.0,872.0,1842.0,913.0,3538,0,0,1,Pedestrian
36,1798.0,872.0,1842.0,913.0,3539,0,0,1,Pedestrian
36,1798.0,872.0,1842.0,913.0,3540,0,0,1,Pedestrian
36,1798.0,872.0,1842.0,913.0,3541,0,0,1,Pedestrian
36,1798.0,872.0,1842.0,913.0,3542,0,0,1,Pedestrian
36,1798.0,872.0,1842.0,913.0,3543,0,0,1,Pedestrian
36,1798.0,872.0,1842.0,913.0,3544,0,0,1,Pedestrian
36,1798.0,872.0,1842.0,913.0,3545,0,0,1,Pedestrian
36,1798.0,872.0,1842.0,913.0,3546,0,0,1,Pedestrian
36,1798.0,872.0,1842.0,913.0,3547,0,0,1,Pedestrian
36,1798.0,872.0,1842.0,913.0,3548,0,0,1,Pedestrian
36,1798.0,872.0,1842.0,913.0,3549,0,0,1,Pedestrian
36,1798.0,872.0,1842.0,913.0,3550,0,0,1,Pedestrian
36,1798.0,872.0,1842.0,913.0,3551,0,0,1,Pedestrian
36,1798.0,872.0,1842.0,913.0,3552,0,0,1,Pedestrian
36,1798.0,872.0,1842.0,913.0,3553,0,0,1,Pedestrian
36,1798.0,872.0,1842.0,913.0,3554,0,0,1,Pedestrian
36,1798.0,872.0,1842.0,913.0,3555,0,0,1,Pedestrian
36,1798.0,872.0,1842.0,915.0,3556,0,0,1,Pedestrian
36,1798.0,872.0,1842.0,915.0,3557,0,0,1,Pedestrian
36,1798.0,872.0,1842.0,915.0,3558,0,0,1,Pedestrian
36,1798.0,872.0,1842.0,915.0,3559,0,0,1,Pedestrian
36,1798.0,872.0,1842.0,915.0,3560,0,0,1,Pedestrian
36,1798.0,872.0,1842.0,915.0,3561,0,0,1,Pedestrian
36,1798.0,872.0,1842.0,915.0,3562,0,0,1,Pedestrian
36,1798.0,872.0,1842.0,915.0,3563,0,0,1,Pedestrian
36,1798.0,872.0,1842.0,915.0,3564,0,0,1,Pedestrian
36,1798.0,872.0,1842.0,915.0,3565,0,0,1,Pedestrian
36,1798.0,872.0,1842.0,915.0,3566,0,0,1,Pedestrian
36,1798.0,872.0,1842.0,915.0,3567,0,0,1,Pedestrian
36,1798.0,872.0,1842.0,915.0,3568,0,0,1,Pedestrian
36,1798.0,872.0,1842.0,915.0,3569,0,0,1,Pedestrian
36,1798.0,872.0,1842.0,915.0,3570,0,0,1,Pedestrian
36,1798.0,872.0,1842.0,915.0,3571,0,0,1,Pedestrian
36,1798.0,872.0,1842.0,915.0,3572,0,0,1,Pedestrian
36,1798.0,872.0,1842.0,915.0,3573,0,0,1,Pedestrian
36,1798.0,872.0,1842.0,915.0,3574,0,0,1,Pedestrian
36,1798.0,872.0,1842.0,915.0,3575,0,0,1,Pedestrian
36,1798.0,872.0,1842.0,915.0,3576,0,0,1,Pedestrian
36,1798.0,872.0,1842.0,915.0,3577,0,0,1,Pedestrian
36,1798.0,872.0,1842.0,915.0,3578,0,0,1,Pedestrian
36,1798.0,872.0,1842.0,915.0,3579,0,0,1,Pedestrian
36,1798.0,872.0,1842.0,915.0,3580,0,0,1,Pedestrian
36,1798.0,872.0,1842.0,915.0,3581,0,0,1,Pedestrian
36,1798.0,872.0,1842.0,915.0,3582,0,0,1,Pedestrian
36,1798.0,872.0,1842.0,915.0,3583,0,0,1,Pedestrian
36,1798.0,872.0,1842.0,915.0,3584,0,0,1,Pedestrian
36,1798.0,872.0,1842.0,915.0,3585,0,0,1,Pedestrian
36,1798.0,872.0,1842.0,915.0,3586,0,0,1,Pedestrian
36,1798.0,872.0,1842.0,915.0,3587,0,0,1,Pedestrian
36,1798.0,872.0,1842.0,915.0,3588,0,0,1,Pedestrian
36,1798.0,872.0,1842.0,915.0,3589,0,0,1,Pedestrian
36,1798.0,872.0,1842.0,915.0,3590,0,0,1,Pedestrian
36,1798.0,872.0,1842.0,915.0,3591,0,0,1,Pedestrian
36,1798.0,872.0,1842.0,915.0,3592,0,0,1,Pedestrian
36,1798.0,872.0,1842.0,915.0,3593,0,0,1,Pedestrian
36,1798.0,872.0,1842.0,915.0,3594,0,0,1,Pedestrian
36,1798.0,872.0,1842.0,915.0,3595,0,0,1,Pedestrian
36,1798.0,872.0,1842.0,915.0,3596,0,0,1,Pedestrian
36,1798.0,872.0,1842.0,915.0,3597,0,0,1,Pedestrian
36,1798.0,872.0,1842.0,915.0,3598,0,0,1,Pedestrian
36,1798.0,872.0,1842.0,915.0,3599,0,0,1,Pedestrian
36,1798.0,872.0,1842.0,915.0,3600,0,0,1,Pedestrian
36,1798.0,872.0,1842.0,915.0,3601,0,0,1,Pedestrian
36,1798.0,872.0,1842.0,915.0,3602,0,0,1,Pedestrian
36,1798.0,872.0,1842.0,915.0,3603,0,0,1,Pedestrian
36,1798.0,872.0,1842.0,915.0,3604,0,0,1,Pedestrian
36,1798.0,872.0,1842.0,915.0,3605,0,0,1,Pedestrian
36,1798.0,872.0,1842.0,915.0,3606,0,0,1,Pedestrian
36,1798.0,872.0,1842.0,915.0,3607,0,0,1,Pedestrian
36,1798.0,872.0,1842.0,915.0,3608,0,0,1,Pedestrian
36,1798.0,872.0,1842.0,915.0,3609,0,0,1,Pedestrian
36,1798.0,872.0,1842.0,915.0,3610,0,0,1,Pedestrian
36,1798.0,872.0,1842.0,915.0,3611,0,0,1,Pedestrian
36,1798.0,872.0,1842.0,917.0,3612,0,0,1,Pedestrian
36,1798.0,872.0,1842.0,917.0,3613,0,0,1,Pedestrian
36,1798.0,872.0,1842.0,917.0,3614,0,0,1,Pedestrian
36,1798.0,872.0,1842.0,917.0,3615,0,0,1,Pedestrian
36,1798.0,872.0,1842.0,917.0,3616,0,0,1,Pedestrian
36,1798.0,872.0,1842.0,917.0,3617,0,0,1,Pedestrian
36,1798.0,872.0,1842.0,917.0,3618,0,0,1,Pedestrian
36,1798.0,872.0,1842.0,917.0,3619,0,0,1,Pedestrian
36,1798.0,872.0,1842.0,917.0,3620,0,0,1,Pedestrian
36,1798.0,872.0,1842.0,917.0,3621,0,0,1,Pedestrian
36,1798.0,872.0,1842.0,917.0,3622,0,0,1,Pedestrian
36,1798.0,872.0,1842.0,917.0,3623,0,0,1,Pedestrian
36,1798.0,872.0,1842.0,917.0,3624,0,0,1,Pedestrian
36,1798.0,872.0,1845.0,917.0,3625,0,0,1,Pedestrian
36,1798.0,872.0,1845.0,917.0,3626,0,0,1,Pedestrian
36,1798.0,872.0,1845.0,917.0,3627,0,0,1,Pedestrian
36,1798.0,872.0,1845.0,917.0,3628,0,0,1,Pedestrian
36,1798.0,872.0,1845.0,917.0,3629,0,0,1,Pedestrian
36,1798.0,872.0,1845.0,917.0,3630,0,0,1,Pedestrian
36,1798.0,872.0,1845.0,917.0,3631,0,0,1,Pedestrian
36,1798.0,872.0,1845.0,917.0,3632,0,0,1,Pedestrian
36,1798.0,872.0,1845.0,917.0,3633,0,0,1,Pedestrian
36,1798.0,872.0,1845.0,917.0,3634,0,0,1,Pedestrian
36,1798.0,872.0,1845.0,917.0,3635,0,0,1,Pedestrian
36,1798.0,872.0,1845.0,917.0,3636,0,0,1,Pedestrian
36,1798.0,872.0,1845.0,917.0,3637,0,0,1,Pedestrian
36,1798.0,872.0,1845.0,917.0,3638,0,0,1,Pedestrian
36,1798.0,872.0,1845.0,917.0,3639,0,0,1,Pedestrian
36,1798.0,872.0,1845.0,917.0,3640,0,0,1,Pedestrian
36,1798.0,872.0,1845.0,917.0,3641,0,0,1,Pedestrian
36,1798.0,872.0,1845.0,917.0,3642,0,0,1,Pedestrian
36,1798.0,872.0,1845.0,917.0,3643,0,0,1,Pedestrian
36,1798.0,872.0,1845.0,917.0,3644,0,0,1,Pedestrian
36,1798.0,872.0,1845.0,917.0,3645,0,0,1,Pedestrian
36,1798.0,872.0,1845.0,917.0,3646,0,0,1,Pedestrian
36,1798.0,872.0,1845.0,917.0,3647,0,0,1,Pedestrian
36,1798.0,872.0,1845.0,917.0,3648,0,0,1,Pedestrian
36,1798.0,872.0,1845.0,917.0,3649,0,0,1,Pedestrian
36,1798.0,872.0,1845.0,917.0,3650,0,0,1,Pedestrian
36,1798.0,872.0,1845.0,917.0,3651,0,0,1,Pedestrian
36,1798.0,872.0,1845.0,917.0,3652,0,0,1,Pedestrian
36,1798.0,872.0,1845.0,917.0,3653,0,0,1,Pedestrian
36,1798.0,872.0,1845.0,917.0,3654,0,0,1,Pedestrian
36,1798.0,872.0,1845.0,917.0,3655,0,0,1,Pedestrian
36,1798.0,872.0,1845.0,917.0,3656,0,0,1,Pedestrian
36,1798.0,872.0,1845.0,917.0,3657,0,0,1,Pedestrian
36,1798.0,872.0,1845.0,917.0,3658,0,0,1,Pedestrian
36,1798.0,872.0,1845.0,917.0,3659,0,0,1,Pedestrian
36,1798.0,872.0,1845.0,917.0,3660,0,0,1,Pedestrian
36,1798.0,872.0,1845.0,917.0,3661,0,0,1,Pedestrian
36,1798.0,872.0,1845.0,917.0,3662,0,0,1,Pedestrian
36,1798.0,872.0,1845.0,917.0,3663,0,0,1,Pedestrian
36,1798.0,872.0,1845.0,917.0,3664,0,0,1,Pedestrian
36,1798.0,872.0,1845.0,917.0,3665,0,0,1,Pedestrian
36,1798.0,872.0,1845.0,917.0,3666,0,0,1,Pedestrian
36,1798.0,872.0,1845.0,919.0,3667,0,0,1,Pedestrian
36,1798.0,872.0,1845.0,919.0,3668,0,0,1,Pedestrian
36,1798.0,872.0,1845.0,919.0,3669,0,0,1,Pedestrian
36,1798.0,872.0,1845.0,919.0,3670,0,0,1,Pedestrian
36,1798.0,872.0,1845.0,919.0,3671,0,0,1,Pedestrian
36,1798.0,872.0,1845.0,919.0,3672,0,0,1,Pedestrian
36,1798.0,872.0,1845.0,919.0,3673,0,0,1,Pedestrian
36,1798.0,872.0,1845.0,919.0,3674,0,0,1,Pedestrian
36,1798.0,872.0,1845.0,919.0,3675,0,0,1,Pedestrian
36,1798.0,872.0,1845.0,919.0,3676,0,0,1,Pedestrian
36,1798.0,872.0,1845.0,919.0,3677,0,0,1,Pedestrian
36,1798.0,872.0,1845.0,919.0,3678,0,0,1,Pedestrian
36,1798.0,872.0,1845.0,919.0,3679,0,0,1,Pedestrian
36,1798.0,872.0,1845.0,919.0,3680,0,0,1,Pedestrian
36,1798.0,872.0,1845.0,919.0,3681,0,0,1,Pedestrian
36,1798.0,872.0,1845.0,919.0,3682,0,0,1,Pedestrian
36,1798.0,872.0,1845.0,919.0,3683,0,0,1,Pedestrian
36,1798.0,872.0,1845.0,919.0,3684,0,0,1,Pedestrian
36,1798.0,872.0,1845.0,919.0,3685,0,0,1,Pedestrian
36,1798.0,872.0,1845.0,919.0,3686,0,0,1,Pedestrian
36,1798.0,872.0,1845.0,919.0,3687,0,0,1,Pedestrian
36,1798.0,872.0,1845.0,919.0,3688,0,0,1,Pedestrian
36,1798.0,872.0,1845.0,919.0,3689,0,0,1,Pedestrian
36,1798.0,872.0,1845.0,919.0,3690,0,0,1,Pedestrian
36,1798.0,872.0,1845.0,919.0,3691,0,0,1,Pedestrian
36,1798.0,872.0,1845.0,919.0,3692,0,0,1,Pedestrian
36,1798.0,872.0,1845.0,919.0,3693,0,0,1,Pedestrian
36,1798.0,872.0,1845.0,919.0,3694,0,0,1,Pedestrian
36,1798.0,872.0,1845.0,919.0,3695,0,0,1,Pedestrian
36,1798.0,872.0,1845.0,919.0,3696,0,0,1,Pedestrian
36,1798.0,872.0,1845.0,919.0,3697,0,0,1,Pedestrian
36,1798.0,872.0,1845.0,919.0,3698,0,0,1,Pedestrian
36,1798.0,872.0,1845.0,919.0,3699,0,0,1,Pedestrian
36,1798.0,872.0,1845.0,919.0,3700,0,0,1,Pedestrian
36,1798.0,872.0,1845.0,919.0,3701,0,0,1,Pedestrian
36,1798.0,872.0,1845.0,919.0,3702,0,0,1,Pedestrian
36,1798.0,872.0,1845.0,919.0,3703,0,0,1,Pedestrian
36,1798.0,872.0,1845.0,919.0,3704,0,0,1,Pedestrian
36,1798.0,872.0,1845.0,919.0,3705,0,0,1,Pedestrian
36,1798.0,872.0,1845.0,919.0,3706,0,0,1,Pedestrian
36,1798.0,872.0,1845.0,919.0,3707,0,0,1,Pedestrian
36,1798.0,872.0,1845.0,919.0,3708,0,0,1,Pedestrian
36,1798.0,872.0,1845.0,919.0,3709,0,0,1,Pedestrian
36,1798.0,872.0,1845.0,919.0,3710,0,0,1,Pedestrian
36,1798.0,872.0,1845.0,919.0,3711,0,0,1,Pedestrian
36,1798.0,872.0,1845.0,919.0,3712,0,0,1,Pedestrian
36,1798.0,872.0,1845.0,919.0,3713,0,0,1,Pedestrian
36,1798.0,872.0,1845.0,919.0,3714,0,0,1,Pedestrian
36,1798.0,872.0,1845.0,919.0,3715,0,0,1,Pedestrian
36,1798.0,872.0,1845.0,919.0,3716,0,0,1,Pedestrian
36,1798.0,872.0,1845.0,919.0,3717,0,0,1,Pedestrian
36,1798.0,872.0,1845.0,919.0,3718,0,0,1,Pedestrian
36,1798.0,872.0,1845.0,919.0,3719,0,0,1,Pedestrian
36,1798.0,872.0,1845.0,919.0,3720,0,0,1,Pedestrian
36,1798.0,872.0,1845.0,919.0,3721,0,0,1,Pedestrian
36,1798.0,872.0,1845.0,919.0,3722,0,0,1,Pedestrian
36,1798.0,872.0,1845.0,922.0,3723,0,0,1,Pedestrian
36,1798.0,872.0,1845.0,922.0,3724,0,0,1,Pedestrian
36,1798.0,872.0,1845.0,922.0,3725,0,0,1,Pedestrian
36,1798.0,872.0,1845.0,922.0,3726,0,0,1,Pedestrian
36,1798.0,872.0,1845.0,922.0,3727,0,0,1,Pedestrian
36,1798.0,872.0,1845.0,922.0,3728,0,0,1,Pedestrian
36,1798.0,872.0,1845.0,922.0,3729,0,0,1,Pedestrian
36,1798.0,872.0,1845.0,922.0,3730,0,0,1,Pedestrian
36,1798.0,872.0,1845.0,922.0,3731,0,0,1,Pedestrian
36,1798.0,872.0,1845.0,922.0,3732,0,0,1,Pedestrian
36,1798.0,872.0,1845.0,922.0,3733,0,0,1,Pedestrian
36,1798.0,872.0,1845.0,922.0,3734,0,0,1,Pedestrian
36,1798.0,872.0,1845.0,922.0,3735,0,0,1,Pedestrian
36,1798.0,872.0,1845.0,922.0,3736,0,0,1,Pedestrian
36,1798.0,872.0,1845.0,922.0,3737,0,0,1,Pedestrian
36,1798.0,872.0,1845.0,922.0,3738,0,0,1,Pedestrian
36,1798.0,872.0,1845.0,922.0,3739,0,0,1,Pedestrian
36,1798.0,872.0,1845.0,922.0,3740,0,0,1,Pedestrian
36,1798.0,872.0,1845.0,922.0,3741,0,0,1,Pedestrian
36,1798.0,872.0,1845.0,922.0,3742,0,0,1,Pedestrian
36,1798.0,872.0,1845.0,922.0,3743,0,0,1,Pedestrian
36,1798.0,872.0,1845.0,922.0,3744,0,0,1,Pedestrian
36,1798.0,872.0,1845.0,922.0,3745,0,0,1,Pedestrian
36,1798.0,872.0,1845.0,922.0,3746,0,0,1,Pedestrian
36,1798.0,872.0,1845.0,922.0,3747,0,0,1,Pedestrian
36,1798.0,872.0,1845.0,922.0,3748,0,0,1,Pedestrian
36,1798.0,872.0,1845.0,922.0,3749,0,0,1,Pedestrian
36,1801.0,874.0,1848.0,922.0,3750,0,0,1,Pedestrian
36,1801.0,874.0,1848.0,922.0,3751,0,0,1,Pedestrian
36,1801.0,874.0,1848.0,922.0,3752,0,0,1,Pedestrian
36,1801.0,874.0,1848.0,922.0,3753,0,0,1,Pedestrian
36,1801.0,874.0,1848.0,922.0,3754,0,0,1,Pedestrian
36,1801.0,874.0,1848.0,922.0,3755,0,0,1,Pedestrian
36,1801.0,874.0,1848.0,922.0,3756,0,0,1,Pedestrian
36,1801.0,874.0,1848.0,922.0,3757,0,0,1,Pedestrian
36,1801.0,874.0,1848.0,922.0,3758,0,0,1,Pedestrian
36,1801.0,874.0,1848.0,922.0,3759,0,0,1,Pedestrian
36,1801.0,874.0,1848.0,922.0,3760,0,0,1,Pedestrian
36,1801.0,874.0,1848.0,922.0,3761,0,0,1,Pedestrian
36,1801.0,874.0,1848.0,922.0,3762,0,0,1,Pedestrian
36,1801.0,874.0,1848.0,922.0,3763,0,0,1,Pedestrian
36,1801.0,874.0,1848.0,922.0,3764,0,0,1,Pedestrian
36,1801.0,874.0,1848.0,922.0,3765,0,0,1,Pedestrian
36,1801.0,874.0,1848.0,922.0,3766,0,0,1,Pedestrian
36,1801.0,874.0,1848.0,922.0,3767,0,0,1,Pedestrian
36,1801.0,874.0,1848.0,922.0,3768,0,0,1,Pedestrian
36,1801.0,874.0,1848.0,922.0,3769,0,0,1,Pedestrian
36,1801.0,874.0,1848.0,922.0,3770,0,0,1,Pedestrian
36,1801.0,874.0,1848.0,922.0,3771,0,0,1,Pedestrian
36,1801.0,874.0,1848.0,922.0,3772,0,0,1,Pedestrian
36,1801.0,874.0,1848.0,922.0,3773,0,0,1,Pedestrian
36,1801.0,874.0,1848.0,922.0,3774,0,0,1,Pedestrian
36,1801.0,874.0,1848.0,922.0,3775,0,0,1,Pedestrian
36,1801.0,874.0,1848.0,922.0,3776,0,0,1,Pedestrian
36,1801.0,874.0,1848.0,922.0,3777,0,0,1,Pedestrian
36,1801.0,874.0,1848.0,924.0,3778,0,0,1,Pedestrian
36,1801.0,874.0,1848.0,924.0,3779,0,0,1,Pedestrian
36,1801.0,874.0,1848.0,924.0,3780,0,0,1,Pedestrian
36,1801.0,874.0,1848.0,924.0,3781,0,0,1,Pedestrian
36,1801.0,874.0,1848.0,924.0,3782,0,0,1,Pedestrian
36,1801.0,874.0,1848.0,924.0,3783,0,0,1,Pedestrian
36,1801.0,874.0,1848.0,924.0,3784,0,0,1,Pedestrian
36,1801.0,874.0,1848.0,924.0,3785,0,0,1,Pedestrian
36,1801.0,874.0,1848.0,924.0,3786,0,0,1,Pedestrian
36,1801.0,874.0,1848.0,924.0,3787,0,0,1,Pedestrian
36,1801.0,874.0,1848.0,924.0,3788,0,0,1,Pedestrian
36,1801.0,874.0,1848.0,924.0,3789,0,0,1,Pedestrian
36,1801.0,874.0,1848.0,924.0,3790,0,0,1,Pedestrian
36,1801.0,874.0,1848.0,924.0,3791,0,0,1,Pedestrian
36,1801.0,874.0,1848.0,924.0,3792,0,0,1,Pedestrian
36,1801.0,874.0,1848.0,924.0,3793,0,0,1,Pedestrian
36,1801.0,874.0,1848.0,924.0,3794,0,0,1,Pedestrian
36,1801.0,874.0,1848.0,924.0,3795,0,0,1,Pedestrian
36,1801.0,874.0,1848.0,924.0,3796,0,0,1,Pedestrian
36,1801.0,874.0,1848.0,924.0,3797,0,0,1,Pedestrian
36,1801.0,874.0,1848.0,924.0,3798,0,0,1,Pedestrian
36,1801.0,874.0,1848.0,924.0,3799,0,0,1,Pedestrian
36,1801.0,874.0,1848.0,924.0,3800,0,0,1,Pedestrian
36,1801.0,874.0,1848.0,924.0,3801,0,0,1,Pedestrian
36,1801.0,874.0,1848.0,924.0,3802,0,0,1,Pedestrian
36,1801.0,874.0,1848.0,924.0,3803,0,0,1,Pedestrian
36,1801.0,874.0,1848.0,924.0,3804,0,0,1,Pedestrian
36,1801.0,874.0,1848.0,924.0,3805,0,0,1,Pedestrian
36,1801.0,874.0,1848.0,924.0,3806,0,0,1,Pedestrian
36,1801.0,874.0,1848.0,924.0,3807,0,0,1,Pedestrian
36,1801.0,874.0,1848.0,924.0,3808,0,0,1,Pedestrian
36,1801.0,874.0,1848.0,924.0,3809,0,0,1,Pedestrian
36,1801.0,874.0,1848.0,924.0,3810,0,0,1,Pedestrian
36,1801.0,874.0,1848.0,924.0,3811,0,0,1,Pedestrian
36,1801.0,874.0,1848.0,924.0,3812,0,0,1,Pedestrian
36,1801.0,874.0,1848.0,924.0,3813,0,0,1,Pedestrian
36,1801.0,874.0,1848.0,924.0,3814,0,0,1,Pedestrian
36,1801.0,874.0,1848.0,924.0,3815,0,0,1,Pedestrian
36,1801.0,874.0,1848.0,924.0,3816,0,0,1,Pedestrian
36,1801.0,874.0,1848.0,924.0,3817,0,0,1,Pedestrian
36,1801.0,874.0,1848.0,924.0,3818,0,0,1,Pedestrian
36,1801.0,874.0,1848.0,924.0,3819,0,0,1,Pedestrian
36,1801.0,874.0,1848.0,924.0,3820,0,0,1,Pedestrian
36,1801.0,874.0,1848.0,924.0,3821,0,0,1,Pedestrian
36,1801.0,874.0,1848.0,924.0,3822,0,0,1,Pedestrian
36,1801.0,874.0,1848.0,924.0,3823,0,0,1,Pedestrian
36,1801.0,874.0,1848.0,924.0,3824,0,0,1,Pedestrian
36,1801.0,874.0,1848.0,924.0,3825,0,0,1,Pedestrian
36,1801.0,874.0,1848.0,924.0,3826,0,0,1,Pedestrian
36,1801.0,874.0,1848.0,924.0,3827,0,0,1,Pedestrian
36,1801.0,874.0,1848.0,924.0,3828,0,0,1,Pedestrian
36,1801.0,874.0,1848.0,924.0,3829,0,0,1,Pedestrian
36,1801.0,874.0,1848.0,924.0,3830,0,0,1,Pedestrian
36,1801.0,874.0,1848.0,924.0,3831,0,0,1,Pedestrian
36,1801.0,874.0,1848.0,924.0,3832,0,0,1,Pedestrian
36,1801.0,874.0,1848.0,924.0,3833,0,0,1,Pedestrian
36,1801.0,874.0,1848.0,926.0,3834,0,0,1,Pedestrian
36,1801.0,874.0,1848.0,926.0,3835,0,0,1,Pedestrian
36,1801.0,874.0,1848.0,926.0,3836,0,0,1,Pedestrian
36,1801.0,874.0,1848.0,926.0,3837,0,0,1,Pedestrian
36,1801.0,874.0,1848.0,926.0,3838,0,0,1,Pedestrian
36,1801.0,874.0,1848.0,926.0,3839,0,0,1,Pedestrian
36,1801.0,874.0,1848.0,926.0,3840,0,0,1,Pedestrian
36,1801.0,874.0,1848.0,926.0,3841,0,0,1,Pedestrian
36,1801.0,874.0,1848.0,926.0,3842,0,0,1,Pedestrian
36,1801.0,874.0,1848.0,926.0,3843,0,0,1,Pedestrian
36,1801.0,874.0,1848.0,926.0,3844,0,0,1,Pedestrian
36,1801.0,874.0,1848.0,926.0,3845,0,0,1,Pedestrian
36,1801.0,874.0,1848.0,926.0,3846,0,0,1,Pedestrian
36,1801.0,874.0,1848.0,926.0,3847,0,0,1,Pedestrian
36,1801.0,874.0,1848.0,926.0,3848,0,0,1,Pedestrian
36,1801.0,874.0,1848.0,926.0,3849,0,0,1,Pedestrian
36,1801.0,874.0,1848.0,926.0,3850,0,0,1,Pedestrian
36,1801.0,874.0,1848.0,926.0,3851,0,0,1,Pedestrian
36,1801.0,874.0,1848.0,926.0,3852,0,0,1,Pedestrian
36,1801.0,874.0,1848.0,926.0,3853,0,0,1,Pedestrian
36,1801.0,874.0,1848.0,926.0,3854,0,0,1,Pedestrian
36,1801.0,874.0,1848.0,926.0,3855,0,0,1,Pedestrian
36,1801.0,874.0,1848.0,926.0,3856,0,0,1,Pedestrian
36,1801.0,874.0,1848.0,926.0,3857,0,0,1,Pedestrian
36,1801.0,874.0,1848.0,926.0,3858,0,0,1,Pedestrian
36,1801.0,874.0,1848.0,926.0,3859,0,0,1,Pedestrian
36,1801.0,874.0,1848.0,926.0,3860,0,0,1,Pedestrian
36,1801.0,874.0,1848.0,926.0,3861,0,0,1,Pedestrian
36,1801.0,874.0,1848.0,926.0,3862,0,0,1,Pedestrian
36,1801.0,874.0,1848.0,926.0,3863,0,0,1,Pedestrian
36,1801.0,874.0,1848.0,926.0,3864,0,0,1,Pedestrian
36,1801.0,874.0,1848.0,926.0,3865,0,0,1,Pedestrian
36,1801.0,874.0,1848.0,926.0,3866,0,0,1,Pedestrian
36,1801.0,874.0,1848.0,926.0,3867,0,0,1,Pedestrian
36,1801.0,874.0,1848.0,926.0,3868,0,0,1,Pedestrian
36,1801.0,874.0,1848.0,926.0,3869,0,0,1,Pedestrian
36,1801.0,874.0,1848.0,926.0,3870,0,0,1,Pedestrian
36,1801.0,874.0,1848.0,926.0,3871,0,0,1,Pedestrian
36,1801.0,874.0,1848.0,926.0,3872,0,0,1,Pedestrian
36,1801.0,874.0,1848.0,926.0,3873,0,0,1,Pedestrian
36,1801.0,874.0,1848.0,926.0,3874,0,0,1,Pedestrian
36,1801.0,874.0,1850.0,926.0,3875,0,0,1,Pedestrian
36,1801.0,874.0,1850.0,926.0,3876,0,0,1,Pedestrian
36,1801.0,874.0,1850.0,926.0,3877,0,0,1,Pedestrian
36,1801.0,874.0,1850.0,926.0,3878,0,0,1,Pedestrian
36,1801.0,874.0,1850.0,926.0,3879,0,0,1,Pedestrian
36,1801.0,874.0,1850.0,926.0,3880,0,0,1,Pedestrian
36,1801.0,874.0,1850.0,926.0,3881,0,0,1,Pedestrian
36,1801.0,874.0,1850.0,926.0,3882,0,0,1,Pedestrian
36,1801.0,874.0,1850.0,926.0,3883,0,0,1,Pedestrian
36,1801.0,874.0,1850.0,926.0,3884,0,0,1,Pedestrian
36,1801.0,874.0,1850.0,926.0,3885,0,0,1,Pedestrian
36,1801.0,874.0,1850.0,926.0,3886,0,0,1,Pedestrian
36,1801.0,874.0,1850.0,926.0,3887,0,0,1,Pedestrian
36,1801.0,874.0,1850.0,926.0,3888,0,0,1,Pedestrian
36,1801.0,874.0,1850.0,929.0,3889,0,0,1,Pedestrian
36,1801.0,874.0,1850.0,929.0,3890,0,0,1,Pedestrian
36,1801.0,874.0,1850.0,929.0,3891,0,0,1,Pedestrian
36,1801.0,874.0,1850.0,929.0,3892,0,0,1,Pedestrian
36,1801.0,874.0,1850.0,929.0,3893,0,0,1,Pedestrian
36,1801.0,874.0,1850.0,929.0,3894,0,0,1,Pedestrian
36,1801.0,874.0,1850.0,929.0,3895,0,0,1,Pedestrian
36,1801.0,874.0,1850.0,929.0,3896,0,0,1,Pedestrian
36,1801.0,874.0,1850.0,929.0,3897,0,0,1,Pedestrian
36,1801.0,874.0,1850.0,929.0,3898,0,0,1,Pedestrian
36,1801.0,874.0,1850.0,929.0,3899,0,0,1,Pedestrian
36,1801.0,874.0,1850.0,929.0,3900,0,0,1,Pedestrian
36,1801.0,874.0,1850.0,929.0,3901,0,0,1,Pedestrian
36,1801.0,874.0,1850.0,929.0,3902,0,0,1,Pedestrian
36,1801.0,874.0,1850.0,929.0,3903,0,0,1,Pedestrian
36,1801.0,874.0,1850.0,929.0,3904,0,0,1,Pedestrian
36,1801.0,874.0,1850.0,929.0,3905,0,0,1,Pedestrian
36,1801.0,874.0,1850.0,929.0,3906,0,0,1,Pedestrian
36,1801.0,874.0,1850.0,929.0,3907,0,0,1,Pedestrian
36,1801.0,874.0,1850.0,929.0,3908,0,0,1,Pedestrian
36,1801.0,874.0,1850.0,929.0,3909,0,0,1,Pedestrian
36,1801.0,874.0,1850.0,929.0,3910,0,0,1,Pedestrian
36,1801.0,874.0,1850.0,929.0,3911,0,0,1,Pedestrian
36,1801.0,874.0,1850.0,929.0,3912,0,0,1,Pedestrian
36,1801.0,874.0,1850.0,929.0,3913,0,0,1,Pedestrian
36,1801.0,874.0,1850.0,929.0,3914,0,0,1,Pedestrian
36,1801.0,874.0,1850.0,929.0,3915,0,0,1,Pedestrian
36,1801.0,874.0,1850.0,929.0,3916,0,0,1,Pedestrian
36,1801.0,874.0,1850.0,929.0,3917,0,0,1,Pedestrian
36,1801.0,874.0,1850.0,929.0,3918,0,0,1,Pedestrian
36,1801.0,874.0,1850.0,929.0,3919,0,0,1,Pedestrian
36,1801.0,874.0,1850.0,929.0,3920,0,0,1,Pedestrian
36,1801.0,874.0,1850.0,929.0,3921,0,0,1,Pedestrian
36,1801.0,874.0,1850.0,929.0,3922,0,0,1,Pedestrian
36,1801.0,874.0,1850.0,929.0,3923,0,0,1,Pedestrian
36,1801.0,874.0,1850.0,929.0,3924,0,0,1,Pedestrian
36,1801.0,874.0,1850.0,929.0,3925,0,0,1,Pedestrian
36,1801.0,874.0,1850.0,929.0,3926,0,0,1,Pedestrian
36,1801.0,874.0,1850.0,929.0,3927,0,0,1,Pedestrian
36,1801.0,874.0,1850.0,929.0,3928,0,0,1,Pedestrian
36,1801.0,874.0,1850.0,929.0,3929,0,0,1,Pedestrian
36,1801.0,874.0,1850.0,929.0,3930,0,0,1,Pedestrian
36,1801.0,874.0,1850.0,929.0,3931,0,0,1,Pedestrian
36,1801.0,874.0,1850.0,929.0,3932,0,0,1,Pedestrian
36,1801.0,874.0,1850.0,929.0,3933,0,0,1,Pedestrian
36,1801.0,874.0,1850.0,929.0,3934,0,0,1,Pedestrian
36,1801.0,874.0,1850.0,929.0,3935,0,0,1,Pedestrian
36,1801.0,874.0,1850.0,929.0,3936,0,0,1,Pedestrian
36,1801.0,874.0,1850.0,929.0,3937,0,0,1,Pedestrian
36,1801.0,874.0,1850.0,929.0,3938,0,0,1,Pedestrian
36,1801.0,874.0,1850.0,929.0,3939,0,0,1,Pedestrian
36,1801.0,874.0,1850.0,929.0,3940,0,0,1,Pedestrian
36,1801.0,874.0,1850.0,929.0,3941,0,0,1,Pedestrian
36,1801.0,874.0,1850.0,929.0,3942,0,0,1,Pedestrian
36,1801.0,874.0,1850.0,929.0,3943,0,0,1,Pedestrian
36,1801.0,874.0,1850.0,929.0,3944,0,0,1,Pedestrian
36,1801.0,874.0,1850.0,931.0,3945,0,0,1,Pedestrian
36,1801.0,874.0,1850.0,931.0,3946,0,0,1,Pedestrian
36,1801.0,874.0,1850.0,931.0,3947,0,0,1,Pedestrian
36,1801.0,874.0,1850.0,931.0,3948,0,0,1,Pedestrian
36,1801.0,874.0,1850.0,931.0,3949,0,0,1,Pedestrian
36,1801.0,874.0,1850.0,931.0,3950,0,0,1,Pedestrian
36,1801.0,874.0,1850.0,931.0,3951,0,0,1,Pedestrian
36,1801.0,874.0,1850.0,931.0,3952,0,0,1,Pedestrian
36,1801.0,874.0,1850.0,931.0,3953,0,0,1,Pedestrian
36,1801.0,874.0,1850.0,931.0,3954,0,0,1,Pedestrian
36,1801.0,874.0,1850.0,931.0,3955,0,0,1,Pedestrian
36,1801.0,874.0,1850.0,931.0,3956,0,0,1,Pedestrian
36,1801.0,874.0,1850.0,931.0,3957,0,0,1,Pedestrian
36,1801.0,874.0,1850.0,931.0,3958,0,0,1,Pedestrian
36,1801.0,874.0,1850.0,931.0,3959,0,0,1,Pedestrian
36,1801.0,874.0,1850.0,931.0,3960,0,0,1,Pedestrian
36,1801.0,874.0,1850.0,931.0,3961,0,0,1,Pedestrian
36,1801.0,874.0,1850.0,931.0,3962,0,0,1,Pedestrian
36,1801.0,874.0,1850.0,931.0,3963,0,0,1,Pedestrian
36,1801.0,874.0,1850.0,931.0,3964,0,0,1,Pedestrian
36,1801.0,874.0,1850.0,931.0,3965,0,0,1,Pedestrian
36,1801.0,874.0,1850.0,931.0,3966,0,0,1,Pedestrian
36,1801.0,874.0,1850.0,931.0,3967,0,0,1,Pedestrian
36,1801.0,874.0,1850.0,931.0,3968,0,0,1,Pedestrian
36,1801.0,874.0,1850.0,931.0,3969,0,0,1,Pedestrian
36,1801.0,874.0,1850.0,931.0,3970,0,0,1,Pedestrian
36,1801.0,874.0,1850.0,931.0,3971,0,0,1,Pedestrian
36,1801.0,874.0,1850.0,931.0,3972,0,0,1,Pedestrian
36,1801.0,874.0,1850.0,931.0,3973,0,0,1,Pedestrian
36,1801.0,874.0,1850.0,931.0,3974,0,0,1,Pedestrian
36,1801.0,874.0,1850.0,931.0,3975,0,0,1,Pedestrian
36,1801.0,874.0,1850.0,931.0,3976,0,0,1,Pedestrian
36,1801.0,874.0,1850.0,931.0,3977,0,0,1,Pedestrian
36,1801.0,874.0,1850.0,931.0,3978,0,0,1,Pedestrian
36,1801.0,874.0,1850.0,931.0,3979,0,0,1,Pedestrian
36,1801.0,874.0,1850.0,931.0,3980,0,0,1,Pedestrian
36,1801.0,874.0,1850.0,931.0,3981,0,0,1,Pedestrian
36,1801.0,874.0,1850.0,931.0,3982,0,0,1,Pedestrian
36,1801.0,874.0,1850.0,931.0,3983,0,0,1,Pedestrian
36,1801.0,874.0,1850.0,931.0,3984,0,0,1,Pedestrian
36,1801.0,874.0,1850.0,931.0,3985,0,0,1,Pedestrian
36,1801.0,874.0,1850.0,931.0,3986,0,0,1,Pedestrian
36,1801.0,874.0,1850.0,931.0,3987,0,0,1,Pedestrian
36,1801.0,874.0,1850.0,931.0,3988,0,0,1,Pedestrian
36,1801.0,874.0,1850.0,931.0,3989,0,0,1,Pedestrian
36,1801.0,874.0,1850.0,931.0,3990,0,0,1,Pedestrian
36,1801.0,874.0,1850.0,931.0,3991,0,0,1,Pedestrian
36,1801.0,874.0,1850.0,931.0,3992,0,0,1,Pedestrian
36,1801.0,874.0,1850.0,931.0,3993,0,0,1,Pedestrian
36,1801.0,874.0,1850.0,931.0,3994,0,0,1,Pedestrian
36,1801.0,874.0,1850.0,931.0,3995,0,0,1,Pedestrian
36,1801.0,874.0,1850.0,931.0,3996,0,0,1,Pedestrian
36,1801.0,874.0,1850.0,931.0,3997,0,0,1,Pedestrian
36,1801.0,874.0,1850.0,931.0,3998,0,0,1,Pedestrian
36,1801.0,874.0,1850.0,931.0,3999,0,0,1,Pedestrian
36,1804.0,876.0,1853.0,933.0,4000,0,0,0,Pedestrian
36,1801.0,876.0,1853.0,931.0,4001,0,0,1,Pedestrian
36,1801.0,876.0,1853.0,931.0,4002,0,0,1,Pedestrian
36,1801.0,876.0,1853.0,931.0,4003,0,0,1,Pedestrian
36,1801.0,876.0,1853.0,931.0,4004,0,0,1,Pedestrian
36,1801.0,876.0,1853.0,931.0,4005,0,0,1,Pedestrian
36,1801.0,876.0,1853.0,931.0,4006,0,0,1,Pedestrian
36,1801.0,876.0,1853.0,931.0,4007,0,0,1,Pedestrian
36,1801.0,876.0,1853.0,931.0,4008,0,0,1,Pedestrian
36,1801.0,876.0,1853.0,931.0,4009,0,0,1,Pedestrian
36,1801.0,876.0,1853.0,931.0,4010,0,0,1,Pedestrian
36,1801.0,876.0,1853.0,931.0,4011,0,0,1,Pedestrian
36,1801.0,876.0,1853.0,931.0,4012,0,0,1,Pedestrian
36,1801.0,876.0,1853.0,931.0,4013,0,0,1,Pedestrian
36,1801.0,876.0,1853.0,931.0,4014,0,0,1,Pedestrian
36,1801.0,876.0,1853.0,931.0,4015,0,0,1,Pedestrian
36,1801.0,876.0,1853.0,931.0,4016,0,0,1,Pedestrian
36,1801.0,876.0,1853.0,931.0,4017,0,0,1,Pedestrian
36,1801.0,876.0,1853.0,931.0,4018,0,0,1,Pedestrian
36,1801.0,876.0,1853.0,931.0,4019,0,0,1,Pedestrian
36,1801.0,876.0,1853.0,931.0,4020,0,0,1,Pedestrian
36,1801.0,876.0,1853.0,931.0,4021,0,0,1,Pedestrian
36,1801.0,876.0,1853.0,931.0,4022,0,0,1,Pedestrian
36,1801.0,876.0,1853.0,931.0,4023,0,0,1,Pedestrian
36,1801.0,876.0,1853.0,929.0,4024,0,0,1,Pedestrian
36,1801.0,876.0,1853.0,929.0,4025,0,0,1,Pedestrian
36,1801.0,876.0,1853.0,929.0,4026,0,0,1,Pedestrian
36,1801.0,876.0,1853.0,929.0,4027,0,0,1,Pedestrian
36,1801.0,876.0,1853.0,929.0,4028,0,0,1,Pedestrian
36,1801.0,876.0,1853.0,929.0,4029,0,0,1,Pedestrian
36,1801.0,876.0,1853.0,929.0,4030,0,0,1,Pedestrian
36,1801.0,876.0,1853.0,929.0,4031,0,0,1,Pedestrian
36,1801.0,876.0,1853.0,929.0,4032,0,0,1,Pedestrian
36,1801.0,876.0,1853.0,929.0,4033,0,0,1,Pedestrian
36,1801.0,876.0,1853.0,929.0,4034,0,0,1,Pedestrian
36,1801.0,876.0,1853.0,929.0,4035,0,0,1,Pedestrian
36,1801.0,876.0,1853.0,929.0,4036,0,0,1,Pedestrian
36,1801.0,876.0,1853.0,929.0,4037,0,0,1,Pedestrian
36,1801.0,876.0,1853.0,929.0,4038,0,0,1,Pedestrian
36,1801.0,876.0,1853.0,929.0,4039,0,0,1,Pedestrian
36,1801.0,876.0,1853.0,929.0,4040,0,0,1,Pedestrian
36,1801.0,876.0,1853.0,929.0,4041,0,0,1,Pedestrian
36,1801.0,876.0,1853.0,929.0,4042,0,0,1,Pedestrian
36,1801.0,876.0,1853.0,929.0,4043,0,0,1,Pedestrian
36,1801.0,876.0,1853.0,929.0,4044,0,0,1,Pedestrian
36,1801.0,876.0,1853.0,929.0,4045,0,0,1,Pedestrian
36,1801.0,876.0,1853.0,929.0,4046,0,0,1,Pedestrian
36,1801.0,876.0,1853.0,926.0,4047,0,0,1,Pedestrian
36,1801.0,876.0,1853.0,926.0,4048,0,0,1,Pedestrian
36,1801.0,876.0,1853.0,926.0,4049,0,0,1,Pedestrian
36,1801.0,876.0,1853.0,926.0,4050,0,0,1,Pedestrian
36,1801.0,876.0,1853.0,926.0,4051,0,0,1,Pedestrian
36,1801.0,876.0,1853.0,926.0,4052,0,0,1,Pedestrian
36,1801.0,876.0,1853.0,926.0,4053,0,0,1,Pedestrian
36,1801.0,876.0,1853.0,926.0,4054,0,0,1,Pedestrian
36,1801.0,876.0,1853.0,926.0,4055,0,0,1,Pedestrian
36,1801.0,876.0,1853.0,926.0,4056,0,0,1,Pedestrian
36,1801.0,876.0,1853.0,926.0,4057,0,0,1,Pedestrian
36,1801.0,876.0,1853.0,926.0,4058,0,0,1,Pedestrian
36,1801.0,876.0,1853.0,926.0,4059,0,0,1,Pedestrian
36,1801.0,876.0,1853.0,926.0,4060,0,0,1,Pedestrian
36,1801.0,876.0,1853.0,926.0,4061,0,0,1,Pedestrian
36,1801.0,876.0,1853.0,926.0,4062,0,0,1,Pedestrian
36,1801.0,876.0,1853.0,926.0,4063,0,0,1,Pedestrian
36,1801.0,876.0,1853.0,926.0,4064,0,0,1,Pedestrian
36,1801.0,876.0,1853.0,926.0,4065,0,0,1,Pedestrian
36,1801.0,876.0,1853.0,926.0,4066,0,0,1,Pedestrian
36,1801.0,876.0,1853.0,926.0,4067,0,0,1,Pedestrian
36,1801.0,876.0,1853.0,926.0,4068,0,0,1,Pedestrian
36,1801.0,876.0,1853.0,926.0,4069,0,0,1,Pedestrian
36,1801.0,878.0,1853.0,926.0,4070,0,0,1,Pedestrian
36,1801.0,878.0,1853.0,924.0,4071,0,0,1,Pedestrian
36,1801.0,878.0,1853.0,924.0,4072,0,0,1,Pedestrian
36,1801.0,878.0,1853.0,924.0,4073,0,0,1,Pedestrian
36,1801.0,878.0,1853.0,924.0,4074,0,0,1,Pedestrian
36,1801.0,878.0,1853.0,924.0,4075,0,0,1,Pedestrian
36,1801.0,878.0,1853.0,924.0,4076,0,0,1,Pedestrian
36,1801.0,878.0,1853.0,924.0,4077,0,0,1,Pedestrian
36,1801.0,878.0,1853.0,924.0,4078,0,0,1,Pedestrian
36,1801.0,878.0,1853.0,924.0,4079,0,0,1,Pedestrian
36,1801.0,878.0,1853.0,924.0,4080,0,0,1,Pedestrian
36,1801.0,878.0,1853.0,924.0,4081,0,0,1,Pedestrian
36,1801.0,878.0,1853.0,924.0,4082,0,0,1,Pedestrian
36,1801.0,878.0,1853.0,924.0,4083,0,0,1,Pedestrian
36,1801.0,878.0,1853.0,924.0,4084,0,0,1,Pedestrian
36,1801.0,878.0,1853.0,924.0,4085,0,0,1,Pedestrian
36,1801.0,878.0,1853.0,924.0,4086,0,0,1,Pedestrian
36,1801.0,878.0,1853.0,924.0,4087,0,0,1,Pedestrian
36,1801.0,878.0,1853.0,924.0,4088,0,0,1,Pedestrian
36,1801.0,878.0,1853.0,924.0,4089,0,0,1,Pedestrian
36,1801.0,878.0,1853.0,924.0,4090,0,0,1,Pedestrian
36,1801.0,878.0,1853.0,924.0,4091,0,0,1,Pedestrian
36,1801.0,878.0,1853.0,924.0,4092,0,0,1,Pedestrian
36,1801.0,878.0,1853.0,924.0,4093,0,0,1,Pedestrian
36,1801.0,878.0,1853.0,922.0,4094,0,0,1,Pedestrian
36,1801.0,878.0,1853.0,922.0,4095,0,0,1,Pedestrian
36,1801.0,878.0,1853.0,922.0,4096,0,0,1,Pedestrian
36,1801.0,878.0,1853.0,922.0,4097,0,0,1,Pedestrian
36,1801.0,878.0,1853.0,922.0,4098,0,0,1,Pedestrian
36,1801.0,878.0,1853.0,922.0,4099,0,0,1,Pedestrian
36,1801.0,878.0,1853.0,922.0,4100,0,0,1,Pedestrian
36,1801.0,878.0,1853.0,922.0,4101,0,0,1,Pedestrian
36,1801.0,878.0,1853.0,922.0,4102,0,0,1,Pedestrian
36,1801.0,878.0,1853.0,922.0,4103,0,0,1,Pedestrian
36,1801.0,878.0,1853.0,922.0,4104,0,0,1,Pedestrian
36,1801.0,878.0,1853.0,922.0,4105,0,0,1,Pedestrian
36,1798.0,878.0,1853.0,922.0,4106,0,0,1,Pedestrian
36,1798.0,878.0,1853.0,922.0,4107,0,0,1,Pedestrian
36,1798.0,878.0,1853.0,922.0,4108,0,0,1,Pedestrian
36,1798.0,878.0,1853.0,922.0,4109,0,0,1,Pedestrian
36,1798.0,878.0,1853.0,922.0,4110,0,0,1,Pedestrian
36,1798.0,878.0,1853.0,922.0,4111,0,0,1,Pedestrian
36,1798.0,878.0,1853.0,922.0,4112,0,0,1,Pedestrian
36,1798.0,878.0,1853.0,922.0,4113,0,0,1,Pedestrian
36,1798.0,878.0,1853.0,922.0,4114,0,0,1,Pedestrian
36,1798.0,878.0,1853.0,922.0,4115,0,0,1,Pedestrian
36,1798.0,878.0,1853.0,922.0,4116,0,0,1,Pedestrian
36,1798.0,878.0,1853.0,919.0,4117,0,0,1,Pedestrian
36,1798.0,878.0,1853.0,919.0,4118,0,0,1,Pedestrian
36,1798.0,878.0,1853.0,919.0,4119,0,0,1,Pedestrian
36,1798.0,878.0,1853.0,919.0,4120,0,0,1,Pedestrian
36,1798.0,878.0,1853.0,919.0,4121,0,0,1,Pedestrian
36,1798.0,878.0,1853.0,919.0,4122,0,0,1,Pedestrian
36,1798.0,878.0,1853.0,919.0,4123,0,0,1,Pedestrian
36,1798.0,878.0,1853.0,919.0,4124,0,0,1,Pedestrian
36,1798.0,878.0,1853.0,919.0,4125,0,0,1,Pedestrian
36,1798.0,878.0,1853.0,919.0,4126,0,0,1,Pedestrian
36,1798.0,878.0,1853.0,919.0,4127,0,0,1,Pedestrian
36,1798.0,878.0,1853.0,919.0,4128,0,0,1,Pedestrian
36,1798.0,878.0,1853.0,919.0,4129,0,0,1,Pedestrian
36,1798.0,878.0,1853.0,919.0,4130,0,0,1,Pedestrian
36,1798.0,878.0,1853.0,919.0,4131,0,0,1,Pedestrian
36,1798.0,878.0,1853.0,919.0,4132,0,0,1,Pedestrian
36,1798.0,878.0,1853.0,919.0,4133,0,0,1,Pedestrian
36,1798.0,878.0,1853.0,919.0,4134,0,0,1,Pedestrian
36,1798.0,878.0,1853.0,919.0,4135,0,0,1,Pedestrian
36,1798.0,878.0,1853.0,919.0,4136,0,0,1,Pedestrian
36,1798.0,878.0,1853.0,919.0,4137,0,0,1,Pedestrian
36,1798.0,878.0,1853.0,919.0,4138,0,0,1,Pedestrian
36,1798.0,878.0,1853.0,919.0,4139,0,0,1,Pedestrian
36,1798.0,881.0,1853.0,919.0,4140,0,0,1,Pedestrian
36,1798.0,881.0,1853.0,917.0,4141,0,0,1,Pedestrian
36,1798.0,881.0,1853.0,917.0,4142,0,0,1,Pedestrian
36,1798.0,881.0,1853.0,917.0,4143,0,0,1,Pedestrian
36,1798.0,881.0,1853.0,917.0,4144,0,0,1,Pedestrian
36,1798.0,881.0,1853.0,917.0,4145,0,0,1,Pedestrian
36,1798.0,881.0,1853.0,917.0,4146,0,0,1,Pedestrian
36,1798.0,881.0,1853.0,917.0,4147,0,0,1,Pedestrian
36,1798.0,881.0,1853.0,917.0,4148,0,0,1,Pedestrian
36,1798.0,881.0,1853.0,917.0,4149,0,0,1,Pedestrian
36,1798.0,881.0,1853.0,917.0,4150,0,0,1,Pedestrian
36,1798.0,881.0,1853.0,917.0,4151,0,0,1,Pedestrian
36,1798.0,881.0,1853.0,917.0,4152,0,0,1,Pedestrian
36,1798.0,881.0,1853.0,917.0,4153,0,0,1,Pedestrian
36,1798.0,881.0,1853.0,917.0,4154,0,0,1,Pedestrian
36,1798.0,881.0,1853.0,917.0,4155,0,0,1,Pedestrian
36,1798.0,881.0,1853.0,917.0,4156,0,0,1,Pedestrian
36,1798.0,881.0,1853.0,917.0,4157,0,0,1,Pedestrian
36,1798.0,881.0,1853.0,917.0,4158,0,0,1,Pedestrian
36,1798.0,881.0,1853.0,917.0,4159,0,0,1,Pedestrian
36,1798.0,881.0,1853.0,917.0,4160,0,0,1,Pedestrian
36,1798.0,881.0,1853.0,917.0,4161,0,0,1,Pedestrian
36,1798.0,881.0,1853.0,917.0,4162,0,0,1,Pedestrian
36,1798.0,881.0,1853.0,917.0,4163,0,0,1,Pedestrian
36,1798.0,881.0,1853.0,915.0,4164,0,0,1,Pedestrian
36,1798.0,881.0,1853.0,915.0,4165,0,0,1,Pedestrian
36,1798.0,881.0,1853.0,915.0,4166,0,0,1,Pedestrian
36,1798.0,881.0,1853.0,915.0,4167,0,0,1,Pedestrian
36,1798.0,881.0,1853.0,915.0,4168,0,0,1,Pedestrian
36,1798.0,881.0,1853.0,915.0,4169,0,0,1,Pedestrian
36,1798.0,881.0,1853.0,915.0,4170,0,0,1,Pedestrian
36,1798.0,881.0,1853.0,915.0,4171,0,0,1,Pedestrian
36,1798.0,881.0,1853.0,915.0,4172,0,0,1,Pedestrian
36,1798.0,881.0,1853.0,915.0,4173,0,0,1,Pedestrian
36,1798.0,881.0,1853.0,915.0,4174,0,0,1,Pedestrian
36,1798.0,881.0,1853.0,915.0,4175,0,0,1,Pedestrian
36,1798.0,881.0,1853.0,915.0,4176,0,0,1,Pedestrian
36,1798.0,881.0,1853.0,915.0,4177,0,0,1,Pedestrian
36,1798.0,881.0,1853.0,915.0,4178,0,0,1,Pedestrian
36,1798.0,881.0,1853.0,915.0,4179,0,0,1,Pedestrian
36,1798.0,881.0,1853.0,915.0,4180,0,0,1,Pedestrian
36,1798.0,881.0,1853.0,915.0,4181,0,0,1,Pedestrian
36,1798.0,881.0,1853.0,915.0,4182,0,0,1,Pedestrian
36,1798.0,881.0,1853.0,915.0,4183,0,0,1,Pedestrian
36,1798.0,881.0,1853.0,915.0,4184,0,0,1,Pedestrian
36,1798.0,881.0,1853.0,915.0,4185,0,0,1,Pedestrian
36,1798.0,881.0,1853.0,915.0,4186,0,0,1,Pedestrian
36,1798.0,881.0,1853.0,913.0,4187,0,0,1,Pedestrian
36,1798.0,881.0,1853.0,913.0,4188,0,0,1,Pedestrian
36,1798.0,881.0,1853.0,913.0,4189,0,0,1,Pedestrian
36,1798.0,881.0,1853.0,913.0,4190,0,0,1,Pedestrian
36,1798.0,881.0,1853.0,913.0,4191,0,0,1,Pedestrian
36,1798.0,881.0,1853.0,913.0,4192,0,0,1,Pedestrian
36,1798.0,881.0,1853.0,913.0,4193,0,0,1,Pedestrian
36,1798.0,881.0,1853.0,913.0,4194,0,0,1,Pedestrian
36,1798.0,881.0,1853.0,913.0,4195,0,0,1,Pedestrian
36,1798.0,881.0,1853.0,913.0,4196,0,0,1,Pedestrian
36,1798.0,881.0,1853.0,913.0,4197,0,0,1,Pedestrian
36,1798.0,881.0,1853.0,913.0,4198,0,0,1,Pedestrian
36,1798.0,881.0,1853.0,913.0,4199,0,0,1,Pedestrian
36,1798.0,881.0,1853.0,913.0,4200,0,0,1,Pedestrian
36,1798.0,881.0,1853.0,913.0,4201,0,0,1,Pedestrian
36,1798.0,881.0,1853.0,913.0,4202,0,0,1,Pedestrian
36,1798.0,881.0,1853.0,913.0,4203,0,0,1,Pedestrian
36,1798.0,881.0,1853.0,913.0,4204,0,0,1,Pedestrian
36,1798.0,881.0,1853.0,913.0,4205,0,0,1,Pedestrian
36,1798.0,881.0,1853.0,913.0,4206,0,0,1,Pedestrian
36,1798.0,881.0,1853.0,913.0,4207,0,0,1,Pedestrian
36,1798.0,881.0,1853.0,913.0,4208,0,0,1,Pedestrian
36,1798.0,881.0,1853.0,913.0,4209,0,0,1,Pedestrian
36,1798.0,883.0,1853.0,913.0,4210,0,0,0,Pedestrian
36,1798.0,883.0,1853.0,913.0,4211,0,0,1,Pedestrian
36,1798.0,883.0,1853.0,913.0,4212,0,0,1,Pedestrian
36,1798.0,883.0,1853.0,913.0,4213,0,0,1,Pedestrian
36,1798.0,883.0,1853.0,913.0,4214,0,0,1,Pedestrian
36,1798.0,883.0,1853.0,913.0,4215,0,0,1,Pedestrian
36,1798.0,883.0,1853.0,913.0,4216,0,0,1,Pedestrian
36,1798.0,883.0,1853.0,913.0,4217,0,0,1,Pedestrian
36,1798.0,883.0,1853.0,913.0,4218,0,0,1,Pedestrian
36,1798.0,883.0,1853.0,913.0,4219,0,0,1,Pedestrian
36,1798.0,883.0,1853.0,913.0,4220,0,0,1,Pedestrian
36,1798.0,883.0,1853.0,913.0,4221,0,0,1,Pedestrian
36,1798.0,883.0,1853.0,913.0,4222,0,0,1,Pedestrian
36,1798.0,883.0,1853.0,913.0,4223,0,0,1,Pedestrian
36,1798.0,883.0,1853.0,913.0,4224,0,0,1,Pedestrian
36,1798.0,883.0,1853.0,913.0,4225,0,0,1,Pedestrian
36,1798.0,883.0,1853.0,913.0,4226,0,0,1,Pedestrian
36,1798.0,883.0,1853.0,913.0,4227,0,0,1,Pedestrian
36,1798.0,883.0,1853.0,913.0,4228,0,0,1,Pedestrian
36,1798.0,883.0,1853.0,913.0,4229,0,0,1,Pedestrian
36,1798.0,883.0,1853.0,913.0,4230,0,0,1,Pedestrian
36,1798.0,883.0,1853.0,913.0,4231,0,0,1,Pedestrian
36,1798.0,883.0,1853.0,913.0,4232,0,0,1,Pedestrian
36,1798.0,883.0,1853.0,913.0,4233,0,0,1,Pedestrian
36,1798.0,883.0,1853.0,913.0,4234,0,0,1,Pedestrian
36,1798.0,883.0,1853.0,913.0,4235,0,0,1,Pedestrian
36,1798.0,883.0,1853.0,913.0,4236,0,0,1,Pedestrian
36,1798.0,883.0,1853.0,913.0,4237,0,0,1,Pedestrian
36,1798.0,883.0,1853.0,913.0,4238,0,0,1,Pedestrian
36,1798.0,883.0,1853.0,913.0,4239,0,0,1,Pedestrian
36,1798.0,883.0,1853.0,913.0,4240,0,0,1,Pedestrian
36,1798.0,883.0,1853.0,913.0,4241,0,0,1,Pedestrian
36,1798.0,883.0,1853.0,913.0,4242,0,0,1,Pedestrian
36,1798.0,883.0,1853.0,913.0,4243,0,0,1,Pedestrian
36,1798.0,883.0,1853.0,913.0,4244,0,0,1,Pedestrian
36,1798.0,883.0,1853.0,913.0,4245,0,0,1,Pedestrian
36,1798.0,883.0,1853.0,913.0,4246,0,0,1,Pedestrian
36,1798.0,883.0,1853.0,913.0,4247,0,0,1,Pedestrian
36,1798.0,883.0,1853.0,913.0,4248,0,0,1,Pedestrian
36,1798.0,883.0,1853.0,913.0,4249,0,0,1,Pedestrian
36,1798.0,883.0,1853.0,913.0,4250,0,0,1,Pedestrian
36,1798.0,883.0,1853.0,913.0,4251,0,0,1,Pedestrian
36,1798.0,883.0,1853.0,913.0,4252,0,0,1,Pedestrian
36,1798.0,883.0,1853.0,913.0,4253,0,0,1,Pedestrian
36,1798.0,883.0,1853.0,913.0,4254,0,0,1,Pedestrian
36,1798.0,883.0,1853.0,913.0,4255,0,0,1,Pedestrian
36,1798.0,883.0,1853.0,913.0,4256,0,0,1,Pedestrian
36,1798.0,883.0,1853.0,913.0,4257,0,0,1,Pedestrian
36,1798.0,883.0,1853.0,913.0,4258,0,0,1,Pedestrian
36,1798.0,883.0,1853.0,913.0,4259,0,0,1,Pedestrian
36,1798.0,883.0,1853.0,913.0,4260,0,0,1,Pedestrian
36,1798.0,883.0,1853.0,913.0,4261,0,0,1,Pedestrian
36,1798.0,883.0,1853.0,913.0,4262,0,0,1,Pedestrian
36,1798.0,883.0,1853.0,913.0,4263,0,0,1,Pedestrian
36,1798.0,883.0,1853.0,913.0,4264,0,0,1,Pedestrian
36,1798.0,883.0,1853.0,913.0,4265,0,0,1,Pedestrian
36,1798.0,883.0,1853.0,913.0,4266,0,0,1,Pedestrian
36,1798.0,883.0,1853.0,913.0,4267,0,0,1,Pedestrian
36,1798.0,883.0,1853.0,913.0,4268,0,0,1,Pedestrian
36,1798.0,883.0,1853.0,913.0,4269,0,0,1,Pedestrian
36,1798.0,883.0,1853.0,913.0,4270,0,0,1,Pedestrian
36,1798.0,883.0,1853.0,913.0,4271,0,0,1,Pedestrian
36,1798.0,883.0,1853.0,913.0,4272,0,0,1,Pedestrian
36,1798.0,883.0,1853.0,913.0,4273,0,0,1,Pedestrian
36,1798.0,883.0,1853.0,913.0,4274,0,0,1,Pedestrian
36,1798.0,883.0,1853.0,913.0,4275,0,0,1,Pedestrian
36,1798.0,883.0,1853.0,913.0,4276,0,0,1,Pedestrian
36,1798.0,883.0,1853.0,913.0,4277,0,0,1,Pedestrian
36,1798.0,883.0,1853.0,913.0,4278,0,0,1,Pedestrian
36,1798.0,883.0,1853.0,913.0,4279,0,0,1,Pedestrian
36,1798.0,883.0,1853.0,913.0,4280,0,0,1,Pedestrian
36,1798.0,883.0,1853.0,913.0,4281,0,0,1,Pedestrian
36,1798.0,883.0,1853.0,913.0,4282,0,0,1,Pedestrian
36,1798.0,883.0,1853.0,913.0,4283,0,0,1,Pedestrian
36,1798.0,883.0,1853.0,913.0,4284,0,0,1,Pedestrian
36,1798.0,883.0,1853.0,913.0,4285,0,0,1,Pedestrian
36,1798.0,883.0,1853.0,913.0,4286,0,0,1,Pedestrian
36,1798.0,883.0,1853.0,913.0,4287,0,0,1,Pedestrian
36,1798.0,883.0,1853.0,913.0,4288,0,0,1,Pedestrian
36,1798.0,883.0,1853.0,913.0,4289,0,0,1,Pedestrian
36,1798.0,883.0,1853.0,913.0,4290,0,0,1,Pedestrian
36,1798.0,883.0,1853.0,913.0,4291,0,0,1,Pedestrian
36,1798.0,883.0,1853.0,913.0,4292,0,0,1,Pedestrian
36,1798.0,883.0,1853.0,913.0,4293,0,0,1,Pedestrian
36,1798.0,883.0,1853.0,913.0,4294,0,0,1,Pedestrian
36,1798.0,883.0,1853.0,913.0,4295,0,0,1,Pedestrian
36,1798.0,883.0,1853.0,913.0,4296,0,0,1,Pedestrian
36,1798.0,883.0,1853.0,913.0,4297,0,0,1,Pedestrian
36,1798.0,883.0,1853.0,913.0,4298,0,0,1,Pedestrian
36,1798.0,883.0,1853.0,913.0,4299,0,0,1,Pedestrian
36,1798.0,883.0,1853.0,913.0,4300,0,0,1,Pedestrian
36,1798.0,883.0,1853.0,913.0,4301,0,0,1,Pedestrian
36,1798.0,883.0,1853.0,913.0,4302,0,0,1,Pedestrian
36,1798.0,883.0,1853.0,913.0,4303,0,0,1,Pedestrian
36,1798.0,883.0,1853.0,913.0,4304,0,0,1,Pedestrian
36,1798.0,883.0,1853.0,913.0,4305,0,0,1,Pedestrian
36,1798.0,883.0,1853.0,913.0,4306,0,0,1,Pedestrian
36,1798.0,883.0,1853.0,913.0,4307,0,0,1,Pedestrian
36,1798.0,883.0,1853.0,913.0,4308,0,0,1,Pedestrian
36,1798.0,883.0,1853.0,913.0,4309,0,0,1,Pedestrian
36,1798.0,883.0,1853.0,913.0,4310,0,0,1,Pedestrian
36,1798.0,883.0,1853.0,913.0,4311,0,0,1,Pedestrian
36,1798.0,883.0,1853.0,913.0,4312,0,0,1,Pedestrian
36,1798.0,883.0,1853.0,913.0,4313,0,0,1,Pedestrian
36,1798.0,883.0,1853.0,913.0,4314,0,0,1,Pedestrian
36,1798.0,883.0,1853.0,913.0,4315,0,0,1,Pedestrian
36,1798.0,883.0,1853.0,913.0,4316,0,0,1,Pedestrian
36,1798.0,883.0,1853.0,913.0,4317,0,0,1,Pedestrian
36,1798.0,883.0,1853.0,913.0,4318,0,0,1,Pedestrian
36,1798.0,883.0,1853.0,913.0,4319,0,0,1,Pedestrian
36,1798.0,883.0,1853.0,913.0,4320,0,0,1,Pedestrian
36,1798.0,883.0,1853.0,913.0,4321,0,0,1,Pedestrian
36,1798.0,883.0,1853.0,913.0,4322,0,0,1,Pedestrian
36,1798.0,883.0,1853.0,913.0,4323,0,0,1,Pedestrian
36,1798.0,883.0,1853.0,913.0,4324,0,0,1,Pedestrian
36,1798.0,883.0,1853.0,913.0,4325,0,0,1,Pedestrian
36,1798.0,883.0,1853.0,913.0,4326,0,0,1,Pedestrian
36,1798.0,883.0,1853.0,913.0,4327,0,0,1,Pedestrian
36,1798.0,883.0,1853.0,913.0,4328,0,0,1,Pedestrian
36,1798.0,883.0,1853.0,913.0,4329,0,0,1,Pedestrian
36,1798.0,883.0,1853.0,913.0,4330,0,0,1,Pedestrian
36,1798.0,883.0,1853.0,913.0,4331,0,0,1,Pedestrian
36,1798.0,883.0,1853.0,913.0,4332,0,0,1,Pedestrian
36,1798.0,883.0,1853.0,913.0,4333,0,0,1,Pedestrian
36,1798.0,883.0,1853.0,913.0,4334,0,0,1,Pedestrian
36,1798.0,883.0,1853.0,913.0,4335,0,0,1,Pedestrian
36,1798.0,883.0,1853.0,913.0,4336,0,0,1,Pedestrian
36,1798.0,883.0,1853.0,913.0,4337,0,0,1,Pedestrian
36,1798.0,883.0,1853.0,913.0,4338,0,0,1,Pedestrian
36,1798.0,883.0,1853.0,913.0,4339,0,0,1,Pedestrian
36,1798.0,883.0,1853.0,913.0,4340,0,0,1,Pedestrian
36,1798.0,883.0,1853.0,913.0,4341,0,0,1,Pedestrian
36,1798.0,883.0,1853.0,913.0,4342,0,0,1,Pedestrian
36,1798.0,883.0,1853.0,913.0,4343,0,0,1,Pedestrian
36,1798.0,883.0,1853.0,913.0,4344,0,0,1,Pedestrian
36,1798.0,883.0,1853.0,913.0,4345,0,0,1,Pedestrian
36,1798.0,883.0,1853.0,913.0,4346,0,0,1,Pedestrian
36,1798.0,883.0,1853.0,913.0,4347,0,0,1,Pedestrian
36,1798.0,883.0,1853.0,913.0,4348,0,0,1,Pedestrian
36,1798.0,883.0,1853.0,913.0,4349,0,0,1,Pedestrian
36,1798.0,883.0,1853.0,913.0,4350,0,0,1,Pedestrian
36,1798.0,883.0,1853.0,913.0,4351,0,0,1,Pedestrian
36,1798.0,883.0,1853.0,913.0,4352,0,0,1,Pedestrian
36,1798.0,883.0,1853.0,913.0,4353,0,0,1,Pedestrian
36,1798.0,883.0,1853.0,913.0,4354,0,0,1,Pedestrian
36,1798.0,883.0,1853.0,913.0,4355,0,0,1,Pedestrian
36,1798.0,883.0,1853.0,913.0,4356,0,0,1,Pedestrian
36,1798.0,883.0,1853.0,913.0,4357,0,0,1,Pedestrian
36,1798.0,883.0,1853.0,913.0,4358,0,0,1,Pedestrian
36,1798.0,883.0,1853.0,913.0,4359,0,0,1,Pedestrian
36,1798.0,883.0,1853.0,913.0,4360,0,0,1,Pedestrian
36,1798.0,883.0,1853.0,913.0,4361,0,0,1,Pedestrian
36,1798.0,883.0,1853.0,913.0,4362,0,0,1,Pedestrian
36,1798.0,883.0,1853.0,913.0,4363,0,0,1,Pedestrian
36,1798.0,883.0,1853.0,913.0,4364,0,0,1,Pedestrian
36,1798.0,883.0,1853.0,913.0,4365,0,0,1,Pedestrian
36,1798.0,883.0,1853.0,913.0,4366,0,0,1,Pedestrian
36,1798.0,883.0,1853.0,913.0,4367,0,0,1,Pedestrian
36,1798.0,883.0,1853.0,913.0,4368,0,0,1,Pedestrian
36,1798.0,883.0,1853.0,913.0,4369,0,0,1,Pedestrian
36,1798.0,883.0,1853.0,913.0,4370,0,0,1,Pedestrian
36,1798.0,883.0,1853.0,913.0,4371,0,0,1,Pedestrian
36,1798.0,883.0,1853.0,913.0,4372,0,0,1,Pedestrian
36,1798.0,883.0,1853.0,913.0,4373,0,0,1,Pedestrian
36,1798.0,883.0,1853.0,913.0,4374,0,0,1,Pedestrian
36,1798.0,883.0,1853.0,913.0,4375,0,0,1,Pedestrian
36,1798.0,883.0,1853.0,913.0,4376,0,0,1,Pedestrian
36,1798.0,883.0,1853.0,913.0,4377,0,0,1,Pedestrian
36,1798.0,883.0,1853.0,913.0,4378,0,0,1,Pedestrian
36,1798.0,883.0,1853.0,913.0,4379,0,0,1,Pedestrian
36,1798.0,883.0,1853.0,913.0,4380,0,0,1,Pedestrian
36,1798.0,883.0,1853.0,913.0,4381,0,0,1,Pedestrian
36,1798.0,883.0,1853.0,913.0,4382,0,0,1,Pedestrian
36,1798.0,883.0,1853.0,913.0,4383,0,0,1,Pedestrian
36,1798.0,883.0,1853.0,913.0,4384,0,0,1,Pedestrian
36,1798.0,883.0,1853.0,913.0,4385,0,0,1,Pedestrian
36,1798.0,883.0,1853.0,913.0,4386,0,0,1,Pedestrian
36,1798.0,883.0,1853.0,913.0,4387,0,0,1,Pedestrian
36,1798.0,883.0,1853.0,913.0,4388,0,0,1,Pedestrian
36,1798.0,883.0,1853.0,913.0,4389,0,0,1,Pedestrian
36,1798.0,883.0,1853.0,913.0,4390,0,0,1,Pedestrian
36,1798.0,883.0,1853.0,913.0,4391,0,0,1,Pedestrian
36,1798.0,883.0,1853.0,913.0,4392,0,0,1,Pedestrian
36,1798.0,883.0,1853.0,913.0,4393,0,0,1,Pedestrian
36,1798.0,883.0,1853.0,913.0,4394,0,0,1,Pedestrian
36,1798.0,883.0,1853.0,913.0,4395,0,0,1,Pedestrian
36,1798.0,883.0,1853.0,913.0,4396,0,0,1,Pedestrian
36,1798.0,883.0,1853.0,913.0,4397,0,0,1,Pedestrian
36,1798.0,883.0,1853.0,913.0,4398,0,0,1,Pedestrian
36,1798.0,883.0,1853.0,913.0,4399,0,0,1,Pedestrian
36,1798.0,883.0,1853.0,913.0,4400,0,0,1,Pedestrian
36,1798.0,883.0,1853.0,913.0,4401,0,0,1,Pedestrian
36,1798.0,883.0,1853.0,913.0,4402,0,0,1,Pedestrian
36,1798.0,883.0,1853.0,913.0,4403,0,0,1,Pedestrian
36,1798.0,883.0,1853.0,913.0,4404,0,0,1,Pedestrian
36,1798.0,883.0,1853.0,913.0,4405,0,0,1,Pedestrian
36,1798.0,883.0,1853.0,913.0,4406,0,0,1,Pedestrian
36,1798.0,883.0,1853.0,913.0,4407,0,0,1,Pedestrian
36,1798.0,883.0,1853.0,913.0,4408,0,0,1,Pedestrian
36,1798.0,883.0,1853.0,913.0,4409,0,0,1,Pedestrian
36,1798.0,883.0,1853.0,913.0,4410,0,0,1,Pedestrian
36,1798.0,883.0,1853.0,913.0,4411,0,0,1,Pedestrian
36,1798.0,883.0,1853.0,913.0,4412,0,0,1,Pedestrian
36,1798.0,883.0,1853.0,913.0,4413,0,0,1,Pedestrian
36,1798.0,883.0,1853.0,913.0,4414,0,0,1,Pedestrian
36,1798.0,883.0,1853.0,913.0,4415,0,0,1,Pedestrian
36,1798.0,883.0,1853.0,913.0,4416,0,0,1,Pedestrian
36,1798.0,883.0,1853.0,913.0,4417,0,0,1,Pedestrian
36,1798.0,883.0,1853.0,913.0,4418,0,0,1,Pedestrian
36,1798.0,883.0,1853.0,913.0,4419,0,0,1,Pedestrian
36,1798.0,883.0,1853.0,913.0,4420,0,0,1,Pedestrian
36,1798.0,883.0,1853.0,913.0,4421,0,0,1,Pedestrian
36,1798.0,883.0,1853.0,913.0,4422,0,0,1,Pedestrian
36,1798.0,883.0,1853.0,913.0,4423,0,0,1,Pedestrian
36,1798.0,883.0,1853.0,913.0,4424,0,0,1,Pedestrian
36,1798.0,883.0,1853.0,913.0,4425,0,0,1,Pedestrian
36,1798.0,883.0,1853.0,913.0,4426,0,0,1,Pedestrian
36,1798.0,883.0,1853.0,913.0,4427,0,0,1,Pedestrian
36,1798.0,883.0,1853.0,913.0,4428,0,0,1,Pedestrian
36,1798.0,883.0,1853.0,913.0,4429,0,0,1,Pedestrian
36,1798.0,883.0,1853.0,913.0,4430,0,0,1,Pedestrian
36,1798.0,883.0,1853.0,913.0,4431,0,0,1,Pedestrian
36,1798.0,883.0,1853.0,913.0,4432,0,0,1,Pedestrian
36,1798.0,883.0,1853.0,913.0,4433,0,0,1,Pedestrian
36,1798.0,883.0,1853.0,913.0,4434,0,0,1,Pedestrian
36,1798.0,883.0,1853.0,913.0,4435,0,0,1,Pedestrian
36,1798.0,883.0,1853.0,913.0,4436,0,0,1,Pedestrian
36,1798.0,883.0,1853.0,913.0,4437,0,0,1,Pedestrian
36,1798.0,883.0,1853.0,913.0,4438,0,0,1,Pedestrian
36,1798.0,883.0,1853.0,913.0,4439,0,0,1,Pedestrian
36,1798.0,883.0,1853.0,913.0,4440,0,0,1,Pedestrian
36,1798.0,883.0,1853.0,913.0,4441,0,0,1,Pedestrian
36,1798.0,883.0,1853.0,913.0,4442,0,0,1,Pedestrian
36,1798.0,883.0,1853.0,913.0,4443,0,0,1,Pedestrian
36,1798.0,883.0,1853.0,913.0,4444,0,0,1,Pedestrian
36,1798.0,883.0,1853.0,913.0,4445,0,0,1,Pedestrian
36,1798.0,883.0,1853.0,913.0,4446,0,0,1,Pedestrian
36,1798.0,883.0,1853.0,913.0,4447,0,0,1,Pedestrian
36,1798.0,883.0,1853.0,913.0,4448,0,0,1,Pedestrian
36,1798.0,883.0,1853.0,913.0,4449,0,0,1,Pedestrian
36,1798.0,883.0,1853.0,913.0,4450,0,0,1,Pedestrian
36,1798.0,883.0,1853.0,913.0,4451,0,0,1,Pedestrian
36,1798.0,883.0,1853.0,913.0,4452,0,0,1,Pedestrian
36,1798.0,883.0,1853.0,913.0,4453,0,0,1,Pedestrian
36,1798.0,883.0,1853.0,913.0,4454,0,0,1,Pedestrian
36,1798.0,883.0,1853.0,913.0,4455,0,0,1,Pedestrian
36,1798.0,883.0,1853.0,913.0,4456,0,0,1,Pedestrian
36,1798.0,883.0,1853.0,913.0,4457,0,0,1,Pedestrian
36,1798.0,883.0,1853.0,913.0,4458,0,0,1,Pedestrian
36,1798.0,883.0,1853.0,913.0,4459,0,0,1,Pedestrian
36,1798.0,883.0,1853.0,913.0,4460,0,0,1,Pedestrian
36,1798.0,883.0,1853.0,913.0,4461,0,0,1,Pedestrian
36,1798.0,883.0,1853.0,913.0,4462,0,0,1,Pedestrian
36,1798.0,883.0,1853.0,913.0,4463,0,0,1,Pedestrian
36,1798.0,883.0,1853.0,913.0,4464,0,0,1,Pedestrian
36,1798.0,883.0,1853.0,913.0,4465,0,0,1,Pedestrian
36,1798.0,883.0,1853.0,913.0,4466,0,0,1,Pedestrian
36,1798.0,883.0,1853.0,913.0,4467,0,0,1,Pedestrian
36,1798.0,883.0,1853.0,913.0,4468,0,0,1,Pedestrian
36,1798.0,883.0,1853.0,913.0,4469,0,0,1,Pedestrian
36,1798.0,883.0,1853.0,913.0,4470,0,0,1,Pedestrian
36,1798.0,883.0,1853.0,913.0,4471,0,0,1,Pedestrian
36,1798.0,883.0,1853.0,913.0,4472,0,0,1,Pedestrian
36,1798.0,883.0,1853.0,913.0,4473,0,0,1,Pedestrian
36,1798.0,883.0,1853.0,913.0,4474,0,0,1,Pedestrian
36,1798.0,883.0,1853.0,913.0,4475,0,0,1,Pedestrian
36,1798.0,883.0,1853.0,913.0,4476,0,0,1,Pedestrian
36,1798.0,883.0,1853.0,913.0,4477,0,0,1,Pedestrian
36,1798.0,883.0,1853.0,913.0,4478,0,0,1,Pedestrian
36,1798.0,883.0,1853.0,913.0,4479,0,0,1,Pedestrian
36,1798.0,883.0,1853.0,913.0,4480,0,0,1,Pedestrian
36,1798.0,883.0,1853.0,913.0,4481,0,0,1,Pedestrian
36,1798.0,883.0,1853.0,913.0,4482,0,0,1,Pedestrian
36,1798.0,883.0,1853.0,913.0,4483,0,0,1,Pedestrian
36,1798.0,883.0,1853.0,913.0,4484,0,0,1,Pedestrian
36,1798.0,883.0,1853.0,913.0,4485,0,0,1,Pedestrian
36,1798.0,883.0,1853.0,913.0,4486,0,0,1,Pedestrian
36,1798.0,883.0,1853.0,913.0,4487,0,0,1,Pedestrian
36,1798.0,883.0,1853.0,913.0,4488,0,0,1,Pedestrian
36,1798.0,883.0,1853.0,913.0,4489,0,0,1,Pedestrian
36,1798.0,883.0,1853.0,913.0,4490,0,0,1,Pedestrian
36,1798.0,883.0,1853.0,913.0,4491,0,0,1,Pedestrian
36,1798.0,883.0,1853.0,913.0,4492,0,0,1,Pedestrian
36,1798.0,883.0,1853.0,913.0,4493,0,0,1,Pedestrian
36,1798.0,883.0,1853.0,913.0,4494,0,0,1,Pedestrian
36,1798.0,883.0,1853.0,913.0,4495,0,0,1,Pedestrian
36,1798.0,883.0,1853.0,913.0,4496,0,0,1,Pedestrian
36,1798.0,883.0,1853.0,913.0,4497,0,0,1,Pedestrian
36,1798.0,883.0,1853.0,913.0,4498,0,0,1,Pedestrian
36,1798.0,883.0,1853.0,913.0,4499,0,0,1,Pedestrian
36,1798.0,883.0,1853.0,913.0,4500,0,0,0,Pedestrian
36,1798.0,881.0,1850.0,913.0,4501,0,0,1,Pedestrian
36,1798.0,881.0,1850.0,913.0,4502,0,0,1,Pedestrian
36,1798.0,881.0,1850.0,913.0,4503,0,0,1,Pedestrian
36,1798.0,881.0,1850.0,913.0,4504,0,0,1,Pedestrian
36,1798.0,881.0,1850.0,913.0,4505,0,0,1,Pedestrian
36,1798.0,881.0,1850.0,913.0,4506,0,0,1,Pedestrian
36,1798.0,881.0,1850.0,913.0,4507,0,0,1,Pedestrian
36,1798.0,881.0,1850.0,913.0,4508,0,0,1,Pedestrian
36,1798.0,881.0,1850.0,913.0,4509,0,0,1,Pedestrian
36,1798.0,881.0,1850.0,913.0,4510,0,0,1,Pedestrian
36,1798.0,881.0,1850.0,913.0,4511,0,0,1,Pedestrian
36,1798.0,881.0,1850.0,913.0,4512,0,0,1,Pedestrian
36,1798.0,881.0,1850.0,913.0,4513,0,0,1,Pedestrian
36,1798.0,881.0,1850.0,913.0,4514,0,0,1,Pedestrian
36,1798.0,881.0,1850.0,913.0,4515,0,0,1,Pedestrian
36,1798.0,881.0,1850.0,913.0,4516,0,0,1,Pedestrian
36,1798.0,881.0,1850.0,913.0,4517,0,0,1,Pedestrian
36,1798.0,881.0,1850.0,913.0,4518,0,0,1,Pedestrian
36,1798.0,881.0,1850.0,913.0,4519,0,0,1,Pedestrian
36,1798.0,881.0,1850.0,913.0,4520,0,0,1,Pedestrian
36,1798.0,881.0,1850.0,913.0,4521,0,0,1,Pedestrian
36,1798.0,881.0,1850.0,913.0,4522,0,0,1,Pedestrian
36,1798.0,881.0,1850.0,913.0,4523,0,0,1,Pedestrian
36,1798.0,881.0,1850.0,913.0,4524,0,0,1,Pedestrian
36,1798.0,881.0,1850.0,913.0,4525,0,0,1,Pedestrian
36,1798.0,881.0,1850.0,913.0,4526,0,0,1,Pedestrian
36,1798.0,881.0,1850.0,913.0,4527,0,0,1,Pedestrian
36,1798.0,881.0,1850.0,913.0,4528,0,0,1,Pedestrian
36,1798.0,881.0,1850.0,913.0,4529,0,0,1,Pedestrian
36,1798.0,881.0,1850.0,913.0,4530,0,0,1,Pedestrian
36,1798.0,881.0,1850.0,913.0,4531,0,0,1,Pedestrian
36,1798.0,881.0,1850.0,913.0,4532,0,0,1,Pedestrian
36,1798.0,881.0,1850.0,913.0,4533,0,0,1,Pedestrian
36,1798.0,881.0,1850.0,913.0,4534,0,0,1,Pedestrian
36,1798.0,881.0,1850.0,913.0,4535,0,0,1,Pedestrian
36,1798.0,881.0,1850.0,913.0,4536,0,0,1,Pedestrian
36,1798.0,881.0,1850.0,913.0,4537,0,0,1,Pedestrian
36,1798.0,881.0,1850.0,913.0,4538,0,0,1,Pedestrian
36,1798.0,881.0,1850.0,913.0,4539,0,0,1,Pedestrian
36,1798.0,881.0,1850.0,913.0,4540,0,0,1,Pedestrian
36,1798.0,881.0,1850.0,913.0,4541,0,0,1,Pedestrian
36,1798.0,881.0,1850.0,913.0,4542,0,0,1,Pedestrian
36,1798.0,881.0,1850.0,913.0,4543,0,0,1,Pedestrian
36,1798.0,881.0,1850.0,913.0,4544,0,0,1,Pedestrian
36,1798.0,881.0,1850.0,913.0,4545,0,0,1,Pedestrian
36,1798.0,881.0,1850.0,913.0,4546,0,0,1,Pedestrian
36,1798.0,881.0,1850.0,913.0,4547,0,0,1,Pedestrian
36,1798.0,881.0,1850.0,913.0,4548,0,0,1,Pedestrian
36,1798.0,881.0,1850.0,913.0,4549,0,0,1,Pedestrian
36,1798.0,881.0,1850.0,913.0,4550,0,0,1,Pedestrian
36,1798.0,881.0,1850.0,913.0,4551,0,0,1,Pedestrian
36,1798.0,881.0,1850.0,913.0,4552,0,0,1,Pedestrian
36,1798.0,881.0,1850.0,913.0,4553,0,0,1,Pedestrian
36,1798.0,881.0,1850.0,913.0,4554,0,0,1,Pedestrian
36,1798.0,881.0,1850.0,913.0,4555,0,0,1,Pedestrian
36,1798.0,881.0,1850.0,913.0,4556,0,0,1,Pedestrian
36,1798.0,881.0,1850.0,913.0,4557,0,0,1,Pedestrian
36,1798.0,881.0,1850.0,913.0,4558,0,0,1,Pedestrian
36,1798.0,881.0,1850.0,913.0,4559,0,0,1,Pedestrian
36,1798.0,881.0,1850.0,913.0,4560,0,0,1,Pedestrian
36,1798.0,881.0,1850.0,913.0,4561,0,0,1,Pedestrian
36,1798.0,881.0,1850.0,913.0,4562,0,0,1,Pedestrian
36,1798.0,881.0,1850.0,913.0,4563,0,0,1,Pedestrian
36,1798.0,881.0,1850.0,913.0,4564,0,0,1,Pedestrian
36,1798.0,881.0,1850.0,913.0,4565,0,0,1,Pedestrian
36,1798.0,881.0,1850.0,913.0,4566,0,0,1,Pedestrian
36,1798.0,881.0,1850.0,913.0,4567,0,0,1,Pedestrian
36,1798.0,881.0,1850.0,913.0,4568,0,0,1,Pedestrian
36,1798.0,881.0,1850.0,913.0,4569,0,0,1,Pedestrian
36,1798.0,881.0,1850.0,913.0,4570,0,0,1,Pedestrian
36,1798.0,881.0,1850.0,913.0,4571,0,0,1,Pedestrian
36,1798.0,881.0,1850.0,913.0,4572,0,0,1,Pedestrian
36,1798.0,881.0,1850.0,913.0,4573,0,0,1,Pedestrian
36,1798.0,881.0,1850.0,913.0,4574,0,0,1,Pedestrian
36,1798.0,881.0,1850.0,913.0,4575,0,0,1,Pedestrian
36,1798.0,881.0,1850.0,913.0,4576,0,0,1,Pedestrian
36,1798.0,881.0,1850.0,913.0,4577,0,0,1,Pedestrian
36,1798.0,881.0,1850.0,913.0,4578,0,0,1,Pedestrian
36,1798.0,881.0,1850.0,913.0,4579,0,0,1,Pedestrian
36,1798.0,881.0,1850.0,913.0,4580,0,0,1,Pedestrian
36,1798.0,881.0,1850.0,913.0,4581,0,0,1,Pedestrian
36,1798.0,881.0,1850.0,913.0,4582,0,0,1,Pedestrian
36,1798.0,881.0,1850.0,913.0,4583,0,0,1,Pedestrian
36,1798.0,881.0,1850.0,913.0,4584,0,0,1,Pedestrian
36,1798.0,881.0,1850.0,913.0,4585,0,0,1,Pedestrian
36,1798.0,881.0,1850.0,913.0,4586,0,0,1,Pedestrian
36,1798.0,881.0,1850.0,913.0,4587,0,0,1,Pedestrian
36,1798.0,881.0,1850.0,913.0,4588,0,0,1,Pedestrian
36,1798.0,881.0,1850.0,913.0,4589,0,0,1,Pedestrian
36,1798.0,881.0,1850.0,913.0,4590,0,0,1,Pedestrian
36,1798.0,881.0,1850.0,913.0,4591,0,0,1,Pedestrian
36,1798.0,881.0,1850.0,913.0,4592,0,0,1,Pedestrian
36,1798.0,881.0,1850.0,913.0,4593,0,0,1,Pedestrian
36,1798.0,881.0,1850.0,913.0,4594,0,0,1,Pedestrian
36,1798.0,881.0,1850.0,913.0,4595,0,0,1,Pedestrian
36,1798.0,881.0,1850.0,913.0,4596,0,0,1,Pedestrian
36,1798.0,881.0,1850.0,913.0,4597,0,0,1,Pedestrian
36,1798.0,881.0,1850.0,913.0,4598,0,0,1,Pedestrian
36,1798.0,881.0,1850.0,913.0,4599,0,0,1,Pedestrian
36,1798.0,881.0,1850.0,913.0,4600,0,0,1,Pedestrian
36,1798.0,881.0,1848.0,913.0,4601,0,0,1,Pedestrian
36,1798.0,881.0,1848.0,913.0,4602,0,0,1,Pedestrian
36,1798.0,881.0,1848.0,913.0,4603,0,0,1,Pedestrian
36,1798.0,881.0,1848.0,913.0,4604,0,0,1,Pedestrian
36,1798.0,881.0,1848.0,913.0,4605,0,0,1,Pedestrian
36,1798.0,881.0,1848.0,913.0,4606,0,0,1,Pedestrian
36,1798.0,881.0,1848.0,913.0,4607,0,0,1,Pedestrian
36,1798.0,881.0,1848.0,913.0,4608,0,0,1,Pedestrian
36,1798.0,881.0,1848.0,913.0,4609,0,0,1,Pedestrian
36,1798.0,881.0,1848.0,913.0,4610,0,0,1,Pedestrian
36,1798.0,881.0,1848.0,913.0,4611,0,0,1,Pedestrian
36,1798.0,881.0,1848.0,913.0,4612,0,0,1,Pedestrian
36,1798.0,881.0,1848.0,913.0,4613,0,0,1,Pedestrian
36,1798.0,881.0,1848.0,913.0,4614,0,0,1,Pedestrian
36,1798.0,881.0,1848.0,913.0,4615,0,0,1,Pedestrian
36,1798.0,881.0,1848.0,913.0,4616,0,0,1,Pedestrian
36,1798.0,881.0,1848.0,913.0,4617,0,0,1,Pedestrian
36,1798.0,881.0,1848.0,913.0,4618,0,0,1,Pedestrian
36,1798.0,881.0,1848.0,913.0,4619,0,0,1,Pedestrian
36,1798.0,881.0,1848.0,913.0,4620,0,0,1,Pedestrian
36,1798.0,881.0,1848.0,913.0,4621,0,0,1,Pedestrian
36,1798.0,881.0,1848.0,913.0,4622,0,0,1,Pedestrian
36,1798.0,881.0,1848.0,913.0,4623,0,0,1,Pedestrian
36,1798.0,881.0,1848.0,913.0,4624,0,0,1,Pedestrian
36,1798.0,881.0,1848.0,913.0,4625,0,0,1,Pedestrian
36,1798.0,881.0,1848.0,913.0,4626,0,0,1,Pedestrian
36,1798.0,881.0,1848.0,913.0,4627,0,0,1,Pedestrian
36,1798.0,881.0,1848.0,913.0,4628,0,0,1,Pedestrian
36,1798.0,881.0,1848.0,913.0,4629,0,0,1,Pedestrian
36,1798.0,881.0,1848.0,913.0,4630,0,0,1,Pedestrian
36,1798.0,881.0,1848.0,913.0,4631,0,0,1,Pedestrian
36,1798.0,881.0,1848.0,913.0,4632,0,0,1,Pedestrian
36,1798.0,881.0,1848.0,913.0,4633,0,0,1,Pedestrian
36,1798.0,881.0,1848.0,913.0,4634,0,0,1,Pedestrian
36,1798.0,881.0,1848.0,913.0,4635,0,0,1,Pedestrian
36,1798.0,881.0,1848.0,913.0,4636,0,0,1,Pedestrian
36,1798.0,881.0,1848.0,913.0,4637,0,0,1,Pedestrian
36,1798.0,881.0,1848.0,913.0,4638,0,0,1,Pedestrian
36,1798.0,881.0,1848.0,913.0,4639,0,0,1,Pedestrian
36,1798.0,881.0,1848.0,913.0,4640,0,0,1,Pedestrian
36,1798.0,881.0,1848.0,913.0,4641,0,0,1,Pedestrian
36,1798.0,881.0,1848.0,913.0,4642,0,0,1,Pedestrian
36,1798.0,881.0,1848.0,913.0,4643,0,0,1,Pedestrian
36,1798.0,881.0,1848.0,913.0,4644,0,0,1,Pedestrian
36,1798.0,881.0,1848.0,913.0,4645,0,0,1,Pedestrian
36,1798.0,881.0,1848.0,913.0,4646,0,0,1,Pedestrian
36,1798.0,881.0,1848.0,913.0,4647,0,0,1,Pedestrian
36,1798.0,881.0,1848.0,913.0,4648,0,0,1,Pedestrian
36,1798.0,881.0,1848.0,913.0,4649,0,0,1,Pedestrian
36,1798.0,881.0,1848.0,913.0,4650,0,0,1,Pedestrian
36,1798.0,881.0,1848.0,913.0,4651,0,0,1,Pedestrian
36,1798.0,881.0,1848.0,913.0,4652,0,0,1,Pedestrian
36,1798.0,881.0,1848.0,913.0,4653,0,0,1,Pedestrian
36,1798.0,881.0,1848.0,913.0,4654,0,0,1,Pedestrian
36,1798.0,881.0,1848.0,913.0,4655,0,0,1,Pedestrian
36,1798.0,881.0,1848.0,913.0,4656,0,0,1,Pedestrian
36,1798.0,881.0,1848.0,913.0,4657,0,0,1,Pedestrian
36,1798.0,881.0,1848.0,913.0,4658,0,0,1,Pedestrian
36,1798.0,881.0,1848.0,913.0,4659,0,0,1,Pedestrian
36,1798.0,881.0,1848.0,913.0,4660,0,0,1,Pedestrian
36,1798.0,881.0,1848.0,913.0,4661,0,0,1,Pedestrian
36,1798.0,881.0,1848.0,913.0,4662,0,0,1,Pedestrian
36,1798.0,881.0,1848.0,913.0,4663,0,0,1,Pedestrian
36,1798.0,881.0,1848.0,913.0,4664,0,0,1,Pedestrian
36,1798.0,881.0,1848.0,913.0,4665,0,0,1,Pedestrian
36,1798.0,881.0,1848.0,913.0,4666,0,0,1,Pedestrian
36,1798.0,881.0,1848.0,913.0,4667,0,0,1,Pedestrian
36,1798.0,881.0,1848.0,913.0,4668,0,0,1,Pedestrian
36,1798.0,881.0,1848.0,913.0,4669,0,0,1,Pedestrian
36,1798.0,881.0,1848.0,913.0,4670,0,0,1,Pedestrian
36,1798.0,881.0,1848.0,913.0,4671,0,0,1,Pedestrian
36,1798.0,881.0,1848.0,913.0,4672,0,0,1,Pedestrian
36,1798.0,881.0,1848.0,913.0,4673,0,0,1,Pedestrian
36,1798.0,881.0,1848.0,913.0,4674,0,0,1,Pedestrian
36,1798.0,881.0,1848.0,913.0,4675,0,0,1,Pedestrian
36,1798.0,881.0,1848.0,913.0,4676,0,0,1,Pedestrian
36,1798.0,881.0,1848.0,913.0,4677,0,0,1,Pedestrian
36,1798.0,881.0,1848.0,913.0,4678,0,0,1,Pedestrian
36,1798.0,881.0,1848.0,913.0,4679,0,0,1,Pedestrian
36,1798.0,881.0,1848.0,913.0,4680,0,0,1,Pedestrian
36,1798.0,881.0,1848.0,913.0,4681,0,0,1,Pedestrian
36,1798.0,881.0,1848.0,913.0,4682,0,0,1,Pedestrian
36,1798.0,881.0,1848.0,913.0,4683,0,0,1,Pedestrian
36,1798.0,881.0,1848.0,913.0,4684,0,0,1,Pedestrian
36,1798.0,881.0,1848.0,913.0,4685,0,0,1,Pedestrian
36,1798.0,881.0,1848.0,913.0,4686,0,0,1,Pedestrian
36,1798.0,881.0,1848.0,913.0,4687,0,0,1,Pedestrian
36,1798.0,881.0,1848.0,913.0,4688,0,0,1,Pedestrian
36,1798.0,881.0,1848.0,913.0,4689,0,0,1,Pedestrian
36,1798.0,881.0,1848.0,913.0,4690,0,0,1,Pedestrian
36,1798.0,881.0,1848.0,913.0,4691,0,0,1,Pedestrian
36,1798.0,881.0,1848.0,913.0,4692,0,0,1,Pedestrian
36,1798.0,881.0,1848.0,913.0,4693,0,0,1,Pedestrian
36,1798.0,881.0,1848.0,913.0,4694,0,0,1,Pedestrian
36,1798.0,881.0,1848.0,913.0,4695,0,0,1,Pedestrian
36,1798.0,881.0,1848.0,913.0,4696,0,0,1,Pedestrian
36,1798.0,881.0,1848.0,913.0,4697,0,0,1,Pedestrian
36,1798.0,881.0,1848.0,913.0,4698,0,0,1,Pedestrian
36,1798.0,881.0,1848.0,913.0,4699,0,0,1,Pedestrian
36,1798.0,881.0,1848.0,913.0,4700,0,0,1,Pedestrian
36,1798.0,881.0,1845.0,913.0,4701,0,0,1,Pedestrian
36,1798.0,881.0,1845.0,913.0,4702,0,0,1,Pedestrian
36,1798.0,881.0,1845.0,913.0,4703,0,0,1,Pedestrian
36,1798.0,881.0,1845.0,913.0,4704,0,0,1,Pedestrian
36,1798.0,881.0,1845.0,913.0,4705,0,0,1,Pedestrian
36,1798.0,881.0,1845.0,913.0,4706,0,0,1,Pedestrian
36,1798.0,881.0,1845.0,913.0,4707,0,0,1,Pedestrian
36,1798.0,881.0,1845.0,913.0,4708,0,0,1,Pedestrian
36,1798.0,881.0,1845.0,913.0,4709,0,0,1,Pedestrian
36,1798.0,881.0,1845.0,913.0,4710,0,0,1,Pedestrian
36,1798.0,881.0,1845.0,913.0,4711,0,0,1,Pedestrian
36,1798.0,881.0,1845.0,913.0,4712,0,0,1,Pedestrian
36,1798.0,881.0,1845.0,913.0,4713,0,0,1,Pedestrian
36,1798.0,881.0,1845.0,913.0,4714,0,0,1,Pedestrian
36,1798.0,881.0,1845.0,913.0,4715,0,0,1,Pedestrian
36,1798.0,881.0,1845.0,913.0,4716,0,0,1,Pedestrian
36,1798.0,881.0,1845.0,913.0,4717,0,0,1,Pedestrian
36,1798.0,881.0,1845.0,913.0,4718,0,0,1,Pedestrian
36,1798.0,881.0,1845.0,913.0,4719,0,0,1,Pedestrian
36,1798.0,881.0,1845.0,913.0,4720,0,0,1,Pedestrian
36,1798.0,881.0,1845.0,913.0,4721,0,0,1,Pedestrian
36,1798.0,881.0,1845.0,913.0,4722,0,0,1,Pedestrian
36,1798.0,881.0,1845.0,913.0,4723,0,0,1,Pedestrian
36,1798.0,881.0,1845.0,913.0,4724,0,0,1,Pedestrian
36,1798.0,881.0,1845.0,913.0,4725,0,0,1,Pedestrian
36,1798.0,881.0,1845.0,913.0,4726,0,0,1,Pedestrian
36,1798.0,881.0,1845.0,913.0,4727,0,0,1,Pedestrian
36,1798.0,881.0,1845.0,913.0,4728,0,0,1,Pedestrian
36,1798.0,881.0,1845.0,913.0,4729,0,0,1,Pedestrian
36,1798.0,881.0,1845.0,913.0,4730,0,0,1,Pedestrian
36,1798.0,881.0,1845.0,913.0,4731,0,0,1,Pedestrian
36,1798.0,881.0,1845.0,913.0,4732,0,0,1,Pedestrian
36,1798.0,881.0,1845.0,913.0,4733,0,0,1,Pedestrian
36,1798.0,881.0,1845.0,913.0,4734,0,0,1,Pedestrian
36,1798.0,881.0,1845.0,913.0,4735,0,0,1,Pedestrian
36,1798.0,881.0,1845.0,913.0,4736,0,0,1,Pedestrian
36,1798.0,881.0,1845.0,913.0,4737,0,0,1,Pedestrian
36,1798.0,881.0,1845.0,913.0,4738,0,0,1,Pedestrian
36,1798.0,881.0,1845.0,913.0,4739,0,0,1,Pedestrian
36,1798.0,881.0,1845.0,913.0,4740,0,0,1,Pedestrian
36,1798.0,881.0,1845.0,913.0,4741,0,0,1,Pedestrian
36,1798.0,881.0,1845.0,913.0,4742,0,0,1,Pedestrian
36,1798.0,881.0,1845.0,913.0,4743,0,0,1,Pedestrian
36,1798.0,881.0,1845.0,913.0,4744,0,0,1,Pedestrian
36,1798.0,881.0,1845.0,913.0,4745,0,0,1,Pedestrian
36,1798.0,881.0,1845.0,913.0,4746,0,0,1,Pedestrian
36,1798.0,881.0,1845.0,913.0,4747,0,0,1,Pedestrian
36,1798.0,881.0,1845.0,913.0,4748,0,0,1,Pedestrian
36,1798.0,881.0,1845.0,913.0,4749,0,0,1,Pedestrian
36,1801.0,881.0,1845.0,913.0,4750,0,0,1,Pedestrian
36,1801.0,881.0,1845.0,913.0,4751,0,0,1,Pedestrian
36,1801.0,881.0,1845.0,913.0,4752,0,0,1,Pedestrian
36,1801.0,881.0,1845.0,913.0,4753,0,0,1,Pedestrian
36,1801.0,881.0,1845.0,913.0,4754,0,0,1,Pedestrian
36,1801.0,881.0,1845.0,913.0,4755,0,0,1,Pedestrian
36,1801.0,881.0,1845.0,913.0,4756,0,0,1,Pedestrian
36,1801.0,881.0,1845.0,913.0,4757,0,0,1,Pedestrian
36,1801.0,881.0,1845.0,913.0,4758,0,0,1,Pedestrian
36,1801.0,881.0,1845.0,913.0,4759,0,0,1,Pedestrian
36,1801.0,881.0,1845.0,913.0,4760,0,0,1,Pedestrian
36,1801.0,881.0,1845.0,913.0,4761,0,0,1,Pedestrian
36,1801.0,881.0,1845.0,913.0,4762,0,0,1,Pedestrian
36,1801.0,881.0,1845.0,913.0,4763,0,0,1,Pedestrian
36,1801.0,881.0,1845.0,913.0,4764,0,0,1,Pedestrian
36,1801.0,881.0,1845.0,913.0,4765,0,0,1,Pedestrian
36,1801.0,881.0,1845.0,913.0,4766,0,0,1,Pedestrian
36,1801.0,881.0,1845.0,913.0,4767,0,0,1,Pedestrian
36,1801.0,881.0,1845.0,913.0,4768,0,0,1,Pedestrian
36,1801.0,881.0,1845.0,913.0,4769,0,0,1,Pedestrian
36,1801.0,881.0,1845.0,913.0,4770,0,0,1,Pedestrian
36,1801.0,881.0,1845.0,913.0,4771,0,0,1,Pedestrian
36,1801.0,881.0,1845.0,913.0,4772,0,0,1,Pedestrian
36,1801.0,881.0,1845.0,913.0,4773,0,0,1,Pedestrian
36,1801.0,881.0,1845.0,913.0,4774,0,0,1,Pedestrian
36,1801.0,881.0,1845.0,913.0,4775,0,0,1,Pedestrian
36,1801.0,881.0,1845.0,913.0,4776,0,0,1,Pedestrian
36,1801.0,881.0,1845.0,913.0,4777,0,0,1,Pedestrian
36,1801.0,881.0,1845.0,913.0,4778,0,0,1,Pedestrian
36,1801.0,881.0,1845.0,913.0,4779,0,0,1,Pedestrian
36,1801.0,881.0,1845.0,913.0,4780,0,0,1,Pedestrian
36,1801.0,881.0,1845.0,913.0,4781,0,0,1,Pedestrian
36,1801.0,881.0,1845.0,913.0,4782,0,0,1,Pedestrian
36,1801.0,881.0,1845.0,913.0,4783,0,0,1,Pedestrian
36,1801.0,881.0,1845.0,913.0,4784,0,0,1,Pedestrian
36,1801.0,881.0,1845.0,913.0,4785,0,0,1,Pedestrian
36,1801.0,881.0,1845.0,913.0,4786,0,0,1,Pedestrian
36,1801.0,881.0,1845.0,913.0,4787,0,0,1,Pedestrian
36,1801.0,881.0,1845.0,913.0,4788,0,0,1,Pedestrian
36,1801.0,881.0,1845.0,913.0,4789,0,0,1,Pedestrian
36,1801.0,881.0,1845.0,913.0,4790,0,0,1,Pedestrian
36,1801.0,881.0,1845.0,913.0,4791,0,0,1,Pedestrian
36,1801.0,881.0,1845.0,913.0,4792,0,0,1,Pedestrian
36,1801.0,881.0,1845.0,913.0,4793,0,0,1,Pedestrian
36,1801.0,881.0,1845.0,913.0,4794,0,0,1,Pedestrian
36,1801.0,881.0,1845.0,913.0,4795,0,0,1,Pedestrian
36,1801.0,881.0,1845.0,913.0,4796,0,0,1,Pedestrian
36,1801.0,881.0,1845.0,913.0,4797,0,0,1,Pedestrian
36,1801.0,881.0,1845.0,913.0,4798,0,0,1,Pedestrian
36,1801.0,881.0,1845.0,913.0,4799,0,0,1,Pedestrian
36,1801.0,881.0,1845.0,913.0,4800,0,0,1,Pedestrian
36,1801.0,881.0,1842.0,913.0,4801,0,0,1,Pedestrian
36,1801.0,881.0,1842.0,913.0,4802,0,0,1,Pedestrian
36,1801.0,881.0,1842.0,913.0,4803,0,0,1,Pedestrian
36,1801.0,881.0,1842.0,913.0,4804,0,0,1,Pedestrian
36,1801.0,881.0,1842.0,913.0,4805,0,0,1,Pedestrian
36,1801.0,881.0,1842.0,913.0,4806,0,0,1,Pedestrian
36,1801.0,881.0,1842.0,913.0,4807,0,0,1,Pedestrian
36,1801.0,881.0,1842.0,913.0,4808,0,0,1,Pedestrian
36,1801.0,881.0,1842.0,913.0,4809,0,0,1,Pedestrian
36,1801.0,881.0,1842.0,913.0,4810,0,0,1,Pedestrian
36,1801.0,881.0,1842.0,913.0,4811,0,0,1,Pedestrian
36,1801.0,881.0,1842.0,913.0,4812,0,0,1,Pedestrian
36,1801.0,881.0,1842.0,913.0,4813,0,0,1,Pedestrian
36,1801.0,881.0,1842.0,913.0,4814,0,0,1,Pedestrian
36,1801.0,881.0,1842.0,913.0,4815,0,0,1,Pedestrian
36,1801.0,881.0,1842.0,913.0,4816,0,0,1,Pedestrian
36,1801.0,881.0,1842.0,913.0,4817,0,0,1,Pedestrian
36,1801.0,881.0,1842.0,913.0,4818,0,0,1,Pedestrian
36,1801.0,881.0,1842.0,913.0,4819,0,0,1,Pedestrian
36,1801.0,881.0,1842.0,913.0,4820,0,0,1,Pedestrian
36,1801.0,881.0,1842.0,913.0,4821,0,0,1,Pedestrian
36,1801.0,881.0,1842.0,913.0,4822,0,0,1,Pedestrian
36,1801.0,881.0,1842.0,913.0,4823,0,0,1,Pedestrian
36,1801.0,881.0,1842.0,913.0,4824,0,0,1,Pedestrian
36,1801.0,881.0,1842.0,913.0,4825,0,0,1,Pedestrian
36,1801.0,881.0,1842.0,913.0,4826,0,0,1,Pedestrian
36,1801.0,881.0,1842.0,913.0,4827,0,0,1,Pedestrian
36,1801.0,881.0,1842.0,913.0,4828,0,0,1,Pedestrian
36,1801.0,881.0,1842.0,913.0,4829,0,0,1,Pedestrian
36,1801.0,881.0,1842.0,913.0,4830,0,0,1,Pedestrian
36,1801.0,881.0,1842.0,913.0,4831,0,0,1,Pedestrian
36,1801.0,881.0,1842.0,913.0,4832,0,0,1,Pedestrian
36,1801.0,881.0,1842.0,913.0,4833,0,0,1,Pedestrian
36,1801.0,881.0,1842.0,913.0,4834,0,0,1,Pedestrian
36,1801.0,881.0,1842.0,913.0,4835,0,0,1,Pedestrian
36,1801.0,881.0,1842.0,913.0,4836,0,0,1,Pedestrian
36,1801.0,881.0,1842.0,913.0,4837,0,0,1,Pedestrian
36,1801.0,881.0,1842.0,913.0,4838,0,0,1,Pedestrian
36,1801.0,881.0,1842.0,913.0,4839,0,0,1,Pedestrian
36,1801.0,881.0,1842.0,913.0,4840,0,0,1,Pedestrian
36,1801.0,881.0,1842.0,913.0,4841,0,0,1,Pedestrian
36,1801.0,881.0,1842.0,913.0,4842,0,0,1,Pedestrian
36,1801.0,881.0,1842.0,913.0,4843,0,0,1,Pedestrian
36,1801.0,881.0,1842.0,913.0,4844,0,0,1,Pedestrian
36,1801.0,881.0,1842.0,913.0,4845,0,0,1,Pedestrian
36,1801.0,881.0,1842.0,913.0,4846,0,0,1,Pedestrian
36,1801.0,881.0,1842.0,913.0,4847,0,0,1,Pedestrian
36,1801.0,881.0,1842.0,913.0,4848,0,0,1,Pedestrian
36,1801.0,881.0,1842.0,913.0,4849,0,0,1,Pedestrian
36,1801.0,881.0,1842.0,913.0,4850,0,0,1,Pedestrian
36,1801.0,881.0,1842.0,913.0,4851,0,0,1,Pedestrian
36,1801.0,881.0,1842.0,913.0,4852,0,0,1,Pedestrian
36,1801.0,881.0,1842.0,913.0,4853,0,0,1,Pedestrian
36,1801.0,881.0,1842.0,913.0,4854,0,0,1,Pedestrian
36,1801.0,881.0,1842.0,913.0,4855,0,0,1,Pedestrian
36,1801.0,881.0,1842.0,913.0,4856,0,0,1,Pedestrian
36,1801.0,881.0,1842.0,913.0,4857,0,0,1,Pedestrian
36,1801.0,881.0,1842.0,913.0,4858,0,0,1,Pedestrian
36,1801.0,881.0,1842.0,913.0,4859,0,0,1,Pedestrian
36,1801.0,881.0,1842.0,913.0,4860,0,0,1,Pedestrian
36,1801.0,881.0,1842.0,913.0,4861,0,0,1,Pedestrian
36,1801.0,881.0,1842.0,913.0,4862,0,0,1,Pedestrian
36,1801.0,881.0,1842.0,913.0,4863,0,0,1,Pedestrian
36,1801.0,881.0,1842.0,913.0,4864,0,0,1,Pedestrian
36,1801.0,881.0,1842.0,913.0,4865,0,0,1,Pedestrian
36,1801.0,881.0,1842.0,913.0,4866,0,0,1,Pedestrian
36,1801.0,881.0,1842.0,913.0,4867,0,0,1,Pedestrian
36,1801.0,881.0,1842.0,913.0,4868,0,0,1,Pedestrian
36,1801.0,881.0,1842.0,913.0,4869,0,0,1,Pedestrian
36,1801.0,881.0,1842.0,913.0,4870,0,0,1,Pedestrian
36,1801.0,881.0,1842.0,913.0,4871,0,0,1,Pedestrian
36,1801.0,881.0,1842.0,913.0,4872,0,0,1,Pedestrian
36,1801.0,881.0,1842.0,913.0,4873,0,0,1,Pedestrian
36,1801.0,881.0,1842.0,913.0,4874,0,0,1,Pedestrian
36,1801.0,881.0,1842.0,913.0,4875,0,0,1,Pedestrian
36,1801.0,881.0,1842.0,913.0,4876,0,0,1,Pedestrian
36,1801.0,881.0,1842.0,913.0,4877,0,0,1,Pedestrian
36,1801.0,881.0,1842.0,913.0,4878,0,0,1,Pedestrian
36,1801.0,881.0,1842.0,913.0,4879,0,0,1,Pedestrian
36,1801.0,881.0,1842.0,913.0,4880,0,0,1,Pedestrian
36,1801.0,881.0,1842.0,913.0,4881,0,0,1,Pedestrian
36,1801.0,881.0,1842.0,913.0,4882,0,0,1,Pedestrian
36,1801.0,881.0,1842.0,913.0,4883,0,0,1,Pedestrian
36,1801.0,881.0,1842.0,913.0,4884,0,0,1,Pedestrian
36,1801.0,881.0,1842.0,913.0,4885,0,0,1,Pedestrian
36,1801.0,881.0,1842.0,913.0,4886,0,0,1,Pedestrian
36,1801.0,881.0,1842.0,913.0,4887,0,0,1,Pedestrian
36,1801.0,881.0,1842.0,913.0,4888,0,0,1,Pedestrian
36,1801.0,881.0,1842.0,913.0,4889,0,0,1,Pedestrian
36,1801.0,881.0,1842.0,913.0,4890,0,0,1,Pedestrian
36,1801.0,881.0,1842.0,913.0,4891,0,0,1,Pedestrian
36,1801.0,881.0,1842.0,913.0,4892,0,0,1,Pedestrian
36,1801.0,881.0,1842.0,913.0,4893,0,0,1,Pedestrian
36,1801.0,881.0,1842.0,913.0,4894,0,0,1,Pedestrian
36,1801.0,881.0,1842.0,913.0,4895,0,0,1,Pedestrian
36,1801.0,881.0,1842.0,913.0,4896,0,0,1,Pedestrian
36,1801.0,881.0,1842.0,913.0,4897,0,0,1,Pedestrian
36,1801.0,881.0,1842.0,913.0,4898,0,0,1,Pedestrian
36,1801.0,881.0,1842.0,913.0,4899,0,0,1,Pedestrian
36,1801.0,881.0,1842.0,913.0,4900,0,0,1,Pedestrian
36,1801.0,881.0,1839.0,913.0,4901,0,0,1,Pedestrian
36,1801.0,881.0,1839.0,913.0,4902,0,0,1,Pedestrian
36,1801.0,881.0,1839.0,913.0,4903,0,0,1,Pedestrian
36,1801.0,881.0,1839.0,913.0,4904,0,0,1,Pedestrian
36,1801.0,881.0,1839.0,913.0,4905,0,0,1,Pedestrian
36,1801.0,881.0,1839.0,913.0,4906,0,0,1,Pedestrian
36,1801.0,881.0,1839.0,913.0,4907,0,0,1,Pedestrian
36,1801.0,881.0,1839.0,913.0,4908,0,0,1,Pedestrian
36,1801.0,881.0,1839.0,913.0,4909,0,0,1,Pedestrian
36,1801.0,881.0,1839.0,913.0,4910,0,0,1,Pedestrian
36,1801.0,881.0,1839.0,913.0,4911,0,0,1,Pedestrian
36,1801.0,881.0,1839.0,913.0,4912,0,0,1,Pedestrian
36,1801.0,881.0,1839.0,913.0,4913,0,0,1,Pedestrian
36,1801.0,881.0,1839.0,913.0,4914,0,0,1,Pedestrian
36,1801.0,881.0,1839.0,913.0,4915,0,0,1,Pedestrian
36,1801.0,881.0,1839.0,913.0,4916,0,0,1,Pedestrian
36,1801.0,881.0,1839.0,913.0,4917,0,0,1,Pedestrian
36,1801.0,881.0,1839.0,913.0,4918,0,0,1,Pedestrian
36,1801.0,881.0,1839.0,913.0,4919,0,0,1,Pedestrian
36,1801.0,881.0,1839.0,913.0,4920,0,0,1,Pedestrian
36,1801.0,881.0,1839.0,913.0,4921,0,0,1,Pedestrian
36,1801.0,881.0,1839.0,913.0,4922,0,0,1,Pedestrian
36,1801.0,881.0,1839.0,913.0,4923,0,0,1,Pedestrian
36,1801.0,881.0,1839.0,913.0,4924,0,0,1,Pedestrian
36,1801.0,881.0,1839.0,913.0,4925,0,0,1,Pedestrian
36,1801.0,881.0,1839.0,913.0,4926,0,0,1,Pedestrian
36,1801.0,881.0,1839.0,913.0,4927,0,0,1,Pedestrian
36,1801.0,881.0,1839.0,913.0,4928,0,0,1,Pedestrian
36,1801.0,881.0,1839.0,913.0,4929,0,0,1,Pedestrian
36,1801.0,881.0,1839.0,913.0,4930,0,0,1,Pedestrian
36,1801.0,881.0,1839.0,913.0,4931,0,0,1,Pedestrian
36,1801.0,881.0,1839.0,913.0,4932,0,0,1,Pedestrian
36,1801.0,881.0,1839.0,913.0,4933,0,0,1,Pedestrian
36,1801.0,881.0,1839.0,913.0,4934,0,0,1,Pedestrian
36,1801.0,881.0,1839.0,913.0,4935,0,0,1,Pedestrian
36,1801.0,881.0,1839.0,913.0,4936,0,0,1,Pedestrian
36,1801.0,881.0,1839.0,913.0,4937,0,0,1,Pedestrian
36,1801.0,881.0,1839.0,913.0,4938,0,0,1,Pedestrian
36,1801.0,881.0,1839.0,913.0,4939,0,0,1,Pedestrian
36,1801.0,881.0,1839.0,913.0,4940,0,0,1,Pedestrian
36,1801.0,881.0,1839.0,913.0,4941,0,0,1,Pedestrian
36,1801.0,881.0,1839.0,913.0,4942,0,0,1,Pedestrian
36,1801.0,881.0,1839.0,913.0,4943,0,0,1,Pedestrian
36,1801.0,881.0,1839.0,913.0,4944,0,0,1,Pedestrian
36,1801.0,881.0,1839.0,913.0,4945,0,0,1,Pedestrian
36,1801.0,881.0,1839.0,913.0,4946,0,0,1,Pedestrian
36,1801.0,881.0,1839.0,913.0,4947,0,0,1,Pedestrian
36,1801.0,881.0,1839.0,913.0,4948,0,0,1,Pedestrian
36,1801.0,881.0,1839.0,913.0,4949,0,0,1,Pedestrian
36,1801.0,881.0,1839.0,913.0,4950,0,0,1,Pedestrian
36,1801.0,881.0,1839.0,913.0,4951,0,0,1,Pedestrian
36,1801.0,881.0,1839.0,913.0,4952,0,0,1,Pedestrian
36,1801.0,881.0,1839.0,913.0,4953,0,0,1,Pedestrian
36,1801.0,881.0,1839.0,913.0,4954,0,0,1,Pedestrian
36,1801.0,881.0,1839.0,913.0,4955,0,0,1,Pedestrian
36,1801.0,881.0,1839.0,913.0,4956,0,0,1,Pedestrian
36,1801.0,881.0,1839.0,913.0,4957,0,0,1,Pedestrian
36,1801.0,881.0,1839.0,913.0,4958,0,0,1,Pedestrian
36,1801.0,881.0,1839.0,913.0,4959,0,0,1,Pedestrian
36,1801.0,881.0,1839.0,913.0,4960,0,0,1,Pedestrian
36,1801.0,881.0,1839.0,913.0,4961,0,0,1,Pedestrian
36,1801.0,881.0,1839.0,913.0,4962,0,0,1,Pedestrian
36,1801.0,881.0,1839.0,913.0,4963,0,0,1,Pedestrian
36,1801.0,881.0,1839.0,913.0,4964,0,0,1,Pedestrian
36,1801.0,881.0,1839.0,913.0,4965,0,0,1,Pedestrian
36,1801.0,881.0,1839.0,913.0,4966,0,0,1,Pedestrian
36,1801.0,881.0,1839.0,913.0,4967,0,0,1,Pedestrian
36,1801.0,881.0,1839.0,913.0,4968,0,0,1,Pedestrian
36,1801.0,881.0,1839.0,913.0,4969,0,0,1,Pedestrian
36,1801.0,881.0,1839.0,913.0,4970,0,0,1,Pedestrian
36,1801.0,881.0,1839.0,913.0,4971,0,0,1,Pedestrian
36,1801.0,881.0,1839.0,913.0,4972,0,0,1,Pedestrian
36,1801.0,881.0,1839.0,913.0,4973,0,0,1,Pedestrian
36,1801.0,881.0,1839.0,913.0,4974,0,0,1,Pedestrian
36,1801.0,881.0,1839.0,913.0,4975,0,0,1,Pedestrian
36,1801.0,881.0,1839.0,913.0,4976,0,0,1,Pedestrian
36,1801.0,881.0,1839.0,913.0,4977,0,0,1,Pedestrian
36,1801.0,881.0,1839.0,913.0,4978,0,0,1,Pedestrian
36,1801.0,881.0,1839.0,913.0,4979,0,0,1,Pedestrian
36,1801.0,881.0,1839.0,913.0,4980,0,0,1,Pedestrian
36,1801.0,881.0,1839.0,913.0,4981,0,0,1,Pedestrian
36,1801.0,881.0,1839.0,913.0,4982,0,0,1,Pedestrian
36,1801.0,881.0,1839.0,913.0,4983,0,0,1,Pedestrian
36,1801.0,881.0,1839.0,913.0,4984,0,0,1,Pedestrian
36,1801.0,881.0,1839.0,913.0,4985,0,0,1,Pedestrian
36,1801.0,881.0,1839.0,913.0,4986,0,0,1,Pedestrian
36,1801.0,881.0,1839.0,913.0,4987,0,0,1,Pedestrian
36,1801.0,881.0,1839.0,913.0,4988,0,0,1,Pedestrian
36,1801.0,881.0,1839.0,913.0,4989,0,0,1,Pedestrian
36,1801.0,881.0,1839.0,913.0,4990,0,0,1,Pedestrian
36,1801.0,881.0,1839.0,913.0,4991,0,0,1,Pedestrian
36,1801.0,881.0,1839.0,913.0,4992,0,0,1,Pedestrian
36,1801.0,881.0,1839.0,913.0,4993,0,0,1,Pedestrian
36,1801.0,881.0,1839.0,913.0,4994,0,0,1,Pedestrian
36,1801.0,881.0,1839.0,913.0,4995,0,0,1,Pedestrian
36,1801.0,881.0,1839.0,913.0,4996,0,0,1,Pedestrian
36,1801.0,881.0,1839.0,913.0,4997,0,0,1,Pedestrian
36,1801.0,881.0,1839.0,913.0,4998,0,0,1,Pedestrian
36,1801.0,881.0,1839.0,913.0,4999,0,0,1,Pedestrian
36,1804.0,881.0,1839.0,913.0,5000,0,0,0,Pedestrian
36,1801.0,878.0,1837.0,913.0,5001,0,0,1,Pedestrian
36,1801.0,878.0,1837.0,913.0,5002,0,0,1,Pedestrian
36,1801.0,878.0,1837.0,913.0,5003,0,0,1,Pedestrian
36,1801.0,878.0,1837.0,913.0,5004,0,0,1,Pedestrian
36,1801.0,878.0,1837.0,913.0,5005,0,0,1,Pedestrian
36,1801.0,878.0,1837.0,913.0,5006,0,0,1,Pedestrian
36,1801.0,878.0,1837.0,913.0,5007,0,0,1,Pedestrian
36,1801.0,878.0,1837.0,913.0,5008,0,0,1,Pedestrian
36,1801.0,878.0,1837.0,913.0,5009,0,0,1,Pedestrian
36,1801.0,878.0,1837.0,913.0,5010,0,0,1,Pedestrian
36,1801.0,878.0,1837.0,913.0,5011,0,0,1,Pedestrian
36,1801.0,878.0,1837.0,913.0,5012,0,0,1,Pedestrian
36,1801.0,878.0,1837.0,913.0,5013,0,0,1,Pedestrian
36,1801.0,878.0,1837.0,913.0,5014,0,0,1,Pedestrian
36,1801.0,878.0,1837.0,913.0,5015,0,0,1,Pedestrian
36,1801.0,878.0,1837.0,913.0,5016,0,0,1,Pedestrian
36,1801.0,878.0,1837.0,913.0,5017,0,0,1,Pedestrian
36,1801.0,878.0,1837.0,913.0,5018,0,0,1,Pedestrian
36,1801.0,878.0,1837.0,913.0,5019,0,0,1,Pedestrian
36,1801.0,878.0,1837.0,913.0,5020,0,0,1,Pedestrian
36,1801.0,878.0,1837.0,913.0,5021,0,0,1,Pedestrian
36,1801.0,878.0,1837.0,913.0,5022,0,0,1,Pedestrian
36,1801.0,878.0,1837.0,913.0,5023,0,0,1,Pedestrian
36,1801.0,878.0,1837.0,913.0,5024,0,0,1,Pedestrian
36,1801.0,878.0,1837.0,913.0,5025,0,0,1,Pedestrian
36,1801.0,878.0,1837.0,913.0,5026,0,0,1,Pedestrian
36,1801.0,878.0,1837.0,915.0,5027,0,0,1,Pedestrian
36,1801.0,878.0,1837.0,915.0,5028,0,0,1,Pedestrian
36,1801.0,878.0,1837.0,915.0,5029,0,0,1,Pedestrian
36,1801.0,878.0,1837.0,915.0,5030,0,0,1,Pedestrian
36,1801.0,878.0,1837.0,915.0,5031,0,0,1,Pedestrian
36,1801.0,878.0,1837.0,915.0,5032,0,0,1,Pedestrian
36,1801.0,878.0,1837.0,915.0,5033,0,0,1,Pedestrian
36,1801.0,878.0,1837.0,915.0,5034,0,0,1,Pedestrian
36,1801.0,878.0,1837.0,915.0,5035,0,0,1,Pedestrian
36,1801.0,876.0,1837.0,915.0,5036,0,0,1,Pedestrian
36,1801.0,876.0,1837.0,915.0,5037,0,0,1,Pedestrian
36,1801.0,876.0,1837.0,915.0,5038,0,0,1,Pedestrian
36,1801.0,876.0,1837.0,915.0,5039,0,0,1,Pedestrian
36,1801.0,876.0,1837.0,915.0,5040,0,0,1,Pedestrian
36,1801.0,876.0,1837.0,915.0,5041,0,0,1,Pedestrian
36,1801.0,876.0,1837.0,915.0,5042,0,0,1,Pedestrian
36,1801.0,876.0,1837.0,915.0,5043,0,0,1,Pedestrian
36,1801.0,876.0,1837.0,915.0,5044,0,0,1,Pedestrian
36,1801.0,876.0,1837.0,915.0,5045,0,0,1,Pedestrian
36,1801.0,876.0,1837.0,915.0,5046,0,0,1,Pedestrian
36,1801.0,876.0,1837.0,915.0,5047,0,0,1,Pedestrian
36,1801.0,876.0,1837.0,915.0,5048,0,0,1,Pedestrian
36,1801.0,876.0,1837.0,915.0,5049,0,0,1,Pedestrian
36,1801.0,876.0,1837.0,915.0,5050,0,0,1,Pedestrian
36,1801.0,876.0,1837.0,915.0,5051,0,0,1,Pedestrian
36,1801.0,876.0,1837.0,915.0,5052,0,0,1,Pedestrian
36,1801.0,876.0,1837.0,915.0,5053,0,0,1,Pedestrian
36,1801.0,876.0,1837.0,917.0,5054,0,0,1,Pedestrian
36,1801.0,876.0,1837.0,917.0,5055,0,0,1,Pedestrian
36,1801.0,876.0,1837.0,917.0,5056,0,0,1,Pedestrian
36,1801.0,876.0,1837.0,917.0,5057,0,0,1,Pedestrian
36,1801.0,876.0,1837.0,917.0,5058,0,0,1,Pedestrian
36,1801.0,876.0,1837.0,917.0,5059,0,0,1,Pedestrian
36,1801.0,876.0,1837.0,917.0,5060,0,0,1,Pedestrian
36,1801.0,876.0,1837.0,917.0,5061,0,0,1,Pedestrian
36,1801.0,876.0,1837.0,917.0,5062,0,0,1,Pedestrian
36,1801.0,876.0,1837.0,917.0,5063,0,0,1,Pedestrian
36,1801.0,876.0,1837.0,917.0,5064,0,0,1,Pedestrian
36,1801.0,876.0,1837.0,917.0,5065,0,0,1,Pedestrian
36,1801.0,876.0,1837.0,917.0,5066,0,0,1,Pedestrian
36,1801.0,876.0,1837.0,917.0,5067,0,0,1,Pedestrian
36,1801.0,876.0,1837.0,917.0,5068,0,0,1,Pedestrian
36,1801.0,876.0,1837.0,917.0,5069,0,0,1,Pedestrian
36,1801.0,876.0,1837.0,917.0,5070,0,0,1,Pedestrian
36,1801.0,876.0,1837.0,917.0,5071,0,0,1,Pedestrian
36,1801.0,874.0,1837.0,917.0,5072,0,0,1,Pedestrian
36,1801.0,874.0,1837.0,917.0,5073,0,0,1,Pedestrian
36,1801.0,874.0,1837.0,917.0,5074,0,0,1,Pedestrian
36,1801.0,874.0,1837.0,917.0,5075,0,0,1,Pedestrian
36,1801.0,874.0,1837.0,917.0,5076,0,0,1,Pedestrian
36,1801.0,874.0,1837.0,917.0,5077,0,0,1,Pedestrian
36,1801.0,874.0,1837.0,917.0,5078,0,0,1,Pedestrian
36,1801.0,874.0,1837.0,917.0,5079,0,0,1,Pedestrian
36,1801.0,874.0,1837.0,919.0,5080,0,0,1,Pedestrian
36,1798.0,874.0,1837.0,919.0,5081,0,0,1,Pedestrian
36,1798.0,874.0,1837.0,919.0,5082,0,0,1,Pedestrian
36,1798.0,874.0,1837.0,919.0,5083,0,0,1,Pedestrian
36,1798.0,874.0,1837.0,919.0,5084,0,0,1,Pedestrian
36,1798.0,874.0,1837.0,919.0,5085,0,0,1,Pedestrian
36,1798.0,874.0,1837.0,919.0,5086,0,0,1,Pedestrian
36,1798.0,874.0,1837.0,919.0,5087,0,0,1,Pedestrian
36,1798.0,874.0,1837.0,919.0,5088,0,0,1,Pedestrian
36,1798.0,874.0,1837.0,919.0,5089,0,0,1,Pedestrian
36,1798.0,874.0,1837.0,919.0,5090,0,0,1,Pedestrian
36,1798.0,874.0,1837.0,919.0,5091,0,0,1,Pedestrian
36,1798.0,874.0,1837.0,919.0,5092,0,0,1,Pedestrian
36,1798.0,874.0,1837.0,919.0,5093,0,0,1,Pedestrian
36,1798.0,874.0,1837.0,919.0,5094,0,0,1,Pedestrian
36,1798.0,874.0,1837.0,919.0,5095,0,0,1,Pedestrian
36,1798.0,874.0,1837.0,919.0,5096,0,0,1,Pedestrian
36,1798.0,874.0,1837.0,919.0,5097,0,0,1,Pedestrian
36,1798.0,874.0,1837.0,919.0,5098,0,0,1,Pedestrian
36,1798.0,874.0,1837.0,919.0,5099,0,0,1,Pedestrian
36,1798.0,874.0,1837.0,919.0,5100,0,0,1,Pedestrian
36,1798.0,874.0,1837.0,919.0,5101,0,0,1,Pedestrian
36,1798.0,874.0,1837.0,919.0,5102,0,0,1,Pedestrian
36,1798.0,874.0,1837.0,919.0,5103,0,0,1,Pedestrian
36,1798.0,874.0,1837.0,919.0,5104,0,0,1,Pedestrian
36,1798.0,874.0,1837.0,919.0,5105,0,0,1,Pedestrian
36,1798.0,874.0,1837.0,919.0,5106,0,0,1,Pedestrian
36,1798.0,872.0,1837.0,922.0,5107,0,0,1,Pedestrian
36,1798.0,872.0,1837.0,922.0,5108,0,0,1,Pedestrian
36,1798.0,872.0,1837.0,922.0,5109,0,0,1,Pedestrian
36,1798.0,872.0,1837.0,922.0,5110,0,0,1,Pedestrian
36,1798.0,872.0,1837.0,922.0,5111,0,0,1,Pedestrian
36,1798.0,872.0,1837.0,922.0,5112,0,0,1,Pedestrian
36,1798.0,872.0,1837.0,922.0,5113,0,0,1,Pedestrian
36,1798.0,872.0,1837.0,922.0,5114,0,0,1,Pedestrian
36,1798.0,872.0,1837.0,922.0,5115,0,0,1,Pedestrian
36,1798.0,872.0,1837.0,922.0,5116,0,0,1,Pedestrian
36,1798.0,872.0,1837.0,922.0,5117,0,0,1,Pedestrian
36,1798.0,872.0,1837.0,922.0,5118,0,0,1,Pedestrian
36,1798.0,872.0,1837.0,922.0,5119,0,0,1,Pedestrian
36,1798.0,872.0,1837.0,922.0,5120,0,0,1,Pedestrian
36,1798.0,872.0,1837.0,922.0,5121,0,0,1,Pedestrian
36,1798.0,872.0,1837.0,922.0,5122,0,0,1,Pedestrian
36,1798.0,872.0,1837.0,922.0,5123,0,0,1,Pedestrian
36,1798.0,872.0,1837.0,922.0,5124,0,0,1,Pedestrian
36,1798.0,872.0,1837.0,922.0,5125,0,0,1,Pedestrian
36,1798.0,872.0,1837.0,922.0,5126,0,0,1,Pedestrian
36,1798.0,872.0,1837.0,922.0,5127,0,0,1,Pedestrian
36,1798.0,872.0,1837.0,922.0,5128,0,0,1,Pedestrian
36,1798.0,872.0,1837.0,922.0,5129,0,0,1,Pedestrian
36,1798.0,872.0,1837.0,922.0,5130,0,0,1,Pedestrian
36,1798.0,872.0,1837.0,922.0,5131,0,0,1,Pedestrian
36,1798.0,872.0,1837.0,922.0,5132,0,0,1,Pedestrian
36,1798.0,872.0,1837.0,922.0,5133,0,0,1,Pedestrian
36,1798.0,872.0,1837.0,924.0,5134,0,0,1,Pedestrian
36,1798.0,872.0,1837.0,924.0,5135,0,0,1,Pedestrian
36,1798.0,872.0,1837.0,924.0,5136,0,0,1,Pedestrian
36,1798.0,872.0,1837.0,924.0,5137,0,0,1,Pedestrian
36,1798.0,872.0,1837.0,924.0,5138,0,0,1,Pedestrian
36,1798.0,872.0,1837.0,924.0,5139,0,0,1,Pedestrian
36,1798.0,872.0,1837.0,924.0,5140,0,0,1,Pedestrian
36,1798.0,872.0,1837.0,924.0,5141,0,0,1,Pedestrian
36,1798.0,872.0,1837.0,924.0,5142,0,0,1,Pedestrian
36,1798.0,869.0,1837.0,924.0,5143,0,0,1,Pedestrian
36,1798.0,869.0,1837.0,924.0,5144,0,0,1,Pedestrian
36,1798.0,869.0,1837.0,924.0,5145,0,0,1,Pedestrian
36,1798.0,869.0,1837.0,924.0,5146,0,0,1,Pedestrian
36,1798.0,869.0,1837.0,924.0,5147,0,0,1,Pedestrian
36,1798.0,869.0,1837.0,924.0,5148,0,0,1,Pedestrian
36,1798.0,869.0,1837.0,924.0,5149,0,0,1,Pedestrian
36,1798.0,869.0,1837.0,924.0,5150,0,0,1,Pedestrian
36,1798.0,869.0,1837.0,924.0,5151,0,0,1,Pedestrian
36,1798.0,869.0,1837.0,924.0,5152,0,0,1,Pedestrian
36,1798.0,869.0,1837.0,924.0,5153,0,0,1,Pedestrian
36,1798.0,869.0,1837.0,924.0,5154,0,0,1,Pedestrian
36,1798.0,869.0,1837.0,924.0,5155,0,0,1,Pedestrian
36,1798.0,869.0,1837.0,924.0,5156,0,0,1,Pedestrian
36,1798.0,869.0,1837.0,924.0,5157,0,0,1,Pedestrian
36,1798.0,869.0,1837.0,924.0,5158,0,0,1,Pedestrian
36,1798.0,869.0,1837.0,924.0,5159,0,0,1,Pedestrian
36,1798.0,869.0,1837.0,926.0,5160,0,0,1,Pedestrian
36,1795.0,869.0,1834.0,926.0,5161,0,0,1,Pedestrian
36,1795.0,869.0,1834.0,926.0,5162,0,0,1,Pedestrian
36,1795.0,869.0,1834.0,926.0,5163,0,0,1,Pedestrian
36,1795.0,869.0,1834.0,926.0,5164,0,0,1,Pedestrian
36,1795.0,869.0,1834.0,926.0,5165,0,0,1,Pedestrian
36,1795.0,869.0,1834.0,926.0,5166,0,0,1,Pedestrian
36,1795.0,869.0,1834.0,926.0,5167,0,0,1,Pedestrian
36,1795.0,869.0,1834.0,926.0,5168,0,0,1,Pedestrian
36,1795.0,869.0,1834.0,926.0,5169,0,0,1,Pedestrian
36,1795.0,869.0,1834.0,926.0,5170,0,0,1,Pedestrian
36,1795.0,869.0,1834.0,926.0,5171,0,0,1,Pedestrian
36,1795.0,869.0,1834.0,926.0,5172,0,0,1,Pedestrian
36,1795.0,869.0,1834.0,926.0,5173,0,0,1,Pedestrian
36,1795.0,869.0,1834.0,926.0,5174,0,0,1,Pedestrian
36,1795.0,869.0,1834.0,926.0,5175,0,0,1,Pedestrian
36,1795.0,869.0,1834.0,926.0,5176,0,0,1,Pedestrian
36,1795.0,869.0,1834.0,926.0,5177,0,0,1,Pedestrian
36,1795.0,867.0,1834.0,926.0,5178,0,0,1,Pedestrian
36,1795.0,867.0,1834.0,926.0,5179,0,0,1,Pedestrian
36,1795.0,867.0,1834.0,926.0,5180,0,0,1,Pedestrian
36,1795.0,867.0,1834.0,926.0,5181,0,0,1,Pedestrian
36,1795.0,867.0,1834.0,926.0,5182,0,0,1,Pedestrian
36,1795.0,867.0,1834.0,926.0,5183,0,0,1,Pedestrian
36,1795.0,867.0,1834.0,926.0,5184,0,0,1,Pedestrian
36,1795.0,867.0,1834.0,926.0,5185,0,0,1,Pedestrian
36,1795.0,867.0,1834.0,926.0,5186,0,0,1,Pedestrian
36,1795.0,867.0,1834.0,929.0,5187,0,0,1,Pedestrian
36,1795.0,867.0,1834.0,929.0,5188,0,0,1,Pedestrian
36,1795.0,867.0,1834.0,929.0,5189,0,0,1,Pedestrian
36,1795.0,867.0,1834.0,929.0,5190,0,0,1,Pedestrian
36,1795.0,867.0,1834.0,929.0,5191,0,0,1,Pedestrian
36,1795.0,867.0,1834.0,929.0,5192,0,0,1,Pedestrian
36,1795.0,867.0,1834.0,929.0,5193,0,0,1,Pedestrian
36,1795.0,867.0,1834.0,929.0,5194,0,0,1,Pedestrian
36,1795.0,867.0,1834.0,929.0,5195,0,0,1,Pedestrian
36,1795.0,867.0,1834.0,929.0,5196,0,0,1,Pedestrian
36,1795.0,867.0,1834.0,929.0,5197,0,0,1,Pedestrian
36,1795.0,867.0,1834.0,929.0,5198,0,0,1,Pedestrian
36,1795.0,867.0,1834.0,929.0,5199,0,0,1,Pedestrian
36,1795.0,867.0,1834.0,929.0,5200,0,0,1,Pedestrian
36,1795.0,867.0,1834.0,929.0,5201,0,0,1,Pedestrian
36,1795.0,867.0,1834.0,929.0,5202,0,0,1,Pedestrian
36,1795.0,867.0,1834.0,929.0,5203,0,0,1,Pedestrian
36,1795.0,867.0,1834.0,929.0,5204,0,0,1,Pedestrian
36,1795.0,867.0,1834.0,929.0,5205,0,0,1,Pedestrian
36,1795.0,867.0,1834.0,929.0,5206,0,0,1,Pedestrian
36,1795.0,867.0,1834.0,929.0,5207,0,0,1,Pedestrian
36,1795.0,867.0,1834.0,929.0,5208,0,0,1,Pedestrian
36,1795.0,867.0,1834.0,929.0,5209,0,0,1,Pedestrian
36,1795.0,867.0,1834.0,929.0,5210,0,0,1,Pedestrian
36,1795.0,867.0,1834.0,929.0,5211,0,0,1,Pedestrian
36,1795.0,867.0,1834.0,929.0,5212,0,0,1,Pedestrian
36,1795.0,867.0,1834.0,929.0,5213,0,0,1,Pedestrian
36,1795.0,865.0,1834.0,931.0,5214,0,0,1,Pedestrian
36,1795.0,865.0,1834.0,931.0,5215,0,0,1,Pedestrian
36,1795.0,865.0,1834.0,931.0,5216,0,0,1,Pedestrian
36,1795.0,865.0,1834.0,931.0,5217,0,0,1,Pedestrian
36,1795.0,865.0,1834.0,931.0,5218,0,0,1,Pedestrian
36,1795.0,865.0,1834.0,931.0,5219,0,0,1,Pedestrian
36,1795.0,865.0,1834.0,931.0,5220,0,0,1,Pedestrian
36,1795.0,865.0,1834.0,931.0,5221,0,0,1,Pedestrian
36,1795.0,865.0,1834.0,931.0,5222,0,0,1,Pedestrian
36,1795.0,865.0,1834.0,931.0,5223,0,0,1,Pedestrian
36,1795.0,865.0,1834.0,931.0,5224,0,0,1,Pedestrian
36,1795.0,865.0,1834.0,931.0,5225,0,0,1,Pedestrian
36,1795.0,865.0,1834.0,931.0,5226,0,0,1,Pedestrian
36,1795.0,865.0,1834.0,931.0,5227,0,0,1,Pedestrian
36,1795.0,865.0,1834.0,931.0,5228,0,0,1,Pedestrian
36,1795.0,865.0,1834.0,931.0,5229,0,0,1,Pedestrian
36,1795.0,865.0,1834.0,931.0,5230,0,0,1,Pedestrian
36,1795.0,865.0,1834.0,931.0,5231,0,0,1,Pedestrian
36,1795.0,865.0,1834.0,931.0,5232,0,0,1,Pedestrian
36,1795.0,865.0,1834.0,931.0,5233,0,0,1,Pedestrian
36,1795.0,865.0,1834.0,931.0,5234,0,0,1,Pedestrian
36,1795.0,865.0,1834.0,931.0,5235,0,0,1,Pedestrian
36,1795.0,865.0,1834.0,931.0,5236,0,0,1,Pedestrian
36,1795.0,865.0,1834.0,931.0,5237,0,0,1,Pedestrian
36,1795.0,865.0,1834.0,931.0,5238,0,0,1,Pedestrian
36,1795.0,865.0,1834.0,931.0,5239,0,0,1,Pedestrian
36,1795.0,865.0,1834.0,933.0,5240,0,0,1,Pedestrian
36,1793.0,865.0,1834.0,933.0,5241,0,0,1,Pedestrian
36,1793.0,865.0,1834.0,933.0,5242,0,0,1,Pedestrian
36,1793.0,865.0,1834.0,933.0,5243,0,0,1,Pedestrian
36,1793.0,865.0,1834.0,933.0,5244,0,0,1,Pedestrian
36,1793.0,865.0,1834.0,933.0,5245,0,0,1,Pedestrian
36,1793.0,865.0,1834.0,933.0,5246,0,0,1,Pedestrian
36,1793.0,865.0,1834.0,933.0,5247,0,0,1,Pedestrian
36,1793.0,865.0,1834.0,933.0,5248,0,0,1,Pedestrian
36,1793.0,863.0,1834.0,933.0,5249,0,0,1,Pedestrian
36,1793.0,863.0,1834.0,933.0,5250,0,0,1,Pedestrian
36,1793.0,863.0,1834.0,933.0,5251,0,0,1,Pedestrian
36,1793.0,863.0,1834.0,933.0,5252,0,0,1,Pedestrian
36,1793.0,863.0,1834.0,933.0,5253,0,0,1,Pedestrian
36,1793.0,863.0,1834.0,933.0,5254,0,0,1,Pedestrian
36,1793.0,863.0,1834.0,933.0,5255,0,0,1,Pedestrian
36,1793.0,863.0,1834.0,933.0,5256,0,0,1,Pedestrian
36,1793.0,863.0,1834.0,933.0,5257,0,0,1,Pedestrian
36,1793.0,863.0,1834.0,933.0,5258,0,0,1,Pedestrian
36,1793.0,863.0,1834.0,933.0,5259,0,0,1,Pedestrian
36,1793.0,863.0,1834.0,933.0,5260,0,0,1,Pedestrian
36,1793.0,863.0,1834.0,933.0,5261,0,0,1,Pedestrian
36,1793.0,863.0,1834.0,933.0,5262,0,0,1,Pedestrian
36,1793.0,863.0,1834.0,933.0,5263,0,0,1,Pedestrian
36,1793.0,863.0,1834.0,933.0,5264,0,0,1,Pedestrian
36,1793.0,863.0,1834.0,933.0,5265,0,0,1,Pedestrian
36,1793.0,863.0,1834.0,933.0,5266,0,0,1,Pedestrian
36,1793.0,863.0,1834.0,935.0,5267,0,0,1,Pedestrian
36,1793.0,863.0,1834.0,935.0,5268,0,0,1,Pedestrian
36,1793.0,863.0,1834.0,935.0,5269,0,0,1,Pedestrian
36,1793.0,863.0,1834.0,935.0,5270,0,0,1,Pedestrian
36,1793.0,863.0,1834.0,935.0,5271,0,0,1,Pedestrian
36,1793.0,863.0,1834.0,935.0,5272,0,0,1,Pedestrian
36,1793.0,863.0,1834.0,935.0,5273,0,0,1,Pedestrian
36,1793.0,863.0,1834.0,935.0,5274,0,0,1,Pedestrian
36,1793.0,863.0,1834.0,935.0,5275,0,0,1,Pedestrian
36,1793.0,863.0,1834.0,935.0,5276,0,0,1,Pedestrian
36,1793.0,863.0,1834.0,935.0,5277,0,0,1,Pedestrian
36,1793.0,863.0,1834.0,935.0,5278,0,0,1,Pedestrian
36,1793.0,863.0,1834.0,935.0,5279,0,0,1,Pedestrian
36,1793.0,863.0,1834.0,935.0,5280,0,0,1,Pedestrian
36,1793.0,863.0,1834.0,935.0,5281,0,0,1,Pedestrian
36,1793.0,863.0,1834.0,935.0,5282,0,0,1,Pedestrian
36,1793.0,863.0,1834.0,935.0,5283,0,0,1,Pedestrian
36,1793.0,863.0,1834.0,935.0,5284,0,0,1,Pedestrian
36,1793.0,860.0,1834.0,935.0,5285,0,0,1,Pedestrian
36,1793.0,860.0,1834.0,935.0,5286,0,0,1,Pedestrian
36,1793.0,860.0,1834.0,935.0,5287,0,0,1,Pedestrian
36,1793.0,860.0,1834.0,935.0,5288,0,0,1,Pedestrian
36,1793.0,860.0,1834.0,935.0,5289,0,0,1,Pedestrian
36,1793.0,860.0,1834.0,935.0,5290,0,0,1,Pedestrian
36,1793.0,860.0,1834.0,935.0,5291,0,0,1,Pedestrian
36,1793.0,860.0,1834.0,935.0,5292,0,0,1,Pedestrian
36,1793.0,860.0,1834.0,935.0,5293,0,0,1,Pedestrian
36,1793.0,860.0,1834.0,938.0,5294,0,0,1,Pedestrian
36,1793.0,860.0,1834.0,938.0,5295,0,0,1,Pedestrian
36,1793.0,860.0,1834.0,938.0,5296,0,0,1,Pedestrian
36,1793.0,860.0,1834.0,938.0,5297,0,0,1,Pedestrian
36,1793.0,860.0,1834.0,938.0,5298,0,0,1,Pedestrian
36,1793.0,860.0,1834.0,938.0,5299,0,0,1,Pedestrian
36,1793.0,860.0,1834.0,938.0,5300,0,0,1,Pedestrian
36,1793.0,860.0,1834.0,938.0,5301,0,0,1,Pedestrian
36,1793.0,860.0,1834.0,938.0,5302,0,0,1,Pedestrian
36,1793.0,860.0,1834.0,938.0,5303,0,0,1,Pedestrian
36,1793.0,860.0,1834.0,938.0,5304,0,0,1,Pedestrian
36,1793.0,860.0,1834.0,938.0,5305,0,0,1,Pedestrian
36,1793.0,860.0,1834.0,938.0,5306,0,0,1,Pedestrian
36,1793.0,860.0,1834.0,938.0,5307,0,0,1,Pedestrian
36,1793.0,860.0,1834.0,938.0,5308,0,0,1,Pedestrian
36,1793.0,860.0,1834.0,938.0,5309,0,0,1,Pedestrian
36,1793.0,860.0,1834.0,938.0,5310,0,0,1,Pedestrian
36,1793.0,860.0,1834.0,938.0,5311,0,0,1,Pedestrian
36,1793.0,860.0,1834.0,938.0,5312,0,0,1,Pedestrian
36,1793.0,860.0,1834.0,938.0,5313,0,0,1,Pedestrian
36,1793.0,860.0,1834.0,938.0,5314,0,0,1,Pedestrian
36,1793.0,860.0,1834.0,938.0,5315,0,0,1,Pedestrian
36,1793.0,860.0,1834.0,938.0,5316,0,0,1,Pedestrian
36,1793.0,860.0,1834.0,938.0,5317,0,0,1,Pedestrian
36,1793.0,860.0,1834.0,938.0,5318,0,0,1,Pedestrian
36,1793.0,860.0,1834.0,938.0,5319,0,0,1,Pedestrian
36,1793.0,860.0,1834.0,940.0,5320,0,0,0,Pedestrian
36,1790.0,860.0,1831.0,940.0,5321,0,0,1,Pedestrian
36,1790.0,860.0,1831.0,940.0,5322,0,0,1,Pedestrian
36,1790.0,860.0,1831.0,940.0,5323,0,0,1,Pedestrian
36,1790.0,863.0,1831.0,940.0,5324,0,0,1,Pedestrian
36,1790.0,863.0,1831.0,942.0,5325,0,0,1,Pedestrian
36,1790.0,863.0,1831.0,942.0,5326,0,0,1,Pedestrian
36,1790.0,863.0,1831.0,942.0,5327,0,0,1,Pedestrian
36,1790.0,865.0,1831.0,942.0,5328,0,0,1,Pedestrian
36,1790.0,865.0,1831.0,942.0,5329,0,0,1,Pedestrian
36,1790.0,865.0,1831.0,944.0,5330,0,0,1,Pedestrian
36,1787.0,865.0,1828.0,944.0,5331,0,0,1,Pedestrian
36,1787.0,867.0,1828.0,944.0,5332,0,0,1,Pedestrian
36,1787.0,867.0,1828.0,944.0,5333,0,0,1,Pedestrian
36,1787.0,867.0,1828.0,944.0,5334,0,0,1,Pedestrian
36,1787.0,867.0,1828.0,947.0,5335,0,0,1,Pedestrian
36,1787.0,869.0,1828.0,947.0,5336,0,0,1,Pedestrian
36,1787.0,869.0,1828.0,947.0,5337,0,0,1,Pedestrian
36,1787.0,869.0,1828.0,947.0,5338,0,0,1,Pedestrian
36,1787.0,869.0,1828.0,947.0,5339,0,0,1,Pedestrian
36,1787.0,872.0,1828.0,949.0,5340,0,0,0,Pedestrian
36,1784.0,872.0,1826.0,949.0,5341,0,0,1,Pedestrian
36,1782.0,872.0,1823.0,949.0,5342,0,0,1,Pedestrian
36,1782.0,872.0,1823.0,949.0,5343,0,0,1,Pedestrian
36,1779.0,872.0,1820.0,949.0,5344,0,0,1,Pedestrian
36,1779.0,872.0,1820.0,949.0,5345,0,0,1,Pedestrian
36,1776.0,872.0,1817.0,949.0,5346,0,0,1,Pedestrian
36,1776.0,872.0,1817.0,949.0,5347,0,0,1,Pedestrian
36,1773.0,872.0,1815.0,949.0,5348,0,0,1,Pedestrian
36,1773.0,872.0,1815.0,949.0,5349,0,0,1,Pedestrian
36,1771.0,874.0,1812.0,951.0,5350,0,0,1,Pedestrian
36,1768.0,874.0,1809.0,951.0,5351,0,0,1,Pedestrian
36,1768.0,874.0,1809.0,951.0,5352,0,0,1,Pedestrian
36,1765.0,874.0,1806.0,951.0,5353,0,0,1,Pedestrian
36,1765.0,874.0,1806.0,951.0,5354,0,0,1,Pedestrian
36,1762.0,874.0,1804.0,951.0,5355,0,0,1,Pedestrian
36,1762.0,874.0,1804.0,951.0,5356,0,0,1,Pedestrian
36,1760.0,874.0,1801.0,951.0,5357,0,0,1,Pedestrian
36,1760.0,874.0,1801.0,951.0,5358,0,0,1,Pedestrian
36,1757.0,874.0,1798.0,951.0,5359,0,0,1,Pedestrian
36,1757.0,876.0,1798.0,954.0,5360,0,0,0,Pedestrian
36,1754.0,876.0,1795.0,954.0,5361,0,0,1,Pedestrian
36,1751.0,876.0,1793.0,954.0,5362,0,0,1,Pedestrian
36,1751.0,876.0,1790.0,954.0,5363,0,0,1,Pedestrian
36,1749.0,878.0,1790.0,956.0,5364,0,0,1,Pedestrian
36,1749.0,878.0,1787.0,956.0,5365,0,0,1,Pedestrian
36,1746.0,878.0,1784.0,956.0,5366,0,0,1,Pedestrian
36,1743.0,881.0,1784.0,958.0,5367,0,0,1,Pedestrian
36,1743.0,881.0,1782.0,958.0,5368,0,0,1,Pedestrian
36,1740.0,881.0,1779.0,958.0,5369,0,0,1,Pedestrian
36,1740.0,883.0,1779.0,960.0,5370,0,0,0,Pedestrian
36,1738.0,883.0,1776.0,960.0,5371,0,0,1,Pedestrian
36,1738.0,883.0,1776.0,960.0,5372,0,0,1,Pedestrian
36,1738.0,883.0,1776.0,960.0,5373,0,0,1,Pedestrian
36,1735.0,883.0,1773.0,960.0,5374,0,0,1,Pedestrian
36,1735.0,883.0,1773.0,960.0,5375,0,0,1,Pedestrian
36,1735.0,883.0,1773.0,960.0,5376,0,0,1,Pedestrian
36,1732.0,883.0,1771.0,960.0,5377,0,0,1,Pedestrian
36,1732.0,883.0,1771.0,960.0,5378,0,0,1,Pedestrian
36,1732.0,883.0,1771.0,960.0,5379,0,0,1,Pedestrian
36,1729.0,883.0,1768.0,960.0,5380,0,0,1,Pedestrian
36,1729.0,883.0,1768.0,960.0,5381,0,0,1,Pedestrian
36,1729.0,883.0,1768.0,960.0,5382,0,0,1,Pedestrian
36,1727.0,883.0,1765.0,960.0,5383,0,0,1,Pedestrian
36,1727.0,883.0,1765.0,960.0,5384,0,0,1,Pedestrian
36,1727.0,883.0,1765.0,960.0,5385,0,0,1,Pedestrian
36,1724.0,883.0,1762.0,960.0,5386,0,0,1,Pedestrian
36,1724.0,883.0,1762.0,960.0,5387,0,0,1,Pedestrian
36,1724.0,883.0,1762.0,960.0,5388,0,0,1,Pedestrian
36,1724.0,883.0,1762.0,960.0,5389,0,0,1,Pedestrian
36,1721.0,883.0,1760.0,960.0,5390,0,0,1,Pedestrian
36,1721.0,883.0,1760.0,960.0,5391,0,0,1,Pedestrian
36,1721.0,883.0,1760.0,960.0,5392,0,0,1,Pedestrian
36,1718.0,883.0,1757.0,960.0,5393,0,0,1,Pedestrian
36,1718.0,883.0,1757.0,960.0,5394,0,0,1,Pedestrian
36,1718.0,883.0,1757.0,960.0,5395,0,0,1,Pedestrian
36,1716.0,883.0,1754.0,960.0,5396,0,0,1,Pedestrian
36,1716.0,883.0,1754.0,960.0,5397,0,0,1,Pedestrian
36,1716.0,883.0,1754.0,960.0,5398,0,0,1,Pedestrian
36,1713.0,883.0,1751.0,960.0,5399,0,0,1,Pedestrian
36,1713.0,883.0,1751.0,960.0,5400,0,0,1,Pedestrian
36,1713.0,883.0,1751.0,960.0,5401,0,0,1,Pedestrian
36,1710.0,883.0,1749.0,960.0,5402,0,0,1,Pedestrian
36,1710.0,883.0,1749.0,960.0,5403,0,0,1,Pedestrian
36,1710.0,883.0,1749.0,960.0,5404,0,0,1,Pedestrian
36,1707.0,883.0,1746.0,960.0,5405,0,0,1,Pedestrian
36,1707.0,883.0,1746.0,960.0,5406,0,0,1,Pedestrian
36,1707.0,883.0,1746.0,960.0,5407,0,0,1,Pedestrian
36,1707.0,883.0,1746.0,960.0,5408,0,0,1,Pedestrian
36,1705.0,883.0,1743.0,960.0,5409,0,0,1,Pedestrian
36,1705.0,883.0,1743.0,960.0,5410,0,0,1,Pedestrian
36,1705.0,883.0,1743.0,960.0,5411,0,0,1,Pedestrian
36,1702.0,883.0,1740.0,960.0,5412,0,0,1,Pedestrian
36,1702.0,883.0,1740.0,960.0,5413,0,0,1,Pedestrian
36,1702.0,883.0,1740.0,960.0,5414,0,0,1,Pedestrian
36,1699.0,883.0,1738.0,960.0,5415,0,0,1,Pedestrian
36,1699.0,883.0,1738.0,960.0,5416,0,0,1,Pedestrian
36,1699.0,883.0,1738.0,960.0,5417,0,0,1,Pedestrian
36,1696.0,883.0,1735.0,960.0,5418,0,0,1,Pedestrian
36,1696.0,883.0,1735.0,960.0,5419,0,0,1,Pedestrian
36,1696.0,883.0,1735.0,960.0,5420,0,0,1,Pedestrian
36,1694.0,883.0,1732.0,960.0,5421,0,0,1,Pedestrian
36,1694.0,883.0,1732.0,960.0,5422,0,0,1,Pedestrian
36,1694.0,883.0,1732.0,960.0,5423,0,0,1,Pedestrian
36,1691.0,883.0,1729.0,960.0,5424,0,0,1,Pedestrian
36,1691.0,883.0,1729.0,960.0,5425,0,0,1,Pedestrian
36,1691.0,883.0,1729.0,960.0,5426,0,0,1,Pedestrian
36,1691.0,883.0,1729.0,960.0,5427,0,0,1,Pedestrian
36,1688.0,883.0,1727.0,960.0,5428,0,0,1,Pedestrian
36,1688.0,883.0,1727.0,960.0,5429,0,0,1,Pedestrian
36,1688.0,883.0,1727.0,960.0,5430,0,0,1,Pedestrian
36,1685.0,883.0,1724.0,960.0,5431,0,0,1,Pedestrian
36,1685.0,883.0,1724.0,960.0,5432,0,0,1,Pedestrian
36,1685.0,883.0,1724.0,960.0,5433,0,0,1,Pedestrian
36,1683.0,883.0,1721.0,960.0,5434,0,0,1,Pedestrian
36,1683.0,883.0,1721.0,960.0,5435,0,0,1,Pedestrian
36,1683.0,883.0,1721.0,960.0,5436,0,0,1,Pedestrian
36,1680.0,883.0,1718.0,960.0,5437,0,0,1,Pedestrian
36,1680.0,883.0,1718.0,960.0,5438,0,0,1,Pedestrian
36,1680.0,883.0,1718.0,960.0,5439,0,0,1,Pedestrian
36,1677.0,883.0,1716.0,960.0,5440,0,0,1,Pedestrian
36,1677.0,883.0,1716.0,960.0,5441,0,0,1,Pedestrian
36,1677.0,883.0,1716.0,960.0,5442,0,0,1,Pedestrian
36,1674.0,883.0,1713.0,960.0,5443,0,0,1,Pedestrian
36,1674.0,883.0,1713.0,960.0,5444,0,0,1,Pedestrian
36,1674.0,883.0,1713.0,960.0,5445,0,0,1,Pedestrian
36,1674.0,883.0,1713.0,960.0,5446,0,0,1,Pedestrian
36,1672.0,883.0,1710.0,960.0,5447,0,0,1,Pedestrian
36,1672.0,883.0,1710.0,960.0,5448,0,0,1,Pedestrian
36,1672.0,883.0,1710.0,960.0,5449,0,0,1,Pedestrian
36,1669.0,883.0,1707.0,960.0,5450,0,0,1,Pedestrian
36,1669.0,883.0,1707.0,960.0,5451,0,0,1,Pedestrian
36,1669.0,883.0,1707.0,960.0,5452,0,0,1,Pedestrian
36,1666.0,883.0,1705.0,960.0,5453,0,0,1,Pedestrian
36,1666.0,883.0,1705.0,960.0,5454,0,0,1,Pedestrian
36,1666.0,883.0,1705.0,960.0,5455,0,0,1,Pedestrian
36,1663.0,883.0,1702.0,960.0,5456,0,0,1,Pedestrian
36,1663.0,883.0,1702.0,960.0,5457,0,0,1,Pedestrian
36,1663.0,883.0,1702.0,960.0,5458,0,0,1,Pedestrian
36,1661.0,883.0,1699.0,960.0,5459,0,0,1,Pedestrian
36,1661.0,883.0,1699.0,960.0,5460,0,0,1,Pedestrian
36,1661.0,883.0,1699.0,960.0,5461,0,0,1,Pedestrian
36,1658.0,883.0,1696.0,960.0,5462,0,0,1,Pedestrian
36,1658.0,883.0,1696.0,960.0,5463,0,0,1,Pedestrian
36,1658.0,883.0,1696.0,960.0,5464,0,0,1,Pedestrian
36,1658.0,883.0,1696.0,960.0,5465,0,0,1,Pedestrian
36,1655.0,883.0,1694.0,960.0,5466,0,0,1,Pedestrian
36,1655.0,883.0,1694.0,960.0,5467,0,0,1,Pedestrian
36,1655.0,883.0,1694.0,960.0,5468,0,0,1,Pedestrian
36,1652.0,883.0,1691.0,960.0,5469,0,0,1,Pedestrian
36,1652.0,883.0,1691.0,960.0,5470,0,0,1,Pedestrian
36,1652.0,883.0,1691.0,960.0,5471,0,0,1,Pedestrian
36,1650.0,883.0,1688.0,960.0,5472,0,0,1,Pedestrian
36,1650.0,883.0,1688.0,960.0,5473,0,0,1,Pedestrian
36,1650.0,883.0,1688.0,960.0,5474,0,0,1,Pedestrian
36,1647.0,883.0,1685.0,960.0,5475,0,0,1,Pedestrian
36,1647.0,883.0,1685.0,960.0,5476,0,0,1,Pedestrian
36,1647.0,883.0,1685.0,960.0,5477,0,0,1,Pedestrian
36,1644.0,883.0,1683.0,960.0,5478,0,0,1,Pedestrian
36,1644.0,883.0,1683.0,960.0,5479,0,0,1,Pedestrian
36,1644.0,883.0,1683.0,960.0,5480,0,0,1,Pedestrian
36,1641.0,883.0,1680.0,960.0,5481,0,0,1,Pedestrian
36,1641.0,883.0,1680.0,960.0,5482,0,0,1,Pedestrian
36,1641.0,883.0,1680.0,960.0,5483,0,0,1,Pedestrian
36,1641.0,883.0,1680.0,960.0,5484,0,0,1,Pedestrian
36,1639.0,883.0,1677.0,960.0,5485,0,0,1,Pedestrian
36,1639.0,883.0,1677.0,960.0,5486,0,0,1,Pedestrian
36,1639.0,883.0,1677.0,960.0,5487,0,0,1,Pedestrian
36,1636.0,883.0,1674.0,960.0,5488,0,0,1,Pedestrian
36,1636.0,883.0,1674.0,960.0,5489,0,0,1,Pedestrian
36,1636.0,883.0,1674.0,960.0,5490,0,0,1,Pedestrian
36,1633.0,883.0,1672.0,960.0,5491,0,0,1,Pedestrian
36,1633.0,883.0,1672.0,960.0,5492,0,0,1,Pedestrian
36,1633.0,883.0,1672.0,960.0,5493,0,0,1,Pedestrian
36,1630.0,883.0,1669.0,960.0,5494,0,0,1,Pedestrian
36,1630.0,883.0,1669.0,960.0,5495,0,0,1,Pedestrian
36,1630.0,883.0,1669.0,960.0,5496,0,0,1,Pedestrian
36,1628.0,883.0,1666.0,960.0,5497,0,0,1,Pedestrian
36,1628.0,883.0,1666.0,960.0,5498,0,0,1,Pedestrian
36,1628.0,883.0,1666.0,960.0,5499,0,0,1,Pedestrian
36,1628.0,885.0,1666.0,963.0,5500,0,0,0,Pedestrian
36,1625.0,885.0,1663.0,960.0,5501,0,0,1,Pedestrian
36,1622.0,885.0,1663.0,960.0,5502,0,0,1,Pedestrian
36,1622.0,885.0,1661.0,960.0,5503,0,0,1,Pedestrian
36,1619.0,885.0,1661.0,960.0,5504,0,0,1,Pedestrian
36,1619.0,885.0,1658.0,960.0,5505,0,0,1,Pedestrian
36,1617.0,885.0,1658.0,960.0,5506,0,0,1,Pedestrian
36,1617.0,885.0,1655.0,958.0,5507,0,0,1,Pedestrian
36,1614.0,885.0,1655.0,958.0,5508,0,0,1,Pedestrian
36,1614.0,885.0,1652.0,958.0,5509,0,0,1,Pedestrian
36,1611.0,885.0,1652.0,958.0,5510,0,0,1,Pedestrian
36,1608.0,885.0,1650.0,958.0,5511,0,0,1,Pedestrian
36,1608.0,885.0,1650.0,958.0,5512,0,0,1,Pedestrian
36,1606.0,885.0,1647.0,958.0,5513,0,0,1,Pedestrian
36,1606.0,885.0,1647.0,956.0,5514,0,0,1,Pedestrian
36,1603.0,885.0,1644.0,956.0,5515,0,0,1,Pedestrian
36,1603.0,885.0,1644.0,956.0,5516,0,0,1,Pedestrian
36,1600.0,885.0,1641.0,956.0,5517,0,0,1,Pedestrian
36,1600.0,885.0,1641.0,956.0,5518,0,0,1,Pedestrian
36,1597.0,885.0,1639.0,956.0,5519,0,0,1,Pedestrian
36,1597.0,885.0,1639.0,956.0,5520,0,0,1,Pedestrian
36,1595.0,885.0,1639.0,954.0,5521,0,0,1,Pedestrian
36,1592.0,885.0,1636.0,954.0,5522,0,0,1,Pedestrian
36,1592.0,885.0,1636.0,954.0,5523,0,0,1,Pedestrian
36,1589.0,885.0,1633.0,954.0,5524,0,0,1,Pedestrian
36,1589.0,885.0,1633.0,954.0,5525,0,0,1,Pedestrian
36,1586.0,885.0,1630.0,954.0,5526,0,0,1,Pedestrian
36,1586.0,885.0,1630.0,954.0,5527,0,0,1,Pedestrian
36,1584.0,885.0,1628.0,951.0,5528,0,0,1,Pedestrian
36,1584.0,885.0,1628.0,951.0,5529,0,0,1,Pedestrian
36,1581.0,885.0,1625.0,951.0,5530,0,0,1,Pedestrian
36,1578.0,885.0,1625.0,951.0,5531,0,0,1,Pedestrian
36,1578.0,885.0,1622.0,951.0,5532,0,0,1,Pedestrian
36,1575.0,885.0,1622.0,951.0,5533,0,0,1,Pedestrian
36,1575.0,885.0,1619.0,951.0,5534,0,0,1,Pedestrian
36,1573.0,885.0,1619.0,949.0,5535,0,0,1,Pedestrian
36,1573.0,885.0,1617.0,949.0,5536,0,0,1,Pedestrian
36,1570.0,885.0,1617.0,949.0,5537,0,0,1,Pedestrian
36,1570.0,885.0,1614.0,949.0,5538,0,0,1,Pedestrian
36,1567.0,885.0,1614.0,949.0,5539,0,0,1,Pedestrian
36,1567.0,885.0,1611.0,949.0,5540,0,0,1,Pedestrian
36,1564.0,885.0,1611.0,949.0,5541,0,0,1,Pedestrian
36,1562.0,885.0,1611.0,947.0,5542,0,0,1,Pedestrian
36,1562.0,885.0,1608.0,947.0,5543,0,0,1,Pedestrian
36,1559.0,885.0,1608.0,947.0,5544,0,0,1,Pedestrian
36,1559.0,885.0,1606.0,947.0,5545,0,0,1,Pedestrian
36,1556.0,885.0,1606.0,947.0,5546,0,0,1,Pedestrian
36,1556.0,885.0,1603.0,947.0,5547,0,0,1,Pedestrian
36,1553.0,885.0,1603.0,944.0,5548,0,0,1,Pedestrian
36,1553.0,885.0,1600.0,944.0,5549,0,0,1,Pedestrian
36,1551.0,885.0,1600.0,944.0,5550,0,0,1,Pedestrian
36,1551.0,885.0,1597.0,944.0,5551,0,0,1,Pedestrian
36,1548.0,885.0,1597.0,944.0,5552,0,0,1,Pedestrian
36,1545.0,885.0,1595.0,944.0,5553,0,0,1,Pedestrian
36,1545.0,885.0,1595.0,944.0,5554,0,0,1,Pedestrian
36,1542.0,885.0,1592.0,942.0,5555,0,0,1,Pedestrian
36,1542.0,885.0,1592.0,942.0,5556,0,0,1,Pedestrian
36,1540.0,885.0,1589.0,942.0,5557,0,0,1,Pedestrian
36,1540.0,885.0,1589.0,942.0,5558,0,0,1,Pedestrian
36,1537.0,885.0,1586.0,942.0,5559,0,0,1,Pedestrian
36,1537.0,885.0,1586.0,942.0,5560,0,0,1,Pedestrian
36,1534.0,885.0,1584.0,942.0,5561,0,0,1,Pedestrian
36,1531.0,885.0,1584.0,940.0,5562,0,0,1,Pedestrian
36,1531.0,885.0,1584.0,940.0,5563,0,0,1,Pedestrian
36,1529.0,885.0,1581.0,940.0,5564,0,0,1,Pedestrian
36,1529.0,885.0,1581.0,940.0,5565,0,0,1,Pedestrian
36,1526.0,885.0,1578.0,940.0,5566,0,0,1,Pedestrian
36,1526.0,885.0,1578.0,940.0,5567,0,0,1,Pedestrian
36,1523.0,885.0,1575.0,940.0,5568,0,0,1,Pedestrian
36,1523.0,885.0,1575.0,938.0,5569,0,0,1,Pedestrian
36,1520.0,885.0,1573.0,938.0,5570,0,0,1,Pedestrian
36,1520.0,885.0,1573.0,938.0,5571,0,0,1,Pedestrian
36,1518.0,885.0,1570.0,938.0,5572,0,0,1,Pedestrian
36,1515.0,885.0,1570.0,938.0,5573,0,0,1,Pedestrian
36,1515.0,885.0,1567.0,938.0,5574,0,0,1,Pedestrian
36,1512.0,885.0,1567.0,938.0,5575,0,0,1,Pedestrian
36,1512.0,885.0,1564.0,935.0,5576,0,0,1,Pedestrian
36,1509.0,885.0,1564.0,935.0,5577,0,0,1,Pedestrian
36,1509.0,885.0,1562.0,935.0,5578,0,0,1,Pedestrian
36,1507.0,885.0,1562.0,935.0,5579,0,0,1,Pedestrian
36,1507.0,885.0,1559.0,935.0,5580,0,0,1,Pedestrian
36,1504.0,885.0,1559.0,935.0,5581,0,0,1,Pedestrian
36,1504.0,888.0,1559.0,935.0,5582,0,0,0,Pedestrian
36,1501.0,885.0,1556.0,933.0,5583,0,0,1,Pedestrian
36,1498.0,885.0,1553.0,933.0,5584,0,0,1,Pedestrian
36,1498.0,885.0,1553.0,933.0,5585,0,0,1,Pedestrian
36,1496.0,885.0,1551.0,933.0,5586,0,0,1,Pedestrian
36,1496.0,885.0,1551.0,933.0,5587,0,0,1,Pedestrian
36,1493.0,885.0,1548.0,933.0,5588,0,0,1,Pedestrian
36,1493.0,885.0,1548.0,933.0,5589,0,0,1,Pedestrian
36,1490.0,885.0,1545.0,933.0,5590,0,0,1,Pedestrian
36,1487.0,885.0,1542.0,933.0,5591,0,0,1,Pedestrian
36,1487.0,885.0,1542.0,933.0,5592,0,0,1,Pedestrian
36,1485.0,885.0,1540.0,933.0,5593,0,0,1,Pedestrian
36,1485.0,885.0,1540.0,933.0,5594,0,0,1,Pedestrian
36,1482.0,885.0,1537.0,933.0,5595,0,0,1,Pedestrian
36,1482.0,885.0,1537.0,933.0,5596,0,0,1,Pedestrian
36,1479.0,885.0,1534.0,933.0,5597,0,0,1,Pedestrian
36,1476.0,885.0,1531.0,933.0,5598,0,0,1,Pedestrian
36,1476.0,885.0,1531.0,933.0,5599,0,0,1,Pedestrian
36,1474.0,883.0,1529.0,931.0,5600,0,0,1,Pedestrian
36,1474.0,883.0,1529.0,931.0,5601,0,0,1,Pedestrian
36,1471.0,883.0,1526.0,931.0,5602,0,0,1,Pedestrian
36,1471.0,883.0,1526.0,931.0,5603,0,0,1,Pedestrian
36,1468.0,883.0,1523.0,931.0,5604,0,0,1,Pedestrian
36,1465.0,883.0,1520.0,931.0,5605,0,0,1,Pedestrian
36,1465.0,883.0,1520.0,931.0,5606,0,0,1,Pedestrian
36,1463.0,883.0,1518.0,931.0,5607,0,0,1,Pedestrian
36,1463.0,883.0,1518.0,931.0,5608,0,0,1,Pedestrian
36,1460.0,883.0,1515.0,931.0,5609,0,0,1,Pedestrian
36,1460.0,883.0,1515.0,931.0,5610,0,0,1,Pedestrian
36,1457.0,883.0,1512.0,931.0,5611,0,0,1,Pedestrian
36,1454.0,883.0,1509.0,931.0,5612,0,0,1,Pedestrian
36,1454.0,883.0,1509.0,931.0,5613,0,0,1,Pedestrian
36,1452.0,883.0,1507.0,931.0,5614,0,0,1,Pedestrian
36,1452.0,883.0,1507.0,931.0,5615,0,0,1,Pedestrian
36,1449.0,883.0,1504.0,931.0,5616,0,0,1,Pedestrian
36,1449.0,881.0,1504.0,929.0,5617,0,0,1,Pedestrian
36,1446.0,881.0,1501.0,929.0,5618,0,0,1,Pedestrian
36,1443.0,881.0,1498.0,929.0,5619,0,0,1,Pedestrian
36,1443.0,881.0,1498.0,929.0,5620,0,0,1,Pedestrian
36,1441.0,881.0,1496.0,929.0,5621,0,0,1,Pedestrian
36,1441.0,881.0,1496.0,929.0,5622,0,0,1,Pedestrian
36,1438.0,881.0,1493.0,929.0,5623,0,0,1,Pedestrian
36,1438.0,881.0,1493.0,929.0,5624,0,0,1,Pedestrian
36,1435.0,881.0,1490.0,929.0,5625,0,0,1,Pedestrian
36,1432.0,881.0,1487.0,929.0,5626,0,0,1,Pedestrian
36,1432.0,881.0,1487.0,929.0,5627,0,0,1,Pedestrian
36,1430.0,881.0,1485.0,929.0,5628,0,0,1,Pedestrian
36,1430.0,881.0,1485.0,929.0,5629,0,0,1,Pedestrian
36,1427.0,881.0,1482.0,929.0,5630,0,0,1,Pedestrian
36,1427.0,881.0,1482.0,929.0,5631,0,0,1,Pedestrian
36,1424.0,881.0,1479.0,929.0,5632,0,0,1,Pedestrian
36,1424.0,881.0,1479.0,929.0,5633,0,0,0,Pedestrian
36,1421.0,881.0,1476.0,929.0,5634,0,0,1,Pedestrian
36,1419.0,881.0,1474.0,929.0,5635,0,0,1,Pedestrian
36,1419.0,881.0,1474.0,929.0,5636,0,0,1,Pedestrian
36,1416.0,881.0,1471.0,929.0,5637,0,0,1,Pedestrian
36,1413.0,881.0,1468.0,929.0,5638,0,0,1,Pedestrian
36,1413.0,881.0,1468.0,929.0,5639,0,0,1,Pedestrian
36,1410.0,881.0,1465.0,929.0,5640,0,0,1,Pedestrian
36,1410.0,881.0,1465.0,929.0,5641,0,0,1,Pedestrian
36,1408.0,881.0,1463.0,929.0,5642,0,0,1,Pedestrian
36,1405.0,881.0,1460.0,929.0,5643,0,0,1,Pedestrian
36,1405.0,881.0,1460.0,929.0,5644,0,0,1,Pedestrian
36,1402.0,881.0,1457.0,929.0,5645,0,0,1,Pedestrian
36,1402.0,881.0,1457.0,929.0,5646,0,0,1,Pedestrian
36,1399.0,881.0,1454.0,929.0,5647,0,0,1,Pedestrian
36,1397.0,881.0,1452.0,929.0,5648,0,0,1,Pedestrian
36,1397.0,881.0,1452.0,929.0,5649,0,0,1,Pedestrian
36,1394.0,881.0,1449.0,929.0,5650,0,0,1,Pedestrian
36,1394.0,881.0,1449.0,929.0,5651,0,0,1,Pedestrian
36,1391.0,881.0,1446.0,929.0,5652,0,0,1,Pedestrian
36,1388.0,881.0,1443.0,929.0,5653,0,0,1,Pedestrian
36,1388.0,881.0,1443.0,929.0,5654,0,0,1,Pedestrian
36,1386.0,881.0,1441.0,929.0,5655,0,0,1,Pedestrian
36,1383.0,881.0,1438.0,929.0,5656,0,0,1,Pedestrian
36,1383.0,881.0,1438.0,929.0,5657,0,0,1,Pedestrian
36,1380.0,881.0,1435.0,929.0,5658,0,0,1,Pedestrian
36,1380.0,881.0,1435.0,929.0,5659,0,0,1,Pedestrian
36,1377.0,881.0,1432.0,929.0,5660,0,0,1,Pedestrian
36,1375.0,881.0,1430.0,929.0,5661,0,0,1,Pedestrian
36,1375.0,881.0,1430.0,929.0,5662,0,0,1,Pedestrian
36,1372.0,881.0,1427.0,929.0,5663,0,0,1,Pedestrian
36,1372.0,881.0,1427.0,929.0,5664,0,0,1,Pedestrian
36,1369.0,881.0,1424.0,929.0,5665,0,0,1,Pedestrian
36,1366.0,881.0,1421.0,929.0,5666,0,0,1,Pedestrian
36,1366.0,881.0,1421.0,929.0,5667,0,0,1,Pedestrian
36,1364.0,881.0,1419.0,929.0,5668,0,0,1,Pedestrian
36,1364.0,881.0,1419.0,929.0,5669,0,0,1,Pedestrian
36,1361.0,881.0,1416.0,929.0,5670,0,0,1,Pedestrian
36,1358.0,881.0,1413.0,929.0,5671,0,0,1,Pedestrian
36,1358.0,881.0,1413.0,929.0,5672,0,0,1,Pedestrian
36,1355.0,881.0,1410.0,929.0,5673,0,0,1,Pedestrian
36,1353.0,881.0,1408.0,929.0,5674,0,0,1,Pedestrian
36,1353.0,881.0,1408.0,929.0,5675,0,0,1,Pedestrian
36,1350.0,881.0,1405.0,929.0,5676,0,0,1,Pedestrian
36,1350.0,881.0,1405.0,929.0,5677,0,0,1,Pedestrian
36,1347.0,881.0,1402.0,929.0,5678,0,0,1,Pedestrian
36,1344.0,881.0,1399.0,929.0,5679,0,0,1,Pedestrian
36,1344.0,881.0,1399.0,929.0,5680,0,0,1,Pedestrian
36,1342.0,881.0,1397.0,929.0,5681,0,0,1,Pedestrian
36,1342.0,881.0,1397.0,929.0,5682,0,0,1,Pedestrian
36,1339.0,881.0,1394.0,929.0,5683,0,0,1,Pedestrian
36,1336.0,881.0,1391.0,929.0,5684,0,0,1,Pedestrian
36,1336.0,881.0,1391.0,929.0,5685,0,0,1,Pedestrian
36,1333.0,881.0,1388.0,929.0,5686,0,0,1,Pedestrian
36,1333.0,881.0,1388.0,929.0,5687,0,0,1,Pedestrian
36,1331.0,881.0,1386.0,929.0,5688,0,0,1,Pedestrian
36,1328.0,881.0,1383.0,929.0,5689,0,0,1,Pedestrian
36,1328.0,881.0,1383.0,929.0,5690,0,0,1,Pedestrian
36,1325.0,881.0,1380.0,929.0,5691,0,0,1,Pedestrian
36,1322.0,881.0,1377.0,929.0,5692,0,0,1,Pedestrian
36,1322.0,881.0,1377.0,929.0,5693,0,0,1,Pedestrian
36,1320.0,881.0,1375.0,929.0,5694,0,0,1,Pedestrian
36,1320.0,881.0,1375.0,929.0,5695,0,0,1,Pedestrian
36,1317.0,881.0,1372.0,929.0,5696,0,0,1,Pedestrian
36,1314.0,881.0,1369.0,929.0,5697,0,0,1,Pedestrian
36,1314.0,881.0,1369.0,929.0,5698,0,0,1,Pedestrian
36,1311.0,881.0,1366.0,929.0,5699,0,0,1,Pedestrian
36,1311.0,881.0,1366.0,929.0,5700,0,0,1,Pedestrian
36,1309.0,881.0,1364.0,929.0,5701,0,0,1,Pedestrian
36,1306.0,881.0,1361.0,929.0,5702,0,0,1,Pedestrian
36,1306.0,881.0,1361.0,929.0,5703,0,0,1,Pedestrian
36,1303.0,881.0,1358.0,929.0,5704,0,0,1,Pedestrian
36,1303.0,881.0,1358.0,929.0,5705,0,0,1,Pedestrian
36,1300.0,881.0,1355.0,929.0,5706,0,0,1,Pedestrian
36,1298.0,881.0,1353.0,929.0,5707,0,0,1,Pedestrian
36,1298.0,881.0,1353.0,929.0,5708,0,0,1,Pedestrian
36,1295.0,881.0,1350.0,929.0,5709,0,0,1,Pedestrian
36,1295.0,881.0,1350.0,929.0,5710,0,0,0,Pedestrian
36,1292.0,881.0,1347.0,929.0,5711,0,0,1,Pedestrian
36,1289.0,881.0,1344.0,929.0,5712,0,0,1,Pedestrian
36,1289.0,881.0,1344.0,929.0,5713,0,0,1,Pedestrian
36,1287.0,881.0,1342.0,929.0,5714,0,0,1,Pedestrian
36,1287.0,881.0,1342.0,929.0,5715,0,0,1,Pedestrian
36,1284.0,881.0,1339.0,929.0,5716,0,0,1,Pedestrian
36,1284.0,881.0,1339.0,929.0,5717,0,0,1,Pedestrian
36,1281.0,881.0,1336.0,929.0,5718,0,0,1,Pedestrian
36,1281.0,881.0,1336.0,929.0,5719,0,0,1,Pedestrian
36,1278.0,881.0,1333.0,929.0,5720,0,0,1,Pedestrian
36,1278.0,881.0,1333.0,929.0,5721,0,0,1,Pedestrian
36,1276.0,881.0,1331.0,929.0,5722,0,0,1,Pedestrian
36,1276.0,881.0,1331.0,929.0,5723,0,0,1,Pedestrian
36,1273.0,881.0,1328.0,929.0,5724,0,0,1,Pedestrian
36,1273.0,881.0,1328.0,929.0,5725,0,0,1,Pedestrian
36,1270.0,881.0,1325.0,929.0,5726,0,0,1,Pedestrian
36,1270.0,881.0,1325.0,929.0,5727,0,0,1,Pedestrian
36,1267.0,881.0,1322.0,929.0,5728,0,0,1,Pedestrian
36,1267.0,881.0,1322.0,929.0,5729,0,0,1,Pedestrian
36,1265.0,881.0,1320.0,929.0,5730,0,0,1,Pedestrian
36,1265.0,881.0,1320.0,929.0,5731,0,0,1,Pedestrian
36,1262.0,881.0,1317.0,929.0,5732,0,0,1,Pedestrian
36,1262.0,881.0,1317.0,929.0,5733,0,0,1,Pedestrian
36,1259.0,881.0,1314.0,929.0,5734,0,0,1,Pedestrian
36,1259.0,881.0,1314.0,929.0,5735,0,0,1,Pedestrian
36,1256.0,881.0,1311.0,929.0,5736,0,0,1,Pedestrian
36,1256.0,881.0,1311.0,929.0,5737,0,0,1,Pedestrian
36,1254.0,881.0,1309.0,929.0,5738,0,0,1,Pedestrian
36,1254.0,881.0,1309.0,929.0,5739,0,0,1,Pedestrian
36,1251.0,881.0,1306.0,929.0,5740,0,0,1,Pedestrian
36,1251.0,881.0,1306.0,929.0,5741,0,0,1,Pedestrian
36,1248.0,881.0,1303.0,929.0,5742,0,0,1,Pedestrian
36,1248.0,881.0,1303.0,929.0,5743,0,0,1,Pedestrian
36,1245.0,881.0,1300.0,929.0,5744,0,0,1,Pedestrian
36,1245.0,881.0,1300.0,929.0,5745,0,0,1,Pedestrian
36,1243.0,881.0,1298.0,929.0,5746,0,0,1,Pedestrian
36,1243.0,881.0,1298.0,929.0,5747,0,0,1,Pedestrian
36,1240.0,881.0,1295.0,929.0,5748,0,0,1,Pedestrian
36,1240.0,881.0,1295.0,929.0,5749,0,0,1,Pedestrian
36,1237.0,881.0,1292.0,929.0,5750,0,0,1,Pedestrian
36,1237.0,881.0,1292.0,929.0,5751,0,0,1,Pedestrian
36,1234.0,881.0,1289.0,929.0,5752,0,0,1,Pedestrian
36,1234.0,881.0,1289.0,929.0,5753,0,0,1,Pedestrian
36,1232.0,881.0,1287.0,929.0,5754,0,0,1,Pedestrian
36,1232.0,881.0,1287.0,929.0,5755,0,0,1,Pedestrian
36,1229.0,881.0,1284.0,929.0,5756,0,0,1,Pedestrian
36,1229.0,881.0,1284.0,929.0,5757,0,0,1,Pedestrian
36,1226.0,881.0,1281.0,929.0,5758,0,0,1,Pedestrian
36,1226.0,881.0,1281.0,929.0,5759,0,0,1,Pedestrian
36,1223.0,881.0,1278.0,929.0,5760,0,0,1,Pedestrian
36,1223.0,881.0,1278.0,929.0,5761,0,0,1,Pedestrian
36,1221.0,881.0,1276.0,929.0,5762,0,0,1,Pedestrian
36,1221.0,881.0,1276.0,929.0,5763,0,0,1,Pedestrian
36,1218.0,881.0,1273.0,929.0,5764,0,0,1,Pedestrian
36,1218.0,881.0,1273.0,929.0,5765,0,0,1,Pedestrian
36,1215.0,881.0,1270.0,929.0,5766,0,0,1,Pedestrian
36,1215.0,881.0,1270.0,929.0,5767,0,0,0,Pedestrian
36,1212.0,878.0,1267.0,926.0,5768,0,0,1,Pedestrian
36,1210.0,878.0,1265.0,926.0,5769,0,0,1,Pedestrian
36,1210.0,878.0,1265.0,926.0,5770,0,0,1,Pedestrian
36,1207.0,878.0,1262.0,926.0,5771,0,0,1,Pedestrian
36,1204.0,878.0,1259.0,926.0,5772,0,0,1,Pedestrian
36,1204.0,878.0,1259.0,926.0,5773,0,0,1,Pedestrian
36,1201.0,878.0,1256.0,926.0,5774,0,0,1,Pedestrian
36,1199.0,878.0,1254.0,926.0,5775,0,0,1,Pedestrian
36,1199.0,878.0,1254.0,926.0,5776,0,0,1,Pedestrian
36,1196.0,878.0,1251.0,926.0,5777,0,0,1,Pedestrian
36,1193.0,878.0,1248.0,926.0,5778,0,0,1,Pedestrian
36,1193.0,878.0,1248.0,926.0,5779,0,0,1,Pedestrian
36,1190.0,878.0,1245.0,926.0,5780,0,0,1,Pedestrian
36,1188.0,878.0,1243.0,926.0,5781,0,0,1,Pedestrian
36,1188.0,878.0,1243.0,926.0,5782,0,0,1,Pedestrian
36,1185.0,878.0,1240.0,926.0,5783,0,0,1,Pedestrian
36,1182.0,878.0,1237.0,926.0,5784,0,0,1,Pedestrian
36,1182.0,878.0,1237.0,926.0,5785,0,0,1,Pedestrian
36,1179.0,878.0,1234.0,926.0,5786,0,0,1,Pedestrian
36,1177.0,876.0,1232.0,924.0,5787,0,0,1,Pedestrian
36,1177.0,876.0,1232.0,924.0,5788,0,0,1,Pedestrian
36,1174.0,876.0,1229.0,924.0,5789,0,0,1,Pedestrian
36,1171.0,876.0,1226.0,924.0,5790,0,0,1,Pedestrian
36,1171.0,876.0,1226.0,924.0,5791,0,0,1,Pedestrian
36,1168.0,876.0,1223.0,924.0,5792,0,0,1,Pedestrian
36,1166.0,876.0,1221.0,924.0,5793,0,0,1,Pedestrian
36,1166.0,876.0,1221.0,924.0,5794,0,0,1,Pedestrian
36,1163.0,876.0,1218.0,924.0,5795,0,0,1,Pedestrian
36,1160.0,876.0,1215.0,924.0,5796,0,0,1,Pedestrian
36,1160.0,876.0,1215.0,924.0,5797,0,0,1,Pedestrian
36,1157.0,876.0,1212.0,924.0,5798,0,0,1,Pedestrian
36,1155.0,876.0,1210.0,924.0,5799,0,0,1,Pedestrian
36,1155.0,876.0,1210.0,924.0,5800,0,0,1,Pedestrian
36,1152.0,876.0,1207.0,924.0,5801,0,0,1,Pedestrian
36,1149.0,876.0,1204.0,924.0,5802,0,0,1,Pedestrian
36,1149.0,876.0,1204.0,924.0,5803,0,0,1,Pedestrian
36,1146.0,876.0,1201.0,924.0,5804,0,0,1,Pedestrian
36,1144.0,876.0,1199.0,924.0,5805,0,0,1,Pedestrian
36,1144.0,876.0,1199.0,924.0,5806,0,0,0,Pedestrian
36,1141.0,876.0,1196.0,924.0,5807,0,0,1,Pedestrian
36,1138.0,876.0,1193.0,924.0,5808,0,0,1,Pedestrian
36,1138.0,876.0,1193.0,924.0,5809,0,0,1,Pedestrian
36,1135.0,876.0,1190.0,924.0,5810,0,0,1,Pedestrian
36,1135.0,876.0,1190.0,924.0,5811,0,0,1,Pedestrian
36,1133.0,876.0,1188.0,924.0,5812,0,0,1,Pedestrian
36,1130.0,876.0,1185.0,924.0,5813,0,0,1,Pedestrian
36,1130.0,876.0,1185.0,924.0,5814,0,0,1,Pedestrian
36,1127.0,876.0,1182.0,924.0,5815,0,0,1,Pedestrian
36,1127.0,876.0,1182.0,924.0,5816,0,0,1,Pedestrian
36,1124.0,876.0,1179.0,924.0,5817,0,0,1,Pedestrian
36,1122.0,876.0,1177.0,924.0,5818,0,0,1,Pedestrian
36,1122.0,878.0,1177.0,926.0,5819,0,0,1,Pedestrian
36,1119.0,878.0,1174.0,926.0,5820,0,0,1,Pedestrian
36,1119.0,878.0,1174.0,926.0,5821,0,0,1,Pedestrian
36,1116.0,878.0,1171.0,926.0,5822,0,0,1,Pedestrian
36,1116.0,878.0,1171.0,926.0,5823,0,0,1,Pedestrian
36,1113.0,878.0,1168.0,926.0,5824,0,0,1,Pedestrian
36,1111.0,878.0,1166.0,926.0,5825,0,0,1,Pedestrian
36,1111.0,878.0,1166.0,926.0,5826,0,0,1,Pedestrian
36,1108.0,878.0,1163.0,926.0,5827,0,0,1,Pedestrian
36,1108.0,878.0,1163.0,926.0,5828,0,0,1,Pedestrian
36,1105.0,878.0,1160.0,926.0,5829,0,0,1,Pedestrian
36,1102.0,878.0,1157.0,926.0,5830,0,0,1,Pedestrian
36,1102.0,878.0,1157.0,926.0,5831,0,0,1,Pedestrian
36,1100.0,881.0,1155.0,929.0,5832,0,0,1,Pedestrian
36,1100.0,881.0,1155.0,929.0,5833,0,0,1,Pedestrian
36,1097.0,881.0,1152.0,929.0,5834,0,0,1,Pedestrian
36,1097.0,881.0,1152.0,929.0,5835,0,0,1,Pedestrian
36,1094.0,881.0,1149.0,929.0,5836,0,0,1,Pedestrian
36,1091.0,881.0,1146.0,929.0,5837,0,0,1,Pedestrian
36,1091.0,881.0,1146.0,929.0,5838,0,0,1,Pedestrian
36,1089.0,881.0,1144.0,929.0,5839,0,0,1,Pedestrian
36,1089.0,881.0,1144.0,929.0,5840,0,0,1,Pedestrian
36,1086.0,881.0,1141.0,929.0,5841,0,0,1,Pedestrian
36,1083.0,881.0,1138.0,929.0,5842,0,0,1,Pedestrian
36,1083.0,881.0,1138.0,929.0,5843,0,0,1,Pedestrian
36,1080.0,881.0,1135.0,929.0,5844,0,0,1,Pedestrian
36,1080.0,883.0,1135.0,931.0,5845,0,0,1,Pedestrian
36,1078.0,883.0,1133.0,931.0,5846,0,0,1,Pedestrian
36,1078.0,883.0,1133.0,931.0,5847,0,0,1,Pedestrian
36,1075.0,883.0,1130.0,931.0,5848,0,0,1,Pedestrian
36,1072.0,883.0,1127.0,931.0,5849,0,0,1,Pedestrian
36,1072.0,883.0,1127.0,931.0,5850,0,0,1,Pedestrian
36,1069.0,883.0,1124.0,931.0,5851,0,0,1,Pedestrian
36,1069.0,883.0,1124.0,931.0,5852,0,0,1,Pedestrian
36,1067.0,883.0,1122.0,931.0,5853,0,0,1,Pedestrian
36,1064.0,883.0,1119.0,931.0,5854,0,0,1,Pedestrian
36,1064.0,883.0,1119.0,931.0,5855,0,0,1,Pedestrian
36,1061.0,883.0,1116.0,931.0,5856,0,0,1,Pedestrian
36,1061.0,885.0,1116.0,933.0,5857,0,0,1,Pedestrian
36,1058.0,885.0,1113.0,933.0,5858,0,0,1,Pedestrian
36,1058.0,885.0,1113.0,933.0,5859,0,0,1,Pedestrian
36,1056.0,885.0,1111.0,933.0,5860,0,0,1,Pedestrian
36,1053.0,885.0,1108.0,933.0,5861,0,0,1,Pedestrian
36,1053.0,885.0,1108.0,933.0,5862,0,0,1,Pedestrian
36,1050.0,885.0,1105.0,933.0,5863,0,0,1,Pedestrian
36,1050.0,885.0,1105.0,933.0,5864,0,0,1,Pedestrian
36,1047.0,885.0,1102.0,933.0,5865,0,0,1,Pedestrian
36,1045.0,885.0,1100.0,933.0,5866,0,0,1,Pedestrian
36,1045.0,885.0,1100.0,933.0,5867,0,0,1,Pedestrian
36,1042.0,885.0,1097.0,933.0,5868,0,0,1,Pedestrian
36,1042.0,885.0,1097.0,933.0,5869,0,0,1,Pedestrian
36,1039.0,888.0,1094.0,935.0,5870,0,0,1,Pedestrian
36,1039.0,888.0,1094.0,935.0,5871,0,0,1,Pedestrian
36,1036.0,888.0,1091.0,935.0,5872,0,0,1,Pedestrian
36,1034.0,888.0,1089.0,935.0,5873,0,0,1,Pedestrian
36,1034.0,888.0,1089.0,935.0,5874,0,0,1,Pedestrian
36,1031.0,888.0,1086.0,935.0,5875,0,0,1,Pedestrian
36,1031.0,888.0,1086.0,935.0,5876,0,0,1,Pedestrian
36,1028.0,888.0,1083.0,935.0,5877,0,0,1,Pedestrian
36,1025.0,888.0,1080.0,935.0,5878,0,0,1,Pedestrian
36,1025.0,888.0,1080.0,935.0,5879,0,0,1,Pedestrian
36,1023.0,888.0,1078.0,935.0,5880,0,0,1,Pedestrian
36,1023.0,888.0,1078.0,935.0,5881,0,0,1,Pedestrian
36,1020.0,888.0,1075.0,935.0,5882,0,0,1,Pedestrian
36,1020.0,890.0,1075.0,938.0,5883,0,0,1,Pedestrian
36,1017.0,890.0,1072.0,938.0,5884,0,0,1,Pedestrian
36,1014.0,890.0,1069.0,938.0,5885,0,0,1,Pedestrian
36,1014.0,890.0,1069.0,938.0,5886,0,0,1,Pedestrian
36,1012.0,890.0,1067.0,938.0,5887,0,0,1,Pedestrian
36,1012.0,890.0,1067.0,938.0,5888,0,0,1,Pedestrian
36,1009.0,890.0,1064.0,938.0,5889,0,0,1,Pedestrian
36,1006.0,890.0,1061.0,938.0,5890,0,0,1,Pedestrian
36,1006.0,890.0,1061.0,938.0,5891,0,0,1,Pedestrian
36,1003.0,890.0,1058.0,938.0,5892,0,0,1,Pedestrian
36,1003.0,890.0,1058.0,938.0,5893,0,0,1,Pedestrian
36,1001.0,890.0,1056.0,938.0,5894,0,0,1,Pedestrian
36,1001.0,892.0,1056.0,940.0,5895,0,0,0,Pedestrian
36,998.0,892.0,1053.0,940.0,5896,0,0,1,Pedestrian
36,995.0,892.0,1050.0,940.0,5897,0,0,1,Pedestrian
36,995.0,892.0,1050.0,940.0,5898,0,0,1,Pedestrian
36,992.0,892.0,1047.0,940.0,5899,0,0,1,Pedestrian
36,992.0,892.0,1047.0,940.0,5900,0,0,1,Pedestrian
36,990.0,892.0,1045.0,940.0,5901,0,0,1,Pedestrian
36,990.0,892.0,1045.0,940.0,5902,0,0,1,Pedestrian
36,987.0,892.0,1042.0,940.0,5903,0,0,1,Pedestrian
36,987.0,892.0,1042.0,940.0,5904,0,0,1,Pedestrian
36,984.0,892.0,1039.0,940.0,5905,0,0,1,Pedestrian
36,984.0,892.0,1039.0,940.0,5906,0,0,1,Pedestrian
36,981.0,892.0,1036.0,940.0,5907,0,0,1,Pedestrian
36,981.0,892.0,1036.0,940.0,5908,0,0,1,Pedestrian
36,979.0,892.0,1034.0,940.0,5909,0,0,1,Pedestrian
36,979.0,892.0,1034.0,940.0,5910,0,0,1,Pedestrian
36,976.0,892.0,1031.0,940.0,5911,0,0,1,Pedestrian
36,976.0,894.0,1031.0,942.0,5912,0,0,1,Pedestrian
36,973.0,894.0,1028.0,942.0,5913,0,0,1,Pedestrian
36,973.0,894.0,1028.0,942.0,5914,0,0,1,Pedestrian
36,970.0,894.0,1025.0,942.0,5915,0,0,1,Pedestrian
36,970.0,894.0,1025.0,942.0,5916,0,0,1,Pedestrian
36,968.0,894.0,1023.0,942.0,5917,0,0,1,Pedestrian
36,965.0,894.0,1020.0,942.0,5918,0,0,1,Pedestrian
36,965.0,894.0,1020.0,942.0,5919,0,0,1,Pedestrian
36,962.0,894.0,1017.0,942.0,5920,0,0,1,Pedestrian
36,962.0,894.0,1017.0,942.0,5921,0,0,1,Pedestrian
36,959.0,894.0,1014.0,942.0,5922,0,0,1,Pedestrian
36,959.0,894.0,1014.0,942.0,5923,0,0,1,Pedestrian
36,957.0,894.0,1012.0,942.0,5924,0,0,1,Pedestrian
36,957.0,894.0,1012.0,942.0,5925,0,0,1,Pedestrian
36,954.0,894.0,1009.0,942.0,5926,0,0,1,Pedestrian
36,954.0,894.0,1009.0,942.0,5927,0,0,1,Pedestrian
36,951.0,897.0,1006.0,944.0,5928,0,0,1,Pedestrian
36,951.0,897.0,1006.0,944.0,5929,0,0,1,Pedestrian
36,948.0,897.0,1003.0,944.0,5930,0,0,1,Pedestrian
36,948.0,897.0,1003.0,944.0,5931,0,0,1,Pedestrian
36,946.0,897.0,1001.0,944.0,5932,0,0,1,Pedestrian
36,946.0,897.0,1001.0,944.0,5933,0,0,1,Pedestrian
36,943.0,897.0,998.0,944.0,5934,0,0,1,Pedestrian
36,943.0,897.0,998.0,944.0,5935,0,0,1,Pedestrian
36,940.0,897.0,995.0,944.0,5936,0,0,1,Pedestrian
36,940.0,897.0,995.0,944.0,5937,0,0,1,Pedestrian
36,937.0,897.0,992.0,944.0,5938,0,0,1,Pedestrian
36,935.0,897.0,990.0,944.0,5939,0,0,1,Pedestrian
36,935.0,897.0,990.0,944.0,5940,0,0,1,Pedestrian
36,932.0,897.0,987.0,944.0,5941,0,0,1,Pedestrian
36,932.0,897.0,987.0,944.0,5942,0,0,1,Pedestrian
36,929.0,897.0,984.0,944.0,5943,0,0,1,Pedestrian
36,929.0,899.0,984.0,947.0,5944,0,0,1,Pedestrian
36,926.0,899.0,981.0,947.0,5945,0,0,1,Pedestrian
36,926.0,899.0,981.0,947.0,5946,0,0,1,Pedestrian
36,924.0,899.0,979.0,947.0,5947,0,0,1,Pedestrian
36,924.0,899.0,979.0,947.0,5948,0,0,1,Pedestrian
36,921.0,899.0,976.0,947.0,5949,0,0,1,Pedestrian
36,921.0,899.0,976.0,947.0,5950,0,0,1,Pedestrian
36,918.0,899.0,973.0,947.0,5951,0,0,1,Pedestrian
36,918.0,899.0,973.0,947.0,5952,0,0,1,Pedestrian
36,915.0,899.0,970.0,947.0,5953,0,0,1,Pedestrian
36,915.0,899.0,970.0,947.0,5954,0,0,1,Pedestrian
36,913.0,899.0,968.0,947.0,5955,0,0,1,Pedestrian
36,913.0,899.0,968.0,947.0,5956,0,0,1,Pedestrian
36,910.0,899.0,965.0,947.0,5957,0,0,1,Pedestrian
36,910.0,899.0,965.0,947.0,5958,0,0,1,Pedestrian
36,907.0,899.0,962.0,947.0,5959,0,0,1,Pedestrian
36,907.0,901.0,962.0,949.0,5960,0,0,0,Pedestrian
36,904.0,901.0,959.0,949.0,5961,0,0,1,Pedestrian
36,904.0,901.0,959.0,949.0,5962,0,0,1,Pedestrian
36,902.0,901.0,957.0,949.0,5963,0,0,1,Pedestrian
36,902.0,901.0,957.0,949.0,5964,0,0,1,Pedestrian
36,899.0,901.0,954.0,949.0,5965,0,0,1,Pedestrian
36,899.0,901.0,954.0,949.0,5966,0,0,1,Pedestrian
36,896.0,901.0,951.0,949.0,5967,0,0,1,Pedestrian
36,896.0,901.0,951.0,949.0,5968,0,0,1,Pedestrian
36,896.0,901.0,951.0,949.0,5969,0,0,1,Pedestrian
36,893.0,901.0,948.0,949.0,5970,0,0,1,Pedestrian
36,893.0,901.0,948.0,949.0,5971,0,0,1,Pedestrian
36,891.0,904.0,946.0,951.0,5972,0,0,1,Pedestrian
36,891.0,904.0,946.0,951.0,5973,0,0,1,Pedestrian
36,888.0,904.0,943.0,951.0,5974,0,0,1,Pedestrian
36,888.0,904.0,943.0,951.0,5975,0,0,1,Pedestrian
36,885.0,904.0,940.0,951.0,5976,0,0,1,Pedestrian
36,885.0,904.0,940.0,951.0,5977,0,0,1,Pedestrian
36,885.0,904.0,940.0,951.0,5978,0,0,1,Pedestrian
36,882.0,904.0,937.0,951.0,5979,0,0,1,Pedestrian
36,882.0,904.0,937.0,951.0,5980,0,0,1,Pedestrian
36,880.0,904.0,935.0,951.0,5981,0,0,1,Pedestrian
36,880.0,904.0,935.0,951.0,5982,0,0,1,Pedestrian
36,877.0,904.0,932.0,951.0,5983,0,0,1,Pedestrian
36,877.0,906.0,932.0,954.0,5984,0,0,1,Pedestrian
36,874.0,906.0,929.0,954.0,5985,0,0,1,Pedestrian
36,874.0,906.0,929.0,954.0,5986,0,0,1,Pedestrian
36,874.0,906.0,929.0,954.0,5987,0,0,1,Pedestrian
36,871.0,906.0,926.0,954.0,5988,0,0,1,Pedestrian
36,871.0,906.0,926.0,954.0,5989,0,0,1,Pedestrian
36,869.0,906.0,924.0,954.0,5990,0,0,1,Pedestrian
36,869.0,906.0,924.0,954.0,5991,0,0,1,Pedestrian
36,866.0,906.0,921.0,954.0,5992,0,0,1,Pedestrian
36,866.0,906.0,921.0,954.0,5993,0,0,1,Pedestrian
36,863.0,906.0,918.0,954.0,5994,0,0,1,Pedestrian
36,863.0,906.0,918.0,954.0,5995,0,0,1,Pedestrian
36,863.0,908.0,918.0,956.0,5996,0,0,0,Pedestrian
36,860.0,908.0,915.0,956.0,5997,0,0,1,Pedestrian
36,858.0,908.0,913.0,956.0,5998,0,0,1,Pedestrian
36,855.0,908.0,910.0,956.0,5999,0,0,1,Pedestrian
36,855.0,908.0,910.0,956.0,6000,0,0,0,Pedestrian
36,852.0,908.0,907.0,956.0,6001,0,0,1,Pedestrian
36,849.0,908.0,907.0,956.0,6002,0,0,1,Pedestrian
36,849.0,908.0,904.0,956.0,6003,0,0,1,Pedestrian
36,847.0,908.0,904.0,956.0,6004,0,0,1,Pedestrian
36,844.0,908.0,902.0,956.0,6005,0,0,1,Pedestrian
36,844.0,908.0,902.0,956.0,6006,0,0,1,Pedestrian
36,841.0,908.0,899.0,956.0,6007,0,0,1,Pedestrian
36,838.0,908.0,899.0,956.0,6008,0,0,1,Pedestrian
36,838.0,908.0,896.0,956.0,6009,0,0,1,Pedestrian
36,836.0,910.0,896.0,958.0,6010,0,0,1,Pedestrian
36,833.0,910.0,893.0,958.0,6011,0,0,1,Pedestrian
36,833.0,910.0,893.0,958.0,6012,0,0,1,Pedestrian
36,830.0,910.0,891.0,958.0,6013,0,0,1,Pedestrian
36,827.0,910.0,891.0,958.0,6014,0,0,1,Pedestrian
36,827.0,910.0,888.0,958.0,6015,0,0,1,Pedestrian
36,825.0,910.0,888.0,958.0,6016,0,0,1,Pedestrian
36,822.0,910.0,888.0,958.0,6017,0,0,1,Pedestrian
36,822.0,910.0,885.0,958.0,6018,0,0,1,Pedestrian
36,819.0,910.0,885.0,960.0,6019,0,0,1,Pedestrian
36,819.0,913.0,882.0,960.0,6020,0,0,1,Pedestrian
36,816.0,913.0,882.0,960.0,6021,0,0,1,Pedestrian
36,814.0,913.0,880.0,960.0,6022,0,0,1,Pedestrian
36,814.0,913.0,880.0,960.0,6023,0,0,1,Pedestrian
36,811.0,913.0,877.0,960.0,6024,0,0,1,Pedestrian
36,808.0,913.0,877.0,960.0,6025,0,0,1,Pedestrian
36,808.0,913.0,874.0,960.0,6026,0,0,1,Pedestrian
36,805.0,913.0,874.0,960.0,6027,0,0,1,Pedestrian
36,803.0,913.0,871.0,963.0,6028,0,0,1,Pedestrian
36,803.0,913.0,871.0,963.0,6029,0,0,1,Pedestrian
36,800.0,915.0,869.0,963.0,6030,0,0,1,Pedestrian
36,797.0,915.0,869.0,963.0,6031,0,0,1,Pedestrian
36,797.0,915.0,866.0,963.0,6032,0,0,1,Pedestrian
36,794.0,915.0,866.0,963.0,6033,0,0,1,Pedestrian
36,792.0,915.0,866.0,963.0,6034,0,0,1,Pedestrian
36,792.0,915.0,863.0,963.0,6035,0,0,1,Pedestrian
36,789.0,915.0,863.0,963.0,6036,0,0,1,Pedestrian
36,786.0,915.0,860.0,965.0,6037,0,0,1,Pedestrian
36,786.0,915.0,860.0,965.0,6038,0,0,1,Pedestrian
36,783.0,915.0,858.0,965.0,6039,0,0,1,Pedestrian
36,783.0,917.0,858.0,965.0,6040,0,0,1,Pedestrian
36,781.0,917.0,855.0,965.0,6041,0,0,1,Pedestrian
36,778.0,917.0,855.0,965.0,6042,0,0,1,Pedestrian
36,778.0,917.0,852.0,965.0,6043,0,0,1,Pedestrian
36,775.0,917.0,852.0,965.0,6044,0,0,1,Pedestrian
36,772.0,917.0,849.0,965.0,6045,0,0,1,Pedestrian
36,772.0,917.0,849.0,967.0,6046,0,0,1,Pedestrian
36,770.0,917.0,847.0,967.0,6047,0,0,1,Pedestrian
36,767.0,917.0,847.0,967.0,6048,0,0,1,Pedestrian
36,767.0,917.0,844.0,967.0,6049,0,0,1,Pedestrian
36,764.0,919.0,844.0,967.0,6050,0,0,1,Pedestrian
36,761.0,919.0,844.0,967.0,6051,0,0,1,Pedestrian
36,761.0,919.0,841.0,967.0,6052,0,0,1,Pedestrian
36,759.0,919.0,841.0,967.0,6053,0,0,1,Pedestrian
36,756.0,919.0,838.0,967.0,6054,0,0,1,Pedestrian
36,756.0,919.0,838.0,970.0,6055,0,0,1,Pedestrian
36,753.0,919.0,836.0,970.0,6056,0,0,1,Pedestrian
36,750.0,919.0,836.0,970.0,6057,0,0,1,Pedestrian
36,750.0,919.0,833.0,970.0,6058,0,0,1,Pedestrian
36,748.0,919.0,833.0,970.0,6059,0,0,1,Pedestrian
36,748.0,922.0,830.0,970.0,6060,0,0,1,Pedestrian
36,745.0,922.0,830.0,970.0,6061,0,0,1,Pedestrian
36,742.0,922.0,827.0,970.0,6062,0,0,1,Pedestrian
36,742.0,922.0,827.0,970.0,6063,0,0,1,Pedestrian
36,739.0,922.0,825.0,972.0,6064,0,0,1,Pedestrian
36,737.0,922.0,825.0,972.0,6065,0,0,1,Pedestrian
36,737.0,922.0,822.0,972.0,6066,0,0,1,Pedestrian
36,734.0,922.0,822.0,972.0,6067,0,0,1,Pedestrian
36,731.0,922.0,822.0,972.0,6068,0,0,1,Pedestrian
36,731.0,922.0,819.0,972.0,6069,0,0,1,Pedestrian
36,728.0,924.0,819.0,972.0,6070,0,0,1,Pedestrian
36,726.0,924.0,816.0,972.0,6071,0,0,1,Pedestrian
36,726.0,924.0,816.0,972.0,6072,0,0,1,Pedestrian
36,723.0,924.0,814.0,974.0,6073,0,0,1,Pedestrian
36,720.0,924.0,814.0,974.0,6074,0,0,1,Pedestrian
36,720.0,924.0,811.0,974.0,6075,0,0,1,Pedestrian
36,717.0,924.0,811.0,974.0,6076,0,0,1,Pedestrian
36,715.0,924.0,808.0,974.0,6077,0,0,1,Pedestrian
36,715.0,924.0,808.0,974.0,6078,0,0,1,Pedestrian
36,712.0,924.0,805.0,974.0,6079,0,0,1,Pedestrian
36,712.0,926.0,805.0,974.0,6080,0,0,1,Pedestrian
36,709.0,926.0,803.0,974.0,6081,0,0,1,Pedestrian
36,706.0,926.0,803.0,976.0,6082,0,0,1,Pedestrian
36,706.0,926.0,800.0,976.0,6083,0,0,1,Pedestrian
36,704.0,926.0,800.0,976.0,6084,0,0,1,Pedestrian
36,701.0,926.0,800.0,976.0,6085,0,0,1,Pedestrian
36,701.0,926.0,797.0,976.0,6086,0,0,1,Pedestrian
36,698.0,926.0,797.0,976.0,6087,0,0,1,Pedestrian
36,695.0,926.0,794.0,976.0,6088,0,0,1,Pedestrian
36,695.0,926.0,794.0,976.0,6089,0,0,1,Pedestrian
36,693.0,929.0,792.0,976.0,6090,0,0,1,Pedestrian
36,690.0,929.0,792.0,979.0,6091,0,0,1,Pedestrian
36,690.0,929.0,789.0,979.0,6092,0,0,1,Pedestrian
36,687.0,929.0,789.0,979.0,6093,0,0,1,Pedestrian
36,684.0,929.0,786.0,979.0,6094,0,0,1,Pedestrian
36,684.0,929.0,786.0,979.0,6095,0,0,1,Pedestrian
36,682.0,929.0,783.0,979.0,6096,0,0,1,Pedestrian
36,679.0,929.0,783.0,979.0,6097,0,0,1,Pedestrian
36,679.0,929.0,781.0,979.0,6098,0,0,1,Pedestrian
36,676.0,929.0,781.0,979.0,6099,0,0,1,Pedestrian
36,676.0,931.0,781.0,981.0,6100,0,0,0,Pedestrian
36,673.0,931.0,778.0,981.0,6101,0,0,1,Pedestrian
36,671.0,931.0,775.0,981.0,6102,0,0,1,Pedestrian
36,671.0,931.0,775.0,981.0,6103,0,0,1,Pedestrian
36,668.0,931.0,772.0,981.0,6104,0,0,1,Pedestrian
36,665.0,931.0,770.0,981.0,6105,0,0,1,Pedestrian
36,665.0,931.0,770.0,981.0,6106,0,0,1,Pedestrian
36,662.0,931.0,767.0,981.0,6107,0,0,1,Pedestrian
36,660.0,931.0,764.0,981.0,6108,0,0,1,Pedestrian
36,660.0,933.0,764.0,983.0,6109,0,0,1,Pedestrian
36,657.0,933.0,761.0,983.0,6110,0,0,1,Pedestrian
36,657.0,933.0,761.0,983.0,6111,0,0,1,Pedestrian
36,654.0,933.0,759.0,983.0,6112,0,0,1,Pedestrian
36,651.0,933.0,756.0,983.0,6113,0,0,1,Pedestrian
36,651.0,933.0,756.0,983.0,6114,0,0,1,Pedestrian
36,649.0,933.0,753.0,983.0,6115,0,0,1,Pedestrian
36,646.0,933.0,750.0,983.0,6116,0,0,1,Pedestrian
36,646.0,933.0,750.0,983.0,6117,0,0,1,Pedestrian
36,643.0,935.0,748.0,985.0,6118,0,0,1,Pedestrian
36,640.0,935.0,745.0,985.0,6119,0,0,1,Pedestrian
36,640.0,935.0,745.0,985.0,6120,0,0,1,Pedestrian
36,638.0,935.0,742.0,985.0,6121,0,0,1,Pedestrian
36,638.0,935.0,742.0,985.0,6122,0,0,1,Pedestrian
36,635.0,935.0,739.0,985.0,6123,0,0,1,Pedestrian
36,632.0,935.0,737.0,985.0,6124,0,0,1,Pedestrian
36,632.0,935.0,737.0,985.0,6125,0,0,1,Pedestrian
36,629.0,938.0,734.0,988.0,6126,0,0,1,Pedestrian
36,627.0,938.0,731.0,988.0,6127,0,0,1,Pedestrian
36,627.0,938.0,731.0,988.0,6128,0,0,1,Pedestrian
36,624.0,938.0,728.0,988.0,6129,0,0,1,Pedestrian
36,624.0,938.0,728.0,988.0,6130,0,0,1,Pedestrian
36,621.0,938.0,726.0,988.0,6131,0,0,1,Pedestrian
36,618.0,938.0,723.0,988.0,6132,0,0,1,Pedestrian
36,618.0,938.0,723.0,988.0,6133,0,0,1,Pedestrian
36,616.0,938.0,720.0,988.0,6134,0,0,1,Pedestrian
36,613.0,940.0,717.0,990.0,6135,0,0,1,Pedestrian
36,613.0,940.0,717.0,990.0,6136,0,0,1,Pedestrian
36,610.0,940.0,715.0,990.0,6137,0,0,1,Pedestrian
36,607.0,940.0,712.0,990.0,6138,0,0,1,Pedestrian
36,607.0,940.0,712.0,990.0,6139,0,0,1,Pedestrian
36,605.0,940.0,709.0,990.0,6140,0,0,1,Pedestrian
36,605.0,940.0,709.0,990.0,6141,0,0,1,Pedestrian
36,602.0,940.0,706.0,990.0,6142,0,0,1,Pedestrian
36,599.0,942.0,704.0,992.0,6143,0,0,1,Pedestrian
36,599.0,942.0,704.0,992.0,6144,0,0,1,Pedestrian
36,596.0,942.0,701.0,992.0,6145,0,0,1,Pedestrian
36,594.0,942.0,698.0,992.0,6146,0,0,1,Pedestrian
36,594.0,942.0,698.0,992.0,6147,0,0,1,Pedestrian
36,591.0,942.0,695.0,992.0,6148,0,0,1,Pedestrian
36,588.0,942.0,693.0,992.0,6149,0,0,1,Pedestrian
36,588.0,942.0,693.0,992.0,6150,0,0,1,Pedestrian
36,585.0,942.0,690.0,992.0,6151,0,0,1,Pedestrian
36,585.0,944.0,690.0,995.0,6152,0,0,1,Pedestrian
36,583.0,944.0,687.0,995.0,6153,0,0,1,Pedestrian
36,580.0,944.0,684.0,995.0,6154,0,0,1,Pedestrian
36,580.0,944.0,684.0,995.0,6155,0,0,1,Pedestrian
36,577.0,944.0,682.0,995.0,6156,0,0,1,Pedestrian
36,574.0,944.0,679.0,995.0,6157,0,0,1,Pedestrian
36,574.0,944.0,679.0,995.0,6158,0,0,1,Pedestrian
36,572.0,944.0,676.0,995.0,6159,0,0,1,Pedestrian
36,572.0,947.0,676.0,997.0,6160,0,0,0,Pedestrian
36,569.0,944.0,673.0,995.0,6161,0,0,1,Pedestrian
36,566.0,944.0,671.0,995.0,6162,0,0,1,Pedestrian
36,566.0,944.0,671.0,995.0,6163,0,0,1,Pedestrian
36,563.0,944.0,668.0,995.0,6164,0,0,1,Pedestrian
36,563.0,944.0,668.0,995.0,6165,0,0,1,Pedestrian
36,561.0,944.0,665.0,995.0,6166,0,0,1,Pedestrian
36,561.0,944.0,665.0,995.0,6167,0,0,1,Pedestrian
36,558.0,944.0,662.0,995.0,6168,0,0,1,Pedestrian
36,555.0,944.0,660.0,995.0,6169,0,0,1,Pedestrian
36,555.0,944.0,660.0,995.0,6170,0,0,1,Pedestrian
36,552.0,944.0,657.0,995.0,6171,0,0,1,Pedestrian
36,552.0,944.0,657.0,995.0,6172,0,0,1,Pedestrian
36,550.0,944.0,654.0,995.0,6173,0,0,1,Pedestrian
36,550.0,944.0,654.0,995.0,6174,0,0,1,Pedestrian
36,547.0,944.0,651.0,995.0,6175,0,0,1,Pedestrian
36,547.0,944.0,651.0,995.0,6176,0,0,1,Pedestrian
36,544.0,944.0,649.0,995.0,6177,0,0,1,Pedestrian
36,541.0,944.0,646.0,995.0,6178,0,0,1,Pedestrian
36,541.0,944.0,646.0,995.0,6179,0,0,1,Pedestrian
36,539.0,944.0,643.0,995.0,6180,0,0,1,Pedestrian
36,539.0,944.0,643.0,995.0,6181,0,0,1,Pedestrian
36,536.0,944.0,640.0,995.0,6182,0,0,1,Pedestrian
36,536.0,944.0,640.0,995.0,6183,0,0,1,Pedestrian
36,533.0,944.0,638.0,995.0,6184,0,0,1,Pedestrian
36,533.0,944.0,638.0,995.0,6185,0,0,1,Pedestrian
36,530.0,944.0,635.0,995.0,6186,0,0,1,Pedestrian
36,528.0,942.0,632.0,992.0,6187,0,0,1,Pedestrian
36,528.0,942.0,632.0,992.0,6188,0,0,1,Pedestrian
36,525.0,942.0,629.0,992.0,6189,0,0,1,Pedestrian
36,525.0,942.0,629.0,992.0,6190,0,0,1,Pedestrian
36,522.0,942.0,627.0,992.0,6191,0,0,1,Pedestrian
36,522.0,942.0,627.0,992.0,6192,0,0,1,Pedestrian
36,519.0,942.0,624.0,992.0,6193,0,0,1,Pedestrian
36,519.0,942.0,624.0,992.0,6194,0,0,1,Pedestrian
36,517.0,942.0,621.0,992.0,6195,0,0,1,Pedestrian
36,514.0,942.0,618.0,992.0,6196,0,0,1,Pedestrian
36,514.0,942.0,618.0,992.0,6197,0,0,1,Pedestrian
36,511.0,942.0,616.0,992.0,6198,0,0,1,Pedestrian
36,511.0,942.0,616.0,992.0,6199,0,0,1,Pedestrian
36,508.0,942.0,613.0,992.0,6200,0,0,1,Pedestrian
36,508.0,942.0,613.0,992.0,6201,0,0,1,Pedestrian
36,506.0,942.0,610.0,992.0,6202,0,0,1,Pedestrian
36,503.0,942.0,607.0,992.0,6203,0,0,1,Pedestrian
36,503.0,942.0,607.0,992.0,6204,0,0,1,Pedestrian
36,500.0,942.0,605.0,992.0,6205,0,0,1,Pedestrian
36,500.0,942.0,605.0,992.0,6206,0,0,1,Pedestrian
36,497.0,942.0,602.0,992.0,6207,0,0,1,Pedestrian
36,497.0,942.0,602.0,992.0,6208,0,0,1,Pedestrian
36,495.0,942.0,599.0,992.0,6209,0,0,1,Pedestrian
36,495.0,942.0,599.0,992.0,6210,0,0,1,Pedestrian
36,492.0,942.0,596.0,992.0,6211,0,0,1,Pedestrian
36,489.0,942.0,594.0,992.0,6212,0,0,1,Pedestrian
36,489.0,940.0,594.0,990.0,6213,0,0,1,Pedestrian
36,486.0,940.0,591.0,990.0,6214,0,0,1,Pedestrian
36,486.0,940.0,591.0,990.0,6215,0,0,1,Pedestrian
36,484.0,940.0,588.0,990.0,6216,0,0,1,Pedestrian
36,484.0,940.0,588.0,990.0,6217,0,0,1,Pedestrian
36,481.0,940.0,585.0,990.0,6218,0,0,1,Pedestrian
36,481.0,940.0,585.0,990.0,6219,0,0,1,Pedestrian
36,478.0,940.0,583.0,990.0,6220,0,0,1,Pedestrian
36,475.0,940.0,580.0,990.0,6221,0,0,1,Pedestrian
36,475.0,940.0,580.0,990.0,6222,0,0,1,Pedestrian
36,473.0,940.0,577.0,990.0,6223,0,0,1,Pedestrian
36,473.0,940.0,577.0,990.0,6224,0,0,1,Pedestrian
36,470.0,940.0,574.0,990.0,6225,0,0,1,Pedestrian
36,470.0,940.0,574.0,990.0,6226,0,0,1,Pedestrian
36,467.0,940.0,572.0,990.0,6227,0,0,1,Pedestrian
36,467.0,940.0,572.0,990.0,6228,0,0,1,Pedestrian
36,464.0,940.0,569.0,990.0,6229,0,0,1,Pedestrian
36,462.0,940.0,566.0,990.0,6230,0,0,1,Pedestrian
36,462.0,940.0,566.0,990.0,6231,0,0,1,Pedestrian
36,459.0,940.0,563.0,990.0,6232,0,0,1,Pedestrian
36,459.0,940.0,563.0,990.0,6233,0,0,1,Pedestrian
36,456.0,940.0,561.0,990.0,6234,0,0,1,Pedestrian
36,456.0,940.0,561.0,990.0,6235,0,0,1,Pedestrian
36,453.0,940.0,558.0,990.0,6236,0,0,1,Pedestrian
36,451.0,940.0,555.0,990.0,6237,0,0,1,Pedestrian
36,451.0,940.0,555.0,990.0,6238,0,0,1,Pedestrian
36,448.0,940.0,552.0,990.0,6239,0,0,1,Pedestrian
36,448.0,938.0,552.0,988.0,6240,0,0,1,Pedestrian
36,445.0,938.0,550.0,988.0,6241,0,0,1,Pedestrian
36,445.0,938.0,550.0,988.0,6242,0,0,1,Pedestrian
36,442.0,938.0,547.0,988.0,6243,0,0,1,Pedestrian
36,442.0,938.0,547.0,988.0,6244,0,0,1,Pedestrian
36,440.0,938.0,544.0,988.0,6245,0,0,1,Pedestrian
36,437.0,938.0,541.0,988.0,6246,0,0,1,Pedestrian
36,437.0,938.0,541.0,988.0,6247,0,0,1,Pedestrian
36,434.0,938.0,539.0,988.0,6248,0,0,1,Pedestrian
36,434.0,938.0,539.0,988.0,6249,0,0,1,Pedestrian
36,431.0,938.0,536.0,988.0,6250,0,0,1,Pedestrian
36,431.0,938.0,536.0,988.0,6251,0,0,1,Pedestrian
36,429.0,938.0,533.0,988.0,6252,0,0,1,Pedestrian
36,429.0,938.0,533.0,988.0,6253,0,0,1,Pedestrian
36,426.0,938.0,530.0,988.0,6254,0,0,1,Pedestrian
36,423.0,938.0,528.0,988.0,6255,0,0,1,Pedestrian
36,423.0,938.0,528.0,988.0,6256,0,0,1,Pedestrian
36,420.0,938.0,525.0,988.0,6257,0,0,1,Pedestrian
36,420.0,938.0,525.0,988.0,6258,0,0,1,Pedestrian
36,418.0,938.0,522.0,988.0,6259,0,0,1,Pedestrian
36,418.0,938.0,522.0,988.0,6260,0,0,1,Pedestrian
36,415.0,938.0,519.0,988.0,6261,0,0,1,Pedestrian
36,415.0,938.0,519.0,988.0,6262,0,0,1,Pedestrian
36,412.0,938.0,517.0,988.0,6263,0,0,1,Pedestrian
36,409.0,938.0,514.0,988.0,6264,0,0,1,Pedestrian
36,409.0,938.0,514.0,988.0,6265,0,0,1,Pedestrian
36,407.0,935.0,511.0,985.0,6266,0,0,1,Pedestrian
36,407.0,935.0,511.0,985.0,6267,0,0,1,Pedestrian
36,404.0,935.0,508.0,985.0,6268,0,0,1,Pedestrian
36,404.0,935.0,508.0,985.0,6269,0,0,1,Pedestrian
36,401.0,935.0,506.0,985.0,6270,0,0,1,Pedestrian
36,398.0,935.0,503.0,985.0,6271,0,0,1,Pedestrian
36,398.0,935.0,503.0,985.0,6272,0,0,1,Pedestrian
36,396.0,935.0,500.0,985.0,6273,0,0,1,Pedestrian
36,396.0,935.0,500.0,985.0,6274,0,0,1,Pedestrian
36,393.0,935.0,497.0,985.0,6275,0,0,1,Pedestrian
36,393.0,935.0,497.0,985.0,6276,0,0,1,Pedestrian
36,390.0,935.0,495.0,985.0,6277,0,0,1,Pedestrian
36,390.0,935.0,495.0,985.0,6278,0,0,1,Pedestrian
36,387.0,935.0,492.0,985.0,6279,0,0,1,Pedestrian
36,385.0,935.0,489.0,985.0,6280,0,0,1,Pedestrian
36,385.0,935.0,489.0,985.0,6281,0,0,1,Pedestrian
36,382.0,935.0,486.0,985.0,6282,0,0,1,Pedestrian
36,382.0,935.0,486.0,985.0,6283,0,0,1,Pedestrian
36,379.0,935.0,484.0,985.0,6284,0,0,1,Pedestrian
36,379.0,935.0,484.0,985.0,6285,0,0,1,Pedestrian
36,376.0,935.0,481.0,985.0,6286,0,0,1,Pedestrian
36,376.0,935.0,481.0,985.0,6287,0,0,1,Pedestrian
36,374.0,935.0,478.0,985.0,6288,0,0,1,Pedestrian
36,371.0,935.0,475.0,985.0,6289,0,0,1,Pedestrian
36,371.0,935.0,475.0,985.0,6290,0,0,1,Pedestrian
36,368.0,935.0,473.0,985.0,6291,0,0,1,Pedestrian
36,368.0,933.0,473.0,983.0,6292,0,0,1,Pedestrian
36,365.0,933.0,470.0,983.0,6293,0,0,1,Pedestrian
36,365.0,933.0,470.0,983.0,6294,0,0,1,Pedestrian
36,363.0,933.0,467.0,983.0,6295,0,0,1,Pedestrian
36,363.0,933.0,467.0,983.0,6296,0,0,1,Pedestrian
36,360.0,933.0,464.0,983.0,6297,0,0,1,Pedestrian
36,357.0,933.0,462.0,983.0,6298,0,0,1,Pedestrian
36,357.0,933.0,462.0,983.0,6299,0,0,1,Pedestrian
36,354.0,933.0,459.0,983.0,6300,0,0,1,Pedestrian
36,354.0,933.0,459.0,983.0,6301,0,0,1,Pedestrian
36,352.0,933.0,456.0,983.0,6302,0,0,1,Pedestrian
36,352.0,933.0,456.0,983.0,6303,0,0,1,Pedestrian
36,349.0,933.0,453.0,983.0,6304,0,0,1,Pedestrian
36,349.0,933.0,453.0,983.0,6305,0,0,1,Pedestrian
36,346.0,933.0,451.0,983.0,6306,0,0,1,Pedestrian
36,343.0,933.0,448.0,983.0,6307,0,0,1,Pedestrian
36,343.0,933.0,448.0,983.0,6308,0,0,1,Pedestrian
36,341.0,933.0,445.0,983.0,6309,0,0,1,Pedestrian
36,341.0,933.0,445.0,983.0,6310,0,0,1,Pedestrian
36,338.0,933.0,442.0,983.0,6311,0,0,1,Pedestrian
36,338.0,933.0,442.0,983.0,6312,0,0,1,Pedestrian
36,335.0,933.0,440.0,983.0,6313,0,0,1,Pedestrian
36,332.0,933.0,437.0,983.0,6314,0,0,1,Pedestrian
36,332.0,933.0,437.0,983.0,6315,0,0,1,Pedestrian
36,330.0,933.0,434.0,983.0,6316,0,0,1,Pedestrian
36,330.0,933.0,434.0,983.0,6317,0,0,1,Pedestrian
36,327.0,933.0,431.0,983.0,6318,0,0,1,Pedestrian
36,327.0,931.0,431.0,981.0,6319,0,0,1,Pedestrian
36,324.0,931.0,429.0,981.0,6320,0,0,1,Pedestrian
36,324.0,931.0,429.0,981.0,6321,0,0,1,Pedestrian
36,321.0,931.0,426.0,981.0,6322,0,0,1,Pedestrian
36,319.0,931.0,423.0,981.0,6323,0,0,1,Pedestrian
36,319.0,931.0,423.0,981.0,6324,0,0,1,Pedestrian
36,316.0,931.0,420.0,981.0,6325,0,0,1,Pedestrian
36,316.0,931.0,420.0,981.0,6326,0,0,1,Pedestrian
36,313.0,931.0,418.0,981.0,6327,0,0,1,Pedestrian
36,313.0,931.0,418.0,981.0,6328,0,0,1,Pedestrian
36,310.0,931.0,415.0,981.0,6329,0,0,1,Pedestrian
36,310.0,931.0,415.0,981.0,6330,0,0,1,Pedestrian
36,308.0,931.0,412.0,981.0,6331,0,0,1,Pedestrian
36,305.0,931.0,409.0,981.0,6332,0,0,1,Pedestrian
36,305.0,931.0,409.0,981.0,6333,0,0,1,Pedestrian
36,302.0,931.0,407.0,981.0,6334,0,0,1,Pedestrian
36,302.0,931.0,407.0,981.0,6335,0,0,1,Pedestrian
36,299.0,931.0,404.0,981.0,6336,0,0,1,Pedestrian
36,299.0,931.0,404.0,981.0,6337,0,0,1,Pedestrian
36,297.0,931.0,401.0,981.0,6338,0,0,1,Pedestrian
36,297.0,931.0,401.0,981.0,6339,0,0,1,Pedestrian
36,294.0,931.0,398.0,981.0,6340,0,0,1,Pedestrian
36,291.0,931.0,396.0,981.0,6341,0,0,1,Pedestrian
36,291.0,931.0,396.0,981.0,6342,0,0,1,Pedestrian
36,288.0,931.0,393.0,981.0,6343,0,0,1,Pedestrian
36,288.0,931.0,393.0,981.0,6344,0,0,1,Pedestrian
36,286.0,929.0,390.0,979.0,6345,0,0,1,Pedestrian
36,286.0,929.0,390.0,979.0,6346,0,0,1,Pedestrian
36,283.0,929.0,387.0,979.0,6347,0,0,1,Pedestrian
36,280.0,929.0,385.0,979.0,6348,0,0,1,Pedestrian
36,280.0,929.0,385.0,979.0,6349,0,0,1,Pedestrian
36,277.0,929.0,382.0,979.0,6350,0,0,1,Pedestrian
36,277.0,929.0,382.0,979.0,6351,0,0,1,Pedestrian
36,275.0,929.0,379.0,979.0,6352,0,0,1,Pedestrian
36,275.0,929.0,379.0,979.0,6353,0,0,1,Pedestrian
36,272.0,929.0,376.0,979.0,6354,0,0,1,Pedestrian
36,272.0,929.0,376.0,979.0,6355,0,0,1,Pedestrian
36,269.0,929.0,374.0,979.0,6356,0,0,1,Pedestrian
36,266.0,929.0,371.0,979.0,6357,0,0,1,Pedestrian
36,266.0,929.0,371.0,979.0,6358,0,0,1,Pedestrian
36,264.0,929.0,368.0,979.0,6359,0,0,1,Pedestrian
36,264.0,929.0,368.0,979.0,6360,0,0,1,Pedestrian
36,261.0,929.0,365.0,979.0,6361,0,0,1,Pedestrian
36,261.0,929.0,365.0,979.0,6362,0,0,1,Pedestrian
36,258.0,929.0,363.0,979.0,6363,0,0,1,Pedestrian
36,258.0,929.0,363.0,979.0,6364,0,0,1,Pedestrian
36,255.0,929.0,360.0,979.0,6365,0,0,1,Pedestrian
36,253.0,929.0,357.0,979.0,6366,0,0,1,Pedestrian
36,253.0,929.0,357.0,979.0,6367,0,0,1,Pedestrian
36,250.0,929.0,354.0,979.0,6368,0,0,1,Pedestrian
36,250.0,929.0,354.0,979.0,6369,0,0,1,Pedestrian
36,247.0,929.0,352.0,979.0,6370,0,0,1,Pedestrian
36,247.0,926.0,352.0,976.0,6371,0,0,1,Pedestrian
36,244.0,926.0,349.0,976.0,6372,0,0,1,Pedestrian
36,244.0,926.0,349.0,976.0,6373,0,0,1,Pedestrian
36,242.0,926.0,346.0,976.0,6374,0,0,1,Pedestrian
36,239.0,926.0,343.0,976.0,6375,0,0,1,Pedestrian
36,239.0,926.0,343.0,976.0,6376,0,0,1,Pedestrian
36,236.0,926.0,341.0,976.0,6377,0,0,1,Pedestrian
36,236.0,926.0,341.0,976.0,6378,0,0,1,Pedestrian
36,233.0,926.0,338.0,976.0,6379,0,0,1,Pedestrian
36,233.0,926.0,338.0,976.0,6380,0,0,1,Pedestrian
36,231.0,926.0,335.0,976.0,6381,0,0,1,Pedestrian
36,228.0,926.0,332.0,976.0,6382,0,0,1,Pedestrian
36,228.0,926.0,332.0,976.0,6383,0,0,1,Pedestrian
36,225.0,926.0,330.0,976.0,6384,0,0,1,Pedestrian
36,225.0,926.0,330.0,976.0,6385,0,0,1,Pedestrian
36,222.0,926.0,327.0,976.0,6386,0,0,1,Pedestrian
36,222.0,926.0,327.0,976.0,6387,0,0,1,Pedestrian
36,220.0,926.0,324.0,976.0,6388,0,0,1,Pedestrian
36,220.0,926.0,324.0,976.0,6389,0,0,1,Pedestrian
36,217.0,926.0,321.0,976.0,6390,0,0,1,Pedestrian
36,214.0,926.0,319.0,976.0,6391,0,0,1,Pedestrian
36,214.0,926.0,319.0,976.0,6392,0,0,1,Pedestrian
36,211.0,926.0,316.0,976.0,6393,0,0,1,Pedestrian
36,211.0,926.0,316.0,976.0,6394,0,0,1,Pedestrian
36,209.0,926.0,313.0,976.0,6395,0,0,1,Pedestrian
36,209.0,926.0,313.0,976.0,6396,0,0,1,Pedestrian
36,206.0,926.0,310.0,976.0,6397,0,0,1,Pedestrian
36,206.0,924.0,310.0,974.0,6398,0,0,1,Pedestrian
36,203.0,924.0,308.0,974.0,6399,0,0,1,Pedestrian
36,200.0,924.0,305.0,974.0,6400,0,0,1,Pedestrian
36,200.0,924.0,305.0,974.0,6401,0,0,1,Pedestrian
36,198.0,924.0,302.0,974.0,6402,0,0,1,Pedestrian
36,198.0,924.0,302.0,974.0,6403,0,0,1,Pedestrian
36,195.0,924.0,299.0,974.0,6404,0,0,1,Pedestrian
36,195.0,924.0,299.0,974.0,6405,0,0,1,Pedestrian
36,192.0,924.0,297.0,974.0,6406,0,0,1,Pedestrian
36,192.0,924.0,297.0,974.0,6407,0,0,1,Pedestrian
36,189.0,924.0,294.0,974.0,6408,0,0,1,Pedestrian
36,187.0,924.0,291.0,974.0,6409,0,0,1,Pedestrian
36,187.0,924.0,291.0,974.0,6410,0,0,1,Pedestrian
36,184.0,924.0,288.0,974.0,6411,0,0,1,Pedestrian
36,184.0,924.0,288.0,974.0,6412,0,0,1,Pedestrian
36,181.0,924.0,286.0,974.0,6413,0,0,1,Pedestrian
36,181.0,924.0,286.0,974.0,6414,0,0,1,Pedestrian
36,178.0,924.0,283.0,974.0,6415,0,0,1,Pedestrian
36,176.0,924.0,280.0,974.0,6416,0,0,1,Pedestrian
36,176.0,924.0,280.0,974.0,6417,0,0,1,Pedestrian
36,173.0,924.0,277.0,974.0,6418,0,0,1,Pedestrian
36,173.0,924.0,277.0,974.0,6419,0,0,1,Pedestrian
36,170.0,924.0,275.0,974.0,6420,0,0,1,Pedestrian
36,170.0,924.0,275.0,974.0,6421,0,0,1,Pedestrian
36,167.0,924.0,272.0,974.0,6422,0,0,1,Pedestrian
36,167.0,924.0,272.0,974.0,6423,0,0,1,Pedestrian
36,165.0,922.0,269.0,972.0,6424,0,0,1,Pedestrian
36,162.0,922.0,266.0,972.0,6425,0,0,1,Pedestrian
36,162.0,922.0,266.0,972.0,6426,0,0,1,Pedestrian
36,159.0,922.0,264.0,972.0,6427,0,0,1,Pedestrian
36,159.0,922.0,264.0,972.0,6428,0,0,1,Pedestrian
36,156.0,922.0,261.0,972.0,6429,0,0,1,Pedestrian
36,156.0,922.0,261.0,972.0,6430,0,0,1,Pedestrian
36,154.0,922.0,258.0,972.0,6431,0,0,1,Pedestrian
36,154.0,922.0,258.0,972.0,6432,0,0,1,Pedestrian
36,151.0,922.0,255.0,972.0,6433,0,0,1,Pedestrian
36,148.0,922.0,253.0,972.0,6434,0,0,1,Pedestrian
36,148.0,922.0,253.0,972.0,6435,0,0,1,Pedestrian
36,145.0,922.0,250.0,972.0,6436,0,0,1,Pedestrian
36,145.0,922.0,250.0,972.0,6437,0,0,1,Pedestrian
36,143.0,922.0,247.0,972.0,6438,0,0,1,Pedestrian
36,143.0,922.0,247.0,972.0,6439,0,0,1,Pedestrian
36,140.0,922.0,244.0,972.0,6440,0,0,1,Pedestrian
36,140.0,922.0,244.0,972.0,6441,0,0,1,Pedestrian
36,137.0,922.0,242.0,972.0,6442,0,0,1,Pedestrian
36,134.0,922.0,239.0,972.0,6443,0,0,1,Pedestrian
36,134.0,922.0,239.0,972.0,6444,0,0,1,Pedestrian
36,132.0,922.0,236.0,972.0,6445,0,0,1,Pedestrian
36,132.0,922.0,236.0,972.0,6446,0,0,1,Pedestrian
36,129.0,922.0,233.0,972.0,6447,0,0,1,Pedestrian
36,129.0,922.0,233.0,972.0,6448,0,0,1,Pedestrian
36,126.0,922.0,231.0,972.0,6449,0,0,1,Pedestrian
36,126.0,922.0,231.0,972.0,6450,0,0,0,Pedestrian
36,123.0,922.0,228.0,972.0,6451,0,0,1,Pedestrian
36,121.0,922.0,225.0,972.0,6452,0,0,1,Pedestrian
36,121.0,922.0,225.0,972.0,6453,0,0,1,Pedestrian
36,118.0,922.0,222.0,972.0,6454,0,0,1,Pedestrian
36,118.0,922.0,220.0,972.0,6455,0,0,1,Pedestrian
36,115.0,922.0,220.0,972.0,6456,0,0,1,Pedestrian
36,112.0,922.0,217.0,972.0,6457,0,0,1,Pedestrian
36,112.0,922.0,214.0,972.0,6458,0,0,1,Pedestrian
36,110.0,924.0,214.0,974.0,6459,0,0,1,Pedestrian
36,110.0,924.0,211.0,974.0,6460,0,0,1,Pedestrian
36,107.0,924.0,209.0,974.0,6461,0,0,1,Pedestrian
36,107.0,924.0,209.0,974.0,6462,0,0,1,Pedestrian
36,104.0,924.0,206.0,974.0,6463,0,0,1,Pedestrian
36,101.0,924.0,206.0,974.0,6464,0,0,1,Pedestrian
36,101.0,924.0,203.0,974.0,6465,0,0,1,Pedestrian
36,99.0,924.0,200.0,974.0,6466,0,0,1,Pedestrian
36,99.0,926.0,200.0,976.0,6467,0,0,1,Pedestrian
36,96.0,926.0,198.0,976.0,6468,0,0,1,Pedestrian
36,93.0,926.0,195.0,976.0,6469,0,0,1,Pedestrian
36,93.0,926.0,195.0,976.0,6470,0,0,1,Pedestrian
36,90.0,926.0,192.0,976.0,6471,0,0,1,Pedestrian
36,90.0,926.0,189.0,976.0,6472,0,0,1,Pedestrian
36,88.0,926.0,189.0,976.0,6473,0,0,1,Pedestrian
36,88.0,926.0,187.0,976.0,6474,0,0,1,Pedestrian
36,85.0,929.0,187.0,979.0,6475,0,0,1,Pedestrian
36,82.0,929.0,184.0,979.0,6476,0,0,1,Pedestrian
36,82.0,929.0,181.0,979.0,6477,0,0,1,Pedestrian
36,79.0,929.0,181.0,979.0,6478,0,0,1,Pedestrian
36,79.0,929.0,178.0,979.0,6479,0,0,1,Pedestrian
36,77.0,929.0,176.0,979.0,6480,0,0,1,Pedestrian
36,77.0,929.0,176.0,979.0,6481,0,0,1,Pedestrian
36,74.0,929.0,173.0,979.0,6482,0,0,1,Pedestrian
36,71.0,929.0,170.0,979.0,6483,0,0,1,Pedestrian
36,71.0,931.0,170.0,981.0,6484,0,0,1,Pedestrian
36,68.0,931.0,167.0,981.0,6485,0,0,1,Pedestrian
36,68.0,931.0,165.0,981.0,6486,0,0,1,Pedestrian
36,66.0,931.0,165.0,981.0,6487,0,0,1,Pedestrian
36,63.0,931.0,162.0,981.0,6488,0,0,1,Pedestrian
36,63.0,931.0,162.0,981.0,6489,0,0,1,Pedestrian
36,60.0,931.0,159.0,981.0,6490,0,0,1,Pedestrian
36,60.0,931.0,156.0,981.0,6491,0,0,1,Pedestrian
36,57.0,933.0,156.0,983.0,6492,0,0,1,Pedestrian
36,57.0,933.0,154.0,983.0,6493,0,0,1,Pedestrian
36,55.0,933.0,151.0,983.0,6494,0,0,1,Pedestrian
36,52.0,933.0,151.0,983.0,6495,0,0,1,Pedestrian
36,52.0,933.0,148.0,983.0,6496,0,0,1,Pedestrian
36,49.0,933.0,145.0,983.0,6497,0,0,1,Pedestrian
36,49.0,933.0,145.0,983.0,6498,0,0,1,Pedestrian
36,46.0,933.0,143.0,983.0,6499,0,0,1,Pedestrian
36,46.0,935.0,143.0,985.0,6500,0,0,0,Pedestrian
36,44.0,935.0,140.0,983.0,6501,0,0,1,Pedestrian
36,44.0,935.0,137.0,983.0,6502,0,0,1,Pedestrian
36,44.0,935.0,137.0,983.0,6503,0,0,1,Pedestrian
36,44.0,935.0,134.0,983.0,6504,0,0,1,Pedestrian
36,41.0,935.0,134.0,983.0,6505,0,0,1,Pedestrian
36,41.0,935.0,132.0,983.0,6506,0,0,1,Pedestrian
36,41.0,935.0,132.0,983.0,6507,0,0,1,Pedestrian
36,41.0,935.0,129.0,983.0,6508,0,0,1,Pedestrian
36,38.0,935.0,129.0,983.0,6509,0,0,1,Pedestrian
36,38.0,935.0,126.0,983.0,6510,0,0,1,Pedestrian
36,38.0,935.0,126.0,983.0,6511,0,0,1,Pedestrian
36,38.0,935.0,123.0,983.0,6512,0,0,1,Pedestrian
36,35.0,935.0,123.0,983.0,6513,0,0,1,Pedestrian
36,35.0,935.0,121.0,983.0,6514,0,0,1,Pedestrian
36,35.0,935.0,118.0,983.0,6515,0,0,1,Pedestrian
36,35.0,935.0,118.0,983.0,6516,0,0,1,Pedestrian
36,33.0,935.0,115.0,983.0,6517,0,0,1,Pedestrian
36,33.0,938.0,115.0,981.0,6518,0,0,1,Pedestrian
36,33.0,938.0,112.0,981.0,6519,0,0,1,Pedestrian
36,33.0,938.0,112.0,981.0,6520,0,0,1,Pedestrian
36,30.0,938.0,110.0,981.0,6521,0,0,1,Pedestrian
36,30.0,938.0,110.0,981.0,6522,0,0,1,Pedestrian
36,30.0,938.0,107.0,981.0,6523,0,0,1,Pedestrian
36,30.0,938.0,107.0,981.0,6524,0,0,1,Pedestrian
36,27.0,938.0,104.0,981.0,6525,0,0,1,Pedestrian
36,27.0,938.0,104.0,981.0,6526,0,0,1,Pedestrian
36,27.0,938.0,101.0,981.0,6527,0,0,1,Pedestrian
36,27.0,938.0,99.0,981.0,6528,0,0,1,Pedestrian
36,24.0,938.0,99.0,981.0,6529,0,0,1,Pedestrian
36,24.0,938.0,96.0,981.0,6530,0,0,1,Pedestrian
36,24.0,938.0,96.0,981.0,6531,0,0,1,Pedestrian
36,24.0,938.0,93.0,981.0,6532,0,0,1,Pedestrian
36,22.0,938.0,93.0,981.0,6533,0,0,1,Pedestrian
36,22.0,938.0,90.0,981.0,6534,0,0,1,Pedestrian
36,22.0,940.0,90.0,979.0,6535,0,0,1,Pedestrian
36,22.0,940.0,88.0,979.0,6536,0,0,1,Pedestrian
36,19.0,940.0,88.0,979.0,6537,0,0,1,Pedestrian
36,19.0,940.0,85.0,979.0,6538,0,0,1,Pedestrian
36,19.0,940.0,85.0,979.0,6539,0,0,1,Pedestrian
36,19.0,940.0,82.0,979.0,6540,0,0,1,Pedestrian
36,16.0,940.0,82.0,979.0,6541,0,0,1,Pedestrian
36,16.0,940.0,79.0,979.0,6542,0,0,1,Pedestrian
36,16.0,940.0,77.0,979.0,6543,0,0,1,Pedestrian
36,16.0,940.0,77.0,979.0,6544,0,0,1,Pedestrian
36,13.0,940.0,74.0,979.0,6545,0,0,1,Pedestrian
36,13.0,940.0,74.0,979.0,6546,0,0,1,Pedestrian
36,13.0,940.0,71.0,979.0,6547,0,0,1,Pedestrian
36,13.0,940.0,71.0,979.0,6548,0,0,1,Pedestrian
36,11.0,940.0,68.0,979.0,6549,0,0,1,Pedestrian
36,11.0,940.0,68.0,979.0,6550,0,0,1,Pedestrian
36,11.0,940.0,66.0,979.0,6551,0,0,1,Pedestrian
36,11.0,942.0,66.0,976.0,6552,0,0,1,Pedestrian
36,8.0,942.0,63.0,976.0,6553,0,0,1,Pedestrian
36,8.0,942.0,63.0,976.0,6554,0,0,1,Pedestrian
36,8.0,942.0,60.0,976.0,6555,0,0,1,Pedestrian
36,8.0,942.0,57.0,976.0,6556,0,0,1,Pedestrian
36,5.0,942.0,57.0,976.0,6557,0,0,1,Pedestrian
36,5.0,942.0,55.0,976.0,6558,0,0,1,Pedestrian
36,5.0,942.0,55.0,976.0,6559,0,0,1,Pedestrian
36,5.0,942.0,52.0,976.0,6560,0,0,1,Pedestrian
36,2.0,942.0,52.0,976.0,6561,0,0,1,Pedestrian
36,2.0,942.0,49.0,976.0,6562,0,0,1,Pedestrian
36,2.0,942.0,49.0,976.0,6563,0,0,1,Pedestrian
36,2.0,942.0,46.0,976.0,6564,0,0,1,Pedestrian
36,0.0,942.0,46.0,976.0,6565,0,0,1,Pedestrian
36,0.0,942.0,44.0,976.0,6566,0,0,1,Pedestrian
36,0.0,942.0,44.0,976.0,6567,0,0,1,Pedestrian
36,0.0,942.0,41.0,976.0,6568,0,0,1,Pedestrian
36,0.0,944.0,41.0,976.0,6569,1,0,0,Pedestrian
36,0.0,944.0,41.0,976.0,6570,1,0,1,Pedestrian
36,0.0,944.0,41.0,976.0,6571,1,0,1,Pedestrian
36,0.0,944.0,41.0,976.0,6572,1,0,1,Pedestrian
36,0.0,944.0,41.0,976.0,6573,1,0,1,Pedestrian
36,0.0,944.0,41.0,976.0,6574,1,0,1,Pedestrian
36,0.0,944.0,41.0,976.0,6575,1,0,1,Pedestrian
36,0.0,944.0,41.0,976.0,6576,1,0,1,Pedestrian
36,0.0,944.0,41.0,976.0,6577,1,0,1,Pedestrian
36,0.0,944.0,41.0,976.0,6578,1,0,1,Pedestrian
36,0.0,944.0,41.0,976.0,6579,1,0,0,Pedestrian
36,0.0,944.0,41.0,976.0,6580,1,0,1,Pedestrian
36,0.0,944.0,41.0,976.0,6581,1,0,1,Pedestrian
36,0.0,944.0,41.0,976.0,6582,1,0,1,Pedestrian
36,0.0,944.0,41.0,976.0,6583,1,0,1,Pedestrian
36,0.0,944.0,41.0,976.0,6584,1,0,1,Pedestrian
36,0.0,944.0,41.0,976.0,6585,1,0,1,Pedestrian
36,0.0,944.0,41.0,976.0,6586,1,0,1,Pedestrian
36,0.0,944.0,41.0,976.0,6587,1,0,1,Pedestrian
36,0.0,944.0,41.0,976.0,6588,1,0,1,Pedestrian
36,0.0,944.0,41.0,976.0,6589,1,0,1,Pedestrian
36,0.0,944.0,41.0,976.0,6590,1,0,1,Pedestrian
36,0.0,944.0,41.0,976.0,6591,1,0,1,Pedestrian
36,0.0,944.0,41.0,976.0,6592,1,0,1,Pedestrian
36,0.0,944.0,41.0,976.0,6593,1,0,1,Pedestrian
36,0.0,944.0,41.0,976.0,6594,1,0,1,Pedestrian
36,0.0,944.0,41.0,976.0,6595,1,0,1,Pedestrian
36,0.0,944.0,41.0,976.0,6596,1,0,1,Pedestrian
36,0.0,944.0,41.0,976.0,6597,1,0,1,Pedestrian
36,0.0,944.0,41.0,976.0,6598,1,0,1,Pedestrian
36,0.0,944.0,41.0,976.0,6599,1,0,1,Pedestrian
36,0.0,944.0,41.0,976.0,6600,1,0,1,Pedestrian
36,0.0,944.0,41.0,976.0,6601,1,0,1,Pedestrian
36,0.0,944.0,41.0,976.0,6602,1,0,1,Pedestrian
36,0.0,944.0,41.0,976.0,6603,1,0,1,Pedestrian
36,0.0,944.0,41.0,976.0,6604,1,0,1,Pedestrian
36,0.0,944.0,41.0,976.0,6605,1,0,1,Pedestrian
36,0.0,944.0,41.0,976.0,6606,1,0,1,Pedestrian
36,0.0,944.0,41.0,976.0,6607,1,0,1,Pedestrian
36,0.0,944.0,41.0,976.0,6608,1,0,1,Pedestrian
36,0.0,944.0,41.0,976.0,6609,1,0,1,Pedestrian
36,0.0,944.0,41.0,976.0,6610,1,0,1,Pedestrian
36,0.0,944.0,41.0,976.0,6611,1,0,1,Pedestrian
36,0.0,944.0,41.0,976.0,6612,1,0,1,Pedestrian
36,0.0,944.0,41.0,976.0,6613,1,0,1,Pedestrian
36,0.0,944.0,41.0,976.0,6614,1,0,1,Pedestrian
36,0.0,944.0,41.0,976.0,6615,1,0,1,Pedestrian
36,0.0,944.0,41.0,976.0,6616,1,0,1,Pedestrian
36,0.0,944.0,41.0,976.0,6617,1,0,1,Pedestrian
36,0.0,944.0,41.0,976.0,6618,1,0,1,Pedestrian
36,0.0,944.0,41.0,976.0,6619,1,0,1,Pedestrian
36,0.0,944.0,41.0,976.0,6620,1,0,1,Pedestrian
36,0.0,944.0,41.0,976.0,6621,1,0,1,Pedestrian
36,0.0,944.0,41.0,976.0,6622,1,0,1,Pedestrian
36,0.0,944.0,41.0,976.0,6623,1,0,1,Pedestrian
36,0.0,944.0,41.0,976.0,6624,1,0,1,Pedestrian
36,0.0,944.0,41.0,976.0,6625,1,0,1,Pedestrian
36,0.0,944.0,41.0,976.0,6626,1,0,1,Pedestrian
36,0.0,944.0,41.0,976.0,6627,1,0,1,Pedestrian
36,0.0,944.0,41.0,976.0,6628,1,0,1,Pedestrian
36,0.0,944.0,41.0,976.0,6629,1,0,1,Pedestrian
36,0.0,944.0,41.0,976.0,6630,1,0,1,Pedestrian
36,0.0,944.0,41.0,976.0,6631,1,0,1,Pedestrian
36,0.0,944.0,41.0,976.0,6632,1,0,1,Pedestrian
36,0.0,944.0,41.0,976.0,6633,1,0,1,Pedestrian
36,0.0,944.0,41.0,976.0,6634,1,0,1,Pedestrian
36,0.0,944.0,41.0,976.0,6635,1,0,1,Pedestrian
36,0.0,944.0,41.0,976.0,6636,1,0,1,Pedestrian
36,0.0,944.0,41.0,976.0,6637,1,0,1,Pedestrian
36,0.0,944.0,41.0,976.0,6638,1,0,1,Pedestrian
36,0.0,944.0,41.0,976.0,6639,1,0,1,Pedestrian
36,0.0,944.0,41.0,976.0,6640,1,0,1,Pedestrian
36,0.0,944.0,41.0,976.0,6641,1,0,1,Pedestrian
36,0.0,944.0,41.0,976.0,6642,1,0,1,Pedestrian
36,0.0,944.0,41.0,976.0,6643,1,0,1,Pedestrian
36,0.0,944.0,41.0,976.0,6644,1,0,1,Pedestrian
36,0.0,944.0,41.0,976.0,6645,1,0,1,Pedestrian
36,0.0,944.0,41.0,976.0,6646,1,0,1,Pedestrian
36,0.0,944.0,41.0,976.0,6647,1,0,1,Pedestrian
36,0.0,944.0,41.0,976.0,6648,1,0,1,Pedestrian
36,0.0,944.0,41.0,976.0,6649,1,0,1,Pedestrian
36,0.0,944.0,41.0,976.0,6650,1,0,1,Pedestrian
36,0.0,944.0,41.0,976.0,6651,1,0,1,Pedestrian
36,0.0,944.0,41.0,976.0,6652,1,0,1,Pedestrian
36,0.0,944.0,41.0,976.0,6653,1,0,1,Pedestrian
36,0.0,944.0,41.0,976.0,6654,1,0,1,Pedestrian
36,0.0,944.0,41.0,976.0,6655,1,0,1,Pedestrian
36,0.0,944.0,41.0,976.0,6656,1,0,1,Pedestrian
36,0.0,944.0,41.0,976.0,6657,1,0,1,Pedestrian
36,0.0,944.0,41.0,976.0,6658,1,0,1,Pedestrian
36,0.0,944.0,41.0,976.0,6659,1,0,1,Pedestrian
36,0.0,944.0,41.0,976.0,6660,1,0,1,Pedestrian
36,0.0,944.0,41.0,976.0,6661,1,0,1,Pedestrian
36,0.0,944.0,41.0,976.0,6662,1,0,1,Pedestrian
36,0.0,944.0,41.0,976.0,6663,1,0,1,Pedestrian
36,0.0,944.0,41.0,976.0,6664,1,0,1,Pedestrian
36,0.0,944.0,41.0,976.0,6665,1,0,1,Pedestrian
36,0.0,944.0,41.0,976.0,6666,1,0,1,Pedestrian
36,0.0,944.0,41.0,976.0,6667,1,0,1,Pedestrian
36,0.0,944.0,41.0,976.0,6668,1,0,1,Pedestrian
36,0.0,944.0,41.0,976.0,6669,1,0,1,Pedestrian
36,0.0,944.0,41.0,976.0,6670,1,0,1,Pedestrian
36,0.0,944.0,41.0,976.0,6671,1,0,1,Pedestrian
36,0.0,944.0,41.0,976.0,6672,1,0,1,Pedestrian
36,0.0,944.0,41.0,976.0,6673,1,0,1,Pedestrian
36,0.0,944.0,41.0,976.0,6674,1,0,1,Pedestrian
36,0.0,944.0,41.0,976.0,6675,1,0,1,Pedestrian
36,0.0,944.0,41.0,976.0,6676,1,0,1,Pedestrian
36,0.0,944.0,41.0,976.0,6677,1,0,1,Pedestrian
36,0.0,944.0,41.0,976.0,6678,1,0,1,Pedestrian
36,0.0,944.0,41.0,976.0,6679,1,0,1,Pedestrian
36,0.0,944.0,41.0,976.0,6680,1,0,1,Pedestrian
36,0.0,944.0,41.0,976.0,6681,1,0,1,Pedestrian
36,0.0,944.0,41.0,976.0,6682,1,0,1,Pedestrian
36,0.0,944.0,41.0,976.0,6683,1,0,1,Pedestrian
36,0.0,944.0,41.0,976.0,6684,1,0,1,Pedestrian
36,0.0,944.0,41.0,976.0,6685,1,0,1,Pedestrian
36,0.0,944.0,41.0,976.0,6686,1,0,1,Pedestrian
36,0.0,944.0,41.0,976.0,6687,1,0,1,Pedestrian
36,0.0,944.0,41.0,976.0,6688,1,0,1,Pedestrian
36,0.0,944.0,41.0,976.0,6689,1,0,1,Pedestrian
36,0.0,944.0,41.0,976.0,6690,1,0,1,Pedestrian
36,0.0,944.0,41.0,976.0,6691,1,0,1,Pedestrian
36,0.0,944.0,41.0,976.0,6692,1,0,1,Pedestrian
36,0.0,944.0,41.0,976.0,6693,1,0,1,Pedestrian
36,0.0,944.0,41.0,976.0,6694,1,0,1,Pedestrian
36,0.0,944.0,41.0,976.0,6695,1,0,1,Pedestrian
36,0.0,944.0,41.0,976.0,6696,1,0,1,Pedestrian
36,0.0,944.0,41.0,976.0,6697,1,0,1,Pedestrian
36,0.0,944.0,41.0,976.0,6698,1,0,1,Pedestrian
36,0.0,944.0,41.0,976.0,6699,1,0,1,Pedestrian
36,0.0,944.0,41.0,976.0,6700,1,0,1,Pedestrian
36,0.0,944.0,41.0,976.0,6701,1,0,1,Pedestrian
36,0.0,944.0,41.0,976.0,6702,1,0,1,Pedestrian
36,0.0,944.0,41.0,976.0,6703,1,0,1,Pedestrian
36,0.0,944.0,41.0,976.0,6704,1,0,1,Pedestrian
36,0.0,944.0,41.0,976.0,6705,1,0,1,Pedestrian
36,0.0,944.0,41.0,976.0,6706,1,0,1,Pedestrian
36,0.0,944.0,41.0,976.0,6707,1,0,1,Pedestrian
36,0.0,944.0,41.0,976.0,6708,1,0,1,Pedestrian
36,0.0,944.0,41.0,976.0,6709,1,0,1,Pedestrian
36,0.0,944.0,41.0,976.0,6710,1,0,1,Pedestrian
36,0.0,944.0,41.0,976.0,6711,1,0,1,Pedestrian
36,0.0,944.0,41.0,976.0,6712,1,0,1,Pedestrian
36,0.0,944.0,41.0,976.0,6713,1,0,1,Pedestrian
36,0.0,944.0,41.0,976.0,6714,1,0,1,Pedestrian
36,0.0,944.0,41.0,976.0,6715,1,0,1,Pedestrian
36,0.0,944.0,41.0,976.0,6716,1,0,1,Pedestrian
36,0.0,944.0,41.0,976.0,6717,1,0,1,Pedestrian
36,0.0,944.0,41.0,976.0,6718,1,0,1,Pedestrian
36,0.0,944.0,41.0,976.0,6719,1,0,1,Pedestrian
36,0.0,944.0,41.0,976.0,6720,1,0,1,Pedestrian
36,0.0,944.0,41.0,976.0,6721,1,0,1,Pedestrian
36,0.0,944.0,41.0,976.0,6722,1,0,1,Pedestrian
36,0.0,944.0,41.0,976.0,6723,1,0,1,Pedestrian
36,0.0,944.0,41.0,976.0,6724,1,0,1,Pedestrian
36,0.0,944.0,41.0,976.0,6725,1,0,1,Pedestrian
36,0.0,944.0,41.0,976.0,6726,1,0,1,Pedestrian
36,0.0,944.0,41.0,976.0,6727,1,0,1,Pedestrian
36,0.0,944.0,41.0,976.0,6728,1,0,1,Pedestrian
36,0.0,944.0,41.0,976.0,6729,1,0,1,Pedestrian
36,0.0,944.0,41.0,976.0,6730,1,0,1,Pedestrian
36,0.0,944.0,41.0,976.0,6731,1,0,1,Pedestrian
36,0.0,944.0,41.0,976.0,6732,1,0,1,Pedestrian
36,0.0,944.0,41.0,976.0,6733,1,0,1,Pedestrian
36,0.0,944.0,41.0,976.0,6734,1,0,1,Pedestrian
36,0.0,944.0,41.0,976.0,6735,1,0,1,Pedestrian
36,0.0,944.0,41.0,976.0,6736,1,0,1,Pedestrian
36,0.0,944.0,41.0,976.0,6737,1,0,1,Pedestrian
36,0.0,944.0,41.0,976.0,6738,1,0,1,Pedestrian
36,0.0,944.0,41.0,976.0,6739,1,0,1,Pedestrian
36,0.0,944.0,41.0,976.0,6740,1,0,1,Pedestrian
36,0.0,944.0,41.0,976.0,6741,1,0,1,Pedestrian
36,0.0,944.0,41.0,976.0,6742,1,0,1,Pedestrian
36,0.0,944.0,41.0,976.0,6743,1,0,1,Pedestrian
36,0.0,944.0,41.0,976.0,6744,1,0,1,Pedestrian
36,0.0,944.0,41.0,976.0,6745,1,0,1,Pedestrian
36,0.0,944.0,41.0,976.0,6746,1,0,1,Pedestrian
36,0.0,944.0,41.0,976.0,6747,1,0,1,Pedestrian
36,0.0,944.0,41.0,976.0,6748,1,0,1,Pedestrian
36,0.0,944.0,41.0,976.0,6749,1,0,1,Pedestrian
36,0.0,944.0,41.0,976.0,6750,1,0,1,Pedestrian
36,0.0,944.0,41.0,976.0,6751,1,0,1,Pedestrian
36,0.0,944.0,41.0,976.0,6752,1,0,1,Pedestrian
36,0.0,944.0,41.0,976.0,6753,1,0,1,Pedestrian
36,0.0,944.0,41.0,976.0,6754,1,0,1,Pedestrian
36,0.0,944.0,41.0,976.0,6755,1,0,1,Pedestrian
36,0.0,944.0,41.0,976.0,6756,1,0,1,Pedestrian
36,0.0,944.0,41.0,976.0,6757,1,0,1,Pedestrian
36,0.0,944.0,41.0,976.0,6758,1,0,1,Pedestrian
36,0.0,944.0,41.0,976.0,6759,1,0,1,Pedestrian
36,0.0,944.0,41.0,976.0,6760,1,0,1,Pedestrian
36,0.0,944.0,41.0,976.0,6761,1,0,1,Pedestrian
36,0.0,944.0,41.0,976.0,6762,1,0,1,Pedestrian
36,0.0,944.0,41.0,976.0,6763,1,0,1,Pedestrian
36,0.0,944.0,41.0,976.0,6764,1,0,1,Pedestrian
36,0.0,944.0,41.0,976.0,6765,1,0,1,Pedestrian
36,0.0,944.0,41.0,976.0,6766,1,0,1,Pedestrian
36,0.0,944.0,41.0,976.0,6767,1,0,1,Pedestrian
36,0.0,944.0,41.0,976.0,6768,1,0,1,Pedestrian
36,0.0,944.0,41.0,976.0,6769,1,0,1,Pedestrian
36,0.0,944.0,41.0,976.0,6770,1,0,1,Pedestrian
36,0.0,944.0,41.0,976.0,6771,1,0,1,Pedestrian
36,0.0,944.0,41.0,976.0,6772,1,0,1,Pedestrian
36,0.0,944.0,41.0,976.0,6773,1,0,1,Pedestrian
36,0.0,944.0,41.0,976.0,6774,1,0,1,Pedestrian
36,0.0,944.0,41.0,976.0,6775,1,0,1,Pedestrian
36,0.0,944.0,41.0,976.0,6776,1,0,1,Pedestrian
36,0.0,944.0,41.0,976.0,6777,1,0,1,Pedestrian
36,0.0,944.0,41.0,976.0,6778,1,0,1,Pedestrian
36,0.0,944.0,41.0,976.0,6779,1,0,1,Pedestrian
36,0.0,944.0,41.0,976.0,6780,1,0,1,Pedestrian
36,0.0,944.0,41.0,976.0,6781,1,0,1,Pedestrian
36,0.0,944.0,41.0,976.0,6782,1,0,1,Pedestrian
36,0.0,944.0,41.0,976.0,6783,1,0,1,Pedestrian
36,0.0,944.0,41.0,976.0,6784,1,0,1,Pedestrian
36,0.0,944.0,41.0,976.0,6785,1,0,1,Pedestrian
36,0.0,944.0,41.0,976.0,6786,1,0,1,Pedestrian
36,0.0,944.0,41.0,976.0,6787,1,0,1,Pedestrian
36,0.0,944.0,41.0,976.0,6788,1,0,1,Pedestrian
36,0.0,944.0,41.0,976.0,6789,1,0,1,Pedestrian
36,0.0,944.0,41.0,976.0,6790,1,0,1,Pedestrian
36,0.0,944.0,41.0,976.0,6791,1,0,1,Pedestrian
36,0.0,944.0,41.0,976.0,6792,1,0,1,Pedestrian
36,0.0,944.0,41.0,976.0,6793,1,0,1,Pedestrian
36,0.0,944.0,41.0,976.0,6794,1,0,1,Pedestrian
36,0.0,944.0,41.0,976.0,6795,1,0,1,Pedestrian
36,0.0,944.0,41.0,976.0,6796,1,0,1,Pedestrian
36,0.0,944.0,41.0,976.0,6797,1,0,1,Pedestrian
36,0.0,944.0,41.0,976.0,6798,1,0,1,Pedestrian
36,0.0,944.0,41.0,976.0,6799,1,0,1,Pedestrian
36,0.0,944.0,41.0,976.0,6800,1,0,1,Pedestrian
36,0.0,944.0,41.0,976.0,6801,1,0,1,Pedestrian
36,0.0,944.0,41.0,976.0,6802,1,0,1,Pedestrian
36,0.0,944.0,41.0,976.0,6803,1,0,1,Pedestrian
36,0.0,944.0,41.0,976.0,6804,1,0,1,Pedestrian
36,0.0,944.0,41.0,976.0,6805,1,0,1,Pedestrian
36,0.0,944.0,41.0,976.0,6806,1,0,1,Pedestrian
36,0.0,944.0,41.0,976.0,6807,1,0,1,Pedestrian
36,0.0,944.0,41.0,976.0,6808,1,0,1,Pedestrian
36,0.0,944.0,41.0,976.0,6809,1,0,1,Pedestrian
36,0.0,944.0,41.0,976.0,6810,1,0,1,Pedestrian
36,0.0,944.0,41.0,976.0,6811,1,0,1,Pedestrian
36,0.0,944.0,41.0,976.0,6812,1,0,1,Pedestrian
36,0.0,944.0,41.0,976.0,6813,1,0,1,Pedestrian
36,0.0,944.0,41.0,976.0,6814,1,0,1,Pedestrian
36,0.0,944.0,41.0,976.0,6815,1,0,1,Pedestrian
36,0.0,944.0,41.0,976.0,6816,1,0,1,Pedestrian
36,0.0,944.0,41.0,976.0,6817,1,0,1,Pedestrian
36,0.0,944.0,41.0,976.0,6818,1,0,1,Pedestrian
36,0.0,944.0,41.0,976.0,6819,1,0,1,Pedestrian
36,0.0,944.0,41.0,976.0,6820,1,0,1,Pedestrian
36,0.0,944.0,41.0,976.0,6821,1,0,1,Pedestrian
36,0.0,944.0,41.0,976.0,6822,1,0,1,Pedestrian
36,0.0,944.0,41.0,976.0,6823,1,0,1,Pedestrian
36,0.0,944.0,41.0,976.0,6824,1,0,1,Pedestrian
36,0.0,944.0,41.0,976.0,6825,1,0,1,Pedestrian
36,0.0,944.0,41.0,976.0,6826,1,0,1,Pedestrian
36,0.0,944.0,41.0,976.0,6827,1,0,1,Pedestrian
36,0.0,944.0,41.0,976.0,6828,1,0,1,Pedestrian
36,0.0,944.0,41.0,976.0,6829,1,0,1,Pedestrian
36,0.0,944.0,41.0,976.0,6830,1,0,1,Pedestrian
36,0.0,944.0,41.0,976.0,6831,1,0,1,Pedestrian
36,0.0,944.0,41.0,976.0,6832,1,0,1,Pedestrian
36,0.0,944.0,41.0,976.0,6833,1,0,1,Pedestrian
36,0.0,944.0,41.0,976.0,6834,1,0,1,Pedestrian
36,0.0,944.0,41.0,976.0,6835,1,0,1,Pedestrian
36,0.0,944.0,41.0,976.0,6836,1,0,1,Pedestrian
36,0.0,944.0,41.0,976.0,6837,1,0,1,Pedestrian
36,0.0,944.0,41.0,976.0,6838,1,0,1,Pedestrian
36,0.0,944.0,41.0,976.0,6839,1,0,1,Pedestrian
36,0.0,944.0,41.0,976.0,6840,1,0,1,Pedestrian
36,0.0,944.0,41.0,976.0,6841,1,0,1,Pedestrian
36,0.0,944.0,41.0,976.0,6842,1,0,1,Pedestrian
36,0.0,944.0,41.0,976.0,6843,1,0,1,Pedestrian
36,0.0,944.0,41.0,976.0,6844,1,0,1,Pedestrian
36,0.0,944.0,41.0,976.0,6845,1,0,1,Pedestrian
36,0.0,944.0,41.0,976.0,6846,1,0,1,Pedestrian
36,0.0,944.0,41.0,976.0,6847,1,0,1,Pedestrian
36,0.0,944.0,41.0,976.0,6848,1,0,1,Pedestrian
36,0.0,944.0,41.0,976.0,6849,1,0,1,Pedestrian
36,0.0,944.0,41.0,976.0,6850,1,0,1,Pedestrian
36,0.0,944.0,41.0,976.0,6851,1,0,1,Pedestrian
36,0.0,944.0,41.0,976.0,6852,1,0,1,Pedestrian
36,0.0,944.0,41.0,976.0,6853,1,0,1,Pedestrian
36,0.0,944.0,41.0,976.0,6854,1,0,1,Pedestrian
36,0.0,944.0,41.0,976.0,6855,1,0,1,Pedestrian
36,0.0,944.0,41.0,976.0,6856,1,0,1,Pedestrian
36,0.0,944.0,41.0,976.0,6857,1,0,1,Pedestrian
36,0.0,944.0,41.0,976.0,6858,1,0,1,Pedestrian
36,0.0,944.0,41.0,976.0,6859,1,0,1,Pedestrian
36,0.0,944.0,41.0,976.0,6860,1,0,1,Pedestrian
36,0.0,944.0,41.0,976.0,6861,1,0,1,Pedestrian
36,0.0,944.0,41.0,976.0,6862,1,0,1,Pedestrian
36,0.0,944.0,41.0,976.0,6863,1,0,1,Pedestrian
36,0.0,944.0,41.0,976.0,6864,1,0,1,Pedestrian
36,0.0,944.0,41.0,976.0,6865,1,0,1,Pedestrian
36,0.0,944.0,41.0,976.0,6866,1,0,1,Pedestrian
36,0.0,944.0,41.0,976.0,6867,1,0,1,Pedestrian
36,0.0,944.0,41.0,976.0,6868,1,0,1,Pedestrian
36,0.0,944.0,41.0,976.0,6869,1,0,1,Pedestrian
36,0.0,944.0,41.0,976.0,6870,1,0,1,Pedestrian
36,0.0,944.0,41.0,976.0,6871,1,0,1,Pedestrian
36,0.0,944.0,41.0,976.0,6872,1,0,1,Pedestrian
36,0.0,944.0,41.0,976.0,6873,1,0,1,Pedestrian
36,0.0,944.0,41.0,976.0,6874,1,0,1,Pedestrian
36,0.0,944.0,41.0,976.0,6875,1,0,1,Pedestrian
36,0.0,944.0,41.0,976.0,6876,1,0,1,Pedestrian
36,0.0,944.0,41.0,976.0,6877,1,0,1,Pedestrian
36,0.0,944.0,41.0,976.0,6878,1,0,1,Pedestrian
36,0.0,944.0,41.0,976.0,6879,1,0,1,Pedestrian
36,0.0,944.0,41.0,976.0,6880,1,0,1,Pedestrian
36,0.0,944.0,41.0,976.0,6881,1,0,1,Pedestrian
36,0.0,944.0,41.0,976.0,6882,1,0,1,Pedestrian
36,0.0,944.0,41.0,976.0,6883,1,0,1,Pedestrian
36,0.0,944.0,41.0,976.0,6884,1,0,1,Pedestrian
36,0.0,944.0,41.0,976.0,6885,1,0,1,Pedestrian
36,0.0,944.0,41.0,976.0,6886,1,0,1,Pedestrian
36,0.0,944.0,41.0,976.0,6887,1,0,1,Pedestrian
36,0.0,944.0,41.0,976.0,6888,1,0,1,Pedestrian
36,0.0,944.0,41.0,976.0,6889,1,0,1,Pedestrian
36,0.0,944.0,41.0,976.0,6890,1,0,1,Pedestrian
36,0.0,944.0,41.0,976.0,6891,1,0,1,Pedestrian
36,0.0,944.0,41.0,976.0,6892,1,0,1,Pedestrian
36,0.0,944.0,41.0,976.0,6893,1,0,1,Pedestrian
36,0.0,944.0,41.0,976.0,6894,1,0,1,Pedestrian
36,0.0,944.0,41.0,976.0,6895,1,0,1,Pedestrian
36,0.0,944.0,41.0,976.0,6896,1,0,1,Pedestrian
36,0.0,944.0,41.0,976.0,6897,1,0,1,Pedestrian
36,0.0,944.0,41.0,976.0,6898,1,0,1,Pedestrian
36,0.0,944.0,41.0,976.0,6899,1,0,1,Pedestrian
36,0.0,944.0,41.0,976.0,6900,1,0,1,Pedestrian
36,0.0,944.0,41.0,976.0,6901,1,0,1,Pedestrian
36,0.0,944.0,41.0,976.0,6902,1,0,1,Pedestrian
36,0.0,944.0,41.0,976.0,6903,1,0,1,Pedestrian
36,0.0,944.0,41.0,976.0,6904,1,0,1,Pedestrian
36,0.0,944.0,41.0,976.0,6905,1,0,1,Pedestrian
36,0.0,944.0,41.0,976.0,6906,1,0,1,Pedestrian
36,0.0,944.0,41.0,976.0,6907,1,0,1,Pedestrian
36,0.0,944.0,41.0,976.0,6908,1,0,1,Pedestrian
36,0.0,944.0,41.0,976.0,6909,1,0,1,Pedestrian
36,0.0,944.0,41.0,976.0,6910,1,0,1,Pedestrian
36,0.0,944.0,41.0,976.0,6911,1,0,1,Pedestrian
36,0.0,944.0,41.0,976.0,6912,1,0,1,Pedestrian
36,0.0,944.0,41.0,976.0,6913,1,0,1,Pedestrian
36,0.0,944.0,41.0,976.0,6914,1,0,1,Pedestrian
36,0.0,944.0,41.0,976.0,6915,1,0,1,Pedestrian
36,0.0,944.0,41.0,976.0,6916,1,0,1,Pedestrian
36,0.0,944.0,41.0,976.0,6917,1,0,1,Pedestrian
36,0.0,944.0,41.0,976.0,6918,1,0,1,Pedestrian
36,0.0,944.0,41.0,976.0,6919,1,0,1,Pedestrian
36,0.0,944.0,41.0,976.0,6920,1,0,1,Pedestrian
36,0.0,944.0,41.0,976.0,6921,1,0,1,Pedestrian
36,0.0,944.0,41.0,976.0,6922,1,0,1,Pedestrian
36,0.0,944.0,41.0,976.0,6923,1,0,1,Pedestrian
36,0.0,944.0,41.0,976.0,6924,1,0,1,Pedestrian
36,0.0,944.0,41.0,976.0,6925,1,0,1,Pedestrian
36,0.0,944.0,41.0,976.0,6926,1,0,1,Pedestrian
36,0.0,944.0,41.0,976.0,6927,1,0,1,Pedestrian
36,0.0,944.0,41.0,976.0,6928,1,0,1,Pedestrian
36,0.0,944.0,41.0,976.0,6929,1,0,1,Pedestrian
36,0.0,944.0,41.0,976.0,6930,1,0,1,Pedestrian
36,0.0,944.0,41.0,976.0,6931,1,0,1,Pedestrian
36,0.0,944.0,41.0,976.0,6932,1,0,1,Pedestrian
36,0.0,944.0,41.0,976.0,6933,1,0,1,Pedestrian
36,0.0,944.0,41.0,976.0,6934,1,0,1,Pedestrian
36,0.0,944.0,41.0,976.0,6935,1,0,1,Pedestrian
36,0.0,944.0,41.0,976.0,6936,1,0,1,Pedestrian
36,0.0,944.0,41.0,976.0,6937,1,0,1,Pedestrian
36,0.0,944.0,41.0,976.0,6938,1,0,1,Pedestrian
36,0.0,944.0,41.0,976.0,6939,1,0,1,Pedestrian
36,0.0,944.0,41.0,976.0,6940,1,0,1,Pedestrian
36,0.0,944.0,41.0,976.0,6941,1,0,1,Pedestrian
36,0.0,944.0,41.0,976.0,6942,1,0,1,Pedestrian
36,0.0,944.0,41.0,976.0,6943,1,0,1,Pedestrian
36,0.0,944.0,41.0,976.0,6944,1,0,1,Pedestrian
36,0.0,944.0,41.0,976.0,6945,1,0,1,Pedestrian
36,0.0,944.0,41.0,976.0,6946,1,0,1,Pedestrian
36,0.0,944.0,41.0,976.0,6947,1,0,1,Pedestrian
36,0.0,944.0,41.0,976.0,6948,1,0,1,Pedestrian
36,0.0,944.0,41.0,976.0,6949,1,0,1,Pedestrian
36,0.0,944.0,41.0,976.0,6950,1,0,1,Pedestrian
36,0.0,944.0,41.0,976.0,6951,1,0,1,Pedestrian
36,0.0,944.0,41.0,976.0,6952,1,0,1,Pedestrian
36,0.0,944.0,41.0,976.0,6953,1,0,1,Pedestrian
36,0.0,944.0,41.0,976.0,6954,1,0,1,Pedestrian
36,0.0,944.0,41.0,976.0,6955,1,0,1,Pedestrian
36,0.0,944.0,41.0,976.0,6956,1,0,1,Pedestrian
36,0.0,944.0,41.0,976.0,6957,1,0,1,Pedestrian
36,0.0,944.0,41.0,976.0,6958,1,0,1,Pedestrian
36,0.0,944.0,41.0,976.0,6959,1,0,1,Pedestrian
36,0.0,944.0,41.0,976.0,6960,1,0,1,Pedestrian
36,0.0,944.0,41.0,976.0,6961,1,0,1,Pedestrian
36,0.0,944.0,41.0,976.0,6962,1,0,1,Pedestrian
36,0.0,944.0,41.0,976.0,6963,1,0,1,Pedestrian
36,0.0,944.0,41.0,976.0,6964,1,0,1,Pedestrian
36,0.0,944.0,41.0,976.0,6965,1,0,1,Pedestrian
36,0.0,944.0,41.0,976.0,6966,1,0,1,Pedestrian
36,0.0,944.0,41.0,976.0,6967,1,0,1,Pedestrian
36,0.0,944.0,41.0,976.0,6968,1,0,1,Pedestrian
36,0.0,944.0,41.0,976.0,6969,1,0,1,Pedestrian
36,0.0,944.0,41.0,976.0,6970,1,0,1,Pedestrian
36,0.0,944.0,41.0,976.0,6971,1,0,1,Pedestrian
36,0.0,944.0,41.0,976.0,6972,1,0,1,Pedestrian
36,0.0,944.0,41.0,976.0,6973,1,0,1,Pedestrian
36,0.0,944.0,41.0,976.0,6974,1,0,1,Pedestrian
36,0.0,944.0,41.0,976.0,6975,1,0,1,Pedestrian
36,0.0,944.0,41.0,976.0,6976,1,0,1,Pedestrian
36,0.0,944.0,41.0,976.0,6977,1,0,1,Pedestrian
36,0.0,944.0,41.0,976.0,6978,1,0,1,Pedestrian
36,0.0,944.0,41.0,976.0,6979,1,0,1,Pedestrian
36,0.0,944.0,41.0,976.0,6980,1,0,1,Pedestrian
36,0.0,944.0,41.0,976.0,6981,1,0,1,Pedestrian
36,0.0,944.0,41.0,976.0,6982,1,0,1,Pedestrian
36,0.0,944.0,41.0,976.0,6983,1,0,1,Pedestrian
36,0.0,944.0,41.0,976.0,6984,1,0,1,Pedestrian
36,0.0,944.0,41.0,976.0,6985,1,0,1,Pedestrian
36,0.0,944.0,41.0,976.0,6986,1,0,1,Pedestrian
36,0.0,944.0,41.0,976.0,6987,1,0,1,Pedestrian
36,0.0,944.0,41.0,976.0,6988,1,0,1,Pedestrian
36,0.0,944.0,41.0,976.0,6989,1,0,1,Pedestrian
36,0.0,944.0,41.0,976.0,6990,1,0,1,Pedestrian
36,0.0,944.0,41.0,976.0,6991,1,0,1,Pedestrian
36,0.0,944.0,41.0,976.0,6992,1,0,1,Pedestrian
36,0.0,944.0,41.0,976.0,6993,1,0,1,Pedestrian
36,0.0,944.0,41.0,976.0,6994,1,0,1,Pedestrian
36,0.0,944.0,41.0,976.0,6995,1,0,1,Pedestrian
36,0.0,944.0,41.0,976.0,6996,1,0,1,Pedestrian
36,0.0,944.0,41.0,976.0,6997,1,0,1,Pedestrian
36,0.0,944.0,41.0,976.0,6998,1,0,1,Pedestrian
36,0.0,944.0,41.0,976.0,6999,1,0,1,Pedestrian
36,0.0,944.0,41.0,976.0,7000,1,0,1,Pedestrian
36,0.0,944.0,41.0,976.0,7001,1,0,1,Pedestrian
36,0.0,944.0,41.0,976.0,7002,1,0,1,Pedestrian
36,0.0,944.0,41.0,976.0,7003,1,0,1,Pedestrian
36,0.0,944.0,41.0,976.0,7004,1,0,1,Pedestrian
36,0.0,944.0,41.0,976.0,7005,1,0,1,Pedestrian
36,0.0,944.0,41.0,976.0,7006,1,0,1,Pedestrian
36,0.0,944.0,41.0,976.0,7007,1,0,1,Pedestrian
36,0.0,944.0,41.0,976.0,7008,1,0,1,Pedestrian
36,0.0,944.0,41.0,976.0,7009,1,0,1,Pedestrian
36,0.0,944.0,41.0,976.0,7010,1,0,1,Pedestrian
36,0.0,944.0,41.0,976.0,7011,1,0,1,Pedestrian
36,0.0,944.0,41.0,976.0,7012,1,0,1,Pedestrian
36,0.0,944.0,41.0,976.0,7013,1,0,1,Pedestrian
36,0.0,944.0,41.0,976.0,7014,1,0,1,Pedestrian
36,0.0,944.0,41.0,976.0,7015,1,0,1,Pedestrian
36,0.0,944.0,41.0,976.0,7016,1,0,1,Pedestrian
36,0.0,944.0,41.0,976.0,7017,1,0,1,Pedestrian
36,0.0,944.0,41.0,976.0,7018,1,0,1,Pedestrian
36,0.0,944.0,41.0,976.0,7019,1,0,1,Pedestrian
36,0.0,944.0,41.0,976.0,7020,1,0,1,Pedestrian
36,0.0,944.0,41.0,976.0,7021,1,0,1,Pedestrian
36,0.0,944.0,41.0,976.0,7022,1,0,1,Pedestrian
36,0.0,944.0,41.0,976.0,7023,1,0,1,Pedestrian
36,0.0,944.0,41.0,976.0,7024,1,0,1,Pedestrian
36,0.0,944.0,41.0,976.0,7025,1,0,1,Pedestrian
36,0.0,944.0,41.0,976.0,7026,1,0,1,Pedestrian
36,0.0,944.0,41.0,976.0,7027,1,0,1,Pedestrian
36,0.0,944.0,41.0,976.0,7028,1,0,1,Pedestrian
36,0.0,944.0,41.0,976.0,7029,1,0,1,Pedestrian
36,0.0,944.0,41.0,976.0,7030,1,0,1,Pedestrian
36,0.0,944.0,41.0,976.0,7031,1,0,0,Pedestrian
37,1933.0,822.0,1971.0,869.0,2000,1,0,0,Pedestrian
37,1930.0,819.0,1971.0,867.0,2001,1,0,1,Pedestrian
37,1930.0,819.0,1971.0,867.0,2002,1,0,1,Pedestrian
37,1930.0,819.0,1971.0,867.0,2003,1,0,1,Pedestrian
37,1930.0,819.0,1971.0,867.0,2004,1,0,1,Pedestrian
37,1930.0,819.0,1971.0,867.0,2005,1,0,1,Pedestrian
37,1930.0,819.0,1971.0,867.0,2006,1,0,1,Pedestrian
37,1930.0,819.0,1971.0,867.0,2007,1,0,1,Pedestrian
37,1930.0,819.0,1971.0,867.0,2008,1,0,1,Pedestrian
37,1930.0,819.0,1971.0,867.0,2009,1,0,1,Pedestrian
37,1930.0,819.0,1971.0,867.0,2010,1,0,1,Pedestrian
37,1930.0,819.0,1971.0,867.0,2011,1,0,1,Pedestrian
37,1930.0,819.0,1971.0,867.0,2012,1,0,1,Pedestrian
37,1930.0,819.0,1971.0,867.0,2013,1,0,1,Pedestrian
37,1930.0,819.0,1971.0,867.0,2014,1,0,1,Pedestrian
37,1930.0,819.0,1971.0,867.0,2015,1,0,1,Pedestrian
37,1930.0,819.0,1971.0,867.0,2016,1,0,1,Pedestrian
37,1930.0,819.0,1971.0,867.0,2017,1,0,1,Pedestrian
37,1930.0,819.0,1971.0,867.0,2018,1,0,1,Pedestrian
37,1930.0,819.0,1971.0,867.0,2019,1,0,1,Pedestrian
37,1930.0,819.0,1971.0,867.0,2020,1,0,1,Pedestrian
37,1930.0,819.0,1971.0,867.0,2021,1,0,1,Pedestrian
37,1930.0,819.0,1971.0,867.0,2022,1,0,1,Pedestrian
37,1930.0,819.0,1971.0,867.0,2023,1,0,1,Pedestrian
37,1930.0,819.0,1971.0,867.0,2024,1,0,1,Pedestrian
37,1930.0,819.0,1971.0,867.0,2025,1,0,1,Pedestrian
37,1930.0,819.0,1971.0,867.0,2026,1,0,1,Pedestrian
37,1930.0,819.0,1971.0,867.0,2027,1,0,1,Pedestrian
37,1930.0,819.0,1971.0,867.0,2028,1,0,1,Pedestrian
37,1930.0,819.0,1971.0,867.0,2029,1,0,1,Pedestrian
37,1930.0,819.0,1971.0,867.0,2030,1,0,1,Pedestrian
37,1930.0,819.0,1971.0,867.0,2031,1,0,1,Pedestrian
37,1930.0,819.0,1971.0,867.0,2032,1,0,1,Pedestrian
37,1930.0,819.0,1971.0,867.0,2033,1,0,1,Pedestrian
37,1930.0,819.0,1971.0,867.0,2034,1,0,1,Pedestrian
37,1930.0,819.0,1971.0,867.0,2035,1,0,1,Pedestrian
37,1930.0,819.0,1971.0,867.0,2036,1,0,1,Pedestrian
37,1930.0,819.0,1971.0,867.0,2037,1,0,1,Pedestrian
37,1930.0,819.0,1971.0,867.0,2038,1,0,1,Pedestrian
37,1930.0,819.0,1971.0,867.0,2039,1,0,1,Pedestrian
37,1930.0,819.0,1971.0,867.0,2040,1,0,1,Pedestrian
37,1930.0,819.0,1971.0,867.0,2041,1,0,1,Pedestrian
37,1930.0,819.0,1971.0,867.0,2042,1,0,1,Pedestrian
37,1930.0,819.0,1971.0,867.0,2043,1,0,1,Pedestrian
37,1930.0,819.0,1971.0,867.0,2044,1,0,1,Pedestrian
37,1930.0,819.0,1971.0,867.0,2045,1,0,1,Pedestrian
37,1930.0,819.0,1971.0,867.0,2046,1,0,1,Pedestrian
37,1930.0,819.0,1971.0,867.0,2047,1,0,1,Pedestrian
37,1930.0,819.0,1971.0,867.0,2048,1,0,1,Pedestrian
37,1930.0,819.0,1971.0,867.0,2049,1,0,1,Pedestrian
37,1930.0,819.0,1971.0,867.0,2050,1,0,1,Pedestrian
37,1927.0,819.0,1971.0,867.0,2051,1,0,1,Pedestrian
37,1927.0,819.0,1971.0,867.0,2052,1,0,1,Pedestrian
37,1927.0,819.0,1971.0,867.0,2053,1,0,1,Pedestrian
37,1927.0,819.0,1971.0,867.0,2054,1,0,1,Pedestrian
37,1927.0,819.0,1971.0,867.0,2055,1,0,1,Pedestrian
37,1927.0,819.0,1971.0,867.0,2056,1,0,1,Pedestrian
37,1927.0,819.0,1971.0,867.0,2057,1,0,1,Pedestrian
37,1927.0,819.0,1971.0,867.0,2058,1,0,1,Pedestrian
37,1927.0,819.0,1971.0,867.0,2059,1,0,1,Pedestrian
37,1927.0,819.0,1971.0,867.0,2060,1,0,1,Pedestrian
37,1927.0,819.0,1971.0,867.0,2061,1,0,1,Pedestrian
37,1927.0,819.0,1971.0,867.0,2062,1,0,1,Pedestrian
37,1927.0,819.0,1971.0,867.0,2063,1,0,1,Pedestrian
37,1927.0,819.0,1971.0,867.0,2064,1,0,1,Pedestrian
37,1927.0,819.0,1971.0,867.0,2065,1,0,1,Pedestrian
37,1927.0,819.0,1971.0,867.0,2066,1,0,1,Pedestrian
37,1927.0,819.0,1971.0,867.0,2067,1,0,1,Pedestrian
37,1927.0,819.0,1971.0,867.0,2068,1,0,1,Pedestrian
37,1927.0,819.0,1971.0,867.0,2069,1,0,1,Pedestrian
37,1927.0,819.0,1971.0,867.0,2070,1,0,1,Pedestrian
37,1927.0,819.0,1971.0,867.0,2071,1,0,1,Pedestrian
37,1927.0,819.0,1971.0,867.0,2072,1,0,1,Pedestrian
37,1927.0,819.0,1971.0,867.0,2073,1,0,1,Pedestrian
37,1927.0,819.0,1971.0,867.0,2074,1,0,1,Pedestrian
37,1927.0,819.0,1971.0,867.0,2075,1,0,1,Pedestrian
37,1927.0,819.0,1971.0,865.0,2076,1,0,1,Pedestrian
37,1927.0,819.0,1971.0,865.0,2077,1,0,1,Pedestrian
37,1927.0,819.0,1971.0,865.0,2078,1,0,1,Pedestrian
37,1927.0,819.0,1971.0,865.0,2079,1,0,1,Pedestrian
37,1927.0,819.0,1971.0,865.0,2080,1,0,1,Pedestrian
37,1927.0,819.0,1971.0,865.0,2081,1,0,1,Pedestrian
37,1927.0,819.0,1971.0,865.0,2082,1,0,1,Pedestrian
37,1927.0,819.0,1971.0,865.0,2083,1,0,1,Pedestrian
37,1927.0,819.0,1971.0,865.0,2084,1,0,1,Pedestrian
37,1927.0,819.0,1971.0,865.0,2085,1,0,1,Pedestrian
37,1927.0,819.0,1971.0,865.0,2086,1,0,1,Pedestrian
37,1927.0,819.0,1971.0,865.0,2087,1,0,1,Pedestrian
37,1927.0,819.0,1971.0,865.0,2088,1,0,1,Pedestrian
37,1927.0,819.0,1971.0,865.0,2089,1,0,1,Pedestrian
37,1927.0,819.0,1971.0,865.0,2090,1,0,1,Pedestrian
37,1927.0,819.0,1971.0,865.0,2091,1,0,1,Pedestrian
37,1927.0,819.0,1971.0,865.0,2092,1,0,1,Pedestrian
37,1927.0,819.0,1971.0,865.0,2093,1,0,1,Pedestrian
37,1927.0,819.0,1971.0,865.0,2094,1,0,1,Pedestrian
37,1927.0,819.0,1971.0,865.0,2095,1,0,1,Pedestrian
37,1927.0,819.0,1971.0,865.0,2096,1,0,1,Pedestrian
37,1927.0,819.0,1971.0,865.0,2097,1,0,1,Pedestrian
37,1927.0,819.0,1971.0,865.0,2098,1,0,1,Pedestrian
37,1927.0,819.0,1971.0,865.0,2099,1,0,1,Pedestrian
37,1927.0,819.0,1971.0,865.0,2100,1,0,1,Pedestrian
37,1925.0,819.0,1971.0,865.0,2101,1,0,1,Pedestrian
37,1925.0,819.0,1971.0,865.0,2102,1,0,1,Pedestrian
37,1925.0,819.0,1971.0,865.0,2103,1,0,1,Pedestrian
37,1925.0,819.0,1971.0,865.0,2104,1,0,1,Pedestrian
37,1925.0,819.0,1971.0,865.0,2105,1,0,1,Pedestrian
37,1925.0,819.0,1971.0,865.0,2106,1,0,1,Pedestrian
37,1925.0,819.0,1971.0,865.0,2107,1,0,1,Pedestrian
37,1925.0,819.0,1971.0,865.0,2108,1,0,1,Pedestrian
37,1925.0,819.0,1971.0,865.0,2109,1,0,1,Pedestrian
37,1925.0,819.0,1971.0,865.0,2110,1,0,1,Pedestrian
37,1925.0,819.0,1971.0,865.0,2111,1,0,1,Pedestrian
37,1925.0,819.0,1971.0,865.0,2112,1,0,1,Pedestrian
37,1925.0,819.0,1971.0,865.0,2113,1,0,1,Pedestrian
37,1925.0,819.0,1971.0,865.0,2114,1,0,1,Pedestrian
37,1925.0,819.0,1971.0,865.0,2115,1,0,1,Pedestrian
37,1925.0,819.0,1971.0,865.0,2116,1,0,1,Pedestrian
37,1925.0,819.0,1971.0,865.0,2117,1,0,1,Pedestrian
37,1925.0,819.0,1971.0,865.0,2118,1,0,1,Pedestrian
37,1925.0,819.0,1971.0,865.0,2119,1,0,1,Pedestrian
37,1925.0,819.0,1971.0,865.0,2120,1,0,1,Pedestrian
37,1925.0,819.0,1971.0,865.0,2121,1,0,1,Pedestrian
37,1925.0,819.0,1971.0,865.0,2122,1,0,1,Pedestrian
37,1925.0,819.0,1971.0,865.0,2123,1,0,1,Pedestrian
37,1925.0,819.0,1971.0,865.0,2124,1,0,1,Pedestrian
37,1925.0,819.0,1971.0,865.0,2125,1,0,1,Pedestrian
37,1925.0,819.0,1971.0,865.0,2126,1,0,1,Pedestrian
37,1925.0,819.0,1971.0,865.0,2127,1,0,1,Pedestrian
37,1925.0,819.0,1971.0,865.0,2128,1,0,1,Pedestrian
37,1925.0,819.0,1971.0,865.0,2129,1,0,1,Pedestrian
37,1925.0,819.0,1971.0,865.0,2130,1,0,1,Pedestrian
37,1925.0,819.0,1971.0,865.0,2131,1,0,1,Pedestrian
37,1925.0,819.0,1971.0,865.0,2132,1,0,1,Pedestrian
37,1925.0,819.0,1971.0,865.0,2133,1,0,1,Pedestrian
37,1925.0,819.0,1971.0,865.0,2134,1,0,1,Pedestrian
37,1925.0,819.0,1971.0,865.0,2135,1,0,1,Pedestrian
37,1925.0,819.0,1971.0,865.0,2136,1,0,1,Pedestrian
37,1925.0,819.0,1971.0,865.0,2137,1,0,1,Pedestrian
37,1925.0,819.0,1971.0,865.0,2138,1,0,1,Pedestrian
37,1925.0,819.0,1971.0,865.0,2139,1,0,1,Pedestrian
37,1925.0,819.0,1971.0,865.0,2140,1,0,1,Pedestrian
37,1925.0,819.0,1971.0,865.0,2141,1,0,1,Pedestrian
37,1925.0,819.0,1971.0,865.0,2142,1,0,1,Pedestrian
37,1925.0,819.0,1971.0,865.0,2143,1,0,1,Pedestrian
37,1925.0,819.0,1971.0,865.0,2144,1,0,1,Pedestrian
37,1925.0,819.0,1971.0,865.0,2145,1,0,1,Pedestrian
37,1925.0,819.0,1971.0,865.0,2146,1,0,1,Pedestrian
37,1925.0,819.0,1971.0,865.0,2147,1,0,1,Pedestrian
37,1925.0,819.0,1971.0,865.0,2148,1,0,1,Pedestrian
37,1925.0,819.0,1971.0,865.0,2149,1,0,1,Pedestrian
37,1925.0,819.0,1971.0,865.0,2150,1,0,1,Pedestrian
37,1922.0,817.0,1974.0,863.0,2151,1,0,1,Pedestrian
37,1922.0,817.0,1974.0,863.0,2152,1,0,1,Pedestrian
37,1922.0,817.0,1974.0,863.0,2153,1,0,1,Pedestrian
37,1922.0,817.0,1974.0,863.0,2154,1,0,1,Pedestrian
37,1922.0,817.0,1974.0,863.0,2155,1,0,1,Pedestrian
37,1922.0,817.0,1974.0,863.0,2156,1,0,1,Pedestrian
37,1922.0,817.0,1974.0,863.0,2157,1,0,1,Pedestrian
37,1922.0,817.0,1974.0,863.0,2158,1,0,1,Pedestrian
37,1922.0,817.0,1974.0,863.0,2159,1,0,1,Pedestrian
37,1922.0,817.0,1974.0,863.0,2160,1,0,1,Pedestrian
37,1922.0,817.0,1974.0,863.0,2161,1,0,1,Pedestrian
37,1922.0,817.0,1974.0,863.0,2162,1,0,1,Pedestrian
37,1922.0,817.0,1974.0,863.0,2163,1,0,1,Pedestrian
37,1922.0,817.0,1974.0,863.0,2164,1,0,1,Pedestrian
37,1922.0,817.0,1974.0,863.0,2165,1,0,1,Pedestrian
37,1922.0,817.0,1974.0,863.0,2166,1,0,1,Pedestrian
37,1922.0,817.0,1974.0,863.0,2167,1,0,1,Pedestrian
37,1922.0,817.0,1974.0,863.0,2168,1,0,1,Pedestrian
37,1922.0,817.0,1974.0,863.0,2169,1,0,1,Pedestrian
37,1922.0,817.0,1974.0,863.0,2170,1,0,1,Pedestrian
37,1922.0,817.0,1974.0,863.0,2171,1,0,1,Pedestrian
37,1922.0,817.0,1974.0,863.0,2172,1,0,1,Pedestrian
37,1922.0,817.0,1974.0,863.0,2173,1,0,1,Pedestrian
37,1922.0,817.0,1974.0,863.0,2174,1,0,1,Pedestrian
37,1922.0,817.0,1974.0,863.0,2175,1,0,1,Pedestrian
37,1922.0,817.0,1974.0,863.0,2176,1,0,1,Pedestrian
37,1922.0,817.0,1974.0,863.0,2177,1,0,1,Pedestrian
37,1922.0,817.0,1974.0,863.0,2178,1,0,1,Pedestrian
37,1922.0,817.0,1974.0,863.0,2179,1,0,1,Pedestrian
37,1922.0,817.0,1974.0,863.0,2180,1,0,1,Pedestrian
37,1922.0,817.0,1974.0,863.0,2181,1,0,1,Pedestrian
37,1922.0,817.0,1974.0,863.0,2182,1,0,1,Pedestrian
37,1922.0,817.0,1974.0,863.0,2183,1,0,1,Pedestrian
37,1922.0,817.0,1974.0,863.0,2184,1,0,1,Pedestrian
37,1922.0,817.0,1974.0,863.0,2185,1,0,1,Pedestrian
37,1922.0,817.0,1974.0,863.0,2186,1,0,1,Pedestrian
37,1922.0,817.0,1974.0,863.0,2187,1,0,1,Pedestrian
37,1922.0,817.0,1974.0,863.0,2188,1,0,1,Pedestrian
37,1922.0,817.0,1974.0,863.0,2189,1,0,1,Pedestrian
37,1922.0,817.0,1974.0,863.0,2190,1,0,1,Pedestrian
37,1922.0,817.0,1974.0,863.0,2191,1,0,1,Pedestrian
37,1922.0,817.0,1974.0,863.0,2192,1,0,1,Pedestrian
37,1922.0,817.0,1974.0,863.0,2193,1,0,1,Pedestrian
37,1922.0,817.0,1974.0,863.0,2194,1,0,1,Pedestrian
37,1922.0,817.0,1974.0,863.0,2195,1,0,1,Pedestrian
37,1922.0,817.0,1974.0,863.0,2196,1,0,1,Pedestrian
37,1922.0,817.0,1974.0,863.0,2197,1,0,1,Pedestrian
37,1922.0,817.0,1974.0,863.0,2198,1,0,1,Pedestrian
37,1922.0,817.0,1974.0,863.0,2199,1,0,1,Pedestrian
37,1922.0,817.0,1974.0,863.0,2200,1,0,1,Pedestrian
37,1919.0,817.0,1974.0,863.0,2201,1,0,1,Pedestrian
37,1919.0,817.0,1974.0,863.0,2202,1,0,1,Pedestrian
37,1919.0,817.0,1974.0,863.0,2203,1,0,1,Pedestrian
37,1919.0,817.0,1974.0,863.0,2204,1,0,1,Pedestrian
37,1919.0,817.0,1974.0,863.0,2205,1,0,1,Pedestrian
37,1919.0,817.0,1974.0,863.0,2206,1,0,1,Pedestrian
37,1919.0,817.0,1974.0,863.0,2207,1,0,1,Pedestrian
37,1919.0,817.0,1974.0,863.0,2208,1,0,1,Pedestrian
37,1919.0,817.0,1974.0,863.0,2209,1,0,1,Pedestrian
37,1919.0,817.0,1974.0,863.0,2210,1,0,1,Pedestrian
37,1919.0,817.0,1974.0,863.0,2211,1,0,1,Pedestrian
37,1919.0,817.0,1974.0,863.0,2212,1,0,1,Pedestrian
37,1919.0,817.0,1974.0,863.0,2213,1,0,1,Pedestrian
37,1919.0,817.0,1974.0,863.0,2214,1,0,1,Pedestrian
37,1919.0,817.0,1974.0,863.0,2215,1,0,1,Pedestrian
37,1919.0,817.0,1974.0,863.0,2216,1,0,1,Pedestrian
37,1919.0,817.0,1974.0,863.0,2217,1,0,1,Pedestrian
37,1919.0,817.0,1974.0,863.0,2218,1,0,1,Pedestrian
37,1919.0,817.0,1974.0,863.0,2219,1,0,1,Pedestrian
37,1919.0,817.0,1974.0,863.0,2220,1,0,1,Pedestrian
37,1919.0,817.0,1974.0,863.0,2221,1,0,1,Pedestrian
37,1919.0,817.0,1974.0,863.0,2222,1,0,1,Pedestrian
37,1919.0,817.0,1974.0,863.0,2223,1,0,1,Pedestrian
37,1919.0,817.0,1974.0,863.0,2224,1,0,1,Pedestrian
37,1919.0,817.0,1974.0,863.0,2225,1,0,1,Pedestrian
37,1919.0,817.0,1974.0,860.0,2226,1,0,1,Pedestrian
37,1919.0,817.0,1974.0,860.0,2227,1,0,1,Pedestrian
37,1919.0,817.0,1974.0,860.0,2228,1,0,1,Pedestrian
37,1919.0,817.0,1974.0,860.0,2229,1,0,1,Pedestrian
37,1919.0,817.0,1974.0,860.0,2230,1,0,1,Pedestrian
37,1919.0,817.0,1974.0,860.0,2231,1,0,1,Pedestrian
37,1919.0,817.0,1974.0,860.0,2232,1,0,1,Pedestrian
37,1919.0,817.0,1974.0,860.0,2233,1,0,1,Pedestrian
37,1919.0,817.0,1974.0,860.0,2234,1,0,1,Pedestrian
37,1919.0,817.0,1974.0,860.0,2235,1,0,1,Pedestrian
37,1919.0,817.0,1974.0,860.0,2236,1,0,1,Pedestrian
37,1919.0,817.0,1974.0,860.0,2237,1,0,1,Pedestrian
37,1919.0,817.0,1974.0,860.0,2238,1,0,1,Pedestrian
37,1919.0,817.0,1974.0,860.0,2239,1,0,1,Pedestrian
37,1919.0,817.0,1974.0,860.0,2240,1,0,1,Pedestrian
37,1919.0,817.0,1974.0,860.0,2241,1,0,1,Pedestrian
37,1919.0,817.0,1974.0,860.0,2242,1,0,1,Pedestrian
37,1919.0,817.0,1974.0,860.0,2243,1,0,1,Pedestrian
37,1919.0,817.0,1974.0,860.0,2244,1,0,1,Pedestrian
37,1919.0,817.0,1974.0,860.0,2245,1,0,1,Pedestrian
37,1919.0,817.0,1974.0,860.0,2246,1,0,1,Pedestrian
37,1919.0,817.0,1974.0,860.0,2247,1,0,1,Pedestrian
37,1919.0,817.0,1974.0,860.0,2248,1,0,1,Pedestrian
37,1919.0,817.0,1974.0,860.0,2249,1,0,1,Pedestrian
37,1919.0,817.0,1974.0,860.0,2250,1,0,1,Pedestrian
37,1916.0,817.0,1974.0,860.0,2251,1,0,1,Pedestrian
37,1916.0,817.0,1974.0,860.0,2252,1,0,1,Pedestrian
37,1916.0,817.0,1974.0,860.0,2253,1,0,1,Pedestrian
37,1916.0,817.0,1974.0,860.0,2254,1,0,1,Pedestrian
37,1916.0,817.0,1974.0,860.0,2255,1,0,1,Pedestrian
37,1916.0,817.0,1974.0,860.0,2256,1,0,1,Pedestrian
37,1916.0,817.0,1974.0,860.0,2257,1,0,1,Pedestrian
37,1916.0,817.0,1974.0,860.0,2258,1,0,1,Pedestrian
37,1916.0,817.0,1974.0,860.0,2259,1,0,1,Pedestrian
37,1916.0,817.0,1974.0,860.0,2260,1,0,1,Pedestrian
37,1916.0,817.0,1974.0,860.0,2261,1,0,1,Pedestrian
37,1916.0,817.0,1974.0,860.0,2262,1,0,1,Pedestrian
37,1916.0,817.0,1974.0,860.0,2263,1,0,1,Pedestrian
37,1916.0,817.0,1974.0,860.0,2264,1,0,1,Pedestrian
37,1916.0,817.0,1974.0,860.0,2265,1,0,1,Pedestrian
37,1916.0,817.0,1974.0,860.0,2266,1,0,1,Pedestrian
37,1916.0,817.0,1974.0,860.0,2267,1,0,1,Pedestrian
37,1916.0,817.0,1974.0,860.0,2268,1,0,1,Pedestrian
37,1916.0,817.0,1974.0,860.0,2269,1,0,1,Pedestrian
37,1916.0,817.0,1974.0,860.0,2270,1,0,1,Pedestrian
37,1916.0,817.0,1974.0,860.0,2271,1,0,1,Pedestrian
37,1916.0,817.0,1974.0,860.0,2272,1,0,1,Pedestrian
37,1916.0,817.0,1974.0,860.0,2273,1,0,1,Pedestrian
37,1916.0,817.0,1974.0,860.0,2274,1,0,1,Pedestrian
37,1916.0,817.0,1974.0,860.0,2275,1,0,1,Pedestrian
37,1916.0,817.0,1974.0,860.0,2276,1,0,1,Pedestrian
37,1916.0,817.0,1974.0,860.0,2277,1,0,1,Pedestrian
37,1916.0,817.0,1974.0,860.0,2278,1,0,1,Pedestrian
37,1916.0,817.0,1974.0,860.0,2279,1,0,1,Pedestrian
37,1916.0,817.0,1974.0,860.0,2280,1,0,1,Pedestrian
37,1916.0,817.0,1974.0,860.0,2281,1,0,1,Pedestrian
37,1916.0,817.0,1974.0,860.0,2282,1,0,1,Pedestrian
37,1916.0,817.0,1974.0,860.0,2283,1,0,1,Pedestrian
37,1916.0,817.0,1974.0,860.0,2284,1,0,1,Pedestrian
37,1916.0,817.0,1974.0,860.0,2285,1,0,1,Pedestrian
37,1916.0,817.0,1974.0,860.0,2286,1,0,1,Pedestrian
37,1916.0,817.0,1974.0,860.0,2287,1,0,1,Pedestrian
37,1916.0,817.0,1974.0,860.0,2288,1,0,1,Pedestrian
37,1916.0,817.0,1974.0,860.0,2289,1,0,1,Pedestrian
37,1916.0,817.0,1974.0,860.0,2290,1,0,1,Pedestrian
37,1916.0,817.0,1974.0,860.0,2291,1,0,1,Pedestrian
37,1916.0,817.0,1974.0,860.0,2292,1,0,1,Pedestrian
37,1916.0,817.0,1974.0,860.0,2293,1,0,1,Pedestrian
37,1916.0,817.0,1974.0,860.0,2294,1,0,1,Pedestrian
37,1916.0,817.0,1974.0,860.0,2295,1,0,1,Pedestrian
37,1916.0,817.0,1974.0,860.0,2296,1,0,1,Pedestrian
37,1916.0,817.0,1974.0,860.0,2297,1,0,1,Pedestrian
37,1916.0,817.0,1974.0,860.0,2298,1,0,1,Pedestrian
37,1916.0,817.0,1974.0,860.0,2299,1,0,1,Pedestrian
37,1916.0,817.0,1974.0,860.0,2300,1,0,1,Pedestrian
37,1916.0,817.0,1977.0,860.0,2301,0,0,0,Pedestrian
37,1914.0,817.0,1974.0,860.0,2302,0,0,1,Pedestrian
37,1914.0,817.0,1974.0,860.0,2303,0,0,1,Pedestrian
37,1914.0,817.0,1974.0,860.0,2304,0,0,1,Pedestrian
37,1914.0,817.0,1974.0,860.0,2305,0,0,1,Pedestrian
37,1914.0,819.0,1974.0,863.0,2306,0,0,1,Pedestrian
37,1914.0,819.0,1974.0,863.0,2307,0,0,1,Pedestrian
37,1914.0,819.0,1974.0,863.0,2308,0,0,1,Pedestrian
37,1914.0,819.0,1974.0,863.0,2309,0,0,1,Pedestrian
37,1914.0,819.0,1974.0,863.0,2310,0,0,1,Pedestrian
37,1914.0,822.0,1974.0,865.0,2311,0,0,1,Pedestrian
37,1911.0,822.0,1971.0,865.0,2312,0,0,1,Pedestrian
37,1911.0,822.0,1971.0,865.0,2313,0,0,1,Pedestrian
37,1911.0,822.0,1971.0,865.0,2314,0,0,1,Pedestrian
37,1911.0,822.0,1971.0,865.0,2315,0,0,1,Pedestrian
37,1911.0,824.0,1971.0,867.0,2316,0,0,1,Pedestrian
37,1911.0,824.0,1971.0,867.0,2317,0,0,1,Pedestrian
37,1911.0,824.0,1971.0,867.0,2318,0,0,1,Pedestrian
37,1911.0,824.0,1971.0,867.0,2319,0,0,1,Pedestrian
37,1911.0,824.0,1971.0,867.0,2320,0,0,1,Pedestrian
37,1911.0,826.0,1971.0,869.0,2321,0,0,1,Pedestrian
37,1908.0,826.0,1969.0,869.0,2322,0,0,1,Pedestrian
37,1908.0,826.0,1969.0,869.0,2323,0,0,1,Pedestrian
37,1908.0,826.0,1969.0,869.0,2324,0,0,1,Pedestrian
37,1908.0,826.0,1969.0,869.0,2325,0,0,1,Pedestrian
37,1908.0,828.0,1969.0,872.0,2326,0,0,1,Pedestrian
37,1908.0,828.0,1969.0,872.0,2327,0,0,1,Pedestrian
37,1908.0,828.0,1969.0,872.0,2328,0,0,1,Pedestrian
37,1908.0,828.0,1969.0,872.0,2329,0,0,1,Pedestrian
37,1908.0,828.0,1969.0,872.0,2330,0,0,1,Pedestrian
37,1908.0,831.0,1969.0,874.0,2331,0,0,0,Pedestrian
37,1905.0,831.0,1966.0,874.0,2332,0,0,1,Pedestrian
37,1905.0,831.0,1966.0,874.0,2333,0,0,1,Pedestrian
37,1903.0,831.0,1963.0,874.0,2334,0,0,1,Pedestrian
37,1903.0,831.0,1963.0,874.0,2335,0,0,1,Pedestrian
37,1903.0,831.0,1963.0,874.0,2336,0,0,1,Pedestrian
37,1900.0,831.0,1960.0,874.0,2337,0,0,1,Pedestrian
37,1900.0,831.0,1960.0,874.0,2338,0,0,1,Pedestrian
37,1897.0,831.0,1958.0,874.0,2339,0,0,1,Pedestrian
37,1897.0,831.0,1958.0,874.0,2340,0,0,1,Pedestrian
37,1897.0,831.0,1958.0,874.0,2341,0,0,1,Pedestrian
37,1894.0,831.0,1955.0,874.0,2342,0,0,1,Pedestrian
37,1894.0,831.0,1955.0,874.0,2343,0,0,1,Pedestrian
37,1894.0,831.0,1955.0,874.0,2344,0,0,1,Pedestrian
37,1892.0,831.0,1952.0,874.0,2345,0,0,1,Pedestrian
37,1892.0,831.0,1952.0,874.0,2346,0,0,1,Pedestrian
37,1889.0,831.0,1949.0,874.0,2347,0,0,1,Pedestrian
37,1889.0,831.0,1949.0,874.0,2348,0,0,1,Pedestrian
37,1889.0,831.0,1949.0,874.0,2349,0,0,1,Pedestrian
37,1886.0,831.0,1947.0,874.0,2350,0,0,1,Pedestrian
37,1886.0,831.0,1947.0,874.0,2351,0,0,1,Pedestrian
37,1883.0,831.0,1944.0,874.0,2352,0,0,1,Pedestrian
37,1883.0,831.0,1944.0,874.0,2353,0,0,1,Pedestrian
37,1883.0,831.0,1944.0,874.0,2354,0,0,1,Pedestrian
37,1881.0,831.0,1941.0,874.0,2355,0,0,1,Pedestrian
37,1881.0,831.0,1941.0,874.0,2356,0,0,1,Pedestrian
37,1881.0,833.0,1941.0,876.0,2357,0,0,1,Pedestrian
37,1878.0,833.0,1938.0,876.0,2358,0,0,1,Pedestrian
37,1878.0,833.0,1938.0,876.0,2359,0,0,1,Pedestrian
37,1875.0,833.0,1936.0,876.0,2360,0,0,1,Pedestrian
37,1875.0,833.0,1936.0,876.0,2361,0,0,1,Pedestrian
37,1875.0,833.0,1936.0,876.0,2362,0,0,1,Pedestrian
37,1872.0,833.0,1933.0,876.0,2363,0,0,1,Pedestrian
37,1872.0,833.0,1933.0,876.0,2364,0,0,1,Pedestrian
37,1870.0,833.0,1930.0,876.0,2365,0,0,1,Pedestrian
37,1870.0,833.0,1930.0,876.0,2366,0,0,1,Pedestrian
37,1870.0,833.0,1930.0,876.0,2367,0,0,1,Pedestrian
37,1867.0,833.0,1927.0,876.0,2368,0,0,1,Pedestrian
37,1867.0,833.0,1927.0,876.0,2369,0,0,1,Pedestrian
37,1867.0,833.0,1927.0,876.0,2370,0,0,1,Pedestrian
37,1864.0,833.0,1925.0,876.0,2371,0,0,1,Pedestrian
37,1864.0,833.0,1925.0,876.0,2372,0,0,1,Pedestrian
37,1861.0,833.0,1922.0,876.0,2373,0,0,1,Pedestrian
37,1861.0,833.0,1922.0,876.0,2374,0,0,1,Pedestrian
37,1861.0,833.0,1922.0,876.0,2375,0,0,1,Pedestrian
37,1859.0,833.0,1919.0,876.0,2376,0,0,1,Pedestrian
37,1859.0,833.0,1919.0,876.0,2377,0,0,1,Pedestrian
37,1856.0,833.0,1916.0,876.0,2378,0,0,1,Pedestrian
37,1856.0,833.0,1916.0,876.0,2379,0,0,1,Pedestrian
37,1856.0,833.0,1916.0,876.0,2380,0,0,1,Pedestrian
37,1853.0,833.0,1914.0,876.0,2381,0,0,1,Pedestrian
37,1853.0,833.0,1914.0,876.0,2382,0,0,1,Pedestrian
37,1853.0,835.0,1914.0,878.0,2383,0,0,0,Pedestrian
37,1850.0,835.0,1911.0,878.0,2384,0,0,1,Pedestrian
37,1848.0,835.0,1908.0,878.0,2385,0,0,1,Pedestrian
37,1848.0,835.0,1908.0,878.0,2386,0,0,1,Pedestrian
37,1845.0,835.0,1905.0,878.0,2387,0,0,1,Pedestrian
37,1845.0,835.0,1905.0,878.0,2388,0,0,1,Pedestrian
37,1842.0,835.0,1903.0,878.0,2389,0,0,1,Pedestrian
37,1842.0,835.0,1903.0,878.0,2390,0,0,1,Pedestrian
37,1839.0,837.0,1900.0,881.0,2391,0,0,1,Pedestrian
37,1837.0,837.0,1897.0,881.0,2392,0,0,1,Pedestrian
37,1837.0,837.0,1897.0,881.0,2393,0,0,1,Pedestrian
37,1834.0,837.0,1894.0,881.0,2394,0,0,1,Pedestrian
37,1834.0,837.0,1894.0,881.0,2395,0,0,1,Pedestrian
37,1831.0,837.0,1892.0,881.0,2396,0,0,1,Pedestrian
37,1831.0,837.0,1892.0,881.0,2397,0,0,1,Pedestrian
37,1828.0,840.0,1889.0,883.0,2398,0,0,1,Pedestrian
37,1826.0,840.0,1886.0,883.0,2399,0,0,1,Pedestrian
37,1826.0,840.0,1886.0,883.0,2400,0,0,1,Pedestrian
37,1823.0,840.0,1883.0,883.0,2401,0,0,1,Pedestrian
37,1823.0,840.0,1883.0,883.0,2402,0,0,1,Pedestrian
37,1820.0,840.0,1881.0,883.0,2403,0,0,1,Pedestrian
37,1820.0,840.0,1881.0,883.0,2404,0,0,1,Pedestrian
37,1817.0,840.0,1878.0,883.0,2405,0,0,1,Pedestrian
37,1815.0,842.0,1875.0,885.0,2406,0,0,1,Pedestrian
37,1815.0,842.0,1875.0,885.0,2407,0,0,1,Pedestrian
37,1812.0,842.0,1872.0,885.0,2408,0,0,1,Pedestrian
37,1812.0,842.0,1872.0,885.0,2409,0,0,1,Pedestrian
37,1809.0,842.0,1870.0,885.0,2410,0,0,1,Pedestrian
37,1809.0,842.0,1870.0,885.0,2411,0,0,1,Pedestrian
37,1806.0,842.0,1867.0,885.0,2412,0,0,1,Pedestrian
37,1806.0,844.0,1867.0,888.0,2413,0,0,0,Pedestrian
37,1804.0,844.0,1864.0,888.0,2414,0,0,1,Pedestrian
37,1804.0,844.0,1864.0,888.0,2415,0,0,1,Pedestrian
37,1801.0,844.0,1861.0,888.0,2416,0,0,1,Pedestrian
37,1801.0,844.0,1861.0,888.0,2417,0,0,1,Pedestrian
37,1798.0,844.0,1859.0,888.0,2418,0,0,1,Pedestrian
37,1798.0,847.0,1859.0,890.0,2419,0,0,1,Pedestrian
37,1795.0,847.0,1856.0,890.0,2420,0,0,1,Pedestrian
37,1795.0,847.0,1856.0,890.0,2421,0,0,1,Pedestrian
37,1795.0,847.0,1856.0,890.0,2422,0,0,1,Pedestrian
37,1793.0,847.0,1853.0,890.0,2423,0,0,1,Pedestrian
37,1793.0,847.0,1853.0,890.0,2424,0,0,1,Pedestrian
37,1790.0,849.0,1850.0,892.0,2425,0,0,1,Pedestrian
37,1790.0,849.0,1850.0,892.0,2426,0,0,1,Pedestrian
37,1787.0,849.0,1848.0,892.0,2427,0,0,1,Pedestrian
37,1787.0,849.0,1848.0,892.0,2428,0,0,1,Pedestrian
37,1787.0,849.0,1848.0,892.0,2429,0,0,1,Pedestrian
37,1784.0,849.0,1845.0,892.0,2430,0,0,1,Pedestrian
37,1784.0,851.0,1845.0,894.0,2431,0,0,1,Pedestrian
37,1782.0,851.0,1842.0,894.0,2432,0,0,1,Pedestrian
37,1782.0,851.0,1842.0,894.0,2433,0,0,1,Pedestrian
37,1779.0,851.0,1839.0,894.0,2434,0,0,1,Pedestrian
37,1779.0,851.0,1839.0,894.0,2435,0,0,1,Pedestrian
37,1779.0,851.0,1839.0,894.0,2436,0,0,1,Pedestrian
37,1776.0,853.0,1837.0,897.0,2437,0,0,1,Pedestrian
37,1776.0,853.0,1837.0,897.0,2438,0,0,1,Pedestrian
37,1773.0,853.0,1834.0,897.0,2439,0,0,1,Pedestrian
37,1773.0,853.0,1834.0,897.0,2440,0,0,1,Pedestrian
37,1771.0,853.0,1831.0,897.0,2441,0,0,1,Pedestrian
37,1771.0,853.0,1831.0,897.0,2442,0,0,1,Pedestrian
37,1771.0,856.0,1831.0,899.0,2443,0,0,0,Pedestrian
37,1771.0,856.0,1831.0,899.0,2444,0,0,1,Pedestrian
37,1771.0,856.0,1831.0,899.0,2445,0,0,1,Pedestrian
37,1771.0,856.0,1831.0,899.0,2446,0,0,1,Pedestrian
37,1771.0,856.0,1831.0,899.0,2447,0,0,1,Pedestrian
37,1771.0,856.0,1831.0,899.0,2448,0,0,1,Pedestrian
37,1771.0,856.0,1831.0,899.0,2449,0,0,1,Pedestrian
37,1771.0,856.0,1831.0,899.0,2450,0,0,1,Pedestrian
37,1771.0,856.0,1831.0,899.0,2451,0,0,1,Pedestrian
37,1771.0,856.0,1831.0,899.0,2452,0,0,1,Pedestrian
37,1771.0,856.0,1831.0,899.0,2453,0,0,1,Pedestrian
37,1771.0,856.0,1831.0,899.0,2454,0,0,1,Pedestrian
37,1771.0,856.0,1831.0,899.0,2455,0,0,1,Pedestrian
37,1771.0,856.0,1831.0,899.0,2456,0,0,1,Pedestrian
37,1771.0,856.0,1831.0,899.0,2457,0,0,1,Pedestrian
37,1771.0,856.0,1831.0,899.0,2458,0,0,1,Pedestrian
37,1771.0,856.0,1831.0,899.0,2459,0,0,1,Pedestrian
37,1771.0,856.0,1831.0,899.0,2460,0,0,1,Pedestrian
37,1771.0,856.0,1831.0,899.0,2461,0,0,1,Pedestrian
37,1771.0,856.0,1831.0,899.0,2462,0,0,1,Pedestrian
37,1771.0,856.0,1831.0,899.0,2463,0,0,1,Pedestrian
37,1771.0,856.0,1831.0,899.0,2464,0,0,1,Pedestrian
37,1771.0,856.0,1831.0,899.0,2465,0,0,1,Pedestrian
37,1771.0,856.0,1831.0,899.0,2466,0,0,1,Pedestrian
37,1771.0,856.0,1831.0,899.0,2467,0,0,1,Pedestrian
37,1771.0,856.0,1831.0,899.0,2468,0,0,1,Pedestrian
37,1771.0,856.0,1831.0,899.0,2469,0,0,1,Pedestrian
37,1771.0,856.0,1831.0,899.0,2470,0,0,1,Pedestrian
37,1771.0,856.0,1831.0,899.0,2471,0,0,1,Pedestrian
37,1771.0,856.0,1831.0,899.0,2472,0,0,1,Pedestrian
37,1771.0,856.0,1831.0,899.0,2473,0,0,1,Pedestrian
37,1771.0,856.0,1831.0,899.0,2474,0,0,1,Pedestrian
37,1771.0,856.0,1831.0,899.0,2475,0,0,1,Pedestrian
37,1771.0,856.0,1831.0,899.0,2476,0,0,1,Pedestrian
37,1771.0,856.0,1831.0,899.0,2477,0,0,1,Pedestrian
37,1771.0,856.0,1831.0,899.0,2478,0,0,1,Pedestrian
37,1771.0,856.0,1831.0,899.0,2479,0,0,1,Pedestrian
37,1771.0,856.0,1831.0,899.0,2480,0,0,1,Pedestrian
37,1771.0,856.0,1831.0,899.0,2481,0,0,1,Pedestrian
37,1771.0,856.0,1831.0,899.0,2482,0,0,1,Pedestrian
37,1771.0,856.0,1831.0,899.0,2483,0,0,1,Pedestrian
37,1771.0,856.0,1831.0,899.0,2484,0,0,1,Pedestrian
37,1771.0,856.0,1831.0,899.0,2485,0,0,1,Pedestrian
37,1771.0,856.0,1831.0,899.0,2486,0,0,1,Pedestrian
37,1771.0,856.0,1831.0,899.0,2487,0,0,1,Pedestrian
37,1771.0,856.0,1831.0,899.0,2488,0,0,1,Pedestrian
37,1771.0,856.0,1831.0,899.0,2489,0,0,1,Pedestrian
37,1771.0,856.0,1831.0,899.0,2490,0,0,1,Pedestrian
37,1771.0,856.0,1831.0,899.0,2491,0,0,1,Pedestrian
37,1771.0,856.0,1831.0,899.0,2492,0,0,1,Pedestrian
37,1771.0,856.0,1831.0,899.0,2493,0,0,1,Pedestrian
37,1771.0,856.0,1831.0,899.0,2494,0,0,1,Pedestrian
37,1771.0,856.0,1831.0,899.0,2495,0,0,1,Pedestrian
37,1771.0,856.0,1831.0,899.0,2496,0,0,1,Pedestrian
37,1771.0,856.0,1831.0,899.0,2497,0,0,1,Pedestrian
37,1771.0,856.0,1831.0,899.0,2498,0,0,1,Pedestrian
37,1771.0,856.0,1831.0,899.0,2499,0,0,1,Pedestrian
37,1771.0,856.0,1831.0,899.0,2500,0,0,0,Pedestrian
37,1771.0,856.0,1831.0,897.0,2501,0,0,1,Pedestrian
37,1771.0,856.0,1831.0,897.0,2502,0,0,1,Pedestrian
37,1771.0,856.0,1831.0,897.0,2503,0,0,1,Pedestrian
37,1771.0,856.0,1831.0,897.0,2504,0,0,1,Pedestrian
37,1771.0,856.0,1831.0,897.0,2505,0,0,1,Pedestrian
37,1771.0,856.0,1831.0,897.0,2506,0,0,1,Pedestrian
37,1771.0,856.0,1831.0,897.0,2507,0,0,1,Pedestrian
37,1771.0,856.0,1831.0,897.0,2508,0,0,1,Pedestrian
37,1771.0,856.0,1831.0,897.0,2509,0,0,1,Pedestrian
37,1771.0,856.0,1831.0,897.0,2510,0,0,1,Pedestrian
37,1771.0,856.0,1831.0,897.0,2511,0,0,1,Pedestrian
37,1771.0,856.0,1831.0,897.0,2512,0,0,1,Pedestrian
37,1771.0,856.0,1831.0,897.0,2513,0,0,1,Pedestrian
37,1771.0,856.0,1831.0,897.0,2514,0,0,1,Pedestrian
37,1771.0,856.0,1831.0,897.0,2515,0,0,1,Pedestrian
37,1771.0,856.0,1831.0,897.0,2516,0,0,1,Pedestrian
37,1771.0,856.0,1831.0,897.0,2517,0,0,1,Pedestrian
37,1771.0,856.0,1831.0,897.0,2518,0,0,1,Pedestrian
37,1771.0,856.0,1831.0,897.0,2519,0,0,1,Pedestrian
37,1771.0,856.0,1831.0,897.0,2520,0,0,1,Pedestrian
37,1771.0,856.0,1831.0,897.0,2521,0,0,1,Pedestrian
37,1771.0,856.0,1831.0,897.0,2522,0,0,1,Pedestrian
37,1771.0,856.0,1831.0,897.0,2523,0,0,1,Pedestrian
37,1771.0,856.0,1831.0,897.0,2524,0,0,1,Pedestrian
37,1771.0,856.0,1831.0,897.0,2525,0,0,1,Pedestrian
37,1771.0,856.0,1831.0,897.0,2526,0,0,1,Pedestrian
37,1771.0,856.0,1831.0,897.0,2527,0,0,1,Pedestrian
37,1771.0,856.0,1831.0,897.0,2528,0,0,1,Pedestrian
37,1771.0,856.0,1831.0,897.0,2529,0,0,1,Pedestrian
37,1771.0,856.0,1831.0,897.0,2530,0,0,1,Pedestrian
37,1771.0,856.0,1831.0,897.0,2531,0,0,1,Pedestrian
37,1771.0,856.0,1831.0,897.0,2532,0,0,1,Pedestrian
37,1771.0,856.0,1831.0,897.0,2533,0,0,1,Pedestrian
37,1771.0,856.0,1831.0,897.0,2534,0,0,1,Pedestrian
37,1771.0,856.0,1831.0,897.0,2535,0,0,1,Pedestrian
37,1771.0,856.0,1831.0,897.0,2536,0,0,1,Pedestrian
37,1771.0,856.0,1831.0,897.0,2537,0,0,1,Pedestrian
37,1771.0,856.0,1831.0,897.0,2538,0,0,1,Pedestrian
37,1771.0,856.0,1831.0,897.0,2539,0,0,1,Pedestrian
37,1773.0,856.0,1834.0,894.0,2540,0,0,1,Pedestrian
37,1773.0,856.0,1834.0,894.0,2541,0,0,1,Pedestrian
37,1773.0,856.0,1834.0,894.0,2542,0,0,1,Pedestrian
37,1773.0,856.0,1834.0,894.0,2543,0,0,1,Pedestrian
37,1773.0,856.0,1834.0,894.0,2544,0,0,1,Pedestrian
37,1773.0,856.0,1834.0,894.0,2545,0,0,1,Pedestrian
37,1773.0,856.0,1834.0,894.0,2546,0,0,1,Pedestrian
37,1773.0,856.0,1834.0,894.0,2547,0,0,1,Pedestrian
37,1773.0,856.0,1834.0,894.0,2548,0,0,1,Pedestrian
37,1773.0,856.0,1834.0,894.0,2549,0,0,1,Pedestrian
37,1773.0,856.0,1834.0,894.0,2550,0,0,1,Pedestrian
37,1773.0,856.0,1834.0,894.0,2551,0,0,1,Pedestrian
37,1773.0,856.0,1834.0,894.0,2552,0,0,1,Pedestrian
37,1773.0,856.0,1834.0,894.0,2553,0,0,1,Pedestrian
37,1773.0,856.0,1834.0,894.0,2554,0,0,1,Pedestrian
37,1773.0,856.0,1834.0,894.0,2555,0,0,1,Pedestrian
37,1773.0,856.0,1834.0,894.0,2556,0,0,1,Pedestrian
37,1773.0,856.0,1834.0,894.0,2557,0,0,1,Pedestrian
37,1773.0,856.0,1834.0,894.0,2558,0,0,1,Pedestrian
37,1773.0,856.0,1834.0,894.0,2559,0,0,1,Pedestrian
37,1773.0,858.0,1834.0,894.0,2560,0,0,1,Pedestrian
37,1773.0,858.0,1834.0,894.0,2561,0,0,1,Pedestrian
37,1773.0,858.0,1834.0,894.0,2562,0,0,1,Pedestrian
37,1773.0,858.0,1834.0,894.0,2563,0,0,1,Pedestrian
37,1773.0,858.0,1834.0,894.0,2564,0,0,1,Pedestrian
37,1773.0,858.0,1834.0,894.0,2565,0,0,1,Pedestrian
37,1773.0,858.0,1834.0,894.0,2566,0,0,1,Pedestrian
37,1773.0,858.0,1834.0,894.0,2567,0,0,1,Pedestrian
37,1773.0,858.0,1834.0,894.0,2568,0,0,1,Pedestrian
37,1773.0,858.0,1834.0,894.0,2569,0,0,1,Pedestrian
37,1773.0,858.0,1834.0,894.0,2570,0,0,1,Pedestrian
37,1773.0,858.0,1834.0,894.0,2571,0,0,1,Pedestrian
37,1773.0,858.0,1834.0,894.0,2572,0,0,1,Pedestrian
37,1773.0,858.0,1834.0,894.0,2573,0,0,1,Pedestrian
37,1773.0,858.0,1834.0,894.0,2574,0,0,1,Pedestrian
37,1773.0,858.0,1834.0,894.0,2575,0,0,1,Pedestrian
37,1773.0,858.0,1834.0,894.0,2576,0,0,1,Pedestrian
37,1773.0,858.0,1834.0,894.0,2577,0,0,1,Pedestrian
37,1773.0,858.0,1834.0,894.0,2578,0,0,1,Pedestrian
37,1773.0,858.0,1834.0,894.0,2579,0,0,1,Pedestrian
37,1776.0,858.0,1837.0,892.0,2580,0,0,1,Pedestrian
37,1776.0,858.0,1837.0,892.0,2581,0,0,1,Pedestrian
37,1776.0,858.0,1837.0,892.0,2582,0,0,1,Pedestrian
37,1776.0,858.0,1837.0,892.0,2583,0,0,1,Pedestrian
37,1776.0,858.0,1837.0,892.0,2584,0,0,1,Pedestrian
37,1776.0,858.0,1837.0,892.0,2585,0,0,1,Pedestrian
37,1776.0,858.0,1837.0,892.0,2586,0,0,1,Pedestrian
37,1776.0,858.0,1837.0,892.0,2587,0,0,1,Pedestrian
37,1776.0,858.0,1837.0,892.0,2588,0,0,1,Pedestrian
37,1776.0,858.0,1837.0,892.0,2589,0,0,1,Pedestrian
37,1776.0,858.0,1837.0,892.0,2590,0,0,1,Pedestrian
37,1776.0,858.0,1837.0,892.0,2591,0,0,1,Pedestrian
37,1776.0,858.0,1837.0,892.0,2592,0,0,1,Pedestrian
37,1776.0,858.0,1837.0,892.0,2593,0,0,1,Pedestrian
37,1776.0,858.0,1837.0,892.0,2594,0,0,1,Pedestrian
37,1776.0,858.0,1837.0,892.0,2595,0,0,1,Pedestrian
37,1776.0,858.0,1837.0,892.0,2596,0,0,1,Pedestrian
37,1776.0,858.0,1837.0,892.0,2597,0,0,1,Pedestrian
37,1776.0,858.0,1837.0,892.0,2598,0,0,1,Pedestrian
37,1776.0,858.0,1837.0,892.0,2599,0,0,1,Pedestrian
37,1776.0,858.0,1837.0,892.0,2600,0,0,1,Pedestrian
37,1776.0,858.0,1837.0,892.0,2601,0,0,1,Pedestrian
37,1776.0,858.0,1837.0,892.0,2602,0,0,1,Pedestrian
37,1776.0,858.0,1837.0,892.0,2603,0,0,1,Pedestrian
37,1776.0,858.0,1837.0,892.0,2604,0,0,1,Pedestrian
37,1776.0,858.0,1837.0,892.0,2605,0,0,1,Pedestrian
37,1776.0,858.0,1837.0,892.0,2606,0,0,1,Pedestrian
37,1776.0,858.0,1837.0,892.0,2607,0,0,1,Pedestrian
37,1776.0,858.0,1837.0,892.0,2608,0,0,1,Pedestrian
37,1776.0,858.0,1837.0,892.0,2609,0,0,1,Pedestrian
37,1776.0,858.0,1837.0,892.0,2610,0,0,1,Pedestrian
37,1776.0,858.0,1837.0,892.0,2611,0,0,1,Pedestrian
37,1776.0,858.0,1837.0,892.0,2612,0,0,1,Pedestrian
37,1776.0,858.0,1837.0,892.0,2613,0,0,1,Pedestrian
37,1776.0,858.0,1837.0,892.0,2614,0,0,1,Pedestrian
37,1776.0,858.0,1837.0,892.0,2615,0,0,1,Pedestrian
37,1776.0,858.0,1837.0,892.0,2616,0,0,1,Pedestrian
37,1776.0,858.0,1837.0,892.0,2617,0,0,1,Pedestrian
37,1776.0,858.0,1837.0,892.0,2618,0,0,1,Pedestrian
37,1779.0,860.0,1839.0,892.0,2619,0,0,0,Pedestrian
37,1779.0,860.0,1839.0,892.0,2620,0,0,1,Pedestrian
37,1779.0,860.0,1839.0,892.0,2621,0,0,1,Pedestrian
37,1779.0,860.0,1839.0,892.0,2622,0,0,1,Pedestrian
37,1779.0,860.0,1839.0,892.0,2623,0,0,1,Pedestrian
37,1779.0,860.0,1839.0,892.0,2624,0,0,1,Pedestrian
37,1779.0,860.0,1839.0,892.0,2625,0,0,1,Pedestrian
37,1779.0,860.0,1839.0,892.0,2626,0,0,1,Pedestrian
37,1779.0,860.0,1839.0,892.0,2627,0,0,1,Pedestrian
37,1779.0,860.0,1839.0,892.0,2628,0,0,1,Pedestrian
37,1779.0,860.0,1839.0,892.0,2629,0,0,1,Pedestrian
37,1779.0,860.0,1839.0,892.0,2630,0,0,1,Pedestrian
37,1779.0,860.0,1839.0,892.0,2631,0,0,1,Pedestrian
37,1779.0,860.0,1839.0,892.0,2632,0,0,1,Pedestrian
37,1779.0,860.0,1839.0,892.0,2633,0,0,1,Pedestrian
37,1779.0,860.0,1839.0,892.0,2634,0,0,1,Pedestrian
37,1779.0,860.0,1839.0,892.0,2635,0,0,1,Pedestrian
37,1779.0,860.0,1839.0,892.0,2636,0,0,1,Pedestrian
37,1779.0,860.0,1839.0,892.0,2637,0,0,1,Pedestrian
37,1779.0,860.0,1839.0,892.0,2638,0,0,1,Pedestrian
37,1779.0,860.0,1839.0,892.0,2639,0,0,1,Pedestrian
37,1779.0,860.0,1839.0,892.0,2640,0,0,1,Pedestrian
37,1779.0,860.0,1839.0,892.0,2641,0,0,1,Pedestrian
37,1779.0,860.0,1839.0,892.0,2642,0,0,1,Pedestrian
37,1779.0,860.0,1839.0,892.0,2643,0,0,1,Pedestrian
37,1779.0,860.0,1839.0,892.0,2644,0,0,1,Pedestrian
37,1779.0,860.0,1839.0,892.0,2645,0,0,1,Pedestrian
37,1779.0,860.0,1839.0,892.0,2646,0,0,1,Pedestrian
37,1779.0,860.0,1839.0,892.0,2647,0,0,1,Pedestrian
37,1779.0,860.0,1839.0,892.0,2648,0,0,1,Pedestrian
37,1779.0,860.0,1839.0,892.0,2649,0,0,1,Pedestrian
37,1779.0,860.0,1839.0,892.0,2650,0,0,1,Pedestrian
37,1779.0,860.0,1839.0,892.0,2651,0,0,1,Pedestrian
37,1779.0,860.0,1839.0,892.0,2652,0,0,1,Pedestrian
37,1779.0,860.0,1839.0,892.0,2653,0,0,1,Pedestrian
37,1779.0,860.0,1839.0,892.0,2654,0,0,1,Pedestrian
37,1779.0,860.0,1839.0,892.0,2655,0,0,1,Pedestrian
37,1779.0,860.0,1839.0,892.0,2656,0,0,1,Pedestrian
37,1779.0,860.0,1839.0,892.0,2657,0,0,1,Pedestrian
37,1779.0,860.0,1839.0,892.0,2658,0,0,1,Pedestrian
37,1779.0,860.0,1839.0,892.0,2659,0,0,1,Pedestrian
37,1779.0,860.0,1839.0,892.0,2660,0,0,1,Pedestrian
37,1779.0,860.0,1839.0,892.0,2661,0,0,1,Pedestrian
37,1779.0,860.0,1839.0,892.0,2662,0,0,1,Pedestrian
37,1779.0,860.0,1839.0,892.0,2663,0,0,1,Pedestrian
37,1779.0,860.0,1839.0,892.0,2664,0,0,1,Pedestrian
37,1779.0,860.0,1839.0,892.0,2665,0,0,1,Pedestrian
37,1779.0,860.0,1839.0,892.0,2666,0,0,1,Pedestrian
37,1779.0,860.0,1839.0,892.0,2667,0,0,1,Pedestrian
37,1779.0,860.0,1839.0,892.0,2668,0,0,1,Pedestrian
37,1779.0,860.0,1839.0,892.0,2669,0,0,1,Pedestrian
37,1779.0,860.0,1839.0,892.0,2670,0,0,1,Pedestrian
37,1779.0,860.0,1839.0,892.0,2671,0,0,1,Pedestrian
37,1779.0,860.0,1839.0,892.0,2672,0,0,1,Pedestrian
37,1779.0,860.0,1839.0,892.0,2673,0,0,1,Pedestrian
37,1779.0,860.0,1839.0,892.0,2674,0,0,1,Pedestrian
37,1779.0,860.0,1839.0,892.0,2675,0,0,1,Pedestrian
37,1779.0,860.0,1839.0,892.0,2676,0,0,1,Pedestrian
37,1779.0,860.0,1839.0,892.0,2677,0,0,1,Pedestrian
37,1779.0,860.0,1839.0,892.0,2678,0,0,1,Pedestrian
37,1779.0,860.0,1839.0,892.0,2679,0,0,1,Pedestrian
37,1779.0,860.0,1839.0,892.0,2680,0,0,1,Pedestrian
37,1779.0,860.0,1839.0,892.0,2681,0,0,1,Pedestrian
37,1779.0,860.0,1839.0,892.0,2682,0,0,1,Pedestrian
37,1779.0,860.0,1839.0,892.0,2683,0,0,1,Pedestrian
37,1779.0,860.0,1839.0,892.0,2684,0,0,1,Pedestrian
37,1779.0,860.0,1839.0,892.0,2685,0,0,1,Pedestrian
37,1779.0,860.0,1839.0,892.0,2686,0,0,1,Pedestrian
37,1779.0,860.0,1839.0,892.0,2687,0,0,1,Pedestrian
37,1779.0,860.0,1839.0,892.0,2688,0,0,1,Pedestrian
37,1779.0,860.0,1839.0,892.0,2689,0,0,1,Pedestrian
37,1779.0,860.0,1839.0,892.0,2690,0,0,1,Pedestrian
37,1779.0,860.0,1839.0,892.0,2691,0,0,1,Pedestrian
37,1779.0,860.0,1839.0,892.0,2692,0,0,1,Pedestrian
37,1779.0,860.0,1839.0,892.0,2693,0,0,1,Pedestrian
37,1779.0,860.0,1839.0,892.0,2694,0,0,1,Pedestrian
37,1779.0,860.0,1839.0,892.0,2695,0,0,1,Pedestrian
37,1779.0,860.0,1839.0,892.0,2696,0,0,1,Pedestrian
37,1779.0,860.0,1839.0,892.0,2697,0,0,1,Pedestrian
37,1779.0,860.0,1839.0,892.0,2698,0,0,1,Pedestrian
37,1779.0,860.0,1839.0,892.0,2699,0,0,1,Pedestrian
37,1779.0,860.0,1839.0,892.0,2700,0,0,1,Pedestrian
37,1779.0,860.0,1839.0,892.0,2701,0,0,1,Pedestrian
37,1779.0,860.0,1839.0,892.0,2702,0,0,1,Pedestrian
37,1779.0,860.0,1839.0,892.0,2703,0,0,1,Pedestrian
37,1779.0,860.0,1839.0,892.0,2704,0,0,1,Pedestrian
37,1779.0,860.0,1839.0,892.0,2705,0,0,1,Pedestrian
37,1779.0,860.0,1839.0,892.0,2706,0,0,1,Pedestrian
37,1779.0,860.0,1839.0,892.0,2707,0,0,1,Pedestrian
37,1779.0,860.0,1839.0,892.0,2708,0,0,1,Pedestrian
37,1779.0,860.0,1839.0,892.0,2709,0,0,1,Pedestrian
37,1779.0,860.0,1839.0,892.0,2710,0,0,1,Pedestrian
37,1779.0,860.0,1839.0,892.0,2711,0,0,1,Pedestrian
37,1779.0,860.0,1839.0,892.0,2712,0,0,1,Pedestrian
37,1779.0,860.0,1839.0,892.0,2713,0,0,1,Pedestrian
37,1779.0,860.0,1839.0,892.0,2714,0,0,1,Pedestrian
37,1779.0,860.0,1839.0,892.0,2715,0,0,1,Pedestrian
37,1779.0,860.0,1839.0,892.0,2716,0,0,1,Pedestrian
37,1779.0,860.0,1839.0,892.0,2717,0,0,1,Pedestrian
37,1779.0,860.0,1839.0,892.0,2718,0,0,1,Pedestrian
37,1779.0,860.0,1839.0,892.0,2719,0,0,1,Pedestrian
37,1779.0,860.0,1839.0,892.0,2720,0,0,1,Pedestrian
37,1779.0,860.0,1839.0,892.0,2721,0,0,1,Pedestrian
37,1779.0,860.0,1839.0,892.0,2722,0,0,1,Pedestrian
37,1779.0,860.0,1839.0,892.0,2723,0,0,1,Pedestrian
37,1779.0,860.0,1839.0,892.0,2724,0,0,1,Pedestrian
37,1779.0,860.0,1839.0,892.0,2725,0,0,1,Pedestrian
37,1779.0,860.0,1839.0,892.0,2726,0,0,1,Pedestrian
37,1779.0,860.0,1839.0,892.0,2727,0,0,1,Pedestrian
37,1779.0,860.0,1839.0,892.0,2728,0,0,1,Pedestrian
37,1779.0,860.0,1839.0,892.0,2729,0,0,1,Pedestrian
37,1779.0,860.0,1839.0,892.0,2730,0,0,1,Pedestrian
37,1779.0,860.0,1839.0,892.0,2731,0,0,1,Pedestrian
37,1779.0,860.0,1839.0,892.0,2732,0,0,1,Pedestrian
37,1779.0,860.0,1839.0,892.0,2733,0,0,1,Pedestrian
37,1779.0,860.0,1839.0,892.0,2734,0,0,1,Pedestrian
37,1779.0,860.0,1839.0,892.0,2735,0,0,1,Pedestrian
37,1779.0,860.0,1839.0,892.0,2736,0,0,1,Pedestrian
37,1779.0,860.0,1839.0,892.0,2737,0,0,1,Pedestrian
37,1779.0,860.0,1839.0,892.0,2738,0,0,1,Pedestrian
37,1779.0,860.0,1839.0,892.0,2739,0,0,1,Pedestrian
37,1779.0,860.0,1839.0,892.0,2740,0,0,1,Pedestrian
37,1779.0,860.0,1839.0,892.0,2741,0,0,1,Pedestrian
37,1779.0,860.0,1839.0,892.0,2742,0,0,1,Pedestrian
37,1779.0,860.0,1839.0,892.0,2743,0,0,1,Pedestrian
37,1779.0,860.0,1839.0,892.0,2744,0,0,1,Pedestrian
37,1779.0,860.0,1839.0,892.0,2745,0,0,1,Pedestrian
37,1779.0,860.0,1839.0,892.0,2746,0,0,1,Pedestrian
37,1779.0,860.0,1839.0,892.0,2747,0,0,1,Pedestrian
37,1779.0,860.0,1839.0,892.0,2748,0,0,1,Pedestrian
37,1779.0,860.0,1839.0,892.0,2749,0,0,1,Pedestrian
37,1779.0,860.0,1839.0,892.0,2750,0,0,1,Pedestrian
37,1779.0,860.0,1839.0,892.0,2751,0,0,1,Pedestrian
37,1779.0,860.0,1839.0,892.0,2752,0,0,1,Pedestrian
37,1779.0,860.0,1839.0,892.0,2753,0,0,1,Pedestrian
37,1779.0,860.0,1839.0,892.0,2754,0,0,1,Pedestrian
37,1779.0,860.0,1839.0,892.0,2755,0,0,1,Pedestrian
37,1779.0,860.0,1839.0,892.0,2756,0,0,1,Pedestrian
37,1779.0,860.0,1839.0,892.0,2757,0,0,1,Pedestrian
37,1779.0,860.0,1839.0,892.0,2758,0,0,1,Pedestrian
37,1779.0,860.0,1839.0,892.0,2759,0,0,1,Pedestrian
37,1779.0,860.0,1839.0,892.0,2760,0,0,1,Pedestrian
37,1779.0,860.0,1839.0,892.0,2761,0,0,1,Pedestrian
37,1779.0,860.0,1839.0,892.0,2762,0,0,1,Pedestrian
37,1779.0,860.0,1839.0,892.0,2763,0,0,1,Pedestrian
37,1779.0,860.0,1839.0,892.0,2764,0,0,1,Pedestrian
37,1779.0,860.0,1839.0,892.0,2765,0,0,1,Pedestrian
37,1779.0,860.0,1839.0,892.0,2766,0,0,1,Pedestrian
37,1779.0,860.0,1839.0,892.0,2767,0,0,1,Pedestrian
37,1779.0,860.0,1839.0,892.0,2768,0,0,1,Pedestrian
37,1779.0,860.0,1839.0,892.0,2769,0,0,1,Pedestrian
37,1779.0,860.0,1839.0,892.0,2770,0,0,1,Pedestrian
37,1779.0,860.0,1839.0,892.0,2771,0,0,1,Pedestrian
37,1779.0,860.0,1839.0,892.0,2772,0,0,1,Pedestrian
37,1779.0,860.0,1839.0,892.0,2773,0,0,1,Pedestrian
37,1779.0,860.0,1839.0,892.0,2774,0,0,1,Pedestrian
37,1779.0,860.0,1839.0,892.0,2775,0,0,1,Pedestrian
37,1779.0,860.0,1839.0,892.0,2776,0,0,1,Pedestrian
37,1779.0,860.0,1839.0,892.0,2777,0,0,1,Pedestrian
37,1779.0,860.0,1839.0,892.0,2778,0,0,1,Pedestrian
37,1779.0,860.0,1839.0,892.0,2779,0,0,1,Pedestrian
37,1779.0,860.0,1839.0,892.0,2780,0,0,1,Pedestrian
37,1779.0,860.0,1839.0,892.0,2781,0,0,1,Pedestrian
37,1779.0,860.0,1839.0,892.0,2782,0,0,1,Pedestrian
37,1779.0,860.0,1839.0,892.0,2783,0,0,1,Pedestrian
37,1779.0,860.0,1839.0,892.0,2784,0,0,1,Pedestrian
37,1779.0,860.0,1839.0,892.0,2785,0,0,1,Pedestrian
37,1779.0,860.0,1839.0,892.0,2786,0,0,1,Pedestrian
37,1779.0,860.0,1839.0,892.0,2787,0,0,1,Pedestrian
37,1779.0,860.0,1839.0,892.0,2788,0,0,1,Pedestrian
37,1779.0,860.0,1839.0,892.0,2789,0,0,1,Pedestrian
37,1779.0,860.0,1839.0,892.0,2790,0,0,1,Pedestrian
37,1779.0,860.0,1839.0,892.0,2791,0,0,1,Pedestrian
37,1779.0,860.0,1839.0,892.0,2792,0,0,1,Pedestrian
37,1779.0,860.0,1839.0,892.0,2793,0,0,1,Pedestrian
37,1779.0,860.0,1839.0,892.0,2794,0,0,1,Pedestrian
37,1779.0,860.0,1839.0,892.0,2795,0,0,1,Pedestrian
37,1779.0,860.0,1839.0,892.0,2796,0,0,1,Pedestrian
37,1779.0,860.0,1839.0,892.0,2797,0,0,1,Pedestrian
37,1779.0,860.0,1839.0,892.0,2798,0,0,1,Pedestrian
37,1779.0,860.0,1839.0,892.0,2799,0,0,1,Pedestrian
37,1779.0,860.0,1839.0,892.0,2800,0,0,1,Pedestrian
37,1779.0,860.0,1839.0,892.0,2801,0,0,1,Pedestrian
37,1779.0,860.0,1839.0,892.0,2802,0,0,1,Pedestrian
37,1779.0,860.0,1839.0,892.0,2803,0,0,1,Pedestrian
37,1779.0,860.0,1839.0,892.0,2804,0,0,1,Pedestrian
37,1779.0,860.0,1839.0,892.0,2805,0,0,1,Pedestrian
37,1779.0,860.0,1839.0,892.0,2806,0,0,1,Pedestrian
37,1779.0,860.0,1839.0,892.0,2807,0,0,1,Pedestrian
37,1779.0,860.0,1839.0,892.0,2808,0,0,1,Pedestrian
37,1779.0,860.0,1839.0,892.0,2809,0,0,1,Pedestrian
37,1779.0,860.0,1839.0,892.0,2810,0,0,1,Pedestrian
37,1779.0,860.0,1839.0,892.0,2811,0,0,1,Pedestrian
37,1779.0,860.0,1839.0,892.0,2812,0,0,1,Pedestrian
37,1779.0,860.0,1839.0,892.0,2813,0,0,1,Pedestrian
37,1779.0,860.0,1839.0,892.0,2814,0,0,1,Pedestrian
37,1779.0,860.0,1839.0,892.0,2815,0,0,1,Pedestrian
37,1779.0,860.0,1839.0,892.0,2816,0,0,1,Pedestrian
37,1779.0,860.0,1839.0,892.0,2817,0,0,1,Pedestrian
37,1779.0,860.0,1839.0,892.0,2818,0,0,1,Pedestrian
37,1779.0,860.0,1839.0,892.0,2819,0,0,1,Pedestrian
37,1779.0,860.0,1839.0,892.0,2820,0,0,1,Pedestrian
37,1779.0,860.0,1839.0,892.0,2821,0,0,1,Pedestrian
37,1779.0,860.0,1839.0,892.0,2822,0,0,1,Pedestrian
37,1779.0,860.0,1839.0,892.0,2823,0,0,1,Pedestrian
37,1779.0,860.0,1839.0,892.0,2824,0,0,1,Pedestrian
37,1779.0,860.0,1839.0,892.0,2825,0,0,1,Pedestrian
37,1779.0,860.0,1839.0,892.0,2826,0,0,1,Pedestrian
37,1779.0,860.0,1839.0,892.0,2827,0,0,1,Pedestrian
37,1779.0,860.0,1839.0,892.0,2828,0,0,1,Pedestrian
37,1779.0,860.0,1839.0,892.0,2829,0,0,1,Pedestrian
37,1779.0,860.0,1839.0,892.0,2830,0,0,1,Pedestrian
37,1779.0,860.0,1839.0,892.0,2831,0,0,1,Pedestrian
37,1779.0,860.0,1839.0,892.0,2832,0,0,1,Pedestrian
37,1779.0,860.0,1839.0,892.0,2833,0,0,1,Pedestrian
37,1779.0,860.0,1839.0,892.0,2834,0,0,1,Pedestrian
37,1779.0,860.0,1839.0,892.0,2835,0,0,1,Pedestrian
37,1779.0,860.0,1839.0,892.0,2836,0,0,1,Pedestrian
37,1779.0,860.0,1839.0,892.0,2837,0,0,1,Pedestrian
37,1779.0,860.0,1839.0,892.0,2838,0,0,1,Pedestrian
37,1779.0,860.0,1839.0,892.0,2839,0,0,1,Pedestrian
37,1779.0,860.0,1839.0,892.0,2840,0,0,1,Pedestrian
37,1779.0,860.0,1839.0,892.0,2841,0,0,1,Pedestrian
37,1779.0,860.0,1839.0,892.0,2842,0,0,1,Pedestrian
37,1779.0,860.0,1839.0,892.0,2843,0,0,1,Pedestrian
37,1779.0,860.0,1839.0,892.0,2844,0,0,1,Pedestrian
37,1779.0,860.0,1839.0,892.0,2845,0,0,1,Pedestrian
37,1779.0,860.0,1839.0,892.0,2846,0,0,1,Pedestrian
37,1779.0,860.0,1839.0,892.0,2847,0,0,1,Pedestrian
37,1779.0,860.0,1839.0,892.0,2848,0,0,1,Pedestrian
37,1779.0,860.0,1839.0,892.0,2849,0,0,1,Pedestrian
37,1779.0,860.0,1839.0,892.0,2850,0,0,1,Pedestrian
37,1779.0,860.0,1839.0,892.0,2851,0,0,1,Pedestrian
37,1779.0,860.0,1839.0,892.0,2852,0,0,1,Pedestrian
37,1779.0,860.0,1839.0,892.0,2853,0,0,1,Pedestrian
37,1779.0,860.0,1839.0,892.0,2854,0,0,1,Pedestrian
37,1779.0,860.0,1839.0,892.0,2855,0,0,1,Pedestrian
37,1779.0,860.0,1839.0,892.0,2856,0,0,1,Pedestrian
37,1779.0,860.0,1839.0,892.0,2857,0,0,1,Pedestrian
37,1779.0,860.0,1839.0,892.0,2858,0,0,1,Pedestrian
37,1779.0,860.0,1839.0,892.0,2859,0,0,1,Pedestrian
37,1779.0,860.0,1839.0,892.0,2860,0,0,1,Pedestrian
37,1779.0,860.0,1839.0,892.0,2861,0,0,1,Pedestrian
37,1779.0,860.0,1839.0,892.0,2862,0,0,1,Pedestrian
37,1779.0,860.0,1839.0,892.0,2863,0,0,1,Pedestrian
37,1779.0,860.0,1839.0,892.0,2864,0,0,1,Pedestrian
37,1779.0,860.0,1839.0,892.0,2865,0,0,1,Pedestrian
37,1779.0,860.0,1839.0,892.0,2866,0,0,1,Pedestrian
37,1779.0,860.0,1839.0,892.0,2867,0,0,1,Pedestrian
37,1779.0,860.0,1839.0,892.0,2868,0,0,1,Pedestrian
37,1779.0,860.0,1839.0,892.0,2869,0,0,1,Pedestrian
37,1779.0,860.0,1839.0,892.0,2870,0,0,1,Pedestrian
37,1779.0,860.0,1839.0,892.0,2871,0,0,1,Pedestrian
37,1779.0,860.0,1839.0,892.0,2872,0,0,1,Pedestrian
37,1779.0,860.0,1839.0,892.0,2873,0,0,1,Pedestrian
37,1779.0,860.0,1839.0,892.0,2874,0,0,1,Pedestrian
37,1779.0,860.0,1839.0,892.0,2875,0,0,1,Pedestrian
37,1779.0,860.0,1839.0,892.0,2876,0,0,1,Pedestrian
37,1779.0,860.0,1839.0,892.0,2877,0,0,1,Pedestrian
37,1779.0,860.0,1839.0,892.0,2878,0,0,1,Pedestrian
37,1779.0,860.0,1839.0,892.0,2879,0,0,1,Pedestrian
37,1779.0,860.0,1839.0,892.0,2880,0,0,1,Pedestrian
37,1779.0,860.0,1839.0,892.0,2881,0,0,1,Pedestrian
37,1779.0,860.0,1839.0,892.0,2882,0,0,1,Pedestrian
37,1779.0,860.0,1839.0,892.0,2883,0,0,1,Pedestrian
37,1779.0,860.0,1839.0,892.0,2884,0,0,1,Pedestrian
37,1779.0,860.0,1839.0,892.0,2885,0,0,1,Pedestrian
37,1779.0,860.0,1839.0,892.0,2886,0,0,1,Pedestrian
37,1779.0,860.0,1839.0,892.0,2887,0,0,1,Pedestrian
37,1779.0,860.0,1839.0,892.0,2888,0,0,1,Pedestrian
37,1779.0,860.0,1839.0,892.0,2889,0,0,1,Pedestrian
37,1779.0,860.0,1839.0,892.0,2890,0,0,1,Pedestrian
37,1779.0,860.0,1839.0,892.0,2891,0,0,1,Pedestrian
37,1779.0,860.0,1839.0,892.0,2892,0,0,1,Pedestrian
37,1779.0,860.0,1839.0,892.0,2893,0,0,1,Pedestrian
37,1779.0,860.0,1839.0,892.0,2894,0,0,1,Pedestrian
37,1779.0,860.0,1839.0,892.0,2895,0,0,1,Pedestrian
37,1779.0,860.0,1839.0,892.0,2896,0,0,1,Pedestrian
37,1779.0,860.0,1839.0,892.0,2897,0,0,1,Pedestrian
37,1779.0,860.0,1839.0,892.0,2898,0,0,1,Pedestrian
37,1779.0,860.0,1839.0,892.0,2899,0,0,1,Pedestrian
37,1779.0,860.0,1839.0,892.0,2900,0,0,1,Pedestrian
37,1779.0,860.0,1839.0,892.0,2901,0,0,1,Pedestrian
37,1779.0,860.0,1839.0,892.0,2902,0,0,1,Pedestrian
37,1779.0,860.0,1839.0,892.0,2903,0,0,1,Pedestrian
37,1779.0,860.0,1839.0,892.0,2904,0,0,1,Pedestrian
37,1779.0,860.0,1839.0,892.0,2905,0,0,1,Pedestrian
37,1779.0,860.0,1839.0,892.0,2906,0,0,1,Pedestrian
37,1779.0,860.0,1839.0,892.0,2907,0,0,1,Pedestrian
37,1779.0,860.0,1839.0,892.0,2908,0,0,1,Pedestrian
37,1779.0,860.0,1839.0,892.0,2909,0,0,1,Pedestrian
37,1779.0,860.0,1839.0,892.0,2910,0,0,1,Pedestrian
37,1779.0,860.0,1839.0,892.0,2911,0,0,1,Pedestrian
37,1779.0,860.0,1839.0,892.0,2912,0,0,1,Pedestrian
37,1779.0,860.0,1839.0,892.0,2913,0,0,1,Pedestrian
37,1779.0,860.0,1839.0,892.0,2914,0,0,1,Pedestrian
37,1779.0,860.0,1839.0,892.0,2915,0,0,1,Pedestrian
37,1779.0,860.0,1839.0,892.0,2916,0,0,1,Pedestrian
37,1779.0,860.0,1839.0,892.0,2917,0,0,1,Pedestrian
37,1779.0,860.0,1839.0,892.0,2918,0,0,1,Pedestrian
37,1779.0,860.0,1839.0,892.0,2919,0,0,1,Pedestrian
37,1779.0,860.0,1839.0,892.0,2920,0,0,1,Pedestrian
37,1779.0,860.0,1839.0,892.0,2921,0,0,1,Pedestrian
37,1779.0,860.0,1839.0,892.0,2922,0,0,1,Pedestrian
37,1779.0,860.0,1839.0,892.0,2923,0,0,1,Pedestrian
37,1779.0,860.0,1839.0,892.0,2924,0,0,1,Pedestrian
37,1779.0,860.0,1839.0,892.0,2925,0,0,1,Pedestrian
37,1779.0,860.0,1839.0,892.0,2926,0,0,1,Pedestrian
37,1779.0,860.0,1839.0,892.0,2927,0,0,1,Pedestrian
37,1779.0,860.0,1839.0,892.0,2928,0,0,1,Pedestrian
37,1779.0,860.0,1839.0,892.0,2929,0,0,1,Pedestrian
37,1779.0,860.0,1839.0,892.0,2930,0,0,1,Pedestrian
37,1779.0,860.0,1839.0,892.0,2931,0,0,1,Pedestrian
37,1779.0,860.0,1839.0,892.0,2932,0,0,1,Pedestrian
37,1779.0,860.0,1839.0,892.0,2933,0,0,1,Pedestrian
37,1779.0,860.0,1839.0,892.0,2934,0,0,1,Pedestrian
37,1779.0,860.0,1839.0,892.0,2935,0,0,1,Pedestrian
37,1779.0,860.0,1839.0,892.0,2936,0,0,1,Pedestrian
37,1779.0,860.0,1839.0,892.0,2937,0,0,1,Pedestrian
37,1779.0,860.0,1839.0,892.0,2938,0,0,1,Pedestrian
37,1779.0,860.0,1839.0,892.0,2939,0,0,1,Pedestrian
37,1779.0,860.0,1839.0,892.0,2940,0,0,1,Pedestrian
37,1779.0,860.0,1839.0,892.0,2941,0,0,1,Pedestrian
37,1779.0,860.0,1839.0,892.0,2942,0,0,1,Pedestrian
37,1779.0,860.0,1839.0,892.0,2943,0,0,1,Pedestrian
37,1779.0,860.0,1839.0,892.0,2944,0,0,1,Pedestrian
37,1779.0,860.0,1839.0,892.0,2945,0,0,1,Pedestrian
37,1779.0,860.0,1839.0,892.0,2946,0,0,1,Pedestrian
37,1779.0,860.0,1839.0,892.0,2947,0,0,1,Pedestrian
37,1779.0,860.0,1839.0,892.0,2948,0,0,1,Pedestrian
37,1779.0,860.0,1839.0,892.0,2949,0,0,1,Pedestrian
37,1779.0,860.0,1839.0,892.0,2950,0,0,1,Pedestrian
37,1779.0,860.0,1839.0,892.0,2951,0,0,1,Pedestrian
37,1779.0,860.0,1839.0,892.0,2952,0,0,1,Pedestrian
37,1779.0,860.0,1839.0,892.0,2953,0,0,1,Pedestrian
37,1779.0,860.0,1839.0,892.0,2954,0,0,1,Pedestrian
37,1779.0,860.0,1839.0,892.0,2955,0,0,1,Pedestrian
37,1779.0,860.0,1839.0,892.0,2956,0,0,1,Pedestrian
37,1779.0,860.0,1839.0,892.0,2957,0,0,1,Pedestrian
37,1779.0,860.0,1839.0,892.0,2958,0,0,1,Pedestrian
37,1779.0,860.0,1839.0,892.0,2959,0,0,1,Pedestrian
37,1779.0,860.0,1839.0,892.0,2960,0,0,1,Pedestrian
37,1779.0,860.0,1839.0,892.0,2961,0,0,1,Pedestrian
37,1779.0,860.0,1839.0,892.0,2962,0,0,1,Pedestrian
37,1779.0,860.0,1839.0,892.0,2963,0,0,1,Pedestrian
37,1779.0,860.0,1839.0,892.0,2964,0,0,1,Pedestrian
37,1779.0,860.0,1839.0,892.0,2965,0,0,1,Pedestrian
37,1779.0,860.0,1839.0,892.0,2966,0,0,1,Pedestrian
37,1779.0,860.0,1839.0,892.0,2967,0,0,1,Pedestrian
37,1779.0,860.0,1839.0,892.0,2968,0,0,1,Pedestrian
37,1779.0,860.0,1839.0,892.0,2969,0,0,1,Pedestrian
37,1779.0,860.0,1839.0,892.0,2970,0,0,1,Pedestrian
37,1779.0,860.0,1839.0,892.0,2971,0,0,1,Pedestrian
37,1779.0,860.0,1839.0,892.0,2972,0,0,1,Pedestrian
37,1779.0,860.0,1839.0,892.0,2973,0,0,1,Pedestrian
37,1779.0,860.0,1839.0,892.0,2974,0,0,1,Pedestrian
37,1779.0,860.0,1839.0,892.0,2975,0,0,1,Pedestrian
37,1779.0,860.0,1839.0,892.0,2976,0,0,1,Pedestrian
37,1779.0,860.0,1839.0,892.0,2977,0,0,1,Pedestrian
37,1779.0,860.0,1839.0,892.0,2978,0,0,1,Pedestrian
37,1779.0,860.0,1839.0,892.0,2979,0,0,1,Pedestrian
37,1779.0,860.0,1839.0,892.0,2980,0,0,1,Pedestrian
37,1779.0,860.0,1839.0,892.0,2981,0,0,1,Pedestrian
37,1779.0,860.0,1839.0,892.0,2982,0,0,1,Pedestrian
37,1779.0,860.0,1839.0,892.0,2983,0,0,1,Pedestrian
37,1779.0,860.0,1839.0,892.0,2984,0,0,1,Pedestrian
37,1779.0,860.0,1839.0,892.0,2985,0,0,1,Pedestrian
37,1779.0,860.0,1839.0,892.0,2986,0,0,1,Pedestrian
37,1779.0,860.0,1839.0,892.0,2987,0,0,1,Pedestrian
37,1779.0,860.0,1839.0,892.0,2988,0,0,1,Pedestrian
37,1779.0,860.0,1839.0,892.0,2989,0,0,1,Pedestrian
37,1779.0,860.0,1839.0,892.0,2990,0,0,1,Pedestrian
37,1779.0,860.0,1839.0,892.0,2991,0,0,1,Pedestrian
37,1779.0,860.0,1839.0,892.0,2992,0,0,1,Pedestrian
37,1779.0,860.0,1839.0,892.0,2993,0,0,1,Pedestrian
37,1779.0,860.0,1839.0,892.0,2994,0,0,1,Pedestrian
37,1779.0,860.0,1839.0,892.0,2995,0,0,1,Pedestrian
37,1779.0,860.0,1839.0,892.0,2996,0,0,1,Pedestrian
37,1779.0,860.0,1839.0,892.0,2997,0,0,1,Pedestrian
37,1779.0,860.0,1839.0,892.0,2998,0,0,1,Pedestrian
37,1779.0,860.0,1839.0,892.0,2999,0,0,1,Pedestrian
37,1779.0,860.0,1839.0,892.0,3000,0,0,0,Pedestrian
37,1776.0,858.0,1837.0,892.0,3001,0,0,1,Pedestrian
37,1776.0,858.0,1837.0,892.0,3002,0,0,1,Pedestrian
37,1776.0,858.0,1837.0,892.0,3003,0,0,1,Pedestrian
37,1776.0,858.0,1837.0,892.0,3004,0,0,1,Pedestrian
37,1776.0,858.0,1837.0,892.0,3005,0,0,1,Pedestrian
37,1776.0,858.0,1837.0,892.0,3006,0,0,1,Pedestrian
37,1776.0,858.0,1837.0,892.0,3007,0,0,1,Pedestrian
37,1776.0,858.0,1837.0,892.0,3008,0,0,1,Pedestrian
37,1776.0,858.0,1837.0,892.0,3009,0,0,1,Pedestrian
37,1776.0,858.0,1837.0,892.0,3010,0,0,1,Pedestrian
37,1776.0,858.0,1837.0,892.0,3011,0,0,1,Pedestrian
37,1776.0,858.0,1837.0,892.0,3012,0,0,1,Pedestrian
37,1776.0,858.0,1837.0,892.0,3013,0,0,1,Pedestrian
37,1776.0,858.0,1837.0,892.0,3014,0,0,1,Pedestrian
37,1776.0,858.0,1837.0,892.0,3015,0,0,1,Pedestrian
37,1776.0,858.0,1837.0,892.0,3016,0,0,1,Pedestrian
37,1776.0,858.0,1837.0,892.0,3017,0,0,1,Pedestrian
37,1776.0,858.0,1837.0,892.0,3018,0,0,1,Pedestrian
37,1776.0,858.0,1837.0,892.0,3019,0,0,1,Pedestrian
37,1776.0,858.0,1837.0,892.0,3020,0,0,1,Pedestrian
37,1776.0,858.0,1837.0,892.0,3021,0,0,1,Pedestrian
37,1776.0,858.0,1837.0,892.0,3022,0,0,1,Pedestrian
37,1776.0,858.0,1837.0,892.0,3023,0,0,1,Pedestrian
37,1776.0,858.0,1837.0,892.0,3024,0,0,1,Pedestrian
37,1776.0,858.0,1837.0,892.0,3025,0,0,1,Pedestrian
37,1776.0,858.0,1834.0,892.0,3026,0,0,1,Pedestrian
37,1776.0,858.0,1834.0,892.0,3027,0,0,1,Pedestrian
37,1776.0,858.0,1834.0,892.0,3028,0,0,1,Pedestrian
37,1776.0,858.0,1834.0,892.0,3029,0,0,1,Pedestrian
37,1776.0,858.0,1834.0,892.0,3030,0,0,1,Pedestrian
37,1776.0,858.0,1834.0,892.0,3031,0,0,1,Pedestrian
37,1776.0,858.0,1834.0,892.0,3032,0,0,1,Pedestrian
37,1776.0,858.0,1834.0,892.0,3033,0,0,1,Pedestrian
37,1776.0,858.0,1834.0,892.0,3034,0,0,1,Pedestrian
37,1776.0,858.0,1834.0,892.0,3035,0,0,1,Pedestrian
37,1776.0,858.0,1834.0,892.0,3036,0,0,1,Pedestrian
37,1776.0,858.0,1834.0,892.0,3037,0,0,1,Pedestrian
37,1776.0,858.0,1834.0,892.0,3038,0,0,1,Pedestrian
37,1776.0,858.0,1834.0,892.0,3039,0,0,1,Pedestrian
37,1776.0,858.0,1834.0,892.0,3040,0,0,1,Pedestrian
37,1776.0,858.0,1834.0,892.0,3041,0,0,1,Pedestrian
37,1776.0,858.0,1834.0,892.0,3042,0,0,1,Pedestrian
37,1776.0,858.0,1834.0,892.0,3043,0,0,1,Pedestrian
37,1776.0,858.0,1834.0,892.0,3044,0,0,1,Pedestrian
37,1776.0,858.0,1834.0,892.0,3045,0,0,1,Pedestrian
37,1776.0,858.0,1834.0,892.0,3046,0,0,1,Pedestrian
37,1776.0,858.0,1834.0,892.0,3047,0,0,1,Pedestrian
37,1776.0,858.0,1834.0,892.0,3048,0,0,1,Pedestrian
37,1776.0,858.0,1834.0,892.0,3049,0,0,1,Pedestrian
37,1776.0,858.0,1834.0,892.0,3050,0,0,1,Pedestrian
37,1776.0,858.0,1834.0,892.0,3051,0,0,1,Pedestrian
37,1776.0,858.0,1831.0,892.0,3052,0,0,1,Pedestrian
37,1776.0,858.0,1831.0,892.0,3053,0,0,1,Pedestrian
37,1776.0,858.0,1831.0,892.0,3054,0,0,1,Pedestrian
37,1776.0,858.0,1831.0,892.0,3055,0,0,1,Pedestrian
37,1776.0,858.0,1831.0,892.0,3056,0,0,1,Pedestrian
37,1776.0,858.0,1831.0,892.0,3057,0,0,1,Pedestrian
37,1776.0,858.0,1831.0,892.0,3058,0,0,1,Pedestrian
37,1776.0,858.0,1831.0,892.0,3059,0,0,1,Pedestrian
37,1776.0,858.0,1831.0,892.0,3060,0,0,1,Pedestrian
37,1776.0,858.0,1831.0,892.0,3061,0,0,1,Pedestrian
37,1776.0,858.0,1831.0,892.0,3062,0,0,1,Pedestrian
37,1776.0,858.0,1831.0,892.0,3063,0,0,1,Pedestrian
37,1776.0,858.0,1831.0,892.0,3064,0,0,1,Pedestrian
37,1776.0,858.0,1831.0,892.0,3065,0,0,1,Pedestrian
37,1776.0,858.0,1831.0,892.0,3066,0,0,1,Pedestrian
37,1776.0,858.0,1831.0,892.0,3067,0,0,1,Pedestrian
37,1776.0,858.0,1831.0,892.0,3068,0,0,1,Pedestrian
37,1776.0,858.0,1831.0,892.0,3069,0,0,1,Pedestrian
37,1776.0,858.0,1831.0,892.0,3070,0,0,1,Pedestrian
37,1776.0,858.0,1831.0,892.0,3071,0,0,1,Pedestrian
37,1776.0,858.0,1831.0,892.0,3072,0,0,1,Pedestrian
37,1776.0,858.0,1831.0,892.0,3073,0,0,1,Pedestrian
37,1776.0,858.0,1831.0,892.0,3074,0,0,1,Pedestrian
37,1776.0,858.0,1831.0,892.0,3075,0,0,1,Pedestrian
37,1776.0,858.0,1831.0,892.0,3076,0,0,1,Pedestrian
37,1773.0,858.0,1828.0,892.0,3077,0,0,1,Pedestrian
37,1773.0,858.0,1828.0,892.0,3078,0,0,1,Pedestrian
37,1773.0,858.0,1828.0,892.0,3079,0,0,1,Pedestrian
37,1773.0,858.0,1828.0,892.0,3080,0,0,1,Pedestrian
37,1773.0,858.0,1828.0,892.0,3081,0,0,1,Pedestrian
37,1773.0,858.0,1828.0,892.0,3082,0,0,1,Pedestrian
37,1773.0,858.0,1828.0,892.0,3083,0,0,1,Pedestrian
37,1773.0,858.0,1828.0,892.0,3084,0,0,1,Pedestrian
37,1773.0,858.0,1828.0,892.0,3085,0,0,1,Pedestrian
37,1773.0,858.0,1828.0,892.0,3086,0,0,1,Pedestrian
37,1773.0,858.0,1828.0,892.0,3087,0,0,1,Pedestrian
37,1773.0,858.0,1828.0,892.0,3088,0,0,1,Pedestrian
37,1773.0,858.0,1828.0,892.0,3089,0,0,1,Pedestrian
37,1773.0,858.0,1828.0,892.0,3090,0,0,1,Pedestrian
37,1773.0,858.0,1828.0,892.0,3091,0,0,1,Pedestrian
37,1773.0,858.0,1828.0,892.0,3092,0,0,1,Pedestrian
37,1773.0,858.0,1828.0,892.0,3093,0,0,1,Pedestrian
37,1773.0,858.0,1828.0,892.0,3094,0,0,1,Pedestrian
37,1773.0,858.0,1828.0,892.0,3095,0,0,1,Pedestrian
37,1773.0,858.0,1828.0,892.0,3096,0,0,1,Pedestrian
37,1773.0,858.0,1828.0,892.0,3097,0,0,1,Pedestrian
37,1773.0,858.0,1828.0,892.0,3098,0,0,1,Pedestrian
37,1773.0,858.0,1828.0,892.0,3099,0,0,1,Pedestrian
37,1773.0,858.0,1828.0,892.0,3100,0,0,1,Pedestrian
37,1773.0,858.0,1828.0,892.0,3101,0,0,1,Pedestrian
37,1773.0,858.0,1828.0,892.0,3102,0,0,1,Pedestrian
37,1773.0,858.0,1826.0,892.0,3103,0,0,1,Pedestrian
37,1773.0,858.0,1826.0,892.0,3104,0,0,1,Pedestrian
37,1773.0,858.0,1826.0,892.0,3105,0,0,1,Pedestrian
37,1773.0,858.0,1826.0,892.0,3106,0,0,1,Pedestrian
37,1773.0,858.0,1826.0,892.0,3107,0,0,1,Pedestrian
37,1773.0,858.0,1826.0,892.0,3108,0,0,1,Pedestrian
37,1773.0,858.0,1826.0,892.0,3109,0,0,1,Pedestrian
37,1773.0,858.0,1826.0,892.0,3110,0,0,1,Pedestrian
37,1773.0,858.0,1826.0,892.0,3111,0,0,1,Pedestrian
37,1773.0,858.0,1826.0,892.0,3112,0,0,1,Pedestrian
37,1773.0,858.0,1826.0,892.0,3113,0,0,1,Pedestrian
37,1773.0,858.0,1826.0,892.0,3114,0,0,1,Pedestrian
37,1773.0,858.0,1826.0,892.0,3115,0,0,1,Pedestrian
37,1773.0,856.0,1826.0,892.0,3116,0,0,1,Pedestrian
37,1773.0,856.0,1826.0,892.0,3117,0,0,1,Pedestrian
37,1773.0,856.0,1826.0,892.0,3118,0,0,1,Pedestrian
37,1773.0,856.0,1826.0,892.0,3119,0,0,1,Pedestrian
37,1773.0,856.0,1826.0,892.0,3120,0,0,1,Pedestrian
37,1773.0,856.0,1826.0,892.0,3121,0,0,1,Pedestrian
37,1773.0,856.0,1826.0,892.0,3122,0,0,1,Pedestrian
37,1773.0,856.0,1826.0,892.0,3123,0,0,1,Pedestrian
37,1773.0,856.0,1826.0,892.0,3124,0,0,1,Pedestrian
37,1773.0,856.0,1826.0,892.0,3125,0,0,1,Pedestrian
37,1773.0,856.0,1826.0,892.0,3126,0,0,1,Pedestrian
37,1773.0,856.0,1826.0,892.0,3127,0,0,1,Pedestrian
37,1773.0,856.0,1823.0,892.0,3128,0,0,1,Pedestrian
37,1773.0,856.0,1823.0,892.0,3129,0,0,1,Pedestrian
37,1773.0,856.0,1823.0,892.0,3130,0,0,1,Pedestrian
37,1773.0,856.0,1823.0,892.0,3131,0,0,1,Pedestrian
37,1773.0,856.0,1823.0,892.0,3132,0,0,1,Pedestrian
37,1773.0,856.0,1823.0,892.0,3133,0,0,1,Pedestrian
37,1773.0,856.0,1823.0,892.0,3134,0,0,1,Pedestrian
37,1773.0,856.0,1823.0,892.0,3135,0,0,1,Pedestrian
37,1773.0,856.0,1823.0,892.0,3136,0,0,1,Pedestrian
37,1773.0,856.0,1823.0,892.0,3137,0,0,1,Pedestrian
37,1773.0,856.0,1823.0,892.0,3138,0,0,1,Pedestrian
37,1773.0,856.0,1823.0,892.0,3139,0,0,1,Pedestrian
37,1773.0,856.0,1823.0,892.0,3140,0,0,1,Pedestrian
37,1773.0,856.0,1823.0,892.0,3141,0,0,1,Pedestrian
37,1773.0,856.0,1823.0,892.0,3142,0,0,1,Pedestrian
37,1773.0,856.0,1823.0,892.0,3143,0,0,1,Pedestrian
37,1773.0,856.0,1823.0,892.0,3144,0,0,1,Pedestrian
37,1773.0,856.0,1823.0,892.0,3145,0,0,1,Pedestrian
37,1773.0,856.0,1823.0,892.0,3146,0,0,1,Pedestrian
37,1773.0,856.0,1823.0,892.0,3147,0,0,1,Pedestrian
37,1773.0,856.0,1823.0,892.0,3148,0,0,1,Pedestrian
37,1773.0,856.0,1823.0,892.0,3149,0,0,1,Pedestrian
37,1773.0,856.0,1823.0,892.0,3150,0,0,1,Pedestrian
37,1773.0,856.0,1823.0,892.0,3151,0,0,1,Pedestrian
37,1773.0,856.0,1823.0,892.0,3152,0,0,1,Pedestrian
37,1773.0,856.0,1823.0,892.0,3153,0,0,1,Pedestrian
37,1771.0,856.0,1820.0,892.0,3154,0,0,1,Pedestrian
37,1771.0,856.0,1820.0,892.0,3155,0,0,1,Pedestrian
37,1771.0,856.0,1820.0,892.0,3156,0,0,1,Pedestrian
37,1771.0,856.0,1820.0,892.0,3157,0,0,1,Pedestrian
37,1771.0,856.0,1820.0,892.0,3158,0,0,1,Pedestrian
37,1771.0,856.0,1820.0,892.0,3159,0,0,1,Pedestrian
37,1771.0,856.0,1820.0,892.0,3160,0,0,1,Pedestrian
37,1771.0,856.0,1820.0,892.0,3161,0,0,1,Pedestrian
37,1771.0,856.0,1820.0,892.0,3162,0,0,1,Pedestrian
37,1771.0,856.0,1820.0,892.0,3163,0,0,1,Pedestrian
37,1771.0,856.0,1820.0,892.0,3164,0,0,1,Pedestrian
37,1771.0,856.0,1820.0,892.0,3165,0,0,1,Pedestrian
37,1771.0,856.0,1820.0,892.0,3166,0,0,1,Pedestrian
37,1771.0,856.0,1820.0,892.0,3167,0,0,1,Pedestrian
37,1771.0,856.0,1820.0,892.0,3168,0,0,1,Pedestrian
37,1771.0,856.0,1820.0,892.0,3169,0,0,1,Pedestrian
37,1771.0,856.0,1820.0,892.0,3170,0,0,1,Pedestrian
37,1771.0,856.0,1820.0,892.0,3171,0,0,1,Pedestrian
37,1771.0,856.0,1820.0,892.0,3172,0,0,1,Pedestrian
37,1771.0,856.0,1820.0,892.0,3173,0,0,1,Pedestrian
37,1771.0,856.0,1820.0,892.0,3174,0,0,1,Pedestrian
37,1771.0,856.0,1820.0,892.0,3175,0,0,1,Pedestrian
37,1771.0,856.0,1820.0,892.0,3176,0,0,1,Pedestrian
37,1771.0,856.0,1820.0,892.0,3177,0,0,1,Pedestrian
37,1771.0,856.0,1820.0,892.0,3178,0,0,1,Pedestrian
37,1771.0,856.0,1817.0,892.0,3179,0,0,1,Pedestrian
37,1771.0,856.0,1817.0,892.0,3180,0,0,1,Pedestrian
37,1771.0,856.0,1817.0,892.0,3181,0,0,1,Pedestrian
37,1771.0,856.0,1817.0,892.0,3182,0,0,1,Pedestrian
37,1771.0,856.0,1817.0,892.0,3183,0,0,1,Pedestrian
37,1771.0,856.0,1817.0,892.0,3184,0,0,1,Pedestrian
37,1771.0,856.0,1817.0,892.0,3185,0,0,1,Pedestrian
37,1771.0,856.0,1817.0,892.0,3186,0,0,1,Pedestrian
37,1771.0,856.0,1817.0,892.0,3187,0,0,1,Pedestrian
37,1771.0,856.0,1817.0,892.0,3188,0,0,1,Pedestrian
37,1771.0,856.0,1817.0,892.0,3189,0,0,1,Pedestrian
37,1771.0,856.0,1817.0,892.0,3190,0,0,1,Pedestrian
37,1771.0,856.0,1817.0,892.0,3191,0,0,1,Pedestrian
37,1771.0,856.0,1817.0,892.0,3192,0,0,1,Pedestrian
37,1771.0,856.0,1817.0,892.0,3193,0,0,1,Pedestrian
37,1771.0,856.0,1817.0,892.0,3194,0,0,1,Pedestrian
37,1771.0,856.0,1817.0,892.0,3195,0,0,1,Pedestrian
37,1771.0,856.0,1817.0,892.0,3196,0,0,1,Pedestrian
37,1771.0,856.0,1817.0,892.0,3197,0,0,1,Pedestrian
37,1771.0,856.0,1817.0,892.0,3198,0,0,1,Pedestrian
37,1771.0,856.0,1817.0,892.0,3199,0,0,1,Pedestrian
37,1771.0,856.0,1817.0,892.0,3200,0,0,1,Pedestrian
37,1771.0,856.0,1817.0,892.0,3201,0,0,1,Pedestrian
37,1771.0,856.0,1817.0,892.0,3202,0,0,1,Pedestrian
37,1771.0,856.0,1817.0,892.0,3203,0,0,1,Pedestrian
37,1771.0,856.0,1817.0,892.0,3204,0,0,1,Pedestrian
37,1771.0,856.0,1815.0,892.0,3205,0,0,1,Pedestrian
37,1771.0,856.0,1815.0,892.0,3206,0,0,1,Pedestrian
37,1771.0,856.0,1815.0,892.0,3207,0,0,1,Pedestrian
37,1771.0,856.0,1815.0,892.0,3208,0,0,1,Pedestrian
37,1771.0,856.0,1815.0,892.0,3209,0,0,1,Pedestrian
37,1771.0,856.0,1815.0,892.0,3210,0,0,1,Pedestrian
37,1771.0,856.0,1815.0,892.0,3211,0,0,1,Pedestrian
37,1771.0,856.0,1815.0,892.0,3212,0,0,1,Pedestrian
37,1771.0,856.0,1815.0,892.0,3213,0,0,1,Pedestrian
37,1771.0,856.0,1815.0,892.0,3214,0,0,1,Pedestrian
37,1771.0,856.0,1815.0,892.0,3215,0,0,1,Pedestrian
37,1771.0,856.0,1815.0,892.0,3216,0,0,1,Pedestrian
37,1771.0,856.0,1815.0,892.0,3217,0,0,1,Pedestrian
37,1771.0,856.0,1815.0,892.0,3218,0,0,1,Pedestrian
37,1771.0,856.0,1815.0,892.0,3219,0,0,1,Pedestrian
37,1771.0,856.0,1815.0,892.0,3220,0,0,1,Pedestrian
37,1771.0,856.0,1815.0,892.0,3221,0,0,1,Pedestrian
37,1771.0,856.0,1815.0,892.0,3222,0,0,1,Pedestrian
37,1771.0,856.0,1815.0,892.0,3223,0,0,1,Pedestrian
37,1771.0,856.0,1815.0,892.0,3224,0,0,1,Pedestrian
37,1771.0,856.0,1815.0,892.0,3225,0,0,1,Pedestrian
37,1771.0,856.0,1815.0,892.0,3226,0,0,1,Pedestrian
37,1771.0,856.0,1815.0,892.0,3227,0,0,1,Pedestrian
37,1771.0,856.0,1815.0,892.0,3228,0,0,1,Pedestrian
37,1771.0,856.0,1815.0,892.0,3229,0,0,1,Pedestrian
37,1771.0,856.0,1815.0,894.0,3230,0,0,0,Pedestrian
37,1771.0,856.0,1815.0,894.0,3231,0,0,1,Pedestrian
37,1771.0,856.0,1815.0,894.0,3232,0,0,1,Pedestrian
37,1771.0,856.0,1815.0,894.0,3233,0,0,1,Pedestrian
37,1771.0,856.0,1815.0,894.0,3234,0,0,1,Pedestrian
37,1771.0,856.0,1815.0,894.0,3235,0,0,1,Pedestrian
37,1771.0,856.0,1815.0,894.0,3236,0,0,1,Pedestrian
37,1771.0,856.0,1815.0,894.0,3237,0,0,1,Pedestrian
37,1771.0,856.0,1815.0,894.0,3238,0,0,1,Pedestrian
37,1771.0,856.0,1815.0,894.0,3239,0,0,1,Pedestrian
37,1771.0,856.0,1815.0,894.0,3240,0,0,1,Pedestrian
37,1771.0,856.0,1815.0,894.0,3241,0,0,1,Pedestrian
37,1771.0,856.0,1815.0,894.0,3242,0,0,1,Pedestrian
37,1771.0,856.0,1815.0,894.0,3243,0,0,1,Pedestrian
37,1771.0,856.0,1815.0,894.0,3244,0,0,1,Pedestrian
37,1771.0,856.0,1815.0,894.0,3245,0,0,1,Pedestrian
37,1771.0,856.0,1815.0,894.0,3246,0,0,1,Pedestrian
37,1771.0,856.0,1815.0,894.0,3247,0,0,1,Pedestrian
37,1771.0,856.0,1815.0,894.0,3248,0,0,1,Pedestrian
37,1771.0,856.0,1815.0,894.0,3249,0,0,1,Pedestrian
37,1771.0,856.0,1815.0,894.0,3250,0,0,1,Pedestrian
37,1771.0,856.0,1815.0,894.0,3251,0,0,1,Pedestrian
37,1771.0,856.0,1815.0,894.0,3252,0,0,1,Pedestrian
37,1771.0,856.0,1815.0,894.0,3253,0,0,1,Pedestrian
37,1771.0,856.0,1815.0,894.0,3254,0,0,1,Pedestrian
37,1771.0,856.0,1815.0,894.0,3255,0,0,1,Pedestrian
37,1771.0,856.0,1815.0,894.0,3256,0,0,1,Pedestrian
37,1771.0,856.0,1815.0,894.0,3257,0,0,1,Pedestrian
37,1771.0,856.0,1815.0,894.0,3258,0,0,1,Pedestrian
37,1771.0,856.0,1815.0,894.0,3259,0,0,1,Pedestrian
37,1771.0,856.0,1815.0,894.0,3260,0,0,1,Pedestrian
37,1771.0,856.0,1815.0,894.0,3261,0,0,1,Pedestrian
37,1771.0,856.0,1815.0,894.0,3262,0,0,1,Pedestrian
37,1771.0,856.0,1815.0,894.0,3263,0,0,1,Pedestrian
37,1771.0,856.0,1815.0,894.0,3264,0,0,1,Pedestrian
37,1771.0,856.0,1815.0,894.0,3265,0,0,1,Pedestrian
37,1771.0,856.0,1815.0,894.0,3266,0,0,1,Pedestrian
37,1771.0,856.0,1815.0,894.0,3267,0,0,1,Pedestrian
37,1771.0,856.0,1815.0,894.0,3268,0,0,1,Pedestrian
37,1771.0,856.0,1815.0,894.0,3269,0,0,1,Pedestrian
37,1771.0,856.0,1815.0,894.0,3270,0,0,1,Pedestrian
37,1771.0,856.0,1815.0,894.0,3271,0,0,1,Pedestrian
37,1771.0,856.0,1815.0,894.0,3272,0,0,1,Pedestrian
37,1771.0,856.0,1815.0,894.0,3273,0,0,1,Pedestrian
37,1771.0,856.0,1815.0,894.0,3274,0,0,1,Pedestrian
37,1771.0,856.0,1815.0,894.0,3275,0,0,1,Pedestrian
37,1771.0,856.0,1815.0,894.0,3276,0,0,1,Pedestrian
37,1771.0,856.0,1815.0,894.0,3277,0,0,1,Pedestrian
37,1771.0,856.0,1815.0,894.0,3278,0,0,1,Pedestrian
37,1771.0,856.0,1815.0,894.0,3279,0,0,1,Pedestrian
37,1771.0,856.0,1815.0,894.0,3280,0,0,1,Pedestrian
37,1771.0,856.0,1815.0,894.0,3281,0,0,1,Pedestrian
37,1771.0,856.0,1815.0,894.0,3282,0,0,1,Pedestrian
37,1771.0,856.0,1815.0,894.0,3283,0,0,1,Pedestrian
37,1771.0,856.0,1815.0,894.0,3284,0,0,1,Pedestrian
37,1771.0,856.0,1815.0,894.0,3285,0,0,1,Pedestrian
37,1771.0,856.0,1815.0,894.0,3286,0,0,1,Pedestrian
37,1771.0,856.0,1815.0,894.0,3287,0,0,1,Pedestrian
37,1771.0,856.0,1815.0,894.0,3288,0,0,1,Pedestrian
37,1771.0,856.0,1815.0,894.0,3289,0,0,1,Pedestrian
37,1771.0,856.0,1815.0,894.0,3290,0,0,1,Pedestrian
37,1771.0,856.0,1815.0,894.0,3291,0,0,1,Pedestrian
37,1771.0,856.0,1815.0,894.0,3292,0,0,1,Pedestrian
37,1771.0,856.0,1815.0,894.0,3293,0,0,1,Pedestrian
37,1771.0,856.0,1815.0,894.0,3294,0,0,1,Pedestrian
37,1771.0,856.0,1815.0,894.0,3295,0,0,1,Pedestrian
37,1771.0,856.0,1815.0,894.0,3296,0,0,1,Pedestrian
37,1771.0,856.0,1815.0,894.0,3297,0,0,1,Pedestrian
37,1771.0,856.0,1815.0,894.0,3298,0,0,1,Pedestrian
37,1771.0,856.0,1815.0,894.0,3299,0,0,1,Pedestrian
37,1771.0,856.0,1815.0,894.0,3300,0,0,1,Pedestrian
37,1771.0,856.0,1815.0,894.0,3301,0,0,1,Pedestrian
37,1771.0,856.0,1815.0,894.0,3302,0,0,1,Pedestrian
37,1771.0,856.0,1815.0,894.0,3303,0,0,1,Pedestrian
37,1771.0,856.0,1815.0,894.0,3304,0,0,1,Pedestrian
37,1771.0,856.0,1815.0,894.0,3305,0,0,1,Pedestrian
37,1771.0,856.0,1815.0,894.0,3306,0,0,1,Pedestrian
37,1771.0,856.0,1815.0,894.0,3307,0,0,1,Pedestrian
37,1771.0,856.0,1815.0,894.0,3308,0,0,1,Pedestrian
37,1771.0,856.0,1815.0,894.0,3309,0,0,1,Pedestrian
37,1771.0,856.0,1815.0,894.0,3310,0,0,1,Pedestrian
37,1771.0,856.0,1815.0,894.0,3311,0,0,1,Pedestrian
37,1771.0,856.0,1815.0,894.0,3312,0,0,1,Pedestrian
37,1771.0,856.0,1815.0,894.0,3313,0,0,1,Pedestrian
37,1771.0,856.0,1815.0,894.0,3314,0,0,1,Pedestrian
37,1771.0,856.0,1815.0,894.0,3315,0,0,1,Pedestrian
37,1771.0,856.0,1815.0,894.0,3316,0,0,1,Pedestrian
37,1771.0,856.0,1815.0,894.0,3317,0,0,1,Pedestrian
37,1771.0,856.0,1815.0,894.0,3318,0,0,1,Pedestrian
37,1771.0,856.0,1815.0,894.0,3319,0,0,1,Pedestrian
37,1771.0,856.0,1815.0,894.0,3320,0,0,1,Pedestrian
37,1771.0,856.0,1815.0,894.0,3321,0,0,1,Pedestrian
37,1771.0,856.0,1815.0,894.0,3322,0,0,1,Pedestrian
37,1771.0,856.0,1815.0,894.0,3323,0,0,1,Pedestrian
37,1771.0,856.0,1815.0,894.0,3324,0,0,1,Pedestrian
37,1771.0,856.0,1815.0,894.0,3325,0,0,1,Pedestrian
37,1771.0,856.0,1815.0,894.0,3326,0,0,1,Pedestrian
37,1771.0,856.0,1815.0,894.0,3327,0,0,1,Pedestrian
37,1771.0,856.0,1815.0,894.0,3328,0,0,1,Pedestrian
37,1771.0,856.0,1815.0,894.0,3329,0,0,1,Pedestrian
37,1771.0,856.0,1815.0,894.0,3330,0,0,1,Pedestrian
37,1771.0,856.0,1815.0,894.0,3331,0,0,1,Pedestrian
37,1771.0,856.0,1815.0,894.0,3332,0,0,1,Pedestrian
37,1771.0,856.0,1815.0,894.0,3333,0,0,1,Pedestrian
37,1771.0,856.0,1815.0,894.0,3334,0,0,1,Pedestrian
37,1771.0,856.0,1815.0,894.0,3335,0,0,1,Pedestrian
37,1771.0,856.0,1815.0,894.0,3336,0,0,1,Pedestrian
37,1771.0,856.0,1815.0,894.0,3337,0,0,1,Pedestrian
37,1771.0,856.0,1815.0,894.0,3338,0,0,1,Pedestrian
37,1771.0,856.0,1815.0,894.0,3339,0,0,1,Pedestrian
37,1771.0,856.0,1815.0,894.0,3340,0,0,1,Pedestrian
37,1771.0,856.0,1815.0,894.0,3341,0,0,1,Pedestrian
37,1771.0,856.0,1815.0,894.0,3342,0,0,1,Pedestrian
37,1771.0,856.0,1815.0,894.0,3343,0,0,1,Pedestrian
37,1771.0,856.0,1815.0,894.0,3344,0,0,1,Pedestrian
37,1771.0,856.0,1815.0,894.0,3345,0,0,1,Pedestrian
37,1771.0,856.0,1815.0,894.0,3346,0,0,1,Pedestrian
37,1771.0,856.0,1815.0,894.0,3347,0,0,1,Pedestrian
37,1771.0,856.0,1815.0,894.0,3348,0,0,1,Pedestrian
37,1771.0,856.0,1815.0,894.0,3349,0,0,1,Pedestrian
37,1771.0,856.0,1815.0,894.0,3350,0,0,1,Pedestrian
37,1771.0,856.0,1815.0,894.0,3351,0,0,1,Pedestrian
37,1771.0,856.0,1815.0,894.0,3352,0,0,1,Pedestrian
37,1771.0,856.0,1815.0,894.0,3353,0,0,1,Pedestrian
37,1771.0,856.0,1815.0,894.0,3354,0,0,1,Pedestrian
37,1771.0,856.0,1815.0,894.0,3355,0,0,1,Pedestrian
37,1771.0,856.0,1815.0,894.0,3356,0,0,1,Pedestrian
37,1771.0,856.0,1815.0,894.0,3357,0,0,1,Pedestrian
37,1771.0,856.0,1815.0,894.0,3358,0,0,1,Pedestrian
37,1771.0,856.0,1815.0,894.0,3359,0,0,1,Pedestrian
37,1771.0,856.0,1815.0,894.0,3360,0,0,1,Pedestrian
37,1771.0,856.0,1815.0,894.0,3361,0,0,1,Pedestrian
37,1771.0,856.0,1815.0,894.0,3362,0,0,1,Pedestrian
37,1771.0,856.0,1815.0,894.0,3363,0,0,1,Pedestrian
37,1771.0,856.0,1815.0,894.0,3364,0,0,1,Pedestrian
37,1771.0,856.0,1815.0,894.0,3365,0,0,1,Pedestrian
37,1771.0,856.0,1815.0,894.0,3366,0,0,1,Pedestrian
37,1771.0,856.0,1815.0,894.0,3367,0,0,1,Pedestrian
37,1771.0,856.0,1815.0,894.0,3368,0,0,1,Pedestrian
37,1771.0,856.0,1815.0,894.0,3369,0,0,1,Pedestrian
37,1771.0,856.0,1815.0,894.0,3370,0,0,1,Pedestrian
37,1771.0,856.0,1815.0,894.0,3371,0,0,1,Pedestrian
37,1771.0,856.0,1815.0,894.0,3372,0,0,1,Pedestrian
37,1771.0,856.0,1815.0,894.0,3373,0,0,1,Pedestrian
37,1771.0,856.0,1815.0,894.0,3374,0,0,1,Pedestrian
37,1771.0,856.0,1815.0,894.0,3375,0,0,1,Pedestrian
37,1771.0,856.0,1815.0,894.0,3376,0,0,1,Pedestrian
37,1771.0,856.0,1815.0,894.0,3377,0,0,1,Pedestrian
37,1771.0,856.0,1815.0,894.0,3378,0,0,1,Pedestrian
37,1771.0,856.0,1815.0,894.0,3379,0,0,1,Pedestrian
37,1771.0,856.0,1815.0,894.0,3380,0,0,1,Pedestrian
37,1771.0,856.0,1815.0,894.0,3381,0,0,1,Pedestrian
37,1771.0,856.0,1815.0,894.0,3382,0,0,1,Pedestrian
37,1771.0,856.0,1815.0,894.0,3383,0,0,1,Pedestrian
37,1771.0,856.0,1815.0,894.0,3384,0,0,1,Pedestrian
37,1771.0,856.0,1815.0,894.0,3385,0,0,1,Pedestrian
37,1771.0,856.0,1815.0,894.0,3386,0,0,1,Pedestrian
37,1771.0,856.0,1815.0,894.0,3387,0,0,1,Pedestrian
37,1771.0,856.0,1815.0,894.0,3388,0,0,1,Pedestrian
37,1771.0,856.0,1815.0,894.0,3389,0,0,1,Pedestrian
37,1771.0,856.0,1815.0,894.0,3390,0,0,1,Pedestrian
37,1771.0,856.0,1815.0,894.0,3391,0,0,1,Pedestrian
37,1771.0,856.0,1815.0,894.0,3392,0,0,1,Pedestrian
37,1771.0,856.0,1815.0,894.0,3393,0,0,1,Pedestrian
37,1771.0,856.0,1815.0,894.0,3394,0,0,1,Pedestrian
37,1771.0,856.0,1815.0,894.0,3395,0,0,1,Pedestrian
37,1771.0,856.0,1815.0,894.0,3396,0,0,1,Pedestrian
37,1771.0,856.0,1815.0,894.0,3397,0,0,1,Pedestrian
37,1771.0,856.0,1815.0,894.0,3398,0,0,1,Pedestrian
37,1771.0,856.0,1815.0,894.0,3399,0,0,1,Pedestrian
37,1771.0,856.0,1815.0,894.0,3400,0,0,1,Pedestrian
37,1771.0,856.0,1815.0,894.0,3401,0,0,1,Pedestrian
37,1771.0,856.0,1815.0,894.0,3402,0,0,1,Pedestrian
37,1771.0,856.0,1815.0,894.0,3403,0,0,1,Pedestrian
37,1771.0,856.0,1815.0,894.0,3404,0,0,1,Pedestrian
37,1771.0,856.0,1815.0,894.0,3405,0,0,1,Pedestrian
37,1771.0,856.0,1815.0,894.0,3406,0,0,1,Pedestrian
37,1771.0,856.0,1815.0,894.0,3407,0,0,1,Pedestrian
37,1771.0,856.0,1815.0,894.0,3408,0,0,1,Pedestrian
37,1771.0,856.0,1815.0,894.0,3409,0,0,1,Pedestrian
37,1771.0,856.0,1815.0,894.0,3410,0,0,1,Pedestrian
37,1771.0,856.0,1815.0,894.0,3411,0,0,1,Pedestrian
37,1771.0,856.0,1815.0,894.0,3412,0,0,1,Pedestrian
37,1771.0,856.0,1815.0,894.0,3413,0,0,1,Pedestrian
37,1771.0,856.0,1815.0,894.0,3414,0,0,1,Pedestrian
37,1771.0,856.0,1815.0,894.0,3415,0,0,1,Pedestrian
37,1771.0,856.0,1815.0,894.0,3416,0,0,1,Pedestrian
37,1771.0,856.0,1815.0,894.0,3417,0,0,1,Pedestrian
37,1771.0,856.0,1815.0,894.0,3418,0,0,1,Pedestrian
37,1771.0,856.0,1815.0,894.0,3419,0,0,1,Pedestrian
37,1771.0,856.0,1815.0,894.0,3420,0,0,1,Pedestrian
37,1771.0,856.0,1815.0,894.0,3421,0,0,1,Pedestrian
37,1771.0,856.0,1815.0,894.0,3422,0,0,1,Pedestrian
37,1771.0,856.0,1815.0,894.0,3423,0,0,1,Pedestrian
37,1771.0,856.0,1815.0,894.0,3424,0,0,1,Pedestrian
37,1771.0,856.0,1815.0,894.0,3425,0,0,1,Pedestrian
37,1771.0,856.0,1815.0,894.0,3426,0,0,1,Pedestrian
37,1771.0,856.0,1815.0,894.0,3427,0,0,1,Pedestrian
37,1771.0,856.0,1815.0,894.0,3428,0,0,1,Pedestrian
37,1771.0,856.0,1815.0,894.0,3429,0,0,1,Pedestrian
37,1771.0,856.0,1815.0,894.0,3430,0,0,1,Pedestrian
37,1771.0,856.0,1815.0,894.0,3431,0,0,1,Pedestrian
37,1771.0,856.0,1815.0,894.0,3432,0,0,1,Pedestrian
37,1771.0,856.0,1815.0,894.0,3433,0,0,1,Pedestrian
37,1771.0,856.0,1815.0,894.0,3434,0,0,1,Pedestrian
37,1771.0,856.0,1815.0,894.0,3435,0,0,1,Pedestrian
37,1771.0,856.0,1815.0,894.0,3436,0,0,1,Pedestrian
37,1771.0,856.0,1815.0,894.0,3437,0,0,1,Pedestrian
37,1771.0,856.0,1815.0,894.0,3438,0,0,1,Pedestrian
37,1771.0,856.0,1815.0,894.0,3439,0,0,1,Pedestrian
37,1771.0,856.0,1815.0,894.0,3440,0,0,1,Pedestrian
37,1771.0,856.0,1815.0,894.0,3441,0,0,1,Pedestrian
37,1771.0,856.0,1815.0,894.0,3442,0,0,1,Pedestrian
37,1771.0,856.0,1815.0,894.0,3443,0,0,1,Pedestrian
37,1771.0,856.0,1815.0,894.0,3444,0,0,1,Pedestrian
37,1771.0,856.0,1815.0,894.0,3445,0,0,1,Pedestrian
37,1771.0,856.0,1815.0,894.0,3446,0,0,1,Pedestrian
37,1771.0,856.0,1815.0,894.0,3447,0,0,1,Pedestrian
37,1771.0,856.0,1815.0,894.0,3448,0,0,1,Pedestrian
37,1771.0,856.0,1815.0,894.0,3449,0,0,1,Pedestrian
37,1771.0,856.0,1815.0,894.0,3450,0,0,1,Pedestrian
37,1771.0,856.0,1815.0,894.0,3451,0,0,1,Pedestrian
37,1771.0,856.0,1815.0,894.0,3452,0,0,1,Pedestrian
37,1771.0,856.0,1815.0,894.0,3453,0,0,1,Pedestrian
37,1771.0,856.0,1815.0,894.0,3454,0,0,1,Pedestrian
37,1771.0,856.0,1815.0,894.0,3455,0,0,1,Pedestrian
37,1771.0,856.0,1815.0,894.0,3456,0,0,1,Pedestrian
37,1771.0,856.0,1815.0,894.0,3457,0,0,1,Pedestrian
37,1771.0,856.0,1815.0,894.0,3458,0,0,1,Pedestrian
37,1771.0,856.0,1815.0,894.0,3459,0,0,1,Pedestrian
37,1771.0,856.0,1815.0,894.0,3460,0,0,1,Pedestrian
37,1771.0,856.0,1815.0,894.0,3461,0,0,1,Pedestrian
37,1771.0,856.0,1815.0,894.0,3462,0,0,1,Pedestrian
37,1771.0,856.0,1815.0,894.0,3463,0,0,1,Pedestrian
37,1771.0,856.0,1815.0,894.0,3464,0,0,1,Pedestrian
37,1771.0,856.0,1815.0,894.0,3465,0,0,1,Pedestrian
37,1771.0,856.0,1815.0,894.0,3466,0,0,1,Pedestrian
37,1771.0,856.0,1815.0,894.0,3467,0,0,1,Pedestrian
37,1771.0,856.0,1815.0,894.0,3468,0,0,1,Pedestrian
37,1771.0,856.0,1815.0,894.0,3469,0,0,1,Pedestrian
37,1771.0,856.0,1815.0,894.0,3470,0,0,1,Pedestrian
37,1771.0,856.0,1815.0,894.0,3471,0,0,1,Pedestrian
37,1771.0,856.0,1815.0,894.0,3472,0,0,1,Pedestrian
37,1771.0,856.0,1815.0,894.0,3473,0,0,1,Pedestrian
37,1771.0,856.0,1815.0,894.0,3474,0,0,1,Pedestrian
37,1771.0,856.0,1815.0,894.0,3475,0,0,1,Pedestrian
37,1771.0,856.0,1815.0,894.0,3476,0,0,1,Pedestrian
37,1771.0,856.0,1815.0,894.0,3477,0,0,1,Pedestrian
37,1771.0,856.0,1815.0,894.0,3478,0,0,1,Pedestrian
37,1771.0,856.0,1815.0,894.0,3479,0,0,1,Pedestrian
37,1771.0,856.0,1815.0,894.0,3480,0,0,1,Pedestrian
37,1771.0,856.0,1815.0,894.0,3481,0,0,1,Pedestrian
37,1771.0,856.0,1815.0,894.0,3482,0,0,1,Pedestrian
37,1771.0,856.0,1815.0,894.0,3483,0,0,1,Pedestrian
37,1771.0,856.0,1815.0,894.0,3484,0,0,1,Pedestrian
37,1771.0,856.0,1815.0,894.0,3485,0,0,1,Pedestrian
37,1771.0,856.0,1815.0,894.0,3486,0,0,1,Pedestrian
37,1771.0,856.0,1815.0,894.0,3487,0,0,1,Pedestrian
37,1771.0,856.0,1815.0,894.0,3488,0,0,1,Pedestrian
37,1771.0,856.0,1815.0,894.0,3489,0,0,1,Pedestrian
37,1771.0,856.0,1815.0,894.0,3490,0,0,1,Pedestrian
37,1771.0,856.0,1815.0,894.0,3491,0,0,1,Pedestrian
37,1771.0,856.0,1815.0,894.0,3492,0,0,1,Pedestrian
37,1771.0,856.0,1815.0,894.0,3493,0,0,1,Pedestrian
37,1771.0,856.0,1815.0,894.0,3494,0,0,1,Pedestrian
37,1771.0,856.0,1815.0,894.0,3495,0,0,1,Pedestrian
37,1771.0,856.0,1815.0,894.0,3496,0,0,1,Pedestrian
37,1771.0,856.0,1815.0,894.0,3497,0,0,1,Pedestrian
37,1771.0,856.0,1815.0,894.0,3498,0,0,1,Pedestrian
37,1771.0,856.0,1815.0,894.0,3499,0,0,1,Pedestrian
37,1771.0,856.0,1815.0,894.0,3500,0,0,0,Pedestrian
37,1768.0,853.0,1812.0,894.0,3501,0,0,1,Pedestrian
37,1768.0,853.0,1812.0,894.0,3502,0,0,1,Pedestrian
37,1768.0,853.0,1812.0,894.0,3503,0,0,1,Pedestrian
37,1768.0,853.0,1812.0,894.0,3504,0,0,1,Pedestrian
37,1768.0,853.0,1812.0,894.0,3505,0,0,1,Pedestrian
37,1768.0,853.0,1812.0,894.0,3506,0,0,1,Pedestrian
37,1768.0,853.0,1812.0,894.0,3507,0,0,1,Pedestrian
37,1768.0,853.0,1812.0,894.0,3508,0,0,1,Pedestrian
37,1768.0,853.0,1812.0,894.0,3509,0,0,1,Pedestrian
37,1768.0,853.0,1812.0,894.0,3510,0,0,1,Pedestrian
37,1768.0,853.0,1812.0,894.0,3511,0,0,1,Pedestrian
37,1768.0,853.0,1812.0,894.0,3512,0,0,1,Pedestrian
37,1768.0,853.0,1812.0,894.0,3513,0,0,1,Pedestrian
37,1768.0,853.0,1812.0,894.0,3514,0,0,1,Pedestrian
37,1768.0,853.0,1812.0,894.0,3515,0,0,1,Pedestrian
37,1768.0,853.0,1812.0,894.0,3516,0,0,1,Pedestrian
37,1768.0,853.0,1812.0,894.0,3517,0,0,1,Pedestrian
37,1768.0,853.0,1812.0,894.0,3518,0,0,1,Pedestrian
37,1768.0,853.0,1812.0,894.0,3519,0,0,1,Pedestrian
37,1768.0,853.0,1812.0,894.0,3520,0,0,1,Pedestrian
37,1768.0,853.0,1812.0,894.0,3521,0,0,1,Pedestrian
37,1768.0,853.0,1812.0,894.0,3522,0,0,1,Pedestrian
37,1768.0,853.0,1812.0,894.0,3523,0,0,1,Pedestrian
37,1768.0,853.0,1812.0,894.0,3524,0,0,1,Pedestrian
37,1768.0,853.0,1812.0,894.0,3525,0,0,1,Pedestrian
37,1768.0,853.0,1812.0,894.0,3526,0,0,1,Pedestrian
37,1768.0,853.0,1812.0,894.0,3527,0,0,1,Pedestrian
37,1768.0,853.0,1812.0,894.0,3528,0,0,1,Pedestrian
37,1768.0,853.0,1812.0,894.0,3529,0,0,1,Pedestrian
37,1768.0,853.0,1812.0,894.0,3530,0,0,1,Pedestrian
37,1768.0,853.0,1812.0,894.0,3531,0,0,1,Pedestrian
37,1768.0,853.0,1812.0,894.0,3532,0,0,1,Pedestrian
37,1768.0,853.0,1812.0,894.0,3533,0,0,1,Pedestrian
37,1768.0,853.0,1812.0,894.0,3534,0,0,1,Pedestrian
37,1768.0,853.0,1812.0,894.0,3535,0,0,1,Pedestrian
37,1768.0,853.0,1812.0,894.0,3536,0,0,1,Pedestrian
37,1768.0,853.0,1812.0,894.0,3537,0,0,1,Pedestrian
37,1768.0,853.0,1812.0,894.0,3538,0,0,1,Pedestrian
37,1768.0,853.0,1812.0,894.0,3539,0,0,1,Pedestrian
37,1768.0,853.0,1812.0,894.0,3540,0,0,1,Pedestrian
37,1768.0,853.0,1812.0,894.0,3541,0,0,1,Pedestrian
37,1768.0,853.0,1812.0,894.0,3542,0,0,1,Pedestrian
37,1768.0,853.0,1812.0,894.0,3543,0,0,1,Pedestrian
37,1768.0,853.0,1812.0,894.0,3544,0,0,1,Pedestrian
37,1768.0,853.0,1812.0,894.0,3545,0,0,1,Pedestrian
37,1768.0,853.0,1812.0,894.0,3546,0,0,1,Pedestrian
37,1768.0,853.0,1812.0,894.0,3547,0,0,1,Pedestrian
37,1768.0,853.0,1812.0,894.0,3548,0,0,1,Pedestrian
37,1768.0,853.0,1812.0,894.0,3549,0,0,1,Pedestrian
37,1768.0,853.0,1812.0,894.0,3550,0,0,1,Pedestrian
37,1768.0,853.0,1812.0,894.0,3551,0,0,1,Pedestrian
37,1768.0,853.0,1812.0,894.0,3552,0,0,1,Pedestrian
37,1768.0,853.0,1812.0,894.0,3553,0,0,1,Pedestrian
37,1768.0,853.0,1812.0,894.0,3554,0,0,1,Pedestrian
37,1768.0,853.0,1812.0,894.0,3555,0,0,1,Pedestrian
37,1768.0,851.0,1812.0,894.0,3556,0,0,1,Pedestrian
37,1768.0,851.0,1812.0,894.0,3557,0,0,1,Pedestrian
37,1768.0,851.0,1812.0,894.0,3558,0,0,1,Pedestrian
37,1768.0,851.0,1812.0,894.0,3559,0,0,1,Pedestrian
37,1768.0,851.0,1812.0,894.0,3560,0,0,1,Pedestrian
37,1768.0,851.0,1812.0,894.0,3561,0,0,1,Pedestrian
37,1768.0,851.0,1812.0,894.0,3562,0,0,1,Pedestrian
37,1768.0,851.0,1812.0,894.0,3563,0,0,1,Pedestrian
37,1768.0,851.0,1812.0,894.0,3564,0,0,1,Pedestrian
37,1768.0,851.0,1812.0,894.0,3565,0,0,1,Pedestrian
37,1768.0,851.0,1812.0,894.0,3566,0,0,1,Pedestrian
37,1768.0,851.0,1812.0,894.0,3567,0,0,1,Pedestrian
37,1768.0,851.0,1812.0,894.0,3568,0,0,1,Pedestrian
37,1768.0,851.0,1812.0,894.0,3569,0,0,1,Pedestrian
37,1768.0,851.0,1812.0,894.0,3570,0,0,1,Pedestrian
37,1768.0,851.0,1812.0,894.0,3571,0,0,1,Pedestrian
37,1765.0,851.0,1812.0,894.0,3572,0,0,1,Pedestrian
37,1765.0,851.0,1812.0,894.0,3573,0,0,1,Pedestrian
37,1765.0,851.0,1812.0,894.0,3574,0,0,1,Pedestrian
37,1765.0,851.0,1812.0,894.0,3575,0,0,1,Pedestrian
37,1765.0,851.0,1812.0,894.0,3576,0,0,1,Pedestrian
37,1765.0,851.0,1812.0,894.0,3577,0,0,1,Pedestrian
37,1765.0,851.0,1812.0,894.0,3578,0,0,1,Pedestrian
37,1765.0,851.0,1812.0,894.0,3579,0,0,1,Pedestrian
37,1765.0,851.0,1812.0,894.0,3580,0,0,1,Pedestrian
37,1765.0,851.0,1812.0,894.0,3581,0,0,1,Pedestrian
37,1765.0,851.0,1812.0,894.0,3582,0,0,1,Pedestrian
37,1765.0,851.0,1812.0,894.0,3583,0,0,1,Pedestrian
37,1765.0,851.0,1812.0,894.0,3584,0,0,1,Pedestrian
37,1765.0,851.0,1812.0,894.0,3585,0,0,1,Pedestrian
37,1765.0,851.0,1812.0,894.0,3586,0,0,1,Pedestrian
37,1765.0,851.0,1812.0,894.0,3587,0,0,1,Pedestrian
37,1765.0,851.0,1812.0,894.0,3588,0,0,1,Pedestrian
37,1765.0,851.0,1812.0,894.0,3589,0,0,1,Pedestrian
37,1765.0,851.0,1812.0,894.0,3590,0,0,1,Pedestrian
37,1765.0,851.0,1812.0,894.0,3591,0,0,1,Pedestrian
37,1765.0,851.0,1812.0,894.0,3592,0,0,1,Pedestrian
37,1765.0,851.0,1812.0,894.0,3593,0,0,1,Pedestrian
37,1765.0,851.0,1812.0,894.0,3594,0,0,1,Pedestrian
37,1765.0,851.0,1812.0,894.0,3595,0,0,1,Pedestrian
37,1765.0,851.0,1812.0,894.0,3596,0,0,1,Pedestrian
37,1765.0,851.0,1812.0,894.0,3597,0,0,1,Pedestrian
37,1765.0,851.0,1812.0,894.0,3598,0,0,1,Pedestrian
37,1765.0,851.0,1812.0,894.0,3599,0,0,1,Pedestrian
37,1765.0,851.0,1812.0,894.0,3600,0,0,1,Pedestrian
37,1765.0,851.0,1812.0,894.0,3601,0,0,1,Pedestrian
37,1765.0,851.0,1812.0,894.0,3602,0,0,1,Pedestrian
37,1765.0,851.0,1812.0,894.0,3603,0,0,1,Pedestrian
37,1765.0,851.0,1812.0,894.0,3604,0,0,1,Pedestrian
37,1765.0,851.0,1812.0,894.0,3605,0,0,1,Pedestrian
37,1765.0,851.0,1812.0,894.0,3606,0,0,1,Pedestrian
37,1765.0,851.0,1812.0,894.0,3607,0,0,1,Pedestrian
37,1765.0,851.0,1812.0,894.0,3608,0,0,1,Pedestrian
37,1765.0,851.0,1812.0,894.0,3609,0,0,1,Pedestrian
37,1765.0,851.0,1812.0,894.0,3610,0,0,1,Pedestrian
37,1765.0,851.0,1812.0,894.0,3611,0,0,1,Pedestrian
37,1765.0,849.0,1812.0,894.0,3612,0,0,1,Pedestrian
37,1765.0,849.0,1812.0,894.0,3613,0,0,1,Pedestrian
37,1765.0,849.0,1812.0,894.0,3614,0,0,1,Pedestrian
37,1765.0,849.0,1812.0,894.0,3615,0,0,1,Pedestrian
37,1765.0,849.0,1812.0,894.0,3616,0,0,1,Pedestrian
37,1765.0,849.0,1812.0,894.0,3617,0,0,1,Pedestrian
37,1765.0,849.0,1812.0,894.0,3618,0,0,1,Pedestrian
37,1765.0,849.0,1812.0,894.0,3619,0,0,1,Pedestrian
37,1765.0,849.0,1812.0,894.0,3620,0,0,1,Pedestrian
37,1765.0,849.0,1812.0,894.0,3621,0,0,1,Pedestrian
37,1765.0,849.0,1812.0,894.0,3622,0,0,1,Pedestrian
37,1765.0,849.0,1812.0,894.0,3623,0,0,1,Pedestrian
37,1765.0,849.0,1812.0,894.0,3624,0,0,1,Pedestrian
37,1765.0,849.0,1812.0,894.0,3625,0,0,1,Pedestrian
37,1765.0,849.0,1812.0,894.0,3626,0,0,1,Pedestrian
37,1765.0,849.0,1812.0,894.0,3627,0,0,1,Pedestrian
37,1765.0,849.0,1812.0,894.0,3628,0,0,1,Pedestrian
37,1765.0,849.0,1812.0,894.0,3629,0,0,1,Pedestrian
37,1765.0,849.0,1812.0,894.0,3630,0,0,1,Pedestrian
37,1765.0,849.0,1812.0,894.0,3631,0,0,1,Pedestrian
37,1765.0,849.0,1812.0,894.0,3632,0,0,1,Pedestrian
37,1765.0,849.0,1812.0,894.0,3633,0,0,1,Pedestrian
37,1765.0,849.0,1812.0,894.0,3634,0,0,1,Pedestrian
37,1765.0,849.0,1812.0,894.0,3635,0,0,1,Pedestrian
37,1765.0,849.0,1812.0,894.0,3636,0,0,1,Pedestrian
37,1765.0,849.0,1812.0,894.0,3637,0,0,1,Pedestrian
37,1765.0,849.0,1812.0,894.0,3638,0,0,1,Pedestrian
37,1765.0,849.0,1812.0,894.0,3639,0,0,1,Pedestrian
37,1765.0,849.0,1812.0,894.0,3640,0,0,1,Pedestrian
37,1765.0,849.0,1812.0,894.0,3641,0,0,1,Pedestrian
37,1765.0,849.0,1812.0,894.0,3642,0,0,1,Pedestrian
37,1762.0,849.0,1812.0,894.0,3643,0,0,1,Pedestrian
37,1762.0,849.0,1812.0,894.0,3644,0,0,1,Pedestrian
37,1762.0,849.0,1812.0,894.0,3645,0,0,1,Pedestrian
37,1762.0,849.0,1812.0,894.0,3646,0,0,1,Pedestrian
37,1762.0,849.0,1812.0,894.0,3647,0,0,1,Pedestrian
37,1762.0,849.0,1812.0,894.0,3648,0,0,1,Pedestrian
37,1762.0,849.0,1812.0,894.0,3649,0,0,1,Pedestrian
37,1762.0,849.0,1812.0,894.0,3650,0,0,1,Pedestrian
37,1762.0,849.0,1812.0,894.0,3651,0,0,1,Pedestrian
37,1762.0,849.0,1812.0,894.0,3652,0,0,1,Pedestrian
37,1762.0,849.0,1812.0,894.0,3653,0,0,1,Pedestrian
37,1762.0,849.0,1812.0,894.0,3654,0,0,1,Pedestrian
37,1762.0,849.0,1812.0,894.0,3655,0,0,1,Pedestrian
37,1762.0,849.0,1812.0,894.0,3656,0,0,1,Pedestrian
37,1762.0,849.0,1812.0,894.0,3657,0,0,1,Pedestrian
37,1762.0,849.0,1812.0,894.0,3658,0,0,1,Pedestrian
37,1762.0,849.0,1812.0,894.0,3659,0,0,1,Pedestrian
37,1762.0,849.0,1812.0,894.0,3660,0,0,1,Pedestrian
37,1762.0,849.0,1812.0,894.0,3661,0,0,1,Pedestrian
37,1762.0,849.0,1812.0,894.0,3662,0,0,1,Pedestrian
37,1762.0,849.0,1812.0,894.0,3663,0,0,1,Pedestrian
37,1762.0,849.0,1812.0,894.0,3664,0,0,1,Pedestrian
37,1762.0,849.0,1812.0,894.0,3665,0,0,1,Pedestrian
37,1762.0,849.0,1812.0,894.0,3666,0,0,1,Pedestrian
37,1762.0,847.0,1809.0,894.0,3667,0,0,1,Pedestrian
37,1762.0,847.0,1809.0,894.0,3668,0,0,1,Pedestrian
37,1762.0,847.0,1809.0,894.0,3669,0,0,1,Pedestrian
37,1762.0,847.0,1809.0,894.0,3670,0,0,1,Pedestrian
37,1762.0,847.0,1809.0,894.0,3671,0,0,1,Pedestrian
37,1762.0,847.0,1809.0,894.0,3672,0,0,1,Pedestrian
37,1762.0,847.0,1809.0,894.0,3673,0,0,1,Pedestrian
37,1762.0,847.0,1809.0,894.0,3674,0,0,1,Pedestrian
37,1762.0,847.0,1809.0,894.0,3675,0,0,1,Pedestrian
37,1762.0,847.0,1809.0,894.0,3676,0,0,1,Pedestrian
37,1762.0,847.0,1809.0,894.0,3677,0,0,1,Pedestrian
37,1762.0,847.0,1809.0,894.0,3678,0,0,1,Pedestrian
37,1762.0,847.0,1809.0,894.0,3679,0,0,1,Pedestrian
37,1762.0,847.0,1809.0,894.0,3680,0,0,1,Pedestrian
37,1762.0,847.0,1809.0,894.0,3681,0,0,1,Pedestrian
37,1762.0,847.0,1809.0,894.0,3682,0,0,1,Pedestrian
37,1762.0,847.0,1809.0,894.0,3683,0,0,1,Pedestrian
37,1762.0,847.0,1809.0,894.0,3684,0,0,1,Pedestrian
37,1762.0,847.0,1809.0,894.0,3685,0,0,1,Pedestrian
37,1762.0,847.0,1809.0,894.0,3686,0,0,1,Pedestrian
37,1762.0,847.0,1809.0,894.0,3687,0,0,1,Pedestrian
37,1762.0,847.0,1809.0,894.0,3688,0,0,1,Pedestrian
37,1762.0,847.0,1809.0,894.0,3689,0,0,1,Pedestrian
37,1762.0,847.0,1809.0,894.0,3690,0,0,1,Pedestrian
37,1762.0,847.0,1809.0,894.0,3691,0,0,1,Pedestrian
37,1762.0,847.0,1809.0,894.0,3692,0,0,1,Pedestrian
37,1762.0,847.0,1809.0,894.0,3693,0,0,1,Pedestrian
37,1762.0,847.0,1809.0,894.0,3694,0,0,1,Pedestrian
37,1762.0,847.0,1809.0,894.0,3695,0,0,1,Pedestrian
37,1762.0,847.0,1809.0,894.0,3696,0,0,1,Pedestrian
37,1762.0,847.0,1809.0,894.0,3697,0,0,1,Pedestrian
37,1762.0,847.0,1809.0,894.0,3698,0,0,1,Pedestrian
37,1762.0,847.0,1809.0,894.0,3699,0,0,1,Pedestrian
37,1762.0,847.0,1809.0,894.0,3700,0,0,1,Pedestrian
37,1762.0,847.0,1809.0,894.0,3701,0,0,1,Pedestrian
37,1762.0,847.0,1809.0,894.0,3702,0,0,1,Pedestrian
37,1762.0,847.0,1809.0,894.0,3703,0,0,1,Pedestrian
37,1762.0,847.0,1809.0,894.0,3704,0,0,1,Pedestrian
37,1762.0,847.0,1809.0,894.0,3705,0,0,1,Pedestrian
37,1762.0,847.0,1809.0,894.0,3706,0,0,1,Pedestrian
37,1762.0,847.0,1809.0,894.0,3707,0,0,1,Pedestrian
37,1762.0,847.0,1809.0,894.0,3708,0,0,1,Pedestrian
37,1762.0,847.0,1809.0,894.0,3709,0,0,1,Pedestrian
37,1762.0,847.0,1809.0,894.0,3710,0,0,1,Pedestrian
37,1762.0,847.0,1809.0,894.0,3711,0,0,1,Pedestrian
37,1762.0,847.0,1809.0,894.0,3712,0,0,1,Pedestrian
37,1762.0,847.0,1809.0,894.0,3713,0,0,1,Pedestrian
37,1762.0,847.0,1809.0,894.0,3714,0,0,1,Pedestrian
37,1760.0,847.0,1809.0,894.0,3715,0,0,1,Pedestrian
37,1760.0,847.0,1809.0,894.0,3716,0,0,1,Pedestrian
37,1760.0,847.0,1809.0,894.0,3717,0,0,1,Pedestrian
37,1760.0,847.0,1809.0,894.0,3718,0,0,1,Pedestrian
37,1760.0,847.0,1809.0,894.0,3719,0,0,1,Pedestrian
37,1760.0,847.0,1809.0,894.0,3720,0,0,1,Pedestrian
37,1760.0,847.0,1809.0,894.0,3721,0,0,1,Pedestrian
37,1760.0,847.0,1809.0,894.0,3722,0,0,1,Pedestrian
37,1760.0,844.0,1809.0,894.0,3723,0,0,1,Pedestrian
37,1760.0,844.0,1809.0,894.0,3724,0,0,1,Pedestrian
37,1760.0,844.0,1809.0,894.0,3725,0,0,1,Pedestrian
37,1760.0,844.0,1809.0,894.0,3726,0,0,1,Pedestrian
37,1760.0,844.0,1809.0,894.0,3727,0,0,1,Pedestrian
37,1760.0,844.0,1809.0,894.0,3728,0,0,1,Pedestrian
37,1760.0,844.0,1809.0,894.0,3729,0,0,1,Pedestrian
37,1760.0,844.0,1809.0,894.0,3730,0,0,1,Pedestrian
37,1760.0,844.0,1809.0,894.0,3731,0,0,1,Pedestrian
37,1760.0,844.0,1809.0,894.0,3732,0,0,1,Pedestrian
37,1760.0,844.0,1809.0,894.0,3733,0,0,1,Pedestrian
37,1760.0,844.0,1809.0,894.0,3734,0,0,1,Pedestrian
37,1760.0,844.0,1809.0,894.0,3735,0,0,1,Pedestrian
37,1760.0,844.0,1809.0,894.0,3736,0,0,1,Pedestrian
37,1760.0,844.0,1809.0,894.0,3737,0,0,1,Pedestrian
37,1760.0,844.0,1809.0,894.0,3738,0,0,1,Pedestrian
37,1760.0,844.0,1809.0,894.0,3739,0,0,1,Pedestrian
37,1760.0,844.0,1809.0,894.0,3740,0,0,1,Pedestrian
37,1760.0,844.0,1809.0,894.0,3741,0,0,1,Pedestrian
37,1760.0,844.0,1809.0,894.0,3742,0,0,1,Pedestrian
37,1760.0,844.0,1809.0,894.0,3743,0,0,1,Pedestrian
37,1760.0,844.0,1809.0,894.0,3744,0,0,1,Pedestrian
37,1760.0,844.0,1809.0,894.0,3745,0,0,1,Pedestrian
37,1760.0,844.0,1809.0,894.0,3746,0,0,1,Pedestrian
37,1760.0,844.0,1809.0,894.0,3747,0,0,1,Pedestrian
37,1760.0,844.0,1809.0,894.0,3748,0,0,1,Pedestrian
37,1760.0,844.0,1809.0,894.0,3749,0,0,1,Pedestrian
37,1760.0,844.0,1809.0,894.0,3750,0,0,1,Pedestrian
37,1760.0,844.0,1809.0,894.0,3751,0,0,1,Pedestrian
37,1760.0,844.0,1809.0,894.0,3752,0,0,1,Pedestrian
37,1760.0,844.0,1809.0,894.0,3753,0,0,1,Pedestrian
37,1760.0,844.0,1809.0,894.0,3754,0,0,1,Pedestrian
37,1760.0,844.0,1809.0,894.0,3755,0,0,1,Pedestrian
37,1760.0,844.0,1809.0,894.0,3756,0,0,1,Pedestrian
37,1760.0,844.0,1809.0,894.0,3757,0,0,1,Pedestrian
37,1760.0,844.0,1809.0,894.0,3758,0,0,1,Pedestrian
37,1760.0,844.0,1809.0,894.0,3759,0,0,1,Pedestrian
37,1760.0,844.0,1809.0,894.0,3760,0,0,1,Pedestrian
37,1760.0,844.0,1809.0,894.0,3761,0,0,1,Pedestrian
37,1760.0,844.0,1809.0,894.0,3762,0,0,1,Pedestrian
37,1760.0,844.0,1809.0,894.0,3763,0,0,1,Pedestrian
37,1760.0,844.0,1809.0,894.0,3764,0,0,1,Pedestrian
37,1760.0,844.0,1809.0,894.0,3765,0,0,1,Pedestrian
37,1760.0,844.0,1809.0,894.0,3766,0,0,1,Pedestrian
37,1760.0,844.0,1809.0,894.0,3767,0,0,1,Pedestrian
37,1760.0,844.0,1809.0,894.0,3768,0,0,1,Pedestrian
37,1760.0,844.0,1809.0,894.0,3769,0,0,1,Pedestrian
37,1760.0,844.0,1809.0,894.0,3770,0,0,1,Pedestrian
37,1760.0,844.0,1809.0,894.0,3771,0,0,1,Pedestrian
37,1760.0,844.0,1809.0,894.0,3772,0,0,1,Pedestrian
37,1760.0,844.0,1809.0,894.0,3773,0,0,1,Pedestrian
37,1760.0,844.0,1809.0,894.0,3774,0,0,1,Pedestrian
37,1760.0,844.0,1809.0,894.0,3775,0,0,1,Pedestrian
37,1760.0,844.0,1809.0,894.0,3776,0,0,1,Pedestrian
37,1760.0,844.0,1809.0,894.0,3777,0,0,1,Pedestrian
37,1760.0,842.0,1809.0,894.0,3778,0,0,1,Pedestrian
37,1760.0,842.0,1809.0,894.0,3779,0,0,1,Pedestrian
37,1760.0,842.0,1809.0,894.0,3780,0,0,1,Pedestrian
37,1760.0,842.0,1809.0,894.0,3781,0,0,1,Pedestrian
37,1760.0,842.0,1809.0,894.0,3782,0,0,1,Pedestrian
37,1760.0,842.0,1809.0,894.0,3783,0,0,1,Pedestrian
37,1760.0,842.0,1809.0,894.0,3784,0,0,1,Pedestrian
37,1760.0,842.0,1809.0,894.0,3785,0,0,1,Pedestrian
37,1757.0,842.0,1809.0,894.0,3786,0,0,1,Pedestrian
37,1757.0,842.0,1809.0,894.0,3787,0,0,1,Pedestrian
37,1757.0,842.0,1809.0,894.0,3788,0,0,1,Pedestrian
37,1757.0,842.0,1809.0,894.0,3789,0,0,1,Pedestrian
37,1757.0,842.0,1809.0,894.0,3790,0,0,1,Pedestrian
37,1757.0,842.0,1809.0,894.0,3791,0,0,1,Pedestrian
37,1757.0,842.0,1809.0,894.0,3792,0,0,1,Pedestrian
37,1757.0,842.0,1809.0,894.0,3793,0,0,1,Pedestrian
37,1757.0,842.0,1809.0,894.0,3794,0,0,1,Pedestrian
37,1757.0,842.0,1809.0,894.0,3795,0,0,1,Pedestrian
37,1757.0,842.0,1809.0,894.0,3796,0,0,1,Pedestrian
37,1757.0,842.0,1809.0,894.0,3797,0,0,1,Pedestrian
37,1757.0,842.0,1809.0,894.0,3798,0,0,1,Pedestrian
37,1757.0,842.0,1809.0,894.0,3799,0,0,1,Pedestrian
37,1757.0,842.0,1809.0,894.0,3800,0,0,1,Pedestrian
37,1757.0,842.0,1809.0,894.0,3801,0,0,1,Pedestrian
37,1757.0,842.0,1809.0,894.0,3802,0,0,1,Pedestrian
37,1757.0,842.0,1809.0,894.0,3803,0,0,1,Pedestrian
37,1757.0,842.0,1809.0,894.0,3804,0,0,1,Pedestrian
37,1757.0,842.0,1809.0,894.0,3805,0,0,1,Pedestrian
37,1757.0,842.0,1809.0,894.0,3806,0,0,1,Pedestrian
37,1757.0,842.0,1809.0,894.0,3807,0,0,1,Pedestrian
37,1757.0,842.0,1809.0,894.0,3808,0,0,1,Pedestrian
37,1757.0,842.0,1809.0,894.0,3809,0,0,1,Pedestrian
37,1757.0,842.0,1809.0,894.0,3810,0,0,1,Pedestrian
37,1757.0,842.0,1809.0,894.0,3811,0,0,1,Pedestrian
37,1757.0,842.0,1809.0,894.0,3812,0,0,1,Pedestrian
37,1757.0,842.0,1809.0,894.0,3813,0,0,1,Pedestrian
37,1757.0,842.0,1809.0,894.0,3814,0,0,1,Pedestrian
37,1757.0,842.0,1809.0,894.0,3815,0,0,1,Pedestrian
37,1757.0,842.0,1809.0,894.0,3816,0,0,1,Pedestrian
37,1757.0,842.0,1809.0,894.0,3817,0,0,1,Pedestrian
37,1757.0,842.0,1809.0,894.0,3818,0,0,1,Pedestrian
37,1757.0,842.0,1809.0,894.0,3819,0,0,1,Pedestrian
37,1757.0,842.0,1809.0,894.0,3820,0,0,1,Pedestrian
37,1757.0,842.0,1809.0,894.0,3821,0,0,1,Pedestrian
37,1757.0,842.0,1809.0,894.0,3822,0,0,1,Pedestrian
37,1757.0,842.0,1809.0,894.0,3823,0,0,1,Pedestrian
37,1757.0,842.0,1809.0,894.0,3824,0,0,1,Pedestrian
37,1757.0,842.0,1809.0,894.0,3825,0,0,1,Pedestrian
37,1757.0,842.0,1809.0,894.0,3826,0,0,1,Pedestrian
37,1757.0,842.0,1809.0,894.0,3827,0,0,1,Pedestrian
37,1757.0,842.0,1809.0,894.0,3828,0,0,1,Pedestrian
37,1757.0,842.0,1809.0,894.0,3829,0,0,1,Pedestrian
37,1757.0,842.0,1809.0,894.0,3830,0,0,1,Pedestrian
37,1757.0,842.0,1809.0,894.0,3831,0,0,1,Pedestrian
37,1757.0,842.0,1809.0,894.0,3832,0,0,1,Pedestrian
37,1757.0,842.0,1809.0,894.0,3833,0,0,1,Pedestrian
37,1757.0,840.0,1806.0,894.0,3834,0,0,1,Pedestrian
37,1757.0,840.0,1806.0,894.0,3835,0,0,1,Pedestrian
37,1757.0,840.0,1806.0,894.0,3836,0,0,1,Pedestrian
37,1757.0,840.0,1806.0,894.0,3837,0,0,1,Pedestrian
37,1757.0,840.0,1806.0,894.0,3838,0,0,1,Pedestrian
37,1757.0,840.0,1806.0,894.0,3839,0,0,1,Pedestrian
37,1757.0,840.0,1806.0,894.0,3840,0,0,1,Pedestrian
37,1757.0,840.0,1806.0,894.0,3841,0,0,1,Pedestrian
37,1757.0,840.0,1806.0,894.0,3842,0,0,1,Pedestrian
37,1757.0,840.0,1806.0,894.0,3843,0,0,1,Pedestrian
37,1757.0,840.0,1806.0,894.0,3844,0,0,1,Pedestrian
37,1757.0,840.0,1806.0,894.0,3845,0,0,1,Pedestrian
37,1757.0,840.0,1806.0,894.0,3846,0,0,1,Pedestrian
37,1757.0,840.0,1806.0,894.0,3847,0,0,1,Pedestrian
37,1757.0,840.0,1806.0,894.0,3848,0,0,1,Pedestrian
37,1757.0,840.0,1806.0,894.0,3849,0,0,1,Pedestrian
37,1757.0,840.0,1806.0,894.0,3850,0,0,1,Pedestrian
37,1757.0,840.0,1806.0,894.0,3851,0,0,1,Pedestrian
37,1757.0,840.0,1806.0,894.0,3852,0,0,1,Pedestrian
37,1757.0,840.0,1806.0,894.0,3853,0,0,1,Pedestrian
37,1757.0,840.0,1806.0,894.0,3854,0,0,1,Pedestrian
37,1757.0,840.0,1806.0,894.0,3855,0,0,1,Pedestrian
37,1757.0,840.0,1806.0,894.0,3856,0,0,1,Pedestrian
37,1757.0,840.0,1806.0,894.0,3857,0,0,1,Pedestrian
37,1754.0,840.0,1806.0,894.0,3858,0,0,1,Pedestrian
37,1754.0,840.0,1806.0,894.0,3859,0,0,1,Pedestrian
37,1754.0,840.0,1806.0,894.0,3860,0,0,1,Pedestrian
37,1754.0,840.0,1806.0,894.0,3861,0,0,1,Pedestrian
37,1754.0,840.0,1806.0,894.0,3862,0,0,1,Pedestrian
37,1754.0,840.0,1806.0,894.0,3863,0,0,1,Pedestrian
37,1754.0,840.0,1806.0,894.0,3864,0,0,1,Pedestrian
37,1754.0,840.0,1806.0,894.0,3865,0,0,1,Pedestrian
37,1754.0,840.0,1806.0,894.0,3866,0,0,1,Pedestrian
37,1754.0,840.0,1806.0,894.0,3867,0,0,1,Pedestrian
37,1754.0,840.0,1806.0,894.0,3868,0,0,1,Pedestrian
37,1754.0,840.0,1806.0,894.0,3869,0,0,1,Pedestrian
37,1754.0,840.0,1806.0,894.0,3870,0,0,1,Pedestrian
37,1754.0,840.0,1806.0,894.0,3871,0,0,1,Pedestrian
37,1754.0,840.0,1806.0,894.0,3872,0,0,1,Pedestrian
37,1754.0,840.0,1806.0,894.0,3873,0,0,1,Pedestrian
37,1754.0,840.0,1806.0,894.0,3874,0,0,1,Pedestrian
37,1754.0,840.0,1806.0,894.0,3875,0,0,1,Pedestrian
37,1754.0,840.0,1806.0,894.0,3876,0,0,1,Pedestrian
37,1754.0,840.0,1806.0,894.0,3877,0,0,1,Pedestrian
37,1754.0,840.0,1806.0,894.0,3878,0,0,1,Pedestrian
37,1754.0,840.0,1806.0,894.0,3879,0,0,1,Pedestrian
37,1754.0,840.0,1806.0,894.0,3880,0,0,1,Pedestrian
37,1754.0,840.0,1806.0,894.0,3881,0,0,1,Pedestrian
37,1754.0,840.0,1806.0,894.0,3882,0,0,1,Pedestrian
37,1754.0,840.0,1806.0,894.0,3883,0,0,1,Pedestrian
37,1754.0,840.0,1806.0,894.0,3884,0,0,1,Pedestrian
37,1754.0,840.0,1806.0,894.0,3885,0,0,1,Pedestrian
37,1754.0,840.0,1806.0,894.0,3886,0,0,1,Pedestrian
37,1754.0,840.0,1806.0,894.0,3887,0,0,1,Pedestrian
37,1754.0,840.0,1806.0,894.0,3888,0,0,1,Pedestrian
37,1754.0,837.0,1806.0,894.0,3889,0,0,1,Pedestrian
37,1754.0,837.0,1806.0,894.0,3890,0,0,1,Pedestrian
37,1754.0,837.0,1806.0,894.0,3891,0,0,1,Pedestrian
37,1754.0,837.0,1806.0,894.0,3892,0,0,1,Pedestrian
37,1754.0,837.0,1806.0,894.0,3893,0,0,1,Pedestrian
37,1754.0,837.0,1806.0,894.0,3894,0,0,1,Pedestrian
37,1754.0,837.0,1806.0,894.0,3895,0,0,1,Pedestrian
37,1754.0,837.0,1806.0,894.0,3896,0,0,1,Pedestrian
37,1754.0,837.0,1806.0,894.0,3897,0,0,1,Pedestrian
37,1754.0,837.0,1806.0,894.0,3898,0,0,1,Pedestrian
37,1754.0,837.0,1806.0,894.0,3899,0,0,1,Pedestrian
37,1754.0,837.0,1806.0,894.0,3900,0,0,1,Pedestrian
37,1754.0,837.0,1806.0,894.0,3901,0,0,1,Pedestrian
37,1754.0,837.0,1806.0,894.0,3902,0,0,1,Pedestrian
37,1754.0,837.0,1806.0,894.0,3903,0,0,1,Pedestrian
37,1754.0,837.0,1806.0,894.0,3904,0,0,1,Pedestrian
37,1754.0,837.0,1806.0,894.0,3905,0,0,1,Pedestrian
37,1754.0,837.0,1806.0,894.0,3906,0,0,1,Pedestrian
37,1754.0,837.0,1806.0,894.0,3907,0,0,1,Pedestrian
37,1754.0,837.0,1806.0,894.0,3908,0,0,1,Pedestrian
37,1754.0,837.0,1806.0,894.0,3909,0,0,1,Pedestrian
37,1754.0,837.0,1806.0,894.0,3910,0,0,1,Pedestrian
37,1754.0,837.0,1806.0,894.0,3911,0,0,1,Pedestrian
37,1754.0,837.0,1806.0,894.0,3912,0,0,1,Pedestrian
37,1754.0,837.0,1806.0,894.0,3913,0,0,1,Pedestrian
37,1754.0,837.0,1806.0,894.0,3914,0,0,1,Pedestrian
37,1754.0,837.0,1806.0,894.0,3915,0,0,1,Pedestrian
37,1754.0,837.0,1806.0,894.0,3916,0,0,1,Pedestrian
37,1754.0,837.0,1806.0,894.0,3917,0,0,1,Pedestrian
37,1754.0,837.0,1806.0,894.0,3918,0,0,1,Pedestrian
37,1754.0,837.0,1806.0,894.0,3919,0,0,1,Pedestrian
37,1754.0,837.0,1806.0,894.0,3920,0,0,1,Pedestrian
37,1754.0,837.0,1806.0,894.0,3921,0,0,1,Pedestrian
37,1754.0,837.0,1806.0,894.0,3922,0,0,1,Pedestrian
37,1754.0,837.0,1806.0,894.0,3923,0,0,1,Pedestrian
37,1754.0,837.0,1806.0,894.0,3924,0,0,1,Pedestrian
37,1754.0,837.0,1806.0,894.0,3925,0,0,1,Pedestrian
37,1754.0,837.0,1806.0,894.0,3926,0,0,1,Pedestrian
37,1754.0,837.0,1806.0,894.0,3927,0,0,1,Pedestrian
37,1754.0,837.0,1806.0,894.0,3928,0,0,1,Pedestrian
37,1751.0,837.0,1806.0,894.0,3929,0,0,1,Pedestrian
37,1751.0,837.0,1806.0,894.0,3930,0,0,1,Pedestrian
37,1751.0,837.0,1806.0,894.0,3931,0,0,1,Pedestrian
37,1751.0,837.0,1806.0,894.0,3932,0,0,1,Pedestrian
37,1751.0,837.0,1806.0,894.0,3933,0,0,1,Pedestrian
37,1751.0,837.0,1806.0,894.0,3934,0,0,1,Pedestrian
37,1751.0,837.0,1806.0,894.0,3935,0,0,1,Pedestrian
37,1751.0,837.0,1806.0,894.0,3936,0,0,1,Pedestrian
37,1751.0,837.0,1806.0,894.0,3937,0,0,1,Pedestrian
37,1751.0,837.0,1806.0,894.0,3938,0,0,1,Pedestrian
37,1751.0,837.0,1806.0,894.0,3939,0,0,1,Pedestrian
37,1751.0,837.0,1806.0,894.0,3940,0,0,1,Pedestrian
37,1751.0,837.0,1806.0,894.0,3941,0,0,1,Pedestrian
37,1751.0,837.0,1806.0,894.0,3942,0,0,1,Pedestrian
37,1751.0,837.0,1806.0,894.0,3943,0,0,1,Pedestrian
37,1751.0,837.0,1806.0,894.0,3944,0,0,1,Pedestrian
37,1751.0,835.0,1806.0,894.0,3945,0,0,1,Pedestrian
37,1751.0,835.0,1806.0,894.0,3946,0,0,1,Pedestrian
37,1751.0,835.0,1806.0,894.0,3947,0,0,1,Pedestrian
37,1751.0,835.0,1806.0,894.0,3948,0,0,1,Pedestrian
37,1751.0,835.0,1806.0,894.0,3949,0,0,1,Pedestrian
37,1751.0,835.0,1806.0,894.0,3950,0,0,1,Pedestrian
37,1751.0,835.0,1806.0,894.0,3951,0,0,1,Pedestrian
37,1751.0,835.0,1806.0,894.0,3952,0,0,1,Pedestrian
37,1751.0,835.0,1806.0,894.0,3953,0,0,1,Pedestrian
37,1751.0,835.0,1806.0,894.0,3954,0,0,1,Pedestrian
37,1751.0,835.0,1806.0,894.0,3955,0,0,1,Pedestrian
37,1751.0,835.0,1806.0,894.0,3956,0,0,1,Pedestrian
37,1751.0,835.0,1806.0,894.0,3957,0,0,1,Pedestrian
37,1751.0,835.0,1806.0,894.0,3958,0,0,1,Pedestrian
37,1751.0,835.0,1806.0,894.0,3959,0,0,1,Pedestrian
37,1751.0,835.0,1806.0,894.0,3960,0,0,1,Pedestrian
37,1751.0,835.0,1806.0,894.0,3961,0,0,1,Pedestrian
37,1751.0,835.0,1806.0,894.0,3962,0,0,1,Pedestrian
37,1751.0,835.0,1806.0,894.0,3963,0,0,1,Pedestrian
37,1751.0,835.0,1806.0,894.0,3964,0,0,1,Pedestrian
37,1751.0,835.0,1806.0,894.0,3965,0,0,1,Pedestrian
37,1751.0,835.0,1806.0,894.0,3966,0,0,1,Pedestrian
37,1751.0,835.0,1806.0,894.0,3967,0,0,1,Pedestrian
37,1751.0,835.0,1806.0,894.0,3968,0,0,1,Pedestrian
37,1751.0,835.0,1806.0,894.0,3969,0,0,1,Pedestrian
37,1751.0,835.0,1806.0,894.0,3970,0,0,1,Pedestrian
37,1751.0,835.0,1806.0,894.0,3971,0,0,1,Pedestrian
37,1751.0,835.0,1806.0,894.0,3972,0,0,1,Pedestrian
37,1751.0,835.0,1806.0,894.0,3973,0,0,1,Pedestrian
37,1751.0,835.0,1806.0,894.0,3974,0,0,1,Pedestrian
37,1751.0,835.0,1806.0,894.0,3975,0,0,1,Pedestrian
37,1751.0,835.0,1806.0,894.0,3976,0,0,1,Pedestrian
37,1751.0,835.0,1806.0,894.0,3977,0,0,1,Pedestrian
37,1751.0,835.0,1806.0,894.0,3978,0,0,1,Pedestrian
37,1751.0,835.0,1806.0,894.0,3979,0,0,1,Pedestrian
37,1751.0,835.0,1806.0,894.0,3980,0,0,1,Pedestrian
37,1751.0,835.0,1806.0,894.0,3981,0,0,1,Pedestrian
37,1751.0,835.0,1806.0,894.0,3982,0,0,1,Pedestrian
37,1751.0,835.0,1806.0,894.0,3983,0,0,1,Pedestrian
37,1751.0,835.0,1806.0,894.0,3984,0,0,1,Pedestrian
37,1751.0,835.0,1806.0,894.0,3985,0,0,1,Pedestrian
37,1751.0,835.0,1806.0,894.0,3986,0,0,1,Pedestrian
37,1751.0,835.0,1806.0,894.0,3987,0,0,1,Pedestrian
37,1751.0,835.0,1806.0,894.0,3988,0,0,1,Pedestrian
37,1751.0,835.0,1806.0,894.0,3989,0,0,1,Pedestrian
37,1751.0,835.0,1806.0,894.0,3990,0,0,1,Pedestrian
37,1751.0,835.0,1806.0,894.0,3991,0,0,1,Pedestrian
37,1751.0,835.0,1806.0,894.0,3992,0,0,1,Pedestrian
37,1751.0,835.0,1806.0,894.0,3993,0,0,1,Pedestrian
37,1751.0,835.0,1806.0,894.0,3994,0,0,1,Pedestrian
37,1751.0,835.0,1806.0,894.0,3995,0,0,1,Pedestrian
37,1751.0,835.0,1806.0,894.0,3996,0,0,1,Pedestrian
37,1751.0,835.0,1806.0,894.0,3997,0,0,1,Pedestrian
37,1751.0,835.0,1806.0,894.0,3998,0,0,1,Pedestrian
37,1751.0,835.0,1806.0,894.0,3999,0,0,1,Pedestrian
37,1751.0,835.0,1806.0,894.0,4000,0,0,0,Pedestrian
37,1751.0,835.0,1806.0,894.0,4001,0,0,1,Pedestrian
37,1751.0,835.0,1806.0,894.0,4002,0,0,1,Pedestrian
37,1751.0,835.0,1806.0,894.0,4003,0,0,1,Pedestrian
37,1751.0,835.0,1806.0,894.0,4004,0,0,1,Pedestrian
37,1751.0,835.0,1806.0,894.0,4005,0,0,1,Pedestrian
37,1751.0,835.0,1806.0,894.0,4006,0,0,1,Pedestrian
37,1751.0,835.0,1806.0,894.0,4007,0,0,1,Pedestrian
37,1751.0,835.0,1806.0,894.0,4008,0,0,1,Pedestrian
37,1751.0,835.0,1806.0,894.0,4009,0,0,1,Pedestrian
37,1751.0,835.0,1806.0,894.0,4010,0,0,1,Pedestrian
37,1751.0,835.0,1806.0,894.0,4011,0,0,1,Pedestrian
37,1751.0,835.0,1806.0,894.0,4012,0,0,1,Pedestrian
37,1751.0,835.0,1806.0,894.0,4013,0,0,1,Pedestrian
37,1751.0,835.0,1806.0,894.0,4014,0,0,1,Pedestrian
37,1751.0,835.0,1806.0,894.0,4015,0,0,1,Pedestrian
37,1751.0,835.0,1806.0,894.0,4016,0,0,1,Pedestrian
37,1751.0,835.0,1806.0,894.0,4017,0,0,1,Pedestrian
37,1751.0,835.0,1806.0,894.0,4018,0,0,1,Pedestrian
37,1751.0,835.0,1806.0,894.0,4019,0,0,1,Pedestrian
37,1751.0,835.0,1806.0,894.0,4020,0,0,1,Pedestrian
37,1751.0,835.0,1806.0,894.0,4021,0,0,1,Pedestrian
37,1751.0,835.0,1806.0,894.0,4022,0,0,1,Pedestrian
37,1751.0,835.0,1806.0,894.0,4023,0,0,1,Pedestrian
37,1751.0,835.0,1806.0,894.0,4024,0,0,1,Pedestrian
37,1751.0,835.0,1806.0,894.0,4025,0,0,1,Pedestrian
37,1751.0,835.0,1806.0,894.0,4026,0,0,1,Pedestrian
37,1751.0,835.0,1806.0,894.0,4027,0,0,1,Pedestrian
37,1751.0,835.0,1806.0,894.0,4028,0,0,1,Pedestrian
37,1751.0,835.0,1806.0,894.0,4029,0,0,1,Pedestrian
37,1751.0,835.0,1806.0,894.0,4030,0,0,1,Pedestrian
37,1751.0,835.0,1806.0,894.0,4031,0,0,1,Pedestrian
37,1751.0,835.0,1806.0,894.0,4032,0,0,1,Pedestrian
37,1751.0,835.0,1806.0,894.0,4033,0,0,1,Pedestrian
37,1751.0,835.0,1806.0,894.0,4034,0,0,1,Pedestrian
37,1751.0,835.0,1806.0,894.0,4035,0,0,1,Pedestrian
37,1751.0,837.0,1806.0,894.0,4036,0,0,1,Pedestrian
37,1751.0,837.0,1806.0,894.0,4037,0,0,1,Pedestrian
37,1751.0,837.0,1806.0,894.0,4038,0,0,1,Pedestrian
37,1751.0,837.0,1806.0,894.0,4039,0,0,1,Pedestrian
37,1751.0,837.0,1806.0,894.0,4040,0,0,1,Pedestrian
37,1751.0,837.0,1806.0,894.0,4041,0,0,1,Pedestrian
37,1751.0,837.0,1806.0,894.0,4042,0,0,1,Pedestrian
37,1751.0,837.0,1806.0,894.0,4043,0,0,1,Pedestrian
37,1751.0,837.0,1806.0,894.0,4044,0,0,1,Pedestrian
37,1751.0,837.0,1806.0,894.0,4045,0,0,1,Pedestrian
37,1751.0,837.0,1806.0,894.0,4046,0,0,1,Pedestrian
37,1751.0,837.0,1806.0,894.0,4047,0,0,1,Pedestrian
37,1751.0,837.0,1806.0,894.0,4048,0,0,1,Pedestrian
37,1751.0,837.0,1806.0,894.0,4049,0,0,1,Pedestrian
37,1751.0,837.0,1806.0,894.0,4050,0,0,1,Pedestrian
37,1751.0,837.0,1806.0,894.0,4051,0,0,1,Pedestrian
37,1751.0,837.0,1806.0,894.0,4052,0,0,1,Pedestrian
37,1751.0,837.0,1806.0,894.0,4053,0,0,1,Pedestrian
37,1751.0,837.0,1806.0,894.0,4054,0,0,1,Pedestrian
37,1751.0,837.0,1806.0,894.0,4055,0,0,1,Pedestrian
37,1751.0,837.0,1806.0,894.0,4056,0,0,1,Pedestrian
37,1751.0,837.0,1806.0,894.0,4057,0,0,1,Pedestrian
37,1751.0,837.0,1806.0,894.0,4058,0,0,1,Pedestrian
37,1751.0,837.0,1806.0,894.0,4059,0,0,1,Pedestrian
37,1751.0,837.0,1806.0,894.0,4060,0,0,1,Pedestrian
37,1751.0,837.0,1806.0,894.0,4061,0,0,1,Pedestrian
37,1751.0,837.0,1806.0,894.0,4062,0,0,1,Pedestrian
37,1751.0,837.0,1806.0,894.0,4063,0,0,1,Pedestrian
37,1751.0,837.0,1806.0,894.0,4064,0,0,1,Pedestrian
37,1751.0,837.0,1806.0,894.0,4065,0,0,1,Pedestrian
37,1751.0,837.0,1806.0,894.0,4066,0,0,1,Pedestrian
37,1751.0,837.0,1806.0,894.0,4067,0,0,1,Pedestrian
37,1751.0,837.0,1806.0,894.0,4068,0,0,1,Pedestrian
37,1751.0,837.0,1806.0,894.0,4069,0,0,1,Pedestrian
37,1751.0,837.0,1806.0,894.0,4070,0,0,1,Pedestrian
37,1751.0,837.0,1806.0,894.0,4071,0,0,1,Pedestrian
37,1751.0,840.0,1806.0,894.0,4072,0,0,1,Pedestrian
37,1751.0,840.0,1806.0,894.0,4073,0,0,1,Pedestrian
37,1751.0,840.0,1806.0,894.0,4074,0,0,1,Pedestrian
37,1751.0,840.0,1806.0,894.0,4075,0,0,1,Pedestrian
37,1751.0,840.0,1806.0,894.0,4076,0,0,1,Pedestrian
37,1751.0,840.0,1806.0,894.0,4077,0,0,1,Pedestrian
37,1751.0,840.0,1806.0,894.0,4078,0,0,1,Pedestrian
37,1751.0,840.0,1806.0,894.0,4079,0,0,1,Pedestrian
37,1751.0,840.0,1806.0,894.0,4080,0,0,1,Pedestrian
37,1751.0,840.0,1806.0,894.0,4081,0,0,1,Pedestrian
37,1751.0,840.0,1806.0,894.0,4082,0,0,1,Pedestrian
37,1751.0,840.0,1806.0,894.0,4083,0,0,1,Pedestrian
37,1751.0,840.0,1806.0,894.0,4084,0,0,1,Pedestrian
37,1751.0,840.0,1806.0,894.0,4085,0,0,1,Pedestrian
37,1751.0,840.0,1806.0,894.0,4086,0,0,1,Pedestrian
37,1751.0,840.0,1806.0,894.0,4087,0,0,1,Pedestrian
37,1751.0,840.0,1806.0,894.0,4088,0,0,1,Pedestrian
37,1751.0,840.0,1806.0,894.0,4089,0,0,1,Pedestrian
37,1751.0,840.0,1806.0,894.0,4090,0,0,1,Pedestrian
37,1751.0,840.0,1806.0,894.0,4091,0,0,1,Pedestrian
37,1751.0,840.0,1806.0,894.0,4092,0,0,1,Pedestrian
37,1751.0,840.0,1806.0,894.0,4093,0,0,1,Pedestrian
37,1751.0,840.0,1806.0,894.0,4094,0,0,1,Pedestrian
37,1751.0,840.0,1806.0,894.0,4095,0,0,1,Pedestrian
37,1751.0,840.0,1806.0,894.0,4096,0,0,1,Pedestrian
37,1751.0,840.0,1806.0,894.0,4097,0,0,1,Pedestrian
37,1751.0,840.0,1806.0,894.0,4098,0,0,1,Pedestrian
37,1751.0,840.0,1806.0,894.0,4099,0,0,1,Pedestrian
37,1751.0,840.0,1806.0,897.0,4100,0,0,1,Pedestrian
37,1751.0,840.0,1806.0,897.0,4101,0,0,1,Pedestrian
37,1751.0,840.0,1806.0,897.0,4102,0,0,1,Pedestrian
37,1751.0,840.0,1806.0,897.0,4103,0,0,1,Pedestrian
37,1751.0,840.0,1806.0,897.0,4104,0,0,1,Pedestrian
37,1751.0,840.0,1806.0,897.0,4105,0,0,1,Pedestrian
37,1751.0,840.0,1806.0,897.0,4106,0,0,1,Pedestrian
37,1751.0,840.0,1806.0,897.0,4107,0,0,1,Pedestrian
37,1751.0,842.0,1806.0,897.0,4108,0,0,1,Pedestrian
37,1751.0,842.0,1806.0,897.0,4109,0,0,1,Pedestrian
37,1751.0,842.0,1806.0,897.0,4110,0,0,1,Pedestrian
37,1751.0,842.0,1806.0,897.0,4111,0,0,1,Pedestrian
37,1751.0,842.0,1806.0,897.0,4112,0,0,1,Pedestrian
37,1751.0,842.0,1806.0,897.0,4113,0,0,1,Pedestrian
37,1751.0,842.0,1806.0,897.0,4114,0,0,1,Pedestrian
37,1751.0,842.0,1806.0,897.0,4115,0,0,1,Pedestrian
37,1751.0,842.0,1806.0,897.0,4116,0,0,1,Pedestrian
37,1751.0,842.0,1806.0,897.0,4117,0,0,1,Pedestrian
37,1751.0,842.0,1806.0,897.0,4118,0,0,1,Pedestrian
37,1751.0,842.0,1806.0,897.0,4119,0,0,1,Pedestrian
37,1751.0,842.0,1806.0,897.0,4120,0,0,1,Pedestrian
37,1751.0,842.0,1806.0,897.0,4121,0,0,1,Pedestrian
37,1751.0,842.0,1806.0,897.0,4122,0,0,1,Pedestrian
37,1751.0,842.0,1806.0,897.0,4123,0,0,1,Pedestrian
37,1751.0,842.0,1806.0,897.0,4124,0,0,1,Pedestrian
37,1754.0,842.0,1806.0,897.0,4125,0,0,1,Pedestrian
37,1754.0,842.0,1806.0,897.0,4126,0,0,1,Pedestrian
37,1754.0,842.0,1806.0,897.0,4127,0,0,1,Pedestrian
37,1754.0,842.0,1806.0,897.0,4128,0,0,1,Pedestrian
37,1754.0,842.0,1806.0,897.0,4129,0,0,1,Pedestrian
37,1754.0,842.0,1806.0,897.0,4130,0,0,1,Pedestrian
37,1754.0,842.0,1806.0,897.0,4131,0,0,1,Pedestrian
37,1754.0,842.0,1806.0,897.0,4132,0,0,1,Pedestrian
37,1754.0,842.0,1806.0,897.0,4133,0,0,1,Pedestrian
37,1754.0,842.0,1806.0,897.0,4134,0,0,1,Pedestrian
37,1754.0,842.0,1806.0,897.0,4135,0,0,1,Pedestrian
37,1754.0,842.0,1806.0,897.0,4136,0,0,1,Pedestrian
37,1754.0,842.0,1806.0,897.0,4137,0,0,1,Pedestrian
37,1754.0,842.0,1806.0,897.0,4138,0,0,1,Pedestrian
37,1754.0,842.0,1806.0,897.0,4139,0,0,1,Pedestrian
37,1754.0,842.0,1806.0,897.0,4140,0,0,1,Pedestrian
37,1754.0,842.0,1806.0,897.0,4141,0,0,1,Pedestrian
37,1754.0,842.0,1806.0,897.0,4142,0,0,1,Pedestrian
37,1754.0,844.0,1806.0,897.0,4143,0,0,1,Pedestrian
37,1754.0,844.0,1806.0,897.0,4144,0,0,1,Pedestrian
37,1754.0,844.0,1806.0,897.0,4145,0,0,1,Pedestrian
37,1754.0,844.0,1806.0,897.0,4146,0,0,1,Pedestrian
37,1754.0,844.0,1806.0,897.0,4147,0,0,1,Pedestrian
37,1754.0,844.0,1806.0,897.0,4148,0,0,1,Pedestrian
37,1754.0,844.0,1806.0,897.0,4149,0,0,1,Pedestrian
37,1754.0,844.0,1806.0,897.0,4150,0,0,1,Pedestrian
37,1754.0,844.0,1806.0,897.0,4151,0,0,1,Pedestrian
37,1754.0,844.0,1806.0,897.0,4152,0,0,1,Pedestrian
37,1754.0,844.0,1806.0,897.0,4153,0,0,1,Pedestrian
37,1754.0,844.0,1806.0,897.0,4154,0,0,1,Pedestrian
37,1754.0,844.0,1806.0,897.0,4155,0,0,1,Pedestrian
37,1754.0,844.0,1806.0,897.0,4156,0,0,1,Pedestrian
37,1754.0,844.0,1806.0,897.0,4157,0,0,1,Pedestrian
37,1754.0,844.0,1806.0,897.0,4158,0,0,1,Pedestrian
37,1754.0,844.0,1806.0,897.0,4159,0,0,1,Pedestrian
37,1754.0,844.0,1806.0,897.0,4160,0,0,1,Pedestrian
37,1754.0,844.0,1806.0,897.0,4161,0,0,1,Pedestrian
37,1754.0,844.0,1806.0,897.0,4162,0,0,1,Pedestrian
37,1754.0,844.0,1806.0,897.0,4163,0,0,1,Pedestrian
37,1754.0,844.0,1806.0,897.0,4164,0,0,1,Pedestrian
37,1754.0,844.0,1806.0,897.0,4165,0,0,1,Pedestrian
37,1754.0,844.0,1806.0,897.0,4166,0,0,1,Pedestrian
37,1754.0,844.0,1806.0,897.0,4167,0,0,1,Pedestrian
37,1754.0,844.0,1806.0,897.0,4168,0,0,1,Pedestrian
37,1754.0,844.0,1806.0,897.0,4169,0,0,1,Pedestrian
37,1754.0,844.0,1806.0,897.0,4170,0,0,1,Pedestrian
37,1754.0,844.0,1806.0,897.0,4171,0,0,1,Pedestrian
37,1754.0,844.0,1806.0,897.0,4172,0,0,1,Pedestrian
37,1754.0,844.0,1806.0,897.0,4173,0,0,1,Pedestrian
37,1754.0,844.0,1806.0,897.0,4174,0,0,1,Pedestrian
37,1754.0,844.0,1806.0,897.0,4175,0,0,1,Pedestrian
37,1754.0,844.0,1806.0,897.0,4176,0,0,1,Pedestrian
37,1754.0,844.0,1806.0,897.0,4177,0,0,1,Pedestrian
37,1754.0,844.0,1806.0,897.0,4178,0,0,1,Pedestrian
37,1754.0,847.0,1806.0,897.0,4179,0,0,1,Pedestrian
37,1754.0,847.0,1806.0,897.0,4180,0,0,1,Pedestrian
37,1754.0,847.0,1806.0,897.0,4181,0,0,1,Pedestrian
37,1754.0,847.0,1806.0,897.0,4182,0,0,1,Pedestrian
37,1754.0,847.0,1806.0,897.0,4183,0,0,1,Pedestrian
37,1754.0,847.0,1806.0,897.0,4184,0,0,1,Pedestrian
37,1754.0,847.0,1806.0,897.0,4185,0,0,1,Pedestrian
37,1754.0,847.0,1806.0,897.0,4186,0,0,1,Pedestrian
37,1754.0,847.0,1806.0,897.0,4187,0,0,1,Pedestrian
37,1754.0,847.0,1806.0,897.0,4188,0,0,1,Pedestrian
37,1754.0,847.0,1806.0,897.0,4189,0,0,1,Pedestrian
37,1754.0,847.0,1806.0,897.0,4190,0,0,1,Pedestrian
37,1754.0,847.0,1806.0,897.0,4191,0,0,1,Pedestrian
37,1754.0,847.0,1806.0,897.0,4192,0,0,1,Pedestrian
37,1754.0,847.0,1806.0,897.0,4193,0,0,1,Pedestrian
37,1754.0,847.0,1806.0,897.0,4194,0,0,1,Pedestrian
37,1754.0,847.0,1806.0,897.0,4195,0,0,1,Pedestrian
37,1754.0,847.0,1806.0,897.0,4196,0,0,1,Pedestrian
37,1754.0,847.0,1806.0,897.0,4197,0,0,1,Pedestrian
37,1754.0,847.0,1806.0,897.0,4198,0,0,1,Pedestrian
37,1754.0,847.0,1806.0,897.0,4199,0,0,1,Pedestrian
37,1754.0,847.0,1806.0,899.0,4200,0,0,1,Pedestrian
37,1754.0,847.0,1806.0,899.0,4201,0,0,1,Pedestrian
37,1754.0,847.0,1806.0,899.0,4202,0,0,1,Pedestrian
37,1754.0,847.0,1806.0,899.0,4203,0,0,1,Pedestrian
37,1754.0,847.0,1806.0,899.0,4204,0,0,1,Pedestrian
37,1754.0,847.0,1806.0,899.0,4205,0,0,1,Pedestrian
37,1754.0,847.0,1806.0,899.0,4206,0,0,1,Pedestrian
37,1754.0,847.0,1806.0,899.0,4207,0,0,1,Pedestrian
37,1754.0,847.0,1806.0,899.0,4208,0,0,1,Pedestrian
37,1754.0,847.0,1806.0,899.0,4209,0,0,1,Pedestrian
37,1754.0,847.0,1806.0,899.0,4210,0,0,1,Pedestrian
37,1754.0,847.0,1806.0,899.0,4211,0,0,1,Pedestrian
37,1754.0,847.0,1806.0,899.0,4212,0,0,1,Pedestrian
37,1754.0,847.0,1806.0,899.0,4213,0,0,1,Pedestrian
37,1754.0,847.0,1806.0,899.0,4214,0,0,1,Pedestrian
37,1754.0,849.0,1806.0,899.0,4215,0,0,1,Pedestrian
37,1754.0,849.0,1806.0,899.0,4216,0,0,1,Pedestrian
37,1754.0,849.0,1806.0,899.0,4217,0,0,1,Pedestrian
37,1754.0,849.0,1806.0,899.0,4218,0,0,1,Pedestrian
37,1754.0,849.0,1806.0,899.0,4219,0,0,1,Pedestrian
37,1754.0,849.0,1806.0,899.0,4220,0,0,1,Pedestrian
37,1754.0,849.0,1806.0,899.0,4221,0,0,1,Pedestrian
37,1754.0,849.0,1806.0,899.0,4222,0,0,1,Pedestrian
37,1754.0,849.0,1806.0,899.0,4223,0,0,1,Pedestrian
37,1754.0,849.0,1806.0,899.0,4224,0,0,1,Pedestrian
37,1754.0,849.0,1806.0,899.0,4225,0,0,1,Pedestrian
37,1754.0,849.0,1806.0,899.0,4226,0,0,1,Pedestrian
37,1754.0,849.0,1806.0,899.0,4227,0,0,1,Pedestrian
37,1754.0,849.0,1806.0,899.0,4228,0,0,1,Pedestrian
37,1754.0,849.0,1806.0,899.0,4229,0,0,1,Pedestrian
37,1754.0,849.0,1806.0,899.0,4230,0,0,1,Pedestrian
37,1754.0,849.0,1806.0,899.0,4231,0,0,1,Pedestrian
37,1754.0,849.0,1806.0,899.0,4232,0,0,1,Pedestrian
37,1754.0,849.0,1806.0,899.0,4233,0,0,1,Pedestrian
37,1754.0,849.0,1806.0,899.0,4234,0,0,1,Pedestrian
37,1754.0,849.0,1806.0,899.0,4235,0,0,1,Pedestrian
37,1754.0,849.0,1806.0,899.0,4236,0,0,1,Pedestrian
37,1754.0,849.0,1806.0,899.0,4237,0,0,1,Pedestrian
37,1754.0,849.0,1806.0,899.0,4238,0,0,1,Pedestrian
37,1754.0,849.0,1806.0,899.0,4239,0,0,1,Pedestrian
37,1754.0,849.0,1806.0,899.0,4240,0,0,1,Pedestrian
37,1754.0,849.0,1806.0,899.0,4241,0,0,1,Pedestrian
37,1754.0,849.0,1806.0,899.0,4242,0,0,1,Pedestrian
37,1754.0,849.0,1806.0,899.0,4243,0,0,1,Pedestrian
37,1754.0,849.0,1806.0,899.0,4244,0,0,1,Pedestrian
37,1754.0,849.0,1806.0,899.0,4245,0,0,1,Pedestrian
37,1754.0,849.0,1806.0,899.0,4246,0,0,1,Pedestrian
37,1754.0,849.0,1806.0,899.0,4247,0,0,1,Pedestrian
37,1754.0,849.0,1806.0,899.0,4248,0,0,1,Pedestrian
37,1754.0,849.0,1806.0,899.0,4249,0,0,1,Pedestrian
37,1757.0,851.0,1809.0,899.0,4250,0,0,1,Pedestrian
37,1757.0,851.0,1809.0,899.0,4251,0,0,1,Pedestrian
37,1757.0,851.0,1809.0,899.0,4252,0,0,1,Pedestrian
37,1757.0,851.0,1809.0,899.0,4253,0,0,1,Pedestrian
37,1757.0,851.0,1809.0,899.0,4254,0,0,1,Pedestrian
37,1757.0,851.0,1809.0,899.0,4255,0,0,1,Pedestrian
37,1757.0,851.0,1809.0,899.0,4256,0,0,1,Pedestrian
37,1757.0,851.0,1809.0,899.0,4257,0,0,1,Pedestrian
37,1757.0,851.0,1809.0,899.0,4258,0,0,1,Pedestrian
37,1757.0,851.0,1809.0,899.0,4259,0,0,1,Pedestrian
37,1757.0,851.0,1809.0,899.0,4260,0,0,1,Pedestrian
37,1757.0,851.0,1809.0,899.0,4261,0,0,1,Pedestrian
37,1757.0,851.0,1809.0,899.0,4262,0,0,1,Pedestrian
37,1757.0,851.0,1809.0,899.0,4263,0,0,1,Pedestrian
37,1757.0,851.0,1809.0,899.0,4264,0,0,1,Pedestrian
37,1757.0,851.0,1809.0,899.0,4265,0,0,1,Pedestrian
37,1757.0,851.0,1809.0,899.0,4266,0,0,1,Pedestrian
37,1757.0,851.0,1809.0,899.0,4267,0,0,1,Pedestrian
37,1757.0,851.0,1809.0,899.0,4268,0,0,1,Pedestrian
37,1757.0,851.0,1809.0,899.0,4269,0,0,1,Pedestrian
37,1757.0,851.0,1809.0,899.0,4270,0,0,1,Pedestrian
37,1757.0,851.0,1809.0,899.0,4271,0,0,1,Pedestrian
37,1757.0,851.0,1809.0,899.0,4272,0,0,1,Pedestrian
37,1757.0,851.0,1809.0,899.0,4273,0,0,1,Pedestrian
37,1757.0,851.0,1809.0,899.0,4274,0,0,1,Pedestrian
37,1757.0,851.0,1809.0,899.0,4275,0,0,1,Pedestrian
37,1757.0,851.0,1809.0,899.0,4276,0,0,1,Pedestrian
37,1757.0,851.0,1809.0,899.0,4277,0,0,1,Pedestrian
37,1757.0,851.0,1809.0,899.0,4278,0,0,1,Pedestrian
37,1757.0,851.0,1809.0,899.0,4279,0,0,1,Pedestrian
37,1757.0,851.0,1809.0,899.0,4280,0,0,1,Pedestrian
37,1757.0,851.0,1809.0,899.0,4281,0,0,1,Pedestrian
37,1757.0,851.0,1809.0,899.0,4282,0,0,1,Pedestrian
37,1757.0,851.0,1809.0,899.0,4283,0,0,1,Pedestrian
37,1757.0,851.0,1809.0,899.0,4284,0,0,1,Pedestrian
37,1757.0,851.0,1809.0,899.0,4285,0,0,1,Pedestrian
37,1757.0,853.0,1809.0,899.0,4286,0,0,1,Pedestrian
37,1757.0,853.0,1809.0,899.0,4287,0,0,1,Pedestrian
37,1757.0,853.0,1809.0,899.0,4288,0,0,1,Pedestrian
37,1757.0,853.0,1809.0,899.0,4289,0,0,1,Pedestrian
37,1757.0,853.0,1809.0,899.0,4290,0,0,1,Pedestrian
37,1757.0,853.0,1809.0,899.0,4291,0,0,1,Pedestrian
37,1757.0,853.0,1809.0,899.0,4292,0,0,1,Pedestrian
37,1757.0,853.0,1809.0,899.0,4293,0,0,1,Pedestrian
37,1757.0,853.0,1809.0,899.0,4294,0,0,1,Pedestrian
37,1757.0,853.0,1809.0,899.0,4295,0,0,1,Pedestrian
37,1757.0,853.0,1809.0,899.0,4296,0,0,1,Pedestrian
37,1757.0,853.0,1809.0,899.0,4297,0,0,1,Pedestrian
37,1757.0,853.0,1809.0,899.0,4298,0,0,1,Pedestrian
37,1757.0,853.0,1809.0,899.0,4299,0,0,1,Pedestrian
37,1757.0,853.0,1809.0,901.0,4300,0,0,1,Pedestrian
37,1757.0,853.0,1809.0,901.0,4301,0,0,1,Pedestrian
37,1757.0,853.0,1809.0,901.0,4302,0,0,1,Pedestrian
37,1757.0,853.0,1809.0,901.0,4303,0,0,1,Pedestrian
37,1757.0,853.0,1809.0,901.0,4304,0,0,1,Pedestrian
37,1757.0,853.0,1809.0,901.0,4305,0,0,1,Pedestrian
37,1757.0,853.0,1809.0,901.0,4306,0,0,1,Pedestrian
37,1757.0,853.0,1809.0,901.0,4307,0,0,1,Pedestrian
37,1757.0,853.0,1809.0,901.0,4308,0,0,1,Pedestrian
37,1757.0,853.0,1809.0,901.0,4309,0,0,1,Pedestrian
37,1757.0,853.0,1809.0,901.0,4310,0,0,1,Pedestrian
37,1757.0,853.0,1809.0,901.0,4311,0,0,1,Pedestrian
37,1757.0,853.0,1809.0,901.0,4312,0,0,1,Pedestrian
37,1757.0,853.0,1809.0,901.0,4313,0,0,1,Pedestrian
37,1757.0,853.0,1809.0,901.0,4314,0,0,1,Pedestrian
37,1757.0,853.0,1809.0,901.0,4315,0,0,1,Pedestrian
37,1757.0,853.0,1809.0,901.0,4316,0,0,1,Pedestrian
37,1757.0,853.0,1809.0,901.0,4317,0,0,1,Pedestrian
37,1757.0,853.0,1809.0,901.0,4318,0,0,1,Pedestrian
37,1757.0,853.0,1809.0,901.0,4319,0,0,1,Pedestrian
37,1757.0,853.0,1809.0,901.0,4320,0,0,1,Pedestrian
37,1757.0,853.0,1809.0,901.0,4321,0,0,1,Pedestrian
37,1757.0,856.0,1809.0,901.0,4322,0,0,1,Pedestrian
37,1757.0,856.0,1809.0,901.0,4323,0,0,1,Pedestrian
37,1757.0,856.0,1809.0,901.0,4324,0,0,1,Pedestrian
37,1757.0,856.0,1809.0,901.0,4325,0,0,1,Pedestrian
37,1757.0,856.0,1809.0,901.0,4326,0,0,1,Pedestrian
37,1757.0,856.0,1809.0,901.0,4327,0,0,1,Pedestrian
37,1757.0,856.0,1809.0,901.0,4328,0,0,1,Pedestrian
37,1757.0,856.0,1809.0,901.0,4329,0,0,1,Pedestrian
37,1757.0,856.0,1809.0,901.0,4330,0,0,1,Pedestrian
37,1757.0,856.0,1809.0,901.0,4331,0,0,1,Pedestrian
37,1757.0,856.0,1809.0,901.0,4332,0,0,1,Pedestrian
37,1757.0,856.0,1809.0,901.0,4333,0,0,1,Pedestrian
37,1757.0,856.0,1809.0,901.0,4334,0,0,1,Pedestrian
37,1757.0,856.0,1809.0,901.0,4335,0,0,1,Pedestrian
37,1757.0,856.0,1809.0,901.0,4336,0,0,1,Pedestrian
37,1757.0,856.0,1809.0,901.0,4337,0,0,1,Pedestrian
37,1757.0,856.0,1809.0,901.0,4338,0,0,1,Pedestrian
37,1757.0,856.0,1809.0,901.0,4339,0,0,1,Pedestrian
37,1757.0,856.0,1809.0,901.0,4340,0,0,1,Pedestrian
37,1757.0,856.0,1809.0,901.0,4341,0,0,1,Pedestrian
37,1757.0,856.0,1809.0,901.0,4342,0,0,1,Pedestrian
37,1757.0,856.0,1809.0,901.0,4343,0,0,1,Pedestrian
37,1757.0,856.0,1809.0,901.0,4344,0,0,1,Pedestrian
37,1757.0,856.0,1809.0,901.0,4345,0,0,1,Pedestrian
37,1757.0,856.0,1809.0,901.0,4346,0,0,1,Pedestrian
37,1757.0,856.0,1809.0,901.0,4347,0,0,1,Pedestrian
37,1757.0,856.0,1809.0,901.0,4348,0,0,1,Pedestrian
37,1757.0,856.0,1809.0,901.0,4349,0,0,1,Pedestrian
37,1757.0,856.0,1809.0,901.0,4350,0,0,1,Pedestrian
37,1757.0,856.0,1809.0,901.0,4351,0,0,1,Pedestrian
37,1757.0,856.0,1809.0,901.0,4352,0,0,1,Pedestrian
37,1757.0,856.0,1809.0,901.0,4353,0,0,1,Pedestrian
37,1757.0,856.0,1809.0,901.0,4354,0,0,1,Pedestrian
37,1757.0,856.0,1809.0,901.0,4355,0,0,1,Pedestrian
37,1757.0,856.0,1809.0,901.0,4356,0,0,1,Pedestrian
37,1757.0,856.0,1809.0,901.0,4357,0,0,1,Pedestrian
37,1757.0,858.0,1809.0,901.0,4358,0,0,1,Pedestrian
37,1757.0,858.0,1809.0,901.0,4359,0,0,1,Pedestrian
37,1757.0,858.0,1809.0,901.0,4360,0,0,1,Pedestrian
37,1757.0,858.0,1809.0,901.0,4361,0,0,1,Pedestrian
37,1757.0,858.0,1809.0,901.0,4362,0,0,1,Pedestrian
37,1757.0,858.0,1809.0,901.0,4363,0,0,1,Pedestrian
37,1757.0,858.0,1809.0,901.0,4364,0,0,1,Pedestrian
37,1757.0,858.0,1809.0,901.0,4365,0,0,1,Pedestrian
37,1757.0,858.0,1809.0,901.0,4366,0,0,1,Pedestrian
37,1757.0,858.0,1809.0,901.0,4367,0,0,1,Pedestrian
37,1757.0,858.0,1809.0,901.0,4368,0,0,1,Pedestrian
37,1757.0,858.0,1809.0,901.0,4369,0,0,1,Pedestrian
37,1757.0,858.0,1809.0,901.0,4370,0,0,1,Pedestrian
37,1757.0,858.0,1809.0,901.0,4371,0,0,1,Pedestrian
37,1757.0,858.0,1809.0,901.0,4372,0,0,1,Pedestrian
37,1757.0,858.0,1809.0,901.0,4373,0,0,1,Pedestrian
37,1757.0,858.0,1809.0,901.0,4374,0,0,1,Pedestrian
37,1760.0,858.0,1809.0,901.0,4375,0,0,1,Pedestrian
37,1760.0,858.0,1809.0,901.0,4376,0,0,1,Pedestrian
37,1760.0,858.0,1809.0,901.0,4377,0,0,1,Pedestrian
37,1760.0,858.0,1809.0,901.0,4378,0,0,1,Pedestrian
37,1760.0,858.0,1809.0,901.0,4379,0,0,1,Pedestrian
37,1760.0,858.0,1809.0,901.0,4380,0,0,1,Pedestrian
37,1760.0,858.0,1809.0,901.0,4381,0,0,1,Pedestrian
37,1760.0,858.0,1809.0,901.0,4382,0,0,1,Pedestrian
37,1760.0,858.0,1809.0,901.0,4383,0,0,1,Pedestrian
37,1760.0,858.0,1809.0,901.0,4384,0,0,1,Pedestrian
37,1760.0,858.0,1809.0,901.0,4385,0,0,1,Pedestrian
37,1760.0,858.0,1809.0,901.0,4386,0,0,1,Pedestrian
37,1760.0,858.0,1809.0,901.0,4387,0,0,1,Pedestrian
37,1760.0,858.0,1809.0,901.0,4388,0,0,1,Pedestrian
37,1760.0,858.0,1809.0,901.0,4389,0,0,1,Pedestrian
37,1760.0,858.0,1809.0,901.0,4390,0,0,1,Pedestrian
37,1760.0,858.0,1809.0,901.0,4391,0,0,1,Pedestrian
37,1760.0,858.0,1809.0,901.0,4392,0,0,1,Pedestrian
37,1760.0,860.0,1809.0,901.0,4393,0,0,1,Pedestrian
37,1760.0,860.0,1809.0,901.0,4394,0,0,1,Pedestrian
37,1760.0,860.0,1809.0,901.0,4395,0,0,1,Pedestrian
37,1760.0,860.0,1809.0,901.0,4396,0,0,1,Pedestrian
37,1760.0,860.0,1809.0,901.0,4397,0,0,1,Pedestrian
37,1760.0,860.0,1809.0,901.0,4398,0,0,1,Pedestrian
37,1760.0,860.0,1809.0,901.0,4399,0,0,1,Pedestrian
37,1760.0,860.0,1809.0,904.0,4400,0,0,1,Pedestrian
37,1760.0,860.0,1809.0,904.0,4401,0,0,1,Pedestrian
37,1760.0,860.0,1809.0,904.0,4402,0,0,1,Pedestrian
37,1760.0,860.0,1809.0,904.0,4403,0,0,1,Pedestrian
37,1760.0,860.0,1809.0,904.0,4404,0,0,1,Pedestrian
37,1760.0,860.0,1809.0,904.0,4405,0,0,1,Pedestrian
37,1760.0,860.0,1809.0,904.0,4406,0,0,1,Pedestrian
37,1760.0,860.0,1809.0,904.0,4407,0,0,1,Pedestrian
37,1760.0,860.0,1809.0,904.0,4408,0,0,1,Pedestrian
37,1760.0,860.0,1809.0,904.0,4409,0,0,1,Pedestrian
37,1760.0,860.0,1809.0,904.0,4410,0,0,1,Pedestrian
37,1760.0,860.0,1809.0,904.0,4411,0,0,1,Pedestrian
37,1760.0,860.0,1809.0,904.0,4412,0,0,1,Pedestrian
37,1760.0,860.0,1809.0,904.0,4413,0,0,1,Pedestrian
37,1760.0,860.0,1809.0,904.0,4414,0,0,1,Pedestrian
37,1760.0,860.0,1809.0,904.0,4415,0,0,1,Pedestrian
37,1760.0,860.0,1809.0,904.0,4416,0,0,1,Pedestrian
37,1760.0,860.0,1809.0,904.0,4417,0,0,1,Pedestrian
37,1760.0,860.0,1809.0,904.0,4418,0,0,1,Pedestrian
37,1760.0,860.0,1809.0,904.0,4419,0,0,1,Pedestrian
37,1760.0,860.0,1809.0,904.0,4420,0,0,1,Pedestrian
37,1760.0,860.0,1809.0,904.0,4421,0,0,1,Pedestrian
37,1760.0,860.0,1809.0,904.0,4422,0,0,1,Pedestrian
37,1760.0,860.0,1809.0,904.0,4423,0,0,1,Pedestrian
37,1760.0,860.0,1809.0,904.0,4424,0,0,1,Pedestrian
37,1760.0,860.0,1809.0,904.0,4425,0,0,1,Pedestrian
37,1760.0,860.0,1809.0,904.0,4426,0,0,1,Pedestrian
37,1760.0,860.0,1809.0,904.0,4427,0,0,1,Pedestrian
37,1760.0,860.0,1809.0,904.0,4428,0,0,1,Pedestrian
37,1760.0,863.0,1809.0,904.0,4429,0,0,1,Pedestrian
37,1760.0,863.0,1809.0,904.0,4430,0,0,1,Pedestrian
37,1760.0,863.0,1809.0,904.0,4431,0,0,1,Pedestrian
37,1760.0,863.0,1809.0,904.0,4432,0,0,1,Pedestrian
37,1760.0,863.0,1809.0,904.0,4433,0,0,1,Pedestrian
37,1760.0,863.0,1809.0,904.0,4434,0,0,1,Pedestrian
37,1760.0,863.0,1809.0,904.0,4435,0,0,1,Pedestrian
37,1760.0,863.0,1809.0,904.0,4436,0,0,1,Pedestrian
37,1760.0,863.0,1809.0,904.0,4437,0,0,1,Pedestrian
37,1760.0,863.0,1809.0,904.0,4438,0,0,1,Pedestrian
37,1760.0,863.0,1809.0,904.0,4439,0,0,1,Pedestrian
37,1760.0,863.0,1809.0,904.0,4440,0,0,1,Pedestrian
37,1760.0,863.0,1809.0,904.0,4441,0,0,1,Pedestrian
37,1760.0,863.0,1809.0,904.0,4442,0,0,1,Pedestrian
37,1760.0,863.0,1809.0,904.0,4443,0,0,1,Pedestrian
37,1760.0,863.0,1809.0,904.0,4444,0,0,1,Pedestrian
37,1760.0,863.0,1809.0,904.0,4445,0,0,1,Pedestrian
37,1760.0,863.0,1809.0,904.0,4446,0,0,1,Pedestrian
37,1760.0,863.0,1809.0,904.0,4447,0,0,1,Pedestrian
37,1760.0,863.0,1809.0,904.0,4448,0,0,1,Pedestrian
37,1760.0,863.0,1809.0,904.0,4449,0,0,1,Pedestrian
37,1760.0,863.0,1809.0,904.0,4450,0,0,1,Pedestrian
37,1760.0,863.0,1809.0,904.0,4451,0,0,1,Pedestrian
37,1760.0,863.0,1809.0,904.0,4452,0,0,1,Pedestrian
37,1760.0,863.0,1809.0,904.0,4453,0,0,1,Pedestrian
37,1760.0,863.0,1809.0,904.0,4454,0,0,1,Pedestrian
37,1760.0,863.0,1809.0,904.0,4455,0,0,1,Pedestrian
37,1760.0,863.0,1809.0,904.0,4456,0,0,1,Pedestrian
37,1760.0,863.0,1809.0,904.0,4457,0,0,1,Pedestrian
37,1760.0,863.0,1809.0,904.0,4458,0,0,1,Pedestrian
37,1760.0,863.0,1809.0,904.0,4459,0,0,1,Pedestrian
37,1760.0,863.0,1809.0,904.0,4460,0,0,1,Pedestrian
37,1760.0,863.0,1809.0,904.0,4461,0,0,1,Pedestrian
37,1760.0,863.0,1809.0,904.0,4462,0,0,1,Pedestrian
37,1760.0,863.0,1809.0,904.0,4463,0,0,1,Pedestrian
37,1760.0,863.0,1809.0,904.0,4464,0,0,1,Pedestrian
37,1760.0,865.0,1809.0,904.0,4465,0,0,1,Pedestrian
37,1760.0,865.0,1809.0,904.0,4466,0,0,1,Pedestrian
37,1760.0,865.0,1809.0,904.0,4467,0,0,1,Pedestrian
37,1760.0,865.0,1809.0,904.0,4468,0,0,1,Pedestrian
37,1760.0,865.0,1809.0,904.0,4469,0,0,1,Pedestrian
37,1760.0,865.0,1809.0,904.0,4470,0,0,1,Pedestrian
37,1760.0,865.0,1809.0,904.0,4471,0,0,1,Pedestrian
37,1760.0,865.0,1809.0,904.0,4472,0,0,1,Pedestrian
37,1760.0,865.0,1809.0,904.0,4473,0,0,1,Pedestrian
37,1760.0,865.0,1809.0,904.0,4474,0,0,1,Pedestrian
37,1760.0,865.0,1809.0,904.0,4475,0,0,1,Pedestrian
37,1760.0,865.0,1809.0,904.0,4476,0,0,1,Pedestrian
37,1760.0,865.0,1809.0,904.0,4477,0,0,1,Pedestrian
37,1760.0,865.0,1809.0,904.0,4478,0,0,1,Pedestrian
37,1760.0,865.0,1809.0,904.0,4479,0,0,1,Pedestrian
37,1760.0,865.0,1809.0,904.0,4480,0,0,1,Pedestrian
37,1760.0,865.0,1809.0,904.0,4481,0,0,1,Pedestrian
37,1760.0,865.0,1809.0,904.0,4482,0,0,1,Pedestrian
37,1760.0,865.0,1809.0,904.0,4483,0,0,1,Pedestrian
37,1760.0,865.0,1809.0,904.0,4484,0,0,1,Pedestrian
37,1760.0,865.0,1809.0,904.0,4485,0,0,1,Pedestrian
37,1760.0,865.0,1809.0,904.0,4486,0,0,1,Pedestrian
37,1760.0,865.0,1809.0,904.0,4487,0,0,1,Pedestrian
37,1760.0,865.0,1809.0,904.0,4488,0,0,1,Pedestrian
37,1760.0,865.0,1809.0,904.0,4489,0,0,1,Pedestrian
37,1760.0,865.0,1809.0,904.0,4490,0,0,1,Pedestrian
37,1760.0,865.0,1809.0,904.0,4491,0,0,1,Pedestrian
37,1760.0,865.0,1809.0,904.0,4492,0,0,1,Pedestrian
37,1760.0,865.0,1809.0,904.0,4493,0,0,1,Pedestrian
37,1760.0,865.0,1809.0,904.0,4494,0,0,1,Pedestrian
37,1760.0,865.0,1809.0,904.0,4495,0,0,1,Pedestrian
37,1760.0,865.0,1809.0,904.0,4496,0,0,1,Pedestrian
37,1760.0,865.0,1809.0,904.0,4497,0,0,1,Pedestrian
37,1760.0,865.0,1809.0,904.0,4498,0,0,1,Pedestrian
37,1760.0,865.0,1809.0,904.0,4499,0,0,1,Pedestrian
37,1762.0,867.0,1812.0,906.0,4500,0,0,0,Pedestrian
37,1762.0,865.0,1809.0,906.0,4501,0,0,1,Pedestrian
37,1762.0,865.0,1809.0,906.0,4502,0,0,1,Pedestrian
37,1762.0,865.0,1809.0,906.0,4503,0,0,1,Pedestrian
37,1762.0,865.0,1809.0,906.0,4504,0,0,1,Pedestrian
37,1762.0,865.0,1809.0,906.0,4505,0,0,1,Pedestrian
37,1762.0,865.0,1809.0,906.0,4506,0,0,1,Pedestrian
37,1762.0,865.0,1809.0,906.0,4507,0,0,1,Pedestrian
37,1762.0,865.0,1809.0,906.0,4508,0,0,1,Pedestrian
37,1762.0,865.0,1809.0,906.0,4509,0,0,1,Pedestrian
37,1762.0,865.0,1809.0,906.0,4510,0,0,1,Pedestrian
37,1762.0,865.0,1809.0,906.0,4511,0,0,1,Pedestrian
37,1762.0,865.0,1809.0,906.0,4512,0,0,1,Pedestrian
37,1762.0,865.0,1809.0,906.0,4513,0,0,1,Pedestrian
37,1762.0,865.0,1809.0,906.0,4514,0,0,1,Pedestrian
37,1762.0,865.0,1809.0,906.0,4515,0,0,1,Pedestrian
37,1762.0,865.0,1809.0,906.0,4516,0,0,1,Pedestrian
37,1762.0,865.0,1809.0,906.0,4517,0,0,1,Pedestrian
37,1762.0,865.0,1809.0,906.0,4518,0,0,1,Pedestrian
37,1762.0,865.0,1809.0,906.0,4519,0,0,1,Pedestrian
37,1762.0,865.0,1809.0,906.0,4520,0,0,1,Pedestrian
37,1762.0,865.0,1809.0,906.0,4521,0,0,1,Pedestrian
37,1762.0,865.0,1809.0,906.0,4522,0,0,1,Pedestrian
37,1762.0,865.0,1809.0,906.0,4523,0,0,1,Pedestrian
37,1762.0,865.0,1809.0,906.0,4524,0,0,1,Pedestrian
37,1762.0,865.0,1809.0,906.0,4525,0,0,1,Pedestrian
37,1762.0,865.0,1809.0,906.0,4526,0,0,1,Pedestrian
37,1762.0,865.0,1809.0,906.0,4527,0,0,1,Pedestrian
37,1762.0,865.0,1809.0,906.0,4528,0,0,1,Pedestrian
37,1762.0,865.0,1809.0,906.0,4529,0,0,1,Pedestrian
37,1762.0,865.0,1809.0,906.0,4530,0,0,1,Pedestrian
37,1762.0,865.0,1809.0,906.0,4531,0,0,1,Pedestrian
37,1762.0,865.0,1809.0,906.0,4532,0,0,1,Pedestrian
37,1762.0,865.0,1809.0,906.0,4533,0,0,1,Pedestrian
37,1762.0,865.0,1809.0,906.0,4534,0,0,1,Pedestrian
37,1762.0,865.0,1809.0,906.0,4535,0,0,1,Pedestrian
37,1762.0,865.0,1809.0,906.0,4536,0,0,1,Pedestrian
37,1762.0,865.0,1809.0,906.0,4537,0,0,1,Pedestrian
37,1762.0,865.0,1809.0,906.0,4538,0,0,1,Pedestrian
37,1762.0,865.0,1809.0,906.0,4539,0,0,1,Pedestrian
37,1762.0,865.0,1809.0,906.0,4540,0,0,1,Pedestrian
37,1762.0,865.0,1809.0,906.0,4541,0,0,1,Pedestrian
37,1762.0,865.0,1809.0,906.0,4542,0,0,1,Pedestrian
37,1762.0,865.0,1809.0,906.0,4543,0,0,1,Pedestrian
37,1762.0,865.0,1809.0,906.0,4544,0,0,1,Pedestrian
37,1762.0,865.0,1809.0,906.0,4545,0,0,1,Pedestrian
37,1762.0,865.0,1809.0,906.0,4546,0,0,1,Pedestrian
37,1762.0,865.0,1809.0,906.0,4547,0,0,1,Pedestrian
37,1762.0,865.0,1809.0,906.0,4548,0,0,1,Pedestrian
37,1762.0,865.0,1809.0,906.0,4549,0,0,1,Pedestrian
37,1762.0,865.0,1809.0,906.0,4550,0,0,1,Pedestrian
37,1762.0,865.0,1809.0,906.0,4551,0,0,1,Pedestrian
37,1762.0,865.0,1809.0,906.0,4552,0,0,1,Pedestrian
37,1762.0,865.0,1809.0,906.0,4553,0,0,1,Pedestrian
37,1762.0,865.0,1809.0,906.0,4554,0,0,1,Pedestrian
37,1762.0,865.0,1809.0,906.0,4555,0,0,1,Pedestrian
37,1762.0,865.0,1809.0,906.0,4556,0,0,1,Pedestrian
37,1762.0,865.0,1809.0,906.0,4557,0,0,1,Pedestrian
37,1762.0,865.0,1809.0,906.0,4558,0,0,1,Pedestrian
37,1762.0,865.0,1809.0,906.0,4559,0,0,1,Pedestrian
37,1762.0,865.0,1809.0,906.0,4560,0,0,1,Pedestrian
37,1762.0,865.0,1809.0,906.0,4561,0,0,1,Pedestrian
37,1762.0,865.0,1809.0,906.0,4562,0,0,1,Pedestrian
37,1762.0,865.0,1809.0,906.0,4563,0,0,1,Pedestrian
37,1762.0,865.0,1809.0,906.0,4564,0,0,1,Pedestrian
37,1762.0,865.0,1809.0,906.0,4565,0,0,1,Pedestrian
37,1762.0,865.0,1809.0,906.0,4566,0,0,1,Pedestrian
37,1762.0,865.0,1809.0,906.0,4567,0,0,1,Pedestrian
37,1762.0,865.0,1809.0,906.0,4568,0,0,1,Pedestrian
37,1762.0,865.0,1809.0,906.0,4569,0,0,1,Pedestrian
37,1762.0,865.0,1809.0,906.0,4570,0,0,1,Pedestrian
37,1762.0,865.0,1809.0,906.0,4571,0,0,1,Pedestrian
37,1762.0,865.0,1809.0,906.0,4572,0,0,1,Pedestrian
37,1762.0,865.0,1809.0,906.0,4573,0,0,1,Pedestrian
37,1762.0,865.0,1809.0,906.0,4574,0,0,1,Pedestrian
37,1762.0,865.0,1809.0,906.0,4575,0,0,1,Pedestrian
37,1762.0,865.0,1809.0,906.0,4576,0,0,1,Pedestrian
37,1762.0,865.0,1809.0,906.0,4577,0,0,1,Pedestrian
37,1762.0,865.0,1809.0,906.0,4578,0,0,1,Pedestrian
37,1762.0,865.0,1809.0,906.0,4579,0,0,1,Pedestrian
37,1762.0,865.0,1809.0,906.0,4580,0,0,1,Pedestrian
37,1762.0,865.0,1809.0,906.0,4581,0,0,1,Pedestrian
37,1762.0,865.0,1809.0,906.0,4582,0,0,1,Pedestrian
37,1762.0,865.0,1809.0,906.0,4583,0,0,1,Pedestrian
37,1762.0,865.0,1809.0,906.0,4584,0,0,1,Pedestrian
37,1762.0,865.0,1809.0,906.0,4585,0,0,1,Pedestrian
37,1762.0,865.0,1809.0,906.0,4586,0,0,1,Pedestrian
37,1762.0,865.0,1809.0,906.0,4587,0,0,1,Pedestrian
37,1762.0,865.0,1809.0,906.0,4588,0,0,1,Pedestrian
37,1762.0,865.0,1809.0,906.0,4589,0,0,1,Pedestrian
37,1762.0,865.0,1809.0,906.0,4590,0,0,1,Pedestrian
37,1762.0,865.0,1809.0,906.0,4591,0,0,1,Pedestrian
37,1762.0,865.0,1809.0,906.0,4592,0,0,1,Pedestrian
37,1762.0,865.0,1809.0,906.0,4593,0,0,1,Pedestrian
37,1762.0,865.0,1809.0,906.0,4594,0,0,1,Pedestrian
37,1762.0,865.0,1809.0,906.0,4595,0,0,1,Pedestrian
37,1762.0,865.0,1809.0,906.0,4596,0,0,1,Pedestrian
37,1762.0,865.0,1809.0,906.0,4597,0,0,1,Pedestrian
37,1762.0,865.0,1809.0,906.0,4598,0,0,1,Pedestrian
37,1762.0,865.0,1809.0,906.0,4599,0,0,1,Pedestrian
37,1762.0,865.0,1809.0,906.0,4600,0,0,1,Pedestrian
37,1762.0,865.0,1809.0,906.0,4601,0,0,1,Pedestrian
37,1762.0,865.0,1809.0,906.0,4602,0,0,1,Pedestrian
37,1762.0,865.0,1809.0,906.0,4603,0,0,1,Pedestrian
37,1762.0,865.0,1809.0,906.0,4604,0,0,1,Pedestrian
37,1762.0,865.0,1809.0,906.0,4605,0,0,1,Pedestrian
37,1762.0,865.0,1809.0,906.0,4606,0,0,1,Pedestrian
37,1762.0,865.0,1809.0,906.0,4607,0,0,1,Pedestrian
37,1762.0,865.0,1809.0,906.0,4608,0,0,1,Pedestrian
37,1762.0,865.0,1809.0,906.0,4609,0,0,1,Pedestrian
37,1762.0,865.0,1809.0,906.0,4610,0,0,1,Pedestrian
37,1762.0,865.0,1809.0,906.0,4611,0,0,1,Pedestrian
37,1762.0,865.0,1809.0,906.0,4612,0,0,1,Pedestrian
37,1762.0,865.0,1809.0,906.0,4613,0,0,1,Pedestrian
37,1762.0,865.0,1809.0,906.0,4614,0,0,1,Pedestrian
37,1762.0,865.0,1809.0,906.0,4615,0,0,1,Pedestrian
37,1762.0,865.0,1809.0,906.0,4616,0,0,1,Pedestrian
37,1762.0,865.0,1809.0,906.0,4617,0,0,1,Pedestrian
37,1762.0,865.0,1809.0,906.0,4618,0,0,1,Pedestrian
37,1762.0,865.0,1809.0,906.0,4619,0,0,1,Pedestrian
37,1762.0,865.0,1809.0,906.0,4620,0,0,1,Pedestrian
37,1762.0,865.0,1809.0,906.0,4621,0,0,1,Pedestrian
37,1762.0,865.0,1809.0,906.0,4622,0,0,1,Pedestrian
37,1762.0,865.0,1809.0,906.0,4623,0,0,1,Pedestrian
37,1762.0,865.0,1809.0,906.0,4624,0,0,1,Pedestrian
37,1762.0,865.0,1809.0,908.0,4625,0,0,1,Pedestrian
37,1762.0,865.0,1809.0,908.0,4626,0,0,1,Pedestrian
37,1762.0,865.0,1809.0,908.0,4627,0,0,1,Pedestrian
37,1762.0,865.0,1809.0,908.0,4628,0,0,1,Pedestrian
37,1762.0,865.0,1809.0,908.0,4629,0,0,1,Pedestrian
37,1762.0,865.0,1809.0,908.0,4630,0,0,1,Pedestrian
37,1762.0,865.0,1809.0,908.0,4631,0,0,1,Pedestrian
37,1762.0,865.0,1809.0,908.0,4632,0,0,1,Pedestrian
37,1762.0,865.0,1809.0,908.0,4633,0,0,1,Pedestrian
37,1762.0,865.0,1809.0,908.0,4634,0,0,1,Pedestrian
37,1762.0,865.0,1809.0,908.0,4635,0,0,1,Pedestrian
37,1762.0,865.0,1809.0,908.0,4636,0,0,1,Pedestrian
37,1762.0,865.0,1809.0,908.0,4637,0,0,1,Pedestrian
37,1762.0,865.0,1809.0,908.0,4638,0,0,1,Pedestrian
37,1762.0,865.0,1809.0,908.0,4639,0,0,1,Pedestrian
37,1762.0,865.0,1809.0,908.0,4640,0,0,1,Pedestrian
37,1762.0,865.0,1809.0,908.0,4641,0,0,1,Pedestrian
37,1762.0,865.0,1809.0,908.0,4642,0,0,1,Pedestrian
37,1762.0,865.0,1809.0,908.0,4643,0,0,1,Pedestrian
37,1762.0,865.0,1809.0,908.0,4644,0,0,1,Pedestrian
37,1762.0,865.0,1809.0,908.0,4645,0,0,1,Pedestrian
37,1762.0,865.0,1809.0,908.0,4646,0,0,1,Pedestrian
37,1762.0,865.0,1809.0,908.0,4647,0,0,1,Pedestrian
37,1762.0,865.0,1809.0,908.0,4648,0,0,1,Pedestrian
37,1762.0,865.0,1809.0,908.0,4649,0,0,1,Pedestrian
37,1762.0,865.0,1809.0,908.0,4650,0,0,1,Pedestrian
37,1762.0,865.0,1809.0,908.0,4651,0,0,1,Pedestrian
37,1762.0,865.0,1809.0,908.0,4652,0,0,1,Pedestrian
37,1762.0,865.0,1809.0,908.0,4653,0,0,1,Pedestrian
37,1762.0,865.0,1809.0,908.0,4654,0,0,1,Pedestrian
37,1762.0,865.0,1809.0,908.0,4655,0,0,1,Pedestrian
37,1762.0,865.0,1809.0,908.0,4656,0,0,1,Pedestrian
37,1762.0,865.0,1809.0,908.0,4657,0,0,1,Pedestrian
37,1762.0,865.0,1809.0,908.0,4658,0,0,1,Pedestrian
37,1762.0,865.0,1809.0,908.0,4659,0,0,1,Pedestrian
37,1762.0,865.0,1809.0,908.0,4660,0,0,1,Pedestrian
37,1762.0,865.0,1809.0,908.0,4661,0,0,1,Pedestrian
37,1762.0,865.0,1809.0,908.0,4662,0,0,1,Pedestrian
37,1762.0,865.0,1809.0,908.0,4663,0,0,1,Pedestrian
37,1762.0,865.0,1809.0,908.0,4664,0,0,1,Pedestrian
37,1762.0,865.0,1809.0,908.0,4665,0,0,1,Pedestrian
37,1762.0,865.0,1809.0,908.0,4666,0,0,1,Pedestrian
37,1762.0,865.0,1809.0,908.0,4667,0,0,1,Pedestrian
37,1762.0,865.0,1809.0,908.0,4668,0,0,1,Pedestrian
37,1762.0,865.0,1809.0,908.0,4669,0,0,1,Pedestrian
37,1762.0,865.0,1809.0,908.0,4670,0,0,1,Pedestrian
37,1762.0,865.0,1809.0,908.0,4671,0,0,1,Pedestrian
37,1762.0,865.0,1809.0,908.0,4672,0,0,1,Pedestrian
37,1762.0,865.0,1809.0,908.0,4673,0,0,1,Pedestrian
37,1762.0,865.0,1809.0,908.0,4674,0,0,1,Pedestrian
37,1762.0,865.0,1809.0,908.0,4675,0,0,1,Pedestrian
37,1762.0,865.0,1809.0,908.0,4676,0,0,1,Pedestrian
37,1762.0,865.0,1809.0,908.0,4677,0,0,1,Pedestrian
37,1762.0,865.0,1809.0,908.0,4678,0,0,1,Pedestrian
37,1762.0,865.0,1809.0,908.0,4679,0,0,1,Pedestrian
37,1762.0,865.0,1809.0,908.0,4680,0,0,1,Pedestrian
37,1762.0,865.0,1809.0,908.0,4681,0,0,1,Pedestrian
37,1762.0,865.0,1809.0,908.0,4682,0,0,1,Pedestrian
37,1762.0,865.0,1809.0,908.0,4683,0,0,1,Pedestrian
37,1762.0,865.0,1809.0,908.0,4684,0,0,1,Pedestrian
37,1762.0,865.0,1809.0,908.0,4685,0,0,1,Pedestrian
37,1762.0,865.0,1809.0,908.0,4686,0,0,1,Pedestrian
37,1762.0,865.0,1809.0,908.0,4687,0,0,1,Pedestrian
37,1762.0,865.0,1809.0,908.0,4688,0,0,1,Pedestrian
37,1762.0,865.0,1809.0,908.0,4689,0,0,1,Pedestrian
37,1762.0,865.0,1809.0,908.0,4690,0,0,1,Pedestrian
37,1762.0,865.0,1809.0,908.0,4691,0,0,1,Pedestrian
37,1762.0,865.0,1809.0,908.0,4692,0,0,1,Pedestrian
37,1762.0,865.0,1809.0,908.0,4693,0,0,1,Pedestrian
37,1762.0,865.0,1809.0,908.0,4694,0,0,1,Pedestrian
37,1762.0,865.0,1809.0,908.0,4695,0,0,1,Pedestrian
37,1762.0,865.0,1809.0,908.0,4696,0,0,1,Pedestrian
37,1762.0,865.0,1809.0,908.0,4697,0,0,1,Pedestrian
37,1762.0,865.0,1809.0,908.0,4698,0,0,1,Pedestrian
37,1762.0,865.0,1809.0,908.0,4699,0,0,1,Pedestrian
37,1762.0,865.0,1809.0,908.0,4700,0,0,1,Pedestrian
37,1762.0,865.0,1809.0,908.0,4701,0,0,1,Pedestrian
37,1762.0,865.0,1809.0,908.0,4702,0,0,1,Pedestrian
37,1762.0,865.0,1809.0,908.0,4703,0,0,1,Pedestrian
37,1762.0,865.0,1809.0,908.0,4704,0,0,1,Pedestrian
37,1762.0,865.0,1809.0,908.0,4705,0,0,1,Pedestrian
37,1762.0,865.0,1809.0,908.0,4706,0,0,1,Pedestrian
37,1762.0,865.0,1809.0,908.0,4707,0,0,1,Pedestrian
37,1762.0,865.0,1809.0,908.0,4708,0,0,1,Pedestrian
37,1762.0,865.0,1809.0,908.0,4709,0,0,1,Pedestrian
37,1762.0,865.0,1809.0,908.0,4710,0,0,1,Pedestrian
37,1762.0,865.0,1809.0,908.0,4711,0,0,1,Pedestrian
37,1762.0,865.0,1809.0,908.0,4712,0,0,1,Pedestrian
37,1762.0,865.0,1809.0,908.0,4713,0,0,1,Pedestrian
37,1762.0,865.0,1809.0,908.0,4714,0,0,1,Pedestrian
37,1762.0,865.0,1809.0,908.0,4715,0,0,1,Pedestrian
37,1762.0,865.0,1809.0,908.0,4716,0,0,1,Pedestrian
37,1762.0,865.0,1809.0,908.0,4717,0,0,1,Pedestrian
37,1762.0,865.0,1809.0,908.0,4718,0,0,1,Pedestrian
37,1762.0,865.0,1809.0,908.0,4719,0,0,1,Pedestrian
37,1762.0,865.0,1809.0,908.0,4720,0,0,1,Pedestrian
37,1762.0,865.0,1809.0,908.0,4721,0,0,1,Pedestrian
37,1762.0,865.0,1809.0,908.0,4722,0,0,1,Pedestrian
37,1762.0,865.0,1809.0,908.0,4723,0,0,1,Pedestrian
37,1762.0,865.0,1809.0,908.0,4724,0,0,1,Pedestrian
37,1762.0,865.0,1809.0,908.0,4725,0,0,1,Pedestrian
37,1762.0,865.0,1809.0,908.0,4726,0,0,1,Pedestrian
37,1762.0,865.0,1809.0,908.0,4727,0,0,1,Pedestrian
37,1762.0,865.0,1809.0,908.0,4728,0,0,1,Pedestrian
37,1762.0,865.0,1809.0,908.0,4729,0,0,1,Pedestrian
37,1762.0,865.0,1809.0,908.0,4730,0,0,1,Pedestrian
37,1762.0,865.0,1809.0,908.0,4731,0,0,1,Pedestrian
37,1762.0,865.0,1809.0,908.0,4732,0,0,1,Pedestrian
37,1762.0,865.0,1809.0,908.0,4733,0,0,1,Pedestrian
37,1762.0,865.0,1809.0,908.0,4734,0,0,1,Pedestrian
37,1762.0,865.0,1809.0,908.0,4735,0,0,1,Pedestrian
37,1762.0,865.0,1809.0,908.0,4736,0,0,1,Pedestrian
37,1762.0,865.0,1809.0,908.0,4737,0,0,1,Pedestrian
37,1762.0,865.0,1809.0,908.0,4738,0,0,1,Pedestrian
37,1762.0,865.0,1809.0,908.0,4739,0,0,1,Pedestrian
37,1762.0,865.0,1809.0,908.0,4740,0,0,1,Pedestrian
37,1762.0,865.0,1809.0,908.0,4741,0,0,1,Pedestrian
37,1762.0,865.0,1809.0,908.0,4742,0,0,1,Pedestrian
37,1762.0,865.0,1809.0,908.0,4743,0,0,1,Pedestrian
37,1762.0,865.0,1809.0,908.0,4744,0,0,1,Pedestrian
37,1762.0,865.0,1809.0,908.0,4745,0,0,1,Pedestrian
37,1762.0,865.0,1809.0,908.0,4746,0,0,1,Pedestrian
37,1762.0,865.0,1809.0,908.0,4747,0,0,1,Pedestrian
37,1762.0,865.0,1809.0,908.0,4748,0,0,1,Pedestrian
37,1762.0,865.0,1809.0,908.0,4749,0,0,1,Pedestrian
37,1765.0,865.0,1809.0,910.0,4750,0,0,1,Pedestrian
37,1765.0,865.0,1809.0,910.0,4751,0,0,1,Pedestrian
37,1765.0,865.0,1809.0,910.0,4752,0,0,1,Pedestrian
37,1765.0,865.0,1809.0,910.0,4753,0,0,1,Pedestrian
37,1765.0,865.0,1809.0,910.0,4754,0,0,1,Pedestrian
37,1765.0,865.0,1809.0,910.0,4755,0,0,1,Pedestrian
37,1765.0,865.0,1809.0,910.0,4756,0,0,1,Pedestrian
37,1765.0,865.0,1809.0,910.0,4757,0,0,1,Pedestrian
37,1765.0,865.0,1809.0,910.0,4758,0,0,1,Pedestrian
37,1765.0,865.0,1809.0,910.0,4759,0,0,1,Pedestrian
37,1765.0,865.0,1809.0,910.0,4760,0,0,1,Pedestrian
37,1765.0,865.0,1809.0,910.0,4761,0,0,1,Pedestrian
37,1765.0,865.0,1809.0,910.0,4762,0,0,1,Pedestrian
37,1765.0,865.0,1809.0,910.0,4763,0,0,1,Pedestrian
37,1765.0,865.0,1809.0,910.0,4764,0,0,1,Pedestrian
37,1765.0,865.0,1809.0,910.0,4765,0,0,1,Pedestrian
37,1765.0,865.0,1809.0,910.0,4766,0,0,1,Pedestrian
37,1765.0,865.0,1809.0,910.0,4767,0,0,1,Pedestrian
37,1765.0,865.0,1809.0,910.0,4768,0,0,1,Pedestrian
37,1765.0,865.0,1809.0,910.0,4769,0,0,1,Pedestrian
37,1765.0,865.0,1809.0,910.0,4770,0,0,1,Pedestrian
37,1765.0,865.0,1809.0,910.0,4771,0,0,1,Pedestrian
37,1765.0,865.0,1809.0,910.0,4772,0,0,1,Pedestrian
37,1765.0,865.0,1809.0,910.0,4773,0,0,1,Pedestrian
37,1765.0,865.0,1809.0,910.0,4774,0,0,1,Pedestrian
37,1765.0,865.0,1809.0,910.0,4775,0,0,1,Pedestrian
37,1765.0,865.0,1809.0,910.0,4776,0,0,1,Pedestrian
37,1765.0,865.0,1809.0,910.0,4777,0,0,1,Pedestrian
37,1765.0,865.0,1809.0,910.0,4778,0,0,1,Pedestrian
37,1765.0,865.0,1809.0,910.0,4779,0,0,1,Pedestrian
37,1765.0,865.0,1809.0,910.0,4780,0,0,1,Pedestrian
37,1765.0,865.0,1809.0,910.0,4781,0,0,1,Pedestrian
37,1765.0,865.0,1809.0,910.0,4782,0,0,1,Pedestrian
37,1765.0,865.0,1809.0,910.0,4783,0,0,1,Pedestrian
37,1765.0,865.0,1809.0,910.0,4784,0,0,1,Pedestrian
37,1765.0,865.0,1809.0,910.0,4785,0,0,1,Pedestrian
37,1765.0,865.0,1809.0,910.0,4786,0,0,1,Pedestrian
37,1765.0,865.0,1809.0,910.0,4787,0,0,1,Pedestrian
37,1765.0,865.0,1809.0,910.0,4788,0,0,1,Pedestrian
37,1765.0,865.0,1809.0,910.0,4789,0,0,1,Pedestrian
37,1765.0,865.0,1809.0,910.0,4790,0,0,1,Pedestrian
37,1765.0,865.0,1809.0,910.0,4791,0,0,1,Pedestrian
37,1765.0,865.0,1809.0,910.0,4792,0,0,1,Pedestrian
37,1765.0,865.0,1809.0,910.0,4793,0,0,1,Pedestrian
37,1765.0,865.0,1809.0,910.0,4794,0,0,1,Pedestrian
37,1765.0,865.0,1809.0,910.0,4795,0,0,1,Pedestrian
37,1765.0,865.0,1809.0,910.0,4796,0,0,1,Pedestrian
37,1765.0,865.0,1809.0,910.0,4797,0,0,1,Pedestrian
37,1765.0,865.0,1809.0,910.0,4798,0,0,1,Pedestrian
37,1765.0,865.0,1809.0,910.0,4799,0,0,1,Pedestrian
37,1765.0,865.0,1809.0,910.0,4800,0,0,1,Pedestrian
37,1765.0,865.0,1809.0,910.0,4801,0,0,1,Pedestrian
37,1765.0,865.0,1809.0,910.0,4802,0,0,1,Pedestrian
37,1765.0,865.0,1809.0,910.0,4803,0,0,1,Pedestrian
37,1765.0,865.0,1809.0,910.0,4804,0,0,1,Pedestrian
37,1765.0,865.0,1809.0,910.0,4805,0,0,1,Pedestrian
37,1765.0,865.0,1809.0,910.0,4806,0,0,1,Pedestrian
37,1765.0,865.0,1809.0,910.0,4807,0,0,1,Pedestrian
37,1765.0,865.0,1809.0,910.0,4808,0,0,1,Pedestrian
37,1765.0,865.0,1809.0,910.0,4809,0,0,1,Pedestrian
37,1765.0,865.0,1809.0,910.0,4810,0,0,1,Pedestrian
37,1765.0,865.0,1809.0,910.0,4811,0,0,1,Pedestrian
37,1765.0,865.0,1809.0,910.0,4812,0,0,1,Pedestrian
37,1765.0,865.0,1809.0,910.0,4813,0,0,1,Pedestrian
37,1765.0,865.0,1809.0,910.0,4814,0,0,1,Pedestrian
37,1765.0,865.0,1809.0,910.0,4815,0,0,1,Pedestrian
37,1765.0,865.0,1809.0,910.0,4816,0,0,1,Pedestrian
37,1765.0,865.0,1809.0,910.0,4817,0,0,1,Pedestrian
37,1765.0,865.0,1809.0,910.0,4818,0,0,1,Pedestrian
37,1765.0,865.0,1809.0,910.0,4819,0,0,1,Pedestrian
37,1765.0,865.0,1809.0,910.0,4820,0,0,1,Pedestrian
37,1765.0,865.0,1809.0,910.0,4821,0,0,1,Pedestrian
37,1765.0,865.0,1809.0,910.0,4822,0,0,1,Pedestrian
37,1765.0,865.0,1809.0,910.0,4823,0,0,1,Pedestrian
37,1765.0,865.0,1809.0,910.0,4824,0,0,1,Pedestrian
37,1765.0,865.0,1809.0,910.0,4825,0,0,1,Pedestrian
37,1765.0,865.0,1809.0,910.0,4826,0,0,1,Pedestrian
37,1765.0,865.0,1809.0,910.0,4827,0,0,1,Pedestrian
37,1765.0,865.0,1809.0,910.0,4828,0,0,1,Pedestrian
37,1765.0,865.0,1809.0,910.0,4829,0,0,1,Pedestrian
37,1765.0,865.0,1809.0,910.0,4830,0,0,1,Pedestrian
37,1765.0,865.0,1809.0,910.0,4831,0,0,1,Pedestrian
37,1765.0,865.0,1809.0,910.0,4832,0,0,1,Pedestrian
37,1765.0,865.0,1809.0,910.0,4833,0,0,1,Pedestrian
37,1765.0,865.0,1809.0,910.0,4834,0,0,1,Pedestrian
37,1765.0,865.0,1809.0,910.0,4835,0,0,1,Pedestrian
37,1765.0,865.0,1809.0,910.0,4836,0,0,1,Pedestrian
37,1765.0,865.0,1809.0,910.0,4837,0,0,1,Pedestrian
37,1765.0,865.0,1809.0,910.0,4838,0,0,1,Pedestrian
37,1765.0,865.0,1809.0,910.0,4839,0,0,1,Pedestrian
37,1765.0,865.0,1809.0,910.0,4840,0,0,1,Pedestrian
37,1765.0,865.0,1809.0,910.0,4841,0,0,1,Pedestrian
37,1765.0,865.0,1809.0,910.0,4842,0,0,1,Pedestrian
37,1765.0,865.0,1809.0,910.0,4843,0,0,1,Pedestrian
37,1765.0,865.0,1809.0,910.0,4844,0,0,1,Pedestrian
37,1765.0,865.0,1809.0,910.0,4845,0,0,1,Pedestrian
37,1765.0,865.0,1809.0,910.0,4846,0,0,1,Pedestrian
37,1765.0,865.0,1809.0,910.0,4847,0,0,1,Pedestrian
37,1765.0,865.0,1809.0,910.0,4848,0,0,1,Pedestrian
37,1765.0,865.0,1809.0,910.0,4849,0,0,1,Pedestrian
37,1765.0,865.0,1809.0,910.0,4850,0,0,1,Pedestrian
37,1765.0,865.0,1809.0,910.0,4851,0,0,1,Pedestrian
37,1765.0,865.0,1809.0,910.0,4852,0,0,1,Pedestrian
37,1765.0,865.0,1809.0,910.0,4853,0,0,1,Pedestrian
37,1765.0,865.0,1809.0,910.0,4854,0,0,1,Pedestrian
37,1765.0,865.0,1809.0,910.0,4855,0,0,1,Pedestrian
37,1765.0,865.0,1809.0,910.0,4856,0,0,1,Pedestrian
37,1765.0,865.0,1809.0,910.0,4857,0,0,1,Pedestrian
37,1765.0,865.0,1809.0,910.0,4858,0,0,1,Pedestrian
37,1765.0,865.0,1809.0,910.0,4859,0,0,1,Pedestrian
37,1765.0,865.0,1809.0,910.0,4860,0,0,1,Pedestrian
37,1765.0,865.0,1809.0,910.0,4861,0,0,1,Pedestrian
37,1765.0,865.0,1809.0,910.0,4862,0,0,1,Pedestrian
37,1765.0,865.0,1809.0,910.0,4863,0,0,1,Pedestrian
37,1765.0,865.0,1809.0,910.0,4864,0,0,1,Pedestrian
37,1765.0,865.0,1809.0,910.0,4865,0,0,1,Pedestrian
37,1765.0,865.0,1809.0,910.0,4866,0,0,1,Pedestrian
37,1765.0,865.0,1809.0,910.0,4867,0,0,1,Pedestrian
37,1765.0,865.0,1809.0,910.0,4868,0,0,1,Pedestrian
37,1765.0,865.0,1809.0,910.0,4869,0,0,1,Pedestrian
37,1765.0,865.0,1809.0,910.0,4870,0,0,1,Pedestrian
37,1765.0,865.0,1809.0,910.0,4871,0,0,1,Pedestrian
37,1765.0,865.0,1809.0,910.0,4872,0,0,1,Pedestrian
37,1765.0,865.0,1809.0,910.0,4873,0,0,1,Pedestrian
37,1765.0,865.0,1809.0,910.0,4874,0,0,1,Pedestrian
37,1765.0,865.0,1809.0,913.0,4875,0,0,1,Pedestrian
37,1765.0,865.0,1809.0,913.0,4876,0,0,1,Pedestrian
37,1765.0,865.0,1809.0,913.0,4877,0,0,1,Pedestrian
37,1765.0,865.0,1809.0,913.0,4878,0,0,1,Pedestrian
37,1765.0,865.0,1809.0,913.0,4879,0,0,1,Pedestrian
37,1765.0,865.0,1809.0,913.0,4880,0,0,1,Pedestrian
37,1765.0,865.0,1809.0,913.0,4881,0,0,1,Pedestrian
37,1765.0,865.0,1809.0,913.0,4882,0,0,1,Pedestrian
37,1765.0,865.0,1809.0,913.0,4883,0,0,1,Pedestrian
37,1765.0,865.0,1809.0,913.0,4884,0,0,1,Pedestrian
37,1765.0,865.0,1809.0,913.0,4885,0,0,1,Pedestrian
37,1765.0,865.0,1809.0,913.0,4886,0,0,1,Pedestrian
37,1765.0,865.0,1809.0,913.0,4887,0,0,1,Pedestrian
37,1765.0,865.0,1809.0,913.0,4888,0,0,1,Pedestrian
37,1765.0,865.0,1809.0,913.0,4889,0,0,1,Pedestrian
37,1765.0,865.0,1809.0,913.0,4890,0,0,1,Pedestrian
37,1765.0,865.0,1809.0,913.0,4891,0,0,1,Pedestrian
37,1765.0,865.0,1809.0,913.0,4892,0,0,1,Pedestrian
37,1765.0,865.0,1809.0,913.0,4893,0,0,1,Pedestrian
37,1765.0,865.0,1809.0,913.0,4894,0,0,1,Pedestrian
37,1765.0,865.0,1809.0,913.0,4895,0,0,1,Pedestrian
37,1765.0,865.0,1809.0,913.0,4896,0,0,1,Pedestrian
37,1765.0,865.0,1809.0,913.0,4897,0,0,1,Pedestrian
37,1765.0,865.0,1809.0,913.0,4898,0,0,1,Pedestrian
37,1765.0,865.0,1809.0,913.0,4899,0,0,1,Pedestrian
37,1765.0,865.0,1809.0,913.0,4900,0,0,1,Pedestrian
37,1765.0,865.0,1809.0,913.0,4901,0,0,1,Pedestrian
37,1765.0,865.0,1809.0,913.0,4902,0,0,1,Pedestrian
37,1765.0,865.0,1809.0,913.0,4903,0,0,1,Pedestrian
37,1765.0,865.0,1809.0,913.0,4904,0,0,1,Pedestrian
37,1765.0,865.0,1809.0,913.0,4905,0,0,1,Pedestrian
37,1765.0,865.0,1809.0,913.0,4906,0,0,1,Pedestrian
37,1765.0,865.0,1809.0,913.0,4907,0,0,1,Pedestrian
37,1765.0,865.0,1809.0,913.0,4908,0,0,1,Pedestrian
37,1765.0,865.0,1809.0,913.0,4909,0,0,1,Pedestrian
37,1765.0,865.0,1809.0,913.0,4910,0,0,1,Pedestrian
37,1765.0,865.0,1809.0,913.0,4911,0,0,1,Pedestrian
37,1765.0,865.0,1809.0,913.0,4912,0,0,1,Pedestrian
37,1765.0,865.0,1809.0,913.0,4913,0,0,1,Pedestrian
37,1765.0,865.0,1809.0,913.0,4914,0,0,1,Pedestrian
37,1765.0,865.0,1809.0,913.0,4915,0,0,1,Pedestrian
37,1765.0,865.0,1809.0,913.0,4916,0,0,1,Pedestrian
37,1765.0,865.0,1809.0,913.0,4917,0,0,1,Pedestrian
37,1765.0,865.0,1809.0,913.0,4918,0,0,1,Pedestrian
37,1765.0,865.0,1809.0,913.0,4919,0,0,1,Pedestrian
37,1765.0,865.0,1809.0,913.0,4920,0,0,1,Pedestrian
37,1765.0,865.0,1809.0,913.0,4921,0,0,1,Pedestrian
37,1765.0,865.0,1809.0,913.0,4922,0,0,1,Pedestrian
37,1765.0,865.0,1809.0,913.0,4923,0,0,1,Pedestrian
37,1765.0,865.0,1809.0,913.0,4924,0,0,1,Pedestrian
37,1765.0,865.0,1809.0,913.0,4925,0,0,1,Pedestrian
37,1765.0,865.0,1809.0,913.0,4926,0,0,1,Pedestrian
37,1765.0,865.0,1809.0,913.0,4927,0,0,1,Pedestrian
37,1765.0,865.0,1809.0,913.0,4928,0,0,1,Pedestrian
37,1765.0,865.0,1809.0,913.0,4929,0,0,1,Pedestrian
37,1765.0,865.0,1809.0,913.0,4930,0,0,1,Pedestrian
37,1765.0,865.0,1809.0,913.0,4931,0,0,1,Pedestrian
37,1765.0,865.0,1809.0,913.0,4932,0,0,1,Pedestrian
37,1765.0,865.0,1809.0,913.0,4933,0,0,1,Pedestrian
37,1765.0,865.0,1809.0,913.0,4934,0,0,1,Pedestrian
37,1765.0,865.0,1809.0,913.0,4935,0,0,1,Pedestrian
37,1765.0,865.0,1809.0,913.0,4936,0,0,1,Pedestrian
37,1765.0,865.0,1809.0,913.0,4937,0,0,1,Pedestrian
37,1765.0,865.0,1809.0,913.0,4938,0,0,1,Pedestrian
37,1765.0,865.0,1809.0,913.0,4939,0,0,1,Pedestrian
37,1765.0,865.0,1809.0,913.0,4940,0,0,1,Pedestrian
37,1765.0,865.0,1809.0,913.0,4941,0,0,1,Pedestrian
37,1765.0,865.0,1809.0,913.0,4942,0,0,1,Pedestrian
37,1765.0,865.0,1809.0,913.0,4943,0,0,1,Pedestrian
37,1765.0,865.0,1809.0,913.0,4944,0,0,1,Pedestrian
37,1765.0,865.0,1809.0,913.0,4945,0,0,1,Pedestrian
37,1765.0,865.0,1809.0,913.0,4946,0,0,1,Pedestrian
37,1765.0,865.0,1809.0,913.0,4947,0,0,1,Pedestrian
37,1765.0,865.0,1809.0,913.0,4948,0,0,1,Pedestrian
37,1765.0,865.0,1809.0,913.0,4949,0,0,1,Pedestrian
37,1765.0,865.0,1809.0,913.0,4950,0,0,1,Pedestrian
37,1765.0,865.0,1809.0,913.0,4951,0,0,1,Pedestrian
37,1765.0,865.0,1809.0,913.0,4952,0,0,1,Pedestrian
37,1765.0,865.0,1809.0,913.0,4953,0,0,1,Pedestrian
37,1765.0,865.0,1809.0,913.0,4954,0,0,1,Pedestrian
37,1765.0,865.0,1809.0,913.0,4955,0,0,1,Pedestrian
37,1765.0,865.0,1809.0,913.0,4956,0,0,1,Pedestrian
37,1765.0,865.0,1809.0,913.0,4957,0,0,1,Pedestrian
37,1765.0,865.0,1809.0,913.0,4958,0,0,1,Pedestrian
37,1765.0,865.0,1809.0,913.0,4959,0,0,1,Pedestrian
37,1765.0,865.0,1809.0,913.0,4960,0,0,1,Pedestrian
37,1765.0,865.0,1809.0,913.0,4961,0,0,1,Pedestrian
37,1765.0,865.0,1809.0,913.0,4962,0,0,1,Pedestrian
37,1765.0,865.0,1809.0,913.0,4963,0,0,1,Pedestrian
37,1765.0,865.0,1809.0,913.0,4964,0,0,1,Pedestrian
37,1765.0,865.0,1809.0,913.0,4965,0,0,1,Pedestrian
37,1765.0,865.0,1809.0,913.0,4966,0,0,1,Pedestrian
37,1765.0,865.0,1809.0,913.0,4967,0,0,1,Pedestrian
37,1765.0,865.0,1809.0,913.0,4968,0,0,1,Pedestrian
37,1765.0,865.0,1809.0,913.0,4969,0,0,1,Pedestrian
37,1765.0,865.0,1809.0,913.0,4970,0,0,1,Pedestrian
37,1765.0,865.0,1809.0,913.0,4971,0,0,1,Pedestrian
37,1765.0,865.0,1809.0,913.0,4972,0,0,1,Pedestrian
37,1765.0,865.0,1809.0,913.0,4973,0,0,1,Pedestrian
37,1765.0,865.0,1809.0,913.0,4974,0,0,1,Pedestrian
37,1765.0,865.0,1809.0,913.0,4975,0,0,1,Pedestrian
37,1765.0,865.0,1809.0,913.0,4976,0,0,1,Pedestrian
37,1765.0,865.0,1809.0,913.0,4977,0,0,1,Pedestrian
37,1765.0,865.0,1809.0,913.0,4978,0,0,1,Pedestrian
37,1765.0,865.0,1809.0,913.0,4979,0,0,1,Pedestrian
37,1765.0,865.0,1809.0,913.0,4980,0,0,1,Pedestrian
37,1765.0,865.0,1809.0,913.0,4981,0,0,1,Pedestrian
37,1765.0,865.0,1809.0,913.0,4982,0,0,1,Pedestrian
37,1765.0,865.0,1809.0,913.0,4983,0,0,1,Pedestrian
37,1765.0,865.0,1809.0,913.0,4984,0,0,1,Pedestrian
37,1765.0,865.0,1809.0,913.0,4985,0,0,1,Pedestrian
37,1765.0,865.0,1809.0,913.0,4986,0,0,1,Pedestrian
37,1765.0,865.0,1809.0,913.0,4987,0,0,1,Pedestrian
37,1765.0,865.0,1809.0,913.0,4988,0,0,1,Pedestrian
37,1765.0,865.0,1809.0,913.0,4989,0,0,1,Pedestrian
37,1765.0,865.0,1809.0,913.0,4990,0,0,1,Pedestrian
37,1765.0,865.0,1809.0,913.0,4991,0,0,1,Pedestrian
37,1765.0,865.0,1809.0,913.0,4992,0,0,1,Pedestrian
37,1765.0,865.0,1809.0,913.0,4993,0,0,1,Pedestrian
37,1765.0,865.0,1809.0,913.0,4994,0,0,1,Pedestrian
37,1765.0,865.0,1809.0,913.0,4995,0,0,1,Pedestrian
37,1765.0,865.0,1809.0,913.0,4996,0,0,1,Pedestrian
37,1765.0,865.0,1809.0,913.0,4997,0,0,1,Pedestrian
37,1765.0,865.0,1809.0,913.0,4998,0,0,1,Pedestrian
37,1765.0,865.0,1809.0,913.0,4999,0,0,1,Pedestrian
37,1768.0,865.0,1809.0,915.0,5000,0,0,0,Pedestrian
37,1765.0,863.0,1806.0,913.0,5001,0,0,1,Pedestrian
37,1765.0,863.0,1806.0,913.0,5002,0,0,1,Pedestrian
37,1765.0,863.0,1806.0,913.0,5003,0,0,1,Pedestrian
37,1765.0,863.0,1806.0,913.0,5004,0,0,1,Pedestrian
37,1765.0,863.0,1806.0,913.0,5005,0,0,1,Pedestrian
37,1765.0,863.0,1806.0,913.0,5006,0,0,1,Pedestrian
37,1765.0,863.0,1806.0,913.0,5007,0,0,1,Pedestrian
37,1765.0,863.0,1806.0,913.0,5008,0,0,1,Pedestrian
37,1765.0,863.0,1806.0,913.0,5009,0,0,1,Pedestrian
37,1765.0,863.0,1806.0,913.0,5010,0,0,1,Pedestrian
37,1765.0,863.0,1806.0,913.0,5011,0,0,1,Pedestrian
37,1765.0,863.0,1806.0,913.0,5012,0,0,1,Pedestrian
37,1765.0,863.0,1806.0,913.0,5013,0,0,1,Pedestrian
37,1765.0,863.0,1806.0,913.0,5014,0,0,1,Pedestrian
37,1765.0,863.0,1806.0,913.0,5015,0,0,1,Pedestrian
37,1765.0,863.0,1806.0,913.0,5016,0,0,1,Pedestrian
37,1765.0,863.0,1806.0,913.0,5017,0,0,1,Pedestrian
37,1765.0,863.0,1806.0,913.0,5018,0,0,1,Pedestrian
37,1765.0,863.0,1806.0,913.0,5019,0,0,1,Pedestrian
37,1765.0,863.0,1806.0,913.0,5020,0,0,1,Pedestrian
37,1765.0,863.0,1806.0,913.0,5021,0,0,1,Pedestrian
37,1765.0,863.0,1806.0,913.0,5022,0,0,1,Pedestrian
37,1765.0,863.0,1806.0,913.0,5023,0,0,1,Pedestrian
37,1765.0,863.0,1806.0,913.0,5024,0,0,1,Pedestrian
37,1765.0,863.0,1806.0,913.0,5025,0,0,1,Pedestrian
37,1765.0,863.0,1806.0,913.0,5026,0,0,1,Pedestrian
37,1765.0,863.0,1806.0,913.0,5027,0,0,1,Pedestrian
37,1765.0,860.0,1806.0,913.0,5028,0,0,1,Pedestrian
37,1765.0,860.0,1806.0,913.0,5029,0,0,1,Pedestrian
37,1765.0,860.0,1806.0,913.0,5030,0,0,1,Pedestrian
37,1765.0,860.0,1806.0,913.0,5031,0,0,1,Pedestrian
37,1765.0,860.0,1806.0,913.0,5032,0,0,1,Pedestrian
37,1765.0,860.0,1806.0,913.0,5033,0,0,1,Pedestrian
37,1765.0,860.0,1806.0,913.0,5034,0,0,1,Pedestrian
37,1765.0,860.0,1806.0,913.0,5035,0,0,1,Pedestrian
37,1765.0,860.0,1806.0,913.0,5036,0,0,1,Pedestrian
37,1765.0,860.0,1806.0,913.0,5037,0,0,1,Pedestrian
37,1765.0,860.0,1806.0,913.0,5038,0,0,1,Pedestrian
37,1765.0,860.0,1806.0,913.0,5039,0,0,1,Pedestrian
37,1765.0,860.0,1806.0,913.0,5040,0,0,1,Pedestrian
37,1765.0,860.0,1806.0,913.0,5041,0,0,1,Pedestrian
37,1765.0,860.0,1806.0,913.0,5042,0,0,1,Pedestrian
37,1765.0,860.0,1806.0,913.0,5043,0,0,1,Pedestrian
37,1765.0,860.0,1806.0,913.0,5044,0,0,1,Pedestrian
37,1765.0,860.0,1806.0,913.0,5045,0,0,1,Pedestrian
37,1765.0,860.0,1806.0,913.0,5046,0,0,1,Pedestrian
37,1765.0,860.0,1806.0,913.0,5047,0,0,1,Pedestrian
37,1765.0,860.0,1806.0,913.0,5048,0,0,1,Pedestrian
37,1765.0,860.0,1806.0,913.0,5049,0,0,1,Pedestrian
37,1765.0,860.0,1806.0,913.0,5050,0,0,1,Pedestrian
37,1765.0,860.0,1806.0,913.0,5051,0,0,1,Pedestrian
37,1765.0,860.0,1806.0,913.0,5052,0,0,1,Pedestrian
37,1765.0,860.0,1806.0,913.0,5053,0,0,1,Pedestrian
37,1765.0,860.0,1806.0,913.0,5054,0,0,1,Pedestrian
37,1765.0,860.0,1806.0,913.0,5055,0,0,1,Pedestrian
37,1765.0,858.0,1806.0,913.0,5056,0,0,1,Pedestrian
37,1765.0,858.0,1806.0,913.0,5057,0,0,1,Pedestrian
37,1765.0,858.0,1806.0,913.0,5058,0,0,1,Pedestrian
37,1765.0,858.0,1806.0,913.0,5059,0,0,1,Pedestrian
37,1765.0,858.0,1806.0,913.0,5060,0,0,1,Pedestrian
37,1762.0,858.0,1804.0,910.0,5061,0,0,1,Pedestrian
37,1762.0,858.0,1804.0,910.0,5062,0,0,1,Pedestrian
37,1762.0,858.0,1804.0,910.0,5063,0,0,1,Pedestrian
37,1762.0,858.0,1804.0,910.0,5064,0,0,1,Pedestrian
37,1762.0,858.0,1804.0,910.0,5065,0,0,1,Pedestrian
37,1762.0,858.0,1804.0,910.0,5066,0,0,1,Pedestrian
37,1762.0,858.0,1804.0,910.0,5067,0,0,1,Pedestrian
37,1762.0,858.0,1804.0,910.0,5068,0,0,1,Pedestrian
37,1762.0,858.0,1804.0,910.0,5069,0,0,1,Pedestrian
37,1762.0,858.0,1804.0,910.0,5070,0,0,1,Pedestrian
37,1762.0,858.0,1804.0,910.0,5071,0,0,1,Pedestrian
37,1762.0,858.0,1804.0,910.0,5072,0,0,1,Pedestrian
37,1762.0,858.0,1804.0,910.0,5073,0,0,1,Pedestrian
37,1762.0,858.0,1804.0,910.0,5074,0,0,1,Pedestrian
37,1762.0,858.0,1804.0,910.0,5075,0,0,1,Pedestrian
37,1762.0,858.0,1804.0,910.0,5076,0,0,1,Pedestrian
37,1762.0,858.0,1804.0,910.0,5077,0,0,1,Pedestrian
37,1762.0,858.0,1804.0,910.0,5078,0,0,1,Pedestrian
37,1762.0,858.0,1804.0,910.0,5079,0,0,1,Pedestrian
37,1762.0,858.0,1804.0,910.0,5080,0,0,1,Pedestrian
37,1762.0,858.0,1804.0,910.0,5081,0,0,1,Pedestrian
37,1762.0,858.0,1804.0,910.0,5082,0,0,1,Pedestrian
37,1762.0,858.0,1804.0,910.0,5083,0,0,1,Pedestrian
37,1762.0,856.0,1804.0,910.0,5084,0,0,1,Pedestrian
37,1762.0,856.0,1804.0,910.0,5085,0,0,1,Pedestrian
37,1762.0,856.0,1804.0,910.0,5086,0,0,1,Pedestrian
37,1762.0,856.0,1804.0,910.0,5087,0,0,1,Pedestrian
37,1762.0,856.0,1804.0,910.0,5088,0,0,1,Pedestrian
37,1762.0,856.0,1804.0,910.0,5089,0,0,1,Pedestrian
37,1762.0,856.0,1804.0,910.0,5090,0,0,1,Pedestrian
37,1762.0,856.0,1804.0,910.0,5091,0,0,1,Pedestrian
37,1762.0,856.0,1804.0,910.0,5092,0,0,1,Pedestrian
37,1762.0,856.0,1804.0,910.0,5093,0,0,1,Pedestrian
37,1762.0,856.0,1804.0,910.0,5094,0,0,1,Pedestrian
37,1762.0,856.0,1804.0,910.0,5095,0,0,1,Pedestrian
37,1762.0,856.0,1804.0,910.0,5096,0,0,1,Pedestrian
37,1762.0,856.0,1804.0,910.0,5097,0,0,1,Pedestrian
37,1762.0,856.0,1804.0,910.0,5098,0,0,1,Pedestrian
37,1762.0,856.0,1804.0,910.0,5099,0,0,1,Pedestrian
37,1762.0,856.0,1804.0,910.0,5100,0,0,1,Pedestrian
37,1762.0,856.0,1804.0,910.0,5101,0,0,1,Pedestrian
37,1762.0,856.0,1804.0,910.0,5102,0,0,1,Pedestrian
37,1762.0,856.0,1804.0,910.0,5103,0,0,1,Pedestrian
37,1762.0,856.0,1804.0,910.0,5104,0,0,1,Pedestrian
37,1762.0,856.0,1804.0,910.0,5105,0,0,1,Pedestrian
37,1762.0,856.0,1804.0,910.0,5106,0,0,1,Pedestrian
37,1762.0,856.0,1804.0,910.0,5107,0,0,1,Pedestrian
37,1762.0,856.0,1804.0,910.0,5108,0,0,1,Pedestrian
37,1762.0,856.0,1804.0,910.0,5109,0,0,1,Pedestrian
37,1762.0,856.0,1804.0,910.0,5110,0,0,1,Pedestrian
37,1762.0,853.0,1804.0,910.0,5111,0,0,1,Pedestrian
37,1762.0,853.0,1804.0,910.0,5112,0,0,1,Pedestrian
37,1762.0,853.0,1804.0,910.0,5113,0,0,1,Pedestrian
37,1762.0,853.0,1804.0,910.0,5114,0,0,1,Pedestrian
37,1762.0,853.0,1804.0,910.0,5115,0,0,1,Pedestrian
37,1762.0,853.0,1804.0,910.0,5116,0,0,1,Pedestrian
37,1762.0,853.0,1804.0,910.0,5117,0,0,1,Pedestrian
37,1762.0,853.0,1804.0,910.0,5118,0,0,1,Pedestrian
37,1762.0,853.0,1804.0,910.0,5119,0,0,1,Pedestrian
37,1762.0,853.0,1804.0,910.0,5120,0,0,1,Pedestrian
37,1760.0,853.0,1801.0,908.0,5121,0,0,1,Pedestrian
37,1760.0,853.0,1801.0,908.0,5122,0,0,1,Pedestrian
37,1760.0,853.0,1801.0,908.0,5123,0,0,1,Pedestrian
37,1760.0,853.0,1801.0,908.0,5124,0,0,1,Pedestrian
37,1760.0,853.0,1801.0,908.0,5125,0,0,1,Pedestrian
37,1760.0,853.0,1801.0,908.0,5126,0,0,1,Pedestrian
37,1760.0,853.0,1801.0,908.0,5127,0,0,1,Pedestrian
37,1760.0,853.0,1801.0,908.0,5128,0,0,1,Pedestrian
37,1760.0,853.0,1801.0,908.0,5129,0,0,1,Pedestrian
37,1760.0,853.0,1801.0,908.0,5130,0,0,1,Pedestrian
37,1760.0,853.0,1801.0,908.0,5131,0,0,1,Pedestrian
37,1760.0,853.0,1801.0,908.0,5132,0,0,1,Pedestrian
37,1760.0,853.0,1801.0,908.0,5133,0,0,1,Pedestrian
37,1760.0,853.0,1801.0,908.0,5134,0,0,1,Pedestrian
37,1760.0,853.0,1801.0,908.0,5135,0,0,1,Pedestrian
37,1760.0,853.0,1801.0,908.0,5136,0,0,1,Pedestrian
37,1760.0,853.0,1801.0,908.0,5137,0,0,1,Pedestrian
37,1760.0,853.0,1801.0,908.0,5138,0,0,1,Pedestrian
37,1760.0,851.0,1801.0,908.0,5139,0,0,1,Pedestrian
37,1760.0,851.0,1801.0,908.0,5140,0,0,1,Pedestrian
37,1760.0,851.0,1801.0,908.0,5141,0,0,1,Pedestrian
37,1760.0,851.0,1801.0,908.0,5142,0,0,1,Pedestrian
37,1760.0,851.0,1801.0,908.0,5143,0,0,1,Pedestrian
37,1760.0,851.0,1801.0,908.0,5144,0,0,1,Pedestrian
37,1760.0,851.0,1801.0,908.0,5145,0,0,1,Pedestrian
37,1760.0,851.0,1801.0,908.0,5146,0,0,1,Pedestrian
37,1760.0,851.0,1801.0,908.0,5147,0,0,1,Pedestrian
37,1760.0,851.0,1801.0,908.0,5148,0,0,1,Pedestrian
37,1760.0,851.0,1801.0,908.0,5149,0,0,1,Pedestrian
37,1760.0,851.0,1801.0,908.0,5150,0,0,1,Pedestrian
37,1760.0,851.0,1801.0,908.0,5151,0,0,1,Pedestrian
37,1760.0,851.0,1801.0,908.0,5152,0,0,1,Pedestrian
37,1760.0,851.0,1801.0,908.0,5153,0,0,1,Pedestrian
37,1760.0,851.0,1801.0,908.0,5154,0,0,1,Pedestrian
37,1760.0,851.0,1801.0,908.0,5155,0,0,1,Pedestrian
37,1760.0,851.0,1801.0,908.0,5156,0,0,1,Pedestrian
37,1760.0,851.0,1801.0,908.0,5157,0,0,1,Pedestrian
37,1760.0,851.0,1801.0,908.0,5158,0,0,1,Pedestrian
37,1760.0,851.0,1801.0,908.0,5159,0,0,1,Pedestrian
37,1760.0,851.0,1801.0,908.0,5160,0,0,1,Pedestrian
37,1760.0,851.0,1801.0,908.0,5161,0,0,1,Pedestrian
37,1760.0,851.0,1801.0,908.0,5162,0,0,1,Pedestrian
37,1760.0,851.0,1801.0,908.0,5163,0,0,1,Pedestrian
37,1760.0,851.0,1801.0,908.0,5164,0,0,1,Pedestrian
37,1760.0,851.0,1801.0,908.0,5165,0,0,1,Pedestrian
37,1760.0,851.0,1801.0,908.0,5166,0,0,1,Pedestrian
37,1760.0,849.0,1801.0,908.0,5167,0,0,1,Pedestrian
37,1760.0,849.0,1801.0,908.0,5168,0,0,1,Pedestrian
37,1760.0,849.0,1801.0,908.0,5169,0,0,1,Pedestrian
37,1760.0,849.0,1801.0,908.0,5170,0,0,1,Pedestrian
37,1760.0,849.0,1801.0,908.0,5171,0,0,1,Pedestrian
37,1760.0,849.0,1801.0,908.0,5172,0,0,1,Pedestrian
37,1760.0,849.0,1801.0,908.0,5173,0,0,1,Pedestrian
37,1760.0,849.0,1801.0,908.0,5174,0,0,1,Pedestrian
37,1760.0,849.0,1801.0,908.0,5175,0,0,1,Pedestrian
37,1760.0,849.0,1801.0,908.0,5176,0,0,1,Pedestrian
37,1760.0,849.0,1801.0,908.0,5177,0,0,1,Pedestrian
37,1760.0,849.0,1801.0,908.0,5178,0,0,1,Pedestrian
37,1760.0,849.0,1801.0,908.0,5179,0,0,1,Pedestrian
37,1760.0,849.0,1801.0,908.0,5180,0,0,1,Pedestrian
37,1757.0,849.0,1798.0,906.0,5181,0,0,1,Pedestrian
37,1757.0,849.0,1798.0,906.0,5182,0,0,1,Pedestrian
37,1757.0,849.0,1798.0,906.0,5183,0,0,1,Pedestrian
37,1757.0,849.0,1798.0,906.0,5184,0,0,1,Pedestrian
37,1757.0,849.0,1798.0,906.0,5185,0,0,1,Pedestrian
37,1757.0,849.0,1798.0,906.0,5186,0,0,1,Pedestrian
37,1757.0,849.0,1798.0,906.0,5187,0,0,1,Pedestrian
37,1757.0,849.0,1798.0,906.0,5188,0,0,1,Pedestrian
37,1757.0,849.0,1798.0,906.0,5189,0,0,1,Pedestrian
37,1757.0,849.0,1798.0,906.0,5190,0,0,1,Pedestrian
37,1757.0,849.0,1798.0,906.0,5191,0,0,1,Pedestrian
37,1757.0,849.0,1798.0,906.0,5192,0,0,1,Pedestrian
37,1757.0,849.0,1798.0,906.0,5193,0,0,1,Pedestrian
37,1757.0,847.0,1798.0,906.0,5194,0,0,1,Pedestrian
37,1757.0,847.0,1798.0,906.0,5195,0,0,1,Pedestrian
37,1757.0,847.0,1798.0,906.0,5196,0,0,1,Pedestrian
37,1757.0,847.0,1798.0,906.0,5197,0,0,1,Pedestrian
37,1757.0,847.0,1798.0,906.0,5198,0,0,1,Pedestrian
37,1757.0,847.0,1798.0,906.0,5199,0,0,1,Pedestrian
37,1757.0,847.0,1798.0,906.0,5200,0,0,1,Pedestrian
37,1757.0,847.0,1798.0,906.0,5201,0,0,1,Pedestrian
37,1757.0,847.0,1798.0,906.0,5202,0,0,1,Pedestrian
37,1757.0,847.0,1798.0,906.0,5203,0,0,1,Pedestrian
37,1757.0,847.0,1798.0,906.0,5204,0,0,1,Pedestrian
37,1757.0,847.0,1798.0,906.0,5205,0,0,1,Pedestrian
37,1757.0,847.0,1798.0,906.0,5206,0,0,1,Pedestrian
37,1757.0,847.0,1798.0,906.0,5207,0,0,1,Pedestrian
37,1757.0,847.0,1798.0,906.0,5208,0,0,1,Pedestrian
37,1757.0,847.0,1798.0,906.0,5209,0,0,1,Pedestrian
37,1757.0,847.0,1798.0,906.0,5210,0,0,1,Pedestrian
37,1757.0,847.0,1798.0,906.0,5211,0,0,1,Pedestrian
37,1757.0,847.0,1798.0,906.0,5212,0,0,1,Pedestrian
37,1757.0,847.0,1798.0,906.0,5213,0,0,1,Pedestrian
37,1757.0,847.0,1798.0,906.0,5214,0,0,1,Pedestrian
37,1757.0,847.0,1798.0,906.0,5215,0,0,1,Pedestrian
37,1757.0,847.0,1798.0,906.0,5216,0,0,1,Pedestrian
37,1757.0,847.0,1798.0,906.0,5217,0,0,1,Pedestrian
37,1757.0,847.0,1798.0,906.0,5218,0,0,1,Pedestrian
37,1757.0,847.0,1798.0,906.0,5219,0,0,1,Pedestrian
37,1757.0,847.0,1798.0,906.0,5220,0,0,1,Pedestrian
37,1757.0,847.0,1798.0,906.0,5221,0,0,1,Pedestrian
37,1757.0,844.0,1798.0,906.0,5222,0,0,1,Pedestrian
37,1757.0,844.0,1798.0,906.0,5223,0,0,1,Pedestrian
37,1757.0,844.0,1798.0,906.0,5224,0,0,1,Pedestrian
37,1757.0,844.0,1798.0,906.0,5225,0,0,1,Pedestrian
37,1757.0,844.0,1798.0,906.0,5226,0,0,1,Pedestrian
37,1757.0,844.0,1798.0,906.0,5227,0,0,1,Pedestrian
37,1757.0,844.0,1798.0,906.0,5228,0,0,1,Pedestrian
37,1757.0,844.0,1798.0,906.0,5229,0,0,1,Pedestrian
37,1757.0,844.0,1798.0,906.0,5230,0,0,1,Pedestrian
37,1757.0,844.0,1798.0,906.0,5231,0,0,1,Pedestrian
37,1757.0,844.0,1798.0,906.0,5232,0,0,1,Pedestrian
37,1757.0,844.0,1798.0,906.0,5233,0,0,1,Pedestrian
37,1757.0,844.0,1798.0,906.0,5234,0,0,1,Pedestrian
37,1757.0,844.0,1798.0,906.0,5235,0,0,1,Pedestrian
37,1757.0,844.0,1798.0,906.0,5236,0,0,1,Pedestrian
37,1757.0,844.0,1798.0,906.0,5237,0,0,1,Pedestrian
37,1757.0,844.0,1798.0,906.0,5238,0,0,1,Pedestrian
37,1757.0,844.0,1798.0,906.0,5239,0,0,1,Pedestrian
37,1757.0,844.0,1798.0,906.0,5240,0,0,1,Pedestrian
37,1754.0,844.0,1795.0,904.0,5241,0,0,1,Pedestrian
37,1754.0,844.0,1795.0,904.0,5242,0,0,1,Pedestrian
37,1754.0,844.0,1795.0,904.0,5243,0,0,1,Pedestrian
37,1754.0,844.0,1795.0,904.0,5244,0,0,1,Pedestrian
37,1754.0,844.0,1795.0,904.0,5245,0,0,1,Pedestrian
37,1754.0,844.0,1795.0,904.0,5246,0,0,1,Pedestrian
37,1754.0,844.0,1795.0,904.0,5247,0,0,1,Pedestrian
37,1754.0,844.0,1795.0,904.0,5248,0,0,1,Pedestrian
37,1754.0,844.0,1795.0,904.0,5249,0,0,1,Pedestrian
37,1754.0,842.0,1795.0,904.0,5250,0,0,1,Pedestrian
37,1754.0,842.0,1795.0,904.0,5251,0,0,1,Pedestrian
37,1754.0,842.0,1795.0,904.0,5252,0,0,1,Pedestrian
37,1754.0,842.0,1795.0,904.0,5253,0,0,1,Pedestrian
37,1754.0,842.0,1795.0,904.0,5254,0,0,1,Pedestrian
37,1754.0,842.0,1795.0,904.0,5255,0,0,1,Pedestrian
37,1754.0,842.0,1795.0,904.0,5256,0,0,1,Pedestrian
37,1754.0,842.0,1795.0,904.0,5257,0,0,1,Pedestrian
37,1754.0,842.0,1795.0,904.0,5258,0,0,1,Pedestrian
37,1754.0,842.0,1795.0,904.0,5259,0,0,1,Pedestrian
37,1754.0,842.0,1795.0,904.0,5260,0,0,1,Pedestrian
37,1754.0,842.0,1795.0,904.0,5261,0,0,1,Pedestrian
37,1754.0,842.0,1795.0,904.0,5262,0,0,1,Pedestrian
37,1754.0,842.0,1795.0,904.0,5263,0,0,1,Pedestrian
37,1754.0,842.0,1795.0,904.0,5264,0,0,1,Pedestrian
37,1754.0,842.0,1795.0,904.0,5265,0,0,1,Pedestrian
37,1754.0,842.0,1795.0,904.0,5266,0,0,1,Pedestrian
37,1754.0,842.0,1795.0,904.0,5267,0,0,1,Pedestrian
37,1754.0,842.0,1795.0,904.0,5268,0,0,1,Pedestrian
37,1754.0,842.0,1795.0,904.0,5269,0,0,1,Pedestrian
37,1754.0,842.0,1795.0,904.0,5270,0,0,1,Pedestrian
37,1754.0,842.0,1795.0,904.0,5271,0,0,1,Pedestrian
37,1754.0,842.0,1795.0,904.0,5272,0,0,1,Pedestrian
37,1754.0,842.0,1795.0,904.0,5273,0,0,1,Pedestrian
37,1754.0,842.0,1795.0,904.0,5274,0,0,1,Pedestrian
37,1754.0,842.0,1795.0,904.0,5275,0,0,1,Pedestrian
37,1754.0,842.0,1795.0,904.0,5276,0,0,1,Pedestrian
37,1754.0,840.0,1795.0,904.0,5277,0,0,1,Pedestrian
37,1754.0,840.0,1795.0,904.0,5278,0,0,1,Pedestrian
37,1754.0,840.0,1795.0,904.0,5279,0,0,1,Pedestrian
37,1754.0,840.0,1795.0,904.0,5280,0,0,1,Pedestrian
37,1754.0,840.0,1795.0,904.0,5281,0,0,1,Pedestrian
37,1754.0,840.0,1795.0,904.0,5282,0,0,1,Pedestrian
37,1754.0,840.0,1795.0,904.0,5283,0,0,1,Pedestrian
37,1754.0,840.0,1795.0,904.0,5284,0,0,1,Pedestrian
37,1754.0,840.0,1795.0,904.0,5285,0,0,1,Pedestrian
37,1754.0,840.0,1795.0,904.0,5286,0,0,1,Pedestrian
37,1754.0,840.0,1795.0,904.0,5287,0,0,1,Pedestrian
37,1754.0,840.0,1795.0,904.0,5288,0,0,1,Pedestrian
37,1754.0,840.0,1795.0,904.0,5289,0,0,1,Pedestrian
37,1754.0,840.0,1795.0,904.0,5290,0,0,1,Pedestrian
37,1754.0,840.0,1795.0,904.0,5291,0,0,1,Pedestrian
37,1754.0,840.0,1795.0,904.0,5292,0,0,1,Pedestrian
37,1754.0,840.0,1795.0,904.0,5293,0,0,1,Pedestrian
37,1754.0,840.0,1795.0,904.0,5294,0,0,1,Pedestrian
37,1754.0,840.0,1795.0,904.0,5295,0,0,1,Pedestrian
37,1754.0,840.0,1795.0,904.0,5296,0,0,1,Pedestrian
37,1754.0,840.0,1795.0,904.0,5297,0,0,1,Pedestrian
37,1754.0,840.0,1795.0,904.0,5298,0,0,1,Pedestrian
37,1754.0,840.0,1795.0,904.0,5299,0,0,1,Pedestrian
37,1754.0,840.0,1795.0,904.0,5300,0,0,1,Pedestrian
37,1751.0,840.0,1793.0,901.0,5301,0,0,1,Pedestrian
37,1751.0,840.0,1793.0,901.0,5302,0,0,1,Pedestrian
37,1751.0,840.0,1793.0,901.0,5303,0,0,1,Pedestrian
37,1751.0,840.0,1793.0,901.0,5304,0,0,1,Pedestrian
37,1751.0,837.0,1793.0,901.0,5305,0,0,1,Pedestrian
37,1751.0,837.0,1793.0,901.0,5306,0,0,1,Pedestrian
37,1751.0,837.0,1793.0,901.0,5307,0,0,1,Pedestrian
37,1751.0,837.0,1793.0,901.0,5308,0,0,1,Pedestrian
37,1751.0,837.0,1793.0,901.0,5309,0,0,1,Pedestrian
37,1751.0,837.0,1793.0,901.0,5310,0,0,1,Pedestrian
37,1751.0,837.0,1793.0,901.0,5311,0,0,1,Pedestrian
37,1751.0,837.0,1793.0,901.0,5312,0,0,1,Pedestrian
37,1751.0,837.0,1793.0,901.0,5313,0,0,1,Pedestrian
37,1751.0,837.0,1793.0,901.0,5314,0,0,1,Pedestrian
37,1751.0,837.0,1793.0,901.0,5315,0,0,1,Pedestrian
37,1751.0,837.0,1793.0,901.0,5316,0,0,1,Pedestrian
37,1751.0,837.0,1793.0,901.0,5317,0,0,1,Pedestrian
37,1751.0,837.0,1793.0,901.0,5318,0,0,1,Pedestrian
37,1751.0,837.0,1793.0,901.0,5319,0,0,1,Pedestrian
37,1751.0,837.0,1793.0,901.0,5320,0,0,1,Pedestrian
37,1751.0,837.0,1793.0,901.0,5321,0,0,1,Pedestrian
37,1751.0,837.0,1793.0,901.0,5322,0,0,1,Pedestrian
37,1751.0,837.0,1793.0,901.0,5323,0,0,1,Pedestrian
37,1751.0,837.0,1793.0,901.0,5324,0,0,1,Pedestrian
37,1751.0,837.0,1793.0,901.0,5325,0,0,1,Pedestrian
37,1751.0,837.0,1793.0,901.0,5326,0,0,1,Pedestrian
37,1751.0,837.0,1793.0,901.0,5327,0,0,1,Pedestrian
37,1751.0,837.0,1793.0,901.0,5328,0,0,1,Pedestrian
37,1751.0,837.0,1793.0,901.0,5329,0,0,1,Pedestrian
37,1751.0,837.0,1793.0,901.0,5330,0,0,1,Pedestrian
37,1751.0,837.0,1793.0,901.0,5331,0,0,1,Pedestrian
37,1751.0,837.0,1793.0,901.0,5332,0,0,1,Pedestrian
37,1751.0,835.0,1793.0,901.0,5333,0,0,1,Pedestrian
37,1751.0,835.0,1793.0,901.0,5334,0,0,1,Pedestrian
37,1751.0,835.0,1793.0,901.0,5335,0,0,1,Pedestrian
37,1751.0,835.0,1793.0,901.0,5336,0,0,1,Pedestrian
37,1751.0,835.0,1793.0,901.0,5337,0,0,1,Pedestrian
37,1751.0,835.0,1793.0,901.0,5338,0,0,1,Pedestrian
37,1751.0,835.0,1793.0,901.0,5339,0,0,1,Pedestrian
37,1751.0,835.0,1793.0,901.0,5340,0,0,1,Pedestrian
37,1751.0,835.0,1793.0,901.0,5341,0,0,1,Pedestrian
37,1751.0,835.0,1793.0,901.0,5342,0,0,1,Pedestrian
37,1751.0,835.0,1793.0,901.0,5343,0,0,1,Pedestrian
37,1751.0,835.0,1793.0,901.0,5344,0,0,1,Pedestrian
37,1751.0,835.0,1793.0,901.0,5345,0,0,1,Pedestrian
37,1751.0,835.0,1793.0,901.0,5346,0,0,1,Pedestrian
37,1751.0,835.0,1793.0,901.0,5347,0,0,1,Pedestrian
37,1751.0,835.0,1793.0,901.0,5348,0,0,1,Pedestrian
37,1751.0,835.0,1793.0,901.0,5349,0,0,1,Pedestrian
37,1751.0,835.0,1793.0,901.0,5350,0,0,1,Pedestrian
37,1751.0,835.0,1793.0,901.0,5351,0,0,1,Pedestrian
37,1751.0,835.0,1793.0,901.0,5352,0,0,1,Pedestrian
37,1751.0,835.0,1793.0,901.0,5353,0,0,1,Pedestrian
37,1751.0,835.0,1793.0,901.0,5354,0,0,1,Pedestrian
37,1751.0,835.0,1793.0,901.0,5355,0,0,1,Pedestrian
37,1751.0,835.0,1793.0,901.0,5356,0,0,1,Pedestrian
37,1751.0,835.0,1793.0,901.0,5357,0,0,1,Pedestrian
37,1751.0,835.0,1793.0,901.0,5358,0,0,1,Pedestrian
37,1751.0,835.0,1793.0,901.0,5359,0,0,1,Pedestrian
37,1751.0,835.0,1793.0,901.0,5360,0,0,0,Pedestrian
37,1749.0,835.0,1790.0,901.0,5361,0,0,1,Pedestrian
37,1749.0,835.0,1790.0,901.0,5362,0,0,1,Pedestrian
37,1749.0,835.0,1787.0,901.0,5363,0,0,1,Pedestrian
37,1746.0,835.0,1787.0,901.0,5364,0,0,1,Pedestrian
37,1746.0,835.0,1787.0,901.0,5365,0,0,1,Pedestrian
37,1746.0,835.0,1784.0,901.0,5366,0,0,1,Pedestrian
37,1743.0,835.0,1784.0,901.0,5367,0,0,1,Pedestrian
37,1743.0,835.0,1784.0,901.0,5368,0,0,1,Pedestrian
37,1743.0,835.0,1782.0,901.0,5369,0,0,1,Pedestrian
37,1740.0,835.0,1782.0,901.0,5370,0,0,1,Pedestrian
37,1740.0,835.0,1782.0,901.0,5371,0,0,1,Pedestrian
37,1740.0,835.0,1779.0,901.0,5372,0,0,1,Pedestrian
37,1738.0,835.0,1779.0,901.0,5373,0,0,1,Pedestrian
37,1738.0,835.0,1779.0,901.0,5374,0,0,1,Pedestrian
37,1738.0,835.0,1776.0,901.0,5375,0,0,1,Pedestrian
37,1735.0,835.0,1776.0,901.0,5376,0,0,1,Pedestrian
37,1735.0,835.0,1776.0,901.0,5377,0,0,1,Pedestrian
37,1735.0,835.0,1773.0,901.0,5378,0,0,1,Pedestrian
37,1732.0,835.0,1773.0,901.0,5379,0,0,1,Pedestrian
37,1732.0,835.0,1773.0,901.0,5380,0,0,1,Pedestrian
37,1732.0,835.0,1771.0,901.0,5381,0,0,1,Pedestrian
37,1729.0,835.0,1771.0,901.0,5382,0,0,1,Pedestrian
37,1729.0,835.0,1768.0,901.0,5383,0,0,1,Pedestrian
37,1729.0,835.0,1768.0,901.0,5384,0,0,1,Pedestrian
37,1727.0,835.0,1768.0,901.0,5385,0,0,1,Pedestrian
37,1727.0,835.0,1765.0,901.0,5386,0,0,1,Pedestrian
37,1727.0,835.0,1765.0,901.0,5387,0,0,1,Pedestrian
37,1724.0,835.0,1765.0,901.0,5388,0,0,1,Pedestrian
37,1724.0,835.0,1762.0,901.0,5389,0,0,1,Pedestrian
37,1724.0,835.0,1762.0,901.0,5390,0,0,1,Pedestrian
37,1721.0,835.0,1762.0,901.0,5391,0,0,1,Pedestrian
37,1721.0,835.0,1760.0,901.0,5392,0,0,1,Pedestrian
37,1721.0,835.0,1760.0,901.0,5393,0,0,1,Pedestrian
37,1718.0,835.0,1760.0,901.0,5394,0,0,1,Pedestrian
37,1718.0,835.0,1757.0,901.0,5395,0,0,1,Pedestrian
37,1718.0,835.0,1757.0,901.0,5396,0,0,1,Pedestrian
37,1716.0,835.0,1757.0,901.0,5397,0,0,1,Pedestrian
37,1716.0,835.0,1754.0,901.0,5398,0,0,1,Pedestrian
37,1716.0,835.0,1754.0,901.0,5399,0,0,1,Pedestrian
37,1716.0,835.0,1754.0,901.0,5400,0,0,0,Pedestrian
37,1713.0,833.0,1751.0,899.0,5401,0,0,1,Pedestrian
37,1713.0,833.0,1751.0,899.0,5402,0,0,1,Pedestrian
37,1713.0,833.0,1751.0,899.0,5403,0,0,1,Pedestrian
37,1713.0,833.0,1751.0,899.0,5404,0,0,1,Pedestrian
37,1713.0,833.0,1751.0,899.0,5405,0,0,1,Pedestrian
37,1710.0,833.0,1749.0,899.0,5406,0,0,1,Pedestrian
37,1710.0,833.0,1749.0,899.0,5407,0,0,1,Pedestrian
37,1710.0,833.0,1749.0,899.0,5408,0,0,1,Pedestrian
37,1710.0,833.0,1749.0,899.0,5409,0,0,1,Pedestrian
37,1710.0,833.0,1749.0,899.0,5410,0,0,1,Pedestrian
37,1710.0,833.0,1749.0,899.0,5411,0,0,1,Pedestrian
37,1707.0,833.0,1746.0,899.0,5412,0,0,1,Pedestrian
37,1707.0,833.0,1746.0,899.0,5413,0,0,1,Pedestrian
37,1707.0,833.0,1746.0,899.0,5414,0,0,1,Pedestrian
37,1707.0,833.0,1746.0,899.0,5415,0,0,1,Pedestrian
37,1707.0,833.0,1746.0,899.0,5416,0,0,1,Pedestrian
37,1705.0,833.0,1743.0,899.0,5417,0,0,1,Pedestrian
37,1705.0,833.0,1743.0,899.0,5418,0,0,1,Pedestrian
37,1705.0,833.0,1743.0,899.0,5419,0,0,1,Pedestrian
37,1705.0,833.0,1743.0,899.0,5420,0,0,1,Pedestrian
37,1705.0,833.0,1743.0,899.0,5421,0,0,1,Pedestrian
37,1705.0,833.0,1743.0,899.0,5422,0,0,1,Pedestrian
37,1702.0,833.0,1740.0,899.0,5423,0,0,1,Pedestrian
37,1702.0,833.0,1740.0,899.0,5424,0,0,1,Pedestrian
37,1702.0,833.0,1740.0,899.0,5425,0,0,1,Pedestrian
37,1702.0,831.0,1740.0,897.0,5426,0,0,1,Pedestrian
37,1702.0,831.0,1740.0,897.0,5427,0,0,1,Pedestrian
37,1699.0,831.0,1738.0,897.0,5428,0,0,1,Pedestrian
37,1699.0,831.0,1738.0,897.0,5429,0,0,1,Pedestrian
37,1699.0,831.0,1738.0,897.0,5430,0,0,1,Pedestrian
37,1699.0,831.0,1738.0,897.0,5431,0,0,1,Pedestrian
37,1699.0,831.0,1738.0,897.0,5432,0,0,1,Pedestrian
37,1699.0,831.0,1738.0,897.0,5433,0,0,1,Pedestrian
37,1696.0,831.0,1735.0,897.0,5434,0,0,1,Pedestrian
37,1696.0,831.0,1735.0,897.0,5435,0,0,1,Pedestrian
37,1696.0,831.0,1735.0,897.0,5436,0,0,1,Pedestrian
37,1696.0,831.0,1735.0,897.0,5437,0,0,1,Pedestrian
37,1696.0,831.0,1735.0,897.0,5438,0,0,1,Pedestrian
37,1694.0,831.0,1732.0,897.0,5439,0,0,1,Pedestrian
37,1694.0,831.0,1732.0,897.0,5440,0,0,1,Pedestrian
37,1694.0,831.0,1732.0,897.0,5441,0,0,1,Pedestrian
37,1694.0,831.0,1732.0,897.0,5442,0,0,1,Pedestrian
37,1694.0,831.0,1732.0,897.0,5443,0,0,1,Pedestrian
37,1694.0,831.0,1732.0,897.0,5444,0,0,1,Pedestrian
37,1691.0,831.0,1729.0,897.0,5445,0,0,1,Pedestrian
37,1691.0,831.0,1729.0,897.0,5446,0,0,1,Pedestrian
37,1691.0,831.0,1729.0,897.0,5447,0,0,1,Pedestrian
37,1691.0,831.0,1729.0,897.0,5448,0,0,1,Pedestrian
37,1691.0,831.0,1729.0,897.0,5449,0,0,1,Pedestrian
37,1691.0,831.0,1729.0,897.0,5450,0,0,0,Pedestrian
37,1688.0,828.0,1727.0,894.0,5451,0,0,1,Pedestrian
37,1688.0,828.0,1727.0,894.0,5452,0,0,1,Pedestrian
37,1685.0,828.0,1724.0,894.0,5453,0,0,1,Pedestrian
37,1685.0,828.0,1724.0,894.0,5454,0,0,1,Pedestrian
37,1685.0,828.0,1724.0,894.0,5455,0,0,1,Pedestrian
37,1683.0,828.0,1721.0,894.0,5456,0,0,1,Pedestrian
37,1683.0,828.0,1721.0,894.0,5457,0,0,1,Pedestrian
37,1683.0,828.0,1721.0,894.0,5458,0,0,1,Pedestrian
37,1680.0,828.0,1718.0,894.0,5459,0,0,1,Pedestrian
37,1680.0,828.0,1718.0,894.0,5460,0,0,1,Pedestrian
37,1680.0,828.0,1718.0,894.0,5461,0,0,1,Pedestrian
37,1677.0,828.0,1716.0,894.0,5462,0,0,1,Pedestrian
37,1677.0,828.0,1716.0,894.0,5463,0,0,1,Pedestrian
37,1674.0,828.0,1713.0,894.0,5464,0,0,1,Pedestrian
37,1674.0,828.0,1713.0,894.0,5465,0,0,1,Pedestrian
37,1674.0,828.0,1713.0,894.0,5466,0,0,1,Pedestrian
37,1672.0,826.0,1710.0,892.0,5467,0,0,1,Pedestrian
37,1672.0,826.0,1710.0,892.0,5468,0,0,1,Pedestrian
37,1672.0,826.0,1710.0,892.0,5469,0,0,1,Pedestrian
37,1669.0,826.0,1707.0,892.0,5470,0,0,1,Pedestrian
37,1669.0,826.0,1707.0,892.0,5471,0,0,1,Pedestrian
37,1669.0,826.0,1707.0,892.0,5472,0,0,1,Pedestrian
37,1666.0,826.0,1705.0,892.0,5473,0,0,1,Pedestrian
37,1666.0,826.0,1705.0,892.0,5474,0,0,1,Pedestrian
37,1666.0,826.0,1705.0,892.0,5475,0,0,1,Pedestrian
37,1663.0,826.0,1702.0,892.0,5476,0,0,1,Pedestrian
37,1663.0,826.0,1702.0,892.0,5477,0,0,1,Pedestrian
37,1661.0,826.0,1699.0,892.0,5478,0,0,1,Pedestrian
37,1661.0,826.0,1699.0,892.0,5479,0,0,1,Pedestrian
37,1661.0,826.0,1699.0,892.0,5480,0,0,1,Pedestrian
37,1658.0,826.0,1696.0,892.0,5481,0,0,1,Pedestrian
37,1658.0,826.0,1696.0,892.0,5482,0,0,1,Pedestrian
37,1658.0,826.0,1696.0,892.0,5483,0,0,1,Pedestrian
37,1655.0,824.0,1694.0,890.0,5484,0,0,1,Pedestrian
37,1655.0,824.0,1694.0,890.0,5485,0,0,1,Pedestrian
37,1655.0,824.0,1694.0,890.0,5486,0,0,1,Pedestrian
37,1652.0,824.0,1691.0,890.0,5487,0,0,1,Pedestrian
37,1652.0,824.0,1691.0,890.0,5488,0,0,1,Pedestrian
37,1650.0,824.0,1688.0,890.0,5489,0,0,1,Pedestrian
37,1650.0,824.0,1688.0,890.0,5490,0,0,1,Pedestrian
37,1650.0,824.0,1688.0,890.0,5491,0,0,1,Pedestrian
37,1647.0,824.0,1685.0,890.0,5492,0,0,1,Pedestrian
37,1647.0,824.0,1685.0,890.0,5493,0,0,1,Pedestrian
37,1647.0,824.0,1685.0,890.0,5494,0,0,1,Pedestrian
37,1644.0,824.0,1683.0,890.0,5495,0,0,1,Pedestrian
37,1644.0,824.0,1683.0,890.0,5496,0,0,1,Pedestrian
37,1644.0,824.0,1683.0,890.0,5497,0,0,1,Pedestrian
37,1641.0,824.0,1680.0,890.0,5498,0,0,1,Pedestrian
37,1641.0,824.0,1680.0,890.0,5499,0,0,1,Pedestrian
37,1641.0,824.0,1680.0,890.0,5500,0,0,0,Pedestrian
37,1639.0,824.0,1677.0,888.0,5501,0,0,1,Pedestrian
37,1636.0,824.0,1677.0,888.0,5502,0,0,1,Pedestrian
37,1636.0,824.0,1674.0,888.0,5503,0,0,1,Pedestrian
37,1633.0,824.0,1674.0,888.0,5504,0,0,1,Pedestrian
37,1630.0,824.0,1672.0,888.0,5505,0,0,1,Pedestrian
37,1630.0,824.0,1672.0,888.0,5506,0,0,1,Pedestrian
37,1628.0,826.0,1669.0,888.0,5507,0,0,1,Pedestrian
37,1625.0,826.0,1669.0,888.0,5508,0,0,1,Pedestrian
37,1625.0,826.0,1666.0,888.0,5509,0,0,1,Pedestrian
37,1622.0,826.0,1666.0,888.0,5510,0,0,1,Pedestrian
37,1619.0,826.0,1663.0,888.0,5511,0,0,1,Pedestrian
37,1619.0,826.0,1663.0,888.0,5512,0,0,1,Pedestrian
37,1617.0,828.0,1661.0,888.0,5513,0,0,1,Pedestrian
37,1614.0,828.0,1661.0,888.0,5514,0,0,1,Pedestrian
37,1614.0,828.0,1658.0,888.0,5515,0,0,1,Pedestrian
37,1611.0,828.0,1658.0,888.0,5516,0,0,1,Pedestrian
37,1608.0,828.0,1655.0,888.0,5517,0,0,1,Pedestrian
37,1608.0,828.0,1655.0,888.0,5518,0,0,1,Pedestrian
37,1606.0,831.0,1655.0,888.0,5519,0,0,1,Pedestrian
37,1606.0,831.0,1652.0,888.0,5520,0,0,1,Pedestrian
37,1603.0,831.0,1652.0,888.0,5521,0,0,1,Pedestrian
37,1600.0,831.0,1650.0,888.0,5522,0,0,1,Pedestrian
37,1600.0,831.0,1650.0,888.0,5523,0,0,1,Pedestrian
37,1597.0,831.0,1647.0,888.0,5524,0,0,1,Pedestrian
37,1595.0,831.0,1647.0,888.0,5525,0,0,1,Pedestrian
37,1595.0,833.0,1644.0,888.0,5526,0,0,1,Pedestrian
37,1592.0,833.0,1644.0,888.0,5527,0,0,1,Pedestrian
37,1589.0,833.0,1641.0,888.0,5528,0,0,1,Pedestrian
37,1589.0,833.0,1641.0,885.0,5529,0,0,1,Pedestrian
37,1586.0,833.0,1639.0,885.0,5530,0,0,1,Pedestrian
37,1584.0,833.0,1639.0,885.0,5531,0,0,1,Pedestrian
37,1584.0,835.0,1636.0,885.0,5532,0,0,1,Pedestrian
37,1581.0,835.0,1636.0,885.0,5533,0,0,1,Pedestrian
37,1578.0,835.0,1633.0,885.0,5534,0,0,1,Pedestrian
37,1578.0,835.0,1633.0,885.0,5535,0,0,1,Pedestrian
37,1575.0,835.0,1630.0,885.0,5536,0,0,1,Pedestrian
37,1573.0,835.0,1630.0,885.0,5537,0,0,1,Pedestrian
37,1573.0,837.0,1630.0,885.0,5538,0,0,1,Pedestrian
37,1570.0,837.0,1628.0,885.0,5539,0,0,1,Pedestrian
37,1570.0,837.0,1628.0,885.0,5540,0,0,1,Pedestrian
37,1567.0,837.0,1625.0,885.0,5541,0,0,1,Pedestrian
37,1564.0,837.0,1625.0,885.0,5542,0,0,1,Pedestrian
37,1564.0,837.0,1622.0,885.0,5543,0,0,1,Pedestrian
37,1562.0,837.0,1622.0,885.0,5544,0,0,1,Pedestrian
37,1559.0,840.0,1619.0,885.0,5545,0,0,1,Pedestrian
37,1559.0,840.0,1619.0,885.0,5546,0,0,1,Pedestrian
37,1556.0,840.0,1617.0,885.0,5547,0,0,1,Pedestrian
37,1553.0,840.0,1617.0,885.0,5548,0,0,1,Pedestrian
37,1553.0,840.0,1614.0,885.0,5549,0,0,1,Pedestrian
37,1551.0,840.0,1614.0,885.0,5550,0,0,1,Pedestrian
37,1548.0,842.0,1611.0,885.0,5551,0,0,1,Pedestrian
37,1548.0,842.0,1611.0,885.0,5552,0,0,1,Pedestrian
37,1545.0,842.0,1608.0,885.0,5553,0,0,1,Pedestrian
37,1542.0,842.0,1608.0,885.0,5554,0,0,1,Pedestrian
37,1542.0,842.0,1606.0,885.0,5555,0,0,1,Pedestrian
37,1540.0,842.0,1606.0,885.0,5556,0,0,1,Pedestrian
37,1540.0,844.0,1606.0,885.0,5557,0,0,0,Pedestrian
37,1537.0,844.0,1603.0,885.0,5558,0,0,1,Pedestrian
37,1534.0,844.0,1600.0,885.0,5559,0,0,1,Pedestrian
37,1531.0,844.0,1597.0,885.0,5560,0,0,1,Pedestrian
37,1531.0,844.0,1597.0,885.0,5561,0,0,1,Pedestrian
37,1529.0,844.0,1595.0,885.0,5562,0,0,1,Pedestrian
37,1526.0,844.0,1592.0,885.0,5563,0,0,1,Pedestrian
37,1526.0,844.0,1592.0,885.0,5564,0,0,1,Pedestrian
37,1523.0,844.0,1589.0,885.0,5565,0,0,1,Pedestrian
37,1520.0,844.0,1586.0,885.0,5566,0,0,1,Pedestrian
37,1520.0,844.0,1586.0,885.0,5567,0,0,1,Pedestrian
37,1518.0,844.0,1584.0,885.0,5568,0,0,1,Pedestrian
37,1515.0,844.0,1581.0,885.0,5569,0,0,1,Pedestrian
37,1515.0,844.0,1581.0,885.0,5570,0,0,1,Pedestrian
37,1512.0,844.0,1578.0,885.0,5571,0,0,1,Pedestrian
37,1509.0,844.0,1575.0,885.0,5572,0,0,1,Pedestrian
37,1509.0,844.0,1575.0,885.0,5573,0,0,1,Pedestrian
37,1507.0,844.0,1573.0,885.0,5574,0,0,1,Pedestrian
37,1504.0,844.0,1570.0,885.0,5575,0,0,1,Pedestrian
37,1504.0,844.0,1570.0,885.0,5576,0,0,1,Pedestrian
37,1501.0,844.0,1567.0,885.0,5577,0,0,1,Pedestrian
37,1498.0,844.0,1564.0,885.0,5578,0,0,1,Pedestrian
37,1498.0,844.0,1564.0,885.0,5579,0,0,1,Pedestrian
37,1496.0,844.0,1562.0,885.0,5580,0,0,1,Pedestrian
37,1493.0,844.0,1559.0,885.0,5581,0,0,1,Pedestrian
37,1493.0,844.0,1559.0,885.0,5582,0,0,1,Pedestrian
37,1490.0,844.0,1556.0,885.0,5583,0,0,1,Pedestrian
37,1487.0,844.0,1553.0,885.0,5584,0,0,1,Pedestrian
37,1485.0,844.0,1551.0,885.0,5585,0,0,1,Pedestrian
37,1485.0,844.0,1551.0,885.0,5586,0,0,1,Pedestrian
37,1482.0,844.0,1548.0,885.0,5587,0,0,1,Pedestrian
37,1479.0,844.0,1545.0,885.0,5588,0,0,1,Pedestrian
37,1479.0,844.0,1545.0,885.0,5589,0,0,1,Pedestrian
37,1476.0,844.0,1542.0,885.0,5590,0,0,1,Pedestrian
37,1474.0,844.0,1540.0,885.0,5591,0,0,1,Pedestrian
37,1474.0,844.0,1540.0,885.0,5592,0,0,1,Pedestrian
37,1471.0,844.0,1537.0,885.0,5593,0,0,1,Pedestrian
37,1468.0,844.0,1534.0,885.0,5594,0,0,1,Pedestrian
37,1468.0,844.0,1534.0,885.0,5595,0,0,1,Pedestrian
37,1465.0,844.0,1531.0,885.0,5596,0,0,1,Pedestrian
37,1463.0,844.0,1529.0,885.0,5597,0,0,1,Pedestrian
37,1463.0,844.0,1529.0,885.0,5598,0,0,1,Pedestrian
37,1460.0,844.0,1526.0,885.0,5599,0,0,1,Pedestrian
37,1457.0,844.0,1523.0,885.0,5600,0,0,1,Pedestrian
37,1457.0,844.0,1523.0,885.0,5601,0,0,1,Pedestrian
37,1454.0,844.0,1520.0,885.0,5602,0,0,1,Pedestrian
37,1452.0,844.0,1518.0,885.0,5603,0,0,1,Pedestrian
37,1452.0,844.0,1518.0,885.0,5604,0,0,1,Pedestrian
37,1449.0,844.0,1515.0,885.0,5605,0,0,1,Pedestrian
37,1446.0,844.0,1512.0,885.0,5606,0,0,1,Pedestrian
37,1446.0,844.0,1512.0,885.0,5607,0,0,1,Pedestrian
37,1443.0,844.0,1509.0,885.0,5608,0,0,1,Pedestrian
37,1441.0,844.0,1507.0,885.0,5609,0,0,1,Pedestrian
37,1441.0,844.0,1507.0,885.0,5610,0,0,0,Pedestrian
37,1438.0,844.0,1504.0,885.0,5611,0,0,1,Pedestrian
37,1438.0,844.0,1504.0,885.0,5612,0,0,1,Pedestrian
37,1435.0,844.0,1501.0,885.0,5613,0,0,1,Pedestrian
37,1435.0,844.0,1501.0,885.0,5614,0,0,1,Pedestrian
37,1432.0,844.0,1498.0,885.0,5615,0,0,1,Pedestrian
37,1432.0,844.0,1498.0,885.0,5616,0,0,1,Pedestrian
37,1430.0,844.0,1496.0,885.0,5617,0,0,1,Pedestrian
37,1430.0,844.0,1496.0,885.0,5618,0,0,1,Pedestrian
37,1427.0,844.0,1493.0,885.0,5619,0,0,1,Pedestrian
37,1427.0,844.0,1493.0,885.0,5620,0,0,1,Pedestrian
37,1424.0,844.0,1490.0,885.0,5621,0,0,1,Pedestrian
37,1424.0,844.0,1490.0,885.0,5622,0,0,1,Pedestrian
37,1421.0,844.0,1487.0,885.0,5623,0,0,1,Pedestrian
37,1421.0,844.0,1487.0,885.0,5624,0,0,1,Pedestrian
37,1419.0,844.0,1485.0,885.0,5625,0,0,1,Pedestrian
37,1419.0,844.0,1485.0,885.0,5626,0,0,1,Pedestrian
37,1416.0,844.0,1482.0,885.0,5627,0,0,1,Pedestrian
37,1416.0,844.0,1482.0,885.0,5628,0,0,1,Pedestrian
37,1413.0,844.0,1479.0,885.0,5629,0,0,1,Pedestrian
37,1413.0,844.0,1479.0,885.0,5630,0,0,1,Pedestrian
37,1410.0,844.0,1476.0,885.0,5631,0,0,1,Pedestrian
37,1410.0,844.0,1476.0,885.0,5632,0,0,1,Pedestrian
37,1408.0,844.0,1474.0,885.0,5633,0,0,1,Pedestrian
37,1408.0,844.0,1474.0,885.0,5634,0,0,1,Pedestrian
37,1405.0,844.0,1471.0,885.0,5635,0,0,1,Pedestrian
37,1405.0,844.0,1471.0,885.0,5636,0,0,1,Pedestrian
37,1402.0,844.0,1468.0,885.0,5637,0,0,1,Pedestrian
37,1402.0,844.0,1468.0,885.0,5638,0,0,1,Pedestrian
37,1399.0,844.0,1465.0,885.0,5639,0,0,1,Pedestrian
37,1399.0,844.0,1465.0,885.0,5640,0,0,1,Pedestrian
37,1397.0,844.0,1463.0,885.0,5641,0,0,1,Pedestrian
37,1397.0,844.0,1463.0,885.0,5642,0,0,1,Pedestrian
37,1394.0,844.0,1460.0,885.0,5643,0,0,1,Pedestrian
37,1394.0,844.0,1460.0,885.0,5644,0,0,1,Pedestrian
37,1391.0,844.0,1457.0,885.0,5645,0,0,1,Pedestrian
37,1391.0,844.0,1457.0,885.0,5646,0,0,1,Pedestrian
37,1388.0,844.0,1454.0,885.0,5647,0,0,1,Pedestrian
37,1388.0,844.0,1454.0,885.0,5648,0,0,1,Pedestrian
37,1386.0,844.0,1452.0,885.0,5649,0,0,1,Pedestrian
37,1386.0,844.0,1452.0,885.0,5650,0,0,1,Pedestrian
37,1383.0,844.0,1449.0,885.0,5651,0,0,1,Pedestrian
37,1383.0,844.0,1449.0,885.0,5652,0,0,1,Pedestrian
37,1380.0,844.0,1446.0,885.0,5653,0,0,1,Pedestrian
37,1380.0,844.0,1446.0,885.0,5654,0,0,1,Pedestrian
37,1377.0,844.0,1443.0,885.0,5655,0,0,1,Pedestrian
37,1377.0,844.0,1443.0,885.0,5656,0,0,1,Pedestrian
37,1377.0,847.0,1443.0,888.0,5657,0,0,0,Pedestrian
37,1375.0,844.0,1441.0,885.0,5658,0,0,1,Pedestrian
37,1372.0,844.0,1438.0,885.0,5659,0,0,1,Pedestrian
37,1372.0,844.0,1438.0,885.0,5660,0,0,1,Pedestrian
37,1369.0,844.0,1435.0,885.0,5661,0,0,1,Pedestrian
37,1366.0,844.0,1432.0,885.0,5662,0,0,1,Pedestrian
37,1366.0,844.0,1432.0,885.0,5663,0,0,1,Pedestrian
37,1364.0,844.0,1430.0,885.0,5664,0,0,1,Pedestrian
37,1361.0,844.0,1427.0,885.0,5665,0,0,1,Pedestrian
37,1361.0,844.0,1427.0,885.0,5666,0,0,1,Pedestrian
37,1358.0,844.0,1424.0,885.0,5667,0,0,1,Pedestrian
37,1355.0,844.0,1421.0,885.0,5668,0,0,1,Pedestrian
37,1355.0,844.0,1421.0,885.0,5669,0,0,1,Pedestrian
37,1353.0,844.0,1419.0,885.0,5670,0,0,1,Pedestrian
37,1350.0,844.0,1416.0,885.0,5671,0,0,1,Pedestrian
37,1350.0,844.0,1416.0,885.0,5672,0,0,1,Pedestrian
37,1347.0,844.0,1413.0,885.0,5673,0,0,1,Pedestrian
37,1344.0,844.0,1410.0,885.0,5674,0,0,1,Pedestrian
37,1344.0,844.0,1410.0,885.0,5675,0,0,1,Pedestrian
37,1342.0,844.0,1408.0,885.0,5676,0,0,1,Pedestrian
37,1339.0,844.0,1405.0,885.0,5677,0,0,1,Pedestrian
37,1339.0,844.0,1405.0,885.0,5678,0,0,1,Pedestrian
37,1336.0,844.0,1402.0,885.0,5679,0,0,1,Pedestrian
37,1333.0,844.0,1399.0,885.0,5680,0,0,1,Pedestrian
37,1333.0,844.0,1399.0,885.0,5681,0,0,1,Pedestrian
37,1331.0,844.0,1397.0,885.0,5682,0,0,1,Pedestrian
37,1328.0,844.0,1394.0,885.0,5683,0,0,1,Pedestrian
37,1328.0,844.0,1394.0,885.0,5684,0,0,1,Pedestrian
37,1325.0,844.0,1391.0,885.0,5685,0,0,1,Pedestrian
37,1322.0,844.0,1388.0,885.0,5686,0,0,1,Pedestrian
37,1322.0,844.0,1388.0,885.0,5687,0,0,1,Pedestrian
37,1320.0,842.0,1386.0,883.0,5688,0,0,1,Pedestrian
37,1317.0,842.0,1383.0,883.0,5689,0,0,1,Pedestrian
37,1317.0,842.0,1383.0,883.0,5690,0,0,1,Pedestrian
37,1314.0,842.0,1380.0,883.0,5691,0,0,1,Pedestrian
37,1311.0,842.0,1377.0,883.0,5692,0,0,1,Pedestrian
37,1311.0,842.0,1377.0,883.0,5693,0,0,1,Pedestrian
37,1309.0,842.0,1375.0,883.0,5694,0,0,1,Pedestrian
37,1306.0,842.0,1372.0,883.0,5695,0,0,1,Pedestrian
37,1306.0,842.0,1372.0,883.0,5696,0,0,1,Pedestrian
37,1303.0,842.0,1369.0,883.0,5697,0,0,1,Pedestrian
37,1300.0,842.0,1366.0,883.0,5698,0,0,1,Pedestrian
37,1300.0,842.0,1366.0,883.0,5699,0,0,1,Pedestrian
37,1298.0,842.0,1364.0,883.0,5700,0,0,1,Pedestrian
37,1295.0,842.0,1361.0,883.0,5701,0,0,1,Pedestrian
37,1295.0,842.0,1361.0,883.0,5702,0,0,1,Pedestrian
37,1292.0,842.0,1358.0,883.0,5703,0,0,1,Pedestrian
37,1292.0,842.0,1358.0,883.0,5704,0,0,1,Pedestrian
37,1289.0,842.0,1355.0,883.0,5705,0,0,1,Pedestrian
37,1287.0,842.0,1353.0,883.0,5706,0,0,1,Pedestrian
37,1287.0,842.0,1353.0,883.0,5707,0,0,1,Pedestrian
37,1284.0,842.0,1350.0,883.0,5708,0,0,1,Pedestrian
37,1281.0,842.0,1347.0,883.0,5709,0,0,1,Pedestrian
37,1281.0,842.0,1347.0,883.0,5710,0,0,1,Pedestrian
37,1278.0,842.0,1344.0,883.0,5711,0,0,1,Pedestrian
37,1276.0,842.0,1342.0,883.0,5712,0,0,1,Pedestrian
37,1276.0,842.0,1342.0,883.0,5713,0,0,1,Pedestrian
37,1273.0,842.0,1339.0,883.0,5714,0,0,1,Pedestrian
37,1270.0,842.0,1336.0,883.0,5715,0,0,1,Pedestrian
37,1270.0,842.0,1336.0,883.0,5716,0,0,1,Pedestrian
37,1267.0,842.0,1333.0,883.0,5717,0,0,1,Pedestrian
37,1265.0,840.0,1331.0,881.0,5718,0,0,1,Pedestrian
37,1265.0,840.0,1331.0,881.0,5719,0,0,1,Pedestrian
37,1262.0,840.0,1328.0,881.0,5720,0,0,1,Pedestrian
37,1259.0,840.0,1325.0,881.0,5721,0,0,1,Pedestrian
37,1259.0,840.0,1325.0,881.0,5722,0,0,1,Pedestrian
37,1256.0,840.0,1322.0,881.0,5723,0,0,1,Pedestrian
37,1254.0,840.0,1320.0,881.0,5724,0,0,1,Pedestrian
37,1254.0,840.0,1320.0,881.0,5725,0,0,1,Pedestrian
37,1251.0,840.0,1317.0,881.0,5726,0,0,1,Pedestrian
37,1248.0,840.0,1314.0,881.0,5727,0,0,1,Pedestrian
37,1248.0,840.0,1314.0,881.0,5728,0,0,1,Pedestrian
37,1245.0,840.0,1311.0,881.0,5729,0,0,1,Pedestrian
37,1243.0,840.0,1309.0,881.0,5730,0,0,1,Pedestrian
37,1243.0,840.0,1309.0,881.0,5731,0,0,1,Pedestrian
37,1240.0,840.0,1306.0,881.0,5732,0,0,1,Pedestrian
37,1237.0,840.0,1303.0,881.0,5733,0,0,1,Pedestrian
37,1237.0,840.0,1303.0,881.0,5734,0,0,1,Pedestrian
37,1234.0,840.0,1300.0,881.0,5735,0,0,1,Pedestrian
37,1232.0,840.0,1298.0,881.0,5736,0,0,1,Pedestrian
37,1232.0,840.0,1298.0,881.0,5737,0,0,1,Pedestrian
37,1229.0,840.0,1295.0,881.0,5738,0,0,1,Pedestrian
37,1226.0,840.0,1292.0,881.0,5739,0,0,1,Pedestrian
37,1226.0,840.0,1292.0,881.0,5740,0,0,1,Pedestrian
37,1223.0,840.0,1289.0,881.0,5741,0,0,1,Pedestrian
37,1221.0,840.0,1287.0,881.0,5742,0,0,1,Pedestrian
37,1221.0,840.0,1287.0,881.0,5743,0,0,1,Pedestrian
37,1218.0,840.0,1284.0,881.0,5744,0,0,1,Pedestrian
37,1215.0,840.0,1281.0,881.0,5745,0,0,1,Pedestrian
37,1215.0,840.0,1281.0,881.0,5746,0,0,1,Pedestrian
37,1212.0,840.0,1278.0,881.0,5747,0,0,1,Pedestrian
37,1212.0,840.0,1278.0,881.0,5748,0,0,0,Pedestrian
37,1210.0,840.0,1276.0,881.0,5749,0,0,1,Pedestrian
37,1207.0,840.0,1273.0,881.0,5750,0,0,1,Pedestrian
37,1207.0,840.0,1273.0,881.0,5751,0,0,1,Pedestrian
37,1204.0,840.0,1270.0,881.0,5752,0,0,1,Pedestrian
37,1204.0,840.0,1270.0,881.0,5753,0,0,1,Pedestrian
37,1201.0,840.0,1267.0,881.0,5754,0,0,1,Pedestrian
37,1201.0,840.0,1267.0,881.0,5755,0,0,1,Pedestrian
37,1199.0,840.0,1265.0,881.0,5756,0,0,1,Pedestrian
37,1196.0,840.0,1262.0,881.0,5757,0,0,1,Pedestrian
37,1196.0,840.0,1262.0,881.0,5758,0,0,1,Pedestrian
37,1193.0,840.0,1259.0,881.0,5759,0,0,1,Pedestrian
37,1193.0,840.0,1259.0,881.0,5760,0,0,1,Pedestrian
37,1190.0,840.0,1256.0,881.0,5761,0,0,1,Pedestrian
37,1190.0,840.0,1256.0,881.0,5762,0,0,1,Pedestrian
37,1188.0,840.0,1254.0,881.0,5763,0,0,1,Pedestrian
37,1188.0,840.0,1254.0,881.0,5764,0,0,1,Pedestrian
37,1185.0,840.0,1251.0,881.0,5765,0,0,1,Pedestrian
37,1182.0,840.0,1248.0,881.0,5766,0,0,1,Pedestrian
37,1182.0,840.0,1248.0,881.0,5767,0,0,1,Pedestrian
37,1179.0,840.0,1245.0,881.0,5768,0,0,1,Pedestrian
37,1179.0,840.0,1245.0,881.0,5769,0,0,1,Pedestrian
37,1177.0,840.0,1243.0,881.0,5770,0,0,1,Pedestrian
37,1177.0,840.0,1243.0,881.0,5771,0,0,1,Pedestrian
37,1174.0,842.0,1240.0,883.0,5772,0,0,1,Pedestrian
37,1174.0,842.0,1240.0,883.0,5773,0,0,1,Pedestrian
37,1171.0,842.0,1237.0,883.0,5774,0,0,1,Pedestrian
37,1168.0,842.0,1234.0,883.0,5775,0,0,1,Pedestrian
37,1168.0,842.0,1234.0,883.0,5776,0,0,1,Pedestrian
37,1166.0,842.0,1232.0,883.0,5777,0,0,1,Pedestrian
37,1166.0,842.0,1232.0,883.0,5778,0,0,1,Pedestrian
37,1163.0,842.0,1229.0,883.0,5779,0,0,1,Pedestrian
37,1163.0,842.0,1229.0,883.0,5780,0,0,1,Pedestrian
37,1160.0,842.0,1226.0,883.0,5781,0,0,1,Pedestrian
37,1160.0,842.0,1226.0,883.0,5782,0,0,1,Pedestrian
37,1157.0,842.0,1223.0,883.0,5783,0,0,1,Pedestrian
37,1155.0,842.0,1221.0,883.0,5784,0,0,1,Pedestrian
37,1155.0,842.0,1221.0,883.0,5785,0,0,1,Pedestrian
37,1152.0,842.0,1218.0,883.0,5786,0,0,1,Pedestrian
37,1152.0,842.0,1218.0,883.0,5787,0,0,1,Pedestrian
37,1149.0,842.0,1215.0,883.0,5788,0,0,1,Pedestrian
37,1149.0,842.0,1215.0,883.0,5789,0,0,1,Pedestrian
37,1146.0,842.0,1212.0,883.0,5790,0,0,1,Pedestrian
37,1146.0,842.0,1212.0,883.0,5791,0,0,1,Pedestrian
37,1144.0,842.0,1210.0,883.0,5792,0,0,1,Pedestrian
37,1141.0,842.0,1207.0,883.0,5793,0,0,1,Pedestrian
37,1141.0,842.0,1207.0,883.0,5794,0,0,1,Pedestrian
37,1138.0,844.0,1204.0,885.0,5795,0,0,1,Pedestrian
37,1138.0,844.0,1204.0,885.0,5796,0,0,1,Pedestrian
37,1135.0,844.0,1201.0,885.0,5797,0,0,1,Pedestrian
37,1135.0,844.0,1201.0,885.0,5798,0,0,1,Pedestrian
37,1133.0,844.0,1199.0,885.0,5799,0,0,1,Pedestrian
37,1133.0,844.0,1199.0,885.0,5800,0,0,1,Pedestrian
37,1130.0,844.0,1196.0,885.0,5801,0,0,1,Pedestrian
37,1127.0,844.0,1193.0,885.0,5802,0,0,1,Pedestrian
37,1127.0,844.0,1193.0,885.0,5803,0,0,1,Pedestrian
37,1124.0,844.0,1190.0,885.0,5804,0,0,1,Pedestrian
37,1124.0,844.0,1190.0,885.0,5805,0,0,1,Pedestrian
37,1122.0,844.0,1188.0,885.0,5806,0,0,1,Pedestrian
37,1122.0,844.0,1188.0,885.0,5807,0,0,1,Pedestrian
37,1119.0,844.0,1185.0,885.0,5808,0,0,1,Pedestrian
37,1119.0,844.0,1185.0,885.0,5809,0,0,1,Pedestrian
37,1116.0,844.0,1182.0,885.0,5810,0,0,1,Pedestrian
37,1113.0,844.0,1179.0,885.0,5811,0,0,1,Pedestrian
37,1113.0,844.0,1179.0,885.0,5812,0,0,1,Pedestrian
37,1111.0,844.0,1177.0,885.0,5813,0,0,1,Pedestrian
37,1111.0,844.0,1177.0,885.0,5814,0,0,1,Pedestrian
37,1108.0,844.0,1174.0,885.0,5815,0,0,1,Pedestrian
37,1108.0,844.0,1174.0,885.0,5816,0,0,1,Pedestrian
37,1105.0,844.0,1171.0,885.0,5817,0,0,1,Pedestrian
37,1105.0,847.0,1171.0,888.0,5818,0,0,0,Pedestrian
37,1102.0,847.0,1168.0,888.0,5819,0,0,1,Pedestrian
37,1100.0,847.0,1166.0,888.0,5820,0,0,1,Pedestrian
37,1100.0,847.0,1166.0,888.0,5821,0,0,1,Pedestrian
37,1097.0,847.0,1163.0,888.0,5822,0,0,1,Pedestrian
37,1097.0,847.0,1163.0,888.0,5823,0,0,1,Pedestrian
37,1094.0,847.0,1160.0,888.0,5824,0,0,1,Pedestrian
37,1094.0,847.0,1160.0,888.0,5825,0,0,1,Pedestrian
37,1091.0,847.0,1157.0,888.0,5826,0,0,1,Pedestrian
37,1089.0,847.0,1155.0,888.0,5827,0,0,1,Pedestrian
37,1089.0,847.0,1155.0,888.0,5828,0,0,1,Pedestrian
37,1086.0,847.0,1152.0,888.0,5829,0,0,1,Pedestrian
37,1086.0,847.0,1152.0,888.0,5830,0,0,1,Pedestrian
37,1083.0,847.0,1149.0,888.0,5831,0,0,1,Pedestrian
37,1083.0,849.0,1149.0,890.0,5832,0,0,1,Pedestrian
37,1080.0,849.0,1146.0,890.0,5833,0,0,1,Pedestrian
37,1078.0,849.0,1144.0,890.0,5834,0,0,1,Pedestrian
37,1078.0,849.0,1144.0,890.0,5835,0,0,1,Pedestrian
37,1075.0,849.0,1141.0,890.0,5836,0,0,1,Pedestrian
37,1075.0,849.0,1141.0,890.0,5837,0,0,1,Pedestrian
37,1072.0,849.0,1138.0,890.0,5838,0,0,1,Pedestrian
37,1072.0,849.0,1138.0,890.0,5839,0,0,1,Pedestrian
37,1069.0,849.0,1135.0,890.0,5840,0,0,1,Pedestrian
37,1067.0,849.0,1133.0,890.0,5841,0,0,1,Pedestrian
37,1067.0,849.0,1133.0,890.0,5842,0,0,1,Pedestrian
37,1064.0,849.0,1130.0,890.0,5843,0,0,1,Pedestrian
37,1064.0,849.0,1130.0,890.0,5844,0,0,1,Pedestrian
37,1061.0,851.0,1127.0,892.0,5845,0,0,1,Pedestrian
37,1061.0,851.0,1127.0,892.0,5846,0,0,1,Pedestrian
37,1058.0,851.0,1124.0,892.0,5847,0,0,1,Pedestrian
37,1058.0,851.0,1124.0,892.0,5848,0,0,1,Pedestrian
37,1056.0,851.0,1122.0,892.0,5849,0,0,1,Pedestrian
37,1053.0,851.0,1119.0,892.0,5850,0,0,1,Pedestrian
37,1053.0,851.0,1119.0,892.0,5851,0,0,1,Pedestrian
37,1050.0,851.0,1116.0,892.0,5852,0,0,1,Pedestrian
37,1050.0,851.0,1116.0,892.0,5853,0,0,1,Pedestrian
37,1047.0,851.0,1113.0,892.0,5854,0,0,1,Pedestrian
37,1047.0,851.0,1113.0,892.0,5855,0,0,1,Pedestrian
37,1045.0,851.0,1111.0,892.0,5856,0,0,1,Pedestrian
37,1042.0,851.0,1108.0,892.0,5857,0,0,1,Pedestrian
37,1042.0,853.0,1108.0,894.0,5858,0,0,1,Pedestrian
37,1039.0,853.0,1105.0,894.0,5859,0,0,1,Pedestrian
37,1039.0,853.0,1105.0,894.0,5860,0,0,1,Pedestrian
37,1036.0,853.0,1102.0,894.0,5861,0,0,1,Pedestrian
37,1036.0,853.0,1102.0,894.0,5862,0,0,1,Pedestrian
37,1034.0,853.0,1100.0,894.0,5863,0,0,1,Pedestrian
37,1031.0,853.0,1097.0,894.0,5864,0,0,1,Pedestrian
37,1031.0,853.0,1097.0,894.0,5865,0,0,1,Pedestrian
37,1028.0,853.0,1094.0,894.0,5866,0,0,1,Pedestrian
37,1028.0,853.0,1094.0,894.0,5867,0,0,1,Pedestrian
37,1025.0,853.0,1091.0,894.0,5868,0,0,1,Pedestrian
37,1025.0,853.0,1091.0,894.0,5869,0,0,1,Pedestrian
37,1023.0,853.0,1089.0,894.0,5870,0,0,1,Pedestrian
37,1023.0,856.0,1089.0,897.0,5871,0,0,0,Pedestrian
37,1020.0,856.0,1086.0,897.0,5872,0,0,1,Pedestrian
37,1017.0,856.0,1083.0,897.0,5873,0,0,1,Pedestrian
37,1017.0,856.0,1083.0,897.0,5874,0,0,1,Pedestrian
37,1014.0,856.0,1080.0,897.0,5875,0,0,1,Pedestrian
37,1012.0,856.0,1078.0,897.0,5876,0,0,1,Pedestrian
37,1012.0,856.0,1078.0,897.0,5877,0,0,1,Pedestrian
37,1009.0,856.0,1075.0,897.0,5878,0,0,1,Pedestrian
37,1009.0,856.0,1075.0,897.0,5879,0,0,1,Pedestrian
37,1006.0,856.0,1072.0,897.0,5880,0,0,1,Pedestrian
37,1003.0,856.0,1069.0,897.0,5881,0,0,1,Pedestrian
37,1003.0,856.0,1069.0,897.0,5882,0,0,1,Pedestrian
37,1001.0,856.0,1067.0,897.0,5883,0,0,1,Pedestrian
37,998.0,856.0,1064.0,897.0,5884,0,0,1,Pedestrian
37,998.0,856.0,1064.0,897.0,5885,0,0,1,Pedestrian
37,995.0,856.0,1061.0,897.0,5886,0,0,1,Pedestrian
37,995.0,856.0,1061.0,897.0,5887,0,0,1,Pedestrian
37,992.0,856.0,1058.0,897.0,5888,0,0,1,Pedestrian
37,990.0,856.0,1056.0,897.0,5889,0,0,1,Pedestrian
37,990.0,858.0,1056.0,899.0,5890,0,0,1,Pedestrian
37,987.0,858.0,1053.0,899.0,5891,0,0,1,Pedestrian
37,984.0,858.0,1050.0,899.0,5892,0,0,1,Pedestrian
37,984.0,858.0,1050.0,899.0,5893,0,0,1,Pedestrian
37,981.0,858.0,1047.0,899.0,5894,0,0,1,Pedestrian
37,981.0,858.0,1047.0,899.0,5895,0,0,1,Pedestrian
37,979.0,858.0,1045.0,899.0,5896,0,0,1,Pedestrian
37,976.0,858.0,1042.0,899.0,5897,0,0,1,Pedestrian
37,976.0,858.0,1042.0,899.0,5898,0,0,1,Pedestrian
37,973.0,858.0,1039.0,899.0,5899,0,0,1,Pedestrian
37,970.0,858.0,1036.0,899.0,5900,0,0,1,Pedestrian
37,970.0,858.0,1036.0,899.0,5901,0,0,1,Pedestrian
37,968.0,858.0,1034.0,899.0,5902,0,0,1,Pedestrian
37,968.0,858.0,1034.0,899.0,5903,0,0,1,Pedestrian
37,965.0,858.0,1031.0,899.0,5904,0,0,1,Pedestrian
37,962.0,858.0,1028.0,899.0,5905,0,0,1,Pedestrian
37,962.0,858.0,1028.0,899.0,5906,0,0,1,Pedestrian
37,959.0,858.0,1025.0,899.0,5907,0,0,1,Pedestrian
37,959.0,860.0,1025.0,901.0,5908,0,0,1,Pedestrian
37,957.0,860.0,1023.0,901.0,5909,0,0,1,Pedestrian
37,954.0,860.0,1020.0,901.0,5910,0,0,1,Pedestrian
37,954.0,860.0,1020.0,901.0,5911,0,0,1,Pedestrian
37,951.0,860.0,1017.0,901.0,5912,0,0,1,Pedestrian
37,948.0,860.0,1014.0,901.0,5913,0,0,1,Pedestrian
37,948.0,860.0,1014.0,901.0,5914,0,0,1,Pedestrian
37,946.0,860.0,1012.0,901.0,5915,0,0,1,Pedestrian
37,946.0,860.0,1012.0,901.0,5916,0,0,1,Pedestrian
37,943.0,860.0,1009.0,901.0,5917,0,0,1,Pedestrian
37,940.0,860.0,1006.0,901.0,5918,0,0,1,Pedestrian
37,940.0,860.0,1006.0,901.0,5919,0,0,1,Pedestrian
37,937.0,860.0,1003.0,901.0,5920,0,0,1,Pedestrian
37,935.0,860.0,1001.0,901.0,5921,0,0,1,Pedestrian
37,935.0,860.0,1001.0,901.0,5922,0,0,1,Pedestrian
37,932.0,860.0,998.0,901.0,5923,0,0,1,Pedestrian
37,932.0,860.0,998.0,901.0,5924,0,0,1,Pedestrian
37,929.0,860.0,995.0,901.0,5925,0,0,1,Pedestrian
37,926.0,860.0,992.0,901.0,5926,0,0,1,Pedestrian
37,926.0,863.0,992.0,904.0,5927,0,0,1,Pedestrian
37,924.0,863.0,990.0,904.0,5928,0,0,1,Pedestrian
37,921.0,863.0,987.0,904.0,5929,0,0,1,Pedestrian
37,921.0,863.0,987.0,904.0,5930,0,0,1,Pedestrian
37,918.0,863.0,984.0,904.0,5931,0,0,1,Pedestrian
37,918.0,863.0,984.0,904.0,5932,0,0,1,Pedestrian
37,915.0,863.0,981.0,904.0,5933,0,0,1,Pedestrian
37,913.0,863.0,979.0,904.0,5934,0,0,1,Pedestrian
37,913.0,863.0,979.0,904.0,5935,0,0,1,Pedestrian
37,910.0,863.0,976.0,904.0,5936,0,0,1,Pedestrian
37,907.0,863.0,973.0,904.0,5937,0,0,1,Pedestrian
37,907.0,863.0,973.0,904.0,5938,0,0,1,Pedestrian
37,904.0,863.0,970.0,904.0,5939,0,0,1,Pedestrian
37,904.0,863.0,970.0,904.0,5940,0,0,1,Pedestrian
37,902.0,863.0,968.0,904.0,5941,0,0,1,Pedestrian
37,899.0,863.0,965.0,904.0,5942,0,0,1,Pedestrian
37,899.0,863.0,965.0,904.0,5943,0,0,1,Pedestrian
37,896.0,863.0,962.0,904.0,5944,0,0,1,Pedestrian
37,896.0,865.0,962.0,906.0,5945,0,0,0,Pedestrian
37,893.0,865.0,959.0,906.0,5946,0,0,1,Pedestrian
37,893.0,865.0,959.0,906.0,5947,0,0,1,Pedestrian
37,891.0,865.0,957.0,906.0,5948,0,0,1,Pedestrian
37,891.0,865.0,957.0,906.0,5949,0,0,1,Pedestrian
37,888.0,865.0,954.0,906.0,5950,0,0,1,Pedestrian
37,888.0,865.0,954.0,906.0,5951,0,0,1,Pedestrian
37,885.0,867.0,951.0,908.0,5952,0,0,1,Pedestrian
37,885.0,867.0,951.0,908.0,5953,0,0,1,Pedestrian
37,882.0,867.0,948.0,908.0,5954,0,0,1,Pedestrian
37,882.0,867.0,948.0,908.0,5955,0,0,1,Pedestrian
37,882.0,867.0,948.0,908.0,5956,0,0,1,Pedestrian
37,880.0,867.0,946.0,908.0,5957,0,0,1,Pedestrian
37,880.0,869.0,946.0,910.0,5958,0,0,1,Pedestrian
37,877.0,869.0,943.0,910.0,5959,0,0,1,Pedestrian
37,877.0,869.0,943.0,910.0,5960,0,0,1,Pedestrian
37,874.0,869.0,940.0,910.0,5961,0,0,1,Pedestrian
37,874.0,869.0,940.0,910.0,5962,0,0,1,Pedestrian
37,871.0,869.0,937.0,910.0,5963,0,0,1,Pedestrian
37,871.0,872.0,937.0,913.0,5964,0,0,1,Pedestrian
37,869.0,872.0,935.0,913.0,5965,0,0,1,Pedestrian
37,869.0,872.0,935.0,913.0,5966,0,0,1,Pedestrian
37,869.0,872.0,935.0,913.0,5967,0,0,1,Pedestrian
37,866.0,872.0,932.0,913.0,5968,0,0,1,Pedestrian
37,866.0,872.0,932.0,913.0,5969,0,0,1,Pedestrian
37,863.0,872.0,929.0,913.0,5970,0,0,1,Pedestrian
37,863.0,874.0,929.0,915.0,5971,0,0,1,Pedestrian
37,860.0,874.0,926.0,915.0,5972,0,0,1,Pedestrian
37,860.0,874.0,926.0,915.0,5973,0,0,1,Pedestrian
37,858.0,874.0,924.0,915.0,5974,0,0,1,Pedestrian
37,858.0,874.0,924.0,915.0,5975,0,0,1,Pedestrian
37,855.0,874.0,921.0,915.0,5976,0,0,1,Pedestrian
37,855.0,876.0,921.0,917.0,5977,0,0,1,Pedestrian
37,855.0,876.0,921.0,917.0,5978,0,0,1,Pedestrian
37,852.0,876.0,918.0,917.0,5979,0,0,1,Pedestrian
37,852.0,876.0,918.0,917.0,5980,0,0,1,Pedestrian
37,849.0,876.0,915.0,917.0,5981,0,0,1,Pedestrian
37,849.0,876.0,915.0,917.0,5982,0,0,1,Pedestrian
37,847.0,878.0,913.0,919.0,5983,0,0,1,Pedestrian
37,847.0,878.0,913.0,919.0,5984,0,0,1,Pedestrian
37,844.0,878.0,910.0,919.0,5985,0,0,1,Pedestrian
37,844.0,878.0,910.0,919.0,5986,0,0,1,Pedestrian
37,841.0,878.0,907.0,919.0,5987,0,0,1,Pedestrian
37,841.0,878.0,907.0,919.0,5988,0,0,1,Pedestrian
37,841.0,881.0,907.0,922.0,5989,0,0,0,Pedestrian
37,838.0,881.0,904.0,922.0,5990,0,0,1,Pedestrian
37,838.0,881.0,904.0,922.0,5991,0,0,1,Pedestrian
37,836.0,881.0,902.0,922.0,5992,0,0,1,Pedestrian
37,836.0,881.0,902.0,922.0,5993,0,0,1,Pedestrian
37,833.0,881.0,899.0,922.0,5994,0,0,1,Pedestrian
37,833.0,881.0,899.0,922.0,5995,0,0,1,Pedestrian
37,830.0,881.0,896.0,922.0,5996,0,0,1,Pedestrian
37,830.0,881.0,896.0,922.0,5997,0,0,1,Pedestrian
37,827.0,881.0,893.0,922.0,5998,0,0,1,Pedestrian
37,827.0,881.0,893.0,922.0,5999,0,0,1,Pedestrian
37,827.0,881.0,893.0,922.0,6000,0,0,0,Pedestrian
37,825.0,878.0,891.0,922.0,6001,0,0,1,Pedestrian
37,822.0,878.0,891.0,922.0,6002,0,0,1,Pedestrian
37,822.0,878.0,888.0,922.0,6003,0,0,1,Pedestrian
37,819.0,878.0,888.0,922.0,6004,0,0,1,Pedestrian
37,819.0,878.0,885.0,922.0,6005,0,0,1,Pedestrian
37,816.0,878.0,885.0,922.0,6006,0,0,1,Pedestrian
37,816.0,878.0,882.0,922.0,6007,0,0,1,Pedestrian
37,814.0,878.0,882.0,922.0,6008,0,0,1,Pedestrian
37,811.0,878.0,880.0,922.0,6009,0,0,1,Pedestrian
37,811.0,878.0,880.0,924.0,6010,0,0,1,Pedestrian
37,808.0,878.0,877.0,924.0,6011,0,0,1,Pedestrian
37,808.0,878.0,877.0,924.0,6012,0,0,1,Pedestrian
37,805.0,878.0,874.0,924.0,6013,0,0,1,Pedestrian
37,805.0,878.0,874.0,924.0,6014,0,0,1,Pedestrian
37,803.0,878.0,871.0,924.0,6015,0,0,1,Pedestrian
37,803.0,878.0,871.0,924.0,6016,0,0,1,Pedestrian
37,800.0,878.0,869.0,924.0,6017,0,0,1,Pedestrian
37,797.0,878.0,869.0,924.0,6018,0,0,1,Pedestrian
37,797.0,878.0,866.0,924.0,6019,0,0,1,Pedestrian
37,794.0,878.0,866.0,926.0,6020,0,0,1,Pedestrian
37,794.0,878.0,863.0,926.0,6021,0,0,1,Pedestrian
37,792.0,878.0,863.0,926.0,6022,0,0,1,Pedestrian
37,792.0,878.0,860.0,926.0,6023,0,0,1,Pedestrian
37,789.0,878.0,860.0,926.0,6024,0,0,1,Pedestrian
37,789.0,878.0,860.0,926.0,6025,0,0,1,Pedestrian
37,786.0,878.0,858.0,926.0,6026,0,0,1,Pedestrian
37,783.0,878.0,858.0,926.0,6027,0,0,1,Pedestrian
37,783.0,878.0,855.0,926.0,6028,0,0,1,Pedestrian
37,781.0,878.0,855.0,926.0,6029,0,0,1,Pedestrian
37,781.0,878.0,852.0,929.0,6030,0,0,1,Pedestrian
37,778.0,878.0,852.0,929.0,6031,0,0,1,Pedestrian
37,778.0,878.0,849.0,929.0,6032,0,0,1,Pedestrian
37,775.0,878.0,849.0,929.0,6033,0,0,1,Pedestrian
37,772.0,878.0,847.0,929.0,6034,0,0,1,Pedestrian
37,772.0,878.0,847.0,929.0,6035,0,0,1,Pedestrian
37,770.0,878.0,844.0,929.0,6036,0,0,1,Pedestrian
37,770.0,878.0,844.0,929.0,6037,0,0,1,Pedestrian
37,767.0,878.0,841.0,929.0,6038,0,0,1,Pedestrian
37,767.0,878.0,841.0,929.0,6039,0,0,1,Pedestrian
37,764.0,878.0,838.0,931.0,6040,0,0,1,Pedestrian
37,764.0,878.0,838.0,931.0,6041,0,0,1,Pedestrian
37,761.0,878.0,836.0,931.0,6042,0,0,1,Pedestrian
37,759.0,878.0,836.0,931.0,6043,0,0,1,Pedestrian
37,759.0,878.0,833.0,931.0,6044,0,0,1,Pedestrian
37,756.0,878.0,833.0,931.0,6045,0,0,1,Pedestrian
37,756.0,878.0,830.0,931.0,6046,0,0,1,Pedestrian
37,753.0,878.0,830.0,931.0,6047,0,0,1,Pedestrian
37,753.0,878.0,827.0,931.0,6048,0,0,1,Pedestrian
37,750.0,878.0,827.0,931.0,6049,0,0,1,Pedestrian
37,750.0,878.0,827.0,933.0,6050,0,0,1,Pedestrian
37,748.0,876.0,825.0,933.0,6051,0,0,1,Pedestrian
37,745.0,876.0,825.0,933.0,6052,0,0,1,Pedestrian
37,745.0,876.0,822.0,933.0,6053,0,0,1,Pedestrian
37,742.0,876.0,822.0,933.0,6054,0,0,1,Pedestrian
37,742.0,876.0,819.0,933.0,6055,0,0,1,Pedestrian
37,739.0,876.0,819.0,933.0,6056,0,0,1,Pedestrian
37,739.0,876.0,816.0,933.0,6057,0,0,1,Pedestrian
37,737.0,876.0,816.0,933.0,6058,0,0,1,Pedestrian
37,734.0,876.0,814.0,933.0,6059,0,0,1,Pedestrian
37,734.0,876.0,814.0,935.0,6060,0,0,1,Pedestrian
37,731.0,876.0,811.0,935.0,6061,0,0,1,Pedestrian
37,731.0,876.0,811.0,935.0,6062,0,0,1,Pedestrian
37,728.0,876.0,808.0,935.0,6063,0,0,1,Pedestrian
37,728.0,876.0,808.0,935.0,6064,0,0,1,Pedestrian
37,726.0,876.0,805.0,935.0,6065,0,0,1,Pedestrian
37,726.0,876.0,805.0,935.0,6066,0,0,1,Pedestrian
37,723.0,876.0,803.0,935.0,6067,0,0,1,Pedestrian
37,720.0,876.0,803.0,935.0,6068,0,0,1,Pedestrian
37,720.0,876.0,800.0,935.0,6069,0,0,1,Pedestrian
37,717.0,876.0,800.0,938.0,6070,0,0,1,Pedestrian
37,717.0,876.0,797.0,938.0,6071,0,0,1,Pedestrian
37,715.0,876.0,797.0,938.0,6072,0,0,1,Pedestrian
37,715.0,876.0,794.0,938.0,6073,0,0,1,Pedestrian
37,712.0,876.0,794.0,938.0,6074,0,0,1,Pedestrian
37,712.0,876.0,794.0,938.0,6075,0,0,1,Pedestrian
37,709.0,876.0,792.0,938.0,6076,0,0,1,Pedestrian
37,706.0,876.0,792.0,938.0,6077,0,0,1,Pedestrian
37,706.0,876.0,789.0,938.0,6078,0,0,1,Pedestrian
37,704.0,876.0,789.0,938.0,6079,0,0,1,Pedestrian
37,704.0,876.0,786.0,940.0,6080,0,0,1,Pedestrian
37,701.0,876.0,786.0,940.0,6081,0,0,1,Pedestrian
37,701.0,876.0,783.0,940.0,6082,0,0,1,Pedestrian
37,698.0,876.0,783.0,940.0,6083,0,0,1,Pedestrian
37,695.0,876.0,781.0,940.0,6084,0,0,1,Pedestrian
37,695.0,876.0,781.0,940.0,6085,0,0,1,Pedestrian
37,693.0,876.0,778.0,940.0,6086,0,0,1,Pedestrian
37,693.0,876.0,778.0,940.0,6087,0,0,1,Pedestrian
37,690.0,876.0,775.0,940.0,6088,0,0,1,Pedestrian
37,690.0,876.0,775.0,940.0,6089,0,0,1,Pedestrian
37,687.0,876.0,772.0,942.0,6090,0,0,1,Pedestrian
37,687.0,876.0,772.0,942.0,6091,0,0,1,Pedestrian
37,684.0,876.0,770.0,942.0,6092,0,0,1,Pedestrian
37,682.0,876.0,770.0,942.0,6093,0,0,1,Pedestrian
37,682.0,876.0,767.0,942.0,6094,0,0,1,Pedestrian
37,679.0,876.0,767.0,942.0,6095,0,0,1,Pedestrian
37,679.0,876.0,764.0,942.0,6096,0,0,1,Pedestrian
37,676.0,876.0,764.0,942.0,6097,0,0,1,Pedestrian
37,676.0,876.0,761.0,942.0,6098,0,0,1,Pedestrian
37,673.0,876.0,761.0,942.0,6099,0,0,1,Pedestrian
37,673.0,876.0,761.0,944.0,6100,0,0,0,Pedestrian
37,671.0,876.0,759.0,944.0,6101,0,0,1,Pedestrian
37,668.0,876.0,756.0,944.0,6102,0,0,1,Pedestrian
37,665.0,876.0,753.0,944.0,6103,0,0,1,Pedestrian
37,665.0,876.0,753.0,944.0,6104,0,0,1,Pedestrian
37,662.0,876.0,750.0,944.0,6105,0,0,1,Pedestrian
37,660.0,876.0,748.0,944.0,6106,0,0,1,Pedestrian
37,660.0,876.0,748.0,944.0,6107,0,0,1,Pedestrian
37,657.0,876.0,745.0,944.0,6108,0,0,1,Pedestrian
37,654.0,876.0,742.0,944.0,6109,0,0,1,Pedestrian
37,654.0,876.0,742.0,944.0,6110,0,0,1,Pedestrian
37,651.0,876.0,739.0,944.0,6111,0,0,1,Pedestrian
37,649.0,876.0,737.0,944.0,6112,0,0,1,Pedestrian
37,649.0,876.0,737.0,944.0,6113,0,0,1,Pedestrian
37,646.0,876.0,734.0,944.0,6114,0,0,1,Pedestrian
37,643.0,876.0,731.0,944.0,6115,0,0,1,Pedestrian
37,643.0,876.0,731.0,944.0,6116,0,0,1,Pedestrian
37,640.0,876.0,728.0,944.0,6117,0,0,1,Pedestrian
37,638.0,876.0,726.0,944.0,6118,0,0,1,Pedestrian
37,638.0,876.0,726.0,944.0,6119,0,0,1,Pedestrian
37,635.0,878.0,723.0,947.0,6120,0,0,1,Pedestrian
37,632.0,878.0,720.0,947.0,6121,0,0,1,Pedestrian
37,629.0,878.0,717.0,947.0,6122,0,0,1,Pedestrian
37,629.0,878.0,717.0,947.0,6123,0,0,1,Pedestrian
37,627.0,878.0,715.0,947.0,6124,0,0,1,Pedestrian
37,624.0,878.0,712.0,947.0,6125,0,0,1,Pedestrian
37,624.0,878.0,712.0,947.0,6126,0,0,1,Pedestrian
37,621.0,878.0,709.0,947.0,6127,0,0,1,Pedestrian
37,618.0,878.0,706.0,947.0,6128,0,0,1,Pedestrian
37,618.0,878.0,706.0,947.0,6129,0,0,1,Pedestrian
37,616.0,878.0,704.0,947.0,6130,0,0,1,Pedestrian
37,613.0,878.0,701.0,947.0,6131,0,0,1,Pedestrian
37,613.0,878.0,701.0,947.0,6132,0,0,1,Pedestrian
37,610.0,878.0,698.0,947.0,6133,0,0,1,Pedestrian
37,607.0,878.0,695.0,947.0,6134,0,0,1,Pedestrian
37,607.0,878.0,695.0,947.0,6135,0,0,1,Pedestrian
37,605.0,878.0,693.0,947.0,6136,0,0,1,Pedestrian
37,602.0,878.0,690.0,947.0,6137,0,0,1,Pedestrian
37,602.0,878.0,690.0,947.0,6138,0,0,1,Pedestrian
37,599.0,878.0,687.0,947.0,6139,0,0,1,Pedestrian
37,596.0,881.0,684.0,949.0,6140,0,0,1,Pedestrian
37,594.0,881.0,682.0,949.0,6141,0,0,1,Pedestrian
37,594.0,881.0,682.0,949.0,6142,0,0,1,Pedestrian
37,591.0,881.0,679.0,949.0,6143,0,0,1,Pedestrian
37,588.0,881.0,676.0,949.0,6144,0,0,1,Pedestrian
37,588.0,881.0,676.0,949.0,6145,0,0,1,Pedestrian
37,585.0,881.0,673.0,949.0,6146,0,0,1,Pedestrian
37,583.0,881.0,671.0,949.0,6147,0,0,1,Pedestrian
37,583.0,881.0,671.0,949.0,6148,0,0,1,Pedestrian
37,580.0,881.0,668.0,949.0,6149,0,0,1,Pedestrian
37,577.0,881.0,665.0,949.0,6150,0,0,1,Pedestrian
37,577.0,881.0,665.0,949.0,6151,0,0,1,Pedestrian
37,574.0,881.0,662.0,949.0,6152,0,0,1,Pedestrian
37,572.0,881.0,660.0,949.0,6153,0,0,1,Pedestrian
37,572.0,881.0,660.0,949.0,6154,0,0,1,Pedestrian
37,569.0,881.0,657.0,949.0,6155,0,0,1,Pedestrian
37,566.0,881.0,654.0,949.0,6156,0,0,1,Pedestrian
37,566.0,881.0,654.0,949.0,6157,0,0,1,Pedestrian
37,563.0,881.0,651.0,949.0,6158,0,0,1,Pedestrian
37,561.0,881.0,649.0,949.0,6159,0,0,1,Pedestrian
37,561.0,883.0,649.0,951.0,6160,0,0,0,Pedestrian
37,558.0,881.0,646.0,949.0,6161,0,0,1,Pedestrian
37,555.0,881.0,643.0,949.0,6162,0,0,1,Pedestrian
37,555.0,881.0,643.0,949.0,6163,0,0,1,Pedestrian
37,552.0,881.0,640.0,949.0,6164,0,0,1,Pedestrian
37,552.0,881.0,640.0,949.0,6165,0,0,1,Pedestrian
37,550.0,881.0,638.0,949.0,6166,0,0,1,Pedestrian
37,550.0,881.0,638.0,949.0,6167,0,0,1,Pedestrian
37,547.0,881.0,635.0,949.0,6168,0,0,1,Pedestrian
37,544.0,881.0,632.0,949.0,6169,0,0,1,Pedestrian
37,544.0,881.0,632.0,949.0,6170,0,0,1,Pedestrian
37,541.0,881.0,629.0,949.0,6171,0,0,1,Pedestrian
37,541.0,881.0,629.0,949.0,6172,0,0,1,Pedestrian
37,539.0,881.0,627.0,949.0,6173,0,0,1,Pedestrian
37,539.0,881.0,627.0,949.0,6174,0,0,1,Pedestrian
37,536.0,881.0,624.0,949.0,6175,0,0,1,Pedestrian
37,533.0,881.0,621.0,949.0,6176,0,0,1,Pedestrian
37,533.0,881.0,621.0,949.0,6177,0,0,1,Pedestrian
37,530.0,881.0,618.0,949.0,6178,0,0,1,Pedestrian
37,530.0,881.0,618.0,949.0,6179,0,0,1,Pedestrian
37,528.0,881.0,616.0,949.0,6180,0,0,1,Pedestrian
37,528.0,881.0,616.0,949.0,6181,0,0,1,Pedestrian
37,525.0,881.0,613.0,949.0,6182,0,0,1,Pedestrian
37,522.0,881.0,610.0,949.0,6183,0,0,1,Pedestrian
37,522.0,881.0,610.0,949.0,6184,0,0,1,Pedestrian
37,519.0,881.0,607.0,949.0,6185,0,0,1,Pedestrian
37,519.0,881.0,607.0,949.0,6186,0,0,1,Pedestrian
37,517.0,881.0,605.0,949.0,6187,0,0,1,Pedestrian
37,517.0,881.0,605.0,949.0,6188,0,0,1,Pedestrian
37,514.0,881.0,602.0,949.0,6189,0,0,1,Pedestrian
37,511.0,881.0,599.0,949.0,6190,0,0,1,Pedestrian
37,511.0,881.0,599.0,949.0,6191,0,0,1,Pedestrian
37,508.0,881.0,596.0,949.0,6192,0,0,1,Pedestrian
37,508.0,881.0,596.0,949.0,6193,0,0,1,Pedestrian
37,506.0,881.0,594.0,949.0,6194,0,0,1,Pedestrian
37,506.0,881.0,594.0,949.0,6195,0,0,1,Pedestrian
37,503.0,881.0,591.0,949.0,6196,0,0,1,Pedestrian
37,500.0,878.0,588.0,947.0,6197,0,0,1,Pedestrian
37,500.0,878.0,588.0,947.0,6198,0,0,1,Pedestrian
37,497.0,878.0,585.0,947.0,6199,0,0,1,Pedestrian
37,497.0,878.0,585.0,947.0,6200,0,0,1,Pedestrian
37,495.0,878.0,583.0,947.0,6201,0,0,1,Pedestrian
37,495.0,878.0,583.0,947.0,6202,0,0,1,Pedestrian
37,492.0,878.0,580.0,947.0,6203,0,0,1,Pedestrian
37,489.0,878.0,577.0,947.0,6204,0,0,1,Pedestrian
37,489.0,878.0,577.0,947.0,6205,0,0,1,Pedestrian
37,486.0,878.0,574.0,947.0,6206,0,0,1,Pedestrian
37,486.0,878.0,574.0,947.0,6207,0,0,1,Pedestrian
37,484.0,878.0,572.0,947.0,6208,0,0,1,Pedestrian
37,484.0,878.0,572.0,947.0,6209,0,0,1,Pedestrian
37,481.0,878.0,569.0,947.0,6210,0,0,1,Pedestrian
37,478.0,878.0,566.0,947.0,6211,0,0,1,Pedestrian
37,478.0,878.0,566.0,947.0,6212,0,0,1,Pedestrian
37,475.0,878.0,563.0,947.0,6213,0,0,1,Pedestrian
37,475.0,878.0,563.0,947.0,6214,0,0,1,Pedestrian
37,473.0,878.0,561.0,947.0,6215,0,0,1,Pedestrian
37,473.0,878.0,561.0,947.0,6216,0,0,1,Pedestrian
37,470.0,878.0,558.0,947.0,6217,0,0,1,Pedestrian
37,470.0,878.0,558.0,947.0,6218,0,0,1,Pedestrian
37,467.0,878.0,555.0,947.0,6219,0,0,1,Pedestrian
37,464.0,878.0,552.0,947.0,6220,0,0,1,Pedestrian
37,464.0,878.0,552.0,947.0,6221,0,0,1,Pedestrian
37,462.0,878.0,550.0,947.0,6222,0,0,1,Pedestrian
37,462.0,878.0,550.0,947.0,6223,0,0,1,Pedestrian
37,459.0,878.0,547.0,947.0,6224,0,0,1,Pedestrian
37,459.0,878.0,547.0,947.0,6225,0,0,1,Pedestrian
37,456.0,878.0,544.0,947.0,6226,0,0,1,Pedestrian
37,453.0,878.0,541.0,947.0,6227,0,0,1,Pedestrian
37,453.0,878.0,541.0,947.0,6228,0,0,1,Pedestrian
37,451.0,878.0,539.0,947.0,6229,0,0,1,Pedestrian
37,451.0,878.0,539.0,947.0,6230,0,0,1,Pedestrian
37,448.0,878.0,536.0,947.0,6231,0,0,1,Pedestrian
37,448.0,878.0,536.0,947.0,6232,0,0,1,Pedestrian
37,445.0,876.0,533.0,944.0,6233,0,0,1,Pedestrian
37,442.0,876.0,530.0,944.0,6234,0,0,1,Pedestrian
37,442.0,876.0,530.0,944.0,6235,0,0,1,Pedestrian
37,440.0,876.0,528.0,944.0,6236,0,0,1,Pedestrian
37,440.0,876.0,528.0,944.0,6237,0,0,1,Pedestrian
37,437.0,876.0,525.0,944.0,6238,0,0,1,Pedestrian
37,437.0,876.0,525.0,944.0,6239,0,0,1,Pedestrian
37,434.0,876.0,522.0,944.0,6240,0,0,1,Pedestrian
37,431.0,876.0,519.0,944.0,6241,0,0,1,Pedestrian
37,431.0,876.0,519.0,944.0,6242,0,0,1,Pedestrian
37,429.0,876.0,517.0,944.0,6243,0,0,1,Pedestrian
37,429.0,876.0,517.0,944.0,6244,0,0,1,Pedestrian
37,426.0,876.0,514.0,944.0,6245,0,0,1,Pedestrian
37,426.0,876.0,514.0,944.0,6246,0,0,1,Pedestrian
37,423.0,876.0,511.0,944.0,6247,0,0,1,Pedestrian
37,420.0,876.0,508.0,944.0,6248,0,0,1,Pedestrian
37,420.0,876.0,508.0,944.0,6249,0,0,1,Pedestrian
37,418.0,876.0,506.0,944.0,6250,0,0,1,Pedestrian
37,418.0,876.0,506.0,944.0,6251,0,0,1,Pedestrian
37,415.0,876.0,503.0,944.0,6252,0,0,1,Pedestrian
37,415.0,876.0,503.0,944.0,6253,0,0,1,Pedestrian
37,412.0,876.0,500.0,944.0,6254,0,0,1,Pedestrian
37,409.0,876.0,497.0,944.0,6255,0,0,1,Pedestrian
37,409.0,876.0,497.0,944.0,6256,0,0,1,Pedestrian
37,407.0,876.0,495.0,944.0,6257,0,0,1,Pedestrian
37,407.0,876.0,495.0,944.0,6258,0,0,1,Pedestrian
37,404.0,876.0,492.0,944.0,6259,0,0,1,Pedestrian
37,404.0,876.0,492.0,944.0,6260,0,0,1,Pedestrian
37,401.0,876.0,489.0,944.0,6261,0,0,1,Pedestrian
37,398.0,876.0,486.0,944.0,6262,0,0,1,Pedestrian
37,398.0,876.0,486.0,944.0,6263,0,0,1,Pedestrian
37,396.0,876.0,484.0,944.0,6264,0,0,1,Pedestrian
37,396.0,876.0,484.0,944.0,6265,0,0,1,Pedestrian
37,393.0,876.0,481.0,944.0,6266,0,0,1,Pedestrian
37,393.0,876.0,481.0,944.0,6267,0,0,1,Pedestrian
37,390.0,876.0,478.0,944.0,6268,0,0,1,Pedestrian
37,387.0,874.0,475.0,942.0,6269,0,0,1,Pedestrian
37,387.0,874.0,475.0,942.0,6270,0,0,1,Pedestrian
37,385.0,874.0,473.0,942.0,6271,0,0,1,Pedestrian
37,385.0,874.0,473.0,942.0,6272,0,0,1,Pedestrian
37,382.0,874.0,470.0,942.0,6273,0,0,1,Pedestrian
37,382.0,874.0,470.0,942.0,6274,0,0,1,Pedestrian
37,379.0,874.0,467.0,942.0,6275,0,0,1,Pedestrian
37,379.0,874.0,467.0,942.0,6276,0,0,1,Pedestrian
37,376.0,874.0,464.0,942.0,6277,0,0,1,Pedestrian
37,374.0,874.0,462.0,942.0,6278,0,0,1,Pedestrian
37,374.0,874.0,462.0,942.0,6279,0,0,1,Pedestrian
37,371.0,874.0,459.0,942.0,6280,0,0,1,Pedestrian
37,371.0,874.0,459.0,942.0,6281,0,0,1,Pedestrian
37,368.0,874.0,456.0,942.0,6282,0,0,1,Pedestrian
37,368.0,874.0,456.0,942.0,6283,0,0,1,Pedestrian
37,365.0,874.0,453.0,942.0,6284,0,0,1,Pedestrian
37,363.0,874.0,451.0,942.0,6285,0,0,1,Pedestrian
37,363.0,874.0,451.0,942.0,6286,0,0,1,Pedestrian
37,360.0,874.0,448.0,942.0,6287,0,0,1,Pedestrian
37,360.0,874.0,448.0,942.0,6288,0,0,1,Pedestrian
37,357.0,874.0,445.0,942.0,6289,0,0,1,Pedestrian
37,357.0,874.0,445.0,942.0,6290,0,0,1,Pedestrian
37,354.0,874.0,442.0,942.0,6291,0,0,1,Pedestrian
37,352.0,874.0,440.0,942.0,6292,0,0,1,Pedestrian
37,352.0,874.0,440.0,942.0,6293,0,0,1,Pedestrian
37,349.0,874.0,437.0,942.0,6294,0,0,1,Pedestrian
37,349.0,874.0,437.0,942.0,6295,0,0,1,Pedestrian
37,346.0,874.0,434.0,942.0,6296,0,0,1,Pedestrian
37,346.0,874.0,434.0,942.0,6297,0,0,1,Pedestrian
37,343.0,874.0,431.0,942.0,6298,0,0,1,Pedestrian
37,341.0,874.0,429.0,942.0,6299,0,0,1,Pedestrian
37,341.0,874.0,429.0,942.0,6300,0,0,1,Pedestrian
37,338.0,874.0,426.0,942.0,6301,0,0,1,Pedestrian
37,338.0,874.0,426.0,942.0,6302,0,0,1,Pedestrian
37,335.0,874.0,423.0,942.0,6303,0,0,1,Pedestrian
37,335.0,874.0,423.0,942.0,6304,0,0,1,Pedestrian
37,332.0,874.0,420.0,942.0,6305,0,0,1,Pedestrian
37,330.0,872.0,418.0,940.0,6306,0,0,1,Pedestrian
37,330.0,872.0,418.0,940.0,6307,0,0,1,Pedestrian
37,327.0,872.0,415.0,940.0,6308,0,0,1,Pedestrian
37,327.0,872.0,415.0,940.0,6309,0,0,1,Pedestrian
37,324.0,872.0,412.0,940.0,6310,0,0,1,Pedestrian
37,324.0,872.0,412.0,940.0,6311,0,0,1,Pedestrian
37,321.0,872.0,409.0,940.0,6312,0,0,1,Pedestrian
37,319.0,872.0,407.0,940.0,6313,0,0,1,Pedestrian
37,319.0,872.0,407.0,940.0,6314,0,0,1,Pedestrian
37,316.0,872.0,404.0,940.0,6315,0,0,1,Pedestrian
37,316.0,872.0,404.0,940.0,6316,0,0,1,Pedestrian
37,313.0,872.0,401.0,940.0,6317,0,0,1,Pedestrian
37,313.0,872.0,401.0,940.0,6318,0,0,1,Pedestrian
37,310.0,872.0,398.0,940.0,6319,0,0,1,Pedestrian
37,308.0,872.0,396.0,940.0,6320,0,0,1,Pedestrian
37,308.0,872.0,396.0,940.0,6321,0,0,1,Pedestrian
37,305.0,872.0,393.0,940.0,6322,0,0,1,Pedestrian
37,305.0,872.0,393.0,940.0,6323,0,0,1,Pedestrian
37,302.0,872.0,390.0,940.0,6324,0,0,1,Pedestrian
37,302.0,872.0,390.0,940.0,6325,0,0,1,Pedestrian
37,299.0,872.0,387.0,940.0,6326,0,0,1,Pedestrian
37,297.0,872.0,385.0,940.0,6327,0,0,1,Pedestrian
37,297.0,872.0,385.0,940.0,6328,0,0,1,Pedestrian
37,294.0,872.0,382.0,940.0,6329,0,0,1,Pedestrian
37,294.0,872.0,382.0,940.0,6330,0,0,1,Pedestrian
37,291.0,872.0,379.0,940.0,6331,0,0,1,Pedestrian
37,291.0,872.0,379.0,940.0,6332,0,0,1,Pedestrian
37,288.0,872.0,376.0,940.0,6333,0,0,1,Pedestrian
37,288.0,872.0,376.0,940.0,6334,0,0,1,Pedestrian
37,286.0,872.0,374.0,940.0,6335,0,0,1,Pedestrian
37,283.0,872.0,371.0,940.0,6336,0,0,1,Pedestrian
37,283.0,872.0,371.0,940.0,6337,0,0,1,Pedestrian
37,280.0,872.0,368.0,940.0,6338,0,0,1,Pedestrian
37,280.0,872.0,368.0,940.0,6339,0,0,1,Pedestrian
37,277.0,872.0,365.0,940.0,6340,0,0,1,Pedestrian
37,277.0,872.0,365.0,940.0,6341,0,0,1,Pedestrian
37,275.0,869.0,363.0,938.0,6342,0,0,1,Pedestrian
37,272.0,869.0,360.0,938.0,6343,0,0,1,Pedestrian
37,272.0,869.0,360.0,938.0,6344,0,0,1,Pedestrian
37,269.0,869.0,357.0,938.0,6345,0,0,1,Pedestrian
37,269.0,869.0,357.0,938.0,6346,0,0,1,Pedestrian
37,266.0,869.0,354.0,938.0,6347,0,0,1,Pedestrian
37,266.0,869.0,354.0,938.0,6348,0,0,1,Pedestrian
37,264.0,869.0,352.0,938.0,6349,0,0,1,Pedestrian
37,261.0,869.0,349.0,938.0,6350,0,0,1,Pedestrian
37,261.0,869.0,349.0,938.0,6351,0,0,1,Pedestrian
37,258.0,869.0,346.0,938.0,6352,0,0,1,Pedestrian
37,258.0,869.0,346.0,938.0,6353,0,0,1,Pedestrian
37,255.0,869.0,343.0,938.0,6354,0,0,1,Pedestrian
37,255.0,869.0,343.0,938.0,6355,0,0,1,Pedestrian
37,253.0,869.0,341.0,938.0,6356,0,0,1,Pedestrian
37,250.0,869.0,338.0,938.0,6357,0,0,1,Pedestrian
37,250.0,869.0,338.0,938.0,6358,0,0,1,Pedestrian
37,247.0,869.0,335.0,938.0,6359,0,0,1,Pedestrian
37,247.0,869.0,335.0,938.0,6360,0,0,1,Pedestrian
37,244.0,869.0,332.0,938.0,6361,0,0,1,Pedestrian
37,244.0,869.0,332.0,938.0,6362,0,0,1,Pedestrian
37,242.0,869.0,330.0,938.0,6363,0,0,1,Pedestrian
37,239.0,869.0,327.0,938.0,6364,0,0,1,Pedestrian
37,239.0,869.0,327.0,938.0,6365,0,0,1,Pedestrian
37,236.0,869.0,324.0,938.0,6366,0,0,1,Pedestrian
37,236.0,869.0,324.0,938.0,6367,0,0,1,Pedestrian
37,233.0,869.0,321.0,938.0,6368,0,0,1,Pedestrian
37,233.0,869.0,321.0,938.0,6369,0,0,1,Pedestrian
37,231.0,869.0,319.0,938.0,6370,0,0,1,Pedestrian
37,228.0,869.0,316.0,938.0,6371,0,0,1,Pedestrian
37,228.0,869.0,316.0,938.0,6372,0,0,1,Pedestrian
37,225.0,869.0,313.0,938.0,6373,0,0,1,Pedestrian
37,225.0,869.0,313.0,938.0,6374,0,0,1,Pedestrian
37,222.0,869.0,310.0,938.0,6375,0,0,1,Pedestrian
37,222.0,869.0,310.0,938.0,6376,0,0,1,Pedestrian
37,220.0,869.0,308.0,938.0,6377,0,0,1,Pedestrian
37,217.0,867.0,305.0,935.0,6378,0,0,1,Pedestrian
37,217.0,867.0,305.0,935.0,6379,0,0,1,Pedestrian
37,214.0,867.0,302.0,935.0,6380,0,0,1,Pedestrian
37,214.0,867.0,302.0,935.0,6381,0,0,1,Pedestrian
37,211.0,867.0,299.0,935.0,6382,0,0,1,Pedestrian
37,211.0,867.0,299.0,935.0,6383,0,0,1,Pedestrian
37,209.0,867.0,297.0,935.0,6384,0,0,1,Pedestrian
37,206.0,867.0,294.0,935.0,6385,0,0,1,Pedestrian
37,206.0,867.0,294.0,935.0,6386,0,0,1,Pedestrian
37,203.0,867.0,291.0,935.0,6387,0,0,1,Pedestrian
37,203.0,867.0,291.0,935.0,6388,0,0,1,Pedestrian
37,200.0,867.0,288.0,935.0,6389,0,0,1,Pedestrian
37,200.0,867.0,288.0,935.0,6390,0,0,1,Pedestrian
37,198.0,867.0,286.0,935.0,6391,0,0,1,Pedestrian
37,198.0,867.0,286.0,935.0,6392,0,0,1,Pedestrian
37,195.0,867.0,283.0,935.0,6393,0,0,1,Pedestrian
37,192.0,867.0,280.0,935.0,6394,0,0,1,Pedestrian
37,192.0,867.0,280.0,935.0,6395,0,0,1,Pedestrian
37,189.0,867.0,277.0,935.0,6396,0,0,1,Pedestrian
37,189.0,867.0,277.0,935.0,6397,0,0,1,Pedestrian
37,187.0,867.0,275.0,935.0,6398,0,0,1,Pedestrian
37,187.0,867.0,275.0,935.0,6399,0,0,1,Pedestrian
37,184.0,867.0,272.0,935.0,6400,0,0,1,Pedestrian
37,181.0,867.0,269.0,935.0,6401,0,0,1,Pedestrian
37,181.0,867.0,269.0,935.0,6402,0,0,1,Pedestrian
37,178.0,867.0,266.0,935.0,6403,0,0,1,Pedestrian
37,178.0,867.0,266.0,935.0,6404,0,0,1,Pedestrian
37,176.0,867.0,264.0,935.0,6405,0,0,1,Pedestrian
37,176.0,867.0,264.0,935.0,6406,0,0,1,Pedestrian
37,173.0,867.0,261.0,935.0,6407,0,0,1,Pedestrian
37,170.0,867.0,258.0,935.0,6408,0,0,1,Pedestrian
37,170.0,867.0,258.0,935.0,6409,0,0,1,Pedestrian
37,167.0,867.0,255.0,935.0,6410,0,0,1,Pedestrian
37,167.0,867.0,255.0,935.0,6411,0,0,1,Pedestrian
37,165.0,867.0,253.0,935.0,6412,0,0,1,Pedestrian
37,165.0,867.0,253.0,935.0,6413,0,0,1,Pedestrian
37,162.0,865.0,250.0,933.0,6414,0,0,1,Pedestrian
37,159.0,865.0,247.0,933.0,6415,0,0,1,Pedestrian
37,159.0,865.0,247.0,933.0,6416,0,0,1,Pedestrian
37,156.0,865.0,244.0,933.0,6417,0,0,1,Pedestrian
37,156.0,865.0,244.0,933.0,6418,0,0,1,Pedestrian
37,154.0,865.0,242.0,933.0,6419,0,0,1,Pedestrian
37,154.0,865.0,242.0,933.0,6420,0,0,1,Pedestrian
37,151.0,865.0,239.0,933.0,6421,0,0,1,Pedestrian
37,148.0,865.0,236.0,933.0,6422,0,0,1,Pedestrian
37,148.0,865.0,236.0,933.0,6423,0,0,1,Pedestrian
37,145.0,865.0,233.0,933.0,6424,0,0,1,Pedestrian
37,145.0,865.0,233.0,933.0,6425,0,0,1,Pedestrian
37,143.0,865.0,231.0,933.0,6426,0,0,1,Pedestrian
37,143.0,865.0,231.0,933.0,6427,0,0,1,Pedestrian
37,140.0,865.0,228.0,933.0,6428,0,0,1,Pedestrian
37,137.0,865.0,225.0,933.0,6429,0,0,1,Pedestrian
37,137.0,865.0,225.0,933.0,6430,0,0,1,Pedestrian
37,134.0,865.0,222.0,933.0,6431,0,0,1,Pedestrian
37,134.0,865.0,222.0,933.0,6432,0,0,1,Pedestrian
37,132.0,865.0,220.0,933.0,6433,0,0,1,Pedestrian
37,132.0,865.0,220.0,933.0,6434,0,0,1,Pedestrian
37,129.0,865.0,217.0,933.0,6435,0,0,1,Pedestrian
37,126.0,865.0,214.0,933.0,6436,0,0,1,Pedestrian
37,126.0,865.0,214.0,933.0,6437,0,0,1,Pedestrian
37,123.0,865.0,211.0,933.0,6438,0,0,1,Pedestrian
37,123.0,865.0,211.0,933.0,6439,0,0,1,Pedestrian
37,121.0,865.0,209.0,933.0,6440,0,0,1,Pedestrian
37,121.0,865.0,209.0,933.0,6441,0,0,1,Pedestrian
37,118.0,865.0,206.0,933.0,6442,0,0,1,Pedestrian
37,115.0,865.0,203.0,933.0,6443,0,0,1,Pedestrian
37,115.0,865.0,203.0,933.0,6444,0,0,1,Pedestrian
37,112.0,865.0,200.0,933.0,6445,0,0,1,Pedestrian
37,112.0,865.0,200.0,933.0,6446,0,0,1,Pedestrian
37,110.0,865.0,198.0,933.0,6447,0,0,1,Pedestrian
37,110.0,865.0,198.0,933.0,6448,0,0,1,Pedestrian
37,107.0,865.0,195.0,933.0,6449,0,0,1,Pedestrian
37,107.0,865.0,195.0,933.0,6450,0,0,0,Pedestrian
37,104.0,865.0,192.0,933.0,6451,0,0,1,Pedestrian
37,104.0,865.0,189.0,933.0,6452,0,0,1,Pedestrian
37,101.0,865.0,189.0,933.0,6453,0,0,1,Pedestrian
37,101.0,865.0,187.0,933.0,6454,0,0,1,Pedestrian
37,99.0,865.0,187.0,933.0,6455,0,0,1,Pedestrian
37,99.0,865.0,184.0,933.0,6456,0,0,1,Pedestrian
37,96.0,865.0,181.0,933.0,6457,0,0,1,Pedestrian
37,96.0,865.0,181.0,933.0,6458,0,0,1,Pedestrian
37,93.0,865.0,178.0,933.0,6459,0,0,1,Pedestrian
37,93.0,865.0,178.0,933.0,6460,0,0,1,Pedestrian
37,90.0,865.0,176.0,933.0,6461,0,0,1,Pedestrian
37,90.0,865.0,176.0,933.0,6462,0,0,1,Pedestrian
37,88.0,867.0,173.0,935.0,6463,0,0,1,Pedestrian
37,88.0,867.0,170.0,935.0,6464,0,0,1,Pedestrian
37,85.0,867.0,170.0,935.0,6465,0,0,1,Pedestrian
37,85.0,867.0,167.0,935.0,6466,0,0,1,Pedestrian
37,82.0,867.0,167.0,935.0,6467,0,0,1,Pedestrian
37,82.0,867.0,165.0,935.0,6468,0,0,1,Pedestrian
37,79.0,867.0,162.0,935.0,6469,0,0,1,Pedestrian
37,79.0,867.0,162.0,935.0,6470,0,0,1,Pedestrian
37,77.0,867.0,159.0,935.0,6471,0,0,1,Pedestrian
37,77.0,867.0,159.0,935.0,6472,0,0,1,Pedestrian
37,74.0,867.0,156.0,935.0,6473,0,0,1,Pedestrian
37,74.0,867.0,156.0,935.0,6474,0,0,1,Pedestrian
37,71.0,869.0,154.0,938.0,6475,0,0,1,Pedestrian
37,71.0,869.0,151.0,938.0,6476,0,0,1,Pedestrian
37,68.0,869.0,151.0,938.0,6477,0,0,1,Pedestrian
37,68.0,869.0,148.0,938.0,6478,0,0,1,Pedestrian
37,66.0,869.0,148.0,938.0,6479,0,0,1,Pedestrian
37,66.0,869.0,145.0,938.0,6480,0,0,1,Pedestrian
37,63.0,869.0,145.0,938.0,6481,0,0,1,Pedestrian
37,63.0,869.0,143.0,938.0,6482,0,0,1,Pedestrian
37,60.0,869.0,140.0,938.0,6483,0,0,1,Pedestrian
37,60.0,869.0,140.0,938.0,6484,0,0,1,Pedestrian
37,57.0,869.0,137.0,938.0,6485,0,0,1,Pedestrian
37,57.0,869.0,137.0,938.0,6486,0,0,1,Pedestrian
37,55.0,869.0,134.0,938.0,6487,0,0,1,Pedestrian
37,55.0,872.0,132.0,940.0,6488,0,0,1,Pedestrian
37,52.0,872.0,132.0,940.0,6489,0,0,1,Pedestrian
37,52.0,872.0,129.0,940.0,6490,0,0,1,Pedestrian
37,49.0,872.0,129.0,940.0,6491,0,0,1,Pedestrian
37,49.0,872.0,126.0,940.0,6492,0,0,1,Pedestrian
37,46.0,872.0,126.0,940.0,6493,0,0,1,Pedestrian
37,46.0,872.0,123.0,940.0,6494,0,0,1,Pedestrian
37,44.0,872.0,121.0,940.0,6495,0,0,1,Pedestrian
37,44.0,872.0,121.0,940.0,6496,0,0,1,Pedestrian
37,41.0,872.0,118.0,940.0,6497,0,0,1,Pedestrian
37,41.0,872.0,118.0,940.0,6498,0,0,1,Pedestrian
37,38.0,872.0,115.0,940.0,6499,0,0,1,Pedestrian
37,38.0,874.0,115.0,942.0,6500,0,0,0,Pedestrian
37,35.0,874.0,112.0,942.0,6501,0,0,1,Pedestrian
37,35.0,874.0,112.0,942.0,6502,0,0,1,Pedestrian
37,35.0,874.0,110.0,942.0,6503,0,0,1,Pedestrian
37,35.0,876.0,110.0,942.0,6504,0,0,1,Pedestrian
37,33.0,876.0,107.0,942.0,6505,0,0,1,Pedestrian
37,33.0,876.0,107.0,942.0,6506,0,0,1,Pedestrian
37,33.0,878.0,104.0,942.0,6507,0,0,1,Pedestrian
37,33.0,878.0,104.0,942.0,6508,0,0,1,Pedestrian
37,33.0,878.0,101.0,942.0,6509,0,0,1,Pedestrian
37,30.0,878.0,101.0,942.0,6510,0,0,1,Pedestrian
37,30.0,881.0,101.0,942.0,6511,0,0,1,Pedestrian
37,30.0,881.0,99.0,942.0,6512,0,0,1,Pedestrian
37,30.0,881.0,99.0,942.0,6513,0,0,1,Pedestrian
37,30.0,883.0,96.0,944.0,6514,0,0,1,Pedestrian
37,27.0,883.0,96.0,944.0,6515,0,0,1,Pedestrian
37,27.0,883.0,93.0,944.0,6516,0,0,1,Pedestrian
37,27.0,883.0,93.0,944.0,6517,0,0,1,Pedestrian
37,27.0,885.0,90.0,944.0,6518,0,0,1,Pedestrian
37,27.0,885.0,90.0,944.0,6519,0,0,1,Pedestrian
37,24.0,885.0,90.0,944.0,6520,0,0,1,Pedestrian
37,24.0,888.0,88.0,944.0,6521,0,0,1,Pedestrian
37,24.0,888.0,88.0,944.0,6522,0,0,1,Pedestrian
37,24.0,888.0,85.0,944.0,6523,0,0,1,Pedestrian
37,24.0,888.0,85.0,944.0,6524,0,0,1,Pedestrian
37,22.0,890.0,82.0,944.0,6525,0,0,1,Pedestrian
37,22.0,890.0,82.0,944.0,6526,0,0,1,Pedestrian
37,22.0,890.0,79.0,944.0,6527,0,0,1,Pedestrian
37,22.0,892.0,79.0,947.0,6528,0,0,1,Pedestrian
37,22.0,892.0,77.0,947.0,6529,0,0,1,Pedestrian
37,19.0,892.0,77.0,947.0,6530,0,0,1,Pedestrian
37,19.0,892.0,77.0,947.0,6531,0,0,1,Pedestrian
37,19.0,894.0,74.0,947.0,6532,0,0,1,Pedestrian
37,19.0,894.0,74.0,947.0,6533,0,0,1,Pedestrian
37,19.0,894.0,71.0,947.0,6534,0,0,1,Pedestrian
37,16.0,897.0,71.0,947.0,6535,0,0,1,Pedestrian
37,16.0,897.0,68.0,947.0,6536,0,0,1,Pedestrian
37,16.0,897.0,68.0,947.0,6537,0,0,1,Pedestrian
37,16.0,899.0,66.0,947.0,6538,0,0,1,Pedestrian
37,16.0,899.0,66.0,947.0,6539,0,0,1,Pedestrian
37,13.0,899.0,66.0,947.0,6540,0,0,1,Pedestrian
37,13.0,899.0,63.0,947.0,6541,0,0,1,Pedestrian
37,13.0,901.0,63.0,949.0,6542,0,0,1,Pedestrian
37,13.0,901.0,60.0,949.0,6543,0,0,1,Pedestrian
37,13.0,901.0,60.0,949.0,6544,0,0,1,Pedestrian
37,11.0,904.0,57.0,949.0,6545,0,0,1,Pedestrian
37,11.0,904.0,57.0,949.0,6546,0,0,1,Pedestrian
37,11.0,904.0,55.0,949.0,6547,0,0,1,Pedestrian
37,11.0,904.0,55.0,949.0,6548,0,0,1,Pedestrian
37,11.0,906.0,52.0,949.0,6549,0,0,1,Pedestrian
37,8.0,906.0,52.0,949.0,6550,0,0,1,Pedestrian
37,8.0,906.0,52.0,949.0,6551,0,0,1,Pedestrian
37,8.0,908.0,49.0,949.0,6552,0,0,1,Pedestrian
37,8.0,908.0,49.0,949.0,6553,0,0,1,Pedestrian
37,8.0,908.0,46.0,949.0,6554,0,0,1,Pedestrian
37,5.0,908.0,46.0,949.0,6555,0,0,1,Pedestrian
37,5.0,910.0,44.0,951.0,6556,0,0,1,Pedestrian
37,5.0,910.0,44.0,951.0,6557,0,0,1,Pedestrian
37,5.0,910.0,41.0,951.0,6558,0,0,1,Pedestrian
37,5.0,913.0,41.0,951.0,6559,0,0,1,Pedestrian
37,2.0,913.0,41.0,951.0,6560,0,0,1,Pedestrian
37,2.0,913.0,38.0,951.0,6561,0,0,1,Pedestrian
37,2.0,913.0,38.0,951.0,6562,0,0,1,Pedestrian
37,2.0,915.0,35.0,951.0,6563,0,0,1,Pedestrian
37,2.0,915.0,35.0,951.0,6564,0,0,1,Pedestrian
37,0.0,915.0,33.0,951.0,6565,0,0,1,Pedestrian
37,0.0,917.0,33.0,951.0,6566,0,0,1,Pedestrian
37,0.0,917.0,30.0,951.0,6567,0,0,1,Pedestrian
37,0.0,917.0,30.0,951.0,6568,0,0,1,Pedestrian
37,0.0,919.0,30.0,954.0,6569,1,0,0,Pedestrian
37,0.0,919.0,30.0,954.0,6570,1,0,1,Pedestrian
37,0.0,919.0,30.0,954.0,6571,1,0,1,Pedestrian
37,0.0,919.0,30.0,954.0,6572,1,0,1,Pedestrian
37,0.0,919.0,30.0,954.0,6573,1,0,1,Pedestrian
37,0.0,919.0,30.0,954.0,6574,1,0,1,Pedestrian
37,0.0,919.0,30.0,954.0,6575,1,0,1,Pedestrian
37,0.0,919.0,30.0,954.0,6576,1,0,1,Pedestrian
37,0.0,919.0,30.0,954.0,6577,1,0,1,Pedestrian
37,0.0,919.0,30.0,954.0,6578,1,0,1,Pedestrian
37,0.0,919.0,30.0,954.0,6579,1,0,0,Pedestrian
37,0.0,919.0,30.0,954.0,6580,1,0,1,Pedestrian
37,0.0,919.0,30.0,954.0,6581,1,0,1,Pedestrian
37,0.0,919.0,30.0,954.0,6582,1,0,1,Pedestrian
37,0.0,919.0,30.0,954.0,6583,1,0,1,Pedestrian
37,0.0,919.0,30.0,954.0,6584,1,0,1,Pedestrian
37,0.0,919.0,30.0,954.0,6585,1,0,1,Pedestrian
37,0.0,919.0,30.0,954.0,6586,1,0,1,Pedestrian
37,0.0,919.0,30.0,954.0,6587,1,0,1,Pedestrian
37,0.0,919.0,30.0,954.0,6588,1,0,1,Pedestrian
37,0.0,919.0,30.0,954.0,6589,1,0,1,Pedestrian
37,0.0,919.0,30.0,954.0,6590,1,0,1,Pedestrian
37,0.0,919.0,30.0,954.0,6591,1,0,1,Pedestrian
37,0.0,919.0,30.0,954.0,6592,1,0,1,Pedestrian
37,0.0,919.0,30.0,954.0,6593,1,0,1,Pedestrian
37,0.0,919.0,30.0,954.0,6594,1,0,1,Pedestrian
37,0.0,919.0,30.0,954.0,6595,1,0,1,Pedestrian
37,0.0,919.0,30.0,954.0,6596,1,0,1,Pedestrian
37,0.0,919.0,30.0,954.0,6597,1,0,1,Pedestrian
37,0.0,919.0,30.0,954.0,6598,1,0,1,Pedestrian
37,0.0,919.0,30.0,954.0,6599,1,0,1,Pedestrian
37,0.0,919.0,30.0,954.0,6600,1,0,1,Pedestrian
37,0.0,919.0,30.0,954.0,6601,1,0,1,Pedestrian
37,0.0,919.0,30.0,954.0,6602,1,0,1,Pedestrian
37,0.0,919.0,30.0,954.0,6603,1,0,1,Pedestrian
37,0.0,919.0,30.0,954.0,6604,1,0,1,Pedestrian
37,0.0,919.0,30.0,954.0,6605,1,0,1,Pedestrian
37,0.0,919.0,30.0,954.0,6606,1,0,1,Pedestrian
37,0.0,919.0,30.0,954.0,6607,1,0,1,Pedestrian
37,0.0,919.0,30.0,954.0,6608,1,0,1,Pedestrian
37,0.0,919.0,30.0,954.0,6609,1,0,1,Pedestrian
37,0.0,919.0,30.0,954.0,6610,1,0,1,Pedestrian
37,0.0,919.0,30.0,954.0,6611,1,0,1,Pedestrian
37,0.0,919.0,30.0,954.0,6612,1,0,1,Pedestrian
37,0.0,919.0,30.0,954.0,6613,1,0,1,Pedestrian
37,0.0,919.0,30.0,954.0,6614,1,0,1,Pedestrian
37,0.0,919.0,30.0,954.0,6615,1,0,1,Pedestrian
37,0.0,919.0,30.0,954.0,6616,1,0,1,Pedestrian
37,0.0,919.0,30.0,954.0,6617,1,0,1,Pedestrian
37,0.0,919.0,30.0,954.0,6618,1,0,1,Pedestrian
37,0.0,919.0,30.0,954.0,6619,1,0,1,Pedestrian
37,0.0,919.0,30.0,954.0,6620,1,0,1,Pedestrian
37,0.0,919.0,30.0,954.0,6621,1,0,1,Pedestrian
37,0.0,919.0,30.0,954.0,6622,1,0,1,Pedestrian
37,0.0,919.0,30.0,954.0,6623,1,0,1,Pedestrian
37,0.0,919.0,30.0,954.0,6624,1,0,1,Pedestrian
37,0.0,919.0,30.0,954.0,6625,1,0,1,Pedestrian
37,0.0,919.0,30.0,954.0,6626,1,0,1,Pedestrian
37,0.0,919.0,30.0,954.0,6627,1,0,1,Pedestrian
37,0.0,919.0,30.0,954.0,6628,1,0,1,Pedestrian
37,0.0,919.0,30.0,954.0,6629,1,0,1,Pedestrian
37,0.0,919.0,30.0,954.0,6630,1,0,1,Pedestrian
37,0.0,919.0,30.0,954.0,6631,1,0,1,Pedestrian
37,0.0,919.0,30.0,954.0,6632,1,0,1,Pedestrian
37,0.0,919.0,30.0,954.0,6633,1,0,1,Pedestrian
37,0.0,919.0,30.0,954.0,6634,1,0,1,Pedestrian
37,0.0,919.0,30.0,954.0,6635,1,0,1,Pedestrian
37,0.0,919.0,30.0,954.0,6636,1,0,1,Pedestrian
37,0.0,919.0,30.0,954.0,6637,1,0,1,Pedestrian
37,0.0,919.0,30.0,954.0,6638,1,0,1,Pedestrian
37,0.0,919.0,30.0,954.0,6639,1,0,1,Pedestrian
37,0.0,919.0,30.0,954.0,6640,1,0,1,Pedestrian
37,0.0,919.0,30.0,954.0,6641,1,0,1,Pedestrian
37,0.0,919.0,30.0,954.0,6642,1,0,1,Pedestrian
37,0.0,919.0,30.0,954.0,6643,1,0,1,Pedestrian
37,0.0,919.0,30.0,954.0,6644,1,0,1,Pedestrian
37,0.0,919.0,30.0,954.0,6645,1,0,1,Pedestrian
37,0.0,919.0,30.0,954.0,6646,1,0,1,Pedestrian
37,0.0,919.0,30.0,954.0,6647,1,0,1,Pedestrian
37,0.0,919.0,30.0,954.0,6648,1,0,1,Pedestrian
37,0.0,919.0,30.0,954.0,6649,1,0,1,Pedestrian
37,0.0,919.0,30.0,954.0,6650,1,0,1,Pedestrian
37,0.0,919.0,30.0,954.0,6651,1,0,1,Pedestrian
37,0.0,919.0,30.0,954.0,6652,1,0,1,Pedestrian
37,0.0,919.0,30.0,954.0,6653,1,0,1,Pedestrian
37,0.0,919.0,30.0,954.0,6654,1,0,1,Pedestrian
37,0.0,919.0,30.0,954.0,6655,1,0,1,Pedestrian
37,0.0,919.0,30.0,954.0,6656,1,0,1,Pedestrian
37,0.0,919.0,30.0,954.0,6657,1,0,1,Pedestrian
37,0.0,919.0,30.0,954.0,6658,1,0,1,Pedestrian
37,0.0,919.0,30.0,954.0,6659,1,0,1,Pedestrian
37,0.0,919.0,30.0,954.0,6660,1,0,1,Pedestrian
37,0.0,919.0,30.0,954.0,6661,1,0,1,Pedestrian
37,0.0,919.0,30.0,954.0,6662,1,0,1,Pedestrian
37,0.0,919.0,30.0,954.0,6663,1,0,1,Pedestrian
37,0.0,919.0,30.0,954.0,6664,1,0,1,Pedestrian
37,0.0,919.0,30.0,954.0,6665,1,0,1,Pedestrian
37,0.0,919.0,30.0,954.0,6666,1,0,1,Pedestrian
37,0.0,919.0,30.0,954.0,6667,1,0,1,Pedestrian
37,0.0,919.0,30.0,954.0,6668,1,0,1,Pedestrian
37,0.0,919.0,30.0,954.0,6669,1,0,1,Pedestrian
37,0.0,919.0,30.0,954.0,6670,1,0,1,Pedestrian
37,0.0,919.0,30.0,954.0,6671,1,0,1,Pedestrian
37,0.0,919.0,30.0,954.0,6672,1,0,1,Pedestrian
37,0.0,919.0,30.0,954.0,6673,1,0,1,Pedestrian
37,0.0,919.0,30.0,954.0,6674,1,0,1,Pedestrian
37,0.0,919.0,30.0,954.0,6675,1,0,1,Pedestrian
37,0.0,919.0,30.0,954.0,6676,1,0,1,Pedestrian
37,0.0,919.0,30.0,954.0,6677,1,0,1,Pedestrian
37,0.0,919.0,30.0,954.0,6678,1,0,1,Pedestrian
37,0.0,919.0,30.0,954.0,6679,1,0,1,Pedestrian
37,0.0,919.0,30.0,954.0,6680,1,0,1,Pedestrian
37,0.0,919.0,30.0,954.0,6681,1,0,1,Pedestrian
37,0.0,919.0,30.0,954.0,6682,1,0,1,Pedestrian
37,0.0,919.0,30.0,954.0,6683,1,0,1,Pedestrian
37,0.0,919.0,30.0,954.0,6684,1,0,1,Pedestrian
37,0.0,919.0,30.0,954.0,6685,1,0,1,Pedestrian
37,0.0,919.0,30.0,954.0,6686,1,0,1,Pedestrian
37,0.0,919.0,30.0,954.0,6687,1,0,1,Pedestrian
37,0.0,919.0,30.0,954.0,6688,1,0,1,Pedestrian
37,0.0,919.0,30.0,954.0,6689,1,0,1,Pedestrian
37,0.0,919.0,30.0,954.0,6690,1,0,1,Pedestrian
37,0.0,919.0,30.0,954.0,6691,1,0,1,Pedestrian
37,0.0,919.0,30.0,954.0,6692,1,0,1,Pedestrian
37,0.0,919.0,30.0,954.0,6693,1,0,1,Pedestrian
37,0.0,919.0,30.0,954.0,6694,1,0,1,Pedestrian
37,0.0,919.0,30.0,954.0,6695,1,0,1,Pedestrian
37,0.0,919.0,30.0,954.0,6696,1,0,1,Pedestrian
37,0.0,919.0,30.0,954.0,6697,1,0,1,Pedestrian
37,0.0,919.0,30.0,954.0,6698,1,0,1,Pedestrian
37,0.0,919.0,30.0,954.0,6699,1,0,1,Pedestrian
37,0.0,919.0,30.0,954.0,6700,1,0,1,Pedestrian
37,0.0,919.0,30.0,954.0,6701,1,0,1,Pedestrian
37,0.0,919.0,30.0,954.0,6702,1,0,1,Pedestrian
37,0.0,919.0,30.0,954.0,6703,1,0,1,Pedestrian
37,0.0,919.0,30.0,954.0,6704,1,0,1,Pedestrian
37,0.0,919.0,30.0,954.0,6705,1,0,1,Pedestrian
37,0.0,919.0,30.0,954.0,6706,1,0,1,Pedestrian
37,0.0,919.0,30.0,954.0,6707,1,0,1,Pedestrian
37,0.0,919.0,30.0,954.0,6708,1,0,1,Pedestrian
37,0.0,919.0,30.0,954.0,6709,1,0,1,Pedestrian
37,0.0,919.0,30.0,954.0,6710,1,0,1,Pedestrian
37,0.0,919.0,30.0,954.0,6711,1,0,1,Pedestrian
37,0.0,919.0,30.0,954.0,6712,1,0,1,Pedestrian
37,0.0,919.0,30.0,954.0,6713,1,0,1,Pedestrian
37,0.0,919.0,30.0,954.0,6714,1,0,1,Pedestrian
37,0.0,919.0,30.0,954.0,6715,1,0,1,Pedestrian
37,0.0,919.0,30.0,954.0,6716,1,0,1,Pedestrian
37,0.0,919.0,30.0,954.0,6717,1,0,1,Pedestrian
37,0.0,919.0,30.0,954.0,6718,1,0,1,Pedestrian
37,0.0,919.0,30.0,954.0,6719,1,0,1,Pedestrian
37,0.0,919.0,30.0,954.0,6720,1,0,1,Pedestrian
37,0.0,919.0,30.0,954.0,6721,1,0,1,Pedestrian
37,0.0,919.0,30.0,954.0,6722,1,0,1,Pedestrian
37,0.0,919.0,30.0,954.0,6723,1,0,1,Pedestrian
37,0.0,919.0,30.0,954.0,6724,1,0,1,Pedestrian
37,0.0,919.0,30.0,954.0,6725,1,0,1,Pedestrian
37,0.0,919.0,30.0,954.0,6726,1,0,1,Pedestrian
37,0.0,919.0,30.0,954.0,6727,1,0,1,Pedestrian
37,0.0,919.0,30.0,954.0,6728,1,0,1,Pedestrian
37,0.0,919.0,30.0,954.0,6729,1,0,1,Pedestrian
37,0.0,919.0,30.0,954.0,6730,1,0,1,Pedestrian
37,0.0,919.0,30.0,954.0,6731,1,0,1,Pedestrian
37,0.0,919.0,30.0,954.0,6732,1,0,1,Pedestrian
37,0.0,919.0,30.0,954.0,6733,1,0,1,Pedestrian
37,0.0,919.0,30.0,954.0,6734,1,0,1,Pedestrian
37,0.0,919.0,30.0,954.0,6735,1,0,1,Pedestrian
37,0.0,919.0,30.0,954.0,6736,1,0,1,Pedestrian
37,0.0,919.0,30.0,954.0,6737,1,0,1,Pedestrian
37,0.0,919.0,30.0,954.0,6738,1,0,1,Pedestrian
37,0.0,919.0,30.0,954.0,6739,1,0,1,Pedestrian
37,0.0,919.0,30.0,954.0,6740,1,0,1,Pedestrian
37,0.0,919.0,30.0,954.0,6741,1,0,1,Pedestrian
37,0.0,919.0,30.0,954.0,6742,1,0,1,Pedestrian
37,0.0,919.0,30.0,954.0,6743,1,0,1,Pedestrian
37,0.0,919.0,30.0,954.0,6744,1,0,1,Pedestrian
37,0.0,919.0,30.0,954.0,6745,1,0,1,Pedestrian
37,0.0,919.0,30.0,954.0,6746,1,0,1,Pedestrian
37,0.0,919.0,30.0,954.0,6747,1,0,1,Pedestrian
37,0.0,919.0,30.0,954.0,6748,1,0,1,Pedestrian
37,0.0,919.0,30.0,954.0,6749,1,0,1,Pedestrian
37,0.0,919.0,30.0,954.0,6750,1,0,1,Pedestrian
37,0.0,919.0,30.0,954.0,6751,1,0,1,Pedestrian
37,0.0,919.0,30.0,954.0,6752,1,0,1,Pedestrian
37,0.0,919.0,30.0,954.0,6753,1,0,1,Pedestrian
37,0.0,919.0,30.0,954.0,6754,1,0,1,Pedestrian
37,0.0,919.0,30.0,954.0,6755,1,0,1,Pedestrian
37,0.0,919.0,30.0,954.0,6756,1,0,1,Pedestrian
37,0.0,919.0,30.0,954.0,6757,1,0,1,Pedestrian
37,0.0,919.0,30.0,954.0,6758,1,0,1,Pedestrian
37,0.0,919.0,30.0,954.0,6759,1,0,1,Pedestrian
37,0.0,919.0,30.0,954.0,6760,1,0,1,Pedestrian
37,0.0,919.0,30.0,954.0,6761,1,0,1,Pedestrian
37,0.0,919.0,30.0,954.0,6762,1,0,1,Pedestrian
37,0.0,919.0,30.0,954.0,6763,1,0,1,Pedestrian
37,0.0,919.0,30.0,954.0,6764,1,0,1,Pedestrian
37,0.0,919.0,30.0,954.0,6765,1,0,1,Pedestrian
37,0.0,919.0,30.0,954.0,6766,1,0,1,Pedestrian
37,0.0,919.0,30.0,954.0,6767,1,0,1,Pedestrian
37,0.0,919.0,30.0,954.0,6768,1,0,1,Pedestrian
37,0.0,919.0,30.0,954.0,6769,1,0,1,Pedestrian
37,0.0,919.0,30.0,954.0,6770,1,0,1,Pedestrian
37,0.0,919.0,30.0,954.0,6771,1,0,1,Pedestrian
37,0.0,919.0,30.0,954.0,6772,1,0,1,Pedestrian
37,0.0,919.0,30.0,954.0,6773,1,0,1,Pedestrian
37,0.0,919.0,30.0,954.0,6774,1,0,1,Pedestrian
37,0.0,919.0,30.0,954.0,6775,1,0,1,Pedestrian
37,0.0,919.0,30.0,954.0,6776,1,0,1,Pedestrian
37,0.0,919.0,30.0,954.0,6777,1,0,1,Pedestrian
37,0.0,919.0,30.0,954.0,6778,1,0,1,Pedestrian
37,0.0,919.0,30.0,954.0,6779,1,0,1,Pedestrian
37,0.0,919.0,30.0,954.0,6780,1,0,1,Pedestrian
37,0.0,919.0,30.0,954.0,6781,1,0,1,Pedestrian
37,0.0,919.0,30.0,954.0,6782,1,0,1,Pedestrian
37,0.0,919.0,30.0,954.0,6783,1,0,1,Pedestrian
37,0.0,919.0,30.0,954.0,6784,1,0,1,Pedestrian
37,0.0,919.0,30.0,954.0,6785,1,0,1,Pedestrian
37,0.0,919.0,30.0,954.0,6786,1,0,1,Pedestrian
37,0.0,919.0,30.0,954.0,6787,1,0,1,Pedestrian
37,0.0,919.0,30.0,954.0,6788,1,0,1,Pedestrian
37,0.0,919.0,30.0,954.0,6789,1,0,1,Pedestrian
37,0.0,919.0,30.0,954.0,6790,1,0,1,Pedestrian
37,0.0,919.0,30.0,954.0,6791,1,0,1,Pedestrian
37,0.0,919.0,30.0,954.0,6792,1,0,1,Pedestrian
37,0.0,919.0,30.0,954.0,6793,1,0,1,Pedestrian
37,0.0,919.0,30.0,954.0,6794,1,0,1,Pedestrian
37,0.0,919.0,30.0,954.0,6795,1,0,1,Pedestrian
37,0.0,919.0,30.0,954.0,6796,1,0,1,Pedestrian
37,0.0,919.0,30.0,954.0,6797,1,0,1,Pedestrian
37,0.0,919.0,30.0,954.0,6798,1,0,1,Pedestrian
37,0.0,919.0,30.0,954.0,6799,1,0,1,Pedestrian
37,0.0,919.0,30.0,954.0,6800,1,0,1,Pedestrian
37,0.0,919.0,30.0,954.0,6801,1,0,1,Pedestrian
37,0.0,919.0,30.0,954.0,6802,1,0,1,Pedestrian
37,0.0,919.0,30.0,954.0,6803,1,0,1,Pedestrian
37,0.0,919.0,30.0,954.0,6804,1,0,1,Pedestrian
37,0.0,919.0,30.0,954.0,6805,1,0,1,Pedestrian
37,0.0,919.0,30.0,954.0,6806,1,0,1,Pedestrian
37,0.0,919.0,30.0,954.0,6807,1,0,1,Pedestrian
37,0.0,919.0,30.0,954.0,6808,1,0,1,Pedestrian
37,0.0,919.0,30.0,954.0,6809,1,0,1,Pedestrian
37,0.0,919.0,30.0,954.0,6810,1,0,1,Pedestrian
37,0.0,919.0,30.0,954.0,6811,1,0,1,Pedestrian
37,0.0,919.0,30.0,954.0,6812,1,0,1,Pedestrian
37,0.0,919.0,30.0,954.0,6813,1,0,1,Pedestrian
37,0.0,919.0,30.0,954.0,6814,1,0,1,Pedestrian
37,0.0,919.0,30.0,954.0,6815,1,0,1,Pedestrian
37,0.0,919.0,30.0,954.0,6816,1,0,1,Pedestrian
37,0.0,919.0,30.0,954.0,6817,1,0,1,Pedestrian
37,0.0,919.0,30.0,954.0,6818,1,0,1,Pedestrian
37,0.0,919.0,30.0,954.0,6819,1,0,1,Pedestrian
37,0.0,919.0,30.0,954.0,6820,1,0,1,Pedestrian
37,0.0,919.0,30.0,954.0,6821,1,0,1,Pedestrian
37,0.0,919.0,30.0,954.0,6822,1,0,1,Pedestrian
37,0.0,919.0,30.0,954.0,6823,1,0,1,Pedestrian
37,0.0,919.0,30.0,954.0,6824,1,0,1,Pedestrian
37,0.0,919.0,30.0,954.0,6825,1,0,1,Pedestrian
37,0.0,919.0,30.0,954.0,6826,1,0,1,Pedestrian
37,0.0,919.0,30.0,954.0,6827,1,0,1,Pedestrian
37,0.0,919.0,30.0,954.0,6828,1,0,1,Pedestrian
37,0.0,919.0,30.0,954.0,6829,1,0,1,Pedestrian
37,0.0,919.0,30.0,954.0,6830,1,0,1,Pedestrian
37,0.0,919.0,30.0,954.0,6831,1,0,1,Pedestrian
37,0.0,919.0,30.0,954.0,6832,1,0,1,Pedestrian
37,0.0,919.0,30.0,954.0,6833,1,0,1,Pedestrian
37,0.0,919.0,30.0,954.0,6834,1,0,1,Pedestrian
37,0.0,919.0,30.0,954.0,6835,1,0,1,Pedestrian
37,0.0,919.0,30.0,954.0,6836,1,0,1,Pedestrian
37,0.0,919.0,30.0,954.0,6837,1,0,1,Pedestrian
37,0.0,919.0,30.0,954.0,6838,1,0,1,Pedestrian
37,0.0,919.0,30.0,954.0,6839,1,0,1,Pedestrian
37,0.0,919.0,30.0,954.0,6840,1,0,1,Pedestrian
37,0.0,919.0,30.0,954.0,6841,1,0,1,Pedestrian
37,0.0,919.0,30.0,954.0,6842,1,0,1,Pedestrian
37,0.0,919.0,30.0,954.0,6843,1,0,1,Pedestrian
37,0.0,919.0,30.0,954.0,6844,1,0,1,Pedestrian
37,0.0,919.0,30.0,954.0,6845,1,0,1,Pedestrian
37,0.0,919.0,30.0,954.0,6846,1,0,1,Pedestrian
37,0.0,919.0,30.0,954.0,6847,1,0,1,Pedestrian
37,0.0,919.0,30.0,954.0,6848,1,0,1,Pedestrian
37,0.0,919.0,30.0,954.0,6849,1,0,1,Pedestrian
37,0.0,919.0,30.0,954.0,6850,1,0,1,Pedestrian
37,0.0,919.0,30.0,954.0,6851,1,0,1,Pedestrian
37,0.0,919.0,30.0,954.0,6852,1,0,1,Pedestrian
37,0.0,919.0,30.0,954.0,6853,1,0,1,Pedestrian
37,0.0,919.0,30.0,954.0,6854,1,0,1,Pedestrian
37,0.0,919.0,30.0,954.0,6855,1,0,1,Pedestrian
37,0.0,919.0,30.0,954.0,6856,1,0,1,Pedestrian
37,0.0,919.0,30.0,954.0,6857,1,0,1,Pedestrian
37,0.0,919.0,30.0,954.0,6858,1,0,1,Pedestrian
37,0.0,919.0,30.0,954.0,6859,1,0,1,Pedestrian
37,0.0,919.0,30.0,954.0,6860,1,0,1,Pedestrian
37,0.0,919.0,30.0,954.0,6861,1,0,1,Pedestrian
37,0.0,919.0,30.0,954.0,6862,1,0,1,Pedestrian
37,0.0,919.0,30.0,954.0,6863,1,0,1,Pedestrian
37,0.0,919.0,30.0,954.0,6864,1,0,1,Pedestrian
37,0.0,919.0,30.0,954.0,6865,1,0,1,Pedestrian
37,0.0,919.0,30.0,954.0,6866,1,0,1,Pedestrian
37,0.0,919.0,30.0,954.0,6867,1,0,1,Pedestrian
37,0.0,919.0,30.0,954.0,6868,1,0,1,Pedestrian
37,0.0,919.0,30.0,954.0,6869,1,0,1,Pedestrian
37,0.0,919.0,30.0,954.0,6870,1,0,1,Pedestrian
37,0.0,919.0,30.0,954.0,6871,1,0,1,Pedestrian
37,0.0,919.0,30.0,954.0,6872,1,0,1,Pedestrian
37,0.0,919.0,30.0,954.0,6873,1,0,1,Pedestrian
37,0.0,919.0,30.0,954.0,6874,1,0,1,Pedestrian
37,0.0,919.0,30.0,954.0,6875,1,0,1,Pedestrian
37,0.0,919.0,30.0,954.0,6876,1,0,1,Pedestrian
37,0.0,919.0,30.0,954.0,6877,1,0,1,Pedestrian
37,0.0,919.0,30.0,954.0,6878,1,0,1,Pedestrian
37,0.0,919.0,30.0,954.0,6879,1,0,1,Pedestrian
37,0.0,919.0,30.0,954.0,6880,1,0,1,Pedestrian
37,0.0,919.0,30.0,954.0,6881,1,0,1,Pedestrian
37,0.0,919.0,30.0,954.0,6882,1,0,1,Pedestrian
37,0.0,919.0,30.0,954.0,6883,1,0,1,Pedestrian
37,0.0,919.0,30.0,954.0,6884,1,0,1,Pedestrian
37,0.0,919.0,30.0,954.0,6885,1,0,1,Pedestrian
37,0.0,919.0,30.0,954.0,6886,1,0,1,Pedestrian
37,0.0,919.0,30.0,954.0,6887,1,0,1,Pedestrian
37,0.0,919.0,30.0,954.0,6888,1,0,1,Pedestrian
37,0.0,919.0,30.0,954.0,6889,1,0,1,Pedestrian
37,0.0,919.0,30.0,954.0,6890,1,0,1,Pedestrian
37,0.0,919.0,30.0,954.0,6891,1,0,1,Pedestrian
37,0.0,919.0,30.0,954.0,6892,1,0,1,Pedestrian
37,0.0,919.0,30.0,954.0,6893,1,0,1,Pedestrian
37,0.0,919.0,30.0,954.0,6894,1,0,1,Pedestrian
37,0.0,919.0,30.0,954.0,6895,1,0,1,Pedestrian
37,0.0,919.0,30.0,954.0,6896,1,0,1,Pedestrian
37,0.0,919.0,30.0,954.0,6897,1,0,1,Pedestrian
37,0.0,919.0,30.0,954.0,6898,1,0,1,Pedestrian
37,0.0,919.0,30.0,954.0,6899,1,0,1,Pedestrian
37,0.0,919.0,30.0,954.0,6900,1,0,1,Pedestrian
37,0.0,919.0,30.0,954.0,6901,1,0,1,Pedestrian
37,0.0,919.0,30.0,954.0,6902,1,0,1,Pedestrian
37,0.0,919.0,30.0,954.0,6903,1,0,1,Pedestrian
37,0.0,919.0,30.0,954.0,6904,1,0,1,Pedestrian
37,0.0,919.0,30.0,954.0,6905,1,0,1,Pedestrian
37,0.0,919.0,30.0,954.0,6906,1,0,1,Pedestrian
37,0.0,919.0,30.0,954.0,6907,1,0,1,Pedestrian
37,0.0,919.0,30.0,954.0,6908,1,0,1,Pedestrian
37,0.0,919.0,30.0,954.0,6909,1,0,1,Pedestrian
37,0.0,919.0,30.0,954.0,6910,1,0,1,Pedestrian
37,0.0,919.0,30.0,954.0,6911,1,0,1,Pedestrian
37,0.0,919.0,30.0,954.0,6912,1,0,1,Pedestrian
37,0.0,919.0,30.0,954.0,6913,1,0,1,Pedestrian
37,0.0,919.0,30.0,954.0,6914,1,0,1,Pedestrian
37,0.0,919.0,30.0,954.0,6915,1,0,1,Pedestrian
37,0.0,919.0,30.0,954.0,6916,1,0,1,Pedestrian
37,0.0,919.0,30.0,954.0,6917,1,0,1,Pedestrian
37,0.0,919.0,30.0,954.0,6918,1,0,1,Pedestrian
37,0.0,919.0,30.0,954.0,6919,1,0,1,Pedestrian
37,0.0,919.0,30.0,954.0,6920,1,0,1,Pedestrian
37,0.0,919.0,30.0,954.0,6921,1,0,1,Pedestrian
37,0.0,919.0,30.0,954.0,6922,1,0,1,Pedestrian
37,0.0,919.0,30.0,954.0,6923,1,0,1,Pedestrian
37,0.0,919.0,30.0,954.0,6924,1,0,1,Pedestrian
37,0.0,919.0,30.0,954.0,6925,1,0,1,Pedestrian
37,0.0,919.0,30.0,954.0,6926,1,0,1,Pedestrian
37,0.0,919.0,30.0,954.0,6927,1,0,1,Pedestrian
37,0.0,919.0,30.0,954.0,6928,1,0,1,Pedestrian
37,0.0,919.0,30.0,954.0,6929,1,0,1,Pedestrian
37,0.0,919.0,30.0,954.0,6930,1,0,1,Pedestrian
37,0.0,919.0,30.0,954.0,6931,1,0,1,Pedestrian
37,0.0,919.0,30.0,954.0,6932,1,0,1,Pedestrian
37,0.0,919.0,30.0,954.0,6933,1,0,1,Pedestrian
37,0.0,919.0,30.0,954.0,6934,1,0,1,Pedestrian
37,0.0,919.0,30.0,954.0,6935,1,0,1,Pedestrian
37,0.0,919.0,30.0,954.0,6936,1,0,1,Pedestrian
37,0.0,919.0,30.0,954.0,6937,1,0,1,Pedestrian
37,0.0,919.0,30.0,954.0,6938,1,0,1,Pedestrian
37,0.0,919.0,30.0,954.0,6939,1,0,1,Pedestrian
37,0.0,919.0,30.0,954.0,6940,1,0,1,Pedestrian
37,0.0,919.0,30.0,954.0,6941,1,0,1,Pedestrian
37,0.0,919.0,30.0,954.0,6942,1,0,1,Pedestrian
37,0.0,919.0,30.0,954.0,6943,1,0,1,Pedestrian
37,0.0,919.0,30.0,954.0,6944,1,0,1,Pedestrian
37,0.0,919.0,30.0,954.0,6945,1,0,1,Pedestrian
37,0.0,919.0,30.0,954.0,6946,1,0,1,Pedestrian
37,0.0,919.0,30.0,954.0,6947,1,0,1,Pedestrian
37,0.0,919.0,30.0,954.0,6948,1,0,1,Pedestrian
37,0.0,919.0,30.0,954.0,6949,1,0,1,Pedestrian
37,0.0,919.0,30.0,954.0,6950,1,0,1,Pedestrian
37,0.0,919.0,30.0,954.0,6951,1,0,1,Pedestrian
37,0.0,919.0,30.0,954.0,6952,1,0,1,Pedestrian
37,0.0,919.0,30.0,954.0,6953,1,0,1,Pedestrian
37,0.0,919.0,30.0,954.0,6954,1,0,1,Pedestrian
37,0.0,919.0,30.0,954.0,6955,1,0,1,Pedestrian
37,0.0,919.0,30.0,954.0,6956,1,0,1,Pedestrian
37,0.0,919.0,30.0,954.0,6957,1,0,1,Pedestrian
37,0.0,919.0,30.0,954.0,6958,1,0,1,Pedestrian
37,0.0,919.0,30.0,954.0,6959,1,0,1,Pedestrian
37,0.0,919.0,30.0,954.0,6960,1,0,1,Pedestrian
37,0.0,919.0,30.0,954.0,6961,1,0,1,Pedestrian
37,0.0,919.0,30.0,954.0,6962,1,0,1,Pedestrian
37,0.0,919.0,30.0,954.0,6963,1,0,1,Pedestrian
37,0.0,919.0,30.0,954.0,6964,1,0,1,Pedestrian
37,0.0,919.0,30.0,954.0,6965,1,0,1,Pedestrian
37,0.0,919.0,30.0,954.0,6966,1,0,1,Pedestrian
37,0.0,919.0,30.0,954.0,6967,1,0,1,Pedestrian
37,0.0,919.0,30.0,954.0,6968,1,0,1,Pedestrian
37,0.0,919.0,30.0,954.0,6969,1,0,1,Pedestrian
37,0.0,919.0,30.0,954.0,6970,1,0,1,Pedestrian
37,0.0,919.0,30.0,954.0,6971,1,0,1,Pedestrian
37,0.0,919.0,30.0,954.0,6972,1,0,1,Pedestrian
37,0.0,919.0,30.0,954.0,6973,1,0,1,Pedestrian
37,0.0,919.0,30.0,954.0,6974,1,0,1,Pedestrian
37,0.0,919.0,30.0,954.0,6975,1,0,1,Pedestrian
37,0.0,919.0,30.0,954.0,6976,1,0,1,Pedestrian
37,0.0,919.0,30.0,954.0,6977,1,0,1,Pedestrian
37,0.0,919.0,30.0,954.0,6978,1,0,1,Pedestrian
37,0.0,919.0,30.0,954.0,6979,1,0,1,Pedestrian
37,0.0,919.0,30.0,954.0,6980,1,0,1,Pedestrian
37,0.0,919.0,30.0,954.0,6981,1,0,1,Pedestrian
37,0.0,919.0,30.0,954.0,6982,1,0,1,Pedestrian
37,0.0,919.0,30.0,954.0,6983,1,0,1,Pedestrian
37,0.0,919.0,30.0,954.0,6984,1,0,1,Pedestrian
37,0.0,919.0,30.0,954.0,6985,1,0,1,Pedestrian
37,0.0,919.0,30.0,954.0,6986,1,0,1,Pedestrian
37,0.0,919.0,30.0,954.0,6987,1,0,1,Pedestrian
37,0.0,919.0,30.0,954.0,6988,1,0,1,Pedestrian
37,0.0,919.0,30.0,954.0,6989,1,0,1,Pedestrian
37,0.0,919.0,30.0,954.0,6990,1,0,1,Pedestrian
37,0.0,919.0,30.0,954.0,6991,1,0,1,Pedestrian
37,0.0,919.0,30.0,954.0,6992,1,0,1,Pedestrian
37,0.0,919.0,30.0,954.0,6993,1,0,1,Pedestrian
37,0.0,919.0,30.0,954.0,6994,1,0,1,Pedestrian
37,0.0,919.0,30.0,954.0,6995,1,0,1,Pedestrian
37,0.0,919.0,30.0,954.0,6996,1,0,1,Pedestrian
37,0.0,919.0,30.0,954.0,6997,1,0,1,Pedestrian
37,0.0,919.0,30.0,954.0,6998,1,0,1,Pedestrian
37,0.0,919.0,30.0,954.0,6999,1,0,1,Pedestrian
37,0.0,919.0,30.0,954.0,7000,1,0,1,Pedestrian
37,0.0,919.0,30.0,954.0,7001,1,0,1,Pedestrian
37,0.0,919.0,30.0,954.0,7002,1,0,1,Pedestrian
37,0.0,919.0,30.0,954.0,7003,1,0,1,Pedestrian
37,0.0,919.0,30.0,954.0,7004,1,0,1,Pedestrian
37,0.0,919.0,30.0,954.0,7005,1,0,1,Pedestrian
37,0.0,919.0,30.0,954.0,7006,1,0,1,Pedestrian
37,0.0,919.0,30.0,954.0,7007,1,0,1,Pedestrian
37,0.0,919.0,30.0,954.0,7008,1,0,1,Pedestrian
37,0.0,919.0,30.0,954.0,7009,1,0,1,Pedestrian
37,0.0,919.0,30.0,954.0,7010,1,0,1,Pedestrian
37,0.0,919.0,30.0,954.0,7011,1,0,1,Pedestrian
37,0.0,919.0,30.0,954.0,7012,1,0,1,Pedestrian
37,0.0,919.0,30.0,954.0,7013,1,0,1,Pedestrian
37,0.0,919.0,30.0,954.0,7014,1,0,1,Pedestrian
37,0.0,919.0,30.0,954.0,7015,1,0,1,Pedestrian
37,0.0,919.0,30.0,954.0,7016,1,0,1,Pedestrian
37,0.0,919.0,30.0,954.0,7017,1,0,1,Pedestrian
37,0.0,919.0,30.0,954.0,7018,1,0,1,Pedestrian
37,0.0,919.0,30.0,954.0,7019,1,0,1,Pedestrian
37,0.0,919.0,30.0,954.0,7020,1,0,1,Pedestrian
37,0.0,919.0,30.0,954.0,7021,1,0,1,Pedestrian
37,0.0,919.0,30.0,954.0,7022,1,0,1,Pedestrian
37,0.0,919.0,30.0,954.0,7023,1,0,1,Pedestrian
37,0.0,919.0,30.0,954.0,7024,1,0,1,Pedestrian
37,0.0,919.0,30.0,954.0,7025,1,0,1,Pedestrian
37,0.0,919.0,30.0,954.0,7026,1,0,1,Pedestrian
37,0.0,919.0,30.0,954.0,7027,1,0,1,Pedestrian
37,0.0,919.0,30.0,954.0,7028,1,0,1,Pedestrian
37,0.0,919.0,30.0,954.0,7029,1,0,1,Pedestrian
37,0.0,919.0,30.0,954.0,7030,1,0,1,Pedestrian
37,0.0,919.0,30.0,954.0,7031,1,0,0,Pedestrian
38,209.0,776.0,321.0,849.0,4000,1,0,0,Biker
38,206.0,776.0,319.0,849.0,4001,1,0,1,Biker
38,206.0,776.0,319.0,849.0,4002,1,0,1,Biker
38,206.0,776.0,319.0,849.0,4003,1,0,1,Biker
38,206.0,776.0,319.0,849.0,4004,1,0,1,Biker
38,206.0,776.0,319.0,849.0,4005,1,0,1,Biker
38,206.0,776.0,319.0,849.0,4006,1,0,1,Biker
38,203.0,776.0,316.0,849.0,4007,1,0,1,Biker
38,203.0,776.0,316.0,849.0,4008,1,0,1,Biker
38,203.0,776.0,316.0,849.0,4009,1,0,1,Biker
38,203.0,776.0,316.0,849.0,4010,1,0,1,Biker
38,203.0,776.0,316.0,849.0,4011,1,0,1,Biker
38,203.0,776.0,316.0,849.0,4012,1,0,1,Biker
38,200.0,776.0,313.0,849.0,4013,1,0,1,Biker
38,200.0,776.0,313.0,849.0,4014,1,0,1,Biker
38,200.0,776.0,313.0,849.0,4015,1,0,1,Biker
38,200.0,776.0,313.0,849.0,4016,1,0,1,Biker
38,200.0,776.0,313.0,849.0,4017,1,0,1,Biker
38,200.0,776.0,313.0,849.0,4018,1,0,1,Biker
38,198.0,776.0,310.0,849.0,4019,1,0,1,Biker
38,198.0,776.0,310.0,849.0,4020,1,0,1,Biker
38,198.0,776.0,310.0,849.0,4021,1,0,1,Biker
38,198.0,776.0,310.0,849.0,4022,1,0,1,Biker
38,198.0,776.0,310.0,849.0,4023,1,0,1,Biker
38,198.0,776.0,310.0,849.0,4024,1,0,1,Biker
38,195.0,776.0,308.0,849.0,4025,1,0,1,Biker
38,195.0,776.0,308.0,849.0,4026,1,0,1,Biker
38,195.0,776.0,308.0,849.0,4027,1,0,1,Biker
38,195.0,776.0,308.0,849.0,4028,1,0,1,Biker
38,195.0,776.0,308.0,849.0,4029,1,0,1,Biker
38,195.0,776.0,308.0,849.0,4030,1,0,1,Biker
38,192.0,776.0,305.0,849.0,4031,1,0,1,Biker
38,192.0,776.0,305.0,849.0,4032,1,0,1,Biker
38,192.0,776.0,305.0,849.0,4033,1,0,1,Biker
38,192.0,776.0,305.0,849.0,4034,1,0,1,Biker
38,192.0,776.0,305.0,849.0,4035,1,0,1,Biker
38,192.0,776.0,305.0,849.0,4036,1,0,1,Biker
38,192.0,776.0,302.0,849.0,4037,1,0,1,Biker
38,189.0,776.0,302.0,849.0,4038,1,0,1,Biker
38,189.0,776.0,302.0,849.0,4039,1,0,1,Biker
38,189.0,776.0,302.0,849.0,4040,1,0,1,Biker
38,189.0,776.0,302.0,849.0,4041,1,0,1,Biker
38,189.0,776.0,302.0,849.0,4042,1,0,1,Biker
38,189.0,776.0,299.0,851.0,4043,1,0,1,Biker
38,187.0,776.0,299.0,851.0,4044,1,0,1,Biker
38,187.0,776.0,299.0,851.0,4045,1,0,1,Biker
38,187.0,776.0,299.0,851.0,4046,1,0,1,Biker
38,187.0,776.0,299.0,851.0,4047,1,0,1,Biker
38,187.0,778.0,299.0,851.0,4048,1,0,1,Biker
38,187.0,778.0,297.0,851.0,4049,1,0,1,Biker
38,184.0,778.0,297.0,851.0,4050,1,0,1,Biker
38,184.0,778.0,297.0,851.0,4051,1,0,1,Biker
38,184.0,778.0,297.0,851.0,4052,1,0,1,Biker
38,184.0,778.0,297.0,851.0,4053,1,0,1,Biker
38,184.0,778.0,297.0,851.0,4054,1,0,1,Biker
38,184.0,778.0,297.0,851.0,4055,1,0,1,Biker
38,181.0,778.0,294.0,851.0,4056,1,0,1,Biker
38,181.0,778.0,294.0,851.0,4057,1,0,1,Biker
38,181.0,778.0,294.0,851.0,4058,1,0,1,Biker
38,181.0,778.0,294.0,851.0,4059,1,0,1,Biker
38,181.0,778.0,294.0,851.0,4060,1,0,1,Biker
38,181.0,778.0,294.0,851.0,4061,1,0,1,Biker
38,178.0,778.0,291.0,851.0,4062,1,0,1,Biker
38,178.0,778.0,291.0,851.0,4063,1,0,1,Biker
38,178.0,778.0,291.0,851.0,4064,1,0,1,Biker
38,178.0,778.0,291.0,851.0,4065,1,0,1,Biker
38,178.0,778.0,291.0,851.0,4066,1,0,1,Biker
38,178.0,778.0,291.0,851.0,4067,1,0,1,Biker
38,178.0,778.0,288.0,851.0,4068,1,0,1,Biker
38,176.0,778.0,288.0,851.0,4069,1,0,1,Biker
38,176.0,778.0,288.0,851.0,4070,1,0,1,Biker
38,176.0,778.0,288.0,851.0,4071,1,0,1,Biker
38,176.0,778.0,288.0,851.0,4072,1,0,1,Biker
38,176.0,778.0,288.0,851.0,4073,1,0,1,Biker
38,176.0,778.0,286.0,851.0,4074,1,0,1,Biker
38,173.0,778.0,286.0,851.0,4075,1,0,1,Biker
38,173.0,778.0,286.0,851.0,4076,1,0,1,Biker
38,173.0,778.0,286.0,851.0,4077,1,0,1,Biker
38,173.0,778.0,286.0,851.0,4078,1,0,1,Biker
38,173.0,778.0,286.0,851.0,4079,1,0,1,Biker
38,173.0,778.0,283.0,851.0,4080,1,0,1,Biker
38,170.0,778.0,283.0,851.0,4081,1,0,1,Biker
38,170.0,778.0,283.0,851.0,4082,1,0,1,Biker
38,170.0,778.0,283.0,851.0,4083,1,0,1,Biker
38,170.0,778.0,283.0,851.0,4084,1,0,1,Biker
38,170.0,778.0,283.0,851.0,4085,1,0,1,Biker
38,170.0,778.0,280.0,853.0,4086,1,0,1,Biker
38,167.0,778.0,280.0,853.0,4087,1,0,1,Biker
38,167.0,778.0,280.0,853.0,4088,1,0,1,Biker
38,167.0,778.0,280.0,853.0,4089,1,0,1,Biker
38,167.0,778.0,280.0,853.0,4090,1,0,1,Biker
38,167.0,778.0,280.0,853.0,4091,1,0,1,Biker
38,167.0,778.0,277.0,853.0,4092,1,0,1,Biker
38,165.0,778.0,277.0,853.0,4093,1,0,1,Biker
38,165.0,778.0,277.0,853.0,4094,1,0,1,Biker
38,165.0,781.0,277.0,853.0,4095,1,0,1,Biker
38,165.0,781.0,277.0,853.0,4096,1,0,1,Biker
38,165.0,781.0,277.0,853.0,4097,1,0,1,Biker
38,165.0,781.0,275.0,853.0,4098,1,0,1,Biker
38,165.0,781.0,275.0,853.0,4099,1,0,1,Biker
38,162.0,781.0,275.0,853.0,4100,1,0,1,Biker
38,162.0,781.0,275.0,853.0,4101,1,0,1,Biker
38,162.0,781.0,275.0,853.0,4102,1,0,1,Biker
38,162.0,781.0,275.0,853.0,4103,1,0,1,Biker
38,162.0,781.0,272.0,853.0,4104,1,0,1,Biker
38,162.0,781.0,272.0,853.0,4105,1,0,1,Biker
38,159.0,781.0,272.0,853.0,4106,1,0,1,Biker
38,159.0,781.0,272.0,853.0,4107,1,0,1,Biker
38,159.0,781.0,272.0,853.0,4108,1,0,1,Biker
38,159.0,781.0,272.0,853.0,4109,1,0,1,Biker
38,159.0,781.0,272.0,853.0,4110,1,0,1,Biker
38,159.0,781.0,269.0,853.0,4111,1,0,1,Biker
38,156.0,781.0,269.0,853.0,4112,1,0,1,Biker
38,156.0,781.0,269.0,853.0,4113,1,0,1,Biker
38,156.0,781.0,269.0,853.0,4114,1,0,1,Biker
38,156.0,781.0,269.0,853.0,4115,1,0,1,Biker
38,156.0,781.0,269.0,853.0,4116,1,0,1,Biker
38,156.0,781.0,266.0,853.0,4117,1,0,1,Biker
38,154.0,781.0,266.0,853.0,4118,1,0,1,Biker
38,154.0,781.0,266.0,853.0,4119,1,0,1,Biker
38,154.0,781.0,266.0,853.0,4120,1,0,1,Biker
38,154.0,781.0,266.0,853.0,4121,1,0,1,Biker
38,154.0,781.0,266.0,853.0,4122,1,0,1,Biker
38,154.0,781.0,264.0,853.0,4123,1,0,1,Biker
38,151.0,781.0,264.0,853.0,4124,1,0,1,Biker
38,151.0,781.0,264.0,853.0,4125,1,0,1,Biker
38,151.0,781.0,264.0,853.0,4126,1,0,1,Biker
38,151.0,781.0,264.0,853.0,4127,1,0,1,Biker
38,151.0,781.0,264.0,853.0,4128,1,0,1,Biker
38,151.0,781.0,261.0,856.0,4129,1,0,1,Biker
38,151.0,781.0,261.0,856.0,4130,1,0,1,Biker
38,148.0,781.0,261.0,856.0,4131,1,0,1,Biker
38,148.0,781.0,261.0,856.0,4132,1,0,1,Biker
38,148.0,781.0,261.0,856.0,4133,1,0,1,Biker
38,148.0,781.0,261.0,856.0,4134,1,0,1,Biker
38,148.0,781.0,258.0,856.0,4135,1,0,1,Biker
38,148.0,781.0,258.0,856.0,4136,1,0,1,Biker
38,145.0,781.0,258.0,856.0,4137,1,0,1,Biker
38,145.0,781.0,258.0,856.0,4138,1,0,1,Biker
38,145.0,781.0,258.0,856.0,4139,1,0,1,Biker
38,145.0,781.0,258.0,856.0,4140,1,0,1,Biker
38,145.0,781.0,255.0,856.0,4141,1,0,1,Biker
38,145.0,783.0,255.0,856.0,4142,1,0,1,Biker
38,143.0,783.0,255.0,856.0,4143,1,0,1,Biker
38,143.0,783.0,255.0,856.0,4144,1,0,1,Biker
38,143.0,783.0,255.0,856.0,4145,1,0,1,Biker
38,143.0,783.0,255.0,856.0,4146,1,0,1,Biker
38,143.0,783.0,253.0,856.0,4147,1,0,1,Biker
38,143.0,783.0,253.0,856.0,4148,1,0,1,Biker
38,140.0,783.0,253.0,856.0,4149,1,0,1,Biker
38,140.0,783.0,253.0,856.0,4150,1,0,1,Biker
38,140.0,783.0,253.0,856.0,4151,1,0,1,Biker
38,140.0,783.0,253.0,856.0,4152,1,0,1,Biker
38,140.0,783.0,250.0,856.0,4153,1,0,1,Biker
38,140.0,783.0,250.0,856.0,4154,1,0,1,Biker
38,137.0,783.0,250.0,856.0,4155,1,0,1,Biker
38,137.0,783.0,250.0,856.0,4156,1,0,1,Biker
38,137.0,783.0,250.0,856.0,4157,1,0,1,Biker
38,137.0,783.0,250.0,856.0,4158,1,0,1,Biker
38,137.0,783.0,250.0,856.0,4159,1,0,1,Biker
38,137.0,783.0,247.0,856.0,4160,1,0,1,Biker
38,137.0,783.0,247.0,856.0,4161,1,0,1,Biker
38,134.0,783.0,247.0,856.0,4162,1,0,1,Biker
38,134.0,783.0,247.0,856.0,4163,1,0,1,Biker
38,134.0,783.0,247.0,856.0,4164,1,0,1,Biker
38,134.0,783.0,247.0,856.0,4165,1,0,1,Biker
38,134.0,783.0,244.0,856.0,4166,1,0,1,Biker
38,134.0,783.0,244.0,856.0,4167,1,0,1,Biker
38,132.0,783.0,244.0,856.0,4168,1,0,1,Biker
38,132.0,783.0,244.0,856.0,4169,1,0,1,Biker
38,132.0,783.0,244.0,856.0,4170,1,0,1,Biker
38,132.0,783.0,244.0,856.0,4171,1,0,1,Biker
38,132.0,783.0,242.0,858.0,4172,1,0,1,Biker
38,132.0,783.0,242.0,858.0,4173,1,0,1,Biker
38,129.0,783.0,242.0,858.0,4174,1,0,1,Biker
38,129.0,783.0,242.0,858.0,4175,1,0,1,Biker
38,129.0,783.0,242.0,858.0,4176,1,0,1,Biker
38,129.0,783.0,242.0,858.0,4177,1,0,1,Biker
38,129.0,783.0,239.0,858.0,4178,1,0,1,Biker
38,129.0,783.0,239.0,858.0,4179,1,0,1,Biker
38,126.0,783.0,239.0,858.0,4180,1,0,1,Biker
38,126.0,783.0,239.0,858.0,4181,1,0,1,Biker
38,126.0,783.0,239.0,858.0,4182,1,0,1,Biker
38,126.0,783.0,239.0,858.0,4183,1,0,1,Biker
38,126.0,783.0,236.0,858.0,4184,1,0,1,Biker
38,126.0,783.0,236.0,858.0,4185,1,0,1,Biker
38,123.0,783.0,236.0,858.0,4186,1,0,1,Biker
38,123.0,783.0,236.0,858.0,4187,1,0,1,Biker
38,123.0,783.0,236.0,858.0,4188,1,0,1,Biker
38,123.0,785.0,236.0,858.0,4189,1,0,1,Biker
38,123.0,785.0,233.0,858.0,4190,1,0,1,Biker
38,123.0,785.0,233.0,858.0,4191,1,0,1,Biker
38,123.0,785.0,233.0,858.0,4192,1,0,1,Biker
38,121.0,785.0,233.0,858.0,4193,1,0,1,Biker
38,121.0,785.0,233.0,858.0,4194,1,0,1,Biker
38,121.0,785.0,233.0,858.0,4195,1,0,1,Biker
38,121.0,785.0,231.0,858.0,4196,1,0,1,Biker
38,121.0,785.0,231.0,858.0,4197,1,0,1,Biker
38,121.0,785.0,231.0,858.0,4198,1,0,1,Biker
38,118.0,785.0,231.0,858.0,4199,1,0,1,Biker
38,118.0,785.0,231.0,858.0,4200,1,0,1,Biker
38,118.0,785.0,231.0,858.0,4201,1,0,1,Biker
38,118.0,785.0,228.0,858.0,4202,1,0,1,Biker
38,118.0,785.0,228.0,858.0,4203,1,0,1,Biker
38,118.0,785.0,228.0,858.0,4204,1,0,1,Biker
38,115.0,785.0,228.0,858.0,4205,1,0,1,Biker
38,115.0,785.0,228.0,858.0,4206,1,0,1,Biker
38,115.0,785.0,228.0,858.0,4207,1,0,1,Biker
38,115.0,785.0,225.0,858.0,4208,1,0,1,Biker
38,115.0,785.0,225.0,858.0,4209,1,0,1,Biker
38,115.0,785.0,225.0,858.0,4210,1,0,1,Biker
38,112.0,785.0,225.0,858.0,4211,1,0,1,Biker
38,112.0,785.0,225.0,858.0,4212,1,0,1,Biker
38,112.0,785.0,225.0,858.0,4213,1,0,1,Biker
38,112.0,785.0,225.0,858.0,4214,1,0,1,Biker
38,112.0,785.0,222.0,860.0,4215,1,0,1,Biker
38,112.0,785.0,222.0,860.0,4216,1,0,1,Biker
38,110.0,785.0,222.0,860.0,4217,1,0,1,Biker
38,110.0,785.0,222.0,860.0,4218,1,0,1,Biker
38,110.0,785.0,222.0,860.0,4219,1,0,1,Biker
38,110.0,785.0,222.0,860.0,4220,1,0,1,Biker
38,110.0,785.0,220.0,860.0,4221,1,0,1,Biker
38,110.0,785.0,220.0,860.0,4222,1,0,1,Biker
38,110.0,785.0,220.0,860.0,4223,1,0,1,Biker
38,107.0,785.0,220.0,860.0,4224,1,0,1,Biker
38,107.0,785.0,220.0,860.0,4225,1,0,1,Biker
38,107.0,785.0,220.0,860.0,4226,1,0,1,Biker
38,107.0,785.0,217.0,860.0,4227,1,0,1,Biker
38,107.0,785.0,217.0,860.0,4228,1,0,1,Biker
38,107.0,785.0,217.0,860.0,4229,1,0,1,Biker
38,104.0,785.0,217.0,860.0,4230,1,0,1,Biker
38,104.0,785.0,217.0,860.0,4231,1,0,1,Biker
38,104.0,785.0,217.0,860.0,4232,1,0,1,Biker
38,104.0,785.0,214.0,860.0,4233,1,0,1,Biker
38,104.0,785.0,214.0,860.0,4234,1,0,1,Biker
38,104.0,785.0,214.0,860.0,4235,1,0,1,Biker
38,101.0,787.0,214.0,860.0,4236,1,0,1,Biker
38,101.0,787.0,214.0,860.0,4237,1,0,1,Biker
38,101.0,787.0,214.0,860.0,4238,1,0,1,Biker
38,101.0,787.0,211.0,860.0,4239,1,0,1,Biker
38,101.0,787.0,211.0,860.0,4240,1,0,1,Biker
38,101.0,787.0,211.0,860.0,4241,1,0,1,Biker
38,99.0,787.0,211.0,860.0,4242,1,0,1,Biker
38,99.0,787.0,211.0,860.0,4243,1,0,1,Biker
38,99.0,787.0,211.0,860.0,4244,1,0,1,Biker
38,99.0,787.0,209.0,860.0,4245,1,0,1,Biker
38,99.0,787.0,209.0,860.0,4246,1,0,1,Biker
38,99.0,787.0,209.0,860.0,4247,1,0,1,Biker
38,96.0,787.0,209.0,860.0,4248,1,0,1,Biker
38,96.0,787.0,209.0,860.0,4249,1,0,1,Biker
38,96.0,787.0,209.0,860.0,4250,1,0,1,Biker
38,96.0,787.0,206.0,860.0,4251,1,0,1,Biker
38,96.0,787.0,206.0,860.0,4252,1,0,1,Biker
38,96.0,787.0,206.0,860.0,4253,1,0,1,Biker
38,96.0,787.0,206.0,860.0,4254,1,0,1,Biker
38,93.0,787.0,206.0,860.0,4255,1,0,1,Biker
38,93.0,787.0,206.0,860.0,4256,1,0,1,Biker
38,93.0,787.0,203.0,863.0,4257,1,0,1,Biker
38,93.0,787.0,203.0,863.0,4258,1,0,1,Biker
38,93.0,787.0,203.0,863.0,4259,1,0,1,Biker
38,93.0,787.0,203.0,863.0,4260,1,0,1,Biker
38,90.0,787.0,203.0,863.0,4261,1,0,1,Biker
38,90.0,787.0,203.0,863.0,4262,1,0,1,Biker
38,90.0,787.0,203.0,863.0,4263,1,0,1,Biker
38,90.0,787.0,200.0,863.0,4264,1,0,1,Biker
38,90.0,787.0,200.0,863.0,4265,1,0,1,Biker
38,90.0,787.0,200.0,863.0,4266,1,0,1,Biker
38,88.0,787.0,200.0,863.0,4267,1,0,1,Biker
38,88.0,787.0,200.0,863.0,4268,1,0,1,Biker
38,88.0,787.0,200.0,863.0,4269,1,0,1,Biker
38,88.0,787.0,198.0,863.0,4270,1,0,1,Biker
38,88.0,787.0,198.0,863.0,4271,1,0,1,Biker
38,88.0,787.0,198.0,863.0,4272,1,0,1,Biker
38,85.0,787.0,198.0,863.0,4273,1,0,1,Biker
38,85.0,787.0,198.0,863.0,4274,1,0,1,Biker
38,85.0,787.0,198.0,863.0,4275,1,0,1,Biker
38,85.0,787.0,195.0,863.0,4276,1,0,1,Biker
38,85.0,787.0,195.0,863.0,4277,1,0,1,Biker
38,85.0,787.0,195.0,863.0,4278,1,0,1,Biker
38,82.0,787.0,195.0,863.0,4279,1,0,1,Biker
38,82.0,787.0,195.0,863.0,4280,1,0,1,Biker
38,82.0,787.0,195.0,863.0,4281,1,0,1,Biker
38,82.0,787.0,192.0,863.0,4282,1,0,1,Biker
38,82.0,790.0,192.0,863.0,4283,1,0,1,Biker
38,82.0,790.0,192.0,863.0,4284,1,0,1,Biker
38,82.0,790.0,192.0,863.0,4285,1,0,1,Biker
38,79.0,790.0,192.0,863.0,4286,1,0,1,Biker
38,79.0,790.0,192.0,863.0,4287,1,0,1,Biker
38,79.0,790.0,189.0,863.0,4288,1,0,1,Biker
38,79.0,790.0,189.0,863.0,4289,1,0,1,Biker
38,79.0,790.0,189.0,863.0,4290,1,0,1,Biker
38,79.0,790.0,189.0,863.0,4291,1,0,1,Biker
38,77.0,790.0,189.0,863.0,4292,1,0,1,Biker
38,77.0,790.0,189.0,863.0,4293,1,0,1,Biker
38,77.0,790.0,187.0,863.0,4294,1,0,1,Biker
38,77.0,790.0,187.0,863.0,4295,1,0,1,Biker
38,77.0,790.0,187.0,863.0,4296,1,0,1,Biker
38,77.0,790.0,187.0,863.0,4297,1,0,1,Biker
38,74.0,790.0,187.0,863.0,4298,1,0,1,Biker
38,74.0,790.0,187.0,863.0,4299,1,0,1,Biker
38,74.0,790.0,184.0,865.0,4300,1,0,1,Biker
38,74.0,790.0,184.0,865.0,4301,1,0,1,Biker
38,74.0,790.0,184.0,865.0,4302,1,0,1,Biker
38,74.0,790.0,184.0,865.0,4303,1,0,1,Biker
38,71.0,790.0,184.0,865.0,4304,1,0,1,Biker
38,71.0,790.0,184.0,865.0,4305,1,0,1,Biker
38,71.0,790.0,181.0,865.0,4306,1,0,1,Biker
38,71.0,790.0,181.0,865.0,4307,1,0,1,Biker
38,71.0,790.0,181.0,865.0,4308,1,0,1,Biker
38,71.0,790.0,181.0,865.0,4309,1,0,1,Biker
38,68.0,790.0,181.0,865.0,4310,1,0,1,Biker
38,68.0,790.0,181.0,865.0,4311,1,0,1,Biker
38,68.0,790.0,178.0,865.0,4312,1,0,1,Biker
38,68.0,790.0,178.0,865.0,4313,1,0,1,Biker
38,68.0,790.0,178.0,865.0,4314,1,0,1,Biker
38,68.0,790.0,178.0,865.0,4315,1,0,1,Biker
38,68.0,790.0,178.0,865.0,4316,1,0,1,Biker
38,66.0,790.0,178.0,865.0,4317,1,0,1,Biker
38,66.0,790.0,178.0,865.0,4318,1,0,1,Biker
38,66.0,790.0,176.0,865.0,4319,1,0,1,Biker
38,66.0,790.0,176.0,865.0,4320,1,0,1,Biker
38,66.0,790.0,176.0,865.0,4321,1,0,1,Biker
38,66.0,790.0,176.0,865.0,4322,1,0,1,Biker
38,63.0,790.0,176.0,865.0,4323,1,0,1,Biker
38,63.0,790.0,176.0,865.0,4324,1,0,1,Biker
38,63.0,790.0,173.0,865.0,4325,1,0,1,Biker
38,63.0,790.0,173.0,865.0,4326,1,0,1,Biker
38,63.0,790.0,173.0,865.0,4327,1,0,1,Biker
38,63.0,790.0,173.0,865.0,4328,1,0,1,Biker
38,60.0,790.0,173.0,865.0,4329,1,0,1,Biker
38,60.0,792.0,173.0,865.0,4330,1,0,1,Biker
38,60.0,792.0,170.0,865.0,4331,1,0,1,Biker
38,60.0,792.0,170.0,865.0,4332,1,0,1,Biker
38,60.0,792.0,170.0,865.0,4333,1,0,1,Biker
38,60.0,792.0,170.0,865.0,4334,1,0,1,Biker
38,57.0,792.0,170.0,865.0,4335,1,0,1,Biker
38,57.0,792.0,170.0,865.0,4336,1,0,1,Biker
38,57.0,792.0,167.0,865.0,4337,1,0,1,Biker
38,57.0,792.0,167.0,865.0,4338,1,0,1,Biker
38,57.0,792.0,167.0,865.0,4339,1,0,1,Biker
38,57.0,792.0,167.0,865.0,4340,1,0,1,Biker
38,55.0,792.0,167.0,865.0,4341,1,0,1,Biker
38,55.0,792.0,167.0,865.0,4342,1,0,1,Biker
38,55.0,792.0,165.0,867.0,4343,1,0,1,Biker
38,55.0,792.0,165.0,867.0,4344,1,0,1,Biker
38,55.0,792.0,165.0,867.0,4345,1,0,1,Biker
38,55.0,792.0,165.0,867.0,4346,1,0,1,Biker
38,55.0,792.0,165.0,867.0,4347,1,0,1,Biker
38,52.0,792.0,165.0,867.0,4348,1,0,1,Biker
38,52.0,792.0,162.0,867.0,4349,1,0,1,Biker
38,52.0,792.0,162.0,867.0,4350,1,0,1,Biker
38,52.0,792.0,162.0,867.0,4351,1,0,1,Biker
38,52.0,792.0,162.0,867.0,4352,1,0,1,Biker
38,52.0,792.0,162.0,867.0,4353,1,0,1,Biker
38,49.0,792.0,162.0,867.0,4354,1,0,1,Biker
38,49.0,792.0,159.0,867.0,4355,1,0,1,Biker
38,49.0,792.0,159.0,867.0,4356,1,0,1,Biker
38,49.0,792.0,159.0,867.0,4357,1,0,1,Biker
38,49.0,792.0,159.0,867.0,4358,1,0,1,Biker
38,49.0,792.0,159.0,867.0,4359,1,0,1,Biker
38,46.0,792.0,159.0,867.0,4360,1,0,1,Biker
38,46.0,792.0,156.0,867.0,4361,1,0,1,Biker
38,46.0,792.0,156.0,867.0,4362,1,0,1,Biker
38,46.0,792.0,156.0,867.0,4363,1,0,1,Biker
38,46.0,792.0,156.0,867.0,4364,1,0,1,Biker
38,46.0,792.0,156.0,867.0,4365,1,0,1,Biker
38,44.0,792.0,156.0,867.0,4366,1,0,1,Biker
38,44.0,792.0,156.0,867.0,4367,1,0,1,Biker
38,44.0,792.0,154.0,867.0,4368,1,0,1,Biker
38,44.0,792.0,154.0,867.0,4369,1,0,1,Biker
38,44.0,792.0,154.0,867.0,4370,1,0,1,Biker
38,44.0,792.0,154.0,867.0,4371,1,0,1,Biker
38,41.0,792.0,154.0,867.0,4372,1,0,1,Biker
38,41.0,792.0,154.0,867.0,4373,1,0,1,Biker
38,41.0,792.0,151.0,867.0,4374,1,0,1,Biker
38,41.0,792.0,151.0,867.0,4375,1,0,1,Biker
38,41.0,792.0,151.0,867.0,4376,1,0,1,Biker
38,41.0,794.0,151.0,867.0,4377,1,0,1,Biker
38,41.0,794.0,151.0,867.0,4378,1,0,1,Biker
38,38.0,794.0,151.0,867.0,4379,1,0,1,Biker
38,38.0,794.0,148.0,867.0,4380,1,0,1,Biker
38,38.0,794.0,148.0,867.0,4381,1,0,1,Biker
38,38.0,794.0,148.0,867.0,4382,1,0,1,Biker
38,38.0,794.0,148.0,867.0,4383,1,0,1,Biker
38,38.0,794.0,148.0,867.0,4384,1,0,1,Biker
38,35.0,794.0,148.0,867.0,4385,1,0,1,Biker
38,35.0,794.0,145.0,869.0,4386,1,0,1,Biker
38,35.0,794.0,145.0,869.0,4387,1,0,1,Biker
38,35.0,794.0,145.0,869.0,4388,1,0,1,Biker
38,35.0,794.0,145.0,869.0,4389,1,0,1,Biker
38,35.0,794.0,145.0,869.0,4390,1,0,1,Biker
38,33.0,794.0,145.0,869.0,4391,1,0,1,Biker
38,33.0,794.0,143.0,869.0,4392,1,0,1,Biker
38,33.0,794.0,143.0,869.0,4393,1,0,1,Biker
38,33.0,794.0,143.0,869.0,4394,1,0,1,Biker
38,33.0,794.0,143.0,869.0,4395,1,0,1,Biker
38,33.0,794.0,143.0,869.0,4396,1,0,1,Biker
38,30.0,794.0,143.0,869.0,4397,1,0,1,Biker
38,30.0,794.0,140.0,869.0,4398,1,0,1,Biker
38,30.0,794.0,140.0,869.0,4399,1,0,1,Biker
38,30.0,794.0,140.0,869.0,4400,1,0,1,Biker
38,30.0,794.0,140.0,869.0,4401,1,0,1,Biker
38,30.0,794.0,140.0,869.0,4402,1,0,1,Biker
38,27.0,794.0,140.0,869.0,4403,1,0,1,Biker
38,27.0,794.0,137.0,869.0,4404,1,0,1,Biker
38,27.0,794.0,137.0,869.0,4405,1,0,1,Biker
38,27.0,794.0,137.0,869.0,4406,1,0,1,Biker
38,27.0,794.0,137.0,869.0,4407,1,0,1,Biker
38,27.0,794.0,137.0,869.0,4408,1,0,1,Biker
38,27.0,794.0,137.0,869.0,4409,1,0,1,Biker
38,24.0,794.0,134.0,869.0,4410,1,0,1,Biker
38,24.0,794.0,134.0,869.0,4411,1,0,1,Biker
38,24.0,794.0,134.0,869.0,4412,1,0,1,Biker
38,24.0,794.0,134.0,869.0,4413,1,0,1,Biker
38,24.0,794.0,134.0,869.0,4414,1,0,1,Biker
38,24.0,794.0,134.0,869.0,4415,1,0,1,Biker
38,22.0,794.0,132.0,869.0,4416,1,0,1,Biker
38,22.0,794.0,132.0,869.0,4417,1,0,1,Biker
38,22.0,794.0,132.0,869.0,4418,1,0,1,Biker
38,22.0,794.0,132.0,869.0,4419,1,0,1,Biker
38,22.0,794.0,132.0,869.0,4420,1,0,1,Biker
38,22.0,794.0,132.0,869.0,4421,1,0,1,Biker
38,19.0,794.0,132.0,869.0,4422,1,0,1,Biker
38,19.0,794.0,129.0,869.0,4423,1,0,1,Biker
38,19.0,796.0,129.0,869.0,4424,1,0,1,Biker
38,19.0,796.0,129.0,869.0,4425,1,0,1,Biker
38,19.0,796.0,129.0,869.0,4426,1,0,1,Biker
38,19.0,796.0,129.0,869.0,4427,1,0,1,Biker
38,16.0,796.0,129.0,869.0,4428,1,0,1,Biker
38,16.0,796.0,126.0,872.0,4429,1,0,1,Biker
38,16.0,796.0,126.0,872.0,4430,1,0,1,Biker
38,16.0,796.0,126.0,872.0,4431,1,0,1,Biker
38,16.0,796.0,126.0,872.0,4432,1,0,1,Biker
38,16.0,796.0,126.0,872.0,4433,1,0,1,Biker
38,13.0,796.0,126.0,872.0,4434,1,0,1,Biker
38,13.0,796.0,123.0,872.0,4435,1,0,1,Biker
38,13.0,796.0,123.0,872.0,4436,1,0,1,Biker
38,13.0,796.0,123.0,872.0,4437,1,0,1,Biker
38,13.0,796.0,123.0,872.0,4438,1,0,1,Biker
38,13.0,796.0,123.0,872.0,4439,1,0,1,Biker
38,13.0,796.0,123.0,872.0,4440,1,0,1,Biker
38,11.0,796.0,121.0,872.0,4441,1,0,1,Biker
38,11.0,796.0,121.0,872.0,4442,1,0,1,Biker
38,11.0,796.0,121.0,872.0,4443,1,0,1,Biker
38,11.0,796.0,121.0,872.0,4444,1,0,1,Biker
38,11.0,796.0,121.0,872.0,4445,1,0,1,Biker
38,11.0,796.0,121.0,872.0,4446,1,0,1,Biker
38,8.0,796.0,118.0,872.0,4447,1,0,1,Biker
38,8.0,796.0,118.0,872.0,4448,1,0,1,Biker
38,8.0,796.0,118.0,872.0,4449,1,0,1,Biker
38,8.0,796.0,118.0,872.0,4450,1,0,1,Biker
38,8.0,796.0,118.0,872.0,4451,1,0,1,Biker
38,8.0,796.0,118.0,872.0,4452,1,0,1,Biker
38,5.0,796.0,115.0,872.0,4453,1,0,1,Biker
38,5.0,796.0,115.0,872.0,4454,1,0,1,Biker
38,5.0,796.0,115.0,872.0,4455,1,0,1,Biker
38,5.0,796.0,115.0,872.0,4456,1,0,1,Biker
38,5.0,796.0,115.0,872.0,4457,1,0,1,Biker
38,5.0,796.0,115.0,872.0,4458,1,0,1,Biker
38,2.0,796.0,112.0,872.0,4459,1,0,1,Biker
38,2.0,796.0,112.0,872.0,4460,1,0,1,Biker
38,2.0,796.0,112.0,872.0,4461,1,0,1,Biker
38,2.0,796.0,112.0,872.0,4462,1,0,1,Biker
38,2.0,796.0,112.0,872.0,4463,1,0,1,Biker
38,2.0,796.0,112.0,872.0,4464,1,0,1,Biker
38,0.0,796.0,110.0,872.0,4465,1,0,1,Biker
38,0.0,796.0,110.0,872.0,4466,1,0,1,Biker
38,0.0,796.0,110.0,872.0,4467,1,0,1,Biker
38,0.0,796.0,110.0,872.0,4468,1,0,1,Biker
38,0.0,796.0,110.0,872.0,4469,1,0,1,Biker
38,0.0,796.0,110.0,872.0,4470,1,0,1,Biker
38,0.0,799.0,110.0,874.0,4471,0,0,0,Biker
38,0.0,796.0,110.0,872.0,4472,0,0,1,Biker
38,0.0,796.0,110.0,872.0,4473,0,0,1,Biker
38,0.0,796.0,110.0,872.0,4474,0,0,1,Biker
38,0.0,796.0,110.0,872.0,4475,0,0,1,Biker
38,2.0,796.0,112.0,872.0,4476,0,0,1,Biker
38,2.0,796.0,112.0,872.0,4477,0,0,1,Biker
38,2.0,796.0,112.0,872.0,4478,0,0,1,Biker
38,2.0,796.0,112.0,872.0,4479,0,0,1,Biker
38,2.0,796.0,112.0,872.0,4480,0,0,1,Biker
38,5.0,796.0,115.0,872.0,4481,0,0,1,Biker
38,5.0,796.0,115.0,872.0,4482,0,0,1,Biker
38,5.0,796.0,115.0,872.0,4483,0,0,1,Biker
38,5.0,796.0,115.0,872.0,4484,0,0,1,Biker
38,5.0,796.0,115.0,872.0,4485,0,0,1,Biker
38,8.0,796.0,118.0,872.0,4486,0,0,1,Biker
38,8.0,796.0,118.0,872.0,4487,0,0,1,Biker
38,8.0,796.0,118.0,872.0,4488,0,0,1,Biker
38,8.0,796.0,118.0,872.0,4489,0,0,1,Biker
38,8.0,796.0,118.0,872.0,4490,0,0,1,Biker
38,11.0,796.0,121.0,872.0,4491,0,0,0,Biker
38,13.0,794.0,123.0,869.0,4492,0,0,1,Biker
38,16.0,794.0,126.0,869.0,4493,0,0,1,Biker
38,22.0,794.0,132.0,869.0,4494,0,0,1,Biker
38,24.0,792.0,134.0,867.0,4495,0,0,1,Biker
38,27.0,792.0,137.0,867.0,4496,0,0,1,Biker
38,33.0,792.0,143.0,867.0,4497,0,0,1,Biker
38,35.0,790.0,145.0,865.0,4498,0,0,1,Biker
38,38.0,790.0,148.0,865.0,4499,0,0,1,Biker
38,44.0,790.0,154.0,865.0,4500,0,0,0,Biker
38,46.0,787.0,156.0,863.0,4501,0,0,1,Biker
38,49.0,787.0,159.0,863.0,4502,0,0,1,Biker
38,52.0,787.0,162.0,860.0,4503,0,0,1,Biker
38,55.0,787.0,165.0,860.0,4504,0,0,1,Biker
38,57.0,785.0,167.0,858.0,4505,0,0,1,Biker
38,60.0,785.0,170.0,858.0,4506,0,0,1,Biker
38,66.0,785.0,173.0,856.0,4507,0,0,1,Biker
38,68.0,785.0,176.0,856.0,4508,0,0,1,Biker
38,71.0,783.0,178.0,853.0,4509,0,0,1,Biker
38,74.0,783.0,181.0,853.0,4510,0,0,1,Biker
38,77.0,783.0,184.0,853.0,4511,0,0,1,Biker
38,79.0,783.0,187.0,851.0,4512,0,0,1,Biker
38,82.0,781.0,189.0,851.0,4513,0,0,1,Biker
38,88.0,781.0,192.0,849.0,4514,0,0,1,Biker
38,90.0,781.0,195.0,849.0,4515,0,0,1,Biker
38,93.0,781.0,198.0,847.0,4516,0,0,1,Biker
38,96.0,778.0,200.0,847.0,4517,0,0,1,Biker
38,99.0,778.0,203.0,844.0,4518,0,0,1,Biker
38,101.0,778.0,206.0,844.0,4519,0,0,1,Biker
38,107.0,778.0,211.0,844.0,4520,0,0,1,Biker
38,110.0,776.0,214.0,842.0,4521,0,0,1,Biker
38,112.0,776.0,217.0,842.0,4522,0,0,1,Biker
38,115.0,776.0,220.0,840.0,4523,0,0,1,Biker
38,118.0,776.0,222.0,840.0,4524,0,0,1,Biker
38,121.0,774.0,225.0,837.0,4525,0,0,1,Biker
38,123.0,774.0,228.0,837.0,4526,0,0,1,Biker
38,129.0,774.0,231.0,835.0,4527,0,0,1,Biker
38,132.0,774.0,233.0,835.0,4528,0,0,1,Biker
38,134.0,771.0,236.0,833.0,4529,0,0,1,Biker
38,137.0,771.0,239.0,833.0,4530,0,0,1,Biker
38,140.0,771.0,242.0,833.0,4531,0,0,1,Biker
38,143.0,771.0,244.0,831.0,4532,0,0,1,Biker
38,145.0,769.0,247.0,831.0,4533,0,0,1,Biker
38,151.0,769.0,250.0,828.0,4534,0,0,1,Biker
38,154.0,769.0,253.0,828.0,4535,0,0,1,Biker
38,156.0,769.0,255.0,826.0,4536,0,0,1,Biker
38,159.0,767.0,258.0,826.0,4537,0,0,1,Biker
38,162.0,767.0,261.0,824.0,4538,0,0,1,Biker
38,165.0,767.0,264.0,824.0,4539,0,0,1,Biker
38,170.0,767.0,269.0,824.0,4540,0,0,0,Biker
38,173.0,765.0,272.0,822.0,4541,0,0,1,Biker
38,176.0,762.0,275.0,819.0,4542,0,0,1,Biker
38,181.0,760.0,280.0,817.0,4543,0,0,1,Biker
38,184.0,758.0,283.0,815.0,4544,0,0,1,Biker
38,189.0,758.0,288.0,815.0,4545,0,0,1,Biker
38,192.0,755.0,291.0,812.0,4546,0,0,1,Biker
38,195.0,753.0,297.0,810.0,4547,0,0,1,Biker
38,200.0,751.0,299.0,808.0,4548,0,0,1,Biker
38,203.0,751.0,302.0,808.0,4549,0,0,1,Biker
38,209.0,749.0,308.0,806.0,4550,0,0,1,Biker
38,211.0,746.0,310.0,803.0,4551,0,0,1,Biker
38,214.0,744.0,316.0,801.0,4552,0,0,1,Biker
38,220.0,744.0,319.0,801.0,4553,0,0,1,Biker
38,222.0,742.0,324.0,799.0,4554,0,0,1,Biker
38,228.0,740.0,327.0,796.0,4555,0,0,1,Biker
38,231.0,737.0,330.0,794.0,4556,0,0,1,Biker
38,233.0,735.0,335.0,792.0,4557,0,0,1,Biker
38,239.0,735.0,338.0,792.0,4558,0,0,1,Biker
38,242.0,733.0,343.0,790.0,4559,0,0,1,Biker
38,247.0,730.0,346.0,787.0,4560,0,0,1,Biker
38,250.0,728.0,352.0,785.0,4561,0,0,1,Biker
38,253.0,728.0,354.0,785.0,4562,0,0,1,Biker
38,258.0,726.0,357.0,783.0,4563,0,0,1,Biker
38,261.0,724.0,363.0,781.0,4564,0,0,1,Biker
38,266.0,721.0,365.0,778.0,4565,0,0,1,Biker
38,269.0,721.0,371.0,778.0,4566,0,0,1,Biker
38,272.0,719.0,374.0,776.0,4567,0,0,1,Biker
38,277.0,717.0,379.0,774.0,4568,0,0,1,Biker
38,280.0,715.0,382.0,771.0,4569,0,0,1,Biker
38,286.0,715.0,387.0,771.0,4570,0,0,0,Biker
38,286.0,712.0,387.0,769.0,4571,0,0,1,Biker
38,288.0,710.0,390.0,767.0,4572,0,0,1,Biker
38,291.0,708.0,393.0,765.0,4573,0,0,1,Biker
38,291.0,705.0,393.0,762.0,4574,0,0,1,Biker
38,294.0,703.0,396.0,760.0,4575,0,0,1,Biker
38,297.0,703.0,398.0,760.0,4576,0,0,1,Biker
38,297.0,701.0,398.0,758.0,4577,0,0,1,Biker
38,299.0,699.0,401.0,755.0,4578,0,0,1,Biker
38,302.0,696.0,404.0,753.0,4579,0,0,1,Biker
38,305.0,694.0,407.0,751.0,4580,0,0,1,Biker
38,305.0,692.0,407.0,749.0,4581,0,0,1,Biker
38,308.0,692.0,409.0,749.0,4582,0,0,1,Biker
38,310.0,689.0,412.0,746.0,4583,0,0,1,Biker
38,310.0,687.0,412.0,744.0,4584,0,0,1,Biker
38,313.0,685.0,415.0,742.0,4585,0,0,1,Biker
38,316.0,683.0,418.0,740.0,4586,0,0,1,Biker
38,316.0,680.0,418.0,737.0,4587,0,0,1,Biker
38,319.0,680.0,420.0,737.0,4588,0,0,1,Biker
38,321.0,678.0,423.0,735.0,4589,0,0,1,Biker
38,324.0,676.0,426.0,733.0,4590,0,0,1,Biker
38,324.0,674.0,426.0,730.0,4591,0,0,1,Biker
38,327.0,671.0,429.0,728.0,4592,0,0,1,Biker
38,330.0,669.0,431.0,726.0,4593,0,0,1,Biker
38,330.0,669.0,431.0,726.0,4594,0,0,1,Biker
38,332.0,667.0,434.0,724.0,4595,0,0,1,Biker
38,335.0,664.0,437.0,721.0,4596,0,0,1,Biker
38,335.0,662.0,437.0,719.0,4597,0,0,1,Biker
38,338.0,660.0,440.0,717.0,4598,0,0,1,Biker
38,341.0,658.0,442.0,715.0,4599,0,0,1,Biker
38,343.0,658.0,445.0,715.0,4600,0,0,0,Biker
38,343.0,653.0,445.0,710.0,4601,0,0,1,Biker
38,346.0,651.0,448.0,708.0,4602,0,0,1,Biker
38,346.0,646.0,448.0,703.0,4603,0,0,1,Biker
38,349.0,644.0,451.0,701.0,4604,0,0,1,Biker
38,352.0,639.0,453.0,696.0,4605,0,0,1,Biker
38,352.0,637.0,453.0,694.0,4606,0,0,1,Biker
38,354.0,633.0,456.0,689.0,4607,0,0,1,Biker
38,357.0,630.0,459.0,687.0,4608,0,0,1,Biker
38,357.0,626.0,459.0,683.0,4609,0,0,1,Biker
38,360.0,623.0,462.0,680.0,4610,0,0,1,Biker
38,363.0,621.0,464.0,678.0,4611,0,0,1,Biker
38,363.0,617.0,464.0,674.0,4612,0,0,1,Biker
38,365.0,614.0,467.0,671.0,4613,0,0,1,Biker
38,368.0,610.0,470.0,667.0,4614,0,0,1,Biker
38,368.0,607.0,470.0,664.0,4615,0,0,1,Biker
38,371.0,603.0,473.0,660.0,4616,0,0,1,Biker
38,374.0,601.0,475.0,658.0,4617,0,0,1,Biker
38,374.0,596.0,475.0,653.0,4618,0,0,1,Biker
38,376.0,594.0,478.0,651.0,4619,0,0,1,Biker
38,379.0,592.0,481.0,648.0,4620,0,0,1,Biker
38,379.0,587.0,481.0,644.0,4621,0,0,1,Biker
38,382.0,585.0,484.0,642.0,4622,0,0,1,Biker
38,382.0,580.0,484.0,637.0,4623,0,0,1,Biker
38,385.0,578.0,486.0,635.0,4624,0,0,1,Biker
38,387.0,573.0,489.0,630.0,4625,0,0,1,Biker
38,387.0,571.0,489.0,628.0,4626,0,0,1,Biker
38,390.0,566.0,492.0,623.0,4627,0,0,1,Biker
38,393.0,564.0,495.0,621.0,4628,0,0,1,Biker
38,393.0,560.0,495.0,617.0,4629,0,0,1,Biker
38,396.0,557.0,497.0,614.0,4630,0,0,1,Biker
38,398.0,555.0,500.0,612.0,4631,0,0,1,Biker
38,398.0,551.0,500.0,607.0,4632,0,0,1,Biker
38,401.0,548.0,503.0,605.0,4633,0,0,1,Biker
38,404.0,544.0,506.0,601.0,4634,0,0,1,Biker
38,404.0,541.0,506.0,598.0,4635,0,0,1,Biker
38,407.0,537.0,508.0,594.0,4636,0,0,1,Biker
38,409.0,535.0,511.0,592.0,4637,0,0,1,Biker
38,409.0,530.0,511.0,587.0,4638,0,0,1,Biker
38,412.0,528.0,514.0,585.0,4639,0,0,1,Biker
38,415.0,526.0,517.0,582.0,4640,0,0,0,Biker
38,415.0,521.0,517.0,578.0,4641,0,0,1,Biker
38,415.0,519.0,517.0,576.0,4642,0,0,1,Biker
38,415.0,516.0,517.0,573.0,4643,0,0,1,Biker
38,418.0,512.0,519.0,571.0,4644,0,0,1,Biker
38,418.0,510.0,519.0,566.0,4645,0,0,1,Biker
38,418.0,507.0,519.0,564.0,4646,0,0,1,Biker
38,418.0,505.0,522.0,562.0,4647,0,0,1,Biker
38,420.0,500.0,522.0,560.0,4648,0,0,1,Biker
38,420.0,498.0,522.0,555.0,4649,0,0,1,Biker
38,420.0,496.0,525.0,553.0,4650,0,0,1,Biker
38,423.0,491.0,525.0,551.0,4651,0,0,1,Biker
38,423.0,489.0,525.0,548.0,4652,0,0,1,Biker
38,423.0,487.0,525.0,544.0,4653,0,0,1,Biker
38,423.0,485.0,528.0,541.0,4654,0,0,1,Biker
38,426.0,480.0,528.0,539.0,4655,0,0,1,Biker
38,426.0,478.0,528.0,537.0,4656,0,0,1,Biker
38,426.0,475.0,530.0,532.0,4657,0,0,1,Biker
38,426.0,473.0,530.0,530.0,4658,0,0,1,Biker
38,429.0,469.0,530.0,528.0,4659,0,0,1,Biker
38,429.0,466.0,533.0,526.0,4660,0,0,1,Biker
38,429.0,464.0,533.0,521.0,4661,0,0,1,Biker
38,431.0,459.0,533.0,519.0,4662,0,0,1,Biker
38,431.0,457.0,533.0,516.0,4663,0,0,1,Biker
38,431.0,455.0,536.0,514.0,4664,0,0,1,Biker
38,431.0,453.0,536.0,510.0,4665,0,0,1,Biker
38,434.0,448.0,536.0,507.0,4666,0,0,1,Biker
38,434.0,446.0,539.0,505.0,4667,0,0,1,Biker
38,434.0,444.0,539.0,503.0,4668,0,0,1,Biker
38,434.0,441.0,539.0,498.0,4669,0,0,1,Biker
38,437.0,437.0,541.0,496.0,4670,0,0,1,Biker
38,437.0,434.0,541.0,494.0,4671,0,0,1,Biker
38,437.0,432.0,541.0,491.0,4672,0,0,1,Biker
38,440.0,428.0,541.0,487.0,4673,0,0,1,Biker
38,440.0,425.0,544.0,485.0,4674,0,0,1,Biker
38,440.0,423.0,544.0,482.0,4675,0,0,1,Biker
38,440.0,421.0,544.0,480.0,4676,0,0,1,Biker
38,442.0,416.0,547.0,475.0,4677,0,0,1,Biker
38,442.0,414.0,547.0,473.0,4678,0,0,1,Biker
38,442.0,412.0,547.0,471.0,4679,0,0,1,Biker
38,445.0,409.0,550.0,469.0,4680,0,0,0,Biker
38,445.0,405.0,550.0,464.0,4681,0,0,1,Biker
38,448.0,403.0,552.0,462.0,4682,0,0,1,Biker
38,448.0,400.0,552.0,459.0,4683,0,0,1,Biker
38,451.0,396.0,555.0,455.0,4684,0,0,1,Biker
38,451.0,393.0,555.0,453.0,4685,0,0,1,Biker
38,453.0,391.0,558.0,450.0,4686,0,0,1,Biker
38,453.0,389.0,558.0,448.0,4687,0,0,1,Biker
38,456.0,384.0,561.0,444.0,4688,0,0,1,Biker
38,456.0,382.0,561.0,441.0,4689,0,0,1,Biker
38,459.0,380.0,563.0,439.0,4690,0,0,1,Biker
38,459.0,377.0,563.0,437.0,4691,0,0,1,Biker
38,462.0,373.0,566.0,432.0,4692,0,0,1,Biker
38,462.0,371.0,566.0,430.0,4693,0,0,1,Biker
38,464.0,368.0,569.0,428.0,4694,0,0,1,Biker
38,467.0,366.0,572.0,425.0,4695,0,0,1,Biker
38,467.0,362.0,572.0,421.0,4696,0,0,1,Biker
38,470.0,359.0,574.0,418.0,4697,0,0,1,Biker
38,470.0,357.0,574.0,416.0,4698,0,0,1,Biker
38,473.0,352.0,577.0,412.0,4699,0,0,1,Biker
38,473.0,350.0,577.0,409.0,4700,0,0,1,Biker
38,475.0,348.0,580.0,407.0,4701,0,0,1,Biker
38,475.0,346.0,580.0,405.0,4702,0,0,1,Biker
38,478.0,341.0,583.0,400.0,4703,0,0,1,Biker
38,478.0,339.0,583.0,398.0,4704,0,0,1,Biker
38,481.0,337.0,585.0,396.0,4705,0,0,1,Biker
38,481.0,334.0,585.0,393.0,4706,0,0,1,Biker
38,484.0,330.0,588.0,389.0,4707,0,0,1,Biker
38,484.0,327.0,588.0,387.0,4708,0,0,1,Biker
38,486.0,325.0,591.0,384.0,4709,0,0,1,Biker
38,489.0,323.0,594.0,382.0,4710,0,0,0,Biker
38,489.0,318.0,594.0,377.0,4711,0,0,1,Biker
38,492.0,316.0,596.0,375.0,4712,0,0,1,Biker
38,495.0,314.0,599.0,373.0,4713,0,0,1,Biker
38,497.0,311.0,602.0,371.0,4714,0,0,1,Biker
38,497.0,309.0,602.0,368.0,4715,0,0,1,Biker
38,500.0,307.0,605.0,366.0,4716,0,0,1,Biker
38,503.0,305.0,607.0,364.0,4717,0,0,1,Biker
38,506.0,302.0,610.0,362.0,4718,0,0,1,Biker
38,506.0,300.0,610.0,359.0,4719,0,0,1,Biker
38,508.0,298.0,613.0,357.0,4720,0,0,1,Biker
38,511.0,296.0,616.0,355.0,4721,0,0,1,Biker
38,514.0,293.0,618.0,352.0,4722,0,0,1,Biker
38,514.0,291.0,618.0,350.0,4723,0,0,1,Biker
38,517.0,289.0,621.0,348.0,4724,0,0,1,Biker
38,519.0,286.0,624.0,346.0,4725,0,0,1,Biker
38,522.0,284.0,627.0,343.0,4726,0,0,1,Biker
38,522.0,282.0,627.0,341.0,4727,0,0,1,Biker
38,525.0,280.0,629.0,339.0,4728,0,0,1,Biker
38,528.0,277.0,632.0,337.0,4729,0,0,1,Biker
38,530.0,275.0,635.0,334.0,4730,0,0,1,Biker
38,530.0,270.0,635.0,330.0,4731,0,0,1,Biker
38,533.0,268.0,638.0,327.0,4732,0,0,1,Biker
38,536.0,266.0,640.0,325.0,4733,0,0,1,Biker
38,539.0,264.0,643.0,323.0,4734,0,0,1,Biker
38,539.0,261.0,643.0,321.0,4735,0,0,1,Biker
38,541.0,259.0,646.0,318.0,4736,0,0,1,Biker
38,544.0,257.0,649.0,316.0,4737,0,0,1,Biker
38,547.0,255.0,651.0,314.0,4738,0,0,1,Biker
38,547.0,252.0,651.0,311.0,4739,0,0,1,Biker
38,550.0,250.0,654.0,309.0,4740,0,0,1,Biker
38,552.0,248.0,657.0,307.0,4741,0,0,1,Biker
38,555.0,245.0,660.0,305.0,4742,0,0,1,Biker
38,555.0,243.0,660.0,302.0,4743,0,0,1,Biker
38,558.0,241.0,662.0,300.0,4744,0,0,1,Biker
38,561.0,239.0,665.0,298.0,4745,0,0,1,Biker
38,563.0,236.0,668.0,296.0,4746,0,0,1,Biker
38,563.0,234.0,668.0,293.0,4747,0,0,1,Biker
38,566.0,232.0,671.0,291.0,4748,0,0,1,Biker
38,569.0,229.0,673.0,289.0,4749,0,0,1,Biker
38,572.0,227.0,676.0,286.0,4750,0,0,0,Biker
38,572.0,223.0,676.0,282.0,4751,0,0,1,Biker
38,574.0,220.0,679.0,280.0,4752,0,0,1,Biker
38,574.0,218.0,679.0,277.0,4753,0,0,1,Biker
38,577.0,216.0,682.0,275.0,4754,0,0,1,Biker
38,577.0,214.0,682.0,273.0,4755,0,0,1,Biker
38,580.0,211.0,684.0,270.0,4756,0,0,1,Biker
38,580.0,207.0,684.0,266.0,4757,0,0,1,Biker
38,583.0,204.0,687.0,264.0,4758,0,0,1,Biker
38,583.0,202.0,687.0,261.0,4759,0,0,1,Biker
38,585.0,200.0,690.0,259.0,4760,0,0,1,Biker
38,585.0,198.0,690.0,257.0,4761,0,0,1,Biker
38,588.0,195.0,693.0,255.0,4762,0,0,1,Biker
38,591.0,191.0,695.0,250.0,4763,0,0,1,Biker
38,591.0,188.0,695.0,248.0,4764,0,0,1,Biker
38,594.0,186.0,698.0,245.0,4765,0,0,1,Biker
38,594.0,184.0,698.0,243.0,4766,0,0,1,Biker
38,596.0,182.0,701.0,241.0,4767,0,0,1,Biker
38,596.0,179.0,701.0,239.0,4768,0,0,1,Biker
38,599.0,175.0,704.0,234.0,4769,0,0,1,Biker
38,599.0,173.0,704.0,232.0,4770,0,0,1,Biker
38,602.0,170.0,706.0,229.0,4771,0,0,1,Biker
38,602.0,168.0,706.0,227.0,4772,0,0,1,Biker
38,605.0,166.0,709.0,225.0,4773,0,0,1,Biker
38,605.0,163.0,709.0,223.0,4774,0,0,1,Biker
38,607.0,161.0,712.0,220.0,4775,0,0,1,Biker
38,610.0,157.0,715.0,216.0,4776,0,0,1,Biker
38,610.0,154.0,715.0,214.0,4777,0,0,1,Biker
38,613.0,152.0,717.0,211.0,4778,0,0,1,Biker
38,613.0,150.0,717.0,209.0,4779,0,0,1,Biker
38,616.0,148.0,720.0,207.0,4780,0,0,1,Biker
38,616.0,145.0,720.0,204.0,4781,0,0,1,Biker
38,618.0,141.0,723.0,200.0,4782,0,0,1,Biker
38,618.0,138.0,723.0,198.0,4783,0,0,1,Biker
38,621.0,136.0,726.0,195.0,4784,0,0,1,Biker
38,621.0,134.0,726.0,193.0,4785,0,0,1,Biker
38,624.0,132.0,728.0,191.0,4786,0,0,1,Biker
38,624.0,129.0,728.0,188.0,4787,0,0,1,Biker
38,627.0,125.0,731.0,184.0,4788,0,0,1,Biker
38,629.0,122.0,734.0,182.0,4789,0,0,1,Biker
38,629.0,120.0,734.0,179.0,4790,0,0,1,Biker
38,632.0,118.0,737.0,177.0,4791,0,0,1,Biker
38,632.0,116.0,737.0,175.0,4792,0,0,1,Biker
38,635.0,113.0,739.0,173.0,4793,0,0,1,Biker
38,635.0,109.0,739.0,168.0,4794,0,0,1,Biker
38,638.0,107.0,742.0,166.0,4795,0,0,1,Biker
38,638.0,104.0,742.0,163.0,4796,0,0,1,Biker
38,640.0,102.0,745.0,161.0,4797,0,0,1,Biker
38,640.0,100.0,745.0,159.0,4798,0,0,1,Biker
38,643.0,97.0,748.0,157.0,4799,0,0,1,Biker
38,646.0,95.0,750.0,154.0,4800,0,0,0,Biker
38,646.0,91.0,750.0,150.0,4801,0,0,1,Biker
38,646.0,88.0,750.0,148.0,4802,0,0,1,Biker
38,646.0,84.0,750.0,143.0,4803,0,0,1,Biker
38,646.0,81.0,750.0,141.0,4804,0,0,1,Biker
38,646.0,77.0,750.0,136.0,4805,0,0,1,Biker
38,646.0,75.0,750.0,134.0,4806,0,0,1,Biker
38,646.0,70.0,750.0,129.0,4807,0,0,1,Biker
38,646.0,68.0,750.0,127.0,4808,0,0,1,Biker
38,646.0,63.0,750.0,122.0,4809,0,0,1,Biker
38,646.0,61.0,750.0,120.0,4810,0,0,1,Biker
38,646.0,56.0,750.0,116.0,4811,0,0,1,Biker
38,646.0,54.0,750.0,113.0,4812,0,0,1,Biker
38,646.0,50.0,750.0,109.0,4813,0,0,1,Biker
38,646.0,47.0,750.0,107.0,4814,0,0,1,Biker
38,646.0,43.0,750.0,102.0,4815,0,0,1,Biker
38,646.0,40.0,750.0,100.0,4816,0,0,1,Biker
38,646.0,36.0,750.0,95.0,4817,0,0,1,Biker
38,646.0,34.0,750.0,93.0,4818,0,0,1,Biker
38,646.0,29.0,750.0,88.0,4819,0,0,1,Biker
38,646.0,27.0,750.0,86.0,4820,0,0,0,Biker
38,646.0,20.0,750.0,79.0,4821,0,0,1,Biker
38,646.0,15.0,750.0,75.0,4822,0,0,1,Biker
38,646.0,11.0,750.0,70.0,4823,0,0,1,Biker
38,646.0,6.0,750.0,66.0,4824,0,0,1,Biker
38,646.0,2.0,750.0,61.0,4825,0,0,0,Biker
38,646.0,0.0,750.0,56.0,4826,0,0,1,Biker
38,646.0,0.0,750.0,54.0,4827,0,0,1,Biker
38,646.0,0.0,750.0,50.0,4828,0,0,1,Biker
38,646.0,0.0,750.0,47.0,4829,0,0,1,Biker
38,646.0,0.0,750.0,45.0,4830,0,0,0,Biker
38,649.0,0.0,753.0,40.0,4831,0,0,1,Biker
38,651.0,0.0,756.0,38.0,4832,0,0,1,Biker
38,654.0,0.0,759.0,36.0,4833,0,0,1,Biker
38,657.0,0.0,761.0,34.0,4834,0,0,1,Biker
38,660.0,0.0,764.0,31.0,4835,0,0,1,Biker
38,662.0,0.0,767.0,29.0,4836,0,0,1,Biker
38,665.0,0.0,770.0,27.0,4837,1,0,0,Biker
38,662.0,0.0,767.0,22.0,4838,1,0,1,Biker
38,660.0,0.0,764.0,20.0,4839,1,0,1,Biker
38,660.0,0.0,764.0,18.0,4840,1,0,0,Biker
38,660.0,0.0,764.0,18.0,4841,1,0,1,Biker
38,660.0,0.0,764.0,18.0,4842,1,0,1,Biker
38,660.0,0.0,764.0,18.0,4843,1,0,1,Biker
38,660.0,0.0,764.0,18.0,4844,1,0,1,Biker
38,660.0,0.0,764.0,18.0,4845,1,0,1,Biker
38,660.0,0.0,764.0,18.0,4846,1,0,1,Biker
38,660.0,0.0,764.0,18.0,4847,1,0,1,Biker
38,660.0,0.0,764.0,18.0,4848,1,0,1,Biker
38,660.0,0.0,764.0,18.0,4849,1,0,1,Biker
38,660.0,0.0,764.0,18.0,4850,1,0,1,Biker
38,660.0,0.0,764.0,18.0,4851,1,0,1,Biker
38,660.0,0.0,764.0,18.0,4852,1,0,1,Biker
38,660.0,0.0,764.0,18.0,4853,1,0,1,Biker
38,660.0,0.0,764.0,18.0,4854,1,0,1,Biker
38,660.0,0.0,764.0,18.0,4855,1,0,1,Biker
38,660.0,0.0,764.0,18.0,4856,1,0,1,Biker
38,660.0,0.0,764.0,18.0,4857,1,0,1,Biker
38,660.0,0.0,764.0,18.0,4858,1,0,1,Biker
38,660.0,0.0,764.0,18.0,4859,1,0,1,Biker
38,660.0,0.0,764.0,18.0,4860,1,0,1,Biker
38,660.0,0.0,764.0,18.0,4861,1,0,1,Biker
38,660.0,0.0,764.0,18.0,4862,1,0,1,Biker
38,660.0,0.0,764.0,18.0,4863,1,0,1,Biker
38,660.0,0.0,764.0,18.0,4864,1,0,1,Biker
38,660.0,0.0,764.0,18.0,4865,1,0,1,Biker
38,660.0,0.0,764.0,18.0,4866,1,0,1,Biker
38,660.0,0.0,764.0,18.0,4867,1,0,1,Biker
38,660.0,0.0,764.0,18.0,4868,1,0,1,Biker
38,660.0,0.0,764.0,18.0,4869,1,0,1,Biker
38,660.0,0.0,764.0,18.0,4870,1,0,1,Biker
38,660.0,0.0,764.0,18.0,4871,1,0,1,Biker
38,660.0,0.0,764.0,18.0,4872,1,0,1,Biker
38,660.0,0.0,764.0,18.0,4873,1,0,1,Biker
38,660.0,0.0,764.0,18.0,4874,1,0,1,Biker
38,660.0,0.0,764.0,18.0,4875,1,0,1,Biker
38,660.0,0.0,764.0,18.0,4876,1,0,1,Biker
38,660.0,0.0,764.0,18.0,4877,1,0,1,Biker
38,660.0,0.0,764.0,18.0,4878,1,0,1,Biker
38,660.0,0.0,764.0,18.0,4879,1,0,1,Biker
38,660.0,0.0,764.0,18.0,4880,1,0,1,Biker
38,660.0,0.0,764.0,18.0,4881,1,0,1,Biker
38,660.0,0.0,764.0,18.0,4882,1,0,1,Biker
38,660.0,0.0,764.0,18.0,4883,1,0,1,Biker
38,660.0,0.0,764.0,18.0,4884,1,0,1,Biker
38,660.0,0.0,764.0,18.0,4885,1,0,1,Biker
38,660.0,0.0,764.0,18.0,4886,1,0,1,Biker
38,660.0,0.0,764.0,18.0,4887,1,0,1,Biker
38,660.0,0.0,764.0,18.0,4888,1,0,1,Biker
38,660.0,0.0,764.0,18.0,4889,1,0,1,Biker
38,660.0,0.0,764.0,18.0,4890,1,0,1,Biker
38,660.0,0.0,764.0,18.0,4891,1,0,1,Biker
38,660.0,0.0,764.0,18.0,4892,1,0,1,Biker
38,660.0,0.0,764.0,18.0,4893,1,0,1,Biker
38,660.0,0.0,764.0,18.0,4894,1,0,1,Biker
38,660.0,0.0,764.0,18.0,4895,1,0,1,Biker
38,660.0,0.0,764.0,18.0,4896,1,0,1,Biker
38,660.0,0.0,764.0,18.0,4897,1,0,1,Biker
38,660.0,0.0,764.0,18.0,4898,1,0,1,Biker
38,660.0,0.0,764.0,18.0,4899,1,0,1,Biker
38,660.0,0.0,764.0,18.0,4900,1,0,1,Biker
38,660.0,0.0,764.0,18.0,4901,1,0,1,Biker
38,660.0,0.0,764.0,18.0,4902,1,0,1,Biker
38,660.0,0.0,764.0,18.0,4903,1,0,1,Biker
38,660.0,0.0,764.0,18.0,4904,1,0,1,Biker
38,660.0,0.0,764.0,18.0,4905,1,0,1,Biker
38,660.0,0.0,764.0,18.0,4906,1,0,1,Biker
38,660.0,0.0,764.0,18.0,4907,1,0,1,Biker
38,660.0,0.0,764.0,18.0,4908,1,0,1,Biker
38,660.0,0.0,764.0,18.0,4909,1,0,1,Biker
38,660.0,0.0,764.0,18.0,4910,1,0,1,Biker
38,660.0,0.0,764.0,18.0,4911,1,0,1,Biker
38,660.0,0.0,764.0,18.0,4912,1,0,1,Biker
38,660.0,0.0,764.0,18.0,4913,1,0,1,Biker
38,660.0,0.0,764.0,18.0,4914,1,0,1,Biker
38,660.0,0.0,764.0,18.0,4915,1,0,1,Biker
38,660.0,0.0,764.0,18.0,4916,1,0,1,Biker
38,660.0,0.0,764.0,18.0,4917,1,0,1,Biker
38,660.0,0.0,764.0,18.0,4918,1,0,1,Biker
38,660.0,0.0,764.0,18.0,4919,1,0,1,Biker
38,660.0,0.0,764.0,18.0,4920,1,0,1,Biker
38,660.0,0.0,764.0,18.0,4921,1,0,1,Biker
38,660.0,0.0,764.0,18.0,4922,1,0,1,Biker
38,660.0,0.0,764.0,18.0,4923,1,0,1,Biker
38,660.0,0.0,764.0,18.0,4924,1,0,1,Biker
38,660.0,0.0,764.0,18.0,4925,1,0,1,Biker
38,660.0,0.0,764.0,18.0,4926,1,0,1,Biker
38,660.0,0.0,764.0,18.0,4927,1,0,1,Biker
38,660.0,0.0,764.0,18.0,4928,1,0,1,Biker
38,660.0,0.0,764.0,18.0,4929,1,0,1,Biker
38,660.0,0.0,764.0,18.0,4930,1,0,1,Biker
38,660.0,0.0,764.0,18.0,4931,1,0,1,Biker
38,660.0,0.0,764.0,18.0,4932,1,0,1,Biker
38,660.0,0.0,764.0,18.0,4933,1,0,1,Biker
38,660.0,0.0,764.0,18.0,4934,1,0,1,Biker
38,660.0,0.0,764.0,18.0,4935,1,0,1,Biker
38,660.0,0.0,764.0,18.0,4936,1,0,1,Biker
38,660.0,0.0,764.0,18.0,4937,1,0,1,Biker
38,660.0,0.0,764.0,18.0,4938,1,0,1,Biker
38,660.0,0.0,764.0,18.0,4939,1,0,1,Biker
38,660.0,0.0,764.0,18.0,4940,1,0,1,Biker
38,660.0,0.0,764.0,18.0,4941,1,0,1,Biker
38,660.0,0.0,764.0,18.0,4942,1,0,1,Biker
38,660.0,0.0,764.0,18.0,4943,1,0,1,Biker
38,660.0,0.0,764.0,18.0,4944,1,0,1,Biker
38,660.0,0.0,764.0,18.0,4945,1,0,1,Biker
38,660.0,0.0,764.0,18.0,4946,1,0,1,Biker
38,660.0,0.0,764.0,18.0,4947,1,0,1,Biker
38,660.0,0.0,764.0,18.0,4948,1,0,1,Biker
38,660.0,0.0,764.0,18.0,4949,1,0,1,Biker
38,660.0,0.0,764.0,18.0,4950,1,0,1,Biker
38,660.0,0.0,764.0,18.0,4951,1,0,1,Biker
38,660.0,0.0,764.0,18.0,4952,1,0,1,Biker
38,660.0,0.0,764.0,18.0,4953,1,0,1,Biker
38,660.0,0.0,764.0,18.0,4954,1,0,1,Biker
38,660.0,0.0,764.0,18.0,4955,1,0,1,Biker
38,660.0,0.0,764.0,18.0,4956,1,0,1,Biker
38,660.0,0.0,764.0,18.0,4957,1,0,1,Biker
38,660.0,0.0,764.0,18.0,4958,1,0,1,Biker
38,660.0,0.0,764.0,18.0,4959,1,0,1,Biker
38,660.0,0.0,764.0,18.0,4960,1,0,1,Biker
38,660.0,0.0,764.0,18.0,4961,1,0,1,Biker
38,660.0,0.0,764.0,18.0,4962,1,0,1,Biker
38,660.0,0.0,764.0,18.0,4963,1,0,1,Biker
38,660.0,0.0,764.0,18.0,4964,1,0,1,Biker
38,660.0,0.0,764.0,18.0,4965,1,0,1,Biker
38,660.0,0.0,764.0,18.0,4966,1,0,1,Biker
38,660.0,0.0,764.0,18.0,4967,1,0,1,Biker
38,660.0,0.0,764.0,18.0,4968,1,0,1,Biker
38,660.0,0.0,764.0,18.0,4969,1,0,1,Biker
38,660.0,0.0,764.0,18.0,4970,1,0,1,Biker
38,660.0,0.0,764.0,18.0,4971,1,0,1,Biker
38,660.0,0.0,764.0,18.0,4972,1,0,1,Biker
38,660.0,0.0,764.0,18.0,4973,1,0,1,Biker
38,660.0,0.0,764.0,18.0,4974,1,0,1,Biker
38,660.0,0.0,764.0,18.0,4975,1,0,1,Biker
38,660.0,0.0,764.0,18.0,4976,1,0,1,Biker
38,660.0,0.0,764.0,18.0,4977,1,0,1,Biker
38,660.0,0.0,764.0,18.0,4978,1,0,1,Biker
38,660.0,0.0,764.0,18.0,4979,1,0,1,Biker
38,660.0,0.0,764.0,18.0,4980,1,0,1,Biker
38,660.0,0.0,764.0,18.0,4981,1,0,1,Biker
38,660.0,0.0,764.0,18.0,4982,1,0,1,Biker
38,660.0,0.0,764.0,18.0,4983,1,0,1,Biker
38,660.0,0.0,764.0,18.0,4984,1,0,1,Biker
38,660.0,0.0,764.0,18.0,4985,1,0,1,Biker
38,660.0,0.0,764.0,18.0,4986,1,0,1,Biker
38,660.0,0.0,764.0,18.0,4987,1,0,1,Biker
38,660.0,0.0,764.0,18.0,4988,1,0,1,Biker
38,660.0,0.0,764.0,18.0,4989,1,0,1,Biker
38,660.0,0.0,764.0,18.0,4990,1,0,1,Biker
38,660.0,0.0,764.0,18.0,4991,1,0,1,Biker
38,660.0,0.0,764.0,18.0,4992,1,0,1,Biker
38,660.0,0.0,764.0,18.0,4993,1,0,1,Biker
38,660.0,0.0,764.0,18.0,4994,1,0,1,Biker
38,660.0,0.0,764.0,18.0,4995,1,0,1,Biker
38,660.0,0.0,764.0,18.0,4996,1,0,1,Biker
38,660.0,0.0,764.0,18.0,4997,1,0,1,Biker
38,660.0,0.0,764.0,18.0,4998,1,0,1,Biker
38,660.0,0.0,764.0,18.0,4999,1,0,1,Biker
38,660.0,0.0,764.0,18.0,5000,1,0,1,Biker
38,660.0,0.0,764.0,18.0,5001,1,0,1,Biker
38,660.0,0.0,764.0,18.0,5002,1,0,1,Biker
38,660.0,0.0,764.0,18.0,5003,1,0,1,Biker
38,660.0,0.0,764.0,18.0,5004,1,0,1,Biker
38,660.0,0.0,764.0,18.0,5005,1,0,1,Biker
38,660.0,0.0,764.0,18.0,5006,1,0,1,Biker
38,660.0,0.0,764.0,18.0,5007,1,0,1,Biker
38,660.0,0.0,764.0,18.0,5008,1,0,1,Biker
38,660.0,0.0,764.0,18.0,5009,1,0,1,Biker
38,660.0,0.0,764.0,18.0,5010,1,0,1,Biker
38,660.0,0.0,764.0,18.0,5011,1,0,1,Biker
38,660.0,0.0,764.0,18.0,5012,1,0,1,Biker
38,660.0,0.0,764.0,18.0,5013,1,0,1,Biker
38,660.0,0.0,764.0,18.0,5014,1,0,1,Biker
38,660.0,0.0,764.0,18.0,5015,1,0,1,Biker
38,660.0,0.0,764.0,18.0,5016,1,0,1,Biker
38,660.0,0.0,764.0,18.0,5017,1,0,1,Biker
38,660.0,0.0,764.0,18.0,5018,1,0,1,Biker
38,660.0,0.0,764.0,18.0,5019,1,0,1,Biker
38,660.0,0.0,764.0,18.0,5020,1,0,1,Biker
38,660.0,0.0,764.0,18.0,5021,1,0,1,Biker
38,660.0,0.0,764.0,18.0,5022,1,0,1,Biker
38,660.0,0.0,764.0,18.0,5023,1,0,1,Biker
38,660.0,0.0,764.0,18.0,5024,1,0,1,Biker
38,660.0,0.0,764.0,18.0,5025,1,0,1,Biker
38,660.0,0.0,764.0,18.0,5026,1,0,1,Biker
38,660.0,0.0,764.0,18.0,5027,1,0,1,Biker
38,660.0,0.0,764.0,18.0,5028,1,0,1,Biker
38,660.0,0.0,764.0,18.0,5029,1,0,1,Biker
38,660.0,0.0,764.0,18.0,5030,1,0,1,Biker
38,660.0,0.0,764.0,18.0,5031,1,0,0,Biker
39,1905.0,694.0,1971.0,746.0,3000,1,0,0,Pedestrian
39,1905.0,694.0,1971.0,746.0,3001,1,0,1,Pedestrian
39,1905.0,694.0,1971.0,746.0,3002,1,0,1,Pedestrian
39,1905.0,694.0,1971.0,746.0,3003,1,0,1,Pedestrian
39,1905.0,694.0,1971.0,746.0,3004,1,0,1,Pedestrian
39,1905.0,694.0,1971.0,746.0,3005,1,0,1,Pedestrian
39,1905.0,694.0,1971.0,746.0,3006,1,0,1,Pedestrian
39,1905.0,694.0,1971.0,746.0,3007,1,0,1,Pedestrian
39,1905.0,694.0,1971.0,746.0,3008,1,0,1,Pedestrian
39,1905.0,694.0,1971.0,746.0,3009,1,0,1,Pedestrian
39,1905.0,694.0,1971.0,746.0,3010,1,0,1,Pedestrian
39,1905.0,694.0,1971.0,746.0,3011,1,0,1,Pedestrian
39,1905.0,694.0,1971.0,746.0,3012,1,0,1,Pedestrian
39,1905.0,694.0,1971.0,746.0,3013,1,0,1,Pedestrian
39,1905.0,694.0,1971.0,746.0,3014,1,0,1,Pedestrian
39,1905.0,694.0,1971.0,746.0,3015,1,0,1,Pedestrian
39,1905.0,694.0,1971.0,746.0,3016,1,0,1,Pedestrian
39,1905.0,694.0,1971.0,746.0,3017,1,0,1,Pedestrian
39,1905.0,694.0,1971.0,746.0,3018,1,0,1,Pedestrian
39,1905.0,694.0,1971.0,746.0,3019,1,0,1,Pedestrian
39,1905.0,694.0,1971.0,746.0,3020,1,0,1,Pedestrian
39,1905.0,694.0,1971.0,746.0,3021,1,0,1,Pedestrian
39,1905.0,694.0,1971.0,746.0,3022,1,0,1,Pedestrian
39,1905.0,694.0,1971.0,746.0,3023,1,0,1,Pedestrian
39,1905.0,694.0,1971.0,746.0,3024,1,0,1,Pedestrian
39,1905.0,694.0,1971.0,746.0,3025,1,0,1,Pedestrian
39,1905.0,694.0,1971.0,746.0,3026,1,0,1,Pedestrian
39,1905.0,694.0,1971.0,746.0,3027,1,0,1,Pedestrian
39,1905.0,694.0,1971.0,746.0,3028,1,0,1,Pedestrian
39,1905.0,694.0,1971.0,746.0,3029,1,0,1,Pedestrian
39,1905.0,694.0,1971.0,746.0,3030,1,0,1,Pedestrian
39,1905.0,694.0,1971.0,746.0,3031,1,0,1,Pedestrian
39,1905.0,694.0,1971.0,746.0,3032,1,0,1,Pedestrian
39,1905.0,694.0,1971.0,746.0,3033,1,0,1,Pedestrian
39,1905.0,694.0,1971.0,746.0,3034,1,0,1,Pedestrian
39,1905.0,694.0,1971.0,746.0,3035,1,0,1,Pedestrian
39,1905.0,694.0,1971.0,746.0,3036,1,0,1,Pedestrian
39,1905.0,694.0,1971.0,746.0,3037,1,0,1,Pedestrian
39,1905.0,694.0,1971.0,746.0,3038,1,0,1,Pedestrian
39,1905.0,694.0,1971.0,746.0,3039,1,0,1,Pedestrian
39,1905.0,694.0,1971.0,746.0,3040,1,0,1,Pedestrian
39,1905.0,694.0,1971.0,746.0,3041,1,0,1,Pedestrian
39,1905.0,694.0,1971.0,746.0,3042,1,0,1,Pedestrian
39,1905.0,694.0,1971.0,746.0,3043,1,0,1,Pedestrian
39,1905.0,694.0,1971.0,746.0,3044,1,0,1,Pedestrian
39,1905.0,694.0,1971.0,746.0,3045,1,0,1,Pedestrian
39,1905.0,694.0,1971.0,746.0,3046,1,0,1,Pedestrian
39,1905.0,694.0,1971.0,746.0,3047,1,0,1,Pedestrian
39,1905.0,694.0,1971.0,746.0,3048,1,0,1,Pedestrian
39,1905.0,694.0,1971.0,746.0,3049,1,0,1,Pedestrian
39,1905.0,694.0,1971.0,746.0,3050,1,0,1,Pedestrian
39,1905.0,694.0,1971.0,746.0,3051,1,0,1,Pedestrian
39,1905.0,694.0,1971.0,746.0,3052,1,0,1,Pedestrian
39,1905.0,694.0,1971.0,746.0,3053,1,0,1,Pedestrian
39,1905.0,694.0,1971.0,746.0,3054,1,0,1,Pedestrian
39,1905.0,694.0,1971.0,746.0,3055,1,0,1,Pedestrian
39,1905.0,694.0,1971.0,746.0,3056,1,0,1,Pedestrian
39,1905.0,694.0,1971.0,746.0,3057,1,0,1,Pedestrian
39,1905.0,694.0,1971.0,746.0,3058,1,0,1,Pedestrian
39,1905.0,694.0,1971.0,746.0,3059,1,0,1,Pedestrian
39,1905.0,694.0,1971.0,746.0,3060,1,0,1,Pedestrian
39,1905.0,694.0,1971.0,746.0,3061,1,0,1,Pedestrian
39,1905.0,694.0,1971.0,746.0,3062,1,0,1,Pedestrian
39,1905.0,694.0,1971.0,746.0,3063,1,0,1,Pedestrian
39,1905.0,694.0,1971.0,746.0,3064,1,0,1,Pedestrian
39,1905.0,694.0,1971.0,746.0,3065,1,0,1,Pedestrian
39,1905.0,694.0,1971.0,746.0,3066,1,0,1,Pedestrian
39,1905.0,694.0,1971.0,746.0,3067,1,0,1,Pedestrian
39,1905.0,694.0,1971.0,746.0,3068,1,0,1,Pedestrian
39,1905.0,694.0,1971.0,746.0,3069,1,0,1,Pedestrian
39,1905.0,694.0,1971.0,746.0,3070,1,0,1,Pedestrian
39,1905.0,694.0,1971.0,746.0,3071,1,0,1,Pedestrian
39,1905.0,694.0,1971.0,746.0,3072,1,0,1,Pedestrian
39,1905.0,694.0,1971.0,746.0,3073,1,0,1,Pedestrian
39,1905.0,694.0,1971.0,746.0,3074,1,0,1,Pedestrian
39,1905.0,694.0,1971.0,746.0,3075,1,0,1,Pedestrian
39,1905.0,694.0,1971.0,746.0,3076,1,0,1,Pedestrian
39,1905.0,694.0,1971.0,746.0,3077,1,0,1,Pedestrian
39,1905.0,694.0,1971.0,746.0,3078,1,0,1,Pedestrian
39,1905.0,694.0,1971.0,746.0,3079,1,0,1,Pedestrian
39,1905.0,694.0,1971.0,746.0,3080,1,0,1,Pedestrian
39,1905.0,694.0,1971.0,746.0,3081,1,0,1,Pedestrian
39,1905.0,694.0,1971.0,746.0,3082,1,0,1,Pedestrian
39,1905.0,694.0,1971.0,746.0,3083,1,0,1,Pedestrian
39,1905.0,694.0,1971.0,746.0,3084,1,0,1,Pedestrian
39,1905.0,694.0,1971.0,746.0,3085,1,0,1,Pedestrian
39,1905.0,694.0,1971.0,746.0,3086,1,0,1,Pedestrian
39,1905.0,694.0,1971.0,746.0,3087,1,0,1,Pedestrian
39,1905.0,694.0,1971.0,746.0,3088,1,0,1,Pedestrian
39,1905.0,694.0,1971.0,746.0,3089,1,0,1,Pedestrian
39,1905.0,694.0,1971.0,746.0,3090,1,0,1,Pedestrian
39,1905.0,694.0,1971.0,746.0,3091,1,0,1,Pedestrian
39,1905.0,694.0,1971.0,746.0,3092,1,0,1,Pedestrian
39,1905.0,694.0,1971.0,746.0,3093,1,0,1,Pedestrian
39,1905.0,694.0,1971.0,746.0,3094,1,0,1,Pedestrian
39,1905.0,694.0,1971.0,746.0,3095,1,0,1,Pedestrian
39,1905.0,694.0,1971.0,746.0,3096,1,0,1,Pedestrian
39,1905.0,694.0,1971.0,746.0,3097,1,0,1,Pedestrian
39,1905.0,694.0,1971.0,746.0,3098,1,0,1,Pedestrian
39,1905.0,694.0,1971.0,746.0,3099,1,0,1,Pedestrian
39,1905.0,694.0,1971.0,746.0,3100,1,0,1,Pedestrian
39,1905.0,694.0,1971.0,746.0,3101,1,0,1,Pedestrian
39,1905.0,694.0,1971.0,746.0,3102,1,0,1,Pedestrian
39,1905.0,694.0,1971.0,746.0,3103,1,0,1,Pedestrian
39,1905.0,694.0,1971.0,746.0,3104,1,0,1,Pedestrian
39,1905.0,694.0,1971.0,746.0,3105,1,0,1,Pedestrian
39,1905.0,694.0,1971.0,746.0,3106,1,0,1,Pedestrian
39,1905.0,694.0,1971.0,746.0,3107,1,0,1,Pedestrian
39,1905.0,694.0,1971.0,746.0,3108,1,0,1,Pedestrian
39,1905.0,694.0,1971.0,746.0,3109,1,0,1,Pedestrian
39,1905.0,694.0,1971.0,746.0,3110,1,0,1,Pedestrian
39,1905.0,694.0,1971.0,746.0,3111,1,0,1,Pedestrian
39,1905.0,694.0,1971.0,746.0,3112,1,0,1,Pedestrian
39,1905.0,694.0,1971.0,746.0,3113,1,0,1,Pedestrian
39,1905.0,694.0,1971.0,746.0,3114,1,0,1,Pedestrian
39,1905.0,694.0,1971.0,746.0,3115,1,0,1,Pedestrian
39,1905.0,694.0,1971.0,746.0,3116,1,0,1,Pedestrian
39,1905.0,694.0,1971.0,746.0,3117,1,0,1,Pedestrian
39,1905.0,694.0,1971.0,746.0,3118,1,0,1,Pedestrian
39,1905.0,694.0,1971.0,746.0,3119,1,0,1,Pedestrian
39,1905.0,694.0,1971.0,746.0,3120,1,0,1,Pedestrian
39,1905.0,694.0,1971.0,746.0,3121,1,0,1,Pedestrian
39,1905.0,694.0,1971.0,746.0,3122,1,0,1,Pedestrian
39,1905.0,694.0,1971.0,746.0,3123,1,0,1,Pedestrian
39,1905.0,694.0,1971.0,746.0,3124,1,0,1,Pedestrian
39,1905.0,694.0,1971.0,746.0,3125,1,0,1,Pedestrian
39,1905.0,694.0,1971.0,746.0,3126,1,0,1,Pedestrian
39,1905.0,694.0,1971.0,746.0,3127,1,0,1,Pedestrian
39,1905.0,694.0,1971.0,746.0,3128,1,0,1,Pedestrian
39,1905.0,694.0,1971.0,746.0,3129,1,0,1,Pedestrian
39,1905.0,694.0,1971.0,746.0,3130,1,0,1,Pedestrian
39,1905.0,694.0,1971.0,746.0,3131,1,0,1,Pedestrian
39,1905.0,694.0,1971.0,746.0,3132,1,0,1,Pedestrian
39,1905.0,694.0,1971.0,746.0,3133,1,0,1,Pedestrian
39,1905.0,694.0,1971.0,746.0,3134,1,0,1,Pedestrian
39,1905.0,694.0,1971.0,746.0,3135,1,0,1,Pedestrian
39,1905.0,694.0,1971.0,746.0,3136,1,0,1,Pedestrian
39,1905.0,694.0,1971.0,746.0,3137,1,0,1,Pedestrian
39,1905.0,694.0,1971.0,746.0,3138,1,0,1,Pedestrian
39,1905.0,694.0,1971.0,746.0,3139,1,0,1,Pedestrian
39,1905.0,694.0,1971.0,746.0,3140,1,0,1,Pedestrian
39,1905.0,694.0,1971.0,746.0,3141,1,0,1,Pedestrian
39,1905.0,694.0,1971.0,746.0,3142,1,0,1,Pedestrian
39,1905.0,694.0,1971.0,746.0,3143,1,0,1,Pedestrian
39,1905.0,694.0,1971.0,746.0,3144,1,0,1,Pedestrian
39,1905.0,694.0,1971.0,746.0,3145,1,0,1,Pedestrian
39,1905.0,694.0,1971.0,746.0,3146,1,0,1,Pedestrian
39,1905.0,694.0,1971.0,746.0,3147,1,0,1,Pedestrian
39,1905.0,694.0,1971.0,746.0,3148,1,0,1,Pedestrian
39,1905.0,694.0,1971.0,746.0,3149,1,0,1,Pedestrian
39,1905.0,694.0,1971.0,746.0,3150,1,0,1,Pedestrian
39,1905.0,694.0,1971.0,746.0,3151,1,0,1,Pedestrian
39,1905.0,694.0,1971.0,746.0,3152,1,0,1,Pedestrian
39,1905.0,694.0,1971.0,746.0,3153,1,0,1,Pedestrian
39,1905.0,694.0,1971.0,746.0,3154,1,0,1,Pedestrian
39,1905.0,694.0,1971.0,746.0,3155,1,0,1,Pedestrian
39,1905.0,694.0,1971.0,746.0,3156,1,0,1,Pedestrian
39,1905.0,694.0,1971.0,746.0,3157,1,0,1,Pedestrian
39,1905.0,694.0,1971.0,746.0,3158,1,0,1,Pedestrian
39,1905.0,694.0,1971.0,746.0,3159,1,0,1,Pedestrian
39,1905.0,694.0,1971.0,746.0,3160,1,0,1,Pedestrian
39,1905.0,694.0,1971.0,746.0,3161,1,0,1,Pedestrian
39,1905.0,694.0,1971.0,746.0,3162,1,0,1,Pedestrian
39,1905.0,694.0,1971.0,746.0,3163,1,0,1,Pedestrian
39,1905.0,694.0,1971.0,746.0,3164,1,0,1,Pedestrian
39,1905.0,694.0,1971.0,746.0,3165,1,0,1,Pedestrian
39,1905.0,694.0,1971.0,746.0,3166,1,0,1,Pedestrian
39,1905.0,694.0,1971.0,746.0,3167,1,0,1,Pedestrian
39,1905.0,694.0,1971.0,746.0,3168,1,0,1,Pedestrian
39,1905.0,694.0,1971.0,746.0,3169,1,0,1,Pedestrian
39,1905.0,694.0,1971.0,746.0,3170,1,0,1,Pedestrian
39,1905.0,694.0,1971.0,746.0,3171,1,0,1,Pedestrian
39,1905.0,694.0,1971.0,746.0,3172,1,0,1,Pedestrian
39,1905.0,694.0,1971.0,746.0,3173,1,0,1,Pedestrian
39,1905.0,694.0,1971.0,746.0,3174,1,0,1,Pedestrian
39,1905.0,694.0,1971.0,746.0,3175,1,0,1,Pedestrian
39,1905.0,694.0,1971.0,746.0,3176,1,0,1,Pedestrian
39,1905.0,694.0,1971.0,746.0,3177,1,0,1,Pedestrian
39,1905.0,694.0,1971.0,746.0,3178,1,0,1,Pedestrian
39,1905.0,694.0,1971.0,746.0,3179,1,0,1,Pedestrian
39,1905.0,694.0,1971.0,746.0,3180,1,0,1,Pedestrian
39,1905.0,694.0,1971.0,746.0,3181,1,0,1,Pedestrian
39,1905.0,694.0,1971.0,746.0,3182,1,0,1,Pedestrian
39,1905.0,694.0,1971.0,746.0,3183,1,0,1,Pedestrian
39,1905.0,694.0,1971.0,746.0,3184,1,0,1,Pedestrian
39,1905.0,694.0,1971.0,746.0,3185,1,0,1,Pedestrian
39,1905.0,694.0,1971.0,746.0,3186,1,0,1,Pedestrian
39,1905.0,694.0,1971.0,746.0,3187,1,0,1,Pedestrian
39,1905.0,694.0,1971.0,746.0,3188,1,0,1,Pedestrian
39,1905.0,694.0,1971.0,746.0,3189,1,0,1,Pedestrian
39,1905.0,694.0,1971.0,746.0,3190,1,0,1,Pedestrian
39,1905.0,694.0,1971.0,746.0,3191,1,0,1,Pedestrian
39,1905.0,694.0,1971.0,746.0,3192,1,0,1,Pedestrian
39,1905.0,694.0,1971.0,746.0,3193,1,0,1,Pedestrian
39,1905.0,694.0,1971.0,746.0,3194,1,0,1,Pedestrian
39,1905.0,694.0,1971.0,746.0,3195,1,0,1,Pedestrian
39,1905.0,694.0,1971.0,746.0,3196,1,0,1,Pedestrian
39,1905.0,694.0,1971.0,746.0,3197,1,0,1,Pedestrian
39,1905.0,694.0,1971.0,746.0,3198,1,0,1,Pedestrian
39,1905.0,694.0,1971.0,746.0,3199,1,0,1,Pedestrian
39,1905.0,694.0,1971.0,746.0,3200,1,0,1,Pedestrian
39,1905.0,694.0,1971.0,746.0,3201,1,0,1,Pedestrian
39,1905.0,694.0,1971.0,746.0,3202,1,0,1,Pedestrian
39,1905.0,694.0,1971.0,746.0,3203,1,0,1,Pedestrian
39,1905.0,694.0,1971.0,746.0,3204,1,0,1,Pedestrian
39,1905.0,694.0,1971.0,746.0,3205,1,0,1,Pedestrian
39,1905.0,694.0,1971.0,746.0,3206,1,0,1,Pedestrian
39,1905.0,694.0,1971.0,746.0,3207,1,0,1,Pedestrian
39,1905.0,694.0,1971.0,746.0,3208,1,0,1,Pedestrian
39,1905.0,694.0,1971.0,746.0,3209,1,0,1,Pedestrian
39,1905.0,694.0,1971.0,746.0,3210,1,0,1,Pedestrian
39,1905.0,694.0,1971.0,746.0,3211,1,0,1,Pedestrian
39,1905.0,694.0,1971.0,746.0,3212,1,0,1,Pedestrian
39,1905.0,694.0,1971.0,746.0,3213,1,0,1,Pedestrian
39,1905.0,694.0,1971.0,746.0,3214,1,0,1,Pedestrian
39,1905.0,694.0,1971.0,746.0,3215,1,0,1,Pedestrian
39,1905.0,694.0,1971.0,746.0,3216,1,0,1,Pedestrian
39,1905.0,694.0,1971.0,746.0,3217,1,0,1,Pedestrian
39,1905.0,694.0,1971.0,746.0,3218,1,0,1,Pedestrian
39,1905.0,694.0,1971.0,746.0,3219,1,0,1,Pedestrian
39,1905.0,694.0,1971.0,746.0,3220,1,0,1,Pedestrian
39,1905.0,694.0,1971.0,746.0,3221,1,0,1,Pedestrian
39,1905.0,694.0,1971.0,746.0,3222,1,0,1,Pedestrian
39,1905.0,694.0,1971.0,746.0,3223,1,0,1,Pedestrian
39,1905.0,694.0,1971.0,746.0,3224,1,0,1,Pedestrian
39,1905.0,694.0,1971.0,746.0,3225,1,0,1,Pedestrian
39,1905.0,694.0,1971.0,746.0,3226,1,0,1,Pedestrian
39,1905.0,694.0,1971.0,746.0,3227,1,0,1,Pedestrian
39,1905.0,694.0,1971.0,746.0,3228,1,0,1,Pedestrian
39,1905.0,694.0,1971.0,746.0,3229,1,0,1,Pedestrian
39,1905.0,694.0,1971.0,746.0,3230,1,0,1,Pedestrian
39,1905.0,694.0,1971.0,746.0,3231,1,0,1,Pedestrian
39,1905.0,694.0,1971.0,746.0,3232,1,0,1,Pedestrian
39,1905.0,694.0,1971.0,746.0,3233,1,0,1,Pedestrian
39,1905.0,694.0,1971.0,746.0,3234,1,0,1,Pedestrian
39,1905.0,694.0,1971.0,746.0,3235,1,0,1,Pedestrian
39,1905.0,694.0,1971.0,746.0,3236,1,0,1,Pedestrian
39,1905.0,694.0,1971.0,746.0,3237,1,0,1,Pedestrian
39,1905.0,694.0,1971.0,746.0,3238,1,0,1,Pedestrian
39,1905.0,694.0,1971.0,746.0,3239,1,0,1,Pedestrian
39,1905.0,694.0,1971.0,746.0,3240,1,0,1,Pedestrian
39,1905.0,694.0,1971.0,746.0,3241,1,0,1,Pedestrian
39,1905.0,694.0,1971.0,746.0,3242,1,0,1,Pedestrian
39,1905.0,694.0,1971.0,746.0,3243,1,0,1,Pedestrian
39,1905.0,694.0,1971.0,746.0,3244,1,0,1,Pedestrian
39,1905.0,694.0,1971.0,746.0,3245,1,0,1,Pedestrian
39,1905.0,694.0,1971.0,746.0,3246,1,0,1,Pedestrian
39,1905.0,694.0,1971.0,746.0,3247,1,0,1,Pedestrian
39,1905.0,694.0,1971.0,746.0,3248,1,0,1,Pedestrian
39,1905.0,694.0,1971.0,746.0,3249,1,0,1,Pedestrian
39,1905.0,694.0,1971.0,746.0,3250,1,0,1,Pedestrian
39,1905.0,694.0,1971.0,746.0,3251,1,0,1,Pedestrian
39,1905.0,694.0,1971.0,746.0,3252,1,0,1,Pedestrian
39,1905.0,694.0,1971.0,746.0,3253,1,0,1,Pedestrian
39,1905.0,694.0,1971.0,746.0,3254,1,0,1,Pedestrian
39,1905.0,694.0,1971.0,746.0,3255,1,0,1,Pedestrian
39,1905.0,694.0,1971.0,746.0,3256,1,0,1,Pedestrian
39,1905.0,694.0,1971.0,746.0,3257,1,0,1,Pedestrian
39,1905.0,694.0,1971.0,746.0,3258,1,0,1,Pedestrian
39,1905.0,694.0,1971.0,746.0,3259,1,0,1,Pedestrian
39,1905.0,694.0,1971.0,746.0,3260,1,0,1,Pedestrian
39,1905.0,694.0,1971.0,746.0,3261,1,0,1,Pedestrian
39,1905.0,694.0,1971.0,746.0,3262,1,0,1,Pedestrian
39,1905.0,694.0,1971.0,746.0,3263,1,0,1,Pedestrian
39,1905.0,694.0,1971.0,746.0,3264,1,0,1,Pedestrian
39,1905.0,694.0,1971.0,746.0,3265,1,0,1,Pedestrian
39,1905.0,694.0,1971.0,746.0,3266,1,0,1,Pedestrian
39,1905.0,694.0,1971.0,746.0,3267,1,0,1,Pedestrian
39,1905.0,694.0,1971.0,746.0,3268,1,0,1,Pedestrian
39,1905.0,694.0,1971.0,746.0,3269,1,0,1,Pedestrian
39,1905.0,694.0,1971.0,746.0,3270,1,0,1,Pedestrian
39,1905.0,694.0,1971.0,746.0,3271,1,0,1,Pedestrian
39,1905.0,694.0,1971.0,746.0,3272,1,0,1,Pedestrian
39,1905.0,694.0,1971.0,746.0,3273,1,0,1,Pedestrian
39,1905.0,694.0,1971.0,746.0,3274,1,0,1,Pedestrian
39,1905.0,694.0,1971.0,746.0,3275,1,0,1,Pedestrian
39,1905.0,694.0,1971.0,746.0,3276,1,0,1,Pedestrian
39,1905.0,694.0,1971.0,746.0,3277,1,0,1,Pedestrian
39,1905.0,694.0,1971.0,746.0,3278,1,0,1,Pedestrian
39,1905.0,694.0,1971.0,746.0,3279,1,0,1,Pedestrian
39,1905.0,694.0,1971.0,746.0,3280,1,0,1,Pedestrian
39,1905.0,694.0,1971.0,746.0,3281,1,0,1,Pedestrian
39,1905.0,694.0,1971.0,746.0,3282,1,0,1,Pedestrian
39,1905.0,694.0,1971.0,746.0,3283,1,0,1,Pedestrian
39,1905.0,694.0,1971.0,746.0,3284,1,0,1,Pedestrian
39,1905.0,694.0,1971.0,746.0,3285,1,0,1,Pedestrian
39,1905.0,694.0,1971.0,746.0,3286,1,0,1,Pedestrian
39,1905.0,694.0,1971.0,746.0,3287,1,0,1,Pedestrian
39,1905.0,694.0,1971.0,746.0,3288,1,0,1,Pedestrian
39,1905.0,694.0,1971.0,746.0,3289,1,0,1,Pedestrian
39,1905.0,694.0,1971.0,746.0,3290,1,0,1,Pedestrian
39,1905.0,694.0,1971.0,746.0,3291,1,0,1,Pedestrian
39,1905.0,694.0,1971.0,746.0,3292,1,0,1,Pedestrian
39,1905.0,694.0,1971.0,746.0,3293,1,0,1,Pedestrian
39,1905.0,694.0,1971.0,746.0,3294,1,0,1,Pedestrian
39,1905.0,694.0,1971.0,746.0,3295,1,0,1,Pedestrian
39,1905.0,694.0,1971.0,746.0,3296,1,0,1,Pedestrian
39,1905.0,694.0,1971.0,746.0,3297,1,0,1,Pedestrian
39,1905.0,694.0,1971.0,746.0,3298,1,0,1,Pedestrian
39,1905.0,694.0,1971.0,746.0,3299,1,0,1,Pedestrian
39,1905.0,694.0,1971.0,746.0,3300,1,0,1,Pedestrian
39,1905.0,694.0,1971.0,746.0,3301,1,0,1,Pedestrian
39,1905.0,694.0,1971.0,746.0,3302,1,0,1,Pedestrian
39,1905.0,694.0,1971.0,746.0,3303,1,0,1,Pedestrian
39,1905.0,694.0,1971.0,746.0,3304,1,0,1,Pedestrian
39,1905.0,694.0,1971.0,746.0,3305,1,0,1,Pedestrian
39,1905.0,694.0,1971.0,746.0,3306,1,0,1,Pedestrian
39,1905.0,694.0,1971.0,746.0,3307,1,0,1,Pedestrian
39,1905.0,694.0,1971.0,746.0,3308,1,0,1,Pedestrian
39,1905.0,694.0,1971.0,746.0,3309,1,0,1,Pedestrian
39,1905.0,694.0,1971.0,746.0,3310,1,0,1,Pedestrian
39,1905.0,694.0,1971.0,746.0,3311,1,0,1,Pedestrian
39,1905.0,694.0,1971.0,746.0,3312,1,0,1,Pedestrian
39,1905.0,694.0,1971.0,746.0,3313,1,0,1,Pedestrian
39,1905.0,694.0,1971.0,746.0,3314,1,0,1,Pedestrian
39,1905.0,694.0,1971.0,746.0,3315,1,0,1,Pedestrian
39,1905.0,694.0,1971.0,746.0,3316,1,0,1,Pedestrian
39,1905.0,694.0,1971.0,746.0,3317,1,0,1,Pedestrian
39,1905.0,694.0,1971.0,746.0,3318,1,0,1,Pedestrian
39,1905.0,694.0,1971.0,746.0,3319,1,0,1,Pedestrian
39,1905.0,694.0,1971.0,746.0,3320,1,0,1,Pedestrian
39,1905.0,694.0,1971.0,746.0,3321,1,0,1,Pedestrian
39,1905.0,694.0,1971.0,746.0,3322,1,0,1,Pedestrian
39,1905.0,694.0,1971.0,746.0,3323,1,0,1,Pedestrian
39,1905.0,694.0,1971.0,746.0,3324,1,0,1,Pedestrian
39,1905.0,694.0,1971.0,746.0,3325,1,0,1,Pedestrian
39,1905.0,694.0,1971.0,746.0,3326,1,0,1,Pedestrian
39,1905.0,694.0,1971.0,746.0,3327,1,0,1,Pedestrian
39,1905.0,694.0,1971.0,746.0,3328,1,0,1,Pedestrian
39,1905.0,694.0,1971.0,746.0,3329,1,0,1,Pedestrian
39,1905.0,694.0,1971.0,746.0,3330,1,0,1,Pedestrian
39,1905.0,694.0,1971.0,746.0,3331,1,0,1,Pedestrian
39,1905.0,694.0,1971.0,746.0,3332,1,0,1,Pedestrian
39,1905.0,694.0,1971.0,746.0,3333,1,0,1,Pedestrian
39,1905.0,694.0,1971.0,746.0,3334,1,0,1,Pedestrian
39,1905.0,694.0,1971.0,746.0,3335,1,0,1,Pedestrian
39,1905.0,694.0,1971.0,746.0,3336,1,0,1,Pedestrian
39,1905.0,694.0,1971.0,746.0,3337,1,0,1,Pedestrian
39,1905.0,694.0,1971.0,746.0,3338,1,0,1,Pedestrian
39,1905.0,694.0,1971.0,746.0,3339,1,0,1,Pedestrian
39,1905.0,694.0,1971.0,746.0,3340,1,0,1,Pedestrian
39,1905.0,694.0,1971.0,746.0,3341,1,0,1,Pedestrian
39,1905.0,694.0,1971.0,746.0,3342,1,0,1,Pedestrian
39,1905.0,694.0,1971.0,746.0,3343,1,0,1,Pedestrian
39,1905.0,694.0,1971.0,746.0,3344,1,0,1,Pedestrian
39,1905.0,694.0,1971.0,746.0,3345,1,0,1,Pedestrian
39,1905.0,694.0,1971.0,746.0,3346,1,0,1,Pedestrian
39,1905.0,694.0,1971.0,746.0,3347,1,0,1,Pedestrian
39,1905.0,694.0,1971.0,746.0,3348,1,0,1,Pedestrian
39,1905.0,694.0,1971.0,746.0,3349,1,0,1,Pedestrian
39,1905.0,694.0,1971.0,746.0,3350,1,0,1,Pedestrian
39,1905.0,694.0,1971.0,746.0,3351,1,0,1,Pedestrian
39,1905.0,694.0,1971.0,746.0,3352,1,0,1,Pedestrian
39,1905.0,694.0,1971.0,746.0,3353,1,0,1,Pedestrian
39,1905.0,694.0,1971.0,746.0,3354,1,0,1,Pedestrian
39,1905.0,694.0,1971.0,746.0,3355,1,0,1,Pedestrian
39,1905.0,694.0,1971.0,746.0,3356,1,0,1,Pedestrian
39,1905.0,694.0,1971.0,746.0,3357,1,0,1,Pedestrian
39,1905.0,694.0,1971.0,746.0,3358,1,0,1,Pedestrian
39,1905.0,694.0,1971.0,746.0,3359,1,0,1,Pedestrian
39,1905.0,694.0,1971.0,746.0,3360,1,0,1,Pedestrian
39,1905.0,694.0,1971.0,746.0,3361,1,0,1,Pedestrian
39,1905.0,694.0,1971.0,746.0,3362,1,0,1,Pedestrian
39,1905.0,694.0,1971.0,746.0,3363,1,0,1,Pedestrian
39,1905.0,694.0,1971.0,746.0,3364,1,0,1,Pedestrian
39,1905.0,694.0,1971.0,746.0,3365,1,0,1,Pedestrian
39,1905.0,694.0,1971.0,746.0,3366,1,0,1,Pedestrian
39,1905.0,694.0,1971.0,746.0,3367,1,0,1,Pedestrian
39,1905.0,694.0,1971.0,746.0,3368,1,0,1,Pedestrian
39,1905.0,694.0,1971.0,746.0,3369,1,0,1,Pedestrian
39,1905.0,694.0,1971.0,746.0,3370,1,0,1,Pedestrian
39,1905.0,694.0,1971.0,746.0,3371,1,0,1,Pedestrian
39,1905.0,694.0,1971.0,746.0,3372,1,0,1,Pedestrian
39,1905.0,694.0,1971.0,746.0,3373,1,0,1,Pedestrian
39,1905.0,694.0,1971.0,746.0,3374,1,0,1,Pedestrian
39,1905.0,694.0,1971.0,746.0,3375,1,0,1,Pedestrian
39,1905.0,694.0,1971.0,746.0,3376,1,0,1,Pedestrian
39,1905.0,694.0,1971.0,746.0,3377,1,0,1,Pedestrian
39,1905.0,694.0,1971.0,746.0,3378,1,0,1,Pedestrian
39,1905.0,694.0,1971.0,746.0,3379,1,0,1,Pedestrian
39,1905.0,694.0,1971.0,746.0,3380,1,0,1,Pedestrian
39,1905.0,694.0,1971.0,746.0,3381,1,0,1,Pedestrian
39,1905.0,694.0,1971.0,746.0,3382,1,0,1,Pedestrian
39,1905.0,694.0,1971.0,746.0,3383,1,0,1,Pedestrian
39,1905.0,694.0,1971.0,746.0,3384,1,0,1,Pedestrian
39,1905.0,694.0,1971.0,746.0,3385,1,0,1,Pedestrian
39,1905.0,694.0,1971.0,746.0,3386,1,0,1,Pedestrian
39,1905.0,694.0,1971.0,746.0,3387,1,0,1,Pedestrian
39,1905.0,694.0,1971.0,746.0,3388,1,0,1,Pedestrian
39,1905.0,694.0,1971.0,746.0,3389,1,0,1,Pedestrian
39,1905.0,694.0,1971.0,746.0,3390,1,0,1,Pedestrian
39,1905.0,694.0,1971.0,746.0,3391,1,0,1,Pedestrian
39,1905.0,694.0,1971.0,746.0,3392,1,0,1,Pedestrian
39,1905.0,694.0,1971.0,746.0,3393,1,0,1,Pedestrian
39,1905.0,694.0,1971.0,746.0,3394,1,0,1,Pedestrian
39,1905.0,694.0,1971.0,746.0,3395,1,0,1,Pedestrian
39,1905.0,694.0,1971.0,746.0,3396,1,0,1,Pedestrian
39,1905.0,694.0,1971.0,746.0,3397,1,0,1,Pedestrian
39,1905.0,694.0,1971.0,746.0,3398,1,0,1,Pedestrian
39,1905.0,694.0,1971.0,746.0,3399,1,0,1,Pedestrian
39,1905.0,694.0,1971.0,746.0,3400,1,0,1,Pedestrian
39,1905.0,694.0,1971.0,746.0,3401,1,0,1,Pedestrian
39,1905.0,694.0,1971.0,746.0,3402,1,0,1,Pedestrian
39,1905.0,694.0,1971.0,746.0,3403,1,0,1,Pedestrian
39,1905.0,694.0,1971.0,746.0,3404,1,0,1,Pedestrian
39,1905.0,694.0,1971.0,746.0,3405,1,0,1,Pedestrian
39,1905.0,694.0,1971.0,746.0,3406,1,0,1,Pedestrian
39,1905.0,694.0,1971.0,746.0,3407,1,0,1,Pedestrian
39,1905.0,694.0,1971.0,746.0,3408,1,0,1,Pedestrian
39,1905.0,694.0,1971.0,746.0,3409,1,0,1,Pedestrian
39,1905.0,694.0,1971.0,746.0,3410,1,0,1,Pedestrian
39,1905.0,694.0,1971.0,746.0,3411,1,0,1,Pedestrian
39,1905.0,694.0,1971.0,746.0,3412,1,0,1,Pedestrian
39,1905.0,694.0,1971.0,746.0,3413,1,0,1,Pedestrian
39,1905.0,694.0,1971.0,746.0,3414,1,0,1,Pedestrian
39,1905.0,694.0,1971.0,746.0,3415,1,0,1,Pedestrian
39,1905.0,694.0,1971.0,746.0,3416,1,0,1,Pedestrian
39,1905.0,694.0,1971.0,746.0,3417,1,0,1,Pedestrian
39,1905.0,694.0,1971.0,746.0,3418,1,0,1,Pedestrian
39,1905.0,694.0,1971.0,746.0,3419,1,0,1,Pedestrian
39,1905.0,694.0,1971.0,746.0,3420,1,0,1,Pedestrian
39,1905.0,694.0,1971.0,746.0,3421,1,0,1,Pedestrian
39,1905.0,694.0,1971.0,746.0,3422,1,0,1,Pedestrian
39,1905.0,694.0,1971.0,746.0,3423,1,0,1,Pedestrian
39,1905.0,694.0,1971.0,746.0,3424,1,0,1,Pedestrian
39,1905.0,694.0,1971.0,746.0,3425,1,0,1,Pedestrian
39,1905.0,694.0,1971.0,746.0,3426,1,0,1,Pedestrian
39,1905.0,694.0,1971.0,746.0,3427,1,0,1,Pedestrian
39,1905.0,694.0,1971.0,746.0,3428,1,0,1,Pedestrian
39,1905.0,694.0,1971.0,746.0,3429,1,0,1,Pedestrian
39,1905.0,694.0,1971.0,746.0,3430,1,0,1,Pedestrian
39,1905.0,694.0,1971.0,746.0,3431,1,0,1,Pedestrian
39,1905.0,694.0,1971.0,746.0,3432,1,0,1,Pedestrian
39,1905.0,694.0,1971.0,746.0,3433,1,0,1,Pedestrian
39,1905.0,694.0,1971.0,746.0,3434,1,0,1,Pedestrian
39,1905.0,694.0,1971.0,746.0,3435,1,0,1,Pedestrian
39,1905.0,694.0,1971.0,746.0,3436,1,0,1,Pedestrian
39,1905.0,694.0,1971.0,746.0,3437,1,0,1,Pedestrian
39,1905.0,694.0,1971.0,746.0,3438,1,0,1,Pedestrian
39,1905.0,694.0,1971.0,746.0,3439,1,0,1,Pedestrian
39,1905.0,694.0,1971.0,746.0,3440,1,0,1,Pedestrian
39,1905.0,694.0,1971.0,746.0,3441,1,0,1,Pedestrian
39,1905.0,694.0,1971.0,746.0,3442,1,0,1,Pedestrian
39,1905.0,694.0,1971.0,746.0,3443,1,0,1,Pedestrian
39,1905.0,694.0,1971.0,746.0,3444,1,0,1,Pedestrian
39,1905.0,694.0,1971.0,746.0,3445,1,0,1,Pedestrian
39,1905.0,694.0,1971.0,746.0,3446,1,0,1,Pedestrian
39,1905.0,694.0,1971.0,746.0,3447,1,0,1,Pedestrian
39,1905.0,694.0,1971.0,746.0,3448,1,0,1,Pedestrian
39,1905.0,694.0,1971.0,746.0,3449,1,0,1,Pedestrian
39,1905.0,694.0,1971.0,746.0,3450,1,0,1,Pedestrian
39,1905.0,694.0,1971.0,746.0,3451,1,0,1,Pedestrian
39,1905.0,694.0,1971.0,746.0,3452,1,0,1,Pedestrian
39,1905.0,694.0,1971.0,746.0,3453,1,0,1,Pedestrian
39,1905.0,694.0,1971.0,746.0,3454,1,0,1,Pedestrian
39,1905.0,694.0,1971.0,746.0,3455,1,0,1,Pedestrian
39,1905.0,694.0,1971.0,746.0,3456,1,0,1,Pedestrian
39,1905.0,694.0,1971.0,746.0,3457,1,0,1,Pedestrian
39,1905.0,694.0,1971.0,746.0,3458,1,0,1,Pedestrian
39,1905.0,694.0,1971.0,746.0,3459,1,0,1,Pedestrian
39,1905.0,694.0,1971.0,746.0,3460,1,0,1,Pedestrian
39,1905.0,694.0,1971.0,746.0,3461,1,0,1,Pedestrian
39,1905.0,694.0,1971.0,746.0,3462,1,0,1,Pedestrian
39,1905.0,694.0,1971.0,746.0,3463,1,0,1,Pedestrian
39,1905.0,694.0,1971.0,746.0,3464,1,0,1,Pedestrian
39,1905.0,694.0,1971.0,746.0,3465,1,0,1,Pedestrian
39,1905.0,694.0,1971.0,746.0,3466,1,0,1,Pedestrian
39,1905.0,694.0,1971.0,746.0,3467,1,0,1,Pedestrian
39,1905.0,694.0,1971.0,746.0,3468,1,0,1,Pedestrian
39,1905.0,694.0,1971.0,746.0,3469,1,0,1,Pedestrian
39,1905.0,694.0,1971.0,746.0,3470,1,0,1,Pedestrian
39,1905.0,694.0,1971.0,746.0,3471,1,0,1,Pedestrian
39,1905.0,694.0,1971.0,746.0,3472,1,0,1,Pedestrian
39,1905.0,694.0,1971.0,746.0,3473,1,0,1,Pedestrian
39,1905.0,694.0,1971.0,746.0,3474,1,0,1,Pedestrian
39,1905.0,694.0,1971.0,746.0,3475,1,0,1,Pedestrian
39,1905.0,694.0,1971.0,746.0,3476,1,0,1,Pedestrian
39,1905.0,694.0,1971.0,746.0,3477,1,0,1,Pedestrian
39,1905.0,694.0,1971.0,746.0,3478,1,0,1,Pedestrian
39,1905.0,694.0,1971.0,746.0,3479,1,0,1,Pedestrian
39,1905.0,694.0,1971.0,746.0,3480,1,0,1,Pedestrian
39,1905.0,694.0,1971.0,746.0,3481,1,0,1,Pedestrian
39,1905.0,694.0,1971.0,746.0,3482,1,0,1,Pedestrian
39,1905.0,694.0,1971.0,746.0,3483,1,0,1,Pedestrian
39,1905.0,694.0,1971.0,746.0,3484,1,0,1,Pedestrian
39,1905.0,694.0,1971.0,746.0,3485,1,0,1,Pedestrian
39,1905.0,694.0,1971.0,746.0,3486,1,0,1,Pedestrian
39,1905.0,694.0,1971.0,746.0,3487,1,0,1,Pedestrian
39,1905.0,694.0,1971.0,746.0,3488,1,0,1,Pedestrian
39,1905.0,694.0,1971.0,746.0,3489,1,0,1,Pedestrian
39,1905.0,694.0,1971.0,746.0,3490,1,0,1,Pedestrian
39,1905.0,694.0,1971.0,746.0,3491,1,0,1,Pedestrian
39,1905.0,694.0,1971.0,746.0,3492,1,0,1,Pedestrian
39,1905.0,694.0,1971.0,746.0,3493,1,0,1,Pedestrian
39,1905.0,694.0,1971.0,746.0,3494,1,0,1,Pedestrian
39,1905.0,694.0,1971.0,746.0,3495,1,0,1,Pedestrian
39,1905.0,694.0,1971.0,746.0,3496,1,0,1,Pedestrian
39,1905.0,694.0,1971.0,746.0,3497,1,0,1,Pedestrian
39,1905.0,694.0,1971.0,746.0,3498,1,0,1,Pedestrian
39,1905.0,694.0,1971.0,746.0,3499,1,0,1,Pedestrian
39,1905.0,694.0,1971.0,746.0,3500,1,0,0,Pedestrian
39,1905.0,692.0,1971.0,746.0,3501,1,0,1,Pedestrian
39,1905.0,692.0,1971.0,749.0,3502,1,0,1,Pedestrian
39,1908.0,692.0,1971.0,749.0,3503,1,0,1,Pedestrian
39,1908.0,692.0,1971.0,751.0,3504,1,0,1,Pedestrian
39,1911.0,692.0,1971.0,751.0,3505,1,0,1,Pedestrian
39,1911.0,692.0,1971.0,753.0,3506,1,0,1,Pedestrian
39,1914.0,689.0,1971.0,753.0,3507,1,0,1,Pedestrian
39,1914.0,689.0,1971.0,755.0,3508,1,0,1,Pedestrian
39,1916.0,689.0,1971.0,755.0,3509,1,0,1,Pedestrian
39,1916.0,689.0,1971.0,758.0,3510,1,0,1,Pedestrian
39,1916.0,689.0,1971.0,758.0,3511,1,0,1,Pedestrian
39,1919.0,689.0,1971.0,760.0,3512,1,0,1,Pedestrian
39,1919.0,687.0,1971.0,760.0,3513,1,0,1,Pedestrian
39,1922.0,687.0,1971.0,762.0,3514,1,0,1,Pedestrian
39,1922.0,687.0,1971.0,762.0,3515,1,0,1,Pedestrian
39,1925.0,687.0,1971.0,765.0,3516,1,0,1,Pedestrian
39,1925.0,687.0,1971.0,765.0,3517,1,0,1,Pedestrian
39,1927.0,687.0,1974.0,767.0,3518,0,0,0,Pedestrian
39,1925.0,687.0,1971.0,767.0,3519,0,0,1,Pedestrian
39,1922.0,687.0,1969.0,767.0,3520,0,0,1,Pedestrian
39,1922.0,687.0,1969.0,767.0,3521,0,0,1,Pedestrian
39,1919.0,687.0,1966.0,767.0,3522,0,0,1,Pedestrian
39,1919.0,687.0,1966.0,767.0,3523,0,0,1,Pedestrian
39,1916.0,687.0,1963.0,767.0,3524,0,0,1,Pedestrian
39,1914.0,687.0,1960.0,767.0,3525,0,0,1,Pedestrian
39,1914.0,687.0,1960.0,767.0,3526,0,0,1,Pedestrian
39,1911.0,687.0,1958.0,767.0,3527,0,0,1,Pedestrian
39,1911.0,687.0,1958.0,767.0,3528,0,0,1,Pedestrian
39,1908.0,687.0,1955.0,767.0,3529,0,0,1,Pedestrian
39,1905.0,687.0,1952.0,767.0,3530,0,0,1,Pedestrian
39,1905.0,687.0,1952.0,767.0,3531,0,0,1,Pedestrian
39,1903.0,687.0,1949.0,767.0,3532,0,0,1,Pedestrian
39,1903.0,687.0,1949.0,767.0,3533,0,0,1,Pedestrian
39,1900.0,687.0,1947.0,767.0,3534,0,0,1,Pedestrian
39,1897.0,687.0,1947.0,767.0,3535,0,0,1,Pedestrian
39,1897.0,687.0,1944.0,767.0,3536,0,0,1,Pedestrian
39,1894.0,687.0,1941.0,767.0,3537,0,0,1,Pedestrian
39,1894.0,687.0,1941.0,767.0,3538,0,0,1,Pedestrian
39,1892.0,687.0,1938.0,767.0,3539,0,0,1,Pedestrian
39,1892.0,687.0,1938.0,767.0,3540,0,0,1,Pedestrian
39,1889.0,687.0,1936.0,767.0,3541,0,0,1,Pedestrian
39,1886.0,687.0,1933.0,767.0,3542,0,0,1,Pedestrian
39,1886.0,687.0,1933.0,767.0,3543,0,0,1,Pedestrian
39,1883.0,687.0,1930.0,767.0,3544,0,0,1,Pedestrian
39,1883.0,687.0,1930.0,767.0,3545,0,0,1,Pedestrian
39,1881.0,687.0,1927.0,767.0,3546,0,0,1,Pedestrian
39,1878.0,687.0,1927.0,767.0,3547,0,0,1,Pedestrian
39,1878.0,687.0,1925.0,767.0,3548,0,0,1,Pedestrian
39,1875.0,687.0,1922.0,767.0,3549,0,0,1,Pedestrian
39,1875.0,687.0,1922.0,767.0,3550,0,0,1,Pedestrian
39,1872.0,687.0,1919.0,767.0,3551,0,0,1,Pedestrian
39,1870.0,687.0,1919.0,767.0,3552,0,0,1,Pedestrian
39,1870.0,687.0,1916.0,767.0,3553,0,0,1,Pedestrian
39,1867.0,687.0,1914.0,767.0,3554,0,0,1,Pedestrian
39,1867.0,687.0,1914.0,767.0,3555,0,0,1,Pedestrian
39,1864.0,687.0,1911.0,767.0,3556,0,0,1,Pedestrian
39,1864.0,687.0,1911.0,767.0,3557,0,0,1,Pedestrian
39,1861.0,687.0,1908.0,767.0,3558,0,0,1,Pedestrian
39,1859.0,687.0,1905.0,767.0,3559,0,0,1,Pedestrian
39,1859.0,687.0,1905.0,767.0,3560,0,0,1,Pedestrian
39,1856.0,687.0,1903.0,767.0,3561,0,0,1,Pedestrian
39,1856.0,687.0,1903.0,767.0,3562,0,0,1,Pedestrian
39,1853.0,687.0,1900.0,767.0,3563,0,0,1,Pedestrian
39,1850.0,687.0,1900.0,767.0,3564,0,0,1,Pedestrian
39,1850.0,687.0,1897.0,767.0,3565,0,0,1,Pedestrian
39,1848.0,687.0,1894.0,767.0,3566,0,0,1,Pedestrian
39,1848.0,687.0,1894.0,767.0,3567,0,0,1,Pedestrian
39,1845.0,687.0,1892.0,767.0,3568,0,0,1,Pedestrian
39,1842.0,687.0,1892.0,767.0,3569,0,0,1,Pedestrian
39,1842.0,687.0,1889.0,767.0,3570,0,0,1,Pedestrian
39,1839.0,687.0,1886.0,767.0,3571,0,0,1,Pedestrian
39,1839.0,687.0,1886.0,767.0,3572,0,0,1,Pedestrian
39,1837.0,687.0,1883.0,767.0,3573,0,0,1,Pedestrian
39,1834.0,687.0,1883.0,767.0,3574,0,0,1,Pedestrian
39,1834.0,687.0,1881.0,767.0,3575,0,0,1,Pedestrian
39,1831.0,687.0,1881.0,767.0,3576,0,0,1,Pedestrian
39,1831.0,687.0,1878.0,767.0,3577,0,0,1,Pedestrian
39,1828.0,687.0,1875.0,767.0,3578,0,0,1,Pedestrian
39,1828.0,687.0,1875.0,767.0,3579,0,0,1,Pedestrian
39,1826.0,687.0,1872.0,767.0,3580,0,0,1,Pedestrian
39,1823.0,687.0,1872.0,767.0,3581,0,0,1,Pedestrian
39,1823.0,687.0,1870.0,767.0,3582,0,0,1,Pedestrian
39,1820.0,687.0,1867.0,767.0,3583,0,0,1,Pedestrian
39,1820.0,687.0,1867.0,767.0,3584,0,0,1,Pedestrian
39,1817.0,687.0,1864.0,767.0,3585,0,0,1,Pedestrian
39,1815.0,687.0,1864.0,767.0,3586,0,0,1,Pedestrian
39,1815.0,687.0,1861.0,767.0,3587,0,0,1,Pedestrian
39,1812.0,687.0,1861.0,767.0,3588,0,0,1,Pedestrian
39,1812.0,687.0,1859.0,767.0,3589,0,0,1,Pedestrian
39,1809.0,687.0,1856.0,767.0,3590,0,0,1,Pedestrian
39,1806.0,687.0,1856.0,767.0,3591,0,0,1,Pedestrian
39,1806.0,687.0,1853.0,767.0,3592,0,0,1,Pedestrian
39,1804.0,687.0,1853.0,767.0,3593,0,0,1,Pedestrian
39,1804.0,687.0,1850.0,767.0,3594,0,0,1,Pedestrian
39,1801.0,687.0,1848.0,767.0,3595,0,0,1,Pedestrian
39,1801.0,687.0,1848.0,767.0,3596,0,0,1,Pedestrian
39,1798.0,687.0,1845.0,767.0,3597,0,0,1,Pedestrian
39,1795.0,687.0,1845.0,767.0,3598,0,0,1,Pedestrian
39,1795.0,687.0,1842.0,767.0,3599,0,0,1,Pedestrian
39,1793.0,687.0,1839.0,767.0,3600,0,0,1,Pedestrian
39,1793.0,687.0,1839.0,767.0,3601,0,0,1,Pedestrian
39,1790.0,687.0,1837.0,767.0,3602,0,0,1,Pedestrian
39,1787.0,687.0,1837.0,767.0,3603,0,0,1,Pedestrian
39,1787.0,687.0,1834.0,767.0,3604,0,0,1,Pedestrian
39,1784.0,687.0,1834.0,767.0,3605,0,0,1,Pedestrian
39,1784.0,687.0,1831.0,767.0,3606,0,0,1,Pedestrian
39,1782.0,687.0,1828.0,767.0,3607,0,0,1,Pedestrian
39,1779.0,687.0,1828.0,767.0,3608,0,0,1,Pedestrian
39,1779.0,687.0,1826.0,767.0,3609,0,0,1,Pedestrian
39,1776.0,687.0,1826.0,767.0,3610,0,0,1,Pedestrian
39,1776.0,687.0,1823.0,767.0,3611,0,0,1,Pedestrian
39,1773.0,687.0,1820.0,767.0,3612,0,0,1,Pedestrian
39,1771.0,687.0,1820.0,767.0,3613,0,0,1,Pedestrian
39,1771.0,687.0,1817.0,767.0,3614,0,0,1,Pedestrian
39,1768.0,687.0,1817.0,767.0,3615,0,0,1,Pedestrian
39,1768.0,687.0,1815.0,767.0,3616,0,0,1,Pedestrian
39,1765.0,687.0,1815.0,767.0,3617,0,0,1,Pedestrian
39,1765.0,687.0,1812.0,767.0,3618,0,0,1,Pedestrian
39,1762.0,687.0,1809.0,767.0,3619,0,0,1,Pedestrian
39,1760.0,687.0,1809.0,767.0,3620,0,0,1,Pedestrian
39,1760.0,687.0,1806.0,767.0,3621,0,0,1,Pedestrian
39,1757.0,687.0,1806.0,767.0,3622,0,0,1,Pedestrian
39,1757.0,687.0,1804.0,767.0,3623,0,0,1,Pedestrian
39,1754.0,687.0,1801.0,767.0,3624,0,0,1,Pedestrian
39,1751.0,687.0,1801.0,767.0,3625,0,0,1,Pedestrian
39,1751.0,687.0,1798.0,767.0,3626,0,0,1,Pedestrian
39,1749.0,687.0,1798.0,767.0,3627,0,0,1,Pedestrian
39,1749.0,687.0,1795.0,767.0,3628,0,0,1,Pedestrian
39,1746.0,687.0,1793.0,767.0,3629,0,0,1,Pedestrian
39,1743.0,687.0,1793.0,767.0,3630,0,0,1,Pedestrian
39,1743.0,687.0,1790.0,767.0,3631,0,0,1,Pedestrian
39,1740.0,687.0,1790.0,767.0,3632,0,0,1,Pedestrian
39,1740.0,687.0,1787.0,767.0,3633,0,0,1,Pedestrian
39,1738.0,687.0,1787.0,767.0,3634,0,0,1,Pedestrian
39,1738.0,687.0,1784.0,767.0,3635,0,0,1,Pedestrian
39,1735.0,687.0,1782.0,767.0,3636,0,0,1,Pedestrian
39,1732.0,687.0,1782.0,767.0,3637,0,0,1,Pedestrian
39,1732.0,687.0,1779.0,767.0,3638,0,0,1,Pedestrian
39,1729.0,687.0,1779.0,767.0,3639,0,0,1,Pedestrian
39,1729.0,687.0,1776.0,767.0,3640,0,0,1,Pedestrian
39,1727.0,687.0,1773.0,767.0,3641,0,0,1,Pedestrian
39,1724.0,687.0,1773.0,767.0,3642,0,0,1,Pedestrian
39,1724.0,687.0,1771.0,767.0,3643,0,0,1,Pedestrian
39,1721.0,687.0,1771.0,767.0,3644,0,0,1,Pedestrian
39,1721.0,687.0,1768.0,767.0,3645,0,0,1,Pedestrian
39,1718.0,687.0,1768.0,767.0,3646,0,0,1,Pedestrian
39,1716.0,687.0,1765.0,767.0,3647,0,0,1,Pedestrian
39,1716.0,687.0,1762.0,767.0,3648,0,0,1,Pedestrian
39,1713.0,687.0,1762.0,767.0,3649,0,0,1,Pedestrian
39,1713.0,687.0,1760.0,767.0,3650,0,0,1,Pedestrian
39,1710.0,687.0,1760.0,767.0,3651,0,0,1,Pedestrian
39,1707.0,687.0,1757.0,767.0,3652,0,0,1,Pedestrian
39,1707.0,687.0,1754.0,767.0,3653,0,0,1,Pedestrian
39,1705.0,687.0,1754.0,767.0,3654,0,0,1,Pedestrian
39,1705.0,687.0,1751.0,767.0,3655,0,0,1,Pedestrian
39,1702.0,687.0,1751.0,767.0,3656,0,0,1,Pedestrian
39,1702.0,687.0,1749.0,767.0,3657,0,0,1,Pedestrian
39,1699.0,687.0,1749.0,767.0,3658,0,0,1,Pedestrian
39,1696.0,687.0,1746.0,767.0,3659,0,0,1,Pedestrian
39,1696.0,687.0,1743.0,767.0,3660,0,0,1,Pedestrian
39,1694.0,687.0,1743.0,767.0,3661,0,0,1,Pedestrian
39,1694.0,687.0,1740.0,767.0,3662,0,0,1,Pedestrian
39,1691.0,687.0,1740.0,767.0,3663,0,0,1,Pedestrian
39,1688.0,687.0,1738.0,767.0,3664,0,0,1,Pedestrian
39,1688.0,687.0,1735.0,767.0,3665,0,0,1,Pedestrian
39,1685.0,687.0,1735.0,767.0,3666,0,0,1,Pedestrian
39,1685.0,687.0,1732.0,767.0,3667,0,0,1,Pedestrian
39,1683.0,687.0,1732.0,767.0,3668,0,0,1,Pedestrian
39,1680.0,687.0,1729.0,767.0,3669,0,0,1,Pedestrian
39,1680.0,687.0,1727.0,767.0,3670,0,0,1,Pedestrian
39,1677.0,687.0,1727.0,767.0,3671,0,0,1,Pedestrian
39,1677.0,687.0,1724.0,767.0,3672,0,0,1,Pedestrian
39,1674.0,687.0,1724.0,767.0,3673,0,0,1,Pedestrian
39,1674.0,687.0,1721.0,767.0,3674,0,0,1,Pedestrian
39,1672.0,687.0,1721.0,767.0,3675,0,0,1,Pedestrian
39,1669.0,687.0,1718.0,767.0,3676,0,0,1,Pedestrian
39,1669.0,687.0,1716.0,767.0,3677,0,0,1,Pedestrian
39,1666.0,687.0,1716.0,767.0,3678,0,0,1,Pedestrian
39,1666.0,687.0,1713.0,767.0,3679,0,0,1,Pedestrian
39,1663.0,687.0,1713.0,767.0,3680,0,0,1,Pedestrian
39,1661.0,687.0,1710.0,767.0,3681,0,0,1,Pedestrian
39,1661.0,687.0,1707.0,767.0,3682,0,0,1,Pedestrian
39,1658.0,687.0,1707.0,767.0,3683,0,0,1,Pedestrian
39,1658.0,687.0,1705.0,767.0,3684,0,0,1,Pedestrian
39,1655.0,687.0,1705.0,767.0,3685,0,0,1,Pedestrian
39,1652.0,687.0,1702.0,767.0,3686,0,0,1,Pedestrian
39,1652.0,687.0,1702.0,767.0,3687,0,0,1,Pedestrian
39,1650.0,687.0,1699.0,767.0,3688,0,0,1,Pedestrian
39,1650.0,687.0,1696.0,767.0,3689,0,0,1,Pedestrian
39,1647.0,687.0,1696.0,767.0,3690,0,0,1,Pedestrian
39,1644.0,687.0,1694.0,767.0,3691,0,0,1,Pedestrian
39,1644.0,687.0,1694.0,767.0,3692,0,0,1,Pedestrian
39,1641.0,687.0,1691.0,767.0,3693,0,0,1,Pedestrian
39,1641.0,687.0,1688.0,767.0,3694,0,0,1,Pedestrian
39,1639.0,687.0,1688.0,767.0,3695,0,0,1,Pedestrian
39,1639.0,687.0,1685.0,767.0,3696,0,0,1,Pedestrian
39,1636.0,687.0,1685.0,767.0,3697,0,0,1,Pedestrian
39,1633.0,687.0,1683.0,767.0,3698,0,0,1,Pedestrian
39,1633.0,687.0,1680.0,767.0,3699,0,0,1,Pedestrian
39,1630.0,687.0,1680.0,767.0,3700,0,0,1,Pedestrian
39,1630.0,687.0,1677.0,767.0,3701,0,0,1,Pedestrian
39,1628.0,687.0,1677.0,767.0,3702,0,0,1,Pedestrian
39,1625.0,687.0,1674.0,767.0,3703,0,0,1,Pedestrian
39,1625.0,687.0,1674.0,767.0,3704,0,0,1,Pedestrian
39,1622.0,687.0,1672.0,767.0,3705,0,0,1,Pedestrian
39,1622.0,687.0,1669.0,767.0,3706,0,0,1,Pedestrian
39,1619.0,687.0,1669.0,767.0,3707,0,0,1,Pedestrian
39,1617.0,687.0,1666.0,767.0,3708,0,0,1,Pedestrian
39,1617.0,687.0,1666.0,767.0,3709,0,0,1,Pedestrian
39,1614.0,687.0,1663.0,767.0,3710,0,0,1,Pedestrian
39,1614.0,687.0,1661.0,767.0,3711,0,0,1,Pedestrian
39,1611.0,687.0,1661.0,767.0,3712,0,0,1,Pedestrian
39,1611.0,687.0,1658.0,767.0,3713,0,0,1,Pedestrian
39,1608.0,687.0,1658.0,767.0,3714,0,0,1,Pedestrian
39,1606.0,687.0,1655.0,767.0,3715,0,0,1,Pedestrian
39,1606.0,687.0,1655.0,767.0,3716,0,0,1,Pedestrian
39,1603.0,687.0,1652.0,767.0,3717,0,0,1,Pedestrian
39,1603.0,687.0,1650.0,767.0,3718,0,0,1,Pedestrian
39,1600.0,687.0,1650.0,767.0,3719,0,0,1,Pedestrian
39,1597.0,687.0,1647.0,767.0,3720,0,0,1,Pedestrian
39,1597.0,687.0,1647.0,767.0,3721,0,0,1,Pedestrian
39,1595.0,687.0,1644.0,767.0,3722,0,0,1,Pedestrian
39,1595.0,687.0,1641.0,767.0,3723,0,0,1,Pedestrian
39,1592.0,687.0,1641.0,767.0,3724,0,0,1,Pedestrian
39,1589.0,687.0,1639.0,767.0,3725,0,0,1,Pedestrian
39,1589.0,687.0,1639.0,767.0,3726,0,0,1,Pedestrian
39,1586.0,687.0,1636.0,767.0,3727,0,0,1,Pedestrian
39,1586.0,687.0,1636.0,767.0,3728,0,0,1,Pedestrian
39,1584.0,687.0,1633.0,767.0,3729,0,0,1,Pedestrian
39,1581.0,687.0,1630.0,767.0,3730,0,0,1,Pedestrian
39,1581.0,687.0,1630.0,767.0,3731,0,0,1,Pedestrian
39,1578.0,687.0,1628.0,767.0,3732,0,0,1,Pedestrian
39,1578.0,687.0,1628.0,767.0,3733,0,0,1,Pedestrian
39,1575.0,687.0,1625.0,767.0,3734,0,0,1,Pedestrian
39,1575.0,687.0,1622.0,767.0,3735,0,0,1,Pedestrian
39,1573.0,687.0,1622.0,767.0,3736,0,0,1,Pedestrian
39,1570.0,687.0,1619.0,767.0,3737,0,0,1,Pedestrian
39,1570.0,687.0,1619.0,767.0,3738,0,0,1,Pedestrian
39,1567.0,687.0,1617.0,767.0,3739,0,0,1,Pedestrian
39,1567.0,687.0,1614.0,767.0,3740,0,0,1,Pedestrian
39,1564.0,687.0,1614.0,767.0,3741,0,0,1,Pedestrian
39,1562.0,687.0,1611.0,767.0,3742,0,0,1,Pedestrian
39,1562.0,687.0,1611.0,767.0,3743,0,0,1,Pedestrian
39,1559.0,687.0,1608.0,767.0,3744,0,0,1,Pedestrian
39,1559.0,687.0,1608.0,767.0,3745,0,0,1,Pedestrian
39,1556.0,687.0,1606.0,767.0,3746,0,0,1,Pedestrian
39,1553.0,687.0,1603.0,767.0,3747,0,0,1,Pedestrian
39,1553.0,687.0,1603.0,767.0,3748,0,0,1,Pedestrian
39,1551.0,687.0,1600.0,767.0,3749,0,0,1,Pedestrian
39,1551.0,687.0,1600.0,767.0,3750,0,0,1,Pedestrian
39,1548.0,687.0,1597.0,767.0,3751,0,0,1,Pedestrian
39,1548.0,687.0,1595.0,767.0,3752,0,0,1,Pedestrian
39,1545.0,687.0,1595.0,767.0,3753,0,0,1,Pedestrian
39,1542.0,687.0,1592.0,767.0,3754,0,0,1,Pedestrian
39,1542.0,687.0,1592.0,767.0,3755,0,0,1,Pedestrian
39,1540.0,687.0,1589.0,767.0,3756,0,0,1,Pedestrian
39,1540.0,687.0,1589.0,767.0,3757,0,0,1,Pedestrian
39,1537.0,687.0,1586.0,767.0,3758,0,0,1,Pedestrian
39,1534.0,687.0,1584.0,767.0,3759,0,0,1,Pedestrian
39,1534.0,687.0,1584.0,767.0,3760,0,0,1,Pedestrian
39,1531.0,687.0,1581.0,767.0,3761,0,0,1,Pedestrian
39,1531.0,687.0,1581.0,767.0,3762,0,0,1,Pedestrian
39,1529.0,687.0,1578.0,767.0,3763,0,0,1,Pedestrian
39,1526.0,687.0,1575.0,767.0,3764,0,0,1,Pedestrian
39,1526.0,687.0,1575.0,767.0,3765,0,0,1,Pedestrian
39,1523.0,687.0,1573.0,767.0,3766,0,0,1,Pedestrian
39,1523.0,687.0,1573.0,767.0,3767,0,0,1,Pedestrian
39,1520.0,687.0,1570.0,767.0,3768,0,0,1,Pedestrian
39,1520.0,689.0,1570.0,769.0,3769,0,0,0,Pedestrian
39,1518.0,689.0,1567.0,769.0,3770,0,0,1,Pedestrian
39,1515.0,689.0,1564.0,769.0,3771,0,0,1,Pedestrian
39,1515.0,689.0,1564.0,769.0,3772,0,0,1,Pedestrian
39,1512.0,689.0,1562.0,769.0,3773,0,0,1,Pedestrian
39,1512.0,689.0,1562.0,769.0,3774,0,0,1,Pedestrian
39,1509.0,689.0,1559.0,769.0,3775,0,0,1,Pedestrian
39,1507.0,689.0,1556.0,769.0,3776,0,0,1,Pedestrian
39,1507.0,689.0,1556.0,769.0,3777,0,0,1,Pedestrian
39,1504.0,689.0,1553.0,769.0,3778,0,0,1,Pedestrian
39,1504.0,689.0,1553.0,769.0,3779,0,0,1,Pedestrian
39,1501.0,689.0,1551.0,769.0,3780,0,0,1,Pedestrian
39,1501.0,689.0,1551.0,769.0,3781,0,0,1,Pedestrian
39,1498.0,689.0,1548.0,769.0,3782,0,0,1,Pedestrian
39,1496.0,689.0,1545.0,769.0,3783,0,0,1,Pedestrian
39,1496.0,689.0,1545.0,769.0,3784,0,0,1,Pedestrian
39,1493.0,689.0,1542.0,769.0,3785,0,0,1,Pedestrian
39,1493.0,689.0,1542.0,769.0,3786,0,0,1,Pedestrian
39,1490.0,689.0,1540.0,769.0,3787,0,0,1,Pedestrian
39,1490.0,689.0,1540.0,769.0,3788,0,0,1,Pedestrian
39,1487.0,689.0,1537.0,769.0,3789,0,0,1,Pedestrian
39,1485.0,689.0,1534.0,769.0,3790,0,0,1,Pedestrian
39,1485.0,689.0,1534.0,769.0,3791,0,0,1,Pedestrian
39,1482.0,689.0,1531.0,769.0,3792,0,0,1,Pedestrian
39,1482.0,689.0,1531.0,769.0,3793,0,0,1,Pedestrian
39,1479.0,689.0,1529.0,769.0,3794,0,0,1,Pedestrian
39,1479.0,689.0,1529.0,769.0,3795,0,0,1,Pedestrian
39,1476.0,689.0,1526.0,769.0,3796,0,0,1,Pedestrian
39,1474.0,689.0,1523.0,769.0,3797,0,0,1,Pedestrian
39,1474.0,689.0,1523.0,769.0,3798,0,0,1,Pedestrian
39,1471.0,689.0,1520.0,769.0,3799,0,0,1,Pedestrian
39,1471.0,689.0,1520.0,769.0,3800,0,0,1,Pedestrian
39,1468.0,689.0,1518.0,769.0,3801,0,0,1,Pedestrian
39,1468.0,689.0,1518.0,769.0,3802,0,0,1,Pedestrian
39,1465.0,689.0,1515.0,769.0,3803,0,0,1,Pedestrian
39,1463.0,689.0,1512.0,769.0,3804,0,0,1,Pedestrian
39,1463.0,689.0,1512.0,769.0,3805,0,0,1,Pedestrian
39,1460.0,689.0,1509.0,769.0,3806,0,0,1,Pedestrian
39,1460.0,689.0,1509.0,769.0,3807,0,0,1,Pedestrian
39,1457.0,689.0,1507.0,769.0,3808,0,0,1,Pedestrian
39,1454.0,689.0,1504.0,769.0,3809,0,0,1,Pedestrian
39,1454.0,689.0,1504.0,769.0,3810,0,0,1,Pedestrian
39,1452.0,689.0,1501.0,769.0,3811,0,0,1,Pedestrian
39,1452.0,689.0,1501.0,769.0,3812,0,0,1,Pedestrian
39,1449.0,689.0,1498.0,769.0,3813,0,0,1,Pedestrian
39,1449.0,689.0,1498.0,769.0,3814,0,0,1,Pedestrian
39,1446.0,689.0,1496.0,769.0,3815,0,0,1,Pedestrian
39,1443.0,689.0,1493.0,769.0,3816,0,0,1,Pedestrian
39,1443.0,689.0,1493.0,769.0,3817,0,0,1,Pedestrian
39,1441.0,689.0,1490.0,769.0,3818,0,0,1,Pedestrian
39,1441.0,689.0,1490.0,769.0,3819,0,0,1,Pedestrian
39,1438.0,689.0,1487.0,769.0,3820,0,0,1,Pedestrian
39,1438.0,689.0,1487.0,769.0,3821,0,0,1,Pedestrian
39,1435.0,689.0,1485.0,769.0,3822,0,0,1,Pedestrian
39,1432.0,689.0,1482.0,769.0,3823,0,0,1,Pedestrian
39,1432.0,689.0,1482.0,769.0,3824,0,0,1,Pedestrian
39,1430.0,689.0,1479.0,769.0,3825,0,0,1,Pedestrian
39,1430.0,689.0,1479.0,769.0,3826,0,0,1,Pedestrian
39,1427.0,689.0,1476.0,769.0,3827,0,0,1,Pedestrian
39,1427.0,689.0,1476.0,769.0,3828,0,0,1,Pedestrian
39,1424.0,689.0,1474.0,769.0,3829,0,0,1,Pedestrian
39,1421.0,689.0,1471.0,769.0,3830,0,0,1,Pedestrian
39,1421.0,689.0,1471.0,769.0,3831,0,0,1,Pedestrian
39,1419.0,689.0,1468.0,769.0,3832,0,0,1,Pedestrian
39,1419.0,689.0,1468.0,769.0,3833,0,0,1,Pedestrian
39,1416.0,689.0,1465.0,769.0,3834,0,0,1,Pedestrian
39,1416.0,689.0,1465.0,769.0,3835,0,0,1,Pedestrian
39,1413.0,689.0,1463.0,769.0,3836,0,0,1,Pedestrian
39,1410.0,689.0,1460.0,769.0,3837,0,0,1,Pedestrian
39,1410.0,689.0,1460.0,769.0,3838,0,0,1,Pedestrian
39,1408.0,689.0,1457.0,769.0,3839,0,0,1,Pedestrian
39,1408.0,689.0,1457.0,769.0,3840,0,0,1,Pedestrian
39,1405.0,689.0,1454.0,769.0,3841,0,0,1,Pedestrian
39,1402.0,689.0,1452.0,769.0,3842,0,0,1,Pedestrian
39,1402.0,689.0,1452.0,769.0,3843,0,0,1,Pedestrian
39,1399.0,689.0,1449.0,769.0,3844,0,0,1,Pedestrian
39,1399.0,689.0,1449.0,769.0,3845,0,0,1,Pedestrian
39,1397.0,689.0,1446.0,769.0,3846,0,0,1,Pedestrian
39,1397.0,689.0,1446.0,769.0,3847,0,0,1,Pedestrian
39,1394.0,689.0,1443.0,769.0,3848,0,0,1,Pedestrian
39,1391.0,689.0,1441.0,769.0,3849,0,0,1,Pedestrian
39,1391.0,689.0,1441.0,769.0,3850,0,0,1,Pedestrian
39,1388.0,689.0,1438.0,769.0,3851,0,0,1,Pedestrian
39,1388.0,689.0,1438.0,769.0,3852,0,0,1,Pedestrian
39,1386.0,689.0,1435.0,769.0,3853,0,0,1,Pedestrian
39,1386.0,689.0,1435.0,769.0,3854,0,0,1,Pedestrian
39,1383.0,689.0,1432.0,769.0,3855,0,0,1,Pedestrian
39,1380.0,689.0,1430.0,769.0,3856,0,0,1,Pedestrian
39,1380.0,689.0,1430.0,769.0,3857,0,0,1,Pedestrian
39,1377.0,689.0,1427.0,769.0,3858,0,0,1,Pedestrian
39,1377.0,689.0,1427.0,769.0,3859,0,0,1,Pedestrian
39,1375.0,689.0,1424.0,769.0,3860,0,0,1,Pedestrian
39,1375.0,689.0,1424.0,769.0,3861,0,0,1,Pedestrian
39,1372.0,689.0,1421.0,769.0,3862,0,0,1,Pedestrian
39,1369.0,689.0,1419.0,769.0,3863,0,0,1,Pedestrian
39,1369.0,689.0,1419.0,769.0,3864,0,0,1,Pedestrian
39,1366.0,689.0,1416.0,769.0,3865,0,0,1,Pedestrian
39,1366.0,689.0,1416.0,769.0,3866,0,0,1,Pedestrian
39,1364.0,689.0,1413.0,769.0,3867,0,0,1,Pedestrian
39,1364.0,689.0,1413.0,769.0,3868,0,0,1,Pedestrian
39,1361.0,689.0,1410.0,769.0,3869,0,0,1,Pedestrian
39,1358.0,689.0,1408.0,769.0,3870,0,0,1,Pedestrian
39,1358.0,689.0,1408.0,769.0,3871,0,0,1,Pedestrian
39,1355.0,689.0,1405.0,769.0,3872,0,0,1,Pedestrian
39,1355.0,689.0,1405.0,769.0,3873,0,0,1,Pedestrian
39,1353.0,689.0,1402.0,769.0,3874,0,0,1,Pedestrian
39,1350.0,689.0,1399.0,769.0,3875,0,0,1,Pedestrian
39,1350.0,689.0,1399.0,769.0,3876,0,0,1,Pedestrian
39,1347.0,689.0,1397.0,769.0,3877,0,0,1,Pedestrian
39,1347.0,689.0,1397.0,769.0,3878,0,0,1,Pedestrian
39,1344.0,689.0,1394.0,769.0,3879,0,0,1,Pedestrian
39,1344.0,689.0,1394.0,769.0,3880,0,0,1,Pedestrian
39,1342.0,689.0,1391.0,769.0,3881,0,0,1,Pedestrian
39,1339.0,689.0,1388.0,769.0,3882,0,0,1,Pedestrian
39,1339.0,689.0,1388.0,769.0,3883,0,0,1,Pedestrian
39,1336.0,689.0,1386.0,769.0,3884,0,0,1,Pedestrian
39,1336.0,689.0,1386.0,769.0,3885,0,0,1,Pedestrian
39,1333.0,689.0,1383.0,769.0,3886,0,0,1,Pedestrian
39,1333.0,689.0,1383.0,769.0,3887,0,0,1,Pedestrian
39,1331.0,689.0,1380.0,769.0,3888,0,0,1,Pedestrian
39,1328.0,689.0,1377.0,769.0,3889,0,0,1,Pedestrian
39,1328.0,689.0,1377.0,769.0,3890,0,0,1,Pedestrian
39,1325.0,689.0,1375.0,769.0,3891,0,0,1,Pedestrian
39,1325.0,689.0,1375.0,769.0,3892,0,0,1,Pedestrian
39,1322.0,689.0,1372.0,769.0,3893,0,0,1,Pedestrian
39,1322.0,689.0,1372.0,769.0,3894,0,0,1,Pedestrian
39,1320.0,689.0,1369.0,769.0,3895,0,0,1,Pedestrian
39,1317.0,689.0,1366.0,769.0,3896,0,0,1,Pedestrian
39,1317.0,689.0,1366.0,769.0,3897,0,0,1,Pedestrian
39,1314.0,689.0,1364.0,769.0,3898,0,0,1,Pedestrian
39,1314.0,689.0,1364.0,769.0,3899,0,0,1,Pedestrian
39,1311.0,689.0,1361.0,769.0,3900,0,0,1,Pedestrian
39,1311.0,689.0,1361.0,769.0,3901,0,0,1,Pedestrian
39,1309.0,689.0,1358.0,769.0,3902,0,0,1,Pedestrian
39,1306.0,689.0,1355.0,769.0,3903,0,0,1,Pedestrian
39,1306.0,689.0,1355.0,769.0,3904,0,0,1,Pedestrian
39,1303.0,689.0,1353.0,769.0,3905,0,0,1,Pedestrian
39,1303.0,689.0,1353.0,769.0,3906,0,0,1,Pedestrian
39,1300.0,689.0,1350.0,769.0,3907,0,0,1,Pedestrian
39,1298.0,689.0,1347.0,769.0,3908,0,0,1,Pedestrian
39,1298.0,689.0,1347.0,769.0,3909,0,0,1,Pedestrian
39,1295.0,689.0,1344.0,769.0,3910,0,0,1,Pedestrian
39,1295.0,689.0,1344.0,769.0,3911,0,0,1,Pedestrian
39,1292.0,689.0,1342.0,769.0,3912,0,0,1,Pedestrian
39,1292.0,689.0,1342.0,769.0,3913,0,0,1,Pedestrian
39,1289.0,689.0,1339.0,769.0,3914,0,0,1,Pedestrian
39,1287.0,689.0,1336.0,769.0,3915,0,0,1,Pedestrian
39,1287.0,689.0,1336.0,769.0,3916,0,0,1,Pedestrian
39,1284.0,689.0,1333.0,769.0,3917,0,0,1,Pedestrian
39,1284.0,689.0,1333.0,769.0,3918,0,0,1,Pedestrian
39,1281.0,689.0,1331.0,769.0,3919,0,0,1,Pedestrian
39,1281.0,689.0,1331.0,769.0,3920,0,0,1,Pedestrian
39,1278.0,689.0,1328.0,769.0,3921,0,0,1,Pedestrian
39,1276.0,689.0,1325.0,769.0,3922,0,0,1,Pedestrian
39,1276.0,689.0,1325.0,769.0,3923,0,0,1,Pedestrian
39,1273.0,689.0,1322.0,769.0,3924,0,0,1,Pedestrian
39,1273.0,689.0,1322.0,769.0,3925,0,0,1,Pedestrian
39,1270.0,689.0,1320.0,769.0,3926,0,0,1,Pedestrian
39,1270.0,689.0,1320.0,769.0,3927,0,0,1,Pedestrian
39,1267.0,689.0,1317.0,769.0,3928,0,0,1,Pedestrian
39,1265.0,689.0,1314.0,769.0,3929,0,0,1,Pedestrian
39,1265.0,689.0,1314.0,769.0,3930,0,0,1,Pedestrian
39,1262.0,689.0,1311.0,769.0,3931,0,0,1,Pedestrian
39,1262.0,689.0,1311.0,769.0,3932,0,0,1,Pedestrian
39,1259.0,689.0,1309.0,769.0,3933,0,0,1,Pedestrian
39,1259.0,689.0,1309.0,769.0,3934,0,0,1,Pedestrian
39,1256.0,689.0,1306.0,769.0,3935,0,0,1,Pedestrian
39,1254.0,689.0,1303.0,769.0,3936,0,0,1,Pedestrian
39,1254.0,689.0,1303.0,769.0,3937,0,0,1,Pedestrian
39,1251.0,689.0,1300.0,769.0,3938,0,0,1,Pedestrian
39,1251.0,689.0,1300.0,769.0,3939,0,0,1,Pedestrian
39,1248.0,689.0,1298.0,769.0,3940,0,0,1,Pedestrian
39,1245.0,689.0,1295.0,769.0,3941,0,0,1,Pedestrian
39,1245.0,689.0,1295.0,769.0,3942,0,0,1,Pedestrian
39,1243.0,689.0,1292.0,769.0,3943,0,0,1,Pedestrian
39,1243.0,689.0,1292.0,769.0,3944,0,0,1,Pedestrian
39,1240.0,689.0,1289.0,769.0,3945,0,0,1,Pedestrian
39,1240.0,689.0,1289.0,769.0,3946,0,0,1,Pedestrian
39,1237.0,689.0,1287.0,769.0,3947,0,0,1,Pedestrian
39,1234.0,689.0,1284.0,769.0,3948,0,0,1,Pedestrian
39,1234.0,689.0,1284.0,769.0,3949,0,0,1,Pedestrian
39,1232.0,689.0,1281.0,769.0,3950,0,0,1,Pedestrian
39,1232.0,689.0,1281.0,769.0,3951,0,0,1,Pedestrian
39,1229.0,689.0,1278.0,769.0,3952,0,0,1,Pedestrian
39,1229.0,689.0,1278.0,769.0,3953,0,0,1,Pedestrian
39,1226.0,689.0,1276.0,769.0,3954,0,0,1,Pedestrian
39,1223.0,689.0,1273.0,769.0,3955,0,0,1,Pedestrian
39,1223.0,689.0,1273.0,769.0,3956,0,0,1,Pedestrian
39,1221.0,689.0,1270.0,769.0,3957,0,0,1,Pedestrian
39,1221.0,689.0,1270.0,769.0,3958,0,0,1,Pedestrian
39,1218.0,689.0,1267.0,769.0,3959,0,0,1,Pedestrian
39,1218.0,689.0,1267.0,769.0,3960,0,0,1,Pedestrian
39,1215.0,689.0,1265.0,769.0,3961,0,0,1,Pedestrian
39,1212.0,689.0,1262.0,769.0,3962,0,0,1,Pedestrian
39,1212.0,689.0,1262.0,769.0,3963,0,0,1,Pedestrian
39,1210.0,689.0,1259.0,769.0,3964,0,0,1,Pedestrian
39,1210.0,689.0,1259.0,769.0,3965,0,0,1,Pedestrian
39,1207.0,689.0,1256.0,769.0,3966,0,0,1,Pedestrian
39,1207.0,689.0,1256.0,769.0,3967,0,0,1,Pedestrian
39,1204.0,689.0,1254.0,769.0,3968,0,0,1,Pedestrian
39,1201.0,689.0,1251.0,769.0,3969,0,0,1,Pedestrian
39,1201.0,689.0,1251.0,769.0,3970,0,0,1,Pedestrian
39,1199.0,689.0,1248.0,769.0,3971,0,0,1,Pedestrian
39,1199.0,689.0,1248.0,769.0,3972,0,0,1,Pedestrian
39,1196.0,689.0,1245.0,769.0,3973,0,0,1,Pedestrian
39,1193.0,689.0,1243.0,769.0,3974,0,0,1,Pedestrian
39,1193.0,689.0,1243.0,769.0,3975,0,0,1,Pedestrian
39,1190.0,689.0,1240.0,769.0,3976,0,0,1,Pedestrian
39,1190.0,689.0,1240.0,769.0,3977,0,0,1,Pedestrian
39,1188.0,689.0,1237.0,769.0,3978,0,0,1,Pedestrian
39,1188.0,689.0,1237.0,769.0,3979,0,0,1,Pedestrian
39,1185.0,689.0,1234.0,769.0,3980,0,0,1,Pedestrian
39,1182.0,689.0,1232.0,769.0,3981,0,0,1,Pedestrian
39,1182.0,689.0,1232.0,769.0,3982,0,0,1,Pedestrian
39,1179.0,689.0,1229.0,769.0,3983,0,0,1,Pedestrian
39,1179.0,689.0,1229.0,769.0,3984,0,0,1,Pedestrian
39,1177.0,689.0,1226.0,769.0,3985,0,0,1,Pedestrian
39,1177.0,689.0,1226.0,769.0,3986,0,0,1,Pedestrian
39,1174.0,689.0,1223.0,769.0,3987,0,0,1,Pedestrian
39,1171.0,689.0,1221.0,769.0,3988,0,0,1,Pedestrian
39,1171.0,689.0,1221.0,769.0,3989,0,0,1,Pedestrian
39,1168.0,689.0,1218.0,769.0,3990,0,0,1,Pedestrian
39,1168.0,689.0,1218.0,769.0,3991,0,0,1,Pedestrian
39,1166.0,689.0,1215.0,769.0,3992,0,0,1,Pedestrian
39,1166.0,689.0,1215.0,769.0,3993,0,0,1,Pedestrian
39,1163.0,689.0,1212.0,769.0,3994,0,0,1,Pedestrian
39,1160.0,689.0,1210.0,769.0,3995,0,0,1,Pedestrian
39,1160.0,689.0,1210.0,769.0,3996,0,0,1,Pedestrian
39,1157.0,689.0,1207.0,769.0,3997,0,0,1,Pedestrian
39,1157.0,689.0,1207.0,769.0,3998,0,0,1,Pedestrian
39,1155.0,689.0,1204.0,769.0,3999,0,0,1,Pedestrian
39,1155.0,692.0,1204.0,769.0,4000,0,0,0,Pedestrian
39,1152.0,689.0,1201.0,767.0,4001,0,0,1,Pedestrian
39,1149.0,689.0,1199.0,767.0,4002,0,0,1,Pedestrian
39,1146.0,689.0,1199.0,767.0,4003,0,0,1,Pedestrian
39,1146.0,689.0,1196.0,767.0,4004,0,0,1,Pedestrian
39,1144.0,689.0,1196.0,767.0,4005,0,0,1,Pedestrian
39,1141.0,689.0,1193.0,767.0,4006,0,0,1,Pedestrian
39,1138.0,689.0,1193.0,767.0,4007,0,0,1,Pedestrian
39,1138.0,689.0,1190.0,767.0,4008,0,0,1,Pedestrian
39,1135.0,689.0,1188.0,767.0,4009,0,0,1,Pedestrian
39,1133.0,689.0,1188.0,767.0,4010,0,0,1,Pedestrian
39,1130.0,689.0,1185.0,767.0,4011,0,0,1,Pedestrian
39,1130.0,689.0,1185.0,767.0,4012,0,0,1,Pedestrian
39,1127.0,689.0,1182.0,767.0,4013,0,0,1,Pedestrian
39,1124.0,689.0,1182.0,767.0,4014,0,0,1,Pedestrian
39,1124.0,689.0,1179.0,767.0,4015,0,0,1,Pedestrian
39,1122.0,689.0,1179.0,765.0,4016,0,0,1,Pedestrian
39,1119.0,689.0,1177.0,765.0,4017,0,0,1,Pedestrian
39,1116.0,687.0,1174.0,765.0,4018,0,0,1,Pedestrian
39,1116.0,687.0,1174.0,765.0,4019,0,0,1,Pedestrian
39,1113.0,687.0,1171.0,765.0,4020,0,0,1,Pedestrian
39,1111.0,687.0,1171.0,765.0,4021,0,0,1,Pedestrian
39,1108.0,687.0,1168.0,765.0,4022,0,0,1,Pedestrian
39,1108.0,687.0,1168.0,765.0,4023,0,0,1,Pedestrian
39,1105.0,687.0,1166.0,765.0,4024,0,0,1,Pedestrian
39,1102.0,687.0,1166.0,765.0,4025,0,0,1,Pedestrian
39,1102.0,687.0,1163.0,765.0,4026,0,0,1,Pedestrian
39,1100.0,687.0,1160.0,765.0,4027,0,0,1,Pedestrian
39,1097.0,687.0,1160.0,765.0,4028,0,0,1,Pedestrian
39,1094.0,687.0,1157.0,765.0,4029,0,0,1,Pedestrian
39,1094.0,687.0,1157.0,765.0,4030,0,0,1,Pedestrian
39,1091.0,687.0,1155.0,765.0,4031,0,0,1,Pedestrian
39,1089.0,687.0,1155.0,762.0,4032,0,0,1,Pedestrian
39,1086.0,687.0,1152.0,762.0,4033,0,0,1,Pedestrian
39,1086.0,687.0,1152.0,762.0,4034,0,0,1,Pedestrian
39,1083.0,687.0,1149.0,762.0,4035,0,0,1,Pedestrian
39,1080.0,685.0,1146.0,762.0,4036,0,0,1,Pedestrian
39,1080.0,685.0,1146.0,762.0,4037,0,0,1,Pedestrian
39,1078.0,685.0,1144.0,762.0,4038,0,0,1,Pedestrian
39,1075.0,685.0,1144.0,762.0,4039,0,0,1,Pedestrian
39,1072.0,685.0,1141.0,762.0,4040,0,0,1,Pedestrian
39,1072.0,685.0,1141.0,762.0,4041,0,0,1,Pedestrian
39,1069.0,685.0,1138.0,762.0,4042,0,0,1,Pedestrian
39,1067.0,685.0,1138.0,762.0,4043,0,0,1,Pedestrian
39,1064.0,685.0,1135.0,762.0,4044,0,0,1,Pedestrian
39,1064.0,685.0,1133.0,762.0,4045,0,0,1,Pedestrian
39,1061.0,685.0,1133.0,762.0,4046,0,0,1,Pedestrian
39,1058.0,685.0,1130.0,760.0,4047,0,0,1,Pedestrian
39,1058.0,685.0,1130.0,760.0,4048,0,0,1,Pedestrian
39,1056.0,685.0,1127.0,760.0,4049,0,0,1,Pedestrian
39,1053.0,685.0,1127.0,760.0,4050,0,0,1,Pedestrian
39,1050.0,685.0,1124.0,760.0,4051,0,0,1,Pedestrian
39,1050.0,685.0,1124.0,760.0,4052,0,0,1,Pedestrian
39,1047.0,683.0,1122.0,760.0,4053,0,0,1,Pedestrian
39,1045.0,683.0,1119.0,760.0,4054,0,0,1,Pedestrian
39,1042.0,683.0,1119.0,760.0,4055,0,0,1,Pedestrian
39,1042.0,683.0,1116.0,760.0,4056,0,0,1,Pedestrian
39,1039.0,683.0,1116.0,760.0,4057,0,0,1,Pedestrian
39,1036.0,683.0,1113.0,760.0,4058,0,0,1,Pedestrian
39,1036.0,683.0,1113.0,760.0,4059,0,0,1,Pedestrian
39,1034.0,683.0,1111.0,760.0,4060,0,0,1,Pedestrian
39,1031.0,683.0,1111.0,760.0,4061,0,0,1,Pedestrian
39,1028.0,683.0,1108.0,760.0,4062,0,0,1,Pedestrian
39,1028.0,683.0,1105.0,758.0,4063,0,0,1,Pedestrian
39,1025.0,683.0,1105.0,758.0,4064,0,0,1,Pedestrian
39,1023.0,683.0,1102.0,758.0,4065,0,0,1,Pedestrian
39,1020.0,683.0,1102.0,758.0,4066,0,0,1,Pedestrian
39,1020.0,683.0,1100.0,758.0,4067,0,0,1,Pedestrian
39,1017.0,683.0,1100.0,758.0,4068,0,0,1,Pedestrian
39,1014.0,683.0,1097.0,758.0,4069,0,0,1,Pedestrian
39,1014.0,683.0,1097.0,758.0,4070,0,0,1,Pedestrian
39,1012.0,680.0,1094.0,758.0,4071,0,0,1,Pedestrian
39,1009.0,680.0,1091.0,758.0,4072,0,0,1,Pedestrian
39,1006.0,680.0,1091.0,758.0,4073,0,0,1,Pedestrian
39,1006.0,680.0,1089.0,758.0,4074,0,0,1,Pedestrian
39,1003.0,680.0,1089.0,758.0,4075,0,0,1,Pedestrian
39,1001.0,680.0,1086.0,758.0,4076,0,0,1,Pedestrian
39,998.0,680.0,1086.0,758.0,4077,0,0,1,Pedestrian
39,998.0,680.0,1083.0,755.0,4078,0,0,1,Pedestrian
39,995.0,680.0,1080.0,755.0,4079,0,0,1,Pedestrian
39,992.0,680.0,1080.0,755.0,4080,0,0,1,Pedestrian
39,990.0,680.0,1078.0,755.0,4081,0,0,1,Pedestrian
39,990.0,680.0,1078.0,755.0,4082,0,0,1,Pedestrian
39,987.0,680.0,1075.0,755.0,4083,0,0,1,Pedestrian
39,984.0,680.0,1075.0,755.0,4084,0,0,1,Pedestrian
39,984.0,680.0,1072.0,755.0,4085,0,0,1,Pedestrian
39,981.0,680.0,1072.0,755.0,4086,0,0,1,Pedestrian
39,979.0,680.0,1069.0,755.0,4087,0,0,1,Pedestrian
39,976.0,678.0,1067.0,755.0,4088,0,0,1,Pedestrian
39,976.0,678.0,1067.0,755.0,4089,0,0,1,Pedestrian
39,973.0,678.0,1064.0,755.0,4090,0,0,1,Pedestrian
39,970.0,678.0,1064.0,755.0,4091,0,0,1,Pedestrian
39,968.0,678.0,1061.0,755.0,4092,0,0,1,Pedestrian
39,968.0,678.0,1061.0,755.0,4093,0,0,1,Pedestrian
39,965.0,678.0,1058.0,753.0,4094,0,0,1,Pedestrian
39,962.0,678.0,1058.0,753.0,4095,0,0,1,Pedestrian
39,962.0,678.0,1056.0,753.0,4096,0,0,1,Pedestrian
39,959.0,678.0,1053.0,753.0,4097,0,0,1,Pedestrian
39,957.0,678.0,1053.0,753.0,4098,0,0,1,Pedestrian
39,954.0,678.0,1050.0,753.0,4099,0,0,1,Pedestrian
39,954.0,678.0,1050.0,753.0,4100,0,0,1,Pedestrian
39,951.0,678.0,1047.0,753.0,4101,0,0,1,Pedestrian
39,948.0,678.0,1047.0,753.0,4102,0,0,1,Pedestrian
39,946.0,678.0,1045.0,753.0,4103,0,0,1,Pedestrian
39,946.0,678.0,1045.0,753.0,4104,0,0,1,Pedestrian
39,943.0,678.0,1042.0,753.0,4105,0,0,1,Pedestrian
39,940.0,676.0,1039.0,753.0,4106,0,0,1,Pedestrian
39,940.0,676.0,1039.0,753.0,4107,0,0,1,Pedestrian
39,937.0,676.0,1036.0,753.0,4108,0,0,1,Pedestrian
39,935.0,676.0,1036.0,751.0,4109,0,0,1,Pedestrian
39,932.0,676.0,1034.0,751.0,4110,0,0,1,Pedestrian
39,932.0,676.0,1034.0,751.0,4111,0,0,1,Pedestrian
39,929.0,676.0,1031.0,751.0,4112,0,0,1,Pedestrian
39,926.0,676.0,1031.0,751.0,4113,0,0,1,Pedestrian
39,924.0,676.0,1028.0,751.0,4114,0,0,1,Pedestrian
39,924.0,676.0,1025.0,751.0,4115,0,0,1,Pedestrian
39,921.0,676.0,1025.0,751.0,4116,0,0,1,Pedestrian
39,918.0,676.0,1023.0,751.0,4117,0,0,1,Pedestrian
39,918.0,676.0,1023.0,751.0,4118,0,0,1,Pedestrian
39,915.0,676.0,1020.0,751.0,4119,0,0,1,Pedestrian
39,913.0,676.0,1020.0,751.0,4120,0,0,1,Pedestrian
39,910.0,676.0,1017.0,751.0,4121,0,0,1,Pedestrian
39,910.0,676.0,1017.0,751.0,4122,0,0,1,Pedestrian
39,907.0,674.0,1014.0,751.0,4123,0,0,1,Pedestrian
39,904.0,674.0,1012.0,751.0,4124,0,0,1,Pedestrian
39,902.0,674.0,1012.0,749.0,4125,0,0,1,Pedestrian
39,902.0,674.0,1009.0,749.0,4126,0,0,1,Pedestrian
39,899.0,674.0,1009.0,749.0,4127,0,0,1,Pedestrian
39,896.0,674.0,1006.0,749.0,4128,0,0,1,Pedestrian
39,896.0,674.0,1006.0,749.0,4129,0,0,1,Pedestrian
39,893.0,674.0,1003.0,749.0,4130,0,0,1,Pedestrian
39,891.0,674.0,1003.0,749.0,4131,0,0,1,Pedestrian
39,888.0,674.0,1001.0,749.0,4132,0,0,1,Pedestrian
39,888.0,674.0,998.0,749.0,4133,0,0,1,Pedestrian
39,885.0,674.0,998.0,749.0,4134,0,0,1,Pedestrian
39,882.0,674.0,995.0,749.0,4135,0,0,1,Pedestrian
39,880.0,674.0,995.0,749.0,4136,0,0,1,Pedestrian
39,880.0,674.0,992.0,749.0,4137,0,0,1,Pedestrian
39,877.0,674.0,992.0,749.0,4138,0,0,1,Pedestrian
39,874.0,674.0,990.0,749.0,4139,0,0,1,Pedestrian
39,874.0,674.0,990.0,749.0,4140,0,0,0,Pedestrian
39,871.0,671.0,987.0,746.0,4141,0,0,1,Pedestrian
39,869.0,671.0,984.0,746.0,4142,0,0,1,Pedestrian
39,869.0,671.0,984.0,746.0,4143,0,0,1,Pedestrian
39,866.0,671.0,981.0,746.0,4144,0,0,1,Pedestrian
39,866.0,671.0,981.0,746.0,4145,0,0,1,Pedestrian
39,863.0,671.0,979.0,746.0,4146,0,0,1,Pedestrian
39,860.0,671.0,976.0,746.0,4147,0,0,1,Pedestrian
39,860.0,671.0,976.0,746.0,4148,0,0,1,Pedestrian
39,858.0,671.0,973.0,746.0,4149,0,0,1,Pedestrian
39,858.0,671.0,973.0,746.0,4150,0,0,1,Pedestrian
39,855.0,669.0,970.0,744.0,4151,0,0,1,Pedestrian
39,855.0,669.0,970.0,744.0,4152,0,0,1,Pedestrian
39,852.0,669.0,968.0,744.0,4153,0,0,1,Pedestrian
39,849.0,669.0,965.0,744.0,4154,0,0,1,Pedestrian
39,849.0,669.0,965.0,744.0,4155,0,0,1,Pedestrian
39,847.0,669.0,962.0,744.0,4156,0,0,1,Pedestrian
39,847.0,669.0,962.0,744.0,4157,0,0,1,Pedestrian
39,844.0,669.0,959.0,744.0,4158,0,0,1,Pedestrian
39,841.0,669.0,957.0,744.0,4159,0,0,1,Pedestrian
39,841.0,669.0,957.0,744.0,4160,0,0,1,Pedestrian
39,838.0,667.0,954.0,742.0,4161,0,0,1,Pedestrian
39,838.0,667.0,954.0,742.0,4162,0,0,1,Pedestrian
39,836.0,667.0,951.0,742.0,4163,0,0,1,Pedestrian
39,836.0,667.0,951.0,742.0,4164,0,0,1,Pedestrian
39,833.0,667.0,948.0,742.0,4165,0,0,1,Pedestrian
39,830.0,667.0,946.0,742.0,4166,0,0,1,Pedestrian
39,830.0,667.0,946.0,742.0,4167,0,0,1,Pedestrian
39,827.0,667.0,943.0,742.0,4168,0,0,1,Pedestrian
39,827.0,667.0,943.0,742.0,4169,0,0,1,Pedestrian
39,825.0,667.0,940.0,742.0,4170,0,0,1,Pedestrian
39,822.0,664.0,937.0,740.0,4171,0,0,1,Pedestrian
39,822.0,664.0,937.0,740.0,4172,0,0,1,Pedestrian
39,819.0,664.0,935.0,740.0,4173,0,0,1,Pedestrian
39,819.0,664.0,935.0,740.0,4174,0,0,1,Pedestrian
39,816.0,664.0,932.0,740.0,4175,0,0,1,Pedestrian
39,816.0,664.0,932.0,740.0,4176,0,0,1,Pedestrian
39,814.0,664.0,929.0,740.0,4177,0,0,1,Pedestrian
39,811.0,664.0,926.0,740.0,4178,0,0,1,Pedestrian
39,811.0,664.0,926.0,740.0,4179,0,0,1,Pedestrian
39,808.0,664.0,924.0,740.0,4180,0,0,1,Pedestrian
39,808.0,662.0,924.0,737.0,4181,0,0,1,Pedestrian
39,805.0,662.0,921.0,737.0,4182,0,0,1,Pedestrian
39,803.0,662.0,918.0,737.0,4183,0,0,1,Pedestrian
39,803.0,662.0,918.0,737.0,4184,0,0,1,Pedestrian
39,800.0,662.0,915.0,737.0,4185,0,0,1,Pedestrian
39,800.0,662.0,915.0,737.0,4186,0,0,1,Pedestrian
39,797.0,662.0,913.0,737.0,4187,0,0,1,Pedestrian
39,797.0,662.0,913.0,737.0,4188,0,0,1,Pedestrian
39,794.0,662.0,910.0,737.0,4189,0,0,1,Pedestrian
39,792.0,662.0,907.0,737.0,4190,0,0,1,Pedestrian
39,792.0,660.0,907.0,735.0,4191,0,0,1,Pedestrian
39,789.0,660.0,904.0,735.0,4192,0,0,1,Pedestrian
39,789.0,660.0,904.0,735.0,4193,0,0,1,Pedestrian
39,786.0,660.0,902.0,735.0,4194,0,0,1,Pedestrian
39,783.0,660.0,899.0,735.0,4195,0,0,1,Pedestrian
39,783.0,660.0,899.0,735.0,4196,0,0,1,Pedestrian
39,781.0,660.0,896.0,735.0,4197,0,0,1,Pedestrian
39,781.0,660.0,896.0,735.0,4198,0,0,1,Pedestrian
39,778.0,660.0,893.0,735.0,4199,0,0,1,Pedestrian
39,778.0,660.0,893.0,735.0,4200,0,0,0,Pedestrian
39,775.0,660.0,891.0,735.0,4201,0,0,1,Pedestrian
39,772.0,660.0,888.0,735.0,4202,0,0,1,Pedestrian
39,772.0,660.0,888.0,735.0,4203,0,0,1,Pedestrian
39,770.0,660.0,885.0,735.0,4204,0,0,1,Pedestrian
39,767.0,660.0,882.0,735.0,4205,0,0,1,Pedestrian
39,767.0,660.0,882.0,735.0,4206,0,0,1,Pedestrian
39,764.0,660.0,880.0,735.0,4207,0,0,1,Pedestrian
39,761.0,660.0,877.0,735.0,4208,0,0,1,Pedestrian
39,761.0,660.0,877.0,735.0,4209,0,0,1,Pedestrian
39,759.0,662.0,874.0,737.0,4210,0,0,1,Pedestrian
39,759.0,662.0,874.0,737.0,4211,0,0,1,Pedestrian
39,756.0,662.0,871.0,737.0,4212,0,0,1,Pedestrian
39,753.0,662.0,869.0,737.0,4213,0,0,1,Pedestrian
39,753.0,662.0,869.0,737.0,4214,0,0,1,Pedestrian
39,750.0,662.0,866.0,737.0,4215,0,0,1,Pedestrian
39,748.0,662.0,863.0,737.0,4216,0,0,1,Pedestrian
39,748.0,662.0,863.0,737.0,4217,0,0,1,Pedestrian
39,745.0,662.0,860.0,737.0,4218,0,0,1,Pedestrian
39,742.0,662.0,858.0,737.0,4219,0,0,1,Pedestrian
39,742.0,664.0,858.0,740.0,4220,0,0,1,Pedestrian
39,739.0,664.0,855.0,740.0,4221,0,0,1,Pedestrian
39,739.0,664.0,855.0,740.0,4222,0,0,1,Pedestrian
39,737.0,664.0,852.0,740.0,4223,0,0,1,Pedestrian
39,734.0,664.0,849.0,740.0,4224,0,0,1,Pedestrian
39,734.0,664.0,849.0,740.0,4225,0,0,1,Pedestrian
39,731.0,664.0,847.0,740.0,4226,0,0,1,Pedestrian
39,728.0,664.0,844.0,740.0,4227,0,0,1,Pedestrian
39,728.0,664.0,844.0,740.0,4228,0,0,1,Pedestrian
39,726.0,664.0,841.0,740.0,4229,0,0,1,Pedestrian
39,726.0,667.0,841.0,742.0,4230,0,0,0,Pedestrian
39,723.0,667.0,838.0,742.0,4231,0,0,1,Pedestrian
39,723.0,667.0,838.0,742.0,4232,0,0,1,Pedestrian
39,723.0,667.0,838.0,742.0,4233,0,0,1,Pedestrian
39,720.0,667.0,836.0,742.0,4234,0,0,1,Pedestrian
39,720.0,667.0,836.0,742.0,4235,0,0,1,Pedestrian
39,720.0,667.0,836.0,742.0,4236,0,0,1,Pedestrian
39,717.0,667.0,833.0,742.0,4237,0,0,1,Pedestrian
39,717.0,667.0,833.0,742.0,4238,0,0,1,Pedestrian
39,717.0,667.0,833.0,742.0,4239,0,0,1,Pedestrian
39,717.0,667.0,833.0,742.0,4240,0,0,0,Pedestrian
39,715.0,664.0,830.0,740.0,4241,0,0,1,Pedestrian
39,715.0,664.0,830.0,740.0,4242,0,0,1,Pedestrian
39,712.0,664.0,827.0,740.0,4243,0,0,1,Pedestrian
39,712.0,664.0,827.0,740.0,4244,0,0,1,Pedestrian
39,709.0,664.0,825.0,740.0,4245,0,0,1,Pedestrian
39,709.0,662.0,825.0,737.0,4246,0,0,1,Pedestrian
39,706.0,662.0,822.0,737.0,4247,0,0,1,Pedestrian
39,706.0,662.0,822.0,737.0,4248,0,0,1,Pedestrian
39,704.0,662.0,819.0,737.0,4249,0,0,1,Pedestrian
39,704.0,662.0,819.0,737.0,4250,0,0,0,Pedestrian
39,701.0,662.0,816.0,737.0,4251,0,0,1,Pedestrian
39,698.0,662.0,814.0,737.0,4252,0,0,1,Pedestrian
39,695.0,662.0,811.0,737.0,4253,0,0,1,Pedestrian
39,695.0,662.0,811.0,737.0,4254,0,0,1,Pedestrian
39,693.0,662.0,808.0,737.0,4255,0,0,1,Pedestrian
39,690.0,662.0,805.0,737.0,4256,0,0,1,Pedestrian
39,690.0,662.0,805.0,737.0,4257,0,0,1,Pedestrian
39,687.0,662.0,803.0,737.0,4258,0,0,1,Pedestrian
39,684.0,662.0,800.0,737.0,4259,0,0,1,Pedestrian
39,684.0,662.0,800.0,737.0,4260,0,0,0,Pedestrian
39,682.0,662.0,797.0,737.0,4261,0,0,1,Pedestrian
39,682.0,662.0,797.0,737.0,4262,0,0,1,Pedestrian
39,679.0,662.0,794.0,737.0,4263,0,0,1,Pedestrian
39,679.0,662.0,794.0,737.0,4264,0,0,1,Pedestrian
39,676.0,662.0,792.0,737.0,4265,0,0,1,Pedestrian
39,676.0,662.0,792.0,737.0,4266,0,0,1,Pedestrian
39,673.0,662.0,789.0,737.0,4267,0,0,1,Pedestrian
39,673.0,662.0,789.0,737.0,4268,0,0,1,Pedestrian
39,671.0,662.0,786.0,737.0,4269,0,0,1,Pedestrian
39,671.0,664.0,786.0,740.0,4270,0,0,0,Pedestrian
39,671.0,664.0,786.0,740.0,4271,0,0,1,Pedestrian
39,671.0,664.0,786.0,740.0,4272,0,0,1,Pedestrian
39,671.0,664.0,786.0,740.0,4273,0,0,1,Pedestrian
39,671.0,664.0,786.0,740.0,4274,0,0,1,Pedestrian
39,671.0,664.0,786.0,740.0,4275,0,0,1,Pedestrian
39,671.0,664.0,786.0,740.0,4276,0,0,1,Pedestrian
39,671.0,664.0,786.0,740.0,4277,0,0,1,Pedestrian
39,671.0,664.0,786.0,740.0,4278,0,0,1,Pedestrian
39,671.0,664.0,786.0,740.0,4279,0,0,1,Pedestrian
39,671.0,664.0,786.0,740.0,4280,0,1,0,Pedestrian
39,668.0,664.0,783.0,740.0,4281,0,1,1,Pedestrian
39,665.0,664.0,781.0,740.0,4282,0,1,1,Pedestrian
39,665.0,664.0,781.0,740.0,4283,0,1,1,Pedestrian
39,662.0,664.0,778.0,740.0,4284,0,1,1,Pedestrian
39,660.0,664.0,775.0,740.0,4285,0,1,1,Pedestrian
39,660.0,664.0,775.0,740.0,4286,0,1,1,Pedestrian
39,657.0,664.0,772.0,740.0,4287,0,1,1,Pedestrian
39,654.0,664.0,770.0,740.0,4288,0,1,1,Pedestrian
39,654.0,664.0,770.0,740.0,4289,0,1,1,Pedestrian
39,651.0,664.0,767.0,740.0,4290,0,1,1,Pedestrian
39,649.0,664.0,764.0,740.0,4291,0,1,1,Pedestrian
39,649.0,664.0,764.0,740.0,4292,0,1,1,Pedestrian
39,646.0,664.0,761.0,740.0,4293,0,1,1,Pedestrian
39,646.0,664.0,761.0,740.0,4294,0,1,1,Pedestrian
39,643.0,664.0,759.0,740.0,4295,0,1,1,Pedestrian
39,640.0,664.0,756.0,740.0,4296,0,1,1,Pedestrian
39,640.0,664.0,756.0,740.0,4297,0,1,1,Pedestrian
39,638.0,664.0,753.0,740.0,4298,0,1,1,Pedestrian
39,635.0,664.0,750.0,740.0,4299,0,1,1,Pedestrian
39,635.0,664.0,750.0,740.0,4300,0,1,1,Pedestrian
39,632.0,664.0,748.0,740.0,4301,0,1,1,Pedestrian
39,629.0,664.0,745.0,740.0,4302,0,1,1,Pedestrian
39,629.0,664.0,745.0,740.0,4303,0,1,1,Pedestrian
39,627.0,664.0,742.0,740.0,4304,0,1,1,Pedestrian
39,624.0,664.0,739.0,740.0,4305,0,1,1,Pedestrian
39,624.0,664.0,739.0,740.0,4306,0,1,1,Pedestrian
39,621.0,664.0,737.0,740.0,4307,0,1,1,Pedestrian
39,621.0,664.0,737.0,740.0,4308,0,1,1,Pedestrian
39,618.0,664.0,734.0,740.0,4309,0,1,1,Pedestrian
39,616.0,664.0,731.0,740.0,4310,0,1,1,Pedestrian
39,616.0,664.0,731.0,740.0,4311,0,1,1,Pedestrian
39,613.0,664.0,728.0,740.0,4312,0,1,1,Pedestrian
39,610.0,664.0,726.0,740.0,4313,0,1,1,Pedestrian
39,610.0,664.0,726.0,740.0,4314,0,1,1,Pedestrian
39,607.0,664.0,723.0,740.0,4315,0,1,1,Pedestrian
39,605.0,664.0,720.0,740.0,4316,0,1,1,Pedestrian
39,605.0,664.0,720.0,740.0,4317,0,1,1,Pedestrian
39,602.0,664.0,717.0,740.0,4318,0,1,1,Pedestrian
39,599.0,664.0,715.0,740.0,4319,0,1,1,Pedestrian
39,599.0,664.0,715.0,740.0,4320,0,1,1,Pedestrian
39,596.0,664.0,712.0,740.0,4321,0,1,1,Pedestrian
39,596.0,664.0,712.0,740.0,4322,0,1,1,Pedestrian
39,594.0,664.0,709.0,740.0,4323,0,1,1,Pedestrian
39,591.0,664.0,706.0,740.0,4324,0,1,1,Pedestrian
39,591.0,664.0,706.0,740.0,4325,0,1,1,Pedestrian
39,588.0,664.0,704.0,740.0,4326,0,1,1,Pedestrian
39,585.0,664.0,701.0,740.0,4327,0,1,1,Pedestrian
39,585.0,664.0,701.0,740.0,4328,0,1,1,Pedestrian
39,583.0,664.0,698.0,740.0,4329,0,1,1,Pedestrian
39,580.0,664.0,695.0,740.0,4330,0,1,1,Pedestrian
39,580.0,664.0,695.0,740.0,4331,0,1,1,Pedestrian
39,577.0,664.0,693.0,740.0,4332,0,1,1,Pedestrian
39,577.0,664.0,693.0,740.0,4333,0,1,1,Pedestrian
39,574.0,664.0,690.0,740.0,4334,0,1,1,Pedestrian
39,572.0,664.0,687.0,740.0,4335,0,1,1,Pedestrian
39,572.0,664.0,687.0,740.0,4336,0,1,1,Pedestrian
39,569.0,664.0,684.0,740.0,4337,0,1,1,Pedestrian
39,566.0,664.0,682.0,740.0,4338,0,1,1,Pedestrian
39,566.0,664.0,682.0,740.0,4339,0,1,1,Pedestrian
39,563.0,664.0,679.0,740.0,4340,0,1,1,Pedestrian
39,561.0,664.0,676.0,740.0,4341,0,1,1,Pedestrian
39,561.0,664.0,676.0,740.0,4342,0,1,1,Pedestrian
39,558.0,664.0,673.0,740.0,4343,0,1,1,Pedestrian
39,555.0,664.0,671.0,740.0,4344,0,1,1,Pedestrian
39,555.0,664.0,671.0,740.0,4345,0,1,1,Pedestrian
39,552.0,664.0,668.0,740.0,4346,0,1,1,Pedestrian
39,552.0,664.0,668.0,740.0,4347,0,1,1,Pedestrian
39,550.0,664.0,665.0,740.0,4348,0,1,1,Pedestrian
39,547.0,664.0,662.0,740.0,4349,0,1,1,Pedestrian
39,547.0,664.0,662.0,740.0,4350,0,1,1,Pedestrian
39,544.0,664.0,660.0,740.0,4351,0,1,1,Pedestrian
39,541.0,664.0,657.0,740.0,4352,0,1,1,Pedestrian
39,541.0,664.0,657.0,740.0,4353,0,1,1,Pedestrian
39,539.0,664.0,654.0,740.0,4354,0,1,1,Pedestrian
39,536.0,664.0,651.0,740.0,4355,0,1,1,Pedestrian
39,536.0,664.0,651.0,740.0,4356,0,1,1,Pedestrian
39,533.0,664.0,649.0,740.0,4357,0,1,1,Pedestrian
39,530.0,664.0,646.0,740.0,4358,0,1,1,Pedestrian
39,530.0,664.0,646.0,740.0,4359,0,1,1,Pedestrian
39,528.0,664.0,643.0,740.0,4360,0,1,1,Pedestrian
39,528.0,664.0,643.0,740.0,4361,0,1,1,Pedestrian
39,525.0,664.0,640.0,740.0,4362,0,1,1,Pedestrian
39,522.0,664.0,638.0,740.0,4363,0,1,1,Pedestrian
39,522.0,664.0,638.0,740.0,4364,0,1,1,Pedestrian
39,519.0,664.0,635.0,740.0,4365,0,1,1,Pedestrian
39,517.0,664.0,632.0,740.0,4366,0,1,1,Pedestrian
39,517.0,664.0,632.0,740.0,4367,0,1,1,Pedestrian
39,514.0,664.0,629.0,740.0,4368,0,1,1,Pedestrian
39,511.0,664.0,627.0,740.0,4369,0,1,1,Pedestrian
39,511.0,664.0,627.0,740.0,4370,0,1,1,Pedestrian
39,508.0,664.0,624.0,740.0,4371,0,1,1,Pedestrian
39,508.0,664.0,624.0,740.0,4372,0,1,1,Pedestrian
39,506.0,664.0,621.0,740.0,4373,0,1,1,Pedestrian
39,503.0,664.0,618.0,740.0,4374,0,1,1,Pedestrian
39,503.0,664.0,618.0,740.0,4375,0,1,1,Pedestrian
39,500.0,664.0,616.0,740.0,4376,0,1,1,Pedestrian
39,497.0,664.0,613.0,740.0,4377,0,1,1,Pedestrian
39,497.0,664.0,613.0,740.0,4378,0,1,1,Pedestrian
39,495.0,664.0,610.0,740.0,4379,0,1,1,Pedestrian
39,492.0,664.0,607.0,740.0,4380,0,1,1,Pedestrian
39,492.0,664.0,607.0,740.0,4381,0,1,1,Pedestrian
39,489.0,664.0,605.0,740.0,4382,0,1,1,Pedestrian
39,486.0,664.0,602.0,740.0,4383,0,1,1,Pedestrian
39,486.0,664.0,602.0,740.0,4384,0,1,1,Pedestrian
39,484.0,664.0,599.0,740.0,4385,0,1,1,Pedestrian
39,484.0,664.0,599.0,740.0,4386,0,1,1,Pedestrian
39,481.0,664.0,596.0,740.0,4387,0,1,1,Pedestrian
39,478.0,664.0,594.0,740.0,4388,0,1,1,Pedestrian
39,478.0,664.0,594.0,740.0,4389,0,1,1,Pedestrian
39,475.0,664.0,591.0,740.0,4390,0,1,1,Pedestrian
39,473.0,664.0,588.0,740.0,4391,0,1,1,Pedestrian
39,473.0,664.0,588.0,740.0,4392,0,1,1,Pedestrian
39,470.0,664.0,585.0,740.0,4393,0,1,1,Pedestrian
39,467.0,664.0,583.0,740.0,4394,0,1,1,Pedestrian
39,467.0,664.0,583.0,740.0,4395,0,1,1,Pedestrian
39,464.0,664.0,580.0,740.0,4396,0,1,1,Pedestrian
39,462.0,664.0,577.0,740.0,4397,0,1,1,Pedestrian
39,462.0,664.0,577.0,740.0,4398,0,1,1,Pedestrian
39,459.0,664.0,574.0,740.0,4399,0,1,1,Pedestrian
39,459.0,664.0,574.0,740.0,4400,0,1,1,Pedestrian
39,456.0,664.0,572.0,740.0,4401,0,1,1,Pedestrian
39,453.0,664.0,569.0,740.0,4402,0,1,1,Pedestrian
39,453.0,664.0,569.0,740.0,4403,0,1,1,Pedestrian
39,451.0,664.0,566.0,740.0,4404,0,1,1,Pedestrian
39,448.0,664.0,563.0,740.0,4405,0,1,1,Pedestrian
39,448.0,664.0,563.0,740.0,4406,0,1,1,Pedestrian
39,445.0,664.0,561.0,740.0,4407,0,1,1,Pedestrian
39,442.0,664.0,558.0,740.0,4408,0,1,1,Pedestrian
39,442.0,664.0,558.0,740.0,4409,0,1,1,Pedestrian
39,440.0,664.0,555.0,740.0,4410,0,1,1,Pedestrian
39,440.0,664.0,555.0,740.0,4411,0,1,1,Pedestrian
39,437.0,664.0,552.0,740.0,4412,0,1,1,Pedestrian
39,434.0,664.0,550.0,740.0,4413,0,1,1,Pedestrian
39,434.0,664.0,550.0,740.0,4414,0,1,1,Pedestrian
39,431.0,664.0,547.0,740.0,4415,0,1,1,Pedestrian
39,429.0,664.0,544.0,740.0,4416,0,1,1,Pedestrian
39,429.0,664.0,544.0,740.0,4417,0,1,1,Pedestrian
39,426.0,664.0,541.0,740.0,4418,0,1,1,Pedestrian
39,423.0,664.0,539.0,740.0,4419,0,1,1,Pedestrian
39,423.0,664.0,539.0,740.0,4420,0,1,1,Pedestrian
39,420.0,664.0,536.0,740.0,4421,0,1,1,Pedestrian
39,418.0,664.0,533.0,740.0,4422,0,1,1,Pedestrian
39,418.0,664.0,533.0,740.0,4423,0,1,1,Pedestrian
39,415.0,664.0,530.0,740.0,4424,0,1,1,Pedestrian
39,415.0,664.0,530.0,740.0,4425,0,1,1,Pedestrian
39,412.0,664.0,528.0,740.0,4426,0,1,1,Pedestrian
39,409.0,664.0,525.0,740.0,4427,0,1,1,Pedestrian
39,409.0,664.0,525.0,740.0,4428,0,1,1,Pedestrian
39,407.0,664.0,522.0,740.0,4429,0,1,1,Pedestrian
39,404.0,664.0,519.0,740.0,4430,0,1,1,Pedestrian
39,404.0,664.0,519.0,740.0,4431,0,1,1,Pedestrian
39,401.0,664.0,517.0,740.0,4432,0,1,1,Pedestrian
39,398.0,664.0,514.0,740.0,4433,0,1,1,Pedestrian
39,398.0,664.0,514.0,740.0,4434,0,1,1,Pedestrian
39,396.0,664.0,511.0,740.0,4435,0,1,1,Pedestrian
39,393.0,664.0,508.0,740.0,4436,0,1,1,Pedestrian
39,393.0,664.0,508.0,740.0,4437,0,1,1,Pedestrian
39,390.0,664.0,506.0,740.0,4438,0,1,1,Pedestrian
39,390.0,664.0,506.0,740.0,4439,0,1,1,Pedestrian
39,387.0,664.0,503.0,740.0,4440,0,1,1,Pedestrian
39,385.0,664.0,500.0,740.0,4441,0,1,1,Pedestrian
39,385.0,664.0,500.0,740.0,4442,0,1,1,Pedestrian
39,382.0,664.0,497.0,740.0,4443,0,1,1,Pedestrian
39,379.0,664.0,495.0,740.0,4444,0,1,1,Pedestrian
39,379.0,664.0,495.0,740.0,4445,0,1,1,Pedestrian
39,376.0,664.0,492.0,740.0,4446,0,1,1,Pedestrian
39,374.0,664.0,489.0,740.0,4447,0,1,1,Pedestrian
39,374.0,664.0,489.0,740.0,4448,0,1,1,Pedestrian
39,371.0,664.0,486.0,740.0,4449,0,1,1,Pedestrian
39,371.0,664.0,486.0,740.0,4450,0,0,0,Pedestrian
39,368.0,664.0,484.0,740.0,4451,0,0,1,Pedestrian
39,365.0,664.0,481.0,740.0,4452,0,0,1,Pedestrian
39,365.0,664.0,481.0,740.0,4453,0,0,1,Pedestrian
39,363.0,664.0,478.0,740.0,4454,0,0,1,Pedestrian
39,363.0,664.0,478.0,740.0,4455,0,0,1,Pedestrian
39,360.0,664.0,475.0,740.0,4456,0,0,1,Pedestrian
39,360.0,664.0,475.0,740.0,4457,0,0,1,Pedestrian
39,357.0,664.0,473.0,740.0,4458,0,0,1,Pedestrian
39,357.0,664.0,473.0,740.0,4459,0,0,1,Pedestrian
39,354.0,664.0,470.0,740.0,4460,0,0,1,Pedestrian
39,354.0,664.0,470.0,740.0,4461,0,0,1,Pedestrian
39,352.0,664.0,467.0,740.0,4462,0,0,1,Pedestrian
39,352.0,664.0,467.0,740.0,4463,0,0,1,Pedestrian
39,349.0,664.0,464.0,740.0,4464,0,0,1,Pedestrian
39,349.0,664.0,464.0,740.0,4465,0,0,1,Pedestrian
39,346.0,664.0,462.0,740.0,4466,0,0,1,Pedestrian
39,343.0,664.0,459.0,740.0,4467,0,0,1,Pedestrian
39,343.0,664.0,459.0,740.0,4468,0,0,1,Pedestrian
39,341.0,664.0,456.0,740.0,4469,0,0,1,Pedestrian
39,341.0,664.0,456.0,740.0,4470,0,0,1,Pedestrian
39,338.0,664.0,453.0,740.0,4471,0,0,1,Pedestrian
39,338.0,664.0,453.0,740.0,4472,0,0,1,Pedestrian
39,335.0,664.0,451.0,740.0,4473,0,0,1,Pedestrian
39,335.0,664.0,451.0,740.0,4474,0,0,1,Pedestrian
39,332.0,664.0,448.0,740.0,4475,0,0,1,Pedestrian
39,332.0,664.0,448.0,740.0,4476,0,0,1,Pedestrian
39,330.0,664.0,445.0,740.0,4477,0,0,1,Pedestrian
39,330.0,664.0,445.0,740.0,4478,0,0,1,Pedestrian
39,327.0,664.0,442.0,740.0,4479,0,0,1,Pedestrian
39,327.0,667.0,442.0,742.0,4480,0,0,0,Pedestrian
39,324.0,667.0,440.0,742.0,4481,0,0,1,Pedestrian
39,321.0,667.0,437.0,742.0,4482,0,0,1,Pedestrian
39,319.0,667.0,434.0,742.0,4483,0,0,1,Pedestrian
39,319.0,667.0,434.0,742.0,4484,0,0,1,Pedestrian
39,316.0,667.0,431.0,742.0,4485,0,0,1,Pedestrian
39,313.0,667.0,429.0,742.0,4486,0,0,1,Pedestrian
39,313.0,667.0,429.0,742.0,4487,0,0,1,Pedestrian
39,310.0,667.0,426.0,742.0,4488,0,0,1,Pedestrian
39,308.0,667.0,423.0,742.0,4489,0,0,1,Pedestrian
39,308.0,667.0,423.0,742.0,4490,0,0,1,Pedestrian
39,305.0,667.0,420.0,742.0,4491,0,0,1,Pedestrian
39,302.0,667.0,418.0,742.0,4492,0,0,1,Pedestrian
39,299.0,667.0,415.0,742.0,4493,0,0,1,Pedestrian
39,299.0,667.0,415.0,742.0,4494,0,0,1,Pedestrian
39,297.0,667.0,412.0,742.0,4495,0,0,1,Pedestrian
39,294.0,667.0,409.0,742.0,4496,0,0,1,Pedestrian
39,294.0,667.0,409.0,742.0,4497,0,0,1,Pedestrian
39,291.0,667.0,407.0,742.0,4498,0,0,1,Pedestrian
39,288.0,667.0,404.0,742.0,4499,0,0,1,Pedestrian
39,288.0,669.0,404.0,744.0,4500,0,0,0,Pedestrian
39,286.0,669.0,401.0,742.0,4501,0,0,1,Pedestrian
39,283.0,669.0,398.0,742.0,4502,0,0,1,Pedestrian
39,283.0,669.0,398.0,742.0,4503,0,0,1,Pedestrian
39,280.0,669.0,396.0,742.0,4504,0,0,1,Pedestrian
39,280.0,669.0,393.0,742.0,4505,0,0,1,Pedestrian
39,277.0,669.0,393.0,742.0,4506,0,0,1,Pedestrian
39,277.0,669.0,390.0,742.0,4507,0,0,1,Pedestrian
39,275.0,669.0,387.0,742.0,4508,0,0,1,Pedestrian
39,272.0,669.0,387.0,742.0,4509,0,0,1,Pedestrian
39,272.0,671.0,385.0,742.0,4510,0,0,1,Pedestrian
39,269.0,671.0,385.0,742.0,4511,0,0,1,Pedestrian
39,269.0,671.0,382.0,742.0,4512,0,0,1,Pedestrian
39,266.0,671.0,379.0,742.0,4513,0,0,1,Pedestrian
39,266.0,671.0,379.0,742.0,4514,0,0,1,Pedestrian
39,264.0,671.0,376.0,740.0,4515,0,0,1,Pedestrian
39,261.0,671.0,374.0,740.0,4516,0,0,1,Pedestrian
39,261.0,671.0,374.0,740.0,4517,0,0,1,Pedestrian
39,258.0,671.0,371.0,740.0,4518,0,0,1,Pedestrian
39,258.0,671.0,371.0,740.0,4519,0,0,1,Pedestrian
39,255.0,674.0,368.0,740.0,4520,0,0,1,Pedestrian
39,255.0,674.0,365.0,740.0,4521,0,0,1,Pedestrian
39,253.0,674.0,365.0,740.0,4522,0,0,1,Pedestrian
39,250.0,674.0,363.0,740.0,4523,0,0,1,Pedestrian
39,250.0,674.0,360.0,740.0,4524,0,0,1,Pedestrian
39,247.0,674.0,360.0,740.0,4525,0,0,1,Pedestrian
39,247.0,674.0,357.0,740.0,4526,0,0,1,Pedestrian
39,244.0,674.0,357.0,740.0,4527,0,0,1,Pedestrian
39,244.0,674.0,354.0,740.0,4528,0,0,1,Pedestrian
39,242.0,674.0,352.0,737.0,4529,0,0,1,Pedestrian
39,239.0,676.0,352.0,737.0,4530,0,0,1,Pedestrian
39,239.0,676.0,349.0,737.0,4531,0,0,1,Pedestrian
39,236.0,676.0,346.0,737.0,4532,0,0,1,Pedestrian
39,236.0,676.0,346.0,737.0,4533,0,0,1,Pedestrian
39,233.0,676.0,343.0,737.0,4534,0,0,1,Pedestrian
39,233.0,676.0,343.0,737.0,4535,0,0,1,Pedestrian
39,231.0,676.0,341.0,737.0,4536,0,0,1,Pedestrian
39,228.0,676.0,338.0,737.0,4537,0,0,1,Pedestrian
39,228.0,676.0,338.0,737.0,4538,0,0,1,Pedestrian
39,225.0,676.0,335.0,737.0,4539,0,0,1,Pedestrian
39,225.0,678.0,332.0,737.0,4540,0,0,1,Pedestrian
39,222.0,678.0,332.0,737.0,4541,0,0,1,Pedestrian
39,222.0,678.0,330.0,737.0,4542,0,0,1,Pedestrian
39,220.0,678.0,327.0,735.0,4543,0,0,1,Pedestrian
39,217.0,678.0,327.0,735.0,4544,0,0,1,Pedestrian
39,217.0,678.0,324.0,735.0,4545,0,0,1,Pedestrian
39,214.0,678.0,324.0,735.0,4546,0,0,1,Pedestrian
39,214.0,678.0,321.0,735.0,4547,0,0,1,Pedestrian
39,211.0,678.0,319.0,735.0,4548,0,0,1,Pedestrian
39,211.0,678.0,319.0,735.0,4549,0,0,1,Pedestrian
39,209.0,680.0,316.0,735.0,4550,0,0,1,Pedestrian
39,206.0,680.0,313.0,735.0,4551,0,0,1,Pedestrian
39,206.0,680.0,313.0,735.0,4552,0,0,1,Pedestrian
39,203.0,680.0,310.0,735.0,4553,0,0,1,Pedestrian
39,203.0,680.0,310.0,735.0,4554,0,0,1,Pedestrian
39,200.0,680.0,308.0,735.0,4555,0,0,1,Pedestrian
39,200.0,680.0,305.0,735.0,4556,0,0,1,Pedestrian
39,198.0,680.0,305.0,733.0,4557,0,0,1,Pedestrian
39,195.0,680.0,302.0,733.0,4558,0,0,1,Pedestrian
39,195.0,680.0,299.0,733.0,4559,0,0,1,Pedestrian
39,192.0,683.0,299.0,733.0,4560,0,0,1,Pedestrian
39,192.0,683.0,297.0,733.0,4561,0,0,1,Pedestrian
39,189.0,683.0,297.0,733.0,4562,0,0,1,Pedestrian
39,189.0,683.0,294.0,733.0,4563,0,0,1,Pedestrian
39,187.0,683.0,291.0,733.0,4564,0,0,1,Pedestrian
39,184.0,683.0,291.0,733.0,4565,0,0,1,Pedestrian
39,184.0,683.0,288.0,733.0,4566,0,0,1,Pedestrian
39,181.0,683.0,286.0,733.0,4567,0,0,1,Pedestrian
39,181.0,683.0,286.0,733.0,4568,0,0,1,Pedestrian
39,178.0,683.0,283.0,733.0,4569,0,0,1,Pedestrian
39,178.0,685.0,283.0,733.0,4570,0,0,0,Pedestrian
39,176.0,685.0,280.0,733.0,4571,0,0,1,Pedestrian
39,173.0,685.0,277.0,733.0,4572,0,0,1,Pedestrian
39,173.0,685.0,277.0,733.0,4573,0,0,1,Pedestrian
39,170.0,685.0,275.0,733.0,4574,0,0,1,Pedestrian
39,167.0,685.0,272.0,733.0,4575,0,0,1,Pedestrian
39,167.0,685.0,272.0,733.0,4576,0,0,1,Pedestrian
39,165.0,685.0,269.0,733.0,4577,0,0,1,Pedestrian
39,162.0,685.0,266.0,733.0,4578,0,0,1,Pedestrian
39,162.0,685.0,266.0,733.0,4579,0,0,1,Pedestrian
39,159.0,685.0,264.0,733.0,4580,0,0,1,Pedestrian
39,156.0,685.0,261.0,733.0,4581,0,0,1,Pedestrian
39,156.0,685.0,261.0,733.0,4582,0,0,1,Pedestrian
39,154.0,685.0,258.0,733.0,4583,0,0,1,Pedestrian
39,151.0,685.0,255.0,733.0,4584,0,0,1,Pedestrian
39,151.0,685.0,255.0,733.0,4585,0,0,1,Pedestrian
39,148.0,685.0,253.0,733.0,4586,0,0,1,Pedestrian
39,148.0,685.0,253.0,733.0,4587,0,0,1,Pedestrian
39,145.0,687.0,250.0,735.0,4588,0,0,1,Pedestrian
39,143.0,687.0,247.0,735.0,4589,0,0,1,Pedestrian
39,143.0,687.0,247.0,735.0,4590,0,0,1,Pedestrian
39,140.0,687.0,244.0,735.0,4591,0,0,1,Pedestrian
39,137.0,687.0,242.0,735.0,4592,0,0,1,Pedestrian
39,137.0,687.0,242.0,735.0,4593,0,0,1,Pedestrian
39,134.0,687.0,239.0,735.0,4594,0,0,1,Pedestrian
39,132.0,687.0,236.0,735.0,4595,0,0,1,Pedestrian
39,132.0,687.0,236.0,735.0,4596,0,0,1,Pedestrian
39,129.0,687.0,233.0,735.0,4597,0,0,1,Pedestrian
39,126.0,687.0,231.0,735.0,4598,0,0,1,Pedestrian
39,126.0,687.0,231.0,735.0,4599,0,0,1,Pedestrian
39,123.0,687.0,228.0,735.0,4600,0,0,1,Pedestrian
39,123.0,687.0,228.0,735.0,4601,0,0,1,Pedestrian
39,121.0,687.0,225.0,735.0,4602,0,0,1,Pedestrian
39,118.0,687.0,222.0,735.0,4603,0,0,1,Pedestrian
39,118.0,687.0,222.0,735.0,4604,0,0,1,Pedestrian
39,115.0,687.0,220.0,735.0,4605,0,0,1,Pedestrian
39,112.0,689.0,217.0,737.0,4606,0,0,1,Pedestrian
39,112.0,689.0,217.0,737.0,4607,0,0,1,Pedestrian
39,110.0,689.0,214.0,737.0,4608,0,0,1,Pedestrian
39,107.0,689.0,211.0,737.0,4609,0,0,1,Pedestrian
39,107.0,689.0,211.0,737.0,4610,0,0,1,Pedestrian
39,104.0,689.0,209.0,737.0,4611,0,0,1,Pedestrian
39,101.0,689.0,206.0,737.0,4612,0,0,1,Pedestrian
39,101.0,689.0,206.0,737.0,4613,0,0,1,Pedestrian
39,99.0,689.0,203.0,737.0,4614,0,0,1,Pedestrian
39,99.0,689.0,203.0,737.0,4615,0,0,1,Pedestrian
39,96.0,689.0,200.0,737.0,4616,0,0,1,Pedestrian
39,93.0,689.0,198.0,737.0,4617,0,0,1,Pedestrian
39,93.0,689.0,198.0,737.0,4618,0,0,1,Pedestrian
39,90.0,689.0,195.0,737.0,4619,0,0,1,Pedestrian
39,88.0,689.0,192.0,737.0,4620,0,0,1,Pedestrian
39,88.0,689.0,192.0,737.0,4621,0,0,1,Pedestrian
39,85.0,689.0,189.0,737.0,4622,0,0,1,Pedestrian
39,82.0,689.0,187.0,737.0,4623,0,0,1,Pedestrian
39,82.0,692.0,187.0,740.0,4624,0,0,1,Pedestrian
39,79.0,692.0,184.0,740.0,4625,0,0,1,Pedestrian
39,77.0,692.0,181.0,740.0,4626,0,0,1,Pedestrian
39,77.0,692.0,181.0,740.0,4627,0,0,1,Pedestrian
39,74.0,692.0,178.0,740.0,4628,0,0,1,Pedestrian
39,71.0,692.0,176.0,740.0,4629,0,0,1,Pedestrian
39,71.0,692.0,176.0,740.0,4630,0,0,1,Pedestrian
39,68.0,692.0,173.0,740.0,4631,0,0,1,Pedestrian
39,68.0,692.0,173.0,740.0,4632,0,0,1,Pedestrian
39,66.0,692.0,170.0,740.0,4633,0,0,1,Pedestrian
39,63.0,692.0,167.0,740.0,4634,0,0,1,Pedestrian
39,63.0,692.0,167.0,740.0,4635,0,0,1,Pedestrian
39,60.0,692.0,165.0,740.0,4636,0,0,1,Pedestrian
39,57.0,692.0,162.0,740.0,4637,0,0,1,Pedestrian
39,57.0,692.0,162.0,740.0,4638,0,0,1,Pedestrian
39,55.0,692.0,159.0,740.0,4639,0,0,1,Pedestrian
39,52.0,692.0,156.0,740.0,4640,0,0,1,Pedestrian
39,52.0,692.0,156.0,740.0,4641,0,0,1,Pedestrian
39,49.0,694.0,154.0,742.0,4642,0,0,1,Pedestrian
39,46.0,694.0,151.0,742.0,4643,0,0,1,Pedestrian
39,46.0,694.0,151.0,742.0,4644,0,0,1,Pedestrian
39,44.0,694.0,148.0,742.0,4645,0,0,1,Pedestrian
39,44.0,694.0,148.0,742.0,4646,0,0,1,Pedestrian
39,41.0,694.0,145.0,742.0,4647,0,0,1,Pedestrian
39,38.0,694.0,143.0,742.0,4648,0,0,1,Pedestrian
39,38.0,694.0,143.0,742.0,4649,0,0,1,Pedestrian
39,35.0,694.0,140.0,742.0,4650,0,0,1,Pedestrian
39,33.0,694.0,137.0,742.0,4651,0,0,1,Pedestrian
39,33.0,694.0,137.0,742.0,4652,0,0,1,Pedestrian
39,30.0,694.0,134.0,742.0,4653,0,0,1,Pedestrian
39,27.0,694.0,132.0,742.0,4654,0,0,1,Pedestrian
39,27.0,694.0,132.0,742.0,4655,0,0,1,Pedestrian
39,24.0,694.0,129.0,742.0,4656,0,0,1,Pedestrian
39,22.0,694.0,126.0,742.0,4657,0,0,1,Pedestrian
39,22.0,694.0,126.0,742.0,4658,0,0,1,Pedestrian
39,19.0,694.0,123.0,742.0,4659,0,0,1,Pedestrian
39,19.0,696.0,123.0,744.0,4660,0,0,0,Pedestrian
39,16.0,696.0,121.0,744.0,4661,0,0,1,Pedestrian
39,16.0,696.0,121.0,744.0,4662,0,0,1,Pedestrian
39,16.0,696.0,118.0,744.0,4663,0,0,1,Pedestrian
39,16.0,696.0,118.0,744.0,4664,0,0,1,Pedestrian
39,16.0,696.0,115.0,744.0,4665,0,0,1,Pedestrian
39,13.0,696.0,115.0,744.0,4666,0,0,1,Pedestrian
39,13.0,696.0,112.0,744.0,4667,0,0,1,Pedestrian
39,13.0,699.0,112.0,746.0,4668,0,0,1,Pedestrian
39,13.0,699.0,110.0,746.0,4669,0,0,1,Pedestrian
39,13.0,699.0,110.0,746.0,4670,0,0,1,Pedestrian
39,13.0,699.0,107.0,746.0,4671,0,0,1,Pedestrian
39,11.0,699.0,107.0,746.0,4672,0,0,1,Pedestrian
39,11.0,699.0,104.0,746.0,4673,0,0,1,Pedestrian
39,11.0,699.0,104.0,746.0,4674,0,0,1,Pedestrian
39,11.0,699.0,101.0,746.0,4675,0,0,1,Pedestrian
39,11.0,701.0,101.0,749.0,4676,0,0,1,Pedestrian
39,11.0,701.0,99.0,749.0,4677,0,0,1,Pedestrian
39,8.0,701.0,99.0,749.0,4678,0,0,1,Pedestrian
39,8.0,701.0,96.0,749.0,4679,0,0,1,Pedestrian
39,8.0,701.0,96.0,749.0,4680,0,0,1,Pedestrian
39,8.0,701.0,93.0,749.0,4681,0,0,1,Pedestrian
39,8.0,701.0,93.0,749.0,4682,0,0,1,Pedestrian
39,5.0,701.0,90.0,749.0,4683,0,0,1,Pedestrian
39,5.0,703.0,90.0,751.0,4684,0,0,1,Pedestrian
39,5.0,703.0,88.0,751.0,4685,0,0,1,Pedestrian
39,5.0,703.0,88.0,751.0,4686,0,0,1,Pedestrian
39,5.0,703.0,85.0,751.0,4687,0,0,1,Pedestrian
39,5.0,703.0,85.0,751.0,4688,0,0,1,Pedestrian
39,2.0,703.0,82.0,751.0,4689,0,0,1,Pedestrian
39,2.0,703.0,82.0,751.0,4690,0,0,1,Pedestrian
39,2.0,703.0,79.0,751.0,4691,0,0,1,Pedestrian
39,2.0,705.0,79.0,753.0,4692,0,0,1,Pedestrian
39,2.0,705.0,77.0,753.0,4693,0,0,1,Pedestrian
39,2.0,705.0,77.0,753.0,4694,0,0,1,Pedestrian
39,0.0,705.0,74.0,753.0,4695,0,0,1,Pedestrian
39,0.0,705.0,74.0,753.0,4696,0,0,1,Pedestrian
39,0.0,705.0,71.0,753.0,4697,0,0,1,Pedestrian
39,0.0,705.0,71.0,753.0,4698,0,0,1,Pedestrian
39,0.0,705.0,68.0,753.0,4699,0,0,1,Pedestrian
39,0.0,708.0,68.0,755.0,4700,0,0,0,Pedestrian
39,0.0,708.0,66.0,755.0,4701,0,0,1,Pedestrian
39,0.0,708.0,66.0,755.0,4702,0,0,1,Pedestrian
39,0.0,708.0,63.0,755.0,4703,0,0,1,Pedestrian
39,0.0,708.0,63.0,755.0,4704,0,0,1,Pedestrian
39,0.0,708.0,63.0,755.0,4705,0,0,1,Pedestrian
39,0.0,708.0,60.0,755.0,4706,0,0,1,Pedestrian
39,0.0,708.0,60.0,755.0,4707,0,0,1,Pedestrian
39,0.0,708.0,57.0,755.0,4708,0,0,1,Pedestrian
39,0.0,708.0,57.0,755.0,4709,0,0,1,Pedestrian
39,0.0,708.0,57.0,758.0,4710,0,0,1,Pedestrian
39,0.0,708.0,55.0,758.0,4711,0,0,1,Pedestrian
39,0.0,708.0,55.0,758.0,4712,0,0,1,Pedestrian
39,0.0,708.0,52.0,758.0,4713,0,0,1,Pedestrian
39,0.0,708.0,52.0,758.0,4714,0,0,1,Pedestrian
39,0.0,708.0,52.0,758.0,4715,0,0,1,Pedestrian
39,0.0,708.0,49.0,758.0,4716,0,0,1,Pedestrian
39,0.0,708.0,49.0,758.0,4717,0,0,1,Pedestrian
39,0.0,708.0,46.0,758.0,4718,0,0,1,Pedestrian
39,0.0,708.0,46.0,758.0,4719,0,0,1,Pedestrian
39,0.0,710.0,46.0,760.0,4720,1,0,0,Pedestrian
39,0.0,710.0,44.0,760.0,4721,1,0,1,Pedestrian
39,0.0,710.0,41.0,760.0,4722,1,0,1,Pedestrian
39,0.0,710.0,38.0,760.0,4723,1,0,1,Pedestrian
39,0.0,712.0,38.0,762.0,4724,1,0,1,Pedestrian
39,0.0,712.0,35.0,762.0,4725,1,0,1,Pedestrian
39,0.0,712.0,33.0,762.0,4726,1,0,1,Pedestrian
39,0.0,715.0,33.0,765.0,4727,1,0,1,Pedestrian
39,0.0,715.0,30.0,765.0,4728,1,0,1,Pedestrian
39,0.0,715.0,27.0,765.0,4729,1,0,1,Pedestrian
39,0.0,717.0,27.0,767.0,4730,1,0,0,Pedestrian
39,0.0,717.0,27.0,767.0,4731,1,0,1,Pedestrian
39,0.0,717.0,27.0,767.0,4732,1,0,1,Pedestrian
39,0.0,717.0,27.0,767.0,4733,1,0,1,Pedestrian
39,0.0,717.0,27.0,767.0,4734,1,0,1,Pedestrian
39,0.0,717.0,27.0,767.0,4735,1,0,1,Pedestrian
39,0.0,717.0,27.0,767.0,4736,1,0,1,Pedestrian
39,0.0,717.0,27.0,767.0,4737,1,0,1,Pedestrian
39,0.0,717.0,27.0,767.0,4738,1,0,1,Pedestrian
39,0.0,717.0,27.0,767.0,4739,1,0,1,Pedestrian
39,0.0,717.0,27.0,767.0,4740,1,0,1,Pedestrian
39,0.0,717.0,27.0,767.0,4741,1,0,1,Pedestrian
39,0.0,717.0,27.0,767.0,4742,1,0,1,Pedestrian
39,0.0,717.0,27.0,767.0,4743,1,0,1,Pedestrian
39,0.0,717.0,27.0,767.0,4744,1,0,1,Pedestrian
39,0.0,717.0,27.0,767.0,4745,1,0,1,Pedestrian
39,0.0,717.0,27.0,767.0,4746,1,0,1,Pedestrian
39,0.0,717.0,27.0,767.0,4747,1,0,1,Pedestrian
39,0.0,717.0,27.0,767.0,4748,1,0,1,Pedestrian
39,0.0,717.0,27.0,767.0,4749,1,0,1,Pedestrian
39,0.0,717.0,27.0,767.0,4750,1,0,1,Pedestrian
39,0.0,717.0,27.0,767.0,4751,1,0,1,Pedestrian
39,0.0,717.0,27.0,767.0,4752,1,0,1,Pedestrian
39,0.0,717.0,27.0,767.0,4753,1,0,1,Pedestrian
39,0.0,717.0,27.0,767.0,4754,1,0,1,Pedestrian
39,0.0,717.0,27.0,767.0,4755,1,0,1,Pedestrian
39,0.0,717.0,27.0,767.0,4756,1,0,1,Pedestrian
39,0.0,717.0,27.0,767.0,4757,1,0,1,Pedestrian
39,0.0,717.0,27.0,767.0,4758,1,0,1,Pedestrian
39,0.0,717.0,27.0,767.0,4759,1,0,1,Pedestrian
39,0.0,717.0,27.0,767.0,4760,1,0,1,Pedestrian
39,0.0,717.0,27.0,767.0,4761,1,0,1,Pedestrian
39,0.0,717.0,27.0,767.0,4762,1,0,1,Pedestrian
39,0.0,717.0,27.0,767.0,4763,1,0,1,Pedestrian
39,0.0,717.0,27.0,767.0,4764,1,0,1,Pedestrian
39,0.0,717.0,27.0,767.0,4765,1,0,1,Pedestrian
39,0.0,717.0,27.0,767.0,4766,1,0,1,Pedestrian
39,0.0,717.0,27.0,767.0,4767,1,0,1,Pedestrian
39,0.0,717.0,27.0,767.0,4768,1,0,1,Pedestrian
39,0.0,717.0,27.0,767.0,4769,1,0,1,Pedestrian
39,0.0,717.0,27.0,767.0,4770,1,0,1,Pedestrian
39,0.0,717.0,27.0,767.0,4771,1,0,1,Pedestrian
39,0.0,717.0,27.0,767.0,4772,1,0,1,Pedestrian
39,0.0,717.0,27.0,767.0,4773,1,0,1,Pedestrian
39,0.0,717.0,27.0,767.0,4774,1,0,1,Pedestrian
39,0.0,717.0,27.0,767.0,4775,1,0,1,Pedestrian
39,0.0,717.0,27.0,767.0,4776,1,0,1,Pedestrian
39,0.0,717.0,27.0,767.0,4777,1,0,1,Pedestrian
39,0.0,717.0,27.0,767.0,4778,1,0,1,Pedestrian
39,0.0,717.0,27.0,767.0,4779,1,0,1,Pedestrian
39,0.0,717.0,27.0,767.0,4780,1,0,1,Pedestrian
39,0.0,717.0,27.0,767.0,4781,1,0,1,Pedestrian
39,0.0,717.0,27.0,767.0,4782,1,0,1,Pedestrian
39,0.0,717.0,27.0,767.0,4783,1,0,1,Pedestrian
39,0.0,717.0,27.0,767.0,4784,1,0,1,Pedestrian
39,0.0,717.0,27.0,767.0,4785,1,0,1,Pedestrian
39,0.0,717.0,27.0,767.0,4786,1,0,1,Pedestrian
39,0.0,717.0,27.0,767.0,4787,1,0,1,Pedestrian
39,0.0,717.0,27.0,767.0,4788,1,0,1,Pedestrian
39,0.0,717.0,27.0,767.0,4789,1,0,1,Pedestrian
39,0.0,717.0,27.0,767.0,4790,1,0,1,Pedestrian
39,0.0,717.0,27.0,767.0,4791,1,0,1,Pedestrian
39,0.0,717.0,27.0,767.0,4792,1,0,1,Pedestrian
39,0.0,717.0,27.0,767.0,4793,1,0,1,Pedestrian
39,0.0,717.0,27.0,767.0,4794,1,0,1,Pedestrian
39,0.0,717.0,27.0,767.0,4795,1,0,1,Pedestrian
39,0.0,717.0,27.0,767.0,4796,1,0,1,Pedestrian
39,0.0,717.0,27.0,767.0,4797,1,0,1,Pedestrian
39,0.0,717.0,27.0,767.0,4798,1,0,1,Pedestrian
39,0.0,717.0,27.0,767.0,4799,1,0,1,Pedestrian
39,0.0,717.0,27.0,767.0,4800,1,0,1,Pedestrian
39,0.0,717.0,27.0,767.0,4801,1,0,1,Pedestrian
39,0.0,717.0,27.0,767.0,4802,1,0,1,Pedestrian
39,0.0,717.0,27.0,767.0,4803,1,0,1,Pedestrian
39,0.0,717.0,27.0,767.0,4804,1,0,1,Pedestrian
39,0.0,717.0,27.0,767.0,4805,1,0,1,Pedestrian
39,0.0,717.0,27.0,767.0,4806,1,0,1,Pedestrian
39,0.0,717.0,27.0,767.0,4807,1,0,1,Pedestrian
39,0.0,717.0,27.0,767.0,4808,1,0,1,Pedestrian
39,0.0,717.0,27.0,767.0,4809,1,0,1,Pedestrian
39,0.0,717.0,27.0,767.0,4810,1,0,1,Pedestrian
39,0.0,717.0,27.0,767.0,4811,1,0,1,Pedestrian
39,0.0,717.0,27.0,767.0,4812,1,0,1,Pedestrian
39,0.0,717.0,27.0,767.0,4813,1,0,1,Pedestrian
39,0.0,717.0,27.0,767.0,4814,1,0,1,Pedestrian
39,0.0,717.0,27.0,767.0,4815,1,0,1,Pedestrian
39,0.0,717.0,27.0,767.0,4816,1,0,1,Pedestrian
39,0.0,717.0,27.0,767.0,4817,1,0,1,Pedestrian
39,0.0,717.0,27.0,767.0,4818,1,0,1,Pedestrian
39,0.0,717.0,27.0,767.0,4819,1,0,1,Pedestrian
39,0.0,717.0,27.0,767.0,4820,1,0,1,Pedestrian
39,0.0,717.0,27.0,767.0,4821,1,0,1,Pedestrian
39,0.0,717.0,27.0,767.0,4822,1,0,1,Pedestrian
39,0.0,717.0,27.0,767.0,4823,1,0,1,Pedestrian
39,0.0,717.0,27.0,767.0,4824,1,0,1,Pedestrian
39,0.0,717.0,27.0,767.0,4825,1,0,1,Pedestrian
39,0.0,717.0,27.0,767.0,4826,1,0,1,Pedestrian
39,0.0,717.0,27.0,767.0,4827,1,0,1,Pedestrian
39,0.0,717.0,27.0,767.0,4828,1,0,1,Pedestrian
39,0.0,717.0,27.0,767.0,4829,1,0,1,Pedestrian
39,0.0,717.0,27.0,767.0,4830,1,0,1,Pedestrian
39,0.0,717.0,27.0,767.0,4831,1,0,1,Pedestrian
39,0.0,717.0,27.0,767.0,4832,1,0,1,Pedestrian
39,0.0,717.0,27.0,767.0,4833,1,0,1,Pedestrian
39,0.0,717.0,27.0,767.0,4834,1,0,1,Pedestrian
39,0.0,717.0,27.0,767.0,4835,1,0,1,Pedestrian
39,0.0,717.0,27.0,767.0,4836,1,0,1,Pedestrian
39,0.0,717.0,27.0,767.0,4837,1,0,1,Pedestrian
39,0.0,717.0,27.0,767.0,4838,1,0,1,Pedestrian
39,0.0,717.0,27.0,767.0,4839,1,0,1,Pedestrian
39,0.0,717.0,27.0,767.0,4840,1,0,1,Pedestrian
39,0.0,717.0,27.0,767.0,4841,1,0,1,Pedestrian
39,0.0,717.0,27.0,767.0,4842,1,0,1,Pedestrian
39,0.0,717.0,27.0,767.0,4843,1,0,1,Pedestrian
39,0.0,717.0,27.0,767.0,4844,1,0,1,Pedestrian
39,0.0,717.0,27.0,767.0,4845,1,0,1,Pedestrian
39,0.0,717.0,27.0,767.0,4846,1,0,1,Pedestrian
39,0.0,717.0,27.0,767.0,4847,1,0,1,Pedestrian
39,0.0,717.0,27.0,767.0,4848,1,0,1,Pedestrian
39,0.0,717.0,27.0,767.0,4849,1,0,1,Pedestrian
39,0.0,717.0,27.0,767.0,4850,1,0,1,Pedestrian
39,0.0,717.0,27.0,767.0,4851,1,0,1,Pedestrian
39,0.0,717.0,27.0,767.0,4852,1,0,1,Pedestrian
39,0.0,717.0,27.0,767.0,4853,1,0,1,Pedestrian
39,0.0,717.0,27.0,767.0,4854,1,0,1,Pedestrian
39,0.0,717.0,27.0,767.0,4855,1,0,1,Pedestrian
39,0.0,717.0,27.0,767.0,4856,1,0,1,Pedestrian
39,0.0,717.0,27.0,767.0,4857,1,0,1,Pedestrian
39,0.0,717.0,27.0,767.0,4858,1,0,1,Pedestrian
39,0.0,717.0,27.0,767.0,4859,1,0,1,Pedestrian
39,0.0,717.0,27.0,767.0,4860,1,0,1,Pedestrian
39,0.0,717.0,27.0,767.0,4861,1,0,1,Pedestrian
39,0.0,717.0,27.0,767.0,4862,1,0,1,Pedestrian
39,0.0,717.0,27.0,767.0,4863,1,0,1,Pedestrian
39,0.0,717.0,27.0,767.0,4864,1,0,1,Pedestrian
39,0.0,717.0,27.0,767.0,4865,1,0,1,Pedestrian
39,0.0,717.0,27.0,767.0,4866,1,0,1,Pedestrian
39,0.0,717.0,27.0,767.0,4867,1,0,1,Pedestrian
39,0.0,717.0,27.0,767.0,4868,1,0,1,Pedestrian
39,0.0,717.0,27.0,767.0,4869,1,0,1,Pedestrian
39,0.0,717.0,27.0,767.0,4870,1,0,1,Pedestrian
39,0.0,717.0,27.0,767.0,4871,1,0,1,Pedestrian
39,0.0,717.0,27.0,767.0,4872,1,0,1,Pedestrian
39,0.0,717.0,27.0,767.0,4873,1,0,1,Pedestrian
39,0.0,717.0,27.0,767.0,4874,1,0,1,Pedestrian
39,0.0,717.0,27.0,767.0,4875,1,0,1,Pedestrian
39,0.0,717.0,27.0,767.0,4876,1,0,1,Pedestrian
39,0.0,717.0,27.0,767.0,4877,1,0,1,Pedestrian
39,0.0,717.0,27.0,767.0,4878,1,0,1,Pedestrian
39,0.0,717.0,27.0,767.0,4879,1,0,1,Pedestrian
39,0.0,717.0,27.0,767.0,4880,1,0,1,Pedestrian
39,0.0,717.0,27.0,767.0,4881,1,0,1,Pedestrian
39,0.0,717.0,27.0,767.0,4882,1,0,1,Pedestrian
39,0.0,717.0,27.0,767.0,4883,1,0,1,Pedestrian
39,0.0,717.0,27.0,767.0,4884,1,0,1,Pedestrian
39,0.0,717.0,27.0,767.0,4885,1,0,1,Pedestrian
39,0.0,717.0,27.0,767.0,4886,1,0,1,Pedestrian
39,0.0,717.0,27.0,767.0,4887,1,0,1,Pedestrian
39,0.0,717.0,27.0,767.0,4888,1,0,1,Pedestrian
39,0.0,717.0,27.0,767.0,4889,1,0,1,Pedestrian
39,0.0,717.0,27.0,767.0,4890,1,0,1,Pedestrian
39,0.0,717.0,27.0,767.0,4891,1,0,1,Pedestrian
39,0.0,717.0,27.0,767.0,4892,1,0,1,Pedestrian
39,0.0,717.0,27.0,767.0,4893,1,0,1,Pedestrian
39,0.0,717.0,27.0,767.0,4894,1,0,1,Pedestrian
39,0.0,717.0,27.0,767.0,4895,1,0,1,Pedestrian
39,0.0,717.0,27.0,767.0,4896,1,0,1,Pedestrian
39,0.0,717.0,27.0,767.0,4897,1,0,1,Pedestrian
39,0.0,717.0,27.0,767.0,4898,1,0,1,Pedestrian
39,0.0,717.0,27.0,767.0,4899,1,0,1,Pedestrian
39,0.0,717.0,27.0,767.0,4900,1,0,1,Pedestrian
39,0.0,717.0,27.0,767.0,4901,1,0,1,Pedestrian
39,0.0,717.0,27.0,767.0,4902,1,0,1,Pedestrian
39,0.0,717.0,27.0,767.0,4903,1,0,1,Pedestrian
39,0.0,717.0,27.0,767.0,4904,1,0,1,Pedestrian
39,0.0,717.0,27.0,767.0,4905,1,0,1,Pedestrian
39,0.0,717.0,27.0,767.0,4906,1,0,1,Pedestrian
39,0.0,717.0,27.0,767.0,4907,1,0,1,Pedestrian
39,0.0,717.0,27.0,767.0,4908,1,0,1,Pedestrian
39,0.0,717.0,27.0,767.0,4909,1,0,1,Pedestrian
39,0.0,717.0,27.0,767.0,4910,1,0,1,Pedestrian
39,0.0,717.0,27.0,767.0,4911,1,0,1,Pedestrian
39,0.0,717.0,27.0,767.0,4912,1,0,1,Pedestrian
39,0.0,717.0,27.0,767.0,4913,1,0,1,Pedestrian
39,0.0,717.0,27.0,767.0,4914,1,0,1,Pedestrian
39,0.0,717.0,27.0,767.0,4915,1,0,1,Pedestrian
39,0.0,717.0,27.0,767.0,4916,1,0,1,Pedestrian
39,0.0,717.0,27.0,767.0,4917,1,0,1,Pedestrian
39,0.0,717.0,27.0,767.0,4918,1,0,1,Pedestrian
39,0.0,717.0,27.0,767.0,4919,1,0,1,Pedestrian
39,0.0,717.0,27.0,767.0,4920,1,0,1,Pedestrian
39,0.0,717.0,27.0,767.0,4921,1,0,1,Pedestrian
39,0.0,717.0,27.0,767.0,4922,1,0,1,Pedestrian
39,0.0,717.0,27.0,767.0,4923,1,0,1,Pedestrian
39,0.0,717.0,27.0,767.0,4924,1,0,1,Pedestrian
39,0.0,717.0,27.0,767.0,4925,1,0,1,Pedestrian
39,0.0,717.0,27.0,767.0,4926,1,0,1,Pedestrian
39,0.0,717.0,27.0,767.0,4927,1,0,1,Pedestrian
39,0.0,717.0,27.0,767.0,4928,1,0,1,Pedestrian
39,0.0,717.0,27.0,767.0,4929,1,0,1,Pedestrian
39,0.0,717.0,27.0,767.0,4930,1,0,1,Pedestrian
39,0.0,717.0,27.0,767.0,4931,1,0,1,Pedestrian
39,0.0,717.0,27.0,767.0,4932,1,0,1,Pedestrian
39,0.0,717.0,27.0,767.0,4933,1,0,1,Pedestrian
39,0.0,717.0,27.0,767.0,4934,1,0,1,Pedestrian
39,0.0,717.0,27.0,767.0,4935,1,0,1,Pedestrian
39,0.0,717.0,27.0,767.0,4936,1,0,1,Pedestrian
39,0.0,717.0,27.0,767.0,4937,1,0,1,Pedestrian
39,0.0,717.0,27.0,767.0,4938,1,0,1,Pedestrian
39,0.0,717.0,27.0,767.0,4939,1,0,1,Pedestrian
39,0.0,717.0,27.0,767.0,4940,1,0,1,Pedestrian
39,0.0,717.0,27.0,767.0,4941,1,0,1,Pedestrian
39,0.0,717.0,27.0,767.0,4942,1,0,1,Pedestrian
39,0.0,717.0,27.0,767.0,4943,1,0,1,Pedestrian
39,0.0,717.0,27.0,767.0,4944,1,0,1,Pedestrian
39,0.0,717.0,27.0,767.0,4945,1,0,1,Pedestrian
39,0.0,717.0,27.0,767.0,4946,1,0,1,Pedestrian
39,0.0,717.0,27.0,767.0,4947,1,0,1,Pedestrian
39,0.0,717.0,27.0,767.0,4948,1,0,1,Pedestrian
39,0.0,717.0,27.0,767.0,4949,1,0,1,Pedestrian
39,0.0,717.0,27.0,767.0,4950,1,0,1,Pedestrian
39,0.0,717.0,27.0,767.0,4951,1,0,1,Pedestrian
39,0.0,717.0,27.0,767.0,4952,1,0,1,Pedestrian
39,0.0,717.0,27.0,767.0,4953,1,0,1,Pedestrian
39,0.0,717.0,27.0,767.0,4954,1,0,1,Pedestrian
39,0.0,717.0,27.0,767.0,4955,1,0,1,Pedestrian
39,0.0,717.0,27.0,767.0,4956,1,0,1,Pedestrian
39,0.0,717.0,27.0,767.0,4957,1,0,1,Pedestrian
39,0.0,717.0,27.0,767.0,4958,1,0,1,Pedestrian
39,0.0,717.0,27.0,767.0,4959,1,0,1,Pedestrian
39,0.0,717.0,27.0,767.0,4960,1,0,1,Pedestrian
39,0.0,717.0,27.0,767.0,4961,1,0,1,Pedestrian
39,0.0,717.0,27.0,767.0,4962,1,0,1,Pedestrian
39,0.0,717.0,27.0,767.0,4963,1,0,1,Pedestrian
39,0.0,717.0,27.0,767.0,4964,1,0,1,Pedestrian
39,0.0,717.0,27.0,767.0,4965,1,0,1,Pedestrian
39,0.0,717.0,27.0,767.0,4966,1,0,1,Pedestrian
39,0.0,717.0,27.0,767.0,4967,1,0,1,Pedestrian
39,0.0,717.0,27.0,767.0,4968,1,0,1,Pedestrian
39,0.0,717.0,27.0,767.0,4969,1,0,1,Pedestrian
39,0.0,717.0,27.0,767.0,4970,1,0,1,Pedestrian
39,0.0,717.0,27.0,767.0,4971,1,0,1,Pedestrian
39,0.0,717.0,27.0,767.0,4972,1,0,1,Pedestrian
39,0.0,717.0,27.0,767.0,4973,1,0,1,Pedestrian
39,0.0,717.0,27.0,767.0,4974,1,0,1,Pedestrian
39,0.0,717.0,27.0,767.0,4975,1,0,1,Pedestrian
39,0.0,717.0,27.0,767.0,4976,1,0,1,Pedestrian
39,0.0,717.0,27.0,767.0,4977,1,0,1,Pedestrian
39,0.0,717.0,27.0,767.0,4978,1,0,1,Pedestrian
39,0.0,717.0,27.0,767.0,4979,1,0,1,Pedestrian
39,0.0,717.0,27.0,767.0,4980,1,0,1,Pedestrian
39,0.0,717.0,27.0,767.0,4981,1,0,1,Pedestrian
39,0.0,717.0,27.0,767.0,4982,1,0,1,Pedestrian
39,0.0,717.0,27.0,767.0,4983,1,0,1,Pedestrian
39,0.0,717.0,27.0,767.0,4984,1,0,1,Pedestrian
39,0.0,717.0,27.0,767.0,4985,1,0,1,Pedestrian
39,0.0,717.0,27.0,767.0,4986,1,0,1,Pedestrian
39,0.0,717.0,27.0,767.0,4987,1,0,1,Pedestrian
39,0.0,717.0,27.0,767.0,4988,1,0,1,Pedestrian
39,0.0,717.0,27.0,767.0,4989,1,0,1,Pedestrian
39,0.0,717.0,27.0,767.0,4990,1,0,1,Pedestrian
39,0.0,717.0,27.0,767.0,4991,1,0,1,Pedestrian
39,0.0,717.0,27.0,767.0,4992,1,0,1,Pedestrian
39,0.0,717.0,27.0,767.0,4993,1,0,1,Pedestrian
39,0.0,717.0,27.0,767.0,4994,1,0,1,Pedestrian
39,0.0,717.0,27.0,767.0,4995,1,0,1,Pedestrian
39,0.0,717.0,27.0,767.0,4996,1,0,1,Pedestrian
39,0.0,717.0,27.0,767.0,4997,1,0,1,Pedestrian
39,0.0,717.0,27.0,767.0,4998,1,0,1,Pedestrian
39,0.0,717.0,27.0,767.0,4999,1,0,1,Pedestrian
39,0.0,717.0,27.0,767.0,5000,1,0,1,Pedestrian
39,0.0,717.0,27.0,767.0,5001,1,0,1,Pedestrian
39,0.0,717.0,27.0,767.0,5002,1,0,1,Pedestrian
39,0.0,717.0,27.0,767.0,5003,1,0,1,Pedestrian
39,0.0,717.0,27.0,767.0,5004,1,0,1,Pedestrian
39,0.0,717.0,27.0,767.0,5005,1,0,1,Pedestrian
39,0.0,717.0,27.0,767.0,5006,1,0,1,Pedestrian
39,0.0,717.0,27.0,767.0,5007,1,0,1,Pedestrian
39,0.0,717.0,27.0,767.0,5008,1,0,1,Pedestrian
39,0.0,717.0,27.0,767.0,5009,1,0,1,Pedestrian
39,0.0,717.0,27.0,767.0,5010,1,0,1,Pedestrian
39,0.0,717.0,27.0,767.0,5011,1,0,1,Pedestrian
39,0.0,717.0,27.0,767.0,5012,1,0,1,Pedestrian
39,0.0,717.0,27.0,767.0,5013,1,0,1,Pedestrian
39,0.0,717.0,27.0,767.0,5014,1,0,1,Pedestrian
39,0.0,717.0,27.0,767.0,5015,1,0,1,Pedestrian
39,0.0,717.0,27.0,767.0,5016,1,0,1,Pedestrian
39,0.0,717.0,27.0,767.0,5017,1,0,1,Pedestrian
39,0.0,717.0,27.0,767.0,5018,1,0,1,Pedestrian
39,0.0,717.0,27.0,767.0,5019,1,0,1,Pedestrian
39,0.0,717.0,27.0,767.0,5020,1,0,1,Pedestrian
39,0.0,717.0,27.0,767.0,5021,1,0,1,Pedestrian
39,0.0,717.0,27.0,767.0,5022,1,0,1,Pedestrian
39,0.0,717.0,27.0,767.0,5023,1,0,1,Pedestrian
39,0.0,717.0,27.0,767.0,5024,1,0,1,Pedestrian
39,0.0,717.0,27.0,767.0,5025,1,0,1,Pedestrian
39,0.0,717.0,27.0,767.0,5026,1,0,1,Pedestrian
39,0.0,717.0,27.0,767.0,5027,1,0,1,Pedestrian
39,0.0,717.0,27.0,767.0,5028,1,0,1,Pedestrian
39,0.0,717.0,27.0,767.0,5029,1,0,1,Pedestrian
39,0.0,717.0,27.0,767.0,5030,1,0,1,Pedestrian
39,0.0,717.0,27.0,767.0,5031,1,0,0,Pedestrian
40,269.0,951.0,357.0,1017.0,4000,1,0,0,Biker
40,266.0,951.0,354.0,1017.0,4001,1,0,1,Biker
40,266.0,951.0,354.0,1017.0,4002,1,0,1,Biker
40,266.0,951.0,354.0,1017.0,4003,1,0,1,Biker
40,266.0,951.0,354.0,1017.0,4004,1,0,1,Biker
40,266.0,951.0,352.0,1017.0,4005,1,0,1,Biker
40,264.0,951.0,352.0,1017.0,4006,1,0,1,Biker
40,264.0,951.0,352.0,1017.0,4007,1,0,1,Biker
40,264.0,951.0,352.0,1017.0,4008,1,0,1,Biker
40,264.0,951.0,352.0,1017.0,4009,1,0,1,Biker
40,264.0,951.0,349.0,1017.0,4010,1,0,1,Biker
40,261.0,951.0,349.0,1017.0,4011,1,0,1,Biker
40,261.0,951.0,349.0,1017.0,4012,1,0,1,Biker
40,261.0,951.0,349.0,1017.0,4013,1,0,1,Biker
40,261.0,951.0,349.0,1017.0,4014,1,0,1,Biker
40,261.0,951.0,346.0,1017.0,4015,1,0,1,Biker
40,258.0,951.0,346.0,1017.0,4016,1,0,1,Biker
40,258.0,951.0,346.0,1017.0,4017,1,0,1,Biker
40,258.0,951.0,346.0,1017.0,4018,1,0,1,Biker
40,258.0,951.0,346.0,1017.0,4019,1,0,1,Biker
40,258.0,951.0,343.0,1017.0,4020,1,0,1,Biker
40,255.0,951.0,343.0,1017.0,4021,1,0,1,Biker
40,255.0,951.0,343.0,1017.0,4022,1,0,1,Biker
40,255.0,951.0,343.0,1017.0,4023,1,0,1,Biker
40,255.0,951.0,343.0,1017.0,4024,1,0,1,Biker
40,255.0,951.0,341.0,1017.0,4025,1,0,1,Biker
40,253.0,951.0,341.0,1017.0,4026,1,0,1,Biker
40,253.0,951.0,341.0,1017.0,4027,1,0,1,Biker
40,253.0,954.0,341.0,1017.0,4028,1,0,1,Biker
40,253.0,954.0,341.0,1020.0,4029,1,0,1,Biker
40,253.0,954.0,338.0,1020.0,4030,1,0,1,Biker
40,250.0,954.0,338.0,1020.0,4031,1,0,1,Biker
40,250.0,954.0,338.0,1020.0,4032,1,0,1,Biker
40,250.0,954.0,338.0,1020.0,4033,1,0,1,Biker
40,250.0,954.0,338.0,1020.0,4034,1,0,1,Biker
40,250.0,954.0,335.0,1020.0,4035,1,0,1,Biker
40,247.0,954.0,335.0,1020.0,4036,1,0,1,Biker
40,247.0,954.0,335.0,1020.0,4037,1,0,1,Biker
40,247.0,954.0,335.0,1020.0,4038,1,0,1,Biker
40,247.0,954.0,335.0,1020.0,4039,1,0,1,Biker
40,247.0,954.0,332.0,1020.0,4040,1,0,1,Biker
40,244.0,954.0,332.0,1020.0,4041,1,0,1,Biker
40,244.0,954.0,332.0,1020.0,4042,1,0,1,Biker
40,244.0,954.0,332.0,1020.0,4043,1,0,1,Biker
40,244.0,954.0,332.0,1020.0,4044,1,0,1,Biker
40,244.0,954.0,330.0,1020.0,4045,1,0,1,Biker
40,242.0,954.0,330.0,1020.0,4046,1,0,1,Biker
40,242.0,954.0,330.0,1020.0,4047,1,0,1,Biker
40,242.0,954.0,330.0,1020.0,4048,1,0,1,Biker
40,242.0,954.0,330.0,1020.0,4049,1,0,1,Biker
40,242.0,954.0,327.0,1020.0,4050,1,0,1,Biker
40,239.0,954.0,327.0,1020.0,4051,1,0,1,Biker
40,239.0,954.0,327.0,1020.0,4052,1,0,1,Biker
40,239.0,954.0,327.0,1020.0,4053,1,0,1,Biker
40,239.0,954.0,327.0,1020.0,4054,1,0,1,Biker
40,239.0,956.0,324.0,1020.0,4055,1,0,1,Biker
40,236.0,956.0,324.0,1020.0,4056,1,0,1,Biker
40,236.0,956.0,324.0,1020.0,4057,1,0,1,Biker
40,236.0,956.0,324.0,1022.0,4058,1,0,1,Biker
40,236.0,956.0,324.0,1022.0,4059,1,0,1,Biker
40,236.0,956.0,321.0,1022.0,4060,1,0,1,Biker
40,233.0,956.0,321.0,1022.0,4061,1,0,1,Biker
40,233.0,956.0,321.0,1022.0,4062,1,0,1,Biker
40,233.0,956.0,321.0,1022.0,4063,1,0,1,Biker
40,233.0,956.0,321.0,1022.0,4064,1,0,1,Biker
40,233.0,956.0,319.0,1022.0,4065,1,0,1,Biker
40,231.0,956.0,319.0,1022.0,4066,1,0,1,Biker
40,231.0,956.0,319.0,1022.0,4067,1,0,1,Biker
40,231.0,956.0,319.0,1022.0,4068,1,0,1,Biker
40,231.0,956.0,319.0,1022.0,4069,1,0,1,Biker
40,231.0,956.0,316.0,1022.0,4070,1,0,1,Biker
40,228.0,956.0,316.0,1022.0,4071,1,0,1,Biker
40,228.0,956.0,316.0,1022.0,4072,1,0,1,Biker
40,228.0,956.0,316.0,1022.0,4073,1,0,1,Biker
40,228.0,956.0,316.0,1022.0,4074,1,0,1,Biker
40,228.0,956.0,313.0,1022.0,4075,1,0,1,Biker
40,225.0,956.0,313.0,1022.0,4076,1,0,1,Biker
40,225.0,956.0,313.0,1022.0,4077,1,0,1,Biker
40,225.0,956.0,313.0,1022.0,4078,1,0,1,Biker
40,225.0,956.0,313.0,1022.0,4079,1,0,1,Biker
40,225.0,956.0,310.0,1022.0,4080,1,0,1,Biker
40,222.0,956.0,310.0,1022.0,4081,1,0,1,Biker
40,222.0,958.0,310.0,1022.0,4082,1,0,1,Biker
40,222.0,958.0,310.0,1022.0,4083,1,0,1,Biker
40,222.0,958.0,310.0,1022.0,4084,1,0,1,Biker
40,222.0,958.0,308.0,1022.0,4085,1,0,1,Biker
40,220.0,958.0,308.0,1022.0,4086,1,0,1,Biker
40,220.0,958.0,308.0,1024.0,4087,1,0,1,Biker
40,220.0,958.0,308.0,1024.0,4088,1,0,1,Biker
40,220.0,958.0,308.0,1024.0,4089,1,0,1,Biker
40,220.0,958.0,305.0,1024.0,4090,1,0,1,Biker
40,217.0,958.0,305.0,1024.0,4091,1,0,1,Biker
40,217.0,958.0,305.0,1024.0,4092,1,0,1,Biker
40,217.0,958.0,305.0,1024.0,4093,1,0,1,Biker
40,217.0,958.0,305.0,1024.0,4094,1,0,1,Biker
40,217.0,958.0,302.0,1024.0,4095,1,0,1,Biker
40,214.0,958.0,302.0,1024.0,4096,1,0,1,Biker
40,214.0,958.0,302.0,1024.0,4097,1,0,1,Biker
40,214.0,958.0,302.0,1024.0,4098,1,0,1,Biker
40,214.0,958.0,302.0,1024.0,4099,1,0,1,Biker
40,214.0,958.0,299.0,1024.0,4100,1,0,1,Biker
40,211.0,958.0,299.0,1024.0,4101,1,0,1,Biker
40,211.0,958.0,299.0,1024.0,4102,1,0,1,Biker
40,211.0,958.0,299.0,1024.0,4103,1,0,1,Biker
40,211.0,958.0,299.0,1024.0,4104,1,0,1,Biker
40,211.0,958.0,297.0,1024.0,4105,1,0,1,Biker
40,209.0,958.0,297.0,1024.0,4106,1,0,1,Biker
40,209.0,958.0,297.0,1024.0,4107,1,0,1,Biker
40,209.0,958.0,297.0,1024.0,4108,1,0,1,Biker
40,209.0,958.0,297.0,1024.0,4109,1,0,1,Biker
40,209.0,960.0,294.0,1024.0,4110,1,0,1,Biker
40,206.0,960.0,294.0,1024.0,4111,1,0,1,Biker
40,206.0,960.0,294.0,1024.0,4112,1,0,1,Biker
40,206.0,960.0,294.0,1024.0,4113,1,0,1,Biker
40,206.0,960.0,294.0,1024.0,4114,1,0,1,Biker
40,206.0,960.0,291.0,1024.0,4115,1,0,1,Biker
40,203.0,960.0,291.0,1026.0,4116,1,0,1,Biker
40,203.0,960.0,291.0,1026.0,4117,1,0,1,Biker
40,203.0,960.0,291.0,1026.0,4118,1,0,1,Biker
40,203.0,960.0,291.0,1026.0,4119,1,0,1,Biker
40,203.0,960.0,288.0,1026.0,4120,1,0,1,Biker
40,200.0,960.0,288.0,1026.0,4121,1,0,1,Biker
40,200.0,960.0,288.0,1026.0,4122,1,0,1,Biker
40,200.0,960.0,288.0,1026.0,4123,1,0,1,Biker
40,200.0,960.0,286.0,1026.0,4124,1,0,1,Biker
40,200.0,960.0,286.0,1026.0,4125,1,0,1,Biker
40,198.0,960.0,286.0,1026.0,4126,1,0,1,Biker
40,198.0,960.0,286.0,1026.0,4127,1,0,1,Biker
40,198.0,960.0,286.0,1026.0,4128,1,0,1,Biker
40,198.0,960.0,283.0,1026.0,4129,1,0,1,Biker
40,198.0,960.0,283.0,1026.0,4130,1,0,1,Biker
40,195.0,960.0,283.0,1026.0,4131,1,0,1,Biker
40,195.0,960.0,283.0,1026.0,4132,1,0,1,Biker
40,195.0,960.0,283.0,1026.0,4133,1,0,1,Biker
40,195.0,960.0,280.0,1026.0,4134,1,0,1,Biker
40,195.0,960.0,280.0,1026.0,4135,1,0,1,Biker
40,192.0,960.0,280.0,1026.0,4136,1,0,1,Biker
40,192.0,963.0,280.0,1026.0,4137,1,0,1,Biker
40,192.0,963.0,280.0,1026.0,4138,1,0,1,Biker
40,192.0,963.0,277.0,1026.0,4139,1,0,1,Biker
40,192.0,963.0,277.0,1026.0,4140,1,0,1,Biker
40,189.0,963.0,277.0,1026.0,4141,1,0,1,Biker
40,189.0,963.0,277.0,1026.0,4142,1,0,1,Biker
40,189.0,963.0,277.0,1026.0,4143,1,0,1,Biker
40,189.0,963.0,275.0,1026.0,4144,1,0,1,Biker
40,189.0,963.0,275.0,1029.0,4145,1,0,1,Biker
40,187.0,963.0,275.0,1029.0,4146,1,0,1,Biker
40,187.0,963.0,275.0,1029.0,4147,1,0,1,Biker
40,187.0,963.0,275.0,1029.0,4148,1,0,1,Biker
40,187.0,963.0,272.0,1029.0,4149,1,0,1,Biker
40,187.0,963.0,272.0,1029.0,4150,1,0,1,Biker
40,184.0,963.0,272.0,1029.0,4151,1,0,1,Biker
40,184.0,963.0,272.0,1029.0,4152,1,0,1,Biker
40,184.0,963.0,272.0,1029.0,4153,1,0,1,Biker
40,184.0,963.0,269.0,1029.0,4154,1,0,1,Biker
40,184.0,963.0,269.0,1029.0,4155,1,0,1,Biker
40,181.0,963.0,269.0,1029.0,4156,1,0,1,Biker
40,181.0,963.0,269.0,1029.0,4157,1,0,1,Biker
40,181.0,963.0,269.0,1029.0,4158,1,0,1,Biker
40,181.0,963.0,266.0,1029.0,4159,1,0,1,Biker
40,181.0,963.0,266.0,1029.0,4160,1,0,1,Biker
40,178.0,963.0,266.0,1029.0,4161,1,0,1,Biker
40,178.0,963.0,266.0,1029.0,4162,1,0,1,Biker
40,178.0,963.0,266.0,1029.0,4163,1,0,1,Biker
40,178.0,965.0,264.0,1029.0,4164,1,0,1,Biker
40,178.0,965.0,264.0,1029.0,4165,1,0,1,Biker
40,176.0,965.0,264.0,1029.0,4166,1,0,1,Biker
40,176.0,965.0,264.0,1029.0,4167,1,0,1,Biker
40,176.0,965.0,264.0,1029.0,4168,1,0,1,Biker
40,176.0,965.0,261.0,1029.0,4169,1,0,1,Biker
40,176.0,965.0,261.0,1029.0,4170,1,0,1,Biker
40,173.0,965.0,261.0,1029.0,4171,1,0,1,Biker
40,173.0,965.0,261.0,1029.0,4172,1,0,1,Biker
40,173.0,965.0,261.0,1029.0,4173,1,0,1,Biker
40,173.0,965.0,258.0,1031.0,4174,1,0,1,Biker
40,173.0,965.0,258.0,1031.0,4175,1,0,1,Biker
40,170.0,965.0,258.0,1031.0,4176,1,0,1,Biker
40,170.0,965.0,258.0,1031.0,4177,1,0,1,Biker
40,170.0,965.0,258.0,1031.0,4178,1,0,1,Biker
40,170.0,965.0,255.0,1031.0,4179,1,0,1,Biker
40,170.0,965.0,255.0,1031.0,4180,1,0,1,Biker
40,167.0,965.0,255.0,1031.0,4181,1,0,1,Biker
40,167.0,965.0,255.0,1031.0,4182,1,0,1,Biker
40,167.0,965.0,255.0,1031.0,4183,1,0,1,Biker
40,167.0,965.0,253.0,1031.0,4184,1,0,1,Biker
40,167.0,965.0,253.0,1031.0,4185,1,0,1,Biker
40,165.0,965.0,253.0,1031.0,4186,1,0,1,Biker
40,165.0,965.0,253.0,1031.0,4187,1,0,1,Biker
40,165.0,965.0,253.0,1031.0,4188,1,0,1,Biker
40,165.0,965.0,250.0,1031.0,4189,1,0,1,Biker
40,165.0,965.0,250.0,1031.0,4190,1,0,1,Biker
40,162.0,967.0,250.0,1031.0,4191,1,0,1,Biker
40,162.0,967.0,250.0,1031.0,4192,1,0,1,Biker
40,162.0,967.0,250.0,1031.0,4193,1,0,1,Biker
40,162.0,967.0,247.0,1031.0,4194,1,0,1,Biker
40,162.0,967.0,247.0,1031.0,4195,1,0,1,Biker
40,159.0,967.0,247.0,1031.0,4196,1,0,1,Biker
40,159.0,967.0,247.0,1031.0,4197,1,0,1,Biker
40,159.0,967.0,247.0,1031.0,4198,1,0,1,Biker
40,159.0,967.0,244.0,1031.0,4199,1,0,1,Biker
40,159.0,967.0,244.0,1031.0,4200,1,0,1,Biker
40,156.0,967.0,244.0,1031.0,4201,1,0,1,Biker
40,156.0,967.0,244.0,1031.0,4202,1,0,1,Biker
40,156.0,967.0,244.0,1033.0,4203,1,0,1,Biker
40,156.0,967.0,242.0,1033.0,4204,1,0,1,Biker
40,156.0,967.0,242.0,1033.0,4205,1,0,1,Biker
40,154.0,967.0,242.0,1033.0,4206,1,0,1,Biker
40,154.0,967.0,242.0,1033.0,4207,1,0,1,Biker
40,154.0,967.0,242.0,1033.0,4208,1,0,1,Biker
40,154.0,967.0,239.0,1033.0,4209,1,0,1,Biker
40,154.0,967.0,239.0,1033.0,4210,1,0,1,Biker
40,151.0,967.0,239.0,1033.0,4211,1,0,1,Biker
40,151.0,967.0,239.0,1033.0,4212,1,0,1,Biker
40,151.0,967.0,239.0,1033.0,4213,1,0,1,Biker
40,151.0,967.0,236.0,1033.0,4214,1,0,1,Biker
40,151.0,967.0,236.0,1033.0,4215,1,0,1,Biker
40,148.0,967.0,236.0,1033.0,4216,1,0,1,Biker
40,148.0,967.0,236.0,1033.0,4217,1,0,1,Biker
40,148.0,967.0,236.0,1033.0,4218,1,0,1,Biker
40,148.0,970.0,233.0,1033.0,4219,1,0,1,Biker
40,148.0,970.0,233.0,1033.0,4220,1,0,1,Biker
40,145.0,970.0,233.0,1033.0,4221,1,0,1,Biker
40,145.0,970.0,233.0,1033.0,4222,1,0,1,Biker
40,145.0,970.0,233.0,1033.0,4223,1,0,1,Biker
40,145.0,970.0,231.0,1033.0,4224,1,0,1,Biker
40,145.0,970.0,231.0,1033.0,4225,1,0,1,Biker
40,143.0,970.0,231.0,1033.0,4226,1,0,1,Biker
40,143.0,970.0,231.0,1033.0,4227,1,0,1,Biker
40,143.0,970.0,231.0,1033.0,4228,1,0,1,Biker
40,143.0,970.0,228.0,1033.0,4229,1,0,1,Biker
40,143.0,970.0,228.0,1033.0,4230,1,0,1,Biker
40,140.0,970.0,228.0,1033.0,4231,1,0,1,Biker
40,140.0,970.0,228.0,1036.0,4232,1,0,1,Biker
40,140.0,970.0,228.0,1036.0,4233,1,0,1,Biker
40,140.0,970.0,225.0,1036.0,4234,1,0,1,Biker
40,140.0,970.0,225.0,1036.0,4235,1,0,1,Biker
40,137.0,970.0,225.0,1036.0,4236,1,0,1,Biker
40,137.0,970.0,225.0,1036.0,4237,1,0,1,Biker
40,137.0,970.0,225.0,1036.0,4238,1,0,1,Biker
40,137.0,970.0,222.0,1036.0,4239,1,0,1,Biker
40,137.0,970.0,222.0,1036.0,4240,1,0,1,Biker
40,134.0,970.0,222.0,1036.0,4241,1,0,1,Biker
40,134.0,970.0,222.0,1036.0,4242,1,0,1,Biker
40,134.0,970.0,222.0,1036.0,4243,1,0,1,Biker
40,134.0,970.0,220.0,1036.0,4244,1,0,1,Biker
40,134.0,970.0,220.0,1036.0,4245,1,0,1,Biker
40,132.0,972.0,220.0,1036.0,4246,1,0,1,Biker
40,132.0,972.0,220.0,1036.0,4247,1,0,1,Biker
40,132.0,972.0,217.0,1036.0,4248,1,0,1,Biker
40,132.0,972.0,217.0,1036.0,4249,1,0,1,Biker
40,132.0,972.0,217.0,1036.0,4250,1,0,1,Biker
40,129.0,972.0,217.0,1036.0,4251,1,0,1,Biker
40,129.0,972.0,217.0,1036.0,4252,1,0,1,Biker
40,129.0,972.0,214.0,1036.0,4253,1,0,1,Biker
40,129.0,972.0,214.0,1036.0,4254,1,0,1,Biker
40,129.0,972.0,214.0,1036.0,4255,1,0,1,Biker
40,126.0,972.0,214.0,1036.0,4256,1,0,1,Biker
40,126.0,972.0,214.0,1036.0,4257,1,0,1,Biker
40,126.0,972.0,211.0,1036.0,4258,1,0,1,Biker
40,126.0,972.0,211.0,1036.0,4259,1,0,1,Biker
40,126.0,972.0,211.0,1038.0,4260,1,0,1,Biker
40,123.0,972.0,211.0,1038.0,4261,1,0,1,Biker
40,123.0,972.0,211.0,1038.0,4262,1,0,1,Biker
40,123.0,972.0,209.0,1038.0,4263,1,0,1,Biker
40,123.0,972.0,209.0,1038.0,4264,1,0,1,Biker
40,123.0,972.0,209.0,1038.0,4265,1,0,1,Biker
40,121.0,972.0,209.0,1038.0,4266,1,0,1,Biker
40,121.0,972.0,209.0,1038.0,4267,1,0,1,Biker
40,121.0,972.0,206.0,1038.0,4268,1,0,1,Biker
40,121.0,972.0,206.0,1038.0,4269,1,0,1,Biker
40,121.0,972.0,206.0,1038.0,4270,1,0,1,Biker
40,118.0,972.0,206.0,1038.0,4271,1,0,1,Biker
40,118.0,972.0,206.0,1038.0,4272,1,0,1,Biker
40,118.0,974.0,203.0,1038.0,4273,1,0,1,Biker
40,118.0,974.0,203.0,1038.0,4274,1,0,1,Biker
40,118.0,974.0,203.0,1038.0,4275,1,0,1,Biker
40,115.0,974.0,203.0,1038.0,4276,1,0,1,Biker
40,115.0,974.0,203.0,1038.0,4277,1,0,1,Biker
40,115.0,974.0,200.0,1038.0,4278,1,0,1,Biker
40,115.0,974.0,200.0,1038.0,4279,1,0,1,Biker
40,115.0,974.0,200.0,1038.0,4280,1,0,1,Biker
40,112.0,974.0,200.0,1038.0,4281,1,0,1,Biker
40,112.0,974.0,200.0,1038.0,4282,1,0,1,Biker
40,112.0,974.0,198.0,1038.0,4283,1,0,1,Biker
40,112.0,974.0,198.0,1038.0,4284,1,0,1,Biker
40,112.0,974.0,198.0,1038.0,4285,1,0,1,Biker
40,110.0,974.0,198.0,1038.0,4286,1,0,1,Biker
40,110.0,974.0,198.0,1038.0,4287,1,0,1,Biker
40,110.0,974.0,195.0,1038.0,4288,1,0,1,Biker
40,110.0,974.0,195.0,1040.0,4289,1,0,1,Biker
40,110.0,974.0,195.0,1040.0,4290,1,0,1,Biker
40,107.0,974.0,195.0,1040.0,4291,1,0,1,Biker
40,107.0,974.0,195.0,1040.0,4292,1,0,1,Biker
40,107.0,974.0,192.0,1040.0,4293,1,0,1,Biker
40,107.0,974.0,192.0,1040.0,4294,1,0,1,Biker
40,107.0,974.0,192.0,1040.0,4295,1,0,1,Biker
40,104.0,974.0,192.0,1040.0,4296,1,0,1,Biker
40,104.0,974.0,192.0,1040.0,4297,1,0,1,Biker
40,104.0,974.0,189.0,1040.0,4298,1,0,1,Biker
40,104.0,974.0,189.0,1040.0,4299,1,0,1,Biker
40,104.0,974.0,189.0,1040.0,4300,1,0,1,Biker
40,101.0,976.0,189.0,1040.0,4301,1,0,1,Biker
40,101.0,976.0,189.0,1040.0,4302,1,0,1,Biker
40,101.0,976.0,187.0,1040.0,4303,1,0,1,Biker
40,101.0,976.0,187.0,1040.0,4304,1,0,1,Biker
40,101.0,976.0,187.0,1040.0,4305,1,0,1,Biker
40,99.0,976.0,187.0,1040.0,4306,1,0,1,Biker
40,99.0,976.0,187.0,1040.0,4307,1,0,1,Biker
40,99.0,976.0,184.0,1040.0,4308,1,0,1,Biker
40,99.0,976.0,184.0,1040.0,4309,1,0,1,Biker
40,99.0,976.0,184.0,1040.0,4310,1,0,1,Biker
40,96.0,976.0,184.0,1040.0,4311,1,0,1,Biker
40,96.0,976.0,184.0,1040.0,4312,1,0,1,Biker
40,96.0,976.0,181.0,1040.0,4313,1,0,1,Biker
40,96.0,976.0,181.0,1040.0,4314,1,0,1,Biker
40,96.0,976.0,181.0,1040.0,4315,1,0,1,Biker
40,93.0,976.0,181.0,1040.0,4316,1,0,1,Biker
40,93.0,976.0,181.0,1040.0,4317,1,0,1,Biker
40,93.0,976.0,178.0,1042.0,4318,1,0,1,Biker
40,93.0,976.0,178.0,1042.0,4319,1,0,1,Biker
40,93.0,976.0,178.0,1042.0,4320,1,0,1,Biker
40,90.0,976.0,178.0,1042.0,4321,1,0,1,Biker
40,90.0,976.0,178.0,1042.0,4322,1,0,1,Biker
40,90.0,976.0,176.0,1042.0,4323,1,0,1,Biker
40,90.0,976.0,176.0,1042.0,4324,1,0,1,Biker
40,90.0,976.0,176.0,1042.0,4325,1,0,1,Biker
40,88.0,976.0,176.0,1042.0,4326,1,0,1,Biker
40,88.0,976.0,176.0,1042.0,4327,1,0,1,Biker
40,88.0,979.0,173.0,1042.0,4328,1,0,1,Biker
40,88.0,979.0,173.0,1042.0,4329,1,0,1,Biker
40,88.0,979.0,173.0,1042.0,4330,1,0,1,Biker
40,85.0,979.0,173.0,1042.0,4331,1,0,1,Biker
40,85.0,979.0,173.0,1042.0,4332,1,0,1,Biker
40,85.0,979.0,170.0,1042.0,4333,1,0,1,Biker
40,85.0,979.0,170.0,1042.0,4334,1,0,1,Biker
40,85.0,979.0,170.0,1042.0,4335,1,0,1,Biker
40,82.0,979.0,170.0,1042.0,4336,1,0,1,Biker
40,82.0,979.0,170.0,1042.0,4337,1,0,1,Biker
40,82.0,979.0,167.0,1042.0,4338,1,0,1,Biker
40,82.0,979.0,167.0,1042.0,4339,1,0,1,Biker
40,82.0,979.0,167.0,1042.0,4340,1,0,1,Biker
40,79.0,979.0,167.0,1042.0,4341,1,0,1,Biker
40,79.0,979.0,167.0,1042.0,4342,1,0,1,Biker
40,79.0,979.0,165.0,1042.0,4343,1,0,1,Biker
40,79.0,979.0,165.0,1042.0,4344,1,0,1,Biker
40,79.0,979.0,165.0,1042.0,4345,1,0,1,Biker
40,77.0,979.0,165.0,1042.0,4346,1,0,1,Biker
40,77.0,979.0,165.0,1045.0,4347,1,0,1,Biker
40,77.0,979.0,162.0,1045.0,4348,1,0,1,Biker
40,77.0,979.0,162.0,1045.0,4349,1,0,1,Biker
40,77.0,979.0,162.0,1045.0,4350,1,0,1,Biker
40,74.0,979.0,162.0,1045.0,4351,1,0,1,Biker
40,74.0,979.0,162.0,1045.0,4352,1,0,1,Biker
40,74.0,979.0,159.0,1045.0,4353,1,0,1,Biker
40,74.0,979.0,159.0,1045.0,4354,1,0,1,Biker
40,74.0,981.0,159.0,1045.0,4355,1,0,1,Biker
40,71.0,981.0,159.0,1045.0,4356,1,0,1,Biker
40,71.0,981.0,159.0,1045.0,4357,1,0,1,Biker
40,71.0,981.0,156.0,1045.0,4358,1,0,1,Biker
40,71.0,981.0,156.0,1045.0,4359,1,0,1,Biker
40,71.0,981.0,156.0,1045.0,4360,1,0,1,Biker
40,68.0,981.0,156.0,1045.0,4361,1,0,1,Biker
40,68.0,981.0,156.0,1045.0,4362,1,0,1,Biker
40,68.0,981.0,154.0,1045.0,4363,1,0,1,Biker
40,68.0,981.0,154.0,1045.0,4364,1,0,1,Biker
40,68.0,981.0,154.0,1045.0,4365,1,0,1,Biker
40,66.0,981.0,154.0,1045.0,4366,1,0,1,Biker
40,66.0,981.0,154.0,1045.0,4367,1,0,1,Biker
40,66.0,981.0,151.0,1045.0,4368,1,0,1,Biker
40,66.0,981.0,151.0,1045.0,4369,1,0,1,Biker
40,66.0,981.0,151.0,1045.0,4370,1,0,1,Biker
40,63.0,981.0,151.0,1045.0,4371,1,0,1,Biker
40,63.0,981.0,148.0,1045.0,4372,1,0,1,Biker
40,63.0,981.0,148.0,1045.0,4373,1,0,1,Biker
40,63.0,981.0,148.0,1045.0,4374,1,0,1,Biker
40,63.0,981.0,148.0,1045.0,4375,1,0,1,Biker
40,60.0,981.0,148.0,1047.0,4376,1,0,1,Biker
40,60.0,981.0,145.0,1047.0,4377,1,0,1,Biker
40,60.0,981.0,145.0,1047.0,4378,1,0,1,Biker
40,60.0,981.0,145.0,1047.0,4379,1,0,1,Biker
40,60.0,981.0,145.0,1047.0,4380,1,0,1,Biker
40,57.0,981.0,145.0,1047.0,4381,1,0,1,Biker
40,57.0,983.0,143.0,1047.0,4382,1,0,1,Biker
40,57.0,983.0,143.0,1047.0,4383,1,0,1,Biker
40,57.0,983.0,143.0,1047.0,4384,1,0,1,Biker
40,57.0,983.0,143.0,1047.0,4385,1,0,1,Biker
40,55.0,983.0,143.0,1047.0,4386,1,0,1,Biker
40,55.0,983.0,140.0,1047.0,4387,1,0,1,Biker
40,55.0,983.0,140.0,1047.0,4388,1,0,1,Biker
40,55.0,983.0,140.0,1047.0,4389,1,0,1,Biker
40,55.0,983.0,140.0,1047.0,4390,1,0,1,Biker
40,52.0,983.0,140.0,1047.0,4391,1,0,1,Biker
40,52.0,983.0,137.0,1047.0,4392,1,0,1,Biker
40,52.0,983.0,137.0,1047.0,4393,1,0,1,Biker
40,52.0,983.0,137.0,1047.0,4394,1,0,1,Biker
40,52.0,983.0,137.0,1047.0,4395,1,0,1,Biker
40,49.0,983.0,137.0,1047.0,4396,1,0,1,Biker
40,49.0,983.0,134.0,1047.0,4397,1,0,1,Biker
40,49.0,983.0,134.0,1047.0,4398,1,0,1,Biker
40,49.0,983.0,134.0,1047.0,4399,1,0,1,Biker
40,49.0,983.0,134.0,1047.0,4400,1,0,1,Biker
40,46.0,983.0,134.0,1047.0,4401,1,0,1,Biker
40,46.0,983.0,132.0,1047.0,4402,1,0,1,Biker
40,46.0,983.0,132.0,1047.0,4403,1,0,1,Biker
40,46.0,983.0,132.0,1047.0,4404,1,0,1,Biker
40,46.0,983.0,132.0,1049.0,4405,1,0,1,Biker
40,44.0,983.0,132.0,1049.0,4406,1,0,1,Biker
40,44.0,983.0,129.0,1049.0,4407,1,0,1,Biker
40,44.0,983.0,129.0,1049.0,4408,1,0,1,Biker
40,44.0,983.0,129.0,1049.0,4409,1,0,1,Biker
40,44.0,985.0,129.0,1049.0,4410,1,0,1,Biker
40,41.0,985.0,129.0,1049.0,4411,1,0,1,Biker
40,41.0,985.0,126.0,1049.0,4412,1,0,1,Biker
40,41.0,985.0,126.0,1049.0,4413,1,0,1,Biker
40,41.0,985.0,126.0,1049.0,4414,1,0,1,Biker
40,41.0,985.0,126.0,1049.0,4415,1,0,1,Biker
40,38.0,985.0,126.0,1049.0,4416,1,0,1,Biker
40,38.0,985.0,123.0,1049.0,4417,1,0,1,Biker
40,38.0,985.0,123.0,1049.0,4418,1,0,1,Biker
40,38.0,985.0,123.0,1049.0,4419,1,0,1,Biker
40,38.0,985.0,123.0,1049.0,4420,1,0,1,Biker
40,35.0,985.0,123.0,1049.0,4421,1,0,1,Biker
40,35.0,985.0,121.0,1049.0,4422,1,0,1,Biker
40,35.0,985.0,121.0,1049.0,4423,1,0,1,Biker
40,35.0,985.0,121.0,1049.0,4424,1,0,1,Biker
40,35.0,985.0,121.0,1049.0,4425,1,0,1,Biker
40,33.0,985.0,121.0,1049.0,4426,1,0,1,Biker
40,33.0,985.0,118.0,1049.0,4427,1,0,1,Biker
40,33.0,985.0,118.0,1049.0,4428,1,0,1,Biker
40,33.0,985.0,118.0,1049.0,4429,1,0,1,Biker
40,33.0,985.0,118.0,1049.0,4430,1,0,1,Biker
40,30.0,985.0,118.0,1049.0,4431,1,0,1,Biker
40,30.0,985.0,115.0,1049.0,4432,1,0,1,Biker
40,30.0,985.0,115.0,1049.0,4433,1,0,1,Biker
40,30.0,985.0,115.0,1052.0,4434,1,0,1,Biker
40,30.0,985.0,115.0,1052.0,4435,1,0,1,Biker
40,27.0,985.0,115.0,1052.0,4436,1,0,1,Biker
40,27.0,988.0,112.0,1052.0,4437,1,0,1,Biker
40,27.0,988.0,112.0,1052.0,4438,1,0,1,Biker
40,27.0,988.0,112.0,1052.0,4439,1,0,1,Biker
40,27.0,988.0,112.0,1052.0,4440,1,0,1,Biker
40,24.0,988.0,112.0,1052.0,4441,1,0,1,Biker
40,24.0,988.0,110.0,1052.0,4442,1,0,1,Biker
40,24.0,988.0,110.0,1052.0,4443,1,0,1,Biker
40,24.0,988.0,110.0,1052.0,4444,1,0,1,Biker
40,24.0,988.0,110.0,1052.0,4445,1,0,1,Biker
40,22.0,988.0,110.0,1052.0,4446,1,0,1,Biker
40,22.0,988.0,107.0,1052.0,4447,1,0,1,Biker
40,22.0,988.0,107.0,1052.0,4448,1,0,1,Biker
40,22.0,988.0,107.0,1052.0,4449,1,0,1,Biker
40,22.0,988.0,107.0,1052.0,4450,1,0,1,Biker
40,19.0,988.0,107.0,1052.0,4451,1,0,1,Biker
40,19.0,988.0,104.0,1052.0,4452,1,0,1,Biker
40,19.0,988.0,104.0,1052.0,4453,1,0,1,Biker
40,19.0,988.0,104.0,1052.0,4454,1,0,1,Biker
40,19.0,988.0,104.0,1052.0,4455,1,0,1,Biker
40,16.0,988.0,104.0,1052.0,4456,1,0,1,Biker
40,16.0,988.0,101.0,1052.0,4457,1,0,1,Biker
40,16.0,988.0,101.0,1052.0,4458,1,0,1,Biker
40,16.0,988.0,101.0,1052.0,4459,1,0,1,Biker
40,16.0,988.0,101.0,1052.0,4460,1,0,1,Biker
40,13.0,988.0,101.0,1052.0,4461,1,0,1,Biker
40,13.0,988.0,99.0,1052.0,4462,1,0,1,Biker
40,13.0,988.0,99.0,1054.0,4463,1,0,1,Biker
40,13.0,990.0,99.0,1054.0,4464,1,0,1,Biker
40,13.0,990.0,99.0,1054.0,4465,1,0,1,Biker
40,11.0,990.0,99.0,1054.0,4466,1,0,1,Biker
40,11.0,990.0,96.0,1054.0,4467,1,0,1,Biker
40,11.0,990.0,96.0,1054.0,4468,1,0,1,Biker
40,11.0,990.0,96.0,1054.0,4469,1,0,1,Biker
40,11.0,990.0,96.0,1054.0,4470,1,0,1,Biker
40,8.0,990.0,96.0,1054.0,4471,1,0,1,Biker
40,8.0,990.0,93.0,1054.0,4472,1,0,1,Biker
40,8.0,990.0,93.0,1054.0,4473,1,0,1,Biker
40,8.0,990.0,93.0,1054.0,4474,1,0,1,Biker
40,8.0,990.0,93.0,1054.0,4475,1,0,1,Biker
40,5.0,990.0,93.0,1054.0,4476,1,0,1,Biker
40,5.0,990.0,90.0,1054.0,4477,1,0,1,Biker
40,5.0,990.0,90.0,1054.0,4478,1,0,1,Biker
40,5.0,990.0,90.0,1054.0,4479,1,0,1,Biker
40,5.0,990.0,90.0,1054.0,4480,1,0,1,Biker
40,2.0,990.0,90.0,1054.0,4481,1,0,1,Biker
40,2.0,990.0,88.0,1054.0,4482,1,0,1,Biker
40,2.0,990.0,88.0,1054.0,4483,1,0,1,Biker
40,2.0,990.0,88.0,1054.0,4484,1,0,1,Biker
40,2.0,990.0,88.0,1054.0,4485,1,0,1,Biker
40,0.0,990.0,88.0,1054.0,4486,1,0,1,Biker
40,0.0,990.0,85.0,1054.0,4487,1,0,1,Biker
40,0.0,990.0,85.0,1054.0,4488,1,0,1,Biker
40,0.0,990.0,85.0,1054.0,4489,1,0,1,Biker
40,0.0,990.0,85.0,1054.0,4490,1,0,1,Biker
40,0.0,992.0,85.0,1056.0,4491,0,0,0,Biker
40,0.0,990.0,85.0,1054.0,4492,0,0,1,Biker
40,0.0,988.0,85.0,1054.0,4493,0,0,1,Biker
40,0.0,988.0,85.0,1052.0,4494,0,0,1,Biker
40,0.0,985.0,85.0,1052.0,4495,0,0,1,Biker
40,0.0,985.0,85.0,1049.0,4496,0,0,1,Biker
40,0.0,983.0,85.0,1049.0,4497,0,0,1,Biker
40,0.0,983.0,85.0,1047.0,4498,0,0,1,Biker
40,0.0,981.0,85.0,1047.0,4499,0,0,1,Biker
40,0.0,981.0,85.0,1047.0,4500,0,0,0,Biker
40,0.0,981.0,93.0,1038.0,4501,0,0,1,Biker
40,2.0,981.0,101.0,1031.0,4502,0,0,1,Biker
40,5.0,981.0,110.0,1024.0,4503,0,0,0,Biker
40,8.0,979.0,112.0,1022.0,4504,0,0,1,Biker
40,13.0,979.0,118.0,1022.0,4505,0,0,1,Biker
40,19.0,976.0,123.0,1020.0,4506,0,0,1,Biker
40,24.0,976.0,129.0,1020.0,4507,0,0,1,Biker
40,30.0,974.0,134.0,1017.0,4508,0,0,1,Biker
40,35.0,974.0,140.0,1017.0,4509,0,0,1,Biker
40,38.0,972.0,143.0,1015.0,4510,0,0,1,Biker
40,44.0,972.0,148.0,1015.0,4511,0,0,1,Biker
40,49.0,970.0,154.0,1013.0,4512,0,0,1,Biker
40,55.0,970.0,159.0,1013.0,4513,0,0,1,Biker
40,60.0,967.0,165.0,1011.0,4514,0,0,1,Biker
40,66.0,967.0,170.0,1011.0,4515,0,0,1,Biker
40,68.0,965.0,173.0,1008.0,4516,0,0,1,Biker
40,74.0,965.0,178.0,1008.0,4517,0,0,1,Biker
40,79.0,963.0,184.0,1006.0,4518,0,0,1,Biker
40,85.0,963.0,189.0,1006.0,4519,0,0,1,Biker
40,90.0,960.0,195.0,1004.0,4520,0,0,1,Biker
40,96.0,960.0,200.0,1004.0,4521,0,0,1,Biker
40,99.0,958.0,203.0,1001.0,4522,0,0,1,Biker
40,104.0,958.0,209.0,1001.0,4523,0,0,1,Biker
40,110.0,956.0,214.0,999.0,4524,0,0,1,Biker
40,115.0,956.0,220.0,999.0,4525,0,0,1,Biker
40,121.0,954.0,225.0,997.0,4526,0,0,1,Biker
40,126.0,954.0,231.0,997.0,4527,0,0,1,Biker
40,129.0,951.0,233.0,995.0,4528,0,0,1,Biker
40,134.0,951.0,239.0,995.0,4529,0,0,1,Biker
40,140.0,949.0,244.0,992.0,4530,0,0,1,Biker
40,145.0,949.0,250.0,992.0,4531,0,0,1,Biker
40,151.0,947.0,255.0,990.0,4532,0,0,1,Biker
40,156.0,947.0,261.0,990.0,4533,0,0,0,Biker
40,159.0,947.0,264.0,990.0,4534,0,0,1,Biker
40,165.0,947.0,269.0,990.0,4535,0,0,1,Biker
40,170.0,947.0,275.0,990.0,4536,0,0,1,Biker
40,173.0,947.0,277.0,990.0,4537,0,0,1,Biker
40,178.0,947.0,283.0,990.0,4538,0,0,1,Biker
40,184.0,947.0,288.0,990.0,4539,0,0,1,Biker
40,189.0,947.0,294.0,990.0,4540,0,0,1,Biker
40,192.0,947.0,297.0,990.0,4541,0,0,1,Biker
40,198.0,947.0,302.0,990.0,4542,0,0,1,Biker
40,203.0,947.0,308.0,990.0,4543,0,0,1,Biker
40,209.0,947.0,313.0,990.0,4544,0,0,1,Biker
40,211.0,947.0,316.0,990.0,4545,0,0,1,Biker
40,217.0,947.0,321.0,990.0,4546,0,0,1,Biker
40,222.0,947.0,327.0,990.0,4547,0,0,1,Biker
40,228.0,947.0,332.0,990.0,4548,0,0,1,Biker
40,231.0,947.0,335.0,990.0,4549,0,0,1,Biker
40,236.0,947.0,341.0,990.0,4550,0,0,1,Biker
40,242.0,947.0,346.0,990.0,4551,0,0,1,Biker
40,247.0,947.0,352.0,990.0,4552,0,0,1,Biker
40,250.0,947.0,354.0,990.0,4553,0,0,1,Biker
40,255.0,947.0,360.0,990.0,4554,0,0,1,Biker
40,261.0,947.0,365.0,990.0,4555,0,0,1,Biker
40,266.0,947.0,371.0,990.0,4556,0,0,1,Biker
40,269.0,947.0,374.0,990.0,4557,0,0,1,Biker
40,275.0,949.0,379.0,992.0,4558,0,0,1,Biker
40,280.0,949.0,385.0,992.0,4559,0,0,1,Biker
40,283.0,949.0,387.0,992.0,4560,0,0,1,Biker
40,288.0,949.0,393.0,992.0,4561,0,0,1,Biker
40,294.0,949.0,398.0,992.0,4562,0,0,1,Biker
40,299.0,949.0,404.0,992.0,4563,0,0,1,Biker
40,302.0,949.0,407.0,992.0,4564,0,0,1,Biker
40,308.0,949.0,412.0,992.0,4565,0,0,1,Biker
40,313.0,949.0,418.0,992.0,4566,0,0,1,Biker
40,319.0,949.0,423.0,992.0,4567,0,0,1,Biker
40,321.0,949.0,426.0,992.0,4568,0,0,1,Biker
40,327.0,949.0,431.0,992.0,4569,0,0,1,Biker
40,332.0,949.0,437.0,992.0,4570,0,0,1,Biker
40,338.0,949.0,442.0,992.0,4571,0,0,1,Biker
40,341.0,949.0,445.0,992.0,4572,0,0,1,Biker
40,346.0,949.0,451.0,992.0,4573,0,0,1,Biker
40,352.0,949.0,456.0,992.0,4574,0,0,1,Biker
40,357.0,949.0,462.0,992.0,4575,0,0,1,Biker
40,360.0,949.0,464.0,992.0,4576,0,0,1,Biker
40,365.0,949.0,470.0,992.0,4577,0,0,1,Biker
40,371.0,949.0,475.0,992.0,4578,0,0,1,Biker
40,376.0,949.0,481.0,992.0,4579,0,0,1,Biker
40,379.0,949.0,484.0,992.0,4580,0,0,1,Biker
40,385.0,949.0,489.0,992.0,4581,0,0,1,Biker
40,390.0,949.0,495.0,992.0,4582,0,0,1,Biker
40,396.0,951.0,500.0,995.0,4583,0,0,0,Biker
40,398.0,951.0,503.0,995.0,4584,0,0,1,Biker
40,404.0,951.0,508.0,995.0,4585,0,0,1,Biker
40,409.0,951.0,514.0,995.0,4586,0,0,1,Biker
40,412.0,951.0,517.0,995.0,4587,0,0,1,Biker
40,418.0,951.0,522.0,995.0,4588,0,0,1,Biker
40,423.0,951.0,528.0,995.0,4589,0,0,1,Biker
40,426.0,951.0,530.0,995.0,4590,0,0,1,Biker
40,431.0,951.0,536.0,995.0,4591,0,0,1,Biker
40,437.0,951.0,541.0,995.0,4592,0,0,1,Biker
40,440.0,954.0,544.0,997.0,4593,0,0,1,Biker
40,445.0,954.0,550.0,997.0,4594,0,0,1,Biker
40,451.0,954.0,555.0,997.0,4595,0,0,1,Biker
40,453.0,954.0,558.0,997.0,4596,0,0,1,Biker
40,459.0,954.0,563.0,997.0,4597,0,0,1,Biker
40,464.0,954.0,569.0,997.0,4598,0,0,1,Biker
40,467.0,954.0,572.0,997.0,4599,0,0,1,Biker
40,473.0,954.0,577.0,997.0,4600,0,0,1,Biker
40,478.0,954.0,583.0,997.0,4601,0,0,1,Biker
40,481.0,954.0,585.0,997.0,4602,0,0,1,Biker
40,486.0,956.0,591.0,999.0,4603,0,0,1,Biker
40,492.0,956.0,596.0,999.0,4604,0,0,1,Biker
40,495.0,956.0,599.0,999.0,4605,0,0,1,Biker
40,500.0,956.0,605.0,999.0,4606,0,0,1,Biker
40,506.0,956.0,610.0,999.0,4607,0,0,1,Biker
40,508.0,956.0,613.0,999.0,4608,0,0,1,Biker
40,514.0,956.0,618.0,999.0,4609,0,0,1,Biker
40,519.0,956.0,624.0,999.0,4610,0,0,1,Biker
40,522.0,956.0,627.0,999.0,4611,0,0,1,Biker
40,528.0,956.0,632.0,999.0,4612,0,0,1,Biker
40,533.0,958.0,638.0,1001.0,4613,0,0,1,Biker
40,536.0,958.0,640.0,1001.0,4614,0,0,1,Biker
40,541.0,958.0,646.0,1001.0,4615,0,0,1,Biker
40,547.0,958.0,651.0,1001.0,4616,0,0,1,Biker
40,550.0,958.0,654.0,1001.0,4617,0,0,1,Biker
40,555.0,958.0,660.0,1001.0,4618,0,0,1,Biker
40,561.0,958.0,665.0,1001.0,4619,0,0,1,Biker
40,563.0,958.0,668.0,1001.0,4620,0,0,1,Biker
40,569.0,958.0,673.0,1001.0,4621,0,0,1,Biker
40,574.0,958.0,679.0,1001.0,4622,0,0,1,Biker
40,580.0,960.0,684.0,1004.0,4623,0,0,0,Biker
40,583.0,958.0,687.0,1001.0,4624,0,0,1,Biker
40,588.0,958.0,693.0,1001.0,4625,0,0,1,Biker
40,594.0,958.0,698.0,1001.0,4626,0,0,1,Biker
40,599.0,958.0,704.0,1001.0,4627,0,0,1,Biker
40,605.0,958.0,709.0,1001.0,4628,0,0,1,Biker
40,607.0,956.0,712.0,999.0,4629,0,0,1,Biker
40,613.0,956.0,717.0,999.0,4630,0,0,1,Biker
40,618.0,956.0,723.0,999.0,4631,0,0,1,Biker
40,624.0,956.0,728.0,999.0,4632,0,0,1,Biker
40,629.0,956.0,734.0,999.0,4633,0,0,1,Biker
40,632.0,956.0,737.0,999.0,4634,0,0,1,Biker
40,638.0,954.0,742.0,997.0,4635,0,0,1,Biker
40,643.0,954.0,748.0,997.0,4636,0,0,1,Biker
40,649.0,954.0,753.0,997.0,4637,0,0,1,Biker
40,654.0,954.0,759.0,997.0,4638,0,0,1,Biker
40,657.0,954.0,761.0,997.0,4639,0,0,1,Biker
40,662.0,954.0,767.0,997.0,4640,0,0,1,Biker
40,668.0,951.0,772.0,995.0,4641,0,0,1,Biker
40,673.0,951.0,778.0,995.0,4642,0,0,1,Biker
40,679.0,951.0,783.0,995.0,4643,0,0,1,Biker
40,682.0,951.0,786.0,995.0,4644,0,0,1,Biker
40,687.0,951.0,792.0,995.0,4645,0,0,1,Biker
40,693.0,949.0,797.0,992.0,4646,0,0,1,Biker
40,698.0,949.0,803.0,992.0,4647,0,0,1,Biker
40,704.0,949.0,808.0,992.0,4648,0,0,1,Biker
40,706.0,949.0,811.0,992.0,4649,0,0,1,Biker
40,712.0,949.0,816.0,992.0,4650,0,0,1,Biker
40,717.0,949.0,822.0,992.0,4651,0,0,1,Biker
40,723.0,947.0,827.0,990.0,4652,0,0,1,Biker
40,728.0,947.0,833.0,990.0,4653,0,0,1,Biker
40,731.0,947.0,836.0,990.0,4654,0,0,1,Biker
40,737.0,947.0,841.0,990.0,4655,0,0,1,Biker
40,742.0,947.0,847.0,990.0,4656,0,0,1,Biker
40,748.0,947.0,852.0,990.0,4657,0,0,1,Biker
40,753.0,944.0,858.0,988.0,4658,0,0,1,Biker
40,756.0,944.0,860.0,988.0,4659,0,0,1,Biker
40,761.0,944.0,866.0,988.0,4660,0,0,1,Biker
40,767.0,944.0,871.0,988.0,4661,0,0,1,Biker
40,772.0,944.0,877.0,988.0,4662,0,0,1,Biker
40,778.0,944.0,882.0,988.0,4663,0,0,0,Biker
40,781.0,942.0,885.0,985.0,4664,0,0,1,Biker
40,786.0,942.0,891.0,985.0,4665,0,0,1,Biker
40,792.0,942.0,896.0,985.0,4666,0,0,1,Biker
40,797.0,942.0,902.0,985.0,4667,0,0,1,Biker
40,803.0,942.0,907.0,983.0,4668,0,0,1,Biker
40,808.0,940.0,913.0,983.0,4669,0,0,1,Biker
40,811.0,940.0,915.0,983.0,4670,0,0,1,Biker
40,816.0,940.0,921.0,983.0,4671,0,0,1,Biker
40,822.0,940.0,926.0,983.0,4672,0,0,1,Biker
40,827.0,940.0,932.0,981.0,4673,0,0,1,Biker
40,833.0,938.0,937.0,981.0,4674,0,0,1,Biker
40,838.0,938.0,943.0,981.0,4675,0,0,1,Biker
40,841.0,938.0,946.0,981.0,4676,0,0,1,Biker
40,847.0,938.0,951.0,979.0,4677,0,0,1,Biker
40,852.0,938.0,957.0,979.0,4678,0,0,1,Biker
40,858.0,935.0,962.0,979.0,4679,0,0,1,Biker
40,863.0,935.0,968.0,979.0,4680,0,0,1,Biker
40,869.0,935.0,973.0,979.0,4681,0,0,1,Biker
40,871.0,935.0,976.0,976.0,4682,0,0,1,Biker
40,877.0,935.0,981.0,976.0,4683,0,0,1,Biker
40,882.0,933.0,987.0,976.0,4684,0,0,1,Biker
40,888.0,933.0,992.0,976.0,4685,0,0,1,Biker
40,893.0,933.0,998.0,974.0,4686,0,0,1,Biker
40,899.0,933.0,1003.0,974.0,4687,0,0,1,Biker
40,904.0,933.0,1009.0,974.0,4688,0,0,1,Biker
40,907.0,931.0,1012.0,974.0,4689,0,0,1,Biker
40,913.0,931.0,1017.0,974.0,4690,0,0,1,Biker
40,918.0,931.0,1023.0,972.0,4691,0,0,1,Biker
40,924.0,931.0,1028.0,972.0,4692,0,0,1,Biker
40,929.0,931.0,1034.0,972.0,4693,0,0,1,Biker
40,935.0,929.0,1039.0,972.0,4694,0,0,1,Biker
40,937.0,929.0,1042.0,970.0,4695,0,0,1,Biker
40,943.0,929.0,1047.0,970.0,4696,0,0,1,Biker
40,948.0,929.0,1053.0,970.0,4697,0,0,1,Biker
40,954.0,929.0,1058.0,970.0,4698,0,0,1,Biker
40,959.0,926.0,1064.0,970.0,4699,0,0,1,Biker
40,965.0,926.0,1069.0,967.0,4700,0,0,1,Biker
40,968.0,926.0,1072.0,967.0,4701,0,0,1,Biker
40,973.0,926.0,1078.0,967.0,4702,0,0,1,Biker
40,979.0,926.0,1083.0,967.0,4703,0,0,1,Biker
40,984.0,924.0,1089.0,965.0,4704,0,0,1,Biker
40,990.0,924.0,1094.0,965.0,4705,0,0,1,Biker
40,995.0,924.0,1100.0,965.0,4706,0,0,1,Biker
40,998.0,924.0,1102.0,965.0,4707,0,0,1,Biker
40,1003.0,924.0,1108.0,965.0,4708,0,0,1,Biker
40,1009.0,922.0,1113.0,963.0,4709,0,0,1,Biker
40,1014.0,922.0,1119.0,963.0,4710,0,0,1,Biker
40,1020.0,922.0,1124.0,963.0,4711,0,0,1,Biker
40,1025.0,922.0,1130.0,963.0,4712,0,0,1,Biker
40,1031.0,922.0,1135.0,963.0,4713,0,0,0,Biker
40,1034.0,919.0,1138.0,960.0,4714,0,0,1,Biker
40,1039.0,919.0,1144.0,960.0,4715,0,0,1,Biker
40,1045.0,919.0,1149.0,960.0,4716,0,0,1,Biker
40,1047.0,917.0,1152.0,958.0,4717,0,0,1,Biker
40,1053.0,917.0,1157.0,958.0,4718,0,0,1,Biker
40,1058.0,917.0,1163.0,958.0,4719,0,0,1,Biker
40,1061.0,915.0,1166.0,956.0,4720,0,0,1,Biker
40,1067.0,915.0,1171.0,956.0,4721,0,0,1,Biker
40,1072.0,915.0,1177.0,956.0,4722,0,0,1,Biker
40,1075.0,913.0,1179.0,954.0,4723,0,0,1,Biker
40,1080.0,913.0,1185.0,954.0,4724,0,0,1,Biker
40,1086.0,913.0,1190.0,954.0,4725,0,0,1,Biker
40,1089.0,910.0,1193.0,951.0,4726,0,0,1,Biker
40,1094.0,910.0,1199.0,951.0,4727,0,0,1,Biker
40,1100.0,910.0,1204.0,951.0,4728,0,0,1,Biker
40,1102.0,908.0,1207.0,949.0,4729,0,0,1,Biker
40,1108.0,908.0,1212.0,949.0,4730,0,0,1,Biker
40,1113.0,908.0,1218.0,949.0,4731,0,0,1,Biker
40,1116.0,906.0,1221.0,947.0,4732,0,0,1,Biker
40,1122.0,906.0,1226.0,947.0,4733,0,0,1,Biker
40,1127.0,906.0,1232.0,947.0,4734,0,0,1,Biker
40,1133.0,906.0,1237.0,947.0,4735,0,0,1,Biker
40,1135.0,904.0,1240.0,944.0,4736,0,0,1,Biker
40,1141.0,904.0,1245.0,944.0,4737,0,0,1,Biker
40,1146.0,904.0,1251.0,944.0,4738,0,0,1,Biker
40,1149.0,901.0,1254.0,942.0,4739,0,0,1,Biker
40,1155.0,901.0,1259.0,942.0,4740,0,0,1,Biker
40,1160.0,901.0,1265.0,942.0,4741,0,0,1,Biker
40,1163.0,899.0,1267.0,940.0,4742,0,0,1,Biker
40,1168.0,899.0,1273.0,940.0,4743,0,0,1,Biker
40,1174.0,899.0,1278.0,940.0,4744,0,0,1,Biker
40,1177.0,897.0,1281.0,938.0,4745,0,0,1,Biker
40,1182.0,897.0,1287.0,938.0,4746,0,0,1,Biker
40,1188.0,897.0,1292.0,938.0,4747,0,0,1,Biker
40,1190.0,894.0,1295.0,935.0,4748,0,0,1,Biker
40,1196.0,894.0,1300.0,935.0,4749,0,0,1,Biker
40,1201.0,894.0,1306.0,935.0,4750,0,0,1,Biker
40,1204.0,892.0,1309.0,933.0,4751,0,0,1,Biker
40,1210.0,892.0,1314.0,933.0,4752,0,0,1,Biker
40,1215.0,892.0,1320.0,933.0,4753,0,0,1,Biker
40,1221.0,892.0,1325.0,933.0,4754,0,0,1,Biker
40,1223.0,890.0,1328.0,931.0,4755,0,0,1,Biker
40,1229.0,890.0,1333.0,931.0,4756,0,0,1,Biker
40,1234.0,890.0,1339.0,931.0,4757,0,0,1,Biker
40,1237.0,888.0,1342.0,929.0,4758,0,0,1,Biker
40,1243.0,888.0,1347.0,929.0,4759,0,0,1,Biker
40,1248.0,888.0,1353.0,929.0,4760,0,0,1,Biker
40,1251.0,885.0,1355.0,926.0,4761,0,0,1,Biker
40,1256.0,885.0,1361.0,926.0,4762,0,0,1,Biker
40,1262.0,885.0,1366.0,926.0,4763,0,0,1,Biker
40,1265.0,883.0,1369.0,924.0,4764,0,0,1,Biker
40,1270.0,883.0,1375.0,924.0,4765,0,0,1,Biker
40,1276.0,883.0,1380.0,924.0,4766,0,0,1,Biker
40,1278.0,881.0,1383.0,922.0,4767,0,0,1,Biker
40,1284.0,881.0,1388.0,922.0,4768,0,0,1,Biker
40,1289.0,881.0,1394.0,922.0,4769,0,0,1,Biker
40,1292.0,878.0,1397.0,919.0,4770,0,0,1,Biker
40,1298.0,878.0,1402.0,919.0,4771,0,0,1,Biker
40,1303.0,878.0,1408.0,919.0,4772,0,0,1,Biker
40,1309.0,878.0,1413.0,919.0,4773,0,0,0,Biker
40,1311.0,876.0,1416.0,917.0,4774,0,0,1,Biker
40,1317.0,876.0,1421.0,917.0,4775,0,0,1,Biker
40,1322.0,874.0,1427.0,915.0,4776,0,0,1,Biker
40,1325.0,874.0,1430.0,915.0,4777,0,0,1,Biker
40,1331.0,872.0,1435.0,913.0,4778,0,0,1,Biker
40,1336.0,872.0,1441.0,913.0,4779,0,0,1,Biker
40,1342.0,872.0,1446.0,913.0,4780,0,0,1,Biker
40,1344.0,869.0,1449.0,910.0,4781,0,0,1,Biker
40,1350.0,869.0,1454.0,910.0,4782,0,0,1,Biker
40,1355.0,867.0,1460.0,908.0,4783,0,0,1,Biker
40,1358.0,867.0,1463.0,908.0,4784,0,0,1,Biker
40,1364.0,865.0,1468.0,906.0,4785,0,0,1,Biker
40,1369.0,865.0,1474.0,906.0,4786,0,0,1,Biker
40,1375.0,865.0,1479.0,906.0,4787,0,0,1,Biker
40,1377.0,863.0,1482.0,904.0,4788,0,0,1,Biker
40,1383.0,863.0,1487.0,904.0,4789,0,0,1,Biker
40,1388.0,860.0,1493.0,901.0,4790,0,0,1,Biker
40,1391.0,860.0,1496.0,901.0,4791,0,0,1,Biker
40,1397.0,860.0,1501.0,901.0,4792,0,0,1,Biker
40,1402.0,858.0,1507.0,899.0,4793,0,0,1,Biker
40,1408.0,858.0,1512.0,899.0,4794,0,0,1,Biker
40,1410.0,856.0,1515.0,897.0,4795,0,0,1,Biker
40,1416.0,856.0,1520.0,897.0,4796,0,0,1,Biker
40,1421.0,853.0,1526.0,894.0,4797,0,0,1,Biker
40,1427.0,853.0,1531.0,894.0,4798,0,0,1,Biker
40,1430.0,853.0,1534.0,894.0,4799,0,0,1,Biker
40,1435.0,851.0,1540.0,892.0,4800,0,0,1,Biker
40,1441.0,851.0,1545.0,892.0,4801,0,0,1,Biker
40,1443.0,849.0,1548.0,890.0,4802,0,0,1,Biker
40,1449.0,849.0,1553.0,890.0,4803,0,0,1,Biker
40,1454.0,847.0,1559.0,888.0,4804,0,0,1,Biker
40,1460.0,847.0,1564.0,888.0,4805,0,0,1,Biker
40,1463.0,847.0,1567.0,888.0,4806,0,0,1,Biker
40,1468.0,844.0,1573.0,885.0,4807,0,0,1,Biker
40,1474.0,844.0,1578.0,885.0,4808,0,0,1,Biker
40,1476.0,842.0,1581.0,883.0,4809,0,0,1,Biker
40,1482.0,842.0,1586.0,883.0,4810,0,0,1,Biker
40,1487.0,842.0,1592.0,883.0,4811,0,0,1,Biker
40,1493.0,840.0,1597.0,881.0,4812,0,0,1,Biker
40,1496.0,840.0,1600.0,881.0,4813,0,0,1,Biker
40,1501.0,837.0,1606.0,878.0,4814,0,0,1,Biker
40,1507.0,837.0,1611.0,878.0,4815,0,0,1,Biker
40,1509.0,835.0,1614.0,876.0,4816,0,0,1,Biker
40,1515.0,835.0,1619.0,876.0,4817,0,0,1,Biker
40,1520.0,835.0,1625.0,876.0,4818,0,0,1,Biker
40,1526.0,833.0,1630.0,874.0,4819,0,0,1,Biker
40,1529.0,833.0,1633.0,874.0,4820,0,0,1,Biker
40,1534.0,831.0,1639.0,872.0,4821,0,0,1,Biker
40,1540.0,831.0,1644.0,872.0,4822,0,0,1,Biker
40,1545.0,831.0,1650.0,872.0,4823,0,0,0,Biker
40,1548.0,828.0,1652.0,869.0,4824,0,0,1,Biker
40,1553.0,828.0,1658.0,869.0,4825,0,0,1,Biker
40,1559.0,826.0,1663.0,867.0,4826,0,0,1,Biker
40,1564.0,826.0,1669.0,867.0,4827,0,0,1,Biker
40,1570.0,824.0,1674.0,865.0,4828,0,0,1,Biker
40,1573.0,824.0,1677.0,865.0,4829,0,0,1,Biker
40,1578.0,822.0,1683.0,863.0,4830,0,0,1,Biker
40,1584.0,822.0,1688.0,863.0,4831,0,0,1,Biker
40,1589.0,819.0,1694.0,860.0,4832,0,0,1,Biker
40,1595.0,819.0,1699.0,860.0,4833,0,0,1,Biker
40,1597.0,819.0,1702.0,860.0,4834,0,0,1,Biker
40,1603.0,817.0,1707.0,858.0,4835,0,0,1,Biker
40,1608.0,817.0,1713.0,858.0,4836,0,0,1,Biker
40,1614.0,815.0,1718.0,856.0,4837,0,0,1,Biker
40,1619.0,815.0,1724.0,856.0,4838,0,0,1,Biker
40,1622.0,812.0,1727.0,853.0,4839,0,0,1,Biker
40,1628.0,812.0,1732.0,853.0,4840,0,0,1,Biker
40,1633.0,810.0,1738.0,851.0,4841,0,0,1,Biker
40,1639.0,810.0,1743.0,851.0,4842,0,0,1,Biker
40,1644.0,810.0,1749.0,851.0,4843,0,0,1,Biker
40,1647.0,808.0,1751.0,849.0,4844,0,0,1,Biker
40,1652.0,808.0,1757.0,849.0,4845,0,0,1,Biker
40,1658.0,806.0,1762.0,847.0,4846,0,0,1,Biker
40,1663.0,806.0,1768.0,847.0,4847,0,0,1,Biker
40,1669.0,803.0,1773.0,844.0,4848,0,0,1,Biker
40,1672.0,803.0,1776.0,844.0,4849,0,0,1,Biker
40,1677.0,801.0,1782.0,842.0,4850,0,0,1,Biker
40,1683.0,801.0,1787.0,842.0,4851,0,0,1,Biker
40,1688.0,799.0,1793.0,840.0,4852,0,0,1,Biker
40,1694.0,799.0,1798.0,840.0,4853,0,0,1,Biker
40,1696.0,799.0,1801.0,840.0,4854,0,0,1,Biker
40,1702.0,796.0,1806.0,837.0,4855,0,0,1,Biker
40,1707.0,796.0,1812.0,837.0,4856,0,0,1,Biker
40,1713.0,794.0,1817.0,835.0,4857,0,0,1,Biker
40,1718.0,794.0,1823.0,835.0,4858,0,0,1,Biker
40,1721.0,792.0,1826.0,833.0,4859,0,0,1,Biker
40,1727.0,792.0,1831.0,833.0,4860,0,0,1,Biker
40,1732.0,790.0,1837.0,831.0,4861,0,0,1,Biker
40,1738.0,790.0,1842.0,831.0,4862,0,0,1,Biker
40,1743.0,790.0,1848.0,831.0,4863,0,0,0,Biker
40,1746.0,787.0,1850.0,828.0,4864,0,0,1,Biker
40,1749.0,787.0,1853.0,828.0,4865,0,0,1,Biker
40,1754.0,787.0,1859.0,828.0,4866,0,0,1,Biker
40,1757.0,787.0,1861.0,828.0,4867,0,0,1,Biker
40,1760.0,787.0,1864.0,828.0,4868,0,0,1,Biker
40,1765.0,787.0,1870.0,828.0,4869,0,0,1,Biker
40,1768.0,787.0,1872.0,828.0,4870,0,0,1,Biker
40,1771.0,787.0,1875.0,828.0,4871,0,0,1,Biker
40,1776.0,787.0,1881.0,828.0,4872,0,0,1,Biker
40,1779.0,787.0,1883.0,828.0,4873,0,0,1,Biker
40,1782.0,787.0,1886.0,828.0,4874,0,0,1,Biker
40,1787.0,787.0,1892.0,828.0,4875,0,0,1,Biker
40,1790.0,787.0,1894.0,828.0,4876,0,0,1,Biker
40,1793.0,787.0,1897.0,828.0,4877,0,0,1,Biker
40,1798.0,787.0,1903.0,828.0,4878,0,0,1,Biker
40,1801.0,787.0,1905.0,828.0,4879,0,0,1,Biker
40,1804.0,787.0,1908.0,828.0,4880,0,0,1,Biker
40,1809.0,787.0,1914.0,828.0,4881,0,0,1,Biker
40,1812.0,787.0,1916.0,828.0,4882,0,0,1,Biker
40,1815.0,787.0,1919.0,828.0,4883,0,0,1,Biker
40,1820.0,787.0,1925.0,828.0,4884,0,0,1,Biker
40,1823.0,787.0,1927.0,828.0,4885,0,0,1,Biker
40,1826.0,787.0,1930.0,828.0,4886,0,0,1,Biker
40,1831.0,787.0,1936.0,828.0,4887,0,0,1,Biker
40,1834.0,787.0,1938.0,828.0,4888,0,0,1,Biker
40,1837.0,787.0,1941.0,828.0,4889,0,0,1,Biker
40,1842.0,787.0,1947.0,828.0,4890,0,0,1,Biker
40,1845.0,787.0,1949.0,828.0,4891,0,0,1,Biker
40,1848.0,787.0,1952.0,828.0,4892,0,0,1,Biker
40,1853.0,787.0,1958.0,828.0,4893,0,0,0,Biker
40,1859.0,785.0,1958.0,826.0,4894,0,0,1,Biker
40,1864.0,785.0,1960.0,826.0,4895,0,0,1,Biker
40,1870.0,783.0,1963.0,824.0,4896,0,0,1,Biker
40,1878.0,783.0,1963.0,824.0,4897,0,0,1,Biker
40,1883.0,781.0,1966.0,822.0,4898,0,0,1,Biker
40,1889.0,781.0,1969.0,822.0,4899,0,0,1,Biker
40,1897.0,778.0,1969.0,819.0,4900,0,0,1,Biker
40,1903.0,778.0,1971.0,819.0,4901,0,0,1,Biker
40,1908.0,776.0,1974.0,817.0,4902,0,0,1,Biker
40,1916.0,776.0,1977.0,817.0,4903,1,0,0,Biker
40,1922.0,774.0,1977.0,815.0,4904,1,0,1,Biker
40,1930.0,774.0,1977.0,815.0,4905,1,0,1,Biker
40,1938.0,774.0,1977.0,815.0,4906,1,0,1,Biker
40,1944.0,774.0,1977.0,815.0,4907,1,0,1,Biker
40,1952.0,774.0,1977.0,815.0,4908,1,0,1,Biker
40,1960.0,774.0,1977.0,815.0,4909,1,0,1,Biker
40,1969.0,774.0,1980.0,815.0,4910,1,0,0,Biker
40,1969.0,774.0,1980.0,815.0,4911,1,0,1,Biker
40,1969.0,774.0,1980.0,815.0,4912,1,0,1,Biker
40,1969.0,774.0,1980.0,815.0,4913,1,0,1,Biker
40,1969.0,774.0,1980.0,815.0,4914,1,0,1,Biker
40,1969.0,774.0,1980.0,815.0,4915,1,0,1,Biker
40,1969.0,774.0,1980.0,815.0,4916,1,0,1,Biker
40,1969.0,774.0,1980.0,815.0,4917,1,0,1,Biker
40,1969.0,774.0,1980.0,815.0,4918,1,0,1,Biker
40,1969.0,774.0,1980.0,815.0,4919,1,0,1,Biker
40,1969.0,774.0,1980.0,815.0,4920,1,0,1,Biker
40,1969.0,774.0,1980.0,815.0,4921,1,0,1,Biker
40,1969.0,774.0,1980.0,815.0,4922,1,0,1,Biker
40,1969.0,774.0,1980.0,815.0,4923,1,0,1,Biker
40,1969.0,774.0,1980.0,815.0,4924,1,0,1,Biker
40,1969.0,774.0,1980.0,815.0,4925,1,0,1,Biker
40,1969.0,774.0,1980.0,815.0,4926,1,0,1,Biker
40,1969.0,774.0,1980.0,815.0,4927,1,0,1,Biker
40,1969.0,774.0,1980.0,815.0,4928,1,0,1,Biker
40,1969.0,774.0,1980.0,815.0,4929,1,0,1,Biker
40,1969.0,774.0,1980.0,815.0,4930,1,0,1,Biker
40,1969.0,774.0,1980.0,815.0,4931,1,0,1,Biker
40,1969.0,774.0,1980.0,815.0,4932,1,0,1,Biker
40,1969.0,774.0,1980.0,815.0,4933,1,0,1,Biker
40,1969.0,774.0,1980.0,815.0,4934,1,0,1,Biker
40,1969.0,774.0,1980.0,815.0,4935,1,0,1,Biker
40,1969.0,774.0,1980.0,815.0,4936,1,0,1,Biker
40,1969.0,774.0,1980.0,815.0,4937,1,0,1,Biker
40,1969.0,774.0,1980.0,815.0,4938,1,0,1,Biker
40,1969.0,774.0,1980.0,815.0,4939,1,0,1,Biker
40,1969.0,774.0,1980.0,815.0,4940,1,0,1,Biker
40,1969.0,774.0,1980.0,815.0,4941,1,0,1,Biker
40,1969.0,774.0,1980.0,815.0,4942,1,0,1,Biker
40,1969.0,774.0,1980.0,815.0,4943,1,0,1,Biker
40,1969.0,774.0,1980.0,815.0,4944,1,0,1,Biker
40,1969.0,774.0,1980.0,815.0,4945,1,0,1,Biker
40,1969.0,774.0,1980.0,815.0,4946,1,0,1,Biker
40,1969.0,774.0,1980.0,815.0,4947,1,0,1,Biker
40,1969.0,774.0,1980.0,815.0,4948,1,0,1,Biker
40,1969.0,774.0,1980.0,815.0,4949,1,0,1,Biker
40,1969.0,774.0,1980.0,815.0,4950,1,0,1,Biker
40,1969.0,774.0,1980.0,815.0,4951,1,0,1,Biker
40,1969.0,774.0,1980.0,815.0,4952,1,0,1,Biker
40,1969.0,774.0,1980.0,815.0,4953,1,0,1,Biker
40,1969.0,774.0,1980.0,815.0,4954,1,0,1,Biker
40,1969.0,774.0,1980.0,815.0,4955,1,0,1,Biker
40,1969.0,774.0,1980.0,815.0,4956,1,0,1,Biker
40,1969.0,774.0,1980.0,815.0,4957,1,0,1,Biker
40,1969.0,774.0,1980.0,815.0,4958,1,0,1,Biker
40,1969.0,774.0,1980.0,815.0,4959,1,0,1,Biker
40,1969.0,774.0,1980.0,815.0,4960,1,0,1,Biker
40,1969.0,774.0,1980.0,815.0,4961,1,0,1,Biker
40,1969.0,774.0,1980.0,815.0,4962,1,0,1,Biker
40,1969.0,774.0,1980.0,815.0,4963,1,0,1,Biker
40,1969.0,774.0,1980.0,815.0,4964,1,0,1,Biker
40,1969.0,774.0,1980.0,815.0,4965,1,0,1,Biker
40,1969.0,774.0,1980.0,815.0,4966,1,0,1,Biker
40,1969.0,774.0,1980.0,815.0,4967,1,0,1,Biker
40,1969.0,774.0,1980.0,815.0,4968,1,0,1,Biker
40,1969.0,774.0,1980.0,815.0,4969,1,0,1,Biker
40,1969.0,774.0,1980.0,815.0,4970,1,0,1,Biker
40,1969.0,774.0,1980.0,815.0,4971,1,0,1,Biker
40,1969.0,774.0,1980.0,815.0,4972,1,0,1,Biker
40,1969.0,774.0,1980.0,815.0,4973,1,0,1,Biker
40,1969.0,774.0,1980.0,815.0,4974,1,0,1,Biker
40,1969.0,774.0,1980.0,815.0,4975,1,0,1,Biker
40,1969.0,774.0,1980.0,815.0,4976,1,0,1,Biker
40,1969.0,774.0,1980.0,815.0,4977,1,0,1,Biker
40,1969.0,774.0,1980.0,815.0,4978,1,0,1,Biker
40,1969.0,774.0,1980.0,815.0,4979,1,0,1,Biker
40,1969.0,774.0,1980.0,815.0,4980,1,0,1,Biker
40,1969.0,774.0,1980.0,815.0,4981,1,0,1,Biker
40,1969.0,774.0,1980.0,815.0,4982,1,0,1,Biker
40,1969.0,774.0,1980.0,815.0,4983,1,0,1,Biker
40,1969.0,774.0,1980.0,815.0,4984,1,0,1,Biker
40,1969.0,774.0,1980.0,815.0,4985,1,0,1,Biker
40,1969.0,774.0,1980.0,815.0,4986,1,0,1,Biker
40,1969.0,774.0,1980.0,815.0,4987,1,0,1,Biker
40,1969.0,774.0,1980.0,815.0,4988,1,0,1,Biker
40,1969.0,774.0,1980.0,815.0,4989,1,0,1,Biker
40,1969.0,774.0,1980.0,815.0,4990,1,0,1,Biker
40,1969.0,774.0,1980.0,815.0,4991,1,0,1,Biker
40,1969.0,774.0,1980.0,815.0,4992,1,0,1,Biker
40,1969.0,774.0,1980.0,815.0,4993,1,0,1,Biker
40,1969.0,774.0,1980.0,815.0,4994,1,0,1,Biker
40,1969.0,774.0,1980.0,815.0,4995,1,0,1,Biker
40,1969.0,774.0,1980.0,815.0,4996,1,0,1,Biker
40,1969.0,774.0,1980.0,815.0,4997,1,0,1,Biker
40,1969.0,774.0,1980.0,815.0,4998,1,0,1,Biker
40,1969.0,774.0,1980.0,815.0,4999,1,0,1,Biker
40,1969.0,774.0,1980.0,815.0,5000,1,0,1,Biker
40,1969.0,774.0,1980.0,815.0,5001,1,0,1,Biker
40,1969.0,774.0,1980.0,815.0,5002,1,0,1,Biker
40,1969.0,774.0,1980.0,815.0,5003,1,0,1,Biker
40,1969.0,774.0,1980.0,815.0,5004,1,0,1,Biker
40,1969.0,774.0,1980.0,815.0,5005,1,0,1,Biker
40,1969.0,774.0,1980.0,815.0,5006,1,0,1,Biker
40,1969.0,774.0,1980.0,815.0,5007,1,0,1,Biker
40,1969.0,774.0,1980.0,815.0,5008,1,0,1,Biker
40,1969.0,774.0,1980.0,815.0,5009,1,0,1,Biker
40,1969.0,774.0,1980.0,815.0,5010,1,0,1,Biker
40,1969.0,774.0,1980.0,815.0,5011,1,0,1,Biker
40,1969.0,774.0,1980.0,815.0,5012,1,0,1,Biker
40,1969.0,774.0,1980.0,815.0,5013,1,0,1,Biker
40,1969.0,774.0,1980.0,815.0,5014,1,0,1,Biker
40,1969.0,774.0,1980.0,815.0,5015,1,0,1,Biker
40,1969.0,774.0,1980.0,815.0,5016,1,0,1,Biker
40,1969.0,774.0,1980.0,815.0,5017,1,0,1,Biker
40,1969.0,774.0,1980.0,815.0,5018,1,0,1,Biker
40,1969.0,774.0,1980.0,815.0,5019,1,0,1,Biker
40,1969.0,774.0,1980.0,815.0,5020,1,0,1,Biker
40,1969.0,774.0,1980.0,815.0,5021,1,0,1,Biker
40,1969.0,774.0,1980.0,815.0,5022,1,0,1,Biker
40,1969.0,774.0,1980.0,815.0,5023,1,0,1,Biker
40,1969.0,774.0,1980.0,815.0,5024,1,0,1,Biker
40,1969.0,774.0,1980.0,815.0,5025,1,0,1,Biker
40,1969.0,774.0,1980.0,815.0,5026,1,0,1,Biker
40,1969.0,774.0,1980.0,815.0,5027,1,0,1,Biker
40,1969.0,774.0,1980.0,815.0,5028,1,0,1,Biker
40,1969.0,774.0,1980.0,815.0,5029,1,0,1,Biker
40,1969.0,774.0,1980.0,815.0,5030,1,0,1,Biker
40,1969.0,774.0,1980.0,815.0,5031,1,0,0,Biker
41,5.0,931.0,57.0,983.0,6500,1,0,0,Biker
41,5.0,931.0,57.0,983.0,6501,1,0,1,Biker
41,5.0,931.0,57.0,983.0,6502,1,0,1,Biker
41,5.0,931.0,57.0,983.0,6503,1,0,1,Biker
41,5.0,931.0,57.0,983.0,6504,1,0,1,Biker
41,5.0,931.0,57.0,983.0,6505,1,0,1,Biker
41,5.0,931.0,57.0,983.0,6506,1,0,1,Biker
41,5.0,931.0,57.0,983.0,6507,1,0,1,Biker
41,5.0,931.0,57.0,983.0,6508,1,0,1,Biker
41,5.0,931.0,57.0,983.0,6509,1,0,1,Biker
41,5.0,931.0,57.0,983.0,6510,1,0,1,Biker
41,5.0,931.0,57.0,983.0,6511,1,0,1,Biker
41,5.0,931.0,57.0,983.0,6512,1,0,1,Biker
41,5.0,931.0,57.0,983.0,6513,1,0,1,Biker
41,5.0,931.0,57.0,983.0,6514,1,0,1,Biker
41,5.0,931.0,57.0,983.0,6515,1,0,1,Biker
41,5.0,931.0,57.0,983.0,6516,1,0,1,Biker
41,5.0,931.0,57.0,983.0,6517,1,0,1,Biker
41,5.0,931.0,57.0,983.0,6518,1,0,1,Biker
41,5.0,931.0,57.0,983.0,6519,1,0,1,Biker
41,5.0,931.0,57.0,983.0,6520,1,0,1,Biker
41,5.0,931.0,57.0,983.0,6521,1,0,1,Biker
41,5.0,931.0,57.0,983.0,6522,1,0,1,Biker
41,5.0,931.0,57.0,983.0,6523,1,0,1,Biker
41,5.0,931.0,57.0,983.0,6524,1,0,1,Biker
41,5.0,931.0,57.0,983.0,6525,1,0,1,Biker
41,5.0,931.0,57.0,983.0,6526,1,0,1,Biker
41,5.0,931.0,57.0,983.0,6527,1,0,1,Biker
41,5.0,931.0,57.0,983.0,6528,1,0,1,Biker
41,5.0,931.0,57.0,983.0,6529,1,0,1,Biker
41,5.0,931.0,57.0,983.0,6530,1,0,1,Biker
41,5.0,931.0,57.0,983.0,6531,1,0,1,Biker
41,5.0,931.0,57.0,983.0,6532,1,0,1,Biker
41,5.0,931.0,57.0,983.0,6533,1,0,1,Biker
41,5.0,931.0,57.0,983.0,6534,1,0,1,Biker
41,5.0,931.0,57.0,983.0,6535,1,0,1,Biker
41,5.0,931.0,57.0,983.0,6536,1,0,1,Biker
41,5.0,931.0,57.0,983.0,6537,1,0,1,Biker
41,5.0,931.0,57.0,983.0,6538,1,0,1,Biker
41,5.0,931.0,57.0,983.0,6539,1,0,1,Biker
41,5.0,931.0,57.0,983.0,6540,1,0,1,Biker
41,5.0,931.0,57.0,983.0,6541,1,0,1,Biker
41,5.0,931.0,57.0,983.0,6542,1,0,1,Biker
41,5.0,931.0,57.0,983.0,6543,1,0,1,Biker
41,5.0,931.0,57.0,983.0,6544,1,0,1,Biker
41,5.0,931.0,57.0,983.0,6545,1,0,1,Biker
41,5.0,931.0,57.0,983.0,6546,1,0,1,Biker
41,5.0,931.0,57.0,983.0,6547,1,0,1,Biker
41,5.0,931.0,57.0,983.0,6548,1,0,1,Biker
41,5.0,931.0,57.0,983.0,6549,1,0,1,Biker
41,5.0,931.0,57.0,983.0,6550,1,0,1,Biker
41,5.0,931.0,57.0,983.0,6551,1,0,1,Biker
41,5.0,931.0,57.0,983.0,6552,1,0,1,Biker
41,5.0,931.0,57.0,983.0,6553,1,0,1,Biker
41,5.0,931.0,57.0,983.0,6554,1,0,1,Biker
41,5.0,931.0,57.0,983.0,6555,1,0,1,Biker
41,5.0,931.0,57.0,983.0,6556,1,0,1,Biker
41,5.0,931.0,57.0,983.0,6557,1,0,1,Biker
41,5.0,931.0,57.0,983.0,6558,1,0,1,Biker
41,5.0,931.0,57.0,983.0,6559,1,0,1,Biker
41,5.0,931.0,57.0,983.0,6560,1,0,1,Biker
41,5.0,931.0,57.0,983.0,6561,1,0,1,Biker
41,5.0,931.0,57.0,983.0,6562,1,0,1,Biker
41,5.0,931.0,57.0,983.0,6563,1,0,1,Biker
41,5.0,931.0,57.0,983.0,6564,1,0,1,Biker
41,5.0,931.0,57.0,983.0,6565,1,0,1,Biker
41,5.0,931.0,57.0,983.0,6566,1,0,1,Biker
41,5.0,931.0,57.0,983.0,6567,1,0,1,Biker
41,5.0,931.0,57.0,983.0,6568,1,0,1,Biker
41,5.0,931.0,57.0,983.0,6569,1,0,1,Biker
41,5.0,931.0,57.0,983.0,6570,1,0,1,Biker
41,5.0,931.0,57.0,983.0,6571,1,0,1,Biker
41,5.0,931.0,57.0,983.0,6572,1,0,1,Biker
41,5.0,931.0,57.0,983.0,6573,1,0,1,Biker
41,5.0,931.0,57.0,983.0,6574,1,0,1,Biker
41,5.0,931.0,57.0,983.0,6575,1,0,1,Biker
41,5.0,931.0,57.0,983.0,6576,1,0,1,Biker
41,5.0,931.0,57.0,983.0,6577,1,0,1,Biker
41,5.0,931.0,57.0,983.0,6578,1,0,1,Biker
41,5.0,931.0,57.0,983.0,6579,1,0,1,Biker
41,5.0,931.0,57.0,983.0,6580,1,0,1,Biker
41,5.0,931.0,57.0,983.0,6581,1,0,1,Biker
41,5.0,931.0,57.0,983.0,6582,1,0,1,Biker
41,5.0,931.0,57.0,983.0,6583,1,0,1,Biker
41,5.0,931.0,57.0,983.0,6584,1,0,1,Biker
41,5.0,931.0,57.0,983.0,6585,1,0,1,Biker
41,5.0,931.0,57.0,983.0,6586,1,0,1,Biker
41,5.0,931.0,57.0,983.0,6587,1,0,1,Biker
41,5.0,931.0,57.0,983.0,6588,1,0,1,Biker
41,5.0,931.0,57.0,983.0,6589,1,0,1,Biker
41,5.0,931.0,57.0,983.0,6590,1,0,1,Biker
41,5.0,931.0,57.0,983.0,6591,1,0,1,Biker
41,5.0,931.0,57.0,983.0,6592,1,0,1,Biker
41,5.0,931.0,57.0,983.0,6593,1,0,1,Biker
41,5.0,931.0,57.0,983.0,6594,1,0,1,Biker
41,5.0,931.0,57.0,983.0,6595,1,0,1,Biker
41,5.0,931.0,57.0,983.0,6596,1,0,1,Biker
41,5.0,931.0,57.0,983.0,6597,1,0,1,Biker
41,5.0,931.0,57.0,983.0,6598,1,0,1,Biker
41,5.0,931.0,57.0,983.0,6599,1,0,1,Biker
41,5.0,931.0,57.0,983.0,6600,1,0,1,Biker
41,5.0,931.0,57.0,983.0,6601,1,0,1,Biker
41,5.0,931.0,57.0,983.0,6602,1,0,1,Biker
41,5.0,931.0,57.0,983.0,6603,1,0,1,Biker
41,5.0,931.0,57.0,983.0,6604,1,0,1,Biker
41,5.0,931.0,57.0,983.0,6605,1,0,1,Biker
41,5.0,931.0,57.0,983.0,6606,1,0,1,Biker
41,5.0,931.0,57.0,983.0,6607,1,0,1,Biker
41,5.0,931.0,57.0,983.0,6608,1,0,1,Biker
41,5.0,931.0,57.0,983.0,6609,1,0,1,Biker
41,5.0,931.0,57.0,983.0,6610,1,0,1,Biker
41,5.0,931.0,57.0,983.0,6611,1,0,1,Biker
41,5.0,931.0,57.0,983.0,6612,1,0,1,Biker
41,5.0,931.0,57.0,983.0,6613,1,0,1,Biker
41,5.0,931.0,57.0,983.0,6614,1,0,1,Biker
41,5.0,931.0,57.0,983.0,6615,1,0,1,Biker
41,5.0,931.0,57.0,983.0,6616,1,0,1,Biker
41,5.0,931.0,57.0,983.0,6617,1,0,1,Biker
41,5.0,931.0,57.0,983.0,6618,1,0,1,Biker
41,5.0,931.0,57.0,983.0,6619,1,0,1,Biker
41,5.0,931.0,57.0,983.0,6620,1,0,1,Biker
41,5.0,931.0,57.0,983.0,6621,1,0,1,Biker
41,5.0,931.0,57.0,983.0,6622,1,0,1,Biker
41,5.0,931.0,57.0,983.0,6623,1,0,1,Biker
41,5.0,931.0,57.0,983.0,6624,1,0,1,Biker
41,5.0,931.0,57.0,983.0,6625,1,0,1,Biker
41,5.0,931.0,57.0,983.0,6626,1,0,1,Biker
41,5.0,931.0,57.0,983.0,6627,1,0,1,Biker
41,5.0,931.0,57.0,983.0,6628,1,0,1,Biker
41,5.0,931.0,57.0,983.0,6629,1,0,1,Biker
41,5.0,931.0,57.0,983.0,6630,1,0,1,Biker
41,5.0,931.0,57.0,983.0,6631,1,0,1,Biker
41,5.0,931.0,57.0,983.0,6632,1,0,1,Biker
41,5.0,931.0,57.0,983.0,6633,1,0,1,Biker
41,5.0,931.0,57.0,983.0,6634,1,0,1,Biker
41,5.0,931.0,57.0,983.0,6635,1,0,1,Biker
41,5.0,931.0,57.0,983.0,6636,1,0,1,Biker
41,5.0,931.0,57.0,983.0,6637,1,0,1,Biker
41,5.0,931.0,57.0,983.0,6638,1,0,1,Biker
41,5.0,931.0,57.0,983.0,6639,1,0,1,Biker
41,5.0,931.0,57.0,983.0,6640,1,0,1,Biker
41,5.0,931.0,57.0,983.0,6641,1,0,1,Biker
41,5.0,931.0,57.0,983.0,6642,1,0,1,Biker
41,5.0,931.0,57.0,983.0,6643,1,0,1,Biker
41,5.0,931.0,57.0,983.0,6644,1,0,1,Biker
41,5.0,931.0,57.0,983.0,6645,1,0,1,Biker
41,5.0,931.0,57.0,983.0,6646,1,0,1,Biker
41,5.0,931.0,57.0,983.0,6647,1,0,1,Biker
41,5.0,931.0,57.0,983.0,6648,1,0,1,Biker
41,5.0,931.0,57.0,983.0,6649,1,0,1,Biker
41,5.0,931.0,57.0,983.0,6650,1,0,1,Biker
41,5.0,931.0,57.0,983.0,6651,1,0,1,Biker
41,5.0,931.0,57.0,983.0,6652,1,0,1,Biker
41,5.0,931.0,57.0,983.0,6653,1,0,1,Biker
41,5.0,931.0,57.0,983.0,6654,1,0,1,Biker
41,5.0,931.0,57.0,983.0,6655,1,0,1,Biker
41,5.0,931.0,57.0,983.0,6656,1,0,1,Biker
41,5.0,931.0,57.0,983.0,6657,1,0,1,Biker
41,5.0,931.0,57.0,983.0,6658,1,0,1,Biker
41,5.0,931.0,57.0,983.0,6659,1,0,1,Biker
41,5.0,931.0,57.0,983.0,6660,1,0,1,Biker
41,5.0,931.0,57.0,983.0,6661,1,0,1,Biker
41,5.0,931.0,57.0,983.0,6662,1,0,1,Biker
41,5.0,931.0,57.0,983.0,6663,1,0,1,Biker
41,5.0,931.0,57.0,983.0,6664,1,0,1,Biker
41,5.0,931.0,57.0,983.0,6665,1,0,1,Biker
41,5.0,931.0,57.0,983.0,6666,1,0,1,Biker
41,5.0,931.0,57.0,983.0,6667,1,0,1,Biker
41,5.0,931.0,57.0,983.0,6668,1,0,1,Biker
41,5.0,931.0,57.0,983.0,6669,1,0,1,Biker
41,5.0,931.0,57.0,983.0,6670,1,0,1,Biker
41,5.0,931.0,57.0,983.0,6671,1,0,1,Biker
41,5.0,931.0,57.0,983.0,6672,1,0,1,Biker
41,5.0,931.0,57.0,983.0,6673,1,0,1,Biker
41,5.0,931.0,57.0,983.0,6674,1,0,1,Biker
41,5.0,931.0,57.0,983.0,6675,1,0,1,Biker
41,5.0,931.0,57.0,983.0,6676,1,0,1,Biker
41,5.0,931.0,57.0,983.0,6677,1,0,1,Biker
41,5.0,931.0,57.0,983.0,6678,1,0,1,Biker
41,5.0,931.0,57.0,983.0,6679,1,0,1,Biker
41,5.0,931.0,57.0,983.0,6680,1,0,1,Biker
41,5.0,931.0,57.0,983.0,6681,1,0,1,Biker
41,5.0,931.0,57.0,983.0,6682,1,0,1,Biker
41,5.0,931.0,57.0,983.0,6683,1,0,1,Biker
41,5.0,931.0,57.0,983.0,6684,1,0,1,Biker
41,5.0,931.0,57.0,983.0,6685,1,0,1,Biker
41,5.0,931.0,57.0,983.0,6686,1,0,1,Biker
41,5.0,931.0,57.0,983.0,6687,1,0,1,Biker
41,5.0,931.0,57.0,983.0,6688,1,0,1,Biker
41,5.0,931.0,57.0,983.0,6689,1,0,1,Biker
41,5.0,931.0,57.0,983.0,6690,1,0,1,Biker
41,5.0,931.0,57.0,983.0,6691,1,0,1,Biker
41,5.0,931.0,57.0,983.0,6692,1,0,1,Biker
41,5.0,931.0,57.0,983.0,6693,1,0,1,Biker
41,5.0,931.0,57.0,983.0,6694,1,0,1,Biker
41,5.0,931.0,57.0,983.0,6695,1,0,1,Biker
41,5.0,931.0,57.0,983.0,6696,1,0,1,Biker
41,5.0,931.0,57.0,983.0,6697,1,0,1,Biker
41,5.0,931.0,57.0,983.0,6698,1,0,1,Biker
41,5.0,931.0,57.0,983.0,6699,1,0,1,Biker
41,5.0,931.0,57.0,983.0,6700,1,0,1,Biker
41,5.0,931.0,57.0,983.0,6701,1,0,1,Biker
41,5.0,931.0,57.0,983.0,6702,1,0,1,Biker
41,5.0,931.0,57.0,983.0,6703,1,0,1,Biker
41,5.0,931.0,57.0,983.0,6704,1,0,1,Biker
41,5.0,931.0,57.0,983.0,6705,1,0,1,Biker
41,5.0,931.0,57.0,983.0,6706,1,0,1,Biker
41,5.0,931.0,57.0,983.0,6707,1,0,1,Biker
41,5.0,931.0,57.0,983.0,6708,1,0,1,Biker
41,5.0,931.0,57.0,983.0,6709,1,0,1,Biker
41,5.0,931.0,57.0,983.0,6710,1,0,1,Biker
41,5.0,931.0,57.0,983.0,6711,1,0,1,Biker
41,5.0,931.0,57.0,983.0,6712,1,0,1,Biker
41,5.0,931.0,57.0,983.0,6713,1,0,1,Biker
41,5.0,931.0,57.0,983.0,6714,1,0,1,Biker
41,5.0,931.0,57.0,983.0,6715,1,0,1,Biker
41,5.0,931.0,57.0,983.0,6716,1,0,1,Biker
41,5.0,931.0,57.0,983.0,6717,1,0,1,Biker
41,5.0,931.0,57.0,983.0,6718,1,0,1,Biker
41,5.0,931.0,57.0,983.0,6719,1,0,1,Biker
41,5.0,931.0,57.0,983.0,6720,1,0,1,Biker
41,5.0,931.0,57.0,983.0,6721,1,0,1,Biker
41,5.0,931.0,57.0,983.0,6722,1,0,1,Biker
41,5.0,931.0,57.0,983.0,6723,1,0,1,Biker
41,5.0,931.0,57.0,983.0,6724,1,0,1,Biker
41,5.0,931.0,57.0,983.0,6725,1,0,1,Biker
41,5.0,931.0,57.0,983.0,6726,1,0,1,Biker
41,5.0,931.0,57.0,983.0,6727,1,0,1,Biker
41,5.0,931.0,57.0,983.0,6728,1,0,1,Biker
41,5.0,931.0,57.0,983.0,6729,1,0,1,Biker
41,5.0,931.0,57.0,983.0,6730,1,0,1,Biker
41,5.0,931.0,57.0,983.0,6731,1,0,1,Biker
41,5.0,931.0,57.0,983.0,6732,1,0,1,Biker
41,5.0,931.0,57.0,983.0,6733,1,0,1,Biker
41,5.0,931.0,57.0,983.0,6734,1,0,1,Biker
41,5.0,931.0,57.0,983.0,6735,1,0,1,Biker
41,5.0,931.0,57.0,983.0,6736,1,0,1,Biker
41,5.0,931.0,57.0,983.0,6737,1,0,1,Biker
41,5.0,931.0,57.0,983.0,6738,1,0,1,Biker
41,5.0,931.0,57.0,983.0,6739,1,0,1,Biker
41,5.0,931.0,57.0,983.0,6740,1,0,1,Biker
41,5.0,931.0,57.0,983.0,6741,1,0,1,Biker
41,5.0,931.0,57.0,983.0,6742,1,0,1,Biker
41,5.0,931.0,57.0,983.0,6743,1,0,1,Biker
41,5.0,931.0,57.0,983.0,6744,1,0,1,Biker
41,5.0,931.0,57.0,983.0,6745,1,0,1,Biker
41,5.0,931.0,57.0,983.0,6746,1,0,1,Biker
41,5.0,931.0,57.0,983.0,6747,1,0,1,Biker
41,5.0,931.0,57.0,983.0,6748,0,0,0,Biker
41,8.0,929.0,60.0,981.0,6749,0,0,1,Biker
41,13.0,929.0,66.0,981.0,6750,0,0,1,Biker
41,19.0,929.0,71.0,981.0,6751,0,0,1,Biker
41,24.0,929.0,77.0,981.0,6752,0,0,1,Biker
41,30.0,929.0,82.0,981.0,6753,0,0,1,Biker
41,35.0,929.0,88.0,981.0,6754,0,0,1,Biker
41,41.0,929.0,93.0,981.0,6755,0,0,1,Biker
41,46.0,929.0,99.0,981.0,6756,0,0,1,Biker
41,52.0,929.0,104.0,981.0,6757,0,0,1,Biker
41,57.0,929.0,110.0,981.0,6758,0,0,1,Biker
41,63.0,929.0,115.0,981.0,6759,0,0,1,Biker
41,68.0,929.0,121.0,981.0,6760,0,0,1,Biker
41,74.0,929.0,126.0,981.0,6761,0,0,1,Biker
41,79.0,929.0,132.0,981.0,6762,0,0,1,Biker
41,85.0,929.0,137.0,981.0,6763,0,0,1,Biker
41,90.0,929.0,143.0,981.0,6764,0,0,1,Biker
41,96.0,929.0,148.0,981.0,6765,0,0,1,Biker
41,101.0,929.0,154.0,981.0,6766,0,0,1,Biker
41,107.0,929.0,159.0,981.0,6767,0,0,1,Biker
41,112.0,929.0,165.0,981.0,6768,0,0,1,Biker
41,118.0,929.0,170.0,981.0,6769,0,0,1,Biker
41,123.0,929.0,176.0,981.0,6770,0,0,1,Biker
41,129.0,929.0,181.0,981.0,6771,0,0,1,Biker
41,134.0,929.0,187.0,981.0,6772,0,0,1,Biker
41,140.0,929.0,192.0,981.0,6773,0,0,1,Biker
41,145.0,929.0,198.0,981.0,6774,0,0,1,Biker
41,151.0,926.0,203.0,979.0,6775,0,0,1,Biker
41,156.0,926.0,209.0,979.0,6776,0,0,1,Biker
41,162.0,926.0,214.0,979.0,6777,0,0,1,Biker
41,167.0,926.0,220.0,979.0,6778,0,0,1,Biker
41,173.0,926.0,225.0,979.0,6779,0,0,1,Biker
41,178.0,926.0,231.0,979.0,6780,0,0,1,Biker
41,184.0,926.0,236.0,979.0,6781,0,0,1,Biker
41,187.0,926.0,239.0,979.0,6782,0,0,1,Biker
41,192.0,926.0,244.0,979.0,6783,0,0,1,Biker
41,198.0,926.0,250.0,979.0,6784,0,0,1,Biker
41,203.0,926.0,255.0,979.0,6785,0,0,1,Biker
41,209.0,926.0,261.0,979.0,6786,0,0,1,Biker
41,214.0,926.0,266.0,979.0,6787,0,0,1,Biker
41,220.0,926.0,272.0,979.0,6788,0,0,1,Biker
41,225.0,926.0,277.0,979.0,6789,0,0,1,Biker
41,231.0,926.0,283.0,979.0,6790,0,0,1,Biker
41,236.0,926.0,288.0,979.0,6791,0,0,1,Biker
41,242.0,926.0,294.0,979.0,6792,0,0,1,Biker
41,247.0,926.0,299.0,979.0,6793,0,0,1,Biker
41,253.0,926.0,305.0,979.0,6794,0,0,1,Biker
41,258.0,926.0,310.0,979.0,6795,0,0,1,Biker
41,264.0,926.0,316.0,979.0,6796,0,0,1,Biker
41,269.0,926.0,321.0,979.0,6797,0,0,1,Biker
41,275.0,926.0,327.0,979.0,6798,0,0,1,Biker
41,280.0,926.0,332.0,979.0,6799,0,0,1,Biker
41,286.0,926.0,338.0,979.0,6800,0,0,1,Biker
41,291.0,924.0,343.0,976.0,6801,0,0,1,Biker
41,297.0,924.0,349.0,976.0,6802,0,0,1,Biker
41,302.0,924.0,354.0,976.0,6803,0,0,1,Biker
41,308.0,924.0,360.0,976.0,6804,0,0,1,Biker
41,313.0,924.0,365.0,976.0,6805,0,0,1,Biker
41,319.0,924.0,371.0,976.0,6806,0,0,1,Biker
41,324.0,924.0,376.0,976.0,6807,0,0,1,Biker
41,330.0,924.0,382.0,976.0,6808,0,0,1,Biker
41,335.0,924.0,387.0,976.0,6809,0,0,1,Biker
41,341.0,924.0,393.0,976.0,6810,0,0,1,Biker
41,346.0,924.0,398.0,976.0,6811,0,0,1,Biker
41,352.0,924.0,404.0,976.0,6812,0,0,1,Biker
41,357.0,924.0,409.0,976.0,6813,0,0,1,Biker
41,363.0,924.0,415.0,976.0,6814,0,0,1,Biker
41,365.0,924.0,418.0,976.0,6815,0,0,1,Biker
41,371.0,924.0,423.0,976.0,6816,0,0,1,Biker
41,376.0,924.0,429.0,976.0,6817,0,0,1,Biker
41,382.0,924.0,434.0,976.0,6818,0,0,1,Biker
41,387.0,924.0,440.0,976.0,6819,0,0,1,Biker
41,393.0,924.0,445.0,976.0,6820,0,0,1,Biker
41,398.0,924.0,451.0,976.0,6821,0,0,1,Biker
41,404.0,924.0,456.0,976.0,6822,0,0,1,Biker
41,409.0,924.0,462.0,976.0,6823,0,0,1,Biker
41,415.0,924.0,467.0,976.0,6824,0,0,1,Biker
41,420.0,924.0,473.0,976.0,6825,0,0,1,Biker
41,426.0,924.0,478.0,976.0,6826,0,0,1,Biker
41,431.0,924.0,484.0,976.0,6827,0,0,1,Biker
41,437.0,922.0,489.0,974.0,6828,0,0,1,Biker
41,442.0,922.0,495.0,974.0,6829,0,0,1,Biker
41,448.0,922.0,500.0,974.0,6830,0,0,1,Biker
41,453.0,922.0,506.0,974.0,6831,0,0,1,Biker
41,459.0,922.0,511.0,974.0,6832,0,0,1,Biker
41,464.0,922.0,517.0,974.0,6833,0,0,1,Biker
41,470.0,922.0,522.0,974.0,6834,0,0,1,Biker
41,475.0,922.0,528.0,974.0,6835,0,0,1,Biker
41,481.0,922.0,533.0,974.0,6836,0,0,1,Biker
41,486.0,922.0,539.0,974.0,6837,0,0,1,Biker
41,492.0,922.0,544.0,974.0,6838,0,0,1,Biker
41,497.0,922.0,550.0,974.0,6839,0,0,1,Biker
41,503.0,922.0,555.0,974.0,6840,0,0,1,Biker
41,508.0,922.0,561.0,974.0,6841,0,0,1,Biker
41,514.0,922.0,566.0,974.0,6842,0,0,1,Biker
41,519.0,922.0,572.0,974.0,6843,0,0,1,Biker
41,525.0,922.0,577.0,974.0,6844,0,0,1,Biker
41,530.0,922.0,583.0,974.0,6845,0,0,1,Biker
41,536.0,922.0,588.0,974.0,6846,0,0,1,Biker
41,541.0,922.0,594.0,974.0,6847,0,0,1,Biker
41,544.0,922.0,596.0,974.0,6848,0,0,1,Biker
41,550.0,922.0,602.0,974.0,6849,0,0,1,Biker
41,555.0,922.0,607.0,974.0,6850,0,0,1,Biker
41,561.0,922.0,613.0,974.0,6851,0,0,1,Biker
41,566.0,922.0,618.0,974.0,6852,0,0,1,Biker
41,572.0,922.0,624.0,974.0,6853,0,0,1,Biker
41,577.0,919.0,629.0,972.0,6854,0,0,1,Biker
41,583.0,919.0,635.0,972.0,6855,0,0,1,Biker
41,588.0,919.0,640.0,972.0,6856,0,0,1,Biker
41,594.0,919.0,646.0,972.0,6857,0,0,1,Biker
41,599.0,919.0,651.0,972.0,6858,0,0,1,Biker
41,605.0,919.0,657.0,972.0,6859,0,0,1,Biker
41,610.0,919.0,662.0,972.0,6860,0,0,1,Biker
41,616.0,919.0,668.0,972.0,6861,0,0,1,Biker
41,621.0,919.0,673.0,972.0,6862,0,0,1,Biker
41,627.0,919.0,679.0,972.0,6863,0,0,1,Biker
41,632.0,919.0,684.0,972.0,6864,0,0,1,Biker
41,638.0,919.0,690.0,972.0,6865,0,0,1,Biker
41,643.0,919.0,695.0,972.0,6866,0,0,1,Biker
41,649.0,919.0,701.0,972.0,6867,0,0,1,Biker
41,654.0,919.0,706.0,972.0,6868,0,0,1,Biker
41,660.0,919.0,712.0,972.0,6869,0,0,1,Biker
41,665.0,919.0,717.0,972.0,6870,0,0,1,Biker
41,671.0,919.0,723.0,972.0,6871,0,0,1,Biker
41,676.0,919.0,728.0,972.0,6872,0,0,1,Biker
41,682.0,919.0,734.0,972.0,6873,0,0,1,Biker
41,687.0,919.0,739.0,972.0,6874,0,0,1,Biker
41,693.0,919.0,745.0,972.0,6875,0,0,1,Biker
41,698.0,919.0,750.0,972.0,6876,0,0,1,Biker
41,704.0,919.0,756.0,972.0,6877,0,0,1,Biker
41,709.0,919.0,761.0,972.0,6878,0,0,1,Biker
41,715.0,919.0,767.0,972.0,6879,0,0,1,Biker
41,720.0,919.0,772.0,972.0,6880,0,0,0,Biker
41,726.0,917.0,778.0,970.0,6881,0,0,1,Biker
41,731.0,917.0,783.0,970.0,6882,0,0,1,Biker
41,737.0,917.0,789.0,970.0,6883,0,0,1,Biker
41,742.0,917.0,794.0,970.0,6884,0,0,1,Biker
41,748.0,917.0,800.0,970.0,6885,0,0,1,Biker
41,753.0,917.0,805.0,970.0,6886,0,0,1,Biker
41,759.0,917.0,811.0,970.0,6887,0,0,1,Biker
41,764.0,917.0,816.0,970.0,6888,0,0,1,Biker
41,770.0,917.0,822.0,970.0,6889,0,0,1,Biker
41,775.0,917.0,827.0,970.0,6890,0,0,1,Biker
41,781.0,917.0,833.0,970.0,6891,0,0,1,Biker
41,786.0,917.0,838.0,970.0,6892,0,0,1,Biker
41,792.0,917.0,844.0,970.0,6893,0,0,1,Biker
41,800.0,915.0,852.0,967.0,6894,0,0,1,Biker
41,805.0,915.0,858.0,967.0,6895,0,0,1,Biker
41,811.0,915.0,863.0,967.0,6896,0,0,1,Biker
41,816.0,915.0,869.0,967.0,6897,0,0,1,Biker
41,822.0,915.0,874.0,967.0,6898,0,0,1,Biker
41,827.0,915.0,880.0,967.0,6899,0,0,1,Biker
41,833.0,915.0,885.0,967.0,6900,0,0,1,Biker
41,838.0,915.0,891.0,967.0,6901,0,0,1,Biker
41,844.0,915.0,896.0,967.0,6902,0,0,1,Biker
41,849.0,915.0,902.0,967.0,6903,0,0,1,Biker
41,855.0,915.0,907.0,967.0,6904,0,0,1,Biker
41,860.0,915.0,913.0,967.0,6905,0,0,1,Biker
41,866.0,915.0,918.0,967.0,6906,0,0,1,Biker
41,874.0,915.0,926.0,967.0,6907,0,0,1,Biker
41,880.0,913.0,932.0,965.0,6908,0,0,1,Biker
41,885.0,913.0,937.0,965.0,6909,0,0,1,Biker
41,891.0,913.0,943.0,965.0,6910,0,0,1,Biker
41,896.0,913.0,948.0,965.0,6911,0,0,1,Biker
41,902.0,913.0,954.0,965.0,6912,0,0,1,Biker
41,907.0,913.0,959.0,965.0,6913,0,0,1,Biker
41,913.0,913.0,965.0,965.0,6914,0,0,1,Biker
41,918.0,913.0,970.0,965.0,6915,0,0,1,Biker
41,924.0,913.0,976.0,965.0,6916,0,0,1,Biker
41,929.0,913.0,981.0,965.0,6917,0,0,1,Biker
41,935.0,913.0,987.0,965.0,6918,0,0,1,Biker
41,940.0,913.0,992.0,965.0,6919,0,0,1,Biker
41,946.0,913.0,998.0,965.0,6920,0,0,1,Biker
41,954.0,910.0,1006.0,963.0,6921,0,0,1,Biker
41,959.0,910.0,1012.0,963.0,6922,0,0,1,Biker
41,965.0,910.0,1017.0,963.0,6923,0,0,1,Biker
41,970.0,910.0,1023.0,963.0,6924,0,0,1,Biker
41,976.0,910.0,1028.0,963.0,6925,0,0,1,Biker
41,981.0,910.0,1034.0,963.0,6926,0,0,1,Biker
41,987.0,910.0,1039.0,963.0,6927,0,0,1,Biker
41,992.0,910.0,1045.0,963.0,6928,0,0,1,Biker
41,998.0,910.0,1050.0,963.0,6929,0,0,1,Biker
41,1003.0,910.0,1056.0,963.0,6930,0,0,1,Biker
41,1009.0,910.0,1061.0,963.0,6931,0,0,1,Biker
41,1014.0,910.0,1067.0,963.0,6932,0,0,1,Biker
41,1020.0,910.0,1072.0,963.0,6933,0,0,1,Biker
41,1028.0,910.0,1080.0,963.0,6934,0,0,0,Biker
41,1031.0,910.0,1083.0,963.0,6935,0,0,1,Biker
41,1036.0,910.0,1089.0,963.0,6936,0,0,1,Biker
41,1042.0,910.0,1094.0,963.0,6937,0,0,1,Biker
41,1047.0,910.0,1100.0,963.0,6938,0,0,1,Biker
41,1053.0,910.0,1105.0,963.0,6939,0,0,1,Biker
41,1058.0,910.0,1111.0,963.0,6940,0,0,1,Biker
41,1064.0,910.0,1116.0,963.0,6941,0,0,1,Biker
41,1069.0,910.0,1122.0,963.0,6942,0,0,1,Biker
41,1075.0,910.0,1127.0,963.0,6943,0,0,1,Biker
41,1080.0,910.0,1133.0,963.0,6944,0,0,1,Biker
41,1086.0,913.0,1138.0,965.0,6945,0,0,1,Biker
41,1091.0,913.0,1144.0,965.0,6946,0,0,1,Biker
41,1097.0,913.0,1149.0,965.0,6947,0,0,1,Biker
41,1102.0,913.0,1155.0,965.0,6948,0,0,1,Biker
41,1108.0,913.0,1160.0,965.0,6949,0,0,1,Biker
41,1113.0,913.0,1166.0,965.0,6950,0,0,1,Biker
41,1119.0,913.0,1171.0,965.0,6951,0,0,1,Biker
41,1124.0,913.0,1177.0,965.0,6952,0,0,1,Biker
41,1130.0,913.0,1182.0,965.0,6953,0,0,1,Biker
41,1135.0,913.0,1188.0,965.0,6954,0,0,1,Biker
41,1141.0,913.0,1193.0,965.0,6955,0,0,1,Biker
41,1146.0,915.0,1199.0,967.0,6956,0,0,1,Biker
41,1149.0,915.0,1201.0,967.0,6957,0,0,1,Biker
41,1155.0,915.0,1207.0,967.0,6958,0,0,1,Biker
41,1160.0,915.0,1212.0,967.0,6959,0,0,1,Biker
41,1166.0,915.0,1218.0,967.0,6960,0,0,1,Biker
41,1171.0,915.0,1223.0,967.0,6961,0,0,1,Biker
41,1177.0,915.0,1229.0,967.0,6962,0,0,1,Biker
41,1182.0,915.0,1234.0,967.0,6963,0,0,1,Biker
41,1188.0,915.0,1240.0,967.0,6964,0,0,1,Biker
41,1193.0,915.0,1245.0,967.0,6965,0,0,1,Biker
41,1199.0,915.0,1251.0,967.0,6966,0,0,1,Biker
41,1204.0,917.0,1256.0,970.0,6967,0,0,1,Biker
41,1210.0,917.0,1262.0,970.0,6968,0,0,1,Biker
41,1215.0,917.0,1267.0,970.0,6969,0,0,1,Biker
41,1221.0,917.0,1273.0,970.0,6970,0,0,1,Biker
41,1226.0,917.0,1278.0,970.0,6971,0,0,1,Biker
41,1232.0,917.0,1284.0,970.0,6972,0,0,1,Biker
41,1237.0,917.0,1289.0,970.0,6973,0,0,1,Biker
41,1243.0,917.0,1295.0,970.0,6974,0,0,1,Biker
41,1248.0,917.0,1300.0,970.0,6975,0,0,1,Biker
41,1254.0,917.0,1306.0,970.0,6976,0,0,1,Biker
41,1259.0,917.0,1311.0,970.0,6977,0,0,1,Biker
41,1265.0,919.0,1317.0,972.0,6978,0,0,1,Biker
41,1267.0,919.0,1320.0,972.0,6979,0,0,1,Biker
41,1273.0,919.0,1325.0,972.0,6980,0,0,1,Biker
41,1278.0,919.0,1331.0,972.0,6981,0,0,1,Biker
41,1284.0,919.0,1336.0,972.0,6982,0,0,1,Biker
41,1289.0,919.0,1342.0,972.0,6983,0,0,1,Biker
41,1295.0,919.0,1347.0,972.0,6984,0,0,1,Biker
41,1300.0,919.0,1353.0,972.0,6985,0,0,1,Biker
41,1306.0,919.0,1358.0,972.0,6986,0,0,1,Biker
41,1311.0,919.0,1364.0,972.0,6987,0,0,1,Biker
41,1317.0,919.0,1369.0,972.0,6988,0,0,1,Biker
41,1322.0,922.0,1375.0,974.0,6989,0,0,1,Biker
41,1328.0,922.0,1380.0,974.0,6990,0,0,1,Biker
41,1333.0,922.0,1386.0,974.0,6991,0,0,1,Biker
41,1339.0,922.0,1391.0,974.0,6992,0,0,1,Biker
41,1344.0,922.0,1397.0,974.0,6993,0,0,1,Biker
41,1350.0,922.0,1402.0,974.0,6994,0,0,1,Biker
41,1355.0,922.0,1408.0,974.0,6995,0,0,1,Biker
41,1361.0,922.0,1413.0,974.0,6996,0,0,1,Biker
41,1366.0,922.0,1419.0,974.0,6997,0,0,1,Biker
41,1372.0,922.0,1424.0,974.0,6998,0,0,1,Biker
41,1377.0,922.0,1430.0,974.0,6999,0,0,1,Biker
41,1383.0,924.0,1435.0,976.0,7000,0,0,0,Biker
41,1388.0,924.0,1441.0,976.0,7001,0,0,1,Biker
41,1394.0,924.0,1446.0,976.0,7002,0,0,1,Biker
41,1399.0,924.0,1452.0,976.0,7003,0,0,1,Biker
41,1405.0,924.0,1457.0,976.0,7004,0,0,1,Biker
41,1410.0,924.0,1463.0,976.0,7005,0,0,1,Biker
41,1416.0,924.0,1468.0,976.0,7006,0,0,1,Biker
41,1421.0,924.0,1474.0,976.0,7007,0,0,1,Biker
41,1427.0,924.0,1479.0,979.0,7008,0,0,1,Biker
41,1432.0,926.0,1485.0,979.0,7009,0,0,1,Biker
41,1438.0,926.0,1490.0,979.0,7010,0,0,1,Biker
41,1443.0,926.0,1498.0,979.0,7011,0,0,1,Biker
41,1449.0,926.0,1504.0,979.0,7012,0,0,1,Biker
41,1454.0,926.0,1509.0,979.0,7013,0,0,1,Biker
41,1460.0,926.0,1515.0,979.0,7014,0,0,1,Biker
41,1465.0,926.0,1520.0,981.0,7015,0,0,1,Biker
41,1471.0,926.0,1526.0,981.0,7016,0,0,1,Biker
41,1476.0,926.0,1531.0,981.0,7017,0,0,1,Biker
41,1482.0,929.0,1537.0,981.0,7018,0,0,1,Biker
41,1487.0,929.0,1542.0,981.0,7019,0,0,1,Biker
41,1493.0,929.0,1548.0,981.0,7020,0,0,1,Biker
41,1498.0,929.0,1556.0,981.0,7021,0,0,1,Biker
41,1504.0,929.0,1562.0,983.0,7022,0,0,1,Biker
41,1509.0,929.0,1567.0,983.0,7023,0,0,1,Biker
41,1515.0,929.0,1573.0,983.0,7024,0,0,1,Biker
41,1520.0,929.0,1578.0,983.0,7025,0,0,1,Biker
41,1526.0,931.0,1584.0,983.0,7026,0,0,1,Biker
41,1531.0,931.0,1589.0,983.0,7027,0,0,1,Biker
41,1537.0,931.0,1595.0,983.0,7028,0,0,1,Biker
41,1542.0,931.0,1600.0,985.0,7029,0,0,1,Biker
41,1548.0,931.0,1606.0,985.0,7030,0,0,1,Biker
41,1553.0,931.0,1611.0,985.0,7031,0,0,1,Biker
41,1559.0,931.0,1619.0,985.0,7032,0,0,1,Biker
41,1564.0,931.0,1625.0,985.0,7033,0,0,1,Biker
41,1570.0,931.0,1630.0,985.0,7034,0,0,1,Biker
41,1575.0,933.0,1636.0,985.0,7035,0,0,1,Biker
41,1581.0,933.0,1641.0,985.0,7036,0,0,1,Biker
41,1586.0,933.0,1647.0,988.0,7037,0,0,1,Biker
41,1592.0,933.0,1652.0,988.0,7038,0,0,1,Biker
41,1597.0,933.0,1658.0,988.0,7039,0,0,1,Biker
41,1603.0,933.0,1663.0,988.0,7040,0,0,1,Biker
41,1608.0,933.0,1669.0,988.0,7041,0,0,1,Biker
41,1614.0,933.0,1677.0,988.0,7042,0,0,1,Biker
41,1619.0,935.0,1683.0,988.0,7043,0,0,1,Biker
41,1625.0,935.0,1688.0,990.0,7044,0,0,1,Biker
41,1630.0,935.0,1694.0,990.0,7045,0,0,1,Biker
41,1636.0,935.0,1699.0,990.0,7046,0,0,1,Biker
41,1641.0,935.0,1705.0,990.0,7047,0,0,1,Biker
41,1647.0,935.0,1710.0,990.0,7048,0,0,1,Biker
41,1652.0,935.0,1716.0,990.0,7049,0,0,1,Biker
41,1658.0,935.0,1721.0,990.0,7050,0,0,1,Biker
41,1663.0,935.0,1727.0,992.0,7051,0,0,1,Biker
41,1669.0,938.0,1732.0,992.0,7052,0,0,1,Biker
41,1674.0,938.0,1740.0,992.0,7053,0,0,1,Biker
41,1680.0,938.0,1746.0,992.0,7054,0,0,1,Biker
41,1685.0,938.0,1751.0,992.0,7055,0,0,1,Biker
41,1691.0,938.0,1757.0,992.0,7056,0,0,1,Biker
41,1696.0,938.0,1762.0,992.0,7057,0,0,1,Biker
41,1702.0,938.0,1768.0,995.0,7058,0,0,1,Biker
41,1707.0,938.0,1773.0,995.0,7059,0,0,1,Biker
41,1713.0,940.0,1779.0,995.0,7060,0,0,1,Biker
41,1718.0,940.0,1784.0,995.0,7061,0,0,1,Biker
41,1724.0,940.0,1790.0,995.0,7062,0,0,1,Biker
41,1729.0,940.0,1798.0,995.0,7063,0,0,1,Biker
41,1735.0,940.0,1804.0,995.0,7064,0,0,1,Biker
41,1740.0,940.0,1809.0,995.0,7065,0,0,1,Biker
41,1746.0,940.0,1815.0,997.0,7066,0,0,1,Biker
41,1751.0,940.0,1820.0,997.0,7067,0,0,1,Biker
41,1757.0,940.0,1826.0,997.0,7068,0,0,1,Biker
41,1762.0,942.0,1831.0,997.0,7069,0,0,1,Biker
41,1768.0,942.0,1837.0,997.0,7070,0,0,1,Biker
41,1773.0,942.0,1842.0,997.0,7071,0,0,1,Biker
41,1779.0,942.0,1848.0,997.0,7072,0,0,1,Biker
41,1784.0,942.0,1853.0,999.0,7073,0,0,1,Biker
41,1790.0,942.0,1861.0,999.0,7074,0,0,1,Biker
41,1795.0,942.0,1867.0,999.0,7075,0,0,1,Biker
41,1801.0,942.0,1872.0,999.0,7076,0,0,1,Biker
41,1806.0,944.0,1878.0,999.0,7077,0,0,1,Biker
41,1812.0,944.0,1883.0,999.0,7078,0,0,1,Biker
41,1817.0,944.0,1889.0,999.0,7079,0,0,1,Biker
41,1823.0,944.0,1894.0,1001.0,7080,0,0,1,Biker
41,1828.0,944.0,1900.0,1001.0,7081,0,0,1,Biker
41,1834.0,944.0,1905.0,1001.0,7082,0,0,1,Biker
41,1839.0,944.0,1911.0,1001.0,7083,0,0,1,Biker
41,1845.0,944.0,1919.0,1001.0,7084,0,0,1,Biker
41,1850.0,944.0,1925.0,1001.0,7085,0,0,1,Biker
41,1856.0,947.0,1930.0,1001.0,7086,0,0,1,Biker
41,1861.0,947.0,1936.0,1004.0,7087,0,0,1,Biker
41,1867.0,947.0,1941.0,1004.0,7088,0,0,1,Biker
41,1872.0,947.0,1947.0,1004.0,7089,0,0,1,Biker
41,1878.0,947.0,1952.0,1004.0,7090,0,0,1,Biker
41,1883.0,947.0,1958.0,1004.0,7091,0,0,1,Biker
41,1889.0,947.0,1963.0,1004.0,7092,0,0,1,Biker
41,1894.0,947.0,1969.0,1004.0,7093,0,0,1,Biker
41,1903.0,949.0,1977.0,1006.0,7094,0,0,0,Biker
41,1905.0,947.0,1977.0,1004.0,7095,0,0,1,Biker
41,1908.0,947.0,1977.0,1004.0,7096,0,0,1,Biker
41,1911.0,947.0,1977.0,1004.0,7097,0,0,1,Biker
41,1914.0,947.0,1977.0,1004.0,7098,0,0,1,Biker
41,1916.0,947.0,1977.0,1004.0,7099,0,0,1,Biker
41,1919.0,947.0,1977.0,1004.0,7100,0,0,1,Biker
41,1922.0,947.0,1977.0,1004.0,7101,0,0,1,Biker
41,1925.0,947.0,1977.0,1004.0,7102,0,0,1,Biker
41,1930.0,947.0,1977.0,1004.0,7103,1,0,0,Biker
41,1930.0,947.0,1977.0,1004.0,7104,1,0,1,Biker
41,1930.0,947.0,1977.0,1004.0,7105,1,0,1,Biker
41,1930.0,947.0,1977.0,1004.0,7106,1,0,0,Biker
41,1930.0,947.0,1977.0,1004.0,7107,1,0,1,Biker
41,1930.0,947.0,1977.0,1004.0,7108,1,0,1,Biker
41,1930.0,947.0,1977.0,1004.0,7109,1,0,1,Biker
41,1930.0,947.0,1977.0,1004.0,7110,1,0,1,Biker
41,1930.0,947.0,1977.0,1004.0,7111,1,0,1,Biker
41,1930.0,947.0,1977.0,1004.0,7112,1,0,1,Biker
41,1930.0,947.0,1977.0,1004.0,7113,1,0,1,Biker
41,1930.0,947.0,1977.0,1004.0,7114,1,0,1,Biker
41,1930.0,947.0,1977.0,1004.0,7115,1,0,1,Biker
41,1930.0,947.0,1977.0,1004.0,7116,1,0,1,Biker
41,1930.0,947.0,1977.0,1004.0,7117,1,0,1,Biker
41,1930.0,947.0,1977.0,1004.0,7118,1,0,1,Biker
41,1930.0,947.0,1977.0,1004.0,7119,1,0,1,Biker
41,1930.0,947.0,1977.0,1004.0,7120,1,0,1,Biker
41,1930.0,947.0,1977.0,1004.0,7121,1,0,1,Biker
41,1930.0,947.0,1977.0,1004.0,7122,1,0,1,Biker
41,1930.0,947.0,1977.0,1004.0,7123,1,0,1,Biker
41,1930.0,947.0,1977.0,1004.0,7124,1,0,1,Biker
41,1930.0,947.0,1977.0,1004.0,7125,1,0,1,Biker
41,1930.0,947.0,1977.0,1004.0,7126,1,0,1,Biker
41,1930.0,947.0,1977.0,1004.0,7127,1,0,1,Biker
41,1930.0,947.0,1977.0,1004.0,7128,1,0,1,Biker
41,1930.0,947.0,1977.0,1004.0,7129,1,0,1,Biker
41,1930.0,947.0,1977.0,1004.0,7130,1,0,1,Biker
41,1930.0,947.0,1977.0,1004.0,7131,1,0,1,Biker
41,1930.0,947.0,1977.0,1004.0,7132,1,0,1,Biker
41,1930.0,947.0,1977.0,1004.0,7133,1,0,1,Biker
41,1930.0,947.0,1977.0,1004.0,7134,1,0,1,Biker
41,1930.0,947.0,1977.0,1004.0,7135,1,0,1,Biker
41,1930.0,947.0,1977.0,1004.0,7136,1,0,1,Biker
41,1930.0,947.0,1977.0,1004.0,7137,1,0,1,Biker
41,1930.0,947.0,1977.0,1004.0,7138,1,0,1,Biker
41,1930.0,947.0,1977.0,1004.0,7139,1,0,1,Biker
41,1930.0,947.0,1977.0,1004.0,7140,1,0,1,Biker
41,1930.0,947.0,1977.0,1004.0,7141,1,0,1,Biker
41,1930.0,947.0,1977.0,1004.0,7142,1,0,1,Biker
41,1930.0,947.0,1977.0,1004.0,7143,1,0,1,Biker
41,1930.0,947.0,1977.0,1004.0,7144,1,0,1,Biker
41,1930.0,947.0,1977.0,1004.0,7145,1,0,1,Biker
41,1930.0,947.0,1977.0,1004.0,7146,1,0,1,Biker
41,1930.0,947.0,1977.0,1004.0,7147,1,0,1,Biker
41,1930.0,947.0,1977.0,1004.0,7148,1,0,1,Biker
41,1930.0,947.0,1977.0,1004.0,7149,1,0,1,Biker
41,1930.0,947.0,1977.0,1004.0,7150,1,0,1,Biker
41,1930.0,947.0,1977.0,1004.0,7151,1,0,1,Biker
41,1930.0,947.0,1977.0,1004.0,7152,1,0,1,Biker
41,1930.0,947.0,1977.0,1004.0,7153,1,0,1,Biker
41,1930.0,947.0,1977.0,1004.0,7154,1,0,1,Biker
41,1930.0,947.0,1977.0,1004.0,7155,1,0,1,Biker
41,1930.0,947.0,1977.0,1004.0,7156,1,0,1,Biker
41,1930.0,947.0,1977.0,1004.0,7157,1,0,1,Biker
41,1930.0,947.0,1977.0,1004.0,7158,1,0,1,Biker
41,1930.0,947.0,1977.0,1004.0,7159,1,0,1,Biker
41,1930.0,947.0,1977.0,1004.0,7160,1,0,1,Biker
41,1930.0,947.0,1977.0,1004.0,7161,1,0,1,Biker
41,1930.0,947.0,1977.0,1004.0,7162,1,0,1,Biker
41,1930.0,947.0,1977.0,1004.0,7163,1,0,1,Biker
41,1930.0,947.0,1977.0,1004.0,7164,1,0,1,Biker
41,1930.0,947.0,1977.0,1004.0,7165,1,0,1,Biker
41,1930.0,947.0,1977.0,1004.0,7166,1,0,1,Biker
41,1930.0,947.0,1977.0,1004.0,7167,1,0,1,Biker
41,1930.0,947.0,1977.0,1004.0,7168,1,0,1,Biker
41,1930.0,947.0,1977.0,1004.0,7169,1,0,1,Biker
41,1930.0,947.0,1977.0,1004.0,7170,1,0,1,Biker
41,1930.0,947.0,1977.0,1004.0,7171,1,0,1,Biker
41,1930.0,947.0,1977.0,1004.0,7172,1,0,1,Biker
41,1930.0,947.0,1977.0,1004.0,7173,1,0,1,Biker
41,1930.0,947.0,1977.0,1004.0,7174,1,0,1,Biker
41,1930.0,947.0,1977.0,1004.0,7175,1,0,1,Biker
41,1930.0,947.0,1977.0,1004.0,7176,1,0,1,Biker
41,1930.0,947.0,1977.0,1004.0,7177,1,0,1,Biker
41,1930.0,947.0,1977.0,1004.0,7178,1,0,1,Biker
41,1930.0,947.0,1977.0,1004.0,7179,1,0,1,Biker
41,1930.0,947.0,1977.0,1004.0,7180,1,0,1,Biker
41,1930.0,947.0,1977.0,1004.0,7181,1,0,1,Biker
41,1930.0,947.0,1977.0,1004.0,7182,1,0,1,Biker
41,1930.0,947.0,1977.0,1004.0,7183,1,0,1,Biker
41,1930.0,947.0,1977.0,1004.0,7184,1,0,1,Biker
41,1930.0,947.0,1977.0,1004.0,7185,1,0,1,Biker
41,1930.0,947.0,1977.0,1004.0,7186,1,0,1,Biker
41,1930.0,947.0,1977.0,1004.0,7187,1,0,1,Biker
41,1930.0,947.0,1977.0,1004.0,7188,1,0,1,Biker
41,1930.0,947.0,1977.0,1004.0,7189,1,0,1,Biker
41,1930.0,947.0,1977.0,1004.0,7190,1,0,1,Biker
41,1930.0,947.0,1977.0,1004.0,7191,1,0,1,Biker
41,1930.0,947.0,1977.0,1004.0,7192,1,0,1,Biker
41,1930.0,947.0,1977.0,1004.0,7193,1,0,1,Biker
41,1930.0,947.0,1977.0,1004.0,7194,1,0,1,Biker
41,1930.0,947.0,1977.0,1004.0,7195,1,0,1,Biker
41,1930.0,947.0,1977.0,1004.0,7196,1,0,1,Biker
41,1930.0,947.0,1977.0,1004.0,7197,1,0,1,Biker
41,1930.0,947.0,1977.0,1004.0,7198,1,0,1,Biker
41,1930.0,947.0,1977.0,1004.0,7199,1,0,1,Biker
41,1930.0,947.0,1977.0,1004.0,7200,1,0,1,Biker
41,1930.0,947.0,1977.0,1004.0,7201,1,0,1,Biker
41,1930.0,947.0,1977.0,1004.0,7202,1,0,1,Biker
41,1930.0,947.0,1977.0,1004.0,7203,1,0,1,Biker
41,1930.0,947.0,1977.0,1004.0,7204,1,0,1,Biker
41,1930.0,947.0,1977.0,1004.0,7205,1,0,1,Biker
41,1930.0,947.0,1977.0,1004.0,7206,1,0,1,Biker
41,1930.0,947.0,1977.0,1004.0,7207,1,0,1,Biker
41,1930.0,947.0,1977.0,1004.0,7208,1,0,1,Biker
41,1930.0,947.0,1977.0,1004.0,7209,1,0,1,Biker
41,1930.0,947.0,1977.0,1004.0,7210,1,0,1,Biker
41,1930.0,947.0,1977.0,1004.0,7211,1,0,1,Biker
41,1930.0,947.0,1977.0,1004.0,7212,1,0,1,Biker
41,1930.0,947.0,1977.0,1004.0,7213,1,0,1,Biker
41,1930.0,947.0,1977.0,1004.0,7214,1,0,1,Biker
41,1930.0,947.0,1977.0,1004.0,7215,1,0,1,Biker
41,1930.0,947.0,1977.0,1004.0,7216,1,0,1,Biker
41,1930.0,947.0,1977.0,1004.0,7217,1,0,1,Biker
41,1930.0,947.0,1977.0,1004.0,7218,1,0,1,Biker
41,1930.0,947.0,1977.0,1004.0,7219,1,0,1,Biker
41,1930.0,947.0,1977.0,1004.0,7220,1,0,1,Biker
41,1930.0,947.0,1977.0,1004.0,7221,1,0,1,Biker
41,1930.0,947.0,1977.0,1004.0,7222,1,0,1,Biker
41,1930.0,947.0,1977.0,1004.0,7223,1,0,1,Biker
41,1930.0,947.0,1977.0,1004.0,7224,1,0,1,Biker
41,1930.0,947.0,1977.0,1004.0,7225,1,0,1,Biker
41,1930.0,947.0,1977.0,1004.0,7226,1,0,1,Biker
41,1930.0,947.0,1977.0,1004.0,7227,1,0,1,Biker
41,1930.0,947.0,1977.0,1004.0,7228,1,0,1,Biker
41,1930.0,947.0,1977.0,1004.0,7229,1,0,1,Biker
41,1930.0,947.0,1977.0,1004.0,7230,1,0,1,Biker
41,1930.0,947.0,1977.0,1004.0,7231,1,0,1,Biker
41,1930.0,947.0,1977.0,1004.0,7232,1,0,1,Biker
41,1930.0,947.0,1977.0,1004.0,7233,1,0,1,Biker
41,1930.0,947.0,1977.0,1004.0,7234,1,0,1,Biker
41,1930.0,947.0,1977.0,1004.0,7235,1,0,1,Biker
41,1930.0,947.0,1977.0,1004.0,7236,1,0,1,Biker
41,1930.0,947.0,1977.0,1004.0,7237,1,0,1,Biker
41,1930.0,947.0,1977.0,1004.0,7238,1,0,1,Biker
41,1930.0,947.0,1977.0,1004.0,7239,1,0,1,Biker
41,1930.0,947.0,1977.0,1004.0,7240,1,0,1,Biker
41,1930.0,947.0,1977.0,1004.0,7241,1,0,1,Biker
41,1930.0,947.0,1977.0,1004.0,7242,1,0,1,Biker
41,1930.0,947.0,1977.0,1004.0,7243,1,0,1,Biker
41,1930.0,947.0,1977.0,1004.0,7244,1,0,1,Biker
41,1930.0,947.0,1977.0,1004.0,7245,1,0,1,Biker
41,1930.0,947.0,1977.0,1004.0,7246,1,0,1,Biker
41,1930.0,947.0,1977.0,1004.0,7247,1,0,1,Biker
41,1930.0,947.0,1977.0,1004.0,7248,1,0,1,Biker
41,1930.0,947.0,1977.0,1004.0,7249,1,0,1,Biker
41,1930.0,947.0,1977.0,1004.0,7250,1,0,1,Biker
41,1930.0,947.0,1977.0,1004.0,7251,1,0,1,Biker
41,1930.0,947.0,1977.0,1004.0,7252,1,0,1,Biker
41,1930.0,947.0,1977.0,1004.0,7253,1,0,1,Biker
41,1930.0,947.0,1977.0,1004.0,7254,1,0,1,Biker
41,1930.0,947.0,1977.0,1004.0,7255,1,0,1,Biker
41,1930.0,947.0,1977.0,1004.0,7256,1,0,1,Biker
41,1930.0,947.0,1977.0,1004.0,7257,1,0,1,Biker
41,1930.0,947.0,1977.0,1004.0,7258,1,0,1,Biker
41,1930.0,947.0,1977.0,1004.0,7259,1,0,1,Biker
41,1930.0,947.0,1977.0,1004.0,7260,1,0,1,Biker
41,1930.0,947.0,1977.0,1004.0,7261,1,0,1,Biker
41,1930.0,947.0,1977.0,1004.0,7262,1,0,1,Biker
41,1930.0,947.0,1977.0,1004.0,7263,1,0,1,Biker
41,1930.0,947.0,1977.0,1004.0,7264,1,0,1,Biker
41,1930.0,947.0,1977.0,1004.0,7265,1,0,1,Biker
41,1930.0,947.0,1977.0,1004.0,7266,1,0,1,Biker
41,1930.0,947.0,1977.0,1004.0,7267,1,0,1,Biker
41,1930.0,947.0,1977.0,1004.0,7268,1,0,1,Biker
41,1930.0,947.0,1977.0,1004.0,7269,1,0,1,Biker
41,1930.0,947.0,1977.0,1004.0,7270,1,0,1,Biker
41,1930.0,947.0,1977.0,1004.0,7271,1,0,1,Biker
41,1930.0,947.0,1977.0,1004.0,7272,1,0,1,Biker
41,1930.0,947.0,1977.0,1004.0,7273,1,0,1,Biker
41,1930.0,947.0,1977.0,1004.0,7274,1,0,1,Biker
41,1930.0,947.0,1977.0,1004.0,7275,1,0,1,Biker
41,1930.0,947.0,1977.0,1004.0,7276,1,0,1,Biker
41,1930.0,947.0,1977.0,1004.0,7277,1,0,1,Biker
41,1930.0,947.0,1977.0,1004.0,7278,1,0,1,Biker
41,1930.0,947.0,1977.0,1004.0,7279,1,0,1,Biker
41,1930.0,947.0,1977.0,1004.0,7280,1,0,1,Biker
41,1930.0,947.0,1977.0,1004.0,7281,1,0,1,Biker
41,1930.0,947.0,1977.0,1004.0,7282,1,0,1,Biker
41,1930.0,947.0,1977.0,1004.0,7283,1,0,1,Biker
41,1930.0,947.0,1977.0,1004.0,7284,1,0,1,Biker
41,1930.0,947.0,1977.0,1004.0,7285,1,0,1,Biker
41,1930.0,947.0,1977.0,1004.0,7286,1,0,1,Biker
41,1930.0,947.0,1977.0,1004.0,7287,1,0,1,Biker
41,1930.0,947.0,1977.0,1004.0,7288,1,0,1,Biker
41,1930.0,947.0,1977.0,1004.0,7289,1,0,1,Biker
41,1930.0,947.0,1977.0,1004.0,7290,1,0,1,Biker
41,1930.0,947.0,1977.0,1004.0,7291,1,0,1,Biker
41,1930.0,947.0,1977.0,1004.0,7292,1,0,1,Biker
41,1930.0,947.0,1977.0,1004.0,7293,1,0,1,Biker
41,1930.0,947.0,1977.0,1004.0,7294,1,0,1,Biker
41,1930.0,947.0,1977.0,1004.0,7295,1,0,1,Biker
41,1930.0,947.0,1977.0,1004.0,7296,1,0,1,Biker
41,1930.0,947.0,1977.0,1004.0,7297,1,0,1,Biker
41,1930.0,947.0,1977.0,1004.0,7298,1,0,1,Biker
41,1930.0,947.0,1977.0,1004.0,7299,1,0,1,Biker
41,1930.0,947.0,1977.0,1004.0,7300,1,0,1,Biker
41,1930.0,947.0,1977.0,1004.0,7301,1,0,1,Biker
41,1930.0,947.0,1977.0,1004.0,7302,1,0,1,Biker
41,1930.0,947.0,1977.0,1004.0,7303,1,0,1,Biker
41,1930.0,947.0,1977.0,1004.0,7304,1,0,1,Biker
41,1930.0,947.0,1977.0,1004.0,7305,1,0,1,Biker
41,1930.0,947.0,1977.0,1004.0,7306,1,0,1,Biker
41,1930.0,947.0,1977.0,1004.0,7307,1,0,1,Biker
41,1930.0,947.0,1977.0,1004.0,7308,1,0,1,Biker
41,1930.0,947.0,1977.0,1004.0,7309,1,0,1,Biker
41,1930.0,947.0,1977.0,1004.0,7310,1,0,1,Biker
41,1930.0,947.0,1977.0,1004.0,7311,1,0,1,Biker
41,1930.0,947.0,1977.0,1004.0,7312,1,0,1,Biker
41,1930.0,947.0,1977.0,1004.0,7313,1,0,1,Biker
41,1930.0,947.0,1977.0,1004.0,7314,1,0,1,Biker
41,1930.0,947.0,1977.0,1004.0,7315,1,0,1,Biker
41,1930.0,947.0,1977.0,1004.0,7316,1,0,1,Biker
41,1930.0,947.0,1977.0,1004.0,7317,1,0,1,Biker
41,1930.0,947.0,1977.0,1004.0,7318,1,0,1,Biker
41,1930.0,947.0,1977.0,1004.0,7319,1,0,1,Biker
41,1930.0,947.0,1977.0,1004.0,7320,1,0,1,Biker
41,1930.0,947.0,1977.0,1004.0,7321,1,0,1,Biker
41,1930.0,947.0,1977.0,1004.0,7322,1,0,1,Biker
41,1930.0,947.0,1977.0,1004.0,7323,1,0,1,Biker
41,1930.0,947.0,1977.0,1004.0,7324,1,0,1,Biker
41,1930.0,947.0,1977.0,1004.0,7325,1,0,1,Biker
41,1930.0,947.0,1977.0,1004.0,7326,1,0,1,Biker
41,1930.0,947.0,1977.0,1004.0,7327,1,0,1,Biker
41,1930.0,947.0,1977.0,1004.0,7328,1,0,1,Biker
41,1930.0,947.0,1977.0,1004.0,7329,1,0,1,Biker
41,1930.0,947.0,1977.0,1004.0,7330,1,0,1,Biker
41,1930.0,947.0,1977.0,1004.0,7331,1,0,1,Biker
41,1930.0,947.0,1977.0,1004.0,7332,1,0,1,Biker
41,1930.0,947.0,1977.0,1004.0,7333,1,0,1,Biker
41,1930.0,947.0,1977.0,1004.0,7334,1,0,1,Biker
41,1930.0,947.0,1977.0,1004.0,7335,1,0,1,Biker
41,1930.0,947.0,1977.0,1004.0,7336,1,0,1,Biker
41,1930.0,947.0,1977.0,1004.0,7337,1,0,1,Biker
41,1930.0,947.0,1977.0,1004.0,7338,1,0,1,Biker
41,1930.0,947.0,1977.0,1004.0,7339,1,0,1,Biker
41,1930.0,947.0,1977.0,1004.0,7340,1,0,1,Biker
41,1930.0,947.0,1977.0,1004.0,7341,1,0,1,Biker
41,1930.0,947.0,1977.0,1004.0,7342,1,0,1,Biker
41,1930.0,947.0,1977.0,1004.0,7343,1,0,1,Biker
41,1930.0,947.0,1977.0,1004.0,7344,1,0,1,Biker
41,1930.0,947.0,1977.0,1004.0,7345,1,0,1,Biker
41,1930.0,947.0,1977.0,1004.0,7346,1,0,1,Biker
41,1930.0,947.0,1977.0,1004.0,7347,1,0,1,Biker
41,1930.0,947.0,1977.0,1004.0,7348,1,0,1,Biker
41,1930.0,947.0,1977.0,1004.0,7349,1,0,1,Biker
41,1930.0,947.0,1977.0,1004.0,7350,1,0,1,Biker
41,1930.0,947.0,1977.0,1004.0,7351,1,0,1,Biker
41,1930.0,947.0,1977.0,1004.0,7352,1,0,1,Biker
41,1930.0,947.0,1977.0,1004.0,7353,1,0,1,Biker
41,1930.0,947.0,1977.0,1004.0,7354,1,0,1,Biker
41,1930.0,947.0,1977.0,1004.0,7355,1,0,1,Biker
41,1930.0,947.0,1977.0,1004.0,7356,1,0,1,Biker
41,1930.0,947.0,1977.0,1004.0,7357,1,0,1,Biker
41,1930.0,947.0,1977.0,1004.0,7358,1,0,1,Biker
41,1930.0,947.0,1977.0,1004.0,7359,1,0,1,Biker
41,1930.0,947.0,1977.0,1004.0,7360,1,0,1,Biker
41,1930.0,947.0,1977.0,1004.0,7361,1,0,1,Biker
41,1930.0,947.0,1977.0,1004.0,7362,1,0,1,Biker
41,1930.0,947.0,1977.0,1004.0,7363,1,0,1,Biker
41,1930.0,947.0,1977.0,1004.0,7364,1,0,1,Biker
41,1930.0,947.0,1977.0,1004.0,7365,1,0,1,Biker
41,1930.0,947.0,1977.0,1004.0,7366,1,0,1,Biker
41,1930.0,947.0,1977.0,1004.0,7367,1,0,1,Biker
41,1930.0,947.0,1977.0,1004.0,7368,1,0,1,Biker
41,1930.0,947.0,1977.0,1004.0,7369,1,0,1,Biker
41,1930.0,947.0,1977.0,1004.0,7370,1,0,1,Biker
41,1930.0,947.0,1977.0,1004.0,7371,1,0,1,Biker
41,1930.0,947.0,1977.0,1004.0,7372,1,0,1,Biker
41,1930.0,947.0,1977.0,1004.0,7373,1,0,1,Biker
41,1930.0,947.0,1977.0,1004.0,7374,1,0,1,Biker
41,1930.0,947.0,1977.0,1004.0,7375,1,0,1,Biker
41,1930.0,947.0,1977.0,1004.0,7376,1,0,1,Biker
41,1930.0,947.0,1977.0,1004.0,7377,1,0,1,Biker
41,1930.0,947.0,1977.0,1004.0,7378,1,0,1,Biker
41,1930.0,947.0,1977.0,1004.0,7379,1,0,1,Biker
41,1930.0,947.0,1977.0,1004.0,7380,1,0,1,Biker
41,1930.0,947.0,1977.0,1004.0,7381,1,0,1,Biker
41,1930.0,947.0,1977.0,1004.0,7382,1,0,1,Biker
41,1930.0,947.0,1977.0,1004.0,7383,1,0,1,Biker
41,1930.0,947.0,1977.0,1004.0,7384,1,0,1,Biker
41,1930.0,947.0,1977.0,1004.0,7385,1,0,1,Biker
41,1930.0,947.0,1977.0,1004.0,7386,1,0,1,Biker
41,1930.0,947.0,1977.0,1004.0,7387,1,0,1,Biker
41,1930.0,947.0,1977.0,1004.0,7388,1,0,1,Biker
41,1930.0,947.0,1977.0,1004.0,7389,1,0,1,Biker
41,1930.0,947.0,1977.0,1004.0,7390,1,0,1,Biker
41,1930.0,947.0,1977.0,1004.0,7391,1,0,1,Biker
41,1930.0,947.0,1977.0,1004.0,7392,1,0,1,Biker
41,1930.0,947.0,1977.0,1004.0,7393,1,0,1,Biker
41,1930.0,947.0,1977.0,1004.0,7394,1,0,1,Biker
41,1930.0,947.0,1977.0,1004.0,7395,1,0,1,Biker
41,1930.0,947.0,1977.0,1004.0,7396,1,0,1,Biker
41,1930.0,947.0,1977.0,1004.0,7397,1,0,1,Biker
41,1930.0,947.0,1977.0,1004.0,7398,1,0,1,Biker
41,1930.0,947.0,1977.0,1004.0,7399,1,0,1,Biker
41,1930.0,947.0,1977.0,1004.0,7400,1,0,1,Biker
41,1930.0,947.0,1977.0,1004.0,7401,1,0,1,Biker
41,1930.0,947.0,1977.0,1004.0,7402,1,0,1,Biker
41,1930.0,947.0,1977.0,1004.0,7403,1,0,1,Biker
41,1930.0,947.0,1977.0,1004.0,7404,1,0,1,Biker
41,1930.0,947.0,1977.0,1004.0,7405,1,0,1,Biker
41,1930.0,947.0,1977.0,1004.0,7406,1,0,1,Biker
41,1930.0,947.0,1977.0,1004.0,7407,1,0,1,Biker
41,1930.0,947.0,1977.0,1004.0,7408,1,0,1,Biker
41,1930.0,947.0,1977.0,1004.0,7409,1,0,1,Biker
41,1930.0,947.0,1977.0,1004.0,7410,1,0,1,Biker
41,1930.0,947.0,1977.0,1004.0,7411,1,0,1,Biker
41,1930.0,947.0,1977.0,1004.0,7412,1,0,1,Biker
41,1930.0,947.0,1977.0,1004.0,7413,1,0,1,Biker
41,1930.0,947.0,1977.0,1004.0,7414,1,0,1,Biker
41,1930.0,947.0,1977.0,1004.0,7415,1,0,1,Biker
41,1930.0,947.0,1977.0,1004.0,7416,1,0,1,Biker
41,1930.0,947.0,1977.0,1004.0,7417,1,0,1,Biker
41,1930.0,947.0,1977.0,1004.0,7418,1,0,1,Biker
41,1930.0,947.0,1977.0,1004.0,7419,1,0,1,Biker
41,1930.0,947.0,1977.0,1004.0,7420,1,0,1,Biker
41,1930.0,947.0,1977.0,1004.0,7421,1,0,1,Biker
41,1930.0,947.0,1977.0,1004.0,7422,1,0,1,Biker
41,1930.0,947.0,1977.0,1004.0,7423,1,0,1,Biker
41,1930.0,947.0,1977.0,1004.0,7424,1,0,1,Biker
41,1930.0,947.0,1977.0,1004.0,7425,1,0,1,Biker
41,1930.0,947.0,1977.0,1004.0,7426,1,0,1,Biker
41,1930.0,947.0,1977.0,1004.0,7427,1,0,1,Biker
41,1930.0,947.0,1977.0,1004.0,7428,1,0,1,Biker
41,1930.0,947.0,1977.0,1004.0,7429,1,0,1,Biker
41,1930.0,947.0,1977.0,1004.0,7430,1,0,1,Biker
41,1930.0,947.0,1977.0,1004.0,7431,1,0,1,Biker
41,1930.0,947.0,1977.0,1004.0,7432,1,0,1,Biker
41,1930.0,947.0,1977.0,1004.0,7433,1,0,1,Biker
41,1930.0,947.0,1977.0,1004.0,7434,1,0,1,Biker
41,1930.0,947.0,1977.0,1004.0,7435,1,0,1,Biker
41,1930.0,947.0,1977.0,1004.0,7436,1,0,1,Biker
41,1930.0,947.0,1977.0,1004.0,7437,1,0,1,Biker
41,1930.0,947.0,1977.0,1004.0,7438,1,0,1,Biker
41,1930.0,947.0,1977.0,1004.0,7439,1,0,1,Biker
41,1930.0,947.0,1977.0,1004.0,7440,1,0,1,Biker
41,1930.0,947.0,1977.0,1004.0,7441,1,0,1,Biker
41,1930.0,947.0,1977.0,1004.0,7442,1,0,1,Biker
41,1930.0,947.0,1977.0,1004.0,7443,1,0,1,Biker
41,1930.0,947.0,1977.0,1004.0,7444,1,0,1,Biker
41,1930.0,947.0,1977.0,1004.0,7445,1,0,1,Biker
41,1930.0,947.0,1977.0,1004.0,7446,1,0,1,Biker
41,1930.0,947.0,1977.0,1004.0,7447,1,0,1,Biker
41,1930.0,947.0,1977.0,1004.0,7448,1,0,1,Biker
41,1930.0,947.0,1977.0,1004.0,7449,1,0,1,Biker
41,1930.0,947.0,1977.0,1004.0,7450,1,0,1,Biker
41,1930.0,947.0,1977.0,1004.0,7451,1,0,1,Biker
41,1930.0,947.0,1977.0,1004.0,7452,1,0,1,Biker
41,1930.0,947.0,1977.0,1004.0,7453,1,0,1,Biker
41,1930.0,947.0,1977.0,1004.0,7454,1,0,1,Biker
41,1930.0,947.0,1977.0,1004.0,7455,1,0,1,Biker
41,1930.0,947.0,1977.0,1004.0,7456,1,0,1,Biker
41,1930.0,947.0,1977.0,1004.0,7457,1,0,1,Biker
41,1930.0,947.0,1977.0,1004.0,7458,1,0,1,Biker
41,1930.0,947.0,1977.0,1004.0,7459,1,0,1,Biker
41,1930.0,947.0,1977.0,1004.0,7460,1,0,1,Biker
41,1930.0,947.0,1977.0,1004.0,7461,1,0,1,Biker
41,1930.0,947.0,1977.0,1004.0,7462,1,0,1,Biker
41,1930.0,947.0,1977.0,1004.0,7463,1,0,1,Biker
41,1930.0,947.0,1977.0,1004.0,7464,1,0,1,Biker
41,1930.0,947.0,1977.0,1004.0,7465,1,0,1,Biker
41,1930.0,947.0,1977.0,1004.0,7466,1,0,1,Biker
41,1930.0,947.0,1977.0,1004.0,7467,1,0,1,Biker
41,1930.0,947.0,1977.0,1004.0,7468,1,0,1,Biker
41,1930.0,947.0,1977.0,1004.0,7469,1,0,1,Biker
41,1930.0,947.0,1977.0,1004.0,7470,1,0,1,Biker
41,1930.0,947.0,1977.0,1004.0,7471,1,0,1,Biker
41,1930.0,947.0,1977.0,1004.0,7472,1,0,1,Biker
41,1930.0,947.0,1977.0,1004.0,7473,1,0,1,Biker
41,1930.0,947.0,1977.0,1004.0,7474,1,0,1,Biker
41,1930.0,947.0,1977.0,1004.0,7475,1,0,1,Biker
41,1930.0,947.0,1977.0,1004.0,7476,1,0,1,Biker
41,1930.0,947.0,1977.0,1004.0,7477,1,0,1,Biker
41,1930.0,947.0,1977.0,1004.0,7478,1,0,1,Biker
41,1930.0,947.0,1977.0,1004.0,7479,1,0,1,Biker
41,1930.0,947.0,1977.0,1004.0,7480,1,0,1,Biker
41,1930.0,947.0,1977.0,1004.0,7481,1,0,1,Biker
41,1930.0,947.0,1977.0,1004.0,7482,1,0,1,Biker
41,1930.0,947.0,1977.0,1004.0,7483,1,0,1,Biker
41,1930.0,947.0,1977.0,1004.0,7484,1,0,1,Biker
41,1930.0,947.0,1977.0,1004.0,7485,1,0,1,Biker
41,1930.0,947.0,1977.0,1004.0,7486,1,0,1,Biker
41,1930.0,947.0,1977.0,1004.0,7487,1,0,1,Biker
41,1930.0,947.0,1977.0,1004.0,7488,1,0,1,Biker
41,1930.0,947.0,1977.0,1004.0,7489,1,0,1,Biker
41,1930.0,947.0,1977.0,1004.0,7490,1,0,1,Biker
41,1930.0,947.0,1977.0,1004.0,7491,1,0,1,Biker
41,1930.0,947.0,1977.0,1004.0,7492,1,0,1,Biker
41,1930.0,947.0,1977.0,1004.0,7493,1,0,1,Biker
41,1930.0,947.0,1977.0,1004.0,7494,1,0,1,Biker
41,1930.0,947.0,1977.0,1004.0,7495,1,0,1,Biker
41,1930.0,947.0,1977.0,1004.0,7496,1,0,1,Biker
41,1930.0,947.0,1977.0,1004.0,7497,1,0,1,Biker
41,1930.0,947.0,1977.0,1004.0,7498,1,0,1,Biker
41,1930.0,947.0,1977.0,1004.0,7499,1,0,1,Biker
41,1930.0,947.0,1977.0,1004.0,7500,1,0,1,Biker
41,1930.0,947.0,1977.0,1004.0,7501,1,0,1,Biker
41,1930.0,947.0,1977.0,1004.0,7502,1,0,1,Biker
41,1930.0,947.0,1977.0,1004.0,7503,1,0,1,Biker
41,1930.0,947.0,1977.0,1004.0,7504,1,0,1,Biker
41,1930.0,947.0,1977.0,1004.0,7505,1,0,1,Biker
41,1930.0,947.0,1977.0,1004.0,7506,1,0,1,Biker
41,1930.0,947.0,1977.0,1004.0,7507,1,0,1,Biker
41,1930.0,947.0,1977.0,1004.0,7508,1,0,1,Biker
41,1930.0,947.0,1977.0,1004.0,7509,1,0,1,Biker
41,1930.0,947.0,1977.0,1004.0,7510,1,0,1,Biker
41,1930.0,947.0,1977.0,1004.0,7511,1,0,1,Biker
41,1930.0,947.0,1977.0,1004.0,7512,1,0,1,Biker
41,1930.0,947.0,1977.0,1004.0,7513,1,0,1,Biker
41,1930.0,947.0,1977.0,1004.0,7514,1,0,1,Biker
41,1930.0,947.0,1977.0,1004.0,7515,1,0,1,Biker
41,1930.0,947.0,1977.0,1004.0,7516,1,0,1,Biker
41,1930.0,947.0,1977.0,1004.0,7517,1,0,1,Biker
41,1930.0,947.0,1977.0,1004.0,7518,1,0,1,Biker
41,1930.0,947.0,1977.0,1004.0,7519,1,0,1,Biker
41,1930.0,947.0,1977.0,1004.0,7520,1,0,1,Biker
41,1930.0,947.0,1977.0,1004.0,7521,1,0,1,Biker
41,1930.0,947.0,1977.0,1004.0,7522,1,0,1,Biker
41,1930.0,947.0,1977.0,1004.0,7523,1,0,1,Biker
41,1930.0,947.0,1977.0,1004.0,7524,1,0,1,Biker
41,1930.0,947.0,1977.0,1004.0,7525,1,0,1,Biker
41,1930.0,947.0,1977.0,1004.0,7526,1,0,1,Biker
41,1930.0,947.0,1977.0,1004.0,7527,1,0,1,Biker
41,1930.0,947.0,1977.0,1004.0,7528,1,0,1,Biker
41,1930.0,947.0,1977.0,1004.0,7529,1,0,1,Biker
41,1930.0,947.0,1977.0,1004.0,7530,1,0,1,Biker
41,1930.0,947.0,1977.0,1004.0,7531,1,0,0,Biker
42,1861.0,833.0,1941.0,908.0,6000,1,0,0,Pedestrian
42,1861.0,833.0,1941.0,908.0,6001,1,0,1,Pedestrian
42,1861.0,833.0,1941.0,908.0,6002,1,0,1,Pedestrian
42,1861.0,833.0,1941.0,908.0,6003,1,0,1,Pedestrian
42,1864.0,833.0,1941.0,908.0,6004,1,0,1,Pedestrian
42,1864.0,833.0,1944.0,908.0,6005,1,0,1,Pedestrian
42,1864.0,833.0,1944.0,908.0,6006,1,0,1,Pedestrian
42,1867.0,833.0,1944.0,908.0,6007,1,0,1,Pedestrian
42,1867.0,833.0,1944.0,908.0,6008,1,0,1,Pedestrian
42,1867.0,833.0,1944.0,908.0,6009,1,0,1,Pedestrian
42,1867.0,833.0,1947.0,908.0,6010,1,0,1,Pedestrian
42,1870.0,833.0,1947.0,908.0,6011,1,0,1,Pedestrian
42,1870.0,833.0,1947.0,908.0,6012,1,0,1,Pedestrian
42,1870.0,833.0,1947.0,908.0,6013,1,0,1,Pedestrian
42,1872.0,833.0,1949.0,908.0,6014,1,0,1,Pedestrian
42,1872.0,833.0,1949.0,908.0,6015,1,0,1,Pedestrian
42,1872.0,833.0,1949.0,908.0,6016,1,0,1,Pedestrian
42,1872.0,833.0,1949.0,908.0,6017,1,0,1,Pedestrian
42,1875.0,833.0,1949.0,908.0,6018,1,0,1,Pedestrian
42,1875.0,833.0,1952.0,908.0,6019,1,0,1,Pedestrian
42,1875.0,833.0,1952.0,908.0,6020,1,0,1,Pedestrian
42,1878.0,833.0,1952.0,908.0,6021,1,0,1,Pedestrian
42,1878.0,833.0,1952.0,908.0,6022,1,0,1,Pedestrian
42,1878.0,833.0,1955.0,908.0,6023,1,0,1,Pedestrian
42,1878.0,833.0,1955.0,908.0,6024,1,0,1,Pedestrian
42,1881.0,833.0,1955.0,908.0,6025,1,0,1,Pedestrian
42,1881.0,833.0,1955.0,908.0,6026,1,0,1,Pedestrian
42,1881.0,833.0,1955.0,908.0,6027,1,0,1,Pedestrian
42,1883.0,833.0,1958.0,908.0,6028,1,0,1,Pedestrian
42,1883.0,833.0,1958.0,908.0,6029,1,0,1,Pedestrian
42,1883.0,835.0,1958.0,910.0,6030,1,0,1,Pedestrian
42,1883.0,835.0,1958.0,910.0,6031,1,0,1,Pedestrian
42,1886.0,835.0,1960.0,910.0,6032,1,0,1,Pedestrian
42,1886.0,835.0,1960.0,910.0,6033,1,0,1,Pedestrian
42,1886.0,835.0,1960.0,910.0,6034,1,0,1,Pedestrian
42,1889.0,835.0,1960.0,910.0,6035,1,0,1,Pedestrian
42,1889.0,835.0,1960.0,910.0,6036,1,0,1,Pedestrian
42,1889.0,835.0,1963.0,910.0,6037,1,0,1,Pedestrian
42,1889.0,835.0,1963.0,910.0,6038,1,0,1,Pedestrian
42,1892.0,835.0,1963.0,910.0,6039,1,0,1,Pedestrian
42,1892.0,835.0,1963.0,910.0,6040,1,0,1,Pedestrian
42,1892.0,835.0,1966.0,910.0,6041,1,0,1,Pedestrian
42,1894.0,835.0,1966.0,910.0,6042,1,0,1,Pedestrian
42,1894.0,835.0,1966.0,910.0,6043,1,0,1,Pedestrian
42,1894.0,835.0,1966.0,910.0,6044,1,0,1,Pedestrian
42,1894.0,835.0,1966.0,910.0,6045,1,0,1,Pedestrian
42,1897.0,835.0,1969.0,910.0,6046,1,0,1,Pedestrian
42,1897.0,835.0,1969.0,910.0,6047,1,0,1,Pedestrian
42,1897.0,835.0,1969.0,910.0,6048,1,0,1,Pedestrian
42,1900.0,835.0,1969.0,910.0,6049,1,0,1,Pedestrian
42,1900.0,835.0,1971.0,910.0,6050,1,0,1,Pedestrian
42,1900.0,835.0,1971.0,910.0,6051,1,0,1,Pedestrian
42,1900.0,835.0,1971.0,910.0,6052,1,0,1,Pedestrian
42,1903.0,835.0,1971.0,910.0,6053,1,0,1,Pedestrian
42,1903.0,835.0,1971.0,910.0,6054,1,0,1,Pedestrian
42,1903.0,835.0,1974.0,910.0,6055,1,0,1,Pedestrian
42,1905.0,835.0,1974.0,910.0,6056,1,0,1,Pedestrian
42,1905.0,835.0,1974.0,910.0,6057,1,0,1,Pedestrian
42,1905.0,835.0,1974.0,910.0,6058,1,0,1,Pedestrian
42,1908.0,837.0,1977.0,913.0,6059,0,0,0,Pedestrian
42,1908.0,835.0,1977.0,910.0,6060,0,0,1,Pedestrian
42,1908.0,835.0,1977.0,910.0,6061,0,0,1,Pedestrian
42,1908.0,835.0,1977.0,910.0,6062,0,0,1,Pedestrian
42,1908.0,835.0,1977.0,910.0,6063,0,0,1,Pedestrian
42,1908.0,835.0,1977.0,910.0,6064,0,0,1,Pedestrian
42,1908.0,835.0,1977.0,910.0,6065,0,0,1,Pedestrian
42,1908.0,835.0,1977.0,910.0,6066,0,0,1,Pedestrian
42,1908.0,835.0,1977.0,910.0,6067,0,0,1,Pedestrian
42,1908.0,835.0,1977.0,910.0,6068,0,0,1,Pedestrian
42,1908.0,835.0,1977.0,910.0,6069,0,0,0,Pedestrian
42,1905.0,833.0,1974.0,908.0,6070,0,0,1,Pedestrian
42,1903.0,833.0,1974.0,908.0,6071,0,0,1,Pedestrian
42,1903.0,833.0,1971.0,908.0,6072,0,0,1,Pedestrian
42,1900.0,833.0,1971.0,908.0,6073,0,0,1,Pedestrian
42,1900.0,833.0,1969.0,908.0,6074,0,0,1,Pedestrian
42,1897.0,833.0,1969.0,908.0,6075,0,0,1,Pedestrian
42,1897.0,833.0,1969.0,908.0,6076,0,0,1,Pedestrian
42,1894.0,833.0,1966.0,908.0,6077,0,0,1,Pedestrian
42,1894.0,833.0,1966.0,908.0,6078,0,0,1,Pedestrian
42,1892.0,833.0,1963.0,908.0,6079,0,0,1,Pedestrian
42,1889.0,833.0,1963.0,908.0,6080,0,0,1,Pedestrian
42,1889.0,833.0,1960.0,908.0,6081,0,0,1,Pedestrian
42,1886.0,833.0,1960.0,908.0,6082,0,0,1,Pedestrian
42,1886.0,833.0,1960.0,908.0,6083,0,0,1,Pedestrian
42,1883.0,833.0,1958.0,908.0,6084,0,0,1,Pedestrian
42,1883.0,833.0,1958.0,908.0,6085,0,0,1,Pedestrian
42,1881.0,833.0,1955.0,908.0,6086,0,0,1,Pedestrian
42,1881.0,833.0,1955.0,908.0,6087,0,0,1,Pedestrian
42,1878.0,833.0,1955.0,908.0,6088,0,0,1,Pedestrian
42,1878.0,833.0,1952.0,908.0,6089,0,0,1,Pedestrian
42,1875.0,833.0,1952.0,908.0,6090,0,0,1,Pedestrian
42,1872.0,833.0,1949.0,908.0,6091,0,0,1,Pedestrian
42,1872.0,833.0,1949.0,908.0,6092,0,0,1,Pedestrian
42,1870.0,833.0,1947.0,908.0,6093,0,0,1,Pedestrian
42,1870.0,833.0,1947.0,908.0,6094,0,0,1,Pedestrian
42,1867.0,833.0,1947.0,908.0,6095,0,0,1,Pedestrian
42,1867.0,833.0,1944.0,908.0,6096,0,0,1,Pedestrian
42,1864.0,833.0,1944.0,908.0,6097,0,0,1,Pedestrian
42,1864.0,833.0,1941.0,908.0,6098,0,0,1,Pedestrian
42,1861.0,833.0,1941.0,908.0,6099,0,0,1,Pedestrian
42,1861.0,833.0,1941.0,908.0,6100,0,0,0,Pedestrian
42,1859.0,831.0,1938.0,906.0,6101,0,0,1,Pedestrian
42,1856.0,831.0,1936.0,906.0,6102,0,0,1,Pedestrian
42,1856.0,831.0,1936.0,906.0,6103,0,0,1,Pedestrian
42,1853.0,831.0,1933.0,906.0,6104,0,0,1,Pedestrian
42,1853.0,831.0,1933.0,906.0,6105,0,0,1,Pedestrian
42,1850.0,828.0,1930.0,904.0,6106,0,0,1,Pedestrian
42,1848.0,828.0,1927.0,904.0,6107,0,0,1,Pedestrian
42,1848.0,828.0,1927.0,904.0,6108,0,0,1,Pedestrian
42,1845.0,828.0,1925.0,904.0,6109,0,0,1,Pedestrian
42,1845.0,828.0,1925.0,904.0,6110,0,0,1,Pedestrian
42,1842.0,828.0,1922.0,904.0,6111,0,0,1,Pedestrian
42,1842.0,826.0,1922.0,901.0,6112,0,0,1,Pedestrian
42,1839.0,826.0,1919.0,901.0,6113,0,0,1,Pedestrian
42,1837.0,826.0,1916.0,901.0,6114,0,0,1,Pedestrian
42,1837.0,826.0,1916.0,901.0,6115,0,0,1,Pedestrian
42,1834.0,826.0,1914.0,901.0,6116,0,0,1,Pedestrian
42,1834.0,826.0,1914.0,901.0,6117,0,0,1,Pedestrian
42,1831.0,824.0,1911.0,899.0,6118,0,0,1,Pedestrian
42,1831.0,824.0,1911.0,899.0,6119,0,0,1,Pedestrian
42,1828.0,824.0,1908.0,899.0,6120,0,0,1,Pedestrian
42,1826.0,824.0,1905.0,899.0,6121,0,0,1,Pedestrian
42,1826.0,824.0,1905.0,899.0,6122,0,0,1,Pedestrian
42,1823.0,824.0,1903.0,899.0,6123,0,0,1,Pedestrian
42,1823.0,822.0,1903.0,897.0,6124,0,0,1,Pedestrian
42,1820.0,822.0,1900.0,897.0,6125,0,0,1,Pedestrian
42,1820.0,822.0,1900.0,897.0,6126,0,0,1,Pedestrian
42,1817.0,822.0,1897.0,897.0,6127,0,0,1,Pedestrian
42,1815.0,822.0,1894.0,897.0,6128,0,0,1,Pedestrian
42,1815.0,822.0,1894.0,897.0,6129,0,0,1,Pedestrian
42,1812.0,819.0,1892.0,894.0,6130,0,0,1,Pedestrian
42,1812.0,819.0,1892.0,894.0,6131,0,0,1,Pedestrian
42,1809.0,819.0,1889.0,894.0,6132,0,0,1,Pedestrian
42,1809.0,819.0,1889.0,894.0,6133,0,0,1,Pedestrian
42,1806.0,819.0,1886.0,894.0,6134,0,0,1,Pedestrian
42,1804.0,817.0,1883.0,894.0,6135,0,0,1,Pedestrian
42,1804.0,817.0,1883.0,892.0,6136,0,0,1,Pedestrian
42,1801.0,817.0,1881.0,892.0,6137,0,0,1,Pedestrian
42,1801.0,817.0,1881.0,892.0,6138,0,0,1,Pedestrian
42,1798.0,817.0,1878.0,892.0,6139,0,0,1,Pedestrian
42,1798.0,817.0,1878.0,892.0,6140,0,0,1,Pedestrian
42,1795.0,815.0,1875.0,892.0,6141,0,0,1,Pedestrian
42,1793.0,815.0,1872.0,890.0,6142,0,0,1,Pedestrian
42,1793.0,815.0,1872.0,890.0,6143,0,0,1,Pedestrian
42,1790.0,815.0,1870.0,890.0,6144,0,0,1,Pedestrian
42,1790.0,815.0,1870.0,890.0,6145,0,0,1,Pedestrian
42,1787.0,815.0,1867.0,890.0,6146,0,0,1,Pedestrian
42,1787.0,812.0,1867.0,890.0,6147,0,0,1,Pedestrian
42,1784.0,812.0,1864.0,888.0,6148,0,0,1,Pedestrian
42,1782.0,812.0,1861.0,888.0,6149,0,0,1,Pedestrian
42,1782.0,812.0,1861.0,888.0,6150,0,0,1,Pedestrian
42,1779.0,812.0,1859.0,888.0,6151,0,0,1,Pedestrian
42,1779.0,812.0,1859.0,888.0,6152,0,0,1,Pedestrian
42,1776.0,810.0,1856.0,888.0,6153,0,0,1,Pedestrian
42,1776.0,810.0,1856.0,885.0,6154,0,0,1,Pedestrian
42,1773.0,810.0,1853.0,885.0,6155,0,0,1,Pedestrian
42,1771.0,810.0,1850.0,885.0,6156,0,0,1,Pedestrian
42,1771.0,810.0,1850.0,885.0,6157,0,0,1,Pedestrian
42,1768.0,810.0,1848.0,885.0,6158,0,0,1,Pedestrian
42,1768.0,808.0,1848.0,885.0,6159,0,0,1,Pedestrian
42,1765.0,808.0,1845.0,883.0,6160,0,0,1,Pedestrian
42,1765.0,808.0,1845.0,883.0,6161,0,0,1,Pedestrian
42,1762.0,808.0,1842.0,883.0,6162,0,0,1,Pedestrian
42,1760.0,808.0,1839.0,883.0,6163,0,0,1,Pedestrian
42,1760.0,806.0,1839.0,883.0,6164,0,0,1,Pedestrian
42,1757.0,806.0,1837.0,883.0,6165,0,0,1,Pedestrian
42,1757.0,806.0,1837.0,881.0,6166,0,0,1,Pedestrian
42,1754.0,806.0,1834.0,881.0,6167,0,0,1,Pedestrian
42,1754.0,806.0,1834.0,881.0,6168,0,0,1,Pedestrian
42,1751.0,806.0,1831.0,881.0,6169,0,0,1,Pedestrian
42,1749.0,803.0,1828.0,881.0,6170,0,0,1,Pedestrian
42,1749.0,803.0,1828.0,881.0,6171,0,0,1,Pedestrian
42,1746.0,803.0,1826.0,878.0,6172,0,0,1,Pedestrian
42,1746.0,803.0,1826.0,878.0,6173,0,0,1,Pedestrian
42,1743.0,803.0,1823.0,878.0,6174,0,0,1,Pedestrian
42,1743.0,803.0,1823.0,878.0,6175,0,0,1,Pedestrian
42,1740.0,801.0,1820.0,878.0,6176,0,0,1,Pedestrian
42,1738.0,801.0,1817.0,876.0,6177,0,0,1,Pedestrian
42,1738.0,801.0,1817.0,876.0,6178,0,0,1,Pedestrian
42,1735.0,801.0,1815.0,876.0,6179,0,0,1,Pedestrian
42,1735.0,801.0,1815.0,876.0,6180,0,0,1,Pedestrian
42,1732.0,801.0,1812.0,876.0,6181,0,0,1,Pedestrian
42,1732.0,799.0,1812.0,876.0,6182,0,0,1,Pedestrian
42,1729.0,799.0,1809.0,874.0,6183,0,0,1,Pedestrian
42,1727.0,799.0,1806.0,874.0,6184,0,0,1,Pedestrian
42,1727.0,799.0,1806.0,874.0,6185,0,0,1,Pedestrian
42,1724.0,799.0,1804.0,874.0,6186,0,0,1,Pedestrian
42,1724.0,799.0,1804.0,874.0,6187,0,0,1,Pedestrian
42,1721.0,796.0,1801.0,874.0,6188,0,0,1,Pedestrian
42,1721.0,796.0,1801.0,872.0,6189,0,0,1,Pedestrian
42,1718.0,796.0,1798.0,872.0,6190,0,0,1,Pedestrian
42,1716.0,796.0,1795.0,872.0,6191,0,0,1,Pedestrian
42,1716.0,796.0,1795.0,872.0,6192,0,0,1,Pedestrian
42,1713.0,794.0,1793.0,872.0,6193,0,0,1,Pedestrian
42,1713.0,794.0,1793.0,872.0,6194,0,0,1,Pedestrian
42,1710.0,794.0,1790.0,869.0,6195,0,0,1,Pedestrian
42,1710.0,794.0,1790.0,869.0,6196,0,0,1,Pedestrian
42,1707.0,794.0,1787.0,869.0,6197,0,0,1,Pedestrian
42,1705.0,794.0,1784.0,869.0,6198,0,0,1,Pedestrian
42,1705.0,792.0,1784.0,869.0,6199,0,0,1,Pedestrian
42,1702.0,792.0,1782.0,869.0,6200,0,0,1,Pedestrian
42,1702.0,792.0,1782.0,867.0,6201,0,0,1,Pedestrian
42,1699.0,792.0,1779.0,867.0,6202,0,0,1,Pedestrian
42,1699.0,792.0,1779.0,867.0,6203,0,0,1,Pedestrian
42,1696.0,792.0,1776.0,867.0,6204,0,0,1,Pedestrian
42,1694.0,790.0,1773.0,867.0,6205,0,0,1,Pedestrian
42,1694.0,790.0,1773.0,867.0,6206,0,0,1,Pedestrian
42,1691.0,790.0,1771.0,865.0,6207,0,0,1,Pedestrian
42,1691.0,790.0,1771.0,865.0,6208,0,0,1,Pedestrian
42,1688.0,790.0,1768.0,865.0,6209,0,0,1,Pedestrian
42,1688.0,790.0,1768.0,865.0,6210,0,0,1,Pedestrian
42,1685.0,787.0,1765.0,865.0,6211,0,0,1,Pedestrian
42,1683.0,787.0,1762.0,865.0,6212,0,0,1,Pedestrian
42,1683.0,787.0,1762.0,863.0,6213,0,0,1,Pedestrian
42,1680.0,787.0,1760.0,863.0,6214,0,0,1,Pedestrian
42,1680.0,787.0,1760.0,863.0,6215,0,0,1,Pedestrian
42,1677.0,787.0,1757.0,863.0,6216,0,0,1,Pedestrian
42,1677.0,785.0,1757.0,863.0,6217,0,0,1,Pedestrian
42,1674.0,785.0,1754.0,863.0,6218,0,0,1,Pedestrian
42,1672.0,785.0,1751.0,860.0,6219,0,0,1,Pedestrian
42,1672.0,785.0,1751.0,860.0,6220,0,0,1,Pedestrian
42,1669.0,785.0,1749.0,860.0,6221,0,0,1,Pedestrian
42,1669.0,783.0,1749.0,860.0,6222,0,0,1,Pedestrian
42,1666.0,783.0,1746.0,860.0,6223,0,0,1,Pedestrian
42,1666.0,783.0,1746.0,860.0,6224,0,0,1,Pedestrian
42,1663.0,783.0,1743.0,858.0,6225,0,0,1,Pedestrian
42,1661.0,783.0,1740.0,858.0,6226,0,0,1,Pedestrian
42,1661.0,783.0,1740.0,858.0,6227,0,0,1,Pedestrian
42,1658.0,781.0,1738.0,858.0,6228,0,0,1,Pedestrian
42,1658.0,781.0,1738.0,858.0,6229,0,0,1,Pedestrian
42,1655.0,781.0,1735.0,858.0,6230,0,0,1,Pedestrian
42,1655.0,781.0,1735.0,856.0,6231,0,0,1,Pedestrian
42,1652.0,781.0,1732.0,856.0,6232,0,0,1,Pedestrian
42,1650.0,781.0,1729.0,856.0,6233,0,0,1,Pedestrian
42,1650.0,778.0,1729.0,856.0,6234,0,0,1,Pedestrian
42,1647.0,778.0,1727.0,856.0,6235,0,0,1,Pedestrian
42,1647.0,778.0,1727.0,856.0,6236,0,0,1,Pedestrian
42,1644.0,778.0,1724.0,853.0,6237,0,0,1,Pedestrian
42,1644.0,778.0,1724.0,853.0,6238,0,0,1,Pedestrian
42,1641.0,778.0,1721.0,853.0,6239,0,0,1,Pedestrian
42,1639.0,776.0,1718.0,853.0,6240,0,0,1,Pedestrian
42,1639.0,776.0,1718.0,853.0,6241,0,0,1,Pedestrian
42,1636.0,776.0,1716.0,853.0,6242,0,0,1,Pedestrian
42,1636.0,776.0,1716.0,851.0,6243,0,0,1,Pedestrian
42,1633.0,776.0,1713.0,851.0,6244,0,0,1,Pedestrian
42,1633.0,776.0,1713.0,851.0,6245,0,0,1,Pedestrian
42,1630.0,774.0,1710.0,851.0,6246,0,0,1,Pedestrian
42,1628.0,774.0,1707.0,851.0,6247,0,0,1,Pedestrian
42,1628.0,774.0,1707.0,849.0,6248,0,0,1,Pedestrian
42,1625.0,774.0,1705.0,849.0,6249,0,0,1,Pedestrian
42,1625.0,774.0,1705.0,849.0,6250,0,0,1,Pedestrian
42,1622.0,771.0,1702.0,849.0,6251,0,0,1,Pedestrian
42,1619.0,771.0,1699.0,849.0,6252,0,0,1,Pedestrian
42,1619.0,771.0,1699.0,849.0,6253,0,0,1,Pedestrian
42,1617.0,771.0,1696.0,847.0,6254,0,0,1,Pedestrian
42,1617.0,771.0,1696.0,847.0,6255,0,0,1,Pedestrian
42,1614.0,771.0,1694.0,847.0,6256,0,0,1,Pedestrian
42,1614.0,769.0,1694.0,847.0,6257,0,0,1,Pedestrian
42,1611.0,769.0,1691.0,847.0,6258,0,0,1,Pedestrian
42,1608.0,769.0,1688.0,847.0,6259,0,0,1,Pedestrian
42,1608.0,769.0,1688.0,844.0,6260,0,0,1,Pedestrian
42,1606.0,769.0,1685.0,844.0,6261,0,0,1,Pedestrian
42,1606.0,769.0,1685.0,844.0,6262,0,0,1,Pedestrian
42,1603.0,767.0,1683.0,844.0,6263,0,0,1,Pedestrian
42,1603.0,767.0,1683.0,844.0,6264,0,0,1,Pedestrian
42,1600.0,767.0,1680.0,844.0,6265,0,0,1,Pedestrian
42,1597.0,767.0,1677.0,842.0,6266,0,0,1,Pedestrian
42,1597.0,767.0,1677.0,842.0,6267,0,0,1,Pedestrian
42,1595.0,767.0,1674.0,842.0,6268,0,0,1,Pedestrian
42,1595.0,765.0,1674.0,842.0,6269,0,0,1,Pedestrian
42,1592.0,765.0,1672.0,842.0,6270,0,0,1,Pedestrian
42,1592.0,765.0,1672.0,842.0,6271,0,0,1,Pedestrian
42,1589.0,765.0,1669.0,840.0,6272,0,0,1,Pedestrian
42,1586.0,765.0,1666.0,840.0,6273,0,0,1,Pedestrian
42,1586.0,765.0,1666.0,840.0,6274,0,0,1,Pedestrian
42,1584.0,762.0,1663.0,840.0,6275,0,0,1,Pedestrian
42,1584.0,762.0,1663.0,840.0,6276,0,0,1,Pedestrian
42,1581.0,762.0,1661.0,840.0,6277,0,0,1,Pedestrian
42,1581.0,762.0,1661.0,837.0,6278,0,0,1,Pedestrian
42,1578.0,762.0,1658.0,837.0,6279,0,0,1,Pedestrian
42,1575.0,760.0,1655.0,837.0,6280,0,0,1,Pedestrian
42,1575.0,760.0,1655.0,837.0,6281,0,0,1,Pedestrian
42,1573.0,760.0,1652.0,837.0,6282,0,0,1,Pedestrian
42,1573.0,760.0,1652.0,837.0,6283,0,0,1,Pedestrian
42,1570.0,760.0,1650.0,835.0,6284,0,0,1,Pedestrian
42,1570.0,760.0,1650.0,835.0,6285,0,0,1,Pedestrian
42,1567.0,758.0,1647.0,835.0,6286,0,0,1,Pedestrian
42,1564.0,758.0,1644.0,835.0,6287,0,0,1,Pedestrian
42,1564.0,758.0,1644.0,835.0,6288,0,0,1,Pedestrian
42,1562.0,758.0,1641.0,835.0,6289,0,0,1,Pedestrian
42,1562.0,758.0,1641.0,833.0,6290,0,0,1,Pedestrian
42,1559.0,758.0,1639.0,833.0,6291,0,0,1,Pedestrian
42,1559.0,755.0,1639.0,833.0,6292,0,0,1,Pedestrian
42,1556.0,755.0,1636.0,833.0,6293,0,0,1,Pedestrian
42,1553.0,755.0,1633.0,833.0,6294,0,0,1,Pedestrian
42,1553.0,755.0,1633.0,833.0,6295,0,0,1,Pedestrian
42,1551.0,755.0,1630.0,831.0,6296,0,0,1,Pedestrian
42,1551.0,755.0,1630.0,831.0,6297,0,0,1,Pedestrian
42,1548.0,753.0,1628.0,831.0,6298,0,0,1,Pedestrian
42,1548.0,753.0,1628.0,831.0,6299,0,0,1,Pedestrian
42,1545.0,753.0,1625.0,831.0,6300,0,0,1,Pedestrian
42,1542.0,753.0,1622.0,831.0,6301,0,0,1,Pedestrian
42,1542.0,753.0,1622.0,828.0,6302,0,0,1,Pedestrian
42,1540.0,753.0,1619.0,828.0,6303,0,0,1,Pedestrian
42,1540.0,751.0,1619.0,828.0,6304,0,0,1,Pedestrian
42,1537.0,751.0,1617.0,828.0,6305,0,0,1,Pedestrian
42,1537.0,751.0,1617.0,828.0,6306,0,0,1,Pedestrian
42,1534.0,751.0,1614.0,828.0,6307,0,0,1,Pedestrian
42,1531.0,751.0,1611.0,826.0,6308,0,0,1,Pedestrian
42,1531.0,749.0,1611.0,826.0,6309,0,0,1,Pedestrian
42,1529.0,749.0,1608.0,826.0,6310,0,0,1,Pedestrian
42,1529.0,749.0,1608.0,826.0,6311,0,0,1,Pedestrian
42,1526.0,749.0,1606.0,826.0,6312,0,0,1,Pedestrian
42,1526.0,749.0,1606.0,826.0,6313,0,0,1,Pedestrian
42,1523.0,749.0,1603.0,824.0,6314,0,0,1,Pedestrian
42,1520.0,746.0,1600.0,824.0,6315,0,0,1,Pedestrian
42,1520.0,746.0,1600.0,824.0,6316,0,0,1,Pedestrian
42,1518.0,746.0,1597.0,824.0,6317,0,0,1,Pedestrian
42,1518.0,746.0,1597.0,824.0,6318,0,0,1,Pedestrian
42,1515.0,746.0,1595.0,822.0,6319,0,0,1,Pedestrian
42,1515.0,746.0,1595.0,822.0,6320,0,0,1,Pedestrian
42,1512.0,744.0,1592.0,822.0,6321,0,0,1,Pedestrian
42,1509.0,744.0,1589.0,822.0,6322,0,0,1,Pedestrian
42,1509.0,744.0,1589.0,822.0,6323,0,0,1,Pedestrian
42,1507.0,744.0,1586.0,822.0,6324,0,0,1,Pedestrian
42,1507.0,744.0,1586.0,819.0,6325,0,0,1,Pedestrian
42,1504.0,744.0,1584.0,819.0,6326,0,0,1,Pedestrian
42,1504.0,742.0,1584.0,819.0,6327,0,0,1,Pedestrian
42,1501.0,742.0,1581.0,819.0,6328,0,0,1,Pedestrian
42,1498.0,742.0,1578.0,819.0,6329,0,0,1,Pedestrian
42,1498.0,742.0,1578.0,819.0,6330,0,0,1,Pedestrian
42,1496.0,742.0,1575.0,817.0,6331,0,0,1,Pedestrian
42,1496.0,742.0,1575.0,817.0,6332,0,0,1,Pedestrian
42,1493.0,740.0,1573.0,817.0,6333,0,0,1,Pedestrian
42,1493.0,740.0,1573.0,817.0,6334,0,0,1,Pedestrian
42,1490.0,740.0,1570.0,817.0,6335,0,0,1,Pedestrian
42,1487.0,740.0,1567.0,817.0,6336,0,0,1,Pedestrian
42,1487.0,740.0,1567.0,815.0,6337,0,0,1,Pedestrian
42,1485.0,737.0,1564.0,815.0,6338,0,0,1,Pedestrian
42,1485.0,737.0,1564.0,815.0,6339,0,0,1,Pedestrian
42,1482.0,737.0,1562.0,815.0,6340,0,0,1,Pedestrian
42,1482.0,737.0,1562.0,815.0,6341,0,0,1,Pedestrian
42,1479.0,737.0,1559.0,815.0,6342,0,0,1,Pedestrian
42,1476.0,737.0,1556.0,812.0,6343,0,0,1,Pedestrian
42,1476.0,735.0,1556.0,812.0,6344,0,0,1,Pedestrian
42,1474.0,735.0,1553.0,812.0,6345,0,0,1,Pedestrian
42,1474.0,735.0,1553.0,812.0,6346,0,0,1,Pedestrian
42,1471.0,735.0,1551.0,812.0,6347,0,0,1,Pedestrian
42,1471.0,735.0,1551.0,812.0,6348,0,0,1,Pedestrian
42,1468.0,735.0,1548.0,810.0,6349,0,0,1,Pedestrian
42,1465.0,733.0,1545.0,810.0,6350,0,0,1,Pedestrian
42,1465.0,733.0,1545.0,810.0,6351,0,0,1,Pedestrian
42,1463.0,733.0,1542.0,810.0,6352,0,0,1,Pedestrian
42,1463.0,733.0,1542.0,810.0,6353,0,0,1,Pedestrian
42,1460.0,733.0,1540.0,810.0,6354,0,0,1,Pedestrian
42,1460.0,733.0,1540.0,808.0,6355,0,0,1,Pedestrian
42,1457.0,730.0,1537.0,808.0,6356,0,0,1,Pedestrian
42,1454.0,730.0,1534.0,808.0,6357,0,0,1,Pedestrian
42,1454.0,730.0,1534.0,808.0,6358,0,0,1,Pedestrian
42,1452.0,730.0,1531.0,808.0,6359,0,0,1,Pedestrian
42,1452.0,730.0,1531.0,808.0,6360,0,0,1,Pedestrian
42,1449.0,730.0,1529.0,806.0,6361,0,0,1,Pedestrian
42,1449.0,728.0,1529.0,806.0,6362,0,0,1,Pedestrian
42,1446.0,728.0,1526.0,806.0,6363,0,0,1,Pedestrian
42,1443.0,728.0,1523.0,806.0,6364,0,0,1,Pedestrian
42,1443.0,728.0,1523.0,806.0,6365,0,0,1,Pedestrian
42,1441.0,728.0,1520.0,806.0,6366,0,0,1,Pedestrian
42,1441.0,726.0,1520.0,803.0,6367,0,0,1,Pedestrian
42,1438.0,726.0,1518.0,803.0,6368,0,0,1,Pedestrian
42,1438.0,726.0,1518.0,803.0,6369,0,0,1,Pedestrian
42,1435.0,726.0,1515.0,803.0,6370,0,0,1,Pedestrian
42,1432.0,726.0,1512.0,803.0,6371,0,0,1,Pedestrian
42,1432.0,726.0,1512.0,803.0,6372,0,0,1,Pedestrian
42,1430.0,724.0,1509.0,801.0,6373,0,0,1,Pedestrian
42,1430.0,724.0,1509.0,801.0,6374,0,0,1,Pedestrian
42,1427.0,724.0,1507.0,801.0,6375,0,0,1,Pedestrian
42,1427.0,724.0,1507.0,801.0,6376,0,0,1,Pedestrian
42,1424.0,724.0,1504.0,801.0,6377,0,0,1,Pedestrian
42,1421.0,724.0,1501.0,801.0,6378,0,0,1,Pedestrian
42,1421.0,721.0,1501.0,799.0,6379,0,0,1,Pedestrian
42,1419.0,721.0,1498.0,799.0,6380,0,0,1,Pedestrian
42,1419.0,721.0,1498.0,799.0,6381,0,0,1,Pedestrian
42,1416.0,721.0,1496.0,799.0,6382,0,0,1,Pedestrian
42,1416.0,721.0,1496.0,799.0,6383,0,0,1,Pedestrian
42,1413.0,721.0,1493.0,799.0,6384,0,0,1,Pedestrian
42,1410.0,719.0,1490.0,796.0,6385,0,0,1,Pedestrian
42,1410.0,719.0,1490.0,796.0,6386,0,0,1,Pedestrian
42,1408.0,719.0,1487.0,796.0,6387,0,0,1,Pedestrian
42,1408.0,719.0,1487.0,796.0,6388,0,0,1,Pedestrian
42,1405.0,719.0,1485.0,796.0,6389,0,0,1,Pedestrian
42,1405.0,719.0,1485.0,796.0,6390,0,0,0,Pedestrian
42,1402.0,717.0,1482.0,794.0,6391,0,0,1,Pedestrian
42,1399.0,717.0,1479.0,794.0,6392,0,0,1,Pedestrian
42,1399.0,715.0,1479.0,792.0,6393,0,0,1,Pedestrian
42,1397.0,715.0,1476.0,792.0,6394,0,0,1,Pedestrian
42,1394.0,712.0,1474.0,790.0,6395,0,0,1,Pedestrian
42,1394.0,712.0,1474.0,790.0,6396,0,0,1,Pedestrian
42,1391.0,710.0,1471.0,787.0,6397,0,0,1,Pedestrian
42,1388.0,710.0,1468.0,787.0,6398,0,0,1,Pedestrian
42,1388.0,710.0,1468.0,787.0,6399,0,0,1,Pedestrian
42,1386.0,708.0,1465.0,785.0,6400,0,0,1,Pedestrian
42,1383.0,708.0,1463.0,785.0,6401,0,0,1,Pedestrian
42,1383.0,705.0,1463.0,783.0,6402,0,0,1,Pedestrian
42,1380.0,705.0,1460.0,783.0,6403,0,0,1,Pedestrian
42,1377.0,703.0,1457.0,781.0,6404,0,0,1,Pedestrian
42,1377.0,703.0,1457.0,781.0,6405,0,0,1,Pedestrian
42,1375.0,703.0,1454.0,781.0,6406,0,0,1,Pedestrian
42,1372.0,701.0,1452.0,778.0,6407,0,0,1,Pedestrian
42,1372.0,701.0,1452.0,778.0,6408,0,0,1,Pedestrian
42,1369.0,699.0,1449.0,776.0,6409,0,0,1,Pedestrian
42,1369.0,699.0,1449.0,776.0,6410,0,0,1,Pedestrian
42,1366.0,696.0,1446.0,774.0,6411,0,0,1,Pedestrian
42,1364.0,696.0,1443.0,774.0,6412,0,0,1,Pedestrian
42,1364.0,696.0,1443.0,774.0,6413,0,0,1,Pedestrian
42,1361.0,694.0,1441.0,771.0,6414,0,0,1,Pedestrian
42,1358.0,694.0,1438.0,771.0,6415,0,0,1,Pedestrian
42,1358.0,692.0,1438.0,769.0,6416,0,0,1,Pedestrian
42,1355.0,692.0,1435.0,769.0,6417,0,0,1,Pedestrian
42,1353.0,689.0,1432.0,767.0,6418,0,0,1,Pedestrian
42,1353.0,689.0,1432.0,767.0,6419,0,0,1,Pedestrian
42,1350.0,689.0,1430.0,767.0,6420,0,0,1,Pedestrian
42,1347.0,687.0,1427.0,765.0,6421,0,0,1,Pedestrian
42,1347.0,687.0,1427.0,765.0,6422,0,0,1,Pedestrian
42,1344.0,685.0,1424.0,762.0,6423,0,0,1,Pedestrian
42,1342.0,685.0,1421.0,762.0,6424,0,0,1,Pedestrian
42,1342.0,683.0,1421.0,760.0,6425,0,0,1,Pedestrian
42,1339.0,683.0,1419.0,760.0,6426,0,0,1,Pedestrian
42,1336.0,680.0,1416.0,758.0,6427,0,0,1,Pedestrian
42,1336.0,680.0,1416.0,758.0,6428,0,0,1,Pedestrian
42,1333.0,680.0,1413.0,758.0,6429,0,0,1,Pedestrian
42,1333.0,678.0,1413.0,755.0,6430,0,0,1,Pedestrian
42,1331.0,678.0,1410.0,755.0,6431,0,0,1,Pedestrian
42,1328.0,676.0,1408.0,753.0,6432,0,0,1,Pedestrian
42,1328.0,676.0,1408.0,753.0,6433,0,0,1,Pedestrian
42,1325.0,674.0,1405.0,751.0,6434,0,0,1,Pedestrian
42,1322.0,674.0,1402.0,751.0,6435,0,0,1,Pedestrian
42,1322.0,674.0,1402.0,751.0,6436,0,0,1,Pedestrian
42,1320.0,671.0,1399.0,749.0,6437,0,0,1,Pedestrian
42,1317.0,671.0,1397.0,749.0,6438,0,0,1,Pedestrian
42,1317.0,669.0,1397.0,746.0,6439,0,0,1,Pedestrian
42,1314.0,669.0,1394.0,746.0,6440,0,0,1,Pedestrian
42,1311.0,667.0,1391.0,744.0,6441,0,0,1,Pedestrian
42,1311.0,667.0,1391.0,744.0,6442,0,0,1,Pedestrian
42,1309.0,667.0,1388.0,744.0,6443,0,0,1,Pedestrian
42,1306.0,664.0,1386.0,742.0,6444,0,0,1,Pedestrian
42,1306.0,664.0,1386.0,742.0,6445,0,0,1,Pedestrian
42,1303.0,662.0,1383.0,740.0,6446,0,0,1,Pedestrian
42,1300.0,662.0,1380.0,740.0,6447,0,0,1,Pedestrian
42,1300.0,660.0,1380.0,737.0,6448,0,0,1,Pedestrian
42,1298.0,660.0,1377.0,737.0,6449,0,0,1,Pedestrian
42,1298.0,660.0,1377.0,737.0,6450,0,0,0,Pedestrian
42,1295.0,658.0,1375.0,735.0,6451,0,0,1,Pedestrian
42,1295.0,658.0,1375.0,735.0,6452,0,0,1,Pedestrian
42,1292.0,658.0,1372.0,735.0,6453,0,0,1,Pedestrian
42,1292.0,658.0,1372.0,735.0,6454,0,0,1,Pedestrian
42,1292.0,658.0,1372.0,735.0,6455,0,0,1,Pedestrian
42,1289.0,655.0,1369.0,733.0,6456,0,0,1,Pedestrian
42,1289.0,655.0,1369.0,733.0,6457,0,0,1,Pedestrian
42,1287.0,655.0,1369.0,733.0,6458,0,0,1,Pedestrian
42,1287.0,655.0,1366.0,733.0,6459,0,0,1,Pedestrian
42,1287.0,655.0,1366.0,733.0,6460,0,0,1,Pedestrian
42,1284.0,655.0,1366.0,733.0,6461,0,0,1,Pedestrian
42,1284.0,653.0,1364.0,730.0,6462,0,0,1,Pedestrian
42,1284.0,653.0,1364.0,730.0,6463,0,0,1,Pedestrian
42,1281.0,653.0,1361.0,730.0,6464,0,0,1,Pedestrian
42,1281.0,653.0,1361.0,730.0,6465,0,0,1,Pedestrian
42,1278.0,653.0,1361.0,730.0,6466,0,0,1,Pedestrian
42,1278.0,651.0,1358.0,728.0,6467,0,0,1,Pedestrian
42,1278.0,651.0,1358.0,728.0,6468,0,0,1,Pedestrian
42,1276.0,651.0,1358.0,728.0,6469,0,0,1,Pedestrian
42,1276.0,651.0,1355.0,728.0,6470,0,0,1,Pedestrian
42,1276.0,651.0,1355.0,728.0,6471,0,0,1,Pedestrian
42,1273.0,651.0,1355.0,728.0,6472,0,0,1,Pedestrian
42,1273.0,648.0,1353.0,726.0,6473,0,0,1,Pedestrian
42,1270.0,648.0,1353.0,726.0,6474,0,0,1,Pedestrian
42,1270.0,648.0,1353.0,726.0,6475,0,0,1,Pedestrian
42,1270.0,648.0,1350.0,726.0,6476,0,0,1,Pedestrian
42,1267.0,648.0,1350.0,726.0,6477,0,0,1,Pedestrian
42,1267.0,646.0,1347.0,724.0,6478,0,0,1,Pedestrian
42,1265.0,646.0,1347.0,724.0,6479,0,0,1,Pedestrian
42,1265.0,646.0,1347.0,724.0,6480,0,0,1,Pedestrian
42,1265.0,646.0,1344.0,724.0,6481,0,0,1,Pedestrian
42,1262.0,646.0,1344.0,724.0,6482,0,0,1,Pedestrian
42,1262.0,646.0,1344.0,724.0,6483,0,0,1,Pedestrian
42,1262.0,644.0,1342.0,721.0,6484,0,0,1,Pedestrian
42,1259.0,644.0,1342.0,721.0,6485,0,0,1,Pedestrian
42,1259.0,644.0,1342.0,721.0,6486,0,0,1,Pedestrian
42,1256.0,644.0,1339.0,721.0,6487,0,0,1,Pedestrian
42,1256.0,644.0,1339.0,721.0,6488,0,0,1,Pedestrian
42,1256.0,642.0,1336.0,719.0,6489,0,0,1,Pedestrian
42,1254.0,642.0,1336.0,719.0,6490,0,0,1,Pedestrian
42,1254.0,642.0,1336.0,719.0,6491,0,0,1,Pedestrian
42,1254.0,642.0,1333.0,719.0,6492,0,0,1,Pedestrian
42,1251.0,642.0,1333.0,719.0,6493,0,0,1,Pedestrian
42,1251.0,642.0,1333.0,719.0,6494,0,0,1,Pedestrian
42,1248.0,639.0,1331.0,717.0,6495,0,0,1,Pedestrian
42,1248.0,639.0,1331.0,717.0,6496,0,0,1,Pedestrian
42,1248.0,639.0,1331.0,717.0,6497,0,0,1,Pedestrian
42,1245.0,639.0,1328.0,717.0,6498,0,0,1,Pedestrian
42,1245.0,639.0,1328.0,717.0,6499,0,0,1,Pedestrian
42,1245.0,639.0,1328.0,717.0,6500,0,0,0,Pedestrian
42,1243.0,637.0,1325.0,715.0,6501,0,0,1,Pedestrian
42,1243.0,637.0,1325.0,715.0,6502,0,0,1,Pedestrian
42,1240.0,635.0,1322.0,712.0,6503,0,0,1,Pedestrian
42,1240.0,635.0,1322.0,712.0,6504,0,0,1,Pedestrian
42,1240.0,633.0,1320.0,710.0,6505,0,0,1,Pedestrian
42,1237.0,633.0,1320.0,710.0,6506,0,0,1,Pedestrian
42,1237.0,630.0,1320.0,708.0,6507,0,0,1,Pedestrian
42,1237.0,630.0,1317.0,708.0,6508,0,0,1,Pedestrian
42,1234.0,630.0,1317.0,705.0,6509,0,0,1,Pedestrian
42,1234.0,628.0,1314.0,705.0,6510,0,0,1,Pedestrian
42,1234.0,628.0,1314.0,703.0,6511,0,0,1,Pedestrian
42,1232.0,626.0,1314.0,703.0,6512,0,0,1,Pedestrian
42,1232.0,626.0,1311.0,701.0,6513,0,0,1,Pedestrian
42,1232.0,623.0,1311.0,701.0,6514,0,0,1,Pedestrian
42,1229.0,623.0,1309.0,699.0,6515,0,0,1,Pedestrian
42,1229.0,621.0,1309.0,699.0,6516,0,0,1,Pedestrian
42,1229.0,621.0,1309.0,696.0,6517,0,0,1,Pedestrian
42,1226.0,621.0,1306.0,696.0,6518,0,0,1,Pedestrian
42,1226.0,619.0,1306.0,694.0,6519,0,0,1,Pedestrian
42,1226.0,619.0,1303.0,694.0,6520,0,0,1,Pedestrian
42,1223.0,617.0,1303.0,692.0,6521,0,0,1,Pedestrian
42,1223.0,617.0,1303.0,692.0,6522,0,0,1,Pedestrian
42,1221.0,614.0,1300.0,689.0,6523,0,0,1,Pedestrian
42,1221.0,614.0,1300.0,689.0,6524,0,0,1,Pedestrian
42,1221.0,612.0,1298.0,687.0,6525,0,0,1,Pedestrian
42,1218.0,612.0,1298.0,687.0,6526,0,0,1,Pedestrian
42,1218.0,612.0,1298.0,685.0,6527,0,0,1,Pedestrian
42,1218.0,610.0,1295.0,685.0,6528,0,0,1,Pedestrian
42,1215.0,610.0,1295.0,683.0,6529,0,0,1,Pedestrian
42,1215.0,607.0,1292.0,683.0,6530,0,0,1,Pedestrian
42,1215.0,607.0,1292.0,680.0,6531,0,0,1,Pedestrian
42,1212.0,605.0,1292.0,680.0,6532,0,0,1,Pedestrian
42,1212.0,605.0,1289.0,678.0,6533,0,0,1,Pedestrian
42,1212.0,603.0,1289.0,678.0,6534,0,0,1,Pedestrian
42,1210.0,603.0,1287.0,676.0,6535,0,0,1,Pedestrian
42,1210.0,603.0,1287.0,676.0,6536,0,0,1,Pedestrian
42,1210.0,601.0,1287.0,674.0,6537,0,0,1,Pedestrian
42,1207.0,601.0,1284.0,674.0,6538,0,0,1,Pedestrian
42,1207.0,598.0,1284.0,671.0,6539,0,0,1,Pedestrian
42,1207.0,598.0,1281.0,671.0,6540,0,0,1,Pedestrian
42,1204.0,596.0,1281.0,669.0,6541,0,0,1,Pedestrian
42,1204.0,596.0,1281.0,669.0,6542,0,0,1,Pedestrian
42,1204.0,596.0,1278.0,667.0,6543,0,0,1,Pedestrian
42,1201.0,594.0,1278.0,667.0,6544,0,0,1,Pedestrian
42,1201.0,594.0,1276.0,664.0,6545,0,0,1,Pedestrian
42,1199.0,592.0,1276.0,664.0,6546,0,0,1,Pedestrian
42,1199.0,592.0,1276.0,662.0,6547,0,0,1,Pedestrian
42,1199.0,589.0,1273.0,662.0,6548,0,0,1,Pedestrian
42,1196.0,589.0,1273.0,660.0,6549,0,0,1,Pedestrian
42,1196.0,587.0,1270.0,660.0,6550,0,0,1,Pedestrian
42,1196.0,587.0,1270.0,658.0,6551,0,0,1,Pedestrian
42,1193.0,587.0,1270.0,658.0,6552,0,0,1,Pedestrian
42,1193.0,585.0,1267.0,655.0,6553,0,0,1,Pedestrian
42,1193.0,585.0,1267.0,655.0,6554,0,0,1,Pedestrian
42,1190.0,582.0,1265.0,653.0,6555,0,0,1,Pedestrian
42,1190.0,582.0,1265.0,653.0,6556,0,0,1,Pedestrian
42,1190.0,580.0,1265.0,651.0,6557,0,0,1,Pedestrian
42,1188.0,580.0,1262.0,651.0,6558,0,0,1,Pedestrian
42,1188.0,578.0,1262.0,648.0,6559,0,0,1,Pedestrian
42,1188.0,578.0,1259.0,648.0,6560,0,0,1,Pedestrian
42,1185.0,578.0,1259.0,646.0,6561,0,0,1,Pedestrian
42,1185.0,576.0,1259.0,646.0,6562,0,0,1,Pedestrian
42,1185.0,576.0,1256.0,644.0,6563,0,0,1,Pedestrian
42,1182.0,573.0,1256.0,644.0,6564,0,0,1,Pedestrian
42,1182.0,573.0,1254.0,642.0,6565,0,0,1,Pedestrian
42,1179.0,571.0,1254.0,642.0,6566,0,0,1,Pedestrian
42,1179.0,571.0,1254.0,639.0,6567,0,0,1,Pedestrian
42,1179.0,569.0,1251.0,639.0,6568,0,0,1,Pedestrian
42,1177.0,569.0,1251.0,637.0,6569,0,0,1,Pedestrian
42,1177.0,569.0,1248.0,637.0,6570,0,0,1,Pedestrian
42,1177.0,566.0,1248.0,635.0,6571,0,0,1,Pedestrian
42,1174.0,566.0,1248.0,635.0,6572,0,0,1,Pedestrian
42,1174.0,564.0,1245.0,633.0,6573,0,0,1,Pedestrian
42,1174.0,564.0,1245.0,633.0,6574,0,0,1,Pedestrian
42,1171.0,562.0,1243.0,630.0,6575,0,0,1,Pedestrian
42,1171.0,562.0,1243.0,630.0,6576,0,0,1,Pedestrian
42,1171.0,560.0,1243.0,628.0,6577,0,0,1,Pedestrian
42,1168.0,560.0,1240.0,628.0,6578,0,0,1,Pedestrian
42,1168.0,560.0,1240.0,626.0,6579,0,0,1,Pedestrian
42,1168.0,557.0,1237.0,626.0,6580,0,0,1,Pedestrian
42,1166.0,557.0,1237.0,623.0,6581,0,0,1,Pedestrian
42,1166.0,555.0,1237.0,623.0,6582,0,0,1,Pedestrian
42,1166.0,555.0,1234.0,621.0,6583,0,0,1,Pedestrian
42,1163.0,553.0,1234.0,621.0,6584,0,0,1,Pedestrian
42,1163.0,553.0,1232.0,619.0,6585,0,0,1,Pedestrian
42,1163.0,553.0,1232.0,619.0,6586,0,0,1,Pedestrian
42,1160.0,551.0,1232.0,617.0,6587,0,0,1,Pedestrian
42,1160.0,551.0,1229.0,617.0,6588,0,0,1,Pedestrian
42,1157.0,548.0,1229.0,614.0,6589,0,0,1,Pedestrian
42,1157.0,548.0,1226.0,614.0,6590,0,0,1,Pedestrian
42,1157.0,546.0,1226.0,612.0,6591,0,0,1,Pedestrian
42,1155.0,546.0,1226.0,612.0,6592,0,0,1,Pedestrian
42,1155.0,544.0,1223.0,610.0,6593,0,0,1,Pedestrian
42,1155.0,544.0,1223.0,610.0,6594,0,0,1,Pedestrian
42,1152.0,544.0,1221.0,607.0,6595,0,0,1,Pedestrian
42,1152.0,541.0,1221.0,607.0,6596,0,0,1,Pedestrian
42,1152.0,541.0,1221.0,605.0,6597,0,0,1,Pedestrian
42,1149.0,539.0,1218.0,605.0,6598,0,0,1,Pedestrian
42,1149.0,539.0,1218.0,603.0,6599,0,0,1,Pedestrian
42,1149.0,537.0,1215.0,603.0,6600,0,0,1,Pedestrian
42,1146.0,537.0,1215.0,601.0,6601,0,0,1,Pedestrian
42,1146.0,535.0,1215.0,601.0,6602,0,0,1,Pedestrian
42,1146.0,535.0,1212.0,598.0,6603,0,0,1,Pedestrian
42,1144.0,535.0,1212.0,598.0,6604,0,0,1,Pedestrian
42,1144.0,532.0,1210.0,596.0,6605,0,0,1,Pedestrian
42,1144.0,532.0,1210.0,596.0,6606,0,0,1,Pedestrian
42,1141.0,530.0,1210.0,594.0,6607,0,0,1,Pedestrian
42,1141.0,530.0,1207.0,594.0,6608,0,0,1,Pedestrian
42,1138.0,528.0,1207.0,592.0,6609,0,0,1,Pedestrian
42,1138.0,528.0,1204.0,592.0,6610,0,0,1,Pedestrian
42,1138.0,526.0,1204.0,589.0,6611,0,0,1,Pedestrian
42,1135.0,526.0,1204.0,589.0,6612,0,0,1,Pedestrian
42,1135.0,526.0,1201.0,587.0,6613,0,0,1,Pedestrian
42,1135.0,523.0,1201.0,587.0,6614,0,0,1,Pedestrian
42,1133.0,523.0,1199.0,585.0,6615,0,0,1,Pedestrian
42,1133.0,521.0,1199.0,585.0,6616,0,0,1,Pedestrian
42,1133.0,521.0,1199.0,582.0,6617,0,0,1,Pedestrian
42,1130.0,519.0,1196.0,582.0,6618,0,0,1,Pedestrian
42,1130.0,519.0,1196.0,580.0,6619,0,0,1,Pedestrian
42,1130.0,516.0,1193.0,580.0,6620,0,0,1,Pedestrian
42,1127.0,516.0,1193.0,578.0,6621,0,0,1,Pedestrian
42,1127.0,516.0,1193.0,578.0,6622,0,0,1,Pedestrian
42,1127.0,514.0,1190.0,576.0,6623,0,0,1,Pedestrian
42,1124.0,514.0,1190.0,576.0,6624,0,0,1,Pedestrian
42,1124.0,512.0,1188.0,573.0,6625,0,0,1,Pedestrian
42,1124.0,512.0,1188.0,573.0,6626,0,0,1,Pedestrian
42,1122.0,510.0,1188.0,571.0,6627,0,0,1,Pedestrian
42,1122.0,510.0,1185.0,571.0,6628,0,0,1,Pedestrian
42,1122.0,510.0,1185.0,569.0,6629,0,0,1,Pedestrian
42,1119.0,507.0,1182.0,569.0,6630,0,0,1,Pedestrian
42,1119.0,507.0,1182.0,566.0,6631,0,0,1,Pedestrian
42,1116.0,505.0,1182.0,566.0,6632,0,0,1,Pedestrian
42,1116.0,505.0,1179.0,564.0,6633,0,0,1,Pedestrian
42,1116.0,503.0,1179.0,564.0,6634,0,0,1,Pedestrian
42,1113.0,503.0,1177.0,562.0,6635,0,0,1,Pedestrian
42,1113.0,500.0,1177.0,562.0,6636,0,0,1,Pedestrian
42,1113.0,500.0,1177.0,560.0,6637,0,0,1,Pedestrian
42,1111.0,500.0,1174.0,560.0,6638,0,0,1,Pedestrian
42,1111.0,498.0,1174.0,557.0,6639,0,0,1,Pedestrian
42,1111.0,498.0,1171.0,557.0,6640,0,0,1,Pedestrian
42,1108.0,496.0,1171.0,555.0,6641,0,0,1,Pedestrian
42,1108.0,496.0,1171.0,555.0,6642,0,0,1,Pedestrian
42,1108.0,494.0,1168.0,553.0,6643,0,0,1,Pedestrian
42,1105.0,494.0,1168.0,553.0,6644,0,0,1,Pedestrian
42,1105.0,491.0,1166.0,551.0,6645,0,0,1,Pedestrian
42,1105.0,491.0,1166.0,551.0,6646,0,0,1,Pedestrian
42,1102.0,491.0,1166.0,548.0,6647,0,0,1,Pedestrian
42,1102.0,489.0,1163.0,548.0,6648,0,0,1,Pedestrian
42,1102.0,489.0,1163.0,546.0,6649,0,0,1,Pedestrian
42,1100.0,487.0,1160.0,546.0,6650,0,0,1,Pedestrian
42,1100.0,487.0,1160.0,544.0,6651,0,0,1,Pedestrian
42,1097.0,485.0,1160.0,544.0,6652,0,0,1,Pedestrian
42,1097.0,485.0,1157.0,541.0,6653,0,0,1,Pedestrian
42,1097.0,482.0,1157.0,541.0,6654,0,0,1,Pedestrian
42,1094.0,482.0,1155.0,539.0,6655,0,0,1,Pedestrian
42,1094.0,482.0,1155.0,539.0,6656,0,0,1,Pedestrian
42,1094.0,480.0,1155.0,537.0,6657,0,0,1,Pedestrian
42,1091.0,480.0,1152.0,537.0,6658,0,0,1,Pedestrian
42,1091.0,478.0,1152.0,535.0,6659,0,0,1,Pedestrian
42,1091.0,478.0,1149.0,535.0,6660,0,0,1,Pedestrian
42,1089.0,475.0,1149.0,532.0,6661,0,0,1,Pedestrian
42,1089.0,475.0,1149.0,532.0,6662,0,0,1,Pedestrian
42,1089.0,473.0,1146.0,530.0,6663,0,0,1,Pedestrian
42,1086.0,473.0,1146.0,530.0,6664,0,0,1,Pedestrian
42,1086.0,473.0,1144.0,528.0,6665,0,0,1,Pedestrian
42,1086.0,471.0,1144.0,528.0,6666,0,0,1,Pedestrian
42,1083.0,471.0,1144.0,526.0,6667,0,0,1,Pedestrian
42,1083.0,469.0,1141.0,526.0,6668,0,0,1,Pedestrian
42,1083.0,469.0,1141.0,523.0,6669,0,0,1,Pedestrian
42,1080.0,466.0,1138.0,523.0,6670,0,0,1,Pedestrian
42,1080.0,466.0,1138.0,521.0,6671,0,0,1,Pedestrian
42,1080.0,466.0,1138.0,521.0,6672,0,0,0,Pedestrian
42,1078.0,464.0,1135.0,519.0,6673,0,0,1,Pedestrian
42,1078.0,462.0,1135.0,516.0,6674,0,0,1,Pedestrian
42,1078.0,462.0,1135.0,516.0,6675,0,0,1,Pedestrian
42,1078.0,459.0,1135.0,514.0,6676,0,0,1,Pedestrian
42,1078.0,457.0,1135.0,512.0,6677,0,0,1,Pedestrian
42,1078.0,457.0,1135.0,512.0,6678,0,0,1,Pedestrian
42,1078.0,455.0,1135.0,510.0,6679,0,0,1,Pedestrian
42,1078.0,453.0,1135.0,507.0,6680,0,0,1,Pedestrian
42,1078.0,453.0,1135.0,507.0,6681,0,0,1,Pedestrian
42,1078.0,450.0,1135.0,505.0,6682,0,0,1,Pedestrian
42,1078.0,450.0,1135.0,505.0,6683,0,0,1,Pedestrian
42,1078.0,448.0,1135.0,503.0,6684,0,0,1,Pedestrian
42,1078.0,446.0,1135.0,500.0,6685,0,0,1,Pedestrian
42,1078.0,446.0,1135.0,500.0,6686,0,0,1,Pedestrian
42,1078.0,444.0,1135.0,498.0,6687,0,0,1,Pedestrian
42,1075.0,441.0,1133.0,496.0,6688,0,0,1,Pedestrian
42,1075.0,441.0,1133.0,496.0,6689,0,0,1,Pedestrian
42,1075.0,439.0,1133.0,494.0,6690,0,0,1,Pedestrian
42,1075.0,437.0,1133.0,491.0,6691,0,0,1,Pedestrian
42,1075.0,437.0,1133.0,491.0,6692,0,0,1,Pedestrian
42,1075.0,434.0,1133.0,489.0,6693,0,0,1,Pedestrian
42,1075.0,434.0,1133.0,489.0,6694,0,0,1,Pedestrian
42,1075.0,432.0,1133.0,487.0,6695,0,0,1,Pedestrian
42,1075.0,430.0,1133.0,485.0,6696,0,0,1,Pedestrian
42,1075.0,430.0,1133.0,485.0,6697,0,0,1,Pedestrian
42,1075.0,428.0,1133.0,482.0,6698,0,0,1,Pedestrian
42,1075.0,425.0,1133.0,480.0,6699,0,0,1,Pedestrian
42,1075.0,425.0,1133.0,480.0,6700,0,0,1,Pedestrian
42,1075.0,423.0,1133.0,478.0,6701,0,0,1,Pedestrian
42,1075.0,421.0,1133.0,475.0,6702,0,0,1,Pedestrian
42,1075.0,421.0,1133.0,475.0,6703,0,0,1,Pedestrian
42,1072.0,418.0,1130.0,473.0,6704,0,0,1,Pedestrian
42,1072.0,418.0,1130.0,473.0,6705,0,0,1,Pedestrian
42,1072.0,416.0,1130.0,471.0,6706,0,0,1,Pedestrian
42,1072.0,414.0,1130.0,469.0,6707,0,0,1,Pedestrian
42,1072.0,414.0,1130.0,469.0,6708,0,0,1,Pedestrian
42,1072.0,412.0,1130.0,466.0,6709,0,0,1,Pedestrian
42,1072.0,409.0,1130.0,464.0,6710,0,0,1,Pedestrian
42,1072.0,409.0,1130.0,464.0,6711,0,0,1,Pedestrian
42,1072.0,407.0,1130.0,462.0,6712,0,0,1,Pedestrian
42,1072.0,405.0,1130.0,459.0,6713,0,0,1,Pedestrian
42,1072.0,405.0,1130.0,459.0,6714,0,0,1,Pedestrian
42,1072.0,403.0,1130.0,457.0,6715,0,0,1,Pedestrian
42,1072.0,403.0,1130.0,457.0,6716,0,0,1,Pedestrian
42,1072.0,400.0,1130.0,455.0,6717,0,0,1,Pedestrian
42,1072.0,398.0,1130.0,453.0,6718,0,0,1,Pedestrian
42,1072.0,398.0,1130.0,453.0,6719,0,0,1,Pedestrian
42,1069.0,396.0,1127.0,450.0,6720,0,0,1,Pedestrian
42,1069.0,393.0,1127.0,448.0,6721,0,0,1,Pedestrian
42,1069.0,393.0,1127.0,448.0,6722,0,0,1,Pedestrian
42,1069.0,391.0,1127.0,446.0,6723,0,0,1,Pedestrian
42,1069.0,389.0,1127.0,444.0,6724,0,0,1,Pedestrian
42,1069.0,389.0,1127.0,444.0,6725,0,0,1,Pedestrian
42,1069.0,387.0,1127.0,441.0,6726,0,0,1,Pedestrian
42,1069.0,387.0,1127.0,441.0,6727,0,0,1,Pedestrian
42,1069.0,384.0,1127.0,439.0,6728,0,0,1,Pedestrian
42,1069.0,382.0,1127.0,437.0,6729,0,0,1,Pedestrian
42,1069.0,382.0,1127.0,437.0,6730,0,0,1,Pedestrian
42,1069.0,380.0,1127.0,434.0,6731,0,0,1,Pedestrian
42,1069.0,377.0,1127.0,432.0,6732,0,0,1,Pedestrian
42,1069.0,377.0,1127.0,432.0,6733,0,0,1,Pedestrian
42,1069.0,375.0,1127.0,430.0,6734,0,0,1,Pedestrian
42,1069.0,373.0,1127.0,428.0,6735,0,0,1,Pedestrian
42,1067.0,373.0,1124.0,428.0,6736,0,0,1,Pedestrian
42,1067.0,371.0,1124.0,425.0,6737,0,0,1,Pedestrian
42,1067.0,371.0,1124.0,425.0,6738,0,0,1,Pedestrian
42,1067.0,368.0,1124.0,423.0,6739,0,0,1,Pedestrian
42,1067.0,366.0,1124.0,421.0,6740,0,0,1,Pedestrian
42,1067.0,366.0,1124.0,421.0,6741,0,0,1,Pedestrian
42,1067.0,364.0,1124.0,418.0,6742,0,0,1,Pedestrian
42,1067.0,362.0,1124.0,416.0,6743,0,0,1,Pedestrian
42,1067.0,362.0,1124.0,416.0,6744,0,0,1,Pedestrian
42,1067.0,359.0,1124.0,414.0,6745,0,0,1,Pedestrian
42,1067.0,357.0,1124.0,412.0,6746,0,0,1,Pedestrian
42,1067.0,357.0,1124.0,412.0,6747,0,0,1,Pedestrian
42,1067.0,355.0,1124.0,409.0,6748,0,0,1,Pedestrian
42,1067.0,355.0,1124.0,409.0,6749,0,0,1,Pedestrian
42,1067.0,352.0,1124.0,407.0,6750,0,0,1,Pedestrian
42,1067.0,350.0,1124.0,405.0,6751,0,0,1,Pedestrian
42,1064.0,350.0,1122.0,405.0,6752,0,0,1,Pedestrian
42,1064.0,348.0,1122.0,403.0,6753,0,0,1,Pedestrian
42,1064.0,346.0,1122.0,400.0,6754,0,0,1,Pedestrian
42,1064.0,346.0,1122.0,400.0,6755,0,0,1,Pedestrian
42,1064.0,343.0,1122.0,398.0,6756,0,0,1,Pedestrian
42,1064.0,341.0,1122.0,396.0,6757,0,0,1,Pedestrian
42,1064.0,341.0,1122.0,396.0,6758,0,0,1,Pedestrian
42,1064.0,339.0,1122.0,393.0,6759,0,0,1,Pedestrian
42,1064.0,339.0,1122.0,393.0,6760,0,0,1,Pedestrian
42,1064.0,337.0,1122.0,391.0,6761,0,0,1,Pedestrian
42,1064.0,334.0,1122.0,389.0,6762,0,0,1,Pedestrian
42,1064.0,334.0,1122.0,389.0,6763,0,0,1,Pedestrian
42,1064.0,332.0,1122.0,387.0,6764,0,0,1,Pedestrian
42,1064.0,330.0,1122.0,384.0,6765,0,0,1,Pedestrian
42,1064.0,330.0,1122.0,384.0,6766,0,0,1,Pedestrian
42,1064.0,327.0,1122.0,382.0,6767,0,0,1,Pedestrian
42,1061.0,325.0,1119.0,380.0,6768,0,0,1,Pedestrian
42,1061.0,325.0,1119.0,380.0,6769,0,0,1,Pedestrian
42,1061.0,323.0,1119.0,377.0,6770,0,0,1,Pedestrian
42,1061.0,323.0,1119.0,377.0,6771,0,0,1,Pedestrian
42,1061.0,321.0,1119.0,375.0,6772,0,0,1,Pedestrian
42,1061.0,318.0,1119.0,373.0,6773,0,0,1,Pedestrian
42,1061.0,318.0,1119.0,373.0,6774,0,0,1,Pedestrian
42,1061.0,316.0,1119.0,371.0,6775,0,0,1,Pedestrian
42,1061.0,314.0,1119.0,368.0,6776,0,0,1,Pedestrian
42,1061.0,314.0,1119.0,368.0,6777,0,0,1,Pedestrian
42,1061.0,311.0,1119.0,366.0,6778,0,0,1,Pedestrian
42,1061.0,309.0,1119.0,364.0,6779,0,0,1,Pedestrian
42,1061.0,309.0,1119.0,364.0,6780,0,0,1,Pedestrian
42,1061.0,307.0,1119.0,362.0,6781,0,0,1,Pedestrian
42,1061.0,307.0,1119.0,362.0,6782,0,0,1,Pedestrian
42,1061.0,305.0,1119.0,359.0,6783,0,0,1,Pedestrian
42,1058.0,302.0,1116.0,357.0,6784,0,0,1,Pedestrian
42,1058.0,302.0,1116.0,357.0,6785,0,0,1,Pedestrian
42,1058.0,300.0,1116.0,355.0,6786,0,0,1,Pedestrian
42,1058.0,298.0,1116.0,352.0,6787,0,0,1,Pedestrian
42,1058.0,298.0,1116.0,352.0,6788,0,0,1,Pedestrian
42,1058.0,296.0,1116.0,350.0,6789,0,0,1,Pedestrian
42,1058.0,293.0,1116.0,348.0,6790,0,0,1,Pedestrian
42,1058.0,293.0,1116.0,348.0,6791,0,0,1,Pedestrian
42,1058.0,291.0,1116.0,346.0,6792,0,0,1,Pedestrian
42,1058.0,291.0,1116.0,346.0,6793,0,0,1,Pedestrian
42,1058.0,289.0,1116.0,343.0,6794,0,0,1,Pedestrian
42,1058.0,286.0,1116.0,341.0,6795,0,0,1,Pedestrian
42,1058.0,286.0,1116.0,341.0,6796,0,0,1,Pedestrian
42,1058.0,284.0,1116.0,339.0,6797,0,0,1,Pedestrian
42,1058.0,282.0,1116.0,337.0,6798,0,0,1,Pedestrian
42,1058.0,282.0,1116.0,337.0,6799,0,0,1,Pedestrian
42,1056.0,280.0,1113.0,334.0,6800,0,0,1,Pedestrian
42,1056.0,277.0,1113.0,332.0,6801,0,0,1,Pedestrian
42,1056.0,277.0,1113.0,332.0,6802,0,0,1,Pedestrian
42,1056.0,275.0,1113.0,330.0,6803,0,0,1,Pedestrian
42,1056.0,275.0,1113.0,330.0,6804,0,0,1,Pedestrian
42,1056.0,273.0,1113.0,327.0,6805,0,0,1,Pedestrian
42,1056.0,270.0,1113.0,325.0,6806,0,0,1,Pedestrian
42,1056.0,270.0,1113.0,325.0,6807,0,0,1,Pedestrian
42,1056.0,268.0,1113.0,323.0,6808,0,0,1,Pedestrian
42,1056.0,266.0,1113.0,321.0,6809,0,0,1,Pedestrian
42,1056.0,266.0,1113.0,321.0,6810,0,0,1,Pedestrian
42,1056.0,264.0,1113.0,318.0,6811,0,0,1,Pedestrian
42,1056.0,261.0,1113.0,316.0,6812,0,0,1,Pedestrian
42,1056.0,261.0,1113.0,316.0,6813,0,0,1,Pedestrian
42,1056.0,259.0,1113.0,314.0,6814,0,0,1,Pedestrian
42,1056.0,259.0,1113.0,314.0,6815,0,0,0,Pedestrian
42,1056.0,257.0,1113.0,311.0,6816,0,0,1,Pedestrian
42,1056.0,255.0,1113.0,309.0,6817,0,0,1,Pedestrian
42,1056.0,255.0,1113.0,309.0,6818,0,0,1,Pedestrian
42,1056.0,252.0,1113.0,307.0,6819,0,0,1,Pedestrian
42,1056.0,250.0,1113.0,305.0,6820,0,0,1,Pedestrian
42,1056.0,250.0,1113.0,305.0,6821,0,0,1,Pedestrian
42,1056.0,248.0,1113.0,302.0,6822,0,0,1,Pedestrian
42,1056.0,245.0,1113.0,300.0,6823,0,0,1,Pedestrian
42,1056.0,245.0,1113.0,300.0,6824,0,0,1,Pedestrian
42,1056.0,243.0,1113.0,298.0,6825,0,0,1,Pedestrian
42,1056.0,241.0,1113.0,296.0,6826,0,0,1,Pedestrian
42,1056.0,241.0,1113.0,296.0,6827,0,0,1,Pedestrian
42,1056.0,239.0,1113.0,293.0,6828,0,0,1,Pedestrian
42,1058.0,236.0,1116.0,291.0,6829,0,0,1,Pedestrian
42,1058.0,236.0,1116.0,291.0,6830,0,0,1,Pedestrian
42,1058.0,234.0,1116.0,289.0,6831,0,0,1,Pedestrian
42,1058.0,234.0,1116.0,289.0,6832,0,0,1,Pedestrian
42,1058.0,232.0,1116.0,286.0,6833,0,0,1,Pedestrian
42,1058.0,229.0,1116.0,284.0,6834,0,0,1,Pedestrian
42,1058.0,229.0,1116.0,284.0,6835,0,0,1,Pedestrian
42,1058.0,227.0,1116.0,282.0,6836,0,0,1,Pedestrian
42,1058.0,225.0,1116.0,280.0,6837,0,0,1,Pedestrian
42,1058.0,225.0,1116.0,280.0,6838,0,0,1,Pedestrian
42,1058.0,223.0,1116.0,277.0,6839,0,0,1,Pedestrian
42,1058.0,220.0,1116.0,275.0,6840,0,0,1,Pedestrian
42,1058.0,220.0,1116.0,275.0,6841,0,0,1,Pedestrian
42,1058.0,218.0,1116.0,273.0,6842,0,0,1,Pedestrian
42,1061.0,216.0,1119.0,270.0,6843,0,0,1,Pedestrian
42,1061.0,216.0,1119.0,270.0,6844,0,0,1,Pedestrian
42,1061.0,214.0,1119.0,268.0,6845,0,0,1,Pedestrian
42,1061.0,211.0,1119.0,266.0,6846,0,0,1,Pedestrian
42,1061.0,211.0,1119.0,266.0,6847,0,0,1,Pedestrian
42,1061.0,209.0,1119.0,264.0,6848,0,0,1,Pedestrian
42,1061.0,209.0,1119.0,264.0,6849,0,0,1,Pedestrian
42,1061.0,207.0,1119.0,261.0,6850,0,0,1,Pedestrian
42,1061.0,204.0,1119.0,259.0,6851,0,0,1,Pedestrian
42,1061.0,204.0,1119.0,259.0,6852,0,0,1,Pedestrian
42,1061.0,202.0,1119.0,257.0,6853,0,0,1,Pedestrian
42,1061.0,200.0,1119.0,255.0,6854,0,0,1,Pedestrian
42,1061.0,200.0,1119.0,255.0,6855,0,0,1,Pedestrian
42,1064.0,198.0,1122.0,252.0,6856,0,0,1,Pedestrian
42,1064.0,195.0,1122.0,250.0,6857,0,0,1,Pedestrian
42,1064.0,195.0,1122.0,250.0,6858,0,0,1,Pedestrian
42,1064.0,193.0,1122.0,248.0,6859,0,0,1,Pedestrian
42,1064.0,191.0,1122.0,245.0,6860,0,0,1,Pedestrian
42,1064.0,191.0,1122.0,245.0,6861,0,0,1,Pedestrian
42,1064.0,188.0,1122.0,243.0,6862,0,0,1,Pedestrian
42,1064.0,186.0,1122.0,241.0,6863,0,0,1,Pedestrian
42,1064.0,186.0,1122.0,241.0,6864,0,0,1,Pedestrian
42,1064.0,184.0,1122.0,239.0,6865,0,0,1,Pedestrian
42,1064.0,184.0,1122.0,239.0,6866,0,0,1,Pedestrian
42,1064.0,182.0,1122.0,236.0,6867,0,0,1,Pedestrian
42,1064.0,179.0,1122.0,234.0,6868,0,0,1,Pedestrian
42,1064.0,179.0,1122.0,234.0,6869,0,0,1,Pedestrian
42,1067.0,177.0,1124.0,232.0,6870,0,0,1,Pedestrian
42,1067.0,175.0,1124.0,229.0,6871,0,0,1,Pedestrian
42,1067.0,175.0,1124.0,229.0,6872,0,0,1,Pedestrian
42,1067.0,173.0,1124.0,227.0,6873,0,0,1,Pedestrian
42,1067.0,170.0,1124.0,225.0,6874,0,0,1,Pedestrian
42,1067.0,170.0,1124.0,225.0,6875,0,0,1,Pedestrian
42,1067.0,168.0,1124.0,223.0,6876,0,0,1,Pedestrian
42,1067.0,166.0,1124.0,220.0,6877,0,0,1,Pedestrian
42,1067.0,166.0,1124.0,220.0,6878,0,0,1,Pedestrian
42,1067.0,163.0,1124.0,218.0,6879,0,0,1,Pedestrian
42,1067.0,161.0,1124.0,216.0,6880,0,0,1,Pedestrian
42,1067.0,161.0,1124.0,216.0,6881,0,0,1,Pedestrian
42,1067.0,159.0,1124.0,214.0,6882,0,0,1,Pedestrian
42,1069.0,159.0,1127.0,214.0,6883,0,0,1,Pedestrian
42,1069.0,157.0,1127.0,211.0,6884,0,0,1,Pedestrian
42,1069.0,154.0,1127.0,209.0,6885,0,0,1,Pedestrian
42,1069.0,154.0,1127.0,209.0,6886,0,0,1,Pedestrian
42,1069.0,152.0,1127.0,207.0,6887,0,0,1,Pedestrian
42,1069.0,150.0,1127.0,204.0,6888,0,0,1,Pedestrian
42,1069.0,150.0,1127.0,204.0,6889,0,0,1,Pedestrian
42,1069.0,148.0,1127.0,202.0,6890,0,0,1,Pedestrian
42,1069.0,145.0,1127.0,200.0,6891,0,0,1,Pedestrian
42,1069.0,145.0,1127.0,200.0,6892,0,0,1,Pedestrian
42,1069.0,143.0,1127.0,198.0,6893,0,0,1,Pedestrian
42,1069.0,141.0,1127.0,195.0,6894,0,0,1,Pedestrian
42,1069.0,141.0,1127.0,195.0,6895,0,0,1,Pedestrian
42,1069.0,138.0,1127.0,193.0,6896,0,0,1,Pedestrian
42,1072.0,136.0,1130.0,191.0,6897,0,0,1,Pedestrian
42,1072.0,136.0,1130.0,191.0,6898,0,0,1,Pedestrian
42,1072.0,134.0,1130.0,188.0,6899,0,0,1,Pedestrian
42,1072.0,134.0,1130.0,188.0,6900,0,0,1,Pedestrian
42,1072.0,132.0,1130.0,186.0,6901,0,0,1,Pedestrian
42,1072.0,129.0,1130.0,184.0,6902,0,0,1,Pedestrian
42,1072.0,129.0,1130.0,184.0,6903,0,0,1,Pedestrian
42,1072.0,127.0,1130.0,182.0,6904,0,0,1,Pedestrian
42,1072.0,125.0,1130.0,179.0,6905,0,0,1,Pedestrian
42,1072.0,125.0,1130.0,179.0,6906,0,0,1,Pedestrian
42,1072.0,122.0,1130.0,177.0,6907,0,0,1,Pedestrian
42,1072.0,120.0,1130.0,175.0,6908,0,0,1,Pedestrian
42,1072.0,120.0,1130.0,175.0,6909,0,0,1,Pedestrian
42,1072.0,118.0,1130.0,173.0,6910,0,0,1,Pedestrian
42,1075.0,116.0,1133.0,170.0,6911,0,0,1,Pedestrian
42,1075.0,116.0,1133.0,170.0,6912,0,0,1,Pedestrian
42,1075.0,113.0,1133.0,168.0,6913,0,0,1,Pedestrian
42,1075.0,111.0,1133.0,166.0,6914,0,0,1,Pedestrian
42,1075.0,111.0,1133.0,166.0,6915,0,0,1,Pedestrian
42,1075.0,109.0,1133.0,163.0,6916,0,0,1,Pedestrian
42,1075.0,109.0,1133.0,163.0,6917,0,0,1,Pedestrian
42,1075.0,107.0,1133.0,161.0,6918,0,0,1,Pedestrian
42,1075.0,104.0,1133.0,159.0,6919,0,0,1,Pedestrian
42,1075.0,104.0,1133.0,159.0,6920,0,0,1,Pedestrian
42,1075.0,102.0,1133.0,157.0,6921,0,0,1,Pedestrian
42,1075.0,100.0,1133.0,154.0,6922,0,0,1,Pedestrian
42,1075.0,100.0,1133.0,154.0,6923,0,0,1,Pedestrian
42,1078.0,97.0,1135.0,152.0,6924,0,0,1,Pedestrian
42,1078.0,95.0,1135.0,150.0,6925,0,0,1,Pedestrian
42,1078.0,95.0,1135.0,150.0,6926,0,0,1,Pedestrian
42,1078.0,93.0,1135.0,148.0,6927,0,0,1,Pedestrian
42,1078.0,91.0,1135.0,145.0,6928,0,0,1,Pedestrian
42,1078.0,91.0,1135.0,145.0,6929,0,0,1,Pedestrian
42,1078.0,88.0,1135.0,143.0,6930,0,0,1,Pedestrian
42,1078.0,86.0,1135.0,141.0,6931,0,0,1,Pedestrian
42,1078.0,86.0,1135.0,141.0,6932,0,0,1,Pedestrian
42,1078.0,84.0,1135.0,138.0,6933,0,0,1,Pedestrian
42,1078.0,84.0,1135.0,138.0,6934,0,0,1,Pedestrian
42,1078.0,81.0,1135.0,136.0,6935,0,0,1,Pedestrian
42,1078.0,79.0,1135.0,134.0,6936,0,0,1,Pedestrian
42,1078.0,79.0,1135.0,134.0,6937,0,0,1,Pedestrian
42,1080.0,77.0,1138.0,132.0,6938,0,0,1,Pedestrian
42,1080.0,75.0,1138.0,129.0,6939,0,0,1,Pedestrian
42,1080.0,75.0,1138.0,129.0,6940,0,0,1,Pedestrian
42,1080.0,72.0,1138.0,127.0,6941,0,0,1,Pedestrian
42,1080.0,70.0,1138.0,125.0,6942,0,0,1,Pedestrian
42,1080.0,70.0,1138.0,125.0,6943,0,0,1,Pedestrian
42,1080.0,68.0,1138.0,122.0,6944,0,0,1,Pedestrian
42,1080.0,66.0,1138.0,120.0,6945,0,0,1,Pedestrian
42,1080.0,66.0,1138.0,120.0,6946,0,0,1,Pedestrian
42,1080.0,63.0,1138.0,118.0,6947,0,0,1,Pedestrian
42,1080.0,61.0,1138.0,116.0,6948,0,0,1,Pedestrian
42,1080.0,61.0,1138.0,116.0,6949,0,0,1,Pedestrian
42,1080.0,59.0,1138.0,113.0,6950,0,0,1,Pedestrian
42,1083.0,59.0,1141.0,113.0,6951,0,0,0,Pedestrian
42,1083.0,56.0,1141.0,111.0,6952,0,0,1,Pedestrian
42,1083.0,54.0,1141.0,109.0,6953,0,0,1,Pedestrian
42,1083.0,54.0,1141.0,107.0,6954,0,0,1,Pedestrian
42,1083.0,52.0,1141.0,107.0,6955,0,0,1,Pedestrian
42,1083.0,52.0,1141.0,104.0,6956,0,0,1,Pedestrian
42,1083.0,50.0,1141.0,102.0,6957,0,0,1,Pedestrian
42,1083.0,50.0,1141.0,102.0,6958,0,0,1,Pedestrian
42,1083.0,47.0,1141.0,100.0,6959,0,0,1,Pedestrian
42,1083.0,45.0,1141.0,97.0,6960,0,0,1,Pedestrian
42,1083.0,45.0,1141.0,97.0,6961,0,0,1,Pedestrian
42,1083.0,43.0,1141.0,95.0,6962,0,0,1,Pedestrian
42,1086.0,43.0,1144.0,93.0,6963,0,0,1,Pedestrian
42,1086.0,40.0,1144.0,93.0,6964,0,0,1,Pedestrian
42,1086.0,40.0,1144.0,91.0,6965,0,0,1,Pedestrian
42,1086.0,38.0,1144.0,88.0,6966,0,0,1,Pedestrian
42,1086.0,36.0,1144.0,88.0,6967,0,0,1,Pedestrian
42,1086.0,36.0,1144.0,86.0,6968,0,0,1,Pedestrian
42,1086.0,34.0,1144.0,84.0,6969,0,0,1,Pedestrian
42,1086.0,34.0,1144.0,84.0,6970,0,0,1,Pedestrian
42,1086.0,31.0,1144.0,81.0,6971,0,0,1,Pedestrian
42,1086.0,31.0,1144.0,79.0,6972,0,0,1,Pedestrian
42,1086.0,29.0,1144.0,79.0,6973,0,0,1,Pedestrian
42,1089.0,29.0,1146.0,77.0,6974,0,0,1,Pedestrian
42,1089.0,27.0,1146.0,75.0,6975,0,0,1,Pedestrian
42,1089.0,25.0,1146.0,75.0,6976,0,0,1,Pedestrian
42,1089.0,25.0,1146.0,72.0,6977,0,0,1,Pedestrian
42,1089.0,22.0,1146.0,70.0,6978,0,0,1,Pedestrian
42,1089.0,22.0,1146.0,70.0,6979,0,0,1,Pedestrian
42,1089.0,20.0,1146.0,68.0,6980,0,0,1,Pedestrian
42,1089.0,20.0,1146.0,66.0,6981,0,0,1,Pedestrian
42,1089.0,18.0,1146.0,66.0,6982,0,0,1,Pedestrian
42,1089.0,15.0,1146.0,63.0,6983,0,0,1,Pedestrian
42,1089.0,15.0,1146.0,61.0,6984,0,0,1,Pedestrian
42,1089.0,13.0,1146.0,61.0,6985,0,0,1,Pedestrian
42,1091.0,13.0,1149.0,59.0,6986,0,0,1,Pedestrian
42,1091.0,11.0,1149.0,56.0,6987,0,0,1,Pedestrian
42,1091.0,11.0,1149.0,56.0,6988,0,0,1,Pedestrian
42,1091.0,9.0,1149.0,54.0,6989,0,0,1,Pedestrian
42,1091.0,6.0,1149.0,52.0,6990,0,0,1,Pedestrian
42,1091.0,6.0,1149.0,52.0,6991,0,0,1,Pedestrian
42,1091.0,4.0,1149.0,50.0,6992,0,0,1,Pedestrian
42,1091.0,4.0,1149.0,47.0,6993,0,0,1,Pedestrian
42,1091.0,2.0,1149.0,47.0,6994,0,0,1,Pedestrian
42,1091.0,2.0,1149.0,45.0,6995,0,0,1,Pedestrian
42,1091.0,0.0,1149.0,43.0,6996,0,0,1,Pedestrian
42,1094.0,0.0,1152.0,43.0,6997,0,0,0,Pedestrian
42,1094.0,0.0,1152.0,40.0,6998,0,0,1,Pedestrian
42,1094.0,0.0,1152.0,40.0,6999,0,0,1,Pedestrian
42,1094.0,0.0,1152.0,40.0,7000,0,0,0,Pedestrian
42,1094.0,0.0,1152.0,38.0,7001,0,0,1,Pedestrian
42,1094.0,0.0,1155.0,38.0,7002,0,0,1,Pedestrian
42,1097.0,0.0,1157.0,36.0,7003,0,0,1,Pedestrian
42,1097.0,0.0,1157.0,36.0,7004,0,0,1,Pedestrian
42,1100.0,0.0,1160.0,34.0,7005,0,0,1,Pedestrian
42,1100.0,0.0,1163.0,34.0,7006,0,0,1,Pedestrian
42,1102.0,0.0,1163.0,31.0,7007,0,0,1,Pedestrian
42,1102.0,0.0,1166.0,31.0,7008,0,0,1,Pedestrian
42,1105.0,0.0,1168.0,29.0,7009,0,0,1,Pedestrian
42,1105.0,0.0,1168.0,29.0,7010,0,0,1,Pedestrian
42,1108.0,0.0,1171.0,27.0,7011,0,0,1,Pedestrian
42,1108.0,0.0,1174.0,27.0,7012,0,0,1,Pedestrian
42,1111.0,0.0,1177.0,27.0,7013,0,0,0,Pedestrian
42,1111.0,0.0,1177.0,25.0,7014,0,0,1,Pedestrian
42,1111.0,0.0,1177.0,25.0,7015,0,0,1,Pedestrian
42,1111.0,0.0,1177.0,25.0,7016,0,0,1,Pedestrian
42,1111.0,0.0,1177.0,25.0,7017,0,0,1,Pedestrian
42,1111.0,0.0,1177.0,25.0,7018,0,0,1,Pedestrian
42,1111.0,0.0,1177.0,25.0,7019,0,0,1,Pedestrian
42,1113.0,0.0,1179.0,25.0,7020,0,0,1,Pedestrian
42,1113.0,0.0,1179.0,25.0,7021,0,0,1,Pedestrian
42,1113.0,0.0,1179.0,25.0,7022,0,0,1,Pedestrian
42,1113.0,0.0,1179.0,22.0,7023,0,0,1,Pedestrian
42,1113.0,0.0,1179.0,22.0,7024,0,0,1,Pedestrian
42,1113.0,0.0,1179.0,22.0,7025,0,0,1,Pedestrian
42,1113.0,0.0,1179.0,22.0,7026,0,0,1,Pedestrian
42,1116.0,0.0,1182.0,22.0,7027,0,0,1,Pedestrian
42,1116.0,0.0,1182.0,22.0,7028,0,0,1,Pedestrian
42,1116.0,0.0,1182.0,22.0,7029,0,0,1,Pedestrian
42,1116.0,0.0,1182.0,22.0,7030,0,0,1,Pedestrian
42,1116.0,0.0,1182.0,22.0,7031,0,0,1,Pedestrian
42,1116.0,0.0,1182.0,20.0,7032,0,0,1,Pedestrian
42,1116.0,0.0,1182.0,20.0,7033,0,0,1,Pedestrian
42,1119.0,0.0,1185.0,20.0,7034,0,0,1,Pedestrian
42,1119.0,0.0,1185.0,20.0,7035,0,0,1,Pedestrian
42,1119.0,0.0,1185.0,20.0,7036,0,0,1,Pedestrian
42,1119.0,0.0,1185.0,20.0,7037,0,0,1,Pedestrian
42,1119.0,0.0,1185.0,20.0,7038,0,0,1,Pedestrian
42,1119.0,0.0,1185.0,20.0,7039,0,0,1,Pedestrian
42,1119.0,0.0,1185.0,20.0,7040,0,0,1,Pedestrian
42,1122.0,0.0,1188.0,20.0,7041,0,0,0,Pedestrian
42,1122.0,0.0,1188.0,20.0,7042,0,0,1,Pedestrian
42,1122.0,0.0,1188.0,20.0,7043,0,0,1,Pedestrian
42,1122.0,0.0,1188.0,20.0,7044,0,0,1,Pedestrian
42,1122.0,0.0,1188.0,20.0,7045,0,0,1,Pedestrian
42,1122.0,0.0,1188.0,20.0,7046,0,0,1,Pedestrian
42,1122.0,0.0,1188.0,20.0,7047,0,0,1,Pedestrian
42,1122.0,0.0,1188.0,20.0,7048,0,0,1,Pedestrian
42,1122.0,0.0,1188.0,20.0,7049,0,0,1,Pedestrian
42,1122.0,0.0,1188.0,20.0,7050,0,0,1,Pedestrian
42,1122.0,0.0,1188.0,20.0,7051,0,0,1,Pedestrian
42,1122.0,0.0,1188.0,20.0,7052,0,0,1,Pedestrian
42,1122.0,0.0,1188.0,20.0,7053,0,0,1,Pedestrian
42,1122.0,0.0,1188.0,20.0,7054,0,0,1,Pedestrian
42,1122.0,0.0,1188.0,20.0,7055,0,0,1,Pedestrian
42,1122.0,0.0,1188.0,20.0,7056,0,0,1,Pedestrian
42,1122.0,0.0,1188.0,20.0,7057,0,0,1,Pedestrian
42,1122.0,0.0,1188.0,20.0,7058,0,0,1,Pedestrian
42,1122.0,0.0,1188.0,20.0,7059,0,0,1,Pedestrian
42,1122.0,0.0,1188.0,20.0,7060,0,0,1,Pedestrian
42,1122.0,0.0,1188.0,20.0,7061,0,0,1,Pedestrian
42,1122.0,0.0,1188.0,20.0,7062,0,0,1,Pedestrian
42,1122.0,0.0,1188.0,20.0,7063,0,0,1,Pedestrian
42,1122.0,0.0,1188.0,20.0,7064,0,0,1,Pedestrian
42,1122.0,0.0,1188.0,20.0,7065,0,0,1,Pedestrian
42,1122.0,0.0,1188.0,20.0,7066,0,0,1,Pedestrian
42,1122.0,0.0,1188.0,20.0,7067,0,0,1,Pedestrian
42,1122.0,0.0,1188.0,20.0,7068,0,0,1,Pedestrian
42,1122.0,0.0,1188.0,20.0,7069,0,0,1,Pedestrian
42,1122.0,0.0,1188.0,20.0,7070,0,0,1,Pedestrian
42,1122.0,0.0,1188.0,20.0,7071,0,0,1,Pedestrian
42,1122.0,0.0,1188.0,20.0,7072,0,0,1,Pedestrian
42,1122.0,0.0,1188.0,20.0,7073,0,0,1,Pedestrian
42,1122.0,0.0,1188.0,20.0,7074,0,0,1,Pedestrian
42,1122.0,0.0,1188.0,20.0,7075,0,0,1,Pedestrian
42,1122.0,0.0,1188.0,20.0,7076,0,0,1,Pedestrian
42,1122.0,0.0,1188.0,20.0,7077,0,0,1,Pedestrian
42,1122.0,0.0,1188.0,20.0,7078,0,0,1,Pedestrian
42,1122.0,0.0,1188.0,20.0,7079,0,0,1,Pedestrian
42,1122.0,0.0,1188.0,20.0,7080,0,0,1,Pedestrian
42,1122.0,0.0,1188.0,20.0,7081,0,0,1,Pedestrian
42,1122.0,0.0,1188.0,20.0,7082,0,0,1,Pedestrian
42,1122.0,0.0,1188.0,20.0,7083,0,0,1,Pedestrian
42,1122.0,0.0,1188.0,20.0,7084,0,0,1,Pedestrian
42,1122.0,0.0,1188.0,20.0,7085,0,0,1,Pedestrian
42,1122.0,0.0,1188.0,20.0,7086,0,0,1,Pedestrian
42,1122.0,0.0,1188.0,20.0,7087,0,0,1,Pedestrian
42,1122.0,0.0,1188.0,20.0,7088,0,0,1,Pedestrian
42,1122.0,0.0,1188.0,20.0,7089,0,0,1,Pedestrian
42,1122.0,0.0,1188.0,20.0,7090,0,0,1,Pedestrian
42,1122.0,0.0,1188.0,20.0,7091,0,0,1,Pedestrian
42,1122.0,0.0,1188.0,20.0,7092,0,0,1,Pedestrian
42,1122.0,0.0,1188.0,20.0,7093,0,0,1,Pedestrian
42,1122.0,0.0,1188.0,20.0,7094,0,0,1,Pedestrian
42,1122.0,0.0,1188.0,20.0,7095,0,0,1,Pedestrian
42,1122.0,0.0,1188.0,20.0,7096,0,0,1,Pedestrian
42,1122.0,0.0,1188.0,20.0,7097,0,0,1,Pedestrian
42,1122.0,0.0,1188.0,20.0,7098,0,0,1,Pedestrian
42,1122.0,0.0,1188.0,20.0,7099,0,0,1,Pedestrian
42,1122.0,0.0,1188.0,20.0,7100,0,0,1,Pedestrian
42,1122.0,0.0,1188.0,20.0,7101,0,0,1,Pedestrian
42,1122.0,0.0,1188.0,20.0,7102,0,0,1,Pedestrian
42,1122.0,0.0,1188.0,20.0,7103,0,0,1,Pedestrian
42,1122.0,0.0,1188.0,20.0,7104,0,0,1,Pedestrian
42,1122.0,0.0,1188.0,20.0,7105,0,0,1,Pedestrian
42,1122.0,0.0,1188.0,20.0,7106,0,0,1,Pedestrian
42,1122.0,0.0,1188.0,20.0,7107,0,0,1,Pedestrian
42,1122.0,0.0,1188.0,20.0,7108,0,0,1,Pedestrian
42,1122.0,0.0,1188.0,20.0,7109,0,0,1,Pedestrian
42,1122.0,0.0,1188.0,20.0,7110,0,0,1,Pedestrian
42,1122.0,0.0,1188.0,20.0,7111,0,0,1,Pedestrian
42,1122.0,0.0,1188.0,20.0,7112,0,0,1,Pedestrian
42,1122.0,0.0,1188.0,20.0,7113,0,0,1,Pedestrian
42,1122.0,0.0,1188.0,20.0,7114,0,0,1,Pedestrian
42,1122.0,0.0,1188.0,20.0,7115,0,0,1,Pedestrian
42,1122.0,0.0,1188.0,20.0,7116,0,0,1,Pedestrian
42,1122.0,0.0,1188.0,20.0,7117,0,0,1,Pedestrian
42,1122.0,0.0,1188.0,20.0,7118,0,0,1,Pedestrian
42,1122.0,0.0,1188.0,20.0,7119,0,0,1,Pedestrian
42,1122.0,0.0,1188.0,20.0,7120,0,0,1,Pedestrian
42,1122.0,0.0,1188.0,20.0,7121,0,0,1,Pedestrian
42,1122.0,0.0,1188.0,20.0,7122,0,0,1,Pedestrian
42,1122.0,0.0,1188.0,20.0,7123,0,0,1,Pedestrian
42,1122.0,0.0,1188.0,20.0,7124,0,0,1,Pedestrian
42,1122.0,0.0,1188.0,20.0,7125,0,0,1,Pedestrian
42,1122.0,0.0,1188.0,20.0,7126,0,0,1,Pedestrian
42,1122.0,0.0,1188.0,20.0,7127,0,0,1,Pedestrian
42,1122.0,0.0,1188.0,20.0,7128,0,0,1,Pedestrian
42,1122.0,0.0,1188.0,20.0,7129,0,0,1,Pedestrian
42,1122.0,0.0,1188.0,20.0,7130,0,0,1,Pedestrian
42,1122.0,0.0,1188.0,20.0,7131,0,0,1,Pedestrian
42,1122.0,0.0,1188.0,20.0,7132,0,0,1,Pedestrian
42,1122.0,0.0,1188.0,20.0,7133,0,0,1,Pedestrian
42,1122.0,0.0,1188.0,20.0,7134,0,0,1,Pedestrian
42,1122.0,0.0,1188.0,20.0,7135,0,0,1,Pedestrian
42,1122.0,0.0,1188.0,20.0,7136,0,0,1,Pedestrian
42,1122.0,0.0,1188.0,20.0,7137,0,0,1,Pedestrian
42,1122.0,0.0,1188.0,20.0,7138,0,0,1,Pedestrian
42,1122.0,0.0,1188.0,20.0,7139,0,0,1,Pedestrian
42,1122.0,0.0,1188.0,20.0,7140,0,0,1,Pedestrian
42,1122.0,0.0,1188.0,20.0,7141,0,0,1,Pedestrian
42,1122.0,0.0,1188.0,20.0,7142,0,0,1,Pedestrian
42,1122.0,0.0,1188.0,20.0,7143,0,0,1,Pedestrian
42,1122.0,0.0,1188.0,20.0,7144,0,0,1,Pedestrian
42,1122.0,0.0,1188.0,20.0,7145,0,0,1,Pedestrian
42,1122.0,0.0,1188.0,20.0,7146,0,0,1,Pedestrian
42,1122.0,0.0,1188.0,20.0,7147,0,0,1,Pedestrian
42,1122.0,0.0,1188.0,20.0,7148,0,0,1,Pedestrian
42,1122.0,0.0,1188.0,20.0,7149,0,0,1,Pedestrian
42,1122.0,0.0,1188.0,20.0,7150,0,0,1,Pedestrian
42,1122.0,0.0,1188.0,20.0,7151,0,0,1,Pedestrian
42,1122.0,0.0,1188.0,20.0,7152,0,0,1,Pedestrian
42,1122.0,0.0,1188.0,20.0,7153,0,0,1,Pedestrian
42,1122.0,0.0,1188.0,20.0,7154,0,0,1,Pedestrian
42,1122.0,0.0,1188.0,20.0,7155,0,0,1,Pedestrian
42,1122.0,0.0,1188.0,20.0,7156,0,0,1,Pedestrian
42,1122.0,0.0,1188.0,20.0,7157,0,0,1,Pedestrian
42,1122.0,0.0,1188.0,20.0,7158,0,0,1,Pedestrian
42,1122.0,0.0,1188.0,20.0,7159,0,0,1,Pedestrian
42,1122.0,0.0,1188.0,20.0,7160,0,0,1,Pedestrian
42,1122.0,0.0,1188.0,20.0,7161,0,0,1,Pedestrian
42,1122.0,0.0,1188.0,20.0,7162,0,0,1,Pedestrian
42,1122.0,0.0,1188.0,20.0,7163,0,0,1,Pedestrian
42,1122.0,0.0,1188.0,20.0,7164,0,0,1,Pedestrian
42,1122.0,0.0,1188.0,20.0,7165,0,0,1,Pedestrian
42,1122.0,0.0,1188.0,20.0,7166,0,0,1,Pedestrian
42,1122.0,0.0,1188.0,20.0,7167,0,0,1,Pedestrian
42,1122.0,0.0,1188.0,20.0,7168,0,0,1,Pedestrian
42,1122.0,0.0,1188.0,20.0,7169,0,0,1,Pedestrian
42,1122.0,0.0,1188.0,20.0,7170,0,0,1,Pedestrian
42,1122.0,0.0,1188.0,20.0,7171,0,0,1,Pedestrian
42,1122.0,0.0,1188.0,20.0,7172,0,0,1,Pedestrian
42,1122.0,0.0,1188.0,20.0,7173,0,0,1,Pedestrian
42,1122.0,0.0,1188.0,20.0,7174,0,0,1,Pedestrian
42,1122.0,0.0,1188.0,20.0,7175,0,0,1,Pedestrian
42,1122.0,0.0,1188.0,20.0,7176,0,0,1,Pedestrian
42,1122.0,0.0,1188.0,20.0,7177,0,0,1,Pedestrian
42,1122.0,0.0,1188.0,20.0,7178,0,0,1,Pedestrian
42,1122.0,0.0,1188.0,20.0,7179,0,0,1,Pedestrian
42,1122.0,0.0,1188.0,20.0,7180,0,0,1,Pedestrian
42,1122.0,0.0,1188.0,20.0,7181,0,0,1,Pedestrian
42,1122.0,0.0,1188.0,20.0,7182,0,0,1,Pedestrian
42,1122.0,0.0,1188.0,20.0,7183,0,0,1,Pedestrian
42,1122.0,0.0,1188.0,20.0,7184,0,0,1,Pedestrian
42,1122.0,0.0,1188.0,20.0,7185,0,0,1,Pedestrian
42,1122.0,0.0,1188.0,20.0,7186,0,0,1,Pedestrian
42,1122.0,0.0,1188.0,20.0,7187,0,0,1,Pedestrian
42,1122.0,0.0,1188.0,20.0,7188,0,0,1,Pedestrian
42,1122.0,0.0,1188.0,20.0,7189,0,0,1,Pedestrian
42,1122.0,0.0,1188.0,20.0,7190,0,0,1,Pedestrian
42,1122.0,0.0,1188.0,20.0,7191,0,0,1,Pedestrian
42,1122.0,0.0,1188.0,20.0,7192,0,0,1,Pedestrian
42,1122.0,0.0,1188.0,20.0,7193,0,0,1,Pedestrian
42,1122.0,0.0,1188.0,20.0,7194,0,0,1,Pedestrian
42,1122.0,0.0,1188.0,20.0,7195,0,0,1,Pedestrian
42,1122.0,0.0,1188.0,20.0,7196,0,0,1,Pedestrian
42,1122.0,0.0,1188.0,20.0,7197,0,0,1,Pedestrian
42,1122.0,0.0,1188.0,20.0,7198,0,0,1,Pedestrian
42,1122.0,0.0,1188.0,20.0,7199,0,0,1,Pedestrian
42,1122.0,0.0,1188.0,20.0,7200,0,0,1,Pedestrian
42,1122.0,0.0,1188.0,20.0,7201,0,0,1,Pedestrian
42,1122.0,0.0,1188.0,20.0,7202,0,0,1,Pedestrian
42,1122.0,0.0,1188.0,20.0,7203,0,0,1,Pedestrian
42,1122.0,0.0,1188.0,20.0,7204,0,0,1,Pedestrian
42,1122.0,0.0,1188.0,20.0,7205,0,0,1,Pedestrian
42,1122.0,0.0,1188.0,20.0,7206,0,0,1,Pedestrian
42,1122.0,0.0,1188.0,20.0,7207,0,0,1,Pedestrian
42,1122.0,0.0,1188.0,20.0,7208,0,0,1,Pedestrian
42,1122.0,0.0,1188.0,20.0,7209,0,0,1,Pedestrian
42,1122.0,0.0,1188.0,20.0,7210,0,0,1,Pedestrian
42,1122.0,0.0,1188.0,20.0,7211,0,0,1,Pedestrian
42,1122.0,0.0,1188.0,20.0,7212,0,0,1,Pedestrian
42,1122.0,0.0,1188.0,20.0,7213,0,0,1,Pedestrian
42,1122.0,0.0,1188.0,20.0,7214,0,0,1,Pedestrian
42,1122.0,0.0,1188.0,20.0,7215,0,0,1,Pedestrian
42,1122.0,0.0,1188.0,20.0,7216,0,0,1,Pedestrian
42,1122.0,0.0,1188.0,20.0,7217,0,0,1,Pedestrian
42,1122.0,0.0,1188.0,20.0,7218,0,0,1,Pedestrian
42,1122.0,0.0,1188.0,20.0,7219,0,0,1,Pedestrian
42,1122.0,0.0,1188.0,20.0,7220,0,0,1,Pedestrian
42,1122.0,0.0,1188.0,20.0,7221,0,0,1,Pedestrian
42,1122.0,0.0,1188.0,20.0,7222,0,0,1,Pedestrian
42,1122.0,0.0,1188.0,20.0,7223,0,0,1,Pedestrian
42,1122.0,0.0,1188.0,20.0,7224,0,0,1,Pedestrian
42,1122.0,0.0,1188.0,20.0,7225,0,0,1,Pedestrian
42,1122.0,0.0,1188.0,20.0,7226,0,0,1,Pedestrian
42,1122.0,0.0,1188.0,20.0,7227,0,0,1,Pedestrian
42,1122.0,0.0,1188.0,20.0,7228,0,0,1,Pedestrian
42,1122.0,0.0,1188.0,20.0,7229,0,0,1,Pedestrian
42,1122.0,0.0,1188.0,20.0,7230,0,0,1,Pedestrian
42,1122.0,0.0,1188.0,20.0,7231,0,0,1,Pedestrian
42,1122.0,0.0,1188.0,20.0,7232,0,0,1,Pedestrian
42,1122.0,0.0,1188.0,20.0,7233,0,0,1,Pedestrian
42,1122.0,0.0,1188.0,20.0,7234,0,0,1,Pedestrian
42,1122.0,0.0,1188.0,20.0,7235,0,0,1,Pedestrian
42,1122.0,0.0,1188.0,20.0,7236,0,0,1,Pedestrian
42,1122.0,0.0,1188.0,20.0,7237,0,0,1,Pedestrian
42,1122.0,0.0,1188.0,20.0,7238,0,0,1,Pedestrian
42,1122.0,0.0,1188.0,20.0,7239,0,0,1,Pedestrian
42,1122.0,0.0,1188.0,20.0,7240,0,0,1,Pedestrian
42,1122.0,0.0,1188.0,20.0,7241,0,0,1,Pedestrian
42,1122.0,0.0,1188.0,20.0,7242,0,0,1,Pedestrian
42,1122.0,0.0,1188.0,20.0,7243,0,0,1,Pedestrian
42,1122.0,0.0,1188.0,20.0,7244,0,0,1,Pedestrian
42,1122.0,0.0,1188.0,20.0,7245,0,0,1,Pedestrian
42,1122.0,0.0,1188.0,20.0,7246,0,0,1,Pedestrian
42,1122.0,0.0,1188.0,20.0,7247,0,0,1,Pedestrian
42,1122.0,0.0,1188.0,20.0,7248,0,0,1,Pedestrian
42,1122.0,0.0,1188.0,20.0,7249,0,0,1,Pedestrian
42,1122.0,0.0,1188.0,20.0,7250,0,0,1,Pedestrian
42,1122.0,0.0,1188.0,20.0,7251,0,0,1,Pedestrian
42,1122.0,0.0,1188.0,20.0,7252,0,0,1,Pedestrian
42,1122.0,0.0,1188.0,20.0,7253,0,0,1,Pedestrian
42,1122.0,0.0,1188.0,20.0,7254,0,0,1,Pedestrian
42,1122.0,0.0,1188.0,20.0,7255,0,0,1,Pedestrian
42,1122.0,0.0,1188.0,20.0,7256,0,0,1,Pedestrian
42,1122.0,0.0,1188.0,20.0,7257,0,0,1,Pedestrian
42,1122.0,0.0,1188.0,20.0,7258,0,0,1,Pedestrian
42,1122.0,0.0,1188.0,20.0,7259,0,0,1,Pedestrian
42,1122.0,0.0,1188.0,20.0,7260,0,0,1,Pedestrian
42,1122.0,0.0,1188.0,20.0,7261,0,0,1,Pedestrian
42,1122.0,0.0,1188.0,20.0,7262,0,0,1,Pedestrian
42,1122.0,0.0,1188.0,20.0,7263,0,0,1,Pedestrian
42,1122.0,0.0,1188.0,20.0,7264,0,0,1,Pedestrian
42,1122.0,0.0,1188.0,20.0,7265,0,0,1,Pedestrian
42,1122.0,0.0,1188.0,20.0,7266,0,0,1,Pedestrian
42,1122.0,0.0,1188.0,20.0,7267,0,0,1,Pedestrian
42,1122.0,0.0,1188.0,20.0,7268,0,0,1,Pedestrian
42,1122.0,0.0,1188.0,20.0,7269,0,0,1,Pedestrian
42,1122.0,0.0,1188.0,20.0,7270,0,0,1,Pedestrian
42,1122.0,0.0,1188.0,20.0,7271,0,0,1,Pedestrian
42,1122.0,0.0,1188.0,20.0,7272,0,0,1,Pedestrian
42,1122.0,0.0,1188.0,20.0,7273,0,0,1,Pedestrian
42,1122.0,0.0,1188.0,20.0,7274,0,0,1,Pedestrian
42,1122.0,0.0,1188.0,20.0,7275,0,0,1,Pedestrian
42,1122.0,0.0,1188.0,20.0,7276,0,0,1,Pedestrian
42,1122.0,0.0,1188.0,20.0,7277,0,0,1,Pedestrian
42,1122.0,0.0,1188.0,20.0,7278,0,0,1,Pedestrian
42,1122.0,0.0,1188.0,20.0,7279,0,0,1,Pedestrian
42,1122.0,0.0,1188.0,20.0,7280,0,0,1,Pedestrian
42,1122.0,0.0,1188.0,20.0,7281,0,0,1,Pedestrian
42,1122.0,0.0,1188.0,20.0,7282,0,0,1,Pedestrian
42,1122.0,0.0,1188.0,20.0,7283,0,0,1,Pedestrian
42,1122.0,0.0,1188.0,20.0,7284,0,0,1,Pedestrian
42,1122.0,0.0,1188.0,20.0,7285,0,0,1,Pedestrian
42,1122.0,0.0,1188.0,20.0,7286,0,0,1,Pedestrian
42,1122.0,0.0,1188.0,20.0,7287,0,0,1,Pedestrian
42,1122.0,0.0,1188.0,20.0,7288,0,0,1,Pedestrian
42,1122.0,0.0,1188.0,20.0,7289,0,0,1,Pedestrian
42,1122.0,0.0,1188.0,20.0,7290,0,0,1,Pedestrian
42,1122.0,0.0,1188.0,20.0,7291,0,0,1,Pedestrian
42,1122.0,0.0,1188.0,20.0,7292,0,0,1,Pedestrian
42,1122.0,0.0,1188.0,20.0,7293,0,0,1,Pedestrian
42,1122.0,0.0,1188.0,20.0,7294,0,0,1,Pedestrian
42,1122.0,0.0,1188.0,20.0,7295,0,0,1,Pedestrian
42,1122.0,0.0,1188.0,20.0,7296,0,0,1,Pedestrian
42,1122.0,0.0,1188.0,20.0,7297,0,0,1,Pedestrian
42,1122.0,0.0,1188.0,20.0,7298,0,0,1,Pedestrian
42,1122.0,0.0,1188.0,20.0,7299,0,0,1,Pedestrian
42,1122.0,0.0,1188.0,20.0,7300,0,0,1,Pedestrian
42,1122.0,0.0,1188.0,20.0,7301,0,0,1,Pedestrian
42,1122.0,0.0,1188.0,20.0,7302,0,0,1,Pedestrian
42,1122.0,0.0,1188.0,20.0,7303,0,0,1,Pedestrian
42,1122.0,0.0,1188.0,20.0,7304,0,0,1,Pedestrian
42,1122.0,0.0,1188.0,20.0,7305,0,0,1,Pedestrian
42,1122.0,0.0,1188.0,20.0,7306,0,0,1,Pedestrian
42,1122.0,0.0,1188.0,20.0,7307,0,0,1,Pedestrian
42,1122.0,0.0,1188.0,20.0,7308,0,0,1,Pedestrian
42,1122.0,0.0,1188.0,20.0,7309,0,0,1,Pedestrian
42,1122.0,0.0,1188.0,20.0,7310,0,0,1,Pedestrian
42,1122.0,0.0,1188.0,20.0,7311,0,0,1,Pedestrian
42,1122.0,0.0,1188.0,20.0,7312,0,0,1,Pedestrian
42,1122.0,0.0,1188.0,20.0,7313,0,0,1,Pedestrian
42,1122.0,0.0,1188.0,20.0,7314,0,0,1,Pedestrian
42,1122.0,0.0,1188.0,20.0,7315,0,0,1,Pedestrian
42,1122.0,0.0,1188.0,20.0,7316,0,0,1,Pedestrian
42,1122.0,0.0,1188.0,20.0,7317,0,0,1,Pedestrian
42,1122.0,0.0,1188.0,20.0,7318,0,0,1,Pedestrian
42,1122.0,0.0,1188.0,20.0,7319,0,0,1,Pedestrian
42,1122.0,0.0,1188.0,20.0,7320,0,0,1,Pedestrian
42,1122.0,0.0,1188.0,20.0,7321,0,0,1,Pedestrian
42,1122.0,0.0,1188.0,20.0,7322,0,0,1,Pedestrian
42,1122.0,0.0,1188.0,20.0,7323,0,0,1,Pedestrian
42,1122.0,0.0,1188.0,20.0,7324,0,0,1,Pedestrian
42,1122.0,0.0,1188.0,20.0,7325,0,0,1,Pedestrian
42,1122.0,0.0,1188.0,20.0,7326,0,0,1,Pedestrian
42,1122.0,0.0,1188.0,20.0,7327,0,0,1,Pedestrian
42,1122.0,0.0,1188.0,20.0,7328,0,0,1,Pedestrian
42,1122.0,0.0,1188.0,20.0,7329,0,0,1,Pedestrian
42,1122.0,0.0,1188.0,20.0,7330,0,0,1,Pedestrian
42,1122.0,0.0,1188.0,20.0,7331,0,0,1,Pedestrian
42,1122.0,0.0,1188.0,20.0,7332,0,0,1,Pedestrian
42,1122.0,0.0,1188.0,20.0,7333,0,0,1,Pedestrian
42,1122.0,0.0,1188.0,20.0,7334,0,0,1,Pedestrian
42,1122.0,0.0,1188.0,20.0,7335,0,0,1,Pedestrian
42,1122.0,0.0,1188.0,20.0,7336,0,0,1,Pedestrian
42,1122.0,0.0,1188.0,20.0,7337,0,0,1,Pedestrian
42,1122.0,0.0,1188.0,20.0,7338,0,0,1,Pedestrian
42,1122.0,0.0,1188.0,20.0,7339,0,0,1,Pedestrian
42,1122.0,0.0,1188.0,20.0,7340,0,0,1,Pedestrian
42,1122.0,0.0,1188.0,20.0,7341,0,0,1,Pedestrian
42,1122.0,0.0,1188.0,20.0,7342,0,0,1,Pedestrian
42,1122.0,0.0,1188.0,20.0,7343,0,0,1,Pedestrian
42,1122.0,0.0,1188.0,20.0,7344,0,0,1,Pedestrian
42,1122.0,0.0,1188.0,20.0,7345,0,0,1,Pedestrian
42,1122.0,0.0,1188.0,20.0,7346,0,0,1,Pedestrian
42,1122.0,0.0,1188.0,20.0,7347,0,0,1,Pedestrian
42,1122.0,0.0,1188.0,20.0,7348,0,0,1,Pedestrian
42,1122.0,0.0,1188.0,20.0,7349,0,0,1,Pedestrian
42,1122.0,0.0,1188.0,20.0,7350,0,0,1,Pedestrian
42,1122.0,0.0,1188.0,20.0,7351,0,0,1,Pedestrian
42,1122.0,0.0,1188.0,20.0,7352,0,0,1,Pedestrian
42,1122.0,0.0,1188.0,20.0,7353,0,0,1,Pedestrian
42,1122.0,0.0,1188.0,20.0,7354,0,0,1,Pedestrian
42,1122.0,0.0,1188.0,20.0,7355,0,0,1,Pedestrian
42,1122.0,0.0,1188.0,20.0,7356,0,0,1,Pedestrian
42,1122.0,0.0,1188.0,20.0,7357,0,0,1,Pedestrian
42,1122.0,0.0,1188.0,20.0,7358,0,0,1,Pedestrian
42,1122.0,0.0,1188.0,20.0,7359,0,0,1,Pedestrian
42,1122.0,0.0,1188.0,20.0,7360,0,0,1,Pedestrian
42,1122.0,0.0,1188.0,20.0,7361,0,0,1,Pedestrian
42,1122.0,0.0,1188.0,20.0,7362,0,0,1,Pedestrian
42,1122.0,0.0,1188.0,20.0,7363,0,0,1,Pedestrian
42,1122.0,0.0,1188.0,20.0,7364,0,0,1,Pedestrian
42,1122.0,0.0,1188.0,20.0,7365,0,0,1,Pedestrian
42,1122.0,0.0,1188.0,20.0,7366,0,0,1,Pedestrian
42,1122.0,0.0,1188.0,20.0,7367,0,0,1,Pedestrian
42,1122.0,0.0,1188.0,20.0,7368,0,0,1,Pedestrian
42,1122.0,0.0,1188.0,20.0,7369,0,0,1,Pedestrian
42,1122.0,0.0,1188.0,20.0,7370,0,0,1,Pedestrian
42,1122.0,0.0,1188.0,20.0,7371,0,0,1,Pedestrian
42,1122.0,0.0,1188.0,20.0,7372,0,0,1,Pedestrian
42,1122.0,0.0,1188.0,20.0,7373,0,0,1,Pedestrian
42,1122.0,0.0,1188.0,20.0,7374,0,0,1,Pedestrian
42,1122.0,0.0,1188.0,20.0,7375,0,0,1,Pedestrian
42,1122.0,0.0,1188.0,20.0,7376,0,0,1,Pedestrian
42,1122.0,0.0,1188.0,20.0,7377,0,0,1,Pedestrian
42,1122.0,0.0,1188.0,20.0,7378,0,0,1,Pedestrian
42,1122.0,0.0,1188.0,20.0,7379,0,0,1,Pedestrian
42,1122.0,0.0,1188.0,20.0,7380,0,0,1,Pedestrian
42,1122.0,0.0,1188.0,20.0,7381,0,0,1,Pedestrian
42,1122.0,0.0,1188.0,20.0,7382,0,0,1,Pedestrian
42,1122.0,0.0,1188.0,20.0,7383,0,0,1,Pedestrian
42,1122.0,0.0,1188.0,20.0,7384,0,0,1,Pedestrian
42,1122.0,0.0,1188.0,20.0,7385,0,0,1,Pedestrian
42,1122.0,0.0,1188.0,20.0,7386,0,0,1,Pedestrian
42,1122.0,0.0,1188.0,20.0,7387,0,0,1,Pedestrian
42,1122.0,0.0,1188.0,20.0,7388,0,0,1,Pedestrian
42,1122.0,0.0,1188.0,20.0,7389,0,0,1,Pedestrian
42,1122.0,0.0,1188.0,20.0,7390,0,0,1,Pedestrian
42,1122.0,0.0,1188.0,20.0,7391,0,0,1,Pedestrian
42,1122.0,0.0,1188.0,20.0,7392,0,0,1,Pedestrian
42,1122.0,0.0,1188.0,20.0,7393,0,0,1,Pedestrian
42,1122.0,0.0,1188.0,20.0,7394,0,0,1,Pedestrian
42,1122.0,0.0,1188.0,20.0,7395,0,0,1,Pedestrian
42,1122.0,0.0,1188.0,20.0,7396,0,0,1,Pedestrian
42,1122.0,0.0,1188.0,20.0,7397,0,0,1,Pedestrian
42,1122.0,0.0,1188.0,20.0,7398,0,0,1,Pedestrian
42,1122.0,0.0,1188.0,20.0,7399,0,0,1,Pedestrian
42,1122.0,0.0,1188.0,20.0,7400,0,0,1,Pedestrian
42,1122.0,0.0,1188.0,20.0,7401,0,0,1,Pedestrian
42,1122.0,0.0,1188.0,20.0,7402,0,0,1,Pedestrian
42,1122.0,0.0,1188.0,20.0,7403,0,0,1,Pedestrian
42,1122.0,0.0,1188.0,20.0,7404,0,0,1,Pedestrian
42,1122.0,0.0,1188.0,20.0,7405,0,0,1,Pedestrian
42,1122.0,0.0,1188.0,20.0,7406,0,0,1,Pedestrian
42,1122.0,0.0,1188.0,20.0,7407,0,0,1,Pedestrian
42,1122.0,0.0,1188.0,20.0,7408,0,0,1,Pedestrian
42,1122.0,0.0,1188.0,20.0,7409,0,0,1,Pedestrian
42,1122.0,0.0,1188.0,20.0,7410,0,0,1,Pedestrian
42,1122.0,0.0,1188.0,20.0,7411,0,0,1,Pedestrian
42,1122.0,0.0,1188.0,20.0,7412,0,0,1,Pedestrian
42,1122.0,0.0,1188.0,20.0,7413,0,0,1,Pedestrian
42,1122.0,0.0,1188.0,20.0,7414,0,0,1,Pedestrian
42,1122.0,0.0,1188.0,20.0,7415,0,0,1,Pedestrian
42,1122.0,0.0,1188.0,20.0,7416,0,0,1,Pedestrian
42,1122.0,0.0,1188.0,20.0,7417,0,0,1,Pedestrian
42,1122.0,0.0,1188.0,20.0,7418,0,0,1,Pedestrian
42,1122.0,0.0,1188.0,20.0,7419,0,0,1,Pedestrian
42,1122.0,0.0,1188.0,20.0,7420,0,0,1,Pedestrian
42,1122.0,0.0,1188.0,20.0,7421,0,0,1,Pedestrian
42,1122.0,0.0,1188.0,20.0,7422,0,0,1,Pedestrian
42,1122.0,0.0,1188.0,20.0,7423,0,0,1,Pedestrian
42,1122.0,0.0,1188.0,20.0,7424,0,0,1,Pedestrian
42,1122.0,0.0,1188.0,20.0,7425,0,0,1,Pedestrian
42,1122.0,0.0,1188.0,20.0,7426,0,0,1,Pedestrian
42,1122.0,0.0,1188.0,20.0,7427,0,0,1,Pedestrian
42,1122.0,0.0,1188.0,20.0,7428,0,0,1,Pedestrian
42,1122.0,0.0,1188.0,20.0,7429,0,0,1,Pedestrian
42,1122.0,0.0,1188.0,20.0,7430,0,0,1,Pedestrian
42,1122.0,0.0,1188.0,20.0,7431,0,0,1,Pedestrian
42,1122.0,0.0,1188.0,20.0,7432,0,0,1,Pedestrian
42,1122.0,0.0,1188.0,20.0,7433,0,0,1,Pedestrian
42,1122.0,0.0,1188.0,20.0,7434,0,0,1,Pedestrian
42,1122.0,0.0,1188.0,20.0,7435,0,0,1,Pedestrian
42,1122.0,0.0,1188.0,20.0,7436,0,0,1,Pedestrian
42,1122.0,0.0,1188.0,20.0,7437,0,0,1,Pedestrian
42,1122.0,0.0,1188.0,20.0,7438,0,0,1,Pedestrian
42,1122.0,0.0,1188.0,20.0,7439,0,0,1,Pedestrian
42,1122.0,0.0,1188.0,20.0,7440,0,0,1,Pedestrian
42,1122.0,0.0,1188.0,20.0,7441,0,0,1,Pedestrian
42,1122.0,0.0,1188.0,20.0,7442,0,0,1,Pedestrian
42,1122.0,0.0,1188.0,20.0,7443,0,0,1,Pedestrian
42,1122.0,0.0,1188.0,20.0,7444,0,0,1,Pedestrian
42,1122.0,0.0,1188.0,20.0,7445,0,0,1,Pedestrian
42,1122.0,0.0,1188.0,20.0,7446,0,0,1,Pedestrian
42,1122.0,0.0,1188.0,20.0,7447,0,0,1,Pedestrian
42,1122.0,0.0,1188.0,20.0,7448,0,0,1,Pedestrian
42,1122.0,0.0,1188.0,20.0,7449,0,0,1,Pedestrian
42,1122.0,0.0,1188.0,20.0,7450,0,0,1,Pedestrian
42,1122.0,0.0,1188.0,20.0,7451,0,0,1,Pedestrian
42,1122.0,0.0,1188.0,20.0,7452,0,0,1,Pedestrian
42,1122.0,0.0,1188.0,20.0,7453,0,0,1,Pedestrian
42,1122.0,0.0,1188.0,20.0,7454,0,0,1,Pedestrian
42,1122.0,0.0,1188.0,20.0,7455,0,0,1,Pedestrian
42,1122.0,0.0,1188.0,20.0,7456,0,0,1,Pedestrian
42,1122.0,0.0,1188.0,20.0,7457,0,0,1,Pedestrian
42,1122.0,0.0,1188.0,20.0,7458,0,0,1,Pedestrian
42,1122.0,0.0,1188.0,20.0,7459,0,0,1,Pedestrian
42,1122.0,0.0,1188.0,20.0,7460,0,0,1,Pedestrian
42,1122.0,0.0,1188.0,20.0,7461,0,0,1,Pedestrian
42,1122.0,0.0,1188.0,20.0,7462,0,0,1,Pedestrian
42,1122.0,0.0,1188.0,20.0,7463,0,0,1,Pedestrian
42,1122.0,0.0,1188.0,20.0,7464,0,0,1,Pedestrian
42,1122.0,0.0,1188.0,20.0,7465,0,0,1,Pedestrian
42,1122.0,0.0,1188.0,20.0,7466,0,0,1,Pedestrian
42,1122.0,0.0,1188.0,20.0,7467,0,0,1,Pedestrian
42,1122.0,0.0,1188.0,20.0,7468,0,0,1,Pedestrian
42,1122.0,0.0,1188.0,20.0,7469,0,0,1,Pedestrian
42,1122.0,0.0,1188.0,20.0,7470,0,0,1,Pedestrian
42,1122.0,0.0,1188.0,20.0,7471,0,0,1,Pedestrian
42,1122.0,0.0,1188.0,20.0,7472,0,0,1,Pedestrian
42,1122.0,0.0,1188.0,20.0,7473,0,0,1,Pedestrian
42,1122.0,0.0,1188.0,20.0,7474,0,0,1,Pedestrian
42,1122.0,0.0,1188.0,20.0,7475,0,0,1,Pedestrian
42,1122.0,0.0,1188.0,20.0,7476,0,0,1,Pedestrian
42,1122.0,0.0,1188.0,20.0,7477,0,0,1,Pedestrian
42,1122.0,0.0,1188.0,20.0,7478,0,0,1,Pedestrian
42,1122.0,0.0,1188.0,20.0,7479,0,0,1,Pedestrian
42,1122.0,0.0,1188.0,20.0,7480,0,0,1,Pedestrian
42,1122.0,0.0,1188.0,20.0,7481,0,0,1,Pedestrian
42,1122.0,0.0,1188.0,20.0,7482,0,0,1,Pedestrian
42,1122.0,0.0,1188.0,20.0,7483,0,0,1,Pedestrian
42,1122.0,0.0,1188.0,20.0,7484,0,0,1,Pedestrian
42,1122.0,0.0,1188.0,20.0,7485,0,0,1,Pedestrian
42,1122.0,0.0,1188.0,20.0,7486,0,0,1,Pedestrian
42,1122.0,0.0,1188.0,20.0,7487,0,0,1,Pedestrian
42,1122.0,0.0,1188.0,20.0,7488,0,0,1,Pedestrian
42,1122.0,0.0,1188.0,20.0,7489,0,0,1,Pedestrian
42,1122.0,0.0,1188.0,20.0,7490,0,0,1,Pedestrian
42,1122.0,0.0,1188.0,20.0,7491,0,0,1,Pedestrian
42,1122.0,0.0,1188.0,20.0,7492,0,0,1,Pedestrian
42,1122.0,0.0,1188.0,20.0,7493,0,0,1,Pedestrian
42,1122.0,0.0,1188.0,20.0,7494,0,0,1,Pedestrian
42,1122.0,0.0,1188.0,20.0,7495,0,0,1,Pedestrian
42,1122.0,0.0,1188.0,20.0,7496,0,0,1,Pedestrian
42,1122.0,0.0,1188.0,20.0,7497,0,0,1,Pedestrian
42,1122.0,0.0,1188.0,20.0,7498,0,0,1,Pedestrian
42,1122.0,0.0,1188.0,20.0,7499,0,0,1,Pedestrian
42,1122.0,0.0,1188.0,20.0,7500,0,0,1,Pedestrian
42,1122.0,0.0,1188.0,20.0,7501,0,0,1,Pedestrian
42,1122.0,0.0,1188.0,20.0,7502,0,0,1,Pedestrian
42,1122.0,0.0,1188.0,20.0,7503,0,0,1,Pedestrian
42,1122.0,0.0,1188.0,20.0,7504,0,0,1,Pedestrian
42,1122.0,0.0,1188.0,20.0,7505,0,0,1,Pedestrian
42,1122.0,0.0,1188.0,20.0,7506,0,0,1,Pedestrian
42,1122.0,0.0,1188.0,20.0,7507,0,0,1,Pedestrian
42,1122.0,0.0,1188.0,20.0,7508,0,0,1,Pedestrian
42,1122.0,0.0,1188.0,20.0,7509,0,0,1,Pedestrian
42,1122.0,0.0,1188.0,20.0,7510,0,0,1,Pedestrian
42,1122.0,0.0,1188.0,20.0,7511,0,0,1,Pedestrian
42,1122.0,0.0,1188.0,20.0,7512,0,0,1,Pedestrian
42,1122.0,0.0,1188.0,20.0,7513,0,0,1,Pedestrian
42,1122.0,0.0,1188.0,20.0,7514,0,0,1,Pedestrian
42,1122.0,0.0,1188.0,20.0,7515,0,0,1,Pedestrian
42,1122.0,0.0,1188.0,20.0,7516,0,0,1,Pedestrian
42,1122.0,0.0,1188.0,20.0,7517,0,0,1,Pedestrian
42,1122.0,0.0,1188.0,20.0,7518,0,0,1,Pedestrian
42,1122.0,0.0,1188.0,20.0,7519,0,0,1,Pedestrian
42,1122.0,0.0,1188.0,20.0,7520,0,0,1,Pedestrian
42,1122.0,0.0,1188.0,20.0,7521,0,0,1,Pedestrian
42,1122.0,0.0,1188.0,20.0,7522,0,0,1,Pedestrian
42,1122.0,0.0,1188.0,20.0,7523,0,0,1,Pedestrian
42,1122.0,0.0,1188.0,20.0,7524,0,0,1,Pedestrian
42,1122.0,0.0,1188.0,20.0,7525,0,0,1,Pedestrian
42,1122.0,0.0,1188.0,20.0,7526,0,0,1,Pedestrian
42,1122.0,0.0,1188.0,20.0,7527,0,0,1,Pedestrian
42,1122.0,0.0,1188.0,20.0,7528,0,0,1,Pedestrian
42,1122.0,0.0,1188.0,20.0,7529,0,0,1,Pedestrian
42,1122.0,0.0,1188.0,20.0,7530,0,0,1,Pedestrian
42,1122.0,0.0,1188.0,20.0,7531,0,0,0,Pedestrian
43,1859.0,651.0,1922.0,737.0,3500,1,0,0,Pedestrian
43,1859.0,648.0,1922.0,735.0,3501,1,0,1,Pedestrian
43,1859.0,648.0,1922.0,735.0,3502,1,0,1,Pedestrian
43,1859.0,648.0,1922.0,735.0,3503,1,0,1,Pedestrian
43,1859.0,648.0,1922.0,735.0,3504,1,0,1,Pedestrian
43,1859.0,648.0,1922.0,735.0,3505,1,0,1,Pedestrian
43,1859.0,648.0,1922.0,735.0,3506,1,0,1,Pedestrian
43,1859.0,648.0,1922.0,735.0,3507,1,0,1,Pedestrian
43,1859.0,648.0,1922.0,735.0,3508,1,0,1,Pedestrian
43,1859.0,648.0,1922.0,735.0,3509,1,0,1,Pedestrian
43,1859.0,648.0,1922.0,735.0,3510,1,0,1,Pedestrian
43,1859.0,648.0,1922.0,735.0,3511,1,0,1,Pedestrian
43,1859.0,648.0,1922.0,735.0,3512,1,0,1,Pedestrian
43,1859.0,648.0,1922.0,735.0,3513,1,0,1,Pedestrian
43,1861.0,648.0,1922.0,735.0,3514,1,0,1,Pedestrian
43,1861.0,648.0,1922.0,735.0,3515,1,0,1,Pedestrian
43,1861.0,648.0,1922.0,735.0,3516,1,0,1,Pedestrian
43,1861.0,648.0,1925.0,735.0,3517,1,0,1,Pedestrian
43,1861.0,648.0,1925.0,735.0,3518,1,0,1,Pedestrian
43,1861.0,648.0,1925.0,735.0,3519,1,0,1,Pedestrian
43,1861.0,648.0,1925.0,735.0,3520,1,0,1,Pedestrian
43,1861.0,648.0,1925.0,735.0,3521,1,0,1,Pedestrian
43,1861.0,648.0,1925.0,735.0,3522,1,0,1,Pedestrian
43,1861.0,648.0,1925.0,735.0,3523,1,0,1,Pedestrian
43,1861.0,646.0,1925.0,733.0,3524,1,0,1,Pedestrian
43,1861.0,646.0,1925.0,733.0,3525,1,0,1,Pedestrian
43,1861.0,646.0,1925.0,733.0,3526,1,0,1,Pedestrian
43,1861.0,646.0,1925.0,733.0,3527,1,0,1,Pedestrian
43,1864.0,646.0,1925.0,733.0,3528,1,0,1,Pedestrian
43,1864.0,646.0,1925.0,733.0,3529,1,0,1,Pedestrian
43,1864.0,646.0,1925.0,733.0,3530,1,0,1,Pedestrian
43,1864.0,646.0,1925.0,733.0,3531,1,0,1,Pedestrian
43,1864.0,646.0,1925.0,733.0,3532,1,0,1,Pedestrian
43,1864.0,646.0,1927.0,733.0,3533,1,0,1,Pedestrian
43,1864.0,646.0,1927.0,733.0,3534,1,0,1,Pedestrian
43,1864.0,646.0,1927.0,733.0,3535,1,0,1,Pedestrian
43,1864.0,646.0,1927.0,733.0,3536,1,0,1,Pedestrian
43,1864.0,646.0,1927.0,733.0,3537,1,0,1,Pedestrian
43,1864.0,646.0,1927.0,733.0,3538,1,0,1,Pedestrian
43,1864.0,646.0,1927.0,733.0,3539,1,0,1,Pedestrian
43,1864.0,646.0,1927.0,733.0,3540,1,0,1,Pedestrian
43,1867.0,646.0,1927.0,733.0,3541,1,0,1,Pedestrian
43,1867.0,646.0,1927.0,733.0,3542,1,0,1,Pedestrian
43,1867.0,646.0,1927.0,733.0,3543,1,0,1,Pedestrian
43,1867.0,646.0,1927.0,733.0,3544,1,0,1,Pedestrian
43,1867.0,646.0,1927.0,733.0,3545,1,0,1,Pedestrian
43,1867.0,646.0,1927.0,733.0,3546,1,0,1,Pedestrian
43,1867.0,644.0,1927.0,730.0,3547,1,0,1,Pedestrian
43,1867.0,644.0,1927.0,730.0,3548,1,0,1,Pedestrian
43,1867.0,644.0,1927.0,730.0,3549,1,0,1,Pedestrian
43,1867.0,644.0,1930.0,730.0,3550,1,0,1,Pedestrian
43,1867.0,644.0,1930.0,730.0,3551,1,0,1,Pedestrian
43,1867.0,644.0,1930.0,730.0,3552,1,0,1,Pedestrian
43,1867.0,644.0,1930.0,730.0,3553,1,0,1,Pedestrian
43,1867.0,644.0,1930.0,730.0,3554,1,0,1,Pedestrian
43,1870.0,644.0,1930.0,730.0,3555,1,0,1,Pedestrian
43,1870.0,644.0,1930.0,730.0,3556,1,0,1,Pedestrian
43,1870.0,644.0,1930.0,730.0,3557,1,0,1,Pedestrian
43,1870.0,644.0,1930.0,730.0,3558,1,0,1,Pedestrian
43,1870.0,644.0,1930.0,730.0,3559,1,0,1,Pedestrian
43,1870.0,644.0,1930.0,730.0,3560,1,0,1,Pedestrian
43,1870.0,644.0,1930.0,730.0,3561,1,0,1,Pedestrian
43,1870.0,644.0,1930.0,730.0,3562,1,0,1,Pedestrian
43,1870.0,644.0,1930.0,730.0,3563,1,0,1,Pedestrian
43,1870.0,644.0,1930.0,730.0,3564,1,0,1,Pedestrian
43,1870.0,644.0,1930.0,730.0,3565,1,0,1,Pedestrian
43,1870.0,644.0,1933.0,730.0,3566,1,0,1,Pedestrian
43,1870.0,644.0,1933.0,730.0,3567,1,0,1,Pedestrian
43,1870.0,644.0,1933.0,730.0,3568,1,0,1,Pedestrian
43,1872.0,644.0,1933.0,730.0,3569,1,0,1,Pedestrian
43,1872.0,644.0,1933.0,730.0,3570,1,0,1,Pedestrian
43,1872.0,642.0,1933.0,728.0,3571,1,0,1,Pedestrian
43,1872.0,642.0,1933.0,728.0,3572,1,0,1,Pedestrian
43,1872.0,642.0,1933.0,728.0,3573,1,0,1,Pedestrian
43,1872.0,642.0,1933.0,728.0,3574,1,0,1,Pedestrian
43,1872.0,642.0,1933.0,728.0,3575,1,0,1,Pedestrian
43,1872.0,642.0,1933.0,728.0,3576,1,0,1,Pedestrian
43,1872.0,642.0,1933.0,728.0,3577,1,0,1,Pedestrian
43,1872.0,642.0,1933.0,728.0,3578,1,0,1,Pedestrian
43,1872.0,642.0,1933.0,728.0,3579,1,0,1,Pedestrian
43,1872.0,642.0,1933.0,728.0,3580,1,0,1,Pedestrian
43,1872.0,642.0,1933.0,728.0,3581,1,0,1,Pedestrian
43,1875.0,642.0,1936.0,728.0,3582,1,0,1,Pedestrian
43,1875.0,642.0,1936.0,728.0,3583,1,0,1,Pedestrian
43,1875.0,642.0,1936.0,728.0,3584,1,0,1,Pedestrian
43,1875.0,642.0,1936.0,728.0,3585,1,0,1,Pedestrian
43,1875.0,642.0,1936.0,728.0,3586,1,0,1,Pedestrian
43,1875.0,642.0,1936.0,728.0,3587,1,0,1,Pedestrian
43,1875.0,642.0,1936.0,728.0,3588,1,0,1,Pedestrian
43,1875.0,642.0,1936.0,728.0,3589,1,0,1,Pedestrian
43,1875.0,642.0,1936.0,728.0,3590,1,0,1,Pedestrian
43,1875.0,642.0,1936.0,728.0,3591,1,0,1,Pedestrian
43,1875.0,642.0,1936.0,728.0,3592,1,0,1,Pedestrian
43,1875.0,642.0,1936.0,728.0,3593,1,0,1,Pedestrian
43,1875.0,639.0,1936.0,726.0,3594,1,0,1,Pedestrian
43,1875.0,639.0,1936.0,726.0,3595,1,0,1,Pedestrian
43,1878.0,639.0,1936.0,726.0,3596,1,0,1,Pedestrian
43,1878.0,639.0,1936.0,726.0,3597,1,0,1,Pedestrian
43,1878.0,639.0,1936.0,726.0,3598,1,0,1,Pedestrian
43,1878.0,639.0,1938.0,726.0,3599,1,0,1,Pedestrian
43,1878.0,639.0,1938.0,726.0,3600,1,0,1,Pedestrian
43,1878.0,639.0,1938.0,726.0,3601,1,0,1,Pedestrian
43,1878.0,639.0,1938.0,726.0,3602,1,0,1,Pedestrian
43,1878.0,639.0,1938.0,726.0,3603,1,0,1,Pedestrian
43,1878.0,639.0,1938.0,726.0,3604,1,0,1,Pedestrian
43,1878.0,639.0,1938.0,726.0,3605,1,0,1,Pedestrian
43,1878.0,639.0,1938.0,726.0,3606,1,0,1,Pedestrian
43,1878.0,639.0,1938.0,726.0,3607,1,0,1,Pedestrian
43,1878.0,639.0,1938.0,726.0,3608,1,0,1,Pedestrian
43,1878.0,639.0,1938.0,726.0,3609,1,0,1,Pedestrian
43,1881.0,639.0,1938.0,726.0,3610,1,0,1,Pedestrian
43,1881.0,639.0,1938.0,726.0,3611,1,0,1,Pedestrian
43,1881.0,639.0,1938.0,726.0,3612,1,0,1,Pedestrian
43,1881.0,639.0,1938.0,726.0,3613,1,0,1,Pedestrian
43,1881.0,639.0,1938.0,726.0,3614,1,0,1,Pedestrian
43,1881.0,639.0,1941.0,726.0,3615,1,0,1,Pedestrian
43,1881.0,639.0,1941.0,726.0,3616,1,0,1,Pedestrian
43,1881.0,639.0,1941.0,726.0,3617,1,0,1,Pedestrian
43,1881.0,637.0,1941.0,724.0,3618,1,0,1,Pedestrian
43,1881.0,637.0,1941.0,724.0,3619,1,0,1,Pedestrian
43,1881.0,637.0,1941.0,724.0,3620,1,0,1,Pedestrian
43,1881.0,637.0,1941.0,724.0,3621,1,0,1,Pedestrian
43,1881.0,637.0,1941.0,724.0,3622,1,0,1,Pedestrian
43,1883.0,637.0,1941.0,724.0,3623,1,0,1,Pedestrian
43,1883.0,637.0,1941.0,724.0,3624,1,0,1,Pedestrian
43,1883.0,637.0,1941.0,724.0,3625,1,0,1,Pedestrian
43,1883.0,637.0,1941.0,724.0,3626,1,0,1,Pedestrian
43,1883.0,637.0,1941.0,724.0,3627,1,0,1,Pedestrian
43,1883.0,637.0,1941.0,724.0,3628,1,0,1,Pedestrian
43,1883.0,637.0,1941.0,724.0,3629,1,0,1,Pedestrian
43,1883.0,637.0,1941.0,724.0,3630,1,0,1,Pedestrian
43,1883.0,637.0,1941.0,724.0,3631,1,0,1,Pedestrian
43,1883.0,637.0,1944.0,724.0,3632,1,0,1,Pedestrian
43,1883.0,637.0,1944.0,724.0,3633,1,0,1,Pedestrian
43,1883.0,637.0,1944.0,724.0,3634,1,0,1,Pedestrian
43,1883.0,637.0,1944.0,724.0,3635,1,0,1,Pedestrian
43,1883.0,637.0,1944.0,724.0,3636,1,0,1,Pedestrian
43,1886.0,637.0,1944.0,724.0,3637,1,0,1,Pedestrian
43,1886.0,637.0,1944.0,724.0,3638,1,0,1,Pedestrian
43,1886.0,637.0,1944.0,724.0,3639,1,0,1,Pedestrian
43,1886.0,637.0,1944.0,724.0,3640,1,0,1,Pedestrian
43,1886.0,635.0,1944.0,721.0,3641,1,0,1,Pedestrian
43,1886.0,635.0,1944.0,721.0,3642,1,0,1,Pedestrian
43,1886.0,635.0,1944.0,721.0,3643,1,0,1,Pedestrian
43,1886.0,635.0,1944.0,721.0,3644,1,0,1,Pedestrian
43,1886.0,635.0,1944.0,721.0,3645,1,0,1,Pedestrian
43,1886.0,635.0,1944.0,721.0,3646,1,0,1,Pedestrian
43,1886.0,635.0,1944.0,721.0,3647,1,0,1,Pedestrian
43,1886.0,635.0,1947.0,721.0,3648,1,0,1,Pedestrian
43,1886.0,635.0,1947.0,721.0,3649,1,0,1,Pedestrian
43,1886.0,635.0,1947.0,721.0,3650,1,0,1,Pedestrian
43,1889.0,635.0,1947.0,721.0,3651,1,0,1,Pedestrian
43,1889.0,635.0,1947.0,721.0,3652,1,0,1,Pedestrian
43,1889.0,635.0,1947.0,721.0,3653,1,0,1,Pedestrian
43,1889.0,635.0,1947.0,721.0,3654,1,0,1,Pedestrian
43,1889.0,635.0,1947.0,721.0,3655,1,0,1,Pedestrian
43,1889.0,635.0,1947.0,721.0,3656,1,0,1,Pedestrian
43,1889.0,635.0,1947.0,721.0,3657,1,0,1,Pedestrian
43,1889.0,635.0,1947.0,721.0,3658,1,0,1,Pedestrian
43,1889.0,635.0,1947.0,721.0,3659,1,0,1,Pedestrian
43,1889.0,635.0,1947.0,721.0,3660,1,0,1,Pedestrian
43,1889.0,635.0,1947.0,721.0,3661,1,0,1,Pedestrian
43,1889.0,635.0,1947.0,721.0,3662,1,0,1,Pedestrian
43,1889.0,635.0,1947.0,721.0,3663,1,0,1,Pedestrian
43,1892.0,635.0,1949.0,721.0,3664,1,0,1,Pedestrian
43,1892.0,633.0,1949.0,719.0,3665,1,0,1,Pedestrian
43,1892.0,633.0,1949.0,719.0,3666,1,0,1,Pedestrian
43,1892.0,633.0,1949.0,719.0,3667,1,0,1,Pedestrian
43,1892.0,633.0,1949.0,719.0,3668,1,0,1,Pedestrian
43,1892.0,633.0,1949.0,719.0,3669,1,0,1,Pedestrian
43,1892.0,633.0,1949.0,719.0,3670,1,0,1,Pedestrian
43,1892.0,633.0,1949.0,719.0,3671,1,0,1,Pedestrian
43,1892.0,633.0,1949.0,719.0,3672,1,0,1,Pedestrian
43,1892.0,633.0,1949.0,719.0,3673,1,0,1,Pedestrian
43,1892.0,633.0,1949.0,719.0,3674,1,0,1,Pedestrian
43,1892.0,633.0,1949.0,719.0,3675,1,0,1,Pedestrian
43,1892.0,633.0,1949.0,719.0,3676,1,0,1,Pedestrian
43,1892.0,633.0,1949.0,719.0,3677,1,0,1,Pedestrian
43,1894.0,633.0,1949.0,719.0,3678,1,0,1,Pedestrian
43,1894.0,633.0,1949.0,719.0,3679,1,0,1,Pedestrian
43,1894.0,633.0,1949.0,719.0,3680,1,0,1,Pedestrian
43,1894.0,633.0,1952.0,719.0,3681,1,0,1,Pedestrian
43,1894.0,633.0,1952.0,719.0,3682,1,0,1,Pedestrian
43,1894.0,633.0,1952.0,719.0,3683,1,0,1,Pedestrian
43,1894.0,633.0,1952.0,719.0,3684,1,0,1,Pedestrian
43,1894.0,633.0,1952.0,719.0,3685,1,0,1,Pedestrian
43,1894.0,633.0,1952.0,719.0,3686,1,0,1,Pedestrian
43,1894.0,633.0,1952.0,719.0,3687,1,0,1,Pedestrian
43,1894.0,630.0,1952.0,717.0,3688,1,0,1,Pedestrian
43,1894.0,630.0,1952.0,717.0,3689,1,0,1,Pedestrian
43,1894.0,630.0,1952.0,717.0,3690,1,0,1,Pedestrian
43,1894.0,630.0,1952.0,717.0,3691,1,0,1,Pedestrian
43,1897.0,630.0,1952.0,717.0,3692,1,0,1,Pedestrian
43,1897.0,630.0,1952.0,717.0,3693,1,0,1,Pedestrian
43,1897.0,630.0,1952.0,717.0,3694,1,0,1,Pedestrian
43,1897.0,630.0,1952.0,717.0,3695,1,0,1,Pedestrian
43,1897.0,630.0,1952.0,717.0,3696,1,0,1,Pedestrian
43,1897.0,630.0,1955.0,717.0,3697,1,0,1,Pedestrian
43,1897.0,630.0,1955.0,717.0,3698,1,0,1,Pedestrian
43,1897.0,630.0,1955.0,717.0,3699,1,0,1,Pedestrian
43,1897.0,630.0,1955.0,717.0,3700,1,0,1,Pedestrian
43,1897.0,630.0,1955.0,717.0,3701,1,0,1,Pedestrian
43,1897.0,630.0,1955.0,717.0,3702,1,0,1,Pedestrian
43,1897.0,630.0,1955.0,717.0,3703,1,0,1,Pedestrian
43,1897.0,630.0,1955.0,717.0,3704,1,0,1,Pedestrian
43,1900.0,630.0,1955.0,717.0,3705,1,0,1,Pedestrian
43,1900.0,630.0,1955.0,717.0,3706,1,0,1,Pedestrian
43,1900.0,630.0,1955.0,717.0,3707,1,0,1,Pedestrian
43,1900.0,630.0,1955.0,717.0,3708,1,0,1,Pedestrian
43,1900.0,630.0,1955.0,717.0,3709,1,0,1,Pedestrian
43,1900.0,630.0,1955.0,717.0,3710,1,0,1,Pedestrian
43,1900.0,628.0,1955.0,715.0,3711,1,0,1,Pedestrian
43,1900.0,628.0,1955.0,715.0,3712,1,0,1,Pedestrian
43,1900.0,628.0,1955.0,715.0,3713,1,0,1,Pedestrian
43,1900.0,628.0,1958.0,715.0,3714,1,0,1,Pedestrian
43,1900.0,628.0,1958.0,715.0,3715,1,0,1,Pedestrian
43,1900.0,628.0,1958.0,715.0,3716,1,0,1,Pedestrian
43,1900.0,628.0,1958.0,715.0,3717,1,0,1,Pedestrian
43,1900.0,628.0,1958.0,715.0,3718,1,0,1,Pedestrian
43,1903.0,628.0,1958.0,715.0,3719,1,0,1,Pedestrian
43,1903.0,628.0,1958.0,715.0,3720,1,0,1,Pedestrian
43,1903.0,628.0,1958.0,715.0,3721,1,0,1,Pedestrian
43,1903.0,628.0,1958.0,715.0,3722,1,0,1,Pedestrian
43,1903.0,628.0,1958.0,715.0,3723,1,0,1,Pedestrian
43,1903.0,628.0,1958.0,715.0,3724,1,0,1,Pedestrian
43,1903.0,628.0,1958.0,715.0,3725,1,0,1,Pedestrian
43,1903.0,628.0,1958.0,715.0,3726,1,0,1,Pedestrian
43,1903.0,628.0,1958.0,715.0,3727,1,0,1,Pedestrian
43,1903.0,628.0,1958.0,715.0,3728,1,0,1,Pedestrian
43,1903.0,628.0,1958.0,715.0,3729,1,0,1,Pedestrian
43,1903.0,628.0,1960.0,715.0,3730,1,0,1,Pedestrian
43,1903.0,628.0,1960.0,715.0,3731,1,0,1,Pedestrian
43,1903.0,628.0,1960.0,715.0,3732,1,0,1,Pedestrian
43,1905.0,628.0,1960.0,715.0,3733,1,0,1,Pedestrian
43,1905.0,628.0,1960.0,715.0,3734,1,0,1,Pedestrian
43,1905.0,626.0,1960.0,712.0,3735,1,0,1,Pedestrian
43,1905.0,626.0,1960.0,712.0,3736,1,0,1,Pedestrian
43,1905.0,626.0,1960.0,712.0,3737,1,0,1,Pedestrian
43,1905.0,626.0,1960.0,712.0,3738,1,0,1,Pedestrian
43,1905.0,626.0,1960.0,712.0,3739,1,0,1,Pedestrian
43,1905.0,626.0,1960.0,712.0,3740,1,0,1,Pedestrian
43,1905.0,626.0,1960.0,712.0,3741,1,0,1,Pedestrian
43,1905.0,626.0,1960.0,712.0,3742,1,0,1,Pedestrian
43,1905.0,626.0,1960.0,712.0,3743,1,0,1,Pedestrian
43,1905.0,626.0,1960.0,712.0,3744,1,0,1,Pedestrian
43,1905.0,626.0,1960.0,712.0,3745,1,0,1,Pedestrian
43,1908.0,626.0,1963.0,712.0,3746,1,0,1,Pedestrian
43,1908.0,626.0,1963.0,712.0,3747,1,0,1,Pedestrian
43,1908.0,626.0,1963.0,712.0,3748,1,0,1,Pedestrian
43,1908.0,626.0,1963.0,712.0,3749,1,0,1,Pedestrian
43,1908.0,626.0,1963.0,712.0,3750,1,0,1,Pedestrian
43,1908.0,626.0,1963.0,712.0,3751,1,0,1,Pedestrian
43,1908.0,626.0,1963.0,712.0,3752,1,0,1,Pedestrian
43,1908.0,626.0,1963.0,712.0,3753,1,0,1,Pedestrian
43,1908.0,626.0,1963.0,712.0,3754,1,0,1,Pedestrian
43,1908.0,626.0,1963.0,712.0,3755,1,0,1,Pedestrian
43,1908.0,626.0,1963.0,712.0,3756,1,0,1,Pedestrian
43,1908.0,626.0,1963.0,712.0,3757,1,0,1,Pedestrian
43,1908.0,623.0,1963.0,710.0,3758,1,0,1,Pedestrian
43,1908.0,623.0,1963.0,710.0,3759,1,0,1,Pedestrian
43,1911.0,623.0,1963.0,710.0,3760,1,0,1,Pedestrian
43,1911.0,623.0,1963.0,710.0,3761,1,0,1,Pedestrian
43,1911.0,623.0,1963.0,710.0,3762,1,0,1,Pedestrian
43,1911.0,623.0,1966.0,710.0,3763,1,0,1,Pedestrian
43,1911.0,623.0,1966.0,710.0,3764,1,0,1,Pedestrian
43,1911.0,623.0,1966.0,710.0,3765,1,0,1,Pedestrian
43,1911.0,623.0,1966.0,710.0,3766,1,0,1,Pedestrian
43,1911.0,623.0,1966.0,710.0,3767,1,0,1,Pedestrian
43,1911.0,623.0,1966.0,710.0,3768,1,0,1,Pedestrian
43,1911.0,623.0,1966.0,710.0,3769,1,0,1,Pedestrian
43,1911.0,623.0,1966.0,710.0,3770,1,0,1,Pedestrian
43,1911.0,623.0,1966.0,710.0,3771,1,0,1,Pedestrian
43,1911.0,623.0,1966.0,710.0,3772,1,0,1,Pedestrian
43,1911.0,623.0,1966.0,710.0,3773,1,0,1,Pedestrian
43,1914.0,623.0,1966.0,710.0,3774,1,0,1,Pedestrian
43,1914.0,623.0,1966.0,710.0,3775,1,0,1,Pedestrian
43,1914.0,623.0,1966.0,710.0,3776,1,0,1,Pedestrian
43,1914.0,623.0,1966.0,710.0,3777,1,0,1,Pedestrian
43,1914.0,623.0,1966.0,710.0,3778,1,0,1,Pedestrian
43,1914.0,623.0,1969.0,710.0,3779,1,0,1,Pedestrian
43,1914.0,623.0,1969.0,710.0,3780,1,0,1,Pedestrian
43,1914.0,623.0,1969.0,710.0,3781,1,0,1,Pedestrian
43,1914.0,621.0,1969.0,708.0,3782,1,0,1,Pedestrian
43,1914.0,621.0,1969.0,708.0,3783,1,0,1,Pedestrian
43,1914.0,621.0,1969.0,708.0,3784,1,0,1,Pedestrian
43,1914.0,621.0,1969.0,708.0,3785,1,0,1,Pedestrian
43,1914.0,621.0,1969.0,708.0,3786,1,0,1,Pedestrian
43,1916.0,621.0,1969.0,708.0,3787,1,0,1,Pedestrian
43,1916.0,621.0,1969.0,708.0,3788,1,0,1,Pedestrian
43,1916.0,621.0,1969.0,708.0,3789,1,0,1,Pedestrian
43,1916.0,621.0,1969.0,708.0,3790,1,0,1,Pedestrian
43,1916.0,621.0,1969.0,708.0,3791,1,0,1,Pedestrian
43,1916.0,621.0,1969.0,708.0,3792,1,0,1,Pedestrian
43,1916.0,621.0,1969.0,708.0,3793,1,0,1,Pedestrian
43,1916.0,621.0,1969.0,708.0,3794,1,0,1,Pedestrian
43,1916.0,621.0,1969.0,708.0,3795,1,0,1,Pedestrian
43,1916.0,621.0,1971.0,708.0,3796,1,0,1,Pedestrian
43,1916.0,621.0,1971.0,708.0,3797,1,0,1,Pedestrian
43,1916.0,621.0,1971.0,708.0,3798,1,0,1,Pedestrian
43,1916.0,621.0,1971.0,708.0,3799,1,0,1,Pedestrian
43,1916.0,621.0,1971.0,708.0,3800,1,0,1,Pedestrian
43,1919.0,621.0,1971.0,708.0,3801,1,0,1,Pedestrian
43,1919.0,621.0,1971.0,708.0,3802,1,0,1,Pedestrian
43,1919.0,621.0,1971.0,708.0,3803,1,0,1,Pedestrian
43,1919.0,621.0,1971.0,708.0,3804,1,0,1,Pedestrian
43,1919.0,619.0,1971.0,705.0,3805,1,0,1,Pedestrian
43,1919.0,619.0,1971.0,705.0,3806,1,0,1,Pedestrian
43,1919.0,619.0,1971.0,705.0,3807,1,0,1,Pedestrian
43,1919.0,619.0,1971.0,705.0,3808,1,0,1,Pedestrian
43,1919.0,619.0,1971.0,705.0,3809,1,0,1,Pedestrian
43,1919.0,619.0,1971.0,705.0,3810,1,0,1,Pedestrian
43,1919.0,619.0,1971.0,705.0,3811,1,0,1,Pedestrian
43,1919.0,619.0,1974.0,705.0,3812,1,0,1,Pedestrian
43,1919.0,619.0,1974.0,705.0,3813,1,0,1,Pedestrian
43,1919.0,619.0,1974.0,705.0,3814,1,0,1,Pedestrian
43,1922.0,619.0,1974.0,705.0,3815,1,0,1,Pedestrian
43,1922.0,619.0,1974.0,705.0,3816,1,0,1,Pedestrian
43,1922.0,619.0,1974.0,705.0,3817,1,0,1,Pedestrian
43,1922.0,619.0,1974.0,705.0,3818,1,0,1,Pedestrian
43,1922.0,619.0,1974.0,705.0,3819,1,0,1,Pedestrian
43,1922.0,619.0,1974.0,705.0,3820,1,0,1,Pedestrian
43,1922.0,619.0,1974.0,705.0,3821,1,0,1,Pedestrian
43,1922.0,619.0,1974.0,705.0,3822,1,0,1,Pedestrian
43,1922.0,619.0,1974.0,705.0,3823,1,0,1,Pedestrian
43,1922.0,619.0,1974.0,705.0,3824,1,0,1,Pedestrian
43,1922.0,619.0,1974.0,705.0,3825,1,0,1,Pedestrian
43,1922.0,619.0,1974.0,705.0,3826,1,0,1,Pedestrian
43,1922.0,619.0,1974.0,705.0,3827,1,0,1,Pedestrian
43,1925.0,619.0,1977.0,705.0,3828,0,0,0,Pedestrian
43,1922.0,619.0,1974.0,705.0,3829,0,0,1,Pedestrian
43,1922.0,619.0,1974.0,705.0,3830,0,0,1,Pedestrian
43,1919.0,619.0,1971.0,705.0,3831,0,0,1,Pedestrian
43,1919.0,621.0,1971.0,708.0,3832,0,0,1,Pedestrian
43,1916.0,621.0,1971.0,708.0,3833,0,0,1,Pedestrian
43,1916.0,621.0,1969.0,708.0,3834,0,0,1,Pedestrian
43,1914.0,621.0,1969.0,708.0,3835,0,0,1,Pedestrian
43,1914.0,623.0,1966.0,710.0,3836,0,0,1,Pedestrian
43,1911.0,623.0,1966.0,710.0,3837,0,0,1,Pedestrian
43,1911.0,623.0,1966.0,710.0,3838,0,0,1,Pedestrian
43,1908.0,623.0,1963.0,710.0,3839,0,0,1,Pedestrian
43,1908.0,626.0,1963.0,712.0,3840,0,0,1,Pedestrian
43,1908.0,626.0,1963.0,712.0,3841,0,0,1,Pedestrian
43,1905.0,626.0,1960.0,712.0,3842,0,0,1,Pedestrian
43,1905.0,628.0,1960.0,715.0,3843,0,0,1,Pedestrian
43,1903.0,628.0,1958.0,715.0,3844,0,0,1,Pedestrian
43,1903.0,628.0,1958.0,715.0,3845,0,0,1,Pedestrian
43,1900.0,628.0,1958.0,715.0,3846,0,0,1,Pedestrian
43,1900.0,630.0,1955.0,717.0,3847,0,0,1,Pedestrian
43,1897.0,630.0,1955.0,717.0,3848,0,0,1,Pedestrian
43,1897.0,630.0,1952.0,717.0,3849,0,0,1,Pedestrian
43,1894.0,630.0,1952.0,717.0,3850,0,0,1,Pedestrian
43,1894.0,633.0,1952.0,719.0,3851,0,0,1,Pedestrian
43,1892.0,633.0,1949.0,719.0,3852,0,0,1,Pedestrian
43,1892.0,633.0,1949.0,719.0,3853,0,0,1,Pedestrian
43,1892.0,635.0,1949.0,721.0,3854,0,0,1,Pedestrian
43,1889.0,635.0,1947.0,721.0,3855,0,0,1,Pedestrian
43,1889.0,635.0,1947.0,721.0,3856,0,0,1,Pedestrian
43,1886.0,635.0,1944.0,721.0,3857,0,0,1,Pedestrian
43,1886.0,637.0,1944.0,724.0,3858,0,0,1,Pedestrian
43,1883.0,637.0,1944.0,724.0,3859,0,0,1,Pedestrian
43,1883.0,637.0,1941.0,724.0,3860,0,0,1,Pedestrian
43,1881.0,637.0,1941.0,724.0,3861,0,0,1,Pedestrian
43,1881.0,639.0,1938.0,726.0,3862,0,0,1,Pedestrian
43,1878.0,639.0,1938.0,726.0,3863,0,0,1,Pedestrian
43,1878.0,639.0,1938.0,726.0,3864,0,0,1,Pedestrian
43,1875.0,639.0,1936.0,726.0,3865,0,0,1,Pedestrian
43,1875.0,642.0,1936.0,728.0,3866,0,0,1,Pedestrian
43,1875.0,642.0,1936.0,728.0,3867,0,0,1,Pedestrian
43,1872.0,642.0,1933.0,728.0,3868,0,0,1,Pedestrian
43,1872.0,644.0,1933.0,730.0,3869,0,0,1,Pedestrian
43,1870.0,644.0,1930.0,730.0,3870,0,0,1,Pedestrian
43,1870.0,644.0,1930.0,730.0,3871,0,0,1,Pedestrian
43,1867.0,644.0,1930.0,730.0,3872,0,0,1,Pedestrian
43,1867.0,646.0,1927.0,733.0,3873,0,0,1,Pedestrian
43,1864.0,646.0,1927.0,733.0,3874,0,0,1,Pedestrian
43,1864.0,646.0,1925.0,733.0,3875,0,0,1,Pedestrian
43,1861.0,646.0,1925.0,733.0,3876,0,0,1,Pedestrian
43,1861.0,648.0,1925.0,735.0,3877,0,0,1,Pedestrian
43,1859.0,648.0,1922.0,735.0,3878,0,0,1,Pedestrian
43,1859.0,648.0,1922.0,735.0,3879,0,0,1,Pedestrian
43,1859.0,651.0,1922.0,737.0,3880,0,0,0,Pedestrian
43,1856.0,651.0,1919.0,737.0,3881,0,0,1,Pedestrian
43,1853.0,651.0,1916.0,737.0,3882,0,0,1,Pedestrian
43,1853.0,651.0,1916.0,737.0,3883,0,0,1,Pedestrian
43,1850.0,651.0,1914.0,737.0,3884,0,0,1,Pedestrian
43,1850.0,651.0,1914.0,737.0,3885,0,0,1,Pedestrian
43,1848.0,651.0,1911.0,737.0,3886,0,0,1,Pedestrian
43,1845.0,651.0,1908.0,737.0,3887,0,0,1,Pedestrian
43,1845.0,651.0,1908.0,737.0,3888,0,0,1,Pedestrian
43,1842.0,651.0,1905.0,737.0,3889,0,0,1,Pedestrian
43,1842.0,651.0,1905.0,737.0,3890,0,0,1,Pedestrian
43,1839.0,651.0,1903.0,737.0,3891,0,0,1,Pedestrian
43,1837.0,651.0,1900.0,737.0,3892,0,0,1,Pedestrian
43,1837.0,651.0,1900.0,737.0,3893,0,0,1,Pedestrian
43,1834.0,651.0,1897.0,737.0,3894,0,0,1,Pedestrian
43,1834.0,651.0,1897.0,737.0,3895,0,0,1,Pedestrian
43,1831.0,651.0,1894.0,737.0,3896,0,0,1,Pedestrian
43,1828.0,651.0,1892.0,737.0,3897,0,0,1,Pedestrian
43,1828.0,651.0,1892.0,737.0,3898,0,0,1,Pedestrian
43,1826.0,651.0,1889.0,737.0,3899,0,0,1,Pedestrian
43,1826.0,651.0,1889.0,737.0,3900,0,0,1,Pedestrian
43,1823.0,651.0,1886.0,737.0,3901,0,0,1,Pedestrian
43,1820.0,651.0,1883.0,737.0,3902,0,0,1,Pedestrian
43,1820.0,651.0,1883.0,737.0,3903,0,0,1,Pedestrian
43,1817.0,651.0,1881.0,737.0,3904,0,0,1,Pedestrian
43,1817.0,651.0,1881.0,737.0,3905,0,0,1,Pedestrian
43,1815.0,651.0,1878.0,737.0,3906,0,0,1,Pedestrian
43,1812.0,651.0,1875.0,737.0,3907,0,0,1,Pedestrian
43,1812.0,651.0,1875.0,737.0,3908,0,0,1,Pedestrian
43,1809.0,651.0,1872.0,737.0,3909,0,0,1,Pedestrian
43,1809.0,651.0,1872.0,737.0,3910,0,0,1,Pedestrian
43,1806.0,651.0,1870.0,737.0,3911,0,0,1,Pedestrian
43,1804.0,651.0,1867.0,737.0,3912,0,0,1,Pedestrian
43,1804.0,651.0,1867.0,737.0,3913,0,0,1,Pedestrian
43,1801.0,651.0,1864.0,737.0,3914,0,0,1,Pedestrian
43,1801.0,651.0,1864.0,737.0,3915,0,0,1,Pedestrian
43,1798.0,651.0,1861.0,737.0,3916,0,0,1,Pedestrian
43,1795.0,651.0,1859.0,737.0,3917,0,0,1,Pedestrian
43,1795.0,651.0,1859.0,737.0,3918,0,0,1,Pedestrian
43,1793.0,651.0,1856.0,737.0,3919,0,0,1,Pedestrian
43,1793.0,651.0,1856.0,737.0,3920,0,0,1,Pedestrian
43,1790.0,651.0,1853.0,737.0,3921,0,0,1,Pedestrian
43,1787.0,651.0,1850.0,737.0,3922,0,0,1,Pedestrian
43,1787.0,653.0,1850.0,740.0,3923,0,0,1,Pedestrian
43,1784.0,653.0,1848.0,740.0,3924,0,0,1,Pedestrian
43,1784.0,653.0,1848.0,740.0,3925,0,0,1,Pedestrian
43,1782.0,653.0,1845.0,740.0,3926,0,0,1,Pedestrian
43,1779.0,653.0,1842.0,740.0,3927,0,0,1,Pedestrian
43,1779.0,653.0,1842.0,740.0,3928,0,0,1,Pedestrian
43,1776.0,653.0,1839.0,740.0,3929,0,0,1,Pedestrian
43,1776.0,653.0,1839.0,740.0,3930,0,0,1,Pedestrian
43,1773.0,653.0,1837.0,740.0,3931,0,0,1,Pedestrian
43,1771.0,653.0,1834.0,740.0,3932,0,0,1,Pedestrian
43,1771.0,653.0,1834.0,740.0,3933,0,0,1,Pedestrian
43,1768.0,653.0,1831.0,740.0,3934,0,0,1,Pedestrian
43,1768.0,653.0,1831.0,740.0,3935,0,0,1,Pedestrian
43,1765.0,653.0,1828.0,740.0,3936,0,0,1,Pedestrian
43,1762.0,653.0,1826.0,740.0,3937,0,0,1,Pedestrian
43,1762.0,653.0,1826.0,740.0,3938,0,0,1,Pedestrian
43,1760.0,653.0,1823.0,740.0,3939,0,0,1,Pedestrian
43,1760.0,653.0,1823.0,740.0,3940,0,0,1,Pedestrian
43,1757.0,653.0,1820.0,740.0,3941,0,0,1,Pedestrian
43,1754.0,653.0,1817.0,740.0,3942,0,0,1,Pedestrian
43,1754.0,653.0,1817.0,740.0,3943,0,0,1,Pedestrian
43,1751.0,653.0,1815.0,740.0,3944,0,0,1,Pedestrian
43,1751.0,653.0,1815.0,740.0,3945,0,0,1,Pedestrian
43,1749.0,653.0,1812.0,740.0,3946,0,0,1,Pedestrian
43,1746.0,653.0,1809.0,740.0,3947,0,0,1,Pedestrian
43,1746.0,653.0,1809.0,740.0,3948,0,0,1,Pedestrian
43,1743.0,653.0,1806.0,740.0,3949,0,0,1,Pedestrian
43,1743.0,653.0,1806.0,740.0,3950,0,0,1,Pedestrian
43,1740.0,653.0,1804.0,740.0,3951,0,0,1,Pedestrian
43,1738.0,653.0,1801.0,740.0,3952,0,0,1,Pedestrian
43,1738.0,653.0,1801.0,740.0,3953,0,0,1,Pedestrian
43,1735.0,653.0,1798.0,740.0,3954,0,0,1,Pedestrian
43,1735.0,653.0,1798.0,740.0,3955,0,0,1,Pedestrian
43,1732.0,653.0,1795.0,740.0,3956,0,0,1,Pedestrian
43,1729.0,653.0,1793.0,740.0,3957,0,0,1,Pedestrian
43,1729.0,653.0,1793.0,740.0,3958,0,0,1,Pedestrian
43,1727.0,653.0,1790.0,740.0,3959,0,0,1,Pedestrian
43,1727.0,653.0,1790.0,740.0,3960,0,0,1,Pedestrian
43,1724.0,653.0,1787.0,740.0,3961,0,0,1,Pedestrian
43,1721.0,653.0,1784.0,740.0,3962,0,0,1,Pedestrian
43,1721.0,653.0,1784.0,740.0,3963,0,0,1,Pedestrian
43,1718.0,653.0,1782.0,740.0,3964,0,0,1,Pedestrian
43,1718.0,655.0,1782.0,742.0,3965,0,0,0,Pedestrian
43,1716.0,655.0,1779.0,742.0,3966,0,0,1,Pedestrian
43,1713.0,655.0,1776.0,742.0,3967,0,0,1,Pedestrian
43,1713.0,655.0,1776.0,742.0,3968,0,0,1,Pedestrian
43,1710.0,655.0,1773.0,742.0,3969,0,0,1,Pedestrian
43,1710.0,655.0,1773.0,742.0,3970,0,0,1,Pedestrian
43,1707.0,655.0,1771.0,742.0,3971,0,0,1,Pedestrian
43,1707.0,655.0,1771.0,742.0,3972,0,0,1,Pedestrian
43,1705.0,655.0,1768.0,742.0,3973,0,0,1,Pedestrian
43,1705.0,655.0,1768.0,742.0,3974,0,0,1,Pedestrian
43,1702.0,655.0,1765.0,742.0,3975,0,0,1,Pedestrian
43,1702.0,655.0,1765.0,742.0,3976,0,0,1,Pedestrian
43,1699.0,655.0,1762.0,742.0,3977,0,0,1,Pedestrian
43,1696.0,655.0,1760.0,742.0,3978,0,0,1,Pedestrian
43,1696.0,655.0,1760.0,742.0,3979,0,0,1,Pedestrian
43,1694.0,655.0,1757.0,742.0,3980,0,0,1,Pedestrian
43,1694.0,655.0,1757.0,742.0,3981,0,0,1,Pedestrian
43,1691.0,655.0,1754.0,742.0,3982,0,0,1,Pedestrian
43,1691.0,658.0,1754.0,744.0,3983,0,0,1,Pedestrian
43,1688.0,658.0,1751.0,744.0,3984,0,0,1,Pedestrian
43,1688.0,658.0,1751.0,744.0,3985,0,0,1,Pedestrian
43,1685.0,658.0,1749.0,744.0,3986,0,0,1,Pedestrian
43,1685.0,658.0,1749.0,744.0,3987,0,0,1,Pedestrian
43,1683.0,658.0,1746.0,744.0,3988,0,0,1,Pedestrian
43,1680.0,658.0,1743.0,744.0,3989,0,0,1,Pedestrian
43,1680.0,658.0,1743.0,744.0,3990,0,0,1,Pedestrian
43,1677.0,658.0,1740.0,744.0,3991,0,0,1,Pedestrian
43,1677.0,658.0,1740.0,744.0,3992,0,0,1,Pedestrian
43,1674.0,658.0,1738.0,744.0,3993,0,0,1,Pedestrian
43,1674.0,658.0,1738.0,744.0,3994,0,0,1,Pedestrian
43,1672.0,658.0,1735.0,744.0,3995,0,0,1,Pedestrian
43,1672.0,658.0,1735.0,744.0,3996,0,0,1,Pedestrian
43,1669.0,658.0,1732.0,744.0,3997,0,0,1,Pedestrian
43,1669.0,658.0,1732.0,744.0,3998,0,0,1,Pedestrian
43,1666.0,658.0,1729.0,744.0,3999,0,0,1,Pedestrian
43,1666.0,660.0,1729.0,746.0,4000,0,0,0,Pedestrian
43,1663.0,660.0,1727.0,746.0,4001,0,0,1,Pedestrian
43,1661.0,660.0,1724.0,746.0,4002,0,0,1,Pedestrian
43,1658.0,660.0,1724.0,746.0,4003,0,0,1,Pedestrian
43,1658.0,660.0,1721.0,746.0,4004,0,0,1,Pedestrian
43,1655.0,660.0,1721.0,746.0,4005,0,0,1,Pedestrian
43,1652.0,662.0,1718.0,746.0,4006,0,0,1,Pedestrian
43,1652.0,662.0,1716.0,746.0,4007,0,0,1,Pedestrian
43,1650.0,662.0,1716.0,746.0,4008,0,0,1,Pedestrian
43,1647.0,662.0,1713.0,746.0,4009,0,0,1,Pedestrian
43,1644.0,662.0,1713.0,746.0,4010,0,0,1,Pedestrian
43,1644.0,664.0,1710.0,746.0,4011,0,0,1,Pedestrian
43,1641.0,664.0,1707.0,746.0,4012,0,0,1,Pedestrian
43,1639.0,664.0,1707.0,746.0,4013,0,0,1,Pedestrian
43,1639.0,664.0,1705.0,746.0,4014,0,0,1,Pedestrian
43,1636.0,664.0,1705.0,746.0,4015,0,0,1,Pedestrian
43,1633.0,667.0,1702.0,746.0,4016,0,0,1,Pedestrian
43,1630.0,667.0,1699.0,746.0,4017,0,0,1,Pedestrian
43,1630.0,667.0,1699.0,746.0,4018,0,0,1,Pedestrian
43,1628.0,667.0,1696.0,746.0,4019,0,0,1,Pedestrian
43,1625.0,667.0,1696.0,746.0,4020,0,0,1,Pedestrian
43,1625.0,667.0,1694.0,746.0,4021,0,0,1,Pedestrian
43,1622.0,669.0,1691.0,746.0,4022,0,0,1,Pedestrian
43,1619.0,669.0,1691.0,746.0,4023,0,0,1,Pedestrian
43,1617.0,669.0,1688.0,746.0,4024,0,0,1,Pedestrian
43,1617.0,669.0,1688.0,746.0,4025,0,0,1,Pedestrian
43,1614.0,669.0,1685.0,746.0,4026,0,0,1,Pedestrian
43,1611.0,671.0,1683.0,749.0,4027,0,0,1,Pedestrian
43,1611.0,671.0,1683.0,749.0,4028,0,0,1,Pedestrian
43,1608.0,671.0,1680.0,749.0,4029,0,0,1,Pedestrian
43,1606.0,671.0,1680.0,749.0,4030,0,0,1,Pedestrian
43,1603.0,671.0,1677.0,749.0,4031,0,0,1,Pedestrian
43,1603.0,674.0,1674.0,749.0,4032,0,0,1,Pedestrian
43,1600.0,674.0,1674.0,749.0,4033,0,0,1,Pedestrian
43,1597.0,674.0,1672.0,749.0,4034,0,0,1,Pedestrian
43,1597.0,674.0,1672.0,749.0,4035,0,0,1,Pedestrian
43,1595.0,674.0,1669.0,749.0,4036,0,0,1,Pedestrian
43,1592.0,674.0,1666.0,749.0,4037,0,0,1,Pedestrian
43,1589.0,676.0,1666.0,749.0,4038,0,0,1,Pedestrian
43,1589.0,676.0,1663.0,749.0,4039,0,0,1,Pedestrian
43,1586.0,676.0,1663.0,749.0,4040,0,0,1,Pedestrian
43,1584.0,676.0,1661.0,749.0,4041,0,0,1,Pedestrian
43,1584.0,676.0,1658.0,749.0,4042,0,0,1,Pedestrian
43,1581.0,678.0,1658.0,749.0,4043,0,0,1,Pedestrian
43,1578.0,678.0,1655.0,749.0,4044,0,0,1,Pedestrian
43,1575.0,678.0,1655.0,749.0,4045,0,0,1,Pedestrian
43,1575.0,678.0,1652.0,749.0,4046,0,0,1,Pedestrian
43,1573.0,678.0,1650.0,749.0,4047,0,0,1,Pedestrian
43,1570.0,680.0,1650.0,749.0,4048,0,0,1,Pedestrian
43,1570.0,680.0,1647.0,749.0,4049,0,0,1,Pedestrian
43,1567.0,680.0,1647.0,749.0,4050,0,0,1,Pedestrian
43,1564.0,680.0,1644.0,749.0,4051,0,0,1,Pedestrian
43,1562.0,680.0,1641.0,749.0,4052,0,0,1,Pedestrian
43,1562.0,680.0,1641.0,749.0,4053,0,0,1,Pedestrian
43,1559.0,683.0,1639.0,751.0,4054,0,0,1,Pedestrian
43,1556.0,683.0,1639.0,751.0,4055,0,0,1,Pedestrian
43,1556.0,683.0,1636.0,751.0,4056,0,0,1,Pedestrian
43,1553.0,683.0,1633.0,751.0,4057,0,0,1,Pedestrian
43,1551.0,683.0,1633.0,751.0,4058,0,0,1,Pedestrian
43,1548.0,685.0,1630.0,751.0,4059,0,0,1,Pedestrian
43,1548.0,685.0,1630.0,751.0,4060,0,0,1,Pedestrian
43,1545.0,685.0,1628.0,751.0,4061,0,0,1,Pedestrian
43,1542.0,685.0,1625.0,751.0,4062,0,0,1,Pedestrian
43,1542.0,685.0,1625.0,751.0,4063,0,0,1,Pedestrian
43,1540.0,687.0,1622.0,751.0,4064,0,0,1,Pedestrian
43,1537.0,687.0,1622.0,751.0,4065,0,0,1,Pedestrian
43,1534.0,687.0,1619.0,751.0,4066,0,0,1,Pedestrian
43,1534.0,687.0,1617.0,751.0,4067,0,0,1,Pedestrian
43,1531.0,687.0,1617.0,751.0,4068,0,0,1,Pedestrian
43,1529.0,687.0,1614.0,751.0,4069,0,0,1,Pedestrian
43,1529.0,689.0,1614.0,751.0,4070,0,0,1,Pedestrian
43,1526.0,689.0,1611.0,751.0,4071,0,0,1,Pedestrian
43,1523.0,689.0,1608.0,751.0,4072,0,0,1,Pedestrian
43,1520.0,689.0,1608.0,751.0,4073,0,0,1,Pedestrian
43,1520.0,689.0,1606.0,751.0,4074,0,0,1,Pedestrian
43,1518.0,692.0,1606.0,751.0,4075,0,0,1,Pedestrian
43,1515.0,692.0,1603.0,751.0,4076,0,0,1,Pedestrian
43,1515.0,692.0,1600.0,751.0,4077,0,0,1,Pedestrian
43,1512.0,692.0,1600.0,751.0,4078,0,0,1,Pedestrian
43,1509.0,692.0,1597.0,751.0,4079,0,0,1,Pedestrian
43,1509.0,694.0,1597.0,753.0,4080,0,0,0,Pedestrian
43,1507.0,694.0,1595.0,753.0,4081,0,0,1,Pedestrian
43,1504.0,694.0,1592.0,753.0,4082,0,0,1,Pedestrian
43,1504.0,694.0,1592.0,753.0,4083,0,0,1,Pedestrian
43,1501.0,694.0,1589.0,753.0,4084,0,0,1,Pedestrian
43,1501.0,694.0,1589.0,753.0,4085,0,0,1,Pedestrian
43,1498.0,694.0,1586.0,753.0,4086,0,0,1,Pedestrian
43,1496.0,694.0,1584.0,753.0,4087,0,0,1,Pedestrian
43,1496.0,694.0,1584.0,753.0,4088,0,0,1,Pedestrian
43,1493.0,694.0,1581.0,753.0,4089,0,0,1,Pedestrian
43,1493.0,694.0,1581.0,753.0,4090,0,0,1,Pedestrian
43,1490.0,694.0,1578.0,753.0,4091,0,0,1,Pedestrian
43,1487.0,696.0,1575.0,755.0,4092,0,0,1,Pedestrian
43,1487.0,696.0,1575.0,755.0,4093,0,0,1,Pedestrian
43,1485.0,696.0,1573.0,755.0,4094,0,0,1,Pedestrian
43,1485.0,696.0,1573.0,755.0,4095,0,0,1,Pedestrian
43,1482.0,696.0,1570.0,755.0,4096,0,0,1,Pedestrian
43,1479.0,696.0,1567.0,755.0,4097,0,0,1,Pedestrian
43,1479.0,696.0,1567.0,755.0,4098,0,0,1,Pedestrian
43,1476.0,696.0,1564.0,755.0,4099,0,0,1,Pedestrian
43,1476.0,696.0,1564.0,755.0,4100,0,0,1,Pedestrian
43,1474.0,696.0,1562.0,755.0,4101,0,0,1,Pedestrian
43,1471.0,696.0,1559.0,755.0,4102,0,0,1,Pedestrian
43,1471.0,696.0,1559.0,755.0,4103,0,0,1,Pedestrian
43,1468.0,699.0,1556.0,758.0,4104,0,0,1,Pedestrian
43,1468.0,699.0,1556.0,758.0,4105,0,0,1,Pedestrian
43,1465.0,699.0,1553.0,758.0,4106,0,0,1,Pedestrian
43,1463.0,699.0,1551.0,758.0,4107,0,0,1,Pedestrian
43,1463.0,699.0,1551.0,758.0,4108,0,0,1,Pedestrian
43,1460.0,699.0,1548.0,758.0,4109,0,0,1,Pedestrian
43,1460.0,699.0,1548.0,758.0,4110,0,0,1,Pedestrian
43,1457.0,699.0,1545.0,758.0,4111,0,0,1,Pedestrian
43,1454.0,699.0,1542.0,758.0,4112,0,0,1,Pedestrian
43,1454.0,699.0,1542.0,758.0,4113,0,0,1,Pedestrian
43,1452.0,699.0,1540.0,758.0,4114,0,0,1,Pedestrian
43,1452.0,701.0,1540.0,760.0,4115,0,0,1,Pedestrian
43,1449.0,701.0,1537.0,760.0,4116,0,0,1,Pedestrian
43,1446.0,701.0,1534.0,760.0,4117,0,0,1,Pedestrian
43,1446.0,701.0,1534.0,760.0,4118,0,0,1,Pedestrian
43,1443.0,701.0,1531.0,760.0,4119,0,0,1,Pedestrian
43,1443.0,701.0,1531.0,760.0,4120,0,0,1,Pedestrian
43,1441.0,701.0,1529.0,760.0,4121,0,0,1,Pedestrian
43,1438.0,701.0,1526.0,760.0,4122,0,0,1,Pedestrian
43,1438.0,701.0,1526.0,760.0,4123,0,0,1,Pedestrian
43,1435.0,701.0,1523.0,760.0,4124,0,0,1,Pedestrian
43,1435.0,701.0,1523.0,760.0,4125,0,0,1,Pedestrian
43,1432.0,701.0,1520.0,760.0,4126,0,0,1,Pedestrian
43,1430.0,703.0,1518.0,762.0,4127,0,0,1,Pedestrian
43,1430.0,703.0,1518.0,762.0,4128,0,0,1,Pedestrian
43,1427.0,703.0,1515.0,762.0,4129,0,0,1,Pedestrian
43,1427.0,703.0,1515.0,762.0,4130,0,0,1,Pedestrian
43,1424.0,703.0,1512.0,762.0,4131,0,0,1,Pedestrian
43,1421.0,703.0,1509.0,762.0,4132,0,0,1,Pedestrian
43,1421.0,703.0,1509.0,762.0,4133,0,0,1,Pedestrian
43,1419.0,703.0,1507.0,762.0,4134,0,0,1,Pedestrian
43,1419.0,703.0,1507.0,762.0,4135,0,0,1,Pedestrian
43,1416.0,703.0,1504.0,762.0,4136,0,0,1,Pedestrian
43,1413.0,703.0,1501.0,762.0,4137,0,0,1,Pedestrian
43,1413.0,703.0,1501.0,762.0,4138,0,0,1,Pedestrian
43,1410.0,705.0,1498.0,765.0,4139,0,0,1,Pedestrian
43,1410.0,705.0,1498.0,765.0,4140,0,0,1,Pedestrian
43,1408.0,705.0,1496.0,765.0,4141,0,0,1,Pedestrian
43,1405.0,705.0,1493.0,765.0,4142,0,0,1,Pedestrian
43,1405.0,705.0,1493.0,765.0,4143,0,0,1,Pedestrian
43,1402.0,705.0,1490.0,765.0,4144,0,0,1,Pedestrian
43,1402.0,705.0,1490.0,765.0,4145,0,0,1,Pedestrian
43,1399.0,705.0,1487.0,765.0,4146,0,0,1,Pedestrian
43,1397.0,705.0,1485.0,765.0,4147,0,0,1,Pedestrian
43,1397.0,705.0,1485.0,765.0,4148,0,0,1,Pedestrian
43,1394.0,705.0,1482.0,765.0,4149,0,0,1,Pedestrian
43,1394.0,708.0,1482.0,767.0,4150,0,0,0,Pedestrian
43,1391.0,708.0,1479.0,767.0,4151,0,0,1,Pedestrian
43,1388.0,708.0,1476.0,767.0,4152,0,0,1,Pedestrian
43,1388.0,708.0,1476.0,767.0,4153,0,0,1,Pedestrian
43,1386.0,708.0,1474.0,767.0,4154,0,0,1,Pedestrian
43,1386.0,708.0,1474.0,767.0,4155,0,0,1,Pedestrian
43,1383.0,708.0,1471.0,767.0,4156,0,0,1,Pedestrian
43,1380.0,708.0,1468.0,767.0,4157,0,0,1,Pedestrian
43,1380.0,708.0,1468.0,767.0,4158,0,0,1,Pedestrian
43,1377.0,708.0,1465.0,767.0,4159,0,0,1,Pedestrian
43,1377.0,708.0,1465.0,767.0,4160,0,0,1,Pedestrian
43,1375.0,708.0,1463.0,767.0,4161,0,0,1,Pedestrian
43,1372.0,708.0,1460.0,767.0,4162,0,0,1,Pedestrian
43,1372.0,708.0,1460.0,767.0,4163,0,0,1,Pedestrian
43,1369.0,708.0,1457.0,767.0,4164,0,0,1,Pedestrian
43,1369.0,708.0,1457.0,767.0,4165,0,0,1,Pedestrian
43,1366.0,708.0,1454.0,767.0,4166,0,0,1,Pedestrian
43,1364.0,708.0,1452.0,767.0,4167,0,0,1,Pedestrian
43,1364.0,708.0,1452.0,767.0,4168,0,0,1,Pedestrian
43,1361.0,708.0,1449.0,767.0,4169,0,0,1,Pedestrian
43,1361.0,708.0,1449.0,767.0,4170,0,0,1,Pedestrian
43,1358.0,708.0,1446.0,767.0,4171,0,0,1,Pedestrian
43,1355.0,708.0,1443.0,767.0,4172,0,0,1,Pedestrian
43,1355.0,708.0,1443.0,767.0,4173,0,0,1,Pedestrian
43,1353.0,708.0,1441.0,767.0,4174,0,0,1,Pedestrian
43,1353.0,708.0,1441.0,767.0,4175,0,0,1,Pedestrian
43,1350.0,708.0,1438.0,767.0,4176,0,0,1,Pedestrian
43,1347.0,708.0,1435.0,767.0,4177,0,0,1,Pedestrian
43,1347.0,708.0,1435.0,767.0,4178,0,0,1,Pedestrian
43,1344.0,708.0,1432.0,767.0,4179,0,0,1,Pedestrian
43,1344.0,708.0,1432.0,767.0,4180,0,0,1,Pedestrian
43,1342.0,708.0,1430.0,767.0,4181,0,0,1,Pedestrian
43,1339.0,708.0,1427.0,767.0,4182,0,0,1,Pedestrian
43,1339.0,708.0,1427.0,767.0,4183,0,0,1,Pedestrian
43,1336.0,708.0,1424.0,767.0,4184,0,0,1,Pedestrian
43,1336.0,708.0,1424.0,767.0,4185,0,0,1,Pedestrian
43,1333.0,708.0,1421.0,767.0,4186,0,0,1,Pedestrian
43,1331.0,708.0,1419.0,767.0,4187,0,0,1,Pedestrian
43,1331.0,708.0,1419.0,767.0,4188,0,0,1,Pedestrian
43,1328.0,708.0,1416.0,767.0,4189,0,0,1,Pedestrian
43,1328.0,708.0,1416.0,767.0,4190,0,0,1,Pedestrian
43,1325.0,708.0,1413.0,767.0,4191,0,0,1,Pedestrian
43,1322.0,708.0,1410.0,767.0,4192,0,0,1,Pedestrian
43,1322.0,708.0,1410.0,767.0,4193,0,0,1,Pedestrian
43,1320.0,708.0,1408.0,767.0,4194,0,0,1,Pedestrian
43,1320.0,708.0,1408.0,767.0,4195,0,0,1,Pedestrian
43,1317.0,708.0,1405.0,767.0,4196,0,0,1,Pedestrian
43,1314.0,708.0,1402.0,767.0,4197,0,0,1,Pedestrian
43,1314.0,708.0,1402.0,767.0,4198,0,0,1,Pedestrian
43,1311.0,708.0,1399.0,767.0,4199,0,0,1,Pedestrian
43,1311.0,708.0,1399.0,767.0,4200,0,0,1,Pedestrian
43,1309.0,708.0,1397.0,767.0,4201,0,0,1,Pedestrian
43,1306.0,708.0,1394.0,767.0,4202,0,0,1,Pedestrian
43,1306.0,708.0,1394.0,767.0,4203,0,0,1,Pedestrian
43,1303.0,708.0,1391.0,767.0,4204,0,0,1,Pedestrian
43,1303.0,708.0,1391.0,767.0,4205,0,0,1,Pedestrian
43,1300.0,708.0,1388.0,767.0,4206,0,0,1,Pedestrian
43,1298.0,708.0,1386.0,767.0,4207,0,0,1,Pedestrian
43,1298.0,708.0,1386.0,767.0,4208,0,0,1,Pedestrian
43,1295.0,708.0,1383.0,767.0,4209,0,0,1,Pedestrian
43,1295.0,708.0,1383.0,767.0,4210,0,0,1,Pedestrian
43,1292.0,708.0,1380.0,767.0,4211,0,0,1,Pedestrian
43,1289.0,708.0,1377.0,767.0,4212,0,0,1,Pedestrian
43,1289.0,708.0,1377.0,767.0,4213,0,0,1,Pedestrian
43,1287.0,708.0,1375.0,767.0,4214,0,0,1,Pedestrian
43,1287.0,708.0,1375.0,767.0,4215,0,0,1,Pedestrian
43,1284.0,708.0,1372.0,767.0,4216,0,0,1,Pedestrian
43,1281.0,708.0,1369.0,767.0,4217,0,0,1,Pedestrian
43,1281.0,708.0,1369.0,767.0,4218,0,0,1,Pedestrian
43,1278.0,708.0,1366.0,767.0,4219,0,0,1,Pedestrian
43,1278.0,708.0,1366.0,767.0,4220,0,0,1,Pedestrian
43,1276.0,708.0,1364.0,767.0,4221,0,0,1,Pedestrian
43,1273.0,708.0,1361.0,767.0,4222,0,0,1,Pedestrian
43,1273.0,708.0,1361.0,767.0,4223,0,0,1,Pedestrian
43,1270.0,708.0,1358.0,767.0,4224,0,0,1,Pedestrian
43,1270.0,708.0,1358.0,767.0,4225,0,0,1,Pedestrian
43,1267.0,708.0,1355.0,767.0,4226,0,0,1,Pedestrian
43,1265.0,708.0,1353.0,767.0,4227,0,0,1,Pedestrian
43,1265.0,708.0,1353.0,767.0,4228,0,0,1,Pedestrian
43,1262.0,708.0,1350.0,767.0,4229,0,0,1,Pedestrian
43,1262.0,708.0,1350.0,767.0,4230,0,0,1,Pedestrian
43,1259.0,708.0,1347.0,767.0,4231,0,0,1,Pedestrian
43,1256.0,708.0,1344.0,767.0,4232,0,0,1,Pedestrian
43,1256.0,708.0,1344.0,767.0,4233,0,0,1,Pedestrian
43,1254.0,708.0,1342.0,767.0,4234,0,0,1,Pedestrian
43,1254.0,708.0,1342.0,767.0,4235,0,0,1,Pedestrian
43,1251.0,708.0,1339.0,767.0,4236,0,0,1,Pedestrian
43,1248.0,708.0,1336.0,767.0,4237,0,0,1,Pedestrian
43,1248.0,708.0,1336.0,767.0,4238,0,0,1,Pedestrian
43,1245.0,708.0,1333.0,767.0,4239,0,0,1,Pedestrian
43,1245.0,708.0,1333.0,767.0,4240,0,0,1,Pedestrian
43,1243.0,708.0,1331.0,767.0,4241,0,0,1,Pedestrian
43,1240.0,708.0,1328.0,767.0,4242,0,0,1,Pedestrian
43,1240.0,708.0,1328.0,767.0,4243,0,0,1,Pedestrian
43,1237.0,708.0,1325.0,767.0,4244,0,0,1,Pedestrian
43,1237.0,708.0,1325.0,767.0,4245,0,0,1,Pedestrian
43,1234.0,708.0,1322.0,767.0,4246,0,0,1,Pedestrian
43,1232.0,708.0,1320.0,767.0,4247,0,0,1,Pedestrian
43,1232.0,708.0,1320.0,767.0,4248,0,0,1,Pedestrian
43,1229.0,708.0,1317.0,767.0,4249,0,0,1,Pedestrian
43,1229.0,710.0,1317.0,767.0,4250,0,0,0,Pedestrian
43,1226.0,710.0,1314.0,767.0,4251,0,0,1,Pedestrian
43,1223.0,710.0,1311.0,767.0,4252,0,0,1,Pedestrian
43,1223.0,710.0,1311.0,767.0,4253,0,0,1,Pedestrian
43,1221.0,710.0,1309.0,767.0,4254,0,0,1,Pedestrian
43,1218.0,710.0,1306.0,767.0,4255,0,0,1,Pedestrian
43,1218.0,710.0,1306.0,767.0,4256,0,0,1,Pedestrian
43,1215.0,710.0,1303.0,767.0,4257,0,0,1,Pedestrian
43,1215.0,710.0,1303.0,767.0,4258,0,0,1,Pedestrian
43,1212.0,710.0,1300.0,767.0,4259,0,0,1,Pedestrian
43,1210.0,710.0,1298.0,767.0,4260,0,0,1,Pedestrian
43,1210.0,710.0,1298.0,767.0,4261,0,0,1,Pedestrian
43,1207.0,710.0,1295.0,767.0,4262,0,0,1,Pedestrian
43,1207.0,710.0,1295.0,767.0,4263,0,0,1,Pedestrian
43,1204.0,710.0,1292.0,767.0,4264,0,0,1,Pedestrian
43,1201.0,710.0,1289.0,767.0,4265,0,0,1,Pedestrian
43,1201.0,710.0,1289.0,767.0,4266,0,0,1,Pedestrian
43,1199.0,710.0,1287.0,767.0,4267,0,0,1,Pedestrian
43,1196.0,710.0,1284.0,767.0,4268,0,0,1,Pedestrian
43,1196.0,710.0,1284.0,767.0,4269,0,0,1,Pedestrian
43,1193.0,710.0,1281.0,767.0,4270,0,0,1,Pedestrian
43,1193.0,710.0,1281.0,767.0,4271,0,0,1,Pedestrian
43,1190.0,710.0,1278.0,767.0,4272,0,0,1,Pedestrian
43,1188.0,710.0,1276.0,767.0,4273,0,0,1,Pedestrian
43,1188.0,710.0,1276.0,767.0,4274,0,0,1,Pedestrian
43,1185.0,710.0,1273.0,767.0,4275,0,0,1,Pedestrian
43,1185.0,710.0,1273.0,767.0,4276,0,0,1,Pedestrian
43,1182.0,710.0,1270.0,767.0,4277,0,0,1,Pedestrian
43,1179.0,710.0,1267.0,767.0,4278,0,0,1,Pedestrian
43,1179.0,710.0,1267.0,767.0,4279,0,0,1,Pedestrian
43,1177.0,710.0,1265.0,767.0,4280,0,0,1,Pedestrian
43,1177.0,710.0,1265.0,767.0,4281,0,0,1,Pedestrian
43,1174.0,710.0,1262.0,767.0,4282,0,0,1,Pedestrian
43,1171.0,710.0,1259.0,767.0,4283,0,0,1,Pedestrian
43,1171.0,710.0,1259.0,767.0,4284,0,0,1,Pedestrian
43,1168.0,710.0,1256.0,767.0,4285,0,0,1,Pedestrian
43,1166.0,710.0,1254.0,767.0,4286,0,0,1,Pedestrian
43,1166.0,710.0,1254.0,767.0,4287,0,0,1,Pedestrian
43,1163.0,710.0,1251.0,767.0,4288,0,0,1,Pedestrian
43,1163.0,710.0,1251.0,767.0,4289,0,0,1,Pedestrian
43,1160.0,712.0,1248.0,769.0,4290,0,0,1,Pedestrian
43,1157.0,712.0,1245.0,769.0,4291,0,0,1,Pedestrian
43,1157.0,712.0,1245.0,769.0,4292,0,0,1,Pedestrian
43,1155.0,712.0,1243.0,769.0,4293,0,0,1,Pedestrian
43,1155.0,712.0,1243.0,769.0,4294,0,0,1,Pedestrian
43,1152.0,712.0,1240.0,769.0,4295,0,0,1,Pedestrian
43,1149.0,712.0,1237.0,769.0,4296,0,0,1,Pedestrian
43,1149.0,712.0,1237.0,769.0,4297,0,0,1,Pedestrian
43,1146.0,712.0,1234.0,769.0,4298,0,0,1,Pedestrian
43,1144.0,712.0,1232.0,769.0,4299,0,0,1,Pedestrian
43,1144.0,712.0,1232.0,769.0,4300,0,0,1,Pedestrian
43,1141.0,712.0,1229.0,769.0,4301,0,0,1,Pedestrian
43,1141.0,712.0,1229.0,769.0,4302,0,0,1,Pedestrian
43,1138.0,712.0,1226.0,769.0,4303,0,0,1,Pedestrian
43,1135.0,712.0,1223.0,769.0,4304,0,0,1,Pedestrian
43,1135.0,712.0,1223.0,769.0,4305,0,0,1,Pedestrian
43,1133.0,712.0,1221.0,769.0,4306,0,0,1,Pedestrian
43,1133.0,712.0,1221.0,769.0,4307,0,0,1,Pedestrian
43,1130.0,712.0,1218.0,769.0,4308,0,0,1,Pedestrian
43,1127.0,712.0,1215.0,769.0,4309,0,0,1,Pedestrian
43,1127.0,712.0,1215.0,769.0,4310,0,0,1,Pedestrian
43,1124.0,712.0,1212.0,769.0,4311,0,0,1,Pedestrian
43,1124.0,712.0,1212.0,769.0,4312,0,0,1,Pedestrian
43,1122.0,712.0,1210.0,769.0,4313,0,0,1,Pedestrian
43,1119.0,712.0,1207.0,769.0,4314,0,0,1,Pedestrian
43,1119.0,712.0,1207.0,769.0,4315,0,0,1,Pedestrian
43,1116.0,712.0,1204.0,769.0,4316,0,0,1,Pedestrian
43,1113.0,712.0,1201.0,769.0,4317,0,0,1,Pedestrian
43,1113.0,712.0,1201.0,769.0,4318,0,0,1,Pedestrian
43,1111.0,712.0,1199.0,769.0,4319,0,0,1,Pedestrian
43,1111.0,712.0,1199.0,769.0,4320,0,0,1,Pedestrian
43,1108.0,712.0,1196.0,769.0,4321,0,0,1,Pedestrian
43,1105.0,712.0,1193.0,769.0,4322,0,0,1,Pedestrian
43,1105.0,712.0,1193.0,769.0,4323,0,0,1,Pedestrian
43,1102.0,712.0,1190.0,769.0,4324,0,0,1,Pedestrian
43,1102.0,712.0,1190.0,769.0,4325,0,0,1,Pedestrian
43,1100.0,712.0,1188.0,769.0,4326,0,0,1,Pedestrian
43,1097.0,712.0,1185.0,769.0,4327,0,0,1,Pedestrian
43,1097.0,712.0,1185.0,769.0,4328,0,0,1,Pedestrian
43,1094.0,712.0,1182.0,769.0,4329,0,0,1,Pedestrian
43,1094.0,715.0,1182.0,771.0,4330,0,0,0,Pedestrian
43,1091.0,715.0,1179.0,771.0,4331,0,0,1,Pedestrian
43,1089.0,715.0,1177.0,771.0,4332,0,0,1,Pedestrian
43,1086.0,715.0,1174.0,771.0,4333,0,0,1,Pedestrian
43,1086.0,715.0,1174.0,771.0,4334,0,0,1,Pedestrian
43,1083.0,715.0,1171.0,771.0,4335,0,0,1,Pedestrian
43,1080.0,715.0,1168.0,771.0,4336,0,0,1,Pedestrian
43,1080.0,715.0,1168.0,771.0,4337,0,0,1,Pedestrian
43,1078.0,715.0,1166.0,771.0,4338,0,0,1,Pedestrian
43,1075.0,715.0,1163.0,771.0,4339,0,0,1,Pedestrian
43,1075.0,715.0,1163.0,771.0,4340,0,0,1,Pedestrian
43,1072.0,715.0,1160.0,771.0,4341,0,0,1,Pedestrian
43,1069.0,715.0,1157.0,771.0,4342,0,0,1,Pedestrian
43,1069.0,715.0,1157.0,771.0,4343,0,0,1,Pedestrian
43,1067.0,715.0,1155.0,771.0,4344,0,0,1,Pedestrian
43,1064.0,715.0,1152.0,771.0,4345,0,0,1,Pedestrian
43,1064.0,715.0,1152.0,771.0,4346,0,0,1,Pedestrian
43,1061.0,715.0,1149.0,771.0,4347,0,0,1,Pedestrian
43,1058.0,715.0,1146.0,771.0,4348,0,0,1,Pedestrian
43,1056.0,715.0,1144.0,771.0,4349,0,0,1,Pedestrian
43,1056.0,715.0,1144.0,771.0,4350,0,0,1,Pedestrian
43,1053.0,715.0,1141.0,771.0,4351,0,0,1,Pedestrian
43,1050.0,715.0,1138.0,771.0,4352,0,0,1,Pedestrian
43,1050.0,715.0,1138.0,771.0,4353,0,0,1,Pedestrian
43,1047.0,715.0,1135.0,771.0,4354,0,0,1,Pedestrian
43,1045.0,715.0,1133.0,771.0,4355,0,0,1,Pedestrian
43,1045.0,715.0,1133.0,771.0,4356,0,0,1,Pedestrian
43,1042.0,715.0,1130.0,771.0,4357,0,0,1,Pedestrian
43,1039.0,715.0,1127.0,771.0,4358,0,0,1,Pedestrian
43,1039.0,715.0,1127.0,771.0,4359,0,0,1,Pedestrian
43,1036.0,715.0,1124.0,771.0,4360,0,0,1,Pedestrian
43,1034.0,715.0,1122.0,771.0,4361,0,0,1,Pedestrian
43,1034.0,715.0,1122.0,771.0,4362,0,0,1,Pedestrian
43,1031.0,715.0,1119.0,771.0,4363,0,0,1,Pedestrian
43,1028.0,715.0,1116.0,771.0,4364,0,0,1,Pedestrian
43,1028.0,717.0,1116.0,774.0,4365,0,0,1,Pedestrian
43,1025.0,717.0,1113.0,774.0,4366,0,0,1,Pedestrian
43,1023.0,717.0,1111.0,774.0,4367,0,0,1,Pedestrian
43,1020.0,717.0,1108.0,774.0,4368,0,0,1,Pedestrian
43,1020.0,717.0,1108.0,774.0,4369,0,0,1,Pedestrian
43,1017.0,717.0,1105.0,774.0,4370,0,0,1,Pedestrian
43,1014.0,717.0,1102.0,774.0,4371,0,0,1,Pedestrian
43,1014.0,717.0,1102.0,774.0,4372,0,0,1,Pedestrian
43,1012.0,717.0,1100.0,774.0,4373,0,0,1,Pedestrian
43,1009.0,717.0,1097.0,774.0,4374,0,0,1,Pedestrian
43,1009.0,717.0,1097.0,774.0,4375,0,0,1,Pedestrian
43,1006.0,717.0,1094.0,774.0,4376,0,0,1,Pedestrian
43,1003.0,717.0,1091.0,774.0,4377,0,0,1,Pedestrian
43,1003.0,717.0,1091.0,774.0,4378,0,0,1,Pedestrian
43,1001.0,717.0,1089.0,774.0,4379,0,0,1,Pedestrian
43,998.0,717.0,1086.0,774.0,4380,0,0,1,Pedestrian
43,998.0,717.0,1086.0,774.0,4381,0,0,1,Pedestrian
43,995.0,717.0,1083.0,774.0,4382,0,0,1,Pedestrian
43,992.0,717.0,1080.0,774.0,4383,0,0,1,Pedestrian
43,990.0,717.0,1078.0,774.0,4384,0,0,1,Pedestrian
43,990.0,717.0,1078.0,774.0,4385,0,0,1,Pedestrian
43,987.0,717.0,1075.0,774.0,4386,0,0,1,Pedestrian
43,984.0,717.0,1072.0,774.0,4387,0,0,1,Pedestrian
43,984.0,717.0,1072.0,774.0,4388,0,0,1,Pedestrian
43,981.0,717.0,1069.0,774.0,4389,0,0,1,Pedestrian
43,979.0,717.0,1067.0,774.0,4390,0,0,1,Pedestrian
43,979.0,717.0,1067.0,774.0,4391,0,0,1,Pedestrian
43,976.0,717.0,1064.0,774.0,4392,0,0,1,Pedestrian
43,973.0,717.0,1061.0,774.0,4393,0,0,1,Pedestrian
43,973.0,717.0,1061.0,774.0,4394,0,0,1,Pedestrian
43,970.0,717.0,1058.0,774.0,4395,0,0,1,Pedestrian
43,968.0,717.0,1056.0,774.0,4396,0,0,1,Pedestrian
43,968.0,717.0,1056.0,774.0,4397,0,0,1,Pedestrian
43,965.0,717.0,1053.0,774.0,4398,0,0,1,Pedestrian
43,962.0,717.0,1050.0,774.0,4399,0,0,1,Pedestrian
43,962.0,719.0,1050.0,776.0,4400,0,0,0,Pedestrian
43,959.0,719.0,1047.0,776.0,4401,0,0,1,Pedestrian
43,957.0,719.0,1045.0,776.0,4402,0,0,1,Pedestrian
43,957.0,719.0,1045.0,776.0,4403,0,0,1,Pedestrian
43,954.0,719.0,1042.0,776.0,4404,0,0,1,Pedestrian
43,951.0,719.0,1039.0,776.0,4405,0,0,1,Pedestrian
43,951.0,719.0,1039.0,776.0,4406,0,0,1,Pedestrian
43,948.0,719.0,1036.0,776.0,4407,0,0,1,Pedestrian
43,946.0,719.0,1034.0,776.0,4408,0,0,1,Pedestrian
43,946.0,719.0,1034.0,776.0,4409,0,0,1,Pedestrian
43,943.0,719.0,1031.0,776.0,4410,0,0,1,Pedestrian
43,940.0,719.0,1028.0,776.0,4411,0,0,1,Pedestrian
43,940.0,719.0,1028.0,776.0,4412,0,0,1,Pedestrian
43,937.0,719.0,1025.0,776.0,4413,0,0,1,Pedestrian
43,935.0,719.0,1023.0,776.0,4414,0,0,1,Pedestrian
43,935.0,719.0,1023.0,776.0,4415,0,0,1,Pedestrian
43,932.0,719.0,1020.0,776.0,4416,0,0,1,Pedestrian
43,929.0,719.0,1017.0,776.0,4417,0,0,1,Pedestrian
43,929.0,719.0,1017.0,776.0,4418,0,0,1,Pedestrian
43,926.0,719.0,1014.0,776.0,4419,0,0,1,Pedestrian
43,926.0,719.0,1014.0,776.0,4420,0,0,1,Pedestrian
43,924.0,719.0,1012.0,776.0,4421,0,0,1,Pedestrian
43,921.0,719.0,1009.0,776.0,4422,0,0,1,Pedestrian
43,921.0,719.0,1009.0,776.0,4423,0,0,1,Pedestrian
43,918.0,719.0,1006.0,776.0,4424,0,0,1,Pedestrian
43,915.0,719.0,1003.0,776.0,4425,0,0,1,Pedestrian
43,915.0,719.0,1003.0,776.0,4426,0,0,1,Pedestrian
43,913.0,719.0,1001.0,776.0,4427,0,0,1,Pedestrian
43,910.0,719.0,998.0,776.0,4428,0,0,1,Pedestrian
43,910.0,719.0,998.0,776.0,4429,0,0,1,Pedestrian
43,907.0,719.0,995.0,776.0,4430,0,0,1,Pedestrian
43,904.0,719.0,992.0,776.0,4431,0,0,1,Pedestrian
43,904.0,719.0,992.0,776.0,4432,0,0,1,Pedestrian
43,902.0,719.0,990.0,776.0,4433,0,0,1,Pedestrian
43,899.0,719.0,987.0,776.0,4434,0,0,1,Pedestrian
43,899.0,719.0,987.0,776.0,4435,0,0,1,Pedestrian
43,896.0,719.0,984.0,776.0,4436,0,0,1,Pedestrian
43,893.0,719.0,981.0,776.0,4437,0,0,1,Pedestrian
43,893.0,719.0,981.0,776.0,4438,0,0,1,Pedestrian
43,891.0,719.0,979.0,776.0,4439,0,0,1,Pedestrian
43,891.0,719.0,979.0,776.0,4440,0,0,1,Pedestrian
43,888.0,719.0,976.0,776.0,4441,0,0,1,Pedestrian
43,885.0,719.0,973.0,776.0,4442,0,0,1,Pedestrian
43,885.0,719.0,973.0,776.0,4443,0,0,1,Pedestrian
43,882.0,719.0,970.0,776.0,4444,0,0,1,Pedestrian
43,880.0,719.0,968.0,776.0,4445,0,0,1,Pedestrian
43,880.0,719.0,968.0,776.0,4446,0,0,1,Pedestrian
43,877.0,719.0,965.0,776.0,4447,0,0,1,Pedestrian
43,874.0,719.0,962.0,776.0,4448,0,0,1,Pedestrian
43,874.0,719.0,962.0,776.0,4449,0,0,1,Pedestrian
43,871.0,719.0,959.0,776.0,4450,0,0,1,Pedestrian
43,869.0,719.0,957.0,776.0,4451,0,0,1,Pedestrian
43,869.0,719.0,957.0,776.0,4452,0,0,1,Pedestrian
43,866.0,719.0,954.0,776.0,4453,0,0,1,Pedestrian
43,863.0,719.0,951.0,776.0,4454,0,0,1,Pedestrian
43,863.0,719.0,951.0,776.0,4455,0,0,1,Pedestrian
43,860.0,719.0,948.0,776.0,4456,0,0,1,Pedestrian
43,858.0,719.0,946.0,776.0,4457,0,0,1,Pedestrian
43,858.0,719.0,946.0,776.0,4458,0,0,1,Pedestrian
43,855.0,719.0,943.0,776.0,4459,0,0,1,Pedestrian
43,855.0,721.0,943.0,778.0,4460,0,0,0,Pedestrian
43,852.0,721.0,940.0,778.0,4461,0,0,1,Pedestrian
43,849.0,721.0,937.0,778.0,4462,0,0,1,Pedestrian
43,849.0,721.0,937.0,778.0,4463,0,0,1,Pedestrian
43,847.0,721.0,935.0,778.0,4464,0,0,1,Pedestrian
43,847.0,721.0,935.0,778.0,4465,0,0,1,Pedestrian
43,844.0,721.0,932.0,778.0,4466,0,0,1,Pedestrian
43,841.0,721.0,929.0,778.0,4467,0,0,1,Pedestrian
43,841.0,721.0,929.0,778.0,4468,0,0,1,Pedestrian
43,838.0,721.0,926.0,778.0,4469,0,0,1,Pedestrian
43,838.0,721.0,926.0,778.0,4470,0,0,1,Pedestrian
43,836.0,721.0,924.0,778.0,4471,0,0,1,Pedestrian
43,833.0,721.0,921.0,778.0,4472,0,0,1,Pedestrian
43,833.0,721.0,921.0,778.0,4473,0,0,1,Pedestrian
43,830.0,721.0,918.0,778.0,4474,0,0,1,Pedestrian
43,830.0,721.0,918.0,778.0,4475,0,0,1,Pedestrian
43,827.0,721.0,915.0,778.0,4476,0,0,1,Pedestrian
43,825.0,721.0,913.0,778.0,4477,0,0,1,Pedestrian
43,825.0,721.0,913.0,778.0,4478,0,0,1,Pedestrian
43,822.0,721.0,910.0,778.0,4479,0,0,1,Pedestrian
43,822.0,721.0,910.0,778.0,4480,0,0,1,Pedestrian
43,819.0,721.0,907.0,778.0,4481,0,0,1,Pedestrian
43,816.0,721.0,904.0,778.0,4482,0,0,1,Pedestrian
43,816.0,721.0,904.0,778.0,4483,0,0,1,Pedestrian
43,814.0,721.0,902.0,778.0,4484,0,0,1,Pedestrian
43,814.0,721.0,902.0,778.0,4485,0,0,1,Pedestrian
43,811.0,721.0,899.0,778.0,4486,0,0,1,Pedestrian
43,808.0,721.0,896.0,778.0,4487,0,0,1,Pedestrian
43,808.0,721.0,896.0,778.0,4488,0,0,1,Pedestrian
43,805.0,721.0,893.0,778.0,4489,0,0,1,Pedestrian
43,805.0,721.0,893.0,778.0,4490,0,0,1,Pedestrian
43,803.0,721.0,891.0,778.0,4491,0,0,1,Pedestrian
43,800.0,721.0,888.0,778.0,4492,0,0,1,Pedestrian
43,800.0,721.0,888.0,778.0,4493,0,0,1,Pedestrian
43,797.0,721.0,885.0,778.0,4494,0,0,1,Pedestrian
43,797.0,721.0,885.0,778.0,4495,0,0,1,Pedestrian
43,794.0,721.0,882.0,778.0,4496,0,0,1,Pedestrian
43,792.0,721.0,880.0,778.0,4497,0,0,1,Pedestrian
43,792.0,721.0,880.0,778.0,4498,0,0,1,Pedestrian
43,789.0,721.0,877.0,778.0,4499,0,0,1,Pedestrian
43,789.0,721.0,877.0,778.0,4500,0,0,0,Pedestrian
43,786.0,721.0,874.0,778.0,4501,0,0,1,Pedestrian
43,783.0,721.0,871.0,778.0,4502,0,0,1,Pedestrian
43,783.0,721.0,871.0,778.0,4503,0,0,1,Pedestrian
43,781.0,721.0,869.0,778.0,4504,0,0,1,Pedestrian
43,781.0,721.0,866.0,778.0,4505,0,0,1,Pedestrian
43,778.0,721.0,866.0,778.0,4506,0,0,1,Pedestrian
43,778.0,721.0,863.0,778.0,4507,0,0,1,Pedestrian
43,775.0,721.0,860.0,778.0,4508,0,0,1,Pedestrian
43,775.0,721.0,860.0,778.0,4509,0,0,1,Pedestrian
43,772.0,721.0,858.0,778.0,4510,0,0,1,Pedestrian
43,772.0,721.0,855.0,778.0,4511,0,0,1,Pedestrian
43,770.0,721.0,855.0,778.0,4512,0,0,1,Pedestrian
43,770.0,721.0,852.0,778.0,4513,0,0,1,Pedestrian
43,767.0,721.0,849.0,778.0,4514,0,0,1,Pedestrian
43,767.0,721.0,849.0,778.0,4515,0,0,1,Pedestrian
43,764.0,721.0,847.0,778.0,4516,0,0,1,Pedestrian
43,761.0,721.0,844.0,778.0,4517,0,0,1,Pedestrian
43,761.0,721.0,844.0,778.0,4518,0,0,1,Pedestrian
43,759.0,721.0,841.0,778.0,4519,0,0,1,Pedestrian
43,759.0,721.0,841.0,781.0,4520,0,0,1,Pedestrian
43,756.0,721.0,838.0,781.0,4521,0,0,1,Pedestrian
43,756.0,721.0,836.0,781.0,4522,0,0,1,Pedestrian
43,753.0,721.0,836.0,781.0,4523,0,0,1,Pedestrian
43,753.0,721.0,833.0,781.0,4524,0,0,1,Pedestrian
43,750.0,721.0,830.0,781.0,4525,0,0,1,Pedestrian
43,750.0,721.0,830.0,781.0,4526,0,0,1,Pedestrian
43,748.0,721.0,827.0,781.0,4527,0,0,1,Pedestrian
43,748.0,721.0,825.0,781.0,4528,0,0,1,Pedestrian
43,745.0,721.0,825.0,781.0,4529,0,0,1,Pedestrian
43,745.0,724.0,822.0,781.0,4530,0,0,1,Pedestrian
43,742.0,724.0,819.0,781.0,4531,0,0,1,Pedestrian
43,739.0,724.0,819.0,781.0,4532,0,0,1,Pedestrian
43,739.0,724.0,816.0,781.0,4533,0,0,1,Pedestrian
43,737.0,724.0,814.0,781.0,4534,0,0,1,Pedestrian
43,737.0,724.0,814.0,781.0,4535,0,0,1,Pedestrian
43,734.0,724.0,811.0,781.0,4536,0,0,1,Pedestrian
43,734.0,724.0,808.0,781.0,4537,0,0,1,Pedestrian
43,731.0,724.0,808.0,781.0,4538,0,0,1,Pedestrian
43,731.0,724.0,805.0,781.0,4539,0,0,1,Pedestrian
43,728.0,724.0,805.0,783.0,4540,0,0,1,Pedestrian
43,728.0,724.0,803.0,783.0,4541,0,0,1,Pedestrian
43,726.0,724.0,800.0,783.0,4542,0,0,1,Pedestrian
43,726.0,724.0,800.0,783.0,4543,0,0,1,Pedestrian
43,723.0,724.0,797.0,783.0,4544,0,0,1,Pedestrian
43,723.0,724.0,794.0,783.0,4545,0,0,1,Pedestrian
43,720.0,724.0,794.0,783.0,4546,0,0,1,Pedestrian
43,717.0,724.0,792.0,783.0,4547,0,0,1,Pedestrian
43,717.0,724.0,789.0,783.0,4548,0,0,1,Pedestrian
43,715.0,724.0,789.0,783.0,4549,0,0,1,Pedestrian
43,715.0,724.0,786.0,783.0,4550,0,0,1,Pedestrian
43,712.0,724.0,783.0,783.0,4551,0,0,1,Pedestrian
43,712.0,724.0,783.0,783.0,4552,0,0,1,Pedestrian
43,709.0,724.0,781.0,783.0,4553,0,0,1,Pedestrian
43,709.0,724.0,778.0,783.0,4554,0,0,1,Pedestrian
43,706.0,724.0,778.0,783.0,4555,0,0,1,Pedestrian
43,706.0,724.0,775.0,783.0,4556,0,0,1,Pedestrian
43,704.0,724.0,772.0,783.0,4557,0,0,1,Pedestrian
43,704.0,724.0,772.0,783.0,4558,0,0,1,Pedestrian
43,701.0,724.0,770.0,783.0,4559,0,0,1,Pedestrian
43,701.0,726.0,770.0,785.0,4560,0,0,0,Pedestrian
43,698.0,726.0,767.0,785.0,4561,0,0,1,Pedestrian
43,695.0,726.0,764.0,785.0,4562,0,0,1,Pedestrian
43,695.0,726.0,764.0,785.0,4563,0,0,1,Pedestrian
43,693.0,726.0,761.0,785.0,4564,0,0,1,Pedestrian
43,693.0,726.0,761.0,785.0,4565,0,0,1,Pedestrian
43,690.0,726.0,759.0,785.0,4566,0,0,1,Pedestrian
43,690.0,726.0,759.0,785.0,4567,0,0,1,Pedestrian
43,687.0,726.0,756.0,785.0,4568,0,0,1,Pedestrian
43,687.0,726.0,756.0,785.0,4569,0,0,1,Pedestrian
43,684.0,726.0,753.0,785.0,4570,0,0,1,Pedestrian
43,682.0,726.0,750.0,785.0,4571,0,0,1,Pedestrian
43,682.0,726.0,750.0,785.0,4572,0,0,1,Pedestrian
43,679.0,726.0,748.0,785.0,4573,0,0,1,Pedestrian
43,679.0,726.0,748.0,785.0,4574,0,0,1,Pedestrian
43,676.0,726.0,745.0,785.0,4575,0,0,1,Pedestrian
43,676.0,726.0,745.0,785.0,4576,0,0,1,Pedestrian
43,673.0,726.0,742.0,785.0,4577,0,0,1,Pedestrian
43,673.0,726.0,742.0,785.0,4578,0,0,1,Pedestrian
43,671.0,726.0,739.0,785.0,4579,0,0,1,Pedestrian
43,671.0,726.0,739.0,785.0,4580,0,0,1,Pedestrian
43,668.0,726.0,737.0,785.0,4581,0,0,1,Pedestrian
43,665.0,726.0,734.0,785.0,4582,0,0,1,Pedestrian
43,665.0,726.0,734.0,785.0,4583,0,0,1,Pedestrian
43,662.0,726.0,731.0,785.0,4584,0,0,1,Pedestrian
43,662.0,726.0,731.0,785.0,4585,0,0,1,Pedestrian
43,660.0,726.0,728.0,785.0,4586,0,0,1,Pedestrian
43,660.0,726.0,728.0,785.0,4587,0,0,1,Pedestrian
43,657.0,726.0,726.0,785.0,4588,0,0,1,Pedestrian
43,657.0,726.0,726.0,785.0,4589,0,0,1,Pedestrian
43,654.0,726.0,723.0,785.0,4590,0,0,1,Pedestrian
43,651.0,726.0,720.0,785.0,4591,0,0,1,Pedestrian
43,651.0,726.0,720.0,785.0,4592,0,0,1,Pedestrian
43,649.0,726.0,717.0,785.0,4593,0,0,1,Pedestrian
43,649.0,726.0,717.0,785.0,4594,0,0,1,Pedestrian
43,646.0,726.0,715.0,785.0,4595,0,0,1,Pedestrian
43,646.0,726.0,715.0,785.0,4596,0,0,1,Pedestrian
43,643.0,726.0,712.0,785.0,4597,0,0,1,Pedestrian
43,643.0,726.0,712.0,785.0,4598,0,0,1,Pedestrian
43,640.0,726.0,709.0,785.0,4599,0,0,1,Pedestrian
43,640.0,726.0,709.0,785.0,4600,0,0,1,Pedestrian
43,638.0,726.0,706.0,785.0,4601,0,0,1,Pedestrian
43,635.0,726.0,704.0,785.0,4602,0,0,1,Pedestrian
43,635.0,726.0,704.0,785.0,4603,0,0,1,Pedestrian
43,632.0,726.0,701.0,785.0,4604,0,0,1,Pedestrian
43,632.0,726.0,701.0,785.0,4605,0,0,1,Pedestrian
43,629.0,726.0,698.0,785.0,4606,0,0,1,Pedestrian
43,629.0,726.0,698.0,785.0,4607,0,0,1,Pedestrian
43,627.0,726.0,695.0,785.0,4608,0,0,1,Pedestrian
43,627.0,726.0,695.0,785.0,4609,0,0,1,Pedestrian
43,624.0,726.0,693.0,785.0,4610,0,0,1,Pedestrian
43,621.0,726.0,690.0,785.0,4611,0,0,1,Pedestrian
43,621.0,726.0,690.0,785.0,4612,0,0,1,Pedestrian
43,618.0,726.0,687.0,785.0,4613,0,0,1,Pedestrian
43,618.0,726.0,687.0,785.0,4614,0,0,1,Pedestrian
43,616.0,726.0,684.0,785.0,4615,0,0,1,Pedestrian
43,616.0,726.0,684.0,785.0,4616,0,0,1,Pedestrian
43,613.0,726.0,682.0,785.0,4617,0,0,1,Pedestrian
43,613.0,726.0,682.0,785.0,4618,0,0,1,Pedestrian
43,610.0,726.0,679.0,785.0,4619,0,0,1,Pedestrian
43,610.0,726.0,679.0,785.0,4620,0,0,1,Pedestrian
43,607.0,726.0,676.0,785.0,4621,0,0,1,Pedestrian
43,605.0,726.0,673.0,785.0,4622,0,0,1,Pedestrian
43,605.0,726.0,673.0,785.0,4623,0,0,1,Pedestrian
43,602.0,726.0,671.0,785.0,4624,0,0,1,Pedestrian
43,602.0,726.0,671.0,785.0,4625,0,0,1,Pedestrian
43,599.0,726.0,668.0,785.0,4626,0,0,1,Pedestrian
43,599.0,726.0,668.0,785.0,4627,0,0,1,Pedestrian
43,596.0,726.0,665.0,785.0,4628,0,0,1,Pedestrian
43,596.0,726.0,665.0,785.0,4629,0,0,1,Pedestrian
43,594.0,726.0,662.0,785.0,4630,0,0,1,Pedestrian
43,591.0,726.0,660.0,785.0,4631,0,0,1,Pedestrian
43,591.0,726.0,660.0,785.0,4632,0,0,1,Pedestrian
43,588.0,726.0,657.0,785.0,4633,0,0,1,Pedestrian
43,588.0,726.0,657.0,785.0,4634,0,0,1,Pedestrian
43,585.0,726.0,654.0,785.0,4635,0,0,1,Pedestrian
43,585.0,726.0,654.0,785.0,4636,0,0,1,Pedestrian
43,583.0,726.0,651.0,785.0,4637,0,0,1,Pedestrian
43,583.0,726.0,651.0,785.0,4638,0,0,1,Pedestrian
43,580.0,726.0,649.0,785.0,4639,0,0,1,Pedestrian
43,580.0,726.0,649.0,785.0,4640,0,0,1,Pedestrian
43,577.0,726.0,646.0,785.0,4641,0,0,1,Pedestrian
43,574.0,726.0,643.0,785.0,4642,0,0,1,Pedestrian
43,574.0,726.0,643.0,785.0,4643,0,0,1,Pedestrian
43,572.0,726.0,640.0,785.0,4644,0,0,1,Pedestrian
43,572.0,726.0,640.0,785.0,4645,0,0,1,Pedestrian
43,569.0,726.0,638.0,785.0,4646,0,0,1,Pedestrian
43,569.0,726.0,638.0,785.0,4647,0,0,1,Pedestrian
43,566.0,726.0,635.0,785.0,4648,0,0,1,Pedestrian
43,566.0,726.0,635.0,785.0,4649,0,0,1,Pedestrian
43,563.0,726.0,632.0,785.0,4650,0,0,1,Pedestrian
43,561.0,726.0,629.0,785.0,4651,0,0,1,Pedestrian
43,561.0,726.0,629.0,785.0,4652,0,0,1,Pedestrian
43,558.0,726.0,627.0,785.0,4653,0,0,1,Pedestrian
43,558.0,726.0,627.0,785.0,4654,0,0,1,Pedestrian
43,555.0,726.0,624.0,785.0,4655,0,0,1,Pedestrian
43,555.0,726.0,624.0,785.0,4656,0,0,1,Pedestrian
43,552.0,726.0,621.0,785.0,4657,0,0,1,Pedestrian
43,552.0,726.0,621.0,785.0,4658,0,0,1,Pedestrian
43,550.0,726.0,618.0,785.0,4659,0,0,1,Pedestrian
43,550.0,728.0,618.0,787.0,4660,0,0,0,Pedestrian
43,547.0,728.0,616.0,787.0,4661,0,0,1,Pedestrian
43,544.0,728.0,613.0,787.0,4662,0,0,1,Pedestrian
43,544.0,728.0,613.0,787.0,4663,0,0,1,Pedestrian
43,541.0,728.0,610.0,787.0,4664,0,0,1,Pedestrian
43,539.0,728.0,607.0,787.0,4665,0,0,1,Pedestrian
43,539.0,728.0,607.0,787.0,4666,0,0,1,Pedestrian
43,536.0,728.0,605.0,787.0,4667,0,0,1,Pedestrian
43,536.0,728.0,605.0,787.0,4668,0,0,1,Pedestrian
43,533.0,728.0,602.0,787.0,4669,0,0,1,Pedestrian
43,530.0,728.0,599.0,787.0,4670,0,0,1,Pedestrian
43,530.0,728.0,599.0,787.0,4671,0,0,1,Pedestrian
43,528.0,728.0,596.0,787.0,4672,0,0,1,Pedestrian
43,528.0,728.0,596.0,787.0,4673,0,0,1,Pedestrian
43,525.0,728.0,594.0,787.0,4674,0,0,1,Pedestrian
43,522.0,728.0,591.0,787.0,4675,0,0,1,Pedestrian
43,522.0,728.0,591.0,787.0,4676,0,0,1,Pedestrian
43,519.0,728.0,588.0,787.0,4677,0,0,1,Pedestrian
43,519.0,728.0,588.0,787.0,4678,0,0,1,Pedestrian
43,517.0,728.0,585.0,787.0,4679,0,0,1,Pedestrian
43,514.0,728.0,583.0,787.0,4680,0,0,1,Pedestrian
43,514.0,728.0,583.0,787.0,4681,0,0,1,Pedestrian
43,511.0,728.0,580.0,787.0,4682,0,0,1,Pedestrian
43,508.0,728.0,577.0,787.0,4683,0,0,1,Pedestrian
43,508.0,728.0,577.0,787.0,4684,0,0,1,Pedestrian
43,506.0,728.0,574.0,787.0,4685,0,0,1,Pedestrian
43,506.0,728.0,574.0,787.0,4686,0,0,1,Pedestrian
43,503.0,728.0,572.0,787.0,4687,0,0,1,Pedestrian
43,500.0,728.0,569.0,787.0,4688,0,0,1,Pedestrian
43,500.0,728.0,569.0,787.0,4689,0,0,1,Pedestrian
43,497.0,728.0,566.0,787.0,4690,0,0,1,Pedestrian
43,497.0,728.0,566.0,787.0,4691,0,0,1,Pedestrian
43,495.0,728.0,563.0,787.0,4692,0,0,1,Pedestrian
43,492.0,728.0,561.0,787.0,4693,0,0,1,Pedestrian
43,492.0,728.0,561.0,787.0,4694,0,0,1,Pedestrian
43,489.0,728.0,558.0,787.0,4695,0,0,1,Pedestrian
43,489.0,728.0,558.0,787.0,4696,0,0,1,Pedestrian
43,486.0,728.0,555.0,787.0,4697,0,0,1,Pedestrian
43,484.0,728.0,552.0,787.0,4698,0,0,1,Pedestrian
43,484.0,728.0,552.0,787.0,4699,0,0,1,Pedestrian
43,481.0,728.0,550.0,787.0,4700,0,0,1,Pedestrian
43,478.0,728.0,547.0,787.0,4701,0,0,1,Pedestrian
43,478.0,728.0,547.0,787.0,4702,0,0,1,Pedestrian
43,475.0,728.0,544.0,787.0,4703,0,0,1,Pedestrian
43,475.0,728.0,544.0,787.0,4704,0,0,1,Pedestrian
43,473.0,728.0,541.0,787.0,4705,0,0,1,Pedestrian
43,470.0,728.0,539.0,787.0,4706,0,0,1,Pedestrian
43,470.0,728.0,539.0,787.0,4707,0,0,1,Pedestrian
43,467.0,728.0,536.0,787.0,4708,0,0,1,Pedestrian
43,467.0,728.0,536.0,787.0,4709,0,0,1,Pedestrian
43,464.0,728.0,533.0,787.0,4710,0,0,1,Pedestrian
43,462.0,728.0,530.0,787.0,4711,0,0,1,Pedestrian
43,462.0,728.0,530.0,787.0,4712,0,0,1,Pedestrian
43,459.0,728.0,528.0,787.0,4713,0,0,1,Pedestrian
43,459.0,728.0,528.0,787.0,4714,0,0,1,Pedestrian
43,456.0,728.0,525.0,787.0,4715,0,0,1,Pedestrian
43,453.0,728.0,522.0,787.0,4716,0,0,1,Pedestrian
43,453.0,728.0,522.0,787.0,4717,0,0,1,Pedestrian
43,451.0,728.0,519.0,787.0,4718,0,0,1,Pedestrian
43,448.0,728.0,517.0,787.0,4719,0,0,1,Pedestrian
43,448.0,728.0,517.0,787.0,4720,0,0,1,Pedestrian
43,445.0,728.0,514.0,787.0,4721,0,0,1,Pedestrian
43,445.0,728.0,514.0,787.0,4722,0,0,1,Pedestrian
43,442.0,728.0,511.0,787.0,4723,0,0,1,Pedestrian
43,440.0,728.0,508.0,787.0,4724,0,0,1,Pedestrian
43,440.0,728.0,508.0,787.0,4725,0,0,1,Pedestrian
43,437.0,728.0,506.0,787.0,4726,0,0,1,Pedestrian
43,437.0,728.0,506.0,787.0,4727,0,0,1,Pedestrian
43,434.0,728.0,503.0,787.0,4728,0,0,1,Pedestrian
43,431.0,728.0,500.0,787.0,4729,0,0,1,Pedestrian
43,431.0,728.0,500.0,787.0,4730,0,0,1,Pedestrian
43,429.0,728.0,497.0,787.0,4731,0,0,1,Pedestrian
43,429.0,728.0,497.0,787.0,4732,0,0,1,Pedestrian
43,426.0,728.0,495.0,787.0,4733,0,0,1,Pedestrian
43,423.0,728.0,492.0,787.0,4734,0,0,1,Pedestrian
43,423.0,728.0,492.0,787.0,4735,0,0,1,Pedestrian
43,420.0,728.0,489.0,787.0,4736,0,0,1,Pedestrian
43,418.0,728.0,486.0,787.0,4737,0,0,1,Pedestrian
43,418.0,728.0,486.0,787.0,4738,0,0,1,Pedestrian
43,415.0,728.0,484.0,787.0,4739,0,0,1,Pedestrian
43,415.0,728.0,484.0,787.0,4740,0,0,1,Pedestrian
43,412.0,728.0,481.0,787.0,4741,0,0,1,Pedestrian
43,409.0,728.0,478.0,787.0,4742,0,0,1,Pedestrian
43,409.0,728.0,478.0,787.0,4743,0,0,1,Pedestrian
43,407.0,728.0,475.0,787.0,4744,0,0,1,Pedestrian
43,407.0,728.0,475.0,787.0,4745,0,0,1,Pedestrian
43,404.0,728.0,473.0,787.0,4746,0,0,1,Pedestrian
43,401.0,728.0,470.0,787.0,4747,0,0,1,Pedestrian
43,401.0,728.0,470.0,787.0,4748,0,0,1,Pedestrian
43,398.0,728.0,467.0,787.0,4749,0,0,1,Pedestrian
43,398.0,728.0,467.0,787.0,4750,0,0,0,Pedestrian
43,396.0,728.0,464.0,787.0,4751,0,0,1,Pedestrian
43,393.0,728.0,462.0,787.0,4752,0,0,1,Pedestrian
43,393.0,728.0,462.0,787.0,4753,0,0,1,Pedestrian
43,390.0,728.0,459.0,787.0,4754,0,0,1,Pedestrian
43,387.0,728.0,459.0,787.0,4755,0,0,1,Pedestrian
43,387.0,728.0,456.0,787.0,4756,0,0,1,Pedestrian
43,385.0,728.0,453.0,787.0,4757,0,0,1,Pedestrian
43,385.0,728.0,453.0,787.0,4758,0,0,1,Pedestrian
43,382.0,728.0,451.0,787.0,4759,0,0,1,Pedestrian
43,379.0,728.0,451.0,787.0,4760,0,0,1,Pedestrian
43,379.0,728.0,448.0,787.0,4761,0,0,1,Pedestrian
43,376.0,728.0,445.0,787.0,4762,0,0,1,Pedestrian
43,376.0,728.0,445.0,787.0,4763,0,0,1,Pedestrian
43,374.0,728.0,442.0,787.0,4764,0,0,1,Pedestrian
43,371.0,728.0,442.0,787.0,4765,0,0,1,Pedestrian
43,371.0,728.0,440.0,787.0,4766,0,0,1,Pedestrian
43,368.0,728.0,437.0,787.0,4767,0,0,1,Pedestrian
43,368.0,728.0,437.0,787.0,4768,0,0,1,Pedestrian
43,365.0,728.0,434.0,787.0,4769,0,0,1,Pedestrian
43,363.0,728.0,434.0,787.0,4770,0,0,1,Pedestrian
43,363.0,728.0,431.0,787.0,4771,0,0,1,Pedestrian
43,360.0,728.0,429.0,787.0,4772,0,0,1,Pedestrian
43,357.0,728.0,429.0,787.0,4773,0,0,1,Pedestrian
43,357.0,728.0,426.0,787.0,4774,0,0,1,Pedestrian
43,354.0,728.0,426.0,787.0,4775,0,0,1,Pedestrian
43,354.0,728.0,423.0,787.0,4776,0,0,1,Pedestrian
43,352.0,728.0,420.0,787.0,4777,0,0,1,Pedestrian
43,349.0,728.0,420.0,787.0,4778,0,0,1,Pedestrian
43,349.0,728.0,418.0,787.0,4779,0,0,1,Pedestrian
43,346.0,728.0,418.0,787.0,4780,0,0,1,Pedestrian
43,346.0,728.0,415.0,787.0,4781,0,0,1,Pedestrian
43,343.0,728.0,412.0,787.0,4782,0,0,1,Pedestrian
43,341.0,728.0,412.0,787.0,4783,0,0,1,Pedestrian
43,341.0,728.0,409.0,787.0,4784,0,0,1,Pedestrian
43,338.0,728.0,409.0,787.0,4785,0,0,1,Pedestrian
43,338.0,728.0,407.0,787.0,4786,0,0,1,Pedestrian
43,335.0,728.0,404.0,787.0,4787,0,0,1,Pedestrian
43,332.0,728.0,404.0,787.0,4788,0,0,1,Pedestrian
43,332.0,728.0,401.0,787.0,4789,0,0,1,Pedestrian
43,330.0,728.0,401.0,787.0,4790,0,0,1,Pedestrian
43,327.0,728.0,398.0,787.0,4791,0,0,1,Pedestrian
43,327.0,728.0,396.0,787.0,4792,0,0,1,Pedestrian
43,324.0,728.0,396.0,787.0,4793,0,0,1,Pedestrian
43,324.0,728.0,393.0,787.0,4794,0,0,1,Pedestrian
43,321.0,728.0,393.0,787.0,4795,0,0,1,Pedestrian
43,319.0,728.0,390.0,787.0,4796,0,0,1,Pedestrian
43,319.0,728.0,387.0,787.0,4797,0,0,1,Pedestrian
43,316.0,728.0,387.0,787.0,4798,0,0,1,Pedestrian
43,316.0,728.0,385.0,787.0,4799,0,0,1,Pedestrian
43,313.0,728.0,385.0,787.0,4800,0,0,1,Pedestrian
43,310.0,728.0,382.0,787.0,4801,0,0,1,Pedestrian
43,310.0,728.0,379.0,787.0,4802,0,0,1,Pedestrian
43,308.0,728.0,379.0,787.0,4803,0,0,1,Pedestrian
43,308.0,728.0,376.0,787.0,4804,0,0,1,Pedestrian
43,305.0,728.0,376.0,787.0,4805,0,0,1,Pedestrian
43,302.0,728.0,374.0,787.0,4806,0,0,1,Pedestrian
43,302.0,728.0,371.0,787.0,4807,0,0,1,Pedestrian
43,299.0,728.0,371.0,787.0,4808,0,0,1,Pedestrian
43,297.0,728.0,368.0,787.0,4809,0,0,1,Pedestrian
43,297.0,728.0,368.0,787.0,4810,0,0,1,Pedestrian
43,294.0,728.0,365.0,787.0,4811,0,0,1,Pedestrian
43,294.0,728.0,363.0,787.0,4812,0,0,1,Pedestrian
43,291.0,728.0,363.0,787.0,4813,0,0,1,Pedestrian
43,288.0,728.0,360.0,787.0,4814,0,0,1,Pedestrian
43,288.0,728.0,360.0,787.0,4815,0,0,1,Pedestrian
43,286.0,728.0,357.0,787.0,4816,0,0,1,Pedestrian
43,286.0,728.0,354.0,787.0,4817,0,0,1,Pedestrian
43,283.0,728.0,354.0,787.0,4818,0,0,1,Pedestrian
43,280.0,728.0,352.0,787.0,4819,0,0,1,Pedestrian
43,280.0,728.0,352.0,787.0,4820,0,0,1,Pedestrian
43,277.0,728.0,349.0,787.0,4821,0,0,1,Pedestrian
43,277.0,728.0,346.0,787.0,4822,0,0,1,Pedestrian
43,275.0,728.0,346.0,787.0,4823,0,0,1,Pedestrian
43,272.0,728.0,343.0,787.0,4824,0,0,1,Pedestrian
43,272.0,728.0,343.0,787.0,4825,0,0,1,Pedestrian
43,269.0,728.0,341.0,787.0,4826,0,0,1,Pedestrian
43,266.0,728.0,338.0,787.0,4827,0,0,1,Pedestrian
43,266.0,728.0,338.0,787.0,4828,0,0,1,Pedestrian
43,264.0,728.0,335.0,787.0,4829,0,0,1,Pedestrian
43,264.0,728.0,335.0,787.0,4830,0,0,1,Pedestrian
43,261.0,728.0,332.0,787.0,4831,0,0,1,Pedestrian
43,258.0,728.0,330.0,787.0,4832,0,0,1,Pedestrian
43,258.0,728.0,330.0,787.0,4833,0,0,1,Pedestrian
43,255.0,728.0,327.0,787.0,4834,0,0,1,Pedestrian
43,255.0,728.0,327.0,787.0,4835,0,0,1,Pedestrian
43,253.0,728.0,324.0,787.0,4836,0,0,1,Pedestrian
43,250.0,728.0,321.0,787.0,4837,0,0,1,Pedestrian
43,250.0,728.0,321.0,787.0,4838,0,0,1,Pedestrian
43,247.0,728.0,319.0,787.0,4839,0,0,1,Pedestrian
43,247.0,728.0,319.0,787.0,4840,0,0,0,Pedestrian
43,244.0,728.0,316.0,787.0,4841,0,0,1,Pedestrian
43,242.0,728.0,313.0,787.0,4842,0,0,1,Pedestrian
43,242.0,728.0,313.0,787.0,4843,0,0,1,Pedestrian
43,239.0,728.0,310.0,787.0,4844,0,0,1,Pedestrian
43,236.0,728.0,308.0,787.0,4845,0,0,1,Pedestrian
43,236.0,728.0,308.0,787.0,4846,0,0,1,Pedestrian
43,233.0,728.0,305.0,787.0,4847,0,0,1,Pedestrian
43,231.0,728.0,302.0,787.0,4848,0,0,1,Pedestrian
43,231.0,728.0,302.0,787.0,4849,0,0,1,Pedestrian
43,228.0,728.0,299.0,787.0,4850,0,0,1,Pedestrian
43,225.0,728.0,297.0,787.0,4851,0,0,1,Pedestrian
43,225.0,728.0,297.0,787.0,4852,0,0,1,Pedestrian
43,222.0,728.0,294.0,787.0,4853,0,0,1,Pedestrian
43,222.0,728.0,294.0,787.0,4854,0,0,1,Pedestrian
43,220.0,728.0,291.0,787.0,4855,0,0,1,Pedestrian
43,217.0,728.0,288.0,787.0,4856,0,0,1,Pedestrian
43,217.0,728.0,288.0,787.0,4857,0,0,1,Pedestrian
43,214.0,728.0,286.0,787.0,4858,0,0,1,Pedestrian
43,211.0,728.0,283.0,787.0,4859,0,0,1,Pedestrian
43,211.0,728.0,283.0,787.0,4860,0,0,1,Pedestrian
43,209.0,728.0,280.0,787.0,4861,0,0,1,Pedestrian
43,206.0,728.0,277.0,787.0,4862,0,0,1,Pedestrian
43,206.0,728.0,277.0,787.0,4863,0,0,1,Pedestrian
43,203.0,728.0,275.0,787.0,4864,0,0,1,Pedestrian
43,203.0,728.0,275.0,787.0,4865,0,0,1,Pedestrian
43,200.0,728.0,272.0,787.0,4866,0,0,1,Pedestrian
43,198.0,728.0,269.0,787.0,4867,0,0,1,Pedestrian
43,198.0,728.0,269.0,787.0,4868,0,0,1,Pedestrian
43,195.0,728.0,266.0,787.0,4869,0,0,1,Pedestrian
43,192.0,728.0,264.0,787.0,4870,0,0,1,Pedestrian
43,192.0,728.0,264.0,787.0,4871,0,0,1,Pedestrian
43,189.0,728.0,261.0,787.0,4872,0,0,1,Pedestrian
43,187.0,728.0,258.0,787.0,4873,0,0,1,Pedestrian
43,187.0,728.0,258.0,787.0,4874,0,0,1,Pedestrian
43,184.0,728.0,255.0,787.0,4875,0,0,1,Pedestrian
43,184.0,728.0,255.0,787.0,4876,0,0,1,Pedestrian
43,181.0,728.0,253.0,787.0,4877,0,0,1,Pedestrian
43,178.0,728.0,250.0,787.0,4878,0,0,1,Pedestrian
43,178.0,728.0,250.0,787.0,4879,0,0,1,Pedestrian
43,176.0,730.0,247.0,790.0,4880,0,0,1,Pedestrian
43,173.0,730.0,244.0,790.0,4881,0,0,1,Pedestrian
43,173.0,730.0,244.0,790.0,4882,0,0,1,Pedestrian
43,170.0,730.0,242.0,790.0,4883,0,0,1,Pedestrian
43,167.0,730.0,239.0,790.0,4884,0,0,1,Pedestrian
43,167.0,730.0,239.0,790.0,4885,0,0,1,Pedestrian
43,165.0,730.0,236.0,790.0,4886,0,0,1,Pedestrian
43,165.0,730.0,236.0,790.0,4887,0,0,1,Pedestrian
43,162.0,730.0,233.0,790.0,4888,0,0,1,Pedestrian
43,159.0,730.0,231.0,790.0,4889,0,0,1,Pedestrian
43,159.0,730.0,231.0,790.0,4890,0,0,1,Pedestrian
43,156.0,730.0,228.0,790.0,4891,0,0,1,Pedestrian
43,154.0,730.0,225.0,790.0,4892,0,0,1,Pedestrian
43,154.0,730.0,225.0,790.0,4893,0,0,1,Pedestrian
43,151.0,730.0,222.0,790.0,4894,0,0,1,Pedestrian
43,148.0,730.0,220.0,790.0,4895,0,0,1,Pedestrian
43,148.0,730.0,220.0,790.0,4896,0,0,1,Pedestrian
43,145.0,730.0,217.0,790.0,4897,0,0,1,Pedestrian
43,145.0,730.0,217.0,790.0,4898,0,0,1,Pedestrian
43,143.0,730.0,214.0,790.0,4899,0,0,1,Pedestrian
43,140.0,730.0,211.0,790.0,4900,0,0,1,Pedestrian
43,140.0,730.0,211.0,790.0,4901,0,0,1,Pedestrian
43,137.0,730.0,209.0,790.0,4902,0,0,1,Pedestrian
43,134.0,730.0,206.0,790.0,4903,0,0,1,Pedestrian
43,134.0,730.0,206.0,790.0,4904,0,0,1,Pedestrian
43,132.0,730.0,203.0,790.0,4905,0,0,1,Pedestrian
43,129.0,730.0,200.0,790.0,4906,0,0,1,Pedestrian
43,129.0,730.0,200.0,790.0,4907,0,0,1,Pedestrian
43,126.0,730.0,198.0,790.0,4908,0,0,1,Pedestrian
43,126.0,730.0,198.0,790.0,4909,0,0,1,Pedestrian
43,123.0,730.0,195.0,790.0,4910,0,0,1,Pedestrian
43,121.0,730.0,192.0,790.0,4911,0,0,1,Pedestrian
43,121.0,730.0,192.0,790.0,4912,0,0,1,Pedestrian
43,118.0,730.0,189.0,790.0,4913,0,0,1,Pedestrian
43,115.0,730.0,187.0,790.0,4914,0,0,1,Pedestrian
43,115.0,730.0,187.0,790.0,4915,0,0,1,Pedestrian
43,112.0,730.0,184.0,790.0,4916,0,0,1,Pedestrian
43,110.0,730.0,181.0,790.0,4917,0,0,1,Pedestrian
43,110.0,730.0,181.0,790.0,4918,0,0,1,Pedestrian
43,107.0,730.0,178.0,790.0,4919,0,0,1,Pedestrian
43,107.0,733.0,178.0,792.0,4920,0,0,0,Pedestrian
43,104.0,733.0,176.0,792.0,4921,0,0,1,Pedestrian
43,101.0,733.0,173.0,792.0,4922,0,0,1,Pedestrian
43,101.0,733.0,173.0,792.0,4923,0,0,1,Pedestrian
43,99.0,735.0,170.0,794.0,4924,0,0,1,Pedestrian
43,99.0,735.0,170.0,794.0,4925,0,0,1,Pedestrian
43,96.0,735.0,167.0,794.0,4926,0,0,1,Pedestrian
43,93.0,737.0,165.0,796.0,4927,0,0,1,Pedestrian
43,93.0,737.0,165.0,796.0,4928,0,0,1,Pedestrian
43,90.0,737.0,162.0,796.0,4929,0,0,1,Pedestrian
43,90.0,740.0,162.0,799.0,4930,0,0,1,Pedestrian
43,88.0,740.0,159.0,799.0,4931,0,0,1,Pedestrian
43,85.0,740.0,156.0,799.0,4932,0,0,1,Pedestrian
43,85.0,740.0,156.0,799.0,4933,0,0,1,Pedestrian
43,82.0,742.0,154.0,801.0,4934,0,0,1,Pedestrian
43,82.0,742.0,154.0,801.0,4935,0,0,1,Pedestrian
43,79.0,742.0,151.0,801.0,4936,0,0,1,Pedestrian
43,77.0,744.0,148.0,803.0,4937,0,0,1,Pedestrian
43,77.0,744.0,148.0,803.0,4938,0,0,1,Pedestrian
43,74.0,744.0,145.0,803.0,4939,0,0,1,Pedestrian
43,74.0,746.0,145.0,806.0,4940,0,0,1,Pedestrian
43,71.0,746.0,143.0,806.0,4941,0,0,1,Pedestrian
43,68.0,746.0,140.0,806.0,4942,0,0,1,Pedestrian
43,68.0,746.0,140.0,806.0,4943,0,0,1,Pedestrian
43,66.0,749.0,137.0,808.0,4944,0,0,1,Pedestrian
43,66.0,749.0,137.0,808.0,4945,0,0,1,Pedestrian
43,63.0,749.0,134.0,808.0,4946,0,0,1,Pedestrian
43,60.0,751.0,132.0,810.0,4947,0,0,1,Pedestrian
43,60.0,751.0,132.0,810.0,4948,0,0,1,Pedestrian
43,57.0,751.0,129.0,810.0,4949,0,0,1,Pedestrian
43,57.0,753.0,129.0,812.0,4950,0,0,0,Pedestrian
43,55.0,751.0,126.0,810.0,4951,0,0,1,Pedestrian
43,52.0,751.0,123.0,810.0,4952,0,0,1,Pedestrian
43,52.0,751.0,123.0,810.0,4953,0,0,1,Pedestrian
43,49.0,751.0,121.0,810.0,4954,0,0,1,Pedestrian
43,49.0,751.0,121.0,810.0,4955,0,0,1,Pedestrian
43,46.0,751.0,118.0,810.0,4956,0,0,1,Pedestrian
43,46.0,751.0,118.0,810.0,4957,0,0,1,Pedestrian
43,44.0,751.0,115.0,810.0,4958,0,0,1,Pedestrian
43,44.0,751.0,115.0,810.0,4959,0,0,1,Pedestrian
43,41.0,751.0,112.0,810.0,4960,0,0,1,Pedestrian
43,41.0,751.0,112.0,810.0,4961,0,0,1,Pedestrian
43,38.0,751.0,110.0,810.0,4962,0,0,1,Pedestrian
43,38.0,751.0,110.0,810.0,4963,0,0,1,Pedestrian
43,35.0,751.0,107.0,810.0,4964,0,0,1,Pedestrian
43,35.0,751.0,107.0,810.0,4965,0,0,1,Pedestrian
43,33.0,749.0,104.0,808.0,4966,0,0,1,Pedestrian
43,30.0,749.0,101.0,808.0,4967,0,0,1,Pedestrian
43,30.0,749.0,101.0,808.0,4968,0,0,1,Pedestrian
43,27.0,749.0,99.0,808.0,4969,0,0,1,Pedestrian
43,27.0,749.0,99.0,808.0,4970,0,0,1,Pedestrian
43,24.0,749.0,96.0,808.0,4971,0,0,1,Pedestrian
43,24.0,749.0,96.0,808.0,4972,0,0,1,Pedestrian
43,22.0,749.0,93.0,808.0,4973,0,0,1,Pedestrian
43,22.0,749.0,93.0,808.0,4974,0,0,1,Pedestrian
43,19.0,749.0,90.0,808.0,4975,0,0,1,Pedestrian
43,19.0,749.0,90.0,808.0,4976,0,0,1,Pedestrian
43,16.0,749.0,88.0,808.0,4977,0,0,1,Pedestrian
43,16.0,749.0,88.0,808.0,4978,0,0,1,Pedestrian
43,13.0,749.0,85.0,808.0,4979,0,0,1,Pedestrian
43,13.0,749.0,85.0,808.0,4980,0,0,0,Pedestrian
43,11.0,749.0,82.0,808.0,4981,0,0,1,Pedestrian
43,11.0,749.0,79.0,808.0,4982,0,0,1,Pedestrian
43,11.0,749.0,77.0,808.0,4983,0,0,1,Pedestrian
43,11.0,749.0,77.0,808.0,4984,0,0,1,Pedestrian
43,8.0,749.0,74.0,808.0,4985,0,0,1,Pedestrian
43,8.0,749.0,71.0,808.0,4986,0,0,1,Pedestrian
43,8.0,749.0,71.0,808.0,4987,0,0,1,Pedestrian
43,8.0,749.0,68.0,808.0,4988,0,0,1,Pedestrian
43,5.0,749.0,66.0,808.0,4989,0,0,1,Pedestrian
43,5.0,749.0,66.0,808.0,4990,0,0,1,Pedestrian
43,5.0,749.0,63.0,808.0,4991,0,0,1,Pedestrian
43,5.0,749.0,60.0,808.0,4992,0,0,1,Pedestrian
43,2.0,749.0,57.0,808.0,4993,0,0,1,Pedestrian
43,2.0,749.0,57.0,808.0,4994,0,0,1,Pedestrian
43,2.0,749.0,55.0,808.0,4995,0,0,1,Pedestrian
43,2.0,749.0,52.0,808.0,4996,0,0,1,Pedestrian
43,0.0,749.0,52.0,808.0,4997,0,0,1,Pedestrian
43,0.0,749.0,49.0,808.0,4998,0,0,1,Pedestrian
43,0.0,749.0,46.0,808.0,4999,0,0,1,Pedestrian
43,0.0,751.0,46.0,810.0,5000,1,0,0,Pedestrian
43,0.0,751.0,44.0,810.0,5001,1,0,1,Pedestrian
43,0.0,751.0,44.0,810.0,5002,1,0,1,Pedestrian
43,0.0,751.0,44.0,810.0,5003,1,0,1,Pedestrian
43,0.0,751.0,41.0,810.0,5004,1,0,1,Pedestrian
43,0.0,751.0,41.0,810.0,5005,1,0,1,Pedestrian
43,0.0,751.0,41.0,810.0,5006,1,0,1,Pedestrian
43,0.0,751.0,41.0,810.0,5007,1,0,1,Pedestrian
43,0.0,751.0,38.0,810.0,5008,1,0,1,Pedestrian
43,0.0,751.0,38.0,810.0,5009,1,0,1,Pedestrian
43,0.0,751.0,38.0,810.0,5010,1,0,1,Pedestrian
43,0.0,751.0,38.0,810.0,5011,1,0,1,Pedestrian
43,0.0,751.0,35.0,810.0,5012,1,0,1,Pedestrian
43,0.0,751.0,35.0,810.0,5013,1,0,1,Pedestrian
43,0.0,751.0,35.0,810.0,5014,1,0,1,Pedestrian
43,0.0,751.0,35.0,810.0,5015,1,0,1,Pedestrian
43,0.0,753.0,33.0,812.0,5016,1,0,1,Pedestrian
43,0.0,753.0,33.0,812.0,5017,1,0,1,Pedestrian
43,0.0,753.0,33.0,812.0,5018,1,0,1,Pedestrian
43,0.0,753.0,33.0,812.0,5019,1,0,1,Pedestrian
43,0.0,753.0,30.0,812.0,5020,1,0,1,Pedestrian
43,0.0,753.0,30.0,812.0,5021,1,0,1,Pedestrian
43,0.0,753.0,30.0,812.0,5022,1,0,1,Pedestrian
43,0.0,753.0,30.0,812.0,5023,1,0,1,Pedestrian
43,0.0,753.0,27.0,812.0,5024,1,0,1,Pedestrian
43,0.0,753.0,27.0,812.0,5025,1,0,1,Pedestrian
43,0.0,753.0,27.0,812.0,5026,1,0,1,Pedestrian
43,0.0,753.0,27.0,812.0,5027,1,0,1,Pedestrian
43,0.0,753.0,24.0,812.0,5028,1,0,1,Pedestrian
43,0.0,753.0,24.0,812.0,5029,1,0,1,Pedestrian
43,0.0,753.0,24.0,812.0,5030,1,0,1,Pedestrian
43,0.0,755.0,24.0,815.0,5031,1,0,0,Pedestrian
44,1820.0,1013.0,1900.0,1070.0,4000,1,0,0,Biker
44,1820.0,1013.0,1900.0,1070.0,4001,1,0,1,Biker
44,1820.0,1013.0,1900.0,1070.0,4002,1,0,1,Biker
44,1820.0,1013.0,1900.0,1070.0,4003,1,0,1,Biker
44,1820.0,1013.0,1900.0,1070.0,4004,1,0,1,Biker
44,1820.0,1013.0,1900.0,1070.0,4005,1,0,1,Biker
44,1820.0,1013.0,1900.0,1070.0,4006,1,0,1,Biker
44,1820.0,1013.0,1900.0,1070.0,4007,1,0,1,Biker
44,1820.0,1013.0,1900.0,1070.0,4008,1,0,1,Biker
44,1820.0,1013.0,1900.0,1070.0,4009,1,0,1,Biker
44,1820.0,1013.0,1900.0,1070.0,4010,1,0,1,Biker
44,1820.0,1013.0,1900.0,1070.0,4011,1,0,1,Biker
44,1823.0,1013.0,1903.0,1070.0,4012,1,0,1,Biker
44,1823.0,1013.0,1903.0,1070.0,4013,1,0,1,Biker
44,1823.0,1013.0,1903.0,1070.0,4014,1,0,1,Biker
44,1823.0,1013.0,1903.0,1070.0,4015,1,0,1,Biker
44,1823.0,1013.0,1903.0,1070.0,4016,1,0,1,Biker
44,1823.0,1013.0,1903.0,1070.0,4017,1,0,1,Biker
44,1823.0,1013.0,1903.0,1070.0,4018,1,0,1,Biker
44,1823.0,1013.0,1903.0,1070.0,4019,1,0,1,Biker
44,1823.0,1013.0,1903.0,1070.0,4020,1,0,1,Biker
44,1823.0,1013.0,1903.0,1070.0,4021,1,0,1,Biker
44,1823.0,1013.0,1903.0,1070.0,4022,1,0,1,Biker
44,1826.0,1013.0,1903.0,1070.0,4023,1,0,1,Biker
44,1826.0,1013.0,1905.0,1070.0,4024,1,0,1,Biker
44,1826.0,1013.0,1905.0,1070.0,4025,1,0,1,Biker
44,1826.0,1013.0,1905.0,1070.0,4026,1,0,1,Biker
44,1826.0,1013.0,1905.0,1070.0,4027,1,0,1,Biker
44,1826.0,1013.0,1905.0,1070.0,4028,1,0,1,Biker
44,1826.0,1013.0,1905.0,1070.0,4029,1,0,1,Biker
44,1826.0,1013.0,1905.0,1070.0,4030,1,0,1,Biker
44,1826.0,1013.0,1905.0,1070.0,4031,1,0,1,Biker
44,1826.0,1013.0,1905.0,1070.0,4032,1,0,1,Biker
44,1826.0,1013.0,1905.0,1070.0,4033,1,0,1,Biker
44,1828.0,1013.0,1905.0,1070.0,4034,1,0,1,Biker
44,1828.0,1013.0,1905.0,1070.0,4035,1,0,1,Biker
44,1828.0,1013.0,1908.0,1070.0,4036,1,0,1,Biker
44,1828.0,1013.0,1908.0,1070.0,4037,1,0,1,Biker
44,1828.0,1013.0,1908.0,1070.0,4038,1,0,1,Biker
44,1828.0,1013.0,1908.0,1070.0,4039,1,0,1,Biker
44,1828.0,1013.0,1908.0,1070.0,4040,1,0,1,Biker
44,1828.0,1013.0,1908.0,1070.0,4041,1,0,1,Biker
44,1828.0,1013.0,1908.0,1070.0,4042,1,0,1,Biker
44,1828.0,1013.0,1908.0,1070.0,4043,1,0,1,Biker
44,1828.0,1013.0,1908.0,1070.0,4044,1,0,1,Biker
44,1831.0,1013.0,1908.0,1070.0,4045,1,0,1,Biker
44,1831.0,1013.0,1908.0,1070.0,4046,1,0,1,Biker
44,1831.0,1013.0,1908.0,1070.0,4047,1,0,1,Biker
44,1831.0,1013.0,1911.0,1070.0,4048,1,0,1,Biker
44,1831.0,1013.0,1911.0,1070.0,4049,1,0,1,Biker
44,1831.0,1013.0,1911.0,1070.0,4050,1,0,1,Biker
44,1831.0,1013.0,1911.0,1070.0,4051,1,0,1,Biker
44,1831.0,1013.0,1911.0,1070.0,4052,1,0,1,Biker
44,1831.0,1013.0,1911.0,1070.0,4053,1,0,1,Biker
44,1831.0,1013.0,1911.0,1070.0,4054,1,0,1,Biker
44,1831.0,1013.0,1911.0,1070.0,4055,1,0,1,Biker
44,1834.0,1013.0,1911.0,1070.0,4056,1,0,1,Biker
44,1834.0,1013.0,1911.0,1070.0,4057,1,0,1,Biker
44,1834.0,1013.0,1911.0,1070.0,4058,1,0,1,Biker
44,1834.0,1013.0,1911.0,1070.0,4059,1,0,1,Biker
44,1834.0,1013.0,1914.0,1070.0,4060,1,0,1,Biker
44,1834.0,1013.0,1914.0,1070.0,4061,1,0,1,Biker
44,1834.0,1013.0,1914.0,1070.0,4062,1,0,1,Biker
44,1834.0,1013.0,1914.0,1070.0,4063,1,0,1,Biker
44,1834.0,1013.0,1914.0,1070.0,4064,1,0,1,Biker
44,1834.0,1013.0,1914.0,1070.0,4065,1,0,1,Biker
44,1834.0,1013.0,1914.0,1070.0,4066,1,0,1,Biker
44,1837.0,1013.0,1914.0,1070.0,4067,1,0,1,Biker
44,1837.0,1013.0,1914.0,1070.0,4068,1,0,1,Biker
44,1837.0,1013.0,1914.0,1070.0,4069,1,0,1,Biker
44,1837.0,1013.0,1914.0,1070.0,4070,1,0,1,Biker
44,1837.0,1013.0,1914.0,1070.0,4071,1,0,1,Biker
44,1837.0,1013.0,1916.0,1070.0,4072,1,0,1,Biker
44,1837.0,1013.0,1916.0,1070.0,4073,1,0,1,Biker
44,1837.0,1013.0,1916.0,1070.0,4074,1,0,1,Biker
44,1837.0,1013.0,1916.0,1070.0,4075,1,0,1,Biker
44,1837.0,1013.0,1916.0,1070.0,4076,1,0,1,Biker
44,1837.0,1013.0,1916.0,1070.0,4077,1,0,1,Biker
44,1839.0,1013.0,1916.0,1070.0,4078,1,0,1,Biker
44,1839.0,1013.0,1916.0,1070.0,4079,1,0,1,Biker
44,1839.0,1013.0,1916.0,1070.0,4080,1,0,1,Biker
44,1839.0,1013.0,1916.0,1070.0,4081,1,0,1,Biker
44,1839.0,1013.0,1916.0,1070.0,4082,1,0,1,Biker
44,1839.0,1013.0,1916.0,1070.0,4083,1,0,1,Biker
44,1839.0,1013.0,1919.0,1070.0,4084,1,0,1,Biker
44,1839.0,1013.0,1919.0,1070.0,4085,1,0,1,Biker
44,1839.0,1013.0,1919.0,1070.0,4086,1,0,1,Biker
44,1839.0,1013.0,1919.0,1070.0,4087,1,0,1,Biker
44,1839.0,1013.0,1919.0,1070.0,4088,1,0,1,Biker
44,1842.0,1013.0,1919.0,1070.0,4089,1,0,1,Biker
44,1842.0,1013.0,1919.0,1070.0,4090,1,0,1,Biker
44,1842.0,1013.0,1919.0,1070.0,4091,1,0,1,Biker
44,1842.0,1013.0,1919.0,1070.0,4092,1,0,1,Biker
44,1842.0,1013.0,1919.0,1070.0,4093,1,0,1,Biker
44,1842.0,1013.0,1919.0,1070.0,4094,1,0,1,Biker
44,1842.0,1013.0,1919.0,1070.0,4095,1,0,1,Biker
44,1842.0,1013.0,1922.0,1070.0,4096,1,0,1,Biker
44,1842.0,1013.0,1922.0,1070.0,4097,1,0,1,Biker
44,1842.0,1013.0,1922.0,1070.0,4098,1,0,1,Biker
44,1842.0,1013.0,1922.0,1070.0,4099,1,0,1,Biker
44,1845.0,1013.0,1922.0,1070.0,4100,1,0,1,Biker
44,1845.0,1013.0,1922.0,1070.0,4101,1,0,1,Biker
44,1845.0,1013.0,1922.0,1070.0,4102,1,0,1,Biker
44,1845.0,1013.0,1922.0,1070.0,4103,1,0,1,Biker
44,1845.0,1013.0,1922.0,1070.0,4104,1,0,1,Biker
44,1845.0,1013.0,1922.0,1070.0,4105,1,0,1,Biker
44,1845.0,1013.0,1922.0,1070.0,4106,1,0,1,Biker
44,1845.0,1013.0,1925.0,1070.0,4107,1,0,1,Biker
44,1845.0,1013.0,1925.0,1070.0,4108,1,0,1,Biker
44,1845.0,1013.0,1925.0,1070.0,4109,1,0,1,Biker
44,1845.0,1013.0,1925.0,1070.0,4110,1,0,1,Biker
44,1848.0,1013.0,1925.0,1070.0,4111,1,0,1,Biker
44,1848.0,1013.0,1925.0,1070.0,4112,1,0,1,Biker
44,1848.0,1013.0,1925.0,1070.0,4113,1,0,1,Biker
44,1848.0,1013.0,1925.0,1070.0,4114,1,0,1,Biker
44,1848.0,1013.0,1925.0,1070.0,4115,1,0,1,Biker
44,1848.0,1013.0,1925.0,1070.0,4116,1,0,1,Biker
44,1848.0,1013.0,1925.0,1070.0,4117,1,0,1,Biker
44,1848.0,1013.0,1925.0,1070.0,4118,1,0,1,Biker
44,1848.0,1013.0,1927.0,1070.0,4119,1,0,1,Biker
44,1848.0,1013.0,1927.0,1070.0,4120,1,0,1,Biker
44,1848.0,1013.0,1927.0,1070.0,4121,1,0,1,Biker
44,1850.0,1013.0,1927.0,1070.0,4122,1,0,1,Biker
44,1850.0,1013.0,1927.0,1070.0,4123,1,0,1,Biker
44,1850.0,1013.0,1927.0,1070.0,4124,1,0,1,Biker
44,1850.0,1013.0,1927.0,1070.0,4125,1,0,1,Biker
44,1850.0,1013.0,1927.0,1070.0,4126,1,0,1,Biker
44,1850.0,1013.0,1927.0,1070.0,4127,1,0,1,Biker
44,1850.0,1013.0,1927.0,1070.0,4128,1,0,1,Biker
44,1850.0,1013.0,1927.0,1070.0,4129,1,0,1,Biker
44,1850.0,1013.0,1927.0,1070.0,4130,1,0,1,Biker
44,1850.0,1013.0,1930.0,1070.0,4131,1,0,1,Biker
44,1850.0,1013.0,1930.0,1070.0,4132,1,0,1,Biker
44,1853.0,1013.0,1930.0,1070.0,4133,1,0,1,Biker
44,1853.0,1013.0,1930.0,1070.0,4134,1,0,1,Biker
44,1853.0,1013.0,1930.0,1070.0,4135,1,0,1,Biker
44,1853.0,1013.0,1930.0,1070.0,4136,1,0,1,Biker
44,1853.0,1013.0,1930.0,1070.0,4137,1,0,1,Biker
44,1853.0,1013.0,1930.0,1070.0,4138,1,0,1,Biker
44,1853.0,1013.0,1930.0,1070.0,4139,1,0,1,Biker
44,1853.0,1013.0,1930.0,1070.0,4140,1,0,1,Biker
44,1853.0,1013.0,1930.0,1070.0,4141,1,0,1,Biker
44,1853.0,1013.0,1930.0,1070.0,4142,1,0,1,Biker
44,1853.0,1013.0,1933.0,1070.0,4143,1,0,1,Biker
44,1856.0,1013.0,1933.0,1070.0,4144,1,0,1,Biker
44,1856.0,1013.0,1933.0,1070.0,4145,1,0,1,Biker
44,1856.0,1013.0,1933.0,1070.0,4146,1,0,1,Biker
44,1856.0,1013.0,1933.0,1070.0,4147,1,0,1,Biker
44,1856.0,1013.0,1933.0,1070.0,4148,1,0,1,Biker
44,1856.0,1013.0,1933.0,1070.0,4149,1,0,1,Biker
44,1856.0,1013.0,1933.0,1070.0,4150,1,0,1,Biker
44,1856.0,1013.0,1933.0,1070.0,4151,1,0,1,Biker
44,1856.0,1013.0,1933.0,1070.0,4152,1,0,1,Biker
44,1856.0,1013.0,1933.0,1070.0,4153,1,0,1,Biker
44,1856.0,1013.0,1933.0,1070.0,4154,1,0,1,Biker
44,1859.0,1013.0,1936.0,1070.0,4155,1,0,1,Biker
44,1859.0,1013.0,1936.0,1070.0,4156,1,0,1,Biker
44,1859.0,1013.0,1936.0,1070.0,4157,1,0,1,Biker
44,1859.0,1013.0,1936.0,1070.0,4158,1,0,1,Biker
44,1859.0,1013.0,1936.0,1070.0,4159,1,0,1,Biker
44,1859.0,1013.0,1936.0,1070.0,4160,1,0,1,Biker
44,1859.0,1013.0,1936.0,1070.0,4161,1,0,1,Biker
44,1859.0,1013.0,1936.0,1070.0,4162,1,0,1,Biker
44,1859.0,1013.0,1936.0,1070.0,4163,1,0,1,Biker
44,1859.0,1013.0,1936.0,1070.0,4164,1,0,1,Biker
44,1859.0,1013.0,1936.0,1070.0,4165,1,0,1,Biker
44,1859.0,1013.0,1936.0,1070.0,4166,1,0,1,Biker
44,1861.0,1013.0,1938.0,1070.0,4167,1,0,1,Biker
44,1861.0,1013.0,1938.0,1070.0,4168,1,0,1,Biker
44,1861.0,1013.0,1938.0,1070.0,4169,1,0,1,Biker
44,1861.0,1013.0,1938.0,1070.0,4170,1,0,1,Biker
44,1861.0,1013.0,1938.0,1070.0,4171,1,0,1,Biker
44,1861.0,1013.0,1938.0,1070.0,4172,1,0,1,Biker
44,1861.0,1013.0,1938.0,1070.0,4173,1,0,1,Biker
44,1861.0,1013.0,1938.0,1070.0,4174,1,0,1,Biker
44,1861.0,1013.0,1938.0,1070.0,4175,1,0,1,Biker
44,1861.0,1013.0,1938.0,1070.0,4176,1,0,1,Biker
44,1861.0,1013.0,1938.0,1070.0,4177,1,0,1,Biker
44,1864.0,1013.0,1938.0,1070.0,4178,1,0,1,Biker
44,1864.0,1013.0,1941.0,1070.0,4179,1,0,1,Biker
44,1864.0,1013.0,1941.0,1070.0,4180,1,0,1,Biker
44,1864.0,1013.0,1941.0,1070.0,4181,1,0,1,Biker
44,1864.0,1013.0,1941.0,1070.0,4182,1,0,1,Biker
44,1864.0,1013.0,1941.0,1070.0,4183,1,0,1,Biker
44,1864.0,1013.0,1941.0,1070.0,4184,1,0,1,Biker
44,1864.0,1013.0,1941.0,1070.0,4185,1,0,1,Biker
44,1864.0,1013.0,1941.0,1070.0,4186,1,0,1,Biker
44,1864.0,1013.0,1941.0,1070.0,4187,1,0,1,Biker
44,1864.0,1013.0,1941.0,1070.0,4188,1,0,1,Biker
44,1867.0,1013.0,1941.0,1070.0,4189,1,0,1,Biker
44,1867.0,1013.0,1941.0,1070.0,4190,1,0,1,Biker
44,1867.0,1013.0,1944.0,1070.0,4191,1,0,1,Biker
44,1867.0,1013.0,1944.0,1070.0,4192,1,0,1,Biker
44,1867.0,1013.0,1944.0,1070.0,4193,1,0,1,Biker
44,1867.0,1013.0,1944.0,1070.0,4194,1,0,1,Biker
44,1867.0,1013.0,1944.0,1070.0,4195,1,0,1,Biker
44,1867.0,1013.0,1944.0,1070.0,4196,1,0,1,Biker
44,1867.0,1013.0,1944.0,1070.0,4197,1,0,1,Biker
44,1867.0,1013.0,1944.0,1070.0,4198,1,0,1,Biker
44,1867.0,1013.0,1944.0,1070.0,4199,1,0,1,Biker
44,1870.0,1013.0,1944.0,1070.0,4200,1,0,1,Biker
44,1870.0,1013.0,1944.0,1070.0,4201,1,0,1,Biker
44,1870.0,1013.0,1944.0,1070.0,4202,1,0,1,Biker
44,1870.0,1013.0,1947.0,1070.0,4203,1,0,1,Biker
44,1870.0,1013.0,1947.0,1070.0,4204,1,0,1,Biker
44,1870.0,1013.0,1947.0,1070.0,4205,1,0,1,Biker
44,1870.0,1013.0,1947.0,1070.0,4206,1,0,1,Biker
44,1870.0,1013.0,1947.0,1070.0,4207,1,0,1,Biker
44,1870.0,1013.0,1947.0,1070.0,4208,1,0,1,Biker
44,1870.0,1013.0,1947.0,1070.0,4209,1,0,1,Biker
44,1870.0,1013.0,1947.0,1070.0,4210,1,0,1,Biker
44,1872.0,1013.0,1947.0,1070.0,4211,1,0,1,Biker
44,1872.0,1013.0,1947.0,1070.0,4212,1,0,1,Biker
44,1872.0,1013.0,1947.0,1070.0,4213,1,0,1,Biker
44,1872.0,1013.0,1949.0,1070.0,4214,1,0,1,Biker
44,1872.0,1013.0,1949.0,1070.0,4215,1,0,1,Biker
44,1872.0,1013.0,1949.0,1070.0,4216,1,0,1,Biker
44,1872.0,1013.0,1949.0,1070.0,4217,1,0,1,Biker
44,1872.0,1013.0,1949.0,1070.0,4218,1,0,1,Biker
44,1872.0,1013.0,1949.0,1070.0,4219,1,0,1,Biker
44,1872.0,1013.0,1949.0,1070.0,4220,1,0,1,Biker
44,1872.0,1013.0,1949.0,1070.0,4221,1,0,1,Biker
44,1875.0,1013.0,1949.0,1070.0,4222,1,0,1,Biker
44,1875.0,1013.0,1949.0,1070.0,4223,1,0,1,Biker
44,1875.0,1013.0,1949.0,1070.0,4224,1,0,1,Biker
44,1875.0,1013.0,1949.0,1070.0,4225,1,0,1,Biker
44,1875.0,1013.0,1952.0,1070.0,4226,1,0,1,Biker
44,1875.0,1013.0,1952.0,1070.0,4227,1,0,1,Biker
44,1875.0,1013.0,1952.0,1070.0,4228,1,0,1,Biker
44,1875.0,1013.0,1952.0,1070.0,4229,1,0,1,Biker
44,1875.0,1013.0,1952.0,1070.0,4230,1,0,1,Biker
44,1875.0,1013.0,1952.0,1070.0,4231,1,0,1,Biker
44,1875.0,1013.0,1952.0,1070.0,4232,1,0,1,Biker
44,1878.0,1013.0,1952.0,1070.0,4233,1,0,1,Biker
44,1878.0,1013.0,1952.0,1070.0,4234,1,0,1,Biker
44,1878.0,1013.0,1952.0,1070.0,4235,1,0,1,Biker
44,1878.0,1013.0,1952.0,1070.0,4236,1,0,1,Biker
44,1878.0,1013.0,1952.0,1070.0,4237,1,0,1,Biker
44,1878.0,1013.0,1955.0,1070.0,4238,1,0,1,Biker
44,1878.0,1013.0,1955.0,1070.0,4239,1,0,1,Biker
44,1878.0,1013.0,1955.0,1070.0,4240,1,0,1,Biker
44,1878.0,1013.0,1955.0,1070.0,4241,1,0,1,Biker
44,1878.0,1013.0,1955.0,1070.0,4242,1,0,1,Biker
44,1878.0,1013.0,1955.0,1070.0,4243,1,0,1,Biker
44,1881.0,1013.0,1955.0,1070.0,4244,1,0,1,Biker
44,1881.0,1013.0,1955.0,1070.0,4245,1,0,1,Biker
44,1881.0,1013.0,1955.0,1070.0,4246,1,0,1,Biker
44,1881.0,1013.0,1955.0,1070.0,4247,1,0,1,Biker
44,1881.0,1013.0,1955.0,1070.0,4248,1,0,1,Biker
44,1881.0,1013.0,1955.0,1070.0,4249,1,0,1,Biker
44,1881.0,1013.0,1958.0,1070.0,4250,1,0,1,Biker
44,1881.0,1013.0,1958.0,1070.0,4251,1,0,1,Biker
44,1881.0,1013.0,1958.0,1070.0,4252,1,0,1,Biker
44,1881.0,1013.0,1958.0,1070.0,4253,1,0,1,Biker
44,1881.0,1013.0,1958.0,1070.0,4254,1,0,1,Biker
44,1883.0,1013.0,1958.0,1070.0,4255,1,0,1,Biker
44,1883.0,1013.0,1958.0,1070.0,4256,1,0,1,Biker
44,1883.0,1013.0,1958.0,1070.0,4257,1,0,1,Biker
44,1883.0,1013.0,1958.0,1070.0,4258,1,0,1,Biker
44,1883.0,1013.0,1958.0,1070.0,4259,1,0,1,Biker
44,1883.0,1013.0,1958.0,1070.0,4260,1,0,1,Biker
44,1883.0,1013.0,1958.0,1070.0,4261,1,0,1,Biker
44,1883.0,1013.0,1960.0,1070.0,4262,1,0,1,Biker
44,1883.0,1013.0,1960.0,1070.0,4263,1,0,1,Biker
44,1883.0,1013.0,1960.0,1070.0,4264,1,0,1,Biker
44,1883.0,1013.0,1960.0,1070.0,4265,1,0,1,Biker
44,1886.0,1013.0,1960.0,1070.0,4266,1,0,1,Biker
44,1886.0,1013.0,1960.0,1070.0,4267,1,0,1,Biker
44,1886.0,1013.0,1960.0,1070.0,4268,1,0,1,Biker
44,1886.0,1013.0,1960.0,1070.0,4269,1,0,1,Biker
44,1886.0,1013.0,1960.0,1070.0,4270,1,0,1,Biker
44,1886.0,1013.0,1960.0,1070.0,4271,1,0,1,Biker
44,1886.0,1013.0,1960.0,1070.0,4272,1,0,1,Biker
44,1886.0,1013.0,1960.0,1070.0,4273,1,0,1,Biker
44,1886.0,1013.0,1963.0,1070.0,4274,1,0,1,Biker
44,1886.0,1013.0,1963.0,1070.0,4275,1,0,1,Biker
44,1886.0,1013.0,1963.0,1070.0,4276,1,0,1,Biker
44,1889.0,1013.0,1963.0,1070.0,4277,1,0,1,Biker
44,1889.0,1013.0,1963.0,1070.0,4278,1,0,1,Biker
44,1889.0,1013.0,1963.0,1070.0,4279,1,0,1,Biker
44,1889.0,1013.0,1963.0,1070.0,4280,1,0,1,Biker
44,1889.0,1013.0,1963.0,1070.0,4281,1,0,1,Biker
44,1889.0,1013.0,1963.0,1070.0,4282,1,0,1,Biker
44,1889.0,1013.0,1963.0,1070.0,4283,1,0,1,Biker
44,1889.0,1013.0,1963.0,1070.0,4284,1,0,1,Biker
44,1889.0,1013.0,1963.0,1070.0,4285,1,0,1,Biker
44,1889.0,1013.0,1966.0,1070.0,4286,1,0,1,Biker
44,1889.0,1013.0,1966.0,1070.0,4287,1,0,1,Biker
44,1892.0,1013.0,1966.0,1070.0,4288,1,0,1,Biker
44,1892.0,1013.0,1966.0,1070.0,4289,1,0,1,Biker
44,1892.0,1013.0,1966.0,1070.0,4290,1,0,1,Biker
44,1892.0,1013.0,1966.0,1070.0,4291,1,0,1,Biker
44,1892.0,1013.0,1966.0,1070.0,4292,1,0,1,Biker
44,1892.0,1013.0,1966.0,1070.0,4293,1,0,1,Biker
44,1892.0,1013.0,1966.0,1070.0,4294,1,0,1,Biker
44,1892.0,1013.0,1966.0,1070.0,4295,1,0,1,Biker
44,1892.0,1013.0,1966.0,1070.0,4296,1,0,1,Biker
44,1892.0,1013.0,1966.0,1070.0,4297,1,0,1,Biker
44,1892.0,1013.0,1969.0,1070.0,4298,1,0,1,Biker
44,1894.0,1013.0,1969.0,1070.0,4299,1,0,1,Biker
44,1894.0,1013.0,1969.0,1070.0,4300,1,0,1,Biker
44,1894.0,1013.0,1969.0,1070.0,4301,1,0,1,Biker
44,1894.0,1013.0,1969.0,1070.0,4302,1,0,1,Biker
44,1894.0,1013.0,1969.0,1070.0,4303,1,0,1,Biker
44,1894.0,1013.0,1969.0,1070.0,4304,1,0,1,Biker
44,1894.0,1013.0,1969.0,1070.0,4305,1,0,1,Biker
44,1894.0,1013.0,1969.0,1070.0,4306,1,0,1,Biker
44,1894.0,1013.0,1969.0,1070.0,4307,1,0,1,Biker
44,1894.0,1013.0,1969.0,1070.0,4308,1,0,1,Biker
44,1894.0,1013.0,1969.0,1070.0,4309,1,0,1,Biker
44,1897.0,1013.0,1971.0,1070.0,4310,1,0,1,Biker
44,1897.0,1013.0,1971.0,1070.0,4311,1,0,1,Biker
44,1897.0,1013.0,1971.0,1070.0,4312,1,0,1,Biker
44,1897.0,1013.0,1971.0,1070.0,4313,1,0,1,Biker
44,1897.0,1013.0,1971.0,1070.0,4314,1,0,1,Biker
44,1897.0,1013.0,1971.0,1070.0,4315,1,0,1,Biker
44,1897.0,1013.0,1971.0,1070.0,4316,1,0,1,Biker
44,1897.0,1013.0,1971.0,1070.0,4317,1,0,1,Biker
44,1897.0,1013.0,1971.0,1070.0,4318,1,0,1,Biker
44,1897.0,1013.0,1971.0,1070.0,4319,1,0,1,Biker
44,1897.0,1013.0,1971.0,1070.0,4320,1,0,1,Biker
44,1900.0,1015.0,1974.0,1072.0,4321,0,0,0,Biker
44,1900.0,1015.0,1974.0,1072.0,4322,0,0,1,Biker
44,1900.0,1015.0,1974.0,1072.0,4323,0,0,1,Biker
44,1900.0,1015.0,1974.0,1072.0,4324,0,0,1,Biker
44,1903.0,1015.0,1974.0,1074.0,4325,0,0,1,Biker
44,1903.0,1017.0,1974.0,1074.0,4326,0,0,1,Biker
44,1903.0,1017.0,1974.0,1074.0,4327,0,0,1,Biker
44,1905.0,1017.0,1974.0,1077.0,4328,0,0,1,Biker
44,1905.0,1017.0,1974.0,1077.0,4329,0,0,1,Biker
44,1905.0,1017.0,1974.0,1077.0,4330,0,0,1,Biker
44,1908.0,1020.0,1977.0,1079.0,4331,0,0,0,Biker
44,1903.0,1020.0,1971.0,1079.0,4332,0,0,1,Biker
44,1900.0,1020.0,1969.0,1079.0,4333,0,0,1,Biker
44,1894.0,1020.0,1966.0,1079.0,4334,0,0,1,Biker
44,1892.0,1020.0,1960.0,1079.0,4335,0,0,1,Biker
44,1889.0,1020.0,1958.0,1079.0,4336,0,0,1,Biker
44,1883.0,1020.0,1955.0,1079.0,4337,0,0,1,Biker
44,1881.0,1022.0,1949.0,1079.0,4338,0,0,1,Biker
44,1878.0,1022.0,1947.0,1079.0,4339,0,0,1,Biker
44,1872.0,1022.0,1944.0,1079.0,4340,0,0,1,Biker
44,1870.0,1022.0,1941.0,1081.0,4341,0,0,1,Biker
44,1867.0,1022.0,1936.0,1081.0,4342,0,0,1,Biker
44,1861.0,1022.0,1933.0,1081.0,4343,0,0,1,Biker
44,1859.0,1022.0,1930.0,1081.0,4344,0,0,1,Biker
44,1856.0,1024.0,1925.0,1081.0,4345,0,0,1,Biker
44,1850.0,1024.0,1922.0,1081.0,4346,0,0,1,Biker
44,1848.0,1024.0,1919.0,1081.0,4347,0,0,1,Biker
44,1845.0,1024.0,1914.0,1081.0,4348,0,0,1,Biker
44,1839.0,1024.0,1911.0,1081.0,4349,0,0,1,Biker
44,1837.0,1024.0,1908.0,1081.0,4350,0,0,1,Biker
44,1834.0,1026.0,1905.0,1083.0,4351,0,0,0,Biker
44,1831.0,1026.0,1903.0,1083.0,4352,0,0,1,Biker
44,1828.0,1026.0,1900.0,1083.0,4353,0,0,1,Biker
44,1826.0,1026.0,1897.0,1083.0,4354,0,0,1,Biker
44,1823.0,1029.0,1894.0,1083.0,4355,0,0,1,Biker
44,1820.0,1029.0,1892.0,1083.0,4356,0,0,1,Biker
44,1817.0,1029.0,1889.0,1083.0,4357,0,0,1,Biker
44,1815.0,1031.0,1886.0,1083.0,4358,0,0,1,Biker
44,1812.0,1031.0,1883.0,1083.0,4359,0,0,1,Biker
44,1809.0,1031.0,1881.0,1083.0,4360,0,0,1,Biker
44,1809.0,1033.0,1881.0,1086.0,4361,0,0,1,Biker
44,1806.0,1033.0,1878.0,1086.0,4362,0,0,1,Biker
44,1804.0,1033.0,1875.0,1086.0,4363,0,0,1,Biker
44,1801.0,1033.0,1872.0,1086.0,4364,0,0,1,Biker
44,1798.0,1036.0,1870.0,1086.0,4365,0,0,1,Biker
44,1795.0,1036.0,1867.0,1086.0,4366,0,0,1,Biker
44,1793.0,1036.0,1864.0,1086.0,4367,0,0,1,Biker
44,1790.0,1038.0,1861.0,1086.0,4368,0,0,1,Biker
44,1787.0,1038.0,1859.0,1086.0,4369,0,0,1,Biker
44,1784.0,1038.0,1856.0,1086.0,4370,0,0,1,Biker
44,1784.0,1040.0,1856.0,1088.0,4371,0,0,0,Biker
44,1779.0,1040.0,1850.0,1088.0,4372,0,0,1,Biker
44,1776.0,1040.0,1848.0,1088.0,4373,0,0,1,Biker
44,1771.0,1040.0,1842.0,1088.0,4374,0,0,1,Biker
44,1768.0,1040.0,1839.0,1088.0,4375,0,0,1,Biker
44,1765.0,1040.0,1837.0,1088.0,4376,0,0,1,Biker
44,1760.0,1040.0,1831.0,1088.0,4377,0,0,1,Biker
44,1757.0,1040.0,1828.0,1088.0,4378,0,0,1,Biker
44,1754.0,1040.0,1826.0,1088.0,4379,0,0,1,Biker
44,1749.0,1040.0,1820.0,1088.0,4380,0,0,1,Biker
44,1746.0,1040.0,1817.0,1088.0,4381,0,0,1,Biker
44,1743.0,1040.0,1815.0,1088.0,4382,0,0,1,Biker
44,1738.0,1040.0,1809.0,1088.0,4383,0,0,1,Biker
44,1735.0,1040.0,1806.0,1088.0,4384,0,0,1,Biker
44,1732.0,1040.0,1804.0,1088.0,4385,0,0,1,Biker
44,1727.0,1040.0,1798.0,1088.0,4386,0,0,1,Biker
44,1724.0,1040.0,1795.0,1088.0,4387,0,0,1,Biker
44,1721.0,1040.0,1793.0,1088.0,4388,0,0,1,Biker
44,1716.0,1040.0,1787.0,1088.0,4389,0,0,1,Biker
44,1713.0,1040.0,1784.0,1088.0,4390,0,0,1,Biker
44,1710.0,1040.0,1782.0,1088.0,4391,0,0,0,Biker
44,1705.0,1038.0,1776.0,1086.0,4392,0,0,1,Biker
44,1702.0,1038.0,1773.0,1086.0,4393,0,0,1,Biker
44,1696.0,1036.0,1768.0,1083.0,4394,0,0,1,Biker
44,1694.0,1036.0,1765.0,1083.0,4395,0,0,1,Biker
44,1691.0,1033.0,1762.0,1081.0,4396,0,0,1,Biker
44,1685.0,1033.0,1757.0,1081.0,4397,0,0,1,Biker
44,1683.0,1031.0,1754.0,1079.0,4398,0,0,1,Biker
44,1677.0,1031.0,1749.0,1079.0,4399,0,0,1,Biker
44,1674.0,1031.0,1746.0,1079.0,4400,0,0,1,Biker
44,1672.0,1029.0,1743.0,1077.0,4401,0,0,1,Biker
44,1666.0,1029.0,1738.0,1077.0,4402,0,0,1,Biker
44,1663.0,1026.0,1735.0,1074.0,4403,0,0,1,Biker
44,1658.0,1026.0,1729.0,1074.0,4404,0,0,1,Biker
44,1655.0,1024.0,1727.0,1072.0,4405,0,0,1,Biker
44,1652.0,1024.0,1724.0,1072.0,4406,0,0,1,Biker
44,1647.0,1024.0,1718.0,1072.0,4407,0,0,1,Biker
44,1644.0,1022.0,1716.0,1070.0,4408,0,0,1,Biker
44,1639.0,1022.0,1710.0,1070.0,4409,0,0,1,Biker
44,1636.0,1020.0,1707.0,1067.0,4410,0,0,1,Biker
44,1633.0,1020.0,1705.0,1067.0,4411,0,0,1,Biker
44,1628.0,1017.0,1699.0,1065.0,4412,0,0,1,Biker
44,1625.0,1017.0,1696.0,1065.0,4413,0,0,1,Biker
44,1619.0,1017.0,1691.0,1065.0,4414,0,0,1,Biker
44,1617.0,1015.0,1688.0,1063.0,4415,0,0,1,Biker
44,1614.0,1015.0,1685.0,1063.0,4416,0,0,1,Biker
44,1608.0,1013.0,1680.0,1061.0,4417,0,0,1,Biker
44,1606.0,1013.0,1677.0,1061.0,4418,0,0,1,Biker
44,1600.0,1011.0,1672.0,1058.0,4419,0,0,1,Biker
44,1597.0,1011.0,1669.0,1058.0,4420,0,0,1,Biker
44,1595.0,1011.0,1666.0,1058.0,4421,0,0,0,Biker
44,1589.0,1008.0,1661.0,1056.0,4422,0,0,1,Biker
44,1586.0,1008.0,1658.0,1056.0,4423,0,0,1,Biker
44,1581.0,1006.0,1652.0,1054.0,4424,0,0,1,Biker
44,1578.0,1006.0,1650.0,1054.0,4425,0,0,1,Biker
44,1575.0,1006.0,1647.0,1054.0,4426,0,0,1,Biker
44,1570.0,1004.0,1641.0,1052.0,4427,0,0,1,Biker
44,1567.0,1004.0,1639.0,1052.0,4428,0,0,1,Biker
44,1562.0,1004.0,1633.0,1052.0,4429,0,0,1,Biker
44,1559.0,1001.0,1630.0,1049.0,4430,0,0,1,Biker
44,1556.0,1001.0,1628.0,1049.0,4431,0,0,1,Biker
44,1551.0,1001.0,1622.0,1049.0,4432,0,0,1,Biker
44,1548.0,999.0,1619.0,1047.0,4433,0,0,1,Biker
44,1542.0,999.0,1614.0,1047.0,4434,0,0,1,Biker
44,1540.0,999.0,1611.0,1047.0,4435,0,0,1,Biker
44,1537.0,997.0,1608.0,1045.0,4436,0,0,1,Biker
44,1531.0,997.0,1603.0,1045.0,4437,0,0,1,Biker
44,1529.0,997.0,1600.0,1045.0,4438,0,0,1,Biker
44,1523.0,995.0,1595.0,1042.0,4439,0,0,1,Biker
44,1520.0,995.0,1592.0,1042.0,4440,0,0,1,Biker
44,1518.0,995.0,1589.0,1042.0,4441,0,0,0,Biker
44,1512.0,992.0,1584.0,1040.0,4442,0,0,1,Biker
44,1509.0,992.0,1581.0,1040.0,4443,0,0,1,Biker
44,1504.0,990.0,1575.0,1038.0,4444,0,0,1,Biker
44,1501.0,990.0,1573.0,1038.0,4445,0,0,1,Biker
44,1496.0,988.0,1567.0,1036.0,4446,0,0,1,Biker
44,1493.0,988.0,1564.0,1036.0,4447,0,0,1,Biker
44,1487.0,985.0,1559.0,1033.0,4448,0,0,1,Biker
44,1485.0,985.0,1556.0,1033.0,4449,0,0,1,Biker
44,1482.0,983.0,1553.0,1031.0,4450,0,0,1,Biker
44,1476.0,983.0,1548.0,1031.0,4451,0,0,1,Biker
44,1474.0,981.0,1545.0,1029.0,4452,0,0,1,Biker
44,1468.0,981.0,1540.0,1029.0,4453,0,0,1,Biker
44,1465.0,979.0,1537.0,1026.0,4454,0,0,1,Biker
44,1460.0,979.0,1531.0,1026.0,4455,0,0,1,Biker
44,1457.0,976.0,1529.0,1024.0,4456,0,0,1,Biker
44,1454.0,976.0,1526.0,1024.0,4457,0,0,1,Biker
44,1449.0,974.0,1520.0,1022.0,4458,0,0,1,Biker
44,1446.0,974.0,1518.0,1022.0,4459,0,0,1,Biker
44,1441.0,972.0,1512.0,1020.0,4460,0,0,1,Biker
44,1438.0,972.0,1509.0,1020.0,4461,0,0,1,Biker
44,1432.0,970.0,1504.0,1017.0,4462,0,0,1,Biker
44,1430.0,970.0,1501.0,1017.0,4463,0,0,1,Biker
44,1427.0,967.0,1498.0,1015.0,4464,0,0,1,Biker
44,1421.0,967.0,1493.0,1015.0,4465,0,0,1,Biker
44,1419.0,965.0,1490.0,1013.0,4466,0,0,1,Biker
44,1413.0,965.0,1485.0,1013.0,4467,0,0,1,Biker
44,1410.0,963.0,1482.0,1011.0,4468,0,0,1,Biker
44,1405.0,963.0,1476.0,1011.0,4469,0,0,1,Biker
44,1402.0,960.0,1474.0,1008.0,4470,0,0,1,Biker
44,1399.0,960.0,1471.0,1008.0,4471,0,0,0,Biker
44,1394.0,958.0,1465.0,1006.0,4472,0,0,1,Biker
44,1388.0,958.0,1460.0,1006.0,4473,0,0,1,Biker
44,1383.0,956.0,1454.0,1004.0,4474,0,0,1,Biker
44,1377.0,956.0,1449.0,1004.0,4475,0,0,1,Biker
44,1372.0,954.0,1443.0,1001.0,4476,0,0,1,Biker
44,1366.0,954.0,1438.0,1001.0,4477,0,0,1,Biker
44,1361.0,954.0,1432.0,1001.0,4478,0,0,1,Biker
44,1358.0,951.0,1430.0,999.0,4479,0,0,1,Biker
44,1353.0,951.0,1424.0,999.0,4480,0,0,1,Biker
44,1347.0,949.0,1419.0,997.0,4481,0,0,1,Biker
44,1342.0,949.0,1413.0,997.0,4482,0,0,1,Biker
44,1336.0,949.0,1408.0,997.0,4483,0,0,1,Biker
44,1331.0,947.0,1402.0,995.0,4484,0,0,1,Biker
44,1325.0,947.0,1397.0,995.0,4485,0,0,1,Biker
44,1322.0,944.0,1394.0,992.0,4486,0,0,1,Biker
44,1317.0,944.0,1388.0,992.0,4487,0,0,1,Biker
44,1311.0,942.0,1383.0,990.0,4488,0,0,1,Biker
44,1306.0,942.0,1377.0,990.0,4489,0,0,1,Biker
44,1300.0,942.0,1372.0,990.0,4490,0,0,1,Biker
44,1295.0,940.0,1366.0,988.0,4491,0,0,1,Biker
44,1289.0,940.0,1361.0,988.0,4492,0,0,1,Biker
44,1287.0,938.0,1358.0,985.0,4493,0,0,1,Biker
44,1281.0,938.0,1353.0,985.0,4494,0,0,1,Biker
44,1276.0,938.0,1347.0,985.0,4495,0,0,1,Biker
44,1270.0,935.0,1342.0,983.0,4496,0,0,1,Biker
44,1265.0,935.0,1336.0,983.0,4497,0,0,1,Biker
44,1259.0,933.0,1331.0,981.0,4498,0,0,1,Biker
44,1254.0,933.0,1325.0,981.0,4499,0,0,1,Biker
44,1251.0,933.0,1322.0,981.0,4500,0,0,0,Biker
44,1245.0,931.0,1317.0,979.0,4501,0,0,1,Biker
44,1240.0,931.0,1311.0,979.0,4502,0,0,1,Biker
44,1237.0,931.0,1309.0,979.0,4503,0,0,1,Biker
44,1232.0,929.0,1303.0,979.0,4504,0,0,1,Biker
44,1229.0,929.0,1300.0,976.0,4505,0,0,1,Biker
44,1223.0,929.0,1295.0,976.0,4506,0,0,1,Biker
44,1221.0,926.0,1292.0,976.0,4507,0,0,1,Biker
44,1215.0,926.0,1287.0,976.0,4508,0,0,1,Biker
44,1210.0,926.0,1284.0,974.0,4509,0,0,1,Biker
44,1207.0,924.0,1278.0,974.0,4510,0,0,1,Biker
44,1201.0,924.0,1276.0,974.0,4511,0,0,1,Biker
44,1199.0,924.0,1270.0,974.0,4512,0,0,1,Biker
44,1193.0,922.0,1265.0,972.0,4513,0,0,1,Biker
44,1190.0,922.0,1262.0,972.0,4514,0,0,1,Biker
44,1185.0,922.0,1256.0,972.0,4515,0,0,1,Biker
44,1179.0,919.0,1254.0,972.0,4516,0,0,1,Biker
44,1177.0,919.0,1248.0,970.0,4517,0,0,1,Biker
44,1171.0,919.0,1245.0,970.0,4518,0,0,1,Biker
44,1168.0,919.0,1240.0,970.0,4519,0,0,1,Biker
44,1163.0,917.0,1237.0,970.0,4520,0,0,1,Biker
44,1160.0,917.0,1232.0,967.0,4521,0,0,1,Biker
44,1155.0,917.0,1229.0,967.0,4522,0,0,1,Biker
44,1149.0,915.0,1223.0,967.0,4523,0,0,1,Biker
44,1146.0,915.0,1218.0,967.0,4524,0,0,1,Biker
44,1141.0,915.0,1215.0,965.0,4525,0,0,1,Biker
44,1138.0,913.0,1210.0,965.0,4526,0,0,1,Biker
44,1133.0,913.0,1207.0,965.0,4527,0,0,1,Biker
44,1130.0,913.0,1201.0,965.0,4528,0,0,1,Biker
44,1124.0,910.0,1199.0,963.0,4529,0,0,1,Biker
44,1119.0,910.0,1193.0,963.0,4530,0,0,1,Biker
44,1116.0,910.0,1190.0,963.0,4531,0,0,1,Biker
44,1111.0,908.0,1185.0,963.0,4532,0,0,1,Biker
44,1108.0,908.0,1182.0,960.0,4533,0,0,1,Biker
44,1102.0,908.0,1177.0,960.0,4534,0,0,1,Biker
44,1100.0,908.0,1174.0,960.0,4535,0,0,1,Biker
44,1094.0,906.0,1168.0,960.0,4536,0,0,1,Biker
44,1089.0,906.0,1163.0,960.0,4537,0,0,1,Biker
44,1086.0,906.0,1160.0,958.0,4538,0,0,1,Biker
44,1080.0,904.0,1155.0,958.0,4539,0,0,1,Biker
44,1078.0,904.0,1152.0,958.0,4540,0,0,1,Biker
44,1072.0,904.0,1146.0,958.0,4541,0,0,1,Biker
44,1069.0,901.0,1144.0,956.0,4542,0,0,1,Biker
44,1064.0,901.0,1138.0,956.0,4543,0,0,1,Biker
44,1058.0,901.0,1135.0,956.0,4544,0,0,1,Biker
44,1056.0,899.0,1130.0,956.0,4545,0,0,1,Biker
44,1050.0,899.0,1127.0,954.0,4546,0,0,1,Biker
44,1047.0,899.0,1122.0,954.0,4547,0,0,1,Biker
44,1042.0,897.0,1116.0,954.0,4548,0,0,1,Biker
44,1039.0,897.0,1113.0,954.0,4549,0,0,1,Biker
44,1034.0,897.0,1108.0,951.0,4550,0,0,1,Biker
44,1028.0,894.0,1105.0,951.0,4551,0,0,1,Biker
44,1025.0,894.0,1100.0,951.0,4552,0,0,1,Biker
44,1020.0,894.0,1097.0,951.0,4553,0,0,1,Biker
44,1017.0,894.0,1091.0,949.0,4554,0,0,1,Biker
44,1012.0,892.0,1089.0,949.0,4555,0,0,1,Biker
44,1009.0,892.0,1083.0,949.0,4556,0,0,1,Biker
44,1003.0,892.0,1080.0,949.0,4557,0,0,1,Biker
44,998.0,890.0,1075.0,947.0,4558,0,0,1,Biker
44,995.0,890.0,1069.0,947.0,4559,0,0,1,Biker
44,990.0,890.0,1067.0,947.0,4560,0,0,1,Biker
44,987.0,888.0,1061.0,947.0,4561,0,0,1,Biker
44,981.0,888.0,1058.0,944.0,4562,0,0,1,Biker
44,979.0,888.0,1053.0,944.0,4563,0,0,1,Biker
44,973.0,885.0,1050.0,944.0,4564,0,0,1,Biker
44,968.0,885.0,1045.0,944.0,4565,0,0,1,Biker
44,965.0,885.0,1042.0,942.0,4566,0,0,1,Biker
44,959.0,883.0,1036.0,942.0,4567,0,0,1,Biker
44,957.0,883.0,1034.0,942.0,4568,0,0,1,Biker
44,951.0,883.0,1028.0,942.0,4569,0,0,1,Biker
44,948.0,883.0,1025.0,942.0,4570,0,0,0,Biker
44,943.0,881.0,1020.0,940.0,4571,0,0,1,Biker
44,937.0,881.0,1014.0,940.0,4572,0,0,1,Biker
44,932.0,881.0,1009.0,940.0,4573,0,0,1,Biker
44,926.0,881.0,1003.0,940.0,4574,0,0,1,Biker
44,924.0,881.0,1001.0,940.0,4575,0,0,1,Biker
44,918.0,881.0,995.0,940.0,4576,0,0,1,Biker
44,913.0,881.0,990.0,940.0,4577,0,0,1,Biker
44,907.0,878.0,984.0,938.0,4578,0,0,1,Biker
44,902.0,878.0,979.0,938.0,4579,0,0,1,Biker
44,899.0,878.0,976.0,938.0,4580,0,0,1,Biker
44,893.0,878.0,970.0,938.0,4581,0,0,1,Biker
44,888.0,878.0,965.0,938.0,4582,0,0,1,Biker
44,882.0,878.0,959.0,938.0,4583,0,0,1,Biker
44,877.0,878.0,954.0,938.0,4584,0,0,1,Biker
44,874.0,878.0,951.0,938.0,4585,0,0,1,Biker
44,869.0,876.0,946.0,935.0,4586,0,0,1,Biker
44,863.0,876.0,940.0,935.0,4587,0,0,1,Biker
44,858.0,876.0,935.0,935.0,4588,0,0,1,Biker
44,852.0,876.0,929.0,935.0,4589,0,0,1,Biker
44,849.0,876.0,926.0,935.0,4590,0,0,1,Biker
44,844.0,876.0,921.0,935.0,4591,0,0,1,Biker
44,838.0,876.0,915.0,935.0,4592,0,0,1,Biker
44,833.0,874.0,910.0,933.0,4593,0,0,1,Biker
44,827.0,874.0,904.0,933.0,4594,0,0,1,Biker
44,825.0,874.0,902.0,933.0,4595,0,0,1,Biker
44,819.0,874.0,896.0,933.0,4596,0,0,1,Biker
44,814.0,874.0,891.0,933.0,4597,0,0,1,Biker
44,808.0,874.0,885.0,933.0,4598,0,0,1,Biker
44,803.0,874.0,880.0,933.0,4599,0,0,1,Biker
44,800.0,874.0,877.0,933.0,4600,0,0,1,Biker
44,794.0,872.0,871.0,931.0,4601,0,0,1,Biker
44,789.0,872.0,866.0,931.0,4602,0,0,1,Biker
44,783.0,872.0,860.0,931.0,4603,0,0,1,Biker
44,778.0,872.0,855.0,931.0,4604,0,0,1,Biker
44,775.0,872.0,852.0,931.0,4605,0,0,1,Biker
44,770.0,872.0,847.0,931.0,4606,0,0,1,Biker
44,764.0,872.0,841.0,931.0,4607,0,0,1,Biker
44,759.0,869.0,836.0,929.0,4608,0,0,1,Biker
44,753.0,869.0,830.0,929.0,4609,0,0,1,Biker
44,750.0,869.0,827.0,929.0,4610,0,0,1,Biker
44,745.0,869.0,822.0,929.0,4611,0,0,1,Biker
44,739.0,869.0,816.0,929.0,4612,0,0,1,Biker
44,734.0,869.0,811.0,929.0,4613,0,0,1,Biker
44,728.0,869.0,805.0,929.0,4614,0,0,1,Biker
44,726.0,869.0,803.0,929.0,4615,0,0,1,Biker
44,720.0,867.0,797.0,926.0,4616,0,0,1,Biker
44,715.0,867.0,792.0,926.0,4617,0,0,1,Biker
44,709.0,867.0,786.0,926.0,4618,0,0,1,Biker
44,704.0,867.0,781.0,926.0,4619,0,0,1,Biker
44,701.0,867.0,778.0,926.0,4620,0,0,1,Biker
44,695.0,867.0,772.0,926.0,4621,0,0,1,Biker
44,690.0,867.0,767.0,926.0,4622,0,0,1,Biker
44,684.0,865.0,761.0,924.0,4623,0,0,1,Biker
44,679.0,865.0,756.0,924.0,4624,0,0,1,Biker
44,676.0,865.0,753.0,924.0,4625,0,0,1,Biker
44,671.0,865.0,748.0,924.0,4626,0,0,1,Biker
44,665.0,865.0,742.0,924.0,4627,0,0,1,Biker
44,660.0,865.0,737.0,924.0,4628,0,0,1,Biker
44,654.0,865.0,731.0,924.0,4629,0,0,1,Biker
44,651.0,865.0,728.0,924.0,4630,0,0,0,Biker
44,646.0,863.0,723.0,922.0,4631,0,0,1,Biker
44,640.0,863.0,717.0,922.0,4632,0,0,1,Biker
44,635.0,863.0,712.0,922.0,4633,0,0,1,Biker
44,629.0,863.0,706.0,922.0,4634,0,0,1,Biker
44,627.0,860.0,704.0,919.0,4635,0,0,1,Biker
44,621.0,860.0,698.0,919.0,4636,0,0,1,Biker
44,616.0,860.0,693.0,919.0,4637,0,0,1,Biker
44,610.0,860.0,687.0,919.0,4638,0,0,1,Biker
44,605.0,860.0,682.0,919.0,4639,0,0,1,Biker
44,602.0,858.0,679.0,917.0,4640,0,0,1,Biker
44,596.0,858.0,673.0,917.0,4641,0,0,1,Biker
44,591.0,858.0,668.0,917.0,4642,0,0,1,Biker
44,585.0,858.0,662.0,917.0,4643,0,0,1,Biker
44,583.0,856.0,660.0,915.0,4644,0,0,1,Biker
44,577.0,856.0,654.0,915.0,4645,0,0,1,Biker
44,572.0,856.0,649.0,915.0,4646,0,0,1,Biker
44,566.0,856.0,643.0,915.0,4647,0,0,1,Biker
44,561.0,856.0,638.0,915.0,4648,0,0,1,Biker
44,558.0,853.0,635.0,913.0,4649,0,0,1,Biker
44,552.0,853.0,629.0,913.0,4650,0,0,1,Biker
44,547.0,853.0,624.0,913.0,4651,0,0,1,Biker
44,541.0,853.0,618.0,913.0,4652,0,0,1,Biker
44,539.0,851.0,616.0,910.0,4653,0,0,1,Biker
44,533.0,851.0,610.0,910.0,4654,0,0,1,Biker
44,528.0,851.0,605.0,910.0,4655,0,0,1,Biker
44,522.0,851.0,599.0,910.0,4656,0,0,1,Biker
44,517.0,851.0,594.0,910.0,4657,0,0,1,Biker
44,514.0,849.0,591.0,908.0,4658,0,0,1,Biker
44,508.0,849.0,585.0,908.0,4659,0,0,1,Biker
44,503.0,849.0,580.0,908.0,4660,0,0,1,Biker
44,497.0,849.0,574.0,908.0,4661,0,0,1,Biker
44,495.0,847.0,572.0,906.0,4662,0,0,1,Biker
44,489.0,847.0,566.0,906.0,4663,0,0,1,Biker
44,484.0,847.0,561.0,906.0,4664,0,0,1,Biker
44,478.0,847.0,555.0,906.0,4665,0,0,1,Biker
44,473.0,847.0,550.0,906.0,4666,0,0,1,Biker
44,470.0,844.0,547.0,904.0,4667,0,0,1,Biker
44,464.0,844.0,541.0,904.0,4668,0,0,1,Biker
44,459.0,844.0,536.0,904.0,4669,0,0,1,Biker
44,453.0,844.0,530.0,904.0,4670,0,0,1,Biker
44,451.0,842.0,528.0,901.0,4671,0,0,1,Biker
44,445.0,842.0,522.0,901.0,4672,0,0,1,Biker
44,440.0,842.0,517.0,901.0,4673,0,0,1,Biker
44,434.0,842.0,511.0,901.0,4674,0,0,1,Biker
44,429.0,842.0,506.0,901.0,4675,0,0,1,Biker
44,426.0,840.0,503.0,899.0,4676,0,0,1,Biker
44,420.0,840.0,497.0,899.0,4677,0,0,1,Biker
44,415.0,840.0,492.0,899.0,4678,0,0,1,Biker
44,409.0,840.0,486.0,899.0,4679,0,0,1,Biker
44,407.0,840.0,484.0,899.0,4680,0,0,0,Biker
44,401.0,837.0,478.0,897.0,4681,0,0,1,Biker
44,396.0,837.0,473.0,897.0,4682,0,0,1,Biker
44,390.0,835.0,467.0,894.0,4683,0,0,1,Biker
44,385.0,835.0,462.0,894.0,4684,0,0,1,Biker
44,379.0,835.0,456.0,894.0,4685,0,0,1,Biker
44,374.0,833.0,451.0,892.0,4686,0,0,1,Biker
44,368.0,833.0,445.0,892.0,4687,0,0,1,Biker
44,363.0,833.0,440.0,892.0,4688,0,0,1,Biker
44,357.0,831.0,434.0,890.0,4689,0,0,1,Biker
44,354.0,831.0,431.0,890.0,4690,0,0,1,Biker
44,349.0,831.0,426.0,890.0,4691,0,0,1,Biker
44,343.0,828.0,420.0,888.0,4692,0,0,1,Biker
44,338.0,828.0,415.0,888.0,4693,0,0,1,Biker
44,332.0,828.0,409.0,888.0,4694,0,0,1,Biker
44,327.0,826.0,404.0,885.0,4695,0,0,1,Biker
44,321.0,826.0,398.0,885.0,4696,0,0,1,Biker
44,316.0,826.0,393.0,885.0,4697,0,0,1,Biker
44,310.0,824.0,387.0,883.0,4698,0,0,1,Biker
44,305.0,824.0,382.0,883.0,4699,0,0,1,Biker
44,302.0,824.0,379.0,883.0,4700,0,0,1,Biker
44,297.0,822.0,374.0,881.0,4701,0,0,1,Biker
44,291.0,822.0,368.0,881.0,4702,0,0,1,Biker
44,286.0,819.0,363.0,878.0,4703,0,0,1,Biker
44,280.0,819.0,357.0,878.0,4704,0,0,1,Biker
44,275.0,819.0,352.0,878.0,4705,0,0,1,Biker
44,269.0,817.0,346.0,876.0,4706,0,0,1,Biker
44,264.0,817.0,341.0,876.0,4707,0,0,1,Biker
44,258.0,817.0,335.0,876.0,4708,0,0,1,Biker
44,253.0,815.0,330.0,874.0,4709,0,0,1,Biker
44,250.0,815.0,327.0,874.0,4710,0,0,1,Biker
44,244.0,815.0,321.0,874.0,4711,0,0,1,Biker
44,239.0,812.0,316.0,872.0,4712,0,0,1,Biker
44,233.0,812.0,310.0,872.0,4713,0,0,1,Biker
44,228.0,812.0,305.0,872.0,4714,0,0,1,Biker
44,222.0,810.0,299.0,869.0,4715,0,0,1,Biker
44,217.0,810.0,294.0,869.0,4716,0,0,1,Biker
44,211.0,810.0,288.0,869.0,4717,0,0,1,Biker
44,206.0,808.0,283.0,867.0,4718,0,0,1,Biker
44,200.0,808.0,277.0,867.0,4719,0,0,1,Biker
44,198.0,808.0,275.0,867.0,4720,0,0,0,Biker
44,192.0,808.0,269.0,867.0,4721,0,0,1,Biker
44,187.0,808.0,264.0,867.0,4722,0,0,1,Biker
44,181.0,808.0,258.0,867.0,4723,0,0,1,Biker
44,176.0,808.0,253.0,867.0,4724,0,0,1,Biker
44,170.0,808.0,247.0,867.0,4725,0,0,1,Biker
44,165.0,808.0,242.0,867.0,4726,0,0,1,Biker
44,159.0,808.0,236.0,867.0,4727,0,0,1,Biker
44,156.0,808.0,233.0,867.0,4728,0,0,1,Biker
44,151.0,808.0,228.0,867.0,4729,0,0,1,Biker
44,145.0,810.0,222.0,869.0,4730,0,0,1,Biker
44,140.0,810.0,217.0,869.0,4731,0,0,1,Biker
44,134.0,810.0,211.0,869.0,4732,0,0,1,Biker
44,129.0,810.0,206.0,869.0,4733,0,0,1,Biker
44,123.0,810.0,200.0,869.0,4734,0,0,1,Biker
44,121.0,810.0,198.0,869.0,4735,0,0,1,Biker
44,115.0,810.0,192.0,869.0,4736,0,0,1,Biker
44,110.0,810.0,187.0,869.0,4737,0,0,1,Biker
44,104.0,810.0,181.0,869.0,4738,0,0,1,Biker
44,99.0,810.0,176.0,869.0,4739,0,0,1,Biker
44,93.0,812.0,170.0,872.0,4740,0,0,1,Biker
44,88.0,812.0,165.0,872.0,4741,0,0,1,Biker
44,82.0,812.0,159.0,872.0,4742,0,0,1,Biker
44,79.0,812.0,156.0,872.0,4743,0,0,1,Biker
44,74.0,812.0,151.0,872.0,4744,0,0,1,Biker
44,68.0,812.0,145.0,872.0,4745,0,0,1,Biker
44,63.0,812.0,140.0,872.0,4746,0,0,1,Biker
44,57.0,812.0,134.0,872.0,4747,0,0,1,Biker
44,52.0,812.0,129.0,872.0,4748,0,0,1,Biker
44,46.0,812.0,123.0,872.0,4749,0,0,1,Biker
44,44.0,815.0,121.0,874.0,4750,0,0,0,Biker
44,41.0,815.0,115.0,874.0,4751,0,0,1,Biker
44,38.0,815.0,112.0,874.0,4752,0,0,1,Biker
44,35.0,815.0,110.0,874.0,4753,0,0,1,Biker
44,33.0,815.0,107.0,874.0,4754,0,0,1,Biker
44,33.0,815.0,104.0,874.0,4755,0,0,1,Biker
44,30.0,815.0,101.0,874.0,4756,0,0,1,Biker
44,27.0,815.0,96.0,874.0,4757,0,0,1,Biker
44,24.0,815.0,93.0,874.0,4758,0,0,1,Biker
44,22.0,815.0,90.0,874.0,4759,0,0,1,Biker
44,22.0,815.0,88.0,874.0,4760,0,0,1,Biker
44,19.0,815.0,85.0,874.0,4761,0,0,1,Biker
44,16.0,815.0,82.0,874.0,4762,0,0,1,Biker
44,13.0,815.0,79.0,874.0,4763,0,0,1,Biker
44,11.0,815.0,74.0,874.0,4764,0,0,1,Biker
44,11.0,815.0,71.0,874.0,4765,0,0,1,Biker
44,8.0,815.0,68.0,874.0,4766,0,0,1,Biker
44,5.0,815.0,66.0,874.0,4767,0,0,1,Biker
44,2.0,815.0,63.0,874.0,4768,0,0,1,Biker
44,0.0,815.0,60.0,874.0,4769,0,0,1,Biker
44,0.0,817.0,57.0,876.0,4770,1,0,0,Biker
44,0.0,815.0,52.0,874.0,4771,1,0,1,Biker
44,0.0,815.0,49.0,874.0,4772,1,0,1,Biker
44,0.0,815.0,44.0,874.0,4773,1,0,1,Biker
44,0.0,815.0,41.0,874.0,4774,1,0,1,Biker
44,0.0,815.0,35.0,874.0,4775,1,0,1,Biker
44,0.0,815.0,33.0,874.0,4776,1,0,1,Biker
44,0.0,815.0,27.0,874.0,4777,1,0,1,Biker
44,0.0,815.0,24.0,874.0,4778,1,0,1,Biker
44,0.0,815.0,19.0,874.0,4779,1,0,1,Biker
44,0.0,815.0,16.0,874.0,4780,1,0,0,Biker
44,0.0,815.0,16.0,874.0,4781,1,0,1,Biker
44,0.0,815.0,16.0,874.0,4782,1,0,1,Biker
44,0.0,815.0,16.0,874.0,4783,1,0,1,Biker
44,0.0,815.0,16.0,874.0,4784,1,0,1,Biker
44,0.0,815.0,16.0,874.0,4785,1,0,1,Biker
44,0.0,815.0,16.0,874.0,4786,1,0,1,Biker
44,0.0,815.0,16.0,874.0,4787,1,0,1,Biker
44,0.0,815.0,16.0,874.0,4788,1,0,1,Biker
44,0.0,815.0,16.0,874.0,4789,1,0,1,Biker
44,0.0,815.0,16.0,874.0,4790,1,0,1,Biker
44,0.0,815.0,16.0,874.0,4791,1,0,1,Biker
44,0.0,815.0,16.0,874.0,4792,1,0,1,Biker
44,0.0,815.0,16.0,874.0,4793,1,0,1,Biker
44,0.0,815.0,16.0,874.0,4794,1,0,1,Biker
44,0.0,815.0,16.0,874.0,4795,1,0,1,Biker
44,0.0,815.0,16.0,874.0,4796,1,0,1,Biker
44,0.0,815.0,16.0,874.0,4797,1,0,1,Biker
44,0.0,815.0,16.0,874.0,4798,1,0,1,Biker
44,0.0,815.0,16.0,874.0,4799,1,0,1,Biker
44,0.0,815.0,16.0,874.0,4800,1,0,1,Biker
44,0.0,815.0,16.0,874.0,4801,1,0,1,Biker
44,0.0,815.0,16.0,874.0,4802,1,0,1,Biker
44,0.0,815.0,16.0,874.0,4803,1,0,1,Biker
44,0.0,815.0,16.0,874.0,4804,1,0,1,Biker
44,0.0,815.0,16.0,874.0,4805,1,0,1,Biker
44,0.0,815.0,16.0,874.0,4806,1,0,1,Biker
44,0.0,815.0,16.0,874.0,4807,1,0,1,Biker
44,0.0,815.0,16.0,874.0,4808,1,0,1,Biker
44,0.0,815.0,16.0,874.0,4809,1,0,1,Biker
44,0.0,815.0,16.0,874.0,4810,1,0,1,Biker
44,0.0,815.0,16.0,874.0,4811,1,0,1,Biker
44,0.0,815.0,16.0,874.0,4812,1,0,1,Biker
44,0.0,815.0,16.0,874.0,4813,1,0,1,Biker
44,0.0,815.0,16.0,874.0,4814,1,0,1,Biker
44,0.0,815.0,16.0,874.0,4815,1,0,1,Biker
44,0.0,815.0,16.0,874.0,4816,1,0,1,Biker
44,0.0,815.0,16.0,874.0,4817,1,0,1,Biker
44,0.0,815.0,16.0,874.0,4818,1,0,1,Biker
44,0.0,815.0,16.0,874.0,4819,1,0,1,Biker
44,0.0,815.0,16.0,874.0,4820,1,0,1,Biker
44,0.0,815.0,16.0,874.0,4821,1,0,1,Biker
44,0.0,815.0,16.0,874.0,4822,1,0,1,Biker
44,0.0,815.0,16.0,874.0,4823,1,0,1,Biker
44,0.0,815.0,16.0,874.0,4824,1,0,1,Biker
44,0.0,815.0,16.0,874.0,4825,1,0,1,Biker
44,0.0,815.0,16.0,874.0,4826,1,0,1,Biker
44,0.0,815.0,16.0,874.0,4827,1,0,1,Biker
44,0.0,815.0,16.0,874.0,4828,1,0,1,Biker
44,0.0,815.0,16.0,874.0,4829,1,0,1,Biker
44,0.0,815.0,16.0,874.0,4830,1,0,1,Biker
44,0.0,815.0,16.0,874.0,4831,1,0,1,Biker
44,0.0,815.0,16.0,874.0,4832,1,0,1,Biker
44,0.0,815.0,16.0,874.0,4833,1,0,1,Biker
44,0.0,815.0,16.0,874.0,4834,1,0,1,Biker
44,0.0,815.0,16.0,874.0,4835,1,0,1,Biker
44,0.0,815.0,16.0,874.0,4836,1,0,1,Biker
44,0.0,815.0,16.0,874.0,4837,1,0,1,Biker
44,0.0,815.0,16.0,874.0,4838,1,0,1,Biker
44,0.0,815.0,16.0,874.0,4839,1,0,1,Biker
44,0.0,815.0,16.0,874.0,4840,1,0,1,Biker
44,0.0,815.0,16.0,874.0,4841,1,0,1,Biker
44,0.0,815.0,16.0,874.0,4842,1,0,1,Biker
44,0.0,815.0,16.0,874.0,4843,1,0,1,Biker
44,0.0,815.0,16.0,874.0,4844,1,0,1,Biker
44,0.0,815.0,16.0,874.0,4845,1,0,1,Biker
44,0.0,815.0,16.0,874.0,4846,1,0,1,Biker
44,0.0,815.0,16.0,874.0,4847,1,0,1,Biker
44,0.0,815.0,16.0,874.0,4848,1,0,1,Biker
44,0.0,815.0,16.0,874.0,4849,1,0,1,Biker
44,0.0,815.0,16.0,874.0,4850,1,0,1,Biker
44,0.0,815.0,16.0,874.0,4851,1,0,1,Biker
44,0.0,815.0,16.0,874.0,4852,1,0,1,Biker
44,0.0,815.0,16.0,874.0,4853,1,0,1,Biker
44,0.0,815.0,16.0,874.0,4854,1,0,1,Biker
44,0.0,815.0,16.0,874.0,4855,1,0,1,Biker
44,0.0,815.0,16.0,874.0,4856,1,0,1,Biker
44,0.0,815.0,16.0,874.0,4857,1,0,1,Biker
44,0.0,815.0,16.0,874.0,4858,1,0,1,Biker
44,0.0,815.0,16.0,874.0,4859,1,0,1,Biker
44,0.0,815.0,16.0,874.0,4860,1,0,1,Biker
44,0.0,815.0,16.0,874.0,4861,1,0,1,Biker
44,0.0,815.0,16.0,874.0,4862,1,0,1,Biker
44,0.0,815.0,16.0,874.0,4863,1,0,1,Biker
44,0.0,815.0,16.0,874.0,4864,1,0,1,Biker
44,0.0,815.0,16.0,874.0,4865,1,0,1,Biker
44,0.0,815.0,16.0,874.0,4866,1,0,1,Biker
44,0.0,815.0,16.0,874.0,4867,1,0,1,Biker
44,0.0,815.0,16.0,874.0,4868,1,0,1,Biker
44,0.0,815.0,16.0,874.0,4869,1,0,1,Biker
44,0.0,815.0,16.0,874.0,4870,1,0,1,Biker
44,0.0,815.0,16.0,874.0,4871,1,0,1,Biker
44,0.0,815.0,16.0,874.0,4872,1,0,1,Biker
44,0.0,815.0,16.0,874.0,4873,1,0,1,Biker
44,0.0,815.0,16.0,874.0,4874,1,0,1,Biker
44,0.0,815.0,16.0,874.0,4875,1,0,1,Biker
44,0.0,815.0,16.0,874.0,4876,1,0,1,Biker
44,0.0,815.0,16.0,874.0,4877,1,0,1,Biker
44,0.0,815.0,16.0,874.0,4878,1,0,1,Biker
44,0.0,815.0,16.0,874.0,4879,1,0,1,Biker
44,0.0,815.0,16.0,874.0,4880,1,0,1,Biker
44,0.0,815.0,16.0,874.0,4881,1,0,1,Biker
44,0.0,815.0,16.0,874.0,4882,1,0,1,Biker
44,0.0,815.0,16.0,874.0,4883,1,0,1,Biker
44,0.0,815.0,16.0,874.0,4884,1,0,1,Biker
44,0.0,815.0,16.0,874.0,4885,1,0,1,Biker
44,0.0,815.0,16.0,874.0,4886,1,0,1,Biker
44,0.0,815.0,16.0,874.0,4887,1,0,1,Biker
44,0.0,815.0,16.0,874.0,4888,1,0,1,Biker
44,0.0,815.0,16.0,874.0,4889,1,0,1,Biker
44,0.0,815.0,16.0,874.0,4890,1,0,1,Biker
44,0.0,815.0,16.0,874.0,4891,1,0,1,Biker
44,0.0,815.0,16.0,874.0,4892,1,0,1,Biker
44,0.0,815.0,16.0,874.0,4893,1,0,1,Biker
44,0.0,815.0,16.0,874.0,4894,1,0,1,Biker
44,0.0,815.0,16.0,874.0,4895,1,0,1,Biker
44,0.0,815.0,16.0,874.0,4896,1,0,1,Biker
44,0.0,815.0,16.0,874.0,4897,1,0,1,Biker
44,0.0,815.0,16.0,874.0,4898,1,0,1,Biker
44,0.0,815.0,16.0,874.0,4899,1,0,1,Biker
44,0.0,815.0,16.0,874.0,4900,1,0,1,Biker
44,0.0,815.0,16.0,874.0,4901,1,0,1,Biker
44,0.0,815.0,16.0,874.0,4902,1,0,1,Biker
44,0.0,815.0,16.0,874.0,4903,1,0,1,Biker
44,0.0,815.0,16.0,874.0,4904,1,0,1,Biker
44,0.0,815.0,16.0,874.0,4905,1,0,1,Biker
44,0.0,815.0,16.0,874.0,4906,1,0,1,Biker
44,0.0,815.0,16.0,874.0,4907,1,0,1,Biker
44,0.0,815.0,16.0,874.0,4908,1,0,1,Biker
44,0.0,815.0,16.0,874.0,4909,1,0,1,Biker
44,0.0,815.0,16.0,874.0,4910,1,0,1,Biker
44,0.0,815.0,16.0,874.0,4911,1,0,1,Biker
44,0.0,815.0,16.0,874.0,4912,1,0,1,Biker
44,0.0,815.0,16.0,874.0,4913,1,0,1,Biker
44,0.0,815.0,16.0,874.0,4914,1,0,1,Biker
44,0.0,815.0,16.0,874.0,4915,1,0,1,Biker
44,0.0,815.0,16.0,874.0,4916,1,0,1,Biker
44,0.0,815.0,16.0,874.0,4917,1,0,1,Biker
44,0.0,815.0,16.0,874.0,4918,1,0,1,Biker
44,0.0,815.0,16.0,874.0,4919,1,0,1,Biker
44,0.0,815.0,16.0,874.0,4920,1,0,1,Biker
44,0.0,815.0,16.0,874.0,4921,1,0,1,Biker
44,0.0,815.0,16.0,874.0,4922,1,0,1,Biker
44,0.0,815.0,16.0,874.0,4923,1,0,1,Biker
44,0.0,815.0,16.0,874.0,4924,1,0,1,Biker
44,0.0,815.0,16.0,874.0,4925,1,0,1,Biker
44,0.0,815.0,16.0,874.0,4926,1,0,1,Biker
44,0.0,815.0,16.0,874.0,4927,1,0,1,Biker
44,0.0,815.0,16.0,874.0,4928,1,0,1,Biker
44,0.0,815.0,16.0,874.0,4929,1,0,1,Biker
44,0.0,815.0,16.0,874.0,4930,1,0,1,Biker
44,0.0,815.0,16.0,874.0,4931,1,0,1,Biker
44,0.0,815.0,16.0,874.0,4932,1,0,1,Biker
44,0.0,815.0,16.0,874.0,4933,1,0,1,Biker
44,0.0,815.0,16.0,874.0,4934,1,0,1,Biker
44,0.0,815.0,16.0,874.0,4935,1,0,1,Biker
44,0.0,815.0,16.0,874.0,4936,1,0,1,Biker
44,0.0,815.0,16.0,874.0,4937,1,0,1,Biker
44,0.0,815.0,16.0,874.0,4938,1,0,1,Biker
44,0.0,815.0,16.0,874.0,4939,1,0,1,Biker
44,0.0,815.0,16.0,874.0,4940,1,0,1,Biker
44,0.0,815.0,16.0,874.0,4941,1,0,1,Biker
44,0.0,815.0,16.0,874.0,4942,1,0,1,Biker
44,0.0,815.0,16.0,874.0,4943,1,0,1,Biker
44,0.0,815.0,16.0,874.0,4944,1,0,1,Biker
44,0.0,815.0,16.0,874.0,4945,1,0,1,Biker
44,0.0,815.0,16.0,874.0,4946,1,0,1,Biker
44,0.0,815.0,16.0,874.0,4947,1,0,1,Biker
44,0.0,815.0,16.0,874.0,4948,1,0,1,Biker
44,0.0,815.0,16.0,874.0,4949,1,0,1,Biker
44,0.0,815.0,16.0,874.0,4950,1,0,1,Biker
44,0.0,815.0,16.0,874.0,4951,1,0,1,Biker
44,0.0,815.0,16.0,874.0,4952,1,0,1,Biker
44,0.0,815.0,16.0,874.0,4953,1,0,1,Biker
44,0.0,815.0,16.0,874.0,4954,1,0,1,Biker
44,0.0,815.0,16.0,874.0,4955,1,0,1,Biker
44,0.0,815.0,16.0,874.0,4956,1,0,1,Biker
44,0.0,815.0,16.0,874.0,4957,1,0,1,Biker
44,0.0,815.0,16.0,874.0,4958,1,0,1,Biker
44,0.0,815.0,16.0,874.0,4959,1,0,1,Biker
44,0.0,815.0,16.0,874.0,4960,1,0,1,Biker
44,0.0,815.0,16.0,874.0,4961,1,0,1,Biker
44,0.0,815.0,16.0,874.0,4962,1,0,1,Biker
44,0.0,815.0,16.0,874.0,4963,1,0,1,Biker
44,0.0,815.0,16.0,874.0,4964,1,0,1,Biker
44,0.0,815.0,16.0,874.0,4965,1,0,1,Biker
44,0.0,815.0,16.0,874.0,4966,1,0,1,Biker
44,0.0,815.0,16.0,874.0,4967,1,0,1,Biker
44,0.0,815.0,16.0,874.0,4968,1,0,1,Biker
44,0.0,815.0,16.0,874.0,4969,1,0,1,Biker
44,0.0,815.0,16.0,874.0,4970,1,0,1,Biker
44,0.0,815.0,16.0,874.0,4971,1,0,1,Biker
44,0.0,815.0,16.0,874.0,4972,1,0,1,Biker
44,0.0,815.0,16.0,874.0,4973,1,0,1,Biker
44,0.0,815.0,16.0,874.0,4974,1,0,1,Biker
44,0.0,815.0,16.0,874.0,4975,1,0,1,Biker
44,0.0,815.0,16.0,874.0,4976,1,0,1,Biker
44,0.0,815.0,16.0,874.0,4977,1,0,1,Biker
44,0.0,815.0,16.0,874.0,4978,1,0,1,Biker
44,0.0,815.0,16.0,874.0,4979,1,0,1,Biker
44,0.0,815.0,16.0,874.0,4980,1,0,1,Biker
44,0.0,815.0,16.0,874.0,4981,1,0,1,Biker
44,0.0,815.0,16.0,874.0,4982,1,0,1,Biker
44,0.0,815.0,16.0,874.0,4983,1,0,1,Biker
44,0.0,815.0,16.0,874.0,4984,1,0,1,Biker
44,0.0,815.0,16.0,874.0,4985,1,0,1,Biker
44,0.0,815.0,16.0,874.0,4986,1,0,1,Biker
44,0.0,815.0,16.0,874.0,4987,1,0,1,Biker
44,0.0,815.0,16.0,874.0,4988,1,0,1,Biker
44,0.0,815.0,16.0,874.0,4989,1,0,1,Biker
44,0.0,815.0,16.0,874.0,4990,1,0,1,Biker
44,0.0,815.0,16.0,874.0,4991,1,0,1,Biker
44,0.0,815.0,16.0,874.0,4992,1,0,1,Biker
44,0.0,815.0,16.0,874.0,4993,1,0,1,Biker
44,0.0,815.0,16.0,874.0,4994,1,0,1,Biker
44,0.0,815.0,16.0,874.0,4995,1,0,1,Biker
44,0.0,815.0,16.0,874.0,4996,1,0,1,Biker
44,0.0,815.0,16.0,874.0,4997,1,0,1,Biker
44,0.0,815.0,16.0,874.0,4998,1,0,1,Biker
44,0.0,815.0,16.0,874.0,4999,1,0,1,Biker
44,0.0,815.0,16.0,874.0,5000,1,0,1,Biker
44,0.0,815.0,16.0,874.0,5001,1,0,1,Biker
44,0.0,815.0,16.0,874.0,5002,1,0,1,Biker
44,0.0,815.0,16.0,874.0,5003,1,0,1,Biker
44,0.0,815.0,16.0,874.0,5004,1,0,1,Biker
44,0.0,815.0,16.0,874.0,5005,1,0,1,Biker
44,0.0,815.0,16.0,874.0,5006,1,0,1,Biker
44,0.0,815.0,16.0,874.0,5007,1,0,1,Biker
44,0.0,815.0,16.0,874.0,5008,1,0,1,Biker
44,0.0,815.0,16.0,874.0,5009,1,0,1,Biker
44,0.0,815.0,16.0,874.0,5010,1,0,1,Biker
44,0.0,815.0,16.0,874.0,5011,1,0,1,Biker
44,0.0,815.0,16.0,874.0,5012,1,0,1,Biker
44,0.0,815.0,16.0,874.0,5013,1,0,1,Biker
44,0.0,815.0,16.0,874.0,5014,1,0,1,Biker
44,0.0,815.0,16.0,874.0,5015,1,0,1,Biker
44,0.0,815.0,16.0,874.0,5016,1,0,1,Biker
44,0.0,815.0,16.0,874.0,5017,1,0,1,Biker
44,0.0,815.0,16.0,874.0,5018,1,0,1,Biker
44,0.0,815.0,16.0,874.0,5019,1,0,1,Biker
44,0.0,815.0,16.0,874.0,5020,1,0,1,Biker
44,0.0,815.0,16.0,874.0,5021,1,0,1,Biker
44,0.0,815.0,16.0,874.0,5022,1,0,1,Biker
44,0.0,815.0,16.0,874.0,5023,1,0,1,Biker
44,0.0,815.0,16.0,874.0,5024,1,0,1,Biker
44,0.0,815.0,16.0,874.0,5025,1,0,1,Biker
44,0.0,815.0,16.0,874.0,5026,1,0,1,Biker
44,0.0,815.0,16.0,874.0,5027,1,0,1,Biker
44,0.0,815.0,16.0,874.0,5028,1,0,1,Biker
44,0.0,815.0,16.0,874.0,5029,1,0,1,Biker
44,0.0,815.0,16.0,874.0,5030,1,0,1,Biker
44,0.0,815.0,16.0,874.0,5031,1,0,0,Biker
45,717.0,833.0,825.0,906.0,4000,1,0,0,Biker
45,715.0,831.0,822.0,904.0,4001,1,0,1,Biker
45,712.0,831.0,819.0,904.0,4002,1,0,1,Biker
45,709.0,831.0,816.0,904.0,4003,1,0,1,Biker
45,706.0,831.0,814.0,904.0,4004,1,0,1,Biker
45,704.0,831.0,811.0,904.0,4005,1,0,1,Biker
45,701.0,831.0,808.0,904.0,4006,1,0,1,Biker
45,698.0,831.0,805.0,904.0,4007,1,0,1,Biker
45,695.0,831.0,803.0,904.0,4008,1,0,1,Biker
45,693.0,831.0,800.0,904.0,4009,1,0,1,Biker
45,690.0,831.0,797.0,904.0,4010,1,0,1,Biker
45,687.0,831.0,794.0,904.0,4011,1,0,1,Biker
45,684.0,831.0,792.0,904.0,4012,1,0,1,Biker
45,682.0,831.0,789.0,904.0,4013,1,0,1,Biker
45,679.0,831.0,786.0,904.0,4014,1,0,1,Biker
45,679.0,831.0,783.0,904.0,4015,1,0,1,Biker
45,676.0,831.0,781.0,904.0,4016,1,0,1,Biker
45,673.0,831.0,781.0,904.0,4017,1,0,1,Biker
45,671.0,831.0,778.0,904.0,4018,1,0,1,Biker
45,668.0,828.0,775.0,904.0,4019,1,0,1,Biker
45,665.0,828.0,772.0,904.0,4020,1,0,1,Biker
45,662.0,828.0,770.0,901.0,4021,1,0,1,Biker
45,660.0,828.0,767.0,901.0,4022,1,0,1,Biker
45,657.0,828.0,764.0,901.0,4023,1,0,1,Biker
45,654.0,828.0,761.0,901.0,4024,1,0,1,Biker
45,651.0,828.0,759.0,901.0,4025,1,0,1,Biker
45,649.0,828.0,756.0,901.0,4026,1,0,1,Biker
45,646.0,828.0,753.0,901.0,4027,1,0,1,Biker
45,643.0,828.0,750.0,901.0,4028,1,0,1,Biker
45,643.0,828.0,748.0,901.0,4029,1,0,1,Biker
45,640.0,828.0,745.0,901.0,4030,1,0,1,Biker
45,638.0,828.0,742.0,901.0,4031,1,0,1,Biker
45,635.0,828.0,739.0,901.0,4032,1,0,1,Biker
45,632.0,828.0,737.0,901.0,4033,1,0,1,Biker
45,629.0,828.0,737.0,901.0,4034,1,0,1,Biker
45,627.0,828.0,734.0,901.0,4035,1,0,1,Biker
45,624.0,828.0,731.0,901.0,4036,1,0,1,Biker
45,621.0,828.0,728.0,901.0,4037,1,0,1,Biker
45,618.0,826.0,726.0,901.0,4038,1,0,1,Biker
45,616.0,826.0,723.0,901.0,4039,1,0,1,Biker
45,613.0,826.0,720.0,901.0,4040,1,0,1,Biker
45,610.0,826.0,717.0,899.0,4041,1,0,1,Biker
45,607.0,826.0,715.0,899.0,4042,1,0,1,Biker
45,607.0,826.0,712.0,899.0,4043,1,0,1,Biker
45,605.0,826.0,709.0,899.0,4044,1,0,1,Biker
45,602.0,826.0,706.0,899.0,4045,1,0,1,Biker
45,599.0,826.0,704.0,899.0,4046,1,0,1,Biker
45,596.0,826.0,701.0,899.0,4047,1,0,1,Biker
45,594.0,826.0,698.0,899.0,4048,1,0,1,Biker
45,591.0,826.0,695.0,899.0,4049,1,0,1,Biker
45,588.0,826.0,695.0,899.0,4050,1,0,1,Biker
45,585.0,826.0,693.0,899.0,4051,1,0,1,Biker
45,583.0,826.0,690.0,899.0,4052,1,0,1,Biker
45,580.0,826.0,687.0,899.0,4053,1,0,1,Biker
45,577.0,826.0,684.0,899.0,4054,1,0,1,Biker
45,574.0,826.0,682.0,899.0,4055,1,0,1,Biker
45,572.0,826.0,679.0,899.0,4056,1,0,1,Biker
45,572.0,824.0,676.0,899.0,4057,1,0,1,Biker
45,569.0,824.0,673.0,899.0,4058,1,0,1,Biker
45,566.0,824.0,671.0,899.0,4059,1,0,1,Biker
45,563.0,824.0,668.0,899.0,4060,1,0,1,Biker
45,561.0,824.0,665.0,897.0,4061,1,0,1,Biker
45,558.0,824.0,662.0,897.0,4062,1,0,1,Biker
45,555.0,824.0,660.0,897.0,4063,1,0,1,Biker
45,552.0,824.0,657.0,897.0,4064,1,0,1,Biker
45,550.0,824.0,654.0,897.0,4065,1,0,1,Biker
45,547.0,824.0,651.0,897.0,4066,1,0,1,Biker
45,544.0,824.0,651.0,897.0,4067,1,0,1,Biker
45,541.0,824.0,649.0,897.0,4068,1,0,1,Biker
45,539.0,824.0,646.0,897.0,4069,1,0,1,Biker
45,536.0,824.0,643.0,897.0,4070,1,0,1,Biker
45,536.0,824.0,640.0,897.0,4071,1,0,1,Biker
45,533.0,824.0,638.0,897.0,4072,1,0,1,Biker
45,530.0,824.0,635.0,897.0,4073,1,0,1,Biker
45,528.0,824.0,632.0,897.0,4074,1,0,1,Biker
45,525.0,822.0,629.0,897.0,4075,1,0,1,Biker
45,522.0,822.0,627.0,897.0,4076,1,0,1,Biker
45,519.0,822.0,624.0,897.0,4077,1,0,1,Biker
45,517.0,822.0,621.0,897.0,4078,1,0,1,Biker
45,514.0,822.0,618.0,897.0,4079,1,0,1,Biker
45,511.0,822.0,616.0,897.0,4080,1,0,1,Biker
45,508.0,822.0,613.0,894.0,4081,1,0,1,Biker
45,506.0,822.0,610.0,894.0,4082,1,0,1,Biker
45,503.0,822.0,610.0,894.0,4083,1,0,1,Biker
45,500.0,822.0,607.0,894.0,4084,1,0,1,Biker
45,500.0,822.0,605.0,894.0,4085,1,0,1,Biker
45,497.0,822.0,602.0,894.0,4086,1,0,1,Biker
45,495.0,822.0,599.0,894.0,4087,1,0,1,Biker
45,492.0,822.0,596.0,894.0,4088,1,0,1,Biker
45,489.0,822.0,594.0,894.0,4089,1,0,1,Biker
45,486.0,822.0,591.0,894.0,4090,1,0,1,Biker
45,484.0,822.0,588.0,894.0,4091,1,0,1,Biker
45,481.0,822.0,585.0,894.0,4092,1,0,1,Biker
45,478.0,822.0,583.0,894.0,4093,1,0,1,Biker
45,475.0,819.0,580.0,894.0,4094,1,0,1,Biker
45,473.0,819.0,577.0,894.0,4095,1,0,1,Biker
45,470.0,819.0,574.0,894.0,4096,1,0,1,Biker
45,467.0,819.0,572.0,894.0,4097,1,0,1,Biker
45,464.0,819.0,569.0,894.0,4098,1,0,1,Biker
45,464.0,819.0,566.0,894.0,4099,1,0,1,Biker
45,462.0,819.0,566.0,894.0,4100,1,0,1,Biker
45,459.0,819.0,563.0,892.0,4101,1,0,1,Biker
45,456.0,819.0,561.0,892.0,4102,1,0,1,Biker
45,453.0,819.0,558.0,892.0,4103,1,0,1,Biker
45,451.0,819.0,555.0,892.0,4104,1,0,1,Biker
45,448.0,819.0,552.0,892.0,4105,1,0,1,Biker
45,445.0,819.0,550.0,892.0,4106,1,0,1,Biker
45,442.0,819.0,547.0,892.0,4107,1,0,1,Biker
45,440.0,819.0,544.0,892.0,4108,1,0,1,Biker
45,437.0,819.0,541.0,892.0,4109,1,0,1,Biker
45,434.0,819.0,539.0,892.0,4110,1,0,1,Biker
45,431.0,819.0,536.0,892.0,4111,1,0,1,Biker
45,429.0,819.0,533.0,892.0,4112,1,0,1,Biker
45,429.0,817.0,530.0,892.0,4113,1,0,1,Biker
45,426.0,817.0,528.0,892.0,4114,1,0,1,Biker
45,423.0,817.0,525.0,892.0,4115,1,0,1,Biker
45,420.0,817.0,525.0,892.0,4116,1,0,1,Biker
45,418.0,817.0,522.0,892.0,4117,1,0,1,Biker
45,415.0,817.0,519.0,892.0,4118,1,0,1,Biker
45,412.0,817.0,517.0,892.0,4119,1,0,1,Biker
45,409.0,817.0,514.0,892.0,4120,1,0,1,Biker
45,407.0,817.0,511.0,890.0,4121,1,0,1,Biker
45,404.0,817.0,508.0,890.0,4122,1,0,1,Biker
45,401.0,817.0,506.0,890.0,4123,1,0,1,Biker
45,398.0,817.0,503.0,890.0,4124,1,0,1,Biker
45,396.0,817.0,500.0,890.0,4125,1,0,1,Biker
45,393.0,817.0,497.0,890.0,4126,1,0,1,Biker
45,393.0,817.0,495.0,890.0,4127,1,0,1,Biker
45,390.0,817.0,492.0,890.0,4128,1,0,1,Biker
45,387.0,817.0,489.0,890.0,4129,1,0,1,Biker
45,385.0,817.0,486.0,890.0,4130,1,0,1,Biker
45,382.0,817.0,484.0,890.0,4131,1,0,1,Biker
45,379.0,815.0,481.0,890.0,4132,1,0,1,Biker
45,376.0,815.0,481.0,890.0,4133,1,0,1,Biker
45,374.0,815.0,478.0,890.0,4134,1,0,1,Biker
45,371.0,815.0,475.0,890.0,4135,1,0,1,Biker
45,368.0,815.0,473.0,890.0,4136,1,0,1,Biker
45,365.0,815.0,470.0,890.0,4137,1,0,1,Biker
45,363.0,815.0,467.0,890.0,4138,1,0,1,Biker
45,360.0,815.0,464.0,890.0,4139,1,0,1,Biker
45,357.0,815.0,462.0,890.0,4140,1,0,1,Biker
45,357.0,815.0,459.0,888.0,4141,1,0,1,Biker
45,354.0,815.0,456.0,888.0,4142,1,0,1,Biker
45,352.0,815.0,453.0,888.0,4143,1,0,1,Biker
45,349.0,815.0,451.0,888.0,4144,1,0,1,Biker
45,346.0,815.0,448.0,888.0,4145,1,0,1,Biker
45,343.0,815.0,445.0,888.0,4146,1,0,1,Biker
45,341.0,815.0,442.0,888.0,4147,1,0,1,Biker
45,338.0,815.0,440.0,888.0,4148,1,0,1,Biker
45,335.0,815.0,440.0,888.0,4149,1,0,1,Biker
45,332.0,812.0,437.0,888.0,4150,1,0,1,Biker
45,330.0,812.0,434.0,888.0,4151,1,0,1,Biker
45,327.0,812.0,431.0,888.0,4152,1,0,1,Biker
45,324.0,812.0,429.0,888.0,4153,1,0,1,Biker
45,321.0,812.0,426.0,888.0,4154,1,0,1,Biker
45,321.0,812.0,423.0,888.0,4155,1,0,1,Biker
45,319.0,812.0,420.0,888.0,4156,1,0,1,Biker
45,316.0,812.0,418.0,888.0,4157,1,0,1,Biker
45,313.0,812.0,415.0,888.0,4158,1,0,1,Biker
45,310.0,812.0,412.0,888.0,4159,1,0,1,Biker
45,308.0,812.0,409.0,888.0,4160,1,0,1,Biker
45,305.0,812.0,407.0,885.0,4161,1,0,1,Biker
45,302.0,812.0,404.0,885.0,4162,1,0,1,Biker
45,299.0,812.0,401.0,885.0,4163,1,0,1,Biker
45,297.0,812.0,398.0,885.0,4164,1,0,1,Biker
45,294.0,812.0,396.0,885.0,4165,1,0,1,Biker
45,291.0,812.0,396.0,885.0,4166,1,0,1,Biker
45,288.0,812.0,393.0,885.0,4167,1,0,1,Biker
45,286.0,812.0,390.0,885.0,4168,1,0,1,Biker
45,286.0,810.0,387.0,885.0,4169,1,0,1,Biker
45,283.0,810.0,385.0,885.0,4170,1,0,1,Biker
45,280.0,810.0,382.0,885.0,4171,1,0,1,Biker
45,277.0,810.0,379.0,885.0,4172,1,0,1,Biker
45,275.0,810.0,376.0,885.0,4173,1,0,1,Biker
45,272.0,810.0,374.0,885.0,4174,1,0,1,Biker
45,269.0,810.0,371.0,885.0,4175,1,0,1,Biker
45,266.0,810.0,368.0,885.0,4176,1,0,1,Biker
45,264.0,810.0,365.0,885.0,4177,1,0,1,Biker
45,261.0,810.0,363.0,885.0,4178,1,0,1,Biker
45,258.0,810.0,360.0,885.0,4179,1,0,1,Biker
45,255.0,810.0,357.0,885.0,4180,1,0,1,Biker
45,253.0,810.0,354.0,883.0,4181,1,0,1,Biker
45,250.0,810.0,354.0,883.0,4182,1,0,1,Biker
45,250.0,810.0,352.0,883.0,4183,1,0,1,Biker
45,247.0,810.0,349.0,883.0,4184,1,0,1,Biker
45,244.0,810.0,346.0,883.0,4185,1,0,1,Biker
45,242.0,810.0,343.0,883.0,4186,1,0,1,Biker
45,239.0,810.0,341.0,883.0,4187,1,0,1,Biker
45,236.0,808.0,338.0,883.0,4188,1,0,1,Biker
45,233.0,808.0,335.0,883.0,4189,1,0,1,Biker
45,231.0,808.0,332.0,883.0,4190,1,0,1,Biker
45,228.0,808.0,330.0,883.0,4191,1,0,1,Biker
45,225.0,808.0,327.0,883.0,4192,1,0,1,Biker
45,222.0,808.0,324.0,883.0,4193,1,0,1,Biker
45,220.0,808.0,321.0,883.0,4194,1,0,1,Biker
45,217.0,808.0,319.0,883.0,4195,1,0,1,Biker
45,214.0,808.0,316.0,883.0,4196,1,0,1,Biker
45,214.0,808.0,313.0,883.0,4197,1,0,1,Biker
45,211.0,808.0,310.0,883.0,4198,1,0,1,Biker
45,209.0,808.0,310.0,883.0,4199,1,0,1,Biker
45,206.0,808.0,308.0,883.0,4200,1,0,1,Biker
45,203.0,808.0,305.0,881.0,4201,1,0,1,Biker
45,200.0,808.0,302.0,881.0,4202,1,0,1,Biker
45,198.0,808.0,299.0,881.0,4203,1,0,1,Biker
45,195.0,808.0,297.0,881.0,4204,1,0,1,Biker
45,192.0,808.0,294.0,881.0,4205,1,0,1,Biker
45,189.0,808.0,291.0,881.0,4206,1,0,1,Biker
45,187.0,806.0,288.0,881.0,4207,1,0,1,Biker
45,184.0,806.0,286.0,881.0,4208,1,0,1,Biker
45,181.0,806.0,283.0,881.0,4209,1,0,1,Biker
45,178.0,806.0,280.0,881.0,4210,1,0,1,Biker
45,178.0,806.0,277.0,881.0,4211,1,0,1,Biker
45,176.0,806.0,275.0,881.0,4212,1,0,1,Biker
45,173.0,806.0,272.0,881.0,4213,1,0,1,Biker
45,170.0,806.0,269.0,881.0,4214,1,0,1,Biker
45,167.0,806.0,269.0,881.0,4215,1,0,1,Biker
45,165.0,806.0,266.0,881.0,4216,1,0,1,Biker
45,162.0,806.0,264.0,881.0,4217,1,0,1,Biker
45,159.0,806.0,261.0,881.0,4218,1,0,1,Biker
45,156.0,806.0,258.0,881.0,4219,1,0,1,Biker
45,154.0,806.0,255.0,881.0,4220,1,0,1,Biker
45,151.0,806.0,253.0,878.0,4221,1,0,1,Biker
45,148.0,806.0,250.0,878.0,4222,1,0,1,Biker
45,145.0,806.0,247.0,878.0,4223,1,0,1,Biker
45,143.0,806.0,244.0,878.0,4224,1,0,1,Biker
45,143.0,803.0,242.0,878.0,4225,1,0,1,Biker
45,140.0,803.0,239.0,878.0,4226,1,0,1,Biker
45,137.0,803.0,236.0,878.0,4227,1,0,1,Biker
45,134.0,803.0,233.0,878.0,4228,1,0,1,Biker
45,132.0,803.0,231.0,878.0,4229,1,0,1,Biker
45,129.0,803.0,228.0,878.0,4230,1,0,1,Biker
45,126.0,803.0,225.0,878.0,4231,1,0,1,Biker
45,123.0,803.0,225.0,878.0,4232,1,0,1,Biker
45,121.0,803.0,222.0,878.0,4233,1,0,1,Biker
45,118.0,803.0,220.0,878.0,4234,1,0,1,Biker
45,115.0,803.0,217.0,878.0,4235,1,0,1,Biker
45,112.0,803.0,214.0,878.0,4236,1,0,1,Biker
45,110.0,803.0,211.0,878.0,4237,1,0,1,Biker
45,107.0,803.0,209.0,878.0,4238,1,0,1,Biker
45,107.0,803.0,206.0,878.0,4239,1,0,1,Biker
45,104.0,803.0,203.0,878.0,4240,1,0,1,Biker
45,101.0,803.0,200.0,876.0,4241,1,0,1,Biker
45,99.0,803.0,198.0,876.0,4242,1,0,1,Biker
45,96.0,803.0,195.0,876.0,4243,1,0,1,Biker
45,93.0,801.0,192.0,876.0,4244,1,0,1,Biker
45,90.0,801.0,189.0,876.0,4245,1,0,1,Biker
45,88.0,801.0,187.0,876.0,4246,1,0,1,Biker
45,85.0,801.0,184.0,876.0,4247,1,0,1,Biker
45,82.0,801.0,184.0,876.0,4248,1,0,1,Biker
45,79.0,801.0,181.0,876.0,4249,1,0,1,Biker
45,77.0,801.0,178.0,876.0,4250,1,0,1,Biker
45,74.0,801.0,176.0,876.0,4251,1,0,1,Biker
45,71.0,801.0,173.0,876.0,4252,1,0,1,Biker
45,71.0,801.0,170.0,876.0,4253,1,0,1,Biker
45,68.0,801.0,167.0,876.0,4254,1,0,1,Biker
45,66.0,801.0,165.0,876.0,4255,1,0,1,Biker
45,63.0,801.0,162.0,876.0,4256,1,0,1,Biker
45,60.0,801.0,159.0,876.0,4257,1,0,1,Biker
45,57.0,801.0,156.0,876.0,4258,1,0,1,Biker
45,55.0,801.0,154.0,876.0,4259,1,0,1,Biker
45,52.0,801.0,151.0,876.0,4260,1,0,1,Biker
45,49.0,801.0,148.0,874.0,4261,1,0,1,Biker
45,46.0,801.0,145.0,874.0,4262,1,0,1,Biker
45,44.0,799.0,143.0,874.0,4263,1,0,1,Biker
45,41.0,799.0,140.0,874.0,4264,1,0,1,Biker
45,38.0,799.0,140.0,874.0,4265,1,0,1,Biker
45,35.0,799.0,137.0,874.0,4266,1,0,1,Biker
45,35.0,799.0,134.0,874.0,4267,1,0,1,Biker
45,33.0,799.0,132.0,874.0,4268,1,0,1,Biker
45,30.0,799.0,129.0,874.0,4269,1,0,1,Biker
45,27.0,799.0,126.0,874.0,4270,1,0,1,Biker
45,24.0,799.0,123.0,874.0,4271,1,0,1,Biker
45,22.0,799.0,121.0,874.0,4272,1,0,1,Biker
45,19.0,799.0,118.0,874.0,4273,1,0,1,Biker
45,16.0,799.0,115.0,874.0,4274,1,0,1,Biker
45,13.0,799.0,112.0,874.0,4275,1,0,1,Biker
45,11.0,799.0,110.0,874.0,4276,1,0,1,Biker
45,8.0,799.0,107.0,874.0,4277,1,0,1,Biker
45,5.0,799.0,104.0,874.0,4278,1,0,1,Biker
45,2.0,799.0,101.0,874.0,4279,1,0,1,Biker
45,0.0,799.0,99.0,874.0,4280,1,0,1,Biker
45,0.0,799.0,99.0,874.0,4281,0,0,0,Biker
45,2.0,799.0,104.0,874.0,4282,0,0,1,Biker
45,8.0,799.0,110.0,874.0,4283,0,0,1,Biker
45,13.0,801.0,115.0,874.0,4284,0,0,1,Biker
45,19.0,801.0,121.0,876.0,4285,0,0,1,Biker
45,22.0,801.0,126.0,876.0,4286,0,0,1,Biker
45,27.0,803.0,132.0,876.0,4287,0,0,1,Biker
45,33.0,803.0,137.0,878.0,4288,0,0,1,Biker
45,38.0,803.0,143.0,878.0,4289,0,0,1,Biker
45,41.0,806.0,148.0,878.0,4290,0,0,1,Biker
45,46.0,806.0,154.0,881.0,4291,0,0,1,Biker
45,52.0,806.0,159.0,881.0,4292,0,0,1,Biker
45,57.0,808.0,165.0,881.0,4293,0,0,1,Biker
45,60.0,808.0,170.0,881.0,4294,0,0,1,Biker
45,66.0,808.0,176.0,883.0,4295,0,0,1,Biker
45,71.0,810.0,181.0,883.0,4296,0,0,1,Biker
45,77.0,810.0,187.0,883.0,4297,0,0,1,Biker
45,79.0,810.0,192.0,885.0,4298,0,0,1,Biker
45,85.0,812.0,198.0,885.0,4299,0,0,1,Biker
45,90.0,812.0,203.0,885.0,4300,0,0,1,Biker
45,96.0,815.0,211.0,888.0,4301,0,0,0,Biker
45,101.0,815.0,217.0,888.0,4302,0,0,1,Biker
45,110.0,815.0,225.0,888.0,4303,0,0,1,Biker
45,115.0,815.0,231.0,888.0,4304,0,0,1,Biker
45,123.0,817.0,239.0,890.0,4305,0,0,1,Biker
45,132.0,817.0,247.0,890.0,4306,0,0,1,Biker
45,137.0,817.0,253.0,890.0,4307,0,0,1,Biker
45,145.0,817.0,261.0,892.0,4308,0,0,1,Biker
45,151.0,819.0,266.0,892.0,4309,0,0,1,Biker
45,159.0,819.0,275.0,892.0,4310,0,0,1,Biker
45,167.0,819.0,283.0,894.0,4311,0,0,1,Biker
45,173.0,819.0,288.0,894.0,4312,0,0,1,Biker
45,181.0,822.0,297.0,894.0,4313,0,0,1,Biker
45,187.0,822.0,302.0,894.0,4314,0,0,1,Biker
45,195.0,822.0,310.0,897.0,4315,0,0,1,Biker
45,203.0,822.0,319.0,897.0,4316,0,0,1,Biker
45,209.0,824.0,324.0,897.0,4317,0,0,1,Biker
45,217.0,824.0,332.0,899.0,4318,0,0,1,Biker
45,222.0,824.0,338.0,899.0,4319,0,0,1,Biker
45,231.0,824.0,346.0,899.0,4320,0,0,1,Biker
45,239.0,826.0,354.0,901.0,4321,0,0,0,Biker
45,244.0,826.0,360.0,901.0,4322,0,0,1,Biker
45,250.0,826.0,365.0,901.0,4323,0,0,1,Biker
45,255.0,826.0,371.0,901.0,4324,0,0,1,Biker
45,264.0,826.0,379.0,901.0,4325,0,0,1,Biker
45,269.0,826.0,385.0,901.0,4326,0,0,1,Biker
45,275.0,826.0,390.0,901.0,4327,0,0,1,Biker
45,283.0,826.0,398.0,901.0,4328,0,0,1,Biker
45,288.0,826.0,404.0,901.0,4329,0,0,1,Biker
45,294.0,826.0,409.0,901.0,4330,0,0,1,Biker
45,302.0,828.0,418.0,904.0,4331,0,0,1,Biker
45,308.0,828.0,423.0,904.0,4332,0,0,1,Biker
45,313.0,828.0,429.0,904.0,4333,0,0,1,Biker
45,319.0,828.0,434.0,904.0,4334,0,0,1,Biker
45,327.0,828.0,442.0,904.0,4335,0,0,1,Biker
45,332.0,828.0,448.0,904.0,4336,0,0,1,Biker
45,338.0,828.0,453.0,904.0,4337,0,0,1,Biker
45,346.0,828.0,462.0,904.0,4338,0,0,1,Biker
45,352.0,828.0,467.0,904.0,4339,0,0,1,Biker
45,357.0,828.0,473.0,904.0,4340,0,0,1,Biker
45,365.0,831.0,481.0,906.0,4341,0,0,0,Biker
45,371.0,828.0,486.0,904.0,4342,0,0,1,Biker
45,376.0,828.0,492.0,904.0,4343,0,0,1,Biker
45,385.0,828.0,500.0,904.0,4344,0,0,1,Biker
45,390.0,828.0,506.0,904.0,4345,0,0,1,Biker
45,396.0,828.0,511.0,904.0,4346,0,0,1,Biker
45,404.0,826.0,519.0,901.0,4347,0,0,1,Biker
45,409.0,826.0,525.0,901.0,4348,0,0,1,Biker
45,415.0,826.0,530.0,901.0,4349,0,0,1,Biker
45,423.0,826.0,539.0,901.0,4350,0,0,1,Biker
45,429.0,826.0,544.0,901.0,4351,0,0,1,Biker
45,434.0,824.0,550.0,899.0,4352,0,0,1,Biker
45,442.0,824.0,558.0,899.0,4353,0,0,1,Biker
45,448.0,824.0,563.0,899.0,4354,0,0,1,Biker
45,453.0,824.0,569.0,899.0,4355,0,0,1,Biker
45,462.0,824.0,577.0,899.0,4356,0,0,1,Biker
45,467.0,822.0,583.0,897.0,4357,0,0,1,Biker
45,473.0,822.0,588.0,897.0,4358,0,0,1,Biker
45,481.0,822.0,596.0,897.0,4359,0,0,1,Biker
45,486.0,822.0,602.0,897.0,4360,0,0,1,Biker
45,495.0,822.0,610.0,897.0,4361,0,0,0,Biker
45,500.0,819.0,616.0,894.0,4362,0,0,1,Biker
45,508.0,819.0,624.0,894.0,4363,0,0,1,Biker
45,517.0,819.0,632.0,894.0,4364,0,0,1,Biker
45,525.0,819.0,640.0,894.0,4365,0,0,1,Biker
45,530.0,819.0,646.0,894.0,4366,0,0,1,Biker
45,539.0,819.0,654.0,894.0,4367,0,0,1,Biker
45,547.0,819.0,662.0,894.0,4368,0,0,1,Biker
45,555.0,819.0,671.0,894.0,4369,0,0,1,Biker
45,561.0,819.0,676.0,894.0,4370,0,0,1,Biker
45,569.0,819.0,684.0,894.0,4371,0,0,1,Biker
45,577.0,817.0,693.0,892.0,4372,0,0,1,Biker
45,585.0,817.0,701.0,892.0,4373,0,0,1,Biker
45,591.0,817.0,706.0,892.0,4374,0,0,1,Biker
45,599.0,817.0,715.0,892.0,4375,0,0,1,Biker
45,607.0,817.0,723.0,892.0,4376,0,0,1,Biker
45,616.0,817.0,731.0,892.0,4377,0,0,1,Biker
45,621.0,817.0,737.0,892.0,4378,0,0,1,Biker
45,629.0,817.0,745.0,892.0,4379,0,0,1,Biker
45,638.0,817.0,753.0,892.0,4380,0,0,1,Biker
45,646.0,817.0,761.0,892.0,4381,0,0,0,Biker
45,651.0,817.0,767.0,892.0,4382,0,0,1,Biker
45,657.0,817.0,772.0,892.0,4383,0,0,1,Biker
45,665.0,817.0,781.0,892.0,4384,0,0,1,Biker
45,671.0,817.0,786.0,892.0,4385,0,0,1,Biker
45,679.0,817.0,794.0,892.0,4386,0,0,1,Biker
45,684.0,817.0,800.0,892.0,4387,0,0,1,Biker
45,690.0,817.0,805.0,892.0,4388,0,0,1,Biker
45,698.0,817.0,814.0,892.0,4389,0,0,1,Biker
45,704.0,817.0,819.0,892.0,4390,0,0,1,Biker
45,712.0,817.0,827.0,892.0,4391,0,0,1,Biker
45,717.0,817.0,833.0,892.0,4392,0,0,1,Biker
45,723.0,817.0,838.0,892.0,4393,0,0,1,Biker
45,731.0,817.0,847.0,892.0,4394,0,0,1,Biker
45,737.0,817.0,852.0,892.0,4395,0,0,1,Biker
45,745.0,817.0,860.0,892.0,4396,0,0,1,Biker
45,750.0,817.0,866.0,892.0,4397,0,0,1,Biker
45,756.0,817.0,871.0,892.0,4398,0,0,1,Biker
45,764.0,817.0,880.0,892.0,4399,0,0,1,Biker
45,770.0,817.0,885.0,892.0,4400,0,0,1,Biker
45,778.0,819.0,893.0,894.0,4401,0,0,0,Biker
45,783.0,819.0,899.0,894.0,4402,0,0,1,Biker
45,792.0,819.0,907.0,894.0,4403,0,0,1,Biker
45,797.0,819.0,913.0,894.0,4404,0,0,1,Biker
45,805.0,819.0,921.0,894.0,4405,0,0,1,Biker
45,814.0,819.0,929.0,894.0,4406,0,0,1,Biker
45,819.0,822.0,935.0,897.0,4407,0,0,1,Biker
45,827.0,822.0,943.0,897.0,4408,0,0,1,Biker
45,836.0,822.0,951.0,897.0,4409,0,0,1,Biker
45,841.0,822.0,957.0,897.0,4410,0,0,1,Biker
45,849.0,822.0,965.0,897.0,4411,0,0,1,Biker
45,855.0,822.0,970.0,897.0,4412,0,0,1,Biker
45,863.0,824.0,979.0,899.0,4413,0,0,1,Biker
45,871.0,824.0,987.0,899.0,4414,0,0,1,Biker
45,877.0,824.0,992.0,899.0,4415,0,0,1,Biker
45,885.0,824.0,1001.0,899.0,4416,0,0,1,Biker
45,893.0,824.0,1009.0,899.0,4417,0,0,1,Biker
45,899.0,824.0,1014.0,899.0,4418,0,0,1,Biker
45,907.0,826.0,1023.0,901.0,4419,0,0,1,Biker
45,915.0,826.0,1031.0,901.0,4420,0,0,1,Biker
45,921.0,826.0,1036.0,901.0,4421,0,0,1,Biker
45,929.0,826.0,1045.0,901.0,4422,0,0,1,Biker
45,935.0,826.0,1050.0,901.0,4423,0,0,1,Biker
45,943.0,826.0,1058.0,901.0,4424,0,0,1,Biker
45,951.0,828.0,1067.0,904.0,4425,0,0,1,Biker
45,957.0,828.0,1072.0,904.0,4426,0,0,1,Biker
45,965.0,828.0,1080.0,904.0,4427,0,0,1,Biker
45,973.0,828.0,1089.0,904.0,4428,0,0,1,Biker
45,979.0,828.0,1094.0,904.0,4429,0,0,1,Biker
45,987.0,828.0,1102.0,904.0,4430,0,0,1,Biker
45,995.0,831.0,1111.0,906.0,4431,0,0,0,Biker
45,1001.0,831.0,1116.0,906.0,4432,0,0,1,Biker
45,1006.0,831.0,1122.0,906.0,4433,0,0,1,Biker
45,1012.0,831.0,1127.0,906.0,4434,0,0,1,Biker
45,1017.0,831.0,1133.0,906.0,4435,0,0,1,Biker
45,1025.0,831.0,1141.0,906.0,4436,0,0,1,Biker
45,1031.0,831.0,1146.0,906.0,4437,0,0,1,Biker
45,1036.0,831.0,1152.0,906.0,4438,0,0,1,Biker
45,1042.0,831.0,1157.0,906.0,4439,0,0,1,Biker
45,1047.0,831.0,1163.0,906.0,4440,0,0,1,Biker
45,1056.0,831.0,1171.0,906.0,4441,0,0,0,Biker
45,1061.0,828.0,1177.0,904.0,4442,0,0,1,Biker
45,1067.0,828.0,1182.0,904.0,4443,0,0,1,Biker
45,1072.0,828.0,1188.0,904.0,4444,0,0,1,Biker
45,1078.0,826.0,1193.0,901.0,4445,0,0,1,Biker
45,1083.0,826.0,1199.0,901.0,4446,0,0,1,Biker
45,1089.0,826.0,1204.0,901.0,4447,0,0,1,Biker
45,1097.0,824.0,1212.0,899.0,4448,0,0,1,Biker
45,1102.0,824.0,1218.0,899.0,4449,0,0,1,Biker
45,1108.0,824.0,1223.0,899.0,4450,0,0,1,Biker
45,1113.0,824.0,1229.0,899.0,4451,0,0,1,Biker
45,1119.0,822.0,1234.0,897.0,4452,0,0,1,Biker
45,1124.0,822.0,1240.0,897.0,4453,0,0,1,Biker
45,1130.0,822.0,1245.0,897.0,4454,0,0,1,Biker
45,1138.0,819.0,1254.0,894.0,4455,0,0,1,Biker
45,1144.0,819.0,1259.0,894.0,4456,0,0,1,Biker
45,1149.0,819.0,1265.0,894.0,4457,0,0,1,Biker
45,1155.0,817.0,1270.0,892.0,4458,0,0,1,Biker
45,1160.0,817.0,1276.0,892.0,4459,0,0,1,Biker
45,1166.0,817.0,1281.0,892.0,4460,0,0,1,Biker
45,1174.0,817.0,1289.0,892.0,4461,0,0,0,Biker
45,1179.0,815.0,1295.0,890.0,4462,0,0,1,Biker
45,1185.0,815.0,1300.0,890.0,4463,0,0,1,Biker
45,1193.0,812.0,1309.0,888.0,4464,0,0,1,Biker
45,1199.0,812.0,1314.0,888.0,4465,0,0,1,Biker
45,1204.0,812.0,1320.0,888.0,4466,0,0,1,Biker
45,1212.0,810.0,1328.0,885.0,4467,0,0,1,Biker
45,1218.0,810.0,1333.0,885.0,4468,0,0,1,Biker
45,1223.0,810.0,1339.0,885.0,4469,0,0,1,Biker
45,1232.0,808.0,1347.0,883.0,4470,0,0,1,Biker
45,1237.0,808.0,1353.0,883.0,4471,0,0,1,Biker
45,1243.0,808.0,1358.0,883.0,4472,0,0,1,Biker
45,1251.0,806.0,1366.0,881.0,4473,0,0,1,Biker
45,1256.0,806.0,1372.0,881.0,4474,0,0,1,Biker
45,1262.0,806.0,1377.0,881.0,4475,0,0,1,Biker
45,1270.0,803.0,1386.0,878.0,4476,0,0,1,Biker
45,1276.0,803.0,1391.0,878.0,4477,0,0,1,Biker
45,1281.0,803.0,1397.0,878.0,4478,0,0,1,Biker
45,1289.0,801.0,1405.0,876.0,4479,0,0,1,Biker
45,1295.0,801.0,1410.0,876.0,4480,0,0,1,Biker
45,1303.0,801.0,1419.0,876.0,4481,0,0,0,Biker
45,1309.0,799.0,1424.0,874.0,4482,0,0,1,Biker
45,1314.0,796.0,1430.0,872.0,4483,0,0,1,Biker
45,1322.0,796.0,1438.0,872.0,4484,0,0,1,Biker
45,1328.0,794.0,1443.0,869.0,4485,0,0,1,Biker
45,1336.0,794.0,1452.0,869.0,4486,0,0,1,Biker
45,1342.0,792.0,1457.0,867.0,4487,0,0,1,Biker
45,1347.0,792.0,1463.0,867.0,4488,0,0,1,Biker
45,1355.0,790.0,1471.0,865.0,4489,0,0,1,Biker
45,1361.0,790.0,1476.0,865.0,4490,0,0,1,Biker
45,1369.0,787.0,1485.0,863.0,4491,0,0,1,Biker
45,1375.0,787.0,1490.0,863.0,4492,0,0,1,Biker
45,1383.0,785.0,1498.0,860.0,4493,0,0,1,Biker
45,1388.0,785.0,1504.0,860.0,4494,0,0,1,Biker
45,1394.0,783.0,1509.0,858.0,4495,0,0,1,Biker
45,1402.0,783.0,1518.0,858.0,4496,0,0,1,Biker
45,1408.0,781.0,1523.0,856.0,4497,0,0,1,Biker
45,1416.0,781.0,1531.0,856.0,4498,0,0,1,Biker
45,1421.0,778.0,1537.0,853.0,4499,0,0,1,Biker
45,1430.0,778.0,1545.0,853.0,4500,0,0,0,Biker
45,1435.0,776.0,1548.0,851.0,4501,0,0,1,Biker
45,1441.0,776.0,1553.0,849.0,4502,0,0,1,Biker
45,1449.0,774.0,1559.0,847.0,4503,0,0,1,Biker
45,1454.0,774.0,1564.0,844.0,4504,0,0,1,Biker
45,1460.0,771.0,1570.0,842.0,4505,0,0,1,Biker
45,1468.0,771.0,1575.0,842.0,4506,0,0,1,Biker
45,1474.0,769.0,1581.0,840.0,4507,0,0,1,Biker
45,1482.0,769.0,1586.0,837.0,4508,0,0,1,Biker
45,1487.0,767.0,1589.0,835.0,4509,0,0,1,Biker
45,1493.0,767.0,1595.0,833.0,4510,0,0,1,Biker
45,1501.0,767.0,1600.0,831.0,4511,0,0,1,Biker
45,1507.0,765.0,1606.0,831.0,4512,0,0,1,Biker
45,1512.0,765.0,1611.0,828.0,4513,0,0,1,Biker
45,1520.0,762.0,1617.0,826.0,4514,0,0,1,Biker
45,1526.0,762.0,1622.0,824.0,4515,0,0,1,Biker
45,1534.0,760.0,1628.0,822.0,4516,0,0,1,Biker
45,1540.0,760.0,1630.0,819.0,4517,0,0,1,Biker
45,1545.0,758.0,1636.0,819.0,4518,0,0,1,Biker
45,1553.0,758.0,1641.0,817.0,4519,0,0,1,Biker
45,1559.0,758.0,1647.0,815.0,4520,0,0,1,Biker
45,1564.0,755.0,1652.0,812.0,4521,0,0,1,Biker
45,1573.0,755.0,1658.0,810.0,4522,0,0,1,Biker
45,1578.0,753.0,1663.0,810.0,4523,0,0,1,Biker
45,1586.0,753.0,1669.0,808.0,4524,0,0,1,Biker
45,1592.0,751.0,1672.0,806.0,4525,0,0,1,Biker
45,1597.0,751.0,1677.0,803.0,4526,0,0,1,Biker
45,1606.0,749.0,1683.0,801.0,4527,0,0,1,Biker
45,1611.0,749.0,1688.0,799.0,4528,0,0,1,Biker
45,1617.0,746.0,1694.0,799.0,4529,0,0,1,Biker
45,1625.0,746.0,1699.0,796.0,4530,0,0,1,Biker
45,1630.0,746.0,1705.0,794.0,4531,0,0,1,Biker
45,1639.0,744.0,1710.0,792.0,4532,0,0,1,Biker
45,1644.0,744.0,1713.0,790.0,4533,0,0,1,Biker
45,1650.0,742.0,1718.0,787.0,4534,0,0,1,Biker
45,1658.0,742.0,1724.0,787.0,4535,0,0,1,Biker
45,1663.0,740.0,1729.0,785.0,4536,0,0,1,Biker
45,1669.0,740.0,1735.0,783.0,4537,0,0,1,Biker
45,1677.0,737.0,1740.0,781.0,4538,0,0,1,Biker
45,1683.0,737.0,1746.0,778.0,4539,0,0,1,Biker
45,1691.0,737.0,1751.0,778.0,4540,0,0,0,Biker
45,1696.0,735.0,1757.0,776.0,4541,0,0,1,Biker
45,1702.0,733.0,1762.0,774.0,4542,0,0,1,Biker
45,1707.0,733.0,1768.0,774.0,4543,0,0,1,Biker
45,1713.0,730.0,1773.0,771.0,4544,0,0,1,Biker
45,1718.0,730.0,1779.0,771.0,4545,0,0,1,Biker
45,1724.0,728.0,1784.0,769.0,4546,0,0,1,Biker
45,1729.0,728.0,1790.0,769.0,4547,0,0,1,Biker
45,1735.0,726.0,1795.0,767.0,4548,0,0,1,Biker
45,1740.0,724.0,1801.0,765.0,4549,0,0,1,Biker
45,1746.0,724.0,1806.0,765.0,4550,0,0,1,Biker
45,1751.0,721.0,1812.0,762.0,4551,0,0,1,Biker
45,1757.0,721.0,1817.0,762.0,4552,0,0,1,Biker
45,1762.0,719.0,1823.0,760.0,4553,0,0,1,Biker
45,1768.0,719.0,1828.0,760.0,4554,0,0,1,Biker
45,1776.0,717.0,1837.0,758.0,4555,0,0,1,Biker
45,1782.0,715.0,1842.0,755.0,4556,0,0,1,Biker
45,1787.0,715.0,1848.0,755.0,4557,0,0,1,Biker
45,1793.0,712.0,1853.0,753.0,4558,0,0,1,Biker
45,1798.0,712.0,1859.0,753.0,4559,0,0,1,Biker
45,1804.0,710.0,1864.0,751.0,4560,0,0,1,Biker
45,1809.0,710.0,1870.0,751.0,4561,0,0,1,Biker
45,1815.0,708.0,1875.0,749.0,4562,0,0,1,Biker
45,1820.0,705.0,1881.0,746.0,4563,0,0,1,Biker
45,1826.0,705.0,1886.0,746.0,4564,0,0,1,Biker
45,1831.0,703.0,1892.0,744.0,4565,0,0,1,Biker
45,1837.0,703.0,1897.0,744.0,4566,0,0,1,Biker
45,1842.0,701.0,1903.0,742.0,4567,0,0,1,Biker
45,1848.0,701.0,1908.0,742.0,4568,0,0,1,Biker
45,1853.0,699.0,1914.0,740.0,4569,0,0,1,Biker
45,1861.0,699.0,1922.0,740.0,4570,0,0,0,Biker
45,1864.0,696.0,1925.0,737.0,4571,0,0,1,Biker
45,1870.0,694.0,1930.0,735.0,4572,0,0,1,Biker
45,1875.0,692.0,1936.0,733.0,4573,0,0,1,Biker
45,1878.0,689.0,1938.0,730.0,4574,0,0,1,Biker
45,1883.0,689.0,1944.0,730.0,4575,0,0,1,Biker
45,1889.0,687.0,1949.0,728.0,4576,0,0,1,Biker
45,1892.0,685.0,1952.0,726.0,4577,0,0,1,Biker
45,1897.0,683.0,1958.0,724.0,4578,0,0,1,Biker
45,1903.0,680.0,1963.0,721.0,4579,0,0,1,Biker
45,1908.0,680.0,1969.0,721.0,4580,1,0,0,Biker
45,1914.0,678.0,1969.0,719.0,4581,1,0,1,Biker
45,1919.0,676.0,1969.0,717.0,4582,1,0,1,Biker
45,1925.0,676.0,1971.0,717.0,4583,1,0,1,Biker
45,1930.0,674.0,1971.0,715.0,4584,1,0,1,Biker
45,1938.0,671.0,1971.0,712.0,4585,1,0,1,Biker
45,1944.0,671.0,1974.0,712.0,4586,1,0,1,Biker
45,1949.0,669.0,1974.0,710.0,4587,1,0,1,Biker
45,1955.0,667.0,1974.0,708.0,4588,1,0,1,Biker
45,1963.0,667.0,1977.0,708.0,4589,1,0,0,Biker
45,1963.0,667.0,1977.0,708.0,4590,1,0,1,Biker
45,1963.0,667.0,1977.0,708.0,4591,1,0,1,Biker
45,1963.0,667.0,1977.0,708.0,4592,1,0,1,Biker
45,1963.0,667.0,1977.0,708.0,4593,1,0,1,Biker
45,1963.0,667.0,1977.0,708.0,4594,1,0,1,Biker
45,1963.0,667.0,1977.0,708.0,4595,1,0,1,Biker
45,1963.0,667.0,1977.0,708.0,4596,1,0,1,Biker
45,1963.0,667.0,1977.0,708.0,4597,1,0,1,Biker
45,1963.0,667.0,1977.0,708.0,4598,1,0,1,Biker
45,1963.0,667.0,1977.0,708.0,4599,1,0,1,Biker
45,1963.0,667.0,1977.0,708.0,4600,1,0,1,Biker
45,1963.0,667.0,1977.0,708.0,4601,1,0,1,Biker
45,1963.0,667.0,1977.0,708.0,4602,1,0,1,Biker
45,1963.0,667.0,1977.0,708.0,4603,1,0,1,Biker
45,1963.0,667.0,1977.0,708.0,4604,1,0,1,Biker
45,1963.0,667.0,1977.0,708.0,4605,1,0,1,Biker
45,1963.0,667.0,1977.0,708.0,4606,1,0,1,Biker
45,1963.0,667.0,1977.0,708.0,4607,1,0,1,Biker
45,1963.0,667.0,1977.0,708.0,4608,1,0,1,Biker
45,1963.0,667.0,1977.0,708.0,4609,1,0,1,Biker
45,1963.0,667.0,1977.0,708.0,4610,1,0,1,Biker
45,1963.0,667.0,1977.0,708.0,4611,1,0,1,Biker
45,1963.0,667.0,1977.0,708.0,4612,1,0,1,Biker
45,1963.0,667.0,1977.0,708.0,4613,1,0,1,Biker
45,1963.0,667.0,1977.0,708.0,4614,1,0,1,Biker
45,1963.0,667.0,1977.0,708.0,4615,1,0,1,Biker
45,1963.0,667.0,1977.0,708.0,4616,1,0,1,Biker
45,1963.0,667.0,1977.0,708.0,4617,1,0,1,Biker
45,1963.0,667.0,1977.0,708.0,4618,1,0,1,Biker
45,1963.0,667.0,1977.0,708.0,4619,1,0,1,Biker
45,1963.0,667.0,1977.0,708.0,4620,1,0,1,Biker
45,1963.0,667.0,1977.0,708.0,4621,1,0,1,Biker
45,1963.0,667.0,1977.0,708.0,4622,1,0,1,Biker
45,1963.0,667.0,1977.0,708.0,4623,1,0,1,Biker
45,1963.0,667.0,1977.0,708.0,4624,1,0,1,Biker
45,1963.0,667.0,1977.0,708.0,4625,1,0,1,Biker
45,1963.0,667.0,1977.0,708.0,4626,1,0,1,Biker
45,1963.0,667.0,1977.0,708.0,4627,1,0,1,Biker
45,1963.0,667.0,1977.0,708.0,4628,1,0,1,Biker
45,1963.0,667.0,1977.0,708.0,4629,1,0,1,Biker
45,1963.0,667.0,1977.0,708.0,4630,1,0,1,Biker
45,1963.0,667.0,1977.0,708.0,4631,1,0,1,Biker
45,1963.0,667.0,1977.0,708.0,4632,1,0,1,Biker
45,1963.0,667.0,1977.0,708.0,4633,1,0,1,Biker
45,1963.0,667.0,1977.0,708.0,4634,1,0,1,Biker
45,1963.0,667.0,1977.0,708.0,4635,1,0,1,Biker
45,1963.0,667.0,1977.0,708.0,4636,1,0,1,Biker
45,1963.0,667.0,1977.0,708.0,4637,1,0,1,Biker
45,1963.0,667.0,1977.0,708.0,4638,1,0,1,Biker
45,1963.0,667.0,1977.0,708.0,4639,1,0,1,Biker
45,1963.0,667.0,1977.0,708.0,4640,1,0,1,Biker
45,1963.0,667.0,1977.0,708.0,4641,1,0,1,Biker
45,1963.0,667.0,1977.0,708.0,4642,1,0,1,Biker
45,1963.0,667.0,1977.0,708.0,4643,1,0,1,Biker
45,1963.0,667.0,1977.0,708.0,4644,1,0,1,Biker
45,1963.0,667.0,1977.0,708.0,4645,1,0,1,Biker
45,1963.0,667.0,1977.0,708.0,4646,1,0,1,Biker
45,1963.0,667.0,1977.0,708.0,4647,1,0,1,Biker
45,1963.0,667.0,1977.0,708.0,4648,1,0,1,Biker
45,1963.0,667.0,1977.0,708.0,4649,1,0,1,Biker
45,1963.0,667.0,1977.0,708.0,4650,1,0,1,Biker
45,1963.0,667.0,1977.0,708.0,4651,1,0,1,Biker
45,1963.0,667.0,1977.0,708.0,4652,1,0,1,Biker
45,1963.0,667.0,1977.0,708.0,4653,1,0,1,Biker
45,1963.0,667.0,1977.0,708.0,4654,1,0,1,Biker
45,1963.0,667.0,1977.0,708.0,4655,1,0,1,Biker
45,1963.0,667.0,1977.0,708.0,4656,1,0,1,Biker
45,1963.0,667.0,1977.0,708.0,4657,1,0,1,Biker
45,1963.0,667.0,1977.0,708.0,4658,1,0,1,Biker
45,1963.0,667.0,1977.0,708.0,4659,1,0,1,Biker
45,1963.0,667.0,1977.0,708.0,4660,1,0,1,Biker
45,1963.0,667.0,1977.0,708.0,4661,1,0,1,Biker
45,1963.0,667.0,1977.0,708.0,4662,1,0,1,Biker
45,1963.0,667.0,1977.0,708.0,4663,1,0,1,Biker
45,1963.0,667.0,1977.0,708.0,4664,1,0,1,Biker
45,1963.0,667.0,1977.0,708.0,4665,1,0,1,Biker
45,1963.0,667.0,1977.0,708.0,4666,1,0,1,Biker
45,1963.0,667.0,1977.0,708.0,4667,1,0,1,Biker
45,1963.0,667.0,1977.0,708.0,4668,1,0,1,Biker
45,1963.0,667.0,1977.0,708.0,4669,1,0,1,Biker
45,1963.0,667.0,1977.0,708.0,4670,1,0,1,Biker
45,1963.0,667.0,1977.0,708.0,4671,1,0,1,Biker
45,1963.0,667.0,1977.0,708.0,4672,1,0,1,Biker
45,1963.0,667.0,1977.0,708.0,4673,1,0,1,Biker
45,1963.0,667.0,1977.0,708.0,4674,1,0,1,Biker
45,1963.0,667.0,1977.0,708.0,4675,1,0,1,Biker
45,1963.0,667.0,1977.0,708.0,4676,1,0,1,Biker
45,1963.0,667.0,1977.0,708.0,4677,1,0,1,Biker
45,1963.0,667.0,1977.0,708.0,4678,1,0,1,Biker
45,1963.0,667.0,1977.0,708.0,4679,1,0,1,Biker
45,1963.0,667.0,1977.0,708.0,4680,1,0,1,Biker
45,1963.0,667.0,1977.0,708.0,4681,1,0,1,Biker
45,1963.0,667.0,1977.0,708.0,4682,1,0,1,Biker
45,1963.0,667.0,1977.0,708.0,4683,1,0,1,Biker
45,1963.0,667.0,1977.0,708.0,4684,1,0,1,Biker
45,1963.0,667.0,1977.0,708.0,4685,1,0,1,Biker
45,1963.0,667.0,1977.0,708.0,4686,1,0,1,Biker
45,1963.0,667.0,1977.0,708.0,4687,1,0,1,Biker
45,1963.0,667.0,1977.0,708.0,4688,1,0,1,Biker
45,1963.0,667.0,1977.0,708.0,4689,1,0,1,Biker
45,1963.0,667.0,1977.0,708.0,4690,1,0,1,Biker
45,1963.0,667.0,1977.0,708.0,4691,1,0,1,Biker
45,1963.0,667.0,1977.0,708.0,4692,1,0,1,Biker
45,1963.0,667.0,1977.0,708.0,4693,1,0,1,Biker
45,1963.0,667.0,1977.0,708.0,4694,1,0,1,Biker
45,1963.0,667.0,1977.0,708.0,4695,1,0,1,Biker
45,1963.0,667.0,1977.0,708.0,4696,1,0,1,Biker
45,1963.0,667.0,1977.0,708.0,4697,1,0,1,Biker
45,1963.0,667.0,1977.0,708.0,4698,1,0,1,Biker
45,1963.0,667.0,1977.0,708.0,4699,1,0,1,Biker
45,1963.0,667.0,1977.0,708.0,4700,1,0,1,Biker
45,1963.0,667.0,1977.0,708.0,4701,1,0,1,Biker
45,1963.0,667.0,1977.0,708.0,4702,1,0,1,Biker
45,1963.0,667.0,1977.0,708.0,4703,1,0,1,Biker
45,1963.0,667.0,1977.0,708.0,4704,1,0,1,Biker
45,1963.0,667.0,1977.0,708.0,4705,1,0,1,Biker
45,1963.0,667.0,1977.0,708.0,4706,1,0,1,Biker
45,1963.0,667.0,1977.0,708.0,4707,1,0,1,Biker
45,1963.0,667.0,1977.0,708.0,4708,1,0,1,Biker
45,1963.0,667.0,1977.0,708.0,4709,1,0,1,Biker
45,1963.0,667.0,1977.0,708.0,4710,1,0,1,Biker
45,1963.0,667.0,1977.0,708.0,4711,1,0,1,Biker
45,1963.0,667.0,1977.0,708.0,4712,1,0,1,Biker
45,1963.0,667.0,1977.0,708.0,4713,1,0,1,Biker
45,1963.0,667.0,1977.0,708.0,4714,1,0,1,Biker
45,1963.0,667.0,1977.0,708.0,4715,1,0,1,Biker
45,1963.0,667.0,1977.0,708.0,4716,1,0,1,Biker
45,1963.0,667.0,1977.0,708.0,4717,1,0,1,Biker
45,1963.0,667.0,1977.0,708.0,4718,1,0,1,Biker
45,1963.0,667.0,1977.0,708.0,4719,1,0,1,Biker
45,1963.0,667.0,1977.0,708.0,4720,1,0,1,Biker
45,1963.0,667.0,1977.0,708.0,4721,1,0,1,Biker
45,1963.0,667.0,1977.0,708.0,4722,1,0,1,Biker
45,1963.0,667.0,1977.0,708.0,4723,1,0,1,Biker
45,1963.0,667.0,1977.0,708.0,4724,1,0,1,Biker
45,1963.0,667.0,1977.0,708.0,4725,1,0,1,Biker
45,1963.0,667.0,1977.0,708.0,4726,1,0,1,Biker
45,1963.0,667.0,1977.0,708.0,4727,1,0,1,Biker
45,1963.0,667.0,1977.0,708.0,4728,1,0,1,Biker
45,1963.0,667.0,1977.0,708.0,4729,1,0,1,Biker
45,1963.0,667.0,1977.0,708.0,4730,1,0,1,Biker
45,1963.0,667.0,1977.0,708.0,4731,1,0,1,Biker
45,1963.0,667.0,1977.0,708.0,4732,1,0,1,Biker
45,1963.0,667.0,1977.0,708.0,4733,1,0,1,Biker
45,1963.0,667.0,1977.0,708.0,4734,1,0,1,Biker
45,1963.0,667.0,1977.0,708.0,4735,1,0,1,Biker
45,1963.0,667.0,1977.0,708.0,4736,1,0,1,Biker
45,1963.0,667.0,1977.0,708.0,4737,1,0,1,Biker
45,1963.0,667.0,1977.0,708.0,4738,1,0,1,Biker
45,1963.0,667.0,1977.0,708.0,4739,1,0,1,Biker
45,1963.0,667.0,1977.0,708.0,4740,1,0,1,Biker
45,1963.0,667.0,1977.0,708.0,4741,1,0,1,Biker
45,1963.0,667.0,1977.0,708.0,4742,1,0,1,Biker
45,1963.0,667.0,1977.0,708.0,4743,1,0,1,Biker
45,1963.0,667.0,1977.0,708.0,4744,1,0,1,Biker
45,1963.0,667.0,1977.0,708.0,4745,1,0,1,Biker
45,1963.0,667.0,1977.0,708.0,4746,1,0,1,Biker
45,1963.0,667.0,1977.0,708.0,4747,1,0,1,Biker
45,1963.0,667.0,1977.0,708.0,4748,1,0,1,Biker
45,1963.0,667.0,1977.0,708.0,4749,1,0,1,Biker
45,1963.0,667.0,1977.0,708.0,4750,1,0,1,Biker
45,1963.0,667.0,1977.0,708.0,4751,1,0,1,Biker
45,1963.0,667.0,1977.0,708.0,4752,1,0,1,Biker
45,1963.0,667.0,1977.0,708.0,4753,1,0,1,Biker
45,1963.0,667.0,1977.0,708.0,4754,1,0,1,Biker
45,1963.0,667.0,1977.0,708.0,4755,1,0,1,Biker
45,1963.0,667.0,1977.0,708.0,4756,1,0,1,Biker
45,1963.0,667.0,1977.0,708.0,4757,1,0,1,Biker
45,1963.0,667.0,1977.0,708.0,4758,1,0,1,Biker
45,1963.0,667.0,1977.0,708.0,4759,1,0,1,Biker
45,1963.0,667.0,1977.0,708.0,4760,1,0,1,Biker
45,1963.0,667.0,1977.0,708.0,4761,1,0,1,Biker
45,1963.0,667.0,1977.0,708.0,4762,1,0,1,Biker
45,1963.0,667.0,1977.0,708.0,4763,1,0,1,Biker
45,1963.0,667.0,1977.0,708.0,4764,1,0,1,Biker
45,1963.0,667.0,1977.0,708.0,4765,1,0,1,Biker
45,1963.0,667.0,1977.0,708.0,4766,1,0,1,Biker
45,1963.0,667.0,1977.0,708.0,4767,1,0,1,Biker
45,1963.0,667.0,1977.0,708.0,4768,1,0,1,Biker
45,1963.0,667.0,1977.0,708.0,4769,1,0,1,Biker
45,1963.0,667.0,1977.0,708.0,4770,1,0,1,Biker
45,1963.0,667.0,1977.0,708.0,4771,1,0,1,Biker
45,1963.0,667.0,1977.0,708.0,4772,1,0,1,Biker
45,1963.0,667.0,1977.0,708.0,4773,1,0,1,Biker
45,1963.0,667.0,1977.0,708.0,4774,1,0,1,Biker
45,1963.0,667.0,1977.0,708.0,4775,1,0,1,Biker
45,1963.0,667.0,1977.0,708.0,4776,1,0,1,Biker
45,1963.0,667.0,1977.0,708.0,4777,1,0,1,Biker
45,1963.0,667.0,1977.0,708.0,4778,1,0,1,Biker
45,1963.0,667.0,1977.0,708.0,4779,1,0,1,Biker
45,1963.0,667.0,1977.0,708.0,4780,1,0,1,Biker
45,1963.0,667.0,1977.0,708.0,4781,1,0,1,Biker
45,1963.0,667.0,1977.0,708.0,4782,1,0,1,Biker
45,1963.0,667.0,1977.0,708.0,4783,1,0,1,Biker
45,1963.0,667.0,1977.0,708.0,4784,1,0,1,Biker
45,1963.0,667.0,1977.0,708.0,4785,1,0,1,Biker
45,1963.0,667.0,1977.0,708.0,4786,1,0,1,Biker
45,1963.0,667.0,1977.0,708.0,4787,1,0,1,Biker
45,1963.0,667.0,1977.0,708.0,4788,1,0,1,Biker
45,1963.0,667.0,1977.0,708.0,4789,1,0,1,Biker
45,1963.0,667.0,1977.0,708.0,4790,1,0,1,Biker
45,1963.0,667.0,1977.0,708.0,4791,1,0,1,Biker
45,1963.0,667.0,1977.0,708.0,4792,1,0,1,Biker
45,1963.0,667.0,1977.0,708.0,4793,1,0,1,Biker
45,1963.0,667.0,1977.0,708.0,4794,1,0,1,Biker
45,1963.0,667.0,1977.0,708.0,4795,1,0,1,Biker
45,1963.0,667.0,1977.0,708.0,4796,1,0,1,Biker
45,1963.0,667.0,1977.0,708.0,4797,1,0,1,Biker
45,1963.0,667.0,1977.0,708.0,4798,1,0,1,Biker
45,1963.0,667.0,1977.0,708.0,4799,1,0,1,Biker
45,1963.0,667.0,1977.0,708.0,4800,1,0,1,Biker
45,1963.0,667.0,1977.0,708.0,4801,1,0,1,Biker
45,1963.0,667.0,1977.0,708.0,4802,1,0,1,Biker
45,1963.0,667.0,1977.0,708.0,4803,1,0,1,Biker
45,1963.0,667.0,1977.0,708.0,4804,1,0,1,Biker
45,1963.0,667.0,1977.0,708.0,4805,1,0,1,Biker
45,1963.0,667.0,1977.0,708.0,4806,1,0,1,Biker
45,1963.0,667.0,1977.0,708.0,4807,1,0,1,Biker
45,1963.0,667.0,1977.0,708.0,4808,1,0,1,Biker
45,1963.0,667.0,1977.0,708.0,4809,1,0,1,Biker
45,1963.0,667.0,1977.0,708.0,4810,1,0,1,Biker
45,1963.0,667.0,1977.0,708.0,4811,1,0,1,Biker
45,1963.0,667.0,1977.0,708.0,4812,1,0,1,Biker
45,1963.0,667.0,1977.0,708.0,4813,1,0,1,Biker
45,1963.0,667.0,1977.0,708.0,4814,1,0,1,Biker
45,1963.0,667.0,1977.0,708.0,4815,1,0,1,Biker
45,1963.0,667.0,1977.0,708.0,4816,1,0,1,Biker
45,1963.0,667.0,1977.0,708.0,4817,1,0,1,Biker
45,1963.0,667.0,1977.0,708.0,4818,1,0,1,Biker
45,1963.0,667.0,1977.0,708.0,4819,1,0,1,Biker
45,1963.0,667.0,1977.0,708.0,4820,1,0,1,Biker
45,1963.0,667.0,1977.0,708.0,4821,1,0,1,Biker
45,1963.0,667.0,1977.0,708.0,4822,1,0,1,Biker
45,1963.0,667.0,1977.0,708.0,4823,1,0,1,Biker
45,1963.0,667.0,1977.0,708.0,4824,1,0,1,Biker
45,1963.0,667.0,1977.0,708.0,4825,1,0,1,Biker
45,1963.0,667.0,1977.0,708.0,4826,1,0,1,Biker
45,1963.0,667.0,1977.0,708.0,4827,1,0,1,Biker
45,1963.0,667.0,1977.0,708.0,4828,1,0,1,Biker
45,1963.0,667.0,1977.0,708.0,4829,1,0,1,Biker
45,1963.0,667.0,1977.0,708.0,4830,1,0,1,Biker
45,1963.0,667.0,1977.0,708.0,4831,1,0,1,Biker
45,1963.0,667.0,1977.0,708.0,4832,1,0,1,Biker
45,1963.0,667.0,1977.0,708.0,4833,1,0,1,Biker
45,1963.0,667.0,1977.0,708.0,4834,1,0,1,Biker
45,1963.0,667.0,1977.0,708.0,4835,1,0,1,Biker
45,1963.0,667.0,1977.0,708.0,4836,1,0,1,Biker
45,1963.0,667.0,1977.0,708.0,4837,1,0,1,Biker
45,1963.0,667.0,1977.0,708.0,4838,1,0,1,Biker
45,1963.0,667.0,1977.0,708.0,4839,1,0,1,Biker
45,1963.0,667.0,1977.0,708.0,4840,1,0,1,Biker
45,1963.0,667.0,1977.0,708.0,4841,1,0,1,Biker
45,1963.0,667.0,1977.0,708.0,4842,1,0,1,Biker
45,1963.0,667.0,1977.0,708.0,4843,1,0,1,Biker
45,1963.0,667.0,1977.0,708.0,4844,1,0,1,Biker
45,1963.0,667.0,1977.0,708.0,4845,1,0,1,Biker
45,1963.0,667.0,1977.0,708.0,4846,1,0,1,Biker
45,1963.0,667.0,1977.0,708.0,4847,1,0,1,Biker
45,1963.0,667.0,1977.0,708.0,4848,1,0,1,Biker
45,1963.0,667.0,1977.0,708.0,4849,1,0,1,Biker
45,1963.0,667.0,1977.0,708.0,4850,1,0,1,Biker
45,1963.0,667.0,1977.0,708.0,4851,1,0,1,Biker
45,1963.0,667.0,1977.0,708.0,4852,1,0,1,Biker
45,1963.0,667.0,1977.0,708.0,4853,1,0,1,Biker
45,1963.0,667.0,1977.0,708.0,4854,1,0,1,Biker
45,1963.0,667.0,1977.0,708.0,4855,1,0,1,Biker
45,1963.0,667.0,1977.0,708.0,4856,1,0,1,Biker
45,1963.0,667.0,1977.0,708.0,4857,1,0,1,Biker
45,1963.0,667.0,1977.0,708.0,4858,1,0,1,Biker
45,1963.0,667.0,1977.0,708.0,4859,1,0,1,Biker
45,1963.0,667.0,1977.0,708.0,4860,1,0,1,Biker
45,1963.0,667.0,1977.0,708.0,4861,1,0,1,Biker
45,1963.0,667.0,1977.0,708.0,4862,1,0,1,Biker
45,1963.0,667.0,1977.0,708.0,4863,1,0,1,Biker
45,1963.0,667.0,1977.0,708.0,4864,1,0,1,Biker
45,1963.0,667.0,1977.0,708.0,4865,1,0,1,Biker
45,1963.0,667.0,1977.0,708.0,4866,1,0,1,Biker
45,1963.0,667.0,1977.0,708.0,4867,1,0,1,Biker
45,1963.0,667.0,1977.0,708.0,4868,1,0,1,Biker
45,1963.0,667.0,1977.0,708.0,4869,1,0,1,Biker
45,1963.0,667.0,1977.0,708.0,4870,1,0,1,Biker
45,1963.0,667.0,1977.0,708.0,4871,1,0,1,Biker
45,1963.0,667.0,1977.0,708.0,4872,1,0,1,Biker
45,1963.0,667.0,1977.0,708.0,4873,1,0,1,Biker
45,1963.0,667.0,1977.0,708.0,4874,1,0,1,Biker
45,1963.0,667.0,1977.0,708.0,4875,1,0,1,Biker
45,1963.0,667.0,1977.0,708.0,4876,1,0,1,Biker
45,1963.0,667.0,1977.0,708.0,4877,1,0,1,Biker
45,1963.0,667.0,1977.0,708.0,4878,1,0,1,Biker
45,1963.0,667.0,1977.0,708.0,4879,1,0,1,Biker
45,1963.0,667.0,1977.0,708.0,4880,1,0,1,Biker
45,1963.0,667.0,1977.0,708.0,4881,1,0,1,Biker
45,1963.0,667.0,1977.0,708.0,4882,1,0,1,Biker
45,1963.0,667.0,1977.0,708.0,4883,1,0,1,Biker
45,1963.0,667.0,1977.0,708.0,4884,1,0,1,Biker
45,1963.0,667.0,1977.0,708.0,4885,1,0,1,Biker
45,1963.0,667.0,1977.0,708.0,4886,1,0,1,Biker
45,1963.0,667.0,1977.0,708.0,4887,1,0,1,Biker
45,1963.0,667.0,1977.0,708.0,4888,1,0,1,Biker
45,1963.0,667.0,1977.0,708.0,4889,1,0,1,Biker
45,1963.0,667.0,1977.0,708.0,4890,1,0,1,Biker
45,1963.0,667.0,1977.0,708.0,4891,1,0,1,Biker
45,1963.0,667.0,1977.0,708.0,4892,1,0,1,Biker
45,1963.0,667.0,1977.0,708.0,4893,1,0,1,Biker
45,1963.0,667.0,1977.0,708.0,4894,1,0,1,Biker
45,1963.0,667.0,1977.0,708.0,4895,1,0,1,Biker
45,1963.0,667.0,1977.0,708.0,4896,1,0,1,Biker
45,1963.0,667.0,1977.0,708.0,4897,1,0,1,Biker
45,1963.0,667.0,1977.0,708.0,4898,1,0,1,Biker
45,1963.0,667.0,1977.0,708.0,4899,1,0,1,Biker
45,1963.0,667.0,1977.0,708.0,4900,1,0,1,Biker
45,1963.0,667.0,1977.0,708.0,4901,1,0,1,Biker
45,1963.0,667.0,1977.0,708.0,4902,1,0,1,Biker
45,1963.0,667.0,1977.0,708.0,4903,1,0,1,Biker
45,1963.0,667.0,1977.0,708.0,4904,1,0,1,Biker
45,1963.0,667.0,1977.0,708.0,4905,1,0,1,Biker
45,1963.0,667.0,1977.0,708.0,4906,1,0,1,Biker
45,1963.0,667.0,1977.0,708.0,4907,1,0,1,Biker
45,1963.0,667.0,1977.0,708.0,4908,1,0,1,Biker
45,1963.0,667.0,1977.0,708.0,4909,1,0,1,Biker
45,1963.0,667.0,1977.0,708.0,4910,1,0,1,Biker
45,1963.0,667.0,1977.0,708.0,4911,1,0,1,Biker
45,1963.0,667.0,1977.0,708.0,4912,1,0,1,Biker
45,1963.0,667.0,1977.0,708.0,4913,1,0,1,Biker
45,1963.0,667.0,1977.0,708.0,4914,1,0,1,Biker
45,1963.0,667.0,1977.0,708.0,4915,1,0,1,Biker
45,1963.0,667.0,1977.0,708.0,4916,1,0,1,Biker
45,1963.0,667.0,1977.0,708.0,4917,1,0,1,Biker
45,1963.0,667.0,1977.0,708.0,4918,1,0,1,Biker
45,1963.0,667.0,1977.0,708.0,4919,1,0,1,Biker
45,1963.0,667.0,1977.0,708.0,4920,1,0,1,Biker
45,1963.0,667.0,1977.0,708.0,4921,1,0,1,Biker
45,1963.0,667.0,1977.0,708.0,4922,1,0,1,Biker
45,1963.0,667.0,1977.0,708.0,4923,1,0,1,Biker
45,1963.0,667.0,1977.0,708.0,4924,1,0,1,Biker
45,1963.0,667.0,1977.0,708.0,4925,1,0,1,Biker
45,1963.0,667.0,1977.0,708.0,4926,1,0,1,Biker
45,1963.0,667.0,1977.0,708.0,4927,1,0,1,Biker
45,1963.0,667.0,1977.0,708.0,4928,1,0,1,Biker
45,1963.0,667.0,1977.0,708.0,4929,1,0,1,Biker
45,1963.0,667.0,1977.0,708.0,4930,1,0,1,Biker
45,1963.0,667.0,1977.0,708.0,4931,1,0,1,Biker
45,1963.0,667.0,1977.0,708.0,4932,1,0,1,Biker
45,1963.0,667.0,1977.0,708.0,4933,1,0,1,Biker
45,1963.0,667.0,1977.0,708.0,4934,1,0,1,Biker
45,1963.0,667.0,1977.0,708.0,4935,1,0,1,Biker
45,1963.0,667.0,1977.0,708.0,4936,1,0,1,Biker
45,1963.0,667.0,1977.0,708.0,4937,1,0,1,Biker
45,1963.0,667.0,1977.0,708.0,4938,1,0,1,Biker
45,1963.0,667.0,1977.0,708.0,4939,1,0,1,Biker
45,1963.0,667.0,1977.0,708.0,4940,1,0,1,Biker
45,1963.0,667.0,1977.0,708.0,4941,1,0,1,Biker
45,1963.0,667.0,1977.0,708.0,4942,1,0,1,Biker
45,1963.0,667.0,1977.0,708.0,4943,1,0,1,Biker
45,1963.0,667.0,1977.0,708.0,4944,1,0,1,Biker
45,1963.0,667.0,1977.0,708.0,4945,1,0,1,Biker
45,1963.0,667.0,1977.0,708.0,4946,1,0,1,Biker
45,1963.0,667.0,1977.0,708.0,4947,1,0,1,Biker
45,1963.0,667.0,1977.0,708.0,4948,1,0,1,Biker
45,1963.0,667.0,1977.0,708.0,4949,1,0,1,Biker
45,1963.0,667.0,1977.0,708.0,4950,1,0,1,Biker
45,1963.0,667.0,1977.0,708.0,4951,1,0,1,Biker
45,1963.0,667.0,1977.0,708.0,4952,1,0,1,Biker
45,1963.0,667.0,1977.0,708.0,4953,1,0,1,Biker
45,1963.0,667.0,1977.0,708.0,4954,1,0,1,Biker
45,1963.0,667.0,1977.0,708.0,4955,1,0,1,Biker
45,1963.0,667.0,1977.0,708.0,4956,1,0,1,Biker
45,1963.0,667.0,1977.0,708.0,4957,1,0,1,Biker
45,1963.0,667.0,1977.0,708.0,4958,1,0,1,Biker
45,1963.0,667.0,1977.0,708.0,4959,1,0,1,Biker
45,1963.0,667.0,1977.0,708.0,4960,1,0,1,Biker
45,1963.0,667.0,1977.0,708.0,4961,1,0,1,Biker
45,1963.0,667.0,1977.0,708.0,4962,1,0,1,Biker
45,1963.0,667.0,1977.0,708.0,4963,1,0,1,Biker
45,1963.0,667.0,1977.0,708.0,4964,1,0,1,Biker
45,1963.0,667.0,1977.0,708.0,4965,1,0,1,Biker
45,1963.0,667.0,1977.0,708.0,4966,1,0,1,Biker
45,1963.0,667.0,1977.0,708.0,4967,1,0,1,Biker
45,1963.0,667.0,1977.0,708.0,4968,1,0,1,Biker
45,1963.0,667.0,1977.0,708.0,4969,1,0,1,Biker
45,1963.0,667.0,1977.0,708.0,4970,1,0,1,Biker
45,1963.0,667.0,1977.0,708.0,4971,1,0,1,Biker
45,1963.0,667.0,1977.0,708.0,4972,1,0,1,Biker
45,1963.0,667.0,1977.0,708.0,4973,1,0,1,Biker
45,1963.0,667.0,1977.0,708.0,4974,1,0,1,Biker
45,1963.0,667.0,1977.0,708.0,4975,1,0,1,Biker
45,1963.0,667.0,1977.0,708.0,4976,1,0,1,Biker
45,1963.0,667.0,1977.0,708.0,4977,1,0,1,Biker
45,1963.0,667.0,1977.0,708.0,4978,1,0,1,Biker
45,1963.0,667.0,1977.0,708.0,4979,1,0,1,Biker
45,1963.0,667.0,1977.0,708.0,4980,1,0,1,Biker
45,1963.0,667.0,1977.0,708.0,4981,1,0,1,Biker
45,1963.0,667.0,1977.0,708.0,4982,1,0,1,Biker
45,1963.0,667.0,1977.0,708.0,4983,1,0,1,Biker
45,1963.0,667.0,1977.0,708.0,4984,1,0,1,Biker
45,1963.0,667.0,1977.0,708.0,4985,1,0,1,Biker
45,1963.0,667.0,1977.0,708.0,4986,1,0,1,Biker
45,1963.0,667.0,1977.0,708.0,4987,1,0,1,Biker
45,1963.0,667.0,1977.0,708.0,4988,1,0,1,Biker
45,1963.0,667.0,1977.0,708.0,4989,1,0,1,Biker
45,1963.0,667.0,1977.0,708.0,4990,1,0,1,Biker
45,1963.0,667.0,1977.0,708.0,4991,1,0,1,Biker
45,1963.0,667.0,1977.0,708.0,4992,1,0,1,Biker
45,1963.0,667.0,1977.0,708.0,4993,1,0,1,Biker
45,1963.0,667.0,1977.0,708.0,4994,1,0,1,Biker
45,1963.0,667.0,1977.0,708.0,4995,1,0,1,Biker
45,1963.0,667.0,1977.0,708.0,4996,1,0,1,Biker
45,1963.0,667.0,1977.0,708.0,4997,1,0,1,Biker
45,1963.0,667.0,1977.0,708.0,4998,1,0,1,Biker
45,1963.0,667.0,1977.0,708.0,4999,1,0,1,Biker
45,1963.0,667.0,1977.0,708.0,5000,1,0,1,Biker
45,1963.0,667.0,1977.0,708.0,5001,1,0,1,Biker
45,1963.0,667.0,1977.0,708.0,5002,1,0,1,Biker
45,1963.0,667.0,1977.0,708.0,5003,1,0,1,Biker
45,1963.0,667.0,1977.0,708.0,5004,1,0,1,Biker
45,1963.0,667.0,1977.0,708.0,5005,1,0,1,Biker
45,1963.0,667.0,1977.0,708.0,5006,1,0,1,Biker
45,1963.0,667.0,1977.0,708.0,5007,1,0,1,Biker
45,1963.0,667.0,1977.0,708.0,5008,1,0,1,Biker
45,1963.0,667.0,1977.0,708.0,5009,1,0,1,Biker
45,1963.0,667.0,1977.0,708.0,5010,1,0,1,Biker
45,1963.0,667.0,1977.0,708.0,5011,1,0,1,Biker
45,1963.0,667.0,1977.0,708.0,5012,1,0,1,Biker
45,1963.0,667.0,1977.0,708.0,5013,1,0,1,Biker
45,1963.0,667.0,1977.0,708.0,5014,1,0,1,Biker
45,1963.0,667.0,1977.0,708.0,5015,1,0,1,Biker
45,1963.0,667.0,1977.0,708.0,5016,1,0,1,Biker
45,1963.0,667.0,1977.0,708.0,5017,1,0,1,Biker
45,1963.0,667.0,1977.0,708.0,5018,1,0,1,Biker
45,1963.0,667.0,1977.0,708.0,5019,1,0,1,Biker
45,1963.0,667.0,1977.0,708.0,5020,1,0,1,Biker
45,1963.0,667.0,1977.0,708.0,5021,1,0,1,Biker
45,1963.0,667.0,1977.0,708.0,5022,1,0,1,Biker
45,1963.0,667.0,1977.0,708.0,5023,1,0,1,Biker
45,1963.0,667.0,1977.0,708.0,5024,1,0,1,Biker
45,1963.0,667.0,1977.0,708.0,5025,1,0,1,Biker
45,1963.0,667.0,1977.0,708.0,5026,1,0,1,Biker
45,1963.0,667.0,1977.0,708.0,5027,1,0,1,Biker
45,1963.0,667.0,1977.0,708.0,5028,1,0,1,Biker
45,1963.0,667.0,1977.0,708.0,5029,1,0,1,Biker
45,1963.0,667.0,1977.0,708.0,5030,1,0,1,Biker
45,1963.0,667.0,1977.0,708.0,5031,1,0,0,Biker
46,382.0,1047.0,456.0,1086.0,7000,1,0,0,Pedestrian
46,382.0,1047.0,456.0,1086.0,7001,1,0,1,Pedestrian
46,382.0,1047.0,456.0,1086.0,7002,1,0,1,Pedestrian
46,382.0,1047.0,456.0,1086.0,7003,1,0,1,Pedestrian
46,382.0,1047.0,456.0,1086.0,7004,1,0,1,Pedestrian
46,382.0,1047.0,456.0,1086.0,7005,1,0,1,Pedestrian
46,382.0,1047.0,456.0,1086.0,7006,1,0,1,Pedestrian
46,382.0,1047.0,456.0,1086.0,7007,1,0,1,Pedestrian
46,382.0,1047.0,456.0,1086.0,7008,1,0,1,Pedestrian
46,382.0,1047.0,456.0,1086.0,7009,1,0,1,Pedestrian
46,382.0,1047.0,456.0,1086.0,7010,1,0,1,Pedestrian
46,382.0,1047.0,456.0,1086.0,7011,1,0,1,Pedestrian
46,382.0,1047.0,456.0,1086.0,7012,1,0,1,Pedestrian
46,382.0,1047.0,456.0,1086.0,7013,1,0,1,Pedestrian
46,382.0,1047.0,456.0,1086.0,7014,1,0,1,Pedestrian
46,382.0,1047.0,456.0,1086.0,7015,1,0,1,Pedestrian
46,382.0,1047.0,456.0,1086.0,7016,1,0,1,Pedestrian
46,382.0,1047.0,456.0,1086.0,7017,1,0,1,Pedestrian
46,382.0,1047.0,456.0,1086.0,7018,1,0,1,Pedestrian
46,382.0,1047.0,456.0,1086.0,7019,1,0,1,Pedestrian
46,382.0,1047.0,456.0,1086.0,7020,1,0,1,Pedestrian
46,382.0,1047.0,456.0,1086.0,7021,1,0,1,Pedestrian
46,382.0,1047.0,456.0,1086.0,7022,1,0,1,Pedestrian
46,382.0,1047.0,456.0,1086.0,7023,1,0,1,Pedestrian
46,382.0,1047.0,456.0,1086.0,7024,1,0,1,Pedestrian
46,382.0,1047.0,456.0,1086.0,7025,1,0,1,Pedestrian
46,382.0,1047.0,456.0,1086.0,7026,1,0,1,Pedestrian
46,382.0,1047.0,456.0,1086.0,7027,1,0,1,Pedestrian
46,382.0,1047.0,456.0,1086.0,7028,1,0,1,Pedestrian
46,382.0,1047.0,456.0,1086.0,7029,1,0,1,Pedestrian
46,382.0,1047.0,456.0,1086.0,7030,1,0,1,Pedestrian
46,382.0,1047.0,456.0,1086.0,7031,1,0,1,Pedestrian
46,382.0,1047.0,456.0,1086.0,7032,1,0,1,Pedestrian
46,382.0,1047.0,456.0,1086.0,7033,1,0,1,Pedestrian
46,382.0,1047.0,456.0,1086.0,7034,1,0,1,Pedestrian
46,382.0,1047.0,456.0,1086.0,7035,1,0,1,Pedestrian
46,382.0,1047.0,456.0,1086.0,7036,1,0,1,Pedestrian
46,382.0,1047.0,456.0,1086.0,7037,1,0,1,Pedestrian
46,382.0,1047.0,456.0,1086.0,7038,1,0,1,Pedestrian
46,382.0,1047.0,456.0,1086.0,7039,1,0,1,Pedestrian
46,382.0,1047.0,456.0,1086.0,7040,1,0,1,Pedestrian
46,382.0,1047.0,456.0,1086.0,7041,1,0,1,Pedestrian
46,382.0,1047.0,456.0,1086.0,7042,1,0,1,Pedestrian
46,382.0,1047.0,456.0,1086.0,7043,1,0,1,Pedestrian
46,382.0,1047.0,456.0,1086.0,7044,1,0,1,Pedestrian
46,382.0,1047.0,456.0,1086.0,7045,1,0,1,Pedestrian
46,382.0,1047.0,456.0,1086.0,7046,1,0,1,Pedestrian
46,382.0,1047.0,456.0,1086.0,7047,1,0,1,Pedestrian
46,382.0,1047.0,456.0,1086.0,7048,1,0,1,Pedestrian
46,382.0,1047.0,456.0,1086.0,7049,1,0,1,Pedestrian
46,382.0,1047.0,456.0,1086.0,7050,1,0,1,Pedestrian
46,382.0,1047.0,456.0,1086.0,7051,1,0,1,Pedestrian
46,382.0,1047.0,456.0,1086.0,7052,1,0,1,Pedestrian
46,382.0,1047.0,456.0,1086.0,7053,1,0,1,Pedestrian
46,382.0,1047.0,456.0,1086.0,7054,1,0,1,Pedestrian
46,382.0,1047.0,456.0,1086.0,7055,1,0,1,Pedestrian
46,382.0,1047.0,456.0,1086.0,7056,1,0,1,Pedestrian
46,382.0,1047.0,456.0,1086.0,7057,1,0,1,Pedestrian
46,382.0,1047.0,456.0,1086.0,7058,1,0,1,Pedestrian
46,382.0,1047.0,456.0,1086.0,7059,1,0,1,Pedestrian
46,382.0,1047.0,456.0,1086.0,7060,1,0,1,Pedestrian
46,382.0,1047.0,456.0,1086.0,7061,1,0,1,Pedestrian
46,382.0,1047.0,456.0,1086.0,7062,1,0,1,Pedestrian
46,382.0,1047.0,456.0,1086.0,7063,1,0,1,Pedestrian
46,382.0,1047.0,456.0,1086.0,7064,1,0,1,Pedestrian
46,382.0,1047.0,456.0,1086.0,7065,1,0,1,Pedestrian
46,382.0,1047.0,456.0,1086.0,7066,1,0,1,Pedestrian
46,382.0,1047.0,456.0,1086.0,7067,1,0,1,Pedestrian
46,382.0,1047.0,456.0,1086.0,7068,1,0,1,Pedestrian
46,382.0,1047.0,456.0,1086.0,7069,1,0,1,Pedestrian
46,382.0,1047.0,456.0,1086.0,7070,1,0,1,Pedestrian
46,382.0,1047.0,456.0,1086.0,7071,1,0,1,Pedestrian
46,382.0,1047.0,456.0,1086.0,7072,1,0,1,Pedestrian
46,382.0,1047.0,456.0,1086.0,7073,1,0,1,Pedestrian
46,382.0,1047.0,456.0,1086.0,7074,1,0,1,Pedestrian
46,382.0,1047.0,456.0,1086.0,7075,1,0,1,Pedestrian
46,382.0,1047.0,456.0,1086.0,7076,1,0,1,Pedestrian
46,382.0,1047.0,456.0,1086.0,7077,0,0,0,Pedestrian
46,379.0,1045.0,453.0,1083.0,7078,0,0,1,Pedestrian
46,379.0,1045.0,453.0,1083.0,7079,0,0,1,Pedestrian
46,376.0,1042.0,451.0,1081.0,7080,0,0,1,Pedestrian
46,376.0,1042.0,451.0,1081.0,7081,0,0,1,Pedestrian
46,374.0,1042.0,448.0,1081.0,7082,0,0,1,Pedestrian
46,374.0,1040.0,448.0,1079.0,7083,0,0,1,Pedestrian
46,371.0,1040.0,445.0,1079.0,7084,0,0,1,Pedestrian
46,371.0,1038.0,445.0,1077.0,7085,0,0,1,Pedestrian
46,368.0,1038.0,442.0,1077.0,7086,0,0,1,Pedestrian
46,368.0,1038.0,442.0,1077.0,7087,0,0,1,Pedestrian
46,365.0,1036.0,440.0,1074.0,7088,0,0,1,Pedestrian
46,365.0,1036.0,440.0,1074.0,7089,0,0,1,Pedestrian
46,363.0,1033.0,437.0,1072.0,7090,0,0,1,Pedestrian
46,363.0,1033.0,437.0,1072.0,7091,0,0,1,Pedestrian
46,360.0,1033.0,434.0,1072.0,7092,0,0,1,Pedestrian
46,360.0,1031.0,434.0,1070.0,7093,0,0,1,Pedestrian
46,357.0,1031.0,431.0,1070.0,7094,0,0,1,Pedestrian
46,357.0,1031.0,431.0,1070.0,7095,0,0,1,Pedestrian
46,354.0,1029.0,429.0,1067.0,7096,0,0,1,Pedestrian
46,354.0,1029.0,429.0,1067.0,7097,0,0,1,Pedestrian
46,352.0,1026.0,426.0,1065.0,7098,0,0,1,Pedestrian
46,352.0,1026.0,426.0,1065.0,7099,0,0,1,Pedestrian
46,349.0,1026.0,423.0,1065.0,7100,0,0,1,Pedestrian
46,349.0,1024.0,423.0,1063.0,7101,0,0,1,Pedestrian
46,346.0,1024.0,420.0,1063.0,7102,0,0,1,Pedestrian
46,346.0,1022.0,420.0,1061.0,7103,0,0,1,Pedestrian
46,343.0,1022.0,418.0,1061.0,7104,0,0,1,Pedestrian
46,343.0,1022.0,418.0,1061.0,7105,0,0,1,Pedestrian
46,341.0,1020.0,415.0,1058.0,7106,0,0,1,Pedestrian
46,341.0,1020.0,415.0,1058.0,7107,0,0,1,Pedestrian
46,338.0,1020.0,412.0,1058.0,7108,0,0,1,Pedestrian
46,338.0,1017.0,412.0,1056.0,7109,0,0,1,Pedestrian
46,335.0,1017.0,409.0,1056.0,7110,0,0,1,Pedestrian
46,335.0,1015.0,409.0,1054.0,7111,0,0,1,Pedestrian
46,332.0,1015.0,407.0,1054.0,7112,0,0,1,Pedestrian
46,332.0,1015.0,407.0,1054.0,7113,0,0,1,Pedestrian
46,330.0,1013.0,404.0,1052.0,7114,0,0,1,Pedestrian
46,330.0,1013.0,404.0,1052.0,7115,0,0,1,Pedestrian
46,327.0,1011.0,401.0,1049.0,7116,0,0,1,Pedestrian
46,327.0,1011.0,401.0,1049.0,7117,0,0,1,Pedestrian
46,324.0,1011.0,398.0,1049.0,7118,0,0,1,Pedestrian
46,324.0,1008.0,398.0,1047.0,7119,0,0,1,Pedestrian
46,321.0,1008.0,396.0,1047.0,7120,0,0,1,Pedestrian
46,321.0,1008.0,396.0,1047.0,7121,0,0,1,Pedestrian
46,319.0,1006.0,393.0,1045.0,7122,0,0,1,Pedestrian
46,319.0,1006.0,393.0,1045.0,7123,0,0,1,Pedestrian
46,316.0,1004.0,390.0,1042.0,7124,0,0,1,Pedestrian
46,316.0,1004.0,390.0,1042.0,7125,0,0,1,Pedestrian
46,316.0,1004.0,390.0,1042.0,7126,0,0,1,Pedestrian
46,313.0,1001.0,387.0,1040.0,7127,0,0,1,Pedestrian
46,313.0,1001.0,387.0,1040.0,7128,0,0,1,Pedestrian
46,310.0,999.0,385.0,1038.0,7129,0,0,1,Pedestrian
46,310.0,999.0,385.0,1038.0,7130,0,0,1,Pedestrian
46,308.0,999.0,382.0,1038.0,7131,0,0,1,Pedestrian
46,308.0,997.0,382.0,1036.0,7132,0,0,1,Pedestrian
46,305.0,997.0,379.0,1036.0,7133,0,0,1,Pedestrian
46,305.0,997.0,379.0,1036.0,7134,0,0,1,Pedestrian
46,302.0,995.0,376.0,1033.0,7135,0,0,1,Pedestrian
46,302.0,995.0,376.0,1033.0,7136,0,0,1,Pedestrian
46,299.0,992.0,374.0,1031.0,7137,0,0,1,Pedestrian
46,299.0,992.0,374.0,1031.0,7138,0,0,1,Pedestrian
46,297.0,992.0,371.0,1031.0,7139,0,0,1,Pedestrian
46,297.0,990.0,371.0,1029.0,7140,0,0,1,Pedestrian
46,294.0,990.0,368.0,1029.0,7141,0,0,1,Pedestrian
46,294.0,988.0,368.0,1026.0,7142,0,0,1,Pedestrian
46,291.0,988.0,365.0,1026.0,7143,0,0,1,Pedestrian
46,291.0,988.0,365.0,1026.0,7144,0,0,1,Pedestrian
46,288.0,985.0,363.0,1024.0,7145,0,0,1,Pedestrian
46,288.0,985.0,363.0,1024.0,7146,0,0,1,Pedestrian
46,286.0,985.0,360.0,1024.0,7147,0,0,1,Pedestrian
46,286.0,983.0,360.0,1022.0,7148,0,0,1,Pedestrian
46,283.0,983.0,357.0,1022.0,7149,0,0,1,Pedestrian
46,283.0,981.0,357.0,1020.0,7150,0,0,1,Pedestrian
46,280.0,981.0,354.0,1020.0,7151,0,0,1,Pedestrian
46,280.0,981.0,354.0,1020.0,7152,0,0,1,Pedestrian
46,277.0,979.0,352.0,1017.0,7153,0,0,1,Pedestrian
46,277.0,979.0,352.0,1017.0,7154,0,0,1,Pedestrian
46,275.0,976.0,349.0,1015.0,7155,0,0,1,Pedestrian
46,275.0,976.0,349.0,1015.0,7156,0,0,1,Pedestrian
46,272.0,976.0,346.0,1015.0,7157,0,0,1,Pedestrian
46,272.0,974.0,346.0,1013.0,7158,0,0,1,Pedestrian
46,269.0,974.0,343.0,1013.0,7159,0,0,1,Pedestrian
46,269.0,974.0,343.0,1013.0,7160,0,0,1,Pedestrian
46,266.0,972.0,341.0,1011.0,7161,0,0,1,Pedestrian
46,266.0,972.0,341.0,1011.0,7162,0,0,1,Pedestrian
46,264.0,970.0,338.0,1008.0,7163,0,0,1,Pedestrian
46,264.0,970.0,338.0,1008.0,7164,0,0,1,Pedestrian
46,261.0,970.0,335.0,1008.0,7165,0,0,1,Pedestrian
46,261.0,967.0,335.0,1006.0,7166,0,0,1,Pedestrian
46,258.0,967.0,332.0,1006.0,7167,0,0,1,Pedestrian
46,258.0,965.0,332.0,1004.0,7168,0,0,1,Pedestrian
46,255.0,965.0,330.0,1004.0,7169,0,0,1,Pedestrian
46,255.0,965.0,330.0,1004.0,7170,0,0,1,Pedestrian
46,253.0,963.0,327.0,1001.0,7171,0,0,1,Pedestrian
46,253.0,963.0,327.0,1001.0,7172,0,0,1,Pedestrian
46,253.0,963.0,327.0,1001.0,7173,0,0,0,Pedestrian
46,250.0,960.0,324.0,999.0,7174,0,0,1,Pedestrian
46,247.0,960.0,321.0,999.0,7175,0,0,1,Pedestrian
46,247.0,960.0,321.0,999.0,7176,0,0,1,Pedestrian
46,244.0,958.0,319.0,997.0,7177,0,0,1,Pedestrian
46,242.0,958.0,316.0,997.0,7178,0,0,1,Pedestrian
46,242.0,958.0,316.0,997.0,7179,0,0,1,Pedestrian
46,239.0,956.0,313.0,995.0,7180,0,0,1,Pedestrian
46,236.0,956.0,310.0,995.0,7181,0,0,1,Pedestrian
46,236.0,956.0,310.0,995.0,7182,0,0,1,Pedestrian
46,233.0,954.0,308.0,992.0,7183,0,0,1,Pedestrian
46,233.0,954.0,308.0,992.0,7184,0,0,1,Pedestrian
46,231.0,954.0,305.0,992.0,7185,0,0,1,Pedestrian
46,228.0,951.0,302.0,990.0,7186,0,0,1,Pedestrian
46,228.0,951.0,302.0,990.0,7187,0,0,1,Pedestrian
46,225.0,951.0,299.0,990.0,7188,0,0,1,Pedestrian
46,222.0,949.0,297.0,988.0,7189,0,0,1,Pedestrian
46,222.0,949.0,297.0,988.0,7190,0,0,1,Pedestrian
46,220.0,949.0,294.0,988.0,7191,0,0,1,Pedestrian
46,220.0,949.0,294.0,988.0,7192,0,0,1,Pedestrian
46,217.0,947.0,291.0,985.0,7193,0,0,1,Pedestrian
46,214.0,947.0,288.0,985.0,7194,0,0,1,Pedestrian
46,214.0,947.0,288.0,985.0,7195,0,0,1,Pedestrian
46,211.0,944.0,286.0,983.0,7196,0,0,1,Pedestrian
46,209.0,944.0,283.0,983.0,7197,0,0,1,Pedestrian
46,209.0,944.0,283.0,983.0,7198,0,0,1,Pedestrian
46,206.0,942.0,280.0,981.0,7199,0,0,1,Pedestrian
46,206.0,942.0,280.0,981.0,7200,0,0,1,Pedestrian
46,203.0,942.0,277.0,981.0,7201,0,0,1,Pedestrian
46,200.0,940.0,275.0,979.0,7202,0,0,1,Pedestrian
46,200.0,940.0,275.0,979.0,7203,0,0,1,Pedestrian
46,198.0,940.0,272.0,979.0,7204,0,0,1,Pedestrian
46,195.0,938.0,269.0,976.0,7205,0,0,1,Pedestrian
46,195.0,938.0,269.0,976.0,7206,0,0,1,Pedestrian
46,192.0,938.0,266.0,976.0,7207,0,0,1,Pedestrian
46,192.0,938.0,266.0,976.0,7208,0,0,1,Pedestrian
46,189.0,935.0,264.0,974.0,7209,0,0,1,Pedestrian
46,187.0,935.0,261.0,974.0,7210,0,0,1,Pedestrian
46,187.0,935.0,261.0,974.0,7211,0,0,1,Pedestrian
46,184.0,933.0,258.0,972.0,7212,0,0,1,Pedestrian
46,181.0,933.0,255.0,972.0,7213,0,0,1,Pedestrian
46,181.0,933.0,255.0,972.0,7214,0,0,1,Pedestrian
46,178.0,931.0,253.0,970.0,7215,0,0,1,Pedestrian
46,178.0,931.0,253.0,970.0,7216,0,0,1,Pedestrian
46,176.0,931.0,250.0,970.0,7217,0,0,1,Pedestrian
46,173.0,929.0,247.0,967.0,7218,0,0,1,Pedestrian
46,173.0,929.0,247.0,967.0,7219,0,0,1,Pedestrian
46,170.0,929.0,244.0,967.0,7220,0,0,1,Pedestrian
46,167.0,926.0,242.0,965.0,7221,0,0,1,Pedestrian
46,167.0,926.0,242.0,965.0,7222,0,0,1,Pedestrian
46,165.0,926.0,239.0,965.0,7223,0,0,1,Pedestrian
46,162.0,924.0,236.0,963.0,7224,0,0,1,Pedestrian
46,162.0,924.0,236.0,963.0,7225,0,0,1,Pedestrian
46,159.0,924.0,233.0,963.0,7226,0,0,1,Pedestrian
46,159.0,924.0,233.0,963.0,7227,0,0,1,Pedestrian
46,156.0,922.0,231.0,960.0,7228,0,0,1,Pedestrian
46,154.0,922.0,228.0,960.0,7229,0,0,1,Pedestrian
46,154.0,922.0,228.0,960.0,7230,0,0,1,Pedestrian
46,151.0,919.0,225.0,958.0,7231,0,0,1,Pedestrian
46,148.0,919.0,222.0,958.0,7232,0,0,1,Pedestrian
46,148.0,919.0,222.0,958.0,7233,0,0,1,Pedestrian
46,145.0,917.0,220.0,956.0,7234,0,0,1,Pedestrian
46,145.0,917.0,220.0,956.0,7235,0,0,1,Pedestrian
46,143.0,917.0,217.0,956.0,7236,0,0,1,Pedestrian
46,140.0,915.0,214.0,954.0,7237,0,0,1,Pedestrian
46,140.0,915.0,214.0,954.0,7238,0,0,1,Pedestrian
46,137.0,915.0,211.0,954.0,7239,0,0,1,Pedestrian
46,134.0,913.0,209.0,951.0,7240,0,0,1,Pedestrian
46,134.0,913.0,209.0,951.0,7241,0,0,1,Pedestrian
46,132.0,913.0,206.0,951.0,7242,0,0,1,Pedestrian
46,132.0,913.0,206.0,951.0,7243,0,0,1,Pedestrian
46,129.0,910.0,203.0,949.0,7244,0,0,1,Pedestrian
46,126.0,910.0,200.0,949.0,7245,0,0,1,Pedestrian
46,126.0,910.0,200.0,949.0,7246,0,0,1,Pedestrian
46,123.0,908.0,198.0,947.0,7247,0,0,1,Pedestrian
46,121.0,908.0,195.0,947.0,7248,0,0,1,Pedestrian
46,121.0,908.0,195.0,947.0,7249,0,0,1,Pedestrian
46,118.0,906.0,192.0,944.0,7250,0,0,1,Pedestrian
46,118.0,906.0,192.0,944.0,7251,0,0,1,Pedestrian
46,115.0,906.0,189.0,944.0,7252,0,0,1,Pedestrian
46,112.0,904.0,187.0,942.0,7253,0,0,1,Pedestrian
46,112.0,904.0,187.0,942.0,7254,0,0,1,Pedestrian
46,110.0,904.0,184.0,942.0,7255,0,0,1,Pedestrian
46,107.0,901.0,181.0,940.0,7256,0,0,1,Pedestrian
46,107.0,901.0,181.0,940.0,7257,0,0,1,Pedestrian
46,104.0,901.0,178.0,940.0,7258,0,0,1,Pedestrian
46,104.0,901.0,178.0,940.0,7259,0,0,0,Pedestrian
46,101.0,899.0,176.0,938.0,7260,0,0,1,Pedestrian
46,101.0,899.0,173.0,938.0,7261,0,0,1,Pedestrian
46,99.0,899.0,173.0,938.0,7262,0,0,1,Pedestrian
46,99.0,899.0,170.0,938.0,7263,0,0,1,Pedestrian
46,96.0,899.0,167.0,938.0,7264,0,0,1,Pedestrian
46,96.0,899.0,167.0,938.0,7265,0,0,1,Pedestrian
46,93.0,899.0,165.0,938.0,7266,0,0,1,Pedestrian
46,93.0,899.0,162.0,938.0,7267,0,0,1,Pedestrian
46,90.0,899.0,162.0,938.0,7268,0,0,1,Pedestrian
46,90.0,899.0,159.0,938.0,7269,0,0,1,Pedestrian
46,88.0,899.0,156.0,938.0,7270,0,0,1,Pedestrian
46,88.0,899.0,156.0,938.0,7271,0,0,1,Pedestrian
46,85.0,899.0,154.0,938.0,7272,0,0,1,Pedestrian
46,85.0,899.0,151.0,938.0,7273,0,0,1,Pedestrian
46,82.0,899.0,151.0,938.0,7274,0,0,1,Pedestrian
46,82.0,899.0,148.0,938.0,7275,0,0,1,Pedestrian
46,82.0,899.0,145.0,938.0,7276,0,0,1,Pedestrian
46,79.0,899.0,145.0,938.0,7277,0,0,1,Pedestrian
46,79.0,899.0,143.0,938.0,7278,0,0,1,Pedestrian
46,77.0,899.0,140.0,938.0,7279,0,0,1,Pedestrian
46,77.0,899.0,140.0,938.0,7280,0,0,1,Pedestrian
46,74.0,899.0,137.0,938.0,7281,0,0,1,Pedestrian
46,74.0,899.0,134.0,938.0,7282,0,0,1,Pedestrian
46,71.0,899.0,134.0,938.0,7283,0,0,1,Pedestrian
46,71.0,899.0,132.0,938.0,7284,0,0,1,Pedestrian
46,68.0,899.0,129.0,938.0,7285,0,0,1,Pedestrian
46,68.0,899.0,129.0,938.0,7286,0,0,1,Pedestrian
46,66.0,899.0,126.0,938.0,7287,0,0,1,Pedestrian
46,66.0,899.0,123.0,938.0,7288,0,0,1,Pedestrian
46,63.0,899.0,123.0,938.0,7289,0,0,1,Pedestrian
46,63.0,899.0,121.0,938.0,7290,0,0,1,Pedestrian
46,60.0,899.0,118.0,938.0,7291,0,0,1,Pedestrian
46,60.0,899.0,118.0,938.0,7292,0,0,1,Pedestrian
46,60.0,899.0,115.0,938.0,7293,0,0,1,Pedestrian
46,57.0,899.0,112.0,938.0,7294,0,0,1,Pedestrian
46,57.0,899.0,112.0,938.0,7295,0,0,1,Pedestrian
46,55.0,899.0,110.0,938.0,7296,0,0,1,Pedestrian
46,55.0,899.0,107.0,938.0,7297,0,0,1,Pedestrian
46,52.0,899.0,107.0,938.0,7298,0,0,1,Pedestrian
46,52.0,899.0,104.0,938.0,7299,0,0,1,Pedestrian
46,49.0,899.0,101.0,938.0,7300,0,0,1,Pedestrian
46,49.0,899.0,101.0,938.0,7301,0,0,1,Pedestrian
46,46.0,899.0,99.0,938.0,7302,0,0,1,Pedestrian
46,46.0,899.0,96.0,938.0,7303,0,0,1,Pedestrian
46,44.0,899.0,96.0,938.0,7304,0,0,1,Pedestrian
46,44.0,899.0,93.0,938.0,7305,0,0,1,Pedestrian
46,41.0,899.0,90.0,938.0,7306,0,0,1,Pedestrian
46,41.0,899.0,90.0,938.0,7307,0,0,1,Pedestrian
46,41.0,899.0,88.0,938.0,7308,0,0,1,Pedestrian
46,38.0,899.0,85.0,938.0,7309,0,0,1,Pedestrian
46,38.0,899.0,85.0,938.0,7310,0,0,1,Pedestrian
46,35.0,899.0,82.0,938.0,7311,0,0,1,Pedestrian
46,35.0,899.0,79.0,938.0,7312,0,0,1,Pedestrian
46,33.0,899.0,79.0,938.0,7313,0,0,1,Pedestrian
46,33.0,899.0,77.0,938.0,7314,0,0,1,Pedestrian
46,30.0,899.0,74.0,938.0,7315,0,0,1,Pedestrian
46,30.0,899.0,74.0,938.0,7316,0,0,1,Pedestrian
46,27.0,899.0,71.0,938.0,7317,0,0,1,Pedestrian
46,27.0,899.0,68.0,938.0,7318,0,0,1,Pedestrian
46,24.0,899.0,68.0,938.0,7319,0,0,1,Pedestrian
46,24.0,899.0,66.0,938.0,7320,0,0,1,Pedestrian
46,22.0,899.0,63.0,938.0,7321,0,0,1,Pedestrian
46,22.0,899.0,63.0,938.0,7322,0,0,1,Pedestrian
46,19.0,899.0,60.0,938.0,7323,0,0,1,Pedestrian
46,19.0,899.0,57.0,938.0,7324,0,0,1,Pedestrian
46,19.0,899.0,57.0,938.0,7325,0,0,1,Pedestrian
46,16.0,899.0,55.0,938.0,7326,0,0,1,Pedestrian
46,16.0,899.0,52.0,938.0,7327,0,0,1,Pedestrian
46,13.0,899.0,52.0,938.0,7328,0,0,1,Pedestrian
46,13.0,899.0,49.0,938.0,7329,0,0,1,Pedestrian
46,11.0,899.0,46.0,938.0,7330,0,0,1,Pedestrian
46,11.0,899.0,46.0,938.0,7331,0,0,1,Pedestrian
46,8.0,899.0,44.0,938.0,7332,0,0,1,Pedestrian
46,8.0,899.0,41.0,938.0,7333,0,0,1,Pedestrian
46,5.0,899.0,41.0,938.0,7334,0,0,1,Pedestrian
46,5.0,899.0,38.0,938.0,7335,0,0,1,Pedestrian
46,2.0,899.0,35.0,938.0,7336,0,0,1,Pedestrian
46,2.0,899.0,35.0,938.0,7337,0,0,1,Pedestrian
46,0.0,899.0,33.0,938.0,7338,0,0,1,Pedestrian
46,0.0,899.0,30.0,938.0,7339,0,0,1,Pedestrian
46,0.0,899.0,30.0,938.0,7340,0,0,0,Pedestrian
46,0.0,897.0,27.0,935.0,7341,0,0,1,Pedestrian
46,0.0,897.0,27.0,935.0,7342,0,0,1,Pedestrian
46,0.0,897.0,27.0,935.0,7343,0,0,1,Pedestrian
46,0.0,897.0,27.0,935.0,7344,0,0,1,Pedestrian
46,0.0,897.0,24.0,935.0,7345,0,0,1,Pedestrian
46,0.0,897.0,24.0,935.0,7346,0,0,1,Pedestrian
46,0.0,894.0,24.0,933.0,7347,0,0,1,Pedestrian
46,0.0,894.0,24.0,933.0,7348,0,0,1,Pedestrian
46,0.0,894.0,22.0,933.0,7349,0,0,1,Pedestrian
46,0.0,894.0,22.0,933.0,7350,0,0,1,Pedestrian
46,0.0,894.0,22.0,933.0,7351,0,0,1,Pedestrian
46,0.0,894.0,22.0,933.0,7352,0,0,1,Pedestrian
46,0.0,894.0,22.0,933.0,7353,1,0,0,Pedestrian
46,0.0,894.0,22.0,933.0,7354,1,0,1,Pedestrian
46,0.0,894.0,22.0,933.0,7355,1,0,1,Pedestrian
46,0.0,894.0,22.0,933.0,7356,1,0,1,Pedestrian
46,0.0,894.0,22.0,933.0,7357,1,0,1,Pedestrian
46,0.0,894.0,22.0,933.0,7358,1,0,1,Pedestrian
46,0.0,894.0,22.0,933.0,7359,1,0,1,Pedestrian
46,0.0,894.0,22.0,933.0,7360,1,0,1,Pedestrian
46,0.0,894.0,22.0,933.0,7361,1,0,0,Pedestrian
46,0.0,894.0,22.0,933.0,7362,1,0,1,Pedestrian
46,0.0,894.0,22.0,933.0,7363,1,0,1,Pedestrian
46,0.0,894.0,22.0,933.0,7364,1,0,1,Pedestrian
46,0.0,894.0,22.0,933.0,7365,1,0,1,Pedestrian
46,0.0,894.0,22.0,933.0,7366,1,0,1,Pedestrian
46,0.0,894.0,22.0,933.0,7367,1,0,1,Pedestrian
46,0.0,894.0,22.0,933.0,7368,1,0,1,Pedestrian
46,0.0,894.0,22.0,933.0,7369,1,0,1,Pedestrian
46,0.0,894.0,22.0,933.0,7370,1,0,1,Pedestrian
46,0.0,894.0,22.0,933.0,7371,1,0,1,Pedestrian
46,0.0,894.0,22.0,933.0,7372,1,0,1,Pedestrian
46,0.0,894.0,22.0,933.0,7373,1,0,1,Pedestrian
46,0.0,894.0,22.0,933.0,7374,1,0,1,Pedestrian
46,0.0,894.0,22.0,933.0,7375,1,0,1,Pedestrian
46,0.0,894.0,22.0,933.0,7376,1,0,1,Pedestrian
46,0.0,894.0,22.0,933.0,7377,1,0,1,Pedestrian
46,0.0,894.0,22.0,933.0,7378,1,0,1,Pedestrian
46,0.0,894.0,22.0,933.0,7379,1,0,1,Pedestrian
46,0.0,894.0,22.0,933.0,7380,1,0,1,Pedestrian
46,0.0,894.0,22.0,933.0,7381,1,0,1,Pedestrian
46,0.0,894.0,22.0,933.0,7382,1,0,1,Pedestrian
46,0.0,894.0,22.0,933.0,7383,1,0,1,Pedestrian
46,0.0,894.0,22.0,933.0,7384,1,0,1,Pedestrian
46,0.0,894.0,22.0,933.0,7385,1,0,1,Pedestrian
46,0.0,894.0,22.0,933.0,7386,1,0,1,Pedestrian
46,0.0,894.0,22.0,933.0,7387,1,0,1,Pedestrian
46,0.0,894.0,22.0,933.0,7388,1,0,1,Pedestrian
46,0.0,894.0,22.0,933.0,7389,1,0,1,Pedestrian
46,0.0,894.0,22.0,933.0,7390,1,0,1,Pedestrian
46,0.0,894.0,22.0,933.0,7391,1,0,1,Pedestrian
46,0.0,894.0,22.0,933.0,7392,1,0,1,Pedestrian
46,0.0,894.0,22.0,933.0,7393,1,0,1,Pedestrian
46,0.0,894.0,22.0,933.0,7394,1,0,1,Pedestrian
46,0.0,894.0,22.0,933.0,7395,1,0,1,Pedestrian
46,0.0,894.0,22.0,933.0,7396,1,0,1,Pedestrian
46,0.0,894.0,22.0,933.0,7397,1,0,1,Pedestrian
46,0.0,894.0,22.0,933.0,7398,1,0,1,Pedestrian
46,0.0,894.0,22.0,933.0,7399,1,0,1,Pedestrian
46,0.0,894.0,22.0,933.0,7400,1,0,1,Pedestrian
46,0.0,894.0,22.0,933.0,7401,1,0,1,Pedestrian
46,0.0,894.0,22.0,933.0,7402,1,0,1,Pedestrian
46,0.0,894.0,22.0,933.0,7403,1,0,1,Pedestrian
46,0.0,894.0,22.0,933.0,7404,1,0,1,Pedestrian
46,0.0,894.0,22.0,933.0,7405,1,0,1,Pedestrian
46,0.0,894.0,22.0,933.0,7406,1,0,1,Pedestrian
46,0.0,894.0,22.0,933.0,7407,1,0,1,Pedestrian
46,0.0,894.0,22.0,933.0,7408,1,0,1,Pedestrian
46,0.0,894.0,22.0,933.0,7409,1,0,1,Pedestrian
46,0.0,894.0,22.0,933.0,7410,1,0,1,Pedestrian
46,0.0,894.0,22.0,933.0,7411,1,0,1,Pedestrian
46,0.0,894.0,22.0,933.0,7412,1,0,1,Pedestrian
46,0.0,894.0,22.0,933.0,7413,1,0,1,Pedestrian
46,0.0,894.0,22.0,933.0,7414,1,0,1,Pedestrian
46,0.0,894.0,22.0,933.0,7415,1,0,1,Pedestrian
46,0.0,894.0,22.0,933.0,7416,1,0,1,Pedestrian
46,0.0,894.0,22.0,933.0,7417,1,0,1,Pedestrian
46,0.0,894.0,22.0,933.0,7418,1,0,1,Pedestrian
46,0.0,894.0,22.0,933.0,7419,1,0,1,Pedestrian
46,0.0,894.0,22.0,933.0,7420,1,0,1,Pedestrian
46,0.0,894.0,22.0,933.0,7421,1,0,1,Pedestrian
46,0.0,894.0,22.0,933.0,7422,1,0,1,Pedestrian
46,0.0,894.0,22.0,933.0,7423,1,0,1,Pedestrian
46,0.0,894.0,22.0,933.0,7424,1,0,1,Pedestrian
46,0.0,894.0,22.0,933.0,7425,1,0,1,Pedestrian
46,0.0,894.0,22.0,933.0,7426,1,0,1,Pedestrian
46,0.0,894.0,22.0,933.0,7427,1,0,1,Pedestrian
46,0.0,894.0,22.0,933.0,7428,1,0,1,Pedestrian
46,0.0,894.0,22.0,933.0,7429,1,0,1,Pedestrian
46,0.0,894.0,22.0,933.0,7430,1,0,1,Pedestrian
46,0.0,894.0,22.0,933.0,7431,1,0,1,Pedestrian
46,0.0,894.0,22.0,933.0,7432,1,0,1,Pedestrian
46,0.0,894.0,22.0,933.0,7433,1,0,1,Pedestrian
46,0.0,894.0,22.0,933.0,7434,1,0,1,Pedestrian
46,0.0,894.0,22.0,933.0,7435,1,0,1,Pedestrian
46,0.0,894.0,22.0,933.0,7436,1,0,1,Pedestrian
46,0.0,894.0,22.0,933.0,7437,1,0,1,Pedestrian
46,0.0,894.0,22.0,933.0,7438,1,0,1,Pedestrian
46,0.0,894.0,22.0,933.0,7439,1,0,1,Pedestrian
46,0.0,894.0,22.0,933.0,7440,1,0,1,Pedestrian
46,0.0,894.0,22.0,933.0,7441,1,0,1,Pedestrian
46,0.0,894.0,22.0,933.0,7442,1,0,1,Pedestrian
46,0.0,894.0,22.0,933.0,7443,1,0,1,Pedestrian
46,0.0,894.0,22.0,933.0,7444,1,0,1,Pedestrian
46,0.0,894.0,22.0,933.0,7445,1,0,1,Pedestrian
46,0.0,894.0,22.0,933.0,7446,1,0,1,Pedestrian
46,0.0,894.0,22.0,933.0,7447,1,0,1,Pedestrian
46,0.0,894.0,22.0,933.0,7448,1,0,1,Pedestrian
46,0.0,894.0,22.0,933.0,7449,1,0,1,Pedestrian
46,0.0,894.0,22.0,933.0,7450,1,0,1,Pedestrian
46,0.0,894.0,22.0,933.0,7451,1,0,1,Pedestrian
46,0.0,894.0,22.0,933.0,7452,1,0,1,Pedestrian
46,0.0,894.0,22.0,933.0,7453,1,0,1,Pedestrian
46,0.0,894.0,22.0,933.0,7454,1,0,1,Pedestrian
46,0.0,894.0,22.0,933.0,7455,1,0,1,Pedestrian
46,0.0,894.0,22.0,933.0,7456,1,0,1,Pedestrian
46,0.0,894.0,22.0,933.0,7457,1,0,1,Pedestrian
46,0.0,894.0,22.0,933.0,7458,1,0,1,Pedestrian
46,0.0,894.0,22.0,933.0,7459,1,0,1,Pedestrian
46,0.0,894.0,22.0,933.0,7460,1,0,1,Pedestrian
46,0.0,894.0,22.0,933.0,7461,1,0,1,Pedestrian
46,0.0,894.0,22.0,933.0,7462,1,0,1,Pedestrian
46,0.0,894.0,22.0,933.0,7463,1,0,1,Pedestrian
46,0.0,894.0,22.0,933.0,7464,1,0,1,Pedestrian
46,0.0,894.0,22.0,933.0,7465,1,0,1,Pedestrian
46,0.0,894.0,22.0,933.0,7466,1,0,1,Pedestrian
46,0.0,894.0,22.0,933.0,7467,1,0,1,Pedestrian
46,0.0,894.0,22.0,933.0,7468,1,0,1,Pedestrian
46,0.0,894.0,22.0,933.0,7469,1,0,1,Pedestrian
46,0.0,894.0,22.0,933.0,7470,1,0,1,Pedestrian
46,0.0,894.0,22.0,933.0,7471,1,0,1,Pedestrian
46,0.0,894.0,22.0,933.0,7472,1,0,1,Pedestrian
46,0.0,894.0,22.0,933.0,7473,1,0,1,Pedestrian
46,0.0,894.0,22.0,933.0,7474,1,0,1,Pedestrian
46,0.0,894.0,22.0,933.0,7475,1,0,1,Pedestrian
46,0.0,894.0,22.0,933.0,7476,1,0,1,Pedestrian
46,0.0,894.0,22.0,933.0,7477,1,0,1,Pedestrian
46,0.0,894.0,22.0,933.0,7478,1,0,1,Pedestrian
46,0.0,894.0,22.0,933.0,7479,1,0,1,Pedestrian
46,0.0,894.0,22.0,933.0,7480,1,0,1,Pedestrian
46,0.0,894.0,22.0,933.0,7481,1,0,1,Pedestrian
46,0.0,894.0,22.0,933.0,7482,1,0,1,Pedestrian
46,0.0,894.0,22.0,933.0,7483,1,0,1,Pedestrian
46,0.0,894.0,22.0,933.0,7484,1,0,1,Pedestrian
46,0.0,894.0,22.0,933.0,7485,1,0,1,Pedestrian
46,0.0,894.0,22.0,933.0,7486,1,0,1,Pedestrian
46,0.0,894.0,22.0,933.0,7487,1,0,1,Pedestrian
46,0.0,894.0,22.0,933.0,7488,1,0,1,Pedestrian
46,0.0,894.0,22.0,933.0,7489,1,0,1,Pedestrian
46,0.0,894.0,22.0,933.0,7490,1,0,1,Pedestrian
46,0.0,894.0,22.0,933.0,7491,1,0,1,Pedestrian
46,0.0,894.0,22.0,933.0,7492,1,0,1,Pedestrian
46,0.0,894.0,22.0,933.0,7493,1,0,1,Pedestrian
46,0.0,894.0,22.0,933.0,7494,1,0,1,Pedestrian
46,0.0,894.0,22.0,933.0,7495,1,0,1,Pedestrian
46,0.0,894.0,22.0,933.0,7496,1,0,1,Pedestrian
46,0.0,894.0,22.0,933.0,7497,1,0,1,Pedestrian
46,0.0,894.0,22.0,933.0,7498,1,0,1,Pedestrian
46,0.0,894.0,22.0,933.0,7499,1,0,1,Pedestrian
46,0.0,894.0,22.0,933.0,7500,1,0,1,Pedestrian
46,0.0,894.0,22.0,933.0,7501,1,0,1,Pedestrian
46,0.0,894.0,22.0,933.0,7502,1,0,1,Pedestrian
46,0.0,894.0,22.0,933.0,7503,1,0,1,Pedestrian
46,0.0,894.0,22.0,933.0,7504,1,0,1,Pedestrian
46,0.0,894.0,22.0,933.0,7505,1,0,1,Pedestrian
46,0.0,894.0,22.0,933.0,7506,1,0,1,Pedestrian
46,0.0,894.0,22.0,933.0,7507,1,0,1,Pedestrian
46,0.0,894.0,22.0,933.0,7508,1,0,1,Pedestrian
46,0.0,894.0,22.0,933.0,7509,1,0,1,Pedestrian
46,0.0,894.0,22.0,933.0,7510,1,0,1,Pedestrian
46,0.0,894.0,22.0,933.0,7511,1,0,1,Pedestrian
46,0.0,894.0,22.0,933.0,7512,1,0,1,Pedestrian
46,0.0,894.0,22.0,933.0,7513,1,0,1,Pedestrian
46,0.0,894.0,22.0,933.0,7514,1,0,1,Pedestrian
46,0.0,894.0,22.0,933.0,7515,1,0,1,Pedestrian
46,0.0,894.0,22.0,933.0,7516,1,0,1,Pedestrian
46,0.0,894.0,22.0,933.0,7517,1,0,1,Pedestrian
46,0.0,894.0,22.0,933.0,7518,1,0,1,Pedestrian
46,0.0,894.0,22.0,933.0,7519,1,0,1,Pedestrian
46,0.0,894.0,22.0,933.0,7520,1,0,1,Pedestrian
46,0.0,894.0,22.0,933.0,7521,1,0,1,Pedestrian
46,0.0,894.0,22.0,933.0,7522,1,0,1,Pedestrian
46,0.0,894.0,22.0,933.0,7523,1,0,1,Pedestrian
46,0.0,894.0,22.0,933.0,7524,1,0,1,Pedestrian
46,0.0,894.0,22.0,933.0,7525,1,0,1,Pedestrian
46,0.0,894.0,22.0,933.0,7526,1,0,1,Pedestrian
46,0.0,894.0,22.0,933.0,7527,1,0,1,Pedestrian
46,0.0,894.0,22.0,933.0,7528,1,0,1,Pedestrian
46,0.0,894.0,22.0,933.0,7529,1,0,1,Pedestrian
46,0.0,894.0,22.0,933.0,7530,1,0,1,Pedestrian
46,0.0,894.0,22.0,933.0,7531,1,0,0,Pedestrian
47,354.0,6.0,420.0,81.0,4500,1,0,0,Biker
47,354.0,4.0,420.0,79.0,4501,1,0,1,Biker
47,354.0,4.0,420.0,79.0,4502,1,0,1,Biker
47,354.0,4.0,420.0,79.0,4503,1,0,1,Biker
47,354.0,4.0,420.0,79.0,4504,1,0,1,Biker
47,354.0,4.0,420.0,79.0,4505,1,0,1,Biker
47,354.0,4.0,420.0,79.0,4506,1,0,1,Biker
47,354.0,4.0,420.0,79.0,4507,1,0,1,Biker
47,354.0,4.0,420.0,79.0,4508,1,0,1,Biker
47,354.0,4.0,420.0,79.0,4509,1,0,1,Biker
47,354.0,4.0,420.0,79.0,4510,1,0,1,Biker
47,354.0,4.0,420.0,79.0,4511,1,0,1,Biker
47,354.0,4.0,420.0,79.0,4512,1,0,1,Biker
47,354.0,4.0,420.0,79.0,4513,1,0,1,Biker
47,354.0,4.0,420.0,79.0,4514,1,0,1,Biker
47,354.0,4.0,420.0,79.0,4515,1,0,1,Biker
47,354.0,4.0,420.0,79.0,4516,1,0,1,Biker
47,354.0,4.0,420.0,79.0,4517,1,0,1,Biker
47,354.0,4.0,420.0,79.0,4518,1,0,1,Biker
47,354.0,4.0,420.0,79.0,4519,1,0,1,Biker
47,354.0,4.0,420.0,79.0,4520,1,0,1,Biker
47,354.0,4.0,420.0,79.0,4521,1,0,1,Biker
47,354.0,4.0,420.0,79.0,4522,1,0,1,Biker
47,354.0,4.0,420.0,79.0,4523,1,0,1,Biker
47,354.0,4.0,420.0,79.0,4524,1,0,1,Biker
47,354.0,4.0,420.0,79.0,4525,1,0,1,Biker
47,354.0,4.0,420.0,79.0,4526,1,0,1,Biker
47,354.0,4.0,420.0,79.0,4527,1,0,1,Biker
47,354.0,4.0,420.0,79.0,4528,1,0,1,Biker
47,354.0,4.0,420.0,79.0,4529,1,0,1,Biker
47,354.0,4.0,420.0,79.0,4530,1,0,1,Biker
47,354.0,4.0,420.0,77.0,4531,1,0,1,Biker
47,354.0,4.0,420.0,77.0,4532,1,0,1,Biker
47,354.0,4.0,420.0,77.0,4533,1,0,1,Biker
47,354.0,4.0,420.0,77.0,4534,1,0,1,Biker
47,354.0,4.0,420.0,77.0,4535,1,0,1,Biker
47,354.0,4.0,420.0,77.0,4536,1,0,1,Biker
47,354.0,4.0,420.0,77.0,4537,1,0,1,Biker
47,354.0,4.0,420.0,77.0,4538,1,0,1,Biker
47,354.0,4.0,420.0,77.0,4539,1,0,1,Biker
47,354.0,4.0,420.0,77.0,4540,1,0,1,Biker
47,354.0,4.0,420.0,77.0,4541,1,0,1,Biker
47,354.0,4.0,420.0,77.0,4542,1,0,1,Biker
47,354.0,4.0,420.0,77.0,4543,1,0,1,Biker
47,354.0,4.0,420.0,77.0,4544,1,0,1,Biker
47,354.0,4.0,420.0,77.0,4545,1,0,1,Biker
47,354.0,4.0,420.0,77.0,4546,1,0,1,Biker
47,354.0,4.0,420.0,77.0,4547,1,0,1,Biker
47,354.0,4.0,420.0,77.0,4548,1,0,1,Biker
47,354.0,4.0,420.0,77.0,4549,1,0,1,Biker
47,354.0,4.0,420.0,77.0,4550,1,0,1,Biker
47,357.0,4.0,423.0,77.0,4551,1,0,1,Biker
47,357.0,2.0,423.0,77.0,4552,1,0,1,Biker
47,357.0,2.0,423.0,77.0,4553,1,0,1,Biker
47,357.0,2.0,423.0,77.0,4554,1,0,1,Biker
47,357.0,2.0,423.0,77.0,4555,1,0,1,Biker
47,357.0,2.0,423.0,77.0,4556,1,0,1,Biker
47,357.0,2.0,423.0,77.0,4557,1,0,1,Biker
47,357.0,2.0,423.0,77.0,4558,1,0,1,Biker
47,357.0,2.0,423.0,77.0,4559,1,0,1,Biker
47,357.0,2.0,423.0,77.0,4560,1,0,1,Biker
47,357.0,2.0,423.0,77.0,4561,1,0,1,Biker
47,357.0,2.0,423.0,75.0,4562,1,0,1,Biker
47,357.0,2.0,423.0,75.0,4563,1,0,1,Biker
47,357.0,2.0,423.0,75.0,4564,1,0,1,Biker
47,357.0,2.0,423.0,75.0,4565,1,0,1,Biker
47,357.0,2.0,423.0,75.0,4566,1,0,1,Biker
47,357.0,2.0,423.0,75.0,4567,1,0,1,Biker
47,357.0,2.0,423.0,75.0,4568,1,0,1,Biker
47,357.0,2.0,423.0,75.0,4569,1,0,1,Biker
47,357.0,2.0,423.0,75.0,4570,1,0,1,Biker
47,357.0,2.0,423.0,75.0,4571,1,0,1,Biker
47,357.0,2.0,423.0,75.0,4572,1,0,1,Biker
47,357.0,2.0,423.0,75.0,4573,1,0,1,Biker
47,357.0,2.0,423.0,75.0,4574,1,0,1,Biker
47,357.0,2.0,423.0,75.0,4575,1,0,1,Biker
47,357.0,2.0,423.0,75.0,4576,1,0,1,Biker
47,357.0,2.0,423.0,75.0,4577,1,0,1,Biker
47,357.0,2.0,423.0,75.0,4578,1,0,1,Biker
47,357.0,2.0,423.0,75.0,4579,1,0,1,Biker
47,357.0,2.0,423.0,75.0,4580,1,0,1,Biker
47,357.0,2.0,423.0,75.0,4581,1,0,1,Biker
47,357.0,2.0,423.0,75.0,4582,1,0,1,Biker
47,357.0,2.0,423.0,75.0,4583,1,0,1,Biker
47,357.0,2.0,423.0,75.0,4584,1,0,1,Biker
47,357.0,2.0,423.0,75.0,4585,1,0,1,Biker
47,357.0,2.0,423.0,75.0,4586,1,0,1,Biker
47,357.0,2.0,423.0,75.0,4587,1,0,1,Biker
47,357.0,2.0,423.0,75.0,4588,1,0,1,Biker
47,357.0,2.0,423.0,75.0,4589,1,0,1,Biker
47,357.0,2.0,423.0,75.0,4590,1,0,1,Biker
47,357.0,2.0,423.0,75.0,4591,1,0,1,Biker
47,357.0,2.0,423.0,72.0,4592,1,0,1,Biker
47,357.0,2.0,423.0,72.0,4593,1,0,1,Biker
47,357.0,2.0,423.0,72.0,4594,1,0,1,Biker
47,357.0,2.0,423.0,72.0,4595,1,0,1,Biker
47,357.0,2.0,423.0,72.0,4596,1,0,1,Biker
47,357.0,2.0,423.0,72.0,4597,1,0,1,Biker
47,357.0,2.0,423.0,72.0,4598,1,0,1,Biker
47,357.0,2.0,423.0,72.0,4599,1,0,1,Biker
47,357.0,2.0,423.0,72.0,4600,1,0,1,Biker
47,357.0,2.0,423.0,72.0,4601,1,0,1,Biker
47,360.0,2.0,426.0,72.0,4602,1,0,1,Biker
47,360.0,0.0,426.0,72.0,4603,1,0,1,Biker
47,360.0,0.0,426.0,72.0,4604,1,0,1,Biker
47,360.0,0.0,426.0,72.0,4605,1,0,1,Biker
47,360.0,0.0,426.0,72.0,4606,1,0,1,Biker
47,360.0,0.0,426.0,72.0,4607,1,0,1,Biker
47,360.0,0.0,426.0,72.0,4608,1,0,1,Biker
47,360.0,0.0,426.0,72.0,4609,1,0,1,Biker
47,360.0,0.0,426.0,72.0,4610,1,0,1,Biker
47,360.0,0.0,426.0,72.0,4611,1,0,1,Biker
47,360.0,0.0,426.0,72.0,4612,1,0,1,Biker
47,360.0,0.0,426.0,72.0,4613,1,0,1,Biker
47,360.0,0.0,426.0,72.0,4614,1,0,1,Biker
47,360.0,0.0,426.0,72.0,4615,1,0,1,Biker
47,360.0,0.0,426.0,72.0,4616,1,0,1,Biker
47,360.0,0.0,426.0,72.0,4617,1,0,1,Biker
47,360.0,0.0,426.0,72.0,4618,1,0,1,Biker
47,360.0,0.0,426.0,72.0,4619,1,0,1,Biker
47,360.0,0.0,426.0,72.0,4620,1,0,1,Biker
47,360.0,0.0,426.0,72.0,4621,1,0,1,Biker
47,360.0,0.0,426.0,72.0,4622,1,0,1,Biker
47,360.0,0.0,426.0,70.0,4623,1,0,1,Biker
47,360.0,0.0,426.0,70.0,4624,1,0,1,Biker
47,360.0,0.0,426.0,70.0,4625,1,0,1,Biker
47,360.0,0.0,426.0,70.0,4626,1,0,1,Biker
47,360.0,0.0,426.0,70.0,4627,1,0,1,Biker
47,360.0,0.0,426.0,70.0,4628,1,0,1,Biker
47,360.0,0.0,426.0,70.0,4629,1,0,1,Biker
47,360.0,0.0,426.0,70.0,4630,1,0,1,Biker
47,360.0,0.0,426.0,70.0,4631,1,0,1,Biker
47,360.0,0.0,426.0,70.0,4632,1,0,1,Biker
47,360.0,0.0,426.0,70.0,4633,1,0,1,Biker
47,360.0,0.0,426.0,70.0,4634,1,0,1,Biker
47,360.0,0.0,426.0,70.0,4635,1,0,1,Biker
47,360.0,0.0,426.0,70.0,4636,1,0,1,Biker
47,360.0,0.0,426.0,70.0,4637,1,0,1,Biker
47,360.0,0.0,426.0,70.0,4638,1,0,1,Biker
47,360.0,0.0,426.0,70.0,4639,1,0,1,Biker
47,360.0,0.0,426.0,70.0,4640,1,0,1,Biker
47,360.0,0.0,426.0,70.0,4641,1,0,1,Biker
47,360.0,0.0,426.0,70.0,4642,1,0,1,Biker
47,360.0,0.0,426.0,70.0,4643,1,0,1,Biker
47,360.0,0.0,426.0,70.0,4644,1,0,1,Biker
47,360.0,0.0,426.0,70.0,4645,1,0,1,Biker
47,360.0,0.0,426.0,70.0,4646,1,0,1,Biker
47,360.0,0.0,426.0,70.0,4647,1,0,1,Biker
47,360.0,0.0,426.0,70.0,4648,1,0,1,Biker
47,360.0,0.0,426.0,70.0,4649,1,0,1,Biker
47,360.0,0.0,426.0,70.0,4650,1,0,1,Biker
47,360.0,0.0,426.0,70.0,4651,1,0,1,Biker
47,360.0,0.0,426.0,70.0,4652,1,0,1,Biker
47,363.0,0.0,429.0,70.0,4653,0,0,0,Biker
47,363.0,0.0,429.0,68.0,4654,0,0,1,Biker
47,365.0,0.0,431.0,68.0,4655,0,0,1,Biker
47,365.0,0.0,431.0,68.0,4656,0,0,1,Biker
47,368.0,0.0,434.0,68.0,4657,0,0,1,Biker
47,368.0,0.0,434.0,68.0,4658,0,0,1,Biker
47,371.0,0.0,437.0,68.0,4659,0,0,1,Biker
47,371.0,0.0,437.0,68.0,4660,0,0,1,Biker
47,374.0,0.0,440.0,68.0,4661,0,0,1,Biker
47,374.0,0.0,440.0,68.0,4662,0,0,1,Biker
47,376.0,0.0,442.0,68.0,4663,0,0,0,Biker
47,371.0,0.0,437.0,70.0,4664,0,0,1,Biker
47,368.0,2.0,434.0,72.0,4665,0,0,1,Biker
47,365.0,2.0,431.0,75.0,4666,0,0,1,Biker
47,360.0,4.0,426.0,77.0,4667,0,0,1,Biker
47,357.0,4.0,423.0,79.0,4668,0,0,1,Biker
47,354.0,6.0,420.0,81.0,4669,0,0,0,Biker
47,357.0,11.0,423.0,91.0,4670,0,0,1,Biker
47,360.0,15.0,426.0,102.0,4671,0,0,1,Biker
47,363.0,20.0,429.0,111.0,4672,0,0,1,Biker
47,368.0,27.0,431.0,122.0,4673,0,0,0,Biker
47,365.0,31.0,429.0,127.0,4674,0,0,1,Biker
47,365.0,38.0,429.0,132.0,4675,0,0,1,Biker
47,365.0,43.0,429.0,136.0,4676,0,0,1,Biker
47,363.0,50.0,426.0,143.0,4677,0,0,1,Biker
47,363.0,54.0,426.0,148.0,4678,0,0,1,Biker
47,363.0,61.0,426.0,152.0,4679,0,0,1,Biker
47,360.0,66.0,426.0,157.0,4680,0,0,1,Biker
47,360.0,72.0,423.0,163.0,4681,0,0,1,Biker
47,360.0,77.0,423.0,168.0,4682,0,0,1,Biker
47,357.0,84.0,423.0,173.0,4683,0,0,1,Biker
47,357.0,88.0,420.0,177.0,4684,0,0,1,Biker
47,357.0,95.0,420.0,184.0,4685,0,0,1,Biker
47,357.0,100.0,420.0,188.0,4686,0,0,1,Biker
47,354.0,107.0,420.0,193.0,4687,0,0,1,Biker
47,354.0,111.0,418.0,198.0,4688,0,0,1,Biker
47,354.0,118.0,418.0,204.0,4689,0,0,1,Biker
47,352.0,122.0,418.0,209.0,4690,0,0,1,Biker
47,352.0,129.0,418.0,214.0,4691,0,0,1,Biker
47,352.0,134.0,415.0,218.0,4692,0,0,1,Biker
47,349.0,141.0,415.0,225.0,4693,0,0,1,Biker
47,349.0,145.0,415.0,229.0,4694,0,0,1,Biker
47,349.0,152.0,412.0,234.0,4695,0,0,1,Biker
47,346.0,157.0,412.0,239.0,4696,0,0,1,Biker
47,346.0,163.0,412.0,245.0,4697,0,0,1,Biker
47,346.0,168.0,412.0,250.0,4698,0,0,1,Biker
47,346.0,175.0,409.0,255.0,4699,0,0,1,Biker
47,343.0,179.0,409.0,259.0,4700,0,0,1,Biker
47,343.0,186.0,409.0,266.0,4701,0,0,1,Biker
47,343.0,191.0,407.0,270.0,4702,0,0,1,Biker
47,341.0,198.0,407.0,275.0,4703,0,0,1,Biker
47,341.0,202.0,407.0,280.0,4704,0,0,1,Biker
47,341.0,209.0,407.0,286.0,4705,0,0,1,Biker
47,338.0,214.0,404.0,291.0,4706,0,0,1,Biker
47,338.0,220.0,404.0,296.0,4707,0,0,1,Biker
47,338.0,225.0,404.0,300.0,4708,0,0,1,Biker
47,338.0,232.0,404.0,307.0,4709,0,0,0,Biker
47,335.0,236.0,401.0,311.0,4710,0,0,1,Biker
47,335.0,243.0,401.0,318.0,4711,0,0,1,Biker
47,335.0,250.0,401.0,325.0,4712,0,0,1,Biker
47,335.0,257.0,401.0,332.0,4713,0,0,1,Biker
47,335.0,261.0,401.0,337.0,4714,0,0,1,Biker
47,335.0,268.0,401.0,343.0,4715,0,0,1,Biker
47,335.0,275.0,401.0,350.0,4716,0,0,1,Biker
47,335.0,282.0,401.0,357.0,4717,0,0,1,Biker
47,335.0,286.0,401.0,362.0,4718,0,0,1,Biker
47,335.0,293.0,401.0,368.0,4719,0,0,1,Biker
47,335.0,300.0,401.0,375.0,4720,0,0,1,Biker
47,335.0,307.0,401.0,382.0,4721,0,0,1,Biker
47,335.0,311.0,401.0,387.0,4722,0,0,1,Biker
47,335.0,318.0,401.0,393.0,4723,0,0,1,Biker
47,335.0,325.0,401.0,400.0,4724,0,0,1,Biker
47,335.0,332.0,401.0,407.0,4725,0,0,1,Biker
47,335.0,339.0,401.0,414.0,4726,0,0,1,Biker
47,335.0,343.0,401.0,418.0,4727,0,0,1,Biker
47,335.0,350.0,401.0,425.0,4728,0,0,1,Biker
47,335.0,357.0,401.0,432.0,4729,0,0,1,Biker
47,335.0,364.0,401.0,439.0,4730,0,0,1,Biker
47,335.0,368.0,401.0,444.0,4731,0,0,1,Biker
47,335.0,375.0,401.0,450.0,4732,0,0,1,Biker
47,335.0,382.0,401.0,457.0,4733,0,0,1,Biker
47,335.0,389.0,401.0,464.0,4734,0,0,1,Biker
47,335.0,393.0,401.0,469.0,4735,0,0,1,Biker
47,335.0,400.0,401.0,475.0,4736,0,0,1,Biker
47,335.0,407.0,401.0,482.0,4737,0,0,1,Biker
47,335.0,414.0,401.0,489.0,4738,0,0,1,Biker
47,335.0,421.0,401.0,496.0,4739,0,0,0,Biker
47,335.0,425.0,401.0,500.0,4740,0,0,1,Biker
47,335.0,432.0,401.0,507.0,4741,0,0,1,Biker
47,335.0,439.0,401.0,514.0,4742,0,0,1,Biker
47,335.0,444.0,401.0,519.0,4743,0,0,1,Biker
47,335.0,450.0,401.0,526.0,4744,0,0,1,Biker
47,338.0,457.0,404.0,532.0,4745,0,0,0,Biker
47,332.0,462.0,404.0,537.0,4746,0,0,1,Biker
47,330.0,469.0,404.0,541.0,4747,0,0,1,Biker
47,324.0,473.0,404.0,546.0,4748,0,0,1,Biker
47,321.0,480.0,407.0,553.0,4749,0,0,0,Biker
47,321.0,485.0,404.0,557.0,4750,0,0,1,Biker
47,321.0,491.0,401.0,564.0,4751,0,0,1,Biker
47,324.0,496.0,398.0,571.0,4752,0,0,1,Biker
47,324.0,503.0,396.0,576.0,4753,0,0,1,Biker
47,324.0,507.0,393.0,582.0,4754,0,0,1,Biker
47,327.0,514.0,393.0,589.0,4755,0,0,0,Biker
47,319.0,516.0,385.0,592.0,4756,0,0,1,Biker
47,313.0,521.0,379.0,596.0,4757,0,0,1,Biker
47,308.0,523.0,374.0,598.0,4758,0,0,1,Biker
47,302.0,528.0,368.0,603.0,4759,0,0,1,Biker
47,297.0,532.0,363.0,607.0,4760,0,0,1,Biker
47,291.0,535.0,357.0,610.0,4761,0,0,1,Biker
47,286.0,539.0,352.0,614.0,4762,0,0,1,Biker
47,277.0,544.0,343.0,619.0,4763,0,0,1,Biker
47,272.0,546.0,338.0,621.0,4764,0,0,1,Biker
47,266.0,551.0,332.0,626.0,4765,0,0,1,Biker
47,261.0,555.0,327.0,630.0,4766,0,0,1,Biker
47,255.0,557.0,321.0,633.0,4767,0,0,1,Biker
47,250.0,562.0,316.0,637.0,4768,0,0,1,Biker
47,244.0,566.0,310.0,642.0,4769,0,0,0,Biker
47,239.0,569.0,305.0,644.0,4770,0,0,1,Biker
47,233.0,573.0,299.0,648.0,4771,0,0,1,Biker
47,231.0,578.0,297.0,653.0,4772,0,0,1,Biker
47,225.0,580.0,291.0,655.0,4773,0,0,1,Biker
47,222.0,585.0,288.0,660.0,4774,0,0,1,Biker
47,217.0,589.0,283.0,664.0,4775,0,0,1,Biker
47,214.0,594.0,280.0,669.0,4776,0,0,1,Biker
47,209.0,596.0,275.0,671.0,4777,0,0,1,Biker
47,206.0,601.0,272.0,676.0,4778,0,0,1,Biker
47,200.0,605.0,266.0,680.0,4779,0,0,1,Biker
47,198.0,610.0,264.0,685.0,4780,0,0,1,Biker
47,192.0,612.0,258.0,687.0,4781,0,0,1,Biker
47,189.0,617.0,255.0,692.0,4782,0,0,1,Biker
47,184.0,621.0,250.0,696.0,4783,0,0,1,Biker
47,181.0,626.0,247.0,701.0,4784,0,0,1,Biker
47,176.0,628.0,242.0,703.0,4785,0,0,1,Biker
47,170.0,633.0,236.0,708.0,4786,0,0,1,Biker
47,167.0,637.0,233.0,712.0,4787,0,0,1,Biker
47,162.0,639.0,228.0,715.0,4788,0,0,1,Biker
47,159.0,644.0,225.0,719.0,4789,0,0,1,Biker
47,154.0,648.0,220.0,724.0,4790,0,0,1,Biker
47,151.0,653.0,217.0,728.0,4791,0,0,1,Biker
47,145.0,655.0,211.0,730.0,4792,0,0,1,Biker
47,143.0,660.0,209.0,735.0,4793,0,0,1,Biker
47,137.0,664.0,203.0,740.0,4794,0,0,1,Biker
47,134.0,669.0,200.0,744.0,4795,0,0,1,Biker
47,129.0,671.0,195.0,746.0,4796,0,0,1,Biker
47,126.0,676.0,192.0,751.0,4797,0,0,1,Biker
47,121.0,680.0,187.0,755.0,4798,0,0,1,Biker
47,118.0,685.0,184.0,760.0,4799,0,0,0,Biker
47,110.0,687.0,176.0,762.0,4800,0,0,1,Biker
47,101.0,692.0,167.0,767.0,4801,0,0,1,Biker
47,93.0,696.0,159.0,771.0,4802,0,0,1,Biker
47,85.0,701.0,151.0,776.0,4803,0,0,1,Biker
47,79.0,705.0,145.0,781.0,4804,0,0,1,Biker
47,71.0,708.0,137.0,783.0,4805,0,0,1,Biker
47,63.0,712.0,129.0,787.0,4806,0,0,1,Biker
47,55.0,717.0,121.0,792.0,4807,0,0,1,Biker
47,46.0,721.0,112.0,796.0,4808,0,0,1,Biker
47,41.0,726.0,107.0,801.0,4809,0,0,0,Biker
47,35.0,728.0,101.0,803.0,4810,0,0,1,Biker
47,33.0,730.0,96.0,806.0,4811,0,0,1,Biker
47,27.0,733.0,90.0,808.0,4812,0,0,1,Biker
47,24.0,735.0,85.0,810.0,4813,0,0,1,Biker
47,19.0,737.0,79.0,812.0,4814,0,0,1,Biker
47,16.0,740.0,74.0,815.0,4815,0,0,1,Biker
47,11.0,742.0,68.0,817.0,4816,0,0,1,Biker
47,8.0,744.0,63.0,819.0,4817,0,0,1,Biker
47,2.0,746.0,57.0,822.0,4818,0,0,1,Biker
47,0.0,749.0,52.0,824.0,4819,0,0,0,Biker
47,0.0,751.0,49.0,826.0,4820,0,0,1,Biker
47,0.0,753.0,46.0,828.0,4821,0,0,1,Biker
47,0.0,758.0,44.0,833.0,4822,0,0,1,Biker
47,0.0,760.0,41.0,835.0,4823,0,0,1,Biker
47,0.0,762.0,38.0,837.0,4824,0,0,1,Biker
47,0.0,767.0,38.0,842.0,4825,0,0,0,Biker
47,0.0,767.0,33.0,842.0,4826,0,0,1,Biker
47,0.0,767.0,30.0,842.0,4827,0,0,1,Biker
47,0.0,767.0,27.0,842.0,4828,1,0,0,Biker
47,0.0,769.0,22.0,844.0,4829,1,0,1,Biker
47,0.0,774.0,19.0,849.0,4830,1,0,1,Biker
47,0.0,778.0,16.0,853.0,4831,1,0,0,Biker
47,0.0,778.0,16.0,853.0,4832,1,0,1,Biker
47,0.0,778.0,16.0,853.0,4833,1,0,1,Biker
47,0.0,778.0,16.0,853.0,4834,1,0,1,Biker
47,0.0,778.0,16.0,853.0,4835,1,0,1,Biker
47,0.0,778.0,16.0,853.0,4836,1,0,1,Biker
47,0.0,778.0,16.0,853.0,4837,1,0,1,Biker
47,0.0,778.0,16.0,853.0,4838,1,0,1,Biker
47,0.0,778.0,16.0,853.0,4839,1,0,1,Biker
47,0.0,778.0,16.0,853.0,4840,1,0,1,Biker
47,0.0,778.0,16.0,853.0,4841,1,0,1,Biker
47,0.0,778.0,16.0,853.0,4842,1,0,1,Biker
47,0.0,778.0,16.0,853.0,4843,1,0,1,Biker
47,0.0,778.0,16.0,853.0,4844,1,0,1,Biker
47,0.0,778.0,16.0,853.0,4845,1,0,1,Biker
47,0.0,778.0,16.0,853.0,4846,1,0,1,Biker
47,0.0,778.0,16.0,853.0,4847,1,0,1,Biker
47,0.0,778.0,16.0,853.0,4848,1,0,1,Biker
47,0.0,778.0,16.0,853.0,4849,1,0,1,Biker
47,0.0,778.0,16.0,853.0,4850,1,0,1,Biker
47,0.0,778.0,16.0,853.0,4851,1,0,1,Biker
47,0.0,778.0,16.0,853.0,4852,1,0,1,Biker
47,0.0,778.0,16.0,853.0,4853,1,0,1,Biker
47,0.0,778.0,16.0,853.0,4854,1,0,1,Biker
47,0.0,778.0,16.0,853.0,4855,1,0,1,Biker
47,0.0,778.0,16.0,853.0,4856,1,0,1,Biker
47,0.0,778.0,16.0,853.0,4857,1,0,1,Biker
47,0.0,778.0,16.0,853.0,4858,1,0,1,Biker
47,0.0,778.0,16.0,853.0,4859,1,0,1,Biker
47,0.0,778.0,16.0,853.0,4860,1,0,1,Biker
47,0.0,778.0,16.0,853.0,4861,1,0,1,Biker
47,0.0,778.0,16.0,853.0,4862,1,0,1,Biker
47,0.0,778.0,16.0,853.0,4863,1,0,1,Biker
47,0.0,778.0,16.0,853.0,4864,1,0,1,Biker
47,0.0,778.0,16.0,853.0,4865,1,0,1,Biker
47,0.0,778.0,16.0,853.0,4866,1,0,1,Biker
47,0.0,778.0,16.0,853.0,4867,1,0,1,Biker
47,0.0,778.0,16.0,853.0,4868,1,0,1,Biker
47,0.0,778.0,16.0,853.0,4869,1,0,1,Biker
47,0.0,778.0,16.0,853.0,4870,1,0,1,Biker
47,0.0,778.0,16.0,853.0,4871,1,0,1,Biker
47,0.0,778.0,16.0,853.0,4872,1,0,1,Biker
47,0.0,778.0,16.0,853.0,4873,1,0,1,Biker
47,0.0,778.0,16.0,853.0,4874,1,0,1,Biker
47,0.0,778.0,16.0,853.0,4875,1,0,1,Biker
47,0.0,778.0,16.0,853.0,4876,1,0,1,Biker
47,0.0,778.0,16.0,853.0,4877,1,0,1,Biker
47,0.0,778.0,16.0,853.0,4878,1,0,1,Biker
47,0.0,778.0,16.0,853.0,4879,1,0,1,Biker
47,0.0,778.0,16.0,853.0,4880,1,0,1,Biker
47,0.0,778.0,16.0,853.0,4881,1,0,1,Biker
47,0.0,778.0,16.0,853.0,4882,1,0,1,Biker
47,0.0,778.0,16.0,853.0,4883,1,0,1,Biker
47,0.0,778.0,16.0,853.0,4884,1,0,1,Biker
47,0.0,778.0,16.0,853.0,4885,1,0,1,Biker
47,0.0,778.0,16.0,853.0,4886,1,0,1,Biker
47,0.0,778.0,16.0,853.0,4887,1,0,1,Biker
47,0.0,778.0,16.0,853.0,4888,1,0,1,Biker
47,0.0,778.0,16.0,853.0,4889,1,0,1,Biker
47,0.0,778.0,16.0,853.0,4890,1,0,1,Biker
47,0.0,778.0,16.0,853.0,4891,1,0,1,Biker
47,0.0,778.0,16.0,853.0,4892,1,0,1,Biker
47,0.0,778.0,16.0,853.0,4893,1,0,1,Biker
47,0.0,778.0,16.0,853.0,4894,1,0,1,Biker
47,0.0,778.0,16.0,853.0,4895,1,0,1,Biker
47,0.0,778.0,16.0,853.0,4896,1,0,1,Biker
47,0.0,778.0,16.0,853.0,4897,1,0,1,Biker
47,0.0,778.0,16.0,853.0,4898,1,0,1,Biker
47,0.0,778.0,16.0,853.0,4899,1,0,1,Biker
47,0.0,778.0,16.0,853.0,4900,1,0,1,Biker
47,0.0,778.0,16.0,853.0,4901,1,0,1,Biker
47,0.0,778.0,16.0,853.0,4902,1,0,1,Biker
47,0.0,778.0,16.0,853.0,4903,1,0,1,Biker
47,0.0,778.0,16.0,853.0,4904,1,0,1,Biker
47,0.0,778.0,16.0,853.0,4905,1,0,1,Biker
47,0.0,778.0,16.0,853.0,4906,1,0,1,Biker
47,0.0,778.0,16.0,853.0,4907,1,0,1,Biker
47,0.0,778.0,16.0,853.0,4908,1,0,1,Biker
47,0.0,778.0,16.0,853.0,4909,1,0,1,Biker
47,0.0,778.0,16.0,853.0,4910,1,0,1,Biker
47,0.0,778.0,16.0,853.0,4911,1,0,1,Biker
47,0.0,778.0,16.0,853.0,4912,1,0,1,Biker
47,0.0,778.0,16.0,853.0,4913,1,0,1,Biker
47,0.0,778.0,16.0,853.0,4914,1,0,1,Biker
47,0.0,778.0,16.0,853.0,4915,1,0,1,Biker
47,0.0,778.0,16.0,853.0,4916,1,0,1,Biker
47,0.0,778.0,16.0,853.0,4917,1,0,1,Biker
47,0.0,778.0,16.0,853.0,4918,1,0,1,Biker
47,0.0,778.0,16.0,853.0,4919,1,0,1,Biker
47,0.0,778.0,16.0,853.0,4920,1,0,1,Biker
47,0.0,778.0,16.0,853.0,4921,1,0,1,Biker
47,0.0,778.0,16.0,853.0,4922,1,0,1,Biker
47,0.0,778.0,16.0,853.0,4923,1,0,1,Biker
47,0.0,778.0,16.0,853.0,4924,1,0,1,Biker
47,0.0,778.0,16.0,853.0,4925,1,0,1,Biker
47,0.0,778.0,16.0,853.0,4926,1,0,1,Biker
47,0.0,778.0,16.0,853.0,4927,1,0,1,Biker
47,0.0,778.0,16.0,853.0,4928,1,0,1,Biker
47,0.0,778.0,16.0,853.0,4929,1,0,1,Biker
47,0.0,778.0,16.0,853.0,4930,1,0,1,Biker
47,0.0,778.0,16.0,853.0,4931,1,0,1,Biker
47,0.0,778.0,16.0,853.0,4932,1,0,1,Biker
47,0.0,778.0,16.0,853.0,4933,1,0,1,Biker
47,0.0,778.0,16.0,853.0,4934,1,0,1,Biker
47,0.0,778.0,16.0,853.0,4935,1,0,1,Biker
47,0.0,778.0,16.0,853.0,4936,1,0,1,Biker
47,0.0,778.0,16.0,853.0,4937,1,0,1,Biker
47,0.0,778.0,16.0,853.0,4938,1,0,1,Biker
47,0.0,778.0,16.0,853.0,4939,1,0,1,Biker
47,0.0,778.0,16.0,853.0,4940,1,0,1,Biker
47,0.0,778.0,16.0,853.0,4941,1,0,1,Biker
47,0.0,778.0,16.0,853.0,4942,1,0,1,Biker
47,0.0,778.0,16.0,853.0,4943,1,0,1,Biker
47,0.0,778.0,16.0,853.0,4944,1,0,1,Biker
47,0.0,778.0,16.0,853.0,4945,1,0,1,Biker
47,0.0,778.0,16.0,853.0,4946,1,0,1,Biker
47,0.0,778.0,16.0,853.0,4947,1,0,1,Biker
47,0.0,778.0,16.0,853.0,4948,1,0,1,Biker
47,0.0,778.0,16.0,853.0,4949,1,0,1,Biker
47,0.0,778.0,16.0,853.0,4950,1,0,1,Biker
47,0.0,778.0,16.0,853.0,4951,1,0,1,Biker
47,0.0,778.0,16.0,853.0,4952,1,0,1,Biker
47,0.0,778.0,16.0,853.0,4953,1,0,1,Biker
47,0.0,778.0,16.0,853.0,4954,1,0,1,Biker
47,0.0,778.0,16.0,853.0,4955,1,0,1,Biker
47,0.0,778.0,16.0,853.0,4956,1,0,1,Biker
47,0.0,778.0,16.0,853.0,4957,1,0,1,Biker
47,0.0,778.0,16.0,853.0,4958,1,0,1,Biker
47,0.0,778.0,16.0,853.0,4959,1,0,1,Biker
47,0.0,778.0,16.0,853.0,4960,1,0,1,Biker
47,0.0,778.0,16.0,853.0,4961,1,0,1,Biker
47,0.0,778.0,16.0,853.0,4962,1,0,1,Biker
47,0.0,778.0,16.0,853.0,4963,1,0,1,Biker
47,0.0,778.0,16.0,853.0,4964,1,0,1,Biker
47,0.0,778.0,16.0,853.0,4965,1,0,1,Biker
47,0.0,778.0,16.0,853.0,4966,1,0,1,Biker
47,0.0,778.0,16.0,853.0,4967,1,0,1,Biker
47,0.0,778.0,16.0,853.0,4968,1,0,1,Biker
47,0.0,778.0,16.0,853.0,4969,1,0,1,Biker
47,0.0,778.0,16.0,853.0,4970,1,0,1,Biker
47,0.0,778.0,16.0,853.0,4971,1,0,1,Biker
47,0.0,778.0,16.0,853.0,4972,1,0,1,Biker
47,0.0,778.0,16.0,853.0,4973,1,0,1,Biker
47,0.0,778.0,16.0,853.0,4974,1,0,1,Biker
47,0.0,778.0,16.0,853.0,4975,1,0,1,Biker
47,0.0,778.0,16.0,853.0,4976,1,0,1,Biker
47,0.0,778.0,16.0,853.0,4977,1,0,1,Biker
47,0.0,778.0,16.0,853.0,4978,1,0,1,Biker
47,0.0,778.0,16.0,853.0,4979,1,0,1,Biker
47,0.0,778.0,16.0,853.0,4980,1,0,1,Biker
47,0.0,778.0,16.0,853.0,4981,1,0,1,Biker
47,0.0,778.0,16.0,853.0,4982,1,0,1,Biker
47,0.0,778.0,16.0,853.0,4983,1,0,1,Biker
47,0.0,778.0,16.0,853.0,4984,1,0,1,Biker
47,0.0,778.0,16.0,853.0,4985,1,0,1,Biker
47,0.0,778.0,16.0,853.0,4986,1,0,1,Biker
47,0.0,778.0,16.0,853.0,4987,1,0,1,Biker
47,0.0,778.0,16.0,853.0,4988,1,0,1,Biker
47,0.0,778.0,16.0,853.0,4989,1,0,1,Biker
47,0.0,778.0,16.0,853.0,4990,1,0,1,Biker
47,0.0,778.0,16.0,853.0,4991,1,0,1,Biker
47,0.0,778.0,16.0,853.0,4992,1,0,1,Biker
47,0.0,778.0,16.0,853.0,4993,1,0,1,Biker
47,0.0,778.0,16.0,853.0,4994,1,0,1,Biker
47,0.0,778.0,16.0,853.0,4995,1,0,1,Biker
47,0.0,778.0,16.0,853.0,4996,1,0,1,Biker
47,0.0,778.0,16.0,853.0,4997,1,0,1,Biker
47,0.0,778.0,16.0,853.0,4998,1,0,1,Biker
47,0.0,778.0,16.0,853.0,4999,1,0,1,Biker
47,0.0,778.0,16.0,853.0,5000,1,0,1,Biker
47,0.0,778.0,16.0,853.0,5001,1,0,1,Biker
47,0.0,778.0,16.0,853.0,5002,1,0,1,Biker
47,0.0,778.0,16.0,853.0,5003,1,0,1,Biker
47,0.0,778.0,16.0,853.0,5004,1,0,1,Biker
47,0.0,778.0,16.0,853.0,5005,1,0,1,Biker
47,0.0,778.0,16.0,853.0,5006,1,0,1,Biker
47,0.0,778.0,16.0,853.0,5007,1,0,1,Biker
47,0.0,778.0,16.0,853.0,5008,1,0,1,Biker
47,0.0,778.0,16.0,853.0,5009,1,0,1,Biker
47,0.0,778.0,16.0,853.0,5010,1,0,1,Biker
47,0.0,778.0,16.0,853.0,5011,1,0,1,Biker
47,0.0,778.0,16.0,853.0,5012,1,0,1,Biker
47,0.0,778.0,16.0,853.0,5013,1,0,1,Biker
47,0.0,778.0,16.0,853.0,5014,1,0,1,Biker
47,0.0,778.0,16.0,853.0,5015,1,0,1,Biker
47,0.0,778.0,16.0,853.0,5016,1,0,1,Biker
47,0.0,778.0,16.0,853.0,5017,1,0,1,Biker
47,0.0,778.0,16.0,853.0,5018,1,0,1,Biker
47,0.0,778.0,16.0,853.0,5019,1,0,1,Biker
47,0.0,778.0,16.0,853.0,5020,1,0,1,Biker
47,0.0,778.0,16.0,853.0,5021,1,0,1,Biker
47,0.0,778.0,16.0,853.0,5022,1,0,1,Biker
47,0.0,778.0,16.0,853.0,5023,1,0,1,Biker
47,0.0,778.0,16.0,853.0,5024,1,0,1,Biker
47,0.0,778.0,16.0,853.0,5025,1,0,1,Biker
47,0.0,778.0,16.0,853.0,5026,1,0,1,Biker
47,0.0,778.0,16.0,853.0,5027,1,0,1,Biker
47,0.0,778.0,16.0,853.0,5028,1,0,1,Biker
47,0.0,778.0,16.0,853.0,5029,1,0,1,Biker
47,0.0,778.0,16.0,853.0,5030,1,0,1,Biker
47,0.0,778.0,16.0,853.0,5031,1,0,0,Biker
48,605.0,4.0,679.0,52.0,10500,1,0,0,Biker
48,605.0,2.0,679.0,52.0,10501,1,0,1,Biker
48,605.0,2.0,679.0,52.0,10502,1,0,1,Biker
48,605.0,2.0,679.0,52.0,10503,1,0,1,Biker
48,605.0,2.0,679.0,52.0,10504,1,0,1,Biker
48,605.0,2.0,679.0,52.0,10505,1,0,1,Biker
48,605.0,2.0,679.0,52.0,10506,1,0,1,Biker
48,605.0,2.0,679.0,52.0,10507,1,0,1,Biker
48,605.0,2.0,679.0,52.0,10508,1,0,1,Biker
48,605.0,2.0,679.0,52.0,10509,1,0,1,Biker
48,605.0,2.0,679.0,52.0,10510,1,0,1,Biker
48,605.0,2.0,679.0,52.0,10511,1,0,1,Biker
48,605.0,2.0,679.0,52.0,10512,1,0,1,Biker
48,605.0,2.0,679.0,52.0,10513,1,0,1,Biker
48,605.0,2.0,679.0,52.0,10514,1,0,1,Biker
48,605.0,2.0,679.0,52.0,10515,1,0,1,Biker
48,605.0,2.0,679.0,52.0,10516,1,0,1,Biker
48,605.0,2.0,679.0,52.0,10517,1,0,1,Biker
48,605.0,2.0,679.0,52.0,10518,1,0,1,Biker
48,605.0,2.0,679.0,52.0,10519,1,0,1,Biker
48,605.0,2.0,679.0,52.0,10520,1,0,1,Biker
48,605.0,2.0,679.0,52.0,10521,1,0,1,Biker
48,605.0,2.0,679.0,52.0,10522,1,0,1,Biker
48,605.0,2.0,679.0,52.0,10523,1,0,1,Biker
48,605.0,2.0,679.0,52.0,10524,1,0,1,Biker
48,605.0,2.0,679.0,52.0,10525,1,0,1,Biker
48,605.0,2.0,679.0,52.0,10526,1,0,1,Biker
48,605.0,2.0,679.0,52.0,10527,1,0,1,Biker
48,605.0,2.0,679.0,52.0,10528,1,0,1,Biker
48,605.0,2.0,679.0,52.0,10529,1,0,1,Biker
48,605.0,2.0,679.0,52.0,10530,1,0,1,Biker
48,605.0,2.0,679.0,52.0,10531,1,0,1,Biker
48,605.0,2.0,679.0,52.0,10532,1,0,1,Biker
48,605.0,2.0,679.0,52.0,10533,1,0,1,Biker
48,605.0,2.0,679.0,52.0,10534,1,0,1,Biker
48,605.0,2.0,679.0,52.0,10535,1,0,1,Biker
48,605.0,2.0,679.0,52.0,10536,1,0,1,Biker
48,605.0,2.0,679.0,52.0,10537,1,0,1,Biker
48,605.0,2.0,679.0,52.0,10538,1,0,1,Biker
48,605.0,2.0,679.0,52.0,10539,1,0,1,Biker
48,605.0,2.0,679.0,52.0,10540,1,0,1,Biker
48,605.0,2.0,679.0,52.0,10541,1,0,1,Biker
48,605.0,2.0,679.0,52.0,10542,1,0,1,Biker
48,605.0,2.0,679.0,52.0,10543,1,0,1,Biker
48,605.0,2.0,679.0,52.0,10544,1,0,1,Biker
48,605.0,2.0,679.0,52.0,10545,1,0,1,Biker
48,605.0,2.0,679.0,52.0,10546,1,0,1,Biker
48,605.0,2.0,679.0,52.0,10547,1,0,1,Biker
48,605.0,2.0,679.0,52.0,10548,1,0,1,Biker
48,605.0,2.0,679.0,52.0,10549,1,0,1,Biker
48,605.0,2.0,679.0,52.0,10550,1,0,1,Biker
48,605.0,2.0,679.0,52.0,10551,1,0,1,Biker
48,605.0,2.0,679.0,52.0,10552,1,0,1,Biker
48,605.0,2.0,679.0,52.0,10553,1,0,1,Biker
48,605.0,2.0,679.0,52.0,10554,1,0,1,Biker
48,605.0,2.0,679.0,52.0,10555,1,0,1,Biker
48,605.0,2.0,679.0,52.0,10556,1,0,1,Biker
48,605.0,2.0,679.0,52.0,10557,1,0,1,Biker
48,605.0,2.0,679.0,52.0,10558,1,0,1,Biker
48,605.0,2.0,679.0,52.0,10559,1,0,1,Biker
48,605.0,2.0,679.0,52.0,10560,1,0,1,Biker
48,605.0,2.0,679.0,52.0,10561,1,0,1,Biker
48,605.0,2.0,679.0,52.0,10562,1,0,1,Biker
48,605.0,2.0,679.0,52.0,10563,1,0,1,Biker
48,605.0,2.0,679.0,52.0,10564,1,0,1,Biker
48,605.0,2.0,679.0,52.0,10565,1,0,1,Biker
48,605.0,2.0,679.0,52.0,10566,1,0,1,Biker
48,605.0,2.0,679.0,52.0,10567,1,0,1,Biker
48,605.0,2.0,679.0,52.0,10568,1,0,1,Biker
48,605.0,2.0,679.0,52.0,10569,1,0,1,Biker
48,605.0,2.0,679.0,52.0,10570,1,0,1,Biker
48,605.0,2.0,679.0,52.0,10571,1,0,1,Biker
48,605.0,2.0,679.0,52.0,10572,1,0,1,Biker
48,605.0,2.0,679.0,52.0,10573,1,0,1,Biker
48,605.0,2.0,679.0,52.0,10574,1,0,1,Biker
48,605.0,2.0,679.0,52.0,10575,1,0,1,Biker
48,605.0,2.0,679.0,52.0,10576,1,0,1,Biker
48,605.0,2.0,679.0,52.0,10577,1,0,1,Biker
48,605.0,2.0,679.0,52.0,10578,1,0,1,Biker
48,605.0,2.0,679.0,52.0,10579,1,0,1,Biker
48,605.0,2.0,679.0,52.0,10580,1,0,1,Biker
48,605.0,2.0,679.0,52.0,10581,1,0,1,Biker
48,605.0,2.0,679.0,52.0,10582,1,0,1,Biker
48,605.0,2.0,679.0,52.0,10583,1,0,1,Biker
48,605.0,2.0,679.0,52.0,10584,1,0,1,Biker
48,605.0,2.0,679.0,52.0,10585,1,0,1,Biker
48,605.0,2.0,679.0,52.0,10586,1,0,1,Biker
48,605.0,2.0,679.0,52.0,10587,1,0,1,Biker
48,605.0,2.0,679.0,52.0,10588,1,0,1,Biker
48,605.0,2.0,679.0,52.0,10589,1,0,1,Biker
48,605.0,2.0,679.0,52.0,10590,1,0,1,Biker
48,605.0,2.0,679.0,52.0,10591,1,0,1,Biker
48,605.0,2.0,679.0,52.0,10592,1,0,1,Biker
48,605.0,2.0,679.0,52.0,10593,1,0,1,Biker
48,605.0,2.0,679.0,52.0,10594,1,0,1,Biker
48,605.0,2.0,679.0,52.0,10595,1,0,1,Biker
48,605.0,2.0,679.0,52.0,10596,1,0,1,Biker
48,605.0,2.0,679.0,52.0,10597,1,0,1,Biker
48,605.0,2.0,679.0,52.0,10598,1,0,1,Biker
48,607.0,2.0,679.0,52.0,10599,1,0,1,Biker
48,607.0,2.0,679.0,52.0,10600,1,0,1,Biker
48,607.0,2.0,679.0,52.0,10601,1,0,1,Biker
48,607.0,2.0,679.0,52.0,10602,1,0,1,Biker
48,607.0,2.0,679.0,52.0,10603,1,0,1,Biker
48,607.0,2.0,679.0,52.0,10604,1,0,1,Biker
48,607.0,2.0,679.0,52.0,10605,1,0,1,Biker
48,607.0,2.0,679.0,52.0,10606,1,0,1,Biker
48,607.0,2.0,679.0,52.0,10607,1,0,1,Biker
48,607.0,2.0,679.0,52.0,10608,1,0,1,Biker
48,607.0,2.0,679.0,52.0,10609,1,0,1,Biker
48,607.0,2.0,679.0,52.0,10610,1,0,1,Biker
48,607.0,2.0,679.0,52.0,10611,1,0,1,Biker
48,607.0,2.0,679.0,52.0,10612,1,0,1,Biker
48,607.0,2.0,679.0,52.0,10613,1,0,1,Biker
48,607.0,2.0,679.0,52.0,10614,1,0,1,Biker
48,607.0,2.0,679.0,52.0,10615,1,0,1,Biker
48,607.0,2.0,679.0,52.0,10616,1,0,1,Biker
48,607.0,2.0,679.0,52.0,10617,1,0,1,Biker
48,607.0,2.0,679.0,52.0,10618,1,0,1,Biker
48,607.0,2.0,679.0,52.0,10619,1,0,1,Biker
48,607.0,2.0,679.0,52.0,10620,1,0,1,Biker
48,607.0,2.0,679.0,52.0,10621,1,0,1,Biker
48,607.0,2.0,679.0,52.0,10622,1,0,1,Biker
48,607.0,2.0,679.0,52.0,10623,1,0,1,Biker
48,607.0,2.0,679.0,52.0,10624,1,0,1,Biker
48,607.0,2.0,679.0,52.0,10625,1,0,1,Biker
48,607.0,2.0,679.0,52.0,10626,1,0,1,Biker
48,607.0,2.0,679.0,52.0,10627,1,0,1,Biker
48,607.0,2.0,679.0,52.0,10628,1,0,1,Biker
48,607.0,2.0,679.0,52.0,10629,1,0,1,Biker
48,607.0,2.0,679.0,52.0,10630,1,0,1,Biker
48,607.0,2.0,679.0,52.0,10631,1,0,1,Biker
48,607.0,2.0,679.0,52.0,10632,1,0,1,Biker
48,607.0,2.0,679.0,52.0,10633,1,0,1,Biker
48,607.0,2.0,679.0,52.0,10634,1,0,1,Biker
48,607.0,2.0,679.0,52.0,10635,1,0,1,Biker
48,607.0,2.0,679.0,52.0,10636,1,0,1,Biker
48,607.0,2.0,679.0,52.0,10637,1,0,1,Biker
48,607.0,2.0,679.0,52.0,10638,1,0,1,Biker
48,607.0,2.0,679.0,52.0,10639,1,0,1,Biker
48,607.0,2.0,679.0,52.0,10640,1,0,1,Biker
48,607.0,2.0,679.0,52.0,10641,1,0,1,Biker
48,607.0,2.0,679.0,52.0,10642,1,0,1,Biker
48,607.0,2.0,679.0,52.0,10643,1,0,1,Biker
48,607.0,2.0,679.0,52.0,10644,1,0,1,Biker
48,607.0,2.0,679.0,52.0,10645,1,0,1,Biker
48,607.0,2.0,679.0,52.0,10646,1,0,1,Biker
48,607.0,2.0,679.0,52.0,10647,1,0,1,Biker
48,607.0,2.0,679.0,52.0,10648,1,0,1,Biker
48,607.0,2.0,679.0,52.0,10649,1,0,1,Biker
48,607.0,2.0,679.0,52.0,10650,1,0,1,Biker
48,607.0,2.0,679.0,52.0,10651,1,0,1,Biker
48,607.0,2.0,679.0,52.0,10652,1,0,1,Biker
48,607.0,2.0,679.0,52.0,10653,1,0,1,Biker
48,607.0,2.0,679.0,52.0,10654,1,0,1,Biker
48,607.0,2.0,679.0,52.0,10655,1,0,1,Biker
48,607.0,2.0,679.0,52.0,10656,1,0,1,Biker
48,607.0,2.0,679.0,52.0,10657,1,0,1,Biker
48,607.0,2.0,679.0,52.0,10658,1,0,1,Biker
48,607.0,2.0,679.0,52.0,10659,1,0,1,Biker
48,607.0,2.0,679.0,52.0,10660,1,0,1,Biker
48,607.0,2.0,679.0,52.0,10661,1,0,1,Biker
48,607.0,2.0,679.0,52.0,10662,1,0,1,Biker
48,607.0,2.0,679.0,52.0,10663,1,0,1,Biker
48,607.0,2.0,679.0,52.0,10664,1,0,1,Biker
48,607.0,2.0,679.0,52.0,10665,1,0,1,Biker
48,607.0,2.0,679.0,52.0,10666,1,0,1,Biker
48,607.0,2.0,679.0,52.0,10667,1,0,1,Biker
48,607.0,2.0,679.0,52.0,10668,1,0,1,Biker
48,607.0,2.0,679.0,52.0,10669,1,0,1,Biker
48,607.0,2.0,679.0,52.0,10670,1,0,1,Biker
48,607.0,2.0,679.0,52.0,10671,1,0,1,Biker
48,607.0,2.0,679.0,52.0,10672,1,0,1,Biker
48,607.0,2.0,679.0,52.0,10673,1,0,1,Biker
48,607.0,2.0,679.0,52.0,10674,1,0,1,Biker
48,607.0,2.0,679.0,52.0,10675,1,0,1,Biker
48,607.0,2.0,679.0,52.0,10676,1,0,1,Biker
48,607.0,2.0,679.0,52.0,10677,1,0,1,Biker
48,607.0,2.0,679.0,52.0,10678,1,0,1,Biker
48,607.0,2.0,679.0,52.0,10679,1,0,1,Biker
48,607.0,2.0,679.0,52.0,10680,1,0,1,Biker
48,607.0,2.0,679.0,52.0,10681,1,0,1,Biker
48,607.0,2.0,679.0,52.0,10682,1,0,1,Biker
48,607.0,2.0,679.0,52.0,10683,1,0,1,Biker
48,607.0,2.0,679.0,52.0,10684,1,0,1,Biker
48,607.0,2.0,679.0,52.0,10685,1,0,1,Biker
48,607.0,2.0,679.0,52.0,10686,1,0,1,Biker
48,607.0,2.0,679.0,52.0,10687,1,0,1,Biker
48,607.0,2.0,679.0,52.0,10688,1,0,1,Biker
48,607.0,2.0,679.0,52.0,10689,1,0,1,Biker
48,607.0,2.0,679.0,52.0,10690,1,0,1,Biker
48,607.0,2.0,679.0,52.0,10691,1,0,1,Biker
48,607.0,2.0,679.0,52.0,10692,1,0,1,Biker
48,607.0,2.0,679.0,52.0,10693,1,0,1,Biker
48,607.0,2.0,679.0,52.0,10694,1,0,1,Biker
48,607.0,2.0,679.0,52.0,10695,1,0,1,Biker
48,607.0,2.0,679.0,52.0,10696,1,0,1,Biker
48,607.0,2.0,679.0,52.0,10697,1,0,1,Biker
48,610.0,2.0,682.0,52.0,10698,1,0,1,Biker
48,610.0,0.0,682.0,52.0,10699,1,0,1,Biker
48,610.0,0.0,682.0,52.0,10700,1,0,1,Biker
48,610.0,0.0,682.0,52.0,10701,1,0,1,Biker
48,610.0,0.0,682.0,52.0,10702,1,0,1,Biker
48,610.0,0.0,682.0,52.0,10703,1,0,1,Biker
48,610.0,0.0,682.0,52.0,10704,1,0,1,Biker
48,610.0,0.0,682.0,52.0,10705,1,0,1,Biker
48,610.0,0.0,682.0,52.0,10706,1,0,1,Biker
48,610.0,0.0,682.0,52.0,10707,1,0,1,Biker
48,610.0,0.0,682.0,52.0,10708,1,0,1,Biker
48,610.0,0.0,682.0,52.0,10709,1,0,1,Biker
48,610.0,0.0,682.0,52.0,10710,1,0,1,Biker
48,610.0,0.0,682.0,52.0,10711,1,0,1,Biker
48,610.0,0.0,682.0,52.0,10712,1,0,1,Biker
48,610.0,0.0,682.0,52.0,10713,1,0,1,Biker
48,610.0,0.0,682.0,52.0,10714,1,0,1,Biker
48,610.0,0.0,682.0,52.0,10715,1,0,1,Biker
48,610.0,0.0,682.0,52.0,10716,1,0,1,Biker
48,610.0,0.0,682.0,52.0,10717,1,0,1,Biker
48,610.0,0.0,682.0,52.0,10718,1,0,1,Biker
48,610.0,0.0,682.0,52.0,10719,1,0,1,Biker
48,610.0,0.0,682.0,52.0,10720,1,0,1,Biker
48,610.0,0.0,682.0,52.0,10721,1,0,1,Biker
48,610.0,0.0,682.0,52.0,10722,1,0,1,Biker
48,610.0,0.0,682.0,52.0,10723,1,0,1,Biker
48,610.0,0.0,682.0,52.0,10724,1,0,1,Biker
48,610.0,0.0,682.0,52.0,10725,1,0,1,Biker
48,610.0,0.0,682.0,52.0,10726,1,0,1,Biker
48,610.0,0.0,682.0,52.0,10727,1,0,1,Biker
48,610.0,0.0,682.0,52.0,10728,1,0,1,Biker
48,610.0,0.0,682.0,52.0,10729,1,0,1,Biker
48,610.0,0.0,682.0,52.0,10730,1,0,1,Biker
48,610.0,0.0,682.0,52.0,10731,1,0,1,Biker
48,610.0,0.0,682.0,52.0,10732,1,0,1,Biker
48,610.0,0.0,682.0,52.0,10733,1,0,1,Biker
48,610.0,0.0,682.0,52.0,10734,1,0,1,Biker
48,610.0,0.0,682.0,52.0,10735,1,0,1,Biker
48,610.0,0.0,682.0,52.0,10736,1,0,1,Biker
48,610.0,0.0,682.0,52.0,10737,1,0,1,Biker
48,610.0,0.0,682.0,52.0,10738,1,0,1,Biker
48,610.0,0.0,682.0,52.0,10739,1,0,1,Biker
48,610.0,0.0,682.0,52.0,10740,1,0,1,Biker
48,610.0,0.0,682.0,52.0,10741,1,0,1,Biker
48,610.0,0.0,682.0,52.0,10742,1,0,1,Biker
48,610.0,0.0,682.0,52.0,10743,1,0,1,Biker
48,610.0,0.0,682.0,52.0,10744,1,0,1,Biker
48,610.0,0.0,682.0,52.0,10745,1,0,1,Biker
48,610.0,0.0,682.0,52.0,10746,1,0,1,Biker
48,610.0,0.0,682.0,52.0,10747,1,0,1,Biker
48,610.0,0.0,682.0,52.0,10748,1,0,1,Biker
48,610.0,0.0,682.0,52.0,10749,1,0,1,Biker
48,610.0,0.0,682.0,52.0,10750,1,0,1,Biker
48,610.0,0.0,682.0,52.0,10751,1,0,1,Biker
48,610.0,0.0,682.0,52.0,10752,1,0,1,Biker
48,610.0,0.0,682.0,52.0,10753,1,0,1,Biker
48,610.0,0.0,682.0,52.0,10754,1,0,1,Biker
48,610.0,0.0,682.0,52.0,10755,1,0,1,Biker
48,610.0,0.0,682.0,52.0,10756,1,0,1,Biker
48,610.0,0.0,682.0,52.0,10757,1,0,1,Biker
48,610.0,0.0,682.0,52.0,10758,1,0,1,Biker
48,610.0,0.0,682.0,52.0,10759,1,0,1,Biker
48,610.0,0.0,682.0,52.0,10760,1,0,1,Biker
48,610.0,0.0,682.0,52.0,10761,1,0,1,Biker
48,610.0,0.0,682.0,52.0,10762,1,0,1,Biker
48,610.0,0.0,682.0,52.0,10763,1,0,1,Biker
48,610.0,0.0,682.0,52.0,10764,1,0,1,Biker
48,610.0,0.0,682.0,52.0,10765,1,0,1,Biker
48,610.0,0.0,682.0,52.0,10766,1,0,1,Biker
48,610.0,0.0,682.0,52.0,10767,1,0,1,Biker
48,610.0,0.0,682.0,52.0,10768,1,0,1,Biker
48,610.0,0.0,682.0,52.0,10769,1,0,1,Biker
48,610.0,0.0,682.0,52.0,10770,1,0,1,Biker
48,610.0,0.0,682.0,52.0,10771,1,0,1,Biker
48,610.0,0.0,682.0,52.0,10772,1,0,1,Biker
48,610.0,0.0,682.0,52.0,10773,1,0,1,Biker
48,610.0,0.0,682.0,52.0,10774,1,0,1,Biker
48,610.0,0.0,682.0,52.0,10775,1,0,1,Biker
48,610.0,0.0,682.0,52.0,10776,1,0,1,Biker
48,610.0,0.0,682.0,52.0,10777,1,0,1,Biker
48,610.0,0.0,682.0,52.0,10778,1,0,1,Biker
48,610.0,0.0,682.0,52.0,10779,1,0,1,Biker
48,610.0,0.0,682.0,52.0,10780,1,0,1,Biker
48,610.0,0.0,682.0,52.0,10781,1,0,1,Biker
48,610.0,0.0,682.0,52.0,10782,1,0,1,Biker
48,610.0,0.0,682.0,52.0,10783,1,0,1,Biker
48,610.0,0.0,682.0,52.0,10784,1,0,1,Biker
48,610.0,0.0,682.0,52.0,10785,1,0,1,Biker
48,610.0,0.0,682.0,52.0,10786,1,0,1,Biker
48,610.0,0.0,682.0,52.0,10787,1,0,1,Biker
48,610.0,0.0,682.0,52.0,10788,1,0,1,Biker
48,610.0,0.0,682.0,52.0,10789,1,0,1,Biker
48,610.0,0.0,682.0,52.0,10790,1,0,1,Biker
48,610.0,0.0,682.0,52.0,10791,1,0,1,Biker
48,610.0,0.0,682.0,52.0,10792,1,0,1,Biker
48,610.0,0.0,682.0,52.0,10793,1,0,1,Biker
48,610.0,0.0,682.0,52.0,10794,1,0,1,Biker
48,610.0,0.0,682.0,52.0,10795,1,0,1,Biker
48,610.0,0.0,682.0,52.0,10796,1,0,1,Biker
48,613.0,0.0,682.0,52.0,10797,1,0,1,Biker
48,613.0,0.0,682.0,52.0,10798,1,0,1,Biker
48,613.0,0.0,682.0,52.0,10799,1,0,1,Biker
48,613.0,0.0,682.0,52.0,10800,1,0,1,Biker
48,613.0,0.0,682.0,52.0,10801,1,0,1,Biker
48,613.0,0.0,682.0,52.0,10802,1,0,1,Biker
48,613.0,0.0,682.0,52.0,10803,1,0,1,Biker
48,613.0,0.0,682.0,52.0,10804,1,0,1,Biker
48,613.0,0.0,682.0,52.0,10805,1,0,1,Biker
48,613.0,0.0,682.0,52.0,10806,1,0,1,Biker
48,613.0,0.0,682.0,52.0,10807,1,0,1,Biker
48,613.0,0.0,682.0,52.0,10808,1,0,1,Biker
48,613.0,0.0,682.0,52.0,10809,1,0,1,Biker
48,613.0,0.0,682.0,52.0,10810,1,0,1,Biker
48,613.0,0.0,682.0,52.0,10811,1,0,1,Biker
48,613.0,0.0,682.0,52.0,10812,1,0,1,Biker
48,613.0,0.0,682.0,52.0,10813,1,0,1,Biker
48,613.0,0.0,682.0,52.0,10814,1,0,1,Biker
48,613.0,0.0,682.0,52.0,10815,1,0,1,Biker
48,613.0,0.0,682.0,52.0,10816,1,0,1,Biker
48,613.0,0.0,682.0,52.0,10817,1,0,1,Biker
48,613.0,0.0,682.0,52.0,10818,1,0,1,Biker
48,613.0,0.0,682.0,52.0,10819,1,0,1,Biker
48,613.0,0.0,682.0,52.0,10820,1,0,1,Biker
48,613.0,0.0,682.0,52.0,10821,1,0,1,Biker
48,613.0,0.0,682.0,52.0,10822,1,0,1,Biker
48,613.0,0.0,682.0,52.0,10823,1,0,1,Biker
48,613.0,0.0,682.0,52.0,10824,1,0,1,Biker
48,613.0,0.0,682.0,52.0,10825,1,0,1,Biker
48,613.0,0.0,682.0,52.0,10826,1,0,1,Biker
48,613.0,0.0,682.0,52.0,10827,1,0,1,Biker
48,613.0,0.0,682.0,52.0,10828,1,0,1,Biker
48,613.0,0.0,682.0,52.0,10829,1,0,1,Biker
48,613.0,0.0,682.0,52.0,10830,1,0,1,Biker
48,613.0,0.0,682.0,52.0,10831,1,0,1,Biker
48,613.0,0.0,682.0,52.0,10832,1,0,1,Biker
48,613.0,0.0,682.0,52.0,10833,1,0,1,Biker
48,613.0,0.0,682.0,52.0,10834,1,0,1,Biker
48,613.0,0.0,682.0,52.0,10835,1,0,1,Biker
48,613.0,0.0,682.0,52.0,10836,1,0,1,Biker
48,613.0,0.0,682.0,52.0,10837,1,0,1,Biker
48,613.0,0.0,682.0,52.0,10838,1,0,1,Biker
48,613.0,0.0,682.0,52.0,10839,1,0,1,Biker
48,613.0,0.0,682.0,52.0,10840,1,0,1,Biker
48,613.0,0.0,682.0,52.0,10841,1,0,1,Biker
48,613.0,0.0,682.0,52.0,10842,1,0,1,Biker
48,613.0,0.0,682.0,52.0,10843,1,0,1,Biker
48,613.0,0.0,682.0,52.0,10844,1,0,1,Biker
48,613.0,0.0,682.0,52.0,10845,1,0,1,Biker
48,613.0,0.0,682.0,52.0,10846,1,0,1,Biker
48,613.0,0.0,682.0,52.0,10847,1,0,1,Biker
48,613.0,0.0,682.0,52.0,10848,1,0,1,Biker
48,613.0,0.0,682.0,52.0,10849,1,0,1,Biker
48,613.0,0.0,682.0,52.0,10850,1,0,1,Biker
48,613.0,0.0,682.0,52.0,10851,1,0,1,Biker
48,613.0,0.0,682.0,52.0,10852,1,0,1,Biker
48,613.0,0.0,682.0,52.0,10853,1,0,1,Biker
48,613.0,0.0,682.0,52.0,10854,1,0,1,Biker
48,613.0,0.0,682.0,52.0,10855,1,0,1,Biker
48,613.0,0.0,682.0,52.0,10856,1,0,1,Biker
48,613.0,0.0,682.0,52.0,10857,1,0,1,Biker
48,613.0,0.0,682.0,52.0,10858,1,0,1,Biker
48,613.0,0.0,682.0,52.0,10859,1,0,1,Biker
48,613.0,0.0,682.0,52.0,10860,1,0,1,Biker
48,613.0,0.0,682.0,52.0,10861,1,0,1,Biker
48,613.0,0.0,682.0,52.0,10862,1,0,1,Biker
48,613.0,0.0,682.0,52.0,10863,1,0,1,Biker
48,613.0,0.0,682.0,52.0,10864,1,0,1,Biker
48,613.0,0.0,682.0,52.0,10865,1,0,1,Biker
48,613.0,0.0,682.0,52.0,10866,1,0,1,Biker
48,613.0,0.0,682.0,52.0,10867,1,0,1,Biker
48,613.0,0.0,682.0,52.0,10868,1,0,1,Biker
48,613.0,0.0,682.0,52.0,10869,1,0,1,Biker
48,613.0,0.0,682.0,52.0,10870,1,0,1,Biker
48,613.0,0.0,682.0,52.0,10871,1,0,1,Biker
48,613.0,0.0,682.0,52.0,10872,1,0,1,Biker
48,613.0,0.0,682.0,52.0,10873,1,0,1,Biker
48,613.0,0.0,682.0,52.0,10874,1,0,1,Biker
48,613.0,0.0,682.0,52.0,10875,1,0,1,Biker
48,613.0,0.0,682.0,52.0,10876,1,0,1,Biker
48,613.0,0.0,682.0,52.0,10877,1,0,1,Biker
48,613.0,0.0,682.0,52.0,10878,1,0,1,Biker
48,613.0,0.0,682.0,52.0,10879,1,0,1,Biker
48,613.0,0.0,682.0,52.0,10880,1,0,1,Biker
48,613.0,0.0,682.0,52.0,10881,1,0,1,Biker
48,613.0,0.0,682.0,52.0,10882,1,0,1,Biker
48,613.0,0.0,682.0,52.0,10883,1,0,1,Biker
48,613.0,0.0,682.0,52.0,10884,1,0,1,Biker
48,613.0,0.0,682.0,52.0,10885,1,0,1,Biker
48,613.0,0.0,682.0,52.0,10886,1,0,1,Biker
48,613.0,0.0,682.0,52.0,10887,1,0,1,Biker
48,613.0,0.0,682.0,52.0,10888,1,0,1,Biker
48,613.0,0.0,682.0,52.0,10889,1,0,1,Biker
48,613.0,0.0,682.0,52.0,10890,1,0,1,Biker
48,613.0,0.0,682.0,52.0,10891,1,0,1,Biker
48,613.0,0.0,682.0,52.0,10892,1,0,1,Biker
48,613.0,0.0,682.0,52.0,10893,1,0,1,Biker
48,613.0,0.0,682.0,52.0,10894,1,0,1,Biker
48,613.0,0.0,682.0,52.0,10895,1,0,1,Biker
48,616.0,0.0,684.0,54.0,10896,0,0,0,Biker
48,613.0,0.0,682.0,54.0,10897,0,0,1,Biker
48,610.0,0.0,679.0,54.0,10898,0,0,1,Biker
48,607.0,0.0,676.0,54.0,10899,0,0,1,Biker
48,605.0,0.0,673.0,54.0,10900,0,0,1,Biker
48,605.0,0.0,673.0,54.0,10901,0,0,1,Biker
48,602.0,0.0,671.0,54.0,10902,0,0,1,Biker
48,599.0,0.0,668.0,54.0,10903,0,0,1,Biker
48,596.0,0.0,665.0,54.0,10904,0,0,1,Biker
48,596.0,0.0,665.0,54.0,10905,0,0,1,Biker
48,594.0,0.0,662.0,54.0,10906,0,0,1,Biker
48,591.0,0.0,660.0,54.0,10907,0,0,1,Biker
48,588.0,0.0,657.0,54.0,10908,0,0,1,Biker
48,585.0,0.0,654.0,54.0,10909,0,0,1,Biker
48,585.0,0.0,654.0,54.0,10910,0,0,1,Biker
48,583.0,0.0,651.0,54.0,10911,0,0,1,Biker
48,580.0,0.0,649.0,54.0,10912,0,0,1,Biker
48,577.0,0.0,646.0,54.0,10913,0,0,1,Biker
48,577.0,0.0,646.0,54.0,10914,0,0,0,Biker
48,574.0,2.0,643.0,56.0,10915,0,0,1,Biker
48,574.0,4.0,643.0,61.0,10916,0,0,1,Biker
48,574.0,9.0,643.0,63.0,10917,0,0,1,Biker
48,572.0,11.0,640.0,68.0,10918,0,0,1,Biker
48,572.0,15.0,640.0,70.0,10919,0,0,1,Biker
48,572.0,18.0,640.0,75.0,10920,0,0,1,Biker
48,569.0,22.0,638.0,77.0,10921,0,0,1,Biker
48,569.0,25.0,638.0,81.0,10922,0,0,1,Biker
48,569.0,29.0,638.0,86.0,10923,0,0,0,Biker
48,566.0,34.0,635.0,91.0,10924,0,0,1,Biker
48,563.0,38.0,632.0,95.0,10925,0,0,1,Biker
48,563.0,43.0,632.0,100.0,10926,0,0,1,Biker
48,561.0,50.0,629.0,107.0,10927,0,0,1,Biker
48,558.0,54.0,627.0,111.0,10928,0,0,1,Biker
48,558.0,59.0,627.0,116.0,10929,0,0,1,Biker
48,555.0,66.0,624.0,122.0,10930,0,0,1,Biker
48,552.0,70.0,621.0,127.0,10931,0,0,1,Biker
48,552.0,75.0,621.0,132.0,10932,0,0,1,Biker
48,550.0,81.0,618.0,138.0,10933,0,0,1,Biker
48,547.0,86.0,616.0,143.0,10934,0,0,1,Biker
48,547.0,91.0,616.0,148.0,10935,0,0,1,Biker
48,544.0,95.0,613.0,152.0,10936,0,0,1,Biker
48,541.0,102.0,610.0,159.0,10937,0,0,1,Biker
48,541.0,107.0,610.0,163.0,10938,0,0,1,Biker
48,539.0,111.0,607.0,168.0,10939,0,0,1,Biker
48,536.0,118.0,605.0,175.0,10940,0,0,1,Biker
48,536.0,122.0,605.0,179.0,10941,0,0,1,Biker
48,533.0,127.0,602.0,184.0,10942,0,0,1,Biker
48,533.0,134.0,602.0,191.0,10943,0,0,1,Biker
48,530.0,138.0,599.0,195.0,10944,0,0,1,Biker
48,528.0,143.0,596.0,200.0,10945,0,0,1,Biker
48,528.0,148.0,596.0,204.0,10946,0,0,1,Biker
48,525.0,154.0,594.0,211.0,10947,0,0,1,Biker
48,522.0,159.0,591.0,216.0,10948,0,0,1,Biker
48,522.0,163.0,591.0,220.0,10949,0,0,1,Biker
48,519.0,170.0,588.0,227.0,10950,0,0,1,Biker
48,517.0,175.0,585.0,232.0,10951,0,0,1,Biker
48,517.0,179.0,585.0,236.0,10952,0,0,1,Biker
48,514.0,186.0,583.0,243.0,10953,0,0,1,Biker
48,511.0,191.0,580.0,248.0,10954,0,0,1,Biker
48,511.0,195.0,580.0,252.0,10955,0,0,1,Biker
48,508.0,200.0,577.0,257.0,10956,0,0,1,Biker
48,506.0,207.0,574.0,264.0,10957,0,0,1,Biker
48,506.0,211.0,574.0,268.0,10958,0,0,1,Biker
48,503.0,216.0,572.0,273.0,10959,0,0,1,Biker
48,500.0,223.0,569.0,280.0,10960,0,0,1,Biker
48,500.0,227.0,569.0,284.0,10961,0,0,1,Biker
48,497.0,232.0,566.0,289.0,10962,0,0,1,Biker
48,497.0,239.0,566.0,296.0,10963,0,0,0,Biker
48,495.0,243.0,563.0,300.0,10964,0,0,1,Biker
48,492.0,248.0,561.0,305.0,10965,0,0,1,Biker
48,489.0,252.0,561.0,311.0,10966,0,0,1,Biker
48,486.0,257.0,558.0,316.0,10967,0,0,1,Biker
48,484.0,261.0,555.0,321.0,10968,0,0,1,Biker
48,484.0,266.0,555.0,327.0,10969,0,0,1,Biker
48,481.0,270.0,552.0,332.0,10970,0,0,1,Biker
48,478.0,275.0,550.0,337.0,10971,0,0,1,Biker
48,475.0,280.0,550.0,343.0,10972,0,0,1,Biker
48,473.0,284.0,547.0,348.0,10973,0,0,1,Biker
48,470.0,289.0,547.0,355.0,10974,0,0,1,Biker
48,470.0,293.0,544.0,359.0,10975,0,0,1,Biker
48,467.0,298.0,541.0,364.0,10976,0,0,1,Biker
48,464.0,302.0,541.0,371.0,10977,0,0,1,Biker
48,462.0,309.0,539.0,375.0,10978,0,0,1,Biker
48,459.0,314.0,536.0,380.0,10979,0,0,1,Biker
48,456.0,318.0,536.0,387.0,10980,0,0,1,Biker
48,456.0,323.0,533.0,391.0,10981,0,0,1,Biker
48,453.0,327.0,530.0,396.0,10982,0,0,1,Biker
48,451.0,332.0,530.0,403.0,10983,0,0,1,Biker
48,448.0,337.0,528.0,407.0,10984,0,0,1,Biker
48,445.0,341.0,528.0,414.0,10985,0,0,1,Biker
48,442.0,346.0,525.0,418.0,10986,0,0,1,Biker
48,442.0,350.0,522.0,423.0,10987,0,0,1,Biker
48,440.0,355.0,522.0,430.0,10988,0,0,1,Biker
48,437.0,359.0,519.0,434.0,10989,0,0,1,Biker
48,434.0,364.0,517.0,439.0,10990,0,0,1,Biker
48,431.0,368.0,517.0,446.0,10991,0,0,1,Biker
48,429.0,373.0,514.0,450.0,10992,0,0,1,Biker
48,429.0,380.0,514.0,457.0,10993,0,0,0,Biker
48,423.0,382.0,508.0,459.0,10994,0,0,1,Biker
48,420.0,387.0,506.0,464.0,10995,0,0,1,Biker
48,418.0,391.0,503.0,469.0,10996,0,0,1,Biker
48,412.0,393.0,497.0,471.0,10997,0,0,1,Biker
48,409.0,398.0,495.0,475.0,10998,0,0,1,Biker
48,407.0,403.0,492.0,480.0,10999,0,0,1,Biker
48,404.0,407.0,489.0,485.0,11000,0,0,0,Biker
48,398.0,409.0,484.0,487.0,11001,0,0,1,Biker
48,396.0,414.0,481.0,491.0,11002,0,0,1,Biker
48,390.0,418.0,478.0,496.0,11003,0,0,1,Biker
48,387.0,423.0,475.0,500.0,11004,0,0,1,Biker
48,385.0,428.0,473.0,505.0,11005,0,0,1,Biker
48,379.0,430.0,470.0,507.0,11006,0,0,1,Biker
48,376.0,434.0,467.0,512.0,11007,0,0,1,Biker
48,374.0,439.0,464.0,516.0,11008,0,0,1,Biker
48,368.0,444.0,462.0,521.0,11009,0,0,1,Biker
48,365.0,448.0,459.0,526.0,11010,0,0,1,Biker
48,363.0,453.0,456.0,530.0,11011,0,0,1,Biker
48,357.0,455.0,453.0,532.0,11012,0,0,1,Biker
48,354.0,459.0,451.0,537.0,11013,0,0,1,Biker
48,352.0,464.0,448.0,541.0,11014,0,0,1,Biker
48,346.0,469.0,445.0,546.0,11015,0,0,1,Biker
48,343.0,473.0,442.0,551.0,11016,0,0,1,Biker
48,341.0,475.0,440.0,553.0,11017,0,0,1,Biker
48,335.0,480.0,437.0,557.0,11018,0,0,1,Biker
48,332.0,485.0,434.0,562.0,11019,0,0,1,Biker
48,330.0,489.0,431.0,566.0,11020,0,0,1,Biker
48,324.0,494.0,429.0,571.0,11021,0,0,1,Biker
48,321.0,498.0,426.0,576.0,11022,0,0,1,Biker
48,319.0,500.0,423.0,578.0,11023,0,0,1,Biker
48,313.0,505.0,420.0,582.0,11024,0,0,1,Biker
48,310.0,510.0,418.0,587.0,11025,0,0,1,Biker
48,308.0,514.0,412.0,592.0,11026,0,0,1,Biker
48,302.0,519.0,409.0,596.0,11027,0,0,1,Biker
48,299.0,521.0,407.0,598.0,11028,0,0,1,Biker
48,297.0,526.0,404.0,603.0,11029,0,0,1,Biker
48,291.0,530.0,401.0,607.0,11030,0,0,1,Biker
48,288.0,535.0,398.0,612.0,11031,0,0,1,Biker
48,286.0,539.0,396.0,617.0,11032,0,0,1,Biker
48,280.0,544.0,393.0,621.0,11033,0,0,1,Biker
48,277.0,546.0,390.0,623.0,11034,0,0,1,Biker
48,275.0,551.0,387.0,628.0,11035,0,0,1,Biker
48,269.0,555.0,385.0,633.0,11036,0,0,1,Biker
48,266.0,560.0,382.0,637.0,11037,0,0,1,Biker
48,264.0,564.0,379.0,642.0,11038,0,0,1,Biker
48,258.0,566.0,376.0,644.0,11039,0,0,1,Biker
48,255.0,571.0,374.0,648.0,11040,0,0,1,Biker
48,253.0,576.0,371.0,653.0,11041,0,0,1,Biker
48,247.0,580.0,368.0,658.0,11042,0,0,1,Biker
48,244.0,585.0,365.0,662.0,11043,0,0,1,Biker
48,242.0,589.0,363.0,667.0,11044,0,0,1,Biker
48,236.0,592.0,360.0,669.0,11045,0,0,1,Biker
48,233.0,596.0,357.0,674.0,11046,0,0,1,Biker
48,231.0,601.0,354.0,678.0,11047,0,0,1,Biker
48,225.0,605.0,352.0,683.0,11048,0,0,1,Biker
48,222.0,610.0,349.0,687.0,11049,0,0,1,Biker
48,220.0,614.0,346.0,692.0,11050,0,0,0,Biker
48,214.0,617.0,341.0,694.0,11051,0,0,1,Biker
48,209.0,619.0,335.0,696.0,11052,0,0,1,Biker
48,203.0,623.0,330.0,701.0,11053,0,0,1,Biker
48,198.0,626.0,324.0,703.0,11054,0,0,1,Biker
48,192.0,630.0,319.0,708.0,11055,0,0,1,Biker
48,187.0,633.0,313.0,710.0,11056,0,0,1,Biker
48,181.0,637.0,308.0,715.0,11057,0,0,1,Biker
48,176.0,639.0,302.0,717.0,11058,0,0,1,Biker
48,170.0,642.0,297.0,719.0,11059,0,0,1,Biker
48,167.0,646.0,294.0,724.0,11060,0,0,1,Biker
48,162.0,648.0,288.0,726.0,11061,0,0,1,Biker
48,156.0,653.0,283.0,730.0,11062,0,0,1,Biker
48,151.0,655.0,277.0,733.0,11063,0,0,1,Biker
48,145.0,660.0,272.0,737.0,11064,0,0,1,Biker
48,140.0,662.0,266.0,740.0,11065,0,0,1,Biker
48,134.0,664.0,261.0,742.0,11066,0,0,1,Biker
48,129.0,669.0,255.0,746.0,11067,0,0,1,Biker
48,123.0,671.0,250.0,749.0,11068,0,0,1,Biker
48,118.0,676.0,244.0,753.0,11069,0,0,1,Biker
48,115.0,678.0,242.0,755.0,11070,0,0,1,Biker
48,110.0,683.0,236.0,760.0,11071,0,0,1,Biker
48,104.0,685.0,231.0,762.0,11072,0,0,1,Biker
48,99.0,687.0,225.0,765.0,11073,0,0,1,Biker
48,93.0,692.0,220.0,769.0,11074,0,0,1,Biker
48,88.0,694.0,214.0,771.0,11075,0,0,1,Biker
48,82.0,699.0,209.0,776.0,11076,0,0,1,Biker
48,77.0,701.0,203.0,778.0,11077,0,0,1,Biker
48,71.0,705.0,198.0,783.0,11078,0,0,1,Biker
48,66.0,708.0,192.0,785.0,11079,0,0,1,Biker
48,63.0,712.0,189.0,790.0,11080,0,0,0,Biker
48,57.0,715.0,184.0,792.0,11081,0,0,1,Biker
48,55.0,717.0,178.0,794.0,11082,0,0,1,Biker
48,52.0,719.0,176.0,796.0,11083,0,0,1,Biker
48,49.0,721.0,170.0,799.0,11084,0,0,1,Biker
48,46.0,724.0,167.0,801.0,11085,0,0,1,Biker
48,44.0,726.0,162.0,803.0,11086,0,0,1,Biker
48,38.0,730.0,156.0,808.0,11087,0,0,1,Biker
48,35.0,733.0,154.0,810.0,11088,0,0,1,Biker
48,33.0,735.0,148.0,812.0,11089,0,0,1,Biker
48,30.0,737.0,145.0,815.0,11090,0,0,1,Biker
48,27.0,740.0,140.0,817.0,11091,0,0,1,Biker
48,24.0,742.0,134.0,819.0,11092,0,0,1,Biker
48,22.0,744.0,132.0,822.0,11093,0,0,1,Biker
48,16.0,749.0,126.0,826.0,11094,0,0,1,Biker
48,13.0,751.0,123.0,828.0,11095,0,0,1,Biker
48,11.0,753.0,118.0,831.0,11096,0,0,1,Biker
48,8.0,755.0,112.0,833.0,11097,0,0,1,Biker
48,5.0,758.0,110.0,835.0,11098,0,0,1,Biker
48,2.0,760.0,104.0,837.0,11099,0,0,1,Biker
48,0.0,765.0,101.0,842.0,11100,1,0,0,Biker
48,0.0,765.0,96.0,842.0,11101,1,0,1,Biker
48,0.0,765.0,93.0,842.0,11102,1,0,1,Biker
48,0.0,765.0,88.0,842.0,11103,1,0,1,Biker
48,0.0,765.0,85.0,842.0,11104,1,0,1,Biker
48,0.0,765.0,79.0,842.0,11105,1,0,1,Biker
48,0.0,765.0,77.0,842.0,11106,1,0,1,Biker
48,0.0,765.0,71.0,842.0,11107,1,0,1,Biker
48,0.0,765.0,68.0,842.0,11108,1,0,1,Biker
48,0.0,765.0,63.0,842.0,11109,1,0,1,Biker
48,0.0,765.0,60.0,842.0,11110,1,0,0,Biker
48,0.0,765.0,55.0,842.0,11111,1,0,1,Biker
48,0.0,765.0,52.0,842.0,11112,1,0,1,Biker
48,0.0,765.0,49.0,842.0,11113,1,0,1,Biker
48,0.0,765.0,46.0,842.0,11114,1,0,1,Biker
48,0.0,765.0,44.0,842.0,11115,1,0,1,Biker
48,0.0,765.0,41.0,842.0,11116,1,0,0,Biker
48,0.0,762.0,35.0,840.0,11117,1,0,1,Biker
48,0.0,762.0,33.0,840.0,11118,1,0,1,Biker
48,0.0,762.0,27.0,840.0,11119,1,0,1,Biker
48,0.0,762.0,24.0,840.0,11120,1,0,0,Biker
48,0.0,762.0,24.0,840.0,11121,1,0,1,Biker
48,0.0,762.0,24.0,840.0,11122,1,0,1,Biker
48,0.0,762.0,24.0,840.0,11123,1,0,1,Biker
48,0.0,762.0,24.0,840.0,11124,1,0,1,Biker
48,0.0,762.0,24.0,840.0,11125,1,0,1,Biker
48,0.0,762.0,24.0,840.0,11126,1,0,1,Biker
48,0.0,762.0,24.0,840.0,11127,1,0,1,Biker
48,0.0,762.0,24.0,840.0,11128,1,0,1,Biker
48,0.0,762.0,24.0,840.0,11129,1,0,1,Biker
48,0.0,762.0,24.0,840.0,11130,1,0,1,Biker
48,0.0,762.0,24.0,840.0,11131,1,0,1,Biker
48,0.0,762.0,24.0,840.0,11132,1,0,1,Biker
48,0.0,762.0,24.0,840.0,11133,1,0,1,Biker
48,0.0,762.0,24.0,840.0,11134,1,0,1,Biker
48,0.0,762.0,24.0,840.0,11135,1,0,1,Biker
48,0.0,762.0,24.0,840.0,11136,1,0,1,Biker
48,0.0,762.0,24.0,840.0,11137,1,0,1,Biker
48,0.0,762.0,24.0,840.0,11138,1,0,1,Biker
48,0.0,762.0,24.0,840.0,11139,1,0,1,Biker
48,0.0,762.0,24.0,840.0,11140,1,0,1,Biker
48,0.0,762.0,24.0,840.0,11141,1,0,1,Biker
48,0.0,762.0,24.0,840.0,11142,1,0,1,Biker
48,0.0,762.0,24.0,840.0,11143,1,0,1,Biker
48,0.0,762.0,24.0,840.0,11144,1,0,1,Biker
48,0.0,762.0,24.0,840.0,11145,1,0,1,Biker
48,0.0,762.0,24.0,840.0,11146,1,0,1,Biker
48,0.0,762.0,24.0,840.0,11147,1,0,1,Biker
48,0.0,762.0,24.0,840.0,11148,1,0,1,Biker
48,0.0,762.0,24.0,840.0,11149,1,0,1,Biker
48,0.0,762.0,24.0,840.0,11150,1,0,1,Biker
48,0.0,762.0,24.0,840.0,11151,1,0,1,Biker
48,0.0,762.0,24.0,840.0,11152,1,0,1,Biker
48,0.0,762.0,24.0,840.0,11153,1,0,1,Biker
48,0.0,762.0,24.0,840.0,11154,1,0,1,Biker
48,0.0,762.0,24.0,840.0,11155,1,0,1,Biker
48,0.0,762.0,24.0,840.0,11156,1,0,1,Biker
48,0.0,762.0,24.0,840.0,11157,1,0,1,Biker
48,0.0,762.0,24.0,840.0,11158,1,0,1,Biker
48,0.0,762.0,24.0,840.0,11159,1,0,1,Biker
48,0.0,762.0,24.0,840.0,11160,1,0,1,Biker
48,0.0,762.0,24.0,840.0,11161,1,0,1,Biker
48,0.0,762.0,24.0,840.0,11162,1,0,1,Biker
48,0.0,762.0,24.0,840.0,11163,1,0,1,Biker
48,0.0,762.0,24.0,840.0,11164,1,0,1,Biker
48,0.0,762.0,24.0,840.0,11165,1,0,1,Biker
48,0.0,762.0,24.0,840.0,11166,1,0,1,Biker
48,0.0,762.0,24.0,840.0,11167,1,0,1,Biker
48,0.0,762.0,24.0,840.0,11168,1,0,1,Biker
48,0.0,762.0,24.0,840.0,11169,1,0,1,Biker
48,0.0,762.0,24.0,840.0,11170,1,0,1,Biker
48,0.0,762.0,24.0,840.0,11171,1,0,1,Biker
48,0.0,762.0,24.0,840.0,11172,1,0,1,Biker
48,0.0,762.0,24.0,840.0,11173,1,0,1,Biker
48,0.0,762.0,24.0,840.0,11174,1,0,1,Biker
48,0.0,762.0,24.0,840.0,11175,1,0,1,Biker
48,0.0,762.0,24.0,840.0,11176,1,0,1,Biker
48,0.0,762.0,24.0,840.0,11177,1,0,1,Biker
48,0.0,762.0,24.0,840.0,11178,1,0,1,Biker
48,0.0,762.0,24.0,840.0,11179,1,0,1,Biker
48,0.0,762.0,24.0,840.0,11180,1,0,1,Biker
48,0.0,762.0,24.0,840.0,11181,1,0,1,Biker
48,0.0,762.0,24.0,840.0,11182,1,0,1,Biker
48,0.0,762.0,24.0,840.0,11183,1,0,1,Biker
48,0.0,762.0,24.0,840.0,11184,1,0,1,Biker
48,0.0,762.0,24.0,840.0,11185,1,0,1,Biker
48,0.0,762.0,24.0,840.0,11186,1,0,1,Biker
48,0.0,762.0,24.0,840.0,11187,1,0,1,Biker
48,0.0,762.0,24.0,840.0,11188,1,0,1,Biker
48,0.0,762.0,24.0,840.0,11189,1,0,1,Biker
48,0.0,762.0,24.0,840.0,11190,1,0,1,Biker
48,0.0,762.0,24.0,840.0,11191,1,0,1,Biker
48,0.0,762.0,24.0,840.0,11192,1,0,1,Biker
48,0.0,762.0,24.0,840.0,11193,1,0,1,Biker
48,0.0,762.0,24.0,840.0,11194,1,0,1,Biker
48,0.0,762.0,24.0,840.0,11195,1,0,1,Biker
48,0.0,762.0,24.0,840.0,11196,1,0,1,Biker
48,0.0,762.0,24.0,840.0,11197,1,0,1,Biker
48,0.0,762.0,24.0,840.0,11198,1,0,1,Biker
48,0.0,762.0,24.0,840.0,11199,1,0,1,Biker
48,0.0,762.0,24.0,840.0,11200,1,0,1,Biker
48,0.0,762.0,24.0,840.0,11201,1,0,1,Biker
48,0.0,762.0,24.0,840.0,11202,1,0,1,Biker
48,0.0,762.0,24.0,840.0,11203,1,0,1,Biker
48,0.0,762.0,24.0,840.0,11204,1,0,1,Biker
48,0.0,762.0,24.0,840.0,11205,1,0,1,Biker
48,0.0,762.0,24.0,840.0,11206,1,0,1,Biker
48,0.0,762.0,24.0,840.0,11207,1,0,1,Biker
48,0.0,762.0,24.0,840.0,11208,1,0,1,Biker
48,0.0,762.0,24.0,840.0,11209,1,0,1,Biker
48,0.0,762.0,24.0,840.0,11210,1,0,1,Biker
48,0.0,762.0,24.0,840.0,11211,1,0,1,Biker
48,0.0,762.0,24.0,840.0,11212,1,0,1,Biker
48,0.0,762.0,24.0,840.0,11213,1,0,1,Biker
48,0.0,762.0,24.0,840.0,11214,1,0,1,Biker
48,0.0,762.0,24.0,840.0,11215,1,0,1,Biker
48,0.0,762.0,24.0,840.0,11216,1,0,1,Biker
48,0.0,762.0,24.0,840.0,11217,1,0,1,Biker
48,0.0,762.0,24.0,840.0,11218,1,0,1,Biker
48,0.0,762.0,24.0,840.0,11219,1,0,1,Biker
48,0.0,762.0,24.0,840.0,11220,1,0,1,Biker
48,0.0,762.0,24.0,840.0,11221,1,0,1,Biker
48,0.0,762.0,24.0,840.0,11222,1,0,1,Biker
48,0.0,762.0,24.0,840.0,11223,1,0,1,Biker
48,0.0,762.0,24.0,840.0,11224,1,0,1,Biker
48,0.0,762.0,24.0,840.0,11225,1,0,1,Biker
48,0.0,762.0,24.0,840.0,11226,1,0,1,Biker
48,0.0,762.0,24.0,840.0,11227,1,0,1,Biker
48,0.0,762.0,24.0,840.0,11228,1,0,1,Biker
48,0.0,762.0,24.0,840.0,11229,1,0,1,Biker
48,0.0,762.0,24.0,840.0,11230,1,0,1,Biker
48,0.0,762.0,24.0,840.0,11231,1,0,1,Biker
48,0.0,762.0,24.0,840.0,11232,1,0,1,Biker
48,0.0,762.0,24.0,840.0,11233,1,0,1,Biker
48,0.0,762.0,24.0,840.0,11234,1,0,1,Biker
48,0.0,762.0,24.0,840.0,11235,1,0,1,Biker
48,0.0,762.0,24.0,840.0,11236,1,0,1,Biker
48,0.0,762.0,24.0,840.0,11237,1,0,1,Biker
48,0.0,762.0,24.0,840.0,11238,1,0,1,Biker
48,0.0,762.0,24.0,840.0,11239,1,0,1,Biker
48,0.0,762.0,24.0,840.0,11240,1,0,1,Biker
48,0.0,762.0,24.0,840.0,11241,1,0,1,Biker
48,0.0,762.0,24.0,840.0,11242,1,0,1,Biker
48,0.0,762.0,24.0,840.0,11243,1,0,1,Biker
48,0.0,762.0,24.0,840.0,11244,1,0,1,Biker
48,0.0,762.0,24.0,840.0,11245,1,0,1,Biker
48,0.0,762.0,24.0,840.0,11246,1,0,1,Biker
48,0.0,762.0,24.0,840.0,11247,1,0,1,Biker
48,0.0,762.0,24.0,840.0,11248,1,0,1,Biker
48,0.0,762.0,24.0,840.0,11249,1,0,1,Biker
48,0.0,762.0,24.0,840.0,11250,1,0,1,Biker
48,0.0,762.0,24.0,840.0,11251,1,0,1,Biker
48,0.0,762.0,24.0,840.0,11252,1,0,1,Biker
48,0.0,762.0,24.0,840.0,11253,1,0,1,Biker
48,0.0,762.0,24.0,840.0,11254,1,0,1,Biker
48,0.0,762.0,24.0,840.0,11255,1,0,1,Biker
48,0.0,762.0,24.0,840.0,11256,1,0,1,Biker
48,0.0,762.0,24.0,840.0,11257,1,0,1,Biker
48,0.0,762.0,24.0,840.0,11258,1,0,1,Biker
48,0.0,762.0,24.0,840.0,11259,1,0,1,Biker
48,0.0,762.0,24.0,840.0,11260,1,0,1,Biker
48,0.0,762.0,24.0,840.0,11261,1,0,1,Biker
48,0.0,762.0,24.0,840.0,11262,1,0,1,Biker
48,0.0,762.0,24.0,840.0,11263,1,0,1,Biker
48,0.0,762.0,24.0,840.0,11264,1,0,1,Biker
48,0.0,762.0,24.0,840.0,11265,1,0,1,Biker
48,0.0,762.0,24.0,840.0,11266,1,0,1,Biker
48,0.0,762.0,24.0,840.0,11267,1,0,1,Biker
48,0.0,762.0,24.0,840.0,11268,1,0,1,Biker
48,0.0,762.0,24.0,840.0,11269,1,0,1,Biker
48,0.0,762.0,24.0,840.0,11270,1,0,1,Biker
48,0.0,762.0,24.0,840.0,11271,1,0,1,Biker
48,0.0,762.0,24.0,840.0,11272,1,0,1,Biker
48,0.0,762.0,24.0,840.0,11273,1,0,1,Biker
48,0.0,762.0,24.0,840.0,11274,1,0,1,Biker
48,0.0,762.0,24.0,840.0,11275,1,0,1,Biker
48,0.0,762.0,24.0,840.0,11276,1,0,1,Biker
48,0.0,762.0,24.0,840.0,11277,1,0,1,Biker
48,0.0,762.0,24.0,840.0,11278,1,0,1,Biker
48,0.0,762.0,24.0,840.0,11279,1,0,1,Biker
48,0.0,762.0,24.0,840.0,11280,1,0,1,Biker
48,0.0,762.0,24.0,840.0,11281,1,0,1,Biker
48,0.0,762.0,24.0,840.0,11282,1,0,1,Biker
48,0.0,762.0,24.0,840.0,11283,1,0,1,Biker
48,0.0,762.0,24.0,840.0,11284,1,0,1,Biker
48,0.0,762.0,24.0,840.0,11285,1,0,1,Biker
48,0.0,762.0,24.0,840.0,11286,1,0,1,Biker
48,0.0,762.0,24.0,840.0,11287,1,0,1,Biker
48,0.0,762.0,24.0,840.0,11288,1,0,1,Biker
48,0.0,762.0,24.0,840.0,11289,1,0,1,Biker
48,0.0,762.0,24.0,840.0,11290,1,0,1,Biker
48,0.0,762.0,24.0,840.0,11291,1,0,1,Biker
48,0.0,762.0,24.0,840.0,11292,1,0,1,Biker
48,0.0,762.0,24.0,840.0,11293,1,0,1,Biker
48,0.0,762.0,24.0,840.0,11294,1,0,1,Biker
48,0.0,762.0,24.0,840.0,11295,1,0,1,Biker
48,0.0,762.0,24.0,840.0,11296,1,0,1,Biker
48,0.0,762.0,24.0,840.0,11297,1,0,1,Biker
48,0.0,762.0,24.0,840.0,11298,1,0,1,Biker
48,0.0,762.0,24.0,840.0,11299,1,0,1,Biker
48,0.0,762.0,24.0,840.0,11300,1,0,1,Biker
48,0.0,762.0,24.0,840.0,11301,1,0,1,Biker
48,0.0,762.0,24.0,840.0,11302,1,0,1,Biker
48,0.0,762.0,24.0,840.0,11303,1,0,1,Biker
48,0.0,762.0,24.0,840.0,11304,1,0,1,Biker
48,0.0,762.0,24.0,840.0,11305,1,0,1,Biker
48,0.0,762.0,24.0,840.0,11306,1,0,1,Biker
48,0.0,762.0,24.0,840.0,11307,1,0,1,Biker
48,0.0,762.0,24.0,840.0,11308,1,0,1,Biker
48,0.0,762.0,24.0,840.0,11309,1,0,1,Biker
48,0.0,762.0,24.0,840.0,11310,1,0,1,Biker
48,0.0,762.0,24.0,840.0,11311,1,0,1,Biker
48,0.0,762.0,24.0,840.0,11312,1,0,1,Biker
48,0.0,762.0,24.0,840.0,11313,1,0,1,Biker
48,0.0,762.0,24.0,840.0,11314,1,0,1,Biker
48,0.0,762.0,24.0,840.0,11315,1,0,1,Biker
48,0.0,762.0,24.0,840.0,11316,1,0,1,Biker
48,0.0,762.0,24.0,840.0,11317,1,0,1,Biker
48,0.0,762.0,24.0,840.0,11318,1,0,1,Biker
48,0.0,762.0,24.0,840.0,11319,1,0,1,Biker
48,0.0,762.0,24.0,840.0,11320,1,0,1,Biker
48,0.0,762.0,24.0,840.0,11321,1,0,1,Biker
48,0.0,762.0,24.0,840.0,11322,1,0,1,Biker
48,0.0,762.0,24.0,840.0,11323,1,0,1,Biker
48,0.0,762.0,24.0,840.0,11324,1,0,1,Biker
48,0.0,762.0,24.0,840.0,11325,1,0,1,Biker
48,0.0,762.0,24.0,840.0,11326,1,0,1,Biker
48,0.0,762.0,24.0,840.0,11327,1,0,1,Biker
48,0.0,762.0,24.0,840.0,11328,1,0,1,Biker
48,0.0,762.0,24.0,840.0,11329,1,0,1,Biker
48,0.0,762.0,24.0,840.0,11330,1,0,1,Biker
48,0.0,762.0,24.0,840.0,11331,1,0,1,Biker
48,0.0,762.0,24.0,840.0,11332,1,0,1,Biker
48,0.0,762.0,24.0,840.0,11333,1,0,1,Biker
48,0.0,762.0,24.0,840.0,11334,1,0,1,Biker
48,0.0,762.0,24.0,840.0,11335,1,0,1,Biker
48,0.0,762.0,24.0,840.0,11336,1,0,1,Biker
48,0.0,762.0,24.0,840.0,11337,1,0,1,Biker
48,0.0,762.0,24.0,840.0,11338,1,0,1,Biker
48,0.0,762.0,24.0,840.0,11339,1,0,1,Biker
48,0.0,762.0,24.0,840.0,11340,1,0,1,Biker
48,0.0,762.0,24.0,840.0,11341,1,0,1,Biker
48,0.0,762.0,24.0,840.0,11342,1,0,1,Biker
48,0.0,762.0,24.0,840.0,11343,1,0,1,Biker
48,0.0,762.0,24.0,840.0,11344,1,0,1,Biker
48,0.0,762.0,24.0,840.0,11345,1,0,1,Biker
48,0.0,762.0,24.0,840.0,11346,1,0,1,Biker
48,0.0,762.0,24.0,840.0,11347,1,0,1,Biker
48,0.0,762.0,24.0,840.0,11348,1,0,1,Biker
48,0.0,762.0,24.0,840.0,11349,1,0,1,Biker
48,0.0,762.0,24.0,840.0,11350,1,0,1,Biker
48,0.0,762.0,24.0,840.0,11351,1,0,1,Biker
48,0.0,762.0,24.0,840.0,11352,1,0,1,Biker
48,0.0,762.0,24.0,840.0,11353,1,0,1,Biker
48,0.0,762.0,24.0,840.0,11354,1,0,1,Biker
48,0.0,762.0,24.0,840.0,11355,1,0,1,Biker
48,0.0,762.0,24.0,840.0,11356,1,0,1,Biker
48,0.0,762.0,24.0,840.0,11357,1,0,1,Biker
48,0.0,762.0,24.0,840.0,11358,1,0,1,Biker
48,0.0,762.0,24.0,840.0,11359,1,0,1,Biker
48,0.0,762.0,24.0,840.0,11360,1,0,1,Biker
48,0.0,762.0,24.0,840.0,11361,1,0,1,Biker
48,0.0,762.0,24.0,840.0,11362,1,0,1,Biker
48,0.0,762.0,24.0,840.0,11363,1,0,1,Biker
48,0.0,762.0,24.0,840.0,11364,1,0,1,Biker
48,0.0,762.0,24.0,840.0,11365,1,0,1,Biker
48,0.0,762.0,24.0,840.0,11366,1,0,1,Biker
48,0.0,762.0,24.0,840.0,11367,1,0,1,Biker
48,0.0,762.0,24.0,840.0,11368,1,0,1,Biker
48,0.0,762.0,24.0,840.0,11369,1,0,1,Biker
48,0.0,762.0,24.0,840.0,11370,1,0,1,Biker
48,0.0,762.0,24.0,840.0,11371,1,0,1,Biker
48,0.0,762.0,24.0,840.0,11372,1,0,1,Biker
48,0.0,762.0,24.0,840.0,11373,1,0,1,Biker
48,0.0,762.0,24.0,840.0,11374,1,0,1,Biker
48,0.0,762.0,24.0,840.0,11375,1,0,1,Biker
48,0.0,762.0,24.0,840.0,11376,1,0,1,Biker
48,0.0,762.0,24.0,840.0,11377,1,0,1,Biker
48,0.0,762.0,24.0,840.0,11378,1,0,1,Biker
48,0.0,762.0,24.0,840.0,11379,1,0,1,Biker
48,0.0,762.0,24.0,840.0,11380,1,0,1,Biker
48,0.0,762.0,24.0,840.0,11381,1,0,1,Biker
48,0.0,762.0,24.0,840.0,11382,1,0,1,Biker
48,0.0,762.0,24.0,840.0,11383,1,0,1,Biker
48,0.0,762.0,24.0,840.0,11384,1,0,1,Biker
48,0.0,762.0,24.0,840.0,11385,1,0,1,Biker
48,0.0,762.0,24.0,840.0,11386,1,0,1,Biker
48,0.0,762.0,24.0,840.0,11387,1,0,1,Biker
48,0.0,762.0,24.0,840.0,11388,1,0,1,Biker
48,0.0,762.0,24.0,840.0,11389,1,0,1,Biker
48,0.0,762.0,24.0,840.0,11390,1,0,1,Biker
48,0.0,762.0,24.0,840.0,11391,1,0,1,Biker
48,0.0,762.0,24.0,840.0,11392,1,0,1,Biker
48,0.0,762.0,24.0,840.0,11393,1,0,1,Biker
48,0.0,762.0,24.0,840.0,11394,1,0,1,Biker
48,0.0,762.0,24.0,840.0,11395,1,0,1,Biker
48,0.0,762.0,24.0,840.0,11396,1,0,1,Biker
48,0.0,762.0,24.0,840.0,11397,1,0,1,Biker
48,0.0,762.0,24.0,840.0,11398,1,0,1,Biker
48,0.0,762.0,24.0,840.0,11399,1,0,1,Biker
48,0.0,762.0,24.0,840.0,11400,1,0,1,Biker
48,0.0,762.0,24.0,840.0,11401,1,0,1,Biker
48,0.0,762.0,24.0,840.0,11402,1,0,1,Biker
48,0.0,762.0,24.0,840.0,11403,1,0,1,Biker
48,0.0,762.0,24.0,840.0,11404,1,0,1,Biker
48,0.0,762.0,24.0,840.0,11405,1,0,1,Biker
48,0.0,762.0,24.0,840.0,11406,1,0,1,Biker
48,0.0,762.0,24.0,840.0,11407,1,0,1,Biker
48,0.0,762.0,24.0,840.0,11408,1,0,1,Biker
48,0.0,762.0,24.0,840.0,11409,1,0,1,Biker
48,0.0,762.0,24.0,840.0,11410,1,0,1,Biker
48,0.0,762.0,24.0,840.0,11411,1,0,1,Biker
48,0.0,762.0,24.0,840.0,11412,1,0,1,Biker
48,0.0,762.0,24.0,840.0,11413,1,0,1,Biker
48,0.0,762.0,24.0,840.0,11414,1,0,1,Biker
48,0.0,762.0,24.0,840.0,11415,1,0,1,Biker
48,0.0,762.0,24.0,840.0,11416,1,0,1,Biker
48,0.0,762.0,24.0,840.0,11417,1,0,1,Biker
48,0.0,762.0,24.0,840.0,11418,1,0,1,Biker
48,0.0,762.0,24.0,840.0,11419,1,0,1,Biker
48,0.0,762.0,24.0,840.0,11420,1,0,1,Biker
48,0.0,762.0,24.0,840.0,11421,1,0,1,Biker
48,0.0,762.0,24.0,840.0,11422,1,0,1,Biker
48,0.0,762.0,24.0,840.0,11423,1,0,1,Biker
48,0.0,762.0,24.0,840.0,11424,1,0,1,Biker
48,0.0,762.0,24.0,840.0,11425,1,0,1,Biker
48,0.0,762.0,24.0,840.0,11426,1,0,1,Biker
48,0.0,762.0,24.0,840.0,11427,1,0,1,Biker
48,0.0,762.0,24.0,840.0,11428,1,0,1,Biker
48,0.0,762.0,24.0,840.0,11429,1,0,1,Biker
48,0.0,762.0,24.0,840.0,11430,1,0,1,Biker
48,0.0,762.0,24.0,840.0,11431,1,0,1,Biker
48,0.0,762.0,24.0,840.0,11432,1,0,1,Biker
48,0.0,762.0,24.0,840.0,11433,1,0,1,Biker
48,0.0,762.0,24.0,840.0,11434,1,0,1,Biker
48,0.0,762.0,24.0,840.0,11435,1,0,1,Biker
48,0.0,762.0,24.0,840.0,11436,1,0,1,Biker
48,0.0,762.0,24.0,840.0,11437,1,0,1,Biker
48,0.0,762.0,24.0,840.0,11438,1,0,1,Biker
48,0.0,762.0,24.0,840.0,11439,1,0,1,Biker
48,0.0,762.0,24.0,840.0,11440,1,0,1,Biker
48,0.0,762.0,24.0,840.0,11441,1,0,1,Biker
48,0.0,762.0,24.0,840.0,11442,1,0,1,Biker
48,0.0,762.0,24.0,840.0,11443,1,0,1,Biker
48,0.0,762.0,24.0,840.0,11444,1,0,1,Biker
48,0.0,762.0,24.0,840.0,11445,1,0,1,Biker
48,0.0,762.0,24.0,840.0,11446,1,0,1,Biker
48,0.0,762.0,24.0,840.0,11447,1,0,1,Biker
48,0.0,762.0,24.0,840.0,11448,1,0,1,Biker
48,0.0,762.0,24.0,840.0,11449,1,0,1,Biker
48,0.0,762.0,24.0,840.0,11450,1,0,1,Biker
48,0.0,762.0,24.0,840.0,11451,1,0,1,Biker
48,0.0,762.0,24.0,840.0,11452,1,0,1,Biker
48,0.0,762.0,24.0,840.0,11453,1,0,1,Biker
48,0.0,762.0,24.0,840.0,11454,1,0,1,Biker
48,0.0,762.0,24.0,840.0,11455,1,0,1,Biker
48,0.0,762.0,24.0,840.0,11456,1,0,1,Biker
48,0.0,762.0,24.0,840.0,11457,1,0,1,Biker
48,0.0,762.0,24.0,840.0,11458,1,0,1,Biker
48,0.0,762.0,24.0,840.0,11459,1,0,1,Biker
48,0.0,762.0,24.0,840.0,11460,1,0,1,Biker
48,0.0,762.0,24.0,840.0,11461,1,0,1,Biker
48,0.0,762.0,24.0,840.0,11462,1,0,1,Biker
48,0.0,762.0,24.0,840.0,11463,1,0,1,Biker
48,0.0,762.0,24.0,840.0,11464,1,0,1,Biker
48,0.0,762.0,24.0,840.0,11465,1,0,1,Biker
48,0.0,762.0,24.0,840.0,11466,1,0,1,Biker
48,0.0,762.0,24.0,840.0,11467,1,0,1,Biker
48,0.0,762.0,24.0,840.0,11468,1,0,1,Biker
48,0.0,762.0,24.0,840.0,11469,1,0,1,Biker
48,0.0,762.0,24.0,840.0,11470,1,0,1,Biker
48,0.0,762.0,24.0,840.0,11471,1,0,1,Biker
48,0.0,762.0,24.0,840.0,11472,1,0,1,Biker
48,0.0,762.0,24.0,840.0,11473,1,0,1,Biker
48,0.0,762.0,24.0,840.0,11474,1,0,1,Biker
48,0.0,762.0,24.0,840.0,11475,1,0,1,Biker
48,0.0,762.0,24.0,840.0,11476,1,0,1,Biker
48,0.0,762.0,24.0,840.0,11477,1,0,1,Biker
48,0.0,762.0,24.0,840.0,11478,1,0,1,Biker
48,0.0,762.0,24.0,840.0,11479,1,0,1,Biker
48,0.0,762.0,24.0,840.0,11480,1,0,1,Biker
48,0.0,762.0,24.0,840.0,11481,1,0,1,Biker
48,0.0,762.0,24.0,840.0,11482,1,0,1,Biker
48,0.0,762.0,24.0,840.0,11483,1,0,1,Biker
48,0.0,762.0,24.0,840.0,11484,1,0,1,Biker
48,0.0,762.0,24.0,840.0,11485,1,0,1,Biker
48,0.0,762.0,24.0,840.0,11486,1,0,1,Biker
48,0.0,762.0,24.0,840.0,11487,1,0,1,Biker
48,0.0,762.0,24.0,840.0,11488,1,0,1,Biker
48,0.0,762.0,24.0,840.0,11489,1,0,1,Biker
48,0.0,762.0,24.0,840.0,11490,1,0,1,Biker
48,0.0,762.0,24.0,840.0,11491,1,0,1,Biker
48,0.0,762.0,24.0,840.0,11492,1,0,1,Biker
48,0.0,762.0,24.0,840.0,11493,1,0,1,Biker
48,0.0,762.0,24.0,840.0,11494,1,0,1,Biker
48,0.0,762.0,24.0,840.0,11495,1,0,1,Biker
48,0.0,762.0,24.0,840.0,11496,1,0,1,Biker
48,0.0,762.0,24.0,840.0,11497,1,0,1,Biker
48,0.0,762.0,24.0,840.0,11498,1,0,1,Biker
48,0.0,762.0,24.0,840.0,11499,1,0,1,Biker
48,0.0,762.0,24.0,840.0,11500,1,0,1,Biker
48,0.0,762.0,24.0,840.0,11501,1,0,1,Biker
48,0.0,762.0,24.0,840.0,11502,1,0,1,Biker
48,0.0,762.0,24.0,840.0,11503,1,0,1,Biker
48,0.0,762.0,24.0,840.0,11504,1,0,1,Biker
48,0.0,762.0,24.0,840.0,11505,1,0,1,Biker
48,0.0,762.0,24.0,840.0,11506,1,0,1,Biker
48,0.0,762.0,24.0,840.0,11507,1,0,1,Biker
48,0.0,762.0,24.0,840.0,11508,1,0,1,Biker
48,0.0,762.0,24.0,840.0,11509,1,0,1,Biker
48,0.0,762.0,24.0,840.0,11510,1,0,1,Biker
48,0.0,762.0,24.0,840.0,11511,1,0,1,Biker
48,0.0,762.0,24.0,840.0,11512,1,0,1,Biker
48,0.0,762.0,24.0,840.0,11513,1,0,1,Biker
48,0.0,762.0,24.0,840.0,11514,1,0,1,Biker
48,0.0,762.0,24.0,840.0,11515,1,0,1,Biker
48,0.0,762.0,24.0,840.0,11516,1,0,1,Biker
48,0.0,762.0,24.0,840.0,11517,1,0,1,Biker
48,0.0,762.0,24.0,840.0,11518,1,0,1,Biker
48,0.0,762.0,24.0,840.0,11519,1,0,1,Biker
48,0.0,762.0,24.0,840.0,11520,1,0,1,Biker
48,0.0,762.0,24.0,840.0,11521,1,0,1,Biker
48,0.0,762.0,24.0,840.0,11522,1,0,1,Biker
48,0.0,762.0,24.0,840.0,11523,1,0,1,Biker
48,0.0,762.0,24.0,840.0,11524,1,0,1,Biker
48,0.0,762.0,24.0,840.0,11525,1,0,1,Biker
48,0.0,762.0,24.0,840.0,11526,1,0,1,Biker
48,0.0,762.0,24.0,840.0,11527,1,0,1,Biker
48,0.0,762.0,24.0,840.0,11528,1,0,1,Biker
48,0.0,762.0,24.0,840.0,11529,1,0,1,Biker
48,0.0,762.0,24.0,840.0,11530,1,0,1,Biker
48,0.0,762.0,24.0,840.0,11531,1,0,0,Biker
49,723.0,34.0,811.0,95.0,10500,1,0,0,Biker
49,720.0,31.0,808.0,93.0,10501,1,0,1,Biker
49,720.0,31.0,808.0,93.0,10502,1,0,1,Biker
49,720.0,31.0,808.0,93.0,10503,1,0,1,Biker
49,720.0,29.0,808.0,93.0,10504,1,0,1,Biker
49,720.0,29.0,808.0,91.0,10505,1,0,1,Biker
49,720.0,29.0,808.0,91.0,10506,1,0,1,Biker
49,720.0,27.0,808.0,91.0,10507,1,0,1,Biker
49,720.0,27.0,808.0,91.0,10508,1,0,1,Biker
49,720.0,27.0,808.0,88.0,10509,1,0,1,Biker
49,720.0,27.0,808.0,88.0,10510,1,0,1,Biker
49,717.0,25.0,808.0,88.0,10511,1,0,1,Biker
49,717.0,25.0,808.0,88.0,10512,1,0,1,Biker
49,717.0,25.0,808.0,86.0,10513,1,0,1,Biker
49,717.0,22.0,808.0,86.0,10514,1,0,1,Biker
49,717.0,22.0,808.0,86.0,10515,1,0,1,Biker
49,717.0,22.0,808.0,86.0,10516,1,0,1,Biker
49,717.0,22.0,808.0,86.0,10517,1,0,1,Biker
49,717.0,20.0,808.0,84.0,10518,1,0,1,Biker
49,717.0,20.0,808.0,84.0,10519,1,0,1,Biker
49,717.0,20.0,808.0,84.0,10520,1,0,1,Biker
49,715.0,18.0,808.0,84.0,10521,1,0,1,Biker
49,715.0,18.0,808.0,81.0,10522,1,0,1,Biker
49,715.0,18.0,808.0,81.0,10523,1,0,1,Biker
49,715.0,15.0,808.0,81.0,10524,1,0,1,Biker
49,715.0,15.0,808.0,81.0,10525,1,0,1,Biker
49,715.0,15.0,805.0,79.0,10526,1,0,1,Biker
49,715.0,15.0,805.0,79.0,10527,1,0,1,Biker
49,715.0,13.0,805.0,79.0,10528,1,0,1,Biker
49,715.0,13.0,805.0,79.0,10529,1,0,1,Biker
49,715.0,13.0,805.0,77.0,10530,1,0,1,Biker
49,712.0,11.0,805.0,77.0,10531,1,0,1,Biker
49,712.0,11.0,805.0,77.0,10532,1,0,1,Biker
49,712.0,11.0,805.0,77.0,10533,1,0,1,Biker
49,712.0,11.0,805.0,77.0,10534,1,0,1,Biker
49,712.0,9.0,805.0,75.0,10535,1,0,1,Biker
49,712.0,9.0,805.0,75.0,10536,1,0,1,Biker
49,712.0,9.0,805.0,75.0,10537,1,0,1,Biker
49,712.0,6.0,805.0,75.0,10538,1,0,1,Biker
49,712.0,6.0,805.0,72.0,10539,1,0,1,Biker
49,712.0,6.0,805.0,72.0,10540,1,0,1,Biker
49,709.0,4.0,805.0,72.0,10541,1,0,1,Biker
49,709.0,4.0,805.0,72.0,10542,1,0,1,Biker
49,709.0,4.0,805.0,70.0,10543,1,0,1,Biker
49,709.0,4.0,805.0,70.0,10544,1,0,1,Biker
49,709.0,2.0,805.0,70.0,10545,1,0,1,Biker
49,709.0,2.0,805.0,70.0,10546,1,0,1,Biker
49,709.0,2.0,805.0,68.0,10547,1,0,1,Biker
49,709.0,0.0,805.0,68.0,10548,1,0,1,Biker
49,709.0,0.0,805.0,68.0,10549,1,0,1,Biker
49,709.0,0.0,805.0,68.0,10550,1,0,1,Biker
49,709.0,0.0,805.0,68.0,10551,0,0,0,Biker
49,709.0,2.0,805.0,70.0,10552,0,0,1,Biker
49,709.0,6.0,805.0,75.0,10553,0,0,1,Biker
49,709.0,9.0,805.0,77.0,10554,0,0,1,Biker
49,709.0,13.0,805.0,81.0,10555,0,0,1,Biker
49,709.0,15.0,805.0,86.0,10556,0,0,1,Biker
49,709.0,20.0,805.0,88.0,10557,0,0,1,Biker
49,709.0,22.0,805.0,93.0,10558,0,0,1,Biker
49,709.0,27.0,805.0,95.0,10559,0,0,1,Biker
49,709.0,29.0,805.0,100.0,10560,0,0,1,Biker
49,709.0,34.0,805.0,104.0,10561,0,0,1,Biker
49,709.0,36.0,805.0,107.0,10562,0,0,1,Biker
49,709.0,40.0,805.0,111.0,10563,0,0,1,Biker
49,709.0,43.0,805.0,113.0,10564,0,0,1,Biker
49,709.0,47.0,805.0,118.0,10565,0,0,1,Biker
49,712.0,52.0,808.0,122.0,10566,0,0,0,Biker
49,715.0,59.0,811.0,129.0,10567,0,0,1,Biker
49,717.0,66.0,814.0,136.0,10568,0,0,1,Biker
49,720.0,75.0,816.0,145.0,10569,0,0,1,Biker
49,723.0,81.0,819.0,152.0,10570,0,0,1,Biker
49,726.0,91.0,822.0,161.0,10571,0,0,1,Biker
49,731.0,97.0,827.0,168.0,10572,0,0,1,Biker
49,734.0,107.0,830.0,177.0,10573,0,0,1,Biker
49,737.0,113.0,833.0,184.0,10574,0,0,1,Biker
49,739.0,122.0,836.0,193.0,10575,0,0,1,Biker
49,742.0,129.0,838.0,200.0,10576,0,0,1,Biker
49,745.0,138.0,841.0,209.0,10577,0,0,1,Biker
49,750.0,145.0,847.0,216.0,10578,0,0,1,Biker
49,753.0,154.0,849.0,225.0,10579,0,0,1,Biker
49,756.0,161.0,852.0,232.0,10580,0,0,1,Biker
49,759.0,170.0,855.0,241.0,10581,0,0,1,Biker
49,761.0,177.0,858.0,248.0,10582,0,0,1,Biker
49,764.0,184.0,860.0,255.0,10583,0,0,1,Biker
49,770.0,193.0,866.0,264.0,10584,0,0,1,Biker
49,772.0,200.0,869.0,270.0,10585,0,0,1,Biker
49,775.0,209.0,871.0,280.0,10586,0,0,1,Biker
49,778.0,216.0,874.0,286.0,10587,0,0,1,Biker
49,781.0,225.0,877.0,296.0,10588,0,0,1,Biker
49,783.0,232.0,880.0,302.0,10589,0,0,1,Biker
49,789.0,241.0,885.0,311.0,10590,0,0,1,Biker
49,792.0,248.0,888.0,318.0,10591,0,0,1,Biker
49,794.0,257.0,891.0,327.0,10592,0,0,1,Biker
49,797.0,264.0,893.0,334.0,10593,0,0,1,Biker
49,800.0,273.0,896.0,343.0,10594,0,0,1,Biker
49,803.0,280.0,899.0,350.0,10595,0,0,1,Biker
49,808.0,289.0,904.0,359.0,10596,0,0,0,Biker
49,811.0,296.0,907.0,366.0,10597,0,0,1,Biker
49,816.0,302.0,913.0,373.0,10598,0,0,1,Biker
49,819.0,311.0,915.0,382.0,10599,0,0,1,Biker
49,825.0,318.0,921.0,389.0,10600,0,0,1,Biker
49,830.0,327.0,926.0,398.0,10601,0,0,1,Biker
49,833.0,334.0,929.0,405.0,10602,0,0,1,Biker
49,838.0,341.0,935.0,412.0,10603,0,0,1,Biker
49,841.0,350.0,937.0,421.0,10604,0,0,1,Biker
49,847.0,357.0,943.0,428.0,10605,0,0,1,Biker
49,852.0,366.0,948.0,437.0,10606,0,0,1,Biker
49,855.0,373.0,951.0,444.0,10607,0,0,1,Biker
49,860.0,380.0,957.0,450.0,10608,0,0,1,Biker
49,863.0,389.0,959.0,459.0,10609,0,0,1,Biker
49,869.0,396.0,965.0,466.0,10610,0,0,1,Biker
49,874.0,405.0,970.0,475.0,10611,0,0,1,Biker
49,877.0,412.0,973.0,482.0,10612,0,0,1,Biker
49,882.0,418.0,979.0,489.0,10613,0,0,1,Biker
49,885.0,428.0,981.0,498.0,10614,0,0,1,Biker
49,891.0,434.0,987.0,505.0,10615,0,0,1,Biker
49,896.0,444.0,992.0,514.0,10616,0,0,1,Biker
49,899.0,450.0,995.0,521.0,10617,0,0,1,Biker
49,904.0,457.0,1001.0,528.0,10618,0,0,1,Biker
49,907.0,466.0,1003.0,537.0,10619,0,0,1,Biker
49,913.0,473.0,1009.0,544.0,10620,0,0,1,Biker
49,918.0,482.0,1014.0,553.0,10621,0,0,1,Biker
49,921.0,489.0,1017.0,560.0,10622,0,0,1,Biker
49,926.0,496.0,1023.0,566.0,10623,0,0,1,Biker
49,929.0,505.0,1025.0,576.0,10624,0,0,1,Biker
49,935.0,512.0,1031.0,582.0,10625,0,0,1,Biker
49,940.0,521.0,1036.0,592.0,10626,0,0,0,Biker
49,946.0,526.0,1042.0,596.0,10627,0,0,1,Biker
49,954.0,532.0,1050.0,603.0,10628,0,0,1,Biker
49,959.0,537.0,1056.0,607.0,10629,0,0,1,Biker
49,968.0,544.0,1064.0,614.0,10630,0,0,1,Biker
49,973.0,548.0,1069.0,619.0,10631,0,0,1,Biker
49,981.0,555.0,1078.0,626.0,10632,0,0,1,Biker
49,987.0,560.0,1083.0,630.0,10633,0,0,1,Biker
49,995.0,566.0,1091.0,637.0,10634,0,0,1,Biker
49,1001.0,571.0,1097.0,644.0,10635,0,0,1,Biker
49,1009.0,578.0,1105.0,648.0,10636,0,0,1,Biker
49,1014.0,582.0,1111.0,655.0,10637,0,0,1,Biker
49,1023.0,589.0,1119.0,660.0,10638,0,0,1,Biker
49,1028.0,594.0,1124.0,667.0,10639,0,0,1,Biker
49,1036.0,601.0,1133.0,671.0,10640,0,0,1,Biker
49,1042.0,605.0,1138.0,678.0,10641,0,0,1,Biker
49,1050.0,612.0,1146.0,685.0,10642,0,0,1,Biker
49,1056.0,617.0,1152.0,689.0,10643,0,0,1,Biker
49,1064.0,623.0,1160.0,696.0,10644,0,0,1,Biker
49,1069.0,628.0,1166.0,701.0,10645,0,0,1,Biker
49,1078.0,635.0,1174.0,708.0,10646,0,0,1,Biker
49,1083.0,639.0,1179.0,712.0,10647,0,0,1,Biker
49,1091.0,646.0,1188.0,719.0,10648,0,0,1,Biker
49,1097.0,651.0,1193.0,726.0,10649,0,0,1,Biker
49,1105.0,658.0,1201.0,730.0,10650,0,0,1,Biker
49,1111.0,662.0,1207.0,737.0,10651,0,0,1,Biker
49,1119.0,669.0,1215.0,742.0,10652,0,0,1,Biker
49,1124.0,674.0,1221.0,749.0,10653,0,0,1,Biker
49,1133.0,680.0,1229.0,753.0,10654,0,0,1,Biker
49,1138.0,685.0,1234.0,760.0,10655,0,0,1,Biker
49,1146.0,692.0,1243.0,767.0,10656,0,0,0,Biker
49,1155.0,694.0,1251.0,771.0,10657,0,0,1,Biker
49,1163.0,699.0,1259.0,776.0,10658,0,0,1,Biker
49,1171.0,703.0,1267.0,781.0,10659,0,0,1,Biker
49,1179.0,708.0,1276.0,785.0,10660,0,0,1,Biker
49,1188.0,712.0,1284.0,790.0,10661,0,0,1,Biker
49,1196.0,717.0,1292.0,794.0,10662,0,0,1,Biker
49,1204.0,721.0,1300.0,799.0,10663,0,0,1,Biker
49,1212.0,726.0,1309.0,803.0,10664,0,0,1,Biker
49,1221.0,730.0,1317.0,808.0,10665,0,0,1,Biker
49,1232.0,735.0,1328.0,812.0,10666,0,0,1,Biker
49,1240.0,740.0,1336.0,817.0,10667,0,0,1,Biker
49,1248.0,744.0,1344.0,822.0,10668,0,0,1,Biker
49,1256.0,749.0,1353.0,826.0,10669,0,0,1,Biker
49,1265.0,753.0,1361.0,831.0,10670,0,0,1,Biker
49,1273.0,758.0,1369.0,835.0,10671,0,0,1,Biker
49,1281.0,762.0,1377.0,840.0,10672,0,0,1,Biker
49,1289.0,767.0,1386.0,844.0,10673,0,0,1,Biker
49,1298.0,771.0,1394.0,849.0,10674,0,0,1,Biker
49,1306.0,776.0,1402.0,853.0,10675,0,0,1,Biker
49,1317.0,781.0,1413.0,860.0,10676,0,0,0,Biker
49,1325.0,781.0,1421.0,860.0,10677,0,0,1,Biker
49,1333.0,783.0,1430.0,863.0,10678,0,0,1,Biker
49,1342.0,785.0,1438.0,865.0,10679,0,0,1,Biker
49,1350.0,787.0,1446.0,867.0,10680,0,0,1,Biker
49,1361.0,790.0,1457.0,869.0,10681,0,0,1,Biker
49,1369.0,792.0,1465.0,872.0,10682,0,0,1,Biker
49,1377.0,794.0,1474.0,874.0,10683,0,0,1,Biker
49,1386.0,796.0,1482.0,876.0,10684,0,0,1,Biker
49,1394.0,799.0,1490.0,878.0,10685,0,0,1,Biker
49,1405.0,801.0,1501.0,881.0,10686,0,0,1,Biker
49,1413.0,803.0,1509.0,883.0,10687,0,0,1,Biker
49,1421.0,806.0,1518.0,885.0,10688,0,0,1,Biker
49,1430.0,808.0,1526.0,888.0,10689,0,0,1,Biker
49,1438.0,810.0,1534.0,890.0,10690,0,0,1,Biker
49,1449.0,812.0,1545.0,892.0,10691,0,0,1,Biker
49,1457.0,815.0,1553.0,894.0,10692,0,0,1,Biker
49,1465.0,817.0,1562.0,897.0,10693,0,0,1,Biker
49,1474.0,819.0,1570.0,899.0,10694,0,0,1,Biker
49,1482.0,822.0,1578.0,901.0,10695,0,0,1,Biker
49,1493.0,824.0,1589.0,904.0,10696,0,0,0,Biker
49,1501.0,824.0,1597.0,904.0,10697,0,0,1,Biker
49,1509.0,824.0,1606.0,904.0,10698,0,0,1,Biker
49,1520.0,824.0,1617.0,904.0,10699,0,0,1,Biker
49,1529.0,826.0,1625.0,906.0,10700,0,0,1,Biker
49,1537.0,826.0,1633.0,906.0,10701,0,0,1,Biker
49,1548.0,826.0,1644.0,906.0,10702,0,0,1,Biker
49,1556.0,826.0,1652.0,906.0,10703,0,0,1,Biker
49,1564.0,828.0,1661.0,908.0,10704,0,0,1,Biker
49,1575.0,828.0,1672.0,908.0,10705,0,0,1,Biker
49,1584.0,828.0,1680.0,908.0,10706,0,0,1,Biker
49,1592.0,828.0,1688.0,908.0,10707,0,0,1,Biker
49,1603.0,831.0,1699.0,910.0,10708,0,0,1,Biker
49,1611.0,831.0,1707.0,910.0,10709,0,0,1,Biker
49,1619.0,831.0,1716.0,910.0,10710,0,0,1,Biker
49,1630.0,831.0,1727.0,910.0,10711,0,0,1,Biker
49,1639.0,833.0,1735.0,913.0,10712,0,0,1,Biker
49,1647.0,833.0,1743.0,913.0,10713,0,0,1,Biker
49,1658.0,833.0,1754.0,913.0,10714,0,0,1,Biker
49,1666.0,833.0,1762.0,913.0,10715,0,0,1,Biker
49,1677.0,835.0,1773.0,915.0,10716,0,0,0,Biker
49,1685.0,835.0,1782.0,915.0,10717,0,0,1,Biker
49,1694.0,835.0,1790.0,915.0,10718,0,0,1,Biker
49,1702.0,835.0,1798.0,915.0,10719,0,0,1,Biker
49,1710.0,837.0,1806.0,917.0,10720,0,0,1,Biker
49,1721.0,837.0,1817.0,917.0,10721,0,0,1,Biker
49,1729.0,837.0,1826.0,917.0,10722,0,0,1,Biker
49,1738.0,840.0,1834.0,919.0,10723,0,0,1,Biker
49,1746.0,840.0,1842.0,919.0,10724,0,0,1,Biker
49,1754.0,840.0,1850.0,919.0,10725,0,0,1,Biker
49,1765.0,842.0,1861.0,922.0,10726,0,0,1,Biker
49,1773.0,842.0,1870.0,922.0,10727,0,0,1,Biker
49,1782.0,842.0,1878.0,922.0,10728,0,0,1,Biker
49,1790.0,842.0,1886.0,922.0,10729,0,0,1,Biker
49,1798.0,844.0,1894.0,924.0,10730,0,0,1,Biker
49,1809.0,844.0,1905.0,924.0,10731,0,0,1,Biker
49,1817.0,844.0,1914.0,924.0,10732,0,0,1,Biker
49,1826.0,847.0,1922.0,926.0,10733,0,0,1,Biker
49,1834.0,847.0,1930.0,926.0,10734,0,0,1,Biker
49,1842.0,847.0,1938.0,926.0,10735,0,0,1,Biker
49,1853.0,849.0,1949.0,929.0,10736,0,0,0,Biker
49,1856.0,847.0,1952.0,926.0,10737,0,0,1,Biker
49,1861.0,847.0,1958.0,926.0,10738,0,0,1,Biker
49,1867.0,847.0,1963.0,926.0,10739,0,0,1,Biker
49,1870.0,847.0,1966.0,926.0,10740,0,0,1,Biker
49,1875.0,847.0,1971.0,926.0,10741,0,0,1,Biker
49,1881.0,847.0,1977.0,926.0,10742,1,0,0,Biker
49,1881.0,847.0,1977.0,926.0,10743,1,0,1,Biker
49,1881.0,847.0,1977.0,926.0,10744,1,0,1,Biker
49,1881.0,847.0,1977.0,926.0,10745,1,0,1,Biker
49,1881.0,847.0,1977.0,926.0,10746,1,0,1,Biker
49,1881.0,847.0,1977.0,926.0,10747,1,0,1,Biker
49,1881.0,847.0,1977.0,926.0,10748,1,0,1,Biker
49,1881.0,847.0,1977.0,926.0,10749,1,0,1,Biker
49,1881.0,847.0,1977.0,926.0,10750,1,0,1,Biker
49,1881.0,847.0,1977.0,926.0,10751,1,0,1,Biker
49,1881.0,847.0,1977.0,926.0,10752,1,0,1,Biker
49,1881.0,847.0,1977.0,926.0,10753,1,0,1,Biker
49,1881.0,847.0,1977.0,926.0,10754,1,0,1,Biker
49,1881.0,847.0,1977.0,926.0,10755,1,0,1,Biker
49,1881.0,847.0,1977.0,926.0,10756,1,0,1,Biker
49,1881.0,847.0,1977.0,926.0,10757,1,0,1,Biker
49,1881.0,847.0,1977.0,926.0,10758,1,0,1,Biker
49,1881.0,847.0,1977.0,926.0,10759,1,0,1,Biker
49,1881.0,847.0,1977.0,926.0,10760,1,0,1,Biker
49,1881.0,847.0,1977.0,926.0,10761,1,0,1,Biker
49,1881.0,847.0,1977.0,926.0,10762,1,0,1,Biker
49,1881.0,847.0,1977.0,926.0,10763,1,0,1,Biker
49,1881.0,847.0,1977.0,926.0,10764,1,0,1,Biker
49,1881.0,847.0,1977.0,926.0,10765,1,0,1,Biker
49,1881.0,847.0,1977.0,926.0,10766,1,0,1,Biker
49,1881.0,847.0,1977.0,926.0,10767,1,0,1,Biker
49,1881.0,847.0,1977.0,926.0,10768,1,0,1,Biker
49,1881.0,847.0,1977.0,926.0,10769,1,0,1,Biker
49,1881.0,847.0,1977.0,926.0,10770,1,0,1,Biker
49,1881.0,847.0,1977.0,926.0,10771,1,0,1,Biker
49,1881.0,847.0,1977.0,926.0,10772,1,0,1,Biker
49,1881.0,847.0,1977.0,926.0,10773,1,0,1,Biker
49,1881.0,847.0,1977.0,926.0,10774,1,0,1,Biker
49,1881.0,847.0,1977.0,926.0,10775,1,0,1,Biker
49,1881.0,847.0,1977.0,926.0,10776,1,0,1,Biker
49,1881.0,847.0,1977.0,926.0,10777,1,0,1,Biker
49,1881.0,847.0,1977.0,926.0,10778,1,0,1,Biker
49,1881.0,847.0,1977.0,926.0,10779,1,0,1,Biker
49,1881.0,847.0,1977.0,926.0,10780,1,0,1,Biker
49,1881.0,847.0,1977.0,926.0,10781,1,0,1,Biker
49,1881.0,847.0,1977.0,926.0,10782,1,0,1,Biker
49,1881.0,847.0,1977.0,926.0,10783,1,0,1,Biker
49,1881.0,847.0,1977.0,926.0,10784,1,0,1,Biker
49,1881.0,847.0,1977.0,926.0,10785,1,0,1,Biker
49,1881.0,847.0,1977.0,926.0,10786,1,0,1,Biker
49,1881.0,847.0,1977.0,926.0,10787,1,0,1,Biker
49,1881.0,847.0,1977.0,926.0,10788,1,0,1,Biker
49,1881.0,847.0,1977.0,926.0,10789,1,0,1,Biker
49,1881.0,847.0,1977.0,926.0,10790,1,0,1,Biker
49,1881.0,847.0,1977.0,926.0,10791,1,0,1,Biker
49,1881.0,847.0,1977.0,926.0,10792,1,0,1,Biker
49,1881.0,847.0,1977.0,926.0,10793,1,0,1,Biker
49,1881.0,847.0,1977.0,926.0,10794,1,0,1,Biker
49,1881.0,847.0,1977.0,926.0,10795,1,0,1,Biker
49,1881.0,847.0,1977.0,926.0,10796,1,0,1,Biker
49,1881.0,847.0,1977.0,926.0,10797,1,0,1,Biker
49,1881.0,847.0,1977.0,926.0,10798,1,0,1,Biker
49,1881.0,847.0,1977.0,926.0,10799,1,0,1,Biker
49,1881.0,847.0,1977.0,926.0,10800,1,0,1,Biker
49,1881.0,847.0,1977.0,926.0,10801,1,0,1,Biker
49,1881.0,847.0,1977.0,926.0,10802,1,0,1,Biker
49,1881.0,847.0,1977.0,926.0,10803,1,0,1,Biker
49,1881.0,847.0,1977.0,926.0,10804,1,0,1,Biker
49,1881.0,847.0,1977.0,926.0,10805,1,0,1,Biker
49,1881.0,847.0,1977.0,926.0,10806,1,0,1,Biker
49,1881.0,847.0,1977.0,926.0,10807,1,0,1,Biker
49,1881.0,847.0,1977.0,926.0,10808,1,0,1,Biker
49,1881.0,847.0,1977.0,926.0,10809,1,0,1,Biker
49,1881.0,847.0,1977.0,926.0,10810,1,0,0,Biker
49,1881.0,847.0,1977.0,926.0,10811,1,0,1,Biker
49,1881.0,847.0,1977.0,926.0,10812,1,0,1,Biker
49,1881.0,847.0,1977.0,926.0,10813,1,0,1,Biker
49,1881.0,847.0,1977.0,926.0,10814,1,0,1,Biker
49,1881.0,847.0,1977.0,926.0,10815,1,0,1,Biker
49,1881.0,847.0,1977.0,926.0,10816,1,0,1,Biker
49,1881.0,847.0,1977.0,926.0,10817,1,0,1,Biker
49,1881.0,847.0,1977.0,926.0,10818,1,0,1,Biker
49,1881.0,847.0,1977.0,926.0,10819,1,0,1,Biker
49,1881.0,847.0,1977.0,926.0,10820,1,0,1,Biker
49,1881.0,847.0,1977.0,926.0,10821,1,0,1,Biker
49,1881.0,847.0,1977.0,926.0,10822,1,0,1,Biker
49,1881.0,847.0,1977.0,926.0,10823,1,0,1,Biker
49,1881.0,847.0,1977.0,926.0,10824,1,0,1,Biker
49,1881.0,847.0,1977.0,926.0,10825,1,0,1,Biker
49,1881.0,847.0,1977.0,926.0,10826,1,0,1,Biker
49,1881.0,847.0,1977.0,926.0,10827,1,0,1,Biker
49,1881.0,847.0,1977.0,926.0,10828,1,0,1,Biker
49,1881.0,847.0,1977.0,926.0,10829,1,0,1,Biker
49,1881.0,847.0,1977.0,926.0,10830,1,0,1,Biker
49,1881.0,847.0,1977.0,926.0,10831,1,0,1,Biker
49,1881.0,847.0,1977.0,926.0,10832,1,0,1,Biker
49,1881.0,847.0,1977.0,926.0,10833,1,0,1,Biker
49,1881.0,847.0,1977.0,926.0,10834,1,0,1,Biker
49,1881.0,847.0,1977.0,926.0,10835,1,0,1,Biker
49,1881.0,847.0,1977.0,926.0,10836,1,0,1,Biker
49,1881.0,847.0,1977.0,926.0,10837,1,0,1,Biker
49,1881.0,847.0,1977.0,926.0,10838,1,0,1,Biker
49,1881.0,847.0,1977.0,926.0,10839,1,0,1,Biker
49,1881.0,847.0,1977.0,926.0,10840,1,0,1,Biker
49,1881.0,847.0,1977.0,926.0,10841,1,0,1,Biker
49,1881.0,847.0,1977.0,926.0,10842,1,0,1,Biker
49,1881.0,847.0,1977.0,926.0,10843,1,0,1,Biker
49,1881.0,847.0,1977.0,926.0,10844,1,0,1,Biker
49,1881.0,847.0,1977.0,926.0,10845,1,0,1,Biker
49,1881.0,847.0,1977.0,926.0,10846,1,0,1,Biker
49,1881.0,847.0,1977.0,926.0,10847,1,0,1,Biker
49,1881.0,847.0,1977.0,926.0,10848,1,0,1,Biker
49,1881.0,847.0,1977.0,926.0,10849,1,0,1,Biker
49,1881.0,847.0,1977.0,926.0,10850,1,0,1,Biker
49,1881.0,847.0,1977.0,926.0,10851,1,0,1,Biker
49,1881.0,847.0,1977.0,926.0,10852,1,0,1,Biker
49,1881.0,847.0,1977.0,926.0,10853,1,0,1,Biker
49,1881.0,847.0,1977.0,926.0,10854,1,0,1,Biker
49,1881.0,847.0,1977.0,926.0,10855,1,0,1,Biker
49,1881.0,847.0,1977.0,926.0,10856,1,0,1,Biker
49,1881.0,847.0,1977.0,926.0,10857,1,0,1,Biker
49,1881.0,847.0,1977.0,926.0,10858,1,0,1,Biker
49,1881.0,847.0,1977.0,926.0,10859,1,0,1,Biker
49,1881.0,847.0,1977.0,926.0,10860,1,0,1,Biker
49,1881.0,847.0,1977.0,926.0,10861,1,0,1,Biker
49,1881.0,847.0,1977.0,926.0,10862,1,0,1,Biker
49,1881.0,847.0,1977.0,926.0,10863,1,0,1,Biker
49,1881.0,847.0,1977.0,926.0,10864,1,0,1,Biker
49,1881.0,847.0,1977.0,926.0,10865,1,0,1,Biker
49,1881.0,847.0,1977.0,926.0,10866,1,0,1,Biker
49,1881.0,847.0,1977.0,926.0,10867,1,0,1,Biker
49,1881.0,847.0,1977.0,926.0,10868,1,0,1,Biker
49,1881.0,847.0,1977.0,926.0,10869,1,0,1,Biker
49,1881.0,847.0,1977.0,926.0,10870,1,0,1,Biker
49,1881.0,847.0,1977.0,926.0,10871,1,0,1,Biker
49,1881.0,847.0,1977.0,926.0,10872,1,0,1,Biker
49,1881.0,847.0,1977.0,926.0,10873,1,0,1,Biker
49,1881.0,847.0,1977.0,926.0,10874,1,0,1,Biker
49,1881.0,847.0,1977.0,926.0,10875,1,0,1,Biker
49,1881.0,847.0,1977.0,926.0,10876,1,0,1,Biker
49,1881.0,847.0,1977.0,926.0,10877,1,0,1,Biker
49,1881.0,847.0,1977.0,926.0,10878,1,0,1,Biker
49,1881.0,847.0,1977.0,926.0,10879,1,0,1,Biker
49,1881.0,847.0,1977.0,926.0,10880,1,0,1,Biker
49,1881.0,847.0,1977.0,926.0,10881,1,0,1,Biker
49,1881.0,847.0,1977.0,926.0,10882,1,0,1,Biker
49,1881.0,847.0,1977.0,926.0,10883,1,0,1,Biker
49,1881.0,847.0,1977.0,926.0,10884,1,0,1,Biker
49,1881.0,847.0,1977.0,926.0,10885,1,0,1,Biker
49,1881.0,847.0,1977.0,926.0,10886,1,0,1,Biker
49,1881.0,847.0,1977.0,926.0,10887,1,0,1,Biker
49,1881.0,847.0,1977.0,926.0,10888,1,0,1,Biker
49,1881.0,847.0,1977.0,926.0,10889,1,0,1,Biker
49,1881.0,847.0,1977.0,926.0,10890,1,0,1,Biker
49,1881.0,847.0,1977.0,926.0,10891,1,0,1,Biker
49,1881.0,847.0,1977.0,926.0,10892,1,0,1,Biker
49,1881.0,847.0,1977.0,926.0,10893,1,0,1,Biker
49,1881.0,847.0,1977.0,926.0,10894,1,0,1,Biker
49,1881.0,847.0,1977.0,926.0,10895,1,0,1,Biker
49,1881.0,847.0,1977.0,926.0,10896,1,0,1,Biker
49,1881.0,847.0,1977.0,926.0,10897,1,0,1,Biker
49,1881.0,847.0,1977.0,926.0,10898,1,0,1,Biker
49,1881.0,847.0,1977.0,926.0,10899,1,0,1,Biker
49,1881.0,847.0,1977.0,926.0,10900,1,0,1,Biker
49,1881.0,847.0,1977.0,926.0,10901,1,0,1,Biker
49,1881.0,847.0,1977.0,926.0,10902,1,0,1,Biker
49,1881.0,847.0,1977.0,926.0,10903,1,0,1,Biker
49,1881.0,847.0,1977.0,926.0,10904,1,0,1,Biker
49,1881.0,847.0,1977.0,926.0,10905,1,0,1,Biker
49,1881.0,847.0,1977.0,926.0,10906,1,0,1,Biker
49,1881.0,847.0,1977.0,926.0,10907,1,0,1,Biker
49,1881.0,847.0,1977.0,926.0,10908,1,0,1,Biker
49,1881.0,847.0,1977.0,926.0,10909,1,0,1,Biker
49,1881.0,847.0,1977.0,926.0,10910,1,0,1,Biker
49,1881.0,847.0,1977.0,926.0,10911,1,0,1,Biker
49,1881.0,847.0,1977.0,926.0,10912,1,0,1,Biker
49,1881.0,847.0,1977.0,926.0,10913,1,0,1,Biker
49,1881.0,847.0,1977.0,926.0,10914,1,0,1,Biker
49,1881.0,847.0,1977.0,926.0,10915,1,0,1,Biker
49,1881.0,847.0,1977.0,926.0,10916,1,0,1,Biker
49,1881.0,847.0,1977.0,926.0,10917,1,0,1,Biker
49,1881.0,847.0,1977.0,926.0,10918,1,0,1,Biker
49,1881.0,847.0,1977.0,926.0,10919,1,0,1,Biker
49,1881.0,847.0,1977.0,926.0,10920,1,0,1,Biker
49,1881.0,847.0,1977.0,926.0,10921,1,0,1,Biker
49,1881.0,847.0,1977.0,926.0,10922,1,0,1,Biker
49,1881.0,847.0,1977.0,926.0,10923,1,0,1,Biker
49,1881.0,847.0,1977.0,926.0,10924,1,0,1,Biker
49,1881.0,847.0,1977.0,926.0,10925,1,0,1,Biker
49,1881.0,847.0,1977.0,926.0,10926,1,0,1,Biker
49,1881.0,847.0,1977.0,926.0,10927,1,0,1,Biker
49,1881.0,847.0,1977.0,926.0,10928,1,0,1,Biker
49,1881.0,847.0,1977.0,926.0,10929,1,0,1,Biker
49,1881.0,847.0,1977.0,926.0,10930,1,0,1,Biker
49,1881.0,847.0,1977.0,926.0,10931,1,0,1,Biker
49,1881.0,847.0,1977.0,926.0,10932,1,0,1,Biker
49,1881.0,847.0,1977.0,926.0,10933,1,0,1,Biker
49,1881.0,847.0,1977.0,926.0,10934,1,0,1,Biker
49,1881.0,847.0,1977.0,926.0,10935,1,0,1,Biker
49,1881.0,847.0,1977.0,926.0,10936,1,0,1,Biker
49,1881.0,847.0,1977.0,926.0,10937,1,0,1,Biker
49,1881.0,847.0,1977.0,926.0,10938,1,0,1,Biker
49,1881.0,847.0,1977.0,926.0,10939,1,0,1,Biker
49,1881.0,847.0,1977.0,926.0,10940,1,0,1,Biker
49,1881.0,847.0,1977.0,926.0,10941,1,0,1,Biker
49,1881.0,847.0,1977.0,926.0,10942,1,0,1,Biker
49,1881.0,847.0,1977.0,926.0,10943,1,0,1,Biker
49,1881.0,847.0,1977.0,926.0,10944,1,0,1,Biker
49,1881.0,847.0,1977.0,926.0,10945,1,0,1,Biker
49,1881.0,847.0,1977.0,926.0,10946,1,0,1,Biker
49,1881.0,847.0,1977.0,926.0,10947,1,0,1,Biker
49,1881.0,847.0,1977.0,926.0,10948,1,0,1,Biker
49,1881.0,847.0,1977.0,926.0,10949,1,0,1,Biker
49,1881.0,847.0,1977.0,926.0,10950,1,0,1,Biker
49,1881.0,847.0,1977.0,926.0,10951,1,0,1,Biker
49,1881.0,847.0,1977.0,926.0,10952,1,0,1,Biker
49,1881.0,847.0,1977.0,926.0,10953,1,0,1,Biker
49,1881.0,847.0,1977.0,926.0,10954,1,0,1,Biker
49,1881.0,847.0,1977.0,926.0,10955,1,0,1,Biker
49,1881.0,847.0,1977.0,926.0,10956,1,0,1,Biker
49,1881.0,847.0,1977.0,926.0,10957,1,0,1,Biker
49,1881.0,847.0,1977.0,926.0,10958,1,0,1,Biker
49,1881.0,847.0,1977.0,926.0,10959,1,0,1,Biker
49,1881.0,847.0,1977.0,926.0,10960,1,0,1,Biker
49,1881.0,847.0,1977.0,926.0,10961,1,0,1,Biker
49,1881.0,847.0,1977.0,926.0,10962,1,0,1,Biker
49,1881.0,847.0,1977.0,926.0,10963,1,0,1,Biker
49,1881.0,847.0,1977.0,926.0,10964,1,0,1,Biker
49,1881.0,847.0,1977.0,926.0,10965,1,0,1,Biker
49,1881.0,847.0,1977.0,926.0,10966,1,0,1,Biker
49,1881.0,847.0,1977.0,926.0,10967,1,0,1,Biker
49,1881.0,847.0,1977.0,926.0,10968,1,0,1,Biker
49,1881.0,847.0,1977.0,926.0,10969,1,0,1,Biker
49,1881.0,847.0,1977.0,926.0,10970,1,0,1,Biker
49,1881.0,847.0,1977.0,926.0,10971,1,0,1,Biker
49,1881.0,847.0,1977.0,926.0,10972,1,0,1,Biker
49,1881.0,847.0,1977.0,926.0,10973,1,0,1,Biker
49,1881.0,847.0,1977.0,926.0,10974,1,0,1,Biker
49,1881.0,847.0,1977.0,926.0,10975,1,0,1,Biker
49,1881.0,847.0,1977.0,926.0,10976,1,0,1,Biker
49,1881.0,847.0,1977.0,926.0,10977,1,0,1,Biker
49,1881.0,847.0,1977.0,926.0,10978,1,0,1,Biker
49,1881.0,847.0,1977.0,926.0,10979,1,0,1,Biker
49,1881.0,847.0,1977.0,926.0,10980,1,0,1,Biker
49,1881.0,847.0,1977.0,926.0,10981,1,0,1,Biker
49,1881.0,847.0,1977.0,926.0,10982,1,0,1,Biker
49,1881.0,847.0,1977.0,926.0,10983,1,0,1,Biker
49,1881.0,847.0,1977.0,926.0,10984,1,0,1,Biker
49,1881.0,847.0,1977.0,926.0,10985,1,0,1,Biker
49,1881.0,847.0,1977.0,926.0,10986,1,0,1,Biker
49,1881.0,847.0,1977.0,926.0,10987,1,0,1,Biker
49,1881.0,847.0,1977.0,926.0,10988,1,0,1,Biker
49,1881.0,847.0,1977.0,926.0,10989,1,0,1,Biker
49,1881.0,847.0,1977.0,926.0,10990,1,0,1,Biker
49,1881.0,847.0,1977.0,926.0,10991,1,0,1,Biker
49,1881.0,847.0,1977.0,926.0,10992,1,0,1,Biker
49,1881.0,847.0,1977.0,926.0,10993,1,0,1,Biker
49,1881.0,847.0,1977.0,926.0,10994,1,0,1,Biker
49,1881.0,847.0,1977.0,926.0,10995,1,0,1,Biker
49,1881.0,847.0,1977.0,926.0,10996,1,0,1,Biker
49,1881.0,847.0,1977.0,926.0,10997,1,0,1,Biker
49,1881.0,847.0,1977.0,926.0,10998,1,0,1,Biker
49,1881.0,847.0,1977.0,926.0,10999,1,0,1,Biker
49,1881.0,847.0,1977.0,926.0,11000,1,0,1,Biker
49,1881.0,847.0,1977.0,926.0,11001,1,0,1,Biker
49,1881.0,847.0,1977.0,926.0,11002,1,0,1,Biker
49,1881.0,847.0,1977.0,926.0,11003,1,0,1,Biker
49,1881.0,847.0,1977.0,926.0,11004,1,0,1,Biker
49,1881.0,847.0,1977.0,926.0,11005,1,0,1,Biker
49,1881.0,847.0,1977.0,926.0,11006,1,0,1,Biker
49,1881.0,847.0,1977.0,926.0,11007,1,0,1,Biker
49,1881.0,847.0,1977.0,926.0,11008,1,0,1,Biker
49,1881.0,847.0,1977.0,926.0,11009,1,0,1,Biker
49,1881.0,847.0,1977.0,926.0,11010,1,0,1,Biker
49,1881.0,847.0,1977.0,926.0,11011,1,0,1,Biker
49,1881.0,847.0,1977.0,926.0,11012,1,0,1,Biker
49,1881.0,847.0,1977.0,926.0,11013,1,0,1,Biker
49,1881.0,847.0,1977.0,926.0,11014,1,0,1,Biker
49,1881.0,847.0,1977.0,926.0,11015,1,0,1,Biker
49,1881.0,847.0,1977.0,926.0,11016,1,0,1,Biker
49,1881.0,847.0,1977.0,926.0,11017,1,0,1,Biker
49,1881.0,847.0,1977.0,926.0,11018,1,0,1,Biker
49,1881.0,847.0,1977.0,926.0,11019,1,0,1,Biker
49,1881.0,847.0,1977.0,926.0,11020,1,0,1,Biker
49,1881.0,847.0,1977.0,926.0,11021,1,0,1,Biker
49,1881.0,847.0,1977.0,926.0,11022,1,0,1,Biker
49,1881.0,847.0,1977.0,926.0,11023,1,0,1,Biker
49,1881.0,847.0,1977.0,926.0,11024,1,0,1,Biker
49,1881.0,847.0,1977.0,926.0,11025,1,0,1,Biker
49,1881.0,847.0,1977.0,926.0,11026,1,0,1,Biker
49,1881.0,847.0,1977.0,926.0,11027,1,0,1,Biker
49,1881.0,847.0,1977.0,926.0,11028,1,0,1,Biker
49,1881.0,847.0,1977.0,926.0,11029,1,0,1,Biker
49,1881.0,847.0,1977.0,926.0,11030,1,0,1,Biker
49,1881.0,847.0,1977.0,926.0,11031,1,0,0,Biker
50,1861.0,15.0,1947.0,84.0,10500,1,0,0,Biker
50,1861.0,13.0,1947.0,81.0,10501,1,0,1,Biker
50,1861.0,13.0,1947.0,81.0,10502,1,0,1,Biker
50,1861.0,13.0,1947.0,81.0,10503,1,0,1,Biker
50,1861.0,13.0,1947.0,81.0,10504,1,0,1,Biker
50,1861.0,13.0,1947.0,81.0,10505,1,0,1,Biker
50,1864.0,13.0,1947.0,81.0,10506,1,0,1,Biker
50,1864.0,13.0,1949.0,81.0,10507,1,0,1,Biker
50,1864.0,13.0,1949.0,81.0,10508,1,0,1,Biker
50,1864.0,13.0,1949.0,81.0,10509,1,0,1,Biker
50,1864.0,11.0,1949.0,79.0,10510,1,0,1,Biker
50,1864.0,11.0,1949.0,79.0,10511,1,0,1,Biker
50,1867.0,11.0,1949.0,79.0,10512,1,0,1,Biker
50,1867.0,11.0,1952.0,79.0,10513,1,0,1,Biker
50,1867.0,11.0,1952.0,79.0,10514,1,0,1,Biker
50,1867.0,11.0,1952.0,79.0,10515,1,0,1,Biker
50,1867.0,11.0,1952.0,79.0,10516,1,0,1,Biker
50,1867.0,11.0,1952.0,79.0,10517,1,0,1,Biker
50,1870.0,11.0,1952.0,79.0,10518,1,0,1,Biker
50,1870.0,11.0,1955.0,79.0,10519,1,0,1,Biker
50,1870.0,9.0,1955.0,77.0,10520,1,0,1,Biker
50,1870.0,9.0,1955.0,77.0,10521,1,0,1,Biker
50,1870.0,9.0,1955.0,77.0,10522,1,0,1,Biker
50,1872.0,9.0,1955.0,77.0,10523,1,0,1,Biker
50,1872.0,9.0,1955.0,77.0,10524,1,0,1,Biker
50,1872.0,9.0,1955.0,77.0,10525,1,0,1,Biker
50,1872.0,9.0,1958.0,77.0,10526,1,0,1,Biker
50,1872.0,9.0,1958.0,77.0,10527,1,0,1,Biker
50,1872.0,9.0,1958.0,77.0,10528,1,0,1,Biker
50,1875.0,9.0,1958.0,77.0,10529,1,0,1,Biker
50,1875.0,6.0,1958.0,75.0,10530,1,0,1,Biker
50,1875.0,6.0,1958.0,75.0,10531,1,0,1,Biker
50,1875.0,6.0,1960.0,75.0,10532,1,0,1,Biker
50,1875.0,6.0,1960.0,75.0,10533,1,0,1,Biker
50,1875.0,6.0,1960.0,75.0,10534,1,0,1,Biker
50,1878.0,6.0,1960.0,75.0,10535,1,0,1,Biker
50,1878.0,6.0,1960.0,75.0,10536,1,0,1,Biker
50,1878.0,6.0,1960.0,75.0,10537,1,0,1,Biker
50,1878.0,6.0,1963.0,75.0,10538,1,0,1,Biker
50,1878.0,6.0,1963.0,75.0,10539,1,0,1,Biker
50,1878.0,4.0,1963.0,72.0,10540,1,0,1,Biker
50,1881.0,4.0,1963.0,72.0,10541,1,0,1,Biker
50,1881.0,4.0,1963.0,72.0,10542,1,0,1,Biker
50,1881.0,4.0,1963.0,72.0,10543,1,0,1,Biker
50,1881.0,4.0,1966.0,72.0,10544,1,0,1,Biker
50,1881.0,4.0,1966.0,72.0,10545,1,0,1,Biker
50,1883.0,4.0,1966.0,72.0,10546,1,0,1,Biker
50,1883.0,4.0,1966.0,72.0,10547,1,0,1,Biker
50,1883.0,4.0,1966.0,72.0,10548,1,0,1,Biker
50,1883.0,4.0,1966.0,72.0,10549,1,0,1,Biker
50,1883.0,2.0,1966.0,70.0,10550,1,0,1,Biker
50,1883.0,2.0,1969.0,70.0,10551,1,0,1,Biker
50,1886.0,2.0,1969.0,70.0,10552,1,0,1,Biker
50,1886.0,2.0,1969.0,70.0,10553,1,0,1,Biker
50,1886.0,2.0,1969.0,70.0,10554,1,0,1,Biker
50,1886.0,2.0,1969.0,70.0,10555,1,0,1,Biker
50,1886.0,2.0,1969.0,70.0,10556,1,0,1,Biker
50,1886.0,2.0,1971.0,70.0,10557,1,0,1,Biker
50,1889.0,2.0,1971.0,70.0,10558,1,0,1,Biker
50,1889.0,2.0,1971.0,70.0,10559,1,0,1,Biker
50,1889.0,0.0,1971.0,68.0,10560,1,0,1,Biker
50,1889.0,0.0,1971.0,68.0,10561,1,0,1,Biker
50,1889.0,0.0,1971.0,68.0,10562,1,0,1,Biker
50,1889.0,0.0,1974.0,68.0,10563,1,0,1,Biker
50,1892.0,0.0,1974.0,68.0,10564,1,0,1,Biker
50,1892.0,0.0,1974.0,68.0,10565,1,0,1,Biker
50,1892.0,0.0,1974.0,68.0,10566,1,0,1,Biker
50,1892.0,0.0,1974.0,68.0,10567,1,0,1,Biker
50,1892.0,0.0,1974.0,68.0,10568,1,0,1,Biker
50,1894.0,0.0,1977.0,68.0,10569,0,0,0,Biker
50,1892.0,0.0,1974.0,68.0,10570,0,0,1,Biker
50,1892.0,0.0,1974.0,68.0,10571,0,0,1,Biker
50,1892.0,0.0,1974.0,68.0,10572,0,0,1,Biker
50,1889.0,0.0,1971.0,68.0,10573,0,0,1,Biker
50,1889.0,0.0,1971.0,68.0,10574,0,0,1,Biker
50,1889.0,0.0,1971.0,68.0,10575,0,0,1,Biker
50,1889.0,0.0,1971.0,68.0,10576,0,0,1,Biker
50,1886.0,0.0,1969.0,68.0,10577,0,0,1,Biker
50,1886.0,0.0,1969.0,68.0,10578,0,0,1,Biker
50,1886.0,0.0,1969.0,68.0,10579,0,0,1,Biker
50,1883.0,0.0,1966.0,68.0,10580,0,0,1,Biker
50,1883.0,0.0,1966.0,68.0,10581,0,0,1,Biker
50,1883.0,0.0,1966.0,68.0,10582,0,0,1,Biker
50,1883.0,0.0,1966.0,68.0,10583,0,0,1,Biker
50,1881.0,0.0,1963.0,68.0,10584,0,0,1,Biker
50,1881.0,0.0,1963.0,68.0,10585,0,0,1,Biker
50,1881.0,0.0,1963.0,68.0,10586,0,0,1,Biker
50,1878.0,0.0,1960.0,68.0,10587,0,0,1,Biker
50,1878.0,0.0,1960.0,68.0,10588,0,0,1,Biker
50,1878.0,0.0,1960.0,68.0,10589,0,0,1,Biker
50,1878.0,0.0,1960.0,68.0,10590,0,0,1,Biker
50,1875.0,0.0,1958.0,68.0,10591,0,0,1,Biker
50,1875.0,0.0,1958.0,68.0,10592,0,0,1,Biker
50,1875.0,0.0,1958.0,68.0,10593,0,0,1,Biker
50,1872.0,0.0,1955.0,68.0,10594,0,0,1,Biker
50,1872.0,0.0,1955.0,68.0,10595,0,0,1,Biker
50,1872.0,0.0,1955.0,68.0,10596,0,0,1,Biker
50,1872.0,0.0,1955.0,68.0,10597,0,0,1,Biker
50,1870.0,0.0,1952.0,68.0,10598,0,0,1,Biker
50,1870.0,0.0,1952.0,68.0,10599,0,0,1,Biker
50,1870.0,0.0,1952.0,68.0,10600,0,0,1,Biker
50,1867.0,0.0,1949.0,68.0,10601,0,0,1,Biker
50,1867.0,0.0,1949.0,68.0,10602,0,0,1,Biker
50,1867.0,0.0,1949.0,68.0,10603,0,0,1,Biker
50,1867.0,0.0,1949.0,68.0,10604,0,0,1,Biker
50,1864.0,0.0,1947.0,68.0,10605,0,0,1,Biker
50,1864.0,0.0,1947.0,68.0,10606,0,0,1,Biker
50,1864.0,0.0,1947.0,68.0,10607,0,0,1,Biker
50,1864.0,0.0,1947.0,68.0,10608,1,0,0,Biker
50,1864.0,0.0,1947.0,68.0,10609,1,0,1,Biker
50,1864.0,0.0,1947.0,68.0,10610,1,0,1,Biker
50,1864.0,0.0,1947.0,68.0,10611,1,0,1,Biker
50,1864.0,0.0,1947.0,68.0,10612,1,0,1,Biker
50,1864.0,0.0,1947.0,68.0,10613,1,0,1,Biker
50,1864.0,0.0,1947.0,68.0,10614,1,0,1,Biker
50,1864.0,0.0,1947.0,68.0,10615,1,0,1,Biker
50,1864.0,0.0,1947.0,68.0,10616,1,0,1,Biker
50,1864.0,0.0,1947.0,68.0,10617,1,0,1,Biker
50,1864.0,0.0,1947.0,68.0,10618,1,0,1,Biker
50,1864.0,0.0,1947.0,68.0,10619,1,0,1,Biker
50,1864.0,0.0,1947.0,68.0,10620,1,0,1,Biker
50,1864.0,0.0,1947.0,68.0,10621,1,0,1,Biker
50,1864.0,0.0,1947.0,68.0,10622,1,0,1,Biker
50,1864.0,0.0,1947.0,68.0,10623,1,0,1,Biker
50,1864.0,0.0,1947.0,68.0,10624,1,0,1,Biker
50,1864.0,0.0,1947.0,68.0,10625,1,0,1,Biker
50,1864.0,0.0,1947.0,68.0,10626,1,0,1,Biker
50,1864.0,0.0,1947.0,68.0,10627,1,0,1,Biker
50,1864.0,0.0,1947.0,68.0,10628,1,0,1,Biker
50,1864.0,0.0,1947.0,68.0,10629,1,0,1,Biker
50,1864.0,0.0,1947.0,68.0,10630,1,0,1,Biker
50,1864.0,0.0,1947.0,68.0,10631,1,0,1,Biker
50,1864.0,0.0,1947.0,68.0,10632,1,0,1,Biker
50,1864.0,0.0,1947.0,68.0,10633,1,0,1,Biker
50,1864.0,0.0,1947.0,68.0,10634,1,0,1,Biker
50,1864.0,0.0,1947.0,68.0,10635,1,0,1,Biker
50,1864.0,0.0,1947.0,68.0,10636,1,0,1,Biker
50,1864.0,0.0,1947.0,68.0,10637,1,0,1,Biker
50,1864.0,0.0,1947.0,68.0,10638,1,0,1,Biker
50,1864.0,0.0,1947.0,68.0,10639,1,0,1,Biker
50,1864.0,0.0,1947.0,68.0,10640,1,0,1,Biker
50,1864.0,0.0,1947.0,68.0,10641,1,0,1,Biker
50,1864.0,0.0,1947.0,68.0,10642,1,0,1,Biker
50,1864.0,0.0,1947.0,68.0,10643,1,0,1,Biker
50,1864.0,0.0,1947.0,68.0,10644,1,0,1,Biker
50,1864.0,0.0,1947.0,68.0,10645,1,0,1,Biker
50,1864.0,0.0,1947.0,68.0,10646,1,0,1,Biker
50,1864.0,0.0,1947.0,68.0,10647,1,0,1,Biker
50,1864.0,0.0,1947.0,68.0,10648,1,0,1,Biker
50,1864.0,0.0,1947.0,68.0,10649,1,0,1,Biker
50,1864.0,0.0,1947.0,68.0,10650,1,0,1,Biker
50,1864.0,0.0,1947.0,68.0,10651,1,0,1,Biker
50,1864.0,0.0,1947.0,68.0,10652,1,0,1,Biker
50,1864.0,0.0,1947.0,68.0,10653,1,0,1,Biker
50,1864.0,0.0,1947.0,68.0,10654,1,0,1,Biker
50,1864.0,0.0,1947.0,68.0,10655,1,0,1,Biker
50,1864.0,0.0,1947.0,68.0,10656,1,0,1,Biker
50,1864.0,0.0,1947.0,68.0,10657,1,0,1,Biker
50,1864.0,0.0,1947.0,68.0,10658,1,0,1,Biker
50,1864.0,0.0,1947.0,68.0,10659,1,0,1,Biker
50,1864.0,0.0,1947.0,68.0,10660,1,0,1,Biker
50,1864.0,0.0,1947.0,68.0,10661,1,0,1,Biker
50,1864.0,0.0,1947.0,68.0,10662,1,0,1,Biker
50,1864.0,0.0,1947.0,68.0,10663,1,0,1,Biker
50,1864.0,0.0,1947.0,68.0,10664,1,0,1,Biker
50,1864.0,0.0,1947.0,68.0,10665,1,0,1,Biker
50,1864.0,0.0,1947.0,68.0,10666,1,0,1,Biker
50,1864.0,0.0,1947.0,68.0,10667,1,0,1,Biker
50,1864.0,0.0,1947.0,68.0,10668,1,0,1,Biker
50,1864.0,0.0,1947.0,68.0,10669,1,0,1,Biker
50,1864.0,0.0,1947.0,68.0,10670,1,0,1,Biker
50,1864.0,0.0,1947.0,68.0,10671,1,0,1,Biker
50,1864.0,0.0,1947.0,68.0,10672,1,0,1,Biker
50,1864.0,0.0,1947.0,68.0,10673,1,0,1,Biker
50,1864.0,0.0,1947.0,68.0,10674,1,0,1,Biker
50,1864.0,0.0,1947.0,68.0,10675,1,0,1,Biker
50,1864.0,0.0,1947.0,68.0,10676,1,0,0,Biker
50,1864.0,0.0,1947.0,68.0,10677,1,0,1,Biker
50,1864.0,0.0,1947.0,68.0,10678,1,0,1,Biker
50,1864.0,0.0,1947.0,68.0,10679,1,0,1,Biker
50,1864.0,0.0,1947.0,68.0,10680,1,0,1,Biker
50,1864.0,0.0,1947.0,68.0,10681,1,0,1,Biker
50,1864.0,0.0,1947.0,68.0,10682,1,0,1,Biker
50,1864.0,0.0,1947.0,68.0,10683,1,0,1,Biker
50,1864.0,0.0,1947.0,68.0,10684,1,0,1,Biker
50,1864.0,0.0,1947.0,68.0,10685,1,0,1,Biker
50,1864.0,0.0,1947.0,68.0,10686,1,0,1,Biker
50,1864.0,0.0,1947.0,68.0,10687,1,0,1,Biker
50,1864.0,0.0,1947.0,68.0,10688,1,0,1,Biker
50,1864.0,0.0,1947.0,68.0,10689,1,0,1,Biker
50,1864.0,0.0,1947.0,68.0,10690,1,0,1,Biker
50,1864.0,0.0,1947.0,68.0,10691,1,0,1,Biker
50,1864.0,0.0,1947.0,68.0,10692,1,0,1,Biker
50,1864.0,0.0,1947.0,68.0,10693,1,0,1,Biker
50,1864.0,0.0,1947.0,68.0,10694,1,0,1,Biker
50,1864.0,0.0,1947.0,68.0,10695,1,0,1,Biker
50,1864.0,0.0,1947.0,68.0,10696,1,0,1,Biker
50,1864.0,0.0,1947.0,68.0,10697,1,0,1,Biker
50,1864.0,0.0,1947.0,68.0,10698,1,0,1,Biker
50,1864.0,0.0,1947.0,68.0,10699,1,0,1,Biker
50,1864.0,0.0,1947.0,68.0,10700,1,0,1,Biker
50,1864.0,0.0,1947.0,68.0,10701,1,0,1,Biker
50,1864.0,0.0,1947.0,68.0,10702,1,0,1,Biker
50,1864.0,0.0,1947.0,68.0,10703,1,0,1,Biker
50,1864.0,0.0,1947.0,68.0,10704,1,0,1,Biker
50,1864.0,0.0,1947.0,68.0,10705,1,0,1,Biker
50,1864.0,0.0,1947.0,68.0,10706,1,0,1,Biker
50,1864.0,0.0,1947.0,68.0,10707,1,0,1,Biker
50,1864.0,0.0,1947.0,68.0,10708,1,0,1,Biker
50,1864.0,0.0,1947.0,68.0,10709,1,0,1,Biker
50,1864.0,0.0,1947.0,68.0,10710,1,0,1,Biker
50,1864.0,0.0,1947.0,68.0,10711,1,0,1,Biker
50,1864.0,0.0,1947.0,68.0,10712,1,0,1,Biker
50,1864.0,0.0,1947.0,68.0,10713,1,0,1,Biker
50,1864.0,0.0,1947.0,68.0,10714,1,0,1,Biker
50,1864.0,0.0,1947.0,68.0,10715,1,0,1,Biker
50,1864.0,0.0,1947.0,68.0,10716,1,0,1,Biker
50,1864.0,0.0,1947.0,68.0,10717,1,0,1,Biker
50,1864.0,0.0,1947.0,68.0,10718,1,0,1,Biker
50,1864.0,0.0,1947.0,68.0,10719,1,0,1,Biker
50,1864.0,0.0,1947.0,68.0,10720,1,0,1,Biker
50,1864.0,0.0,1947.0,68.0,10721,1,0,1,Biker
50,1864.0,0.0,1947.0,68.0,10722,1,0,1,Biker
50,1864.0,0.0,1947.0,68.0,10723,1,0,1,Biker
50,1864.0,0.0,1947.0,68.0,10724,1,0,1,Biker
50,1864.0,0.0,1947.0,68.0,10725,1,0,1,Biker
50,1864.0,0.0,1947.0,68.0,10726,1,0,1,Biker
50,1864.0,0.0,1947.0,68.0,10727,1,0,1,Biker
50,1864.0,0.0,1947.0,68.0,10728,1,0,1,Biker
50,1864.0,0.0,1947.0,68.0,10729,1,0,1,Biker
50,1864.0,0.0,1947.0,68.0,10730,1,0,1,Biker
50,1864.0,0.0,1947.0,68.0,10731,1,0,1,Biker
50,1864.0,0.0,1947.0,68.0,10732,1,0,1,Biker
50,1864.0,0.0,1947.0,68.0,10733,1,0,1,Biker
50,1864.0,0.0,1947.0,68.0,10734,1,0,1,Biker
50,1864.0,0.0,1947.0,68.0,10735,1,0,1,Biker
50,1864.0,0.0,1947.0,68.0,10736,1,0,1,Biker
50,1864.0,0.0,1947.0,68.0,10737,1,0,1,Biker
50,1864.0,0.0,1947.0,68.0,10738,1,0,1,Biker
50,1864.0,0.0,1947.0,68.0,10739,1,0,1,Biker
50,1864.0,0.0,1947.0,68.0,10740,1,0,1,Biker
50,1864.0,0.0,1947.0,68.0,10741,1,0,1,Biker
50,1864.0,0.0,1947.0,68.0,10742,1,0,1,Biker
50,1864.0,0.0,1947.0,68.0,10743,1,0,1,Biker
50,1864.0,0.0,1947.0,68.0,10744,1,0,1,Biker
50,1864.0,0.0,1947.0,68.0,10745,1,0,1,Biker
50,1864.0,0.0,1947.0,68.0,10746,1,0,1,Biker
50,1864.0,0.0,1947.0,68.0,10747,1,0,1,Biker
50,1864.0,0.0,1947.0,68.0,10748,1,0,1,Biker
50,1864.0,0.0,1947.0,68.0,10749,1,0,1,Biker
50,1864.0,0.0,1947.0,68.0,10750,1,0,1,Biker
50,1864.0,0.0,1947.0,68.0,10751,1,0,1,Biker
50,1864.0,0.0,1947.0,68.0,10752,1,0,1,Biker
50,1864.0,0.0,1947.0,68.0,10753,1,0,1,Biker
50,1864.0,0.0,1947.0,68.0,10754,1,0,1,Biker
50,1864.0,0.0,1947.0,68.0,10755,1,0,1,Biker
50,1864.0,0.0,1947.0,68.0,10756,1,0,1,Biker
50,1864.0,0.0,1947.0,68.0,10757,1,0,1,Biker
50,1864.0,0.0,1947.0,68.0,10758,1,0,1,Biker
50,1864.0,0.0,1947.0,68.0,10759,1,0,1,Biker
50,1864.0,0.0,1947.0,68.0,10760,1,0,1,Biker
50,1864.0,0.0,1947.0,68.0,10761,1,0,1,Biker
50,1864.0,0.0,1947.0,68.0,10762,1,0,1,Biker
50,1864.0,0.0,1947.0,68.0,10763,1,0,1,Biker
50,1864.0,0.0,1947.0,68.0,10764,1,0,1,Biker
50,1864.0,0.0,1947.0,68.0,10765,1,0,1,Biker
50,1864.0,0.0,1947.0,68.0,10766,1,0,1,Biker
50,1864.0,0.0,1947.0,68.0,10767,1,0,1,Biker
50,1864.0,0.0,1947.0,68.0,10768,1,0,1,Biker
50,1864.0,0.0,1947.0,68.0,10769,1,0,1,Biker
50,1864.0,0.0,1947.0,68.0,10770,1,0,1,Biker
50,1864.0,0.0,1947.0,68.0,10771,1,0,1,Biker
50,1864.0,0.0,1947.0,68.0,10772,1,0,1,Biker
50,1864.0,0.0,1947.0,68.0,10773,1,0,1,Biker
50,1864.0,0.0,1947.0,68.0,10774,1,0,1,Biker
50,1864.0,0.0,1947.0,68.0,10775,1,0,1,Biker
50,1864.0,0.0,1947.0,68.0,10776,1,0,1,Biker
50,1864.0,0.0,1947.0,68.0,10777,1,0,1,Biker
50,1864.0,0.0,1947.0,68.0,10778,1,0,1,Biker
50,1864.0,0.0,1947.0,68.0,10779,1,0,1,Biker
50,1864.0,0.0,1947.0,68.0,10780,1,0,1,Biker
50,1864.0,0.0,1947.0,68.0,10781,1,0,1,Biker
50,1864.0,0.0,1947.0,68.0,10782,1,0,1,Biker
50,1864.0,0.0,1947.0,68.0,10783,1,0,1,Biker
50,1864.0,0.0,1947.0,68.0,10784,1,0,1,Biker
50,1864.0,0.0,1947.0,68.0,10785,1,0,1,Biker
50,1864.0,0.0,1947.0,68.0,10786,1,0,1,Biker
50,1864.0,0.0,1947.0,68.0,10787,1,0,1,Biker
50,1864.0,0.0,1947.0,68.0,10788,1,0,1,Biker
50,1864.0,0.0,1947.0,68.0,10789,1,0,1,Biker
50,1864.0,0.0,1947.0,68.0,10790,1,0,1,Biker
50,1864.0,0.0,1947.0,68.0,10791,1,0,1,Biker
50,1864.0,0.0,1947.0,68.0,10792,1,0,1,Biker
50,1864.0,0.0,1947.0,68.0,10793,1,0,1,Biker
50,1864.0,0.0,1947.0,68.0,10794,1,0,1,Biker
50,1864.0,0.0,1947.0,68.0,10795,1,0,1,Biker
50,1864.0,0.0,1947.0,68.0,10796,1,0,1,Biker
50,1864.0,0.0,1947.0,68.0,10797,1,0,1,Biker
50,1864.0,0.0,1947.0,68.0,10798,1,0,1,Biker
50,1864.0,0.0,1947.0,68.0,10799,1,0,1,Biker
50,1864.0,0.0,1947.0,68.0,10800,1,0,1,Biker
50,1864.0,0.0,1947.0,68.0,10801,1,0,1,Biker
50,1864.0,0.0,1947.0,68.0,10802,1,0,1,Biker
50,1864.0,0.0,1947.0,68.0,10803,1,0,1,Biker
50,1864.0,0.0,1947.0,68.0,10804,1,0,1,Biker
50,1864.0,0.0,1947.0,68.0,10805,1,0,1,Biker
50,1864.0,0.0,1947.0,68.0,10806,1,0,1,Biker
50,1864.0,0.0,1947.0,68.0,10807,1,0,1,Biker
50,1864.0,0.0,1947.0,68.0,10808,1,0,1,Biker
50,1864.0,0.0,1947.0,68.0,10809,1,0,1,Biker
50,1864.0,0.0,1947.0,68.0,10810,1,0,1,Biker
50,1864.0,0.0,1947.0,68.0,10811,1,0,1,Biker
50,1864.0,0.0,1947.0,68.0,10812,1,0,1,Biker
50,1864.0,0.0,1947.0,68.0,10813,1,0,1,Biker
50,1864.0,0.0,1947.0,68.0,10814,1,0,1,Biker
50,1864.0,0.0,1947.0,68.0,10815,1,0,1,Biker
50,1864.0,0.0,1947.0,68.0,10816,1,0,1,Biker
50,1864.0,0.0,1947.0,68.0,10817,1,0,1,Biker
50,1864.0,0.0,1947.0,68.0,10818,1,0,1,Biker
50,1864.0,0.0,1947.0,68.0,10819,1,0,1,Biker
50,1864.0,0.0,1947.0,68.0,10820,1,0,1,Biker
50,1864.0,0.0,1947.0,68.0,10821,1,0,1,Biker
50,1864.0,0.0,1947.0,68.0,10822,1,0,1,Biker
50,1864.0,0.0,1947.0,68.0,10823,1,0,1,Biker
50,1864.0,0.0,1947.0,68.0,10824,1,0,1,Biker
50,1864.0,0.0,1947.0,68.0,10825,1,0,1,Biker
50,1864.0,0.0,1947.0,68.0,10826,1,0,1,Biker
50,1864.0,0.0,1947.0,68.0,10827,1,0,1,Biker
50,1864.0,0.0,1947.0,68.0,10828,1,0,1,Biker
50,1864.0,0.0,1947.0,68.0,10829,1,0,1,Biker
50,1864.0,0.0,1947.0,68.0,10830,1,0,1,Biker
50,1864.0,0.0,1947.0,68.0,10831,1,0,1,Biker
50,1864.0,0.0,1947.0,68.0,10832,1,0,1,Biker
50,1864.0,0.0,1947.0,68.0,10833,1,0,1,Biker
50,1864.0,0.0,1947.0,68.0,10834,1,0,1,Biker
50,1864.0,0.0,1947.0,68.0,10835,1,0,1,Biker
50,1864.0,0.0,1947.0,68.0,10836,1,0,1,Biker
50,1864.0,0.0,1947.0,68.0,10837,1,0,1,Biker
50,1864.0,0.0,1947.0,68.0,10838,1,0,1,Biker
50,1864.0,0.0,1947.0,68.0,10839,1,0,1,Biker
50,1864.0,0.0,1947.0,68.0,10840,1,0,1,Biker
50,1864.0,0.0,1947.0,68.0,10841,1,0,1,Biker
50,1864.0,0.0,1947.0,68.0,10842,1,0,1,Biker
50,1864.0,0.0,1947.0,68.0,10843,1,0,1,Biker
50,1864.0,0.0,1947.0,68.0,10844,1,0,1,Biker
50,1864.0,0.0,1947.0,68.0,10845,1,0,1,Biker
50,1864.0,0.0,1947.0,68.0,10846,1,0,1,Biker
50,1864.0,0.0,1947.0,68.0,10847,1,0,1,Biker
50,1864.0,0.0,1947.0,68.0,10848,1,0,1,Biker
50,1864.0,0.0,1947.0,68.0,10849,1,0,1,Biker
50,1864.0,0.0,1947.0,68.0,10850,1,0,1,Biker
50,1864.0,0.0,1947.0,68.0,10851,1,0,1,Biker
50,1864.0,0.0,1947.0,68.0,10852,1,0,1,Biker
50,1864.0,0.0,1947.0,68.0,10853,1,0,1,Biker
50,1864.0,0.0,1947.0,68.0,10854,1,0,1,Biker
50,1864.0,0.0,1947.0,68.0,10855,1,0,1,Biker
50,1864.0,0.0,1947.0,68.0,10856,1,0,1,Biker
50,1864.0,0.0,1947.0,68.0,10857,1,0,1,Biker
50,1864.0,0.0,1947.0,68.0,10858,1,0,1,Biker
50,1864.0,0.0,1947.0,68.0,10859,1,0,1,Biker
50,1864.0,0.0,1947.0,68.0,10860,1,0,1,Biker
50,1864.0,0.0,1947.0,68.0,10861,1,0,1,Biker
50,1864.0,0.0,1947.0,68.0,10862,1,0,1,Biker
50,1864.0,0.0,1947.0,68.0,10863,1,0,1,Biker
50,1864.0,0.0,1947.0,68.0,10864,1,0,1,Biker
50,1864.0,0.0,1947.0,68.0,10865,1,0,1,Biker
50,1864.0,0.0,1947.0,68.0,10866,1,0,1,Biker
50,1864.0,0.0,1947.0,68.0,10867,1,0,1,Biker
50,1864.0,0.0,1947.0,68.0,10868,1,0,1,Biker
50,1864.0,0.0,1947.0,68.0,10869,1,0,1,Biker
50,1864.0,0.0,1947.0,68.0,10870,1,0,1,Biker
50,1864.0,0.0,1947.0,68.0,10871,1,0,1,Biker
50,1864.0,0.0,1947.0,68.0,10872,1,0,1,Biker
50,1864.0,0.0,1947.0,68.0,10873,1,0,1,Biker
50,1864.0,0.0,1947.0,68.0,10874,1,0,1,Biker
50,1864.0,0.0,1947.0,68.0,10875,1,0,1,Biker
50,1864.0,0.0,1947.0,68.0,10876,1,0,1,Biker
50,1864.0,0.0,1947.0,68.0,10877,1,0,1,Biker
50,1864.0,0.0,1947.0,68.0,10878,1,0,1,Biker
50,1864.0,0.0,1947.0,68.0,10879,1,0,1,Biker
50,1864.0,0.0,1947.0,68.0,10880,1,0,1,Biker
50,1864.0,0.0,1947.0,68.0,10881,1,0,1,Biker
50,1864.0,0.0,1947.0,68.0,10882,1,0,1,Biker
50,1864.0,0.0,1947.0,68.0,10883,1,0,1,Biker
50,1864.0,0.0,1947.0,68.0,10884,1,0,1,Biker
50,1864.0,0.0,1947.0,68.0,10885,1,0,1,Biker
50,1864.0,0.0,1947.0,68.0,10886,1,0,1,Biker
50,1864.0,0.0,1947.0,68.0,10887,1,0,1,Biker
50,1864.0,0.0,1947.0,68.0,10888,1,0,1,Biker
50,1864.0,0.0,1947.0,68.0,10889,1,0,1,Biker
50,1864.0,0.0,1947.0,68.0,10890,1,0,1,Biker
50,1864.0,0.0,1947.0,68.0,10891,1,0,1,Biker
50,1864.0,0.0,1947.0,68.0,10892,1,0,1,Biker
50,1864.0,0.0,1947.0,68.0,10893,1,0,1,Biker
50,1864.0,0.0,1947.0,68.0,10894,1,0,1,Biker
50,1864.0,0.0,1947.0,68.0,10895,1,0,1,Biker
50,1864.0,0.0,1947.0,68.0,10896,1,0,1,Biker
50,1864.0,0.0,1947.0,68.0,10897,1,0,1,Biker
50,1864.0,0.0,1947.0,68.0,10898,1,0,1,Biker
50,1864.0,0.0,1947.0,68.0,10899,1,0,1,Biker
50,1864.0,0.0,1947.0,68.0,10900,1,0,1,Biker
50,1864.0,0.0,1947.0,68.0,10901,1,0,1,Biker
50,1864.0,0.0,1947.0,68.0,10902,1,0,1,Biker
50,1864.0,0.0,1947.0,68.0,10903,1,0,1,Biker
50,1864.0,0.0,1947.0,68.0,10904,1,0,1,Biker
50,1864.0,0.0,1947.0,68.0,10905,1,0,1,Biker
50,1864.0,0.0,1947.0,68.0,10906,1,0,1,Biker
50,1864.0,0.0,1947.0,68.0,10907,1,0,1,Biker
50,1864.0,0.0,1947.0,68.0,10908,1,0,1,Biker
50,1864.0,0.0,1947.0,68.0,10909,1,0,1,Biker
50,1864.0,0.0,1947.0,68.0,10910,1,0,1,Biker
50,1864.0,0.0,1947.0,68.0,10911,1,0,1,Biker
50,1864.0,0.0,1947.0,68.0,10912,1,0,1,Biker
50,1864.0,0.0,1947.0,68.0,10913,1,0,1,Biker
50,1864.0,0.0,1947.0,68.0,10914,1,0,1,Biker
50,1864.0,0.0,1947.0,68.0,10915,1,0,1,Biker
50,1864.0,0.0,1947.0,68.0,10916,1,0,1,Biker
50,1864.0,0.0,1947.0,68.0,10917,1,0,1,Biker
50,1864.0,0.0,1947.0,68.0,10918,1,0,1,Biker
50,1864.0,0.0,1947.0,68.0,10919,1,0,1,Biker
50,1864.0,0.0,1947.0,68.0,10920,1,0,1,Biker
50,1864.0,0.0,1947.0,68.0,10921,1,0,1,Biker
50,1864.0,0.0,1947.0,68.0,10922,1,0,1,Biker
50,1864.0,0.0,1947.0,68.0,10923,1,0,1,Biker
50,1864.0,0.0,1947.0,68.0,10924,1,0,1,Biker
50,1864.0,0.0,1947.0,68.0,10925,1,0,1,Biker
50,1864.0,0.0,1947.0,68.0,10926,1,0,1,Biker
50,1864.0,0.0,1947.0,68.0,10927,1,0,1,Biker
50,1864.0,0.0,1947.0,68.0,10928,1,0,1,Biker
50,1864.0,0.0,1947.0,68.0,10929,1,0,1,Biker
50,1864.0,0.0,1947.0,68.0,10930,1,0,1,Biker
50,1864.0,0.0,1947.0,68.0,10931,1,0,1,Biker
50,1864.0,0.0,1947.0,68.0,10932,1,0,1,Biker
50,1864.0,0.0,1947.0,68.0,10933,1,0,1,Biker
50,1864.0,0.0,1947.0,68.0,10934,1,0,1,Biker
50,1864.0,0.0,1947.0,68.0,10935,1,0,1,Biker
50,1864.0,0.0,1947.0,68.0,10936,1,0,1,Biker
50,1864.0,0.0,1947.0,68.0,10937,1,0,1,Biker
50,1864.0,0.0,1947.0,68.0,10938,1,0,1,Biker
50,1864.0,0.0,1947.0,68.0,10939,1,0,1,Biker
50,1864.0,0.0,1947.0,68.0,10940,1,0,1,Biker
50,1864.0,0.0,1947.0,68.0,10941,1,0,1,Biker
50,1864.0,0.0,1947.0,68.0,10942,1,0,1,Biker
50,1864.0,0.0,1947.0,68.0,10943,1,0,1,Biker
50,1864.0,0.0,1947.0,68.0,10944,1,0,1,Biker
50,1864.0,0.0,1947.0,68.0,10945,1,0,1,Biker
50,1864.0,0.0,1947.0,68.0,10946,1,0,1,Biker
50,1864.0,0.0,1947.0,68.0,10947,1,0,1,Biker
50,1864.0,0.0,1947.0,68.0,10948,1,0,1,Biker
50,1864.0,0.0,1947.0,68.0,10949,1,0,1,Biker
50,1864.0,0.0,1947.0,68.0,10950,1,0,1,Biker
50,1864.0,0.0,1947.0,68.0,10951,1,0,1,Biker
50,1864.0,0.0,1947.0,68.0,10952,1,0,1,Biker
50,1864.0,0.0,1947.0,68.0,10953,1,0,1,Biker
50,1864.0,0.0,1947.0,68.0,10954,1,0,1,Biker
50,1864.0,0.0,1947.0,68.0,10955,1,0,1,Biker
50,1864.0,0.0,1947.0,68.0,10956,1,0,1,Biker
50,1864.0,0.0,1947.0,68.0,10957,1,0,1,Biker
50,1864.0,0.0,1947.0,68.0,10958,1,0,1,Biker
50,1864.0,0.0,1947.0,68.0,10959,1,0,1,Biker
50,1864.0,0.0,1947.0,68.0,10960,1,0,1,Biker
50,1864.0,0.0,1947.0,68.0,10961,1,0,1,Biker
50,1864.0,0.0,1947.0,68.0,10962,1,0,1,Biker
50,1864.0,0.0,1947.0,68.0,10963,1,0,1,Biker
50,1864.0,0.0,1947.0,68.0,10964,1,0,1,Biker
50,1864.0,0.0,1947.0,68.0,10965,1,0,1,Biker
50,1864.0,0.0,1947.0,68.0,10966,1,0,1,Biker
50,1864.0,0.0,1947.0,68.0,10967,1,0,1,Biker
50,1864.0,0.0,1947.0,68.0,10968,1,0,1,Biker
50,1864.0,0.0,1947.0,68.0,10969,1,0,1,Biker
50,1864.0,0.0,1947.0,68.0,10970,1,0,1,Biker
50,1864.0,0.0,1947.0,68.0,10971,1,0,1,Biker
50,1864.0,0.0,1947.0,68.0,10972,1,0,1,Biker
50,1864.0,0.0,1947.0,68.0,10973,1,0,1,Biker
50,1864.0,0.0,1947.0,68.0,10974,1,0,1,Biker
50,1864.0,0.0,1947.0,68.0,10975,1,0,1,Biker
50,1864.0,0.0,1947.0,68.0,10976,1,0,1,Biker
50,1864.0,0.0,1947.0,68.0,10977,1,0,1,Biker
50,1864.0,0.0,1947.0,68.0,10978,1,0,1,Biker
50,1864.0,0.0,1947.0,68.0,10979,1,0,1,Biker
50,1864.0,0.0,1947.0,68.0,10980,1,0,1,Biker
50,1864.0,0.0,1947.0,68.0,10981,1,0,1,Biker
50,1864.0,0.0,1947.0,68.0,10982,1,0,1,Biker
50,1864.0,0.0,1947.0,68.0,10983,1,0,1,Biker
50,1864.0,0.0,1947.0,68.0,10984,1,0,1,Biker
50,1864.0,0.0,1947.0,68.0,10985,1,0,1,Biker
50,1864.0,0.0,1947.0,68.0,10986,1,0,1,Biker
50,1864.0,0.0,1947.0,68.0,10987,1,0,1,Biker
50,1864.0,0.0,1947.0,68.0,10988,1,0,1,Biker
50,1864.0,0.0,1947.0,68.0,10989,1,0,1,Biker
50,1864.0,0.0,1947.0,68.0,10990,1,0,1,Biker
50,1864.0,0.0,1947.0,68.0,10991,1,0,1,Biker
50,1864.0,0.0,1947.0,68.0,10992,1,0,1,Biker
50,1864.0,0.0,1947.0,68.0,10993,1,0,1,Biker
50,1864.0,0.0,1947.0,68.0,10994,1,0,1,Biker
50,1864.0,0.0,1947.0,68.0,10995,1,0,1,Biker
50,1864.0,0.0,1947.0,68.0,10996,1,0,1,Biker
50,1864.0,0.0,1947.0,68.0,10997,1,0,1,Biker
50,1864.0,0.0,1947.0,68.0,10998,1,0,1,Biker
50,1864.0,0.0,1947.0,68.0,10999,1,0,1,Biker
50,1864.0,0.0,1947.0,68.0,11000,1,0,1,Biker
50,1864.0,0.0,1947.0,68.0,11001,1,0,1,Biker
50,1864.0,0.0,1947.0,68.0,11002,1,0,1,Biker
50,1864.0,0.0,1947.0,68.0,11003,1,0,1,Biker
50,1864.0,0.0,1947.0,68.0,11004,1,0,1,Biker
50,1864.0,0.0,1947.0,68.0,11005,1,0,1,Biker
50,1864.0,0.0,1947.0,68.0,11006,1,0,1,Biker
50,1864.0,0.0,1947.0,68.0,11007,1,0,1,Biker
50,1864.0,0.0,1947.0,68.0,11008,1,0,1,Biker
50,1864.0,0.0,1947.0,68.0,11009,1,0,1,Biker
50,1864.0,0.0,1947.0,68.0,11010,1,0,1,Biker
50,1864.0,0.0,1947.0,68.0,11011,1,0,1,Biker
50,1864.0,0.0,1947.0,68.0,11012,1,0,1,Biker
50,1864.0,0.0,1947.0,68.0,11013,1,0,1,Biker
50,1864.0,0.0,1947.0,68.0,11014,1,0,1,Biker
50,1864.0,0.0,1947.0,68.0,11015,1,0,1,Biker
50,1864.0,0.0,1947.0,68.0,11016,1,0,1,Biker
50,1864.0,0.0,1947.0,68.0,11017,1,0,1,Biker
50,1864.0,0.0,1947.0,68.0,11018,1,0,1,Biker
50,1864.0,0.0,1947.0,68.0,11019,1,0,1,Biker
50,1864.0,0.0,1947.0,68.0,11020,1,0,1,Biker
50,1864.0,0.0,1947.0,68.0,11021,1,0,1,Biker
50,1864.0,0.0,1947.0,68.0,11022,1,0,1,Biker
50,1864.0,0.0,1947.0,68.0,11023,1,0,1,Biker
50,1864.0,0.0,1947.0,68.0,11024,1,0,1,Biker
50,1864.0,0.0,1947.0,68.0,11025,1,0,1,Biker
50,1864.0,0.0,1947.0,68.0,11026,1,0,1,Biker
50,1864.0,0.0,1947.0,68.0,11027,1,0,1,Biker
50,1864.0,0.0,1947.0,68.0,11028,1,0,1,Biker
50,1864.0,0.0,1947.0,68.0,11029,1,0,1,Biker
50,1864.0,0.0,1947.0,68.0,11030,1,0,1,Biker
50,1864.0,0.0,1947.0,68.0,11031,1,0,0,Biker
51,1886.0,678.0,1966.0,762.0,5000,1,0,0,Biker
51,1886.0,678.0,1966.0,762.0,5001,1,0,1,Biker
51,1886.0,678.0,1966.0,762.0,5002,1,0,1,Biker
51,1886.0,678.0,1966.0,762.0,5003,1,0,1,Biker
51,1886.0,678.0,1966.0,762.0,5004,1,0,1,Biker
51,1886.0,678.0,1966.0,762.0,5005,1,0,1,Biker
51,1886.0,678.0,1966.0,762.0,5006,1,0,1,Biker
51,1886.0,678.0,1966.0,762.0,5007,1,0,1,Biker
51,1886.0,678.0,1966.0,762.0,5008,1,0,1,Biker
51,1886.0,678.0,1966.0,762.0,5009,1,0,1,Biker
51,1886.0,678.0,1966.0,762.0,5010,1,0,1,Biker
51,1886.0,678.0,1966.0,762.0,5011,1,0,1,Biker
51,1886.0,678.0,1966.0,762.0,5012,1,0,1,Biker
51,1886.0,678.0,1966.0,762.0,5013,1,0,1,Biker
51,1886.0,678.0,1966.0,762.0,5014,1,0,1,Biker
51,1886.0,678.0,1966.0,762.0,5015,1,0,1,Biker
51,1886.0,678.0,1966.0,762.0,5016,1,0,1,Biker
51,1886.0,678.0,1966.0,762.0,5017,1,0,1,Biker
51,1886.0,678.0,1966.0,762.0,5018,1,0,1,Biker
51,1886.0,678.0,1966.0,762.0,5019,1,0,1,Biker
51,1886.0,678.0,1966.0,762.0,5020,1,0,1,Biker
51,1886.0,678.0,1966.0,762.0,5021,1,0,1,Biker
51,1886.0,678.0,1966.0,762.0,5022,1,0,1,Biker
51,1886.0,678.0,1966.0,762.0,5023,1,0,1,Biker
51,1886.0,678.0,1966.0,762.0,5024,1,0,1,Biker
51,1886.0,678.0,1966.0,762.0,5025,1,0,1,Biker
51,1886.0,678.0,1966.0,762.0,5026,1,0,1,Biker
51,1886.0,678.0,1966.0,762.0,5027,1,0,1,Biker
51,1886.0,678.0,1966.0,762.0,5028,1,0,1,Biker
51,1886.0,678.0,1966.0,762.0,5029,1,0,1,Biker
51,1886.0,678.0,1966.0,762.0,5030,1,0,1,Biker
51,1886.0,678.0,1966.0,762.0,5031,1,0,1,Biker
51,1886.0,678.0,1966.0,762.0,5032,1,0,1,Biker
51,1886.0,678.0,1966.0,762.0,5033,1,0,1,Biker
51,1886.0,678.0,1966.0,762.0,5034,1,0,1,Biker
51,1886.0,678.0,1966.0,762.0,5035,1,0,1,Biker
51,1886.0,678.0,1966.0,762.0,5036,1,0,1,Biker
51,1886.0,678.0,1966.0,762.0,5037,1,0,1,Biker
51,1886.0,678.0,1966.0,762.0,5038,1,0,1,Biker
51,1886.0,680.0,1966.0,762.0,5039,1,0,1,Biker
51,1886.0,680.0,1966.0,762.0,5040,1,0,1,Biker
51,1886.0,680.0,1966.0,762.0,5041,1,0,1,Biker
51,1886.0,680.0,1966.0,762.0,5042,1,0,1,Biker
51,1886.0,680.0,1966.0,762.0,5043,1,0,1,Biker
51,1886.0,680.0,1966.0,762.0,5044,1,0,1,Biker
51,1886.0,680.0,1966.0,762.0,5045,1,0,1,Biker
51,1886.0,680.0,1966.0,762.0,5046,1,0,1,Biker
51,1886.0,680.0,1966.0,762.0,5047,1,0,1,Biker
51,1886.0,680.0,1966.0,765.0,5048,1,0,1,Biker
51,1886.0,680.0,1966.0,765.0,5049,1,0,1,Biker
51,1886.0,680.0,1966.0,765.0,5050,1,0,1,Biker
51,1886.0,680.0,1966.0,765.0,5051,1,0,1,Biker
51,1886.0,680.0,1966.0,765.0,5052,1,0,1,Biker
51,1886.0,680.0,1966.0,765.0,5053,1,0,1,Biker
51,1886.0,680.0,1966.0,765.0,5054,1,0,1,Biker
51,1886.0,680.0,1966.0,765.0,5055,1,0,1,Biker
51,1886.0,680.0,1966.0,765.0,5056,1,0,1,Biker
51,1886.0,680.0,1966.0,765.0,5057,1,0,1,Biker
51,1886.0,680.0,1966.0,765.0,5058,1,0,1,Biker
51,1886.0,680.0,1966.0,765.0,5059,1,0,1,Biker
51,1886.0,680.0,1966.0,765.0,5060,1,0,1,Biker
51,1886.0,680.0,1966.0,765.0,5061,1,0,1,Biker
51,1886.0,680.0,1966.0,765.0,5062,1,0,1,Biker
51,1886.0,680.0,1966.0,765.0,5063,1,0,1,Biker
51,1886.0,680.0,1966.0,765.0,5064,1,0,1,Biker
51,1886.0,680.0,1966.0,765.0,5065,1,0,1,Biker
51,1886.0,680.0,1966.0,765.0,5066,1,0,1,Biker
51,1886.0,680.0,1966.0,765.0,5067,1,0,1,Biker
51,1886.0,680.0,1966.0,765.0,5068,1,0,1,Biker
51,1886.0,680.0,1966.0,765.0,5069,1,0,1,Biker
51,1886.0,680.0,1966.0,765.0,5070,1,0,1,Biker
51,1886.0,680.0,1966.0,765.0,5071,1,0,1,Biker
51,1886.0,680.0,1966.0,765.0,5072,1,0,1,Biker
51,1886.0,680.0,1966.0,765.0,5073,1,0,1,Biker
51,1886.0,680.0,1966.0,765.0,5074,1,0,1,Biker
51,1886.0,680.0,1966.0,765.0,5075,1,0,1,Biker
51,1886.0,680.0,1966.0,765.0,5076,1,0,1,Biker
51,1886.0,683.0,1966.0,765.0,5077,1,0,1,Biker
51,1886.0,683.0,1966.0,765.0,5078,1,0,1,Biker
51,1886.0,683.0,1966.0,765.0,5079,1,0,1,Biker
51,1886.0,683.0,1966.0,765.0,5080,1,0,1,Biker
51,1886.0,683.0,1966.0,765.0,5081,1,0,1,Biker
51,1886.0,683.0,1966.0,765.0,5082,1,0,1,Biker
51,1886.0,683.0,1966.0,765.0,5083,1,0,1,Biker
51,1886.0,683.0,1966.0,765.0,5084,1,0,1,Biker
51,1886.0,683.0,1966.0,765.0,5085,1,0,1,Biker
51,1886.0,683.0,1966.0,765.0,5086,1,0,1,Biker
51,1886.0,683.0,1966.0,765.0,5087,1,0,1,Biker
51,1886.0,683.0,1966.0,765.0,5088,1,0,1,Biker
51,1886.0,683.0,1966.0,765.0,5089,1,0,1,Biker
51,1886.0,683.0,1966.0,765.0,5090,1,0,1,Biker
51,1886.0,683.0,1966.0,765.0,5091,1,0,1,Biker
51,1886.0,683.0,1966.0,765.0,5092,1,0,1,Biker
51,1886.0,683.0,1966.0,765.0,5093,1,0,1,Biker
51,1886.0,683.0,1966.0,765.0,5094,1,0,1,Biker
51,1886.0,683.0,1966.0,765.0,5095,1,0,1,Biker
51,1889.0,683.0,1969.0,767.0,5096,1,0,1,Biker
51,1889.0,683.0,1969.0,767.0,5097,1,0,1,Biker
51,1889.0,683.0,1969.0,767.0,5098,1,0,1,Biker
51,1889.0,683.0,1969.0,767.0,5099,1,0,1,Biker
51,1889.0,683.0,1969.0,767.0,5100,1,0,1,Biker
51,1889.0,683.0,1969.0,767.0,5101,1,0,1,Biker
51,1889.0,683.0,1969.0,767.0,5102,1,0,1,Biker
51,1889.0,683.0,1969.0,767.0,5103,1,0,1,Biker
51,1889.0,683.0,1969.0,767.0,5104,1,0,1,Biker
51,1889.0,683.0,1969.0,767.0,5105,1,0,1,Biker
51,1889.0,683.0,1969.0,767.0,5106,1,0,1,Biker
51,1889.0,683.0,1969.0,767.0,5107,1,0,1,Biker
51,1889.0,683.0,1969.0,767.0,5108,1,0,1,Biker
51,1889.0,683.0,1969.0,767.0,5109,1,0,1,Biker
51,1889.0,683.0,1969.0,767.0,5110,1,0,1,Biker
51,1889.0,683.0,1969.0,767.0,5111,1,0,1,Biker
51,1889.0,683.0,1969.0,767.0,5112,1,0,1,Biker
51,1889.0,683.0,1969.0,767.0,5113,1,0,1,Biker
51,1889.0,683.0,1969.0,767.0,5114,1,0,1,Biker
51,1889.0,683.0,1969.0,767.0,5115,1,0,1,Biker
51,1889.0,685.0,1969.0,767.0,5116,1,0,1,Biker
51,1889.0,685.0,1969.0,767.0,5117,1,0,1,Biker
51,1889.0,685.0,1969.0,767.0,5118,1,0,1,Biker
51,1889.0,685.0,1969.0,767.0,5119,1,0,1,Biker
51,1889.0,685.0,1969.0,767.0,5120,1,0,1,Biker
51,1889.0,685.0,1969.0,767.0,5121,1,0,1,Biker
51,1889.0,685.0,1969.0,767.0,5122,1,0,1,Biker
51,1889.0,685.0,1969.0,767.0,5123,1,0,1,Biker
51,1889.0,685.0,1969.0,767.0,5124,1,0,1,Biker
51,1889.0,685.0,1969.0,767.0,5125,1,0,1,Biker
51,1889.0,685.0,1969.0,767.0,5126,1,0,1,Biker
51,1889.0,685.0,1969.0,767.0,5127,1,0,1,Biker
51,1889.0,685.0,1969.0,767.0,5128,1,0,1,Biker
51,1889.0,685.0,1969.0,767.0,5129,1,0,1,Biker
51,1889.0,685.0,1969.0,767.0,5130,1,0,1,Biker
51,1889.0,685.0,1969.0,767.0,5131,1,0,1,Biker
51,1889.0,685.0,1969.0,767.0,5132,1,0,1,Biker
51,1889.0,685.0,1969.0,767.0,5133,1,0,1,Biker
51,1889.0,685.0,1969.0,767.0,5134,1,0,1,Biker
51,1889.0,685.0,1969.0,767.0,5135,1,0,1,Biker
51,1889.0,685.0,1969.0,767.0,5136,1,0,1,Biker
51,1889.0,685.0,1969.0,767.0,5137,1,0,1,Biker
51,1889.0,685.0,1969.0,767.0,5138,1,0,1,Biker
51,1889.0,685.0,1969.0,767.0,5139,1,0,1,Biker
51,1889.0,685.0,1969.0,767.0,5140,1,0,1,Biker
51,1889.0,685.0,1969.0,767.0,5141,1,0,1,Biker
51,1889.0,685.0,1969.0,767.0,5142,1,0,1,Biker
51,1889.0,685.0,1969.0,767.0,5143,1,0,1,Biker
51,1889.0,685.0,1969.0,769.0,5144,1,0,1,Biker
51,1889.0,685.0,1969.0,769.0,5145,1,0,1,Biker
51,1889.0,685.0,1969.0,769.0,5146,1,0,1,Biker
51,1889.0,685.0,1969.0,769.0,5147,1,0,1,Biker
51,1889.0,685.0,1969.0,769.0,5148,1,0,1,Biker
51,1889.0,685.0,1969.0,769.0,5149,1,0,1,Biker
51,1889.0,685.0,1969.0,769.0,5150,1,0,1,Biker
51,1889.0,685.0,1969.0,769.0,5151,1,0,1,Biker
51,1889.0,685.0,1969.0,769.0,5152,1,0,1,Biker
51,1889.0,685.0,1969.0,769.0,5153,1,0,1,Biker
51,1889.0,687.0,1969.0,769.0,5154,1,0,1,Biker
51,1889.0,687.0,1969.0,769.0,5155,1,0,1,Biker
51,1889.0,687.0,1969.0,769.0,5156,1,0,1,Biker
51,1889.0,687.0,1969.0,769.0,5157,1,0,1,Biker
51,1889.0,687.0,1969.0,769.0,5158,1,0,1,Biker
51,1889.0,687.0,1969.0,769.0,5159,1,0,1,Biker
51,1889.0,687.0,1969.0,769.0,5160,1,0,1,Biker
51,1889.0,687.0,1969.0,769.0,5161,1,0,1,Biker
51,1889.0,687.0,1969.0,769.0,5162,1,0,1,Biker
51,1889.0,687.0,1969.0,769.0,5163,1,0,1,Biker
51,1889.0,687.0,1969.0,769.0,5164,1,0,1,Biker
51,1889.0,687.0,1969.0,769.0,5165,1,0,1,Biker
51,1889.0,687.0,1969.0,769.0,5166,1,0,1,Biker
51,1889.0,687.0,1969.0,769.0,5167,1,0,1,Biker
51,1889.0,687.0,1969.0,769.0,5168,1,0,1,Biker
51,1889.0,687.0,1969.0,769.0,5169,1,0,1,Biker
51,1889.0,687.0,1969.0,769.0,5170,1,0,1,Biker
51,1889.0,687.0,1969.0,769.0,5171,1,0,1,Biker
51,1889.0,687.0,1969.0,769.0,5172,1,0,1,Biker
51,1889.0,687.0,1969.0,769.0,5173,1,0,1,Biker
51,1889.0,687.0,1969.0,769.0,5174,1,0,1,Biker
51,1889.0,687.0,1969.0,769.0,5175,1,0,1,Biker
51,1889.0,687.0,1969.0,769.0,5176,1,0,1,Biker
51,1889.0,687.0,1969.0,769.0,5177,1,0,1,Biker
51,1889.0,687.0,1969.0,769.0,5178,1,0,1,Biker
51,1889.0,687.0,1969.0,769.0,5179,1,0,1,Biker
51,1889.0,687.0,1969.0,769.0,5180,1,0,1,Biker
51,1889.0,687.0,1969.0,769.0,5181,1,0,1,Biker
51,1889.0,687.0,1969.0,769.0,5182,1,0,1,Biker
51,1889.0,687.0,1969.0,769.0,5183,1,0,1,Biker
51,1889.0,687.0,1969.0,769.0,5184,1,0,1,Biker
51,1889.0,687.0,1969.0,769.0,5185,1,0,1,Biker
51,1889.0,687.0,1969.0,769.0,5186,1,0,1,Biker
51,1889.0,687.0,1969.0,769.0,5187,1,0,1,Biker
51,1889.0,687.0,1969.0,769.0,5188,1,0,1,Biker
51,1889.0,687.0,1969.0,769.0,5189,1,0,1,Biker
51,1889.0,687.0,1969.0,769.0,5190,1,0,1,Biker
51,1889.0,687.0,1969.0,769.0,5191,1,0,1,Biker
51,1892.0,689.0,1971.0,771.0,5192,1,0,1,Biker
51,1892.0,689.0,1971.0,771.0,5193,1,0,1,Biker
51,1892.0,689.0,1971.0,771.0,5194,1,0,1,Biker
51,1892.0,689.0,1971.0,771.0,5195,1,0,1,Biker
51,1892.0,689.0,1971.0,771.0,5196,1,0,1,Biker
51,1892.0,689.0,1971.0,771.0,5197,1,0,1,Biker
51,1892.0,689.0,1971.0,771.0,5198,1,0,1,Biker
51,1892.0,689.0,1971.0,771.0,5199,1,0,1,Biker
51,1892.0,689.0,1971.0,771.0,5200,1,0,1,Biker
51,1892.0,689.0,1971.0,771.0,5201,1,0,1,Biker
51,1892.0,689.0,1971.0,771.0,5202,1,0,1,Biker
51,1892.0,689.0,1971.0,771.0,5203,1,0,1,Biker
51,1892.0,689.0,1971.0,771.0,5204,1,0,1,Biker
51,1892.0,689.0,1971.0,771.0,5205,1,0,1,Biker
51,1892.0,689.0,1971.0,771.0,5206,1,0,1,Biker
51,1892.0,689.0,1971.0,771.0,5207,1,0,1,Biker
51,1892.0,689.0,1971.0,771.0,5208,1,0,1,Biker
51,1892.0,689.0,1971.0,771.0,5209,1,0,1,Biker
51,1892.0,689.0,1971.0,771.0,5210,1,0,1,Biker
51,1892.0,689.0,1971.0,771.0,5211,1,0,1,Biker
51,1892.0,689.0,1971.0,771.0,5212,1,0,1,Biker
51,1892.0,689.0,1971.0,771.0,5213,1,0,1,Biker
51,1892.0,689.0,1971.0,771.0,5214,1,0,1,Biker
51,1892.0,689.0,1971.0,771.0,5215,1,0,1,Biker
51,1892.0,689.0,1971.0,771.0,5216,1,0,1,Biker
51,1892.0,689.0,1971.0,771.0,5217,1,0,1,Biker
51,1892.0,689.0,1971.0,771.0,5218,1,0,1,Biker
51,1892.0,689.0,1971.0,771.0,5219,1,0,1,Biker
51,1892.0,689.0,1971.0,771.0,5220,1,0,1,Biker
51,1892.0,689.0,1971.0,771.0,5221,1,0,1,Biker
51,1892.0,689.0,1971.0,771.0,5222,1,0,1,Biker
51,1892.0,689.0,1971.0,771.0,5223,1,0,1,Biker
51,1892.0,689.0,1971.0,771.0,5224,1,0,1,Biker
51,1892.0,689.0,1971.0,771.0,5225,1,0,1,Biker
51,1892.0,689.0,1971.0,771.0,5226,1,0,1,Biker
51,1892.0,689.0,1971.0,771.0,5227,1,0,1,Biker
51,1892.0,689.0,1971.0,771.0,5228,1,0,1,Biker
51,1892.0,689.0,1971.0,771.0,5229,1,0,1,Biker
51,1892.0,689.0,1971.0,771.0,5230,1,0,1,Biker
51,1892.0,692.0,1971.0,771.0,5231,1,0,1,Biker
51,1892.0,692.0,1971.0,771.0,5232,1,0,1,Biker
51,1892.0,692.0,1971.0,771.0,5233,1,0,1,Biker
51,1892.0,692.0,1971.0,771.0,5234,1,0,1,Biker
51,1892.0,692.0,1971.0,771.0,5235,1,0,1,Biker
51,1892.0,692.0,1971.0,771.0,5236,1,0,1,Biker
51,1892.0,692.0,1971.0,771.0,5237,1,0,1,Biker
51,1892.0,692.0,1971.0,771.0,5238,1,0,1,Biker
51,1892.0,692.0,1971.0,771.0,5239,1,0,1,Biker
51,1892.0,692.0,1971.0,774.0,5240,1,0,1,Biker
51,1892.0,692.0,1971.0,774.0,5241,1,0,1,Biker
51,1892.0,692.0,1971.0,774.0,5242,1,0,1,Biker
51,1892.0,692.0,1971.0,774.0,5243,1,0,1,Biker
51,1892.0,692.0,1971.0,774.0,5244,1,0,1,Biker
51,1892.0,692.0,1971.0,774.0,5245,1,0,1,Biker
51,1892.0,692.0,1971.0,774.0,5246,1,0,1,Biker
51,1892.0,692.0,1971.0,774.0,5247,1,0,1,Biker
51,1892.0,692.0,1971.0,774.0,5248,1,0,1,Biker
51,1892.0,692.0,1971.0,774.0,5249,1,0,1,Biker
51,1892.0,692.0,1971.0,774.0,5250,1,0,1,Biker
51,1892.0,692.0,1971.0,774.0,5251,1,0,1,Biker
51,1892.0,692.0,1971.0,774.0,5252,1,0,1,Biker
51,1892.0,692.0,1971.0,774.0,5253,1,0,1,Biker
51,1892.0,692.0,1971.0,774.0,5254,1,0,1,Biker
51,1892.0,692.0,1971.0,774.0,5255,1,0,1,Biker
51,1892.0,692.0,1971.0,774.0,5256,1,0,1,Biker
51,1892.0,692.0,1971.0,774.0,5257,1,0,1,Biker
51,1892.0,692.0,1971.0,774.0,5258,1,0,1,Biker
51,1892.0,692.0,1971.0,774.0,5259,1,0,1,Biker
51,1892.0,692.0,1971.0,774.0,5260,1,0,1,Biker
51,1892.0,692.0,1971.0,774.0,5261,1,0,1,Biker
51,1892.0,692.0,1971.0,774.0,5262,1,0,1,Biker
51,1892.0,692.0,1971.0,774.0,5263,1,0,1,Biker
51,1892.0,692.0,1971.0,774.0,5264,1,0,1,Biker
51,1892.0,692.0,1971.0,774.0,5265,1,0,1,Biker
51,1892.0,692.0,1971.0,774.0,5266,1,0,1,Biker
51,1892.0,692.0,1971.0,774.0,5267,1,0,1,Biker
51,1892.0,692.0,1971.0,774.0,5268,1,0,1,Biker
51,1892.0,694.0,1971.0,774.0,5269,1,0,1,Biker
51,1892.0,694.0,1971.0,774.0,5270,1,0,1,Biker
51,1892.0,694.0,1971.0,774.0,5271,1,0,1,Biker
51,1892.0,694.0,1971.0,774.0,5272,1,0,1,Biker
51,1892.0,694.0,1971.0,774.0,5273,1,0,1,Biker
51,1892.0,694.0,1971.0,774.0,5274,1,0,1,Biker
51,1892.0,694.0,1971.0,774.0,5275,1,0,1,Biker
51,1892.0,694.0,1971.0,774.0,5276,1,0,1,Biker
51,1892.0,694.0,1971.0,774.0,5277,1,0,1,Biker
51,1892.0,694.0,1971.0,774.0,5278,1,0,1,Biker
51,1892.0,694.0,1971.0,774.0,5279,1,0,1,Biker
51,1892.0,694.0,1971.0,774.0,5280,1,0,1,Biker
51,1892.0,694.0,1971.0,774.0,5281,1,0,1,Biker
51,1892.0,694.0,1971.0,774.0,5282,1,0,1,Biker
51,1892.0,694.0,1971.0,774.0,5283,1,0,1,Biker
51,1892.0,694.0,1971.0,774.0,5284,1,0,1,Biker
51,1892.0,694.0,1971.0,774.0,5285,1,0,1,Biker
51,1892.0,694.0,1971.0,774.0,5286,1,0,1,Biker
51,1892.0,694.0,1971.0,774.0,5287,1,0,1,Biker
51,1894.0,694.0,1974.0,776.0,5288,1,0,1,Biker
51,1894.0,694.0,1974.0,776.0,5289,1,0,1,Biker
51,1894.0,694.0,1974.0,776.0,5290,1,0,1,Biker
51,1894.0,694.0,1974.0,776.0,5291,1,0,1,Biker
51,1894.0,694.0,1974.0,776.0,5292,1,0,1,Biker
51,1894.0,694.0,1974.0,776.0,5293,1,0,1,Biker
51,1894.0,694.0,1974.0,776.0,5294,1,0,1,Biker
51,1894.0,694.0,1974.0,776.0,5295,1,0,1,Biker
51,1894.0,694.0,1974.0,776.0,5296,1,0,1,Biker
51,1894.0,694.0,1974.0,776.0,5297,1,0,1,Biker
51,1894.0,694.0,1974.0,776.0,5298,1,0,1,Biker
51,1894.0,694.0,1974.0,776.0,5299,1,0,1,Biker
51,1894.0,694.0,1974.0,776.0,5300,1,0,1,Biker
51,1894.0,694.0,1974.0,776.0,5301,1,0,1,Biker
51,1894.0,694.0,1974.0,776.0,5302,1,0,1,Biker
51,1894.0,694.0,1974.0,776.0,5303,1,0,1,Biker
51,1894.0,694.0,1974.0,776.0,5304,1,0,1,Biker
51,1894.0,694.0,1974.0,776.0,5305,1,0,1,Biker
51,1894.0,694.0,1974.0,776.0,5306,1,0,1,Biker
51,1894.0,694.0,1974.0,776.0,5307,1,0,1,Biker
51,1894.0,696.0,1974.0,776.0,5308,1,0,1,Biker
51,1894.0,696.0,1974.0,776.0,5309,1,0,1,Biker
51,1894.0,696.0,1974.0,776.0,5310,1,0,1,Biker
51,1894.0,696.0,1974.0,776.0,5311,1,0,1,Biker
51,1894.0,696.0,1974.0,776.0,5312,1,0,1,Biker
51,1894.0,696.0,1974.0,776.0,5313,1,0,1,Biker
51,1894.0,696.0,1974.0,776.0,5314,1,0,1,Biker
51,1894.0,696.0,1974.0,776.0,5315,1,0,1,Biker
51,1894.0,696.0,1974.0,776.0,5316,1,0,1,Biker
51,1894.0,696.0,1974.0,776.0,5317,1,0,1,Biker
51,1894.0,696.0,1974.0,776.0,5318,1,0,1,Biker
51,1894.0,696.0,1974.0,776.0,5319,1,0,1,Biker
51,1894.0,696.0,1974.0,776.0,5320,1,0,1,Biker
51,1894.0,696.0,1974.0,776.0,5321,1,0,1,Biker
51,1894.0,696.0,1974.0,776.0,5322,1,0,1,Biker
51,1894.0,696.0,1974.0,776.0,5323,1,0,1,Biker
51,1894.0,696.0,1974.0,776.0,5324,1,0,1,Biker
51,1894.0,696.0,1974.0,776.0,5325,1,0,1,Biker
51,1894.0,696.0,1974.0,776.0,5326,1,0,1,Biker
51,1894.0,696.0,1974.0,776.0,5327,1,0,1,Biker
51,1894.0,696.0,1974.0,776.0,5328,1,0,1,Biker
51,1894.0,696.0,1974.0,776.0,5329,1,0,1,Biker
51,1894.0,696.0,1974.0,776.0,5330,1,0,1,Biker
51,1894.0,696.0,1974.0,776.0,5331,1,0,1,Biker
51,1894.0,696.0,1974.0,776.0,5332,1,0,1,Biker
51,1894.0,696.0,1974.0,776.0,5333,1,0,1,Biker
51,1894.0,696.0,1974.0,776.0,5334,1,0,1,Biker
51,1894.0,696.0,1974.0,776.0,5335,1,0,1,Biker
51,1894.0,696.0,1974.0,778.0,5336,1,0,1,Biker
51,1894.0,696.0,1974.0,778.0,5337,1,0,1,Biker
51,1894.0,696.0,1974.0,778.0,5338,1,0,1,Biker
51,1894.0,696.0,1974.0,778.0,5339,1,0,1,Biker
51,1894.0,696.0,1974.0,778.0,5340,1,0,1,Biker
51,1894.0,696.0,1974.0,778.0,5341,1,0,1,Biker
51,1894.0,696.0,1974.0,778.0,5342,1,0,1,Biker
51,1894.0,696.0,1974.0,778.0,5343,1,0,1,Biker
51,1894.0,696.0,1974.0,778.0,5344,1,0,1,Biker
51,1894.0,696.0,1974.0,778.0,5345,1,0,1,Biker
51,1894.0,699.0,1974.0,778.0,5346,1,0,1,Biker
51,1894.0,699.0,1974.0,778.0,5347,1,0,1,Biker
51,1894.0,699.0,1974.0,778.0,5348,1,0,1,Biker
51,1894.0,699.0,1974.0,778.0,5349,1,0,1,Biker
51,1894.0,699.0,1974.0,778.0,5350,1,0,1,Biker
51,1894.0,699.0,1974.0,778.0,5351,1,0,1,Biker
51,1894.0,699.0,1974.0,778.0,5352,1,0,1,Biker
51,1894.0,699.0,1974.0,778.0,5353,1,0,1,Biker
51,1894.0,699.0,1974.0,778.0,5354,1,0,1,Biker
51,1894.0,699.0,1974.0,778.0,5355,1,0,1,Biker
51,1894.0,699.0,1974.0,778.0,5356,1,0,1,Biker
51,1894.0,699.0,1974.0,778.0,5357,1,0,1,Biker
51,1894.0,699.0,1974.0,778.0,5358,1,0,1,Biker
51,1894.0,699.0,1974.0,778.0,5359,1,0,1,Biker
51,1894.0,699.0,1974.0,778.0,5360,1,0,1,Biker
51,1894.0,699.0,1974.0,778.0,5361,1,0,1,Biker
51,1894.0,699.0,1974.0,778.0,5362,1,0,1,Biker
51,1894.0,699.0,1974.0,778.0,5363,1,0,1,Biker
51,1894.0,699.0,1974.0,778.0,5364,1,0,1,Biker
51,1894.0,699.0,1974.0,778.0,5365,1,0,1,Biker
51,1894.0,699.0,1974.0,778.0,5366,1,0,1,Biker
51,1894.0,699.0,1974.0,778.0,5367,1,0,1,Biker
51,1894.0,699.0,1974.0,778.0,5368,1,0,1,Biker
51,1894.0,699.0,1974.0,778.0,5369,1,0,1,Biker
51,1894.0,699.0,1974.0,778.0,5370,1,0,1,Biker
51,1894.0,699.0,1974.0,778.0,5371,1,0,1,Biker
51,1894.0,699.0,1974.0,778.0,5372,1,0,1,Biker
51,1894.0,699.0,1974.0,778.0,5373,1,0,1,Biker
51,1894.0,699.0,1974.0,778.0,5374,1,0,1,Biker
51,1894.0,699.0,1974.0,778.0,5375,1,0,1,Biker
51,1894.0,699.0,1974.0,778.0,5376,1,0,1,Biker
51,1894.0,699.0,1974.0,778.0,5377,1,0,1,Biker
51,1894.0,699.0,1974.0,778.0,5378,1,0,1,Biker
51,1894.0,699.0,1974.0,778.0,5379,1,0,1,Biker
51,1894.0,699.0,1974.0,778.0,5380,1,0,1,Biker
51,1894.0,699.0,1974.0,778.0,5381,1,0,1,Biker
51,1894.0,699.0,1974.0,778.0,5382,1,0,1,Biker
51,1894.0,699.0,1974.0,778.0,5383,1,0,1,Biker
51,1897.0,701.0,1977.0,781.0,5384,0,0,0,Biker
51,1894.0,701.0,1974.0,781.0,5385,0,0,1,Biker
51,1894.0,701.0,1974.0,781.0,5386,0,0,1,Biker
51,1894.0,701.0,1974.0,781.0,5387,0,0,1,Biker
51,1892.0,701.0,1971.0,781.0,5388,0,0,1,Biker
51,1892.0,701.0,1971.0,781.0,5389,0,0,1,Biker
51,1892.0,701.0,1971.0,781.0,5390,0,0,1,Biker
51,1889.0,701.0,1969.0,781.0,5391,0,0,1,Biker
51,1889.0,701.0,1969.0,781.0,5392,0,0,1,Biker
51,1889.0,701.0,1969.0,781.0,5393,0,0,1,Biker
51,1889.0,701.0,1969.0,781.0,5394,0,0,1,Biker
51,1886.0,701.0,1966.0,781.0,5395,0,0,1,Biker
51,1886.0,701.0,1966.0,781.0,5396,0,0,1,Biker
51,1886.0,701.0,1966.0,781.0,5397,0,0,1,Biker
51,1883.0,701.0,1963.0,781.0,5398,0,0,1,Biker
51,1883.0,701.0,1963.0,781.0,5399,0,0,1,Biker
51,1883.0,701.0,1963.0,781.0,5400,0,0,1,Biker
51,1881.0,701.0,1960.0,781.0,5401,0,0,1,Biker
51,1881.0,701.0,1960.0,781.0,5402,0,0,1,Biker
51,1881.0,701.0,1960.0,781.0,5403,0,0,1,Biker
51,1881.0,701.0,1960.0,781.0,5404,0,0,0,Biker
51,1875.0,699.0,1955.0,778.0,5405,0,0,1,Biker
51,1870.0,699.0,1949.0,778.0,5406,0,0,1,Biker
51,1864.0,699.0,1944.0,778.0,5407,0,0,1,Biker
51,1859.0,699.0,1938.0,778.0,5408,0,0,1,Biker
51,1853.0,699.0,1933.0,778.0,5409,0,0,1,Biker
51,1850.0,699.0,1930.0,778.0,5410,0,0,1,Biker
51,1845.0,699.0,1925.0,778.0,5411,0,0,1,Biker
51,1839.0,696.0,1919.0,776.0,5412,0,0,1,Biker
51,1834.0,696.0,1914.0,776.0,5413,0,0,1,Biker
51,1828.0,696.0,1908.0,776.0,5414,0,0,1,Biker
51,1823.0,696.0,1903.0,776.0,5415,0,0,1,Biker
51,1820.0,696.0,1900.0,776.0,5416,0,0,1,Biker
51,1815.0,696.0,1894.0,776.0,5417,0,0,1,Biker
51,1809.0,696.0,1889.0,776.0,5418,0,0,1,Biker
51,1804.0,696.0,1883.0,776.0,5419,0,0,1,Biker
51,1798.0,694.0,1878.0,774.0,5420,0,0,1,Biker
51,1793.0,694.0,1872.0,774.0,5421,0,0,1,Biker
51,1790.0,694.0,1870.0,774.0,5422,0,0,1,Biker
51,1784.0,694.0,1864.0,774.0,5423,0,0,1,Biker
51,1779.0,694.0,1859.0,774.0,5424,0,0,1,Biker
51,1773.0,694.0,1853.0,774.0,5425,0,0,1,Biker
51,1768.0,694.0,1848.0,774.0,5426,0,0,1,Biker
51,1762.0,692.0,1842.0,771.0,5427,0,0,1,Biker
51,1760.0,692.0,1839.0,771.0,5428,0,0,1,Biker
51,1754.0,692.0,1834.0,771.0,5429,0,0,1,Biker
51,1749.0,692.0,1828.0,771.0,5430,0,0,1,Biker
51,1743.0,692.0,1823.0,771.0,5431,0,0,1,Biker
51,1738.0,692.0,1817.0,771.0,5432,0,0,1,Biker
51,1732.0,692.0,1812.0,771.0,5433,0,0,1,Biker
51,1729.0,692.0,1809.0,771.0,5434,0,0,0,Biker
51,1724.0,689.0,1804.0,769.0,5435,0,0,1,Biker
51,1718.0,689.0,1798.0,769.0,5436,0,0,1,Biker
51,1713.0,689.0,1793.0,769.0,5437,0,0,1,Biker
51,1707.0,689.0,1787.0,769.0,5438,0,0,1,Biker
51,1702.0,689.0,1782.0,769.0,5439,0,0,1,Biker
51,1699.0,689.0,1779.0,769.0,5440,0,0,1,Biker
51,1694.0,689.0,1773.0,769.0,5441,0,0,1,Biker
51,1688.0,689.0,1768.0,769.0,5442,0,0,1,Biker
51,1683.0,689.0,1762.0,769.0,5443,0,0,1,Biker
51,1677.0,689.0,1757.0,769.0,5444,0,0,1,Biker
51,1674.0,689.0,1754.0,769.0,5445,0,0,1,Biker
51,1669.0,689.0,1749.0,769.0,5446,0,0,1,Biker
51,1663.0,689.0,1743.0,767.0,5447,0,0,1,Biker
51,1658.0,689.0,1738.0,767.0,5448,0,0,1,Biker
51,1652.0,689.0,1732.0,767.0,5449,0,0,1,Biker
51,1647.0,687.0,1727.0,767.0,5450,0,0,1,Biker
51,1644.0,687.0,1724.0,767.0,5451,0,0,1,Biker
51,1639.0,687.0,1718.0,767.0,5452,0,0,1,Biker
51,1633.0,687.0,1713.0,767.0,5453,0,0,1,Biker
51,1628.0,687.0,1707.0,767.0,5454,0,0,1,Biker
51,1622.0,687.0,1702.0,767.0,5455,0,0,1,Biker
51,1619.0,687.0,1699.0,767.0,5456,0,0,1,Biker
51,1614.0,687.0,1694.0,767.0,5457,0,0,1,Biker
51,1608.0,687.0,1688.0,767.0,5458,0,0,1,Biker
51,1603.0,687.0,1683.0,765.0,5459,0,0,1,Biker
51,1597.0,687.0,1677.0,765.0,5460,0,0,1,Biker
51,1592.0,687.0,1672.0,765.0,5461,0,0,1,Biker
51,1589.0,687.0,1669.0,765.0,5462,0,0,1,Biker
51,1584.0,687.0,1663.0,765.0,5463,0,0,1,Biker
51,1578.0,687.0,1658.0,765.0,5464,0,0,1,Biker
51,1573.0,685.0,1652.0,765.0,5465,0,0,1,Biker
51,1567.0,685.0,1647.0,765.0,5466,0,0,1,Biker
51,1564.0,685.0,1644.0,765.0,5467,0,0,1,Biker
51,1559.0,685.0,1639.0,765.0,5468,0,0,1,Biker
51,1553.0,685.0,1633.0,765.0,5469,0,0,1,Biker
51,1548.0,685.0,1628.0,765.0,5470,0,0,1,Biker
51,1542.0,685.0,1622.0,762.0,5471,0,0,1,Biker
51,1537.0,685.0,1617.0,762.0,5472,0,0,1,Biker
51,1534.0,685.0,1614.0,762.0,5473,0,0,1,Biker
51,1529.0,685.0,1608.0,762.0,5474,0,0,1,Biker
51,1523.0,685.0,1603.0,762.0,5475,0,0,1,Biker
51,1518.0,685.0,1597.0,762.0,5476,0,0,1,Biker
51,1512.0,685.0,1592.0,762.0,5477,0,0,1,Biker
51,1509.0,685.0,1589.0,762.0,5478,0,0,1,Biker
51,1504.0,685.0,1584.0,762.0,5479,0,0,1,Biker
51,1498.0,683.0,1578.0,762.0,5480,0,0,1,Biker
51,1493.0,683.0,1573.0,762.0,5481,0,0,1,Biker
51,1487.0,683.0,1567.0,762.0,5482,0,0,1,Biker
51,1482.0,683.0,1562.0,760.0,5483,0,0,1,Biker
51,1479.0,683.0,1559.0,760.0,5484,0,0,1,Biker
51,1474.0,683.0,1553.0,760.0,5485,0,0,1,Biker
51,1468.0,683.0,1548.0,760.0,5486,0,0,1,Biker
51,1463.0,683.0,1542.0,760.0,5487,0,0,1,Biker
51,1457.0,683.0,1537.0,760.0,5488,0,0,1,Biker
51,1454.0,683.0,1534.0,760.0,5489,0,0,1,Biker
51,1449.0,683.0,1529.0,760.0,5490,0,0,1,Biker
51,1443.0,683.0,1523.0,760.0,5491,0,0,1,Biker
51,1438.0,683.0,1518.0,760.0,5492,0,0,1,Biker
51,1432.0,683.0,1512.0,760.0,5493,0,0,1,Biker
51,1430.0,683.0,1509.0,760.0,5494,0,0,0,Biker
51,1424.0,680.0,1504.0,758.0,5495,0,0,1,Biker
51,1419.0,680.0,1498.0,758.0,5496,0,0,1,Biker
51,1413.0,680.0,1493.0,758.0,5497,0,0,1,Biker
51,1408.0,678.0,1487.0,755.0,5498,0,0,1,Biker
51,1402.0,678.0,1482.0,755.0,5499,0,0,1,Biker
51,1399.0,678.0,1476.0,755.0,5500,0,0,0,Biker
51,1394.0,676.0,1471.0,753.0,5501,0,0,1,Biker
51,1388.0,674.0,1465.0,751.0,5502,0,0,1,Biker
51,1383.0,674.0,1463.0,749.0,5503,0,0,1,Biker
51,1377.0,671.0,1457.0,746.0,5504,0,0,1,Biker
51,1372.0,669.0,1452.0,744.0,5505,0,0,1,Biker
51,1366.0,669.0,1449.0,744.0,5506,0,0,1,Biker
51,1364.0,667.0,1443.0,742.0,5507,0,0,1,Biker
51,1358.0,667.0,1438.0,740.0,5508,0,0,1,Biker
51,1353.0,664.0,1435.0,737.0,5509,0,0,1,Biker
51,1347.0,662.0,1430.0,735.0,5510,0,0,1,Biker
51,1342.0,662.0,1424.0,733.0,5511,0,0,1,Biker
51,1336.0,660.0,1421.0,733.0,5512,0,0,1,Biker
51,1333.0,658.0,1416.0,730.0,5513,0,0,1,Biker
51,1328.0,658.0,1413.0,728.0,5514,0,0,1,Biker
51,1322.0,655.0,1408.0,726.0,5515,0,0,1,Biker
51,1317.0,655.0,1402.0,724.0,5516,0,0,1,Biker
51,1311.0,653.0,1399.0,724.0,5517,0,0,1,Biker
51,1306.0,651.0,1394.0,721.0,5518,0,0,1,Biker
51,1303.0,651.0,1388.0,719.0,5519,0,0,1,Biker
51,1298.0,648.0,1386.0,717.0,5520,0,0,1,Biker
51,1292.0,646.0,1380.0,715.0,5521,0,0,1,Biker
51,1287.0,646.0,1375.0,712.0,5522,0,0,1,Biker
51,1281.0,644.0,1372.0,712.0,5523,0,0,1,Biker
51,1276.0,644.0,1366.0,710.0,5524,0,0,1,Biker
51,1273.0,642.0,1364.0,708.0,5525,0,0,1,Biker
51,1267.0,639.0,1358.0,705.0,5526,0,0,1,Biker
51,1262.0,639.0,1353.0,703.0,5527,0,0,1,Biker
51,1256.0,637.0,1350.0,703.0,5528,0,0,1,Biker
51,1251.0,637.0,1344.0,701.0,5529,0,0,1,Biker
51,1245.0,635.0,1339.0,699.0,5530,0,0,1,Biker
51,1240.0,633.0,1336.0,696.0,5531,0,0,1,Biker
51,1237.0,633.0,1331.0,694.0,5532,0,0,1,Biker
51,1232.0,630.0,1325.0,692.0,5533,0,0,1,Biker
51,1226.0,628.0,1322.0,692.0,5534,0,0,1,Biker
51,1221.0,628.0,1317.0,689.0,5535,0,0,1,Biker
51,1215.0,626.0,1311.0,687.0,5536,0,0,1,Biker
51,1210.0,626.0,1309.0,685.0,5537,0,0,1,Biker
51,1207.0,623.0,1303.0,683.0,5538,0,0,1,Biker
51,1201.0,621.0,1300.0,683.0,5539,0,0,1,Biker
51,1196.0,621.0,1295.0,680.0,5540,0,0,1,Biker
51,1190.0,619.0,1289.0,678.0,5541,0,0,1,Biker
51,1185.0,617.0,1287.0,676.0,5542,0,0,1,Biker
51,1179.0,617.0,1281.0,674.0,5543,0,0,1,Biker
51,1177.0,614.0,1276.0,671.0,5544,0,0,1,Biker
51,1171.0,614.0,1273.0,671.0,5545,0,0,1,Biker
51,1166.0,612.0,1267.0,669.0,5546,0,0,1,Biker
51,1160.0,610.0,1262.0,667.0,5547,0,0,1,Biker
51,1155.0,610.0,1259.0,664.0,5548,0,0,1,Biker
51,1149.0,607.0,1254.0,662.0,5549,0,0,1,Biker
51,1146.0,607.0,1251.0,662.0,5550,0,0,0,Biker
51,1141.0,603.0,1245.0,658.0,5551,0,0,1,Biker
51,1138.0,601.0,1243.0,655.0,5552,0,0,1,Biker
51,1135.0,596.0,1240.0,651.0,5553,0,0,1,Biker
51,1130.0,594.0,1234.0,648.0,5554,0,0,1,Biker
51,1127.0,589.0,1232.0,644.0,5555,0,0,1,Biker
51,1124.0,587.0,1229.0,642.0,5556,0,0,1,Biker
51,1119.0,582.0,1223.0,637.0,5557,0,0,1,Biker
51,1116.0,580.0,1221.0,635.0,5558,0,0,1,Biker
51,1113.0,576.0,1218.0,630.0,5559,0,0,1,Biker
51,1108.0,573.0,1212.0,628.0,5560,0,0,1,Biker
51,1105.0,569.0,1210.0,623.0,5561,0,0,1,Biker
51,1102.0,566.0,1207.0,621.0,5562,0,0,1,Biker
51,1097.0,562.0,1201.0,617.0,5563,0,0,1,Biker
51,1094.0,560.0,1199.0,614.0,5564,0,0,1,Biker
51,1091.0,555.0,1196.0,610.0,5565,0,0,1,Biker
51,1086.0,553.0,1190.0,607.0,5566,0,0,1,Biker
51,1083.0,548.0,1188.0,603.0,5567,0,0,1,Biker
51,1080.0,546.0,1185.0,601.0,5568,0,0,1,Biker
51,1075.0,541.0,1179.0,596.0,5569,0,0,1,Biker
51,1072.0,539.0,1177.0,594.0,5570,0,0,1,Biker
51,1069.0,535.0,1174.0,589.0,5571,0,0,1,Biker
51,1064.0,532.0,1168.0,587.0,5572,0,0,1,Biker
51,1061.0,528.0,1166.0,582.0,5573,0,0,1,Biker
51,1058.0,526.0,1163.0,580.0,5574,0,0,1,Biker
51,1053.0,521.0,1157.0,576.0,5575,0,0,1,Biker
51,1050.0,519.0,1155.0,573.0,5576,0,0,1,Biker
51,1047.0,514.0,1152.0,569.0,5577,0,0,1,Biker
51,1042.0,512.0,1146.0,566.0,5578,0,0,1,Biker
51,1039.0,507.0,1144.0,562.0,5579,0,0,1,Biker
51,1036.0,505.0,1141.0,560.0,5580,0,0,1,Biker
51,1031.0,500.0,1135.0,555.0,5581,0,0,1,Biker
51,1028.0,498.0,1133.0,553.0,5582,0,0,1,Biker
51,1025.0,494.0,1130.0,548.0,5583,0,0,1,Biker
51,1020.0,491.0,1124.0,546.0,5584,0,0,1,Biker
51,1017.0,487.0,1122.0,541.0,5585,0,0,1,Biker
51,1014.0,485.0,1119.0,539.0,5586,0,0,0,Biker
51,1012.0,480.0,1116.0,535.0,5587,0,0,1,Biker
51,1009.0,475.0,1113.0,530.0,5588,0,0,1,Biker
51,1006.0,471.0,1111.0,526.0,5589,0,0,1,Biker
51,1003.0,466.0,1108.0,521.0,5590,0,0,1,Biker
51,1001.0,462.0,1105.0,516.0,5591,0,0,1,Biker
51,998.0,457.0,1102.0,512.0,5592,0,0,1,Biker
51,998.0,455.0,1102.0,510.0,5593,0,0,1,Biker
51,995.0,450.0,1100.0,505.0,5594,0,0,1,Biker
51,992.0,446.0,1097.0,500.0,5595,0,0,1,Biker
51,990.0,441.0,1094.0,496.0,5596,0,0,1,Biker
51,987.0,437.0,1091.0,491.0,5597,0,0,1,Biker
51,984.0,432.0,1089.0,487.0,5598,0,0,1,Biker
51,984.0,430.0,1089.0,485.0,5599,0,0,1,Biker
51,981.0,425.0,1086.0,480.0,5600,0,0,1,Biker
51,979.0,421.0,1083.0,475.0,5601,0,0,1,Biker
51,976.0,416.0,1080.0,471.0,5602,0,0,1,Biker
51,973.0,412.0,1078.0,466.0,5603,0,0,1,Biker
51,970.0,407.0,1075.0,462.0,5604,0,0,1,Biker
51,968.0,403.0,1072.0,457.0,5605,0,0,1,Biker
51,968.0,400.0,1072.0,455.0,5606,0,0,1,Biker
51,965.0,396.0,1069.0,450.0,5607,0,0,1,Biker
51,962.0,391.0,1067.0,446.0,5608,0,0,1,Biker
51,959.0,387.0,1064.0,441.0,5609,0,0,1,Biker
51,957.0,382.0,1061.0,437.0,5610,0,0,1,Biker
51,954.0,377.0,1058.0,432.0,5611,0,0,1,Biker
51,954.0,375.0,1058.0,430.0,5612,0,0,1,Biker
51,951.0,371.0,1056.0,425.0,5613,0,0,1,Biker
51,948.0,366.0,1053.0,421.0,5614,0,0,1,Biker
51,946.0,362.0,1050.0,416.0,5615,0,0,1,Biker
51,943.0,357.0,1047.0,412.0,5616,0,0,1,Biker
51,940.0,352.0,1045.0,407.0,5617,0,0,1,Biker
51,940.0,350.0,1045.0,405.0,5618,0,0,0,Biker
51,937.0,346.0,1042.0,400.0,5619,0,0,1,Biker
51,935.0,341.0,1039.0,396.0,5620,0,0,1,Biker
51,932.0,337.0,1036.0,391.0,5621,0,0,1,Biker
51,929.0,332.0,1034.0,387.0,5622,0,0,1,Biker
51,926.0,327.0,1031.0,382.0,5623,0,0,1,Biker
51,924.0,323.0,1028.0,377.0,5624,0,0,1,Biker
51,924.0,321.0,1028.0,375.0,5625,0,0,1,Biker
51,921.0,316.0,1025.0,371.0,5626,0,0,1,Biker
51,918.0,311.0,1023.0,366.0,5627,0,0,1,Biker
51,915.0,307.0,1020.0,362.0,5628,0,0,1,Biker
51,913.0,302.0,1017.0,357.0,5629,0,0,1,Biker
51,910.0,298.0,1014.0,352.0,5630,0,0,1,Biker
51,907.0,293.0,1012.0,348.0,5631,0,0,1,Biker
51,907.0,291.0,1012.0,346.0,5632,0,0,1,Biker
51,904.0,286.0,1009.0,341.0,5633,0,0,1,Biker
51,902.0,282.0,1006.0,337.0,5634,0,0,1,Biker
51,899.0,277.0,1003.0,332.0,5635,0,0,1,Biker
51,896.0,273.0,1001.0,327.0,5636,0,0,1,Biker
51,893.0,268.0,998.0,323.0,5637,0,0,1,Biker
51,891.0,264.0,995.0,318.0,5638,0,0,1,Biker
51,891.0,261.0,995.0,316.0,5639,0,0,1,Biker
51,888.0,257.0,992.0,311.0,5640,0,0,1,Biker
51,885.0,252.0,990.0,307.0,5641,0,0,1,Biker
51,882.0,248.0,987.0,302.0,5642,0,0,1,Biker
51,880.0,243.0,984.0,298.0,5643,0,0,1,Biker
51,877.0,239.0,981.0,293.0,5644,0,0,1,Biker
51,874.0,234.0,979.0,289.0,5645,0,0,1,Biker
51,874.0,232.0,979.0,286.0,5646,0,0,1,Biker
51,871.0,227.0,976.0,282.0,5647,0,0,1,Biker
51,869.0,223.0,973.0,277.0,5648,0,0,1,Biker
51,866.0,218.0,970.0,273.0,5649,0,0,1,Biker
51,863.0,214.0,968.0,268.0,5650,0,0,1,Biker
51,860.0,209.0,965.0,264.0,5651,0,0,1,Biker
51,858.0,204.0,962.0,259.0,5652,0,0,1,Biker
51,858.0,202.0,962.0,257.0,5653,0,0,0,Biker
51,855.0,198.0,959.0,252.0,5654,0,0,1,Biker
51,852.0,193.0,957.0,248.0,5655,0,0,1,Biker
51,849.0,188.0,954.0,243.0,5656,0,0,1,Biker
51,849.0,184.0,954.0,239.0,5657,0,0,1,Biker
51,847.0,179.0,951.0,234.0,5658,0,0,1,Biker
51,844.0,177.0,948.0,232.0,5659,0,0,1,Biker
51,844.0,173.0,948.0,227.0,5660,0,0,1,Biker
51,841.0,168.0,946.0,223.0,5661,0,0,1,Biker
51,838.0,163.0,943.0,218.0,5662,0,0,1,Biker
51,838.0,159.0,943.0,214.0,5663,0,0,1,Biker
51,836.0,157.0,940.0,211.0,5664,0,0,1,Biker
51,833.0,152.0,937.0,207.0,5665,0,0,1,Biker
51,833.0,148.0,937.0,202.0,5666,0,0,1,Biker
51,830.0,143.0,935.0,198.0,5667,0,0,1,Biker
51,827.0,138.0,932.0,193.0,5668,0,0,1,Biker
51,825.0,136.0,929.0,191.0,5669,0,0,1,Biker
51,825.0,132.0,929.0,186.0,5670,0,0,1,Biker
51,822.0,127.0,926.0,182.0,5671,0,0,1,Biker
51,819.0,122.0,924.0,177.0,5672,0,0,1,Biker
51,819.0,118.0,924.0,173.0,5673,0,0,1,Biker
51,816.0,116.0,921.0,170.0,5674,0,0,1,Biker
51,814.0,111.0,918.0,166.0,5675,0,0,1,Biker
51,814.0,107.0,918.0,161.0,5676,0,0,1,Biker
51,811.0,102.0,915.0,157.0,5677,0,0,1,Biker
51,808.0,97.0,913.0,152.0,5678,0,0,1,Biker
51,808.0,95.0,913.0,150.0,5679,0,0,0,Biker
51,805.0,91.0,910.0,145.0,5680,0,0,1,Biker
51,805.0,86.0,910.0,141.0,5681,0,0,1,Biker
51,803.0,84.0,907.0,138.0,5682,0,0,1,Biker
51,803.0,79.0,907.0,134.0,5683,0,0,1,Biker
51,800.0,75.0,904.0,129.0,5684,0,0,1,Biker
51,800.0,72.0,904.0,127.0,5685,0,0,1,Biker
51,800.0,68.0,904.0,122.0,5686,0,0,1,Biker
51,797.0,66.0,902.0,118.0,5687,0,0,1,Biker
51,797.0,61.0,902.0,116.0,5688,0,0,1,Biker
51,794.0,56.0,899.0,111.0,5689,0,0,1,Biker
51,794.0,54.0,899.0,107.0,5690,0,0,1,Biker
51,792.0,50.0,896.0,104.0,5691,0,0,1,Biker
51,792.0,47.0,896.0,100.0,5692,0,0,1,Biker
51,792.0,43.0,896.0,95.0,5693,0,0,1,Biker
51,789.0,38.0,893.0,93.0,5694,0,0,1,Biker
51,789.0,36.0,893.0,88.0,5695,0,0,1,Biker
51,786.0,31.0,891.0,84.0,5696,0,0,1,Biker
51,786.0,27.0,891.0,81.0,5697,0,0,1,Biker
51,783.0,25.0,888.0,77.0,5698,0,0,1,Biker
51,783.0,20.0,888.0,72.0,5699,0,0,1,Biker
51,783.0,18.0,888.0,70.0,5700,0,0,1,Biker
51,781.0,13.0,885.0,66.0,5701,0,0,1,Biker
51,781.0,9.0,885.0,61.0,5702,0,0,1,Biker
51,778.0,6.0,882.0,59.0,5703,0,0,1,Biker
51,778.0,2.0,882.0,54.0,5704,0,0,1,Biker
51,778.0,0.0,882.0,52.0,5705,0,0,0,Biker
51,775.0,0.0,880.0,52.0,5706,0,0,1,Biker
51,772.0,0.0,877.0,52.0,5707,0,0,1,Biker
51,772.0,0.0,877.0,52.0,5708,0,0,1,Biker
51,770.0,0.0,874.0,52.0,5709,0,0,1,Biker
51,770.0,0.0,874.0,52.0,5710,0,0,1,Biker
51,767.0,0.0,871.0,52.0,5711,0,0,1,Biker
51,767.0,0.0,871.0,52.0,5712,0,0,0,Biker
51,764.0,0.0,869.0,52.0,5713,0,0,1,Biker
51,764.0,0.0,869.0,52.0,5714,0,0,1,Biker
51,764.0,0.0,869.0,52.0,5715,0,0,1,Biker
51,761.0,0.0,866.0,52.0,5716,0,0,1,Biker
51,761.0,0.0,866.0,52.0,5717,0,0,1,Biker
51,761.0,0.0,866.0,52.0,5718,0,0,1,Biker
51,761.0,0.0,866.0,52.0,5719,1,0,0,Biker
51,759.0,0.0,863.0,52.0,5720,1,0,1,Biker
51,759.0,0.0,863.0,52.0,5721,1,0,1,Biker
51,756.0,0.0,860.0,52.0,5722,1,0,1,Biker
51,756.0,0.0,860.0,52.0,5723,1,0,1,Biker
51,756.0,0.0,860.0,52.0,5724,1,0,0,Biker
51,756.0,0.0,860.0,52.0,5725,1,0,1,Biker
51,756.0,0.0,860.0,52.0,5726,1,0,1,Biker
51,756.0,0.0,860.0,52.0,5727,1,0,1,Biker
51,756.0,0.0,860.0,52.0,5728,1,0,1,Biker
51,756.0,0.0,860.0,52.0,5729,1,0,1,Biker
51,756.0,0.0,860.0,52.0,5730,1,0,1,Biker
51,756.0,0.0,860.0,52.0,5731,1,0,1,Biker
51,756.0,0.0,860.0,52.0,5732,1,0,1,Biker
51,756.0,0.0,860.0,52.0,5733,1,0,1,Biker
51,756.0,0.0,860.0,52.0,5734,1,0,1,Biker
51,756.0,0.0,860.0,52.0,5735,1,0,1,Biker
51,756.0,0.0,860.0,52.0,5736,1,0,1,Biker
51,756.0,0.0,860.0,52.0,5737,1,0,1,Biker
51,756.0,0.0,860.0,52.0,5738,1,0,1,Biker
51,756.0,0.0,860.0,52.0,5739,1,0,1,Biker
51,756.0,0.0,860.0,52.0,5740,1,0,1,Biker
51,756.0,0.0,860.0,52.0,5741,1,0,1,Biker
51,756.0,0.0,860.0,52.0,5742,1,0,1,Biker
51,756.0,0.0,860.0,52.0,5743,1,0,1,Biker
51,756.0,0.0,860.0,52.0,5744,1,0,1,Biker
51,756.0,0.0,860.0,52.0,5745,1,0,1,Biker
51,756.0,0.0,860.0,52.0,5746,1,0,1,Biker
51,756.0,0.0,860.0,52.0,5747,1,0,1,Biker
51,756.0,0.0,860.0,52.0,5748,1,0,1,Biker
51,756.0,0.0,860.0,52.0,5749,1,0,1,Biker
51,756.0,0.0,860.0,52.0,5750,1,0,1,Biker
51,756.0,0.0,860.0,52.0,5751,1,0,1,Biker
51,756.0,0.0,860.0,52.0,5752,1,0,1,Biker
51,756.0,0.0,860.0,52.0,5753,1,0,1,Biker
51,756.0,0.0,860.0,52.0,5754,1,0,1,Biker
51,756.0,0.0,860.0,52.0,5755,1,0,1,Biker
51,756.0,0.0,860.0,52.0,5756,1,0,1,Biker
51,756.0,0.0,860.0,52.0,5757,1,0,1,Biker
51,756.0,0.0,860.0,52.0,5758,1,0,1,Biker
51,756.0,0.0,860.0,52.0,5759,1,0,1,Biker
51,756.0,0.0,860.0,52.0,5760,1,0,1,Biker
51,756.0,0.0,860.0,52.0,5761,1,0,1,Biker
51,756.0,0.0,860.0,52.0,5762,1,0,1,Biker
51,756.0,0.0,860.0,52.0,5763,1,0,1,Biker
51,756.0,0.0,860.0,52.0,5764,1,0,1,Biker
51,756.0,0.0,860.0,52.0,5765,1,0,1,Biker
51,756.0,0.0,860.0,52.0,5766,1,0,1,Biker
51,756.0,0.0,860.0,52.0,5767,1,0,1,Biker
51,756.0,0.0,860.0,52.0,5768,1,0,1,Biker
51,756.0,0.0,860.0,52.0,5769,1,0,1,Biker
51,756.0,0.0,860.0,52.0,5770,1,0,1,Biker
51,756.0,0.0,860.0,52.0,5771,1,0,1,Biker
51,756.0,0.0,860.0,52.0,5772,1,0,1,Biker
51,756.0,0.0,860.0,52.0,5773,1,0,1,Biker
51,756.0,0.0,860.0,52.0,5774,1,0,1,Biker
51,756.0,0.0,860.0,52.0,5775,1,0,1,Biker
51,756.0,0.0,860.0,52.0,5776,1,0,1,Biker
51,756.0,0.0,860.0,52.0,5777,1,0,1,Biker
51,756.0,0.0,860.0,52.0,5778,1,0,1,Biker
51,756.0,0.0,860.0,52.0,5779,1,0,1,Biker
51,756.0,0.0,860.0,52.0,5780,1,0,1,Biker
51,756.0,0.0,860.0,52.0,5781,1,0,1,Biker
51,756.0,0.0,860.0,52.0,5782,1,0,1,Biker
51,756.0,0.0,860.0,52.0,5783,1,0,1,Biker
51,756.0,0.0,860.0,52.0,5784,1,0,1,Biker
51,756.0,0.0,860.0,52.0,5785,1,0,1,Biker
51,756.0,0.0,860.0,52.0,5786,1,0,1,Biker
51,756.0,0.0,860.0,52.0,5787,1,0,1,Biker
51,756.0,0.0,860.0,52.0,5788,1,0,1,Biker
51,756.0,0.0,860.0,52.0,5789,1,0,1,Biker
51,756.0,0.0,860.0,52.0,5790,1,0,1,Biker
51,756.0,0.0,860.0,52.0,5791,1,0,1,Biker
51,756.0,0.0,860.0,52.0,5792,1,0,1,Biker
51,756.0,0.0,860.0,52.0,5793,1,0,1,Biker
51,756.0,0.0,860.0,52.0,5794,1,0,1,Biker
51,756.0,0.0,860.0,52.0,5795,1,0,1,Biker
51,756.0,0.0,860.0,52.0,5796,1,0,1,Biker
51,756.0,0.0,860.0,52.0,5797,1,0,1,Biker
51,756.0,0.0,860.0,52.0,5798,1,0,1,Biker
51,756.0,0.0,860.0,52.0,5799,1,0,1,Biker
51,756.0,0.0,860.0,52.0,5800,1,0,1,Biker
51,756.0,0.0,860.0,52.0,5801,1,0,1,Biker
51,756.0,0.0,860.0,52.0,5802,1,0,1,Biker
51,756.0,0.0,860.0,52.0,5803,1,0,1,Biker
51,756.0,0.0,860.0,52.0,5804,1,0,1,Biker
51,756.0,0.0,860.0,52.0,5805,1,0,1,Biker
51,756.0,0.0,860.0,52.0,5806,1,0,1,Biker
51,756.0,0.0,860.0,52.0,5807,1,0,1,Biker
51,756.0,0.0,860.0,52.0,5808,1,0,1,Biker
51,756.0,0.0,860.0,52.0,5809,1,0,1,Biker
51,756.0,0.0,860.0,52.0,5810,1,0,1,Biker
51,756.0,0.0,860.0,52.0,5811,1,0,1,Biker
51,756.0,0.0,860.0,52.0,5812,1,0,1,Biker
51,756.0,0.0,860.0,52.0,5813,1,0,1,Biker
51,756.0,0.0,860.0,52.0,5814,1,0,1,Biker
51,756.0,0.0,860.0,52.0,5815,1,0,1,Biker
51,756.0,0.0,860.0,52.0,5816,1,0,1,Biker
51,756.0,0.0,860.0,52.0,5817,1,0,1,Biker
51,756.0,0.0,860.0,52.0,5818,1,0,1,Biker
51,756.0,0.0,860.0,52.0,5819,1,0,1,Biker
51,756.0,0.0,860.0,52.0,5820,1,0,1,Biker
51,756.0,0.0,860.0,52.0,5821,1,0,1,Biker
51,756.0,0.0,860.0,52.0,5822,1,0,1,Biker
51,756.0,0.0,860.0,52.0,5823,1,0,1,Biker
51,756.0,0.0,860.0,52.0,5824,1,0,1,Biker
51,756.0,0.0,860.0,52.0,5825,1,0,1,Biker
51,756.0,0.0,860.0,52.0,5826,1,0,1,Biker
51,756.0,0.0,860.0,52.0,5827,1,0,1,Biker
51,756.0,0.0,860.0,52.0,5828,1,0,1,Biker
51,756.0,0.0,860.0,52.0,5829,1,0,1,Biker
51,756.0,0.0,860.0,52.0,5830,1,0,1,Biker
51,756.0,0.0,860.0,52.0,5831,1,0,1,Biker
51,756.0,0.0,860.0,52.0,5832,1,0,1,Biker
51,756.0,0.0,860.0,52.0,5833,1,0,1,Biker
51,756.0,0.0,860.0,52.0,5834,1,0,1,Biker
51,756.0,0.0,860.0,52.0,5835,1,0,1,Biker
51,756.0,0.0,860.0,52.0,5836,1,0,1,Biker
51,756.0,0.0,860.0,52.0,5837,1,0,1,Biker
51,756.0,0.0,860.0,52.0,5838,1,0,1,Biker
51,756.0,0.0,860.0,52.0,5839,1,0,1,Biker
51,756.0,0.0,860.0,52.0,5840,1,0,1,Biker
51,756.0,0.0,860.0,52.0,5841,1,0,1,Biker
51,756.0,0.0,860.0,52.0,5842,1,0,1,Biker
51,756.0,0.0,860.0,52.0,5843,1,0,1,Biker
51,756.0,0.0,860.0,52.0,5844,1,0,1,Biker
51,756.0,0.0,860.0,52.0,5845,1,0,1,Biker
51,756.0,0.0,860.0,52.0,5846,1,0,1,Biker
51,756.0,0.0,860.0,52.0,5847,1,0,1,Biker
51,756.0,0.0,860.0,52.0,5848,1,0,1,Biker
51,756.0,0.0,860.0,52.0,5849,1,0,1,Biker
51,756.0,0.0,860.0,52.0,5850,1,0,1,Biker
51,756.0,0.0,860.0,52.0,5851,1,0,1,Biker
51,756.0,0.0,860.0,52.0,5852,1,0,1,Biker
51,756.0,0.0,860.0,52.0,5853,1,0,1,Biker
51,756.0,0.0,860.0,52.0,5854,1,0,1,Biker
51,756.0,0.0,860.0,52.0,5855,1,0,1,Biker
51,756.0,0.0,860.0,52.0,5856,1,0,1,Biker
51,756.0,0.0,860.0,52.0,5857,1,0,1,Biker
51,756.0,0.0,860.0,52.0,5858,1,0,1,Biker
51,756.0,0.0,860.0,52.0,5859,1,0,1,Biker
51,756.0,0.0,860.0,52.0,5860,1,0,1,Biker
51,756.0,0.0,860.0,52.0,5861,1,0,1,Biker
51,756.0,0.0,860.0,52.0,5862,1,0,1,Biker
51,756.0,0.0,860.0,52.0,5863,1,0,1,Biker
51,756.0,0.0,860.0,52.0,5864,1,0,1,Biker
51,756.0,0.0,860.0,52.0,5865,1,0,1,Biker
51,756.0,0.0,860.0,52.0,5866,1,0,1,Biker
51,756.0,0.0,860.0,52.0,5867,1,0,1,Biker
51,756.0,0.0,860.0,52.0,5868,1,0,1,Biker
51,756.0,0.0,860.0,52.0,5869,1,0,1,Biker
51,756.0,0.0,860.0,52.0,5870,1,0,1,Biker
51,756.0,0.0,860.0,52.0,5871,1,0,1,Biker
51,756.0,0.0,860.0,52.0,5872,1,0,1,Biker
51,756.0,0.0,860.0,52.0,5873,1,0,1,Biker
51,756.0,0.0,860.0,52.0,5874,1,0,1,Biker
51,756.0,0.0,860.0,52.0,5875,1,0,1,Biker
51,756.0,0.0,860.0,52.0,5876,1,0,1,Biker
51,756.0,0.0,860.0,52.0,5877,1,0,1,Biker
51,756.0,0.0,860.0,52.0,5878,1,0,1,Biker
51,756.0,0.0,860.0,52.0,5879,1,0,1,Biker
51,756.0,0.0,860.0,52.0,5880,1,0,1,Biker
51,756.0,0.0,860.0,52.0,5881,1,0,1,Biker
51,756.0,0.0,860.0,52.0,5882,1,0,1,Biker
51,756.0,0.0,860.0,52.0,5883,1,0,1,Biker
51,756.0,0.0,860.0,52.0,5884,1,0,1,Biker
51,756.0,0.0,860.0,52.0,5885,1,0,1,Biker
51,756.0,0.0,860.0,52.0,5886,1,0,1,Biker
51,756.0,0.0,860.0,52.0,5887,1,0,1,Biker
51,756.0,0.0,860.0,52.0,5888,1,0,1,Biker
51,756.0,0.0,860.0,52.0,5889,1,0,1,Biker
51,756.0,0.0,860.0,52.0,5890,1,0,1,Biker
51,756.0,0.0,860.0,52.0,5891,1,0,1,Biker
51,756.0,0.0,860.0,52.0,5892,1,0,1,Biker
51,756.0,0.0,860.0,52.0,5893,1,0,1,Biker
51,756.0,0.0,860.0,52.0,5894,1,0,1,Biker
51,756.0,0.0,860.0,52.0,5895,1,0,1,Biker
51,756.0,0.0,860.0,52.0,5896,1,0,1,Biker
51,756.0,0.0,860.0,52.0,5897,1,0,1,Biker
51,756.0,0.0,860.0,52.0,5898,1,0,1,Biker
51,756.0,0.0,860.0,52.0,5899,1,0,1,Biker
51,756.0,0.0,860.0,52.0,5900,1,0,1,Biker
51,756.0,0.0,860.0,52.0,5901,1,0,1,Biker
51,756.0,0.0,860.0,52.0,5902,1,0,1,Biker
51,756.0,0.0,860.0,52.0,5903,1,0,1,Biker
51,756.0,0.0,860.0,52.0,5904,1,0,1,Biker
51,756.0,0.0,860.0,52.0,5905,1,0,1,Biker
51,756.0,0.0,860.0,52.0,5906,1,0,1,Biker
51,756.0,0.0,860.0,52.0,5907,1,0,1,Biker
51,756.0,0.0,860.0,52.0,5908,1,0,1,Biker
51,756.0,0.0,860.0,52.0,5909,1,0,1,Biker
51,756.0,0.0,860.0,52.0,5910,1,0,1,Biker
51,756.0,0.0,860.0,52.0,5911,1,0,1,Biker
51,756.0,0.0,860.0,52.0,5912,1,0,1,Biker
51,756.0,0.0,860.0,52.0,5913,1,0,1,Biker
51,756.0,0.0,860.0,52.0,5914,1,0,1,Biker
51,756.0,0.0,860.0,52.0,5915,1,0,1,Biker
51,756.0,0.0,860.0,52.0,5916,1,0,1,Biker
51,756.0,0.0,860.0,52.0,5917,1,0,1,Biker
51,756.0,0.0,860.0,52.0,5918,1,0,1,Biker
51,756.0,0.0,860.0,52.0,5919,1,0,1,Biker
51,756.0,0.0,860.0,52.0,5920,1,0,1,Biker
51,756.0,0.0,860.0,52.0,5921,1,0,1,Biker
51,756.0,0.0,860.0,52.0,5922,1,0,1,Biker
51,756.0,0.0,860.0,52.0,5923,1,0,1,Biker
51,756.0,0.0,860.0,52.0,5924,1,0,1,Biker
51,756.0,0.0,860.0,52.0,5925,1,0,1,Biker
51,756.0,0.0,860.0,52.0,5926,1,0,1,Biker
51,756.0,0.0,860.0,52.0,5927,1,0,1,Biker
51,756.0,0.0,860.0,52.0,5928,1,0,1,Biker
51,756.0,0.0,860.0,52.0,5929,1,0,1,Biker
51,756.0,0.0,860.0,52.0,5930,1,0,1,Biker
51,756.0,0.0,860.0,52.0,5931,1,0,1,Biker
51,756.0,0.0,860.0,52.0,5932,1,0,1,Biker
51,756.0,0.0,860.0,52.0,5933,1,0,1,Biker
51,756.0,0.0,860.0,52.0,5934,1,0,1,Biker
51,756.0,0.0,860.0,52.0,5935,1,0,1,Biker
51,756.0,0.0,860.0,52.0,5936,1,0,1,Biker
51,756.0,0.0,860.0,52.0,5937,1,0,1,Biker
51,756.0,0.0,860.0,52.0,5938,1,0,1,Biker
51,756.0,0.0,860.0,52.0,5939,1,0,1,Biker
51,756.0,0.0,860.0,52.0,5940,1,0,1,Biker
51,756.0,0.0,860.0,52.0,5941,1,0,1,Biker
51,756.0,0.0,860.0,52.0,5942,1,0,1,Biker
51,756.0,0.0,860.0,52.0,5943,1,0,1,Biker
51,756.0,0.0,860.0,52.0,5944,1,0,1,Biker
51,756.0,0.0,860.0,52.0,5945,1,0,1,Biker
51,756.0,0.0,860.0,52.0,5946,1,0,1,Biker
51,756.0,0.0,860.0,52.0,5947,1,0,1,Biker
51,756.0,0.0,860.0,52.0,5948,1,0,1,Biker
51,756.0,0.0,860.0,52.0,5949,1,0,1,Biker
51,756.0,0.0,860.0,52.0,5950,1,0,1,Biker
51,756.0,0.0,860.0,52.0,5951,1,0,1,Biker
51,756.0,0.0,860.0,52.0,5952,1,0,1,Biker
51,756.0,0.0,860.0,52.0,5953,1,0,1,Biker
51,756.0,0.0,860.0,52.0,5954,1,0,1,Biker
51,756.0,0.0,860.0,52.0,5955,1,0,1,Biker
51,756.0,0.0,860.0,52.0,5956,1,0,1,Biker
51,756.0,0.0,860.0,52.0,5957,1,0,1,Biker
51,756.0,0.0,860.0,52.0,5958,1,0,1,Biker
51,756.0,0.0,860.0,52.0,5959,1,0,1,Biker
51,756.0,0.0,860.0,52.0,5960,1,0,1,Biker
51,756.0,0.0,860.0,52.0,5961,1,0,1,Biker
51,756.0,0.0,860.0,52.0,5962,1,0,1,Biker
51,756.0,0.0,860.0,52.0,5963,1,0,1,Biker
51,756.0,0.0,860.0,52.0,5964,1,0,1,Biker
51,756.0,0.0,860.0,52.0,5965,1,0,1,Biker
51,756.0,0.0,860.0,52.0,5966,1,0,1,Biker
51,756.0,0.0,860.0,52.0,5967,1,0,1,Biker
51,756.0,0.0,860.0,52.0,5968,1,0,1,Biker
51,756.0,0.0,860.0,52.0,5969,1,0,1,Biker
51,756.0,0.0,860.0,52.0,5970,1,0,1,Biker
51,756.0,0.0,860.0,52.0,5971,1,0,1,Biker
51,756.0,0.0,860.0,52.0,5972,1,0,1,Biker
51,756.0,0.0,860.0,52.0,5973,1,0,1,Biker
51,756.0,0.0,860.0,52.0,5974,1,0,1,Biker
51,756.0,0.0,860.0,52.0,5975,1,0,1,Biker
51,756.0,0.0,860.0,52.0,5976,1,0,1,Biker
51,756.0,0.0,860.0,52.0,5977,1,0,1,Biker
51,756.0,0.0,860.0,52.0,5978,1,0,1,Biker
51,756.0,0.0,860.0,52.0,5979,1,0,1,Biker
51,756.0,0.0,860.0,52.0,5980,1,0,1,Biker
51,756.0,0.0,860.0,52.0,5981,1,0,1,Biker
51,756.0,0.0,860.0,52.0,5982,1,0,1,Biker
51,756.0,0.0,860.0,52.0,5983,1,0,1,Biker
51,756.0,0.0,860.0,52.0,5984,1,0,1,Biker
51,756.0,0.0,860.0,52.0,5985,1,0,1,Biker
51,756.0,0.0,860.0,52.0,5986,1,0,1,Biker
51,756.0,0.0,860.0,52.0,5987,1,0,1,Biker
51,756.0,0.0,860.0,52.0,5988,1,0,1,Biker
51,756.0,0.0,860.0,52.0,5989,1,0,1,Biker
51,756.0,0.0,860.0,52.0,5990,1,0,1,Biker
51,756.0,0.0,860.0,52.0,5991,1,0,1,Biker
51,756.0,0.0,860.0,52.0,5992,1,0,1,Biker
51,756.0,0.0,860.0,52.0,5993,1,0,1,Biker
51,756.0,0.0,860.0,52.0,5994,1,0,1,Biker
51,756.0,0.0,860.0,52.0,5995,1,0,1,Biker
51,756.0,0.0,860.0,52.0,5996,1,0,1,Biker
51,756.0,0.0,860.0,52.0,5997,1,0,1,Biker
51,756.0,0.0,860.0,52.0,5998,1,0,1,Biker
51,756.0,0.0,860.0,52.0,5999,1,0,1,Biker
51,756.0,0.0,860.0,52.0,6000,1,0,1,Biker
51,756.0,0.0,860.0,52.0,6001,1,0,1,Biker
51,756.0,0.0,860.0,52.0,6002,1,0,1,Biker
51,756.0,0.0,860.0,52.0,6003,1,0,1,Biker
51,756.0,0.0,860.0,52.0,6004,1,0,1,Biker
51,756.0,0.0,860.0,52.0,6005,1,0,1,Biker
51,756.0,0.0,860.0,52.0,6006,1,0,1,Biker
51,756.0,0.0,860.0,52.0,6007,1,0,1,Biker
51,756.0,0.0,860.0,52.0,6008,1,0,1,Biker
51,756.0,0.0,860.0,52.0,6009,1,0,1,Biker
51,756.0,0.0,860.0,52.0,6010,1,0,1,Biker
51,756.0,0.0,860.0,52.0,6011,1,0,1,Biker
51,756.0,0.0,860.0,52.0,6012,1,0,1,Biker
51,756.0,0.0,860.0,52.0,6013,1,0,1,Biker
51,756.0,0.0,860.0,52.0,6014,1,0,1,Biker
51,756.0,0.0,860.0,52.0,6015,1,0,1,Biker
51,756.0,0.0,860.0,52.0,6016,1,0,1,Biker
51,756.0,0.0,860.0,52.0,6017,1,0,1,Biker
51,756.0,0.0,860.0,52.0,6018,1,0,1,Biker
51,756.0,0.0,860.0,52.0,6019,1,0,1,Biker
51,756.0,0.0,860.0,52.0,6020,1,0,1,Biker
51,756.0,0.0,860.0,52.0,6021,1,0,1,Biker
51,756.0,0.0,860.0,52.0,6022,1,0,1,Biker
51,756.0,0.0,860.0,52.0,6023,1,0,1,Biker
51,756.0,0.0,860.0,52.0,6024,1,0,1,Biker
51,756.0,0.0,860.0,52.0,6025,1,0,1,Biker
51,756.0,0.0,860.0,52.0,6026,1,0,1,Biker
51,756.0,0.0,860.0,52.0,6027,1,0,1,Biker
51,756.0,0.0,860.0,52.0,6028,1,0,1,Biker
51,756.0,0.0,860.0,52.0,6029,1,0,1,Biker
51,756.0,0.0,860.0,52.0,6030,1,0,1,Biker
51,756.0,0.0,860.0,52.0,6031,1,0,0,Biker
52,1881.0,1022.0,1941.0,1072.0,4500,1,0,0,Pedestrian
52,1881.0,1022.0,1941.0,1072.0,4501,1,0,1,Pedestrian
52,1881.0,1022.0,1941.0,1072.0,4502,1,0,1,Pedestrian
52,1881.0,1022.0,1941.0,1072.0,4503,1,0,1,Pedestrian
52,1881.0,1022.0,1941.0,1072.0,4504,1,0,1,Pedestrian
52,1881.0,1022.0,1941.0,1072.0,4505,1,0,1,Pedestrian
52,1881.0,1022.0,1941.0,1072.0,4506,1,0,1,Pedestrian
52,1881.0,1022.0,1941.0,1072.0,4507,1,0,1,Pedestrian
52,1881.0,1022.0,1941.0,1072.0,4508,1,0,1,Pedestrian
52,1881.0,1022.0,1941.0,1072.0,4509,1,0,1,Pedestrian
52,1881.0,1022.0,1941.0,1072.0,4510,1,0,1,Pedestrian
52,1881.0,1022.0,1941.0,1072.0,4511,1,0,1,Pedestrian
52,1881.0,1022.0,1941.0,1072.0,4512,1,0,1,Pedestrian
52,1881.0,1022.0,1941.0,1072.0,4513,1,0,1,Pedestrian
52,1881.0,1022.0,1941.0,1072.0,4514,1,0,1,Pedestrian
52,1881.0,1022.0,1941.0,1072.0,4515,1,0,1,Pedestrian
52,1881.0,1022.0,1941.0,1072.0,4516,1,0,1,Pedestrian
52,1881.0,1022.0,1941.0,1072.0,4517,1,0,1,Pedestrian
52,1881.0,1022.0,1941.0,1072.0,4518,1,0,1,Pedestrian
52,1881.0,1022.0,1941.0,1072.0,4519,1,0,1,Pedestrian
52,1881.0,1024.0,1941.0,1072.0,4520,1,0,1,Pedestrian
52,1881.0,1024.0,1941.0,1072.0,4521,1,0,1,Pedestrian
52,1881.0,1024.0,1941.0,1072.0,4522,1,0,1,Pedestrian
52,1881.0,1024.0,1941.0,1072.0,4523,1,0,1,Pedestrian
52,1881.0,1024.0,1941.0,1072.0,4524,1,0,1,Pedestrian
52,1881.0,1024.0,1941.0,1072.0,4525,1,0,1,Pedestrian
52,1881.0,1024.0,1941.0,1072.0,4526,1,0,1,Pedestrian
52,1881.0,1024.0,1941.0,1072.0,4527,1,0,1,Pedestrian
52,1881.0,1024.0,1941.0,1074.0,4528,1,0,1,Pedestrian
52,1881.0,1024.0,1941.0,1074.0,4529,1,0,1,Pedestrian
52,1881.0,1024.0,1941.0,1074.0,4530,1,0,1,Pedestrian
52,1881.0,1024.0,1941.0,1074.0,4531,1,0,1,Pedestrian
52,1881.0,1024.0,1941.0,1074.0,4532,1,0,1,Pedestrian
52,1881.0,1024.0,1941.0,1074.0,4533,1,0,1,Pedestrian
52,1881.0,1024.0,1941.0,1074.0,4534,1,0,1,Pedestrian
52,1881.0,1024.0,1941.0,1074.0,4535,1,0,1,Pedestrian
52,1881.0,1024.0,1941.0,1074.0,4536,1,0,1,Pedestrian
52,1883.0,1024.0,1944.0,1074.0,4537,1,0,1,Pedestrian
52,1883.0,1024.0,1944.0,1074.0,4538,1,0,1,Pedestrian
52,1883.0,1024.0,1944.0,1074.0,4539,1,0,1,Pedestrian
52,1883.0,1026.0,1944.0,1074.0,4540,1,0,1,Pedestrian
52,1883.0,1026.0,1944.0,1074.0,4541,1,0,1,Pedestrian
52,1883.0,1026.0,1944.0,1074.0,4542,1,0,1,Pedestrian
52,1883.0,1026.0,1944.0,1074.0,4543,1,0,1,Pedestrian
52,1883.0,1026.0,1944.0,1074.0,4544,1,0,1,Pedestrian
52,1883.0,1026.0,1944.0,1074.0,4545,1,0,1,Pedestrian
52,1883.0,1026.0,1944.0,1074.0,4546,1,0,1,Pedestrian
52,1883.0,1026.0,1944.0,1074.0,4547,1,0,1,Pedestrian
52,1883.0,1026.0,1944.0,1074.0,4548,1,0,1,Pedestrian
52,1883.0,1026.0,1944.0,1074.0,4549,1,0,1,Pedestrian
52,1883.0,1026.0,1944.0,1074.0,4550,1,0,1,Pedestrian
52,1883.0,1026.0,1944.0,1074.0,4551,1,0,1,Pedestrian
52,1883.0,1026.0,1944.0,1074.0,4552,1,0,1,Pedestrian
52,1883.0,1026.0,1944.0,1074.0,4553,1,0,1,Pedestrian
52,1883.0,1026.0,1944.0,1074.0,4554,1,0,1,Pedestrian
52,1883.0,1026.0,1944.0,1077.0,4555,1,0,1,Pedestrian
52,1883.0,1026.0,1944.0,1077.0,4556,1,0,1,Pedestrian
52,1883.0,1026.0,1944.0,1077.0,4557,1,0,1,Pedestrian
52,1883.0,1026.0,1944.0,1077.0,4558,1,0,1,Pedestrian
52,1883.0,1026.0,1944.0,1077.0,4559,1,0,1,Pedestrian
52,1883.0,1029.0,1944.0,1077.0,4560,1,0,1,Pedestrian
52,1883.0,1029.0,1944.0,1077.0,4561,1,0,1,Pedestrian
52,1883.0,1029.0,1944.0,1077.0,4562,1,0,1,Pedestrian
52,1883.0,1029.0,1944.0,1077.0,4563,1,0,1,Pedestrian
52,1883.0,1029.0,1944.0,1077.0,4564,1,0,1,Pedestrian
52,1883.0,1029.0,1944.0,1077.0,4565,1,0,1,Pedestrian
52,1883.0,1029.0,1944.0,1077.0,4566,1,0,1,Pedestrian
52,1883.0,1029.0,1944.0,1077.0,4567,1,0,1,Pedestrian
52,1883.0,1029.0,1944.0,1077.0,4568,1,0,1,Pedestrian
52,1883.0,1029.0,1944.0,1077.0,4569,1,0,1,Pedestrian
52,1883.0,1029.0,1944.0,1077.0,4570,1,0,1,Pedestrian
52,1883.0,1029.0,1944.0,1077.0,4571,1,0,1,Pedestrian
52,1883.0,1029.0,1944.0,1077.0,4572,1,0,1,Pedestrian
52,1883.0,1029.0,1944.0,1077.0,4573,1,0,1,Pedestrian
52,1886.0,1029.0,1947.0,1077.0,4574,1,0,1,Pedestrian
52,1886.0,1029.0,1947.0,1077.0,4575,1,0,1,Pedestrian
52,1886.0,1029.0,1947.0,1077.0,4576,1,0,1,Pedestrian
52,1886.0,1029.0,1947.0,1077.0,4577,1,0,1,Pedestrian
52,1886.0,1029.0,1947.0,1077.0,4578,1,0,1,Pedestrian
52,1886.0,1029.0,1947.0,1077.0,4579,1,0,1,Pedestrian
52,1886.0,1031.0,1947.0,1077.0,4580,1,0,1,Pedestrian
52,1886.0,1031.0,1947.0,1077.0,4581,1,0,1,Pedestrian
52,1886.0,1031.0,1947.0,1077.0,4582,1,0,1,Pedestrian
52,1886.0,1031.0,1947.0,1079.0,4583,1,0,1,Pedestrian
52,1886.0,1031.0,1947.0,1079.0,4584,1,0,1,Pedestrian
52,1886.0,1031.0,1947.0,1079.0,4585,1,0,1,Pedestrian
52,1886.0,1031.0,1947.0,1079.0,4586,1,0,1,Pedestrian
52,1886.0,1031.0,1947.0,1079.0,4587,1,0,1,Pedestrian
52,1886.0,1031.0,1947.0,1079.0,4588,1,0,1,Pedestrian
52,1886.0,1031.0,1947.0,1079.0,4589,1,0,1,Pedestrian
52,1886.0,1031.0,1947.0,1079.0,4590,1,0,1,Pedestrian
52,1886.0,1031.0,1947.0,1079.0,4591,1,0,1,Pedestrian
52,1886.0,1031.0,1947.0,1079.0,4592,1,0,1,Pedestrian
52,1886.0,1031.0,1947.0,1079.0,4593,1,0,1,Pedestrian
52,1886.0,1031.0,1947.0,1079.0,4594,1,0,1,Pedestrian
52,1886.0,1031.0,1947.0,1079.0,4595,1,0,1,Pedestrian
52,1886.0,1031.0,1947.0,1079.0,4596,1,0,1,Pedestrian
52,1886.0,1031.0,1947.0,1079.0,4597,1,0,1,Pedestrian
52,1886.0,1031.0,1947.0,1079.0,4598,1,0,1,Pedestrian
52,1886.0,1031.0,1947.0,1079.0,4599,1,0,1,Pedestrian
52,1886.0,1033.0,1947.0,1079.0,4600,1,0,1,Pedestrian
52,1886.0,1033.0,1947.0,1079.0,4601,1,0,1,Pedestrian
52,1886.0,1033.0,1947.0,1079.0,4602,1,0,1,Pedestrian
52,1886.0,1033.0,1947.0,1079.0,4603,1,0,1,Pedestrian
52,1886.0,1033.0,1947.0,1079.0,4604,1,0,1,Pedestrian
52,1886.0,1033.0,1947.0,1079.0,4605,1,0,1,Pedestrian
52,1886.0,1033.0,1947.0,1079.0,4606,1,0,1,Pedestrian
52,1886.0,1033.0,1947.0,1079.0,4607,1,0,1,Pedestrian
52,1886.0,1033.0,1947.0,1079.0,4608,1,0,1,Pedestrian
52,1886.0,1033.0,1947.0,1079.0,4609,1,0,1,Pedestrian
52,1889.0,1033.0,1949.0,1081.0,4610,1,0,1,Pedestrian
52,1889.0,1033.0,1949.0,1081.0,4611,1,0,1,Pedestrian
52,1889.0,1033.0,1949.0,1081.0,4612,1,0,1,Pedestrian
52,1889.0,1033.0,1949.0,1081.0,4613,1,0,1,Pedestrian
52,1889.0,1033.0,1949.0,1081.0,4614,1,0,1,Pedestrian
52,1889.0,1033.0,1949.0,1081.0,4615,1,0,1,Pedestrian
52,1889.0,1033.0,1949.0,1081.0,4616,1,0,1,Pedestrian
52,1889.0,1033.0,1949.0,1081.0,4617,1,0,1,Pedestrian
52,1889.0,1033.0,1949.0,1081.0,4618,1,0,1,Pedestrian
52,1889.0,1033.0,1949.0,1081.0,4619,1,0,1,Pedestrian
52,1889.0,1036.0,1949.0,1081.0,4620,1,0,1,Pedestrian
52,1889.0,1036.0,1949.0,1081.0,4621,1,0,1,Pedestrian
52,1889.0,1036.0,1949.0,1081.0,4622,1,0,1,Pedestrian
52,1889.0,1036.0,1949.0,1081.0,4623,1,0,1,Pedestrian
52,1889.0,1036.0,1949.0,1081.0,4624,1,0,1,Pedestrian
52,1889.0,1036.0,1949.0,1081.0,4625,1,0,1,Pedestrian
52,1889.0,1036.0,1949.0,1081.0,4626,1,0,1,Pedestrian
52,1889.0,1036.0,1949.0,1081.0,4627,1,0,1,Pedestrian
52,1889.0,1036.0,1949.0,1081.0,4628,1,0,1,Pedestrian
52,1889.0,1036.0,1949.0,1081.0,4629,1,0,1,Pedestrian
52,1889.0,1036.0,1949.0,1081.0,4630,1,0,1,Pedestrian
52,1889.0,1036.0,1949.0,1081.0,4631,1,0,1,Pedestrian
52,1889.0,1036.0,1949.0,1081.0,4632,1,0,1,Pedestrian
52,1889.0,1036.0,1949.0,1081.0,4633,1,0,1,Pedestrian
52,1889.0,1036.0,1949.0,1081.0,4634,1,0,1,Pedestrian
52,1889.0,1036.0,1949.0,1081.0,4635,1,0,1,Pedestrian
52,1889.0,1036.0,1949.0,1081.0,4636,1,0,1,Pedestrian
52,1889.0,1036.0,1949.0,1081.0,4637,1,0,1,Pedestrian
52,1889.0,1036.0,1949.0,1083.0,4638,1,0,1,Pedestrian
52,1889.0,1036.0,1949.0,1083.0,4639,1,0,1,Pedestrian
52,1889.0,1038.0,1949.0,1083.0,4640,1,0,1,Pedestrian
52,1889.0,1038.0,1949.0,1083.0,4641,1,0,1,Pedestrian
52,1889.0,1038.0,1949.0,1083.0,4642,1,0,1,Pedestrian
52,1889.0,1038.0,1949.0,1083.0,4643,1,0,1,Pedestrian
52,1889.0,1038.0,1949.0,1083.0,4644,1,0,1,Pedestrian
52,1889.0,1038.0,1949.0,1083.0,4645,1,0,1,Pedestrian
52,1889.0,1038.0,1949.0,1083.0,4646,1,0,1,Pedestrian
52,1892.0,1038.0,1952.0,1083.0,4647,1,0,1,Pedestrian
52,1892.0,1038.0,1952.0,1083.0,4648,1,0,1,Pedestrian
52,1892.0,1038.0,1952.0,1083.0,4649,1,0,1,Pedestrian
52,1892.0,1038.0,1952.0,1083.0,4650,1,0,1,Pedestrian
52,1892.0,1038.0,1952.0,1083.0,4651,1,0,1,Pedestrian
52,1892.0,1038.0,1952.0,1083.0,4652,1,0,1,Pedestrian
52,1892.0,1038.0,1952.0,1083.0,4653,1,0,1,Pedestrian
52,1892.0,1038.0,1952.0,1083.0,4654,1,0,1,Pedestrian
52,1892.0,1038.0,1952.0,1083.0,4655,1,0,1,Pedestrian
52,1892.0,1038.0,1952.0,1083.0,4656,1,0,1,Pedestrian
52,1892.0,1038.0,1952.0,1083.0,4657,1,0,1,Pedestrian
52,1892.0,1038.0,1952.0,1083.0,4658,1,0,1,Pedestrian
52,1892.0,1038.0,1952.0,1083.0,4659,1,0,1,Pedestrian
52,1892.0,1040.0,1952.0,1083.0,4660,1,0,1,Pedestrian
52,1892.0,1040.0,1952.0,1083.0,4661,1,0,1,Pedestrian
52,1892.0,1040.0,1952.0,1083.0,4662,1,0,1,Pedestrian
52,1892.0,1040.0,1952.0,1083.0,4663,1,0,1,Pedestrian
52,1892.0,1040.0,1952.0,1083.0,4664,1,0,1,Pedestrian
52,1892.0,1040.0,1952.0,1086.0,4665,1,0,1,Pedestrian
52,1892.0,1040.0,1952.0,1086.0,4666,1,0,1,Pedestrian
52,1892.0,1040.0,1952.0,1086.0,4667,1,0,1,Pedestrian
52,1892.0,1040.0,1952.0,1086.0,4668,1,0,1,Pedestrian
52,1892.0,1040.0,1952.0,1086.0,4669,1,0,1,Pedestrian
52,1892.0,1040.0,1952.0,1086.0,4670,1,0,1,Pedestrian
52,1892.0,1040.0,1952.0,1086.0,4671,1,0,1,Pedestrian
52,1892.0,1040.0,1952.0,1086.0,4672,1,0,1,Pedestrian
52,1892.0,1040.0,1952.0,1086.0,4673,1,0,1,Pedestrian
52,1892.0,1040.0,1952.0,1086.0,4674,1,0,1,Pedestrian
52,1892.0,1040.0,1952.0,1086.0,4675,1,0,1,Pedestrian
52,1892.0,1040.0,1952.0,1086.0,4676,1,0,1,Pedestrian
52,1892.0,1040.0,1952.0,1086.0,4677,1,0,1,Pedestrian
52,1892.0,1040.0,1952.0,1086.0,4678,1,0,1,Pedestrian
52,1892.0,1040.0,1952.0,1086.0,4679,1,0,1,Pedestrian
52,1892.0,1042.0,1952.0,1086.0,4680,1,0,1,Pedestrian
52,1892.0,1042.0,1952.0,1086.0,4681,1,0,1,Pedestrian
52,1892.0,1042.0,1952.0,1086.0,4682,1,0,1,Pedestrian
52,1892.0,1042.0,1952.0,1086.0,4683,1,0,1,Pedestrian
52,1894.0,1042.0,1955.0,1086.0,4684,1,0,1,Pedestrian
52,1894.0,1042.0,1955.0,1086.0,4685,1,0,1,Pedestrian
52,1894.0,1042.0,1955.0,1086.0,4686,1,0,1,Pedestrian
52,1894.0,1042.0,1955.0,1086.0,4687,1,0,1,Pedestrian
52,1894.0,1042.0,1955.0,1086.0,4688,1,0,1,Pedestrian
52,1894.0,1042.0,1955.0,1086.0,4689,1,0,1,Pedestrian
52,1894.0,1042.0,1955.0,1086.0,4690,1,0,1,Pedestrian
52,1894.0,1042.0,1955.0,1086.0,4691,1,0,1,Pedestrian
52,1894.0,1042.0,1955.0,1086.0,4692,1,0,1,Pedestrian
52,1894.0,1042.0,1955.0,1088.0,4693,1,0,1,Pedestrian
52,1894.0,1042.0,1955.0,1088.0,4694,1,0,1,Pedestrian
52,1894.0,1042.0,1955.0,1088.0,4695,1,0,1,Pedestrian
52,1894.0,1042.0,1955.0,1088.0,4696,1,0,1,Pedestrian
52,1894.0,1042.0,1955.0,1088.0,4697,1,0,1,Pedestrian
52,1894.0,1042.0,1955.0,1088.0,4698,1,0,1,Pedestrian
52,1894.0,1042.0,1955.0,1088.0,4699,1,0,1,Pedestrian
52,1894.0,1045.0,1955.0,1088.0,4700,1,0,1,Pedestrian
52,1894.0,1045.0,1955.0,1088.0,4701,1,0,1,Pedestrian
52,1894.0,1045.0,1955.0,1088.0,4702,1,0,1,Pedestrian
52,1894.0,1045.0,1955.0,1088.0,4703,1,0,1,Pedestrian
52,1894.0,1045.0,1955.0,1088.0,4704,1,0,1,Pedestrian
52,1894.0,1045.0,1955.0,1088.0,4705,1,0,1,Pedestrian
52,1894.0,1045.0,1955.0,1088.0,4706,1,0,1,Pedestrian
52,1894.0,1045.0,1955.0,1088.0,4707,1,0,1,Pedestrian
52,1894.0,1045.0,1955.0,1088.0,4708,1,0,1,Pedestrian
52,1894.0,1045.0,1955.0,1088.0,4709,1,0,1,Pedestrian
52,1894.0,1045.0,1955.0,1088.0,4710,1,0,1,Pedestrian
52,1894.0,1045.0,1955.0,1088.0,4711,1,0,1,Pedestrian
52,1894.0,1045.0,1955.0,1088.0,4712,1,0,1,Pedestrian
52,1894.0,1045.0,1955.0,1088.0,4713,1,0,1,Pedestrian
52,1894.0,1045.0,1955.0,1088.0,4714,1,0,1,Pedestrian
52,1894.0,1045.0,1955.0,1088.0,4715,1,0,1,Pedestrian
52,1894.0,1045.0,1955.0,1088.0,4716,1,0,1,Pedestrian
52,1894.0,1045.0,1955.0,1088.0,4717,1,0,1,Pedestrian
52,1894.0,1045.0,1955.0,1088.0,4718,1,0,1,Pedestrian
52,1894.0,1045.0,1955.0,1088.0,4719,1,0,1,Pedestrian
52,1897.0,1047.0,1958.0,1090.0,4720,0,0,0,Pedestrian
52,1894.0,1045.0,1955.0,1088.0,4721,0,0,1,Pedestrian
52,1892.0,1045.0,1952.0,1088.0,4722,0,0,1,Pedestrian
52,1892.0,1045.0,1952.0,1088.0,4723,0,0,1,Pedestrian
52,1889.0,1045.0,1949.0,1088.0,4724,0,0,1,Pedestrian
52,1889.0,1045.0,1949.0,1088.0,4725,0,0,1,Pedestrian
52,1886.0,1045.0,1947.0,1088.0,4726,0,0,1,Pedestrian
52,1886.0,1045.0,1947.0,1088.0,4727,0,0,1,Pedestrian
52,1883.0,1045.0,1944.0,1088.0,4728,0,0,1,Pedestrian
52,1881.0,1045.0,1941.0,1088.0,4729,0,0,1,Pedestrian
52,1881.0,1045.0,1941.0,1088.0,4730,0,0,1,Pedestrian
52,1878.0,1045.0,1938.0,1088.0,4731,0,0,1,Pedestrian
52,1878.0,1045.0,1938.0,1088.0,4732,0,0,1,Pedestrian
52,1875.0,1045.0,1936.0,1088.0,4733,0,0,1,Pedestrian
52,1875.0,1042.0,1936.0,1086.0,4734,0,0,1,Pedestrian
52,1872.0,1042.0,1933.0,1086.0,4735,0,0,1,Pedestrian
52,1870.0,1042.0,1930.0,1086.0,4736,0,0,1,Pedestrian
52,1870.0,1042.0,1930.0,1086.0,4737,0,0,1,Pedestrian
52,1867.0,1042.0,1927.0,1086.0,4738,0,0,1,Pedestrian
52,1867.0,1042.0,1927.0,1086.0,4739,0,0,1,Pedestrian
52,1864.0,1042.0,1925.0,1086.0,4740,0,0,1,Pedestrian
52,1864.0,1042.0,1925.0,1086.0,4741,0,0,1,Pedestrian
52,1861.0,1042.0,1922.0,1086.0,4742,0,0,1,Pedestrian
52,1859.0,1042.0,1919.0,1086.0,4743,0,0,1,Pedestrian
52,1859.0,1042.0,1919.0,1086.0,4744,0,0,1,Pedestrian
52,1856.0,1042.0,1916.0,1086.0,4745,0,0,1,Pedestrian
52,1856.0,1042.0,1916.0,1086.0,4746,0,0,1,Pedestrian
52,1853.0,1042.0,1914.0,1086.0,4747,0,0,1,Pedestrian
52,1853.0,1040.0,1914.0,1083.0,4748,0,0,1,Pedestrian
52,1850.0,1040.0,1911.0,1083.0,4749,0,0,1,Pedestrian
52,1850.0,1040.0,1911.0,1083.0,4750,0,0,1,Pedestrian
52,1848.0,1040.0,1908.0,1083.0,4751,0,0,1,Pedestrian
52,1845.0,1040.0,1905.0,1083.0,4752,0,0,1,Pedestrian
52,1845.0,1040.0,1905.0,1083.0,4753,0,0,1,Pedestrian
52,1842.0,1040.0,1903.0,1083.0,4754,0,0,1,Pedestrian
52,1842.0,1040.0,1903.0,1083.0,4755,0,0,1,Pedestrian
52,1839.0,1040.0,1900.0,1083.0,4756,0,0,1,Pedestrian
52,1839.0,1040.0,1900.0,1083.0,4757,0,0,1,Pedestrian
52,1837.0,1040.0,1897.0,1083.0,4758,0,0,1,Pedestrian
52,1834.0,1040.0,1894.0,1083.0,4759,0,0,1,Pedestrian
52,1834.0,1040.0,1894.0,1083.0,4760,0,0,1,Pedestrian
52,1831.0,1040.0,1892.0,1083.0,4761,0,0,1,Pedestrian
52,1831.0,1038.0,1892.0,1081.0,4762,0,0,1,Pedestrian
52,1828.0,1038.0,1889.0,1081.0,4763,0,0,1,Pedestrian
52,1828.0,1038.0,1889.0,1081.0,4764,0,0,1,Pedestrian
52,1826.0,1038.0,1886.0,1081.0,4765,0,0,1,Pedestrian
52,1823.0,1038.0,1883.0,1081.0,4766,0,0,1,Pedestrian
52,1823.0,1038.0,1883.0,1081.0,4767,0,0,1,Pedestrian
52,1820.0,1038.0,1881.0,1081.0,4768,0,0,1,Pedestrian
52,1820.0,1038.0,1881.0,1081.0,4769,0,0,1,Pedestrian
52,1817.0,1038.0,1878.0,1081.0,4770,0,0,1,Pedestrian
52,1817.0,1038.0,1878.0,1081.0,4771,0,0,1,Pedestrian
52,1815.0,1038.0,1875.0,1081.0,4772,0,0,1,Pedestrian
52,1812.0,1038.0,1872.0,1081.0,4773,0,0,1,Pedestrian
52,1812.0,1038.0,1872.0,1081.0,4774,0,0,1,Pedestrian
52,1809.0,1038.0,1870.0,1081.0,4775,0,0,1,Pedestrian
52,1809.0,1036.0,1870.0,1079.0,4776,0,0,1,Pedestrian
52,1806.0,1036.0,1867.0,1079.0,4777,0,0,1,Pedestrian
52,1806.0,1036.0,1867.0,1079.0,4778,0,0,1,Pedestrian
52,1804.0,1036.0,1864.0,1079.0,4779,0,0,1,Pedestrian
52,1804.0,1036.0,1864.0,1079.0,4780,0,0,1,Pedestrian
52,1801.0,1036.0,1861.0,1079.0,4781,0,0,1,Pedestrian
52,1798.0,1036.0,1859.0,1079.0,4782,0,0,1,Pedestrian
52,1798.0,1036.0,1859.0,1079.0,4783,0,0,1,Pedestrian
52,1795.0,1036.0,1856.0,1079.0,4784,0,0,1,Pedestrian
52,1795.0,1036.0,1856.0,1079.0,4785,0,0,1,Pedestrian
52,1793.0,1036.0,1853.0,1079.0,4786,0,0,1,Pedestrian
52,1793.0,1036.0,1853.0,1079.0,4787,0,0,1,Pedestrian
52,1790.0,1036.0,1850.0,1079.0,4788,0,0,1,Pedestrian
52,1787.0,1036.0,1848.0,1079.0,4789,0,0,1,Pedestrian
52,1787.0,1033.0,1848.0,1077.0,4790,0,0,1,Pedestrian
52,1784.0,1033.0,1845.0,1077.0,4791,0,0,1,Pedestrian
52,1784.0,1033.0,1845.0,1077.0,4792,0,0,1,Pedestrian
52,1782.0,1033.0,1842.0,1077.0,4793,0,0,1,Pedestrian
52,1782.0,1033.0,1842.0,1077.0,4794,0,0,1,Pedestrian
52,1779.0,1033.0,1839.0,1077.0,4795,0,0,1,Pedestrian
52,1776.0,1033.0,1837.0,1077.0,4796,0,0,1,Pedestrian
52,1776.0,1033.0,1837.0,1077.0,4797,0,0,1,Pedestrian
52,1773.0,1033.0,1834.0,1077.0,4798,0,0,1,Pedestrian
52,1773.0,1033.0,1834.0,1077.0,4799,0,0,1,Pedestrian
52,1771.0,1033.0,1831.0,1077.0,4800,0,0,1,Pedestrian
52,1771.0,1033.0,1831.0,1077.0,4801,0,0,1,Pedestrian
52,1768.0,1033.0,1828.0,1077.0,4802,0,0,1,Pedestrian
52,1768.0,1033.0,1828.0,1077.0,4803,0,0,0,Pedestrian
52,1765.0,1031.0,1826.0,1074.0,4804,0,0,1,Pedestrian
52,1762.0,1031.0,1823.0,1074.0,4805,0,0,1,Pedestrian
52,1762.0,1031.0,1823.0,1074.0,4806,0,0,1,Pedestrian
52,1760.0,1031.0,1820.0,1074.0,4807,0,0,1,Pedestrian
52,1760.0,1031.0,1820.0,1074.0,4808,0,0,1,Pedestrian
52,1757.0,1029.0,1817.0,1072.0,4809,0,0,1,Pedestrian
52,1757.0,1029.0,1817.0,1072.0,4810,0,0,1,Pedestrian
52,1754.0,1029.0,1815.0,1072.0,4811,0,0,1,Pedestrian
52,1754.0,1029.0,1815.0,1072.0,4812,0,0,1,Pedestrian
52,1751.0,1029.0,1812.0,1072.0,4813,0,0,1,Pedestrian
52,1751.0,1026.0,1812.0,1070.0,4814,0,0,1,Pedestrian
52,1749.0,1026.0,1809.0,1070.0,4815,0,0,1,Pedestrian
52,1746.0,1026.0,1806.0,1070.0,4816,0,0,1,Pedestrian
52,1746.0,1026.0,1806.0,1070.0,4817,0,0,1,Pedestrian
52,1743.0,1026.0,1804.0,1070.0,4818,0,0,1,Pedestrian
52,1743.0,1026.0,1804.0,1067.0,4819,0,0,1,Pedestrian
52,1740.0,1024.0,1801.0,1067.0,4820,0,0,1,Pedestrian
52,1740.0,1024.0,1801.0,1067.0,4821,0,0,1,Pedestrian
52,1738.0,1024.0,1798.0,1067.0,4822,0,0,1,Pedestrian
52,1738.0,1024.0,1798.0,1067.0,4823,0,0,1,Pedestrian
52,1735.0,1024.0,1795.0,1065.0,4824,0,0,1,Pedestrian
52,1735.0,1022.0,1795.0,1065.0,4825,0,0,1,Pedestrian
52,1732.0,1022.0,1793.0,1065.0,4826,0,0,1,Pedestrian
52,1729.0,1022.0,1790.0,1065.0,4827,0,0,1,Pedestrian
52,1729.0,1022.0,1790.0,1065.0,4828,0,0,1,Pedestrian
52,1727.0,1022.0,1787.0,1063.0,4829,0,0,1,Pedestrian
52,1727.0,1020.0,1787.0,1063.0,4830,0,0,1,Pedestrian
52,1724.0,1020.0,1784.0,1063.0,4831,0,0,1,Pedestrian
52,1724.0,1020.0,1784.0,1063.0,4832,0,0,1,Pedestrian
52,1721.0,1020.0,1782.0,1063.0,4833,0,0,1,Pedestrian
52,1721.0,1020.0,1782.0,1061.0,4834,0,0,1,Pedestrian
52,1718.0,1020.0,1779.0,1061.0,4835,0,0,1,Pedestrian
52,1718.0,1017.0,1779.0,1061.0,4836,0,0,1,Pedestrian
52,1716.0,1017.0,1776.0,1061.0,4837,0,0,1,Pedestrian
52,1716.0,1017.0,1776.0,1061.0,4838,0,0,1,Pedestrian
52,1713.0,1017.0,1773.0,1058.0,4839,0,0,1,Pedestrian
52,1710.0,1017.0,1771.0,1058.0,4840,0,0,1,Pedestrian
52,1710.0,1015.0,1771.0,1058.0,4841,0,0,1,Pedestrian
52,1707.0,1015.0,1768.0,1058.0,4842,0,0,1,Pedestrian
52,1707.0,1015.0,1768.0,1058.0,4843,0,0,1,Pedestrian
52,1705.0,1015.0,1765.0,1056.0,4844,0,0,1,Pedestrian
52,1705.0,1015.0,1765.0,1056.0,4845,0,0,1,Pedestrian
52,1702.0,1015.0,1762.0,1056.0,4846,0,0,1,Pedestrian
52,1702.0,1013.0,1762.0,1056.0,4847,0,0,1,Pedestrian
52,1699.0,1013.0,1760.0,1056.0,4848,0,0,1,Pedestrian
52,1699.0,1013.0,1760.0,1054.0,4849,0,0,1,Pedestrian
52,1696.0,1013.0,1757.0,1054.0,4850,0,0,1,Pedestrian
52,1694.0,1013.0,1754.0,1054.0,4851,0,0,1,Pedestrian
52,1694.0,1011.0,1754.0,1054.0,4852,0,0,1,Pedestrian
52,1691.0,1011.0,1751.0,1054.0,4853,0,0,1,Pedestrian
52,1691.0,1011.0,1751.0,1052.0,4854,0,0,1,Pedestrian
52,1688.0,1011.0,1749.0,1052.0,4855,0,0,1,Pedestrian
52,1688.0,1011.0,1749.0,1052.0,4856,0,0,1,Pedestrian
52,1685.0,1008.0,1746.0,1052.0,4857,0,0,1,Pedestrian
52,1685.0,1008.0,1746.0,1052.0,4858,0,0,1,Pedestrian
52,1683.0,1008.0,1743.0,1049.0,4859,0,0,1,Pedestrian
52,1683.0,1008.0,1743.0,1049.0,4860,0,0,1,Pedestrian
52,1680.0,1008.0,1740.0,1049.0,4861,0,0,1,Pedestrian
52,1677.0,1008.0,1738.0,1049.0,4862,0,0,1,Pedestrian
52,1677.0,1006.0,1738.0,1049.0,4863,0,0,1,Pedestrian
52,1674.0,1006.0,1735.0,1047.0,4864,0,0,1,Pedestrian
52,1674.0,1006.0,1735.0,1047.0,4865,0,0,1,Pedestrian
52,1672.0,1006.0,1732.0,1047.0,4866,0,0,1,Pedestrian
52,1672.0,1006.0,1732.0,1047.0,4867,0,0,1,Pedestrian
52,1669.0,1004.0,1729.0,1047.0,4868,0,0,1,Pedestrian
52,1669.0,1004.0,1729.0,1045.0,4869,0,0,1,Pedestrian
52,1666.0,1004.0,1727.0,1045.0,4870,0,0,1,Pedestrian
52,1666.0,1004.0,1727.0,1045.0,4871,0,0,1,Pedestrian
52,1663.0,1004.0,1724.0,1045.0,4872,0,0,1,Pedestrian
52,1663.0,1004.0,1724.0,1045.0,4873,0,0,0,Pedestrian
52,1661.0,1001.0,1721.0,1042.0,4874,0,0,1,Pedestrian
52,1658.0,1001.0,1718.0,1042.0,4875,0,0,1,Pedestrian
52,1655.0,1001.0,1716.0,1042.0,4876,0,0,1,Pedestrian
52,1655.0,1001.0,1716.0,1042.0,4877,0,0,1,Pedestrian
52,1652.0,1001.0,1713.0,1042.0,4878,0,0,1,Pedestrian
52,1650.0,1001.0,1710.0,1042.0,4879,0,0,1,Pedestrian
52,1647.0,999.0,1707.0,1040.0,4880,0,0,1,Pedestrian
52,1647.0,999.0,1707.0,1040.0,4881,0,0,1,Pedestrian
52,1644.0,999.0,1705.0,1040.0,4882,0,0,1,Pedestrian
52,1641.0,999.0,1702.0,1040.0,4883,0,0,1,Pedestrian
52,1641.0,999.0,1702.0,1040.0,4884,0,0,1,Pedestrian
52,1639.0,999.0,1699.0,1040.0,4885,0,0,1,Pedestrian
52,1636.0,997.0,1696.0,1038.0,4886,0,0,1,Pedestrian
52,1633.0,997.0,1694.0,1038.0,4887,0,0,1,Pedestrian
52,1633.0,997.0,1694.0,1038.0,4888,0,0,1,Pedestrian
52,1630.0,997.0,1691.0,1038.0,4889,0,0,1,Pedestrian
52,1628.0,997.0,1688.0,1038.0,4890,0,0,1,Pedestrian
52,1628.0,997.0,1688.0,1038.0,4891,0,0,1,Pedestrian
52,1625.0,995.0,1685.0,1036.0,4892,0,0,1,Pedestrian
52,1622.0,995.0,1683.0,1036.0,4893,0,0,1,Pedestrian
52,1619.0,995.0,1680.0,1036.0,4894,0,0,1,Pedestrian
52,1619.0,995.0,1680.0,1036.0,4895,0,0,1,Pedestrian
52,1617.0,995.0,1677.0,1036.0,4896,0,0,1,Pedestrian
52,1614.0,995.0,1674.0,1036.0,4897,0,0,1,Pedestrian
52,1614.0,992.0,1674.0,1033.0,4898,0,0,1,Pedestrian
52,1611.0,992.0,1672.0,1033.0,4899,0,0,1,Pedestrian
52,1608.0,992.0,1669.0,1033.0,4900,0,0,1,Pedestrian
52,1606.0,992.0,1666.0,1033.0,4901,0,0,1,Pedestrian
52,1606.0,992.0,1666.0,1033.0,4902,0,0,1,Pedestrian
52,1603.0,992.0,1663.0,1033.0,4903,0,0,1,Pedestrian
52,1600.0,990.0,1661.0,1031.0,4904,0,0,1,Pedestrian
52,1600.0,990.0,1661.0,1031.0,4905,0,0,1,Pedestrian
52,1597.0,990.0,1658.0,1031.0,4906,0,0,1,Pedestrian
52,1595.0,990.0,1655.0,1031.0,4907,0,0,1,Pedestrian
52,1592.0,990.0,1652.0,1031.0,4908,0,0,1,Pedestrian
52,1592.0,990.0,1652.0,1031.0,4909,0,0,1,Pedestrian
52,1589.0,988.0,1650.0,1029.0,4910,0,0,1,Pedestrian
52,1586.0,988.0,1647.0,1029.0,4911,0,0,1,Pedestrian
52,1586.0,988.0,1647.0,1029.0,4912,0,0,1,Pedestrian
52,1584.0,988.0,1644.0,1029.0,4913,0,0,1,Pedestrian
52,1581.0,988.0,1641.0,1029.0,4914,0,0,1,Pedestrian
52,1578.0,988.0,1639.0,1029.0,4915,0,0,1,Pedestrian
52,1578.0,985.0,1639.0,1026.0,4916,0,0,1,Pedestrian
52,1575.0,985.0,1636.0,1026.0,4917,0,0,1,Pedestrian
52,1573.0,985.0,1633.0,1026.0,4918,0,0,1,Pedestrian
52,1573.0,985.0,1633.0,1026.0,4919,0,0,1,Pedestrian
52,1570.0,985.0,1630.0,1026.0,4920,0,0,1,Pedestrian
52,1567.0,985.0,1628.0,1026.0,4921,0,0,1,Pedestrian
52,1564.0,983.0,1625.0,1024.0,4922,0,0,1,Pedestrian
52,1564.0,983.0,1625.0,1024.0,4923,0,0,1,Pedestrian
52,1562.0,983.0,1622.0,1024.0,4924,0,0,1,Pedestrian
52,1559.0,983.0,1619.0,1024.0,4925,0,0,1,Pedestrian
52,1559.0,983.0,1619.0,1024.0,4926,0,0,1,Pedestrian
52,1556.0,983.0,1617.0,1024.0,4927,0,0,1,Pedestrian
52,1553.0,981.0,1614.0,1022.0,4928,0,0,1,Pedestrian
52,1551.0,981.0,1611.0,1022.0,4929,0,0,1,Pedestrian
52,1551.0,981.0,1611.0,1022.0,4930,0,0,1,Pedestrian
52,1548.0,981.0,1608.0,1022.0,4931,0,0,1,Pedestrian
52,1545.0,981.0,1606.0,1022.0,4932,0,0,1,Pedestrian
52,1545.0,981.0,1606.0,1022.0,4933,0,0,0,Pedestrian
52,1542.0,979.0,1603.0,1020.0,4934,0,0,1,Pedestrian
52,1540.0,979.0,1600.0,1020.0,4935,0,0,1,Pedestrian
52,1540.0,979.0,1600.0,1020.0,4936,0,0,1,Pedestrian
52,1537.0,979.0,1597.0,1020.0,4937,0,0,1,Pedestrian
52,1537.0,979.0,1597.0,1020.0,4938,0,0,1,Pedestrian
52,1534.0,979.0,1595.0,1020.0,4939,0,0,1,Pedestrian
52,1534.0,979.0,1595.0,1020.0,4940,0,0,1,Pedestrian
52,1531.0,976.0,1592.0,1017.0,4941,0,0,1,Pedestrian
52,1531.0,976.0,1592.0,1017.0,4942,0,0,1,Pedestrian
52,1529.0,976.0,1589.0,1017.0,4943,0,0,1,Pedestrian
52,1529.0,976.0,1589.0,1017.0,4944,0,0,1,Pedestrian
52,1526.0,976.0,1586.0,1017.0,4945,0,0,1,Pedestrian
52,1526.0,976.0,1586.0,1017.0,4946,0,0,1,Pedestrian
52,1523.0,976.0,1584.0,1017.0,4947,0,0,1,Pedestrian
52,1520.0,974.0,1581.0,1015.0,4948,0,0,1,Pedestrian
52,1520.0,974.0,1581.0,1015.0,4949,0,0,1,Pedestrian
52,1518.0,974.0,1578.0,1015.0,4950,0,0,1,Pedestrian
52,1518.0,974.0,1578.0,1015.0,4951,0,0,1,Pedestrian
52,1515.0,974.0,1575.0,1015.0,4952,0,0,1,Pedestrian
52,1515.0,974.0,1575.0,1015.0,4953,0,0,1,Pedestrian
52,1512.0,974.0,1573.0,1015.0,4954,0,0,1,Pedestrian
52,1512.0,974.0,1573.0,1015.0,4955,0,0,1,Pedestrian
52,1509.0,972.0,1570.0,1013.0,4956,0,0,1,Pedestrian
52,1509.0,972.0,1570.0,1013.0,4957,0,0,1,Pedestrian
52,1507.0,972.0,1567.0,1013.0,4958,0,0,1,Pedestrian
52,1507.0,972.0,1567.0,1013.0,4959,0,0,1,Pedestrian
52,1504.0,972.0,1564.0,1013.0,4960,0,0,1,Pedestrian
52,1501.0,972.0,1562.0,1013.0,4961,0,0,1,Pedestrian
52,1501.0,972.0,1562.0,1013.0,4962,0,0,1,Pedestrian
52,1498.0,970.0,1559.0,1011.0,4963,0,0,1,Pedestrian
52,1498.0,970.0,1559.0,1011.0,4964,0,0,1,Pedestrian
52,1496.0,970.0,1556.0,1011.0,4965,0,0,1,Pedestrian
52,1496.0,970.0,1556.0,1011.0,4966,0,0,1,Pedestrian
52,1493.0,970.0,1553.0,1011.0,4967,0,0,1,Pedestrian
52,1493.0,970.0,1553.0,1011.0,4968,0,0,1,Pedestrian
52,1490.0,970.0,1551.0,1011.0,4969,0,0,1,Pedestrian
52,1490.0,970.0,1551.0,1011.0,4970,0,0,1,Pedestrian
52,1487.0,967.0,1548.0,1008.0,4971,0,0,1,Pedestrian
52,1487.0,967.0,1548.0,1008.0,4972,0,0,1,Pedestrian
52,1485.0,967.0,1545.0,1008.0,4973,0,0,1,Pedestrian
52,1482.0,967.0,1542.0,1008.0,4974,0,0,1,Pedestrian
52,1482.0,967.0,1542.0,1008.0,4975,0,0,1,Pedestrian
52,1479.0,967.0,1540.0,1008.0,4976,0,0,1,Pedestrian
52,1479.0,967.0,1540.0,1008.0,4977,0,0,1,Pedestrian
52,1476.0,965.0,1537.0,1006.0,4978,0,0,1,Pedestrian
52,1476.0,965.0,1537.0,1006.0,4979,0,0,1,Pedestrian
52,1474.0,965.0,1534.0,1006.0,4980,0,0,1,Pedestrian
52,1474.0,965.0,1534.0,1006.0,4981,0,0,1,Pedestrian
52,1471.0,965.0,1531.0,1006.0,4982,0,0,1,Pedestrian
52,1471.0,965.0,1531.0,1006.0,4983,0,0,1,Pedestrian
52,1468.0,965.0,1529.0,1006.0,4984,0,0,1,Pedestrian
52,1468.0,965.0,1529.0,1006.0,4985,0,0,1,Pedestrian
52,1465.0,963.0,1526.0,1004.0,4986,0,0,1,Pedestrian
52,1463.0,963.0,1523.0,1004.0,4987,0,0,1,Pedestrian
52,1463.0,963.0,1523.0,1004.0,4988,0,0,1,Pedestrian
52,1460.0,963.0,1520.0,1004.0,4989,0,0,1,Pedestrian
52,1460.0,963.0,1520.0,1004.0,4990,0,0,1,Pedestrian
52,1457.0,963.0,1518.0,1004.0,4991,0,0,1,Pedestrian
52,1457.0,963.0,1518.0,1004.0,4992,0,0,1,Pedestrian
52,1454.0,960.0,1515.0,1001.0,4993,0,0,1,Pedestrian
52,1454.0,960.0,1515.0,1001.0,4994,0,0,1,Pedestrian
52,1452.0,960.0,1512.0,1001.0,4995,0,0,1,Pedestrian
52,1452.0,960.0,1512.0,1001.0,4996,0,0,1,Pedestrian
52,1449.0,960.0,1509.0,1001.0,4997,0,0,1,Pedestrian
52,1449.0,960.0,1509.0,1001.0,4998,0,0,1,Pedestrian
52,1446.0,960.0,1507.0,1001.0,4999,0,0,1,Pedestrian
52,1446.0,960.0,1507.0,1001.0,5000,0,0,0,Pedestrian
52,1443.0,958.0,1504.0,999.0,5001,0,0,1,Pedestrian
52,1441.0,958.0,1501.0,999.0,5002,0,0,1,Pedestrian
52,1438.0,958.0,1501.0,999.0,5003,0,0,1,Pedestrian
52,1438.0,956.0,1498.0,999.0,5004,0,0,1,Pedestrian
52,1435.0,956.0,1496.0,999.0,5005,0,0,1,Pedestrian
52,1432.0,956.0,1496.0,999.0,5006,0,0,1,Pedestrian
52,1432.0,956.0,1493.0,999.0,5007,0,0,1,Pedestrian
52,1430.0,954.0,1493.0,999.0,5008,0,0,1,Pedestrian
52,1427.0,954.0,1490.0,999.0,5009,0,0,1,Pedestrian
52,1427.0,954.0,1487.0,999.0,5010,0,0,1,Pedestrian
52,1424.0,954.0,1487.0,999.0,5011,0,0,1,Pedestrian
52,1421.0,951.0,1485.0,997.0,5012,0,0,1,Pedestrian
52,1421.0,951.0,1485.0,997.0,5013,0,0,1,Pedestrian
52,1419.0,951.0,1482.0,997.0,5014,0,0,1,Pedestrian
52,1416.0,951.0,1479.0,997.0,5015,0,0,1,Pedestrian
52,1416.0,949.0,1479.0,997.0,5016,0,0,1,Pedestrian
52,1413.0,949.0,1476.0,997.0,5017,0,0,1,Pedestrian
52,1410.0,949.0,1474.0,997.0,5018,0,0,1,Pedestrian
52,1410.0,949.0,1474.0,997.0,5019,0,0,1,Pedestrian
52,1408.0,947.0,1471.0,997.0,5020,0,0,1,Pedestrian
52,1405.0,947.0,1471.0,997.0,5021,0,0,1,Pedestrian
52,1405.0,947.0,1468.0,997.0,5022,0,0,1,Pedestrian
52,1402.0,947.0,1465.0,997.0,5023,0,0,1,Pedestrian
52,1399.0,944.0,1465.0,995.0,5024,0,0,1,Pedestrian
52,1399.0,944.0,1463.0,995.0,5025,0,0,1,Pedestrian
52,1397.0,944.0,1463.0,995.0,5026,0,0,1,Pedestrian
52,1394.0,944.0,1460.0,995.0,5027,0,0,1,Pedestrian
52,1394.0,942.0,1457.0,995.0,5028,0,0,1,Pedestrian
52,1391.0,942.0,1457.0,995.0,5029,0,0,1,Pedestrian
52,1388.0,942.0,1454.0,995.0,5030,0,0,1,Pedestrian
52,1388.0,942.0,1452.0,995.0,5031,0,0,1,Pedestrian
52,1386.0,940.0,1452.0,995.0,5032,0,0,1,Pedestrian
52,1383.0,940.0,1449.0,995.0,5033,0,0,1,Pedestrian
52,1383.0,940.0,1449.0,995.0,5034,0,0,1,Pedestrian
52,1380.0,940.0,1446.0,995.0,5035,0,0,1,Pedestrian
52,1377.0,938.0,1443.0,992.0,5036,0,0,1,Pedestrian
52,1377.0,938.0,1443.0,992.0,5037,0,0,1,Pedestrian
52,1375.0,938.0,1441.0,992.0,5038,0,0,1,Pedestrian
52,1372.0,935.0,1441.0,992.0,5039,0,0,1,Pedestrian
52,1372.0,935.0,1438.0,992.0,5040,0,0,1,Pedestrian
52,1369.0,935.0,1435.0,992.0,5041,0,0,1,Pedestrian
52,1366.0,935.0,1435.0,992.0,5042,0,0,1,Pedestrian
52,1366.0,933.0,1432.0,992.0,5043,0,0,1,Pedestrian
52,1364.0,933.0,1430.0,992.0,5044,0,0,1,Pedestrian
52,1361.0,933.0,1430.0,992.0,5045,0,0,1,Pedestrian
52,1361.0,933.0,1427.0,992.0,5046,0,0,1,Pedestrian
52,1358.0,931.0,1427.0,990.0,5047,0,0,1,Pedestrian
52,1355.0,931.0,1424.0,990.0,5048,0,0,1,Pedestrian
52,1355.0,931.0,1421.0,990.0,5049,0,0,1,Pedestrian
52,1353.0,931.0,1421.0,990.0,5050,0,0,1,Pedestrian
52,1350.0,929.0,1419.0,990.0,5051,0,0,1,Pedestrian
52,1350.0,929.0,1419.0,990.0,5052,0,0,1,Pedestrian
52,1347.0,929.0,1416.0,990.0,5053,0,0,1,Pedestrian
52,1344.0,929.0,1413.0,990.0,5054,0,0,1,Pedestrian
52,1344.0,926.0,1413.0,990.0,5055,0,0,1,Pedestrian
52,1342.0,926.0,1410.0,990.0,5056,0,0,1,Pedestrian
52,1339.0,926.0,1408.0,990.0,5057,0,0,1,Pedestrian
52,1339.0,926.0,1408.0,990.0,5058,0,0,1,Pedestrian
52,1336.0,924.0,1405.0,988.0,5059,0,0,1,Pedestrian
52,1333.0,924.0,1405.0,988.0,5060,0,0,1,Pedestrian
52,1333.0,924.0,1402.0,988.0,5061,0,0,1,Pedestrian
52,1331.0,924.0,1399.0,988.0,5062,0,0,1,Pedestrian
52,1328.0,922.0,1399.0,988.0,5063,0,0,1,Pedestrian
52,1328.0,922.0,1397.0,988.0,5064,0,0,1,Pedestrian
52,1325.0,922.0,1397.0,988.0,5065,0,0,1,Pedestrian
52,1322.0,922.0,1394.0,988.0,5066,0,0,1,Pedestrian
52,1322.0,919.0,1391.0,988.0,5067,0,0,1,Pedestrian
52,1320.0,919.0,1391.0,988.0,5068,0,0,1,Pedestrian
52,1317.0,919.0,1388.0,988.0,5069,0,0,1,Pedestrian
52,1317.0,919.0,1388.0,988.0,5070,0,0,0,Pedestrian
52,1314.0,917.0,1386.0,985.0,5071,0,0,1,Pedestrian
52,1311.0,917.0,1383.0,985.0,5072,0,0,1,Pedestrian
52,1311.0,917.0,1383.0,985.0,5073,0,0,1,Pedestrian
52,1309.0,917.0,1380.0,985.0,5074,0,0,1,Pedestrian
52,1309.0,917.0,1380.0,985.0,5075,0,0,1,Pedestrian
52,1306.0,917.0,1377.0,985.0,5076,0,0,1,Pedestrian
52,1306.0,917.0,1377.0,985.0,5077,0,0,1,Pedestrian
52,1303.0,915.0,1375.0,983.0,5078,0,0,1,Pedestrian
52,1303.0,915.0,1375.0,983.0,5079,0,0,1,Pedestrian
52,1300.0,915.0,1372.0,983.0,5080,0,0,1,Pedestrian
52,1300.0,915.0,1372.0,983.0,5081,0,0,1,Pedestrian
52,1298.0,915.0,1369.0,983.0,5082,0,0,1,Pedestrian
52,1298.0,915.0,1369.0,983.0,5083,0,0,1,Pedestrian
52,1295.0,915.0,1366.0,983.0,5084,0,0,1,Pedestrian
52,1295.0,915.0,1366.0,983.0,5085,0,0,1,Pedestrian
52,1292.0,913.0,1364.0,981.0,5086,0,0,1,Pedestrian
52,1292.0,913.0,1361.0,981.0,5087,0,0,1,Pedestrian
52,1289.0,913.0,1361.0,981.0,5088,0,0,1,Pedestrian
52,1289.0,913.0,1358.0,981.0,5089,0,0,1,Pedestrian
52,1287.0,913.0,1358.0,981.0,5090,0,0,1,Pedestrian
52,1287.0,913.0,1355.0,981.0,5091,0,0,1,Pedestrian
52,1284.0,913.0,1355.0,981.0,5092,0,0,1,Pedestrian
52,1284.0,910.0,1353.0,979.0,5093,0,0,1,Pedestrian
52,1281.0,910.0,1353.0,979.0,5094,0,0,1,Pedestrian
52,1281.0,910.0,1350.0,979.0,5095,0,0,1,Pedestrian
52,1278.0,910.0,1350.0,979.0,5096,0,0,1,Pedestrian
52,1278.0,910.0,1347.0,979.0,5097,0,0,1,Pedestrian
52,1276.0,910.0,1347.0,979.0,5098,0,0,1,Pedestrian
52,1276.0,910.0,1344.0,979.0,5099,0,0,1,Pedestrian
52,1273.0,910.0,1344.0,979.0,5100,0,0,1,Pedestrian
52,1270.0,908.0,1342.0,976.0,5101,0,0,1,Pedestrian
52,1270.0,908.0,1339.0,976.0,5102,0,0,1,Pedestrian
52,1267.0,908.0,1339.0,976.0,5103,0,0,1,Pedestrian
52,1267.0,908.0,1336.0,976.0,5104,0,0,1,Pedestrian
52,1265.0,908.0,1336.0,976.0,5105,0,0,1,Pedestrian
52,1265.0,908.0,1333.0,976.0,5106,0,0,1,Pedestrian
52,1262.0,908.0,1333.0,976.0,5107,0,0,1,Pedestrian
52,1262.0,906.0,1331.0,974.0,5108,0,0,1,Pedestrian
52,1259.0,906.0,1331.0,974.0,5109,0,0,1,Pedestrian
52,1259.0,906.0,1328.0,974.0,5110,0,0,1,Pedestrian
52,1256.0,906.0,1328.0,974.0,5111,0,0,1,Pedestrian
52,1256.0,906.0,1325.0,974.0,5112,0,0,1,Pedestrian
52,1254.0,906.0,1325.0,974.0,5113,0,0,1,Pedestrian
52,1254.0,906.0,1322.0,974.0,5114,0,0,1,Pedestrian
52,1251.0,906.0,1322.0,974.0,5115,0,0,1,Pedestrian
52,1251.0,904.0,1320.0,972.0,5116,0,0,1,Pedestrian
52,1248.0,904.0,1317.0,972.0,5117,0,0,1,Pedestrian
52,1248.0,904.0,1317.0,972.0,5118,0,0,1,Pedestrian
52,1245.0,904.0,1314.0,972.0,5119,0,0,1,Pedestrian
52,1245.0,904.0,1314.0,972.0,5120,0,0,1,Pedestrian
52,1243.0,904.0,1311.0,972.0,5121,0,0,1,Pedestrian
52,1243.0,904.0,1311.0,972.0,5122,0,0,1,Pedestrian
52,1240.0,901.0,1309.0,970.0,5123,0,0,1,Pedestrian
52,1240.0,901.0,1309.0,970.0,5124,0,0,1,Pedestrian
52,1237.0,901.0,1306.0,970.0,5125,0,0,1,Pedestrian
52,1237.0,901.0,1306.0,970.0,5126,0,0,1,Pedestrian
52,1234.0,901.0,1303.0,970.0,5127,0,0,1,Pedestrian
52,1234.0,901.0,1303.0,970.0,5128,0,0,1,Pedestrian
52,1232.0,901.0,1300.0,970.0,5129,0,0,1,Pedestrian
52,1232.0,901.0,1300.0,970.0,5130,0,0,0,Pedestrian
52,1229.0,899.0,1298.0,967.0,5131,0,0,1,Pedestrian
52,1226.0,899.0,1298.0,967.0,5132,0,0,1,Pedestrian
52,1226.0,899.0,1295.0,967.0,5133,0,0,1,Pedestrian
52,1223.0,899.0,1295.0,967.0,5134,0,0,1,Pedestrian
52,1221.0,899.0,1292.0,965.0,5135,0,0,1,Pedestrian
52,1221.0,899.0,1292.0,965.0,5136,0,0,1,Pedestrian
52,1218.0,899.0,1289.0,965.0,5137,0,0,1,Pedestrian
52,1218.0,899.0,1289.0,965.0,5138,0,0,0,Pedestrian
52,1215.0,897.0,1287.0,965.0,5139,0,0,1,Pedestrian
52,1212.0,897.0,1284.0,965.0,5140,0,0,1,Pedestrian
52,1212.0,897.0,1284.0,965.0,5141,0,0,1,Pedestrian
52,1210.0,897.0,1281.0,965.0,5142,0,0,1,Pedestrian
52,1207.0,897.0,1278.0,965.0,5143,0,0,1,Pedestrian
52,1207.0,897.0,1278.0,965.0,5144,0,0,1,Pedestrian
52,1204.0,897.0,1276.0,965.0,5145,0,0,1,Pedestrian
52,1204.0,897.0,1273.0,965.0,5146,0,0,1,Pedestrian
52,1201.0,897.0,1273.0,965.0,5147,0,0,1,Pedestrian
52,1199.0,897.0,1270.0,965.0,5148,0,0,1,Pedestrian
52,1199.0,897.0,1267.0,965.0,5149,0,0,1,Pedestrian
52,1196.0,897.0,1267.0,965.0,5150,0,0,1,Pedestrian
52,1193.0,897.0,1265.0,965.0,5151,0,0,1,Pedestrian
52,1193.0,897.0,1265.0,965.0,5152,0,0,1,Pedestrian
52,1190.0,897.0,1262.0,965.0,5153,0,0,1,Pedestrian
52,1190.0,897.0,1259.0,965.0,5154,0,0,1,Pedestrian
52,1188.0,897.0,1259.0,965.0,5155,0,0,1,Pedestrian
52,1185.0,897.0,1256.0,965.0,5156,0,0,1,Pedestrian
52,1185.0,897.0,1254.0,965.0,5157,0,0,1,Pedestrian
52,1182.0,897.0,1254.0,965.0,5158,0,0,1,Pedestrian
52,1182.0,897.0,1251.0,965.0,5159,0,0,1,Pedestrian
52,1179.0,897.0,1248.0,965.0,5160,0,0,1,Pedestrian
52,1177.0,897.0,1248.0,965.0,5161,0,0,1,Pedestrian
52,1177.0,897.0,1245.0,965.0,5162,0,0,1,Pedestrian
52,1174.0,897.0,1243.0,965.0,5163,0,0,1,Pedestrian
52,1171.0,897.0,1243.0,965.0,5164,0,0,1,Pedestrian
52,1171.0,897.0,1240.0,965.0,5165,0,0,1,Pedestrian
52,1168.0,897.0,1240.0,965.0,5166,0,0,1,Pedestrian
52,1168.0,897.0,1237.0,965.0,5167,0,0,1,Pedestrian
52,1166.0,897.0,1234.0,965.0,5168,0,0,1,Pedestrian
52,1163.0,897.0,1234.0,965.0,5169,0,0,1,Pedestrian
52,1163.0,897.0,1232.0,965.0,5170,0,0,1,Pedestrian
52,1160.0,897.0,1229.0,965.0,5171,0,0,1,Pedestrian
52,1157.0,897.0,1229.0,965.0,5172,0,0,1,Pedestrian
52,1157.0,897.0,1226.0,965.0,5173,0,0,1,Pedestrian
52,1155.0,897.0,1223.0,965.0,5174,0,0,1,Pedestrian
52,1155.0,897.0,1223.0,965.0,5175,0,0,1,Pedestrian
52,1152.0,897.0,1221.0,965.0,5176,0,0,1,Pedestrian
52,1149.0,897.0,1218.0,965.0,5177,0,0,1,Pedestrian
52,1149.0,897.0,1218.0,965.0,5178,0,0,1,Pedestrian
52,1146.0,897.0,1215.0,965.0,5179,0,0,1,Pedestrian
52,1146.0,897.0,1215.0,965.0,5180,0,0,0,Pedestrian
52,1144.0,894.0,1212.0,963.0,5181,0,0,1,Pedestrian
52,1141.0,894.0,1210.0,963.0,5182,0,0,1,Pedestrian
52,1138.0,894.0,1207.0,963.0,5183,0,0,1,Pedestrian
52,1135.0,894.0,1204.0,963.0,5184,0,0,1,Pedestrian
52,1133.0,892.0,1201.0,960.0,5185,0,0,1,Pedestrian
52,1130.0,892.0,1199.0,960.0,5186,0,0,1,Pedestrian
52,1127.0,892.0,1196.0,960.0,5187,0,0,1,Pedestrian
52,1124.0,892.0,1193.0,960.0,5188,0,0,1,Pedestrian
52,1124.0,890.0,1193.0,958.0,5189,0,0,1,Pedestrian
52,1122.0,890.0,1190.0,958.0,5190,0,0,1,Pedestrian
52,1119.0,890.0,1188.0,958.0,5191,0,0,1,Pedestrian
52,1116.0,890.0,1185.0,958.0,5192,0,0,1,Pedestrian
52,1113.0,888.0,1182.0,956.0,5193,0,0,1,Pedestrian
52,1111.0,888.0,1179.0,956.0,5194,0,0,1,Pedestrian
52,1108.0,888.0,1177.0,956.0,5195,0,0,1,Pedestrian
52,1105.0,888.0,1174.0,956.0,5196,0,0,1,Pedestrian
52,1105.0,888.0,1174.0,956.0,5197,0,0,0,Pedestrian
52,1102.0,885.0,1171.0,954.0,5198,0,0,1,Pedestrian
52,1102.0,885.0,1171.0,954.0,5199,0,0,1,Pedestrian
52,1102.0,885.0,1171.0,954.0,5200,0,0,1,Pedestrian
52,1100.0,885.0,1168.0,954.0,5201,0,0,1,Pedestrian
52,1100.0,885.0,1168.0,954.0,5202,0,0,1,Pedestrian
52,1100.0,885.0,1168.0,954.0,5203,0,0,1,Pedestrian
52,1100.0,885.0,1166.0,954.0,5204,0,0,1,Pedestrian
52,1097.0,885.0,1166.0,954.0,5205,0,0,1,Pedestrian
52,1097.0,885.0,1166.0,954.0,5206,0,0,1,Pedestrian
52,1097.0,885.0,1163.0,954.0,5207,0,0,1,Pedestrian
52,1094.0,885.0,1163.0,954.0,5208,0,0,1,Pedestrian
52,1094.0,885.0,1163.0,954.0,5209,0,0,1,Pedestrian
52,1094.0,885.0,1160.0,954.0,5210,0,0,1,Pedestrian
52,1094.0,885.0,1160.0,954.0,5211,0,0,1,Pedestrian
52,1091.0,885.0,1160.0,954.0,5212,0,0,1,Pedestrian
52,1091.0,885.0,1157.0,954.0,5213,0,0,1,Pedestrian
52,1091.0,885.0,1157.0,954.0,5214,0,0,1,Pedestrian
52,1091.0,885.0,1157.0,954.0,5215,0,0,0,Pedestrian
52,1089.0,883.0,1155.0,951.0,5216,0,0,1,Pedestrian
52,1089.0,883.0,1155.0,951.0,5217,0,0,1,Pedestrian
52,1086.0,883.0,1152.0,951.0,5218,0,0,1,Pedestrian
52,1086.0,881.0,1152.0,949.0,5219,0,0,1,Pedestrian
52,1083.0,881.0,1149.0,949.0,5220,0,0,1,Pedestrian
52,1083.0,881.0,1149.0,949.0,5221,0,0,1,Pedestrian
52,1080.0,878.0,1146.0,947.0,5222,0,0,1,Pedestrian
52,1080.0,878.0,1146.0,947.0,5223,0,0,1,Pedestrian
52,1078.0,878.0,1144.0,947.0,5224,0,0,1,Pedestrian
52,1078.0,876.0,1144.0,944.0,5225,0,0,1,Pedestrian
52,1078.0,876.0,1144.0,944.0,5226,0,0,1,Pedestrian
52,1075.0,876.0,1141.0,944.0,5227,0,0,1,Pedestrian
52,1075.0,874.0,1141.0,944.0,5228,0,0,1,Pedestrian
52,1072.0,874.0,1138.0,942.0,5229,0,0,1,Pedestrian
52,1072.0,874.0,1138.0,942.0,5230,0,0,1,Pedestrian
52,1069.0,872.0,1135.0,942.0,5231,0,0,1,Pedestrian
52,1069.0,872.0,1135.0,940.0,5232,0,0,1,Pedestrian
52,1067.0,872.0,1133.0,940.0,5233,0,0,1,Pedestrian
52,1067.0,869.0,1133.0,940.0,5234,0,0,1,Pedestrian
52,1064.0,869.0,1130.0,938.0,5235,0,0,1,Pedestrian
52,1064.0,869.0,1130.0,938.0,5236,0,0,1,Pedestrian
52,1064.0,867.0,1130.0,938.0,5237,0,0,1,Pedestrian
52,1061.0,867.0,1127.0,938.0,5238,0,0,1,Pedestrian
52,1061.0,867.0,1127.0,935.0,5239,0,0,1,Pedestrian
52,1058.0,865.0,1124.0,935.0,5240,0,0,1,Pedestrian
52,1058.0,865.0,1124.0,935.0,5241,0,0,1,Pedestrian
52,1056.0,865.0,1122.0,933.0,5242,0,0,1,Pedestrian
52,1056.0,863.0,1122.0,933.0,5243,0,0,1,Pedestrian
52,1053.0,863.0,1119.0,933.0,5244,0,0,1,Pedestrian
52,1053.0,863.0,1119.0,931.0,5245,0,0,1,Pedestrian
52,1050.0,860.0,1116.0,931.0,5246,0,0,1,Pedestrian
52,1050.0,860.0,1116.0,931.0,5247,0,0,1,Pedestrian
52,1050.0,860.0,1116.0,931.0,5248,0,0,0,Pedestrian
52,1047.0,860.0,1113.0,931.0,5249,0,0,1,Pedestrian
52,1047.0,860.0,1113.0,931.0,5250,0,0,1,Pedestrian
52,1045.0,860.0,1113.0,931.0,5251,0,0,1,Pedestrian
52,1045.0,860.0,1113.0,931.0,5252,0,0,1,Pedestrian
52,1045.0,863.0,1113.0,931.0,5253,0,0,0,Pedestrian
52,1042.0,860.0,1111.0,929.0,5254,0,0,1,Pedestrian
52,1042.0,860.0,1108.0,929.0,5255,0,0,1,Pedestrian
52,1039.0,858.0,1105.0,926.0,5256,0,0,1,Pedestrian
52,1039.0,858.0,1105.0,926.0,5257,0,0,0,Pedestrian
52,1036.0,856.0,1102.0,924.0,5258,0,0,1,Pedestrian
52,1036.0,856.0,1102.0,924.0,5259,0,0,1,Pedestrian
52,1036.0,853.0,1102.0,924.0,5260,0,0,1,Pedestrian
52,1036.0,853.0,1102.0,924.0,5261,0,0,1,Pedestrian
52,1034.0,853.0,1102.0,922.0,5262,0,0,1,Pedestrian
52,1034.0,851.0,1102.0,922.0,5263,0,0,1,Pedestrian
52,1034.0,851.0,1102.0,922.0,5264,0,0,1,Pedestrian
52,1034.0,851.0,1102.0,922.0,5265,0,0,0,Pedestrian
52,1034.0,851.0,1100.0,922.0,5266,0,0,1,Pedestrian
52,1034.0,853.0,1100.0,922.0,5267,0,0,1,Pedestrian
52,1034.0,853.0,1100.0,924.0,5268,0,0,1,Pedestrian
52,1034.0,856.0,1100.0,924.0,5269,0,0,1,Pedestrian
52,1034.0,858.0,1100.0,926.0,5270,0,0,0,Pedestrian
52,1025.0,856.0,1091.0,924.0,5271,0,0,1,Pedestrian
52,1017.0,853.0,1083.0,922.0,5272,0,0,1,Pedestrian
52,1009.0,853.0,1078.0,922.0,5273,0,0,0,Pedestrian
52,1006.0,851.0,1075.0,919.0,5274,0,0,1,Pedestrian
52,1006.0,851.0,1075.0,919.0,5275,0,0,1,Pedestrian
52,1003.0,851.0,1072.0,919.0,5276,0,0,1,Pedestrian
52,1003.0,849.0,1072.0,919.0,5277,0,0,1,Pedestrian
52,1001.0,849.0,1069.0,919.0,5278,0,0,1,Pedestrian
52,1001.0,849.0,1069.0,917.0,5279,0,0,1,Pedestrian
52,998.0,847.0,1067.0,917.0,5280,0,0,1,Pedestrian
52,998.0,847.0,1067.0,917.0,5281,0,0,1,Pedestrian
52,995.0,847.0,1064.0,917.0,5282,0,0,1,Pedestrian
52,995.0,847.0,1064.0,917.0,5283,0,0,0,Pedestrian
52,992.0,844.0,1061.0,915.0,5284,0,0,1,Pedestrian
52,992.0,844.0,1061.0,915.0,5285,0,0,1,Pedestrian
52,992.0,844.0,1058.0,915.0,5286,0,0,1,Pedestrian
52,990.0,844.0,1058.0,913.0,5287,0,0,1,Pedestrian
52,990.0,842.0,1058.0,913.0,5288,0,0,1,Pedestrian
52,990.0,842.0,1056.0,913.0,5289,0,0,1,Pedestrian
52,987.0,842.0,1056.0,910.0,5290,0,0,1,Pedestrian
52,987.0,842.0,1056.0,910.0,5291,0,0,1,Pedestrian
52,987.0,840.0,1053.0,910.0,5292,0,0,1,Pedestrian
52,987.0,840.0,1053.0,910.0,5293,0,0,1,Pedestrian
52,984.0,840.0,1053.0,908.0,5294,0,0,1,Pedestrian
52,984.0,840.0,1050.0,908.0,5295,0,0,1,Pedestrian
52,984.0,837.0,1050.0,908.0,5296,0,0,1,Pedestrian
52,981.0,837.0,1050.0,906.0,5297,0,0,1,Pedestrian
52,981.0,837.0,1047.0,906.0,5298,0,0,1,Pedestrian
52,981.0,837.0,1047.0,906.0,5299,0,0,1,Pedestrian
52,981.0,837.0,1047.0,906.0,5300,0,0,0,Pedestrian
52,979.0,835.0,1045.0,904.0,5301,0,0,1,Pedestrian
52,979.0,835.0,1045.0,904.0,5302,0,0,1,Pedestrian
52,976.0,835.0,1042.0,904.0,5303,0,0,1,Pedestrian
52,976.0,835.0,1042.0,904.0,5304,0,0,1,Pedestrian
52,973.0,835.0,1039.0,904.0,5305,0,0,1,Pedestrian
52,973.0,835.0,1039.0,904.0,5306,0,0,1,Pedestrian
52,970.0,835.0,1036.0,904.0,5307,0,0,1,Pedestrian
52,970.0,835.0,1036.0,904.0,5308,0,0,1,Pedestrian
52,968.0,835.0,1034.0,904.0,5309,0,0,1,Pedestrian
52,968.0,835.0,1034.0,904.0,5310,0,0,1,Pedestrian
52,965.0,835.0,1031.0,904.0,5311,0,0,1,Pedestrian
52,965.0,835.0,1031.0,904.0,5312,0,0,1,Pedestrian
52,962.0,835.0,1028.0,904.0,5313,0,0,1,Pedestrian
52,962.0,835.0,1028.0,904.0,5314,0,0,1,Pedestrian
52,959.0,835.0,1025.0,904.0,5315,0,0,1,Pedestrian
52,959.0,835.0,1025.0,904.0,5316,0,0,1,Pedestrian
52,957.0,835.0,1023.0,904.0,5317,0,0,1,Pedestrian
52,957.0,835.0,1023.0,904.0,5318,0,0,1,Pedestrian
52,954.0,835.0,1020.0,904.0,5319,0,0,1,Pedestrian
52,954.0,835.0,1020.0,904.0,5320,0,0,1,Pedestrian
52,951.0,835.0,1017.0,904.0,5321,0,0,1,Pedestrian
52,951.0,835.0,1017.0,904.0,5322,0,0,1,Pedestrian
52,948.0,835.0,1014.0,904.0,5323,0,0,1,Pedestrian
52,948.0,835.0,1014.0,904.0,5324,0,0,1,Pedestrian
52,946.0,835.0,1012.0,904.0,5325,0,0,1,Pedestrian
52,946.0,835.0,1012.0,904.0,5326,0,0,1,Pedestrian
52,943.0,835.0,1009.0,904.0,5327,0,0,1,Pedestrian
52,943.0,835.0,1009.0,904.0,5328,0,0,1,Pedestrian
52,940.0,835.0,1006.0,904.0,5329,0,0,1,Pedestrian
52,940.0,835.0,1006.0,904.0,5330,0,0,0,Pedestrian
52,937.0,833.0,1003.0,901.0,5331,0,0,1,Pedestrian
52,935.0,833.0,1001.0,901.0,5332,0,0,1,Pedestrian
52,932.0,833.0,998.0,901.0,5333,0,0,1,Pedestrian
52,929.0,833.0,995.0,901.0,5334,0,0,1,Pedestrian
52,929.0,833.0,995.0,901.0,5335,0,0,1,Pedestrian
52,926.0,833.0,992.0,901.0,5336,0,0,1,Pedestrian
52,924.0,833.0,990.0,901.0,5337,0,0,1,Pedestrian
52,921.0,833.0,987.0,901.0,5338,0,0,1,Pedestrian
52,918.0,833.0,984.0,901.0,5339,0,0,1,Pedestrian
52,918.0,833.0,984.0,901.0,5340,0,0,1,Pedestrian
52,915.0,833.0,981.0,901.0,5341,0,0,1,Pedestrian
52,913.0,833.0,979.0,901.0,5342,0,0,1,Pedestrian
52,910.0,833.0,976.0,901.0,5343,0,0,1,Pedestrian
52,907.0,833.0,973.0,901.0,5344,0,0,1,Pedestrian
52,907.0,833.0,973.0,901.0,5345,0,0,1,Pedestrian
52,904.0,831.0,970.0,899.0,5346,0,0,1,Pedestrian
52,902.0,831.0,968.0,899.0,5347,0,0,1,Pedestrian
52,899.0,831.0,965.0,899.0,5348,0,0,1,Pedestrian
52,896.0,831.0,962.0,899.0,5349,0,0,1,Pedestrian
52,896.0,831.0,962.0,899.0,5350,0,0,1,Pedestrian
52,893.0,831.0,959.0,899.0,5351,0,0,1,Pedestrian
52,891.0,831.0,957.0,899.0,5352,0,0,1,Pedestrian
52,888.0,831.0,954.0,899.0,5353,0,0,1,Pedestrian
52,885.0,831.0,951.0,899.0,5354,0,0,1,Pedestrian
52,885.0,831.0,951.0,899.0,5355,0,0,1,Pedestrian
52,882.0,831.0,948.0,899.0,5356,0,0,1,Pedestrian
52,880.0,831.0,946.0,899.0,5357,0,0,1,Pedestrian
52,877.0,831.0,943.0,899.0,5358,0,0,1,Pedestrian
52,874.0,831.0,940.0,899.0,5359,0,0,1,Pedestrian
52,874.0,831.0,940.0,899.0,5360,0,0,0,Pedestrian
52,871.0,828.0,937.0,897.0,5361,0,0,1,Pedestrian
52,871.0,828.0,937.0,897.0,5362,0,0,1,Pedestrian
52,869.0,828.0,935.0,897.0,5363,0,0,1,Pedestrian
52,869.0,828.0,935.0,897.0,5364,0,0,1,Pedestrian
52,869.0,828.0,935.0,897.0,5365,0,0,1,Pedestrian
52,866.0,828.0,932.0,897.0,5366,0,0,1,Pedestrian
52,866.0,828.0,932.0,897.0,5367,0,0,1,Pedestrian
52,866.0,828.0,932.0,897.0,5368,0,0,1,Pedestrian
52,863.0,828.0,929.0,897.0,5369,0,0,1,Pedestrian
52,863.0,828.0,929.0,897.0,5370,0,0,1,Pedestrian
52,860.0,828.0,926.0,897.0,5371,0,0,1,Pedestrian
52,860.0,828.0,926.0,897.0,5372,0,0,1,Pedestrian
52,860.0,828.0,926.0,897.0,5373,0,0,1,Pedestrian
52,858.0,828.0,924.0,897.0,5374,0,0,1,Pedestrian
52,858.0,828.0,924.0,897.0,5375,0,0,1,Pedestrian
52,858.0,826.0,924.0,894.0,5376,0,0,1,Pedestrian
52,855.0,826.0,921.0,894.0,5377,0,0,1,Pedestrian
52,855.0,826.0,921.0,894.0,5378,0,0,1,Pedestrian
52,855.0,826.0,921.0,894.0,5379,0,0,1,Pedestrian
52,852.0,826.0,918.0,894.0,5380,0,0,1,Pedestrian
52,852.0,826.0,918.0,894.0,5381,0,0,1,Pedestrian
52,849.0,826.0,915.0,894.0,5382,0,0,1,Pedestrian
52,849.0,826.0,915.0,894.0,5383,0,0,1,Pedestrian
52,849.0,826.0,915.0,894.0,5384,0,0,1,Pedestrian
52,847.0,826.0,913.0,894.0,5385,0,0,1,Pedestrian
52,847.0,826.0,913.0,894.0,5386,0,0,1,Pedestrian
52,847.0,826.0,913.0,894.0,5387,0,0,1,Pedestrian
52,844.0,826.0,910.0,894.0,5388,0,0,1,Pedestrian
52,844.0,826.0,910.0,894.0,5389,0,0,1,Pedestrian
52,844.0,826.0,910.0,894.0,5390,0,0,0,Pedestrian
52,841.0,824.0,907.0,892.0,5391,0,0,1,Pedestrian
52,838.0,824.0,904.0,892.0,5392,0,0,1,Pedestrian
52,838.0,824.0,904.0,892.0,5393,0,0,1,Pedestrian
52,836.0,824.0,902.0,892.0,5394,0,0,1,Pedestrian
52,836.0,824.0,902.0,892.0,5395,0,0,1,Pedestrian
52,833.0,824.0,899.0,892.0,5396,0,0,1,Pedestrian
52,830.0,824.0,896.0,892.0,5397,0,0,1,Pedestrian
52,830.0,824.0,896.0,892.0,5398,0,0,1,Pedestrian
52,827.0,824.0,893.0,892.0,5399,0,0,1,Pedestrian
52,827.0,824.0,893.0,892.0,5400,0,0,1,Pedestrian
52,825.0,824.0,891.0,892.0,5401,0,0,1,Pedestrian
52,825.0,824.0,891.0,892.0,5402,0,0,1,Pedestrian
52,822.0,824.0,888.0,892.0,5403,0,0,1,Pedestrian
52,819.0,824.0,885.0,892.0,5404,0,0,1,Pedestrian
52,819.0,824.0,885.0,892.0,5405,0,0,1,Pedestrian
52,816.0,824.0,882.0,892.0,5406,0,0,1,Pedestrian
52,816.0,824.0,882.0,892.0,5407,0,0,1,Pedestrian
52,814.0,824.0,880.0,892.0,5408,0,0,1,Pedestrian
52,814.0,824.0,880.0,892.0,5409,0,0,1,Pedestrian
52,811.0,824.0,877.0,892.0,5410,0,0,1,Pedestrian
52,808.0,822.0,874.0,890.0,5411,0,0,1,Pedestrian
52,808.0,822.0,874.0,890.0,5412,0,0,1,Pedestrian
52,805.0,822.0,871.0,890.0,5413,0,0,1,Pedestrian
52,805.0,822.0,871.0,890.0,5414,0,0,1,Pedestrian
52,803.0,822.0,869.0,890.0,5415,0,0,1,Pedestrian
52,803.0,822.0,869.0,890.0,5416,0,0,1,Pedestrian
52,800.0,822.0,866.0,890.0,5417,0,0,1,Pedestrian
52,797.0,822.0,863.0,890.0,5418,0,0,1,Pedestrian
52,797.0,822.0,863.0,890.0,5419,0,0,1,Pedestrian
52,794.0,822.0,860.0,890.0,5420,0,0,1,Pedestrian
52,794.0,822.0,860.0,890.0,5421,0,0,1,Pedestrian
52,792.0,822.0,858.0,890.0,5422,0,0,1,Pedestrian
52,792.0,822.0,858.0,890.0,5423,0,0,1,Pedestrian
52,789.0,822.0,855.0,890.0,5424,0,0,1,Pedestrian
52,786.0,822.0,852.0,890.0,5425,0,0,1,Pedestrian
52,786.0,822.0,852.0,890.0,5426,0,0,1,Pedestrian
52,783.0,822.0,849.0,890.0,5427,0,0,1,Pedestrian
52,783.0,822.0,849.0,890.0,5428,0,0,1,Pedestrian
52,781.0,822.0,847.0,890.0,5429,0,0,1,Pedestrian
52,781.0,822.0,847.0,890.0,5430,0,0,0,Pedestrian
52,778.0,819.0,844.0,888.0,5431,0,0,1,Pedestrian
52,775.0,819.0,841.0,888.0,5432,0,0,1,Pedestrian
52,775.0,819.0,841.0,888.0,5433,0,0,1,Pedestrian
52,772.0,819.0,838.0,888.0,5434,0,0,1,Pedestrian
52,770.0,819.0,836.0,888.0,5435,0,0,1,Pedestrian
52,770.0,819.0,836.0,888.0,5436,0,0,1,Pedestrian
52,767.0,819.0,833.0,888.0,5437,0,0,1,Pedestrian
52,767.0,819.0,833.0,888.0,5438,0,0,1,Pedestrian
52,764.0,819.0,830.0,888.0,5439,0,0,1,Pedestrian
52,761.0,819.0,827.0,888.0,5440,0,0,1,Pedestrian
52,761.0,819.0,827.0,888.0,5441,0,0,1,Pedestrian
52,759.0,819.0,825.0,888.0,5442,0,0,1,Pedestrian
52,756.0,819.0,822.0,888.0,5443,0,0,1,Pedestrian
52,756.0,819.0,822.0,888.0,5444,0,0,1,Pedestrian
52,753.0,819.0,819.0,888.0,5445,0,0,1,Pedestrian
52,753.0,819.0,819.0,888.0,5446,0,0,1,Pedestrian
52,750.0,819.0,816.0,888.0,5447,0,0,1,Pedestrian
52,748.0,819.0,814.0,888.0,5448,0,0,1,Pedestrian
52,748.0,819.0,814.0,888.0,5449,0,0,1,Pedestrian
52,745.0,819.0,811.0,888.0,5450,0,0,1,Pedestrian
52,742.0,819.0,808.0,888.0,5451,0,0,1,Pedestrian
52,742.0,819.0,808.0,888.0,5452,0,0,1,Pedestrian
52,739.0,819.0,805.0,888.0,5453,0,0,1,Pedestrian
52,739.0,819.0,805.0,888.0,5454,0,0,1,Pedestrian
52,737.0,819.0,803.0,888.0,5455,0,0,1,Pedestrian
52,734.0,819.0,800.0,888.0,5456,0,0,1,Pedestrian
52,734.0,819.0,800.0,888.0,5457,0,0,1,Pedestrian
52,731.0,819.0,797.0,888.0,5458,0,0,1,Pedestrian
52,728.0,819.0,794.0,888.0,5459,0,0,1,Pedestrian
52,728.0,819.0,794.0,888.0,5460,0,0,1,Pedestrian
52,726.0,819.0,792.0,888.0,5461,0,0,1,Pedestrian
52,726.0,819.0,792.0,888.0,5462,0,0,1,Pedestrian
52,723.0,819.0,789.0,888.0,5463,0,0,1,Pedestrian
52,720.0,819.0,786.0,888.0,5464,0,0,1,Pedestrian
52,720.0,819.0,786.0,888.0,5465,0,0,1,Pedestrian
52,717.0,819.0,783.0,888.0,5466,0,0,1,Pedestrian
52,715.0,819.0,781.0,888.0,5467,0,0,1,Pedestrian
52,715.0,819.0,781.0,888.0,5468,0,0,1,Pedestrian
52,712.0,819.0,778.0,888.0,5469,0,0,1,Pedestrian
52,712.0,819.0,778.0,888.0,5470,0,0,0,Pedestrian
52,709.0,819.0,775.0,888.0,5471,0,0,1,Pedestrian
52,706.0,819.0,772.0,888.0,5472,0,0,1,Pedestrian
52,706.0,819.0,772.0,888.0,5473,0,0,1,Pedestrian
52,704.0,819.0,770.0,888.0,5474,0,0,1,Pedestrian
52,704.0,819.0,770.0,888.0,5475,0,0,1,Pedestrian
52,701.0,819.0,767.0,888.0,5476,0,0,1,Pedestrian
52,701.0,819.0,767.0,888.0,5477,0,0,1,Pedestrian
52,698.0,819.0,764.0,888.0,5478,0,0,1,Pedestrian
52,695.0,819.0,761.0,888.0,5479,0,0,1,Pedestrian
52,695.0,819.0,761.0,888.0,5480,0,0,1,Pedestrian
52,693.0,819.0,759.0,888.0,5481,0,0,1,Pedestrian
52,693.0,819.0,759.0,888.0,5482,0,0,1,Pedestrian
52,690.0,819.0,756.0,888.0,5483,0,0,1,Pedestrian
52,690.0,819.0,756.0,888.0,5484,0,0,1,Pedestrian
52,687.0,819.0,753.0,888.0,5485,0,0,1,Pedestrian
52,684.0,819.0,750.0,888.0,5486,0,0,1,Pedestrian
52,684.0,819.0,750.0,888.0,5487,0,0,1,Pedestrian
52,682.0,819.0,748.0,888.0,5488,0,0,1,Pedestrian
52,682.0,819.0,748.0,888.0,5489,0,0,1,Pedestrian
52,679.0,819.0,745.0,888.0,5490,0,0,1,Pedestrian
52,679.0,819.0,745.0,888.0,5491,0,0,1,Pedestrian
52,676.0,819.0,742.0,888.0,5492,0,0,1,Pedestrian
52,673.0,819.0,739.0,888.0,5493,0,0,1,Pedestrian
52,673.0,819.0,739.0,888.0,5494,0,0,1,Pedestrian
52,671.0,819.0,737.0,888.0,5495,0,0,1,Pedestrian
52,671.0,819.0,737.0,888.0,5496,0,0,1,Pedestrian
52,668.0,819.0,734.0,888.0,5497,0,0,1,Pedestrian
52,668.0,819.0,734.0,888.0,5498,0,0,1,Pedestrian
52,665.0,819.0,731.0,888.0,5499,0,0,1,Pedestrian
52,665.0,819.0,731.0,888.0,5500,0,0,0,Pedestrian
52,662.0,819.0,728.0,885.0,5501,0,0,1,Pedestrian
52,660.0,819.0,726.0,885.0,5502,0,0,1,Pedestrian
52,660.0,819.0,726.0,885.0,5503,0,0,1,Pedestrian
52,657.0,819.0,723.0,885.0,5504,0,0,1,Pedestrian
52,654.0,819.0,723.0,885.0,5505,0,0,1,Pedestrian
52,654.0,819.0,720.0,885.0,5506,0,0,1,Pedestrian
52,651.0,819.0,720.0,885.0,5507,0,0,1,Pedestrian
52,649.0,819.0,717.0,883.0,5508,0,0,1,Pedestrian
52,649.0,819.0,715.0,883.0,5509,0,0,1,Pedestrian
52,646.0,819.0,715.0,883.0,5510,0,0,1,Pedestrian
52,643.0,819.0,712.0,883.0,5511,0,0,1,Pedestrian
52,643.0,819.0,712.0,883.0,5512,0,0,1,Pedestrian
52,640.0,819.0,709.0,883.0,5513,0,0,1,Pedestrian
52,638.0,819.0,709.0,883.0,5514,0,0,1,Pedestrian
52,638.0,819.0,706.0,883.0,5515,0,0,1,Pedestrian
52,635.0,819.0,704.0,881.0,5516,0,0,1,Pedestrian
52,632.0,819.0,704.0,881.0,5517,0,0,1,Pedestrian
52,632.0,819.0,701.0,881.0,5518,0,0,1,Pedestrian
52,629.0,819.0,701.0,881.0,5519,0,0,1,Pedestrian
52,627.0,819.0,698.0,881.0,5520,0,0,1,Pedestrian
52,627.0,819.0,698.0,881.0,5521,0,0,1,Pedestrian
52,624.0,819.0,695.0,881.0,5522,0,0,1,Pedestrian
52,621.0,819.0,693.0,878.0,5523,0,0,1,Pedestrian
52,621.0,819.0,693.0,878.0,5524,0,0,1,Pedestrian
52,618.0,819.0,690.0,878.0,5525,0,0,1,Pedestrian
52,616.0,819.0,690.0,878.0,5526,0,0,1,Pedestrian
52,616.0,819.0,687.0,878.0,5527,0,0,1,Pedestrian
52,613.0,819.0,687.0,878.0,5528,0,0,1,Pedestrian
52,610.0,819.0,684.0,878.0,5529,0,0,1,Pedestrian
52,610.0,819.0,684.0,878.0,5530,0,0,1,Pedestrian
52,607.0,819.0,682.0,876.0,5531,0,0,1,Pedestrian
52,607.0,819.0,679.0,876.0,5532,0,0,1,Pedestrian
52,605.0,819.0,679.0,876.0,5533,0,0,1,Pedestrian
52,602.0,819.0,676.0,876.0,5534,0,0,1,Pedestrian
52,602.0,819.0,676.0,876.0,5535,0,0,1,Pedestrian
52,599.0,819.0,673.0,876.0,5536,0,0,1,Pedestrian
52,596.0,819.0,673.0,876.0,5537,0,0,1,Pedestrian
52,596.0,819.0,671.0,874.0,5538,0,0,1,Pedestrian
52,594.0,819.0,668.0,874.0,5539,0,0,1,Pedestrian
52,591.0,819.0,668.0,874.0,5540,0,0,1,Pedestrian
52,591.0,819.0,665.0,874.0,5541,0,0,1,Pedestrian
52,588.0,819.0,665.0,874.0,5542,0,0,1,Pedestrian
52,585.0,819.0,662.0,874.0,5543,0,0,1,Pedestrian
52,585.0,819.0,662.0,874.0,5544,0,0,1,Pedestrian
52,583.0,819.0,660.0,874.0,5545,0,0,1,Pedestrian
52,580.0,819.0,657.0,872.0,5546,0,0,1,Pedestrian
52,580.0,819.0,657.0,872.0,5547,0,0,1,Pedestrian
52,577.0,819.0,654.0,872.0,5548,0,0,1,Pedestrian
52,574.0,819.0,654.0,872.0,5549,0,0,1,Pedestrian
52,574.0,819.0,651.0,872.0,5550,0,0,1,Pedestrian
52,572.0,819.0,651.0,872.0,5551,0,0,1,Pedestrian
52,569.0,819.0,649.0,872.0,5552,0,0,1,Pedestrian
52,569.0,819.0,646.0,869.0,5553,0,0,1,Pedestrian
52,566.0,819.0,646.0,869.0,5554,0,0,1,Pedestrian
52,563.0,819.0,643.0,869.0,5555,0,0,1,Pedestrian
52,563.0,819.0,643.0,869.0,5556,0,0,1,Pedestrian
52,561.0,819.0,640.0,869.0,5557,0,0,1,Pedestrian
52,558.0,819.0,640.0,869.0,5558,0,0,1,Pedestrian
52,558.0,819.0,638.0,869.0,5559,0,0,1,Pedestrian
52,555.0,819.0,638.0,869.0,5560,0,0,1,Pedestrian
52,555.0,819.0,635.0,867.0,5561,0,0,1,Pedestrian
52,552.0,819.0,632.0,867.0,5562,0,0,1,Pedestrian
52,550.0,819.0,632.0,867.0,5563,0,0,1,Pedestrian
52,550.0,819.0,629.0,867.0,5564,0,0,1,Pedestrian
52,547.0,819.0,629.0,867.0,5565,0,0,1,Pedestrian
52,544.0,819.0,627.0,867.0,5566,0,0,1,Pedestrian
52,544.0,819.0,627.0,867.0,5567,0,0,1,Pedestrian
52,541.0,819.0,624.0,865.0,5568,0,0,1,Pedestrian
52,539.0,819.0,621.0,865.0,5569,0,0,1,Pedestrian
52,539.0,819.0,621.0,865.0,5570,0,0,1,Pedestrian
52,536.0,819.0,618.0,865.0,5571,0,0,1,Pedestrian
52,533.0,819.0,618.0,865.0,5572,0,0,1,Pedestrian
52,533.0,819.0,616.0,865.0,5573,0,0,1,Pedestrian
52,530.0,819.0,616.0,865.0,5574,0,0,1,Pedestrian
52,528.0,819.0,613.0,865.0,5575,0,0,1,Pedestrian
52,528.0,819.0,610.0,863.0,5576,0,0,1,Pedestrian
52,525.0,819.0,610.0,863.0,5577,0,0,1,Pedestrian
52,522.0,819.0,607.0,863.0,5578,0,0,1,Pedestrian
52,522.0,819.0,607.0,863.0,5579,0,0,1,Pedestrian
52,519.0,819.0,605.0,863.0,5580,0,0,1,Pedestrian
52,517.0,819.0,605.0,863.0,5581,0,0,1,Pedestrian
52,517.0,819.0,602.0,863.0,5582,0,0,1,Pedestrian
52,514.0,819.0,599.0,860.0,5583,0,0,1,Pedestrian
52,511.0,819.0,599.0,860.0,5584,0,0,1,Pedestrian
52,511.0,819.0,596.0,860.0,5585,0,0,1,Pedestrian
52,508.0,819.0,596.0,860.0,5586,0,0,1,Pedestrian
52,506.0,819.0,594.0,860.0,5587,0,0,1,Pedestrian
52,506.0,819.0,594.0,860.0,5588,0,0,1,Pedestrian
52,503.0,819.0,591.0,860.0,5589,0,0,1,Pedestrian
52,503.0,819.0,591.0,860.0,5590,0,0,0,Pedestrian
52,500.0,817.0,588.0,858.0,5591,0,0,1,Pedestrian
52,497.0,817.0,585.0,858.0,5592,0,0,1,Pedestrian
52,497.0,817.0,585.0,858.0,5593,0,0,1,Pedestrian
52,495.0,817.0,583.0,858.0,5594,0,0,1,Pedestrian
52,495.0,817.0,583.0,858.0,5595,0,0,1,Pedestrian
52,492.0,817.0,580.0,858.0,5596,0,0,1,Pedestrian
52,492.0,817.0,580.0,858.0,5597,0,0,1,Pedestrian
52,489.0,817.0,577.0,858.0,5598,0,0,1,Pedestrian
52,489.0,817.0,577.0,858.0,5599,0,0,1,Pedestrian
52,486.0,817.0,574.0,858.0,5600,0,0,1,Pedestrian
52,484.0,817.0,572.0,858.0,5601,0,0,1,Pedestrian
52,484.0,817.0,572.0,858.0,5602,0,0,1,Pedestrian
52,481.0,817.0,569.0,858.0,5603,0,0,1,Pedestrian
52,481.0,817.0,569.0,858.0,5604,0,0,1,Pedestrian
52,478.0,817.0,566.0,858.0,5605,0,0,1,Pedestrian
52,478.0,817.0,566.0,858.0,5606,0,0,1,Pedestrian
52,475.0,817.0,563.0,858.0,5607,0,0,1,Pedestrian
52,475.0,817.0,563.0,858.0,5608,0,0,1,Pedestrian
52,473.0,817.0,561.0,858.0,5609,0,0,1,Pedestrian
52,470.0,817.0,558.0,858.0,5610,0,0,1,Pedestrian
52,470.0,817.0,558.0,858.0,5611,0,0,1,Pedestrian
52,467.0,817.0,555.0,858.0,5612,0,0,1,Pedestrian
52,467.0,815.0,555.0,856.0,5613,0,0,1,Pedestrian
52,464.0,815.0,552.0,856.0,5614,0,0,1,Pedestrian
52,464.0,815.0,552.0,856.0,5615,0,0,1,Pedestrian
52,462.0,815.0,550.0,856.0,5616,0,0,1,Pedestrian
52,462.0,815.0,550.0,856.0,5617,0,0,1,Pedestrian
52,459.0,815.0,547.0,856.0,5618,0,0,1,Pedestrian
52,456.0,815.0,544.0,856.0,5619,0,0,1,Pedestrian
52,456.0,815.0,544.0,856.0,5620,0,0,1,Pedestrian
52,453.0,815.0,541.0,856.0,5621,0,0,1,Pedestrian
52,453.0,815.0,541.0,856.0,5622,0,0,1,Pedestrian
52,451.0,815.0,539.0,856.0,5623,0,0,1,Pedestrian
52,451.0,815.0,539.0,856.0,5624,0,0,1,Pedestrian
52,448.0,815.0,536.0,856.0,5625,0,0,1,Pedestrian
52,448.0,815.0,536.0,856.0,5626,0,0,1,Pedestrian
52,445.0,815.0,533.0,856.0,5627,0,0,1,Pedestrian
52,445.0,815.0,533.0,856.0,5628,0,0,1,Pedestrian
52,442.0,815.0,530.0,856.0,5629,0,0,1,Pedestrian
52,440.0,815.0,528.0,856.0,5630,0,0,1,Pedestrian
52,440.0,815.0,528.0,856.0,5631,0,0,1,Pedestrian
52,437.0,815.0,525.0,856.0,5632,0,0,1,Pedestrian
52,437.0,815.0,525.0,856.0,5633,0,0,1,Pedestrian
52,434.0,815.0,522.0,856.0,5634,0,0,1,Pedestrian
52,434.0,812.0,522.0,853.0,5635,0,0,1,Pedestrian
52,431.0,812.0,519.0,853.0,5636,0,0,1,Pedestrian
52,431.0,812.0,519.0,853.0,5637,0,0,1,Pedestrian
52,429.0,812.0,517.0,853.0,5638,0,0,1,Pedestrian
52,426.0,812.0,514.0,853.0,5639,0,0,1,Pedestrian
52,426.0,812.0,514.0,853.0,5640,0,0,1,Pedestrian
52,423.0,812.0,511.0,853.0,5641,0,0,1,Pedestrian
52,423.0,812.0,511.0,853.0,5642,0,0,1,Pedestrian
52,420.0,812.0,508.0,853.0,5643,0,0,1,Pedestrian
52,420.0,812.0,508.0,853.0,5644,0,0,1,Pedestrian
52,418.0,812.0,506.0,853.0,5645,0,0,1,Pedestrian
52,418.0,812.0,506.0,853.0,5646,0,0,1,Pedestrian
52,415.0,812.0,503.0,853.0,5647,0,0,1,Pedestrian
52,412.0,812.0,500.0,853.0,5648,0,0,1,Pedestrian
52,412.0,812.0,500.0,853.0,5649,0,0,1,Pedestrian
52,409.0,812.0,497.0,853.0,5650,0,0,1,Pedestrian
52,409.0,812.0,497.0,853.0,5651,0,0,1,Pedestrian
52,407.0,812.0,495.0,853.0,5652,0,0,1,Pedestrian
52,407.0,812.0,495.0,853.0,5653,0,0,1,Pedestrian
52,404.0,812.0,492.0,853.0,5654,0,0,1,Pedestrian
52,404.0,812.0,492.0,853.0,5655,0,0,1,Pedestrian
52,401.0,812.0,489.0,853.0,5656,0,0,1,Pedestrian
52,401.0,812.0,489.0,853.0,5657,0,0,0,Pedestrian
52,398.0,810.0,486.0,851.0,5658,0,0,1,Pedestrian
52,396.0,810.0,484.0,851.0,5659,0,0,1,Pedestrian
52,396.0,810.0,484.0,851.0,5660,0,0,1,Pedestrian
52,393.0,810.0,481.0,851.0,5661,0,0,1,Pedestrian
52,393.0,810.0,481.0,851.0,5662,0,0,1,Pedestrian
52,390.0,810.0,478.0,851.0,5663,0,0,1,Pedestrian
52,390.0,810.0,478.0,851.0,5664,0,0,1,Pedestrian
52,387.0,810.0,475.0,851.0,5665,0,0,1,Pedestrian
52,385.0,810.0,473.0,851.0,5666,0,0,1,Pedestrian
52,385.0,810.0,473.0,851.0,5667,0,0,1,Pedestrian
52,382.0,810.0,470.0,851.0,5668,0,0,1,Pedestrian
52,382.0,810.0,470.0,851.0,5669,0,0,1,Pedestrian
52,379.0,810.0,467.0,851.0,5670,0,0,1,Pedestrian
52,379.0,810.0,467.0,851.0,5671,0,0,1,Pedestrian
52,376.0,810.0,464.0,851.0,5672,0,0,1,Pedestrian
52,376.0,810.0,464.0,851.0,5673,0,0,1,Pedestrian
52,374.0,810.0,462.0,851.0,5674,0,0,1,Pedestrian
52,371.0,810.0,459.0,851.0,5675,0,0,1,Pedestrian
52,371.0,810.0,459.0,851.0,5676,0,0,1,Pedestrian
52,368.0,810.0,456.0,851.0,5677,0,0,1,Pedestrian
52,368.0,810.0,456.0,851.0,5678,0,0,1,Pedestrian
52,365.0,810.0,453.0,851.0,5679,0,0,1,Pedestrian
52,365.0,808.0,453.0,849.0,5680,0,0,1,Pedestrian
52,363.0,808.0,451.0,849.0,5681,0,0,1,Pedestrian
52,360.0,808.0,448.0,849.0,5682,0,0,1,Pedestrian
52,360.0,808.0,448.0,849.0,5683,0,0,1,Pedestrian
52,357.0,808.0,445.0,849.0,5684,0,0,1,Pedestrian
52,357.0,808.0,445.0,849.0,5685,0,0,1,Pedestrian
52,354.0,808.0,442.0,849.0,5686,0,0,1,Pedestrian
52,354.0,808.0,442.0,849.0,5687,0,0,1,Pedestrian
52,352.0,808.0,440.0,849.0,5688,0,0,1,Pedestrian
52,352.0,808.0,440.0,849.0,5689,0,0,1,Pedestrian
52,349.0,808.0,437.0,849.0,5690,0,0,1,Pedestrian
52,346.0,808.0,434.0,849.0,5691,0,0,1,Pedestrian
52,346.0,808.0,434.0,849.0,5692,0,0,1,Pedestrian
52,343.0,808.0,431.0,849.0,5693,0,0,1,Pedestrian
52,343.0,808.0,431.0,849.0,5694,0,0,1,Pedestrian
52,341.0,808.0,429.0,849.0,5695,0,0,1,Pedestrian
52,341.0,808.0,429.0,849.0,5696,0,0,1,Pedestrian
52,338.0,808.0,426.0,849.0,5697,0,0,1,Pedestrian
52,338.0,808.0,426.0,849.0,5698,0,0,1,Pedestrian
52,335.0,808.0,423.0,849.0,5699,0,0,1,Pedestrian
52,332.0,808.0,420.0,849.0,5700,0,0,1,Pedestrian
52,332.0,808.0,420.0,849.0,5701,0,0,1,Pedestrian
52,330.0,806.0,418.0,847.0,5702,0,0,1,Pedestrian
52,330.0,806.0,418.0,847.0,5703,0,0,1,Pedestrian
52,327.0,806.0,415.0,847.0,5704,0,0,1,Pedestrian
52,327.0,806.0,415.0,847.0,5705,0,0,1,Pedestrian
52,324.0,806.0,412.0,847.0,5706,0,0,1,Pedestrian
52,321.0,806.0,409.0,847.0,5707,0,0,1,Pedestrian
52,321.0,806.0,409.0,847.0,5708,0,0,1,Pedestrian
52,319.0,806.0,407.0,847.0,5709,0,0,1,Pedestrian
52,319.0,806.0,407.0,847.0,5710,0,0,1,Pedestrian
52,316.0,806.0,404.0,847.0,5711,0,0,1,Pedestrian
52,316.0,806.0,404.0,847.0,5712,0,0,1,Pedestrian
52,313.0,806.0,401.0,847.0,5713,0,0,1,Pedestrian
52,313.0,806.0,401.0,847.0,5714,0,0,1,Pedestrian
52,310.0,806.0,398.0,847.0,5715,0,0,1,Pedestrian
52,308.0,806.0,396.0,847.0,5716,0,0,1,Pedestrian
52,308.0,806.0,396.0,847.0,5717,0,0,1,Pedestrian
52,305.0,806.0,393.0,847.0,5718,0,0,1,Pedestrian
52,305.0,806.0,393.0,847.0,5719,0,0,1,Pedestrian
52,302.0,806.0,390.0,847.0,5720,0,0,1,Pedestrian
52,302.0,806.0,390.0,847.0,5721,0,0,1,Pedestrian
52,299.0,806.0,387.0,847.0,5722,0,0,1,Pedestrian
52,299.0,806.0,387.0,847.0,5723,0,0,0,Pedestrian
52,297.0,803.0,385.0,844.0,5724,0,0,1,Pedestrian
52,294.0,803.0,382.0,844.0,5725,0,0,1,Pedestrian
52,294.0,803.0,382.0,844.0,5726,0,0,1,Pedestrian
52,291.0,803.0,379.0,844.0,5727,0,0,1,Pedestrian
52,291.0,803.0,379.0,844.0,5728,0,0,1,Pedestrian
52,288.0,803.0,376.0,844.0,5729,0,0,1,Pedestrian
52,286.0,803.0,374.0,844.0,5730,0,0,1,Pedestrian
52,286.0,803.0,374.0,844.0,5731,0,0,1,Pedestrian
52,283.0,803.0,371.0,844.0,5732,0,0,1,Pedestrian
52,283.0,803.0,371.0,844.0,5733,0,0,1,Pedestrian
52,280.0,803.0,368.0,844.0,5734,0,0,1,Pedestrian
52,277.0,803.0,365.0,844.0,5735,0,0,1,Pedestrian
52,277.0,803.0,365.0,844.0,5736,0,0,1,Pedestrian
52,275.0,803.0,363.0,844.0,5737,0,0,1,Pedestrian
52,275.0,803.0,363.0,844.0,5738,0,0,1,Pedestrian
52,272.0,803.0,360.0,844.0,5739,0,0,1,Pedestrian
52,269.0,803.0,357.0,844.0,5740,0,0,1,Pedestrian
52,269.0,803.0,357.0,844.0,5741,0,0,1,Pedestrian
52,266.0,803.0,354.0,844.0,5742,0,0,1,Pedestrian
52,266.0,803.0,354.0,844.0,5743,0,0,1,Pedestrian
52,264.0,803.0,352.0,844.0,5744,0,0,1,Pedestrian
52,261.0,803.0,349.0,844.0,5745,0,0,1,Pedestrian
52,261.0,803.0,349.0,844.0,5746,0,0,1,Pedestrian
52,258.0,803.0,346.0,844.0,5747,0,0,1,Pedestrian
52,258.0,801.0,346.0,842.0,5748,0,0,1,Pedestrian
52,255.0,801.0,343.0,842.0,5749,0,0,1,Pedestrian
52,253.0,801.0,341.0,842.0,5750,0,0,1,Pedestrian
52,253.0,801.0,341.0,842.0,5751,0,0,1,Pedestrian
52,250.0,801.0,338.0,842.0,5752,0,0,1,Pedestrian
52,250.0,801.0,338.0,842.0,5753,0,0,1,Pedestrian
52,247.0,801.0,335.0,842.0,5754,0,0,1,Pedestrian
52,244.0,801.0,332.0,842.0,5755,0,0,1,Pedestrian
52,244.0,801.0,332.0,842.0,5756,0,0,1,Pedestrian
52,242.0,801.0,330.0,842.0,5757,0,0,1,Pedestrian
52,242.0,801.0,330.0,842.0,5758,0,0,1,Pedestrian
52,239.0,801.0,327.0,842.0,5759,0,0,1,Pedestrian
52,239.0,801.0,327.0,842.0,5760,0,0,1,Pedestrian
52,236.0,801.0,324.0,842.0,5761,0,0,1,Pedestrian
52,233.0,801.0,321.0,842.0,5762,0,0,1,Pedestrian
52,233.0,801.0,321.0,842.0,5763,0,0,1,Pedestrian
52,231.0,801.0,319.0,842.0,5764,0,0,1,Pedestrian
52,231.0,801.0,319.0,842.0,5765,0,0,1,Pedestrian
52,228.0,801.0,316.0,842.0,5766,0,0,1,Pedestrian
52,225.0,801.0,313.0,842.0,5767,0,0,1,Pedestrian
52,225.0,801.0,313.0,842.0,5768,0,0,1,Pedestrian
52,222.0,801.0,310.0,842.0,5769,0,0,1,Pedestrian
52,222.0,801.0,310.0,842.0,5770,0,0,1,Pedestrian
52,220.0,801.0,308.0,842.0,5771,0,0,1,Pedestrian
52,217.0,801.0,305.0,842.0,5772,0,0,1,Pedestrian
52,217.0,799.0,305.0,840.0,5773,0,0,1,Pedestrian
52,214.0,799.0,302.0,840.0,5774,0,0,1,Pedestrian
52,214.0,799.0,302.0,840.0,5775,0,0,1,Pedestrian
52,211.0,799.0,299.0,840.0,5776,0,0,1,Pedestrian
52,209.0,799.0,297.0,840.0,5777,0,0,1,Pedestrian
52,209.0,799.0,297.0,840.0,5778,0,0,1,Pedestrian
52,206.0,799.0,294.0,840.0,5779,0,0,1,Pedestrian
52,206.0,799.0,294.0,840.0,5780,0,0,1,Pedestrian
52,203.0,799.0,291.0,840.0,5781,0,0,1,Pedestrian
52,200.0,799.0,288.0,840.0,5782,0,0,1,Pedestrian
52,200.0,799.0,288.0,840.0,5783,0,0,1,Pedestrian
52,198.0,799.0,286.0,840.0,5784,0,0,1,Pedestrian
52,198.0,799.0,286.0,840.0,5785,0,0,1,Pedestrian
52,195.0,799.0,283.0,840.0,5786,0,0,1,Pedestrian
52,192.0,799.0,280.0,840.0,5787,0,0,1,Pedestrian
52,192.0,799.0,280.0,840.0,5788,0,0,1,Pedestrian
52,189.0,799.0,277.0,840.0,5789,0,0,1,Pedestrian
52,189.0,799.0,277.0,840.0,5790,0,0,1,Pedestrian
52,187.0,799.0,275.0,840.0,5791,0,0,1,Pedestrian
52,184.0,799.0,272.0,840.0,5792,0,0,1,Pedestrian
52,184.0,799.0,272.0,840.0,5793,0,0,1,Pedestrian
52,181.0,799.0,269.0,840.0,5794,0,0,1,Pedestrian
52,181.0,799.0,269.0,840.0,5795,0,0,1,Pedestrian
52,178.0,799.0,266.0,840.0,5796,0,0,1,Pedestrian
52,178.0,799.0,266.0,840.0,5797,0,0,0,Pedestrian
52,176.0,796.0,264.0,837.0,5798,0,0,1,Pedestrian
52,173.0,796.0,261.0,837.0,5799,0,0,1,Pedestrian
52,173.0,796.0,261.0,837.0,5800,0,0,1,Pedestrian
52,170.0,796.0,258.0,837.0,5801,0,0,1,Pedestrian
52,167.0,796.0,255.0,837.0,5802,0,0,1,Pedestrian
52,167.0,796.0,255.0,837.0,5803,0,0,1,Pedestrian
52,165.0,796.0,253.0,837.0,5804,0,0,1,Pedestrian
52,162.0,796.0,250.0,837.0,5805,0,0,1,Pedestrian
52,162.0,796.0,250.0,837.0,5806,0,0,1,Pedestrian
52,159.0,796.0,247.0,837.0,5807,0,0,1,Pedestrian
52,156.0,796.0,244.0,837.0,5808,0,0,1,Pedestrian
52,156.0,796.0,244.0,837.0,5809,0,0,1,Pedestrian
52,154.0,796.0,242.0,837.0,5810,0,0,1,Pedestrian
52,151.0,796.0,239.0,837.0,5811,0,0,1,Pedestrian
52,151.0,796.0,239.0,837.0,5812,0,0,1,Pedestrian
52,148.0,796.0,236.0,837.0,5813,0,0,1,Pedestrian
52,145.0,796.0,233.0,837.0,5814,0,0,1,Pedestrian
52,145.0,796.0,233.0,837.0,5815,0,0,1,Pedestrian
52,143.0,796.0,231.0,837.0,5816,0,0,1,Pedestrian
52,140.0,796.0,228.0,837.0,5817,0,0,1,Pedestrian
52,140.0,796.0,228.0,837.0,5818,0,0,1,Pedestrian
52,137.0,796.0,225.0,837.0,5819,0,0,1,Pedestrian
52,134.0,796.0,222.0,837.0,5820,0,0,1,Pedestrian
52,134.0,796.0,222.0,837.0,5821,0,0,1,Pedestrian
52,132.0,796.0,220.0,837.0,5822,0,0,1,Pedestrian
52,129.0,796.0,217.0,837.0,5823,0,0,1,Pedestrian
52,129.0,796.0,217.0,837.0,5824,0,0,1,Pedestrian
52,126.0,796.0,214.0,837.0,5825,0,0,1,Pedestrian
52,123.0,796.0,211.0,837.0,5826,0,0,1,Pedestrian
52,123.0,796.0,211.0,837.0,5827,0,0,1,Pedestrian
52,121.0,796.0,209.0,837.0,5828,0,0,1,Pedestrian
52,118.0,796.0,206.0,837.0,5829,0,0,1,Pedestrian
52,118.0,796.0,206.0,837.0,5830,0,0,1,Pedestrian
52,115.0,796.0,203.0,837.0,5831,0,0,1,Pedestrian
52,112.0,796.0,200.0,837.0,5832,0,0,1,Pedestrian
52,112.0,796.0,200.0,837.0,5833,0,0,1,Pedestrian
52,110.0,796.0,198.0,837.0,5834,0,0,1,Pedestrian
52,107.0,796.0,195.0,837.0,5835,0,0,1,Pedestrian
52,107.0,796.0,195.0,837.0,5836,0,0,1,Pedestrian
52,104.0,796.0,192.0,837.0,5837,0,0,1,Pedestrian
52,101.0,796.0,189.0,837.0,5838,0,0,1,Pedestrian
52,101.0,796.0,189.0,837.0,5839,0,0,1,Pedestrian
52,99.0,796.0,187.0,837.0,5840,0,0,1,Pedestrian
52,96.0,796.0,184.0,837.0,5841,0,0,1,Pedestrian
52,96.0,796.0,184.0,837.0,5842,0,0,1,Pedestrian
52,93.0,796.0,181.0,837.0,5843,0,0,1,Pedestrian
52,93.0,796.0,181.0,837.0,5844,0,0,0,Pedestrian
52,90.0,794.0,178.0,835.0,5845,0,0,1,Pedestrian
52,88.0,794.0,176.0,835.0,5846,0,0,1,Pedestrian
52,88.0,794.0,176.0,835.0,5847,0,0,1,Pedestrian
52,85.0,794.0,173.0,835.0,5848,0,0,1,Pedestrian
52,82.0,794.0,170.0,835.0,5849,0,0,1,Pedestrian
52,82.0,794.0,170.0,835.0,5850,0,0,1,Pedestrian
52,79.0,792.0,167.0,833.0,5851,0,0,1,Pedestrian
52,79.0,792.0,167.0,833.0,5852,0,0,1,Pedestrian
52,77.0,792.0,165.0,833.0,5853,0,0,1,Pedestrian
52,74.0,792.0,162.0,833.0,5854,0,0,1,Pedestrian
52,74.0,792.0,162.0,833.0,5855,0,0,1,Pedestrian
52,71.0,792.0,159.0,833.0,5856,0,0,1,Pedestrian
52,71.0,792.0,159.0,833.0,5857,0,0,1,Pedestrian
52,68.0,790.0,156.0,831.0,5858,0,0,1,Pedestrian
52,66.0,790.0,154.0,831.0,5859,0,0,1,Pedestrian
52,66.0,790.0,154.0,831.0,5860,0,0,1,Pedestrian
52,63.0,790.0,151.0,831.0,5861,0,0,1,Pedestrian
52,60.0,790.0,148.0,831.0,5862,0,0,1,Pedestrian
52,60.0,790.0,148.0,831.0,5863,0,0,1,Pedestrian
52,57.0,787.0,145.0,828.0,5864,0,0,1,Pedestrian
52,57.0,787.0,145.0,828.0,5865,0,0,1,Pedestrian
52,55.0,787.0,143.0,828.0,5866,0,0,1,Pedestrian
52,52.0,787.0,140.0,828.0,5867,0,0,1,Pedestrian
52,52.0,787.0,140.0,828.0,5868,0,0,1,Pedestrian
52,49.0,787.0,137.0,828.0,5869,0,0,1,Pedestrian
52,49.0,787.0,137.0,828.0,5870,0,0,1,Pedestrian
52,46.0,785.0,134.0,826.0,5871,0,0,1,Pedestrian
52,44.0,785.0,132.0,826.0,5872,0,0,1,Pedestrian
52,44.0,785.0,132.0,826.0,5873,0,0,1,Pedestrian
52,41.0,785.0,129.0,826.0,5874,0,0,1,Pedestrian
52,38.0,785.0,126.0,826.0,5875,0,0,1,Pedestrian
52,38.0,785.0,126.0,826.0,5876,0,0,1,Pedestrian
52,35.0,783.0,123.0,824.0,5877,0,0,1,Pedestrian
52,35.0,783.0,123.0,824.0,5878,0,0,1,Pedestrian
52,33.0,783.0,121.0,824.0,5879,0,0,1,Pedestrian
52,30.0,783.0,118.0,824.0,5880,0,0,1,Pedestrian
52,30.0,783.0,118.0,824.0,5881,0,0,1,Pedestrian
52,27.0,783.0,115.0,824.0,5882,0,0,1,Pedestrian
52,27.0,783.0,115.0,824.0,5883,0,0,0,Pedestrian
52,24.0,781.0,112.0,822.0,5884,0,0,1,Pedestrian
52,24.0,781.0,112.0,822.0,5885,0,0,1,Pedestrian
52,22.0,781.0,110.0,822.0,5886,0,0,1,Pedestrian
52,22.0,781.0,110.0,822.0,5887,0,0,1,Pedestrian
52,22.0,781.0,110.0,822.0,5888,0,0,1,Pedestrian
52,19.0,778.0,107.0,819.0,5889,0,0,1,Pedestrian
52,19.0,778.0,107.0,819.0,5890,0,0,1,Pedestrian
52,19.0,778.0,107.0,819.0,5891,0,0,1,Pedestrian
52,16.0,778.0,104.0,819.0,5892,0,0,1,Pedestrian
52,16.0,778.0,104.0,819.0,5893,0,0,1,Pedestrian
52,16.0,778.0,104.0,819.0,5894,0,0,1,Pedestrian
52,13.0,776.0,101.0,817.0,5895,0,0,1,Pedestrian
52,13.0,776.0,101.0,817.0,5896,0,0,1,Pedestrian
52,13.0,776.0,101.0,817.0,5897,0,0,1,Pedestrian
52,11.0,776.0,99.0,817.0,5898,0,0,1,Pedestrian
52,11.0,776.0,99.0,817.0,5899,0,0,1,Pedestrian
52,11.0,776.0,99.0,817.0,5900,0,0,0,Pedestrian
52,8.0,776.0,96.0,817.0,5901,0,0,1,Pedestrian
52,8.0,776.0,96.0,817.0,5902,0,0,1,Pedestrian
52,8.0,776.0,96.0,817.0,5903,0,0,1,Pedestrian
52,8.0,776.0,96.0,817.0,5904,0,0,1,Pedestrian
52,5.0,776.0,93.0,817.0,5905,0,0,1,Pedestrian
52,5.0,776.0,93.0,817.0,5906,0,0,1,Pedestrian
52,5.0,776.0,93.0,817.0,5907,0,0,1,Pedestrian
52,5.0,776.0,93.0,817.0,5908,0,0,1,Pedestrian
52,5.0,776.0,93.0,817.0,5909,0,0,1,Pedestrian
52,2.0,776.0,90.0,817.0,5910,0,0,1,Pedestrian
52,2.0,776.0,90.0,817.0,5911,0,0,1,Pedestrian
52,2.0,776.0,90.0,817.0,5912,0,0,1,Pedestrian
52,2.0,776.0,90.0,817.0,5913,0,0,1,Pedestrian
52,0.0,776.0,88.0,817.0,5914,0,0,1,Pedestrian
52,0.0,776.0,88.0,817.0,5915,0,0,1,Pedestrian
52,0.0,776.0,88.0,817.0,5916,0,0,1,Pedestrian
52,0.0,776.0,88.0,817.0,5917,0,0,1,Pedestrian
52,0.0,776.0,88.0,817.0,5918,0,0,0,Pedestrian
52,0.0,776.0,85.0,817.0,5919,0,0,1,Pedestrian
52,0.0,776.0,85.0,817.0,5920,0,0,1,Pedestrian
52,0.0,776.0,85.0,817.0,5921,0,0,1,Pedestrian
52,0.0,776.0,85.0,817.0,5922,0,0,1,Pedestrian
52,0.0,778.0,85.0,819.0,5923,0,0,1,Pedestrian
52,0.0,778.0,85.0,819.0,5924,0,0,1,Pedestrian
52,0.0,778.0,82.0,819.0,5925,0,0,1,Pedestrian
52,0.0,778.0,82.0,819.0,5926,0,0,1,Pedestrian
52,0.0,781.0,82.0,822.0,5927,0,0,1,Pedestrian
52,0.0,781.0,82.0,822.0,5928,0,0,1,Pedestrian
52,0.0,781.0,82.0,822.0,5929,0,0,1,Pedestrian
52,0.0,781.0,82.0,822.0,5930,0,0,1,Pedestrian
52,0.0,783.0,82.0,824.0,5931,0,0,0,Pedestrian
52,0.0,783.0,79.0,824.0,5932,0,0,1,Pedestrian
52,0.0,785.0,79.0,826.0,5933,0,0,1,Pedestrian
52,0.0,787.0,79.0,828.0,5934,0,0,1,Pedestrian
52,0.0,790.0,79.0,831.0,5935,1,0,0,Pedestrian
52,0.0,787.0,77.0,828.0,5936,1,0,1,Pedestrian
52,0.0,787.0,77.0,828.0,5937,1,0,1,Pedestrian
52,0.0,787.0,77.0,828.0,5938,1,0,1,Pedestrian
52,0.0,787.0,77.0,828.0,5939,1,0,1,Pedestrian
52,0.0,785.0,74.0,826.0,5940,1,0,1,Pedestrian
52,0.0,785.0,74.0,826.0,5941,1,0,1,Pedestrian
52,0.0,785.0,74.0,826.0,5942,1,0,1,Pedestrian
52,0.0,785.0,74.0,826.0,5943,1,0,0,Pedestrian
52,0.0,785.0,74.0,826.0,5944,1,0,1,Pedestrian
52,0.0,785.0,74.0,826.0,5945,1,0,1,Pedestrian
52,0.0,785.0,74.0,826.0,5946,1,0,1,Pedestrian
52,0.0,785.0,74.0,826.0,5947,1,0,1,Pedestrian
52,0.0,785.0,74.0,826.0,5948,1,0,1,Pedestrian
52,0.0,785.0,74.0,826.0,5949,1,0,1,Pedestrian
52,0.0,785.0,74.0,826.0,5950,1,0,1,Pedestrian
52,0.0,785.0,74.0,826.0,5951,1,0,1,Pedestrian
52,0.0,785.0,74.0,826.0,5952,1,0,1,Pedestrian
52,0.0,785.0,74.0,826.0,5953,1,0,1,Pedestrian
52,0.0,785.0,74.0,826.0,5954,1,0,1,Pedestrian
52,0.0,785.0,74.0,826.0,5955,1,0,1,Pedestrian
52,0.0,785.0,74.0,826.0,5956,1,0,1,Pedestrian
52,0.0,785.0,74.0,826.0,5957,1,0,1,Pedestrian
52,0.0,785.0,74.0,826.0,5958,1,0,1,Pedestrian
52,0.0,785.0,74.0,826.0,5959,1,0,1,Pedestrian
52,0.0,785.0,74.0,826.0,5960,1,0,1,Pedestrian
52,0.0,785.0,74.0,826.0,5961,1,0,1,Pedestrian
52,0.0,785.0,74.0,826.0,5962,1,0,1,Pedestrian
52,0.0,785.0,74.0,826.0,5963,1,0,1,Pedestrian
52,0.0,785.0,74.0,826.0,5964,1,0,1,Pedestrian
52,0.0,785.0,74.0,826.0,5965,1,0,1,Pedestrian
52,0.0,785.0,74.0,826.0,5966,1,0,1,Pedestrian
52,0.0,785.0,74.0,826.0,5967,1,0,1,Pedestrian
52,0.0,785.0,74.0,826.0,5968,1,0,1,Pedestrian
52,0.0,785.0,74.0,826.0,5969,1,0,1,Pedestrian
52,0.0,785.0,74.0,826.0,5970,1,0,1,Pedestrian
52,0.0,785.0,74.0,826.0,5971,1,0,1,Pedestrian
52,0.0,785.0,74.0,826.0,5972,1,0,1,Pedestrian
52,0.0,785.0,74.0,826.0,5973,1,0,1,Pedestrian
52,0.0,785.0,74.0,826.0,5974,1,0,1,Pedestrian
52,0.0,785.0,74.0,826.0,5975,1,0,1,Pedestrian
52,0.0,785.0,74.0,826.0,5976,1,0,1,Pedestrian
52,0.0,785.0,74.0,826.0,5977,1,0,1,Pedestrian
52,0.0,785.0,74.0,826.0,5978,1,0,1,Pedestrian
52,0.0,785.0,74.0,826.0,5979,1,0,1,Pedestrian
52,0.0,785.0,74.0,826.0,5980,1,0,1,Pedestrian
52,0.0,785.0,74.0,826.0,5981,1,0,1,Pedestrian
52,0.0,785.0,74.0,826.0,5982,1,0,1,Pedestrian
52,0.0,785.0,74.0,826.0,5983,1,0,1,Pedestrian
52,0.0,785.0,74.0,826.0,5984,1,0,1,Pedestrian
52,0.0,785.0,74.0,826.0,5985,1,0,1,Pedestrian
52,0.0,785.0,74.0,826.0,5986,1,0,1,Pedestrian
52,0.0,785.0,74.0,826.0,5987,1,0,1,Pedestrian
52,0.0,785.0,74.0,826.0,5988,1,0,1,Pedestrian
52,0.0,785.0,74.0,826.0,5989,1,0,1,Pedestrian
52,0.0,785.0,74.0,826.0,5990,1,0,1,Pedestrian
52,0.0,785.0,74.0,826.0,5991,1,0,1,Pedestrian
52,0.0,785.0,74.0,826.0,5992,1,0,1,Pedestrian
52,0.0,785.0,74.0,826.0,5993,1,0,1,Pedestrian
52,0.0,785.0,74.0,826.0,5994,1,0,1,Pedestrian
52,0.0,785.0,74.0,826.0,5995,1,0,1,Pedestrian
52,0.0,785.0,74.0,826.0,5996,1,0,1,Pedestrian
52,0.0,785.0,74.0,826.0,5997,1,0,1,Pedestrian
52,0.0,785.0,74.0,826.0,5998,1,0,1,Pedestrian
52,0.0,785.0,74.0,826.0,5999,1,0,1,Pedestrian
52,0.0,785.0,74.0,826.0,6000,1,0,1,Pedestrian
52,0.0,785.0,74.0,826.0,6001,1,0,1,Pedestrian
52,0.0,785.0,74.0,826.0,6002,1,0,1,Pedestrian
52,0.0,785.0,74.0,826.0,6003,1,0,1,Pedestrian
52,0.0,785.0,74.0,826.0,6004,1,0,1,Pedestrian
52,0.0,785.0,74.0,826.0,6005,1,0,1,Pedestrian
52,0.0,785.0,74.0,826.0,6006,1,0,1,Pedestrian
52,0.0,785.0,74.0,826.0,6007,1,0,1,Pedestrian
52,0.0,785.0,74.0,826.0,6008,1,0,1,Pedestrian
52,0.0,785.0,74.0,826.0,6009,1,0,1,Pedestrian
52,0.0,785.0,74.0,826.0,6010,1,0,1,Pedestrian
52,0.0,785.0,74.0,826.0,6011,1,0,1,Pedestrian
52,0.0,785.0,74.0,826.0,6012,1,0,1,Pedestrian
52,0.0,785.0,74.0,826.0,6013,1,0,1,Pedestrian
52,0.0,785.0,74.0,826.0,6014,1,0,1,Pedestrian
52,0.0,785.0,74.0,826.0,6015,1,0,1,Pedestrian
52,0.0,785.0,74.0,826.0,6016,1,0,1,Pedestrian
52,0.0,785.0,74.0,826.0,6017,1,0,1,Pedestrian
52,0.0,785.0,74.0,826.0,6018,1,0,1,Pedestrian
52,0.0,785.0,74.0,826.0,6019,1,0,1,Pedestrian
52,0.0,785.0,74.0,826.0,6020,1,0,1,Pedestrian
52,0.0,785.0,74.0,826.0,6021,1,0,1,Pedestrian
52,0.0,785.0,74.0,826.0,6022,1,0,1,Pedestrian
52,0.0,785.0,74.0,826.0,6023,1,0,1,Pedestrian
52,0.0,785.0,74.0,826.0,6024,1,0,1,Pedestrian
52,0.0,785.0,74.0,826.0,6025,1,0,1,Pedestrian
52,0.0,785.0,74.0,826.0,6026,1,0,1,Pedestrian
52,0.0,785.0,74.0,826.0,6027,1,0,1,Pedestrian
52,0.0,785.0,74.0,826.0,6028,1,0,1,Pedestrian
52,0.0,785.0,74.0,826.0,6029,1,0,1,Pedestrian
52,0.0,785.0,74.0,826.0,6030,1,0,1,Pedestrian
52,0.0,785.0,74.0,826.0,6031,1,0,0,Pedestrian
53,1383.0,1049.0,1435.0,1088.0,4500,1,0,0,Pedestrian
53,1383.0,1049.0,1435.0,1088.0,4501,1,0,1,Pedestrian
53,1383.0,1049.0,1435.0,1088.0,4502,1,0,1,Pedestrian
53,1383.0,1049.0,1435.0,1088.0,4503,1,0,1,Pedestrian
53,1383.0,1049.0,1435.0,1088.0,4504,1,0,1,Pedestrian
53,1383.0,1049.0,1435.0,1088.0,4505,1,0,1,Pedestrian
53,1383.0,1049.0,1435.0,1088.0,4506,1,0,1,Pedestrian
53,1383.0,1049.0,1435.0,1088.0,4507,1,0,1,Pedestrian
53,1383.0,1049.0,1435.0,1088.0,4508,1,0,1,Pedestrian
53,1383.0,1049.0,1435.0,1088.0,4509,1,0,1,Pedestrian
53,1383.0,1049.0,1435.0,1088.0,4510,1,0,1,Pedestrian
53,1383.0,1049.0,1435.0,1088.0,4511,1,0,1,Pedestrian
53,1383.0,1049.0,1435.0,1088.0,4512,1,0,1,Pedestrian
53,1383.0,1049.0,1435.0,1088.0,4513,1,0,1,Pedestrian
53,1383.0,1049.0,1435.0,1088.0,4514,1,0,1,Pedestrian
53,1383.0,1049.0,1435.0,1088.0,4515,1,0,1,Pedestrian
53,1383.0,1049.0,1435.0,1088.0,4516,1,0,1,Pedestrian
53,1383.0,1049.0,1435.0,1088.0,4517,1,0,1,Pedestrian
53,1383.0,1049.0,1435.0,1088.0,4518,1,0,1,Pedestrian
53,1383.0,1049.0,1435.0,1088.0,4519,1,0,1,Pedestrian
53,1383.0,1049.0,1435.0,1088.0,4520,1,0,1,Pedestrian
53,1383.0,1049.0,1435.0,1088.0,4521,1,0,1,Pedestrian
53,1383.0,1049.0,1435.0,1088.0,4522,1,0,1,Pedestrian
53,1383.0,1049.0,1435.0,1088.0,4523,1,0,1,Pedestrian
53,1383.0,1049.0,1435.0,1088.0,4524,1,0,1,Pedestrian
53,1383.0,1049.0,1435.0,1088.0,4525,1,0,1,Pedestrian
53,1383.0,1049.0,1435.0,1088.0,4526,1,0,1,Pedestrian
53,1383.0,1049.0,1435.0,1088.0,4527,1,0,1,Pedestrian
53,1383.0,1049.0,1435.0,1088.0,4528,1,0,1,Pedestrian
53,1383.0,1049.0,1435.0,1088.0,4529,1,0,1,Pedestrian
53,1383.0,1049.0,1435.0,1088.0,4530,1,0,1,Pedestrian
53,1383.0,1049.0,1435.0,1088.0,4531,1,0,1,Pedestrian
53,1383.0,1049.0,1435.0,1088.0,4532,1,0,1,Pedestrian
53,1383.0,1049.0,1435.0,1088.0,4533,1,0,1,Pedestrian
53,1383.0,1049.0,1435.0,1088.0,4534,1,0,1,Pedestrian
53,1383.0,1049.0,1435.0,1088.0,4535,1,0,1,Pedestrian
53,1383.0,1049.0,1435.0,1088.0,4536,1,0,1,Pedestrian
53,1383.0,1049.0,1435.0,1088.0,4537,1,0,1,Pedestrian
53,1383.0,1049.0,1435.0,1088.0,4538,1,0,1,Pedestrian
53,1383.0,1049.0,1435.0,1088.0,4539,1,0,1,Pedestrian
53,1383.0,1049.0,1435.0,1088.0,4540,1,0,1,Pedestrian
53,1383.0,1049.0,1435.0,1088.0,4541,1,0,1,Pedestrian
53,1383.0,1049.0,1435.0,1088.0,4542,1,0,1,Pedestrian
53,1383.0,1049.0,1435.0,1088.0,4543,1,0,1,Pedestrian
53,1383.0,1049.0,1435.0,1088.0,4544,1,0,1,Pedestrian
53,1383.0,1049.0,1435.0,1088.0,4545,1,0,1,Pedestrian
53,1383.0,1049.0,1435.0,1088.0,4546,1,0,1,Pedestrian
53,1383.0,1049.0,1435.0,1088.0,4547,1,0,1,Pedestrian
53,1383.0,1049.0,1435.0,1088.0,4548,1,0,1,Pedestrian
53,1383.0,1049.0,1435.0,1088.0,4549,1,0,1,Pedestrian
53,1383.0,1049.0,1435.0,1088.0,4550,1,0,1,Pedestrian
53,1383.0,1049.0,1435.0,1088.0,4551,1,0,1,Pedestrian
53,1383.0,1049.0,1435.0,1088.0,4552,1,0,1,Pedestrian
53,1383.0,1049.0,1435.0,1088.0,4553,1,0,1,Pedestrian
53,1383.0,1049.0,1435.0,1088.0,4554,1,0,1,Pedestrian
53,1383.0,1049.0,1435.0,1088.0,4555,1,0,1,Pedestrian
53,1383.0,1049.0,1435.0,1088.0,4556,1,0,1,Pedestrian
53,1383.0,1049.0,1435.0,1088.0,4557,1,0,1,Pedestrian
53,1383.0,1049.0,1435.0,1088.0,4558,1,0,1,Pedestrian
53,1383.0,1049.0,1435.0,1088.0,4559,1,0,1,Pedestrian
53,1383.0,1049.0,1435.0,1088.0,4560,1,0,1,Pedestrian
53,1383.0,1049.0,1435.0,1088.0,4561,1,0,1,Pedestrian
53,1383.0,1049.0,1435.0,1088.0,4562,1,0,1,Pedestrian
53,1383.0,1049.0,1435.0,1088.0,4563,1,0,1,Pedestrian
53,1383.0,1049.0,1435.0,1088.0,4564,1,0,1,Pedestrian
53,1383.0,1049.0,1435.0,1088.0,4565,1,0,1,Pedestrian
53,1383.0,1049.0,1435.0,1088.0,4566,1,0,1,Pedestrian
53,1383.0,1049.0,1435.0,1088.0,4567,1,0,1,Pedestrian
53,1383.0,1049.0,1435.0,1088.0,4568,1,0,1,Pedestrian
53,1383.0,1049.0,1435.0,1088.0,4569,1,0,1,Pedestrian
53,1383.0,1049.0,1435.0,1088.0,4570,1,0,1,Pedestrian
53,1383.0,1049.0,1435.0,1088.0,4571,1,0,1,Pedestrian
53,1383.0,1049.0,1435.0,1088.0,4572,1,0,1,Pedestrian
53,1383.0,1049.0,1435.0,1088.0,4573,1,0,1,Pedestrian
53,1383.0,1049.0,1435.0,1088.0,4574,1,0,1,Pedestrian
53,1383.0,1049.0,1435.0,1088.0,4575,1,0,1,Pedestrian
53,1383.0,1049.0,1435.0,1088.0,4576,1,0,1,Pedestrian
53,1383.0,1049.0,1435.0,1088.0,4577,1,0,1,Pedestrian
53,1383.0,1049.0,1435.0,1088.0,4578,1,0,1,Pedestrian
53,1383.0,1049.0,1435.0,1088.0,4579,1,0,1,Pedestrian
53,1383.0,1049.0,1435.0,1088.0,4580,1,0,1,Pedestrian
53,1383.0,1049.0,1435.0,1088.0,4581,1,0,1,Pedestrian
53,1383.0,1049.0,1435.0,1088.0,4582,1,0,1,Pedestrian
53,1383.0,1049.0,1435.0,1088.0,4583,1,0,1,Pedestrian
53,1383.0,1049.0,1435.0,1088.0,4584,1,0,1,Pedestrian
53,1383.0,1049.0,1435.0,1088.0,4585,1,0,1,Pedestrian
53,1383.0,1049.0,1435.0,1088.0,4586,1,0,1,Pedestrian
53,1383.0,1049.0,1435.0,1088.0,4587,1,0,1,Pedestrian
53,1383.0,1049.0,1435.0,1088.0,4588,1,0,1,Pedestrian
53,1383.0,1049.0,1435.0,1088.0,4589,1,0,1,Pedestrian
53,1383.0,1049.0,1435.0,1088.0,4590,1,0,1,Pedestrian
53,1383.0,1049.0,1435.0,1088.0,4591,1,0,1,Pedestrian
53,1383.0,1049.0,1435.0,1088.0,4592,1,0,1,Pedestrian
53,1383.0,1049.0,1435.0,1088.0,4593,1,0,1,Pedestrian
53,1383.0,1049.0,1435.0,1088.0,4594,1,0,1,Pedestrian
53,1383.0,1049.0,1435.0,1088.0,4595,1,0,1,Pedestrian
53,1383.0,1049.0,1435.0,1088.0,4596,1,0,1,Pedestrian
53,1383.0,1049.0,1435.0,1088.0,4597,1,0,1,Pedestrian
53,1383.0,1049.0,1435.0,1088.0,4598,1,0,1,Pedestrian
53,1383.0,1049.0,1435.0,1088.0,4599,1,0,1,Pedestrian
53,1383.0,1049.0,1435.0,1088.0,4600,1,0,1,Pedestrian
53,1383.0,1049.0,1435.0,1088.0,4601,1,0,1,Pedestrian
53,1383.0,1049.0,1435.0,1088.0,4602,1,0,1,Pedestrian
53,1383.0,1049.0,1435.0,1088.0,4603,1,0,1,Pedestrian
53,1383.0,1049.0,1435.0,1088.0,4604,1,0,1,Pedestrian
53,1383.0,1049.0,1435.0,1088.0,4605,1,0,1,Pedestrian
53,1383.0,1049.0,1435.0,1088.0,4606,1,0,1,Pedestrian
53,1383.0,1049.0,1435.0,1088.0,4607,1,0,1,Pedestrian
53,1383.0,1049.0,1435.0,1088.0,4608,1,0,1,Pedestrian
53,1383.0,1049.0,1435.0,1088.0,4609,1,0,1,Pedestrian
53,1383.0,1049.0,1435.0,1088.0,4610,1,0,1,Pedestrian
53,1383.0,1049.0,1435.0,1088.0,4611,1,0,1,Pedestrian
53,1383.0,1049.0,1435.0,1088.0,4612,1,0,1,Pedestrian
53,1383.0,1049.0,1435.0,1088.0,4613,1,0,1,Pedestrian
53,1383.0,1049.0,1435.0,1088.0,4614,1,0,1,Pedestrian
53,1383.0,1049.0,1435.0,1088.0,4615,1,0,1,Pedestrian
53,1383.0,1049.0,1435.0,1088.0,4616,1,0,1,Pedestrian
53,1383.0,1049.0,1435.0,1088.0,4617,1,0,1,Pedestrian
53,1383.0,1049.0,1435.0,1088.0,4618,1,0,1,Pedestrian
53,1383.0,1049.0,1435.0,1088.0,4619,1,0,1,Pedestrian
53,1383.0,1049.0,1435.0,1088.0,4620,1,0,1,Pedestrian
53,1383.0,1049.0,1435.0,1088.0,4621,1,0,1,Pedestrian
53,1383.0,1049.0,1435.0,1088.0,4622,1,0,1,Pedestrian
53,1383.0,1049.0,1435.0,1088.0,4623,1,0,1,Pedestrian
53,1383.0,1049.0,1435.0,1088.0,4624,1,0,1,Pedestrian
53,1383.0,1049.0,1435.0,1088.0,4625,1,0,1,Pedestrian
53,1383.0,1049.0,1435.0,1088.0,4626,1,0,1,Pedestrian
53,1383.0,1049.0,1435.0,1088.0,4627,1,0,1,Pedestrian
53,1383.0,1049.0,1435.0,1088.0,4628,1,0,1,Pedestrian
53,1383.0,1049.0,1435.0,1088.0,4629,1,0,1,Pedestrian
53,1383.0,1049.0,1435.0,1088.0,4630,1,0,1,Pedestrian
53,1383.0,1049.0,1435.0,1088.0,4631,1,0,1,Pedestrian
53,1383.0,1049.0,1435.0,1088.0,4632,1,0,1,Pedestrian
53,1383.0,1049.0,1435.0,1088.0,4633,1,0,1,Pedestrian
53,1383.0,1049.0,1435.0,1088.0,4634,1,0,1,Pedestrian
53,1383.0,1049.0,1435.0,1088.0,4635,1,0,1,Pedestrian
53,1383.0,1049.0,1435.0,1088.0,4636,1,0,1,Pedestrian
53,1383.0,1049.0,1435.0,1088.0,4637,1,0,1,Pedestrian
53,1383.0,1049.0,1435.0,1088.0,4638,1,0,1,Pedestrian
53,1383.0,1049.0,1435.0,1088.0,4639,1,0,1,Pedestrian
53,1383.0,1049.0,1435.0,1088.0,4640,1,0,1,Pedestrian
53,1383.0,1049.0,1435.0,1088.0,4641,1,0,1,Pedestrian
53,1383.0,1049.0,1435.0,1088.0,4642,1,0,1,Pedestrian
53,1383.0,1049.0,1435.0,1088.0,4643,1,0,1,Pedestrian
53,1383.0,1049.0,1435.0,1088.0,4644,1,0,1,Pedestrian
53,1383.0,1049.0,1435.0,1088.0,4645,1,0,1,Pedestrian
53,1383.0,1049.0,1435.0,1088.0,4646,1,0,1,Pedestrian
53,1383.0,1049.0,1435.0,1088.0,4647,1,0,1,Pedestrian
53,1383.0,1049.0,1435.0,1088.0,4648,1,0,1,Pedestrian
53,1383.0,1049.0,1435.0,1088.0,4649,1,0,1,Pedestrian
53,1383.0,1049.0,1435.0,1088.0,4650,1,0,1,Pedestrian
53,1383.0,1049.0,1435.0,1088.0,4651,1,0,1,Pedestrian
53,1383.0,1049.0,1435.0,1088.0,4652,1,0,1,Pedestrian
53,1383.0,1049.0,1435.0,1088.0,4653,1,0,1,Pedestrian
53,1383.0,1049.0,1435.0,1088.0,4654,1,0,1,Pedestrian
53,1383.0,1049.0,1435.0,1088.0,4655,1,0,1,Pedestrian
53,1383.0,1049.0,1435.0,1088.0,4656,1,0,1,Pedestrian
53,1383.0,1049.0,1435.0,1088.0,4657,1,0,1,Pedestrian
53,1383.0,1049.0,1435.0,1088.0,4658,1,0,1,Pedestrian
53,1383.0,1049.0,1435.0,1088.0,4659,1,0,1,Pedestrian
53,1383.0,1049.0,1435.0,1088.0,4660,1,0,1,Pedestrian
53,1383.0,1049.0,1435.0,1088.0,4661,1,0,1,Pedestrian
53,1383.0,1049.0,1435.0,1088.0,4662,1,0,1,Pedestrian
53,1383.0,1049.0,1435.0,1088.0,4663,1,0,1,Pedestrian
53,1383.0,1049.0,1435.0,1088.0,4664,1,0,1,Pedestrian
53,1383.0,1049.0,1435.0,1088.0,4665,1,0,1,Pedestrian
53,1383.0,1049.0,1435.0,1088.0,4666,1,0,1,Pedestrian
53,1383.0,1049.0,1435.0,1088.0,4667,1,0,1,Pedestrian
53,1383.0,1049.0,1435.0,1088.0,4668,1,0,1,Pedestrian
53,1383.0,1049.0,1435.0,1088.0,4669,1,0,1,Pedestrian
53,1383.0,1049.0,1435.0,1088.0,4670,1,0,1,Pedestrian
53,1383.0,1049.0,1435.0,1088.0,4671,1,0,1,Pedestrian
53,1383.0,1049.0,1435.0,1088.0,4672,1,0,1,Pedestrian
53,1383.0,1049.0,1435.0,1088.0,4673,1,0,1,Pedestrian
53,1383.0,1049.0,1435.0,1088.0,4674,1,0,1,Pedestrian
53,1383.0,1049.0,1435.0,1088.0,4675,1,0,1,Pedestrian
53,1383.0,1049.0,1435.0,1088.0,4676,1,0,1,Pedestrian
53,1383.0,1049.0,1435.0,1088.0,4677,1,0,1,Pedestrian
53,1383.0,1049.0,1435.0,1088.0,4678,1,0,1,Pedestrian
53,1383.0,1049.0,1435.0,1088.0,4679,1,0,1,Pedestrian
53,1383.0,1049.0,1435.0,1088.0,4680,1,0,1,Pedestrian
53,1383.0,1049.0,1435.0,1088.0,4681,1,0,1,Pedestrian
53,1383.0,1049.0,1435.0,1088.0,4682,1,0,1,Pedestrian
53,1383.0,1049.0,1435.0,1088.0,4683,1,0,1,Pedestrian
53,1383.0,1049.0,1435.0,1088.0,4684,1,0,1,Pedestrian
53,1383.0,1049.0,1435.0,1088.0,4685,1,0,1,Pedestrian
53,1383.0,1049.0,1435.0,1088.0,4686,1,0,1,Pedestrian
53,1383.0,1049.0,1435.0,1088.0,4687,1,0,1,Pedestrian
53,1383.0,1049.0,1435.0,1088.0,4688,1,0,1,Pedestrian
53,1383.0,1049.0,1435.0,1088.0,4689,1,0,1,Pedestrian
53,1383.0,1049.0,1435.0,1088.0,4690,1,0,1,Pedestrian
53,1383.0,1049.0,1435.0,1088.0,4691,1,0,1,Pedestrian
53,1383.0,1049.0,1435.0,1088.0,4692,1,0,1,Pedestrian
53,1383.0,1049.0,1435.0,1088.0,4693,1,0,1,Pedestrian
53,1383.0,1049.0,1435.0,1088.0,4694,1,0,1,Pedestrian
53,1383.0,1049.0,1435.0,1088.0,4695,1,0,1,Pedestrian
53,1383.0,1049.0,1435.0,1088.0,4696,1,0,1,Pedestrian
53,1383.0,1049.0,1435.0,1088.0,4697,1,0,1,Pedestrian
53,1383.0,1049.0,1435.0,1088.0,4698,1,0,1,Pedestrian
53,1383.0,1049.0,1435.0,1088.0,4699,1,0,1,Pedestrian
53,1383.0,1049.0,1435.0,1088.0,4700,1,0,1,Pedestrian
53,1383.0,1049.0,1435.0,1088.0,4701,1,0,1,Pedestrian
53,1383.0,1049.0,1435.0,1088.0,4702,1,0,1,Pedestrian
53,1383.0,1049.0,1435.0,1088.0,4703,1,0,1,Pedestrian
53,1383.0,1049.0,1435.0,1088.0,4704,1,0,1,Pedestrian
53,1383.0,1049.0,1435.0,1088.0,4705,1,0,1,Pedestrian
53,1383.0,1049.0,1435.0,1088.0,4706,1,0,1,Pedestrian
53,1383.0,1049.0,1435.0,1088.0,4707,1,0,1,Pedestrian
53,1383.0,1049.0,1435.0,1088.0,4708,1,0,1,Pedestrian
53,1383.0,1049.0,1435.0,1088.0,4709,1,0,1,Pedestrian
53,1383.0,1049.0,1435.0,1088.0,4710,1,0,1,Pedestrian
53,1383.0,1049.0,1435.0,1088.0,4711,1,0,1,Pedestrian
53,1383.0,1049.0,1435.0,1088.0,4712,1,0,1,Pedestrian
53,1383.0,1049.0,1435.0,1088.0,4713,1,0,1,Pedestrian
53,1383.0,1049.0,1435.0,1088.0,4714,1,0,1,Pedestrian
53,1383.0,1049.0,1435.0,1088.0,4715,1,0,1,Pedestrian
53,1383.0,1049.0,1435.0,1088.0,4716,1,0,1,Pedestrian
53,1383.0,1049.0,1435.0,1088.0,4717,1,0,1,Pedestrian
53,1383.0,1049.0,1435.0,1088.0,4718,1,0,1,Pedestrian
53,1383.0,1049.0,1435.0,1088.0,4719,1,0,1,Pedestrian
53,1383.0,1049.0,1435.0,1088.0,4720,1,0,1,Pedestrian
53,1383.0,1049.0,1435.0,1088.0,4721,1,0,1,Pedestrian
53,1383.0,1049.0,1435.0,1088.0,4722,1,0,1,Pedestrian
53,1383.0,1049.0,1435.0,1088.0,4723,1,0,1,Pedestrian
53,1383.0,1049.0,1435.0,1088.0,4724,1,0,1,Pedestrian
53,1383.0,1049.0,1435.0,1088.0,4725,1,0,1,Pedestrian
53,1383.0,1049.0,1435.0,1088.0,4726,1,0,1,Pedestrian
53,1383.0,1049.0,1435.0,1088.0,4727,1,0,1,Pedestrian
53,1383.0,1049.0,1435.0,1088.0,4728,1,0,1,Pedestrian
53,1383.0,1049.0,1435.0,1088.0,4729,1,0,1,Pedestrian
53,1383.0,1049.0,1435.0,1088.0,4730,1,0,1,Pedestrian
53,1383.0,1049.0,1435.0,1088.0,4731,1,0,1,Pedestrian
53,1383.0,1049.0,1435.0,1088.0,4732,1,0,1,Pedestrian
53,1383.0,1049.0,1435.0,1088.0,4733,1,0,1,Pedestrian
53,1383.0,1049.0,1435.0,1088.0,4734,1,0,1,Pedestrian
53,1383.0,1049.0,1435.0,1088.0,4735,1,0,1,Pedestrian
53,1383.0,1049.0,1435.0,1088.0,4736,1,0,1,Pedestrian
53,1383.0,1049.0,1435.0,1088.0,4737,1,0,1,Pedestrian
53,1383.0,1049.0,1435.0,1088.0,4738,1,0,1,Pedestrian
53,1383.0,1049.0,1435.0,1088.0,4739,1,0,1,Pedestrian
53,1383.0,1049.0,1435.0,1088.0,4740,1,0,1,Pedestrian
53,1383.0,1049.0,1435.0,1088.0,4741,1,0,1,Pedestrian
53,1383.0,1049.0,1435.0,1088.0,4742,1,0,1,Pedestrian
53,1383.0,1049.0,1435.0,1088.0,4743,1,0,1,Pedestrian
53,1383.0,1049.0,1435.0,1088.0,4744,1,0,1,Pedestrian
53,1383.0,1049.0,1435.0,1088.0,4745,1,0,1,Pedestrian
53,1383.0,1049.0,1435.0,1088.0,4746,1,0,1,Pedestrian
53,1383.0,1049.0,1435.0,1088.0,4747,1,0,1,Pedestrian
53,1383.0,1049.0,1435.0,1088.0,4748,1,0,1,Pedestrian
53,1383.0,1049.0,1435.0,1088.0,4749,1,0,1,Pedestrian
53,1383.0,1049.0,1435.0,1088.0,4750,1,0,1,Pedestrian
53,1383.0,1049.0,1435.0,1088.0,4751,1,0,1,Pedestrian
53,1383.0,1049.0,1435.0,1088.0,4752,1,0,1,Pedestrian
53,1383.0,1049.0,1435.0,1088.0,4753,1,0,1,Pedestrian
53,1383.0,1049.0,1435.0,1088.0,4754,1,0,1,Pedestrian
53,1383.0,1049.0,1435.0,1088.0,4755,1,0,1,Pedestrian
53,1383.0,1049.0,1435.0,1088.0,4756,1,0,1,Pedestrian
53,1383.0,1049.0,1435.0,1088.0,4757,1,0,1,Pedestrian
53,1383.0,1049.0,1435.0,1088.0,4758,1,0,1,Pedestrian
53,1383.0,1049.0,1435.0,1088.0,4759,1,0,1,Pedestrian
53,1383.0,1049.0,1435.0,1088.0,4760,1,0,1,Pedestrian
53,1383.0,1049.0,1435.0,1088.0,4761,1,0,1,Pedestrian
53,1383.0,1049.0,1435.0,1088.0,4762,1,0,1,Pedestrian
53,1383.0,1049.0,1435.0,1088.0,4763,1,0,1,Pedestrian
53,1383.0,1049.0,1435.0,1088.0,4764,1,0,1,Pedestrian
53,1383.0,1049.0,1435.0,1088.0,4765,1,0,1,Pedestrian
53,1383.0,1049.0,1435.0,1088.0,4766,1,0,1,Pedestrian
53,1383.0,1049.0,1435.0,1088.0,4767,1,0,1,Pedestrian
53,1383.0,1049.0,1435.0,1088.0,4768,1,0,1,Pedestrian
53,1383.0,1049.0,1435.0,1088.0,4769,1,0,1,Pedestrian
53,1383.0,1049.0,1435.0,1088.0,4770,1,0,1,Pedestrian
53,1383.0,1049.0,1435.0,1088.0,4771,1,0,1,Pedestrian
53,1383.0,1049.0,1435.0,1088.0,4772,1,0,1,Pedestrian
53,1383.0,1049.0,1435.0,1088.0,4773,1,0,1,Pedestrian
53,1383.0,1049.0,1435.0,1088.0,4774,1,0,1,Pedestrian
53,1383.0,1049.0,1435.0,1088.0,4775,1,0,1,Pedestrian
53,1383.0,1049.0,1435.0,1088.0,4776,1,0,1,Pedestrian
53,1383.0,1049.0,1435.0,1088.0,4777,1,0,1,Pedestrian
53,1383.0,1049.0,1435.0,1088.0,4778,1,0,1,Pedestrian
53,1383.0,1049.0,1435.0,1088.0,4779,1,0,1,Pedestrian
53,1383.0,1049.0,1435.0,1088.0,4780,1,0,1,Pedestrian
53,1383.0,1049.0,1435.0,1088.0,4781,1,0,1,Pedestrian
53,1383.0,1049.0,1435.0,1088.0,4782,1,0,1,Pedestrian
53,1383.0,1049.0,1435.0,1088.0,4783,1,0,1,Pedestrian
53,1383.0,1049.0,1435.0,1088.0,4784,1,0,1,Pedestrian
53,1383.0,1049.0,1435.0,1088.0,4785,1,0,1,Pedestrian
53,1383.0,1049.0,1435.0,1088.0,4786,1,0,1,Pedestrian
53,1383.0,1049.0,1435.0,1088.0,4787,1,0,1,Pedestrian
53,1383.0,1049.0,1435.0,1088.0,4788,1,0,1,Pedestrian
53,1383.0,1049.0,1435.0,1088.0,4789,1,0,1,Pedestrian
53,1383.0,1049.0,1435.0,1088.0,4790,1,0,1,Pedestrian
53,1383.0,1049.0,1435.0,1088.0,4791,1,0,1,Pedestrian
53,1383.0,1049.0,1435.0,1088.0,4792,1,0,1,Pedestrian
53,1383.0,1049.0,1435.0,1088.0,4793,1,0,1,Pedestrian
53,1383.0,1049.0,1435.0,1088.0,4794,1,0,1,Pedestrian
53,1383.0,1049.0,1435.0,1088.0,4795,1,0,1,Pedestrian
53,1383.0,1049.0,1435.0,1088.0,4796,1,0,1,Pedestrian
53,1383.0,1049.0,1435.0,1088.0,4797,1,0,1,Pedestrian
53,1383.0,1049.0,1435.0,1088.0,4798,1,0,1,Pedestrian
53,1383.0,1049.0,1435.0,1088.0,4799,1,0,1,Pedestrian
53,1383.0,1049.0,1435.0,1088.0,4800,1,0,1,Pedestrian
53,1383.0,1049.0,1435.0,1088.0,4801,1,0,1,Pedestrian
53,1383.0,1049.0,1435.0,1088.0,4802,1,0,1,Pedestrian
53,1383.0,1049.0,1435.0,1088.0,4803,1,0,1,Pedestrian
53,1383.0,1049.0,1435.0,1088.0,4804,1,0,1,Pedestrian
53,1383.0,1049.0,1435.0,1088.0,4805,1,0,1,Pedestrian
53,1383.0,1049.0,1435.0,1088.0,4806,1,0,1,Pedestrian
53,1383.0,1049.0,1435.0,1088.0,4807,1,0,1,Pedestrian
53,1383.0,1049.0,1435.0,1088.0,4808,1,0,1,Pedestrian
53,1383.0,1049.0,1435.0,1088.0,4809,1,0,1,Pedestrian
53,1383.0,1049.0,1435.0,1088.0,4810,1,0,1,Pedestrian
53,1383.0,1049.0,1435.0,1088.0,4811,1,0,1,Pedestrian
53,1383.0,1049.0,1435.0,1088.0,4812,1,0,1,Pedestrian
53,1383.0,1049.0,1435.0,1088.0,4813,1,0,1,Pedestrian
53,1383.0,1049.0,1435.0,1088.0,4814,1,0,1,Pedestrian
53,1383.0,1049.0,1435.0,1088.0,4815,1,0,1,Pedestrian
53,1383.0,1049.0,1435.0,1088.0,4816,1,0,1,Pedestrian
53,1383.0,1049.0,1435.0,1088.0,4817,1,0,1,Pedestrian
53,1383.0,1049.0,1435.0,1088.0,4818,1,0,1,Pedestrian
53,1383.0,1049.0,1435.0,1088.0,4819,1,0,1,Pedestrian
53,1383.0,1049.0,1435.0,1088.0,4820,1,0,1,Pedestrian
53,1383.0,1049.0,1435.0,1088.0,4821,1,0,1,Pedestrian
53,1383.0,1049.0,1435.0,1088.0,4822,1,0,1,Pedestrian
53,1383.0,1049.0,1435.0,1088.0,4823,0,0,0,Pedestrian
53,1380.0,1047.0,1432.0,1086.0,4824,0,0,1,Pedestrian
53,1380.0,1045.0,1432.0,1083.0,4825,0,0,1,Pedestrian
53,1380.0,1042.0,1432.0,1083.0,4826,0,0,1,Pedestrian
53,1380.0,1042.0,1432.0,1081.0,4827,0,0,1,Pedestrian
53,1380.0,1040.0,1432.0,1079.0,4828,0,0,1,Pedestrian
53,1377.0,1038.0,1430.0,1079.0,4829,0,0,1,Pedestrian
53,1377.0,1038.0,1430.0,1077.0,4830,0,0,1,Pedestrian
53,1377.0,1036.0,1430.0,1074.0,4831,0,0,1,Pedestrian
53,1377.0,1033.0,1430.0,1074.0,4832,0,0,1,Pedestrian
53,1377.0,1033.0,1430.0,1072.0,4833,0,0,1,Pedestrian
53,1375.0,1031.0,1427.0,1070.0,4834,0,0,1,Pedestrian
53,1375.0,1029.0,1427.0,1070.0,4835,0,0,1,Pedestrian
53,1375.0,1029.0,1427.0,1067.0,4836,0,0,1,Pedestrian
53,1375.0,1026.0,1427.0,1065.0,4837,0,0,1,Pedestrian
53,1375.0,1024.0,1427.0,1065.0,4838,0,0,1,Pedestrian
53,1372.0,1024.0,1424.0,1063.0,4839,0,0,1,Pedestrian
53,1372.0,1022.0,1424.0,1061.0,4840,0,0,1,Pedestrian
53,1372.0,1020.0,1424.0,1061.0,4841,0,0,1,Pedestrian
53,1372.0,1020.0,1424.0,1058.0,4842,0,0,1,Pedestrian
53,1372.0,1017.0,1424.0,1056.0,4843,0,0,1,Pedestrian
53,1369.0,1015.0,1421.0,1056.0,4844,0,0,1,Pedestrian
53,1369.0,1015.0,1421.0,1054.0,4845,0,0,1,Pedestrian
53,1369.0,1013.0,1421.0,1052.0,4846,0,0,1,Pedestrian
53,1369.0,1011.0,1421.0,1052.0,4847,0,0,1,Pedestrian
53,1369.0,1011.0,1421.0,1049.0,4848,0,0,1,Pedestrian
53,1366.0,1008.0,1419.0,1047.0,4849,0,0,1,Pedestrian
53,1366.0,1006.0,1419.0,1047.0,4850,0,0,1,Pedestrian
53,1366.0,1004.0,1419.0,1045.0,4851,0,0,1,Pedestrian
53,1366.0,1004.0,1419.0,1042.0,4852,0,0,1,Pedestrian
53,1366.0,1001.0,1419.0,1042.0,4853,0,0,1,Pedestrian
53,1364.0,999.0,1416.0,1040.0,4854,0,0,1,Pedestrian
53,1364.0,999.0,1416.0,1038.0,4855,0,0,1,Pedestrian
53,1364.0,997.0,1416.0,1038.0,4856,0,0,1,Pedestrian
53,1364.0,995.0,1416.0,1036.0,4857,0,0,1,Pedestrian
53,1364.0,995.0,1416.0,1033.0,4858,0,0,1,Pedestrian
53,1361.0,992.0,1413.0,1033.0,4859,0,0,1,Pedestrian
53,1361.0,990.0,1413.0,1031.0,4860,0,0,1,Pedestrian
53,1361.0,990.0,1413.0,1029.0,4861,0,0,1,Pedestrian
53,1361.0,988.0,1413.0,1029.0,4862,0,0,1,Pedestrian
53,1361.0,985.0,1413.0,1026.0,4863,0,0,1,Pedestrian
53,1358.0,985.0,1410.0,1024.0,4864,0,0,1,Pedestrian
53,1358.0,983.0,1410.0,1024.0,4865,0,0,1,Pedestrian
53,1358.0,981.0,1410.0,1022.0,4866,0,0,1,Pedestrian
53,1358.0,981.0,1410.0,1020.0,4867,0,0,1,Pedestrian
53,1358.0,979.0,1410.0,1020.0,4868,0,0,1,Pedestrian
53,1355.0,976.0,1408.0,1017.0,4869,0,0,1,Pedestrian
53,1355.0,976.0,1408.0,1015.0,4870,0,0,1,Pedestrian
53,1355.0,974.0,1408.0,1015.0,4871,0,0,1,Pedestrian
53,1355.0,972.0,1408.0,1013.0,4872,0,0,1,Pedestrian
53,1355.0,972.0,1408.0,1013.0,4873,0,0,0,Pedestrian
53,1353.0,970.0,1405.0,1011.0,4874,0,0,1,Pedestrian
53,1353.0,967.0,1405.0,1008.0,4875,0,0,1,Pedestrian
53,1353.0,965.0,1405.0,1006.0,4876,0,0,1,Pedestrian
53,1353.0,965.0,1405.0,1006.0,4877,0,0,1,Pedestrian
53,1350.0,963.0,1402.0,1004.0,4878,0,0,1,Pedestrian
53,1350.0,960.0,1402.0,1001.0,4879,0,0,1,Pedestrian
53,1350.0,960.0,1402.0,1001.0,4880,0,0,1,Pedestrian
53,1350.0,958.0,1402.0,999.0,4881,0,0,1,Pedestrian
53,1347.0,956.0,1399.0,997.0,4882,0,0,1,Pedestrian
53,1347.0,956.0,1399.0,997.0,4883,0,0,1,Pedestrian
53,1347.0,954.0,1399.0,995.0,4884,0,0,1,Pedestrian
53,1347.0,951.0,1399.0,992.0,4885,0,0,1,Pedestrian
53,1344.0,951.0,1397.0,992.0,4886,0,0,1,Pedestrian
53,1344.0,949.0,1397.0,990.0,4887,0,0,1,Pedestrian
53,1344.0,947.0,1397.0,988.0,4888,0,0,1,Pedestrian
53,1344.0,947.0,1397.0,988.0,4889,0,0,1,Pedestrian
53,1344.0,944.0,1394.0,985.0,4890,0,0,1,Pedestrian
53,1342.0,942.0,1394.0,983.0,4891,0,0,1,Pedestrian
53,1342.0,942.0,1394.0,983.0,4892,0,0,1,Pedestrian
53,1342.0,940.0,1394.0,981.0,4893,0,0,1,Pedestrian
53,1342.0,938.0,1391.0,979.0,4894,0,0,1,Pedestrian
53,1339.0,935.0,1391.0,976.0,4895,0,0,1,Pedestrian
53,1339.0,935.0,1391.0,976.0,4896,0,0,1,Pedestrian
53,1339.0,933.0,1391.0,974.0,4897,0,0,1,Pedestrian
53,1339.0,931.0,1388.0,972.0,4898,0,0,1,Pedestrian
53,1336.0,931.0,1388.0,972.0,4899,0,0,1,Pedestrian
53,1336.0,929.0,1388.0,970.0,4900,0,0,1,Pedestrian
53,1336.0,926.0,1388.0,967.0,4901,0,0,1,Pedestrian
53,1336.0,926.0,1386.0,967.0,4902,0,0,1,Pedestrian
53,1336.0,924.0,1386.0,965.0,4903,0,0,1,Pedestrian
53,1333.0,922.0,1386.0,963.0,4904,0,0,1,Pedestrian
53,1333.0,922.0,1386.0,963.0,4905,0,0,1,Pedestrian
53,1333.0,919.0,1383.0,960.0,4906,0,0,1,Pedestrian
53,1333.0,917.0,1383.0,958.0,4907,0,0,1,Pedestrian
53,1331.0,917.0,1383.0,958.0,4908,0,0,1,Pedestrian
53,1331.0,915.0,1383.0,956.0,4909,0,0,1,Pedestrian
53,1331.0,913.0,1380.0,954.0,4910,0,0,1,Pedestrian
53,1331.0,913.0,1380.0,954.0,4911,0,0,1,Pedestrian
53,1328.0,910.0,1380.0,951.0,4912,0,0,1,Pedestrian
53,1328.0,908.0,1380.0,949.0,4913,0,0,1,Pedestrian
53,1328.0,906.0,1377.0,947.0,4914,0,0,1,Pedestrian
53,1328.0,906.0,1377.0,947.0,4915,0,0,1,Pedestrian
53,1325.0,904.0,1377.0,944.0,4916,0,0,1,Pedestrian
53,1325.0,901.0,1377.0,942.0,4917,0,0,1,Pedestrian
53,1325.0,901.0,1375.0,942.0,4918,0,0,1,Pedestrian
53,1325.0,899.0,1375.0,940.0,4919,0,0,1,Pedestrian
53,1325.0,897.0,1375.0,938.0,4920,0,0,1,Pedestrian
53,1322.0,897.0,1375.0,938.0,4921,0,0,1,Pedestrian
53,1322.0,894.0,1372.0,935.0,4922,0,0,1,Pedestrian
53,1322.0,892.0,1372.0,933.0,4923,0,0,1,Pedestrian
53,1322.0,892.0,1372.0,933.0,4924,0,0,1,Pedestrian
53,1320.0,890.0,1372.0,931.0,4925,0,0,1,Pedestrian
53,1320.0,888.0,1369.0,929.0,4926,0,0,1,Pedestrian
53,1320.0,888.0,1369.0,929.0,4927,0,0,1,Pedestrian
53,1320.0,885.0,1369.0,926.0,4928,0,0,1,Pedestrian
53,1317.0,883.0,1369.0,924.0,4929,0,0,1,Pedestrian
53,1317.0,883.0,1366.0,924.0,4930,0,0,1,Pedestrian
53,1317.0,881.0,1366.0,922.0,4931,0,0,1,Pedestrian
53,1317.0,878.0,1366.0,919.0,4932,0,0,1,Pedestrian
53,1317.0,878.0,1366.0,919.0,4933,0,0,0,Pedestrian
53,1314.0,876.0,1364.0,917.0,4934,0,0,1,Pedestrian
53,1314.0,874.0,1364.0,915.0,4935,0,0,1,Pedestrian
53,1314.0,874.0,1364.0,915.0,4936,0,0,1,Pedestrian
53,1311.0,872.0,1361.0,913.0,4937,0,0,1,Pedestrian
53,1311.0,872.0,1361.0,913.0,4938,0,0,1,Pedestrian
53,1311.0,869.0,1361.0,910.0,4939,0,0,1,Pedestrian
53,1309.0,869.0,1358.0,910.0,4940,0,0,1,Pedestrian
53,1309.0,867.0,1358.0,908.0,4941,0,0,1,Pedestrian
53,1309.0,865.0,1358.0,906.0,4942,0,0,1,Pedestrian
53,1306.0,865.0,1355.0,906.0,4943,0,0,1,Pedestrian
53,1306.0,863.0,1355.0,904.0,4944,0,0,1,Pedestrian
53,1306.0,863.0,1355.0,904.0,4945,0,0,1,Pedestrian
53,1303.0,860.0,1353.0,901.0,4946,0,0,1,Pedestrian
53,1303.0,860.0,1353.0,901.0,4947,0,0,1,Pedestrian
53,1303.0,858.0,1353.0,899.0,4948,0,0,1,Pedestrian
53,1300.0,856.0,1350.0,897.0,4949,0,0,1,Pedestrian
53,1300.0,856.0,1350.0,897.0,4950,0,0,1,Pedestrian
53,1300.0,853.0,1350.0,894.0,4951,0,0,1,Pedestrian
53,1300.0,853.0,1350.0,894.0,4952,0,0,1,Pedestrian
53,1298.0,851.0,1347.0,892.0,4953,0,0,1,Pedestrian
53,1298.0,851.0,1347.0,892.0,4954,0,0,1,Pedestrian
53,1298.0,849.0,1347.0,890.0,4955,0,0,1,Pedestrian
53,1295.0,847.0,1344.0,888.0,4956,0,0,1,Pedestrian
53,1295.0,847.0,1344.0,888.0,4957,0,0,1,Pedestrian
53,1295.0,844.0,1344.0,885.0,4958,0,0,1,Pedestrian
53,1292.0,844.0,1342.0,885.0,4959,0,0,1,Pedestrian
53,1292.0,842.0,1342.0,883.0,4960,0,0,1,Pedestrian
53,1292.0,842.0,1342.0,883.0,4961,0,0,1,Pedestrian
53,1289.0,840.0,1339.0,881.0,4962,0,0,1,Pedestrian
53,1289.0,837.0,1339.0,878.0,4963,0,0,1,Pedestrian
53,1289.0,837.0,1339.0,878.0,4964,0,0,1,Pedestrian
53,1287.0,835.0,1336.0,876.0,4965,0,0,1,Pedestrian
53,1287.0,835.0,1336.0,876.0,4966,0,0,1,Pedestrian
53,1287.0,833.0,1336.0,874.0,4967,0,0,1,Pedestrian
53,1287.0,833.0,1336.0,874.0,4968,0,0,1,Pedestrian
53,1284.0,831.0,1333.0,872.0,4969,0,0,1,Pedestrian
53,1284.0,831.0,1333.0,872.0,4970,0,0,1,Pedestrian
53,1284.0,828.0,1333.0,869.0,4971,0,0,1,Pedestrian
53,1281.0,826.0,1331.0,867.0,4972,0,0,1,Pedestrian
53,1281.0,826.0,1331.0,867.0,4973,0,0,1,Pedestrian
53,1281.0,824.0,1331.0,865.0,4974,0,0,1,Pedestrian
53,1278.0,824.0,1328.0,865.0,4975,0,0,1,Pedestrian
53,1278.0,822.0,1328.0,863.0,4976,0,0,1,Pedestrian
53,1278.0,822.0,1328.0,863.0,4977,0,0,1,Pedestrian
53,1276.0,819.0,1325.0,860.0,4978,0,0,1,Pedestrian
53,1276.0,817.0,1325.0,858.0,4979,0,0,1,Pedestrian
53,1276.0,817.0,1325.0,858.0,4980,0,0,1,Pedestrian
53,1273.0,815.0,1322.0,856.0,4981,0,0,1,Pedestrian
53,1273.0,815.0,1322.0,856.0,4982,0,0,1,Pedestrian
53,1273.0,812.0,1322.0,853.0,4983,0,0,1,Pedestrian
53,1273.0,812.0,1322.0,853.0,4984,0,0,1,Pedestrian
53,1270.0,810.0,1320.0,851.0,4985,0,0,1,Pedestrian
53,1270.0,808.0,1320.0,849.0,4986,0,0,1,Pedestrian
53,1270.0,808.0,1320.0,849.0,4987,0,0,1,Pedestrian
53,1267.0,806.0,1317.0,847.0,4988,0,0,1,Pedestrian
53,1267.0,806.0,1317.0,847.0,4989,0,0,1,Pedestrian
53,1267.0,803.0,1317.0,844.0,4990,0,0,1,Pedestrian
53,1265.0,803.0,1314.0,844.0,4991,0,0,1,Pedestrian
53,1265.0,801.0,1314.0,842.0,4992,0,0,1,Pedestrian
53,1265.0,799.0,1314.0,840.0,4993,0,0,1,Pedestrian
53,1262.0,799.0,1311.0,840.0,4994,0,0,1,Pedestrian
53,1262.0,796.0,1311.0,837.0,4995,0,0,1,Pedestrian
53,1262.0,796.0,1311.0,837.0,4996,0,0,1,Pedestrian
53,1259.0,794.0,1309.0,835.0,4997,0,0,1,Pedestrian
53,1259.0,794.0,1309.0,835.0,4998,0,0,1,Pedestrian
53,1259.0,792.0,1309.0,833.0,4999,0,0,1,Pedestrian
53,1259.0,792.0,1309.0,833.0,5000,0,0,0,Pedestrian
53,1256.0,790.0,1306.0,831.0,5001,0,0,1,Pedestrian
53,1256.0,787.0,1306.0,831.0,5002,0,0,1,Pedestrian
53,1256.0,787.0,1306.0,831.0,5003,0,0,1,Pedestrian
53,1256.0,785.0,1306.0,828.0,5004,0,0,1,Pedestrian
53,1256.0,785.0,1306.0,828.0,5005,0,0,1,Pedestrian
53,1254.0,783.0,1306.0,828.0,5006,0,0,1,Pedestrian
53,1254.0,781.0,1306.0,828.0,5007,0,0,1,Pedestrian
53,1254.0,781.0,1306.0,826.0,5008,0,0,1,Pedestrian
53,1254.0,778.0,1306.0,826.0,5009,0,0,1,Pedestrian
53,1254.0,778.0,1306.0,826.0,5010,0,0,1,Pedestrian
53,1251.0,776.0,1306.0,826.0,5011,0,0,1,Pedestrian
53,1251.0,774.0,1306.0,824.0,5012,0,0,1,Pedestrian
53,1251.0,774.0,1303.0,824.0,5013,0,0,1,Pedestrian
53,1251.0,771.0,1303.0,824.0,5014,0,0,1,Pedestrian
53,1251.0,771.0,1303.0,824.0,5015,0,0,1,Pedestrian
53,1248.0,769.0,1303.0,822.0,5016,0,0,1,Pedestrian
53,1248.0,767.0,1303.0,822.0,5017,0,0,1,Pedestrian
53,1248.0,767.0,1303.0,822.0,5018,0,0,1,Pedestrian
53,1248.0,765.0,1303.0,819.0,5019,0,0,1,Pedestrian
53,1248.0,765.0,1303.0,819.0,5020,0,0,1,Pedestrian
53,1245.0,762.0,1303.0,819.0,5021,0,0,1,Pedestrian
53,1245.0,760.0,1303.0,819.0,5022,0,0,1,Pedestrian
53,1245.0,760.0,1303.0,817.0,5023,0,0,1,Pedestrian
53,1245.0,758.0,1303.0,817.0,5024,0,0,1,Pedestrian
53,1245.0,758.0,1300.0,817.0,5025,0,0,1,Pedestrian
53,1243.0,755.0,1300.0,817.0,5026,0,0,1,Pedestrian
53,1243.0,753.0,1300.0,815.0,5027,0,0,1,Pedestrian
53,1243.0,753.0,1300.0,815.0,5028,0,0,1,Pedestrian
53,1243.0,751.0,1300.0,815.0,5029,0,0,1,Pedestrian
53,1243.0,751.0,1300.0,815.0,5030,0,0,1,Pedestrian
53,1240.0,749.0,1300.0,812.0,5031,0,0,1,Pedestrian
53,1240.0,746.0,1300.0,812.0,5032,0,0,1,Pedestrian
53,1240.0,746.0,1300.0,812.0,5033,0,0,1,Pedestrian
53,1240.0,744.0,1300.0,810.0,5034,0,0,1,Pedestrian
53,1240.0,744.0,1300.0,810.0,5035,0,0,1,Pedestrian
53,1237.0,742.0,1300.0,810.0,5036,0,0,1,Pedestrian
53,1237.0,740.0,1298.0,810.0,5037,0,0,1,Pedestrian
53,1237.0,740.0,1298.0,808.0,5038,0,0,1,Pedestrian
53,1237.0,737.0,1298.0,808.0,5039,0,0,1,Pedestrian
53,1237.0,737.0,1298.0,808.0,5040,0,0,1,Pedestrian
53,1234.0,735.0,1298.0,808.0,5041,0,0,1,Pedestrian
53,1234.0,733.0,1298.0,806.0,5042,0,0,1,Pedestrian
53,1234.0,733.0,1298.0,806.0,5043,0,0,1,Pedestrian
53,1234.0,730.0,1298.0,806.0,5044,0,0,1,Pedestrian
53,1234.0,730.0,1298.0,806.0,5045,0,0,1,Pedestrian
53,1232.0,728.0,1298.0,803.0,5046,0,0,1,Pedestrian
53,1232.0,726.0,1298.0,803.0,5047,0,0,1,Pedestrian
53,1232.0,726.0,1298.0,803.0,5048,0,0,1,Pedestrian
53,1232.0,724.0,1295.0,801.0,5049,0,0,1,Pedestrian
53,1232.0,724.0,1295.0,801.0,5050,0,0,1,Pedestrian
53,1229.0,721.0,1295.0,801.0,5051,0,0,1,Pedestrian
53,1229.0,719.0,1295.0,801.0,5052,0,0,1,Pedestrian
53,1229.0,719.0,1295.0,799.0,5053,0,0,1,Pedestrian
53,1229.0,717.0,1295.0,799.0,5054,0,0,1,Pedestrian
53,1229.0,717.0,1295.0,799.0,5055,0,0,1,Pedestrian
53,1226.0,715.0,1295.0,799.0,5056,0,0,1,Pedestrian
53,1226.0,712.0,1295.0,796.0,5057,0,0,1,Pedestrian
53,1226.0,712.0,1295.0,796.0,5058,0,0,1,Pedestrian
53,1226.0,710.0,1295.0,796.0,5059,0,0,1,Pedestrian
53,1226.0,710.0,1295.0,796.0,5060,0,0,0,Pedestrian
53,1223.0,708.0,1292.0,794.0,5061,0,0,1,Pedestrian
53,1223.0,708.0,1292.0,794.0,5062,0,0,1,Pedestrian
53,1221.0,705.0,1289.0,792.0,5063,0,0,1,Pedestrian
53,1221.0,705.0,1289.0,792.0,5064,0,0,1,Pedestrian
53,1221.0,703.0,1289.0,790.0,5065,0,0,1,Pedestrian
53,1218.0,703.0,1287.0,790.0,5066,0,0,1,Pedestrian
53,1218.0,703.0,1287.0,790.0,5067,0,0,1,Pedestrian
53,1215.0,701.0,1284.0,787.0,5068,0,0,1,Pedestrian
53,1215.0,701.0,1284.0,787.0,5069,0,0,1,Pedestrian
53,1215.0,699.0,1284.0,785.0,5070,0,0,1,Pedestrian
53,1212.0,699.0,1281.0,785.0,5071,0,0,1,Pedestrian
53,1212.0,696.0,1281.0,783.0,5072,0,0,1,Pedestrian
53,1210.0,696.0,1278.0,783.0,5073,0,0,1,Pedestrian
53,1210.0,696.0,1278.0,783.0,5074,0,0,1,Pedestrian
53,1210.0,694.0,1278.0,781.0,5075,0,0,1,Pedestrian
53,1207.0,694.0,1276.0,781.0,5076,0,0,1,Pedestrian
53,1207.0,692.0,1276.0,778.0,5077,0,0,1,Pedestrian
53,1204.0,692.0,1273.0,778.0,5078,0,0,1,Pedestrian
53,1204.0,692.0,1273.0,778.0,5079,0,0,1,Pedestrian
53,1204.0,689.0,1273.0,776.0,5080,0,0,1,Pedestrian
53,1201.0,689.0,1270.0,776.0,5081,0,0,1,Pedestrian
53,1201.0,687.0,1270.0,774.0,5082,0,0,1,Pedestrian
53,1199.0,687.0,1267.0,774.0,5083,0,0,1,Pedestrian
53,1199.0,685.0,1267.0,771.0,5084,0,0,1,Pedestrian
53,1199.0,685.0,1267.0,771.0,5085,0,0,1,Pedestrian
53,1196.0,685.0,1265.0,771.0,5086,0,0,1,Pedestrian
53,1196.0,683.0,1265.0,769.0,5087,0,0,1,Pedestrian
53,1193.0,683.0,1262.0,769.0,5088,0,0,1,Pedestrian
53,1193.0,680.0,1262.0,767.0,5089,0,0,1,Pedestrian
53,1193.0,680.0,1262.0,767.0,5090,0,0,1,Pedestrian
53,1190.0,678.0,1259.0,765.0,5091,0,0,1,Pedestrian
53,1190.0,678.0,1259.0,765.0,5092,0,0,1,Pedestrian
53,1188.0,678.0,1256.0,765.0,5093,0,0,1,Pedestrian
53,1188.0,676.0,1256.0,762.0,5094,0,0,1,Pedestrian
53,1188.0,676.0,1256.0,762.0,5095,0,0,1,Pedestrian
53,1185.0,674.0,1254.0,760.0,5096,0,0,1,Pedestrian
53,1185.0,674.0,1254.0,760.0,5097,0,0,1,Pedestrian
53,1182.0,674.0,1251.0,760.0,5098,0,0,1,Pedestrian
53,1182.0,671.0,1251.0,758.0,5099,0,0,1,Pedestrian
53,1182.0,671.0,1251.0,758.0,5100,0,0,1,Pedestrian
53,1179.0,669.0,1248.0,755.0,5101,0,0,1,Pedestrian
53,1179.0,669.0,1248.0,755.0,5102,0,0,1,Pedestrian
53,1177.0,667.0,1245.0,753.0,5103,0,0,1,Pedestrian
53,1177.0,667.0,1245.0,753.0,5104,0,0,1,Pedestrian
53,1177.0,667.0,1245.0,753.0,5105,0,0,1,Pedestrian
53,1174.0,664.0,1243.0,751.0,5106,0,0,1,Pedestrian
53,1174.0,664.0,1243.0,751.0,5107,0,0,1,Pedestrian
53,1171.0,662.0,1240.0,749.0,5108,0,0,1,Pedestrian
53,1171.0,662.0,1240.0,749.0,5109,0,0,1,Pedestrian
53,1171.0,662.0,1240.0,749.0,5110,0,0,0,Pedestrian
53,1168.0,660.0,1237.0,746.0,5111,0,0,1,Pedestrian
53,1168.0,658.0,1237.0,744.0,5112,0,0,1,Pedestrian
53,1168.0,658.0,1237.0,744.0,5113,0,0,1,Pedestrian
53,1168.0,655.0,1237.0,742.0,5114,0,0,1,Pedestrian
53,1168.0,655.0,1237.0,742.0,5115,0,0,1,Pedestrian
53,1166.0,653.0,1234.0,740.0,5116,0,0,1,Pedestrian
53,1166.0,653.0,1234.0,740.0,5117,0,0,1,Pedestrian
53,1166.0,651.0,1234.0,737.0,5118,0,0,1,Pedestrian
53,1166.0,651.0,1234.0,737.0,5119,0,0,1,Pedestrian
53,1166.0,648.0,1234.0,735.0,5120,0,0,1,Pedestrian
53,1166.0,648.0,1234.0,735.0,5121,0,0,1,Pedestrian
53,1163.0,646.0,1232.0,733.0,5122,0,0,1,Pedestrian
53,1163.0,646.0,1232.0,733.0,5123,0,0,1,Pedestrian
53,1163.0,644.0,1232.0,730.0,5124,0,0,1,Pedestrian
53,1163.0,644.0,1232.0,730.0,5125,0,0,1,Pedestrian
53,1163.0,642.0,1232.0,728.0,5126,0,0,1,Pedestrian
53,1160.0,642.0,1229.0,728.0,5127,0,0,1,Pedestrian
53,1160.0,639.0,1229.0,726.0,5128,0,0,1,Pedestrian
53,1160.0,639.0,1229.0,726.0,5129,0,0,1,Pedestrian
53,1160.0,637.0,1229.0,724.0,5130,0,0,1,Pedestrian
53,1160.0,637.0,1229.0,724.0,5131,0,0,1,Pedestrian
53,1160.0,635.0,1229.0,721.0,5132,0,0,1,Pedestrian
53,1157.0,635.0,1226.0,721.0,5133,0,0,1,Pedestrian
53,1157.0,633.0,1226.0,719.0,5134,0,0,1,Pedestrian
53,1157.0,633.0,1226.0,719.0,5135,0,0,1,Pedestrian
53,1157.0,630.0,1226.0,717.0,5136,0,0,1,Pedestrian
53,1157.0,628.0,1226.0,715.0,5137,0,0,1,Pedestrian
53,1155.0,628.0,1223.0,715.0,5138,0,0,1,Pedestrian
53,1155.0,626.0,1223.0,712.0,5139,0,0,1,Pedestrian
53,1155.0,626.0,1223.0,712.0,5140,0,0,1,Pedestrian
53,1155.0,623.0,1223.0,710.0,5141,0,0,1,Pedestrian
53,1155.0,623.0,1223.0,710.0,5142,0,0,1,Pedestrian
53,1155.0,621.0,1223.0,708.0,5143,0,0,1,Pedestrian
53,1152.0,621.0,1221.0,708.0,5144,0,0,1,Pedestrian
53,1152.0,619.0,1221.0,705.0,5145,0,0,1,Pedestrian
53,1152.0,619.0,1221.0,705.0,5146,0,0,1,Pedestrian
53,1152.0,617.0,1221.0,703.0,5147,0,0,1,Pedestrian
53,1152.0,617.0,1221.0,703.0,5148,0,0,1,Pedestrian
53,1149.0,614.0,1218.0,701.0,5149,0,0,1,Pedestrian
53,1149.0,614.0,1218.0,701.0,5150,0,0,1,Pedestrian
53,1149.0,612.0,1218.0,699.0,5151,0,0,1,Pedestrian
53,1149.0,612.0,1218.0,699.0,5152,0,0,1,Pedestrian
53,1149.0,610.0,1218.0,696.0,5153,0,0,1,Pedestrian
53,1149.0,610.0,1218.0,696.0,5154,0,0,1,Pedestrian
53,1146.0,607.0,1215.0,694.0,5155,0,0,1,Pedestrian
53,1146.0,607.0,1215.0,694.0,5156,0,0,1,Pedestrian
53,1146.0,605.0,1215.0,692.0,5157,0,0,1,Pedestrian
53,1146.0,605.0,1215.0,692.0,5158,0,0,1,Pedestrian
53,1146.0,603.0,1215.0,689.0,5159,0,0,1,Pedestrian
53,1146.0,603.0,1215.0,689.0,5160,0,0,0,Pedestrian
53,1144.0,601.0,1212.0,687.0,5161,0,0,1,Pedestrian
53,1144.0,601.0,1212.0,685.0,5162,0,0,1,Pedestrian
53,1141.0,598.0,1210.0,685.0,5163,0,0,1,Pedestrian
53,1141.0,598.0,1210.0,683.0,5164,0,0,1,Pedestrian
53,1141.0,596.0,1210.0,683.0,5165,0,0,1,Pedestrian
53,1138.0,596.0,1207.0,680.0,5166,0,0,1,Pedestrian
53,1138.0,594.0,1207.0,680.0,5167,0,0,1,Pedestrian
53,1138.0,594.0,1207.0,678.0,5168,0,0,1,Pedestrian
53,1135.0,592.0,1204.0,678.0,5169,0,0,1,Pedestrian
53,1135.0,592.0,1204.0,676.0,5170,0,0,1,Pedestrian
53,1133.0,589.0,1201.0,676.0,5171,0,0,1,Pedestrian
53,1133.0,589.0,1201.0,674.0,5172,0,0,1,Pedestrian
53,1133.0,587.0,1201.0,674.0,5173,0,0,1,Pedestrian
53,1130.0,587.0,1199.0,671.0,5174,0,0,1,Pedestrian
53,1130.0,585.0,1199.0,671.0,5175,0,0,1,Pedestrian
53,1130.0,585.0,1199.0,669.0,5176,0,0,1,Pedestrian
53,1127.0,582.0,1196.0,669.0,5177,0,0,1,Pedestrian
53,1127.0,582.0,1196.0,667.0,5178,0,0,1,Pedestrian
53,1127.0,580.0,1196.0,667.0,5179,0,0,1,Pedestrian
53,1124.0,580.0,1193.0,664.0,5180,0,0,1,Pedestrian
53,1124.0,578.0,1193.0,664.0,5181,0,0,1,Pedestrian
53,1122.0,578.0,1190.0,662.0,5182,0,0,1,Pedestrian
53,1122.0,576.0,1190.0,660.0,5183,0,0,1,Pedestrian
53,1122.0,576.0,1190.0,660.0,5184,0,0,1,Pedestrian
53,1119.0,573.0,1188.0,658.0,5185,0,0,1,Pedestrian
53,1119.0,573.0,1188.0,658.0,5186,0,0,1,Pedestrian
53,1119.0,571.0,1188.0,655.0,5187,0,0,1,Pedestrian
53,1116.0,571.0,1185.0,655.0,5188,0,0,1,Pedestrian
53,1116.0,569.0,1185.0,653.0,5189,0,0,1,Pedestrian
53,1116.0,569.0,1185.0,653.0,5190,0,0,1,Pedestrian
53,1113.0,566.0,1182.0,651.0,5191,0,0,1,Pedestrian
53,1113.0,566.0,1182.0,651.0,5192,0,0,1,Pedestrian
53,1111.0,564.0,1179.0,648.0,5193,0,0,1,Pedestrian
53,1111.0,564.0,1179.0,648.0,5194,0,0,1,Pedestrian
53,1111.0,562.0,1179.0,646.0,5195,0,0,1,Pedestrian
53,1108.0,562.0,1177.0,646.0,5196,0,0,1,Pedestrian
53,1108.0,560.0,1177.0,644.0,5197,0,0,1,Pedestrian
53,1108.0,560.0,1177.0,644.0,5198,0,0,1,Pedestrian
53,1105.0,557.0,1174.0,642.0,5199,0,0,1,Pedestrian
53,1105.0,557.0,1174.0,642.0,5200,0,0,1,Pedestrian
53,1102.0,555.0,1171.0,639.0,5201,0,0,1,Pedestrian
53,1102.0,555.0,1171.0,639.0,5202,0,0,1,Pedestrian
53,1102.0,553.0,1171.0,637.0,5203,0,0,1,Pedestrian
53,1100.0,553.0,1168.0,637.0,5204,0,0,1,Pedestrian
53,1100.0,551.0,1168.0,635.0,5205,0,0,1,Pedestrian
53,1100.0,551.0,1168.0,633.0,5206,0,0,1,Pedestrian
53,1097.0,548.0,1166.0,633.0,5207,0,0,1,Pedestrian
53,1097.0,548.0,1166.0,630.0,5208,0,0,1,Pedestrian
53,1097.0,546.0,1166.0,630.0,5209,0,0,1,Pedestrian
53,1094.0,546.0,1163.0,628.0,5210,0,0,1,Pedestrian
53,1094.0,544.0,1163.0,628.0,5211,0,0,1,Pedestrian
53,1091.0,544.0,1160.0,626.0,5212,0,0,1,Pedestrian
53,1091.0,541.0,1160.0,626.0,5213,0,0,1,Pedestrian
53,1091.0,541.0,1160.0,623.0,5214,0,0,1,Pedestrian
53,1089.0,539.0,1157.0,623.0,5215,0,0,1,Pedestrian
53,1089.0,539.0,1157.0,621.0,5216,0,0,1,Pedestrian
53,1089.0,537.0,1157.0,621.0,5217,0,0,1,Pedestrian
53,1086.0,537.0,1155.0,619.0,5218,0,0,1,Pedestrian
53,1086.0,535.0,1155.0,619.0,5219,0,0,1,Pedestrian
53,1086.0,535.0,1155.0,617.0,5220,0,0,1,Pedestrian
53,1083.0,532.0,1152.0,617.0,5221,0,0,1,Pedestrian
53,1083.0,532.0,1152.0,614.0,5222,0,0,1,Pedestrian
53,1080.0,530.0,1149.0,614.0,5223,0,0,1,Pedestrian
53,1080.0,530.0,1149.0,612.0,5224,0,0,1,Pedestrian
53,1080.0,528.0,1149.0,612.0,5225,0,0,1,Pedestrian
53,1078.0,528.0,1146.0,610.0,5226,0,0,1,Pedestrian
53,1078.0,526.0,1146.0,610.0,5227,0,0,1,Pedestrian
53,1078.0,526.0,1146.0,607.0,5228,0,0,1,Pedestrian
53,1075.0,523.0,1144.0,605.0,5229,0,0,1,Pedestrian
53,1075.0,523.0,1144.0,605.0,5230,0,0,1,Pedestrian
53,1072.0,521.0,1141.0,603.0,5231,0,0,1,Pedestrian
53,1072.0,521.0,1141.0,603.0,5232,0,0,1,Pedestrian
53,1072.0,519.0,1141.0,601.0,5233,0,0,1,Pedestrian
53,1069.0,519.0,1138.0,601.0,5234,0,0,1,Pedestrian
53,1069.0,516.0,1138.0,598.0,5235,0,0,1,Pedestrian
53,1069.0,516.0,1138.0,598.0,5236,0,0,1,Pedestrian
53,1067.0,514.0,1135.0,596.0,5237,0,0,1,Pedestrian
53,1067.0,514.0,1135.0,596.0,5238,0,0,1,Pedestrian
53,1067.0,512.0,1135.0,594.0,5239,0,0,1,Pedestrian
53,1064.0,512.0,1133.0,594.0,5240,0,0,1,Pedestrian
53,1064.0,510.0,1133.0,592.0,5241,0,0,1,Pedestrian
53,1061.0,510.0,1130.0,592.0,5242,0,0,1,Pedestrian
53,1061.0,507.0,1130.0,589.0,5243,0,0,1,Pedestrian
53,1061.0,507.0,1130.0,589.0,5244,0,0,1,Pedestrian
53,1058.0,505.0,1127.0,587.0,5245,0,0,1,Pedestrian
53,1058.0,505.0,1127.0,587.0,5246,0,0,1,Pedestrian
53,1058.0,503.0,1127.0,585.0,5247,0,0,1,Pedestrian
53,1056.0,503.0,1124.0,585.0,5248,0,0,1,Pedestrian
53,1056.0,500.0,1124.0,582.0,5249,0,0,1,Pedestrian
53,1056.0,500.0,1124.0,582.0,5250,0,0,0,Pedestrian
53,1053.0,498.0,1122.0,580.0,5251,0,0,1,Pedestrian
53,1053.0,496.0,1122.0,578.0,5252,0,0,1,Pedestrian
53,1053.0,494.0,1122.0,576.0,5253,0,0,1,Pedestrian
53,1053.0,494.0,1122.0,576.0,5254,0,0,1,Pedestrian
53,1053.0,491.0,1122.0,573.0,5255,0,0,1,Pedestrian
53,1053.0,489.0,1122.0,571.0,5256,0,0,1,Pedestrian
53,1053.0,489.0,1122.0,569.0,5257,0,0,1,Pedestrian
53,1053.0,487.0,1122.0,569.0,5258,0,0,1,Pedestrian
53,1053.0,485.0,1122.0,566.0,5259,0,0,1,Pedestrian
53,1053.0,485.0,1122.0,564.0,5260,0,0,1,Pedestrian
53,1050.0,482.0,1119.0,562.0,5261,0,0,1,Pedestrian
53,1050.0,480.0,1119.0,562.0,5262,0,0,1,Pedestrian
53,1050.0,478.0,1119.0,560.0,5263,0,0,1,Pedestrian
53,1050.0,478.0,1119.0,557.0,5264,0,0,1,Pedestrian
53,1050.0,475.0,1119.0,555.0,5265,0,0,1,Pedestrian
53,1050.0,473.0,1119.0,555.0,5266,0,0,1,Pedestrian
53,1050.0,473.0,1119.0,553.0,5267,0,0,1,Pedestrian
53,1050.0,471.0,1119.0,551.0,5268,0,0,1,Pedestrian
53,1050.0,469.0,1119.0,548.0,5269,0,0,1,Pedestrian
53,1050.0,469.0,1119.0,548.0,5270,0,0,1,Pedestrian
53,1047.0,466.0,1116.0,546.0,5271,0,0,1,Pedestrian
53,1047.0,464.0,1116.0,544.0,5272,0,0,1,Pedestrian
53,1047.0,462.0,1116.0,541.0,5273,0,0,1,Pedestrian
53,1047.0,462.0,1116.0,541.0,5274,0,0,1,Pedestrian
53,1047.0,459.0,1116.0,539.0,5275,0,0,1,Pedestrian
53,1047.0,457.0,1116.0,537.0,5276,0,0,1,Pedestrian
53,1047.0,457.0,1116.0,535.0,5277,0,0,1,Pedestrian
53,1047.0,455.0,1116.0,535.0,5278,0,0,1,Pedestrian
53,1047.0,453.0,1116.0,532.0,5279,0,0,1,Pedestrian
53,1047.0,453.0,1116.0,530.0,5280,0,0,1,Pedestrian
53,1045.0,450.0,1113.0,528.0,5281,0,0,1,Pedestrian
53,1045.0,448.0,1113.0,528.0,5282,0,0,1,Pedestrian
53,1045.0,446.0,1113.0,526.0,5283,0,0,1,Pedestrian
53,1045.0,446.0,1113.0,523.0,5284,0,0,1,Pedestrian
53,1045.0,444.0,1113.0,521.0,5285,0,0,1,Pedestrian
53,1045.0,441.0,1113.0,521.0,5286,0,0,1,Pedestrian
53,1045.0,441.0,1113.0,519.0,5287,0,0,1,Pedestrian
53,1045.0,439.0,1113.0,516.0,5288,0,0,1,Pedestrian
53,1045.0,437.0,1113.0,514.0,5289,0,0,1,Pedestrian
53,1045.0,437.0,1113.0,514.0,5290,0,0,0,Pedestrian
53,1042.0,434.0,1111.0,512.0,5291,0,0,1,Pedestrian
53,1042.0,432.0,1111.0,510.0,5292,0,0,1,Pedestrian
53,1042.0,430.0,1111.0,507.0,5293,0,0,1,Pedestrian
53,1042.0,430.0,1111.0,507.0,5294,0,0,1,Pedestrian
53,1039.0,428.0,1108.0,505.0,5295,0,0,1,Pedestrian
53,1039.0,425.0,1108.0,503.0,5296,0,0,1,Pedestrian
53,1039.0,423.0,1108.0,500.0,5297,0,0,1,Pedestrian
53,1039.0,423.0,1108.0,500.0,5298,0,0,1,Pedestrian
53,1036.0,421.0,1105.0,498.0,5299,0,0,1,Pedestrian
53,1036.0,418.0,1105.0,496.0,5300,0,0,1,Pedestrian
53,1036.0,418.0,1105.0,496.0,5301,0,0,1,Pedestrian
53,1036.0,416.0,1105.0,494.0,5302,0,0,1,Pedestrian
53,1036.0,414.0,1102.0,491.0,5303,0,0,1,Pedestrian
53,1034.0,412.0,1102.0,489.0,5304,0,0,1,Pedestrian
53,1034.0,412.0,1102.0,489.0,5305,0,0,1,Pedestrian
53,1034.0,409.0,1102.0,487.0,5306,0,0,1,Pedestrian
53,1034.0,407.0,1100.0,485.0,5307,0,0,1,Pedestrian
53,1031.0,405.0,1100.0,482.0,5308,0,0,1,Pedestrian
53,1031.0,405.0,1100.0,482.0,5309,0,0,1,Pedestrian
53,1031.0,403.0,1100.0,480.0,5310,0,0,1,Pedestrian
53,1031.0,400.0,1097.0,478.0,5311,0,0,1,Pedestrian
53,1031.0,400.0,1097.0,478.0,5312,0,0,1,Pedestrian
53,1028.0,398.0,1097.0,475.0,5313,0,0,1,Pedestrian
53,1028.0,396.0,1097.0,473.0,5314,0,0,1,Pedestrian
53,1028.0,393.0,1094.0,471.0,5315,0,0,1,Pedestrian
53,1028.0,393.0,1094.0,471.0,5316,0,0,1,Pedestrian
53,1025.0,391.0,1094.0,469.0,5317,0,0,1,Pedestrian
53,1025.0,389.0,1094.0,466.0,5318,0,0,1,Pedestrian
53,1025.0,387.0,1091.0,464.0,5319,0,0,1,Pedestrian
53,1025.0,387.0,1091.0,464.0,5320,0,0,1,Pedestrian
53,1025.0,384.0,1091.0,462.0,5321,0,0,1,Pedestrian
53,1023.0,382.0,1091.0,459.0,5322,0,0,1,Pedestrian
53,1023.0,382.0,1089.0,459.0,5323,0,0,1,Pedestrian
53,1023.0,380.0,1089.0,457.0,5324,0,0,1,Pedestrian
53,1023.0,377.0,1089.0,455.0,5325,0,0,1,Pedestrian
53,1020.0,375.0,1089.0,453.0,5326,0,0,1,Pedestrian
53,1020.0,375.0,1086.0,453.0,5327,0,0,1,Pedestrian
53,1020.0,373.0,1086.0,450.0,5328,0,0,1,Pedestrian
53,1020.0,371.0,1086.0,448.0,5329,0,0,1,Pedestrian
53,1020.0,371.0,1086.0,448.0,5330,0,0,0,Pedestrian
53,1017.0,368.0,1083.0,446.0,5331,0,0,1,Pedestrian
53,1017.0,368.0,1083.0,446.0,5332,0,0,1,Pedestrian
53,1017.0,366.0,1083.0,444.0,5333,0,0,1,Pedestrian
53,1017.0,366.0,1083.0,444.0,5334,0,0,1,Pedestrian
53,1014.0,366.0,1080.0,444.0,5335,0,0,1,Pedestrian
53,1014.0,364.0,1080.0,441.0,5336,0,0,1,Pedestrian
53,1014.0,364.0,1080.0,441.0,5337,0,0,1,Pedestrian
53,1014.0,362.0,1080.0,439.0,5338,0,0,1,Pedestrian
53,1012.0,362.0,1078.0,439.0,5339,0,0,1,Pedestrian
53,1012.0,362.0,1078.0,439.0,5340,0,0,1,Pedestrian
53,1012.0,359.0,1078.0,437.0,5341,0,0,1,Pedestrian
53,1012.0,359.0,1078.0,437.0,5342,0,0,1,Pedestrian
53,1012.0,357.0,1078.0,434.0,5343,0,0,1,Pedestrian
53,1009.0,357.0,1075.0,434.0,5344,0,0,1,Pedestrian
53,1009.0,357.0,1075.0,434.0,5345,0,0,1,Pedestrian
53,1009.0,355.0,1075.0,432.0,5346,0,0,1,Pedestrian
53,1009.0,355.0,1075.0,432.0,5347,0,0,1,Pedestrian
53,1006.0,352.0,1072.0,430.0,5348,0,0,1,Pedestrian
53,1006.0,352.0,1072.0,430.0,5349,0,0,1,Pedestrian
53,1006.0,352.0,1072.0,430.0,5350,0,0,1,Pedestrian
53,1006.0,350.0,1072.0,428.0,5351,0,0,1,Pedestrian
53,1006.0,350.0,1072.0,428.0,5352,0,0,1,Pedestrian
53,1003.0,348.0,1069.0,425.0,5353,0,0,1,Pedestrian
53,1003.0,348.0,1069.0,425.0,5354,0,0,1,Pedestrian
53,1003.0,348.0,1069.0,425.0,5355,0,0,1,Pedestrian
53,1003.0,346.0,1069.0,423.0,5356,0,0,1,Pedestrian
53,1001.0,346.0,1067.0,423.0,5357,0,0,1,Pedestrian
53,1001.0,343.0,1067.0,421.0,5358,0,0,1,Pedestrian
53,1001.0,343.0,1067.0,421.0,5359,0,0,1,Pedestrian
53,1001.0,343.0,1067.0,421.0,5360,0,0,1,Pedestrian
53,1001.0,341.0,1067.0,418.0,5361,0,0,1,Pedestrian
53,998.0,341.0,1064.0,418.0,5362,0,0,1,Pedestrian
53,998.0,339.0,1064.0,416.0,5363,0,0,1,Pedestrian
53,998.0,339.0,1064.0,416.0,5364,0,0,1,Pedestrian
53,998.0,339.0,1064.0,416.0,5365,0,0,1,Pedestrian
53,995.0,337.0,1061.0,414.0,5366,0,0,1,Pedestrian
53,995.0,337.0,1061.0,414.0,5367,0,0,1,Pedestrian
53,995.0,334.0,1061.0,412.0,5368,0,0,1,Pedestrian
53,995.0,334.0,1061.0,412.0,5369,0,0,1,Pedestrian
53,995.0,334.0,1061.0,412.0,5370,0,0,0,Pedestrian
53,992.0,332.0,1058.0,409.0,5371,0,0,1,Pedestrian
53,992.0,330.0,1058.0,407.0,5372,0,0,1,Pedestrian
53,992.0,327.0,1058.0,405.0,5373,0,0,1,Pedestrian
53,992.0,325.0,1058.0,403.0,5374,0,0,1,Pedestrian
53,992.0,325.0,1058.0,403.0,5375,0,0,1,Pedestrian
53,990.0,323.0,1056.0,400.0,5376,0,0,1,Pedestrian
53,990.0,321.0,1056.0,398.0,5377,0,0,1,Pedestrian
53,990.0,318.0,1056.0,396.0,5378,0,0,1,Pedestrian
53,990.0,318.0,1056.0,396.0,5379,0,0,1,Pedestrian
53,990.0,316.0,1056.0,393.0,5380,0,0,1,Pedestrian
53,987.0,314.0,1053.0,391.0,5381,0,0,1,Pedestrian
53,987.0,311.0,1053.0,389.0,5382,0,0,1,Pedestrian
53,987.0,311.0,1053.0,389.0,5383,0,0,1,Pedestrian
53,987.0,309.0,1053.0,387.0,5384,0,0,1,Pedestrian
53,987.0,307.0,1053.0,384.0,5385,0,0,1,Pedestrian
53,984.0,305.0,1050.0,382.0,5386,0,0,1,Pedestrian
53,984.0,302.0,1050.0,380.0,5387,0,0,1,Pedestrian
53,984.0,302.0,1050.0,380.0,5388,0,0,1,Pedestrian
53,984.0,300.0,1050.0,377.0,5389,0,0,1,Pedestrian
53,984.0,298.0,1050.0,375.0,5390,0,0,1,Pedestrian
53,981.0,296.0,1047.0,373.0,5391,0,0,1,Pedestrian
53,981.0,296.0,1047.0,373.0,5392,0,0,1,Pedestrian
53,981.0,293.0,1047.0,371.0,5393,0,0,1,Pedestrian
53,981.0,291.0,1047.0,368.0,5394,0,0,1,Pedestrian
53,981.0,289.0,1047.0,366.0,5395,0,0,1,Pedestrian
53,979.0,289.0,1045.0,366.0,5396,0,0,1,Pedestrian
53,979.0,286.0,1045.0,364.0,5397,0,0,1,Pedestrian
53,979.0,284.0,1045.0,362.0,5398,0,0,1,Pedestrian
53,979.0,282.0,1045.0,359.0,5399,0,0,1,Pedestrian
53,979.0,282.0,1045.0,359.0,5400,0,0,0,Pedestrian
53,976.0,280.0,1042.0,357.0,5401,0,0,1,Pedestrian
53,976.0,277.0,1042.0,355.0,5402,0,0,1,Pedestrian
53,976.0,275.0,1042.0,352.0,5403,0,0,1,Pedestrian
53,976.0,273.0,1042.0,350.0,5404,0,0,1,Pedestrian
53,976.0,270.0,1042.0,348.0,5405,0,0,1,Pedestrian
53,973.0,270.0,1039.0,348.0,5406,0,0,1,Pedestrian
53,973.0,268.0,1039.0,346.0,5407,0,0,1,Pedestrian
53,973.0,266.0,1039.0,343.0,5408,0,0,1,Pedestrian
53,973.0,264.0,1039.0,341.0,5409,0,0,1,Pedestrian
53,973.0,261.0,1039.0,339.0,5410,0,0,1,Pedestrian
53,970.0,259.0,1036.0,337.0,5411,0,0,1,Pedestrian
53,970.0,259.0,1036.0,337.0,5412,0,0,1,Pedestrian
53,970.0,257.0,1036.0,334.0,5413,0,0,1,Pedestrian
53,970.0,255.0,1036.0,332.0,5414,0,0,1,Pedestrian
53,970.0,252.0,1036.0,330.0,5415,0,0,1,Pedestrian
53,968.0,250.0,1034.0,327.0,5416,0,0,1,Pedestrian
53,968.0,248.0,1034.0,325.0,5417,0,0,1,Pedestrian
53,968.0,248.0,1034.0,325.0,5418,0,0,1,Pedestrian
53,968.0,245.0,1034.0,323.0,5419,0,0,1,Pedestrian
53,968.0,243.0,1034.0,321.0,5420,0,0,1,Pedestrian
53,965.0,241.0,1031.0,318.0,5421,0,0,1,Pedestrian
53,965.0,239.0,1031.0,316.0,5422,0,0,1,Pedestrian
53,965.0,236.0,1031.0,314.0,5423,0,0,1,Pedestrian
53,965.0,236.0,1031.0,314.0,5424,0,0,1,Pedestrian
53,965.0,234.0,1031.0,311.0,5425,0,0,1,Pedestrian
53,962.0,232.0,1028.0,309.0,5426,0,0,1,Pedestrian
53,962.0,229.0,1028.0,307.0,5427,0,0,1,Pedestrian
53,962.0,227.0,1028.0,305.0,5428,0,0,1,Pedestrian
53,962.0,225.0,1028.0,302.0,5429,0,0,1,Pedestrian
53,962.0,225.0,1028.0,302.0,5430,0,0,0,Pedestrian
53,959.0,223.0,1025.0,300.0,5431,0,0,1,Pedestrian
53,959.0,223.0,1025.0,300.0,5432,0,0,1,Pedestrian
53,959.0,220.0,1025.0,298.0,5433,0,0,1,Pedestrian
53,959.0,220.0,1025.0,298.0,5434,0,0,1,Pedestrian
53,959.0,218.0,1025.0,296.0,5435,0,0,1,Pedestrian
53,959.0,218.0,1025.0,296.0,5436,0,0,1,Pedestrian
53,957.0,216.0,1023.0,293.0,5437,0,0,1,Pedestrian
53,957.0,216.0,1023.0,293.0,5438,0,0,1,Pedestrian
53,957.0,214.0,1023.0,291.0,5439,0,0,1,Pedestrian
53,957.0,214.0,1023.0,291.0,5440,0,0,1,Pedestrian
53,957.0,211.0,1023.0,289.0,5441,0,0,1,Pedestrian
53,957.0,211.0,1023.0,289.0,5442,0,0,1,Pedestrian
53,954.0,209.0,1020.0,286.0,5443,0,0,1,Pedestrian
53,954.0,209.0,1020.0,286.0,5444,0,0,1,Pedestrian
53,954.0,209.0,1020.0,286.0,5445,0,0,1,Pedestrian
53,954.0,207.0,1020.0,284.0,5446,0,0,1,Pedestrian
53,954.0,207.0,1020.0,284.0,5447,0,0,1,Pedestrian
53,954.0,204.0,1020.0,282.0,5448,0,0,1,Pedestrian
53,951.0,204.0,1017.0,282.0,5449,0,0,1,Pedestrian
53,951.0,202.0,1017.0,280.0,5450,0,0,1,Pedestrian
53,951.0,202.0,1017.0,280.0,5451,0,0,1,Pedestrian
53,951.0,200.0,1017.0,277.0,5452,0,0,1,Pedestrian
53,951.0,200.0,1017.0,277.0,5453,0,0,1,Pedestrian
53,951.0,198.0,1017.0,275.0,5454,0,0,1,Pedestrian
53,948.0,198.0,1014.0,275.0,5455,0,0,1,Pedestrian
53,948.0,195.0,1014.0,273.0,5456,0,0,1,Pedestrian
53,948.0,195.0,1014.0,273.0,5457,0,0,1,Pedestrian
53,948.0,193.0,1014.0,270.0,5458,0,0,1,Pedestrian
53,948.0,193.0,1014.0,270.0,5459,0,0,1,Pedestrian
53,948.0,193.0,1014.0,270.0,5460,0,0,0,Pedestrian
53,946.0,191.0,1012.0,268.0,5461,0,0,1,Pedestrian
53,946.0,188.0,1012.0,266.0,5462,0,0,1,Pedestrian
53,946.0,186.0,1012.0,264.0,5463,0,0,1,Pedestrian
53,943.0,186.0,1009.0,264.0,5464,0,0,1,Pedestrian
53,943.0,184.0,1009.0,261.0,5465,0,0,1,Pedestrian
53,943.0,182.0,1009.0,259.0,5466,0,0,1,Pedestrian
53,940.0,179.0,1006.0,257.0,5467,0,0,1,Pedestrian
53,940.0,179.0,1006.0,257.0,5468,0,0,1,Pedestrian
53,940.0,177.0,1006.0,255.0,5469,0,0,1,Pedestrian
53,937.0,175.0,1003.0,252.0,5470,0,0,1,Pedestrian
53,937.0,173.0,1003.0,250.0,5471,0,0,1,Pedestrian
53,937.0,173.0,1003.0,250.0,5472,0,0,1,Pedestrian
53,935.0,170.0,1001.0,248.0,5473,0,0,1,Pedestrian
53,935.0,168.0,1001.0,245.0,5474,0,0,1,Pedestrian
53,935.0,168.0,1001.0,245.0,5475,0,0,1,Pedestrian
53,932.0,166.0,998.0,243.0,5476,0,0,1,Pedestrian
53,932.0,163.0,998.0,241.0,5477,0,0,1,Pedestrian
53,932.0,161.0,998.0,239.0,5478,0,0,1,Pedestrian
53,929.0,161.0,995.0,239.0,5479,0,0,1,Pedestrian
53,929.0,159.0,995.0,236.0,5480,0,0,1,Pedestrian
53,929.0,157.0,995.0,234.0,5481,0,0,1,Pedestrian
53,926.0,154.0,992.0,232.0,5482,0,0,1,Pedestrian
53,926.0,154.0,992.0,232.0,5483,0,0,1,Pedestrian
53,926.0,152.0,992.0,229.0,5484,0,0,1,Pedestrian
53,924.0,150.0,990.0,227.0,5485,0,0,1,Pedestrian
53,924.0,148.0,990.0,225.0,5486,0,0,1,Pedestrian
53,924.0,148.0,990.0,225.0,5487,0,0,1,Pedestrian
53,921.0,145.0,987.0,223.0,5488,0,0,1,Pedestrian
53,921.0,143.0,987.0,220.0,5489,0,0,1,Pedestrian
53,921.0,143.0,987.0,220.0,5490,0,0,0,Pedestrian
53,921.0,141.0,987.0,218.0,5491,0,0,1,Pedestrian
53,921.0,138.0,987.0,216.0,5492,0,0,1,Pedestrian
53,921.0,138.0,987.0,216.0,5493,0,0,1,Pedestrian
53,921.0,136.0,987.0,214.0,5494,0,0,1,Pedestrian
53,921.0,136.0,987.0,214.0,5495,0,0,1,Pedestrian
53,921.0,134.0,987.0,211.0,5496,0,0,1,Pedestrian
53,921.0,132.0,987.0,209.0,5497,0,0,1,Pedestrian
53,921.0,132.0,987.0,209.0,5498,0,0,1,Pedestrian
53,921.0,129.0,987.0,207.0,5499,0,0,1,Pedestrian
53,921.0,129.0,987.0,207.0,5500,0,0,0,Pedestrian
53,918.0,127.0,984.0,204.0,5501,0,0,1,Pedestrian
53,918.0,125.0,984.0,202.0,5502,0,0,1,Pedestrian
53,918.0,125.0,984.0,200.0,5503,0,0,1,Pedestrian
53,918.0,122.0,984.0,198.0,5504,0,0,1,Pedestrian
53,918.0,120.0,984.0,195.0,5505,0,0,1,Pedestrian
53,918.0,120.0,984.0,193.0,5506,0,0,1,Pedestrian
53,918.0,118.0,984.0,193.0,5507,0,0,1,Pedestrian
53,918.0,118.0,984.0,191.0,5508,0,0,1,Pedestrian
53,918.0,116.0,984.0,188.0,5509,0,0,1,Pedestrian
53,918.0,113.0,981.0,186.0,5510,0,0,1,Pedestrian
53,918.0,113.0,981.0,184.0,5511,0,0,1,Pedestrian
53,918.0,111.0,981.0,182.0,5512,0,0,1,Pedestrian
53,918.0,111.0,981.0,179.0,5513,0,0,1,Pedestrian
53,918.0,109.0,981.0,179.0,5514,0,0,1,Pedestrian
53,918.0,107.0,981.0,177.0,5515,0,0,1,Pedestrian
53,918.0,107.0,981.0,175.0,5516,0,0,1,Pedestrian
53,918.0,104.0,981.0,173.0,5517,0,0,1,Pedestrian
53,918.0,104.0,981.0,170.0,5518,0,0,1,Pedestrian
53,918.0,102.0,979.0,168.0,5519,0,0,1,Pedestrian
53,918.0,100.0,979.0,168.0,5520,0,0,1,Pedestrian
53,918.0,100.0,979.0,166.0,5521,0,0,1,Pedestrian
53,918.0,97.0,979.0,163.0,5522,0,0,1,Pedestrian
53,918.0,97.0,979.0,161.0,5523,0,0,1,Pedestrian
53,918.0,95.0,979.0,159.0,5524,0,0,1,Pedestrian
53,918.0,93.0,979.0,157.0,5525,0,0,1,Pedestrian
53,918.0,93.0,979.0,154.0,5526,0,0,1,Pedestrian
53,918.0,91.0,979.0,154.0,5527,0,0,1,Pedestrian
53,918.0,88.0,976.0,152.0,5528,0,0,1,Pedestrian
53,918.0,88.0,976.0,150.0,5529,0,0,1,Pedestrian
53,918.0,86.0,976.0,148.0,5530,0,0,1,Pedestrian
53,918.0,86.0,976.0,145.0,5531,0,0,1,Pedestrian
53,918.0,84.0,976.0,143.0,5532,0,0,1,Pedestrian
53,918.0,81.0,976.0,143.0,5533,0,0,1,Pedestrian
53,918.0,81.0,976.0,141.0,5534,0,0,1,Pedestrian
53,918.0,79.0,976.0,138.0,5535,0,0,1,Pedestrian
53,918.0,79.0,976.0,136.0,5536,0,0,1,Pedestrian
53,918.0,77.0,973.0,134.0,5537,0,0,1,Pedestrian
53,918.0,75.0,973.0,132.0,5538,0,0,1,Pedestrian
53,918.0,75.0,973.0,129.0,5539,0,0,1,Pedestrian
53,918.0,72.0,973.0,129.0,5540,0,0,1,Pedestrian
53,918.0,72.0,973.0,127.0,5541,0,0,1,Pedestrian
53,918.0,70.0,973.0,125.0,5542,0,0,1,Pedestrian
53,918.0,68.0,973.0,122.0,5543,0,0,1,Pedestrian
53,918.0,68.0,973.0,120.0,5544,0,0,1,Pedestrian
53,918.0,66.0,973.0,118.0,5545,0,0,1,Pedestrian
53,918.0,66.0,973.0,118.0,5546,0,0,0,Pedestrian
53,918.0,63.0,973.0,116.0,5547,0,0,1,Pedestrian
53,918.0,61.0,973.0,113.0,5548,0,0,1,Pedestrian
53,918.0,61.0,973.0,113.0,5549,0,0,1,Pedestrian
53,918.0,59.0,973.0,111.0,5550,0,0,1,Pedestrian
53,918.0,56.0,973.0,109.0,5551,0,0,1,Pedestrian
53,918.0,56.0,973.0,109.0,5552,0,0,1,Pedestrian
53,918.0,54.0,973.0,107.0,5553,0,0,1,Pedestrian
53,918.0,52.0,973.0,104.0,5554,0,0,1,Pedestrian
53,918.0,52.0,973.0,104.0,5555,0,0,1,Pedestrian
53,918.0,50.0,973.0,102.0,5556,0,0,1,Pedestrian
53,918.0,47.0,973.0,100.0,5557,0,0,1,Pedestrian
53,918.0,47.0,973.0,100.0,5558,0,0,1,Pedestrian
53,918.0,45.0,973.0,97.0,5559,0,0,1,Pedestrian
53,918.0,43.0,973.0,95.0,5560,0,0,1,Pedestrian
53,918.0,43.0,973.0,95.0,5561,0,0,1,Pedestrian
53,918.0,40.0,973.0,93.0,5562,0,0,1,Pedestrian
53,918.0,38.0,973.0,91.0,5563,0,0,1,Pedestrian
53,918.0,38.0,973.0,91.0,5564,0,0,0,Pedestrian
53,915.0,36.0,970.0,88.0,5565,0,0,1,Pedestrian
53,915.0,34.0,970.0,86.0,5566,0,0,1,Pedestrian
53,915.0,31.0,970.0,84.0,5567,0,0,1,Pedestrian
53,915.0,31.0,970.0,81.0,5568,0,0,1,Pedestrian
53,915.0,29.0,970.0,81.0,5569,0,0,1,Pedestrian
53,915.0,27.0,970.0,79.0,5570,0,0,1,Pedestrian
53,915.0,27.0,970.0,77.0,5571,0,0,1,Pedestrian
53,915.0,25.0,970.0,75.0,5572,0,0,1,Pedestrian
53,915.0,22.0,970.0,72.0,5573,0,0,1,Pedestrian
53,915.0,20.0,970.0,72.0,5574,0,0,1,Pedestrian
53,915.0,20.0,970.0,70.0,5575,0,0,1,Pedestrian
53,915.0,18.0,970.0,68.0,5576,0,0,1,Pedestrian
53,913.0,15.0,968.0,66.0,5577,0,0,1,Pedestrian
53,913.0,15.0,968.0,63.0,5578,0,0,1,Pedestrian
53,913.0,13.0,968.0,63.0,5579,0,0,1,Pedestrian
53,913.0,11.0,968.0,61.0,5580,0,0,1,Pedestrian
53,913.0,9.0,968.0,59.0,5581,0,0,1,Pedestrian
53,913.0,9.0,968.0,56.0,5582,0,0,1,Pedestrian
53,913.0,6.0,968.0,54.0,5583,0,0,1,Pedestrian
53,913.0,4.0,968.0,54.0,5584,0,0,1,Pedestrian
53,913.0,4.0,968.0,52.0,5585,0,0,1,Pedestrian
53,913.0,2.0,968.0,50.0,5586,0,0,1,Pedestrian
53,913.0,0.0,968.0,47.0,5587,0,0,1,Pedestrian
53,913.0,0.0,968.0,47.0,5588,0,0,0,Pedestrian
53,910.0,0.0,965.0,45.0,5589,0,0,1,Pedestrian
53,907.0,0.0,962.0,45.0,5590,0,0,1,Pedestrian
53,904.0,0.0,959.0,45.0,5591,0,0,1,Pedestrian
53,904.0,0.0,959.0,45.0,5592,0,0,1,Pedestrian
53,902.0,0.0,957.0,43.0,5593,0,0,1,Pedestrian
53,899.0,0.0,954.0,43.0,5594,0,0,1,Pedestrian
53,896.0,0.0,951.0,43.0,5595,0,0,1,Pedestrian
53,896.0,0.0,951.0,43.0,5596,0,0,0,Pedestrian
53,896.0,0.0,951.0,43.0,5597,0,0,1,Pedestrian
53,896.0,0.0,951.0,43.0,5598,0,0,1,Pedestrian
53,896.0,0.0,951.0,43.0,5599,0,0,1,Pedestrian
53,896.0,0.0,951.0,43.0,5600,0,0,1,Pedestrian
53,896.0,0.0,951.0,43.0,5601,0,0,1,Pedestrian
53,896.0,0.0,951.0,43.0,5602,0,0,1,Pedestrian
53,896.0,0.0,951.0,43.0,5603,0,0,1,Pedestrian
53,899.0,0.0,954.0,43.0,5604,0,0,1,Pedestrian
53,899.0,0.0,954.0,43.0,5605,0,0,1,Pedestrian
53,899.0,0.0,954.0,43.0,5606,0,0,1,Pedestrian
53,899.0,0.0,954.0,43.0,5607,0,0,1,Pedestrian
53,899.0,0.0,954.0,43.0,5608,0,0,1,Pedestrian
53,899.0,0.0,954.0,43.0,5609,0,0,1,Pedestrian
53,899.0,0.0,954.0,43.0,5610,0,0,1,Pedestrian
53,899.0,0.0,954.0,43.0,5611,0,0,1,Pedestrian
53,902.0,0.0,957.0,43.0,5612,0,0,1,Pedestrian
53,902.0,0.0,957.0,43.0,5613,0,0,1,Pedestrian
53,902.0,0.0,957.0,43.0,5614,0,0,1,Pedestrian
53,902.0,0.0,957.0,43.0,5615,0,0,1,Pedestrian
53,902.0,0.0,957.0,43.0,5616,0,0,1,Pedestrian
53,902.0,0.0,957.0,43.0,5617,0,0,1,Pedestrian
53,902.0,0.0,957.0,43.0,5618,0,0,1,Pedestrian
53,904.0,0.0,959.0,43.0,5619,0,0,0,Pedestrian
53,904.0,0.0,959.0,43.0,5620,0,0,1,Pedestrian
53,904.0,0.0,959.0,43.0,5621,0,0,1,Pedestrian
53,904.0,0.0,959.0,43.0,5622,0,0,1,Pedestrian
53,904.0,0.0,959.0,43.0,5623,0,0,1,Pedestrian
53,904.0,0.0,959.0,43.0,5624,0,0,1,Pedestrian
53,904.0,0.0,959.0,43.0,5625,0,0,1,Pedestrian
53,904.0,0.0,959.0,43.0,5626,0,0,1,Pedestrian
53,904.0,0.0,959.0,43.0,5627,0,0,1,Pedestrian
53,904.0,0.0,959.0,43.0,5628,0,0,1,Pedestrian
53,904.0,0.0,959.0,43.0,5629,0,0,1,Pedestrian
53,904.0,0.0,959.0,43.0,5630,0,0,1,Pedestrian
53,904.0,0.0,959.0,43.0,5631,0,0,1,Pedestrian
53,904.0,0.0,959.0,43.0,5632,0,0,1,Pedestrian
53,904.0,0.0,959.0,43.0,5633,0,0,1,Pedestrian
53,904.0,0.0,959.0,43.0,5634,0,0,1,Pedestrian
53,904.0,0.0,959.0,43.0,5635,0,0,1,Pedestrian
53,904.0,0.0,959.0,43.0,5636,0,0,1,Pedestrian
53,904.0,0.0,959.0,43.0,5637,0,0,1,Pedestrian
53,904.0,0.0,959.0,43.0,5638,0,0,1,Pedestrian
53,904.0,0.0,959.0,43.0,5639,0,0,1,Pedestrian
53,904.0,0.0,959.0,43.0,5640,0,0,1,Pedestrian
53,904.0,0.0,959.0,43.0,5641,0,0,1,Pedestrian
53,904.0,0.0,959.0,43.0,5642,0,0,1,Pedestrian
53,904.0,0.0,959.0,43.0,5643,0,0,1,Pedestrian
53,904.0,0.0,959.0,43.0,5644,0,0,1,Pedestrian
53,904.0,0.0,959.0,43.0,5645,0,0,1,Pedestrian
53,904.0,0.0,959.0,43.0,5646,0,0,1,Pedestrian
53,904.0,0.0,959.0,43.0,5647,0,0,1,Pedestrian
53,904.0,0.0,959.0,43.0,5648,0,0,1,Pedestrian
53,904.0,0.0,959.0,43.0,5649,0,0,1,Pedestrian
53,904.0,0.0,959.0,43.0,5650,0,0,1,Pedestrian
53,904.0,0.0,959.0,43.0,5651,0,0,1,Pedestrian
53,904.0,0.0,959.0,43.0,5652,0,0,1,Pedestrian
53,904.0,0.0,959.0,43.0,5653,0,0,1,Pedestrian
53,904.0,0.0,959.0,43.0,5654,0,0,1,Pedestrian
53,904.0,0.0,959.0,43.0,5655,0,0,1,Pedestrian
53,904.0,0.0,959.0,43.0,5656,0,0,1,Pedestrian
53,904.0,0.0,959.0,43.0,5657,0,0,1,Pedestrian
53,904.0,0.0,959.0,43.0,5658,0,0,1,Pedestrian
53,904.0,0.0,959.0,43.0,5659,0,0,1,Pedestrian
53,904.0,0.0,959.0,43.0,5660,0,0,1,Pedestrian
53,904.0,0.0,959.0,43.0,5661,0,0,1,Pedestrian
53,904.0,0.0,959.0,43.0,5662,0,0,1,Pedestrian
53,904.0,0.0,959.0,43.0,5663,0,0,1,Pedestrian
53,904.0,0.0,959.0,43.0,5664,0,0,1,Pedestrian
53,904.0,0.0,959.0,43.0,5665,0,0,1,Pedestrian
53,904.0,0.0,959.0,43.0,5666,0,0,1,Pedestrian
53,904.0,0.0,959.0,43.0,5667,0,0,1,Pedestrian
53,904.0,0.0,959.0,43.0,5668,0,0,1,Pedestrian
53,904.0,0.0,959.0,43.0,5669,0,0,1,Pedestrian
53,904.0,0.0,959.0,43.0,5670,0,0,1,Pedestrian
53,904.0,0.0,959.0,43.0,5671,0,0,1,Pedestrian
53,904.0,0.0,959.0,43.0,5672,0,0,1,Pedestrian
53,904.0,0.0,959.0,43.0,5673,0,0,1,Pedestrian
53,904.0,0.0,959.0,43.0,5674,0,0,1,Pedestrian
53,904.0,0.0,959.0,43.0,5675,0,0,1,Pedestrian
53,904.0,0.0,959.0,43.0,5676,0,0,1,Pedestrian
53,904.0,0.0,959.0,43.0,5677,0,0,1,Pedestrian
53,904.0,0.0,959.0,43.0,5678,0,0,1,Pedestrian
53,904.0,0.0,959.0,43.0,5679,0,0,1,Pedestrian
53,904.0,0.0,959.0,43.0,5680,0,0,1,Pedestrian
53,904.0,0.0,959.0,43.0,5681,0,0,1,Pedestrian
53,904.0,0.0,959.0,43.0,5682,0,0,1,Pedestrian
53,904.0,0.0,959.0,43.0,5683,0,0,1,Pedestrian
53,904.0,0.0,959.0,43.0,5684,0,0,1,Pedestrian
53,904.0,0.0,959.0,43.0,5685,0,0,1,Pedestrian
53,904.0,0.0,959.0,43.0,5686,0,0,1,Pedestrian
53,904.0,0.0,959.0,43.0,5687,0,0,1,Pedestrian
53,904.0,0.0,959.0,43.0,5688,0,0,1,Pedestrian
53,904.0,0.0,959.0,43.0,5689,0,0,1,Pedestrian
53,904.0,0.0,959.0,43.0,5690,0,0,1,Pedestrian
53,904.0,0.0,959.0,43.0,5691,0,0,1,Pedestrian
53,904.0,0.0,959.0,43.0,5692,0,0,1,Pedestrian
53,904.0,0.0,959.0,43.0,5693,0,0,1,Pedestrian
53,904.0,0.0,959.0,43.0,5694,0,0,1,Pedestrian
53,904.0,0.0,959.0,43.0,5695,0,0,1,Pedestrian
53,904.0,0.0,959.0,43.0,5696,0,0,1,Pedestrian
53,904.0,0.0,959.0,43.0,5697,0,0,1,Pedestrian
53,904.0,0.0,959.0,43.0,5698,0,0,1,Pedestrian
53,904.0,0.0,959.0,43.0,5699,0,0,1,Pedestrian
53,904.0,0.0,959.0,43.0,5700,0,0,1,Pedestrian
53,904.0,0.0,959.0,43.0,5701,0,0,1,Pedestrian
53,904.0,0.0,959.0,43.0,5702,0,0,1,Pedestrian
53,904.0,0.0,959.0,43.0,5703,0,0,1,Pedestrian
53,904.0,0.0,959.0,43.0,5704,0,0,1,Pedestrian
53,904.0,0.0,959.0,43.0,5705,0,0,1,Pedestrian
53,904.0,0.0,959.0,43.0,5706,0,0,1,Pedestrian
53,904.0,0.0,959.0,43.0,5707,0,0,1,Pedestrian
53,904.0,0.0,959.0,43.0,5708,0,0,1,Pedestrian
53,904.0,0.0,959.0,43.0,5709,0,0,1,Pedestrian
53,904.0,0.0,959.0,43.0,5710,0,0,1,Pedestrian
53,904.0,0.0,959.0,43.0,5711,0,0,1,Pedestrian
53,904.0,0.0,959.0,43.0,5712,0,0,1,Pedestrian
53,904.0,0.0,959.0,43.0,5713,0,0,1,Pedestrian
53,904.0,0.0,959.0,43.0,5714,0,0,1,Pedestrian
53,904.0,0.0,959.0,43.0,5715,0,0,1,Pedestrian
53,904.0,0.0,959.0,43.0,5716,0,0,1,Pedestrian
53,904.0,0.0,959.0,43.0,5717,0,0,1,Pedestrian
53,904.0,0.0,959.0,43.0,5718,0,0,1,Pedestrian
53,904.0,0.0,959.0,43.0,5719,0,0,1,Pedestrian
53,904.0,0.0,959.0,43.0,5720,0,0,1,Pedestrian
53,904.0,0.0,959.0,43.0,5721,0,0,1,Pedestrian
53,904.0,0.0,959.0,43.0,5722,0,0,1,Pedestrian
53,904.0,0.0,959.0,43.0,5723,0,0,1,Pedestrian
53,904.0,0.0,959.0,43.0,5724,0,0,1,Pedestrian
53,904.0,0.0,959.0,43.0,5725,0,0,1,Pedestrian
53,904.0,0.0,959.0,43.0,5726,0,0,1,Pedestrian
53,904.0,0.0,959.0,43.0,5727,0,0,1,Pedestrian
53,904.0,0.0,959.0,43.0,5728,0,0,1,Pedestrian
53,904.0,0.0,959.0,43.0,5729,0,0,1,Pedestrian
53,904.0,0.0,959.0,43.0,5730,0,0,1,Pedestrian
53,904.0,0.0,959.0,43.0,5731,0,0,1,Pedestrian
53,904.0,0.0,959.0,43.0,5732,0,0,1,Pedestrian
53,904.0,0.0,959.0,43.0,5733,0,0,1,Pedestrian
53,904.0,0.0,959.0,43.0,5734,0,0,1,Pedestrian
53,904.0,0.0,959.0,43.0,5735,0,0,1,Pedestrian
53,904.0,0.0,959.0,43.0,5736,0,0,1,Pedestrian
53,904.0,0.0,959.0,43.0,5737,0,0,1,Pedestrian
53,904.0,0.0,959.0,43.0,5738,0,0,1,Pedestrian
53,904.0,0.0,959.0,43.0,5739,0,0,1,Pedestrian
53,904.0,0.0,959.0,43.0,5740,0,0,1,Pedestrian
53,904.0,0.0,959.0,43.0,5741,0,0,1,Pedestrian
53,904.0,0.0,959.0,43.0,5742,0,0,1,Pedestrian
53,904.0,0.0,959.0,43.0,5743,0,0,1,Pedestrian
53,904.0,0.0,959.0,43.0,5744,0,0,1,Pedestrian
53,904.0,0.0,959.0,43.0,5745,0,0,1,Pedestrian
53,904.0,0.0,959.0,43.0,5746,0,0,1,Pedestrian
53,904.0,0.0,959.0,43.0,5747,0,0,1,Pedestrian
53,904.0,0.0,959.0,43.0,5748,0,0,1,Pedestrian
53,904.0,0.0,959.0,43.0,5749,0,0,1,Pedestrian
53,904.0,0.0,959.0,43.0,5750,0,0,1,Pedestrian
53,904.0,0.0,959.0,43.0,5751,0,0,1,Pedestrian
53,904.0,0.0,959.0,43.0,5752,0,0,1,Pedestrian
53,904.0,0.0,959.0,43.0,5753,0,0,1,Pedestrian
53,904.0,0.0,959.0,43.0,5754,0,0,1,Pedestrian
53,904.0,0.0,959.0,43.0,5755,0,0,1,Pedestrian
53,904.0,0.0,959.0,43.0,5756,0,0,1,Pedestrian
53,904.0,0.0,959.0,43.0,5757,0,0,1,Pedestrian
53,904.0,0.0,959.0,43.0,5758,0,0,1,Pedestrian
53,904.0,0.0,959.0,43.0,5759,0,0,1,Pedestrian
53,904.0,0.0,959.0,43.0,5760,0,0,1,Pedestrian
53,904.0,0.0,959.0,43.0,5761,0,0,1,Pedestrian
53,904.0,0.0,959.0,43.0,5762,0,0,1,Pedestrian
53,904.0,0.0,959.0,43.0,5763,0,0,1,Pedestrian
53,904.0,0.0,959.0,43.0,5764,0,0,1,Pedestrian
53,904.0,0.0,959.0,43.0,5765,0,0,1,Pedestrian
53,904.0,0.0,959.0,43.0,5766,0,0,1,Pedestrian
53,904.0,0.0,959.0,43.0,5767,0,0,1,Pedestrian
53,904.0,0.0,959.0,43.0,5768,0,0,1,Pedestrian
53,904.0,0.0,959.0,43.0,5769,0,0,1,Pedestrian
53,904.0,0.0,959.0,43.0,5770,0,0,1,Pedestrian
53,904.0,0.0,959.0,43.0,5771,0,0,1,Pedestrian
53,904.0,0.0,959.0,43.0,5772,0,0,1,Pedestrian
53,904.0,0.0,959.0,43.0,5773,0,0,1,Pedestrian
53,904.0,0.0,959.0,43.0,5774,0,0,1,Pedestrian
53,904.0,0.0,959.0,43.0,5775,0,0,1,Pedestrian
53,904.0,0.0,959.0,43.0,5776,0,0,1,Pedestrian
53,904.0,0.0,959.0,43.0,5777,0,0,1,Pedestrian
53,904.0,0.0,959.0,43.0,5778,0,0,1,Pedestrian
53,904.0,0.0,959.0,43.0,5779,0,0,1,Pedestrian
53,904.0,0.0,959.0,43.0,5780,0,0,1,Pedestrian
53,904.0,0.0,959.0,43.0,5781,0,0,1,Pedestrian
53,904.0,0.0,959.0,43.0,5782,0,0,1,Pedestrian
53,904.0,0.0,959.0,43.0,5783,0,0,1,Pedestrian
53,904.0,0.0,959.0,43.0,5784,0,0,1,Pedestrian
53,904.0,0.0,959.0,43.0,5785,0,0,1,Pedestrian
53,904.0,0.0,959.0,43.0,5786,0,0,1,Pedestrian
53,904.0,0.0,959.0,43.0,5787,0,0,1,Pedestrian
53,904.0,0.0,959.0,43.0,5788,0,0,1,Pedestrian
53,904.0,0.0,959.0,43.0,5789,0,0,1,Pedestrian
53,904.0,0.0,959.0,43.0,5790,0,0,1,Pedestrian
53,904.0,0.0,959.0,43.0,5791,0,0,1,Pedestrian
53,904.0,0.0,959.0,43.0,5792,0,0,1,Pedestrian
53,904.0,0.0,959.0,43.0,5793,0,0,1,Pedestrian
53,904.0,0.0,959.0,43.0,5794,0,0,1,Pedestrian
53,904.0,0.0,959.0,43.0,5795,0,0,1,Pedestrian
53,904.0,0.0,959.0,43.0,5796,0,0,1,Pedestrian
53,904.0,0.0,959.0,43.0,5797,0,0,1,Pedestrian
53,904.0,0.0,959.0,43.0,5798,0,0,1,Pedestrian
53,904.0,0.0,959.0,43.0,5799,0,0,1,Pedestrian
53,904.0,0.0,959.0,43.0,5800,0,0,1,Pedestrian
53,904.0,0.0,959.0,43.0,5801,0,0,1,Pedestrian
53,904.0,0.0,959.0,43.0,5802,0,0,1,Pedestrian
53,904.0,0.0,959.0,43.0,5803,0,0,1,Pedestrian
53,904.0,0.0,959.0,43.0,5804,0,0,1,Pedestrian
53,904.0,0.0,959.0,43.0,5805,0,0,1,Pedestrian
53,904.0,0.0,959.0,43.0,5806,0,0,1,Pedestrian
53,904.0,0.0,959.0,43.0,5807,0,0,1,Pedestrian
53,904.0,0.0,959.0,43.0,5808,0,0,1,Pedestrian
53,904.0,0.0,959.0,43.0,5809,0,0,1,Pedestrian
53,904.0,0.0,959.0,43.0,5810,0,0,1,Pedestrian
53,904.0,0.0,959.0,43.0,5811,0,0,1,Pedestrian
53,904.0,0.0,959.0,43.0,5812,0,0,1,Pedestrian
53,904.0,0.0,959.0,43.0,5813,0,0,1,Pedestrian
53,904.0,0.0,959.0,43.0,5814,0,0,1,Pedestrian
53,904.0,0.0,959.0,43.0,5815,0,0,1,Pedestrian
53,904.0,0.0,959.0,43.0,5816,0,0,1,Pedestrian
53,904.0,0.0,959.0,43.0,5817,0,0,1,Pedestrian
53,904.0,0.0,959.0,43.0,5818,0,0,1,Pedestrian
53,904.0,0.0,959.0,43.0,5819,0,0,1,Pedestrian
53,904.0,0.0,959.0,43.0,5820,0,0,1,Pedestrian
53,904.0,0.0,959.0,43.0,5821,0,0,1,Pedestrian
53,904.0,0.0,959.0,43.0,5822,0,0,1,Pedestrian
53,904.0,0.0,959.0,43.0,5823,0,0,1,Pedestrian
53,904.0,0.0,959.0,43.0,5824,0,0,1,Pedestrian
53,904.0,0.0,959.0,43.0,5825,0,0,1,Pedestrian
53,904.0,0.0,959.0,43.0,5826,0,0,1,Pedestrian
53,904.0,0.0,959.0,43.0,5827,0,0,1,Pedestrian
53,904.0,0.0,959.0,43.0,5828,0,0,1,Pedestrian
53,904.0,0.0,959.0,43.0,5829,0,0,1,Pedestrian
53,904.0,0.0,959.0,43.0,5830,0,0,1,Pedestrian
53,904.0,0.0,959.0,43.0,5831,0,0,1,Pedestrian
53,904.0,0.0,959.0,43.0,5832,0,0,1,Pedestrian
53,904.0,0.0,959.0,43.0,5833,0,0,1,Pedestrian
53,904.0,0.0,959.0,43.0,5834,0,0,1,Pedestrian
53,904.0,0.0,959.0,43.0,5835,0,0,1,Pedestrian
53,904.0,0.0,959.0,43.0,5836,0,0,1,Pedestrian
53,904.0,0.0,959.0,43.0,5837,0,0,1,Pedestrian
53,904.0,0.0,959.0,43.0,5838,0,0,1,Pedestrian
53,904.0,0.0,959.0,43.0,5839,0,0,1,Pedestrian
53,904.0,0.0,959.0,43.0,5840,0,0,1,Pedestrian
53,904.0,0.0,959.0,43.0,5841,0,0,1,Pedestrian
53,904.0,0.0,959.0,43.0,5842,0,0,1,Pedestrian
53,904.0,0.0,959.0,43.0,5843,0,0,1,Pedestrian
53,904.0,0.0,959.0,43.0,5844,0,0,1,Pedestrian
53,904.0,0.0,959.0,43.0,5845,0,0,1,Pedestrian
53,904.0,0.0,959.0,43.0,5846,0,0,1,Pedestrian
53,904.0,0.0,959.0,43.0,5847,0,0,1,Pedestrian
53,904.0,0.0,959.0,43.0,5848,0,0,1,Pedestrian
53,904.0,0.0,959.0,43.0,5849,0,0,1,Pedestrian
53,904.0,0.0,959.0,43.0,5850,0,0,1,Pedestrian
53,904.0,0.0,959.0,43.0,5851,0,0,1,Pedestrian
53,904.0,0.0,959.0,43.0,5852,0,0,1,Pedestrian
53,904.0,0.0,959.0,43.0,5853,0,0,1,Pedestrian
53,904.0,0.0,959.0,43.0,5854,0,0,1,Pedestrian
53,904.0,0.0,959.0,43.0,5855,0,0,1,Pedestrian
53,904.0,0.0,959.0,43.0,5856,0,0,1,Pedestrian
53,904.0,0.0,959.0,43.0,5857,0,0,1,Pedestrian
53,904.0,0.0,959.0,43.0,5858,0,0,1,Pedestrian
53,904.0,0.0,959.0,43.0,5859,0,0,1,Pedestrian
53,904.0,0.0,959.0,43.0,5860,0,0,1,Pedestrian
53,904.0,0.0,959.0,43.0,5861,0,0,1,Pedestrian
53,904.0,0.0,959.0,43.0,5862,0,0,1,Pedestrian
53,904.0,0.0,959.0,43.0,5863,0,0,1,Pedestrian
53,904.0,0.0,959.0,43.0,5864,0,0,1,Pedestrian
53,904.0,0.0,959.0,43.0,5865,0,0,1,Pedestrian
53,904.0,0.0,959.0,43.0,5866,0,0,1,Pedestrian
53,904.0,0.0,959.0,43.0,5867,0,0,1,Pedestrian
53,904.0,0.0,959.0,43.0,5868,0,0,1,Pedestrian
53,904.0,0.0,959.0,43.0,5869,0,0,1,Pedestrian
53,904.0,0.0,959.0,43.0,5870,0,0,1,Pedestrian
53,904.0,0.0,959.0,43.0,5871,0,0,1,Pedestrian
53,904.0,0.0,959.0,43.0,5872,0,0,1,Pedestrian
53,904.0,0.0,959.0,43.0,5873,0,0,1,Pedestrian
53,904.0,0.0,959.0,43.0,5874,0,0,1,Pedestrian
53,904.0,0.0,959.0,43.0,5875,0,0,1,Pedestrian
53,904.0,0.0,959.0,43.0,5876,0,0,1,Pedestrian
53,904.0,0.0,959.0,43.0,5877,0,0,1,Pedestrian
53,904.0,0.0,959.0,43.0,5878,0,0,1,Pedestrian
53,904.0,0.0,959.0,43.0,5879,0,0,1,Pedestrian
53,904.0,0.0,959.0,43.0,5880,0,0,1,Pedestrian
53,904.0,0.0,959.0,43.0,5881,0,0,1,Pedestrian
53,904.0,0.0,959.0,43.0,5882,0,0,1,Pedestrian
53,904.0,0.0,959.0,43.0,5883,0,0,1,Pedestrian
53,904.0,0.0,959.0,43.0,5884,0,0,1,Pedestrian
53,904.0,0.0,959.0,43.0,5885,0,0,1,Pedestrian
53,904.0,0.0,959.0,43.0,5886,0,0,1,Pedestrian
53,904.0,0.0,959.0,43.0,5887,0,0,1,Pedestrian
53,904.0,0.0,959.0,43.0,5888,0,0,1,Pedestrian
53,904.0,0.0,959.0,43.0,5889,0,0,1,Pedestrian
53,904.0,0.0,959.0,43.0,5890,0,0,1,Pedestrian
53,904.0,0.0,959.0,43.0,5891,0,0,1,Pedestrian
53,904.0,0.0,959.0,43.0,5892,0,0,1,Pedestrian
53,904.0,0.0,959.0,43.0,5893,0,0,1,Pedestrian
53,904.0,0.0,959.0,43.0,5894,0,0,1,Pedestrian
53,904.0,0.0,959.0,43.0,5895,0,0,1,Pedestrian
53,904.0,0.0,959.0,43.0,5896,0,0,1,Pedestrian
53,904.0,0.0,959.0,43.0,5897,0,0,1,Pedestrian
53,904.0,0.0,959.0,43.0,5898,0,0,1,Pedestrian
53,904.0,0.0,959.0,43.0,5899,0,0,1,Pedestrian
53,904.0,0.0,959.0,43.0,5900,0,0,1,Pedestrian
53,904.0,0.0,959.0,43.0,5901,0,0,1,Pedestrian
53,904.0,0.0,959.0,43.0,5902,0,0,1,Pedestrian
53,904.0,0.0,959.0,43.0,5903,0,0,1,Pedestrian
53,904.0,0.0,959.0,43.0,5904,0,0,1,Pedestrian
53,904.0,0.0,959.0,43.0,5905,0,0,1,Pedestrian
53,904.0,0.0,959.0,43.0,5906,0,0,1,Pedestrian
53,904.0,0.0,959.0,43.0,5907,0,0,1,Pedestrian
53,904.0,0.0,959.0,43.0,5908,0,0,1,Pedestrian
53,904.0,0.0,959.0,43.0,5909,0,0,1,Pedestrian
53,904.0,0.0,959.0,43.0,5910,0,0,1,Pedestrian
53,904.0,0.0,959.0,43.0,5911,0,0,1,Pedestrian
53,904.0,0.0,959.0,43.0,5912,0,0,1,Pedestrian
53,904.0,0.0,959.0,43.0,5913,0,0,1,Pedestrian
53,904.0,0.0,959.0,43.0,5914,0,0,1,Pedestrian
53,904.0,0.0,959.0,43.0,5915,0,0,1,Pedestrian
53,904.0,0.0,959.0,43.0,5916,0,0,1,Pedestrian
53,904.0,0.0,959.0,43.0,5917,0,0,1,Pedestrian
53,904.0,0.0,959.0,43.0,5918,0,0,1,Pedestrian
53,904.0,0.0,959.0,43.0,5919,0,0,1,Pedestrian
53,904.0,0.0,959.0,43.0,5920,0,0,1,Pedestrian
53,904.0,0.0,959.0,43.0,5921,0,0,1,Pedestrian
53,904.0,0.0,959.0,43.0,5922,0,0,1,Pedestrian
53,904.0,0.0,959.0,43.0,5923,0,0,1,Pedestrian
53,904.0,0.0,959.0,43.0,5924,0,0,1,Pedestrian
53,904.0,0.0,959.0,43.0,5925,0,0,1,Pedestrian
53,904.0,0.0,959.0,43.0,5926,0,0,1,Pedestrian
53,904.0,0.0,959.0,43.0,5927,0,0,1,Pedestrian
53,904.0,0.0,959.0,43.0,5928,0,0,1,Pedestrian
53,904.0,0.0,959.0,43.0,5929,0,0,1,Pedestrian
53,904.0,0.0,959.0,43.0,5930,0,0,1,Pedestrian
53,904.0,0.0,959.0,43.0,5931,0,0,1,Pedestrian
53,904.0,0.0,959.0,43.0,5932,0,0,1,Pedestrian
53,904.0,0.0,959.0,43.0,5933,0,0,1,Pedestrian
53,904.0,0.0,959.0,43.0,5934,0,0,1,Pedestrian
53,904.0,0.0,959.0,43.0,5935,0,0,1,Pedestrian
53,904.0,0.0,959.0,43.0,5936,0,0,1,Pedestrian
53,904.0,0.0,959.0,43.0,5937,0,0,1,Pedestrian
53,904.0,0.0,959.0,43.0,5938,0,0,1,Pedestrian
53,904.0,0.0,959.0,43.0,5939,0,0,1,Pedestrian
53,904.0,0.0,959.0,43.0,5940,0,0,1,Pedestrian
53,904.0,0.0,959.0,43.0,5941,0,0,1,Pedestrian
53,904.0,0.0,959.0,43.0,5942,0,0,1,Pedestrian
53,904.0,0.0,959.0,43.0,5943,0,0,1,Pedestrian
53,904.0,0.0,959.0,43.0,5944,0,0,1,Pedestrian
53,904.0,0.0,959.0,43.0,5945,0,0,1,Pedestrian
53,904.0,0.0,959.0,43.0,5946,0,0,1,Pedestrian
53,904.0,0.0,959.0,43.0,5947,0,0,1,Pedestrian
53,904.0,0.0,959.0,43.0,5948,0,0,1,Pedestrian
53,904.0,0.0,959.0,43.0,5949,0,0,1,Pedestrian
53,904.0,0.0,959.0,43.0,5950,0,0,1,Pedestrian
53,904.0,0.0,959.0,43.0,5951,0,0,1,Pedestrian
53,904.0,0.0,959.0,43.0,5952,0,0,1,Pedestrian
53,904.0,0.0,959.0,43.0,5953,0,0,1,Pedestrian
53,904.0,0.0,959.0,43.0,5954,0,0,1,Pedestrian
53,904.0,0.0,959.0,43.0,5955,0,0,1,Pedestrian
53,904.0,0.0,959.0,43.0,5956,0,0,1,Pedestrian
53,904.0,0.0,959.0,43.0,5957,0,0,1,Pedestrian
53,904.0,0.0,959.0,43.0,5958,0,0,1,Pedestrian
53,904.0,0.0,959.0,43.0,5959,0,0,1,Pedestrian
53,904.0,0.0,959.0,43.0,5960,0,0,1,Pedestrian
53,904.0,0.0,959.0,43.0,5961,0,0,1,Pedestrian
53,904.0,0.0,959.0,43.0,5962,0,0,1,Pedestrian
53,904.0,0.0,959.0,43.0,5963,0,0,1,Pedestrian
53,904.0,0.0,959.0,43.0,5964,0,0,1,Pedestrian
53,904.0,0.0,959.0,43.0,5965,0,0,1,Pedestrian
53,904.0,0.0,959.0,43.0,5966,0,0,1,Pedestrian
53,904.0,0.0,959.0,43.0,5967,0,0,1,Pedestrian
53,904.0,0.0,959.0,43.0,5968,0,0,1,Pedestrian
53,904.0,0.0,959.0,43.0,5969,0,0,1,Pedestrian
53,904.0,0.0,959.0,43.0,5970,0,0,1,Pedestrian
53,904.0,0.0,959.0,43.0,5971,0,0,1,Pedestrian
53,904.0,0.0,959.0,43.0,5972,0,0,1,Pedestrian
53,904.0,0.0,959.0,43.0,5973,0,0,1,Pedestrian
53,904.0,0.0,959.0,43.0,5974,0,0,1,Pedestrian
53,904.0,0.0,959.0,43.0,5975,0,0,1,Pedestrian
53,904.0,0.0,959.0,43.0,5976,0,0,1,Pedestrian
53,904.0,0.0,959.0,43.0,5977,0,0,1,Pedestrian
53,904.0,0.0,959.0,43.0,5978,0,0,1,Pedestrian
53,904.0,0.0,959.0,43.0,5979,0,0,1,Pedestrian
53,904.0,0.0,959.0,43.0,5980,0,0,1,Pedestrian
53,904.0,0.0,959.0,43.0,5981,0,0,1,Pedestrian
53,904.0,0.0,959.0,43.0,5982,0,0,1,Pedestrian
53,904.0,0.0,959.0,43.0,5983,0,0,1,Pedestrian
53,904.0,0.0,959.0,43.0,5984,0,0,1,Pedestrian
53,904.0,0.0,959.0,43.0,5985,0,0,1,Pedestrian
53,904.0,0.0,959.0,43.0,5986,0,0,1,Pedestrian
53,904.0,0.0,959.0,43.0,5987,0,0,1,Pedestrian
53,904.0,0.0,959.0,43.0,5988,0,0,1,Pedestrian
53,904.0,0.0,959.0,43.0,5989,0,0,1,Pedestrian
53,904.0,0.0,959.0,43.0,5990,0,0,1,Pedestrian
53,904.0,0.0,959.0,43.0,5991,0,0,1,Pedestrian
53,904.0,0.0,959.0,43.0,5992,0,0,1,Pedestrian
53,904.0,0.0,959.0,43.0,5993,0,0,1,Pedestrian
53,904.0,0.0,959.0,43.0,5994,0,0,1,Pedestrian
53,904.0,0.0,959.0,43.0,5995,0,0,1,Pedestrian
53,904.0,0.0,959.0,43.0,5996,0,0,1,Pedestrian
53,904.0,0.0,959.0,43.0,5997,0,0,1,Pedestrian
53,904.0,0.0,959.0,43.0,5998,0,0,1,Pedestrian
53,904.0,0.0,959.0,43.0,5999,0,0,1,Pedestrian
53,904.0,0.0,959.0,43.0,6000,0,0,1,Pedestrian
53,904.0,0.0,959.0,43.0,6001,0,0,1,Pedestrian
53,904.0,0.0,959.0,43.0,6002,0,0,1,Pedestrian
53,904.0,0.0,959.0,43.0,6003,0,0,1,Pedestrian
53,904.0,0.0,959.0,43.0,6004,0,0,1,Pedestrian
53,904.0,0.0,959.0,43.0,6005,0,0,1,Pedestrian
53,904.0,0.0,959.0,43.0,6006,0,0,1,Pedestrian
53,904.0,0.0,959.0,43.0,6007,0,0,1,Pedestrian
53,904.0,0.0,959.0,43.0,6008,0,0,1,Pedestrian
53,904.0,0.0,959.0,43.0,6009,0,0,1,Pedestrian
53,904.0,0.0,959.0,43.0,6010,0,0,1,Pedestrian
53,904.0,0.0,959.0,43.0,6011,0,0,1,Pedestrian
53,904.0,0.0,959.0,43.0,6012,0,0,1,Pedestrian
53,904.0,0.0,959.0,43.0,6013,0,0,1,Pedestrian
53,904.0,0.0,959.0,43.0,6014,0,0,1,Pedestrian
53,904.0,0.0,959.0,43.0,6015,0,0,1,Pedestrian
53,904.0,0.0,959.0,43.0,6016,0,0,1,Pedestrian
53,904.0,0.0,959.0,43.0,6017,0,0,1,Pedestrian
53,904.0,0.0,959.0,43.0,6018,0,0,1,Pedestrian
53,904.0,0.0,959.0,43.0,6019,0,0,1,Pedestrian
53,904.0,0.0,959.0,43.0,6020,0,0,1,Pedestrian
53,904.0,0.0,959.0,43.0,6021,0,0,1,Pedestrian
53,904.0,0.0,959.0,43.0,6022,0,0,1,Pedestrian
53,904.0,0.0,959.0,43.0,6023,0,0,1,Pedestrian
53,904.0,0.0,959.0,43.0,6024,0,0,1,Pedestrian
53,904.0,0.0,959.0,43.0,6025,0,0,1,Pedestrian
53,904.0,0.0,959.0,43.0,6026,0,0,1,Pedestrian
53,904.0,0.0,959.0,43.0,6027,0,0,1,Pedestrian
53,904.0,0.0,959.0,43.0,6028,0,0,1,Pedestrian
53,904.0,0.0,959.0,43.0,6029,0,0,1,Pedestrian
53,904.0,0.0,959.0,43.0,6030,0,0,1,Pedestrian
53,904.0,0.0,959.0,43.0,6031,0,0,0,Pedestrian
54,1903.0,853.0,1949.0,890.0,2000,1,0,0,Pedestrian
54,1903.0,853.0,1949.0,890.0,2001,1,0,1,Pedestrian
54,1903.0,853.0,1949.0,890.0,2002,1,0,1,Pedestrian
54,1903.0,853.0,1949.0,890.0,2003,1,0,1,Pedestrian
54,1903.0,853.0,1949.0,890.0,2004,1,0,1,Pedestrian
54,1903.0,853.0,1949.0,890.0,2005,1,0,1,Pedestrian
54,1903.0,853.0,1949.0,890.0,2006,1,0,1,Pedestrian
54,1903.0,853.0,1949.0,890.0,2007,1,0,1,Pedestrian
54,1903.0,853.0,1949.0,890.0,2008,1,0,1,Pedestrian
54,1903.0,853.0,1949.0,890.0,2009,1,0,1,Pedestrian
54,1903.0,853.0,1949.0,890.0,2010,1,0,1,Pedestrian
54,1903.0,853.0,1949.0,890.0,2011,1,0,1,Pedestrian
54,1903.0,853.0,1949.0,890.0,2012,1,0,1,Pedestrian
54,1903.0,853.0,1949.0,890.0,2013,1,0,1,Pedestrian
54,1903.0,853.0,1949.0,890.0,2014,1,0,1,Pedestrian
54,1903.0,853.0,1949.0,890.0,2015,1,0,1,Pedestrian
54,1903.0,853.0,1949.0,890.0,2016,1,0,1,Pedestrian
54,1903.0,853.0,1949.0,890.0,2017,1,0,1,Pedestrian
54,1903.0,853.0,1949.0,890.0,2018,1,0,1,Pedestrian
54,1903.0,853.0,1949.0,890.0,2019,1,0,1,Pedestrian
54,1903.0,853.0,1949.0,890.0,2020,1,0,1,Pedestrian
54,1903.0,853.0,1949.0,890.0,2021,1,0,1,Pedestrian
54,1903.0,853.0,1949.0,890.0,2022,1,0,1,Pedestrian
54,1903.0,853.0,1949.0,890.0,2023,1,0,1,Pedestrian
54,1903.0,853.0,1949.0,890.0,2024,1,0,1,Pedestrian
54,1903.0,853.0,1949.0,890.0,2025,1,0,1,Pedestrian
54,1903.0,853.0,1949.0,890.0,2026,1,0,1,Pedestrian
54,1903.0,853.0,1949.0,890.0,2027,1,0,1,Pedestrian
54,1903.0,853.0,1949.0,890.0,2028,1,0,1,Pedestrian
54,1903.0,853.0,1949.0,890.0,2029,1,0,1,Pedestrian
54,1903.0,853.0,1949.0,890.0,2030,1,0,1,Pedestrian
54,1903.0,853.0,1949.0,890.0,2031,1,0,1,Pedestrian
54,1903.0,853.0,1949.0,890.0,2032,1,0,1,Pedestrian
54,1903.0,853.0,1949.0,890.0,2033,1,0,1,Pedestrian
54,1903.0,853.0,1949.0,890.0,2034,1,0,1,Pedestrian
54,1903.0,853.0,1949.0,890.0,2035,1,0,1,Pedestrian
54,1903.0,853.0,1949.0,890.0,2036,1,0,1,Pedestrian
54,1903.0,853.0,1949.0,890.0,2037,1,0,1,Pedestrian
54,1903.0,853.0,1949.0,890.0,2038,1,0,1,Pedestrian
54,1903.0,853.0,1949.0,890.0,2039,1,0,1,Pedestrian
54,1903.0,853.0,1949.0,890.0,2040,1,0,1,Pedestrian
54,1903.0,853.0,1949.0,890.0,2041,1,0,1,Pedestrian
54,1903.0,853.0,1949.0,890.0,2042,1,0,1,Pedestrian
54,1903.0,853.0,1949.0,890.0,2043,1,0,1,Pedestrian
54,1903.0,853.0,1949.0,890.0,2044,1,0,1,Pedestrian
54,1903.0,853.0,1949.0,890.0,2045,1,0,1,Pedestrian
54,1903.0,853.0,1949.0,890.0,2046,1,0,1,Pedestrian
54,1903.0,853.0,1949.0,890.0,2047,1,0,1,Pedestrian
54,1903.0,853.0,1949.0,890.0,2048,1,0,1,Pedestrian
54,1903.0,853.0,1949.0,890.0,2049,1,0,1,Pedestrian
54,1903.0,853.0,1949.0,890.0,2050,1,0,1,Pedestrian
54,1903.0,853.0,1949.0,890.0,2051,1,0,1,Pedestrian
54,1903.0,853.0,1949.0,890.0,2052,1,0,1,Pedestrian
54,1903.0,853.0,1949.0,890.0,2053,1,0,1,Pedestrian
54,1903.0,853.0,1949.0,890.0,2054,1,0,1,Pedestrian
54,1903.0,853.0,1949.0,890.0,2055,1,0,1,Pedestrian
54,1903.0,853.0,1952.0,890.0,2056,1,0,1,Pedestrian
54,1903.0,853.0,1952.0,890.0,2057,1,0,1,Pedestrian
54,1903.0,853.0,1952.0,890.0,2058,1,0,1,Pedestrian
54,1903.0,853.0,1952.0,890.0,2059,1,0,1,Pedestrian
54,1903.0,853.0,1952.0,890.0,2060,1,0,1,Pedestrian
54,1903.0,853.0,1952.0,890.0,2061,1,0,1,Pedestrian
54,1903.0,853.0,1952.0,890.0,2062,1,0,1,Pedestrian
54,1905.0,853.0,1952.0,890.0,2063,1,0,1,Pedestrian
54,1905.0,853.0,1952.0,890.0,2064,1,0,1,Pedestrian
54,1905.0,853.0,1952.0,890.0,2065,1,0,1,Pedestrian
54,1905.0,853.0,1952.0,890.0,2066,1,0,1,Pedestrian
54,1905.0,853.0,1952.0,890.0,2067,1,0,1,Pedestrian
54,1905.0,853.0,1952.0,890.0,2068,1,0,1,Pedestrian
54,1905.0,853.0,1952.0,890.0,2069,1,0,1,Pedestrian
54,1905.0,853.0,1952.0,890.0,2070,1,0,1,Pedestrian
54,1905.0,853.0,1952.0,890.0,2071,1,0,1,Pedestrian
54,1905.0,853.0,1952.0,890.0,2072,1,0,1,Pedestrian
54,1905.0,853.0,1952.0,890.0,2073,1,0,1,Pedestrian
54,1905.0,853.0,1952.0,890.0,2074,1,0,1,Pedestrian
54,1905.0,853.0,1952.0,890.0,2075,1,0,1,Pedestrian
54,1905.0,853.0,1952.0,890.0,2076,1,0,1,Pedestrian
54,1905.0,853.0,1952.0,890.0,2077,1,0,1,Pedestrian
54,1905.0,853.0,1952.0,890.0,2078,1,0,1,Pedestrian
54,1905.0,853.0,1952.0,890.0,2079,1,0,1,Pedestrian
54,1905.0,853.0,1952.0,890.0,2080,1,0,1,Pedestrian
54,1905.0,853.0,1952.0,890.0,2081,1,0,1,Pedestrian
54,1905.0,853.0,1952.0,890.0,2082,1,0,1,Pedestrian
54,1905.0,853.0,1952.0,890.0,2083,1,0,1,Pedestrian
54,1905.0,853.0,1952.0,890.0,2084,1,0,1,Pedestrian
54,1905.0,853.0,1952.0,890.0,2085,1,0,1,Pedestrian
54,1905.0,853.0,1952.0,890.0,2086,1,0,1,Pedestrian
54,1905.0,853.0,1952.0,890.0,2087,1,0,1,Pedestrian
54,1905.0,853.0,1952.0,890.0,2088,1,0,1,Pedestrian
54,1905.0,853.0,1952.0,890.0,2089,1,0,1,Pedestrian
54,1905.0,853.0,1952.0,890.0,2090,1,0,1,Pedestrian
54,1905.0,853.0,1952.0,890.0,2091,1,0,1,Pedestrian
54,1905.0,853.0,1952.0,890.0,2092,1,0,1,Pedestrian
54,1905.0,853.0,1952.0,890.0,2093,1,0,1,Pedestrian
54,1905.0,853.0,1952.0,890.0,2094,1,0,1,Pedestrian
54,1905.0,853.0,1952.0,890.0,2095,1,0,1,Pedestrian
54,1905.0,853.0,1952.0,890.0,2096,1,0,1,Pedestrian
54,1905.0,853.0,1952.0,890.0,2097,1,0,1,Pedestrian
54,1905.0,853.0,1952.0,890.0,2098,1,0,1,Pedestrian
54,1905.0,853.0,1952.0,890.0,2099,1,0,1,Pedestrian
54,1905.0,853.0,1952.0,890.0,2100,1,0,1,Pedestrian
54,1905.0,853.0,1952.0,890.0,2101,1,0,1,Pedestrian
54,1905.0,853.0,1952.0,890.0,2102,1,0,1,Pedestrian
54,1905.0,853.0,1952.0,890.0,2103,1,0,1,Pedestrian
54,1905.0,853.0,1952.0,890.0,2104,1,0,1,Pedestrian
54,1905.0,853.0,1952.0,890.0,2105,1,0,1,Pedestrian
54,1905.0,853.0,1952.0,890.0,2106,1,0,1,Pedestrian
54,1905.0,853.0,1952.0,890.0,2107,1,0,1,Pedestrian
54,1905.0,853.0,1952.0,890.0,2108,1,0,1,Pedestrian
54,1905.0,853.0,1952.0,890.0,2109,1,0,1,Pedestrian
54,1905.0,853.0,1952.0,890.0,2110,1,0,1,Pedestrian
54,1905.0,853.0,1952.0,890.0,2111,1,0,1,Pedestrian
54,1905.0,853.0,1955.0,890.0,2112,1,0,1,Pedestrian
54,1905.0,853.0,1955.0,890.0,2113,1,0,1,Pedestrian
54,1905.0,853.0,1955.0,890.0,2114,1,0,1,Pedestrian
54,1905.0,853.0,1955.0,890.0,2115,1,0,1,Pedestrian
54,1905.0,853.0,1955.0,890.0,2116,1,0,1,Pedestrian
54,1905.0,853.0,1955.0,890.0,2117,1,0,1,Pedestrian
54,1905.0,853.0,1955.0,890.0,2118,1,0,1,Pedestrian
54,1905.0,853.0,1955.0,890.0,2119,1,0,1,Pedestrian
54,1905.0,853.0,1955.0,890.0,2120,1,0,1,Pedestrian
54,1905.0,853.0,1955.0,890.0,2121,1,0,1,Pedestrian
54,1905.0,853.0,1955.0,890.0,2122,1,0,1,Pedestrian
54,1905.0,853.0,1955.0,890.0,2123,1,0,1,Pedestrian
54,1905.0,853.0,1955.0,890.0,2124,1,0,1,Pedestrian
54,1908.0,856.0,1955.0,890.0,2125,1,0,1,Pedestrian
54,1908.0,856.0,1955.0,890.0,2126,1,0,1,Pedestrian
54,1908.0,856.0,1955.0,890.0,2127,1,0,1,Pedestrian
54,1908.0,856.0,1955.0,890.0,2128,1,0,1,Pedestrian
54,1908.0,856.0,1955.0,890.0,2129,1,0,1,Pedestrian
54,1908.0,856.0,1955.0,890.0,2130,1,0,1,Pedestrian
54,1908.0,856.0,1955.0,890.0,2131,1,0,1,Pedestrian
54,1908.0,856.0,1955.0,890.0,2132,1,0,1,Pedestrian
54,1908.0,856.0,1955.0,890.0,2133,1,0,1,Pedestrian
54,1908.0,856.0,1955.0,890.0,2134,1,0,1,Pedestrian
54,1908.0,856.0,1955.0,890.0,2135,1,0,1,Pedestrian
54,1908.0,856.0,1955.0,890.0,2136,1,0,1,Pedestrian
54,1908.0,856.0,1955.0,890.0,2137,1,0,1,Pedestrian
54,1908.0,856.0,1955.0,890.0,2138,1,0,1,Pedestrian
54,1908.0,856.0,1955.0,890.0,2139,1,0,1,Pedestrian
54,1908.0,856.0,1955.0,890.0,2140,1,0,1,Pedestrian
54,1908.0,856.0,1955.0,890.0,2141,1,0,1,Pedestrian
54,1908.0,856.0,1955.0,890.0,2142,1,0,1,Pedestrian
54,1908.0,856.0,1955.0,890.0,2143,1,0,1,Pedestrian
54,1908.0,856.0,1955.0,890.0,2144,1,0,1,Pedestrian
54,1908.0,856.0,1955.0,890.0,2145,1,0,1,Pedestrian
54,1908.0,856.0,1955.0,890.0,2146,1,0,1,Pedestrian
54,1908.0,856.0,1955.0,890.0,2147,1,0,1,Pedestrian
54,1908.0,856.0,1955.0,890.0,2148,1,0,1,Pedestrian
54,1908.0,856.0,1955.0,890.0,2149,1,0,1,Pedestrian
54,1908.0,856.0,1955.0,890.0,2150,1,0,1,Pedestrian
54,1908.0,856.0,1955.0,890.0,2151,1,0,1,Pedestrian
54,1908.0,856.0,1955.0,890.0,2152,1,0,1,Pedestrian
54,1908.0,856.0,1955.0,890.0,2153,1,0,1,Pedestrian
54,1908.0,856.0,1955.0,890.0,2154,1,0,1,Pedestrian
54,1908.0,856.0,1955.0,890.0,2155,1,0,1,Pedestrian
54,1908.0,856.0,1955.0,890.0,2156,1,0,1,Pedestrian
54,1908.0,856.0,1955.0,890.0,2157,1,0,1,Pedestrian
54,1908.0,856.0,1955.0,890.0,2158,1,0,1,Pedestrian
54,1908.0,856.0,1955.0,890.0,2159,1,0,1,Pedestrian
54,1908.0,856.0,1955.0,890.0,2160,1,0,1,Pedestrian
54,1908.0,856.0,1955.0,890.0,2161,1,0,1,Pedestrian
54,1908.0,856.0,1955.0,890.0,2162,1,0,1,Pedestrian
54,1908.0,856.0,1955.0,890.0,2163,1,0,1,Pedestrian
54,1908.0,856.0,1955.0,890.0,2164,1,0,1,Pedestrian
54,1908.0,856.0,1955.0,890.0,2165,1,0,1,Pedestrian
54,1908.0,856.0,1955.0,890.0,2166,1,0,1,Pedestrian
54,1908.0,856.0,1958.0,890.0,2167,1,0,1,Pedestrian
54,1908.0,856.0,1958.0,890.0,2168,1,0,1,Pedestrian
54,1908.0,856.0,1958.0,890.0,2169,1,0,1,Pedestrian
54,1908.0,856.0,1958.0,890.0,2170,1,0,1,Pedestrian
54,1908.0,856.0,1958.0,890.0,2171,1,0,1,Pedestrian
54,1908.0,856.0,1958.0,890.0,2172,1,0,1,Pedestrian
54,1908.0,856.0,1958.0,890.0,2173,1,0,1,Pedestrian
54,1908.0,856.0,1958.0,890.0,2174,1,0,1,Pedestrian
54,1908.0,856.0,1958.0,890.0,2175,1,0,1,Pedestrian
54,1908.0,856.0,1958.0,890.0,2176,1,0,1,Pedestrian
54,1908.0,856.0,1958.0,890.0,2177,1,0,1,Pedestrian
54,1908.0,856.0,1958.0,890.0,2178,1,0,1,Pedestrian
54,1908.0,856.0,1958.0,890.0,2179,1,0,1,Pedestrian
54,1908.0,856.0,1958.0,890.0,2180,1,0,1,Pedestrian
54,1908.0,856.0,1958.0,890.0,2181,1,0,1,Pedestrian
54,1908.0,856.0,1958.0,890.0,2182,1,0,1,Pedestrian
54,1908.0,856.0,1958.0,890.0,2183,1,0,1,Pedestrian
54,1908.0,856.0,1958.0,890.0,2184,1,0,1,Pedestrian
54,1908.0,856.0,1958.0,890.0,2185,1,0,1,Pedestrian
54,1908.0,856.0,1958.0,890.0,2186,1,0,1,Pedestrian
54,1908.0,856.0,1958.0,890.0,2187,1,0,1,Pedestrian
54,1911.0,856.0,1958.0,890.0,2188,1,0,1,Pedestrian
54,1911.0,856.0,1958.0,890.0,2189,1,0,1,Pedestrian
54,1911.0,856.0,1958.0,890.0,2190,1,0,1,Pedestrian
54,1911.0,856.0,1958.0,890.0,2191,1,0,1,Pedestrian
54,1911.0,856.0,1958.0,890.0,2192,1,0,1,Pedestrian
54,1911.0,856.0,1958.0,890.0,2193,1,0,1,Pedestrian
54,1911.0,856.0,1958.0,890.0,2194,1,0,1,Pedestrian
54,1911.0,856.0,1958.0,890.0,2195,1,0,1,Pedestrian
54,1911.0,856.0,1958.0,890.0,2196,1,0,1,Pedestrian
54,1911.0,856.0,1958.0,890.0,2197,1,0,1,Pedestrian
54,1911.0,856.0,1958.0,890.0,2198,1,0,1,Pedestrian
54,1911.0,856.0,1958.0,890.0,2199,1,0,1,Pedestrian
54,1911.0,856.0,1958.0,890.0,2200,1,0,1,Pedestrian
54,1911.0,856.0,1958.0,890.0,2201,1,0,1,Pedestrian
54,1911.0,856.0,1958.0,890.0,2202,1,0,1,Pedestrian
54,1911.0,856.0,1958.0,890.0,2203,1,0,1,Pedestrian
54,1911.0,856.0,1958.0,890.0,2204,1,0,1,Pedestrian
54,1911.0,856.0,1958.0,890.0,2205,1,0,1,Pedestrian
54,1911.0,856.0,1958.0,890.0,2206,1,0,1,Pedestrian
54,1911.0,856.0,1958.0,890.0,2207,1,0,1,Pedestrian
54,1911.0,856.0,1958.0,890.0,2208,1,0,1,Pedestrian
54,1911.0,856.0,1958.0,890.0,2209,1,0,1,Pedestrian
54,1911.0,856.0,1958.0,890.0,2210,1,0,1,Pedestrian
54,1911.0,856.0,1958.0,890.0,2211,1,0,1,Pedestrian
54,1911.0,856.0,1958.0,890.0,2212,1,0,1,Pedestrian
54,1911.0,856.0,1958.0,890.0,2213,1,0,1,Pedestrian
54,1911.0,856.0,1958.0,890.0,2214,1,0,1,Pedestrian
54,1911.0,856.0,1958.0,890.0,2215,1,0,1,Pedestrian
54,1911.0,856.0,1958.0,890.0,2216,1,0,1,Pedestrian
54,1911.0,856.0,1958.0,890.0,2217,1,0,1,Pedestrian
54,1911.0,856.0,1958.0,890.0,2218,1,0,1,Pedestrian
54,1911.0,856.0,1958.0,890.0,2219,1,0,1,Pedestrian
54,1911.0,856.0,1958.0,890.0,2220,1,0,1,Pedestrian
54,1911.0,856.0,1958.0,890.0,2221,1,0,1,Pedestrian
54,1911.0,856.0,1958.0,890.0,2222,1,0,1,Pedestrian
54,1911.0,856.0,1960.0,890.0,2223,1,0,1,Pedestrian
54,1911.0,856.0,1960.0,890.0,2224,1,0,1,Pedestrian
54,1911.0,856.0,1960.0,890.0,2225,1,0,1,Pedestrian
54,1911.0,856.0,1960.0,890.0,2226,1,0,1,Pedestrian
54,1911.0,856.0,1960.0,890.0,2227,1,0,1,Pedestrian
54,1911.0,856.0,1960.0,890.0,2228,1,0,1,Pedestrian
54,1911.0,856.0,1960.0,890.0,2229,1,0,1,Pedestrian
54,1911.0,856.0,1960.0,890.0,2230,1,0,1,Pedestrian
54,1911.0,856.0,1960.0,890.0,2231,1,0,1,Pedestrian
54,1911.0,856.0,1960.0,890.0,2232,1,0,1,Pedestrian
54,1911.0,856.0,1960.0,890.0,2233,1,0,1,Pedestrian
54,1911.0,856.0,1960.0,890.0,2234,1,0,1,Pedestrian
54,1911.0,856.0,1960.0,890.0,2235,1,0,1,Pedestrian
54,1911.0,856.0,1960.0,890.0,2236,1,0,1,Pedestrian
54,1911.0,856.0,1960.0,890.0,2237,1,0,1,Pedestrian
54,1911.0,856.0,1960.0,890.0,2238,1,0,1,Pedestrian
54,1911.0,856.0,1960.0,890.0,2239,1,0,1,Pedestrian
54,1911.0,856.0,1960.0,890.0,2240,1,0,1,Pedestrian
54,1911.0,856.0,1960.0,890.0,2241,1,0,1,Pedestrian
54,1911.0,856.0,1960.0,890.0,2242,1,0,1,Pedestrian
54,1911.0,856.0,1960.0,890.0,2243,1,0,1,Pedestrian
54,1911.0,856.0,1960.0,890.0,2244,1,0,1,Pedestrian
54,1911.0,856.0,1960.0,890.0,2245,1,0,1,Pedestrian
54,1911.0,856.0,1960.0,890.0,2246,1,0,1,Pedestrian
54,1911.0,856.0,1960.0,890.0,2247,1,0,1,Pedestrian
54,1911.0,856.0,1960.0,890.0,2248,1,0,1,Pedestrian
54,1911.0,856.0,1960.0,890.0,2249,1,0,1,Pedestrian
54,1914.0,858.0,1960.0,892.0,2250,1,0,1,Pedestrian
54,1914.0,858.0,1960.0,892.0,2251,1,0,1,Pedestrian
54,1914.0,858.0,1960.0,892.0,2252,1,0,1,Pedestrian
54,1914.0,858.0,1960.0,892.0,2253,1,0,1,Pedestrian
54,1914.0,858.0,1960.0,892.0,2254,1,0,1,Pedestrian
54,1914.0,858.0,1960.0,892.0,2255,1,0,1,Pedestrian
54,1914.0,858.0,1960.0,892.0,2256,1,0,1,Pedestrian
54,1914.0,858.0,1960.0,892.0,2257,1,0,1,Pedestrian
54,1914.0,858.0,1960.0,892.0,2258,1,0,1,Pedestrian
54,1914.0,858.0,1960.0,892.0,2259,1,0,1,Pedestrian
54,1914.0,858.0,1960.0,892.0,2260,1,0,1,Pedestrian
54,1914.0,858.0,1960.0,892.0,2261,1,0,1,Pedestrian
54,1914.0,858.0,1960.0,892.0,2262,1,0,1,Pedestrian
54,1914.0,858.0,1960.0,892.0,2263,1,0,1,Pedestrian
54,1914.0,858.0,1960.0,892.0,2264,1,0,1,Pedestrian
54,1914.0,858.0,1960.0,892.0,2265,1,0,1,Pedestrian
54,1914.0,858.0,1960.0,892.0,2266,1,0,1,Pedestrian
54,1914.0,858.0,1960.0,892.0,2267,1,0,1,Pedestrian
54,1914.0,858.0,1960.0,892.0,2268,1,0,1,Pedestrian
54,1914.0,858.0,1960.0,892.0,2269,1,0,1,Pedestrian
54,1914.0,858.0,1960.0,892.0,2270,1,0,1,Pedestrian
54,1914.0,858.0,1960.0,892.0,2271,1,0,1,Pedestrian
54,1914.0,858.0,1960.0,892.0,2272,1,0,1,Pedestrian
54,1914.0,858.0,1960.0,892.0,2273,1,0,1,Pedestrian
54,1914.0,858.0,1960.0,892.0,2274,1,0,1,Pedestrian
54,1914.0,858.0,1960.0,892.0,2275,1,0,1,Pedestrian
54,1914.0,858.0,1960.0,892.0,2276,1,0,1,Pedestrian
54,1914.0,858.0,1960.0,892.0,2277,1,0,1,Pedestrian
54,1914.0,858.0,1963.0,892.0,2278,1,0,1,Pedestrian
54,1914.0,858.0,1963.0,892.0,2279,1,0,1,Pedestrian
54,1914.0,858.0,1963.0,892.0,2280,1,0,1,Pedestrian
54,1914.0,858.0,1963.0,892.0,2281,1,0,1,Pedestrian
54,1914.0,858.0,1963.0,892.0,2282,1,0,1,Pedestrian
54,1914.0,858.0,1963.0,892.0,2283,1,0,1,Pedestrian
54,1914.0,858.0,1963.0,892.0,2284,1,0,1,Pedestrian
54,1914.0,858.0,1963.0,892.0,2285,1,0,1,Pedestrian
54,1914.0,858.0,1963.0,892.0,2286,1,0,1,Pedestrian
54,1914.0,858.0,1963.0,892.0,2287,1,0,1,Pedestrian
54,1914.0,858.0,1963.0,892.0,2288,1,0,1,Pedestrian
54,1914.0,858.0,1963.0,892.0,2289,1,0,1,Pedestrian
54,1914.0,858.0,1963.0,892.0,2290,1,0,1,Pedestrian
54,1914.0,858.0,1963.0,892.0,2291,1,0,1,Pedestrian
54,1914.0,858.0,1963.0,892.0,2292,1,0,1,Pedestrian
54,1914.0,858.0,1963.0,892.0,2293,1,0,1,Pedestrian
54,1914.0,858.0,1963.0,892.0,2294,1,0,1,Pedestrian
54,1914.0,858.0,1963.0,892.0,2295,1,0,1,Pedestrian
54,1914.0,858.0,1963.0,892.0,2296,1,0,1,Pedestrian
54,1914.0,858.0,1963.0,892.0,2297,1,0,1,Pedestrian
54,1914.0,858.0,1963.0,892.0,2298,1,0,1,Pedestrian
54,1914.0,858.0,1963.0,892.0,2299,1,0,1,Pedestrian
54,1914.0,858.0,1963.0,892.0,2300,1,0,1,Pedestrian
54,1914.0,858.0,1963.0,892.0,2301,1,0,1,Pedestrian
54,1914.0,858.0,1963.0,892.0,2302,1,0,1,Pedestrian
54,1914.0,858.0,1963.0,892.0,2303,1,0,1,Pedestrian
54,1914.0,858.0,1963.0,892.0,2304,1,0,1,Pedestrian
54,1914.0,858.0,1963.0,892.0,2305,1,0,1,Pedestrian
54,1914.0,858.0,1963.0,892.0,2306,1,0,1,Pedestrian
54,1914.0,858.0,1963.0,892.0,2307,1,0,1,Pedestrian
54,1914.0,858.0,1963.0,892.0,2308,1,0,1,Pedestrian
54,1914.0,858.0,1963.0,892.0,2309,1,0,1,Pedestrian
54,1914.0,858.0,1963.0,892.0,2310,1,0,1,Pedestrian
54,1914.0,858.0,1963.0,892.0,2311,1,0,1,Pedestrian
54,1914.0,858.0,1963.0,892.0,2312,1,0,1,Pedestrian
54,1916.0,858.0,1963.0,892.0,2313,1,0,1,Pedestrian
54,1916.0,858.0,1963.0,892.0,2314,1,0,1,Pedestrian
54,1916.0,858.0,1963.0,892.0,2315,1,0,1,Pedestrian
54,1916.0,858.0,1963.0,892.0,2316,1,0,1,Pedestrian
54,1916.0,858.0,1963.0,892.0,2317,1,0,1,Pedestrian
54,1916.0,858.0,1963.0,892.0,2318,1,0,1,Pedestrian
54,1916.0,858.0,1963.0,892.0,2319,1,0,1,Pedestrian
54,1916.0,858.0,1963.0,892.0,2320,1,0,1,Pedestrian
54,1916.0,858.0,1963.0,892.0,2321,1,0,1,Pedestrian
54,1916.0,858.0,1963.0,892.0,2322,1,0,1,Pedestrian
54,1916.0,858.0,1963.0,892.0,2323,1,0,1,Pedestrian
54,1916.0,858.0,1963.0,892.0,2324,1,0,1,Pedestrian
54,1916.0,858.0,1963.0,892.0,2325,1,0,1,Pedestrian
54,1916.0,858.0,1963.0,892.0,2326,1,0,1,Pedestrian
54,1916.0,858.0,1963.0,892.0,2327,1,0,1,Pedestrian
54,1916.0,858.0,1963.0,892.0,2328,1,0,1,Pedestrian
54,1916.0,858.0,1963.0,892.0,2329,1,0,1,Pedestrian
54,1916.0,858.0,1963.0,892.0,2330,1,0,1,Pedestrian
54,1916.0,858.0,1963.0,892.0,2331,1,0,1,Pedestrian
54,1916.0,858.0,1963.0,892.0,2332,1,0,1,Pedestrian
54,1916.0,858.0,1963.0,892.0,2333,1,0,1,Pedestrian
54,1916.0,858.0,1966.0,892.0,2334,1,0,1,Pedestrian
54,1916.0,858.0,1966.0,892.0,2335,1,0,1,Pedestrian
54,1916.0,858.0,1966.0,892.0,2336,1,0,1,Pedestrian
54,1916.0,858.0,1966.0,892.0,2337,1,0,1,Pedestrian
54,1916.0,858.0,1966.0,892.0,2338,1,0,1,Pedestrian
54,1916.0,858.0,1966.0,892.0,2339,1,0,1,Pedestrian
54,1916.0,858.0,1966.0,892.0,2340,1,0,1,Pedestrian
54,1916.0,858.0,1966.0,892.0,2341,1,0,1,Pedestrian
54,1916.0,858.0,1966.0,892.0,2342,1,0,1,Pedestrian
54,1916.0,858.0,1966.0,892.0,2343,1,0,1,Pedestrian
54,1916.0,858.0,1966.0,892.0,2344,1,0,1,Pedestrian
54,1916.0,858.0,1966.0,892.0,2345,1,0,1,Pedestrian
54,1916.0,858.0,1966.0,892.0,2346,1,0,1,Pedestrian
54,1916.0,858.0,1966.0,892.0,2347,1,0,1,Pedestrian
54,1916.0,858.0,1966.0,892.0,2348,1,0,1,Pedestrian
54,1916.0,858.0,1966.0,892.0,2349,1,0,1,Pedestrian
54,1916.0,858.0,1966.0,892.0,2350,1,0,1,Pedestrian
54,1916.0,858.0,1966.0,892.0,2351,1,0,1,Pedestrian
54,1916.0,858.0,1966.0,892.0,2352,1,0,1,Pedestrian
54,1916.0,858.0,1966.0,892.0,2353,1,0,1,Pedestrian
54,1916.0,858.0,1966.0,892.0,2354,1,0,1,Pedestrian
54,1916.0,858.0,1966.0,892.0,2355,1,0,1,Pedestrian
54,1916.0,858.0,1966.0,892.0,2356,1,0,1,Pedestrian
54,1916.0,858.0,1966.0,892.0,2357,1,0,1,Pedestrian
54,1916.0,858.0,1966.0,892.0,2358,1,0,1,Pedestrian
54,1916.0,858.0,1966.0,892.0,2359,1,0,1,Pedestrian
54,1916.0,858.0,1966.0,892.0,2360,1,0,1,Pedestrian
54,1916.0,858.0,1966.0,892.0,2361,1,0,1,Pedestrian
54,1916.0,858.0,1966.0,892.0,2362,1,0,1,Pedestrian
54,1916.0,858.0,1966.0,892.0,2363,1,0,1,Pedestrian
54,1916.0,858.0,1966.0,892.0,2364,1,0,1,Pedestrian
54,1916.0,858.0,1966.0,892.0,2365,1,0,1,Pedestrian
54,1916.0,858.0,1966.0,892.0,2366,1,0,1,Pedestrian
54,1916.0,858.0,1966.0,892.0,2367,1,0,1,Pedestrian
54,1916.0,858.0,1966.0,892.0,2368,1,0,1,Pedestrian
54,1916.0,858.0,1966.0,892.0,2369,1,0,1,Pedestrian
54,1916.0,858.0,1966.0,892.0,2370,1,0,1,Pedestrian
54,1916.0,858.0,1966.0,892.0,2371,1,0,1,Pedestrian
54,1916.0,858.0,1966.0,892.0,2372,1,0,1,Pedestrian
54,1916.0,858.0,1966.0,892.0,2373,1,0,1,Pedestrian
54,1916.0,858.0,1966.0,892.0,2374,1,0,1,Pedestrian
54,1919.0,860.0,1966.0,892.0,2375,1,0,1,Pedestrian
54,1919.0,860.0,1966.0,892.0,2376,1,0,1,Pedestrian
54,1919.0,860.0,1966.0,892.0,2377,1,0,1,Pedestrian
54,1919.0,860.0,1966.0,892.0,2378,1,0,1,Pedestrian
54,1919.0,860.0,1966.0,892.0,2379,1,0,1,Pedestrian
54,1919.0,860.0,1966.0,892.0,2380,1,0,1,Pedestrian
54,1919.0,860.0,1966.0,892.0,2381,1,0,1,Pedestrian
54,1919.0,860.0,1966.0,892.0,2382,1,0,1,Pedestrian
54,1919.0,860.0,1966.0,892.0,2383,1,0,1,Pedestrian
54,1919.0,860.0,1966.0,892.0,2384,1,0,1,Pedestrian
54,1919.0,860.0,1966.0,892.0,2385,1,0,1,Pedestrian
54,1919.0,860.0,1966.0,892.0,2386,1,0,1,Pedestrian
54,1919.0,860.0,1966.0,892.0,2387,1,0,1,Pedestrian
54,1919.0,860.0,1966.0,892.0,2388,1,0,1,Pedestrian
54,1919.0,860.0,1969.0,892.0,2389,1,0,1,Pedestrian
54,1919.0,860.0,1969.0,892.0,2390,1,0,1,Pedestrian
54,1919.0,860.0,1969.0,892.0,2391,1,0,1,Pedestrian
54,1919.0,860.0,1969.0,892.0,2392,1,0,1,Pedestrian
54,1919.0,860.0,1969.0,892.0,2393,1,0,1,Pedestrian
54,1919.0,860.0,1969.0,892.0,2394,1,0,1,Pedestrian
54,1919.0,860.0,1969.0,892.0,2395,1,0,1,Pedestrian
54,1919.0,860.0,1969.0,892.0,2396,1,0,1,Pedestrian
54,1919.0,860.0,1969.0,892.0,2397,1,0,1,Pedestrian
54,1919.0,860.0,1969.0,892.0,2398,1,0,1,Pedestrian
54,1919.0,860.0,1969.0,892.0,2399,1,0,1,Pedestrian
54,1919.0,860.0,1969.0,892.0,2400,1,0,1,Pedestrian
54,1919.0,860.0,1969.0,892.0,2401,1,0,1,Pedestrian
54,1919.0,860.0,1969.0,892.0,2402,1,0,1,Pedestrian
54,1919.0,860.0,1969.0,892.0,2403,1,0,1,Pedestrian
54,1919.0,860.0,1969.0,892.0,2404,1,0,1,Pedestrian
54,1919.0,860.0,1969.0,892.0,2405,1,0,1,Pedestrian
54,1919.0,860.0,1969.0,892.0,2406,1,0,1,Pedestrian
54,1919.0,860.0,1969.0,892.0,2407,1,0,1,Pedestrian
54,1919.0,860.0,1969.0,892.0,2408,1,0,1,Pedestrian
54,1919.0,860.0,1969.0,892.0,2409,1,0,1,Pedestrian
54,1919.0,860.0,1969.0,892.0,2410,1,0,1,Pedestrian
54,1919.0,860.0,1969.0,892.0,2411,1,0,1,Pedestrian
54,1919.0,860.0,1969.0,892.0,2412,1,0,1,Pedestrian
54,1919.0,860.0,1969.0,892.0,2413,1,0,1,Pedestrian
54,1919.0,860.0,1969.0,892.0,2414,1,0,1,Pedestrian
54,1919.0,860.0,1969.0,892.0,2415,1,0,1,Pedestrian
54,1919.0,860.0,1969.0,892.0,2416,1,0,1,Pedestrian
54,1919.0,860.0,1969.0,892.0,2417,1,0,1,Pedestrian
54,1919.0,860.0,1969.0,892.0,2418,1,0,1,Pedestrian
54,1919.0,860.0,1969.0,892.0,2419,1,0,1,Pedestrian
54,1919.0,860.0,1969.0,892.0,2420,1,0,1,Pedestrian
54,1919.0,860.0,1969.0,892.0,2421,1,0,1,Pedestrian
54,1919.0,860.0,1969.0,892.0,2422,1,0,1,Pedestrian
54,1919.0,860.0,1969.0,892.0,2423,1,0,1,Pedestrian
54,1919.0,860.0,1969.0,892.0,2424,1,0,1,Pedestrian
54,1919.0,860.0,1969.0,892.0,2425,1,0,1,Pedestrian
54,1919.0,860.0,1969.0,892.0,2426,1,0,1,Pedestrian
54,1919.0,860.0,1969.0,892.0,2427,1,0,1,Pedestrian
54,1919.0,860.0,1969.0,892.0,2428,1,0,1,Pedestrian
54,1919.0,860.0,1969.0,892.0,2429,1,0,1,Pedestrian
54,1919.0,860.0,1969.0,892.0,2430,1,0,1,Pedestrian
54,1919.0,860.0,1969.0,892.0,2431,1,0,1,Pedestrian
54,1919.0,860.0,1969.0,892.0,2432,1,0,1,Pedestrian
54,1919.0,860.0,1969.0,892.0,2433,1,0,1,Pedestrian
54,1919.0,860.0,1969.0,892.0,2434,1,0,1,Pedestrian
54,1919.0,860.0,1969.0,892.0,2435,1,0,1,Pedestrian
54,1919.0,860.0,1969.0,892.0,2436,1,0,1,Pedestrian
54,1919.0,860.0,1969.0,892.0,2437,1,0,1,Pedestrian
54,1922.0,860.0,1969.0,892.0,2438,1,0,1,Pedestrian
54,1922.0,860.0,1969.0,892.0,2439,1,0,1,Pedestrian
54,1922.0,860.0,1969.0,892.0,2440,1,0,1,Pedestrian
54,1922.0,860.0,1969.0,892.0,2441,1,0,1,Pedestrian
54,1922.0,860.0,1969.0,892.0,2442,1,0,1,Pedestrian
54,1922.0,860.0,1969.0,892.0,2443,1,0,1,Pedestrian
54,1922.0,860.0,1969.0,892.0,2444,1,0,1,Pedestrian
54,1922.0,860.0,1971.0,892.0,2445,1,0,1,Pedestrian
54,1922.0,860.0,1971.0,892.0,2446,1,0,1,Pedestrian
54,1922.0,860.0,1971.0,892.0,2447,1,0,1,Pedestrian
54,1922.0,860.0,1971.0,892.0,2448,1,0,1,Pedestrian
54,1922.0,860.0,1971.0,892.0,2449,1,0,1,Pedestrian
54,1922.0,860.0,1971.0,892.0,2450,1,0,1,Pedestrian
54,1922.0,860.0,1971.0,892.0,2451,1,0,1,Pedestrian
54,1922.0,860.0,1971.0,892.0,2452,1,0,1,Pedestrian
54,1922.0,860.0,1971.0,892.0,2453,1,0,1,Pedestrian
54,1922.0,860.0,1971.0,892.0,2454,1,0,1,Pedestrian
54,1922.0,860.0,1971.0,892.0,2455,1,0,1,Pedestrian
54,1922.0,860.0,1971.0,892.0,2456,1,0,1,Pedestrian
54,1922.0,860.0,1971.0,892.0,2457,1,0,1,Pedestrian
54,1922.0,860.0,1971.0,892.0,2458,1,0,1,Pedestrian
54,1922.0,860.0,1971.0,892.0,2459,1,0,1,Pedestrian
54,1922.0,860.0,1971.0,892.0,2460,1,0,1,Pedestrian
54,1922.0,860.0,1971.0,892.0,2461,1,0,1,Pedestrian
54,1922.0,860.0,1971.0,892.0,2462,1,0,1,Pedestrian
54,1922.0,860.0,1971.0,892.0,2463,1,0,1,Pedestrian
54,1922.0,860.0,1971.0,892.0,2464,1,0,1,Pedestrian
54,1922.0,860.0,1971.0,892.0,2465,1,0,1,Pedestrian
54,1922.0,860.0,1971.0,892.0,2466,1,0,1,Pedestrian
54,1922.0,860.0,1971.0,892.0,2467,1,0,1,Pedestrian
54,1922.0,860.0,1971.0,892.0,2468,1,0,1,Pedestrian
54,1922.0,860.0,1971.0,892.0,2469,1,0,1,Pedestrian
54,1922.0,860.0,1971.0,892.0,2470,1,0,1,Pedestrian
54,1922.0,860.0,1971.0,892.0,2471,1,0,1,Pedestrian
54,1922.0,860.0,1971.0,892.0,2472,1,0,1,Pedestrian
54,1922.0,860.0,1971.0,892.0,2473,1,0,1,Pedestrian
54,1922.0,860.0,1971.0,892.0,2474,1,0,1,Pedestrian
54,1922.0,860.0,1971.0,892.0,2475,1,0,1,Pedestrian
54,1922.0,860.0,1971.0,892.0,2476,1,0,1,Pedestrian
54,1922.0,860.0,1971.0,892.0,2477,1,0,1,Pedestrian
54,1922.0,860.0,1971.0,892.0,2478,1,0,1,Pedestrian
54,1922.0,860.0,1971.0,892.0,2479,1,0,1,Pedestrian
54,1922.0,860.0,1971.0,892.0,2480,1,0,1,Pedestrian
54,1922.0,860.0,1971.0,892.0,2481,1,0,1,Pedestrian
54,1922.0,860.0,1971.0,892.0,2482,1,0,1,Pedestrian
54,1922.0,860.0,1971.0,892.0,2483,1,0,1,Pedestrian
54,1922.0,860.0,1971.0,892.0,2484,1,0,1,Pedestrian
54,1922.0,860.0,1971.0,892.0,2485,1,0,1,Pedestrian
54,1922.0,860.0,1971.0,892.0,2486,1,0,1,Pedestrian
54,1922.0,860.0,1971.0,892.0,2487,1,0,1,Pedestrian
54,1922.0,860.0,1971.0,892.0,2488,1,0,1,Pedestrian
54,1922.0,860.0,1971.0,892.0,2489,1,0,1,Pedestrian
54,1922.0,860.0,1971.0,892.0,2490,1,0,1,Pedestrian
54,1922.0,860.0,1971.0,892.0,2491,1,0,1,Pedestrian
54,1922.0,860.0,1971.0,892.0,2492,1,0,1,Pedestrian
54,1922.0,860.0,1971.0,892.0,2493,1,0,1,Pedestrian
54,1922.0,860.0,1971.0,892.0,2494,1,0,1,Pedestrian
54,1922.0,860.0,1971.0,892.0,2495,1,0,1,Pedestrian
54,1922.0,860.0,1971.0,892.0,2496,1,0,1,Pedestrian
54,1922.0,860.0,1971.0,892.0,2497,1,0,1,Pedestrian
54,1922.0,860.0,1971.0,892.0,2498,1,0,1,Pedestrian
54,1922.0,860.0,1971.0,892.0,2499,1,0,1,Pedestrian
54,1925.0,863.0,1974.0,894.0,2500,1,0,0,Pedestrian
54,1922.0,860.0,1971.0,894.0,2501,1,0,1,Pedestrian
54,1922.0,860.0,1971.0,894.0,2502,1,0,1,Pedestrian
54,1922.0,860.0,1971.0,894.0,2503,1,0,1,Pedestrian
54,1922.0,860.0,1971.0,894.0,2504,1,0,1,Pedestrian
54,1922.0,860.0,1971.0,894.0,2505,1,0,1,Pedestrian
54,1922.0,860.0,1971.0,894.0,2506,1,0,1,Pedestrian
54,1922.0,860.0,1971.0,894.0,2507,1,0,1,Pedestrian
54,1922.0,860.0,1971.0,897.0,2508,1,0,1,Pedestrian
54,1922.0,860.0,1971.0,897.0,2509,1,0,1,Pedestrian
54,1922.0,860.0,1971.0,897.0,2510,1,0,1,Pedestrian
54,1922.0,860.0,1971.0,897.0,2511,1,0,1,Pedestrian
54,1922.0,860.0,1971.0,897.0,2512,1,0,1,Pedestrian
54,1922.0,860.0,1971.0,897.0,2513,1,0,1,Pedestrian
54,1922.0,860.0,1971.0,897.0,2514,1,0,1,Pedestrian
54,1922.0,860.0,1971.0,897.0,2515,1,0,1,Pedestrian
54,1922.0,860.0,1971.0,899.0,2516,1,0,1,Pedestrian
54,1922.0,860.0,1971.0,899.0,2517,1,0,1,Pedestrian
54,1922.0,860.0,1971.0,899.0,2518,1,0,1,Pedestrian
54,1922.0,860.0,1971.0,899.0,2519,1,0,1,Pedestrian
54,1922.0,860.0,1971.0,899.0,2520,1,0,1,Pedestrian
54,1922.0,860.0,1971.0,899.0,2521,1,0,1,Pedestrian
54,1922.0,860.0,1971.0,899.0,2522,1,0,1,Pedestrian
54,1922.0,860.0,1971.0,899.0,2523,1,0,1,Pedestrian
54,1922.0,860.0,1971.0,901.0,2524,1,0,1,Pedestrian
54,1922.0,860.0,1971.0,901.0,2525,1,0,1,Pedestrian
54,1922.0,860.0,1971.0,901.0,2526,1,0,1,Pedestrian
54,1922.0,860.0,1971.0,901.0,2527,1,0,1,Pedestrian
54,1922.0,860.0,1971.0,901.0,2528,1,0,1,Pedestrian
54,1922.0,860.0,1971.0,901.0,2529,1,0,1,Pedestrian
54,1922.0,860.0,1971.0,901.0,2530,1,0,1,Pedestrian
54,1922.0,860.0,1971.0,901.0,2531,1,0,1,Pedestrian
54,1922.0,860.0,1971.0,904.0,2532,1,0,1,Pedestrian
54,1922.0,860.0,1971.0,904.0,2533,1,0,1,Pedestrian
54,1922.0,860.0,1971.0,904.0,2534,1,0,1,Pedestrian
54,1922.0,860.0,1971.0,904.0,2535,1,0,1,Pedestrian
54,1922.0,860.0,1971.0,904.0,2536,1,0,1,Pedestrian
54,1922.0,860.0,1971.0,904.0,2537,1,0,1,Pedestrian
54,1922.0,860.0,1971.0,904.0,2538,1,0,1,Pedestrian
54,1922.0,860.0,1971.0,904.0,2539,1,0,1,Pedestrian
54,1922.0,860.0,1971.0,906.0,2540,0,0,0,Pedestrian
54,1919.0,858.0,1969.0,904.0,2541,0,0,1,Pedestrian
54,1919.0,858.0,1969.0,904.0,2542,0,0,1,Pedestrian
54,1916.0,858.0,1966.0,904.0,2543,0,0,1,Pedestrian
54,1916.0,858.0,1966.0,904.0,2544,0,0,1,Pedestrian
54,1914.0,858.0,1963.0,904.0,2545,0,0,1,Pedestrian
54,1914.0,858.0,1963.0,904.0,2546,0,0,1,Pedestrian
54,1911.0,858.0,1960.0,904.0,2547,0,0,1,Pedestrian
54,1911.0,858.0,1960.0,904.0,2548,0,0,1,Pedestrian
54,1908.0,858.0,1958.0,904.0,2549,0,0,1,Pedestrian
54,1908.0,858.0,1958.0,904.0,2550,0,0,1,Pedestrian
54,1905.0,858.0,1955.0,904.0,2551,0,0,1,Pedestrian
54,1905.0,858.0,1955.0,904.0,2552,0,0,1,Pedestrian
54,1903.0,858.0,1952.0,904.0,2553,0,0,1,Pedestrian
54,1903.0,858.0,1952.0,904.0,2554,0,0,1,Pedestrian
54,1900.0,858.0,1949.0,904.0,2555,0,0,1,Pedestrian
54,1900.0,858.0,1949.0,904.0,2556,0,0,1,Pedestrian
54,1897.0,858.0,1947.0,904.0,2557,0,0,1,Pedestrian
54,1897.0,858.0,1947.0,904.0,2558,0,0,1,Pedestrian
54,1894.0,858.0,1944.0,904.0,2559,0,0,1,Pedestrian
54,1894.0,858.0,1944.0,904.0,2560,0,0,1,Pedestrian
54,1892.0,858.0,1941.0,904.0,2561,0,0,1,Pedestrian
54,1892.0,858.0,1941.0,904.0,2562,0,0,1,Pedestrian
54,1889.0,858.0,1938.0,904.0,2563,0,0,1,Pedestrian
54,1889.0,858.0,1938.0,904.0,2564,0,0,1,Pedestrian
54,1886.0,858.0,1936.0,904.0,2565,0,0,1,Pedestrian
54,1886.0,858.0,1936.0,904.0,2566,0,0,1,Pedestrian
54,1883.0,858.0,1933.0,904.0,2567,0,0,1,Pedestrian
54,1883.0,858.0,1933.0,904.0,2568,0,0,1,Pedestrian
54,1881.0,858.0,1930.0,904.0,2569,0,0,1,Pedestrian
54,1881.0,858.0,1930.0,904.0,2570,0,0,1,Pedestrian
54,1878.0,858.0,1927.0,904.0,2571,0,0,1,Pedestrian
54,1878.0,858.0,1927.0,904.0,2572,0,0,1,Pedestrian
54,1875.0,858.0,1925.0,904.0,2573,0,0,1,Pedestrian
54,1875.0,858.0,1925.0,904.0,2574,0,0,1,Pedestrian
54,1872.0,858.0,1922.0,904.0,2575,0,0,1,Pedestrian
54,1872.0,858.0,1922.0,904.0,2576,0,0,1,Pedestrian
54,1870.0,858.0,1919.0,904.0,2577,0,0,1,Pedestrian
54,1870.0,858.0,1919.0,904.0,2578,0,0,1,Pedestrian
54,1867.0,858.0,1916.0,904.0,2579,0,0,1,Pedestrian
54,1867.0,858.0,1916.0,904.0,2580,0,0,1,Pedestrian
54,1864.0,858.0,1914.0,904.0,2581,0,0,1,Pedestrian
54,1864.0,858.0,1914.0,904.0,2582,0,0,1,Pedestrian
54,1861.0,858.0,1911.0,904.0,2583,0,0,1,Pedestrian
54,1861.0,858.0,1911.0,904.0,2584,0,0,1,Pedestrian
54,1859.0,858.0,1908.0,904.0,2585,0,0,1,Pedestrian
54,1859.0,858.0,1908.0,904.0,2586,0,0,1,Pedestrian
54,1856.0,858.0,1905.0,904.0,2587,0,0,1,Pedestrian
54,1856.0,858.0,1905.0,904.0,2588,0,0,1,Pedestrian
54,1853.0,858.0,1903.0,904.0,2589,0,0,1,Pedestrian
54,1853.0,858.0,1903.0,904.0,2590,0,0,1,Pedestrian
54,1850.0,858.0,1900.0,904.0,2591,0,0,1,Pedestrian
54,1850.0,858.0,1900.0,904.0,2592,0,0,1,Pedestrian
54,1848.0,858.0,1897.0,904.0,2593,0,0,1,Pedestrian
54,1848.0,858.0,1897.0,904.0,2594,0,0,1,Pedestrian
54,1845.0,858.0,1894.0,904.0,2595,0,0,1,Pedestrian
54,1845.0,858.0,1894.0,904.0,2596,0,0,1,Pedestrian
54,1842.0,858.0,1892.0,904.0,2597,0,0,1,Pedestrian
54,1842.0,858.0,1892.0,904.0,2598,0,0,1,Pedestrian
54,1839.0,858.0,1889.0,904.0,2599,0,0,1,Pedestrian
54,1839.0,858.0,1889.0,904.0,2600,0,0,1,Pedestrian
54,1837.0,858.0,1886.0,904.0,2601,0,0,1,Pedestrian
54,1837.0,858.0,1886.0,904.0,2602,0,0,1,Pedestrian
54,1834.0,858.0,1883.0,904.0,2603,0,0,1,Pedestrian
54,1834.0,858.0,1883.0,904.0,2604,0,0,1,Pedestrian
54,1831.0,858.0,1881.0,904.0,2605,0,0,1,Pedestrian
54,1831.0,858.0,1881.0,904.0,2606,0,0,1,Pedestrian
54,1828.0,858.0,1878.0,904.0,2607,0,0,1,Pedestrian
54,1828.0,858.0,1878.0,904.0,2608,0,0,1,Pedestrian
54,1826.0,858.0,1875.0,904.0,2609,0,0,1,Pedestrian
54,1826.0,858.0,1875.0,904.0,2610,0,0,1,Pedestrian
54,1823.0,858.0,1872.0,904.0,2611,0,0,1,Pedestrian
54,1823.0,858.0,1872.0,904.0,2612,0,0,1,Pedestrian
54,1820.0,858.0,1870.0,904.0,2613,0,0,1,Pedestrian
54,1820.0,858.0,1870.0,904.0,2614,0,0,1,Pedestrian
54,1817.0,858.0,1867.0,904.0,2615,0,0,1,Pedestrian
54,1817.0,858.0,1867.0,904.0,2616,0,0,1,Pedestrian
54,1815.0,858.0,1864.0,904.0,2617,0,0,1,Pedestrian
54,1815.0,858.0,1864.0,904.0,2618,0,0,1,Pedestrian
54,1812.0,858.0,1861.0,904.0,2619,0,0,1,Pedestrian
54,1812.0,858.0,1861.0,904.0,2620,0,0,1,Pedestrian
54,1809.0,858.0,1859.0,904.0,2621,0,0,1,Pedestrian
54,1809.0,858.0,1859.0,904.0,2622,0,0,1,Pedestrian
54,1806.0,858.0,1856.0,904.0,2623,0,0,1,Pedestrian
54,1806.0,858.0,1856.0,904.0,2624,0,0,1,Pedestrian
54,1804.0,858.0,1853.0,904.0,2625,0,0,1,Pedestrian
54,1804.0,858.0,1853.0,904.0,2626,0,0,1,Pedestrian
54,1801.0,858.0,1850.0,904.0,2627,0,0,1,Pedestrian
54,1801.0,858.0,1850.0,904.0,2628,0,0,1,Pedestrian
54,1798.0,858.0,1848.0,904.0,2629,0,0,1,Pedestrian
54,1798.0,858.0,1848.0,904.0,2630,0,0,1,Pedestrian
54,1795.0,858.0,1845.0,904.0,2631,0,0,1,Pedestrian
54,1795.0,858.0,1845.0,904.0,2632,0,0,1,Pedestrian
54,1793.0,858.0,1842.0,904.0,2633,0,0,1,Pedestrian
54,1793.0,858.0,1842.0,904.0,2634,0,0,1,Pedestrian
54,1790.0,858.0,1839.0,904.0,2635,0,0,1,Pedestrian
54,1790.0,858.0,1839.0,904.0,2636,0,0,1,Pedestrian
54,1787.0,858.0,1837.0,904.0,2637,0,0,1,Pedestrian
54,1787.0,858.0,1837.0,904.0,2638,0,0,1,Pedestrian
54,1784.0,858.0,1834.0,904.0,2639,0,0,1,Pedestrian
54,1784.0,858.0,1834.0,904.0,2640,0,0,1,Pedestrian
54,1782.0,858.0,1831.0,904.0,2641,0,0,1,Pedestrian
54,1782.0,858.0,1831.0,904.0,2642,0,0,1,Pedestrian
54,1779.0,858.0,1828.0,904.0,2643,0,0,1,Pedestrian
54,1779.0,858.0,1828.0,904.0,2644,0,0,1,Pedestrian
54,1776.0,858.0,1826.0,904.0,2645,0,0,1,Pedestrian
54,1776.0,858.0,1826.0,904.0,2646,0,0,1,Pedestrian
54,1773.0,858.0,1823.0,904.0,2647,0,0,1,Pedestrian
54,1773.0,858.0,1823.0,904.0,2648,0,0,1,Pedestrian
54,1771.0,858.0,1820.0,904.0,2649,0,0,1,Pedestrian
54,1771.0,858.0,1820.0,904.0,2650,0,0,1,Pedestrian
54,1768.0,858.0,1817.0,904.0,2651,0,0,1,Pedestrian
54,1768.0,858.0,1817.0,904.0,2652,0,0,1,Pedestrian
54,1765.0,858.0,1815.0,904.0,2653,0,0,1,Pedestrian
54,1765.0,858.0,1815.0,904.0,2654,0,0,1,Pedestrian
54,1765.0,858.0,1815.0,904.0,2655,0,0,1,Pedestrian
54,1762.0,858.0,1812.0,904.0,2656,0,0,1,Pedestrian
54,1762.0,858.0,1812.0,904.0,2657,0,0,1,Pedestrian
54,1760.0,858.0,1809.0,904.0,2658,0,0,1,Pedestrian
54,1760.0,858.0,1809.0,904.0,2659,0,0,1,Pedestrian
54,1757.0,858.0,1806.0,904.0,2660,0,0,1,Pedestrian
54,1757.0,858.0,1806.0,904.0,2661,0,0,1,Pedestrian
54,1754.0,858.0,1804.0,904.0,2662,0,0,1,Pedestrian
54,1754.0,858.0,1804.0,904.0,2663,0,0,1,Pedestrian
54,1751.0,858.0,1801.0,904.0,2664,0,0,1,Pedestrian
54,1751.0,858.0,1801.0,904.0,2665,0,0,1,Pedestrian
54,1749.0,858.0,1798.0,904.0,2666,0,0,1,Pedestrian
54,1749.0,858.0,1798.0,904.0,2667,0,0,1,Pedestrian
54,1746.0,858.0,1795.0,904.0,2668,0,0,1,Pedestrian
54,1746.0,858.0,1795.0,904.0,2669,0,0,1,Pedestrian
54,1743.0,858.0,1793.0,904.0,2670,0,0,1,Pedestrian
54,1743.0,858.0,1793.0,904.0,2671,0,0,1,Pedestrian
54,1740.0,858.0,1790.0,904.0,2672,0,0,1,Pedestrian
54,1740.0,858.0,1790.0,904.0,2673,0,0,1,Pedestrian
54,1738.0,858.0,1787.0,904.0,2674,0,0,1,Pedestrian
54,1738.0,858.0,1787.0,904.0,2675,0,0,1,Pedestrian
54,1735.0,858.0,1784.0,904.0,2676,0,0,1,Pedestrian
54,1735.0,858.0,1784.0,904.0,2677,0,0,1,Pedestrian
54,1732.0,858.0,1782.0,904.0,2678,0,0,1,Pedestrian
54,1732.0,858.0,1782.0,904.0,2679,0,0,1,Pedestrian
54,1729.0,858.0,1779.0,904.0,2680,0,0,1,Pedestrian
54,1729.0,858.0,1779.0,904.0,2681,0,0,1,Pedestrian
54,1727.0,858.0,1776.0,904.0,2682,0,0,1,Pedestrian
54,1727.0,858.0,1776.0,904.0,2683,0,0,1,Pedestrian
54,1724.0,858.0,1773.0,904.0,2684,0,0,1,Pedestrian
54,1724.0,858.0,1773.0,904.0,2685,0,0,1,Pedestrian
54,1721.0,858.0,1771.0,904.0,2686,0,0,1,Pedestrian
54,1721.0,858.0,1771.0,904.0,2687,0,0,1,Pedestrian
54,1718.0,858.0,1768.0,904.0,2688,0,0,1,Pedestrian
54,1718.0,858.0,1768.0,904.0,2689,0,0,1,Pedestrian
54,1716.0,858.0,1765.0,904.0,2690,0,0,1,Pedestrian
54,1716.0,858.0,1765.0,904.0,2691,0,0,1,Pedestrian
54,1713.0,858.0,1762.0,904.0,2692,0,0,1,Pedestrian
54,1713.0,858.0,1762.0,904.0,2693,0,0,1,Pedestrian
54,1710.0,856.0,1760.0,901.0,2694,0,0,1,Pedestrian
54,1710.0,856.0,1760.0,901.0,2695,0,0,1,Pedestrian
54,1707.0,856.0,1757.0,901.0,2696,0,0,1,Pedestrian
54,1707.0,856.0,1757.0,901.0,2697,0,0,1,Pedestrian
54,1705.0,856.0,1754.0,901.0,2698,0,0,1,Pedestrian
54,1705.0,856.0,1754.0,901.0,2699,0,0,1,Pedestrian
54,1702.0,856.0,1751.0,901.0,2700,0,0,1,Pedestrian
54,1702.0,856.0,1751.0,901.0,2701,0,0,1,Pedestrian
54,1699.0,856.0,1749.0,901.0,2702,0,0,1,Pedestrian
54,1699.0,856.0,1749.0,901.0,2703,0,0,1,Pedestrian
54,1696.0,856.0,1746.0,901.0,2704,0,0,1,Pedestrian
54,1696.0,856.0,1746.0,901.0,2705,0,0,1,Pedestrian
54,1694.0,856.0,1743.0,901.0,2706,0,0,1,Pedestrian
54,1694.0,856.0,1743.0,901.0,2707,0,0,1,Pedestrian
54,1691.0,856.0,1740.0,901.0,2708,0,0,1,Pedestrian
54,1691.0,856.0,1740.0,901.0,2709,0,0,1,Pedestrian
54,1688.0,856.0,1738.0,901.0,2710,0,0,1,Pedestrian
54,1688.0,856.0,1738.0,901.0,2711,0,0,1,Pedestrian
54,1685.0,856.0,1735.0,901.0,2712,0,0,1,Pedestrian
54,1685.0,856.0,1735.0,901.0,2713,0,0,1,Pedestrian
54,1683.0,856.0,1732.0,901.0,2714,0,0,1,Pedestrian
54,1683.0,856.0,1732.0,901.0,2715,0,0,1,Pedestrian
54,1680.0,856.0,1729.0,901.0,2716,0,0,1,Pedestrian
54,1680.0,856.0,1729.0,901.0,2717,0,0,1,Pedestrian
54,1677.0,856.0,1727.0,901.0,2718,0,0,1,Pedestrian
54,1677.0,856.0,1727.0,901.0,2719,0,0,1,Pedestrian
54,1674.0,856.0,1724.0,901.0,2720,0,0,1,Pedestrian
54,1674.0,856.0,1724.0,901.0,2721,0,0,1,Pedestrian
54,1672.0,856.0,1721.0,901.0,2722,0,0,1,Pedestrian
54,1672.0,856.0,1721.0,901.0,2723,0,0,1,Pedestrian
54,1669.0,856.0,1718.0,901.0,2724,0,0,1,Pedestrian
54,1669.0,856.0,1718.0,901.0,2725,0,0,1,Pedestrian
54,1666.0,856.0,1716.0,901.0,2726,0,0,1,Pedestrian
54,1666.0,856.0,1716.0,901.0,2727,0,0,1,Pedestrian
54,1663.0,856.0,1713.0,901.0,2728,0,0,1,Pedestrian
54,1663.0,856.0,1713.0,901.0,2729,0,0,1,Pedestrian
54,1661.0,856.0,1710.0,901.0,2730,0,0,1,Pedestrian
54,1661.0,856.0,1710.0,901.0,2731,0,0,1,Pedestrian
54,1658.0,856.0,1707.0,901.0,2732,0,0,1,Pedestrian
54,1658.0,856.0,1707.0,901.0,2733,0,0,1,Pedestrian
54,1655.0,856.0,1705.0,901.0,2734,0,0,1,Pedestrian
54,1655.0,856.0,1705.0,901.0,2735,0,0,1,Pedestrian
54,1652.0,856.0,1702.0,901.0,2736,0,0,1,Pedestrian
54,1652.0,856.0,1702.0,901.0,2737,0,0,1,Pedestrian
54,1650.0,856.0,1699.0,901.0,2738,0,0,1,Pedestrian
54,1650.0,856.0,1699.0,901.0,2739,0,0,1,Pedestrian
54,1647.0,856.0,1696.0,901.0,2740,0,0,1,Pedestrian
54,1647.0,856.0,1696.0,901.0,2741,0,0,1,Pedestrian
54,1644.0,856.0,1694.0,901.0,2742,0,0,1,Pedestrian
54,1644.0,856.0,1694.0,901.0,2743,0,0,1,Pedestrian
54,1641.0,856.0,1691.0,901.0,2744,0,0,1,Pedestrian
54,1641.0,856.0,1691.0,901.0,2745,0,0,1,Pedestrian
54,1639.0,856.0,1688.0,901.0,2746,0,0,1,Pedestrian
54,1639.0,856.0,1688.0,901.0,2747,0,0,1,Pedestrian
54,1636.0,856.0,1685.0,901.0,2748,0,0,1,Pedestrian
54,1636.0,856.0,1685.0,901.0,2749,0,0,1,Pedestrian
54,1633.0,856.0,1683.0,901.0,2750,0,0,1,Pedestrian
54,1633.0,856.0,1683.0,901.0,2751,0,0,1,Pedestrian
54,1630.0,856.0,1680.0,901.0,2752,0,0,1,Pedestrian
54,1630.0,856.0,1680.0,901.0,2753,0,0,1,Pedestrian
54,1628.0,856.0,1677.0,901.0,2754,0,0,1,Pedestrian
54,1628.0,856.0,1677.0,901.0,2755,0,0,1,Pedestrian
54,1625.0,856.0,1674.0,901.0,2756,0,0,1,Pedestrian
54,1625.0,856.0,1674.0,901.0,2757,0,0,1,Pedestrian
54,1622.0,856.0,1672.0,901.0,2758,0,0,1,Pedestrian
54,1622.0,856.0,1672.0,901.0,2759,0,0,1,Pedestrian
54,1619.0,856.0,1669.0,901.0,2760,0,0,1,Pedestrian
54,1619.0,856.0,1669.0,901.0,2761,0,0,1,Pedestrian
54,1617.0,856.0,1666.0,901.0,2762,0,0,1,Pedestrian
54,1617.0,856.0,1666.0,901.0,2763,0,0,1,Pedestrian
54,1614.0,856.0,1663.0,901.0,2764,0,0,1,Pedestrian
54,1614.0,856.0,1663.0,901.0,2765,0,0,1,Pedestrian
54,1611.0,856.0,1661.0,901.0,2766,0,0,1,Pedestrian
54,1611.0,856.0,1661.0,901.0,2767,0,0,1,Pedestrian
54,1608.0,856.0,1658.0,901.0,2768,0,0,1,Pedestrian
54,1608.0,856.0,1658.0,901.0,2769,0,0,1,Pedestrian
54,1608.0,856.0,1658.0,901.0,2770,0,0,1,Pedestrian
54,1606.0,856.0,1655.0,901.0,2771,0,0,1,Pedestrian
54,1606.0,856.0,1655.0,901.0,2772,0,0,1,Pedestrian
54,1603.0,856.0,1652.0,901.0,2773,0,0,1,Pedestrian
54,1603.0,856.0,1652.0,901.0,2774,0,0,1,Pedestrian
54,1600.0,856.0,1650.0,901.0,2775,0,0,1,Pedestrian
54,1600.0,856.0,1650.0,901.0,2776,0,0,1,Pedestrian
54,1597.0,856.0,1647.0,901.0,2777,0,0,1,Pedestrian
54,1597.0,856.0,1647.0,901.0,2778,0,0,1,Pedestrian
54,1595.0,856.0,1644.0,901.0,2779,0,0,1,Pedestrian
54,1595.0,856.0,1644.0,901.0,2780,0,0,1,Pedestrian
54,1592.0,856.0,1641.0,901.0,2781,0,0,1,Pedestrian
54,1592.0,856.0,1641.0,901.0,2782,0,0,1,Pedestrian
54,1589.0,856.0,1639.0,901.0,2783,0,0,1,Pedestrian
54,1589.0,856.0,1639.0,901.0,2784,0,0,1,Pedestrian
54,1586.0,856.0,1636.0,901.0,2785,0,0,1,Pedestrian
54,1586.0,856.0,1636.0,901.0,2786,0,0,1,Pedestrian
54,1584.0,856.0,1633.0,901.0,2787,0,0,1,Pedestrian
54,1584.0,856.0,1633.0,901.0,2788,0,0,1,Pedestrian
54,1581.0,856.0,1630.0,901.0,2789,0,0,1,Pedestrian
54,1581.0,856.0,1630.0,901.0,2790,0,0,1,Pedestrian
54,1578.0,856.0,1628.0,901.0,2791,0,0,1,Pedestrian
54,1578.0,856.0,1628.0,901.0,2792,0,0,1,Pedestrian
54,1575.0,856.0,1625.0,901.0,2793,0,0,1,Pedestrian
54,1575.0,856.0,1625.0,901.0,2794,0,0,1,Pedestrian
54,1573.0,856.0,1622.0,901.0,2795,0,0,1,Pedestrian
54,1573.0,856.0,1622.0,901.0,2796,0,0,1,Pedestrian
54,1570.0,856.0,1619.0,901.0,2797,0,0,1,Pedestrian
54,1570.0,856.0,1619.0,901.0,2798,0,0,1,Pedestrian
54,1567.0,856.0,1617.0,901.0,2799,0,0,1,Pedestrian
54,1567.0,856.0,1617.0,901.0,2800,0,0,1,Pedestrian
54,1564.0,856.0,1614.0,901.0,2801,0,0,1,Pedestrian
54,1564.0,856.0,1614.0,901.0,2802,0,0,1,Pedestrian
54,1562.0,856.0,1611.0,901.0,2803,0,0,1,Pedestrian
54,1562.0,856.0,1611.0,901.0,2804,0,0,1,Pedestrian
54,1559.0,856.0,1608.0,901.0,2805,0,0,1,Pedestrian
54,1559.0,856.0,1608.0,901.0,2806,0,0,1,Pedestrian
54,1556.0,856.0,1606.0,901.0,2807,0,0,1,Pedestrian
54,1556.0,856.0,1606.0,901.0,2808,0,0,1,Pedestrian
54,1553.0,856.0,1603.0,901.0,2809,0,0,1,Pedestrian
54,1553.0,856.0,1603.0,901.0,2810,0,0,1,Pedestrian
54,1551.0,856.0,1600.0,901.0,2811,0,0,1,Pedestrian
54,1551.0,856.0,1600.0,901.0,2812,0,0,1,Pedestrian
54,1548.0,856.0,1597.0,901.0,2813,0,0,1,Pedestrian
54,1548.0,856.0,1597.0,901.0,2814,0,0,1,Pedestrian
54,1545.0,856.0,1595.0,901.0,2815,0,0,1,Pedestrian
54,1545.0,856.0,1595.0,901.0,2816,0,0,1,Pedestrian
54,1542.0,856.0,1592.0,901.0,2817,0,0,1,Pedestrian
54,1542.0,856.0,1592.0,901.0,2818,0,0,1,Pedestrian
54,1540.0,856.0,1589.0,901.0,2819,0,0,1,Pedestrian
54,1540.0,856.0,1589.0,901.0,2820,0,0,1,Pedestrian
54,1537.0,856.0,1586.0,901.0,2821,0,0,1,Pedestrian
54,1537.0,856.0,1586.0,901.0,2822,0,0,1,Pedestrian
54,1534.0,856.0,1584.0,901.0,2823,0,0,1,Pedestrian
54,1534.0,856.0,1584.0,901.0,2824,0,0,1,Pedestrian
54,1531.0,856.0,1581.0,901.0,2825,0,0,1,Pedestrian
54,1531.0,856.0,1581.0,901.0,2826,0,0,1,Pedestrian
54,1529.0,856.0,1578.0,901.0,2827,0,0,1,Pedestrian
54,1529.0,856.0,1578.0,901.0,2828,0,0,1,Pedestrian
54,1526.0,856.0,1575.0,901.0,2829,0,0,1,Pedestrian
54,1526.0,856.0,1575.0,901.0,2830,0,0,1,Pedestrian
54,1523.0,856.0,1573.0,901.0,2831,0,0,1,Pedestrian
54,1523.0,856.0,1573.0,901.0,2832,0,0,1,Pedestrian
54,1520.0,856.0,1570.0,901.0,2833,0,0,1,Pedestrian
54,1520.0,856.0,1570.0,901.0,2834,0,0,1,Pedestrian
54,1518.0,856.0,1567.0,901.0,2835,0,0,1,Pedestrian
54,1518.0,856.0,1567.0,901.0,2836,0,0,1,Pedestrian
54,1515.0,856.0,1564.0,901.0,2837,0,0,1,Pedestrian
54,1515.0,856.0,1564.0,901.0,2838,0,0,1,Pedestrian
54,1512.0,856.0,1562.0,901.0,2839,0,0,1,Pedestrian
54,1512.0,856.0,1562.0,901.0,2840,0,0,1,Pedestrian
54,1509.0,856.0,1559.0,901.0,2841,0,0,1,Pedestrian
54,1509.0,856.0,1559.0,901.0,2842,0,0,1,Pedestrian
54,1507.0,856.0,1556.0,901.0,2843,0,0,1,Pedestrian
54,1507.0,856.0,1556.0,901.0,2844,0,0,1,Pedestrian
54,1504.0,856.0,1553.0,901.0,2845,0,0,1,Pedestrian
54,1504.0,856.0,1553.0,901.0,2846,0,0,1,Pedestrian
54,1501.0,853.0,1551.0,899.0,2847,0,0,1,Pedestrian
54,1501.0,853.0,1551.0,899.0,2848,0,0,1,Pedestrian
54,1498.0,853.0,1548.0,899.0,2849,0,0,1,Pedestrian
54,1498.0,853.0,1548.0,899.0,2850,0,0,1,Pedestrian
54,1496.0,853.0,1545.0,899.0,2851,0,0,1,Pedestrian
54,1496.0,853.0,1545.0,899.0,2852,0,0,1,Pedestrian
54,1493.0,853.0,1542.0,899.0,2853,0,0,1,Pedestrian
54,1493.0,853.0,1542.0,899.0,2854,0,0,1,Pedestrian
54,1490.0,853.0,1540.0,899.0,2855,0,0,1,Pedestrian
54,1490.0,853.0,1540.0,899.0,2856,0,0,1,Pedestrian
54,1487.0,853.0,1537.0,899.0,2857,0,0,1,Pedestrian
54,1487.0,853.0,1537.0,899.0,2858,0,0,1,Pedestrian
54,1485.0,853.0,1534.0,899.0,2859,0,0,1,Pedestrian
54,1485.0,853.0,1534.0,899.0,2860,0,0,1,Pedestrian
54,1482.0,853.0,1531.0,899.0,2861,0,0,1,Pedestrian
54,1482.0,853.0,1531.0,899.0,2862,0,0,1,Pedestrian
54,1479.0,853.0,1529.0,899.0,2863,0,0,1,Pedestrian
54,1479.0,853.0,1529.0,899.0,2864,0,0,1,Pedestrian
54,1476.0,853.0,1526.0,899.0,2865,0,0,1,Pedestrian
54,1476.0,853.0,1526.0,899.0,2866,0,0,1,Pedestrian
54,1474.0,853.0,1523.0,899.0,2867,0,0,1,Pedestrian
54,1474.0,853.0,1523.0,899.0,2868,0,0,1,Pedestrian
54,1471.0,853.0,1520.0,899.0,2869,0,0,1,Pedestrian
54,1471.0,853.0,1520.0,899.0,2870,0,0,1,Pedestrian
54,1468.0,853.0,1518.0,899.0,2871,0,0,1,Pedestrian
54,1468.0,853.0,1518.0,899.0,2872,0,0,1,Pedestrian
54,1465.0,853.0,1515.0,899.0,2873,0,0,1,Pedestrian
54,1465.0,853.0,1515.0,899.0,2874,0,0,1,Pedestrian
54,1463.0,853.0,1512.0,899.0,2875,0,0,1,Pedestrian
54,1463.0,853.0,1512.0,899.0,2876,0,0,1,Pedestrian
54,1460.0,853.0,1509.0,899.0,2877,0,0,1,Pedestrian
54,1460.0,853.0,1509.0,899.0,2878,0,0,1,Pedestrian
54,1457.0,853.0,1507.0,899.0,2879,0,0,1,Pedestrian
54,1457.0,853.0,1507.0,899.0,2880,0,0,1,Pedestrian
54,1454.0,853.0,1504.0,899.0,2881,0,0,1,Pedestrian
54,1454.0,853.0,1504.0,899.0,2882,0,0,1,Pedestrian
54,1452.0,853.0,1501.0,899.0,2883,0,0,1,Pedestrian
54,1452.0,853.0,1501.0,899.0,2884,0,0,1,Pedestrian
54,1452.0,853.0,1501.0,899.0,2885,0,0,1,Pedestrian
54,1449.0,853.0,1498.0,899.0,2886,0,0,1,Pedestrian
54,1449.0,853.0,1498.0,899.0,2887,0,0,1,Pedestrian
54,1446.0,853.0,1496.0,899.0,2888,0,0,1,Pedestrian
54,1446.0,853.0,1496.0,899.0,2889,0,0,1,Pedestrian
54,1443.0,853.0,1493.0,899.0,2890,0,0,1,Pedestrian
54,1443.0,853.0,1493.0,899.0,2891,0,0,1,Pedestrian
54,1441.0,853.0,1490.0,899.0,2892,0,0,1,Pedestrian
54,1441.0,853.0,1490.0,899.0,2893,0,0,1,Pedestrian
54,1438.0,853.0,1487.0,899.0,2894,0,0,1,Pedestrian
54,1438.0,853.0,1487.0,899.0,2895,0,0,1,Pedestrian
54,1435.0,853.0,1485.0,899.0,2896,0,0,1,Pedestrian
54,1435.0,853.0,1485.0,899.0,2897,0,0,1,Pedestrian
54,1432.0,853.0,1482.0,899.0,2898,0,0,1,Pedestrian
54,1432.0,853.0,1482.0,899.0,2899,0,0,1,Pedestrian
54,1430.0,853.0,1479.0,899.0,2900,0,0,1,Pedestrian
54,1430.0,853.0,1479.0,899.0,2901,0,0,1,Pedestrian
54,1427.0,853.0,1476.0,899.0,2902,0,0,1,Pedestrian
54,1427.0,853.0,1476.0,899.0,2903,0,0,1,Pedestrian
54,1424.0,853.0,1474.0,899.0,2904,0,0,1,Pedestrian
54,1424.0,853.0,1474.0,899.0,2905,0,0,1,Pedestrian
54,1421.0,853.0,1471.0,899.0,2906,0,0,1,Pedestrian
54,1421.0,853.0,1471.0,899.0,2907,0,0,1,Pedestrian
54,1419.0,853.0,1468.0,899.0,2908,0,0,1,Pedestrian
54,1419.0,853.0,1468.0,899.0,2909,0,0,1,Pedestrian
54,1416.0,853.0,1465.0,899.0,2910,0,0,1,Pedestrian
54,1416.0,853.0,1465.0,899.0,2911,0,0,1,Pedestrian
54,1413.0,853.0,1463.0,899.0,2912,0,0,1,Pedestrian
54,1413.0,853.0,1463.0,899.0,2913,0,0,1,Pedestrian
54,1410.0,853.0,1460.0,899.0,2914,0,0,1,Pedestrian
54,1410.0,853.0,1460.0,899.0,2915,0,0,1,Pedestrian
54,1408.0,853.0,1457.0,899.0,2916,0,0,1,Pedestrian
54,1408.0,853.0,1457.0,899.0,2917,0,0,1,Pedestrian
54,1405.0,853.0,1454.0,899.0,2918,0,0,1,Pedestrian
54,1405.0,853.0,1454.0,899.0,2919,0,0,1,Pedestrian
54,1402.0,853.0,1452.0,899.0,2920,0,0,1,Pedestrian
54,1402.0,853.0,1452.0,899.0,2921,0,0,1,Pedestrian
54,1399.0,853.0,1449.0,899.0,2922,0,0,1,Pedestrian
54,1399.0,853.0,1449.0,899.0,2923,0,0,1,Pedestrian
54,1397.0,853.0,1446.0,899.0,2924,0,0,1,Pedestrian
54,1397.0,853.0,1446.0,899.0,2925,0,0,1,Pedestrian
54,1394.0,853.0,1443.0,899.0,2926,0,0,1,Pedestrian
54,1394.0,853.0,1443.0,899.0,2927,0,0,1,Pedestrian
54,1391.0,853.0,1441.0,899.0,2928,0,0,1,Pedestrian
54,1391.0,853.0,1441.0,899.0,2929,0,0,1,Pedestrian
54,1388.0,853.0,1438.0,899.0,2930,0,0,1,Pedestrian
54,1388.0,853.0,1438.0,899.0,2931,0,0,1,Pedestrian
54,1386.0,853.0,1435.0,899.0,2932,0,0,1,Pedestrian
54,1386.0,853.0,1435.0,899.0,2933,0,0,1,Pedestrian
54,1383.0,853.0,1432.0,899.0,2934,0,0,1,Pedestrian
54,1383.0,853.0,1432.0,899.0,2935,0,0,1,Pedestrian
54,1380.0,853.0,1430.0,899.0,2936,0,0,1,Pedestrian
54,1380.0,853.0,1430.0,899.0,2937,0,0,1,Pedestrian
54,1377.0,853.0,1427.0,899.0,2938,0,0,1,Pedestrian
54,1377.0,853.0,1427.0,899.0,2939,0,0,1,Pedestrian
54,1375.0,853.0,1424.0,899.0,2940,0,0,1,Pedestrian
54,1375.0,853.0,1424.0,899.0,2941,0,0,1,Pedestrian
54,1372.0,853.0,1421.0,899.0,2942,0,0,1,Pedestrian
54,1372.0,853.0,1421.0,899.0,2943,0,0,1,Pedestrian
54,1369.0,853.0,1419.0,899.0,2944,0,0,1,Pedestrian
54,1369.0,853.0,1419.0,899.0,2945,0,0,1,Pedestrian
54,1366.0,853.0,1416.0,899.0,2946,0,0,1,Pedestrian
54,1366.0,853.0,1416.0,899.0,2947,0,0,1,Pedestrian
54,1364.0,853.0,1413.0,899.0,2948,0,0,1,Pedestrian
54,1364.0,853.0,1413.0,899.0,2949,0,0,1,Pedestrian
54,1361.0,853.0,1410.0,899.0,2950,0,0,1,Pedestrian
54,1361.0,853.0,1410.0,899.0,2951,0,0,1,Pedestrian
54,1358.0,853.0,1408.0,899.0,2952,0,0,1,Pedestrian
54,1358.0,853.0,1408.0,899.0,2953,0,0,1,Pedestrian
54,1355.0,853.0,1405.0,899.0,2954,0,0,1,Pedestrian
54,1355.0,853.0,1405.0,899.0,2955,0,0,1,Pedestrian
54,1353.0,853.0,1402.0,899.0,2956,0,0,1,Pedestrian
54,1353.0,853.0,1402.0,899.0,2957,0,0,1,Pedestrian
54,1350.0,853.0,1399.0,899.0,2958,0,0,1,Pedestrian
54,1350.0,853.0,1399.0,899.0,2959,0,0,1,Pedestrian
54,1347.0,853.0,1397.0,899.0,2960,0,0,1,Pedestrian
54,1347.0,853.0,1397.0,899.0,2961,0,0,1,Pedestrian
54,1344.0,853.0,1394.0,899.0,2962,0,0,1,Pedestrian
54,1344.0,853.0,1394.0,899.0,2963,0,0,1,Pedestrian
54,1342.0,853.0,1391.0,899.0,2964,0,0,1,Pedestrian
54,1342.0,853.0,1391.0,899.0,2965,0,0,1,Pedestrian
54,1339.0,853.0,1388.0,899.0,2966,0,0,1,Pedestrian
54,1339.0,853.0,1388.0,899.0,2967,0,0,1,Pedestrian
54,1336.0,853.0,1386.0,899.0,2968,0,0,1,Pedestrian
54,1336.0,853.0,1386.0,899.0,2969,0,0,1,Pedestrian
54,1333.0,853.0,1383.0,899.0,2970,0,0,1,Pedestrian
54,1333.0,853.0,1383.0,899.0,2971,0,0,1,Pedestrian
54,1331.0,853.0,1380.0,899.0,2972,0,0,1,Pedestrian
54,1331.0,853.0,1380.0,899.0,2973,0,0,1,Pedestrian
54,1328.0,853.0,1377.0,899.0,2974,0,0,1,Pedestrian
54,1328.0,853.0,1377.0,899.0,2975,0,0,1,Pedestrian
54,1325.0,853.0,1375.0,899.0,2976,0,0,1,Pedestrian
54,1325.0,853.0,1375.0,899.0,2977,0,0,1,Pedestrian
54,1322.0,853.0,1372.0,899.0,2978,0,0,1,Pedestrian
54,1322.0,853.0,1372.0,899.0,2979,0,0,1,Pedestrian
54,1320.0,853.0,1369.0,899.0,2980,0,0,1,Pedestrian
54,1320.0,853.0,1369.0,899.0,2981,0,0,1,Pedestrian
54,1317.0,853.0,1366.0,899.0,2982,0,0,1,Pedestrian
54,1317.0,853.0,1366.0,899.0,2983,0,0,1,Pedestrian
54,1314.0,853.0,1364.0,899.0,2984,0,0,1,Pedestrian
54,1314.0,853.0,1364.0,899.0,2985,0,0,1,Pedestrian
54,1311.0,853.0,1361.0,899.0,2986,0,0,1,Pedestrian
54,1311.0,853.0,1361.0,899.0,2987,0,0,1,Pedestrian
54,1309.0,853.0,1358.0,899.0,2988,0,0,1,Pedestrian
54,1309.0,853.0,1358.0,899.0,2989,0,0,1,Pedestrian
54,1306.0,853.0,1355.0,899.0,2990,0,0,1,Pedestrian
54,1306.0,853.0,1355.0,899.0,2991,0,0,1,Pedestrian
54,1303.0,853.0,1353.0,899.0,2992,0,0,1,Pedestrian
54,1303.0,853.0,1353.0,899.0,2993,0,0,1,Pedestrian
54,1300.0,853.0,1350.0,899.0,2994,0,0,1,Pedestrian
54,1300.0,853.0,1350.0,899.0,2995,0,0,1,Pedestrian
54,1298.0,853.0,1347.0,899.0,2996,0,0,1,Pedestrian
54,1298.0,853.0,1347.0,899.0,2997,0,0,1,Pedestrian
54,1295.0,853.0,1344.0,899.0,2998,0,0,1,Pedestrian
54,1295.0,853.0,1344.0,899.0,2999,0,0,1,Pedestrian
54,1295.0,853.0,1344.0,899.0,3000,0,0,0,Pedestrian
54,1292.0,851.0,1342.0,897.0,3001,0,0,1,Pedestrian
54,1292.0,851.0,1342.0,897.0,3002,0,0,1,Pedestrian
54,1289.0,851.0,1342.0,897.0,3003,0,0,1,Pedestrian
54,1289.0,851.0,1342.0,897.0,3004,0,0,1,Pedestrian
54,1287.0,851.0,1339.0,897.0,3005,0,0,1,Pedestrian
54,1287.0,851.0,1339.0,897.0,3006,0,0,1,Pedestrian
54,1284.0,851.0,1339.0,897.0,3007,0,0,1,Pedestrian
54,1284.0,851.0,1339.0,897.0,3008,0,0,1,Pedestrian
54,1284.0,851.0,1336.0,894.0,3009,0,0,1,Pedestrian
54,1281.0,851.0,1336.0,894.0,3010,0,0,1,Pedestrian
54,1281.0,851.0,1336.0,894.0,3011,0,0,1,Pedestrian
54,1278.0,851.0,1336.0,894.0,3012,0,0,1,Pedestrian
54,1278.0,851.0,1333.0,894.0,3013,0,0,1,Pedestrian
54,1276.0,851.0,1333.0,894.0,3014,0,0,1,Pedestrian
54,1276.0,851.0,1333.0,894.0,3015,0,0,1,Pedestrian
54,1273.0,851.0,1333.0,894.0,3016,0,0,1,Pedestrian
54,1273.0,851.0,1331.0,892.0,3017,0,0,1,Pedestrian
54,1273.0,851.0,1331.0,892.0,3018,0,0,1,Pedestrian
54,1270.0,851.0,1331.0,892.0,3019,0,0,1,Pedestrian
54,1270.0,851.0,1331.0,892.0,3020,0,0,1,Pedestrian
54,1267.0,851.0,1328.0,892.0,3021,0,0,1,Pedestrian
54,1267.0,851.0,1328.0,892.0,3022,0,0,1,Pedestrian
54,1265.0,851.0,1328.0,892.0,3023,0,0,1,Pedestrian
54,1265.0,851.0,1328.0,892.0,3024,0,0,1,Pedestrian
54,1265.0,851.0,1328.0,892.0,3025,0,0,1,Pedestrian
54,1262.0,851.0,1325.0,890.0,3026,0,0,1,Pedestrian
54,1262.0,851.0,1325.0,890.0,3027,0,0,1,Pedestrian
54,1259.0,851.0,1325.0,890.0,3028,0,0,1,Pedestrian
54,1259.0,851.0,1325.0,890.0,3029,0,0,1,Pedestrian
54,1256.0,851.0,1322.0,890.0,3030,0,0,1,Pedestrian
54,1256.0,851.0,1322.0,890.0,3031,0,0,1,Pedestrian
54,1254.0,851.0,1322.0,890.0,3032,0,0,1,Pedestrian
54,1254.0,851.0,1322.0,890.0,3033,0,0,1,Pedestrian
54,1254.0,851.0,1320.0,888.0,3034,0,0,1,Pedestrian
54,1251.0,851.0,1320.0,888.0,3035,0,0,1,Pedestrian
54,1251.0,851.0,1320.0,888.0,3036,0,0,1,Pedestrian
54,1248.0,851.0,1320.0,888.0,3037,0,0,1,Pedestrian
54,1248.0,851.0,1317.0,888.0,3038,0,0,1,Pedestrian
54,1245.0,851.0,1317.0,888.0,3039,0,0,1,Pedestrian
54,1245.0,851.0,1317.0,888.0,3040,0,0,1,Pedestrian
54,1243.0,851.0,1317.0,888.0,3041,0,0,1,Pedestrian
54,1243.0,851.0,1314.0,885.0,3042,0,0,1,Pedestrian
54,1243.0,851.0,1314.0,885.0,3043,0,0,1,Pedestrian
54,1240.0,851.0,1314.0,885.0,3044,0,0,1,Pedestrian
54,1240.0,851.0,1314.0,885.0,3045,0,0,1,Pedestrian
54,1237.0,851.0,1311.0,885.0,3046,0,0,1,Pedestrian
54,1237.0,851.0,1311.0,885.0,3047,0,0,1,Pedestrian
54,1234.0,851.0,1311.0,885.0,3048,0,0,1,Pedestrian
54,1234.0,851.0,1311.0,885.0,3049,0,0,1,Pedestrian
54,1234.0,851.0,1311.0,885.0,3050,0,0,0,Pedestrian
54,1232.0,849.0,1309.0,883.0,3051,0,0,1,Pedestrian
54,1229.0,849.0,1306.0,883.0,3052,0,0,1,Pedestrian
54,1226.0,849.0,1303.0,883.0,3053,0,0,1,Pedestrian
54,1223.0,849.0,1300.0,883.0,3054,0,0,1,Pedestrian
54,1223.0,849.0,1300.0,883.0,3055,0,0,1,Pedestrian
54,1221.0,849.0,1298.0,883.0,3056,0,0,1,Pedestrian
54,1218.0,849.0,1295.0,883.0,3057,0,0,1,Pedestrian
54,1215.0,849.0,1292.0,883.0,3058,0,0,1,Pedestrian
54,1215.0,849.0,1292.0,883.0,3059,0,0,1,Pedestrian
54,1212.0,849.0,1289.0,883.0,3060,0,0,1,Pedestrian
54,1210.0,849.0,1287.0,881.0,3061,0,0,1,Pedestrian
54,1207.0,849.0,1284.0,881.0,3062,0,0,1,Pedestrian
54,1207.0,849.0,1284.0,881.0,3063,0,0,1,Pedestrian
54,1204.0,849.0,1281.0,881.0,3064,0,0,1,Pedestrian
54,1201.0,849.0,1278.0,881.0,3065,0,0,1,Pedestrian
54,1199.0,847.0,1276.0,881.0,3066,0,0,1,Pedestrian
54,1196.0,847.0,1273.0,881.0,3067,0,0,1,Pedestrian
54,1196.0,847.0,1273.0,881.0,3068,0,0,1,Pedestrian
54,1193.0,847.0,1270.0,881.0,3069,0,0,1,Pedestrian
54,1190.0,847.0,1267.0,881.0,3070,0,0,1,Pedestrian
54,1188.0,847.0,1265.0,878.0,3071,0,0,1,Pedestrian
54,1188.0,847.0,1265.0,878.0,3072,0,0,1,Pedestrian
54,1185.0,847.0,1262.0,878.0,3073,0,0,1,Pedestrian
54,1182.0,847.0,1259.0,878.0,3074,0,0,1,Pedestrian
54,1179.0,847.0,1256.0,878.0,3075,0,0,1,Pedestrian
54,1179.0,847.0,1256.0,878.0,3076,0,0,1,Pedestrian
54,1177.0,847.0,1254.0,878.0,3077,0,0,1,Pedestrian
54,1174.0,847.0,1251.0,878.0,3078,0,0,1,Pedestrian
54,1171.0,847.0,1248.0,878.0,3079,0,0,1,Pedestrian
54,1171.0,847.0,1248.0,878.0,3080,0,0,0,Pedestrian
54,1168.0,847.0,1245.0,878.0,3081,0,0,1,Pedestrian
54,1168.0,847.0,1245.0,878.0,3082,0,0,1,Pedestrian
54,1166.0,847.0,1243.0,878.0,3083,0,0,1,Pedestrian
54,1166.0,847.0,1243.0,878.0,3084,0,0,1,Pedestrian
54,1166.0,847.0,1243.0,878.0,3085,0,0,1,Pedestrian
54,1163.0,847.0,1240.0,878.0,3086,0,0,1,Pedestrian
54,1163.0,847.0,1240.0,878.0,3087,0,0,1,Pedestrian
54,1163.0,847.0,1240.0,878.0,3088,0,0,1,Pedestrian
54,1160.0,847.0,1237.0,878.0,3089,0,0,1,Pedestrian
54,1160.0,847.0,1237.0,878.0,3090,0,0,1,Pedestrian
54,1157.0,847.0,1234.0,878.0,3091,0,0,1,Pedestrian
54,1157.0,847.0,1234.0,878.0,3092,0,0,1,Pedestrian
54,1157.0,847.0,1234.0,878.0,3093,0,0,1,Pedestrian
54,1155.0,847.0,1232.0,878.0,3094,0,0,1,Pedestrian
54,1155.0,847.0,1232.0,878.0,3095,0,0,1,Pedestrian
54,1155.0,847.0,1232.0,878.0,3096,0,0,1,Pedestrian
54,1152.0,847.0,1229.0,878.0,3097,0,0,1,Pedestrian
54,1152.0,847.0,1229.0,878.0,3098,0,0,1,Pedestrian
54,1149.0,847.0,1226.0,878.0,3099,0,0,1,Pedestrian
54,1149.0,847.0,1226.0,878.0,3100,0,0,1,Pedestrian
54,1149.0,847.0,1226.0,878.0,3101,0,0,1,Pedestrian
54,1146.0,847.0,1223.0,878.0,3102,0,0,1,Pedestrian
54,1146.0,847.0,1223.0,878.0,3103,0,0,1,Pedestrian
54,1146.0,847.0,1223.0,878.0,3104,0,0,1,Pedestrian
54,1144.0,847.0,1221.0,878.0,3105,0,0,1,Pedestrian
54,1144.0,847.0,1221.0,878.0,3106,0,0,1,Pedestrian
54,1141.0,847.0,1218.0,878.0,3107,0,0,1,Pedestrian
54,1141.0,847.0,1218.0,878.0,3108,0,0,1,Pedestrian
54,1141.0,847.0,1218.0,878.0,3109,0,0,1,Pedestrian
54,1138.0,847.0,1215.0,878.0,3110,0,0,1,Pedestrian
54,1138.0,847.0,1215.0,878.0,3111,0,0,1,Pedestrian
54,1138.0,847.0,1215.0,878.0,3112,0,0,1,Pedestrian
54,1135.0,847.0,1212.0,878.0,3113,0,0,1,Pedestrian
54,1135.0,847.0,1212.0,878.0,3114,0,0,1,Pedestrian
54,1133.0,847.0,1210.0,878.0,3115,0,0,1,Pedestrian
54,1133.0,847.0,1210.0,878.0,3116,0,0,1,Pedestrian
54,1133.0,847.0,1210.0,878.0,3117,0,0,1,Pedestrian
54,1130.0,847.0,1207.0,878.0,3118,0,0,1,Pedestrian
54,1130.0,847.0,1207.0,878.0,3119,0,0,1,Pedestrian
54,1130.0,849.0,1207.0,881.0,3120,0,0,0,Pedestrian
54,1127.0,849.0,1204.0,881.0,3121,0,0,1,Pedestrian
54,1127.0,849.0,1204.0,881.0,3122,0,0,1,Pedestrian
54,1124.0,849.0,1201.0,881.0,3123,0,0,1,Pedestrian
54,1124.0,849.0,1201.0,881.0,3124,0,0,1,Pedestrian
54,1122.0,849.0,1199.0,881.0,3125,0,0,1,Pedestrian
54,1122.0,849.0,1199.0,881.0,3126,0,0,1,Pedestrian
54,1119.0,849.0,1196.0,881.0,3127,0,0,1,Pedestrian
54,1119.0,849.0,1196.0,881.0,3128,0,0,1,Pedestrian
54,1116.0,849.0,1193.0,881.0,3129,0,0,1,Pedestrian
54,1116.0,849.0,1193.0,881.0,3130,0,0,1,Pedestrian
54,1113.0,849.0,1190.0,881.0,3131,0,0,1,Pedestrian
54,1113.0,849.0,1190.0,881.0,3132,0,0,1,Pedestrian
54,1111.0,849.0,1188.0,881.0,3133,0,0,1,Pedestrian
54,1111.0,849.0,1188.0,881.0,3134,0,0,1,Pedestrian
54,1108.0,849.0,1185.0,881.0,3135,0,0,1,Pedestrian
54,1108.0,849.0,1185.0,881.0,3136,0,0,1,Pedestrian
54,1105.0,849.0,1182.0,881.0,3137,0,0,1,Pedestrian
54,1105.0,849.0,1182.0,881.0,3138,0,0,1,Pedestrian
54,1102.0,849.0,1179.0,881.0,3139,0,0,1,Pedestrian
54,1102.0,851.0,1179.0,883.0,3140,0,0,0,Pedestrian
54,1100.0,851.0,1177.0,883.0,3141,0,0,1,Pedestrian
54,1100.0,851.0,1177.0,883.0,3142,0,0,1,Pedestrian
54,1097.0,851.0,1174.0,883.0,3143,0,0,1,Pedestrian
54,1097.0,851.0,1174.0,883.0,3144,0,0,1,Pedestrian
54,1097.0,851.0,1174.0,883.0,3145,0,0,1,Pedestrian
54,1094.0,851.0,1171.0,883.0,3146,0,0,1,Pedestrian
54,1094.0,851.0,1171.0,883.0,3147,0,0,1,Pedestrian
54,1094.0,851.0,1171.0,883.0,3148,0,0,1,Pedestrian
54,1091.0,851.0,1168.0,883.0,3149,0,0,1,Pedestrian
54,1091.0,851.0,1168.0,883.0,3150,0,0,1,Pedestrian
54,1091.0,851.0,1168.0,883.0,3151,0,0,1,Pedestrian
54,1089.0,851.0,1166.0,883.0,3152,0,0,1,Pedestrian
54,1089.0,851.0,1166.0,883.0,3153,0,0,1,Pedestrian
54,1089.0,851.0,1166.0,883.0,3154,0,0,1,Pedestrian
54,1086.0,851.0,1163.0,883.0,3155,0,0,1,Pedestrian
54,1086.0,851.0,1163.0,883.0,3156,0,0,1,Pedestrian
54,1086.0,851.0,1163.0,883.0,3157,0,0,1,Pedestrian
54,1083.0,851.0,1160.0,883.0,3158,0,0,1,Pedestrian
54,1083.0,851.0,1160.0,883.0,3159,0,0,1,Pedestrian
54,1083.0,853.0,1160.0,885.0,3160,0,0,1,Pedestrian
54,1080.0,853.0,1157.0,885.0,3161,0,0,1,Pedestrian
54,1080.0,853.0,1157.0,885.0,3162,0,0,1,Pedestrian
54,1078.0,853.0,1155.0,885.0,3163,0,0,1,Pedestrian
54,1078.0,853.0,1155.0,885.0,3164,0,0,1,Pedestrian
54,1078.0,853.0,1155.0,885.0,3165,0,0,1,Pedestrian
54,1075.0,853.0,1152.0,885.0,3166,0,0,1,Pedestrian
54,1075.0,853.0,1152.0,885.0,3167,0,0,1,Pedestrian
54,1075.0,853.0,1152.0,885.0,3168,0,0,1,Pedestrian
54,1072.0,853.0,1149.0,885.0,3169,0,0,1,Pedestrian
54,1072.0,853.0,1149.0,885.0,3170,0,0,1,Pedestrian
54,1072.0,853.0,1149.0,885.0,3171,0,0,1,Pedestrian
54,1069.0,853.0,1146.0,885.0,3172,0,0,1,Pedestrian
54,1069.0,853.0,1146.0,885.0,3173,0,0,1,Pedestrian
54,1069.0,853.0,1146.0,885.0,3174,0,0,1,Pedestrian
54,1067.0,853.0,1144.0,885.0,3175,0,0,1,Pedestrian
54,1067.0,853.0,1144.0,885.0,3176,0,0,1,Pedestrian
54,1067.0,853.0,1144.0,885.0,3177,0,0,1,Pedestrian
54,1064.0,853.0,1141.0,885.0,3178,0,0,1,Pedestrian
54,1064.0,853.0,1141.0,885.0,3179,0,0,1,Pedestrian
54,1064.0,856.0,1141.0,888.0,3180,0,0,0,Pedestrian
54,1061.0,856.0,1138.0,888.0,3181,0,0,1,Pedestrian
54,1058.0,856.0,1135.0,888.0,3182,0,0,1,Pedestrian
54,1058.0,856.0,1135.0,888.0,3183,0,0,1,Pedestrian
54,1056.0,856.0,1133.0,888.0,3184,0,0,1,Pedestrian
54,1053.0,856.0,1130.0,888.0,3185,0,0,1,Pedestrian
54,1053.0,858.0,1130.0,890.0,3186,0,0,1,Pedestrian
54,1050.0,858.0,1127.0,890.0,3187,0,0,1,Pedestrian
54,1047.0,858.0,1124.0,890.0,3188,0,0,1,Pedestrian
54,1047.0,858.0,1124.0,890.0,3189,0,0,1,Pedestrian
54,1045.0,858.0,1122.0,890.0,3190,0,0,1,Pedestrian
54,1042.0,858.0,1119.0,890.0,3191,0,0,1,Pedestrian
54,1042.0,860.0,1119.0,892.0,3192,0,0,1,Pedestrian
54,1039.0,860.0,1116.0,892.0,3193,0,0,1,Pedestrian
54,1036.0,860.0,1113.0,892.0,3194,0,0,1,Pedestrian
54,1036.0,860.0,1113.0,892.0,3195,0,0,1,Pedestrian
54,1034.0,860.0,1111.0,892.0,3196,0,0,1,Pedestrian
54,1031.0,860.0,1108.0,892.0,3197,0,0,1,Pedestrian
54,1031.0,863.0,1108.0,894.0,3198,0,0,1,Pedestrian
54,1028.0,863.0,1105.0,894.0,3199,0,0,1,Pedestrian
54,1025.0,863.0,1102.0,894.0,3200,0,0,1,Pedestrian
54,1025.0,863.0,1102.0,894.0,3201,0,0,1,Pedestrian
54,1023.0,863.0,1100.0,894.0,3202,0,0,1,Pedestrian
54,1020.0,863.0,1097.0,894.0,3203,0,0,1,Pedestrian
54,1020.0,865.0,1097.0,897.0,3204,0,0,1,Pedestrian
54,1017.0,865.0,1094.0,897.0,3205,0,0,1,Pedestrian
54,1014.0,865.0,1091.0,897.0,3206,0,0,1,Pedestrian
54,1014.0,865.0,1091.0,897.0,3207,0,0,1,Pedestrian
54,1012.0,865.0,1089.0,897.0,3208,0,0,1,Pedestrian
54,1009.0,865.0,1086.0,897.0,3209,0,0,1,Pedestrian
54,1009.0,867.0,1086.0,899.0,3210,0,0,0,Pedestrian
54,1006.0,867.0,1083.0,899.0,3211,0,0,1,Pedestrian
54,1003.0,867.0,1080.0,899.0,3212,0,0,1,Pedestrian
54,1003.0,867.0,1080.0,899.0,3213,0,0,1,Pedestrian
54,1001.0,867.0,1078.0,899.0,3214,0,0,1,Pedestrian
54,1001.0,867.0,1078.0,899.0,3215,0,0,1,Pedestrian
54,998.0,867.0,1075.0,899.0,3216,0,0,1,Pedestrian
54,998.0,867.0,1075.0,899.0,3217,0,0,1,Pedestrian
54,995.0,867.0,1072.0,899.0,3218,0,0,1,Pedestrian
54,995.0,867.0,1072.0,899.0,3219,0,0,1,Pedestrian
54,992.0,867.0,1069.0,899.0,3220,0,0,1,Pedestrian
54,992.0,867.0,1069.0,899.0,3221,0,0,1,Pedestrian
54,990.0,867.0,1067.0,899.0,3222,0,0,1,Pedestrian
54,990.0,867.0,1067.0,899.0,3223,0,0,1,Pedestrian
54,987.0,869.0,1064.0,901.0,3224,0,0,1,Pedestrian
54,987.0,869.0,1064.0,901.0,3225,0,0,1,Pedestrian
54,984.0,869.0,1061.0,901.0,3226,0,0,1,Pedestrian
54,984.0,869.0,1061.0,901.0,3227,0,0,1,Pedestrian
54,981.0,869.0,1058.0,901.0,3228,0,0,1,Pedestrian
54,981.0,869.0,1058.0,901.0,3229,0,0,1,Pedestrian
54,979.0,869.0,1056.0,901.0,3230,0,0,1,Pedestrian
54,976.0,869.0,1053.0,901.0,3231,0,0,1,Pedestrian
54,976.0,869.0,1053.0,901.0,3232,0,0,1,Pedestrian
54,973.0,869.0,1050.0,901.0,3233,0,0,1,Pedestrian
54,973.0,869.0,1050.0,901.0,3234,0,0,1,Pedestrian
54,970.0,869.0,1047.0,901.0,3235,0,0,1,Pedestrian
54,970.0,869.0,1047.0,901.0,3236,0,0,1,Pedestrian
54,968.0,872.0,1045.0,904.0,3237,0,0,1,Pedestrian
54,968.0,872.0,1045.0,904.0,3238,0,0,1,Pedestrian
54,965.0,872.0,1042.0,904.0,3239,0,0,1,Pedestrian
54,965.0,872.0,1042.0,904.0,3240,0,0,1,Pedestrian
54,962.0,872.0,1039.0,904.0,3241,0,0,1,Pedestrian
54,962.0,872.0,1039.0,904.0,3242,0,0,1,Pedestrian
54,959.0,872.0,1036.0,904.0,3243,0,0,1,Pedestrian
54,959.0,872.0,1036.0,904.0,3244,0,0,1,Pedestrian
54,957.0,872.0,1034.0,904.0,3245,0,0,1,Pedestrian
54,957.0,872.0,1034.0,904.0,3246,0,0,1,Pedestrian
54,954.0,872.0,1031.0,904.0,3247,0,0,1,Pedestrian
54,954.0,872.0,1031.0,904.0,3248,0,0,1,Pedestrian
54,951.0,872.0,1028.0,904.0,3249,0,0,1,Pedestrian
54,951.0,874.0,1028.0,906.0,3250,0,0,0,Pedestrian
54,948.0,872.0,1025.0,904.0,3251,0,0,1,Pedestrian
54,946.0,872.0,1023.0,904.0,3252,0,0,1,Pedestrian
54,946.0,872.0,1023.0,904.0,3253,0,0,1,Pedestrian
54,943.0,872.0,1020.0,904.0,3254,0,0,1,Pedestrian
54,943.0,872.0,1020.0,904.0,3255,0,0,1,Pedestrian
54,940.0,872.0,1017.0,904.0,3256,0,0,1,Pedestrian
54,940.0,872.0,1017.0,904.0,3257,0,0,1,Pedestrian
54,937.0,872.0,1014.0,904.0,3258,0,0,1,Pedestrian
54,937.0,872.0,1014.0,904.0,3259,0,0,1,Pedestrian
54,935.0,872.0,1012.0,904.0,3260,0,0,1,Pedestrian
54,935.0,872.0,1012.0,904.0,3261,0,0,1,Pedestrian
54,932.0,872.0,1009.0,904.0,3262,0,0,1,Pedestrian
54,932.0,872.0,1009.0,904.0,3263,0,0,1,Pedestrian
54,929.0,872.0,1006.0,904.0,3264,0,0,1,Pedestrian
54,929.0,872.0,1006.0,904.0,3265,0,0,1,Pedestrian
54,926.0,872.0,1003.0,904.0,3266,0,0,1,Pedestrian
54,926.0,872.0,1003.0,904.0,3267,0,0,1,Pedestrian
54,924.0,872.0,1001.0,904.0,3268,0,0,1,Pedestrian
54,924.0,872.0,1001.0,904.0,3269,0,0,1,Pedestrian
54,921.0,872.0,998.0,904.0,3270,0,0,1,Pedestrian
54,918.0,869.0,995.0,901.0,3271,0,0,1,Pedestrian
54,918.0,869.0,995.0,901.0,3272,0,0,1,Pedestrian
54,915.0,869.0,992.0,901.0,3273,0,0,1,Pedestrian
54,915.0,869.0,992.0,901.0,3274,0,0,1,Pedestrian
54,913.0,869.0,990.0,901.0,3275,0,0,1,Pedestrian
54,913.0,869.0,990.0,901.0,3276,0,0,1,Pedestrian
54,910.0,869.0,987.0,901.0,3277,0,0,1,Pedestrian
54,910.0,869.0,987.0,901.0,3278,0,0,1,Pedestrian
54,907.0,869.0,984.0,901.0,3279,0,0,1,Pedestrian
54,907.0,869.0,984.0,901.0,3280,0,0,1,Pedestrian
54,904.0,869.0,981.0,901.0,3281,0,0,1,Pedestrian
54,904.0,869.0,981.0,901.0,3282,0,0,1,Pedestrian
54,902.0,869.0,979.0,901.0,3283,0,0,1,Pedestrian
54,902.0,869.0,979.0,901.0,3284,0,0,1,Pedestrian
54,899.0,869.0,976.0,901.0,3285,0,0,1,Pedestrian
54,899.0,869.0,976.0,901.0,3286,0,0,1,Pedestrian
54,896.0,869.0,973.0,901.0,3287,0,0,1,Pedestrian
54,896.0,869.0,973.0,901.0,3288,0,0,1,Pedestrian
54,893.0,869.0,970.0,901.0,3289,0,0,1,Pedestrian
54,893.0,869.0,970.0,901.0,3290,0,0,0,Pedestrian
54,891.0,867.0,968.0,899.0,3291,0,0,1,Pedestrian
54,888.0,867.0,965.0,899.0,3292,0,0,1,Pedestrian
54,888.0,867.0,965.0,899.0,3293,0,0,1,Pedestrian
54,885.0,867.0,962.0,899.0,3294,0,0,1,Pedestrian
54,885.0,867.0,962.0,899.0,3295,0,0,1,Pedestrian
54,882.0,867.0,959.0,899.0,3296,0,0,1,Pedestrian
54,882.0,867.0,959.0,899.0,3297,0,0,1,Pedestrian
54,880.0,867.0,957.0,899.0,3298,0,0,1,Pedestrian
54,877.0,867.0,954.0,899.0,3299,0,0,1,Pedestrian
54,877.0,867.0,954.0,899.0,3300,0,0,1,Pedestrian
54,874.0,867.0,951.0,899.0,3301,0,0,1,Pedestrian
54,874.0,867.0,951.0,899.0,3302,0,0,1,Pedestrian
54,871.0,865.0,948.0,897.0,3303,0,0,1,Pedestrian
54,871.0,865.0,948.0,897.0,3304,0,0,1,Pedestrian
54,869.0,865.0,946.0,897.0,3305,0,0,1,Pedestrian
54,869.0,865.0,946.0,897.0,3306,0,0,1,Pedestrian
54,866.0,865.0,943.0,897.0,3307,0,0,1,Pedestrian
54,863.0,865.0,940.0,897.0,3308,0,0,1,Pedestrian
54,863.0,865.0,940.0,897.0,3309,0,0,1,Pedestrian
54,860.0,865.0,937.0,897.0,3310,0,0,1,Pedestrian
54,860.0,865.0,937.0,897.0,3311,0,0,1,Pedestrian
54,858.0,865.0,935.0,897.0,3312,0,0,1,Pedestrian
54,858.0,865.0,935.0,897.0,3313,0,0,1,Pedestrian
54,855.0,865.0,932.0,897.0,3314,0,0,1,Pedestrian
54,855.0,865.0,932.0,897.0,3315,0,0,1,Pedestrian
54,852.0,863.0,929.0,894.0,3316,0,0,1,Pedestrian
54,849.0,863.0,926.0,894.0,3317,0,0,1,Pedestrian
54,849.0,863.0,926.0,894.0,3318,0,0,1,Pedestrian
54,847.0,863.0,924.0,894.0,3319,0,0,1,Pedestrian
54,847.0,863.0,924.0,894.0,3320,0,0,1,Pedestrian
54,844.0,863.0,921.0,894.0,3321,0,0,1,Pedestrian
54,844.0,863.0,921.0,894.0,3322,0,0,1,Pedestrian
54,841.0,863.0,918.0,894.0,3323,0,0,1,Pedestrian
54,838.0,863.0,915.0,894.0,3324,0,0,1,Pedestrian
54,838.0,863.0,915.0,894.0,3325,0,0,1,Pedestrian
54,836.0,863.0,913.0,894.0,3326,0,0,1,Pedestrian
54,836.0,863.0,913.0,894.0,3327,0,0,1,Pedestrian
54,833.0,860.0,910.0,892.0,3328,0,0,1,Pedestrian
54,833.0,860.0,910.0,892.0,3329,0,0,1,Pedestrian
54,830.0,860.0,907.0,892.0,3330,0,0,1,Pedestrian
54,830.0,860.0,907.0,892.0,3331,0,0,1,Pedestrian
54,827.0,860.0,904.0,892.0,3332,0,0,1,Pedestrian
54,825.0,860.0,902.0,892.0,3333,0,0,1,Pedestrian
54,825.0,860.0,902.0,892.0,3334,0,0,1,Pedestrian
54,822.0,860.0,899.0,892.0,3335,0,0,1,Pedestrian
54,822.0,860.0,899.0,892.0,3336,0,0,1,Pedestrian
54,819.0,860.0,896.0,892.0,3337,0,0,1,Pedestrian
54,819.0,860.0,896.0,892.0,3338,0,0,1,Pedestrian
54,816.0,860.0,893.0,892.0,3339,0,0,1,Pedestrian
54,816.0,860.0,893.0,892.0,3340,0,0,0,Pedestrian
54,814.0,860.0,891.0,892.0,3341,0,0,1,Pedestrian
54,814.0,860.0,891.0,892.0,3342,0,0,1,Pedestrian
54,811.0,860.0,888.0,892.0,3343,0,0,1,Pedestrian
54,811.0,860.0,888.0,892.0,3344,0,0,1,Pedestrian
54,808.0,860.0,885.0,892.0,3345,0,0,1,Pedestrian
54,808.0,860.0,885.0,892.0,3346,0,0,1,Pedestrian
54,805.0,860.0,882.0,892.0,3347,0,0,1,Pedestrian
54,805.0,860.0,882.0,892.0,3348,0,0,1,Pedestrian
54,803.0,860.0,880.0,892.0,3349,0,0,1,Pedestrian
54,803.0,860.0,880.0,892.0,3350,0,0,1,Pedestrian
54,800.0,860.0,877.0,892.0,3351,0,0,1,Pedestrian
54,800.0,860.0,877.0,892.0,3352,0,0,1,Pedestrian
54,797.0,860.0,874.0,892.0,3353,0,0,1,Pedestrian
54,797.0,860.0,874.0,892.0,3354,0,0,1,Pedestrian
54,794.0,860.0,871.0,892.0,3355,0,0,1,Pedestrian
54,794.0,860.0,871.0,892.0,3356,0,0,1,Pedestrian
54,792.0,860.0,869.0,892.0,3357,0,0,1,Pedestrian
54,792.0,860.0,869.0,892.0,3358,0,0,1,Pedestrian
54,789.0,860.0,866.0,892.0,3359,0,0,1,Pedestrian
54,789.0,860.0,866.0,892.0,3360,0,0,1,Pedestrian
54,789.0,860.0,866.0,892.0,3361,0,0,1,Pedestrian
54,786.0,860.0,863.0,892.0,3362,0,0,1,Pedestrian
54,786.0,860.0,863.0,892.0,3363,0,0,1,Pedestrian
54,783.0,860.0,860.0,892.0,3364,0,0,1,Pedestrian
54,783.0,860.0,860.0,892.0,3365,0,0,1,Pedestrian
54,781.0,860.0,858.0,892.0,3366,0,0,1,Pedestrian
54,781.0,860.0,858.0,892.0,3367,0,0,1,Pedestrian
54,778.0,860.0,855.0,892.0,3368,0,0,1,Pedestrian
54,778.0,860.0,855.0,892.0,3369,0,0,1,Pedestrian
54,775.0,860.0,852.0,892.0,3370,0,0,1,Pedestrian
54,775.0,860.0,852.0,892.0,3371,0,0,1,Pedestrian
54,772.0,860.0,849.0,892.0,3372,0,0,1,Pedestrian
54,772.0,860.0,849.0,892.0,3373,0,0,1,Pedestrian
54,770.0,860.0,847.0,892.0,3374,0,0,1,Pedestrian
54,770.0,860.0,847.0,892.0,3375,0,0,1,Pedestrian
54,767.0,860.0,844.0,892.0,3376,0,0,1,Pedestrian
54,767.0,860.0,844.0,892.0,3377,0,0,1,Pedestrian
54,764.0,860.0,841.0,892.0,3378,0,0,1,Pedestrian
54,764.0,860.0,841.0,892.0,3379,0,0,1,Pedestrian
54,764.0,863.0,841.0,894.0,3380,0,0,0,Pedestrian
54,761.0,863.0,838.0,894.0,3381,0,0,1,Pedestrian
54,759.0,863.0,836.0,894.0,3382,0,0,1,Pedestrian
54,759.0,863.0,836.0,894.0,3383,0,0,1,Pedestrian
54,756.0,863.0,833.0,894.0,3384,0,0,1,Pedestrian
54,756.0,863.0,833.0,894.0,3385,0,0,1,Pedestrian
54,753.0,863.0,830.0,894.0,3386,0,0,1,Pedestrian
54,753.0,863.0,830.0,894.0,3387,0,0,1,Pedestrian
54,750.0,863.0,827.0,894.0,3388,0,0,1,Pedestrian
54,750.0,863.0,827.0,894.0,3389,0,0,1,Pedestrian
54,748.0,863.0,825.0,894.0,3390,0,0,1,Pedestrian
54,748.0,863.0,825.0,894.0,3391,0,0,1,Pedestrian
54,745.0,863.0,822.0,894.0,3392,0,0,1,Pedestrian
54,745.0,863.0,822.0,894.0,3393,0,0,1,Pedestrian
54,742.0,863.0,819.0,894.0,3394,0,0,1,Pedestrian
54,742.0,863.0,819.0,894.0,3395,0,0,1,Pedestrian
54,739.0,863.0,816.0,894.0,3396,0,0,1,Pedestrian
54,739.0,863.0,816.0,894.0,3397,0,0,1,Pedestrian
54,737.0,863.0,814.0,894.0,3398,0,0,1,Pedestrian
54,737.0,863.0,814.0,894.0,3399,0,0,1,Pedestrian
54,734.0,865.0,811.0,897.0,3400,0,0,1,Pedestrian
54,731.0,865.0,808.0,897.0,3401,0,0,1,Pedestrian
54,731.0,865.0,808.0,897.0,3402,0,0,1,Pedestrian
54,728.0,865.0,805.0,897.0,3403,0,0,1,Pedestrian
54,728.0,865.0,805.0,897.0,3404,0,0,1,Pedestrian
54,726.0,865.0,803.0,897.0,3405,0,0,1,Pedestrian
54,726.0,865.0,803.0,897.0,3406,0,0,1,Pedestrian
54,723.0,865.0,800.0,897.0,3407,0,0,1,Pedestrian
54,723.0,865.0,800.0,897.0,3408,0,0,1,Pedestrian
54,720.0,865.0,797.0,897.0,3409,0,0,1,Pedestrian
54,720.0,865.0,797.0,897.0,3410,0,0,1,Pedestrian
54,717.0,865.0,794.0,897.0,3411,0,0,1,Pedestrian
54,717.0,865.0,794.0,897.0,3412,0,0,1,Pedestrian
54,715.0,865.0,792.0,897.0,3413,0,0,1,Pedestrian
54,715.0,865.0,792.0,897.0,3414,0,0,1,Pedestrian
54,712.0,865.0,789.0,897.0,3415,0,0,1,Pedestrian
54,712.0,865.0,789.0,897.0,3416,0,0,1,Pedestrian
54,709.0,865.0,786.0,897.0,3417,0,0,1,Pedestrian
54,709.0,865.0,786.0,897.0,3418,0,0,1,Pedestrian
54,706.0,865.0,783.0,897.0,3419,0,0,1,Pedestrian
54,706.0,867.0,783.0,899.0,3420,0,0,0,Pedestrian
54,704.0,867.0,781.0,899.0,3421,0,0,1,Pedestrian
54,701.0,867.0,778.0,899.0,3422,0,0,1,Pedestrian
54,701.0,867.0,778.0,899.0,3423,0,0,1,Pedestrian
54,698.0,867.0,775.0,899.0,3424,0,0,1,Pedestrian
54,698.0,867.0,775.0,899.0,3425,0,0,1,Pedestrian
54,695.0,867.0,772.0,899.0,3426,0,0,1,Pedestrian
54,695.0,867.0,772.0,899.0,3427,0,0,1,Pedestrian
54,693.0,867.0,770.0,899.0,3428,0,0,1,Pedestrian
54,693.0,867.0,770.0,899.0,3429,0,0,1,Pedestrian
54,690.0,867.0,767.0,899.0,3430,0,0,1,Pedestrian
54,690.0,867.0,767.0,899.0,3431,0,0,1,Pedestrian
54,687.0,867.0,764.0,899.0,3432,0,0,1,Pedestrian
54,687.0,867.0,764.0,899.0,3433,0,0,1,Pedestrian
54,684.0,867.0,761.0,899.0,3434,0,0,1,Pedestrian
54,684.0,867.0,761.0,899.0,3435,0,0,1,Pedestrian
54,682.0,867.0,759.0,899.0,3436,0,0,1,Pedestrian
54,682.0,867.0,759.0,899.0,3437,0,0,1,Pedestrian
54,679.0,867.0,756.0,899.0,3438,0,0,1,Pedestrian
54,679.0,867.0,756.0,899.0,3439,0,0,1,Pedestrian
54,676.0,867.0,753.0,899.0,3440,0,0,1,Pedestrian
54,676.0,867.0,753.0,899.0,3441,0,0,1,Pedestrian
54,673.0,867.0,750.0,899.0,3442,0,0,1,Pedestrian
54,673.0,867.0,750.0,899.0,3443,0,0,1,Pedestrian
54,671.0,867.0,748.0,899.0,3444,0,0,1,Pedestrian
54,671.0,867.0,748.0,899.0,3445,0,0,1,Pedestrian
54,668.0,867.0,745.0,899.0,3446,0,0,1,Pedestrian
54,665.0,867.0,742.0,899.0,3447,0,0,1,Pedestrian
54,665.0,867.0,742.0,899.0,3448,0,0,1,Pedestrian
54,662.0,867.0,739.0,899.0,3449,0,0,1,Pedestrian
54,662.0,867.0,739.0,899.0,3450,0,0,1,Pedestrian
54,660.0,867.0,737.0,899.0,3451,0,0,1,Pedestrian
54,660.0,867.0,737.0,899.0,3452,0,0,1,Pedestrian
54,657.0,867.0,734.0,899.0,3453,0,0,1,Pedestrian
54,657.0,867.0,734.0,899.0,3454,0,0,1,Pedestrian
54,654.0,867.0,731.0,899.0,3455,0,0,1,Pedestrian
54,654.0,867.0,731.0,899.0,3456,0,0,1,Pedestrian
54,651.0,867.0,728.0,899.0,3457,0,0,1,Pedestrian
54,651.0,867.0,728.0,899.0,3458,0,0,1,Pedestrian
54,649.0,867.0,726.0,899.0,3459,0,0,1,Pedestrian
54,649.0,867.0,726.0,899.0,3460,0,0,1,Pedestrian
54,646.0,867.0,723.0,899.0,3461,0,0,1,Pedestrian
54,646.0,867.0,723.0,899.0,3462,0,0,1,Pedestrian
54,643.0,867.0,720.0,899.0,3463,0,0,1,Pedestrian
54,643.0,867.0,720.0,899.0,3464,0,0,1,Pedestrian
54,640.0,867.0,717.0,899.0,3465,0,0,1,Pedestrian
54,640.0,867.0,717.0,899.0,3466,0,0,1,Pedestrian
54,638.0,867.0,715.0,899.0,3467,0,0,1,Pedestrian
54,638.0,867.0,715.0,899.0,3468,0,0,1,Pedestrian
54,635.0,867.0,712.0,899.0,3469,0,0,1,Pedestrian
54,635.0,869.0,712.0,901.0,3470,0,0,0,Pedestrian
54,632.0,869.0,709.0,901.0,3471,0,0,1,Pedestrian
54,629.0,869.0,706.0,901.0,3472,0,0,1,Pedestrian
54,629.0,869.0,706.0,901.0,3473,0,0,1,Pedestrian
54,627.0,869.0,704.0,901.0,3474,0,0,1,Pedestrian
54,627.0,869.0,704.0,901.0,3475,0,0,1,Pedestrian
54,624.0,869.0,701.0,901.0,3476,0,0,1,Pedestrian
54,621.0,869.0,698.0,901.0,3477,0,0,1,Pedestrian
54,621.0,869.0,698.0,901.0,3478,0,0,1,Pedestrian
54,618.0,869.0,695.0,901.0,3479,0,0,1,Pedestrian
54,618.0,869.0,695.0,901.0,3480,0,0,1,Pedestrian
54,616.0,869.0,693.0,901.0,3481,0,0,1,Pedestrian
54,613.0,869.0,690.0,901.0,3482,0,0,1,Pedestrian
54,613.0,869.0,690.0,901.0,3483,0,0,1,Pedestrian
54,610.0,869.0,687.0,901.0,3484,0,0,1,Pedestrian
54,610.0,869.0,687.0,901.0,3485,0,0,1,Pedestrian
54,607.0,869.0,684.0,901.0,3486,0,0,1,Pedestrian
54,605.0,869.0,682.0,901.0,3487,0,0,1,Pedestrian
54,605.0,869.0,682.0,901.0,3488,0,0,1,Pedestrian
54,602.0,869.0,679.0,901.0,3489,0,0,1,Pedestrian
54,602.0,869.0,679.0,901.0,3490,0,0,1,Pedestrian
54,599.0,869.0,676.0,901.0,3491,0,0,1,Pedestrian
54,596.0,869.0,673.0,901.0,3492,0,0,1,Pedestrian
54,596.0,869.0,673.0,901.0,3493,0,0,1,Pedestrian
54,594.0,869.0,671.0,901.0,3494,0,0,1,Pedestrian
54,594.0,869.0,671.0,901.0,3495,0,0,1,Pedestrian
54,591.0,869.0,668.0,901.0,3496,0,0,1,Pedestrian
54,588.0,869.0,665.0,901.0,3497,0,0,1,Pedestrian
54,588.0,869.0,665.0,901.0,3498,0,0,1,Pedestrian
54,585.0,869.0,662.0,901.0,3499,0,0,1,Pedestrian
54,585.0,869.0,662.0,901.0,3500,0,0,0,Pedestrian
54,583.0,867.0,660.0,901.0,3501,0,0,1,Pedestrian
54,580.0,867.0,660.0,901.0,3502,0,0,1,Pedestrian
54,580.0,867.0,657.0,901.0,3503,0,0,1,Pedestrian
54,577.0,867.0,657.0,901.0,3504,0,0,1,Pedestrian
54,577.0,867.0,654.0,901.0,3505,0,0,1,Pedestrian
54,574.0,867.0,654.0,901.0,3506,0,0,1,Pedestrian
54,574.0,867.0,651.0,901.0,3507,0,0,1,Pedestrian
54,572.0,867.0,651.0,901.0,3508,0,0,1,Pedestrian
54,569.0,867.0,649.0,901.0,3509,0,0,1,Pedestrian
54,569.0,867.0,649.0,901.0,3510,0,0,1,Pedestrian
54,566.0,867.0,646.0,901.0,3511,0,0,1,Pedestrian
54,566.0,867.0,646.0,901.0,3512,0,0,1,Pedestrian
54,563.0,867.0,643.0,901.0,3513,0,0,1,Pedestrian
54,563.0,867.0,643.0,901.0,3514,0,0,1,Pedestrian
54,561.0,867.0,640.0,901.0,3515,0,0,1,Pedestrian
54,558.0,867.0,640.0,901.0,3516,0,0,1,Pedestrian
54,558.0,867.0,638.0,901.0,3517,0,0,1,Pedestrian
54,555.0,867.0,638.0,901.0,3518,0,0,1,Pedestrian
54,555.0,867.0,635.0,901.0,3519,0,0,1,Pedestrian
54,552.0,867.0,635.0,901.0,3520,0,0,1,Pedestrian
54,552.0,867.0,632.0,901.0,3521,0,0,1,Pedestrian
54,550.0,867.0,632.0,901.0,3522,0,0,1,Pedestrian
54,547.0,867.0,632.0,901.0,3523,0,0,1,Pedestrian
54,547.0,867.0,629.0,901.0,3524,0,0,1,Pedestrian
54,544.0,867.0,629.0,901.0,3525,0,0,1,Pedestrian
54,544.0,867.0,627.0,901.0,3526,0,0,1,Pedestrian
54,541.0,867.0,627.0,901.0,3527,0,0,1,Pedestrian
54,541.0,867.0,624.0,901.0,3528,0,0,1,Pedestrian
54,539.0,867.0,624.0,901.0,3529,0,0,1,Pedestrian
54,536.0,867.0,621.0,901.0,3530,0,0,1,Pedestrian
54,536.0,867.0,621.0,901.0,3531,0,0,1,Pedestrian
54,533.0,867.0,618.0,901.0,3532,0,0,1,Pedestrian
54,533.0,867.0,618.0,901.0,3533,0,0,1,Pedestrian
54,530.0,867.0,616.0,901.0,3534,0,0,1,Pedestrian
54,530.0,867.0,616.0,901.0,3535,0,0,1,Pedestrian
54,528.0,867.0,613.0,901.0,3536,0,0,1,Pedestrian
54,525.0,867.0,613.0,901.0,3537,0,0,1,Pedestrian
54,525.0,867.0,610.0,901.0,3538,0,0,1,Pedestrian
54,522.0,867.0,610.0,901.0,3539,0,0,1,Pedestrian
54,522.0,867.0,607.0,901.0,3540,0,0,1,Pedestrian
54,519.0,867.0,607.0,901.0,3541,0,0,1,Pedestrian
54,519.0,867.0,605.0,901.0,3542,0,0,1,Pedestrian
54,517.0,867.0,605.0,901.0,3543,0,0,1,Pedestrian
54,514.0,867.0,605.0,901.0,3544,0,0,1,Pedestrian
54,514.0,867.0,602.0,901.0,3545,0,0,1,Pedestrian
54,511.0,867.0,602.0,901.0,3546,0,0,1,Pedestrian
54,511.0,867.0,599.0,901.0,3547,0,0,1,Pedestrian
54,508.0,867.0,599.0,901.0,3548,0,0,1,Pedestrian
54,508.0,867.0,596.0,901.0,3549,0,0,1,Pedestrian
54,506.0,867.0,596.0,901.0,3550,0,0,1,Pedestrian
54,503.0,867.0,594.0,901.0,3551,0,0,1,Pedestrian
54,503.0,867.0,594.0,901.0,3552,0,0,1,Pedestrian
54,500.0,867.0,591.0,901.0,3553,0,0,1,Pedestrian
54,500.0,867.0,591.0,901.0,3554,0,0,1,Pedestrian
54,497.0,867.0,588.0,901.0,3555,0,0,1,Pedestrian
54,497.0,867.0,588.0,901.0,3556,0,0,1,Pedestrian
54,495.0,867.0,585.0,901.0,3557,0,0,1,Pedestrian
54,492.0,867.0,585.0,901.0,3558,0,0,1,Pedestrian
54,492.0,867.0,583.0,901.0,3559,0,0,1,Pedestrian
54,489.0,867.0,583.0,901.0,3560,0,0,1,Pedestrian
54,489.0,867.0,580.0,901.0,3561,0,0,1,Pedestrian
54,486.0,867.0,580.0,901.0,3562,0,0,1,Pedestrian
54,486.0,867.0,577.0,901.0,3563,0,0,1,Pedestrian
54,484.0,867.0,577.0,901.0,3564,0,0,1,Pedestrian
54,484.0,867.0,574.0,901.0,3565,0,0,1,Pedestrian
54,481.0,867.0,574.0,901.0,3566,0,0,1,Pedestrian
54,478.0,867.0,574.0,901.0,3567,0,0,1,Pedestrian
54,478.0,867.0,572.0,901.0,3568,0,0,1,Pedestrian
54,475.0,867.0,572.0,901.0,3569,0,0,1,Pedestrian
54,475.0,867.0,569.0,901.0,3570,0,0,1,Pedestrian
54,473.0,867.0,569.0,901.0,3571,0,0,1,Pedestrian
54,473.0,867.0,566.0,901.0,3572,0,0,1,Pedestrian
54,470.0,867.0,566.0,901.0,3573,0,0,1,Pedestrian
54,467.0,867.0,563.0,901.0,3574,0,0,1,Pedestrian
54,467.0,867.0,563.0,901.0,3575,0,0,1,Pedestrian
54,464.0,867.0,561.0,901.0,3576,0,0,1,Pedestrian
54,464.0,867.0,561.0,901.0,3577,0,0,1,Pedestrian
54,462.0,867.0,558.0,901.0,3578,0,0,1,Pedestrian
54,462.0,867.0,558.0,901.0,3579,0,0,1,Pedestrian
54,459.0,867.0,555.0,901.0,3580,0,0,1,Pedestrian
54,456.0,867.0,555.0,901.0,3581,0,0,1,Pedestrian
54,456.0,867.0,552.0,901.0,3582,0,0,1,Pedestrian
54,453.0,867.0,552.0,901.0,3583,0,0,1,Pedestrian
54,453.0,867.0,550.0,901.0,3584,0,0,1,Pedestrian
54,451.0,867.0,550.0,901.0,3585,0,0,1,Pedestrian
54,451.0,867.0,547.0,901.0,3586,0,0,1,Pedestrian
54,448.0,867.0,547.0,901.0,3587,0,0,1,Pedestrian
54,445.0,867.0,547.0,901.0,3588,0,0,1,Pedestrian
54,445.0,867.0,544.0,901.0,3589,0,0,1,Pedestrian
54,442.0,867.0,544.0,901.0,3590,0,0,1,Pedestrian
54,442.0,867.0,541.0,901.0,3591,0,0,1,Pedestrian
54,440.0,867.0,541.0,901.0,3592,0,0,1,Pedestrian
54,440.0,867.0,539.0,901.0,3593,0,0,1,Pedestrian
54,437.0,867.0,539.0,901.0,3594,0,0,1,Pedestrian
54,434.0,867.0,536.0,901.0,3595,0,0,1,Pedestrian
54,434.0,867.0,536.0,901.0,3596,0,0,1,Pedestrian
54,431.0,867.0,533.0,901.0,3597,0,0,1,Pedestrian
54,431.0,867.0,533.0,901.0,3598,0,0,1,Pedestrian
54,429.0,867.0,530.0,901.0,3599,0,0,1,Pedestrian
54,429.0,867.0,530.0,901.0,3600,0,0,1,Pedestrian
54,426.0,867.0,528.0,901.0,3601,0,0,1,Pedestrian
54,423.0,865.0,528.0,901.0,3602,0,0,1,Pedestrian
54,423.0,865.0,525.0,901.0,3603,0,0,1,Pedestrian
54,420.0,865.0,525.0,901.0,3604,0,0,1,Pedestrian
54,420.0,865.0,522.0,901.0,3605,0,0,1,Pedestrian
54,418.0,865.0,522.0,901.0,3606,0,0,1,Pedestrian
54,418.0,865.0,519.0,901.0,3607,0,0,1,Pedestrian
54,415.0,865.0,519.0,901.0,3608,0,0,1,Pedestrian
54,412.0,865.0,519.0,901.0,3609,0,0,1,Pedestrian
54,412.0,865.0,517.0,901.0,3610,0,0,1,Pedestrian
54,409.0,865.0,517.0,901.0,3611,0,0,1,Pedestrian
54,409.0,865.0,514.0,901.0,3612,0,0,1,Pedestrian
54,407.0,865.0,514.0,901.0,3613,0,0,1,Pedestrian
54,407.0,865.0,511.0,901.0,3614,0,0,1,Pedestrian
54,404.0,865.0,511.0,901.0,3615,0,0,1,Pedestrian
54,401.0,865.0,508.0,901.0,3616,0,0,1,Pedestrian
54,401.0,865.0,508.0,901.0,3617,0,0,1,Pedestrian
54,398.0,865.0,506.0,901.0,3618,0,0,1,Pedestrian
54,398.0,865.0,506.0,901.0,3619,0,0,1,Pedestrian
54,396.0,865.0,503.0,901.0,3620,0,0,1,Pedestrian
54,396.0,865.0,503.0,901.0,3621,0,0,1,Pedestrian
54,393.0,865.0,500.0,901.0,3622,0,0,1,Pedestrian
54,393.0,865.0,500.0,901.0,3623,0,0,1,Pedestrian
54,390.0,865.0,497.0,901.0,3624,0,0,1,Pedestrian
54,387.0,865.0,497.0,901.0,3625,0,0,1,Pedestrian
54,387.0,865.0,495.0,901.0,3626,0,0,1,Pedestrian
54,385.0,865.0,495.0,901.0,3627,0,0,1,Pedestrian
54,385.0,865.0,492.0,901.0,3628,0,0,1,Pedestrian
54,382.0,865.0,492.0,901.0,3629,0,0,1,Pedestrian
54,382.0,865.0,489.0,901.0,3630,0,0,1,Pedestrian
54,379.0,865.0,489.0,901.0,3631,0,0,1,Pedestrian
54,376.0,865.0,489.0,901.0,3632,0,0,1,Pedestrian
54,376.0,865.0,486.0,901.0,3633,0,0,1,Pedestrian
54,374.0,865.0,486.0,901.0,3634,0,0,1,Pedestrian
54,374.0,865.0,484.0,901.0,3635,0,0,1,Pedestrian
54,371.0,865.0,484.0,901.0,3636,0,0,1,Pedestrian
54,371.0,865.0,481.0,901.0,3637,0,0,1,Pedestrian
54,368.0,865.0,481.0,901.0,3638,0,0,1,Pedestrian
54,365.0,865.0,478.0,901.0,3639,0,0,1,Pedestrian
54,365.0,865.0,478.0,901.0,3640,0,0,1,Pedestrian
54,363.0,865.0,475.0,901.0,3641,0,0,1,Pedestrian
54,363.0,865.0,475.0,901.0,3642,0,0,1,Pedestrian
54,360.0,865.0,473.0,901.0,3643,0,0,1,Pedestrian
54,360.0,865.0,473.0,901.0,3644,0,0,1,Pedestrian
54,357.0,865.0,470.0,901.0,3645,0,0,1,Pedestrian
54,354.0,865.0,470.0,901.0,3646,0,0,1,Pedestrian
54,354.0,865.0,467.0,901.0,3647,0,0,1,Pedestrian
54,352.0,865.0,467.0,901.0,3648,0,0,1,Pedestrian
54,352.0,865.0,464.0,901.0,3649,0,0,1,Pedestrian
54,349.0,865.0,464.0,901.0,3650,0,0,1,Pedestrian
54,349.0,865.0,462.0,901.0,3651,0,0,1,Pedestrian
54,346.0,865.0,462.0,901.0,3652,0,0,1,Pedestrian
54,343.0,865.0,462.0,901.0,3653,0,0,1,Pedestrian
54,343.0,865.0,459.0,901.0,3654,0,0,1,Pedestrian
54,341.0,865.0,459.0,901.0,3655,0,0,1,Pedestrian
54,341.0,865.0,456.0,901.0,3656,0,0,1,Pedestrian
54,338.0,865.0,456.0,901.0,3657,0,0,1,Pedestrian
54,338.0,865.0,453.0,901.0,3658,0,0,1,Pedestrian
54,335.0,865.0,453.0,901.0,3659,0,0,1,Pedestrian
54,332.0,865.0,451.0,901.0,3660,0,0,1,Pedestrian
54,332.0,865.0,451.0,901.0,3661,0,0,1,Pedestrian
54,330.0,865.0,448.0,901.0,3662,0,0,1,Pedestrian
54,330.0,865.0,448.0,901.0,3663,0,0,1,Pedestrian
54,327.0,865.0,445.0,901.0,3664,0,0,1,Pedestrian
54,327.0,865.0,445.0,901.0,3665,0,0,1,Pedestrian
54,324.0,865.0,442.0,901.0,3666,0,0,1,Pedestrian
54,321.0,865.0,442.0,901.0,3667,0,0,1,Pedestrian
54,321.0,865.0,440.0,901.0,3668,0,0,1,Pedestrian
54,319.0,865.0,440.0,901.0,3669,0,0,1,Pedestrian
54,319.0,865.0,437.0,901.0,3670,0,0,1,Pedestrian
54,316.0,865.0,437.0,901.0,3671,0,0,1,Pedestrian
54,316.0,865.0,434.0,901.0,3672,0,0,1,Pedestrian
54,313.0,865.0,434.0,901.0,3673,0,0,1,Pedestrian
54,310.0,865.0,434.0,901.0,3674,0,0,1,Pedestrian
54,310.0,865.0,431.0,901.0,3675,0,0,1,Pedestrian
54,308.0,865.0,431.0,901.0,3676,0,0,1,Pedestrian
54,308.0,865.0,429.0,901.0,3677,0,0,1,Pedestrian
54,305.0,865.0,429.0,901.0,3678,0,0,1,Pedestrian
54,305.0,865.0,426.0,901.0,3679,0,0,1,Pedestrian
54,302.0,865.0,426.0,901.0,3680,0,0,1,Pedestrian
54,299.0,865.0,423.0,901.0,3681,0,0,1,Pedestrian
54,299.0,865.0,423.0,901.0,3682,0,0,1,Pedestrian
54,297.0,865.0,420.0,901.0,3683,0,0,1,Pedestrian
54,297.0,865.0,420.0,901.0,3684,0,0,1,Pedestrian
54,294.0,865.0,418.0,901.0,3685,0,0,1,Pedestrian
54,294.0,865.0,418.0,901.0,3686,0,0,1,Pedestrian
54,291.0,865.0,415.0,901.0,3687,0,0,1,Pedestrian
54,291.0,865.0,415.0,901.0,3688,0,0,1,Pedestrian
54,288.0,865.0,412.0,901.0,3689,0,0,1,Pedestrian
54,286.0,865.0,412.0,901.0,3690,0,0,1,Pedestrian
54,286.0,865.0,409.0,901.0,3691,0,0,1,Pedestrian
54,283.0,865.0,409.0,901.0,3692,0,0,1,Pedestrian
54,283.0,865.0,407.0,901.0,3693,0,0,1,Pedestrian
54,280.0,865.0,407.0,901.0,3694,0,0,1,Pedestrian
54,280.0,865.0,404.0,901.0,3695,0,0,1,Pedestrian
54,277.0,865.0,404.0,901.0,3696,0,0,1,Pedestrian
54,275.0,865.0,404.0,901.0,3697,0,0,1,Pedestrian
54,275.0,865.0,401.0,901.0,3698,0,0,1,Pedestrian
54,272.0,865.0,401.0,901.0,3699,0,0,1,Pedestrian
54,272.0,865.0,398.0,901.0,3700,0,0,1,Pedestrian
54,269.0,865.0,398.0,901.0,3701,0,0,1,Pedestrian
54,269.0,865.0,396.0,901.0,3702,0,0,1,Pedestrian
54,266.0,863.0,396.0,901.0,3703,0,0,1,Pedestrian
54,264.0,863.0,393.0,901.0,3704,0,0,1,Pedestrian
54,264.0,863.0,393.0,901.0,3705,0,0,1,Pedestrian
54,261.0,863.0,390.0,901.0,3706,0,0,1,Pedestrian
54,261.0,863.0,390.0,901.0,3707,0,0,1,Pedestrian
54,258.0,863.0,387.0,901.0,3708,0,0,1,Pedestrian
54,258.0,863.0,387.0,901.0,3709,0,0,1,Pedestrian
54,255.0,863.0,385.0,901.0,3710,0,0,1,Pedestrian
54,253.0,863.0,385.0,901.0,3711,0,0,1,Pedestrian
54,253.0,863.0,382.0,901.0,3712,0,0,1,Pedestrian
54,250.0,863.0,382.0,901.0,3713,0,0,1,Pedestrian
54,250.0,863.0,379.0,901.0,3714,0,0,1,Pedestrian
54,247.0,863.0,379.0,901.0,3715,0,0,1,Pedestrian
54,247.0,863.0,376.0,901.0,3716,0,0,1,Pedestrian
54,244.0,863.0,376.0,901.0,3717,0,0,1,Pedestrian
54,242.0,863.0,376.0,901.0,3718,0,0,1,Pedestrian
54,242.0,863.0,374.0,901.0,3719,0,0,1,Pedestrian
54,239.0,863.0,374.0,901.0,3720,0,0,1,Pedestrian
54,239.0,863.0,371.0,901.0,3721,0,0,1,Pedestrian
54,236.0,863.0,371.0,901.0,3722,0,0,1,Pedestrian
54,236.0,863.0,368.0,901.0,3723,0,0,1,Pedestrian
54,233.0,863.0,368.0,901.0,3724,0,0,1,Pedestrian
54,231.0,863.0,365.0,901.0,3725,0,0,1,Pedestrian
54,231.0,863.0,365.0,901.0,3726,0,0,1,Pedestrian
54,228.0,863.0,363.0,901.0,3727,0,0,1,Pedestrian
54,228.0,863.0,363.0,901.0,3728,0,0,1,Pedestrian
54,225.0,863.0,360.0,901.0,3729,0,0,1,Pedestrian
54,225.0,863.0,360.0,901.0,3730,0,0,1,Pedestrian
54,222.0,863.0,357.0,901.0,3731,0,0,1,Pedestrian
54,220.0,863.0,357.0,901.0,3732,0,0,1,Pedestrian
54,220.0,863.0,354.0,901.0,3733,0,0,1,Pedestrian
54,217.0,863.0,354.0,901.0,3734,0,0,1,Pedestrian
54,217.0,863.0,352.0,901.0,3735,0,0,1,Pedestrian
54,214.0,863.0,352.0,901.0,3736,0,0,1,Pedestrian
54,214.0,863.0,349.0,901.0,3737,0,0,1,Pedestrian
54,211.0,863.0,349.0,901.0,3738,0,0,1,Pedestrian
54,209.0,863.0,349.0,901.0,3739,0,0,1,Pedestrian
54,209.0,863.0,346.0,901.0,3740,0,0,1,Pedestrian
54,206.0,863.0,346.0,901.0,3741,0,0,1,Pedestrian
54,206.0,863.0,343.0,901.0,3742,0,0,1,Pedestrian
54,203.0,863.0,343.0,901.0,3743,0,0,1,Pedestrian
54,203.0,863.0,341.0,901.0,3744,0,0,1,Pedestrian
54,200.0,863.0,341.0,901.0,3745,0,0,1,Pedestrian
54,200.0,863.0,338.0,901.0,3746,0,0,1,Pedestrian
54,198.0,863.0,338.0,901.0,3747,0,0,1,Pedestrian
54,195.0,863.0,335.0,901.0,3748,0,0,1,Pedestrian
54,195.0,863.0,335.0,901.0,3749,0,0,1,Pedestrian
54,192.0,863.0,332.0,901.0,3750,0,0,1,Pedestrian
54,192.0,863.0,332.0,901.0,3751,0,0,1,Pedestrian
54,189.0,863.0,330.0,901.0,3752,0,0,1,Pedestrian
54,189.0,863.0,330.0,901.0,3753,0,0,1,Pedestrian
54,187.0,863.0,327.0,901.0,3754,0,0,1,Pedestrian
54,184.0,863.0,327.0,901.0,3755,0,0,1,Pedestrian
54,184.0,863.0,324.0,901.0,3756,0,0,1,Pedestrian
54,181.0,863.0,324.0,901.0,3757,0,0,1,Pedestrian
54,181.0,863.0,321.0,901.0,3758,0,0,1,Pedestrian
54,178.0,863.0,321.0,901.0,3759,0,0,1,Pedestrian
54,178.0,863.0,319.0,901.0,3760,0,0,1,Pedestrian
54,176.0,863.0,319.0,901.0,3761,0,0,1,Pedestrian
54,173.0,863.0,319.0,901.0,3762,0,0,1,Pedestrian
54,173.0,863.0,316.0,901.0,3763,0,0,1,Pedestrian
54,170.0,863.0,316.0,901.0,3764,0,0,1,Pedestrian
54,170.0,863.0,313.0,901.0,3765,0,0,1,Pedestrian
54,167.0,863.0,313.0,901.0,3766,0,0,1,Pedestrian
54,167.0,863.0,310.0,901.0,3767,0,0,1,Pedestrian
54,165.0,863.0,310.0,901.0,3768,0,0,1,Pedestrian
54,162.0,863.0,308.0,901.0,3769,0,0,1,Pedestrian
54,162.0,863.0,308.0,901.0,3770,0,0,1,Pedestrian
54,159.0,863.0,305.0,901.0,3771,0,0,1,Pedestrian
54,159.0,863.0,305.0,901.0,3772,0,0,1,Pedestrian
54,156.0,863.0,302.0,901.0,3773,0,0,1,Pedestrian
54,156.0,863.0,302.0,901.0,3774,0,0,1,Pedestrian
54,154.0,863.0,299.0,901.0,3775,0,0,1,Pedestrian
54,151.0,863.0,299.0,901.0,3776,0,0,1,Pedestrian
54,151.0,863.0,297.0,901.0,3777,0,0,1,Pedestrian
54,148.0,863.0,297.0,901.0,3778,0,0,1,Pedestrian
54,148.0,863.0,294.0,901.0,3779,0,0,1,Pedestrian
54,145.0,863.0,294.0,901.0,3780,0,0,1,Pedestrian
54,145.0,863.0,291.0,901.0,3781,0,0,1,Pedestrian
54,143.0,863.0,291.0,901.0,3782,0,0,1,Pedestrian
54,140.0,863.0,291.0,901.0,3783,0,0,1,Pedestrian
54,140.0,863.0,288.0,901.0,3784,0,0,1,Pedestrian
54,137.0,863.0,288.0,901.0,3785,0,0,1,Pedestrian
54,137.0,863.0,286.0,901.0,3786,0,0,1,Pedestrian
54,134.0,863.0,286.0,901.0,3787,0,0,1,Pedestrian
54,134.0,863.0,283.0,901.0,3788,0,0,1,Pedestrian
54,132.0,863.0,283.0,901.0,3789,0,0,1,Pedestrian
54,129.0,863.0,280.0,901.0,3790,0,0,1,Pedestrian
54,129.0,863.0,280.0,901.0,3791,0,0,1,Pedestrian
54,126.0,863.0,277.0,901.0,3792,0,0,1,Pedestrian
54,126.0,863.0,277.0,901.0,3793,0,0,1,Pedestrian
54,123.0,863.0,275.0,901.0,3794,0,0,1,Pedestrian
54,123.0,863.0,275.0,901.0,3795,0,0,1,Pedestrian
54,121.0,863.0,272.0,901.0,3796,0,0,1,Pedestrian
54,118.0,863.0,272.0,901.0,3797,0,0,1,Pedestrian
54,118.0,863.0,269.0,901.0,3798,0,0,1,Pedestrian
54,115.0,863.0,269.0,901.0,3799,0,0,1,Pedestrian
54,115.0,863.0,266.0,901.0,3800,0,0,1,Pedestrian
54,112.0,863.0,266.0,901.0,3801,0,0,1,Pedestrian
54,112.0,863.0,264.0,901.0,3802,0,0,1,Pedestrian
54,110.0,863.0,264.0,901.0,3803,0,0,1,Pedestrian
54,110.0,863.0,264.0,904.0,3804,0,0,0,Pedestrian
54,107.0,863.0,261.0,904.0,3805,0,0,1,Pedestrian
54,107.0,863.0,261.0,904.0,3806,0,0,1,Pedestrian
54,107.0,863.0,258.0,904.0,3807,0,0,1,Pedestrian
54,104.0,863.0,258.0,904.0,3808,0,0,1,Pedestrian
54,104.0,863.0,255.0,904.0,3809,0,0,1,Pedestrian
54,104.0,863.0,255.0,904.0,3810,0,0,1,Pedestrian
54,101.0,863.0,253.0,904.0,3811,0,0,1,Pedestrian
54,101.0,863.0,253.0,904.0,3812,0,0,1,Pedestrian
54,101.0,863.0,250.0,904.0,3813,0,0,1,Pedestrian
54,99.0,863.0,250.0,904.0,3814,0,0,1,Pedestrian
54,99.0,863.0,250.0,904.0,3815,0,0,1,Pedestrian
54,99.0,863.0,247.0,904.0,3816,0,0,1,Pedestrian
54,99.0,863.0,247.0,904.0,3817,0,0,1,Pedestrian
54,96.0,863.0,244.0,904.0,3818,0,0,1,Pedestrian
54,96.0,863.0,244.0,904.0,3819,0,0,1,Pedestrian
54,96.0,863.0,242.0,904.0,3820,0,0,1,Pedestrian
54,93.0,863.0,242.0,904.0,3821,0,0,1,Pedestrian
54,93.0,863.0,239.0,904.0,3822,0,0,1,Pedestrian
54,93.0,863.0,239.0,904.0,3823,0,0,1,Pedestrian
54,90.0,863.0,239.0,904.0,3824,0,0,1,Pedestrian
54,90.0,863.0,236.0,904.0,3825,0,0,1,Pedestrian
54,90.0,863.0,236.0,904.0,3826,0,0,1,Pedestrian
54,90.0,863.0,233.0,904.0,3827,0,0,1,Pedestrian
54,88.0,863.0,233.0,904.0,3828,0,0,1,Pedestrian
54,88.0,863.0,231.0,904.0,3829,0,0,1,Pedestrian
54,88.0,863.0,231.0,904.0,3830,0,0,1,Pedestrian
54,85.0,865.0,228.0,906.0,3831,0,0,1,Pedestrian
54,85.0,865.0,228.0,906.0,3832,0,0,1,Pedestrian
54,85.0,865.0,228.0,906.0,3833,0,0,1,Pedestrian
54,82.0,865.0,225.0,906.0,3834,0,0,1,Pedestrian
54,82.0,865.0,225.0,906.0,3835,0,0,1,Pedestrian
54,82.0,865.0,222.0,906.0,3836,0,0,1,Pedestrian
54,82.0,865.0,222.0,906.0,3837,0,0,1,Pedestrian
54,79.0,865.0,220.0,906.0,3838,0,0,1,Pedestrian
54,79.0,865.0,220.0,906.0,3839,0,0,1,Pedestrian
54,79.0,865.0,217.0,906.0,3840,0,0,1,Pedestrian
54,77.0,865.0,217.0,906.0,3841,0,0,1,Pedestrian
54,77.0,865.0,217.0,906.0,3842,0,0,1,Pedestrian
54,77.0,865.0,214.0,906.0,3843,0,0,1,Pedestrian
54,74.0,865.0,214.0,906.0,3844,0,0,1,Pedestrian
54,74.0,865.0,211.0,906.0,3845,0,0,1,Pedestrian
54,74.0,865.0,211.0,906.0,3846,0,0,1,Pedestrian
54,71.0,865.0,209.0,906.0,3847,0,0,1,Pedestrian
54,71.0,865.0,209.0,906.0,3848,0,0,1,Pedestrian
54,71.0,865.0,206.0,906.0,3849,0,0,1,Pedestrian
54,71.0,865.0,206.0,906.0,3850,0,0,1,Pedestrian
54,68.0,865.0,203.0,906.0,3851,0,0,1,Pedestrian
54,68.0,865.0,203.0,906.0,3852,0,0,1,Pedestrian
54,68.0,865.0,203.0,906.0,3853,0,0,1,Pedestrian
54,66.0,865.0,200.0,906.0,3854,0,0,1,Pedestrian
54,66.0,865.0,200.0,906.0,3855,0,0,1,Pedestrian
54,66.0,865.0,198.0,906.0,3856,0,0,1,Pedestrian
54,63.0,867.0,198.0,908.0,3857,0,0,1,Pedestrian
54,63.0,867.0,195.0,908.0,3858,0,0,1,Pedestrian
54,63.0,867.0,195.0,908.0,3859,0,0,1,Pedestrian
54,63.0,867.0,192.0,908.0,3860,0,0,1,Pedestrian
54,60.0,867.0,192.0,908.0,3861,0,0,1,Pedestrian
54,60.0,867.0,192.0,908.0,3862,0,0,1,Pedestrian
54,60.0,867.0,189.0,908.0,3863,0,0,1,Pedestrian
54,57.0,867.0,189.0,908.0,3864,0,0,1,Pedestrian
54,57.0,867.0,187.0,908.0,3865,0,0,1,Pedestrian
54,57.0,867.0,187.0,908.0,3866,0,0,1,Pedestrian
54,55.0,867.0,184.0,908.0,3867,0,0,1,Pedestrian
54,55.0,867.0,184.0,908.0,3868,0,0,1,Pedestrian
54,55.0,867.0,181.0,908.0,3869,0,0,1,Pedestrian
54,55.0,867.0,181.0,908.0,3870,0,0,1,Pedestrian
54,52.0,867.0,181.0,908.0,3871,0,0,1,Pedestrian
54,52.0,867.0,178.0,908.0,3872,0,0,1,Pedestrian
54,52.0,867.0,178.0,908.0,3873,0,0,1,Pedestrian
54,49.0,867.0,176.0,908.0,3874,0,0,1,Pedestrian
54,49.0,867.0,176.0,908.0,3875,0,0,1,Pedestrian
54,49.0,867.0,173.0,908.0,3876,0,0,1,Pedestrian
54,46.0,867.0,173.0,908.0,3877,0,0,1,Pedestrian
54,46.0,867.0,170.0,908.0,3878,0,0,1,Pedestrian
54,46.0,867.0,170.0,908.0,3879,0,0,1,Pedestrian
54,44.0,867.0,170.0,908.0,3880,0,0,1,Pedestrian
54,44.0,867.0,167.0,908.0,3881,0,0,1,Pedestrian
54,44.0,867.0,167.0,908.0,3882,0,0,1,Pedestrian
54,44.0,867.0,165.0,908.0,3883,0,0,1,Pedestrian
54,41.0,869.0,165.0,910.0,3884,0,0,1,Pedestrian
54,41.0,869.0,162.0,910.0,3885,0,0,1,Pedestrian
54,41.0,869.0,162.0,910.0,3886,0,0,1,Pedestrian
54,38.0,869.0,159.0,910.0,3887,0,0,1,Pedestrian
54,38.0,869.0,159.0,910.0,3888,0,0,1,Pedestrian
54,38.0,869.0,159.0,910.0,3889,0,0,1,Pedestrian
54,35.0,869.0,156.0,910.0,3890,0,0,1,Pedestrian
54,35.0,869.0,156.0,910.0,3891,0,0,1,Pedestrian
54,35.0,869.0,154.0,910.0,3892,0,0,1,Pedestrian
54,35.0,869.0,154.0,910.0,3893,0,0,1,Pedestrian
54,33.0,869.0,151.0,910.0,3894,0,0,1,Pedestrian
54,33.0,869.0,151.0,910.0,3895,0,0,1,Pedestrian
54,33.0,869.0,148.0,910.0,3896,0,0,1,Pedestrian
54,30.0,869.0,148.0,910.0,3897,0,0,1,Pedestrian
54,30.0,869.0,145.0,910.0,3898,0,0,1,Pedestrian
54,30.0,869.0,145.0,910.0,3899,0,0,1,Pedestrian
54,27.0,869.0,145.0,910.0,3900,0,0,1,Pedestrian
54,27.0,869.0,143.0,910.0,3901,0,0,1,Pedestrian
54,27.0,869.0,143.0,910.0,3902,0,0,1,Pedestrian
54,27.0,869.0,140.0,910.0,3903,0,0,1,Pedestrian
54,24.0,869.0,140.0,910.0,3904,0,0,1,Pedestrian
54,24.0,869.0,137.0,910.0,3905,0,0,1,Pedestrian
54,24.0,869.0,137.0,910.0,3906,0,0,1,Pedestrian
54,22.0,869.0,134.0,910.0,3907,0,0,1,Pedestrian
54,22.0,869.0,134.0,910.0,3908,0,0,1,Pedestrian
54,22.0,869.0,134.0,910.0,3909,0,0,1,Pedestrian
54,19.0,872.0,132.0,913.0,3910,0,0,1,Pedestrian
54,19.0,872.0,132.0,913.0,3911,0,0,1,Pedestrian
54,19.0,872.0,129.0,913.0,3912,0,0,1,Pedestrian
54,16.0,872.0,129.0,913.0,3913,0,0,1,Pedestrian
54,16.0,872.0,126.0,913.0,3914,0,0,1,Pedestrian
54,16.0,872.0,126.0,913.0,3915,0,0,1,Pedestrian
54,16.0,872.0,123.0,913.0,3916,0,0,1,Pedestrian
54,13.0,872.0,123.0,913.0,3917,0,0,1,Pedestrian
54,13.0,872.0,123.0,913.0,3918,0,0,1,Pedestrian
54,13.0,872.0,121.0,913.0,3919,0,0,1,Pedestrian
54,11.0,872.0,121.0,913.0,3920,0,0,1,Pedestrian
54,11.0,872.0,118.0,913.0,3921,0,0,1,Pedestrian
54,11.0,872.0,118.0,913.0,3922,0,0,1,Pedestrian
54,8.0,872.0,115.0,913.0,3923,0,0,1,Pedestrian
54,8.0,872.0,115.0,913.0,3924,0,0,1,Pedestrian
54,8.0,872.0,112.0,913.0,3925,0,0,1,Pedestrian
54,8.0,872.0,112.0,913.0,3926,0,0,1,Pedestrian
54,5.0,872.0,112.0,913.0,3927,0,0,1,Pedestrian
54,5.0,872.0,110.0,913.0,3928,0,0,1,Pedestrian
54,5.0,872.0,110.0,913.0,3929,0,0,1,Pedestrian
54,2.0,872.0,107.0,913.0,3930,0,0,1,Pedestrian
54,2.0,872.0,107.0,913.0,3931,0,0,1,Pedestrian
54,2.0,872.0,104.0,913.0,3932,0,0,1,Pedestrian
54,0.0,872.0,104.0,913.0,3933,0,0,1,Pedestrian
54,0.0,872.0,101.0,913.0,3934,0,0,1,Pedestrian
54,0.0,872.0,101.0,913.0,3935,0,0,1,Pedestrian
54,0.0,874.0,101.0,915.0,3936,0,0,0,Pedestrian
54,0.0,874.0,88.0,915.0,3937,0,0,1,Pedestrian
54,0.0,876.0,77.0,917.0,3938,0,0,1,Pedestrian
54,0.0,878.0,66.0,919.0,3939,0,0,1,Pedestrian
54,0.0,878.0,55.0,919.0,3940,0,0,1,Pedestrian
54,0.0,881.0,44.0,922.0,3941,0,0,1,Pedestrian
54,0.0,883.0,33.0,924.0,3942,0,0,0,Pedestrian
54,0.0,883.0,30.0,924.0,3943,0,0,1,Pedestrian
54,0.0,883.0,30.0,924.0,3944,0,0,1,Pedestrian
54,0.0,883.0,30.0,924.0,3945,0,0,1,Pedestrian
54,0.0,883.0,30.0,924.0,3946,0,0,1,Pedestrian
54,0.0,883.0,30.0,924.0,3947,0,0,1,Pedestrian
54,0.0,883.0,27.0,924.0,3948,0,0,1,Pedestrian
54,0.0,883.0,27.0,924.0,3949,0,0,1,Pedestrian
54,0.0,883.0,27.0,924.0,3950,0,0,1,Pedestrian
54,0.0,883.0,27.0,924.0,3951,0,0,1,Pedestrian
54,0.0,885.0,27.0,926.0,3952,0,0,0,Pedestrian
54,0.0,885.0,24.0,926.0,3953,0,0,1,Pedestrian
54,0.0,885.0,24.0,926.0,3954,0,0,1,Pedestrian
54,0.0,885.0,22.0,926.0,3955,0,0,1,Pedestrian
54,0.0,885.0,22.0,926.0,3956,0,0,1,Pedestrian
54,0.0,885.0,19.0,926.0,3957,0,0,1,Pedestrian
54,0.0,885.0,19.0,926.0,3958,0,0,1,Pedestrian
54,0.0,885.0,16.0,926.0,3959,0,0,1,Pedestrian
54,0.0,885.0,16.0,926.0,3960,0,0,1,Pedestrian
54,0.0,885.0,13.0,926.0,3961,0,0,1,Pedestrian
54,0.0,888.0,13.0,929.0,3962,1,0,0,Pedestrian
54,0.0,885.0,13.0,926.0,3963,1,0,1,Pedestrian
54,0.0,885.0,13.0,926.0,3964,1,0,1,Pedestrian
54,0.0,885.0,16.0,926.0,3965,1,0,1,Pedestrian
54,0.0,885.0,16.0,926.0,3966,1,0,1,Pedestrian
54,0.0,885.0,19.0,926.0,3967,1,0,1,Pedestrian
54,0.0,885.0,19.0,926.0,3968,1,0,1,Pedestrian
54,0.0,885.0,22.0,926.0,3969,1,0,1,Pedestrian
54,0.0,885.0,22.0,926.0,3970,1,0,1,Pedestrian
54,0.0,885.0,24.0,926.0,3971,1,0,1,Pedestrian
54,0.0,883.0,24.0,924.0,3972,1,0,1,Pedestrian
54,0.0,883.0,24.0,924.0,3973,1,0,1,Pedestrian
54,0.0,883.0,27.0,924.0,3974,1,0,1,Pedestrian
54,0.0,883.0,27.0,924.0,3975,1,0,1,Pedestrian
54,0.0,883.0,30.0,924.0,3976,1,0,1,Pedestrian
54,0.0,883.0,30.0,924.0,3977,1,0,1,Pedestrian
54,0.0,883.0,33.0,924.0,3978,1,0,1,Pedestrian
54,0.0,883.0,33.0,924.0,3979,1,0,1,Pedestrian
54,0.0,883.0,35.0,924.0,3980,1,0,1,Pedestrian
54,0.0,883.0,35.0,924.0,3981,1,0,1,Pedestrian
54,0.0,881.0,35.0,922.0,3982,1,0,1,Pedestrian
54,0.0,881.0,38.0,922.0,3983,1,0,1,Pedestrian
54,0.0,881.0,38.0,922.0,3984,1,0,1,Pedestrian
54,0.0,881.0,41.0,922.0,3985,1,0,1,Pedestrian
54,0.0,881.0,41.0,922.0,3986,1,0,1,Pedestrian
54,0.0,881.0,44.0,922.0,3987,1,0,1,Pedestrian
54,0.0,881.0,44.0,922.0,3988,1,0,1,Pedestrian
54,0.0,881.0,46.0,922.0,3989,1,0,1,Pedestrian
54,0.0,881.0,46.0,922.0,3990,1,0,1,Pedestrian
54,0.0,878.0,46.0,919.0,3991,1,0,1,Pedestrian
54,0.0,878.0,49.0,919.0,3992,1,0,1,Pedestrian
54,0.0,878.0,49.0,919.0,3993,1,0,1,Pedestrian
54,0.0,878.0,52.0,919.0,3994,1,0,1,Pedestrian
54,0.0,878.0,52.0,919.0,3995,1,0,1,Pedestrian
54,0.0,878.0,55.0,919.0,3996,1,0,1,Pedestrian
54,0.0,878.0,55.0,919.0,3997,1,0,1,Pedestrian
54,0.0,878.0,57.0,919.0,3998,1,0,1,Pedestrian
54,0.0,878.0,57.0,919.0,3999,1,0,1,Pedestrian
54,0.0,878.0,60.0,919.0,4000,1,0,0,Pedestrian
54,0.0,878.0,60.0,922.0,4001,1,0,1,Pedestrian
54,0.0,881.0,60.0,926.0,4002,1,0,1,Pedestrian
54,0.0,883.0,60.0,929.0,4003,1,0,1,Pedestrian
54,0.0,885.0,60.0,933.0,4004,1,0,1,Pedestrian
54,0.0,888.0,60.0,938.0,4005,1,0,1,Pedestrian
54,0.0,888.0,60.0,940.0,4006,1,0,1,Pedestrian
54,0.0,890.0,60.0,944.0,4007,1,0,1,Pedestrian
54,0.0,892.0,60.0,947.0,4008,1,0,1,Pedestrian
54,0.0,894.0,60.0,951.0,4009,1,0,1,Pedestrian
54,0.0,897.0,60.0,956.0,4010,1,0,0,Pedestrian
54,0.0,897.0,57.0,956.0,4011,1,0,1,Pedestrian
54,0.0,897.0,57.0,956.0,4012,1,0,1,Pedestrian
54,0.0,897.0,57.0,956.0,4013,1,0,1,Pedestrian
54,0.0,897.0,57.0,956.0,4014,1,0,1,Pedestrian
54,0.0,897.0,57.0,956.0,4015,1,0,1,Pedestrian
54,0.0,897.0,57.0,956.0,4016,1,0,1,Pedestrian
54,0.0,897.0,57.0,956.0,4017,1,0,1,Pedestrian
54,0.0,897.0,57.0,956.0,4018,1,0,1,Pedestrian
54,0.0,897.0,57.0,956.0,4019,1,0,1,Pedestrian
54,0.0,899.0,57.0,956.0,4020,1,0,0,Pedestrian
54,0.0,899.0,57.0,956.0,4021,1,0,1,Pedestrian
54,0.0,899.0,57.0,956.0,4022,1,0,1,Pedestrian
54,0.0,899.0,57.0,956.0,4023,1,0,1,Pedestrian
54,0.0,899.0,57.0,956.0,4024,1,0,1,Pedestrian
54,0.0,899.0,57.0,956.0,4025,1,0,1,Pedestrian
54,0.0,899.0,57.0,956.0,4026,1,0,1,Pedestrian
54,0.0,899.0,57.0,956.0,4027,1,0,1,Pedestrian
54,0.0,899.0,57.0,956.0,4028,1,0,1,Pedestrian
54,0.0,899.0,57.0,956.0,4029,1,0,1,Pedestrian
54,0.0,899.0,57.0,956.0,4030,1,0,0,Pedestrian
54,0.0,899.0,57.0,956.0,4031,1,0,1,Pedestrian
54,0.0,899.0,57.0,956.0,4032,1,0,1,Pedestrian
54,0.0,899.0,57.0,956.0,4033,1,0,1,Pedestrian
54,0.0,899.0,57.0,956.0,4034,1,0,1,Pedestrian
54,0.0,899.0,57.0,956.0,4035,1,0,1,Pedestrian
54,0.0,899.0,57.0,956.0,4036,1,0,1,Pedestrian
54,0.0,899.0,57.0,956.0,4037,1,0,1,Pedestrian
54,0.0,899.0,57.0,956.0,4038,1,0,1,Pedestrian
54,0.0,899.0,57.0,956.0,4039,1,0,1,Pedestrian
54,0.0,899.0,57.0,956.0,4040,1,0,1,Pedestrian
54,0.0,899.0,57.0,956.0,4041,1,0,1,Pedestrian
54,0.0,899.0,57.0,956.0,4042,1,0,1,Pedestrian
54,0.0,899.0,57.0,956.0,4043,1,0,1,Pedestrian
54,0.0,899.0,57.0,956.0,4044,1,0,1,Pedestrian
54,0.0,899.0,57.0,956.0,4045,1,0,1,Pedestrian
54,0.0,899.0,57.0,956.0,4046,1,0,1,Pedestrian
54,0.0,899.0,57.0,956.0,4047,1,0,1,Pedestrian
54,0.0,899.0,57.0,956.0,4048,1,0,1,Pedestrian
54,0.0,899.0,57.0,956.0,4049,1,0,1,Pedestrian
54,0.0,899.0,57.0,956.0,4050,1,0,1,Pedestrian
54,0.0,899.0,57.0,956.0,4051,1,0,1,Pedestrian
54,0.0,899.0,57.0,956.0,4052,1,0,1,Pedestrian
54,0.0,899.0,57.0,956.0,4053,1,0,1,Pedestrian
54,0.0,899.0,57.0,956.0,4054,1,0,1,Pedestrian
54,0.0,899.0,57.0,956.0,4055,1,0,1,Pedestrian
54,0.0,899.0,57.0,956.0,4056,1,0,1,Pedestrian
54,0.0,899.0,57.0,956.0,4057,1,0,1,Pedestrian
54,0.0,899.0,57.0,956.0,4058,1,0,1,Pedestrian
54,0.0,899.0,57.0,956.0,4059,1,0,1,Pedestrian
54,0.0,899.0,57.0,956.0,4060,1,0,1,Pedestrian
54,0.0,899.0,57.0,956.0,4061,1,0,1,Pedestrian
54,0.0,899.0,57.0,956.0,4062,1,0,1,Pedestrian
54,0.0,899.0,57.0,956.0,4063,1,0,1,Pedestrian
54,0.0,899.0,57.0,956.0,4064,1,0,1,Pedestrian
54,0.0,899.0,57.0,956.0,4065,1,0,1,Pedestrian
54,0.0,899.0,57.0,956.0,4066,1,0,1,Pedestrian
54,0.0,899.0,57.0,956.0,4067,1,0,1,Pedestrian
54,0.0,899.0,57.0,956.0,4068,1,0,1,Pedestrian
54,0.0,899.0,57.0,956.0,4069,1,0,1,Pedestrian
54,0.0,899.0,57.0,956.0,4070,1,0,1,Pedestrian
54,0.0,899.0,57.0,956.0,4071,1,0,1,Pedestrian
54,0.0,899.0,57.0,956.0,4072,1,0,1,Pedestrian
54,0.0,899.0,57.0,956.0,4073,1,0,1,Pedestrian
54,0.0,899.0,57.0,956.0,4074,1,0,1,Pedestrian
54,0.0,899.0,57.0,956.0,4075,1,0,1,Pedestrian
54,0.0,899.0,57.0,956.0,4076,1,0,1,Pedestrian
54,0.0,899.0,57.0,956.0,4077,1,0,1,Pedestrian
54,0.0,899.0,57.0,956.0,4078,1,0,1,Pedestrian
54,0.0,899.0,57.0,956.0,4079,1,0,1,Pedestrian
54,0.0,899.0,57.0,956.0,4080,1,0,1,Pedestrian
54,0.0,899.0,57.0,956.0,4081,1,0,1,Pedestrian
54,0.0,899.0,57.0,956.0,4082,1,0,1,Pedestrian
54,0.0,899.0,57.0,956.0,4083,1,0,1,Pedestrian
54,0.0,899.0,57.0,956.0,4084,1,0,1,Pedestrian
54,0.0,899.0,57.0,956.0,4085,1,0,1,Pedestrian
54,0.0,899.0,57.0,956.0,4086,1,0,1,Pedestrian
54,0.0,899.0,57.0,956.0,4087,1,0,1,Pedestrian
54,0.0,899.0,57.0,956.0,4088,1,0,1,Pedestrian
54,0.0,899.0,57.0,956.0,4089,1,0,1,Pedestrian
54,0.0,899.0,57.0,956.0,4090,1,0,1,Pedestrian
54,0.0,899.0,57.0,956.0,4091,1,0,1,Pedestrian
54,0.0,899.0,57.0,956.0,4092,1,0,1,Pedestrian
54,0.0,899.0,57.0,956.0,4093,1,0,1,Pedestrian
54,0.0,899.0,57.0,956.0,4094,1,0,1,Pedestrian
54,0.0,899.0,57.0,956.0,4095,1,0,1,Pedestrian
54,0.0,899.0,57.0,956.0,4096,1,0,1,Pedestrian
54,0.0,899.0,57.0,956.0,4097,1,0,1,Pedestrian
54,0.0,899.0,57.0,956.0,4098,1,0,1,Pedestrian
54,0.0,899.0,57.0,956.0,4099,1,0,1,Pedestrian
54,0.0,899.0,57.0,956.0,4100,1,0,1,Pedestrian
54,0.0,899.0,57.0,956.0,4101,1,0,1,Pedestrian
54,0.0,899.0,57.0,956.0,4102,1,0,1,Pedestrian
54,0.0,899.0,57.0,956.0,4103,1,0,1,Pedestrian
54,0.0,899.0,57.0,956.0,4104,1,0,1,Pedestrian
54,0.0,899.0,57.0,956.0,4105,1,0,1,Pedestrian
54,0.0,899.0,57.0,956.0,4106,1,0,1,Pedestrian
54,0.0,899.0,57.0,956.0,4107,1,0,1,Pedestrian
54,0.0,899.0,57.0,956.0,4108,1,0,1,Pedestrian
54,0.0,899.0,57.0,956.0,4109,1,0,1,Pedestrian
54,0.0,899.0,57.0,956.0,4110,1,0,1,Pedestrian
54,0.0,899.0,57.0,956.0,4111,1,0,1,Pedestrian
54,0.0,899.0,57.0,956.0,4112,1,0,1,Pedestrian
54,0.0,899.0,57.0,956.0,4113,1,0,1,Pedestrian
54,0.0,899.0,57.0,956.0,4114,1,0,1,Pedestrian
54,0.0,899.0,57.0,956.0,4115,1,0,1,Pedestrian
54,0.0,899.0,57.0,956.0,4116,1,0,1,Pedestrian
54,0.0,899.0,57.0,956.0,4117,1,0,1,Pedestrian
54,0.0,899.0,57.0,956.0,4118,1,0,1,Pedestrian
54,0.0,899.0,57.0,956.0,4119,1,0,1,Pedestrian
54,0.0,899.0,57.0,956.0,4120,1,0,1,Pedestrian
54,0.0,899.0,57.0,956.0,4121,1,0,1,Pedestrian
54,0.0,899.0,57.0,956.0,4122,1,0,1,Pedestrian
54,0.0,899.0,57.0,956.0,4123,1,0,1,Pedestrian
54,0.0,899.0,57.0,956.0,4124,1,0,1,Pedestrian
54,0.0,899.0,57.0,956.0,4125,1,0,1,Pedestrian
54,0.0,899.0,57.0,956.0,4126,1,0,1,Pedestrian
54,0.0,899.0,57.0,956.0,4127,1,0,1,Pedestrian
54,0.0,899.0,57.0,956.0,4128,1,0,1,Pedestrian
54,0.0,899.0,57.0,956.0,4129,1,0,1,Pedestrian
54,0.0,899.0,57.0,956.0,4130,1,0,1,Pedestrian
54,0.0,899.0,57.0,956.0,4131,1,0,1,Pedestrian
54,0.0,899.0,57.0,956.0,4132,1,0,1,Pedestrian
54,0.0,899.0,57.0,956.0,4133,1,0,1,Pedestrian
54,0.0,899.0,57.0,956.0,4134,1,0,1,Pedestrian
54,0.0,899.0,57.0,956.0,4135,1,0,1,Pedestrian
54,0.0,899.0,57.0,956.0,4136,1,0,1,Pedestrian
54,0.0,899.0,57.0,956.0,4137,1,0,1,Pedestrian
54,0.0,899.0,57.0,956.0,4138,1,0,1,Pedestrian
54,0.0,899.0,57.0,956.0,4139,1,0,1,Pedestrian
54,0.0,899.0,57.0,956.0,4140,1,0,1,Pedestrian
54,0.0,899.0,57.0,956.0,4141,1,0,1,Pedestrian
54,0.0,899.0,57.0,956.0,4142,1,0,1,Pedestrian
54,0.0,899.0,57.0,956.0,4143,1,0,1,Pedestrian
54,0.0,899.0,57.0,956.0,4144,1,0,1,Pedestrian
54,0.0,899.0,57.0,956.0,4145,1,0,1,Pedestrian
54,0.0,899.0,57.0,956.0,4146,1,0,1,Pedestrian
54,0.0,899.0,57.0,956.0,4147,1,0,1,Pedestrian
54,0.0,899.0,57.0,956.0,4148,1,0,1,Pedestrian
54,0.0,899.0,57.0,956.0,4149,1,0,1,Pedestrian
54,0.0,899.0,57.0,956.0,4150,1,0,1,Pedestrian
54,0.0,899.0,57.0,956.0,4151,1,0,1,Pedestrian
54,0.0,899.0,57.0,956.0,4152,1,0,1,Pedestrian
54,0.0,899.0,57.0,956.0,4153,1,0,1,Pedestrian
54,0.0,899.0,57.0,956.0,4154,1,0,1,Pedestrian
54,0.0,899.0,57.0,956.0,4155,1,0,1,Pedestrian
54,0.0,899.0,57.0,956.0,4156,1,0,1,Pedestrian
54,0.0,899.0,57.0,956.0,4157,1,0,1,Pedestrian
54,0.0,899.0,57.0,956.0,4158,1,0,1,Pedestrian
54,0.0,899.0,57.0,956.0,4159,1,0,1,Pedestrian
54,0.0,899.0,57.0,956.0,4160,1,0,1,Pedestrian
54,0.0,899.0,57.0,956.0,4161,1,0,1,Pedestrian
54,0.0,899.0,57.0,956.0,4162,1,0,1,Pedestrian
54,0.0,899.0,57.0,956.0,4163,1,0,1,Pedestrian
54,0.0,899.0,57.0,956.0,4164,1,0,1,Pedestrian
54,0.0,899.0,57.0,956.0,4165,1,0,1,Pedestrian
54,0.0,899.0,57.0,956.0,4166,1,0,1,Pedestrian
54,0.0,899.0,57.0,956.0,4167,1,0,1,Pedestrian
54,0.0,899.0,57.0,956.0,4168,1,0,1,Pedestrian
54,0.0,899.0,57.0,956.0,4169,1,0,1,Pedestrian
54,0.0,899.0,57.0,956.0,4170,1,0,1,Pedestrian
54,0.0,899.0,57.0,956.0,4171,1,0,1,Pedestrian
54,0.0,899.0,57.0,956.0,4172,1,0,1,Pedestrian
54,0.0,899.0,57.0,956.0,4173,1,0,1,Pedestrian
54,0.0,899.0,57.0,956.0,4174,1,0,1,Pedestrian
54,0.0,899.0,57.0,956.0,4175,1,0,1,Pedestrian
54,0.0,899.0,57.0,956.0,4176,1,0,1,Pedestrian
54,0.0,899.0,57.0,956.0,4177,1,0,1,Pedestrian
54,0.0,899.0,57.0,956.0,4178,1,0,1,Pedestrian
54,0.0,899.0,57.0,956.0,4179,1,0,1,Pedestrian
54,0.0,899.0,57.0,956.0,4180,1,0,1,Pedestrian
54,0.0,899.0,57.0,956.0,4181,1,0,1,Pedestrian
54,0.0,899.0,57.0,956.0,4182,1,0,1,Pedestrian
54,0.0,899.0,57.0,956.0,4183,1,0,1,Pedestrian
54,0.0,899.0,57.0,956.0,4184,1,0,1,Pedestrian
54,0.0,899.0,57.0,956.0,4185,1,0,1,Pedestrian
54,0.0,899.0,57.0,956.0,4186,1,0,1,Pedestrian
54,0.0,899.0,57.0,956.0,4187,1,0,1,Pedestrian
54,0.0,899.0,57.0,956.0,4188,1,0,1,Pedestrian
54,0.0,899.0,57.0,956.0,4189,1,0,1,Pedestrian
54,0.0,899.0,57.0,956.0,4190,1,0,1,Pedestrian
54,0.0,899.0,57.0,956.0,4191,1,0,1,Pedestrian
54,0.0,899.0,57.0,956.0,4192,1,0,1,Pedestrian
54,0.0,899.0,57.0,956.0,4193,1,0,1,Pedestrian
54,0.0,899.0,57.0,956.0,4194,1,0,1,Pedestrian
54,0.0,899.0,57.0,956.0,4195,1,0,1,Pedestrian
54,0.0,899.0,57.0,956.0,4196,1,0,1,Pedestrian
54,0.0,899.0,57.0,956.0,4197,1,0,1,Pedestrian
54,0.0,899.0,57.0,956.0,4198,1,0,1,Pedestrian
54,0.0,899.0,57.0,956.0,4199,1,0,1,Pedestrian
54,0.0,899.0,57.0,956.0,4200,1,0,1,Pedestrian
54,0.0,899.0,57.0,956.0,4201,1,0,1,Pedestrian
54,0.0,899.0,57.0,956.0,4202,1,0,1,Pedestrian
54,0.0,899.0,57.0,956.0,4203,1,0,1,Pedestrian
54,0.0,899.0,57.0,956.0,4204,1,0,1,Pedestrian
54,0.0,899.0,57.0,956.0,4205,1,0,1,Pedestrian
54,0.0,899.0,57.0,956.0,4206,1,0,1,Pedestrian
54,0.0,899.0,57.0,956.0,4207,1,0,1,Pedestrian
54,0.0,899.0,57.0,956.0,4208,1,0,1,Pedestrian
54,0.0,899.0,57.0,956.0,4209,1,0,1,Pedestrian
54,0.0,899.0,57.0,956.0,4210,1,0,1,Pedestrian
54,0.0,899.0,57.0,956.0,4211,1,0,1,Pedestrian
54,0.0,899.0,57.0,956.0,4212,1,0,1,Pedestrian
54,0.0,899.0,57.0,956.0,4213,1,0,1,Pedestrian
54,0.0,899.0,57.0,956.0,4214,1,0,1,Pedestrian
54,0.0,899.0,57.0,956.0,4215,1,0,1,Pedestrian
54,0.0,899.0,57.0,956.0,4216,1,0,1,Pedestrian
54,0.0,899.0,57.0,956.0,4217,1,0,1,Pedestrian
54,0.0,899.0,57.0,956.0,4218,1,0,1,Pedestrian
54,0.0,899.0,57.0,956.0,4219,1,0,1,Pedestrian
54,0.0,899.0,57.0,956.0,4220,1,0,1,Pedestrian
54,0.0,899.0,57.0,956.0,4221,1,0,1,Pedestrian
54,0.0,899.0,57.0,956.0,4222,1,0,1,Pedestrian
54,0.0,899.0,57.0,956.0,4223,1,0,1,Pedestrian
54,0.0,899.0,57.0,956.0,4224,1,0,1,Pedestrian
54,0.0,899.0,57.0,956.0,4225,1,0,1,Pedestrian
54,0.0,899.0,57.0,956.0,4226,1,0,1,Pedestrian
54,0.0,899.0,57.0,956.0,4227,1,0,1,Pedestrian
54,0.0,899.0,57.0,956.0,4228,1,0,1,Pedestrian
54,0.0,899.0,57.0,956.0,4229,1,0,1,Pedestrian
54,0.0,899.0,57.0,956.0,4230,1,0,1,Pedestrian
54,0.0,899.0,57.0,956.0,4231,1,0,1,Pedestrian
54,0.0,899.0,57.0,956.0,4232,1,0,1,Pedestrian
54,0.0,899.0,57.0,956.0,4233,1,0,1,Pedestrian
54,0.0,899.0,57.0,956.0,4234,1,0,1,Pedestrian
54,0.0,899.0,57.0,956.0,4235,1,0,1,Pedestrian
54,0.0,899.0,57.0,956.0,4236,1,0,1,Pedestrian
54,0.0,899.0,57.0,956.0,4237,1,0,1,Pedestrian
54,0.0,899.0,57.0,956.0,4238,1,0,1,Pedestrian
54,0.0,899.0,57.0,956.0,4239,1,0,1,Pedestrian
54,0.0,899.0,57.0,956.0,4240,1,0,1,Pedestrian
54,0.0,899.0,57.0,956.0,4241,1,0,1,Pedestrian
54,0.0,899.0,57.0,956.0,4242,1,0,1,Pedestrian
54,0.0,899.0,57.0,956.0,4243,1,0,1,Pedestrian
54,0.0,899.0,57.0,956.0,4244,1,0,1,Pedestrian
54,0.0,899.0,57.0,956.0,4245,1,0,1,Pedestrian
54,0.0,899.0,57.0,956.0,4246,1,0,1,Pedestrian
54,0.0,899.0,57.0,956.0,4247,1,0,1,Pedestrian
54,0.0,899.0,57.0,956.0,4248,1,0,1,Pedestrian
54,0.0,899.0,57.0,956.0,4249,1,0,1,Pedestrian
54,0.0,899.0,57.0,956.0,4250,1,0,1,Pedestrian
54,0.0,899.0,57.0,956.0,4251,1,0,1,Pedestrian
54,0.0,899.0,57.0,956.0,4252,1,0,1,Pedestrian
54,0.0,899.0,57.0,956.0,4253,1,0,1,Pedestrian
54,0.0,899.0,57.0,956.0,4254,1,0,1,Pedestrian
54,0.0,899.0,57.0,956.0,4255,1,0,1,Pedestrian
54,0.0,899.0,57.0,956.0,4256,1,0,1,Pedestrian
54,0.0,899.0,57.0,956.0,4257,1,0,1,Pedestrian
54,0.0,899.0,57.0,956.0,4258,1,0,1,Pedestrian
54,0.0,899.0,57.0,956.0,4259,1,0,1,Pedestrian
54,0.0,899.0,57.0,956.0,4260,1,0,1,Pedestrian
54,0.0,899.0,57.0,956.0,4261,1,0,1,Pedestrian
54,0.0,899.0,57.0,956.0,4262,1,0,1,Pedestrian
54,0.0,899.0,57.0,956.0,4263,1,0,1,Pedestrian
54,0.0,899.0,57.0,956.0,4264,1,0,1,Pedestrian
54,0.0,899.0,57.0,956.0,4265,1,0,1,Pedestrian
54,0.0,899.0,57.0,956.0,4266,1,0,1,Pedestrian
54,0.0,899.0,57.0,956.0,4267,1,0,1,Pedestrian
54,0.0,899.0,57.0,956.0,4268,1,0,1,Pedestrian
54,0.0,899.0,57.0,956.0,4269,1,0,1,Pedestrian
54,0.0,899.0,57.0,956.0,4270,1,0,1,Pedestrian
54,0.0,899.0,57.0,956.0,4271,1,0,1,Pedestrian
54,0.0,899.0,57.0,956.0,4272,1,0,1,Pedestrian
54,0.0,899.0,57.0,956.0,4273,1,0,1,Pedestrian
54,0.0,899.0,57.0,956.0,4274,1,0,1,Pedestrian
54,0.0,899.0,57.0,956.0,4275,1,0,1,Pedestrian
54,0.0,899.0,57.0,956.0,4276,1,0,1,Pedestrian
54,0.0,899.0,57.0,956.0,4277,1,0,1,Pedestrian
54,0.0,899.0,57.0,956.0,4278,1,0,1,Pedestrian
54,0.0,899.0,57.0,956.0,4279,1,0,1,Pedestrian
54,0.0,899.0,57.0,956.0,4280,1,0,1,Pedestrian
54,0.0,899.0,57.0,956.0,4281,1,0,1,Pedestrian
54,0.0,899.0,57.0,956.0,4282,1,0,1,Pedestrian
54,0.0,899.0,57.0,956.0,4283,1,0,1,Pedestrian
54,0.0,899.0,57.0,956.0,4284,1,0,1,Pedestrian
54,0.0,899.0,57.0,956.0,4285,1,0,1,Pedestrian
54,0.0,899.0,57.0,956.0,4286,1,0,1,Pedestrian
54,0.0,899.0,57.0,956.0,4287,1,0,1,Pedestrian
54,0.0,899.0,57.0,956.0,4288,1,0,1,Pedestrian
54,0.0,899.0,57.0,956.0,4289,1,0,1,Pedestrian
54,0.0,899.0,57.0,956.0,4290,1,0,1,Pedestrian
54,0.0,899.0,57.0,956.0,4291,1,0,1,Pedestrian
54,0.0,899.0,57.0,956.0,4292,1,0,1,Pedestrian
54,0.0,899.0,57.0,956.0,4293,1,0,1,Pedestrian
54,0.0,899.0,57.0,956.0,4294,1,0,1,Pedestrian
54,0.0,899.0,57.0,956.0,4295,1,0,1,Pedestrian
54,0.0,899.0,57.0,956.0,4296,1,0,1,Pedestrian
54,0.0,899.0,57.0,956.0,4297,1,0,1,Pedestrian
54,0.0,899.0,57.0,956.0,4298,1,0,1,Pedestrian
54,0.0,899.0,57.0,956.0,4299,1,0,1,Pedestrian
54,0.0,899.0,57.0,956.0,4300,1,0,1,Pedestrian
54,0.0,899.0,57.0,956.0,4301,1,0,1,Pedestrian
54,0.0,899.0,57.0,956.0,4302,1,0,1,Pedestrian
54,0.0,899.0,57.0,956.0,4303,1,0,1,Pedestrian
54,0.0,899.0,57.0,956.0,4304,1,0,1,Pedestrian
54,0.0,899.0,57.0,956.0,4305,1,0,1,Pedestrian
54,0.0,899.0,57.0,956.0,4306,1,0,1,Pedestrian
54,0.0,899.0,57.0,956.0,4307,1,0,1,Pedestrian
54,0.0,899.0,57.0,956.0,4308,1,0,1,Pedestrian
54,0.0,899.0,57.0,956.0,4309,1,0,1,Pedestrian
54,0.0,899.0,57.0,956.0,4310,1,0,1,Pedestrian
54,0.0,899.0,57.0,956.0,4311,1,0,1,Pedestrian
54,0.0,899.0,57.0,956.0,4312,1,0,1,Pedestrian
54,0.0,899.0,57.0,956.0,4313,1,0,1,Pedestrian
54,0.0,899.0,57.0,956.0,4314,1,0,1,Pedestrian
54,0.0,899.0,57.0,956.0,4315,1,0,1,Pedestrian
54,0.0,899.0,57.0,956.0,4316,1,0,1,Pedestrian
54,0.0,899.0,57.0,956.0,4317,1,0,1,Pedestrian
54,0.0,899.0,57.0,956.0,4318,1,0,1,Pedestrian
54,0.0,899.0,57.0,956.0,4319,1,0,1,Pedestrian
54,0.0,899.0,57.0,956.0,4320,1,0,1,Pedestrian
54,0.0,899.0,57.0,956.0,4321,1,0,1,Pedestrian
54,0.0,899.0,57.0,956.0,4322,1,0,1,Pedestrian
54,0.0,899.0,57.0,956.0,4323,1,0,1,Pedestrian
54,0.0,899.0,57.0,956.0,4324,1,0,1,Pedestrian
54,0.0,899.0,57.0,956.0,4325,1,0,1,Pedestrian
54,0.0,899.0,57.0,956.0,4326,1,0,1,Pedestrian
54,0.0,899.0,57.0,956.0,4327,1,0,1,Pedestrian
54,0.0,899.0,57.0,956.0,4328,1,0,1,Pedestrian
54,0.0,899.0,57.0,956.0,4329,1,0,1,Pedestrian
54,0.0,899.0,57.0,956.0,4330,1,0,1,Pedestrian
54,0.0,899.0,57.0,956.0,4331,1,0,1,Pedestrian
54,0.0,899.0,57.0,956.0,4332,1,0,1,Pedestrian
54,0.0,899.0,57.0,956.0,4333,1,0,1,Pedestrian
54,0.0,899.0,57.0,956.0,4334,1,0,1,Pedestrian
54,0.0,899.0,57.0,956.0,4335,1,0,1,Pedestrian
54,0.0,899.0,57.0,956.0,4336,1,0,1,Pedestrian
54,0.0,899.0,57.0,956.0,4337,1,0,1,Pedestrian
54,0.0,899.0,57.0,956.0,4338,1,0,1,Pedestrian
54,0.0,899.0,57.0,956.0,4339,1,0,1,Pedestrian
54,0.0,899.0,57.0,956.0,4340,1,0,1,Pedestrian
54,0.0,899.0,57.0,956.0,4341,1,0,1,Pedestrian
54,0.0,899.0,57.0,956.0,4342,1,0,1,Pedestrian
54,0.0,899.0,57.0,956.0,4343,1,0,1,Pedestrian
54,0.0,899.0,57.0,956.0,4344,1,0,1,Pedestrian
54,0.0,899.0,57.0,956.0,4345,1,0,1,Pedestrian
54,0.0,899.0,57.0,956.0,4346,1,0,1,Pedestrian
54,0.0,899.0,57.0,956.0,4347,1,0,1,Pedestrian
54,0.0,899.0,57.0,956.0,4348,1,0,1,Pedestrian
54,0.0,899.0,57.0,956.0,4349,1,0,1,Pedestrian
54,0.0,899.0,57.0,956.0,4350,1,0,1,Pedestrian
54,0.0,899.0,57.0,956.0,4351,1,0,1,Pedestrian
54,0.0,899.0,57.0,956.0,4352,1,0,1,Pedestrian
54,0.0,899.0,57.0,956.0,4353,1,0,1,Pedestrian
54,0.0,899.0,57.0,956.0,4354,1,0,1,Pedestrian
54,0.0,899.0,57.0,956.0,4355,1,0,1,Pedestrian
54,0.0,899.0,57.0,956.0,4356,1,0,1,Pedestrian
54,0.0,899.0,57.0,956.0,4357,1,0,1,Pedestrian
54,0.0,899.0,57.0,956.0,4358,1,0,1,Pedestrian
54,0.0,899.0,57.0,956.0,4359,1,0,1,Pedestrian
54,0.0,899.0,57.0,956.0,4360,1,0,1,Pedestrian
54,0.0,899.0,57.0,956.0,4361,1,0,1,Pedestrian
54,0.0,899.0,57.0,956.0,4362,1,0,1,Pedestrian
54,0.0,899.0,57.0,956.0,4363,1,0,1,Pedestrian
54,0.0,899.0,57.0,956.0,4364,1,0,1,Pedestrian
54,0.0,899.0,57.0,956.0,4365,1,0,1,Pedestrian
54,0.0,899.0,57.0,956.0,4366,1,0,1,Pedestrian
54,0.0,899.0,57.0,956.0,4367,1,0,1,Pedestrian
54,0.0,899.0,57.0,956.0,4368,1,0,1,Pedestrian
54,0.0,899.0,57.0,956.0,4369,1,0,1,Pedestrian
54,0.0,899.0,57.0,956.0,4370,1,0,1,Pedestrian
54,0.0,899.0,57.0,956.0,4371,1,0,1,Pedestrian
54,0.0,899.0,57.0,956.0,4372,1,0,1,Pedestrian
54,0.0,899.0,57.0,956.0,4373,1,0,1,Pedestrian
54,0.0,899.0,57.0,956.0,4374,1,0,1,Pedestrian
54,0.0,899.0,57.0,956.0,4375,1,0,1,Pedestrian
54,0.0,899.0,57.0,956.0,4376,1,0,1,Pedestrian
54,0.0,899.0,57.0,956.0,4377,1,0,1,Pedestrian
54,0.0,899.0,57.0,956.0,4378,1,0,1,Pedestrian
54,0.0,899.0,57.0,956.0,4379,1,0,1,Pedestrian
54,0.0,899.0,57.0,956.0,4380,1,0,1,Pedestrian
54,0.0,899.0,57.0,956.0,4381,1,0,1,Pedestrian
54,0.0,899.0,57.0,956.0,4382,1,0,1,Pedestrian
54,0.0,899.0,57.0,956.0,4383,1,0,1,Pedestrian
54,0.0,899.0,57.0,956.0,4384,1,0,1,Pedestrian
54,0.0,899.0,57.0,956.0,4385,1,0,1,Pedestrian
54,0.0,899.0,57.0,956.0,4386,1,0,1,Pedestrian
54,0.0,899.0,57.0,956.0,4387,1,0,1,Pedestrian
54,0.0,899.0,57.0,956.0,4388,1,0,1,Pedestrian
54,0.0,899.0,57.0,956.0,4389,1,0,1,Pedestrian
54,0.0,899.0,57.0,956.0,4390,1,0,1,Pedestrian
54,0.0,899.0,57.0,956.0,4391,1,0,1,Pedestrian
54,0.0,899.0,57.0,956.0,4392,1,0,1,Pedestrian
54,0.0,899.0,57.0,956.0,4393,1,0,1,Pedestrian
54,0.0,899.0,57.0,956.0,4394,1,0,1,Pedestrian
54,0.0,899.0,57.0,956.0,4395,1,0,1,Pedestrian
54,0.0,899.0,57.0,956.0,4396,1,0,1,Pedestrian
54,0.0,899.0,57.0,956.0,4397,1,0,1,Pedestrian
54,0.0,899.0,57.0,956.0,4398,1,0,1,Pedestrian
54,0.0,899.0,57.0,956.0,4399,1,0,1,Pedestrian
54,0.0,899.0,57.0,956.0,4400,1,0,1,Pedestrian
54,0.0,899.0,57.0,956.0,4401,1,0,1,Pedestrian
54,0.0,899.0,57.0,956.0,4402,1,0,1,Pedestrian
54,0.0,899.0,57.0,956.0,4403,1,0,1,Pedestrian
54,0.0,899.0,57.0,956.0,4404,1,0,1,Pedestrian
54,0.0,899.0,57.0,956.0,4405,1,0,1,Pedestrian
54,0.0,899.0,57.0,956.0,4406,1,0,1,Pedestrian
54,0.0,899.0,57.0,956.0,4407,1,0,1,Pedestrian
54,0.0,899.0,57.0,956.0,4408,1,0,1,Pedestrian
54,0.0,899.0,57.0,956.0,4409,1,0,1,Pedestrian
54,0.0,899.0,57.0,956.0,4410,1,0,1,Pedestrian
54,0.0,899.0,57.0,956.0,4411,1,0,1,Pedestrian
54,0.0,899.0,57.0,956.0,4412,1,0,1,Pedestrian
54,0.0,899.0,57.0,956.0,4413,1,0,1,Pedestrian
54,0.0,899.0,57.0,956.0,4414,1,0,1,Pedestrian
54,0.0,899.0,57.0,956.0,4415,1,0,1,Pedestrian
54,0.0,899.0,57.0,956.0,4416,1,0,1,Pedestrian
54,0.0,899.0,57.0,956.0,4417,1,0,1,Pedestrian
54,0.0,899.0,57.0,956.0,4418,1,0,1,Pedestrian
54,0.0,899.0,57.0,956.0,4419,1,0,1,Pedestrian
54,0.0,899.0,57.0,956.0,4420,1,0,1,Pedestrian
54,0.0,899.0,57.0,956.0,4421,1,0,1,Pedestrian
54,0.0,899.0,57.0,956.0,4422,1,0,1,Pedestrian
54,0.0,899.0,57.0,956.0,4423,1,0,1,Pedestrian
54,0.0,899.0,57.0,956.0,4424,1,0,1,Pedestrian
54,0.0,899.0,57.0,956.0,4425,1,0,1,Pedestrian
54,0.0,899.0,57.0,956.0,4426,1,0,1,Pedestrian
54,0.0,899.0,57.0,956.0,4427,1,0,1,Pedestrian
54,0.0,899.0,57.0,956.0,4428,1,0,1,Pedestrian
54,0.0,899.0,57.0,956.0,4429,1,0,1,Pedestrian
54,0.0,899.0,57.0,956.0,4430,1,0,1,Pedestrian
54,0.0,899.0,57.0,956.0,4431,1,0,1,Pedestrian
54,0.0,899.0,57.0,956.0,4432,1,0,1,Pedestrian
54,0.0,899.0,57.0,956.0,4433,1,0,1,Pedestrian
54,0.0,899.0,57.0,956.0,4434,1,0,1,Pedestrian
54,0.0,899.0,57.0,956.0,4435,1,0,1,Pedestrian
54,0.0,899.0,57.0,956.0,4436,1,0,1,Pedestrian
54,0.0,899.0,57.0,956.0,4437,1,0,1,Pedestrian
54,0.0,899.0,57.0,956.0,4438,1,0,1,Pedestrian
54,0.0,899.0,57.0,956.0,4439,1,0,1,Pedestrian
54,0.0,899.0,57.0,956.0,4440,1,0,1,Pedestrian
54,0.0,899.0,57.0,956.0,4441,1,0,1,Pedestrian
54,0.0,899.0,57.0,956.0,4442,1,0,1,Pedestrian
54,0.0,899.0,57.0,956.0,4443,1,0,1,Pedestrian
54,0.0,899.0,57.0,956.0,4444,1,0,1,Pedestrian
54,0.0,899.0,57.0,956.0,4445,1,0,1,Pedestrian
54,0.0,899.0,57.0,956.0,4446,1,0,1,Pedestrian
54,0.0,899.0,57.0,956.0,4447,1,0,1,Pedestrian
54,0.0,899.0,57.0,956.0,4448,1,0,1,Pedestrian
54,0.0,899.0,57.0,956.0,4449,1,0,1,Pedestrian
54,0.0,899.0,57.0,956.0,4450,1,0,1,Pedestrian
54,0.0,899.0,57.0,956.0,4451,1,0,1,Pedestrian
54,0.0,899.0,57.0,956.0,4452,1,0,1,Pedestrian
54,0.0,899.0,57.0,956.0,4453,1,0,1,Pedestrian
54,0.0,899.0,57.0,956.0,4454,1,0,1,Pedestrian
54,0.0,899.0,57.0,956.0,4455,1,0,1,Pedestrian
54,0.0,899.0,57.0,956.0,4456,1,0,1,Pedestrian
54,0.0,899.0,57.0,956.0,4457,1,0,1,Pedestrian
54,0.0,899.0,57.0,956.0,4458,1,0,1,Pedestrian
54,0.0,899.0,57.0,956.0,4459,1,0,1,Pedestrian
54,0.0,899.0,57.0,956.0,4460,1,0,1,Pedestrian
54,0.0,899.0,57.0,956.0,4461,1,0,1,Pedestrian
54,0.0,899.0,57.0,956.0,4462,1,0,1,Pedestrian
54,0.0,899.0,57.0,956.0,4463,1,0,1,Pedestrian
54,0.0,899.0,57.0,956.0,4464,1,0,1,Pedestrian
54,0.0,899.0,57.0,956.0,4465,1,0,1,Pedestrian
54,0.0,899.0,57.0,956.0,4466,1,0,1,Pedestrian
54,0.0,899.0,57.0,956.0,4467,1,0,1,Pedestrian
54,0.0,899.0,57.0,956.0,4468,1,0,1,Pedestrian
54,0.0,899.0,57.0,956.0,4469,1,0,1,Pedestrian
54,0.0,899.0,57.0,956.0,4470,1,0,1,Pedestrian
54,0.0,899.0,57.0,956.0,4471,1,0,1,Pedestrian
54,0.0,899.0,57.0,956.0,4472,1,0,1,Pedestrian
54,0.0,899.0,57.0,956.0,4473,1,0,1,Pedestrian
54,0.0,899.0,57.0,956.0,4474,1,0,1,Pedestrian
54,0.0,899.0,57.0,956.0,4475,1,0,1,Pedestrian
54,0.0,899.0,57.0,956.0,4476,1,0,1,Pedestrian
54,0.0,899.0,57.0,956.0,4477,1,0,1,Pedestrian
54,0.0,899.0,57.0,956.0,4478,1,0,1,Pedestrian
54,0.0,899.0,57.0,956.0,4479,1,0,1,Pedestrian
54,0.0,899.0,57.0,956.0,4480,1,0,1,Pedestrian
54,0.0,899.0,57.0,956.0,4481,1,0,1,Pedestrian
54,0.0,899.0,57.0,956.0,4482,1,0,1,Pedestrian
54,0.0,899.0,57.0,956.0,4483,1,0,1,Pedestrian
54,0.0,899.0,57.0,956.0,4484,1,0,1,Pedestrian
54,0.0,899.0,57.0,956.0,4485,1,0,1,Pedestrian
54,0.0,899.0,57.0,956.0,4486,1,0,1,Pedestrian
54,0.0,899.0,57.0,956.0,4487,1,0,1,Pedestrian
54,0.0,899.0,57.0,956.0,4488,1,0,1,Pedestrian
54,0.0,899.0,57.0,956.0,4489,1,0,1,Pedestrian
54,0.0,899.0,57.0,956.0,4490,1,0,1,Pedestrian
54,0.0,899.0,57.0,956.0,4491,1,0,1,Pedestrian
54,0.0,899.0,57.0,956.0,4492,1,0,1,Pedestrian
54,0.0,899.0,57.0,956.0,4493,1,0,1,Pedestrian
54,0.0,899.0,57.0,956.0,4494,1,0,1,Pedestrian
54,0.0,899.0,57.0,956.0,4495,1,0,1,Pedestrian
54,0.0,899.0,57.0,956.0,4496,1,0,1,Pedestrian
54,0.0,899.0,57.0,956.0,4497,1,0,1,Pedestrian
54,0.0,899.0,57.0,956.0,4498,1,0,1,Pedestrian
54,0.0,899.0,57.0,956.0,4499,1,0,1,Pedestrian
54,0.0,899.0,57.0,956.0,4500,1,0,0,Pedestrian
54,0.0,899.0,57.0,954.0,4501,1,0,1,Pedestrian
54,0.0,899.0,57.0,954.0,4502,1,0,1,Pedestrian
54,0.0,899.0,57.0,954.0,4503,1,0,1,Pedestrian
54,0.0,899.0,57.0,954.0,4504,1,0,1,Pedestrian
54,0.0,899.0,57.0,954.0,4505,1,0,1,Pedestrian
54,0.0,899.0,57.0,954.0,4506,1,0,1,Pedestrian
54,0.0,899.0,57.0,954.0,4507,1,0,1,Pedestrian
54,0.0,899.0,57.0,954.0,4508,1,0,1,Pedestrian
54,0.0,899.0,57.0,954.0,4509,1,0,1,Pedestrian
54,0.0,899.0,60.0,954.0,4510,1,0,1,Pedestrian
54,0.0,899.0,60.0,954.0,4511,1,0,1,Pedestrian
54,0.0,899.0,60.0,954.0,4512,1,0,1,Pedestrian
54,0.0,899.0,60.0,951.0,4513,1,0,1,Pedestrian
54,0.0,899.0,60.0,951.0,4514,1,0,1,Pedestrian
54,0.0,899.0,60.0,951.0,4515,1,0,1,Pedestrian
54,0.0,899.0,60.0,951.0,4516,1,0,1,Pedestrian
54,0.0,899.0,60.0,951.0,4517,1,0,1,Pedestrian
54,0.0,899.0,60.0,951.0,4518,1,0,1,Pedestrian
54,0.0,899.0,60.0,951.0,4519,1,0,1,Pedestrian
54,0.0,899.0,63.0,951.0,4520,1,0,1,Pedestrian
54,0.0,899.0,63.0,951.0,4521,1,0,1,Pedestrian
54,0.0,899.0,63.0,951.0,4522,1,0,1,Pedestrian
54,0.0,899.0,63.0,951.0,4523,1,0,1,Pedestrian
54,0.0,899.0,63.0,951.0,4524,1,0,1,Pedestrian
54,0.0,899.0,63.0,951.0,4525,1,0,1,Pedestrian
54,0.0,899.0,63.0,949.0,4526,1,0,1,Pedestrian
54,0.0,899.0,63.0,949.0,4527,1,0,1,Pedestrian
54,0.0,899.0,63.0,949.0,4528,1,0,1,Pedestrian
54,0.0,899.0,63.0,949.0,4529,1,0,1,Pedestrian
54,0.0,899.0,66.0,949.0,4530,1,0,1,Pedestrian
54,0.0,899.0,66.0,949.0,4531,1,0,1,Pedestrian
54,0.0,899.0,66.0,949.0,4532,1,0,1,Pedestrian
54,0.0,899.0,66.0,949.0,4533,1,0,1,Pedestrian
54,0.0,899.0,66.0,949.0,4534,1,0,1,Pedestrian
54,0.0,899.0,66.0,949.0,4535,1,0,1,Pedestrian
54,0.0,899.0,66.0,949.0,4536,1,0,1,Pedestrian
54,0.0,899.0,66.0,949.0,4537,1,0,1,Pedestrian
54,0.0,899.0,66.0,949.0,4538,1,0,1,Pedestrian
54,0.0,899.0,66.0,947.0,4539,1,0,1,Pedestrian
54,0.0,899.0,68.0,947.0,4540,1,0,1,Pedestrian
54,0.0,899.0,68.0,947.0,4541,1,0,1,Pedestrian
54,0.0,899.0,68.0,947.0,4542,1,0,1,Pedestrian
54,0.0,899.0,68.0,947.0,4543,1,0,1,Pedestrian
54,0.0,899.0,68.0,947.0,4544,1,0,1,Pedestrian
54,0.0,899.0,68.0,947.0,4545,1,0,1,Pedestrian
54,0.0,899.0,68.0,947.0,4546,1,0,1,Pedestrian
54,0.0,899.0,68.0,947.0,4547,1,0,1,Pedestrian
54,0.0,899.0,68.0,947.0,4548,1,0,1,Pedestrian
54,0.0,899.0,68.0,947.0,4549,1,0,1,Pedestrian
54,0.0,899.0,71.0,947.0,4550,1,0,1,Pedestrian
54,0.0,899.0,71.0,944.0,4551,1,0,1,Pedestrian
54,0.0,899.0,71.0,944.0,4552,1,0,1,Pedestrian
54,0.0,899.0,71.0,944.0,4553,1,0,1,Pedestrian
54,0.0,899.0,71.0,944.0,4554,1,0,1,Pedestrian
54,0.0,899.0,71.0,944.0,4555,1,0,1,Pedestrian
54,0.0,899.0,71.0,944.0,4556,1,0,1,Pedestrian
54,0.0,899.0,71.0,944.0,4557,1,0,1,Pedestrian
54,0.0,899.0,71.0,944.0,4558,1,0,1,Pedestrian
54,0.0,899.0,71.0,944.0,4559,1,0,1,Pedestrian
54,0.0,899.0,74.0,944.0,4560,1,0,1,Pedestrian
54,0.0,899.0,74.0,944.0,4561,1,0,1,Pedestrian
54,0.0,899.0,74.0,944.0,4562,1,0,1,Pedestrian
54,0.0,899.0,74.0,944.0,4563,1,0,1,Pedestrian
54,0.0,899.0,74.0,942.0,4564,1,0,1,Pedestrian
54,0.0,899.0,74.0,942.0,4565,1,0,1,Pedestrian
54,0.0,899.0,74.0,942.0,4566,1,0,1,Pedestrian
54,0.0,899.0,74.0,942.0,4567,1,0,1,Pedestrian
54,0.0,899.0,74.0,942.0,4568,1,0,1,Pedestrian
54,0.0,899.0,74.0,942.0,4569,1,0,1,Pedestrian
54,0.0,899.0,77.0,942.0,4570,1,0,1,Pedestrian
54,0.0,899.0,77.0,942.0,4571,1,0,1,Pedestrian
54,0.0,899.0,77.0,942.0,4572,1,0,1,Pedestrian
54,0.0,899.0,77.0,942.0,4573,1,0,1,Pedestrian
54,0.0,899.0,77.0,942.0,4574,1,0,1,Pedestrian
54,0.0,899.0,77.0,942.0,4575,1,0,1,Pedestrian
54,0.0,899.0,77.0,942.0,4576,1,0,1,Pedestrian
54,0.0,899.0,77.0,940.0,4577,1,0,1,Pedestrian
54,0.0,899.0,77.0,940.0,4578,1,0,1,Pedestrian
54,0.0,899.0,77.0,940.0,4579,1,0,1,Pedestrian
54,0.0,899.0,79.0,940.0,4580,1,0,1,Pedestrian
54,0.0,899.0,79.0,940.0,4581,1,0,1,Pedestrian
54,0.0,899.0,79.0,940.0,4582,1,0,1,Pedestrian
54,0.0,899.0,79.0,940.0,4583,1,0,1,Pedestrian
54,0.0,899.0,79.0,940.0,4584,1,0,1,Pedestrian
54,0.0,899.0,79.0,940.0,4585,1,0,1,Pedestrian
54,0.0,899.0,79.0,940.0,4586,1,0,1,Pedestrian
54,0.0,899.0,79.0,940.0,4587,1,0,1,Pedestrian
54,0.0,899.0,79.0,940.0,4588,1,0,1,Pedestrian
54,0.0,899.0,82.0,940.0,4589,0,0,0,Pedestrian
54,0.0,899.0,79.0,940.0,4590,0,0,1,Pedestrian
54,0.0,899.0,79.0,940.0,4591,0,0,1,Pedestrian
54,0.0,899.0,79.0,940.0,4592,0,0,1,Pedestrian
54,0.0,899.0,79.0,940.0,4593,0,0,1,Pedestrian
54,0.0,899.0,79.0,940.0,4594,0,0,1,Pedestrian
54,0.0,899.0,79.0,940.0,4595,0,0,1,Pedestrian
54,0.0,899.0,79.0,940.0,4596,0,0,1,Pedestrian
54,0.0,899.0,79.0,940.0,4597,0,0,1,Pedestrian
54,0.0,899.0,79.0,940.0,4598,0,0,1,Pedestrian
54,0.0,899.0,79.0,942.0,4599,0,0,1,Pedestrian
54,0.0,899.0,77.0,942.0,4600,0,0,1,Pedestrian
54,0.0,899.0,77.0,942.0,4601,0,0,1,Pedestrian
54,0.0,899.0,77.0,942.0,4602,0,0,1,Pedestrian
54,0.0,899.0,77.0,942.0,4603,0,0,1,Pedestrian
54,0.0,899.0,77.0,942.0,4604,0,0,1,Pedestrian
54,0.0,899.0,77.0,942.0,4605,0,0,1,Pedestrian
54,0.0,899.0,77.0,942.0,4606,0,0,1,Pedestrian
54,0.0,899.0,77.0,942.0,4607,0,0,1,Pedestrian
54,0.0,899.0,77.0,942.0,4608,0,0,1,Pedestrian
54,0.0,899.0,77.0,944.0,4609,0,0,0,Pedestrian
54,0.0,899.0,77.0,942.0,4610,0,0,1,Pedestrian
54,0.0,899.0,77.0,942.0,4611,0,0,1,Pedestrian
54,0.0,899.0,77.0,942.0,4612,0,0,1,Pedestrian
54,0.0,899.0,77.0,942.0,4613,0,0,1,Pedestrian
54,0.0,899.0,77.0,942.0,4614,0,0,1,Pedestrian
54,0.0,899.0,77.0,942.0,4615,0,0,1,Pedestrian
54,0.0,899.0,77.0,942.0,4616,0,0,1,Pedestrian
54,0.0,899.0,77.0,942.0,4617,0,0,1,Pedestrian
54,0.0,899.0,77.0,942.0,4618,0,0,1,Pedestrian
54,0.0,899.0,77.0,942.0,4619,0,0,1,Pedestrian
54,0.0,899.0,79.0,942.0,4620,0,0,1,Pedestrian
54,0.0,899.0,79.0,940.0,4621,0,0,1,Pedestrian
54,0.0,899.0,79.0,940.0,4622,0,0,1,Pedestrian
54,0.0,899.0,79.0,940.0,4623,0,0,1,Pedestrian
54,0.0,899.0,79.0,940.0,4624,0,0,1,Pedestrian
54,0.0,899.0,79.0,940.0,4625,0,0,1,Pedestrian
54,0.0,899.0,79.0,940.0,4626,0,0,1,Pedestrian
54,0.0,899.0,79.0,940.0,4627,0,0,1,Pedestrian
54,0.0,899.0,79.0,940.0,4628,0,0,1,Pedestrian
54,0.0,899.0,79.0,940.0,4629,0,0,1,Pedestrian
54,0.0,899.0,79.0,940.0,4630,0,0,1,Pedestrian
54,0.0,899.0,82.0,940.0,4631,0,0,0,Pedestrian
54,0.0,899.0,82.0,940.0,4632,0,0,1,Pedestrian
54,2.0,899.0,85.0,940.0,4633,0,0,1,Pedestrian
54,5.0,899.0,88.0,940.0,4634,0,0,1,Pedestrian
54,5.0,899.0,88.0,940.0,4635,0,0,1,Pedestrian
54,8.0,899.0,90.0,940.0,4636,0,0,1,Pedestrian
54,11.0,899.0,93.0,940.0,4637,0,0,1,Pedestrian
54,11.0,899.0,93.0,940.0,4638,0,0,1,Pedestrian
54,13.0,899.0,96.0,940.0,4639,0,0,1,Pedestrian
54,16.0,899.0,99.0,940.0,4640,0,0,1,Pedestrian
54,16.0,899.0,99.0,940.0,4641,0,0,1,Pedestrian
54,19.0,899.0,101.0,940.0,4642,0,0,1,Pedestrian
54,22.0,899.0,104.0,940.0,4643,0,0,1,Pedestrian
54,22.0,899.0,104.0,940.0,4644,0,0,1,Pedestrian
54,24.0,899.0,107.0,940.0,4645,0,0,1,Pedestrian
54,27.0,899.0,110.0,940.0,4646,0,0,1,Pedestrian
54,27.0,899.0,112.0,940.0,4647,0,0,1,Pedestrian
54,30.0,899.0,112.0,940.0,4648,0,0,1,Pedestrian
54,33.0,899.0,115.0,940.0,4649,0,0,1,Pedestrian
54,33.0,899.0,118.0,940.0,4650,0,0,1,Pedestrian
54,35.0,899.0,118.0,940.0,4651,0,0,1,Pedestrian
54,38.0,899.0,121.0,940.0,4652,0,0,1,Pedestrian
54,38.0,899.0,123.0,940.0,4653,0,0,1,Pedestrian
54,41.0,899.0,123.0,940.0,4654,0,0,1,Pedestrian
54,44.0,899.0,126.0,940.0,4655,0,0,1,Pedestrian
54,44.0,899.0,129.0,940.0,4656,0,0,1,Pedestrian
54,46.0,899.0,129.0,940.0,4657,0,0,1,Pedestrian
54,49.0,899.0,132.0,940.0,4658,0,0,1,Pedestrian
54,49.0,899.0,134.0,940.0,4659,0,0,1,Pedestrian
54,52.0,899.0,134.0,940.0,4660,0,0,1,Pedestrian
54,55.0,899.0,137.0,940.0,4661,0,0,1,Pedestrian
54,55.0,899.0,140.0,940.0,4662,0,0,1,Pedestrian
54,57.0,899.0,143.0,940.0,4663,0,0,1,Pedestrian
54,60.0,899.0,143.0,940.0,4664,0,0,1,Pedestrian
54,60.0,899.0,145.0,940.0,4665,0,0,1,Pedestrian
54,63.0,899.0,148.0,940.0,4666,0,0,1,Pedestrian
54,66.0,899.0,148.0,940.0,4667,0,0,1,Pedestrian
54,66.0,899.0,151.0,940.0,4668,0,0,1,Pedestrian
54,68.0,899.0,154.0,940.0,4669,0,0,1,Pedestrian
54,71.0,899.0,154.0,940.0,4670,0,0,1,Pedestrian
54,74.0,899.0,156.0,940.0,4671,0,0,1,Pedestrian
54,74.0,899.0,159.0,940.0,4672,0,0,1,Pedestrian
54,77.0,899.0,159.0,940.0,4673,0,0,1,Pedestrian
54,79.0,899.0,162.0,940.0,4674,0,0,1,Pedestrian
54,79.0,899.0,165.0,940.0,4675,0,0,1,Pedestrian
54,82.0,899.0,165.0,940.0,4676,0,0,1,Pedestrian
54,85.0,899.0,167.0,940.0,4677,0,0,1,Pedestrian
54,85.0,899.0,170.0,940.0,4678,0,0,1,Pedestrian
54,88.0,899.0,173.0,940.0,4679,0,0,1,Pedestrian
54,90.0,899.0,173.0,940.0,4680,0,0,1,Pedestrian
54,90.0,899.0,176.0,940.0,4681,0,0,1,Pedestrian
54,93.0,899.0,178.0,940.0,4682,0,0,1,Pedestrian
54,96.0,899.0,178.0,940.0,4683,0,0,1,Pedestrian
54,96.0,899.0,181.0,940.0,4684,0,0,1,Pedestrian
54,99.0,899.0,184.0,940.0,4685,0,0,1,Pedestrian
54,101.0,899.0,184.0,940.0,4686,0,0,1,Pedestrian
54,101.0,899.0,187.0,940.0,4687,0,0,1,Pedestrian
54,104.0,899.0,189.0,940.0,4688,0,0,1,Pedestrian
54,107.0,899.0,189.0,940.0,4689,0,0,1,Pedestrian
54,107.0,899.0,192.0,940.0,4690,0,0,1,Pedestrian
54,110.0,899.0,195.0,940.0,4691,0,0,1,Pedestrian
54,112.0,899.0,195.0,940.0,4692,0,0,1,Pedestrian
54,112.0,899.0,198.0,940.0,4693,0,0,1,Pedestrian
54,115.0,899.0,200.0,940.0,4694,0,0,1,Pedestrian
54,118.0,899.0,203.0,940.0,4695,0,0,1,Pedestrian
54,118.0,899.0,203.0,940.0,4696,0,0,1,Pedestrian
54,121.0,899.0,206.0,940.0,4697,0,0,1,Pedestrian
54,123.0,899.0,209.0,940.0,4698,0,0,1,Pedestrian
54,123.0,899.0,209.0,940.0,4699,0,0,1,Pedestrian
54,126.0,899.0,211.0,940.0,4700,0,0,1,Pedestrian
54,129.0,899.0,214.0,940.0,4701,0,0,1,Pedestrian
54,129.0,899.0,214.0,940.0,4702,0,0,1,Pedestrian
54,132.0,899.0,217.0,940.0,4703,0,0,1,Pedestrian
54,134.0,899.0,220.0,940.0,4704,0,0,1,Pedestrian
54,134.0,899.0,220.0,940.0,4705,0,0,1,Pedestrian
54,137.0,899.0,222.0,940.0,4706,0,0,1,Pedestrian
54,140.0,899.0,225.0,940.0,4707,0,0,1,Pedestrian
54,140.0,899.0,225.0,940.0,4708,0,0,1,Pedestrian
54,143.0,899.0,228.0,940.0,4709,0,0,1,Pedestrian
54,145.0,899.0,231.0,940.0,4710,0,0,1,Pedestrian
54,148.0,899.0,233.0,940.0,4711,0,0,0,Pedestrian
54,148.0,899.0,233.0,940.0,4712,0,0,1,Pedestrian
54,151.0,899.0,236.0,940.0,4713,0,0,1,Pedestrian
54,151.0,899.0,236.0,940.0,4714,0,0,1,Pedestrian
54,154.0,899.0,239.0,940.0,4715,0,0,1,Pedestrian
54,156.0,899.0,242.0,940.0,4716,0,0,1,Pedestrian
54,156.0,899.0,242.0,940.0,4717,0,0,1,Pedestrian
54,159.0,899.0,244.0,940.0,4718,0,0,1,Pedestrian
54,159.0,899.0,244.0,940.0,4719,0,0,1,Pedestrian
54,162.0,899.0,247.0,940.0,4720,0,0,1,Pedestrian
54,165.0,899.0,250.0,940.0,4721,0,0,1,Pedestrian
54,165.0,899.0,250.0,940.0,4722,0,0,1,Pedestrian
54,167.0,899.0,253.0,940.0,4723,0,0,1,Pedestrian
54,167.0,899.0,253.0,940.0,4724,0,0,1,Pedestrian
54,170.0,899.0,255.0,940.0,4725,0,0,1,Pedestrian
54,173.0,899.0,258.0,940.0,4726,0,0,1,Pedestrian
54,173.0,899.0,258.0,940.0,4727,0,0,1,Pedestrian
54,176.0,899.0,261.0,940.0,4728,0,0,1,Pedestrian
54,178.0,899.0,264.0,940.0,4729,0,0,1,Pedestrian
54,178.0,899.0,264.0,940.0,4730,0,0,1,Pedestrian
54,181.0,899.0,266.0,940.0,4731,0,0,1,Pedestrian
54,181.0,899.0,266.0,940.0,4732,0,0,1,Pedestrian
54,184.0,899.0,269.0,940.0,4733,0,0,1,Pedestrian
54,187.0,899.0,272.0,940.0,4734,0,0,1,Pedestrian
54,187.0,899.0,272.0,940.0,4735,0,0,1,Pedestrian
54,189.0,899.0,275.0,940.0,4736,0,0,1,Pedestrian
54,189.0,899.0,275.0,940.0,4737,0,0,1,Pedestrian
54,192.0,899.0,277.0,940.0,4738,0,0,1,Pedestrian
54,195.0,899.0,280.0,940.0,4739,0,0,1,Pedestrian
54,195.0,899.0,280.0,940.0,4740,0,0,1,Pedestrian
54,198.0,899.0,283.0,940.0,4741,0,0,1,Pedestrian
54,198.0,899.0,283.0,940.0,4742,0,0,1,Pedestrian
54,200.0,899.0,286.0,940.0,4743,0,0,1,Pedestrian
54,203.0,899.0,288.0,940.0,4744,0,0,1,Pedestrian
54,203.0,899.0,288.0,940.0,4745,0,0,1,Pedestrian
54,206.0,899.0,291.0,940.0,4746,0,0,1,Pedestrian
54,209.0,899.0,294.0,940.0,4747,0,0,1,Pedestrian
54,209.0,899.0,294.0,940.0,4748,0,0,1,Pedestrian
54,211.0,899.0,297.0,940.0,4749,0,0,1,Pedestrian
54,211.0,899.0,297.0,940.0,4750,0,0,1,Pedestrian
54,214.0,899.0,299.0,940.0,4751,0,0,1,Pedestrian
54,217.0,899.0,302.0,940.0,4752,0,0,1,Pedestrian
54,217.0,899.0,302.0,940.0,4753,0,0,1,Pedestrian
54,220.0,899.0,305.0,940.0,4754,0,0,1,Pedestrian
54,220.0,899.0,305.0,940.0,4755,0,0,1,Pedestrian
54,222.0,899.0,308.0,940.0,4756,0,0,1,Pedestrian
54,225.0,899.0,310.0,940.0,4757,0,0,1,Pedestrian
54,225.0,899.0,310.0,940.0,4758,0,0,1,Pedestrian
54,228.0,899.0,313.0,940.0,4759,0,0,1,Pedestrian
54,231.0,899.0,316.0,940.0,4760,0,0,1,Pedestrian
54,231.0,899.0,316.0,940.0,4761,0,0,1,Pedestrian
54,233.0,899.0,319.0,940.0,4762,0,0,1,Pedestrian
54,233.0,899.0,319.0,940.0,4763,0,0,1,Pedestrian
54,236.0,899.0,321.0,940.0,4764,0,0,1,Pedestrian
54,239.0,899.0,324.0,940.0,4765,0,0,1,Pedestrian
54,239.0,899.0,324.0,940.0,4766,0,0,1,Pedestrian
54,242.0,899.0,327.0,940.0,4767,0,0,1,Pedestrian
54,242.0,899.0,327.0,940.0,4768,0,0,1,Pedestrian
54,244.0,899.0,330.0,940.0,4769,0,0,1,Pedestrian
54,247.0,899.0,332.0,940.0,4770,0,0,1,Pedestrian
54,247.0,899.0,332.0,940.0,4771,0,0,1,Pedestrian
54,250.0,899.0,335.0,940.0,4772,0,0,1,Pedestrian
54,250.0,899.0,335.0,940.0,4773,0,0,1,Pedestrian
54,253.0,899.0,338.0,940.0,4774,0,0,1,Pedestrian
54,255.0,899.0,341.0,940.0,4775,0,0,1,Pedestrian
54,255.0,899.0,341.0,940.0,4776,0,0,1,Pedestrian
54,258.0,899.0,343.0,940.0,4777,0,0,1,Pedestrian
54,261.0,899.0,346.0,940.0,4778,0,0,1,Pedestrian
54,261.0,899.0,346.0,940.0,4779,0,0,1,Pedestrian
54,264.0,899.0,349.0,940.0,4780,0,0,1,Pedestrian
54,264.0,899.0,349.0,940.0,4781,0,0,1,Pedestrian
54,266.0,899.0,352.0,940.0,4782,0,0,1,Pedestrian
54,269.0,899.0,354.0,940.0,4783,0,0,1,Pedestrian
54,269.0,899.0,354.0,940.0,4784,0,0,1,Pedestrian
54,272.0,899.0,357.0,940.0,4785,0,0,1,Pedestrian
54,272.0,899.0,357.0,940.0,4786,0,0,1,Pedestrian
54,275.0,899.0,360.0,940.0,4787,0,0,1,Pedestrian
54,277.0,899.0,363.0,940.0,4788,0,0,1,Pedestrian
54,277.0,899.0,363.0,940.0,4789,0,0,1,Pedestrian
54,280.0,899.0,365.0,940.0,4790,0,0,1,Pedestrian
54,283.0,899.0,368.0,940.0,4791,0,0,1,Pedestrian
54,283.0,899.0,368.0,940.0,4792,0,0,1,Pedestrian
54,286.0,899.0,371.0,940.0,4793,0,0,1,Pedestrian
54,286.0,899.0,371.0,940.0,4794,0,0,1,Pedestrian
54,288.0,899.0,374.0,940.0,4795,0,0,1,Pedestrian
54,291.0,899.0,376.0,940.0,4796,0,0,1,Pedestrian
54,291.0,899.0,376.0,940.0,4797,0,0,1,Pedestrian
54,294.0,899.0,379.0,940.0,4798,0,0,1,Pedestrian
54,294.0,899.0,379.0,940.0,4799,0,0,1,Pedestrian
54,297.0,899.0,382.0,940.0,4800,0,0,1,Pedestrian
54,299.0,899.0,385.0,940.0,4801,0,0,1,Pedestrian
54,299.0,899.0,385.0,940.0,4802,0,0,1,Pedestrian
54,302.0,899.0,387.0,940.0,4803,0,0,1,Pedestrian
54,302.0,899.0,387.0,940.0,4804,0,0,1,Pedestrian
54,305.0,899.0,390.0,940.0,4805,0,0,1,Pedestrian
54,308.0,899.0,393.0,940.0,4806,0,0,1,Pedestrian
54,308.0,899.0,393.0,940.0,4807,0,0,1,Pedestrian
54,310.0,899.0,396.0,940.0,4808,0,0,1,Pedestrian
54,313.0,899.0,398.0,940.0,4809,0,0,1,Pedestrian
54,313.0,899.0,398.0,940.0,4810,0,0,1,Pedestrian
54,316.0,899.0,401.0,940.0,4811,0,0,1,Pedestrian
54,316.0,899.0,401.0,940.0,4812,0,0,1,Pedestrian
54,319.0,899.0,404.0,940.0,4813,0,0,1,Pedestrian
54,321.0,899.0,407.0,940.0,4814,0,0,1,Pedestrian
54,321.0,899.0,407.0,940.0,4815,0,0,1,Pedestrian
54,324.0,899.0,409.0,940.0,4816,0,0,1,Pedestrian
54,324.0,899.0,409.0,940.0,4817,0,0,1,Pedestrian
54,327.0,899.0,412.0,940.0,4818,0,0,1,Pedestrian
54,330.0,899.0,415.0,940.0,4819,0,0,1,Pedestrian
54,330.0,899.0,415.0,940.0,4820,0,0,1,Pedestrian
54,332.0,899.0,418.0,940.0,4821,0,0,1,Pedestrian
54,332.0,899.0,418.0,940.0,4822,0,0,1,Pedestrian
54,335.0,899.0,420.0,940.0,4823,0,0,1,Pedestrian
54,338.0,899.0,423.0,940.0,4824,0,0,1,Pedestrian
54,338.0,899.0,423.0,940.0,4825,0,0,1,Pedestrian
54,341.0,899.0,426.0,940.0,4826,0,0,1,Pedestrian
54,343.0,899.0,429.0,940.0,4827,0,0,1,Pedestrian
54,343.0,899.0,429.0,940.0,4828,0,0,1,Pedestrian
54,346.0,899.0,431.0,940.0,4829,0,0,1,Pedestrian
54,346.0,899.0,431.0,940.0,4830,0,0,1,Pedestrian
54,349.0,899.0,434.0,940.0,4831,0,0,1,Pedestrian
54,352.0,899.0,437.0,940.0,4832,0,0,1,Pedestrian
54,352.0,899.0,437.0,940.0,4833,0,0,1,Pedestrian
54,354.0,899.0,440.0,940.0,4834,0,0,1,Pedestrian
54,354.0,899.0,440.0,940.0,4835,0,0,1,Pedestrian
54,357.0,899.0,442.0,940.0,4836,0,0,1,Pedestrian
54,360.0,899.0,445.0,940.0,4837,0,0,1,Pedestrian
54,360.0,899.0,445.0,940.0,4838,0,0,1,Pedestrian
54,363.0,899.0,448.0,940.0,4839,0,0,1,Pedestrian
54,365.0,899.0,451.0,940.0,4840,0,0,1,Pedestrian
54,365.0,899.0,451.0,940.0,4841,0,0,1,Pedestrian
54,368.0,899.0,453.0,940.0,4842,0,0,1,Pedestrian
54,368.0,899.0,453.0,940.0,4843,0,0,1,Pedestrian
54,371.0,899.0,456.0,940.0,4844,0,0,1,Pedestrian
54,374.0,899.0,459.0,940.0,4845,0,0,1,Pedestrian
54,374.0,899.0,459.0,940.0,4846,0,0,1,Pedestrian
54,376.0,899.0,462.0,940.0,4847,0,0,1,Pedestrian
54,376.0,899.0,462.0,940.0,4848,0,0,1,Pedestrian
54,379.0,899.0,464.0,940.0,4849,0,0,1,Pedestrian
54,382.0,899.0,467.0,940.0,4850,0,0,1,Pedestrian
54,382.0,899.0,467.0,940.0,4851,0,0,1,Pedestrian
54,385.0,899.0,470.0,940.0,4852,0,0,1,Pedestrian
54,385.0,899.0,470.0,940.0,4853,0,0,1,Pedestrian
54,387.0,899.0,473.0,940.0,4854,0,0,1,Pedestrian
54,390.0,899.0,475.0,940.0,4855,0,0,1,Pedestrian
54,390.0,899.0,475.0,940.0,4856,0,0,1,Pedestrian
54,393.0,899.0,478.0,940.0,4857,0,0,1,Pedestrian
54,396.0,899.0,481.0,940.0,4858,0,0,1,Pedestrian
54,396.0,899.0,481.0,940.0,4859,0,0,1,Pedestrian
54,398.0,899.0,484.0,940.0,4860,0,0,1,Pedestrian
54,398.0,899.0,484.0,940.0,4861,0,0,1,Pedestrian
54,401.0,899.0,486.0,940.0,4862,0,0,1,Pedestrian
54,404.0,899.0,489.0,940.0,4863,0,0,1,Pedestrian
54,404.0,899.0,489.0,940.0,4864,0,0,1,Pedestrian
54,407.0,899.0,492.0,940.0,4865,0,0,1,Pedestrian
54,407.0,899.0,492.0,940.0,4866,0,0,1,Pedestrian
54,409.0,899.0,495.0,940.0,4867,0,0,1,Pedestrian
54,412.0,899.0,497.0,940.0,4868,0,0,1,Pedestrian
54,412.0,899.0,497.0,940.0,4869,0,0,1,Pedestrian
54,415.0,899.0,500.0,940.0,4870,0,0,1,Pedestrian
54,418.0,899.0,503.0,940.0,4871,0,0,0,Pedestrian
54,418.0,897.0,503.0,938.0,4872,0,0,1,Pedestrian
54,420.0,897.0,506.0,938.0,4873,0,0,1,Pedestrian
54,423.0,897.0,508.0,938.0,4874,0,0,1,Pedestrian
54,423.0,897.0,508.0,938.0,4875,0,0,1,Pedestrian
54,426.0,897.0,511.0,938.0,4876,0,0,1,Pedestrian
54,429.0,897.0,514.0,938.0,4877,0,0,1,Pedestrian
54,429.0,897.0,514.0,938.0,4878,0,0,1,Pedestrian
54,431.0,897.0,517.0,938.0,4879,0,0,1,Pedestrian
54,434.0,897.0,519.0,938.0,4880,0,0,1,Pedestrian
54,434.0,897.0,519.0,938.0,4881,0,0,1,Pedestrian
54,437.0,897.0,522.0,938.0,4882,0,0,1,Pedestrian
54,440.0,897.0,525.0,938.0,4883,0,0,1,Pedestrian
54,440.0,897.0,525.0,938.0,4884,0,0,1,Pedestrian
54,442.0,897.0,528.0,938.0,4885,0,0,1,Pedestrian
54,445.0,897.0,530.0,938.0,4886,0,0,1,Pedestrian
54,445.0,897.0,530.0,938.0,4887,0,0,1,Pedestrian
54,448.0,897.0,533.0,938.0,4888,0,0,1,Pedestrian
54,451.0,897.0,536.0,938.0,4889,0,0,1,Pedestrian
54,451.0,897.0,536.0,938.0,4890,0,0,1,Pedestrian
54,453.0,897.0,539.0,938.0,4891,0,0,1,Pedestrian
54,456.0,897.0,541.0,938.0,4892,0,0,1,Pedestrian
54,459.0,897.0,544.0,938.0,4893,0,0,1,Pedestrian
54,459.0,897.0,544.0,938.0,4894,0,0,1,Pedestrian
54,462.0,897.0,547.0,938.0,4895,0,0,1,Pedestrian
54,464.0,897.0,550.0,938.0,4896,0,0,1,Pedestrian
54,464.0,897.0,550.0,938.0,4897,0,0,1,Pedestrian
54,467.0,897.0,552.0,938.0,4898,0,0,1,Pedestrian
54,470.0,897.0,555.0,938.0,4899,0,0,1,Pedestrian
54,470.0,897.0,555.0,938.0,4900,0,0,1,Pedestrian
54,473.0,897.0,558.0,938.0,4901,0,0,1,Pedestrian
54,475.0,897.0,561.0,938.0,4902,0,0,1,Pedestrian
54,475.0,897.0,561.0,938.0,4903,0,0,1,Pedestrian
54,478.0,897.0,563.0,938.0,4904,0,0,1,Pedestrian
54,481.0,897.0,566.0,938.0,4905,0,0,1,Pedestrian
54,481.0,897.0,566.0,938.0,4906,0,0,1,Pedestrian
54,484.0,897.0,569.0,938.0,4907,0,0,1,Pedestrian
54,486.0,897.0,572.0,938.0,4908,0,0,1,Pedestrian
54,486.0,897.0,572.0,938.0,4909,0,0,1,Pedestrian
54,489.0,897.0,574.0,938.0,4910,0,0,1,Pedestrian
54,492.0,897.0,577.0,938.0,4911,0,0,1,Pedestrian
54,492.0,897.0,577.0,938.0,4912,0,0,1,Pedestrian
54,495.0,897.0,580.0,938.0,4913,0,0,1,Pedestrian
54,497.0,897.0,583.0,938.0,4914,0,0,1,Pedestrian
54,500.0,897.0,585.0,938.0,4915,0,0,1,Pedestrian
54,500.0,897.0,585.0,938.0,4916,0,0,1,Pedestrian
54,503.0,897.0,588.0,938.0,4917,0,0,1,Pedestrian
54,506.0,897.0,591.0,938.0,4918,0,0,1,Pedestrian
54,506.0,897.0,591.0,938.0,4919,0,0,1,Pedestrian
54,508.0,897.0,594.0,938.0,4920,0,0,1,Pedestrian
54,511.0,897.0,596.0,938.0,4921,0,0,1,Pedestrian
54,511.0,897.0,596.0,938.0,4922,0,0,1,Pedestrian
54,514.0,897.0,599.0,938.0,4923,0,0,1,Pedestrian
54,517.0,897.0,602.0,938.0,4924,0,0,1,Pedestrian
54,517.0,897.0,602.0,938.0,4925,0,0,1,Pedestrian
54,519.0,897.0,605.0,938.0,4926,0,0,1,Pedestrian
54,522.0,897.0,607.0,938.0,4927,0,0,1,Pedestrian
54,522.0,897.0,607.0,938.0,4928,0,0,1,Pedestrian
54,525.0,897.0,610.0,938.0,4929,0,0,1,Pedestrian
54,528.0,897.0,613.0,938.0,4930,0,0,1,Pedestrian
54,528.0,897.0,613.0,938.0,4931,0,0,1,Pedestrian
54,530.0,897.0,616.0,938.0,4932,0,0,1,Pedestrian
54,533.0,897.0,618.0,938.0,4933,0,0,1,Pedestrian
54,533.0,897.0,618.0,938.0,4934,0,0,1,Pedestrian
54,536.0,897.0,621.0,938.0,4935,0,0,1,Pedestrian
54,539.0,894.0,624.0,935.0,4936,0,0,1,Pedestrian
54,541.0,894.0,627.0,935.0,4937,0,0,1,Pedestrian
54,541.0,894.0,627.0,935.0,4938,0,0,1,Pedestrian
54,544.0,894.0,629.0,935.0,4939,0,0,1,Pedestrian
54,547.0,894.0,632.0,935.0,4940,0,0,1,Pedestrian
54,547.0,894.0,632.0,935.0,4941,0,0,1,Pedestrian
54,550.0,894.0,635.0,935.0,4942,0,0,1,Pedestrian
54,552.0,894.0,638.0,935.0,4943,0,0,1,Pedestrian
54,552.0,894.0,638.0,935.0,4944,0,0,1,Pedestrian
54,555.0,894.0,640.0,935.0,4945,0,0,1,Pedestrian
54,558.0,894.0,643.0,935.0,4946,0,0,1,Pedestrian
54,558.0,894.0,643.0,935.0,4947,0,0,1,Pedestrian
54,561.0,894.0,646.0,935.0,4948,0,0,1,Pedestrian
54,563.0,894.0,649.0,935.0,4949,0,0,1,Pedestrian
54,563.0,894.0,649.0,935.0,4950,0,0,1,Pedestrian
54,566.0,894.0,651.0,935.0,4951,0,0,1,Pedestrian
54,569.0,894.0,654.0,935.0,4952,0,0,1,Pedestrian
54,569.0,894.0,654.0,935.0,4953,0,0,1,Pedestrian
54,572.0,894.0,657.0,935.0,4954,0,0,1,Pedestrian
54,574.0,894.0,660.0,935.0,4955,0,0,1,Pedestrian
54,574.0,894.0,660.0,935.0,4956,0,0,1,Pedestrian
54,577.0,894.0,662.0,935.0,4957,0,0,1,Pedestrian
54,580.0,894.0,665.0,935.0,4958,0,0,1,Pedestrian
54,583.0,894.0,668.0,935.0,4959,0,0,1,Pedestrian
54,583.0,894.0,668.0,935.0,4960,0,0,1,Pedestrian
54,585.0,894.0,671.0,935.0,4961,0,0,1,Pedestrian
54,588.0,894.0,673.0,935.0,4962,0,0,1,Pedestrian
54,588.0,894.0,673.0,935.0,4963,0,0,1,Pedestrian
54,591.0,894.0,676.0,935.0,4964,0,0,1,Pedestrian
54,594.0,894.0,679.0,935.0,4965,0,0,1,Pedestrian
54,594.0,894.0,679.0,935.0,4966,0,0,1,Pedestrian
54,596.0,894.0,682.0,935.0,4967,0,0,1,Pedestrian
54,599.0,894.0,684.0,935.0,4968,0,0,1,Pedestrian
54,599.0,894.0,684.0,935.0,4969,0,0,1,Pedestrian
54,602.0,894.0,687.0,935.0,4970,0,0,1,Pedestrian
54,605.0,894.0,690.0,935.0,4971,0,0,1,Pedestrian
54,605.0,894.0,690.0,935.0,4972,0,0,1,Pedestrian
54,607.0,894.0,693.0,935.0,4973,0,0,1,Pedestrian
54,610.0,894.0,695.0,935.0,4974,0,0,1,Pedestrian
54,610.0,894.0,695.0,935.0,4975,0,0,1,Pedestrian
54,613.0,894.0,698.0,935.0,4976,0,0,1,Pedestrian
54,616.0,894.0,701.0,935.0,4977,0,0,1,Pedestrian
54,616.0,894.0,701.0,935.0,4978,0,0,1,Pedestrian
54,618.0,894.0,704.0,935.0,4979,0,0,1,Pedestrian
54,621.0,894.0,706.0,935.0,4980,0,0,1,Pedestrian
54,624.0,894.0,709.0,935.0,4981,0,0,1,Pedestrian
54,624.0,894.0,709.0,935.0,4982,0,0,1,Pedestrian
54,627.0,894.0,712.0,935.0,4983,0,0,1,Pedestrian
54,629.0,894.0,715.0,935.0,4984,0,0,1,Pedestrian
54,629.0,894.0,715.0,935.0,4985,0,0,1,Pedestrian
54,632.0,894.0,717.0,935.0,4986,0,0,1,Pedestrian
54,635.0,894.0,720.0,935.0,4987,0,0,1,Pedestrian
54,635.0,894.0,720.0,935.0,4988,0,0,1,Pedestrian
54,638.0,894.0,723.0,935.0,4989,0,0,1,Pedestrian
54,640.0,894.0,726.0,935.0,4990,0,0,1,Pedestrian
54,640.0,894.0,726.0,935.0,4991,0,0,1,Pedestrian
54,643.0,894.0,728.0,935.0,4992,0,0,1,Pedestrian
54,646.0,894.0,731.0,935.0,4993,0,0,1,Pedestrian
54,646.0,894.0,731.0,935.0,4994,0,0,1,Pedestrian
54,649.0,894.0,734.0,935.0,4995,0,0,1,Pedestrian
54,651.0,894.0,737.0,935.0,4996,0,0,1,Pedestrian
54,651.0,894.0,737.0,935.0,4997,0,0,1,Pedestrian
54,654.0,894.0,739.0,935.0,4998,0,0,1,Pedestrian
54,657.0,894.0,742.0,935.0,4999,0,0,1,Pedestrian
54,660.0,894.0,745.0,935.0,5000,0,0,0,Pedestrian
54,660.0,892.0,745.0,935.0,5001,0,0,1,Pedestrian
54,662.0,892.0,748.0,935.0,5002,0,0,1,Pedestrian
54,665.0,892.0,748.0,935.0,5003,0,0,1,Pedestrian
54,665.0,892.0,750.0,935.0,5004,0,0,1,Pedestrian
54,668.0,892.0,753.0,935.0,5005,0,0,1,Pedestrian
54,671.0,890.0,753.0,935.0,5006,0,0,1,Pedestrian
54,671.0,890.0,756.0,935.0,5007,0,0,1,Pedestrian
54,673.0,890.0,759.0,935.0,5008,0,0,1,Pedestrian
54,676.0,890.0,759.0,935.0,5009,0,0,1,Pedestrian
54,676.0,890.0,761.0,935.0,5010,0,0,1,Pedestrian
54,679.0,890.0,764.0,935.0,5011,0,0,1,Pedestrian
54,682.0,888.0,764.0,935.0,5012,0,0,1,Pedestrian
54,682.0,888.0,767.0,935.0,5013,0,0,1,Pedestrian
54,684.0,888.0,770.0,935.0,5014,0,0,1,Pedestrian
54,687.0,888.0,770.0,935.0,5015,0,0,1,Pedestrian
54,687.0,888.0,772.0,935.0,5016,0,0,1,Pedestrian
54,690.0,885.0,775.0,938.0,5017,0,0,1,Pedestrian
54,693.0,885.0,775.0,938.0,5018,0,0,1,Pedestrian
54,693.0,885.0,778.0,938.0,5019,0,0,1,Pedestrian
54,695.0,885.0,781.0,938.0,5020,0,0,1,Pedestrian
54,698.0,885.0,781.0,938.0,5021,0,0,1,Pedestrian
54,698.0,885.0,783.0,938.0,5022,0,0,1,Pedestrian
54,701.0,883.0,786.0,938.0,5023,0,0,1,Pedestrian
54,704.0,883.0,786.0,938.0,5024,0,0,1,Pedestrian
54,706.0,883.0,789.0,938.0,5025,0,0,1,Pedestrian
54,706.0,883.0,792.0,938.0,5026,0,0,1,Pedestrian
54,709.0,883.0,792.0,938.0,5027,0,0,1,Pedestrian
54,712.0,881.0,794.0,938.0,5028,0,0,1,Pedestrian
54,712.0,881.0,797.0,938.0,5029,0,0,1,Pedestrian
54,715.0,881.0,797.0,938.0,5030,0,0,1,Pedestrian
54,717.0,881.0,800.0,938.0,5031,0,0,1,Pedestrian
54,717.0,881.0,803.0,938.0,5032,0,0,1,Pedestrian
54,720.0,881.0,803.0,938.0,5033,0,0,1,Pedestrian
54,723.0,878.0,805.0,940.0,5034,0,0,1,Pedestrian
54,723.0,878.0,808.0,940.0,5035,0,0,1,Pedestrian
54,726.0,878.0,808.0,940.0,5036,0,0,1,Pedestrian
54,728.0,878.0,811.0,940.0,5037,0,0,1,Pedestrian
54,728.0,878.0,814.0,940.0,5038,0,0,1,Pedestrian
54,731.0,876.0,814.0,940.0,5039,0,0,1,Pedestrian
54,734.0,876.0,816.0,940.0,5040,0,0,1,Pedestrian
54,734.0,876.0,819.0,940.0,5041,0,0,1,Pedestrian
54,737.0,876.0,819.0,940.0,5042,0,0,1,Pedestrian
54,739.0,876.0,822.0,940.0,5043,0,0,1,Pedestrian
54,739.0,876.0,825.0,940.0,5044,0,0,1,Pedestrian
54,742.0,874.0,825.0,940.0,5045,0,0,1,Pedestrian
54,745.0,874.0,827.0,940.0,5046,0,0,1,Pedestrian
54,745.0,874.0,830.0,940.0,5047,0,0,1,Pedestrian
54,748.0,874.0,830.0,940.0,5048,0,0,1,Pedestrian
54,750.0,874.0,833.0,940.0,5049,0,0,1,Pedestrian
54,753.0,874.0,836.0,942.0,5050,0,0,0,Pedestrian
54,753.0,874.0,836.0,942.0,5051,0,0,1,Pedestrian
54,753.0,874.0,836.0,942.0,5052,0,0,1,Pedestrian
54,756.0,874.0,838.0,942.0,5053,0,0,1,Pedestrian
54,756.0,874.0,838.0,942.0,5054,0,0,1,Pedestrian
54,759.0,874.0,841.0,942.0,5055,0,0,1,Pedestrian
54,759.0,874.0,841.0,942.0,5056,0,0,1,Pedestrian
54,761.0,874.0,844.0,942.0,5057,0,0,1,Pedestrian
54,761.0,874.0,844.0,942.0,5058,0,0,1,Pedestrian
54,764.0,874.0,847.0,942.0,5059,0,0,1,Pedestrian
54,764.0,874.0,847.0,942.0,5060,0,0,1,Pedestrian
54,764.0,874.0,847.0,942.0,5061,0,0,1,Pedestrian
54,767.0,874.0,849.0,942.0,5062,0,0,1,Pedestrian
54,767.0,874.0,849.0,942.0,5063,0,0,1,Pedestrian
54,770.0,874.0,852.0,942.0,5064,0,0,1,Pedestrian
54,770.0,874.0,852.0,942.0,5065,0,0,1,Pedestrian
54,772.0,874.0,855.0,942.0,5066,0,0,1,Pedestrian
54,772.0,874.0,855.0,942.0,5067,0,0,1,Pedestrian
54,775.0,874.0,858.0,942.0,5068,0,0,1,Pedestrian
54,775.0,874.0,858.0,942.0,5069,0,0,1,Pedestrian
54,778.0,876.0,860.0,944.0,5070,0,0,1,Pedestrian
54,778.0,876.0,860.0,944.0,5071,0,0,1,Pedestrian
54,778.0,876.0,860.0,944.0,5072,0,0,1,Pedestrian
54,781.0,876.0,863.0,944.0,5073,0,0,1,Pedestrian
54,781.0,876.0,863.0,944.0,5074,0,0,1,Pedestrian
54,783.0,876.0,866.0,944.0,5075,0,0,1,Pedestrian
54,783.0,876.0,866.0,944.0,5076,0,0,1,Pedestrian
54,786.0,876.0,869.0,944.0,5077,0,0,1,Pedestrian
54,786.0,876.0,869.0,944.0,5078,0,0,1,Pedestrian
54,789.0,876.0,871.0,944.0,5079,0,0,1,Pedestrian
54,789.0,876.0,871.0,944.0,5080,0,0,1,Pedestrian
54,789.0,876.0,871.0,944.0,5081,0,0,1,Pedestrian
54,792.0,876.0,874.0,944.0,5082,0,0,1,Pedestrian
54,792.0,876.0,874.0,944.0,5083,0,0,1,Pedestrian
54,794.0,876.0,877.0,944.0,5084,0,0,1,Pedestrian
54,794.0,876.0,877.0,944.0,5085,0,0,1,Pedestrian
54,797.0,876.0,880.0,944.0,5086,0,0,1,Pedestrian
54,797.0,876.0,880.0,944.0,5087,0,0,1,Pedestrian
54,800.0,876.0,882.0,944.0,5088,0,0,1,Pedestrian
54,800.0,876.0,882.0,944.0,5089,0,0,1,Pedestrian
54,803.0,878.0,885.0,947.0,5090,0,0,0,Pedestrian
54,803.0,878.0,885.0,947.0,5091,0,0,1,Pedestrian
54,805.0,878.0,888.0,947.0,5092,0,0,1,Pedestrian
54,808.0,878.0,891.0,947.0,5093,0,0,1,Pedestrian
54,808.0,878.0,891.0,947.0,5094,0,0,1,Pedestrian
54,811.0,878.0,893.0,947.0,5095,0,0,1,Pedestrian
54,814.0,878.0,896.0,947.0,5096,0,0,1,Pedestrian
54,814.0,878.0,896.0,947.0,5097,0,0,1,Pedestrian
54,816.0,878.0,899.0,947.0,5098,0,0,1,Pedestrian
54,819.0,878.0,902.0,947.0,5099,0,0,1,Pedestrian
54,822.0,878.0,904.0,947.0,5100,0,0,1,Pedestrian
54,822.0,878.0,904.0,947.0,5101,0,0,1,Pedestrian
54,825.0,878.0,907.0,947.0,5102,0,0,1,Pedestrian
54,827.0,878.0,910.0,947.0,5103,0,0,1,Pedestrian
54,827.0,878.0,910.0,947.0,5104,0,0,1,Pedestrian
54,830.0,878.0,913.0,947.0,5105,0,0,1,Pedestrian
54,833.0,878.0,915.0,947.0,5106,0,0,1,Pedestrian
54,833.0,878.0,915.0,947.0,5107,0,0,1,Pedestrian
54,836.0,878.0,918.0,947.0,5108,0,0,1,Pedestrian
54,838.0,878.0,921.0,947.0,5109,0,0,1,Pedestrian
54,841.0,881.0,924.0,949.0,5110,0,0,1,Pedestrian
54,841.0,881.0,924.0,949.0,5111,0,0,1,Pedestrian
54,844.0,881.0,926.0,949.0,5112,0,0,1,Pedestrian
54,847.0,881.0,929.0,949.0,5113,0,0,1,Pedestrian
54,847.0,881.0,929.0,949.0,5114,0,0,1,Pedestrian
54,849.0,881.0,932.0,949.0,5115,0,0,1,Pedestrian
54,852.0,881.0,935.0,949.0,5116,0,0,1,Pedestrian
54,852.0,881.0,935.0,949.0,5117,0,0,1,Pedestrian
54,855.0,881.0,937.0,949.0,5118,0,0,1,Pedestrian
54,858.0,881.0,940.0,949.0,5119,0,0,1,Pedestrian
54,860.0,881.0,943.0,949.0,5120,0,0,1,Pedestrian
54,860.0,881.0,943.0,949.0,5121,0,0,1,Pedestrian
54,863.0,881.0,946.0,949.0,5122,0,0,1,Pedestrian
54,866.0,881.0,948.0,949.0,5123,0,0,1,Pedestrian
54,866.0,881.0,948.0,949.0,5124,0,0,1,Pedestrian
54,869.0,881.0,951.0,949.0,5125,0,0,1,Pedestrian
54,871.0,881.0,954.0,949.0,5126,0,0,1,Pedestrian
54,871.0,881.0,954.0,949.0,5127,0,0,1,Pedestrian
54,874.0,881.0,957.0,949.0,5128,0,0,1,Pedestrian
54,877.0,881.0,959.0,949.0,5129,0,0,1,Pedestrian
54,880.0,883.0,962.0,951.0,5130,0,0,0,Pedestrian
54,880.0,883.0,962.0,951.0,5131,0,0,1,Pedestrian
54,882.0,883.0,965.0,951.0,5132,0,0,1,Pedestrian
54,882.0,883.0,965.0,951.0,5133,0,0,1,Pedestrian
54,885.0,883.0,968.0,951.0,5134,0,0,1,Pedestrian
54,888.0,883.0,970.0,951.0,5135,0,0,1,Pedestrian
54,888.0,883.0,970.0,951.0,5136,0,0,1,Pedestrian
54,891.0,883.0,973.0,951.0,5137,0,0,1,Pedestrian
54,891.0,883.0,973.0,951.0,5138,0,0,1,Pedestrian
54,893.0,883.0,976.0,951.0,5139,0,0,1,Pedestrian
54,896.0,883.0,979.0,951.0,5140,0,0,1,Pedestrian
54,896.0,883.0,979.0,951.0,5141,0,0,1,Pedestrian
54,899.0,883.0,981.0,951.0,5142,0,0,1,Pedestrian
54,899.0,883.0,981.0,951.0,5143,0,0,1,Pedestrian
54,902.0,883.0,984.0,951.0,5144,0,0,1,Pedestrian
54,904.0,885.0,987.0,954.0,5145,0,0,1,Pedestrian
54,904.0,885.0,987.0,954.0,5146,0,0,1,Pedestrian
54,907.0,885.0,990.0,954.0,5147,0,0,1,Pedestrian
54,907.0,885.0,990.0,954.0,5148,0,0,1,Pedestrian
54,910.0,885.0,992.0,954.0,5149,0,0,1,Pedestrian
54,913.0,885.0,995.0,954.0,5150,0,0,1,Pedestrian
54,913.0,885.0,995.0,954.0,5151,0,0,1,Pedestrian
54,915.0,885.0,998.0,954.0,5152,0,0,1,Pedestrian
54,915.0,885.0,998.0,954.0,5153,0,0,1,Pedestrian
54,918.0,885.0,1001.0,954.0,5154,0,0,1,Pedestrian
54,921.0,885.0,1003.0,954.0,5155,0,0,1,Pedestrian
54,921.0,885.0,1003.0,954.0,5156,0,0,1,Pedestrian
54,924.0,885.0,1006.0,954.0,5157,0,0,1,Pedestrian
54,924.0,885.0,1006.0,954.0,5158,0,0,1,Pedestrian
54,926.0,885.0,1009.0,954.0,5159,0,0,1,Pedestrian
54,929.0,888.0,1012.0,956.0,5160,0,0,0,Pedestrian
54,929.0,888.0,1012.0,956.0,5161,0,0,1,Pedestrian
54,932.0,888.0,1014.0,956.0,5162,0,0,1,Pedestrian
54,935.0,888.0,1017.0,956.0,5163,0,0,1,Pedestrian
54,935.0,888.0,1017.0,956.0,5164,0,0,1,Pedestrian
54,937.0,888.0,1020.0,956.0,5165,0,0,1,Pedestrian
54,940.0,888.0,1023.0,956.0,5166,0,0,1,Pedestrian
54,943.0,888.0,1025.0,956.0,5167,0,0,1,Pedestrian
54,943.0,888.0,1025.0,956.0,5168,0,0,1,Pedestrian
54,946.0,888.0,1028.0,956.0,5169,0,0,1,Pedestrian
54,948.0,888.0,1031.0,956.0,5170,0,0,1,Pedestrian
54,951.0,888.0,1034.0,956.0,5171,0,0,1,Pedestrian
54,951.0,888.0,1034.0,956.0,5172,0,0,1,Pedestrian
54,954.0,888.0,1036.0,956.0,5173,0,0,1,Pedestrian
54,957.0,888.0,1039.0,956.0,5174,0,0,1,Pedestrian
54,959.0,888.0,1042.0,956.0,5175,0,0,1,Pedestrian
54,959.0,888.0,1042.0,956.0,5176,0,0,1,Pedestrian
54,962.0,888.0,1045.0,956.0,5177,0,0,1,Pedestrian
54,965.0,888.0,1047.0,956.0,5178,0,0,1,Pedestrian
54,965.0,888.0,1047.0,956.0,5179,0,0,1,Pedestrian
54,968.0,888.0,1050.0,956.0,5180,0,0,1,Pedestrian
54,970.0,888.0,1053.0,956.0,5181,0,0,1,Pedestrian
54,973.0,888.0,1056.0,956.0,5182,0,0,1,Pedestrian
54,973.0,888.0,1056.0,956.0,5183,0,0,1,Pedestrian
54,976.0,888.0,1058.0,956.0,5184,0,0,1,Pedestrian
54,979.0,888.0,1061.0,956.0,5185,0,0,1,Pedestrian
54,981.0,888.0,1064.0,956.0,5186,0,0,1,Pedestrian
54,981.0,888.0,1064.0,956.0,5187,0,0,1,Pedestrian
54,984.0,888.0,1067.0,956.0,5188,0,0,1,Pedestrian
54,987.0,888.0,1069.0,956.0,5189,0,0,1,Pedestrian
54,990.0,888.0,1072.0,956.0,5190,0,0,0,Pedestrian
54,990.0,888.0,1072.0,956.0,5191,0,0,1,Pedestrian
54,990.0,888.0,1072.0,956.0,5192,0,0,1,Pedestrian
54,992.0,888.0,1075.0,956.0,5193,0,0,1,Pedestrian
54,992.0,888.0,1075.0,956.0,5194,0,0,1,Pedestrian
54,995.0,890.0,1078.0,958.0,5195,0,0,1,Pedestrian
54,995.0,890.0,1078.0,958.0,5196,0,0,1,Pedestrian
54,995.0,890.0,1078.0,958.0,5197,0,0,1,Pedestrian
54,998.0,890.0,1080.0,958.0,5198,0,0,1,Pedestrian
54,998.0,890.0,1080.0,958.0,5199,0,0,1,Pedestrian
54,1001.0,892.0,1083.0,960.0,5200,0,0,1,Pedestrian
54,1001.0,892.0,1083.0,960.0,5201,0,0,1,Pedestrian
54,1001.0,892.0,1083.0,960.0,5202,0,0,1,Pedestrian
54,1003.0,892.0,1086.0,960.0,5203,0,0,1,Pedestrian
54,1003.0,892.0,1086.0,960.0,5204,0,0,1,Pedestrian
54,1006.0,894.0,1089.0,963.0,5205,0,0,1,Pedestrian
54,1006.0,894.0,1089.0,963.0,5206,0,0,1,Pedestrian
54,1006.0,894.0,1089.0,963.0,5207,0,0,1,Pedestrian
54,1009.0,894.0,1091.0,963.0,5208,0,0,1,Pedestrian
54,1009.0,894.0,1091.0,963.0,5209,0,0,1,Pedestrian
54,1012.0,897.0,1094.0,965.0,5210,0,0,1,Pedestrian
54,1012.0,897.0,1094.0,965.0,5211,0,0,1,Pedestrian
54,1012.0,897.0,1094.0,965.0,5212,0,0,1,Pedestrian
54,1014.0,897.0,1097.0,965.0,5213,0,0,1,Pedestrian
54,1014.0,897.0,1097.0,965.0,5214,0,0,1,Pedestrian
54,1017.0,899.0,1100.0,967.0,5215,0,0,1,Pedestrian
54,1017.0,899.0,1100.0,967.0,5216,0,0,1,Pedestrian
54,1017.0,899.0,1100.0,967.0,5217,0,0,1,Pedestrian
54,1020.0,899.0,1102.0,967.0,5218,0,0,1,Pedestrian
54,1020.0,899.0,1102.0,967.0,5219,0,0,1,Pedestrian
54,1023.0,901.0,1105.0,970.0,5220,0,0,0,Pedestrian
54,1023.0,901.0,1105.0,970.0,5221,0,0,1,Pedestrian
54,1025.0,901.0,1108.0,970.0,5222,0,0,1,Pedestrian
54,1025.0,901.0,1108.0,970.0,5223,0,0,1,Pedestrian
54,1028.0,901.0,1111.0,970.0,5224,0,0,1,Pedestrian
54,1028.0,901.0,1111.0,970.0,5225,0,0,1,Pedestrian
54,1031.0,901.0,1113.0,972.0,5226,0,0,1,Pedestrian
54,1031.0,901.0,1113.0,972.0,5227,0,0,1,Pedestrian
54,1034.0,901.0,1116.0,972.0,5228,0,0,1,Pedestrian
54,1034.0,901.0,1116.0,972.0,5229,0,0,1,Pedestrian
54,1036.0,904.0,1119.0,972.0,5230,0,0,1,Pedestrian
54,1036.0,904.0,1119.0,972.0,5231,0,0,1,Pedestrian
54,1039.0,904.0,1122.0,974.0,5232,0,0,1,Pedestrian
54,1039.0,904.0,1122.0,974.0,5233,0,0,1,Pedestrian
54,1042.0,904.0,1124.0,974.0,5234,0,0,1,Pedestrian
54,1045.0,904.0,1124.0,974.0,5235,0,0,1,Pedestrian
54,1045.0,904.0,1127.0,974.0,5236,0,0,1,Pedestrian
54,1047.0,904.0,1127.0,974.0,5237,0,0,1,Pedestrian
54,1047.0,904.0,1130.0,976.0,5238,0,0,1,Pedestrian
54,1050.0,904.0,1130.0,976.0,5239,0,0,1,Pedestrian
54,1050.0,906.0,1133.0,976.0,5240,0,0,1,Pedestrian
54,1053.0,906.0,1133.0,976.0,5241,0,0,1,Pedestrian
54,1053.0,906.0,1135.0,976.0,5242,0,0,1,Pedestrian
54,1056.0,906.0,1135.0,976.0,5243,0,0,1,Pedestrian
54,1056.0,906.0,1138.0,979.0,5244,0,0,1,Pedestrian
54,1058.0,906.0,1138.0,979.0,5245,0,0,1,Pedestrian
54,1058.0,906.0,1141.0,979.0,5246,0,0,1,Pedestrian
54,1061.0,906.0,1141.0,979.0,5247,0,0,1,Pedestrian
54,1061.0,906.0,1144.0,979.0,5248,0,0,1,Pedestrian
54,1064.0,906.0,1144.0,979.0,5249,0,0,1,Pedestrian
54,1067.0,908.0,1146.0,981.0,5250,0,0,0,Pedestrian
54,1067.0,908.0,1146.0,981.0,5251,0,0,1,Pedestrian
54,1069.0,908.0,1149.0,981.0,5252,0,0,1,Pedestrian
54,1069.0,908.0,1149.0,981.0,5253,0,0,1,Pedestrian
54,1072.0,908.0,1152.0,981.0,5254,0,0,1,Pedestrian
54,1075.0,908.0,1155.0,981.0,5255,0,0,1,Pedestrian
54,1075.0,908.0,1155.0,981.0,5256,0,0,1,Pedestrian
54,1078.0,908.0,1157.0,981.0,5257,0,0,1,Pedestrian
54,1080.0,908.0,1160.0,981.0,5258,0,0,1,Pedestrian
54,1080.0,908.0,1160.0,981.0,5259,0,0,1,Pedestrian
54,1083.0,908.0,1163.0,981.0,5260,0,0,1,Pedestrian
54,1083.0,908.0,1163.0,981.0,5261,0,0,1,Pedestrian
54,1086.0,908.0,1166.0,981.0,5262,0,0,1,Pedestrian
54,1089.0,908.0,1168.0,981.0,5263,0,0,1,Pedestrian
54,1089.0,908.0,1168.0,981.0,5264,0,0,1,Pedestrian
54,1091.0,908.0,1171.0,983.0,5265,0,0,1,Pedestrian
54,1094.0,908.0,1174.0,983.0,5266,0,0,1,Pedestrian
54,1094.0,908.0,1174.0,983.0,5267,0,0,1,Pedestrian
54,1097.0,908.0,1177.0,983.0,5268,0,0,1,Pedestrian
54,1100.0,908.0,1179.0,983.0,5269,0,0,1,Pedestrian
54,1100.0,908.0,1179.0,983.0,5270,0,0,1,Pedestrian
54,1102.0,908.0,1182.0,983.0,5271,0,0,1,Pedestrian
54,1102.0,908.0,1182.0,983.0,5272,0,0,1,Pedestrian
54,1105.0,908.0,1185.0,983.0,5273,0,0,1,Pedestrian
54,1108.0,908.0,1188.0,983.0,5274,0,0,1,Pedestrian
54,1108.0,908.0,1188.0,983.0,5275,0,0,1,Pedestrian
54,1111.0,908.0,1190.0,983.0,5276,0,0,1,Pedestrian
54,1113.0,908.0,1193.0,983.0,5277,0,0,1,Pedestrian
54,1113.0,908.0,1193.0,983.0,5278,0,0,1,Pedestrian
54,1116.0,908.0,1196.0,983.0,5279,0,0,1,Pedestrian
54,1119.0,908.0,1199.0,985.0,5280,0,0,0,Pedestrian
54,1119.0,908.0,1199.0,985.0,5281,0,0,1,Pedestrian
54,1122.0,908.0,1201.0,985.0,5282,0,0,1,Pedestrian
54,1124.0,908.0,1204.0,985.0,5283,0,0,1,Pedestrian
54,1124.0,908.0,1204.0,985.0,5284,0,0,1,Pedestrian
54,1127.0,908.0,1207.0,985.0,5285,0,0,1,Pedestrian
54,1130.0,908.0,1210.0,985.0,5286,0,0,1,Pedestrian
54,1130.0,908.0,1210.0,985.0,5287,0,0,1,Pedestrian
54,1133.0,908.0,1212.0,985.0,5288,0,0,1,Pedestrian
54,1135.0,908.0,1215.0,985.0,5289,0,0,1,Pedestrian
54,1135.0,910.0,1215.0,988.0,5290,0,0,1,Pedestrian
54,1138.0,910.0,1218.0,988.0,5291,0,0,1,Pedestrian
54,1141.0,910.0,1221.0,988.0,5292,0,0,1,Pedestrian
54,1141.0,910.0,1221.0,988.0,5293,0,0,1,Pedestrian
54,1144.0,910.0,1223.0,988.0,5294,0,0,1,Pedestrian
54,1146.0,910.0,1226.0,988.0,5295,0,0,1,Pedestrian
54,1146.0,910.0,1226.0,988.0,5296,0,0,1,Pedestrian
54,1149.0,910.0,1229.0,988.0,5297,0,0,1,Pedestrian
54,1152.0,910.0,1232.0,988.0,5298,0,0,1,Pedestrian
54,1152.0,910.0,1232.0,988.0,5299,0,0,1,Pedestrian
54,1155.0,913.0,1234.0,990.0,5300,0,0,1,Pedestrian
54,1157.0,913.0,1237.0,990.0,5301,0,0,1,Pedestrian
54,1157.0,913.0,1237.0,990.0,5302,0,0,1,Pedestrian
54,1160.0,913.0,1240.0,990.0,5303,0,0,1,Pedestrian
54,1163.0,913.0,1243.0,990.0,5304,0,0,1,Pedestrian
54,1163.0,913.0,1243.0,990.0,5305,0,0,1,Pedestrian
54,1166.0,913.0,1245.0,990.0,5306,0,0,1,Pedestrian
54,1168.0,913.0,1248.0,990.0,5307,0,0,1,Pedestrian
54,1168.0,913.0,1248.0,990.0,5308,0,0,1,Pedestrian
54,1171.0,913.0,1251.0,990.0,5309,0,0,1,Pedestrian
54,1174.0,915.0,1254.0,992.0,5310,0,0,0,Pedestrian
54,1174.0,915.0,1254.0,992.0,5311,0,0,1,Pedestrian
54,1177.0,915.0,1256.0,992.0,5312,0,0,1,Pedestrian
54,1179.0,915.0,1259.0,992.0,5313,0,0,1,Pedestrian
54,1182.0,915.0,1262.0,992.0,5314,0,0,1,Pedestrian
54,1182.0,915.0,1262.0,992.0,5315,0,0,1,Pedestrian
54,1185.0,915.0,1265.0,992.0,5316,0,0,1,Pedestrian
54,1188.0,915.0,1267.0,992.0,5317,0,0,1,Pedestrian
54,1190.0,915.0,1270.0,992.0,5318,0,0,1,Pedestrian
54,1190.0,915.0,1270.0,992.0,5319,0,0,1,Pedestrian
54,1193.0,915.0,1273.0,992.0,5320,0,0,1,Pedestrian
54,1196.0,915.0,1276.0,992.0,5321,0,0,1,Pedestrian
54,1199.0,915.0,1278.0,992.0,5322,0,0,1,Pedestrian
54,1199.0,915.0,1278.0,992.0,5323,0,0,1,Pedestrian
54,1201.0,915.0,1281.0,992.0,5324,0,0,1,Pedestrian
54,1204.0,917.0,1284.0,995.0,5325,0,0,1,Pedestrian
54,1207.0,917.0,1287.0,995.0,5326,0,0,1,Pedestrian
54,1210.0,917.0,1289.0,995.0,5327,0,0,1,Pedestrian
54,1210.0,917.0,1289.0,995.0,5328,0,0,1,Pedestrian
54,1212.0,917.0,1292.0,995.0,5329,0,0,1,Pedestrian
54,1215.0,917.0,1295.0,995.0,5330,0,0,1,Pedestrian
54,1218.0,917.0,1298.0,995.0,5331,0,0,1,Pedestrian
54,1218.0,917.0,1298.0,995.0,5332,0,0,1,Pedestrian
54,1221.0,917.0,1300.0,995.0,5333,0,0,1,Pedestrian
54,1223.0,917.0,1303.0,995.0,5334,0,0,1,Pedestrian
54,1226.0,917.0,1306.0,995.0,5335,0,0,1,Pedestrian
54,1226.0,917.0,1306.0,995.0,5336,0,0,1,Pedestrian
54,1229.0,917.0,1309.0,995.0,5337,0,0,1,Pedestrian
54,1232.0,917.0,1311.0,995.0,5338,0,0,1,Pedestrian
54,1234.0,917.0,1314.0,995.0,5339,0,0,1,Pedestrian
54,1237.0,919.0,1317.0,997.0,5340,0,0,0,Pedestrian
54,1237.0,919.0,1317.0,997.0,5341,0,0,1,Pedestrian
54,1237.0,919.0,1317.0,997.0,5342,0,0,1,Pedestrian
54,1240.0,919.0,1320.0,997.0,5343,0,0,1,Pedestrian
54,1240.0,919.0,1320.0,997.0,5344,0,0,1,Pedestrian
54,1243.0,919.0,1322.0,997.0,5345,0,0,1,Pedestrian
54,1243.0,919.0,1322.0,997.0,5346,0,0,1,Pedestrian
54,1245.0,919.0,1325.0,997.0,5347,0,0,1,Pedestrian
54,1245.0,919.0,1325.0,997.0,5348,0,0,1,Pedestrian
54,1248.0,919.0,1328.0,997.0,5349,0,0,1,Pedestrian
54,1248.0,919.0,1328.0,997.0,5350,0,0,1,Pedestrian
54,1251.0,919.0,1331.0,997.0,5351,0,0,1,Pedestrian
54,1251.0,919.0,1331.0,997.0,5352,0,0,1,Pedestrian
54,1254.0,919.0,1333.0,997.0,5353,0,0,1,Pedestrian
54,1254.0,919.0,1333.0,997.0,5354,0,0,1,Pedestrian
54,1256.0,922.0,1336.0,999.0,5355,0,0,1,Pedestrian
54,1256.0,922.0,1336.0,999.0,5356,0,0,1,Pedestrian
54,1256.0,922.0,1336.0,999.0,5357,0,0,1,Pedestrian
54,1259.0,922.0,1339.0,999.0,5358,0,0,1,Pedestrian
54,1259.0,922.0,1339.0,999.0,5359,0,0,1,Pedestrian
54,1262.0,922.0,1342.0,999.0,5360,0,0,1,Pedestrian
54,1262.0,922.0,1342.0,999.0,5361,0,0,1,Pedestrian
54,1265.0,922.0,1344.0,999.0,5362,0,0,1,Pedestrian
54,1265.0,922.0,1344.0,999.0,5363,0,0,1,Pedestrian
54,1267.0,922.0,1347.0,999.0,5364,0,0,1,Pedestrian
54,1267.0,922.0,1347.0,999.0,5365,0,0,1,Pedestrian
54,1270.0,922.0,1350.0,999.0,5366,0,0,1,Pedestrian
54,1270.0,922.0,1350.0,999.0,5367,0,0,1,Pedestrian
54,1273.0,922.0,1353.0,999.0,5368,0,0,1,Pedestrian
54,1273.0,922.0,1353.0,999.0,5369,0,0,1,Pedestrian
54,1276.0,924.0,1355.0,1001.0,5370,0,0,0,Pedestrian
54,1276.0,924.0,1355.0,1001.0,5371,0,0,1,Pedestrian
54,1278.0,924.0,1358.0,1001.0,5372,0,0,1,Pedestrian
54,1278.0,924.0,1358.0,1001.0,5373,0,0,1,Pedestrian
54,1281.0,924.0,1361.0,1001.0,5374,0,0,1,Pedestrian
54,1281.0,924.0,1361.0,1001.0,5375,0,0,1,Pedestrian
54,1284.0,924.0,1364.0,1001.0,5376,0,0,1,Pedestrian
54,1284.0,924.0,1364.0,1001.0,5377,0,0,1,Pedestrian
54,1287.0,924.0,1366.0,1001.0,5378,0,0,1,Pedestrian
54,1289.0,924.0,1369.0,1001.0,5379,0,0,1,Pedestrian
54,1289.0,924.0,1369.0,1001.0,5380,0,0,1,Pedestrian
54,1292.0,924.0,1372.0,1001.0,5381,0,0,1,Pedestrian
54,1292.0,924.0,1372.0,1001.0,5382,0,0,1,Pedestrian
54,1295.0,924.0,1375.0,1001.0,5383,0,0,1,Pedestrian
54,1295.0,924.0,1375.0,1001.0,5384,0,0,1,Pedestrian
54,1298.0,926.0,1377.0,1004.0,5385,0,0,1,Pedestrian
54,1300.0,926.0,1380.0,1004.0,5386,0,0,1,Pedestrian
54,1300.0,926.0,1380.0,1004.0,5387,0,0,1,Pedestrian
54,1303.0,926.0,1383.0,1004.0,5388,0,0,1,Pedestrian
54,1303.0,926.0,1383.0,1004.0,5389,0,0,1,Pedestrian
54,1306.0,926.0,1386.0,1004.0,5390,0,0,1,Pedestrian
54,1306.0,926.0,1386.0,1004.0,5391,0,0,1,Pedestrian
54,1309.0,926.0,1388.0,1004.0,5392,0,0,1,Pedestrian
54,1311.0,926.0,1391.0,1004.0,5393,0,0,1,Pedestrian
54,1311.0,926.0,1391.0,1004.0,5394,0,0,1,Pedestrian
54,1314.0,926.0,1394.0,1004.0,5395,0,0,1,Pedestrian
54,1314.0,926.0,1394.0,1004.0,5396,0,0,1,Pedestrian
54,1317.0,926.0,1397.0,1004.0,5397,0,0,1,Pedestrian
54,1317.0,926.0,1397.0,1004.0,5398,0,0,1,Pedestrian
54,1320.0,926.0,1399.0,1004.0,5399,0,0,1,Pedestrian
54,1322.0,929.0,1402.0,1006.0,5400,0,0,0,Pedestrian
54,1322.0,929.0,1402.0,1006.0,5401,0,0,1,Pedestrian
54,1325.0,929.0,1405.0,1006.0,5402,0,0,1,Pedestrian
54,1325.0,929.0,1405.0,1006.0,5403,0,0,1,Pedestrian
54,1328.0,929.0,1408.0,1006.0,5404,0,0,1,Pedestrian
54,1331.0,929.0,1410.0,1006.0,5405,0,0,1,Pedestrian
54,1331.0,929.0,1410.0,1006.0,5406,0,0,1,Pedestrian
54,1333.0,929.0,1413.0,1006.0,5407,0,0,1,Pedestrian
54,1336.0,929.0,1416.0,1006.0,5408,0,0,1,Pedestrian
54,1336.0,929.0,1416.0,1006.0,5409,0,0,1,Pedestrian
54,1339.0,931.0,1419.0,1008.0,5410,0,0,1,Pedestrian
54,1339.0,931.0,1419.0,1008.0,5411,0,0,1,Pedestrian
54,1342.0,931.0,1421.0,1008.0,5412,0,0,1,Pedestrian
54,1344.0,931.0,1424.0,1008.0,5413,0,0,1,Pedestrian
54,1344.0,931.0,1424.0,1008.0,5414,0,0,1,Pedestrian
54,1347.0,931.0,1427.0,1008.0,5415,0,0,1,Pedestrian
54,1350.0,931.0,1430.0,1008.0,5416,0,0,1,Pedestrian
54,1350.0,931.0,1430.0,1008.0,5417,0,0,1,Pedestrian
54,1353.0,931.0,1432.0,1008.0,5418,0,0,1,Pedestrian
54,1355.0,931.0,1435.0,1008.0,5419,0,0,1,Pedestrian
54,1355.0,933.0,1435.0,1011.0,5420,0,0,1,Pedestrian
54,1358.0,933.0,1438.0,1011.0,5421,0,0,1,Pedestrian
54,1358.0,933.0,1438.0,1011.0,5422,0,0,1,Pedestrian
54,1361.0,933.0,1441.0,1011.0,5423,0,0,1,Pedestrian
54,1364.0,933.0,1443.0,1011.0,5424,0,0,1,Pedestrian
54,1364.0,933.0,1443.0,1011.0,5425,0,0,1,Pedestrian
54,1366.0,933.0,1446.0,1011.0,5426,0,0,1,Pedestrian
54,1369.0,933.0,1449.0,1011.0,5427,0,0,1,Pedestrian
54,1369.0,933.0,1449.0,1011.0,5428,0,0,1,Pedestrian
54,1372.0,933.0,1452.0,1011.0,5429,0,0,1,Pedestrian
54,1375.0,935.0,1454.0,1013.0,5430,0,0,0,Pedestrian
54,1375.0,935.0,1454.0,1013.0,5431,0,0,1,Pedestrian
54,1377.0,935.0,1457.0,1013.0,5432,0,0,1,Pedestrian
54,1377.0,935.0,1457.0,1013.0,5433,0,0,1,Pedestrian
54,1380.0,935.0,1460.0,1013.0,5434,0,0,1,Pedestrian
54,1383.0,935.0,1463.0,1013.0,5435,0,0,1,Pedestrian
54,1383.0,935.0,1463.0,1013.0,5436,0,0,1,Pedestrian
54,1386.0,935.0,1465.0,1013.0,5437,0,0,1,Pedestrian
54,1386.0,935.0,1465.0,1013.0,5438,0,0,1,Pedestrian
54,1388.0,935.0,1468.0,1013.0,5439,0,0,1,Pedestrian
54,1391.0,938.0,1471.0,1015.0,5440,0,0,1,Pedestrian
54,1391.0,938.0,1471.0,1015.0,5441,0,0,1,Pedestrian
54,1394.0,938.0,1474.0,1015.0,5442,0,0,1,Pedestrian
54,1394.0,938.0,1474.0,1015.0,5443,0,0,1,Pedestrian
54,1397.0,938.0,1476.0,1015.0,5444,0,0,1,Pedestrian
54,1399.0,938.0,1479.0,1015.0,5445,0,0,1,Pedestrian
54,1399.0,938.0,1479.0,1015.0,5446,0,0,1,Pedestrian
54,1402.0,938.0,1482.0,1015.0,5447,0,0,1,Pedestrian
54,1402.0,938.0,1482.0,1015.0,5448,0,0,1,Pedestrian
54,1405.0,938.0,1485.0,1015.0,5449,0,0,1,Pedestrian
54,1408.0,940.0,1487.0,1017.0,5450,0,0,1,Pedestrian
54,1408.0,940.0,1487.0,1017.0,5451,0,0,1,Pedestrian
54,1410.0,940.0,1490.0,1017.0,5452,0,0,1,Pedestrian
54,1410.0,940.0,1490.0,1017.0,5453,0,0,1,Pedestrian
54,1413.0,940.0,1493.0,1017.0,5454,0,0,1,Pedestrian
54,1416.0,940.0,1496.0,1017.0,5455,0,0,1,Pedestrian
54,1416.0,940.0,1496.0,1017.0,5456,0,0,1,Pedestrian
54,1419.0,940.0,1498.0,1017.0,5457,0,0,1,Pedestrian
54,1419.0,940.0,1498.0,1017.0,5458,0,0,1,Pedestrian
54,1421.0,940.0,1501.0,1017.0,5459,0,0,1,Pedestrian
54,1424.0,942.0,1504.0,1020.0,5460,0,0,1,Pedestrian
54,1424.0,942.0,1504.0,1020.0,5461,0,0,1,Pedestrian
54,1427.0,942.0,1507.0,1020.0,5462,0,0,1,Pedestrian
54,1427.0,942.0,1507.0,1020.0,5463,0,0,1,Pedestrian
54,1430.0,942.0,1509.0,1020.0,5464,0,0,1,Pedestrian
54,1432.0,942.0,1512.0,1020.0,5465,0,0,1,Pedestrian
54,1432.0,942.0,1512.0,1020.0,5466,0,0,1,Pedestrian
54,1435.0,942.0,1515.0,1020.0,5467,0,0,1,Pedestrian
54,1435.0,942.0,1515.0,1020.0,5468,0,0,1,Pedestrian
54,1438.0,942.0,1518.0,1020.0,5469,0,0,1,Pedestrian
54,1441.0,944.0,1520.0,1022.0,5470,0,0,0,Pedestrian
54,1441.0,944.0,1520.0,1022.0,5471,0,0,1,Pedestrian
54,1443.0,944.0,1523.0,1022.0,5472,0,0,1,Pedestrian
54,1446.0,944.0,1526.0,1022.0,5473,0,0,1,Pedestrian
54,1446.0,944.0,1526.0,1022.0,5474,0,0,1,Pedestrian
54,1449.0,947.0,1529.0,1024.0,5475,0,0,1,Pedestrian
54,1452.0,947.0,1531.0,1024.0,5476,0,0,1,Pedestrian
54,1454.0,947.0,1534.0,1024.0,5477,0,0,1,Pedestrian
54,1454.0,947.0,1534.0,1024.0,5478,0,0,1,Pedestrian
54,1457.0,947.0,1537.0,1024.0,5479,0,0,1,Pedestrian
54,1460.0,949.0,1540.0,1026.0,5480,0,0,1,Pedestrian
54,1463.0,949.0,1542.0,1026.0,5481,0,0,1,Pedestrian
54,1463.0,949.0,1542.0,1026.0,5482,0,0,1,Pedestrian
54,1465.0,949.0,1545.0,1026.0,5483,0,0,1,Pedestrian
54,1468.0,949.0,1548.0,1026.0,5484,0,0,1,Pedestrian
54,1471.0,951.0,1551.0,1029.0,5485,0,0,1,Pedestrian
54,1471.0,951.0,1551.0,1029.0,5486,0,0,1,Pedestrian
54,1474.0,951.0,1553.0,1029.0,5487,0,0,1,Pedestrian
54,1476.0,951.0,1556.0,1029.0,5488,0,0,1,Pedestrian
54,1476.0,951.0,1556.0,1029.0,5489,0,0,1,Pedestrian
54,1479.0,954.0,1559.0,1031.0,5490,0,0,1,Pedestrian
54,1482.0,954.0,1562.0,1031.0,5491,0,0,1,Pedestrian
54,1485.0,954.0,1564.0,1031.0,5492,0,0,1,Pedestrian
54,1485.0,954.0,1564.0,1031.0,5493,0,0,1,Pedestrian
54,1487.0,954.0,1567.0,1031.0,5494,0,0,1,Pedestrian
54,1490.0,956.0,1570.0,1033.0,5495,0,0,1,Pedestrian
54,1493.0,956.0,1573.0,1033.0,5496,0,0,1,Pedestrian
54,1493.0,956.0,1573.0,1033.0,5497,0,0,1,Pedestrian
54,1496.0,956.0,1575.0,1033.0,5498,0,0,1,Pedestrian
54,1498.0,956.0,1578.0,1033.0,5499,0,0,1,Pedestrian
54,1501.0,958.0,1581.0,1036.0,5500,0,0,0,Pedestrian
54,1501.0,958.0,1581.0,1033.0,5501,0,0,1,Pedestrian
54,1504.0,958.0,1584.0,1033.0,5502,0,0,1,Pedestrian
54,1507.0,958.0,1584.0,1033.0,5503,0,0,1,Pedestrian
54,1507.0,958.0,1586.0,1033.0,5504,0,0,1,Pedestrian
54,1509.0,958.0,1586.0,1033.0,5505,0,0,1,Pedestrian
54,1512.0,958.0,1589.0,1031.0,5506,0,0,1,Pedestrian
54,1515.0,958.0,1589.0,1031.0,5507,0,0,1,Pedestrian
54,1515.0,958.0,1592.0,1031.0,5508,0,0,1,Pedestrian
54,1518.0,958.0,1595.0,1031.0,5509,0,0,1,Pedestrian
54,1520.0,960.0,1595.0,1031.0,5510,0,0,1,Pedestrian
54,1523.0,960.0,1597.0,1029.0,5511,0,0,1,Pedestrian
54,1523.0,960.0,1597.0,1029.0,5512,0,0,1,Pedestrian
54,1526.0,960.0,1600.0,1029.0,5513,0,0,1,Pedestrian
54,1529.0,960.0,1600.0,1029.0,5514,0,0,1,Pedestrian
54,1529.0,960.0,1603.0,1029.0,5515,0,0,1,Pedestrian
54,1531.0,960.0,1606.0,1029.0,5516,0,0,1,Pedestrian
54,1534.0,960.0,1606.0,1026.0,5517,0,0,1,Pedestrian
54,1537.0,960.0,1608.0,1026.0,5518,0,0,1,Pedestrian
54,1537.0,960.0,1608.0,1026.0,5519,0,0,1,Pedestrian
54,1540.0,963.0,1611.0,1026.0,5520,0,0,1,Pedestrian
54,1542.0,963.0,1611.0,1026.0,5521,0,0,1,Pedestrian
54,1545.0,963.0,1614.0,1024.0,5522,0,0,1,Pedestrian
54,1545.0,963.0,1614.0,1024.0,5523,0,0,1,Pedestrian
54,1548.0,963.0,1617.0,1024.0,5524,0,0,1,Pedestrian
54,1551.0,963.0,1619.0,1024.0,5525,0,0,1,Pedestrian
54,1551.0,963.0,1619.0,1024.0,5526,0,0,1,Pedestrian
54,1553.0,963.0,1622.0,1022.0,5527,0,0,1,Pedestrian
54,1556.0,963.0,1622.0,1022.0,5528,0,0,1,Pedestrian
54,1559.0,965.0,1625.0,1022.0,5529,0,0,1,Pedestrian
54,1559.0,965.0,1625.0,1022.0,5530,0,0,1,Pedestrian
54,1562.0,965.0,1628.0,1022.0,5531,0,0,1,Pedestrian
54,1564.0,965.0,1630.0,1022.0,5532,0,0,1,Pedestrian
54,1567.0,965.0,1630.0,1020.0,5533,0,0,1,Pedestrian
54,1567.0,965.0,1633.0,1020.0,5534,0,0,1,Pedestrian
54,1570.0,965.0,1633.0,1020.0,5535,0,0,1,Pedestrian
54,1573.0,965.0,1636.0,1020.0,5536,0,0,1,Pedestrian
54,1573.0,965.0,1636.0,1020.0,5537,0,0,1,Pedestrian
54,1575.0,965.0,1639.0,1017.0,5538,0,0,1,Pedestrian
54,1578.0,967.0,1639.0,1017.0,5539,0,0,1,Pedestrian
54,1581.0,967.0,1641.0,1017.0,5540,0,0,1,Pedestrian
54,1581.0,967.0,1644.0,1017.0,5541,0,0,1,Pedestrian
54,1584.0,967.0,1644.0,1017.0,5542,0,0,1,Pedestrian
54,1586.0,967.0,1647.0,1015.0,5543,0,0,1,Pedestrian
54,1589.0,967.0,1647.0,1015.0,5544,0,0,1,Pedestrian
54,1589.0,967.0,1650.0,1015.0,5545,0,0,1,Pedestrian
54,1592.0,967.0,1650.0,1015.0,5546,0,0,1,Pedestrian
54,1595.0,967.0,1652.0,1015.0,5547,0,0,1,Pedestrian
54,1597.0,970.0,1655.0,1015.0,5548,0,0,0,Pedestrian
54,1597.0,967.0,1655.0,1013.0,5549,0,0,1,Pedestrian
54,1600.0,967.0,1658.0,1013.0,5550,0,0,1,Pedestrian
54,1600.0,967.0,1658.0,1013.0,5551,0,0,1,Pedestrian
54,1603.0,967.0,1661.0,1013.0,5552,0,0,1,Pedestrian
54,1603.0,967.0,1661.0,1013.0,5553,0,0,1,Pedestrian
54,1606.0,967.0,1663.0,1013.0,5554,0,0,1,Pedestrian
54,1606.0,967.0,1663.0,1013.0,5555,0,0,1,Pedestrian
54,1608.0,967.0,1666.0,1013.0,5556,0,0,1,Pedestrian
54,1608.0,967.0,1666.0,1013.0,5557,0,0,1,Pedestrian
54,1611.0,967.0,1669.0,1013.0,5558,0,0,1,Pedestrian
54,1611.0,967.0,1669.0,1013.0,5559,0,0,1,Pedestrian
54,1614.0,967.0,1672.0,1013.0,5560,0,0,1,Pedestrian
54,1614.0,967.0,1672.0,1013.0,5561,0,0,1,Pedestrian
54,1617.0,967.0,1674.0,1013.0,5562,0,0,1,Pedestrian
54,1617.0,967.0,1674.0,1013.0,5563,0,0,1,Pedestrian
54,1619.0,967.0,1677.0,1013.0,5564,0,0,1,Pedestrian
54,1619.0,967.0,1677.0,1013.0,5565,0,0,1,Pedestrian
54,1622.0,967.0,1680.0,1013.0,5566,0,0,1,Pedestrian
54,1622.0,967.0,1680.0,1013.0,5567,0,0,1,Pedestrian
54,1625.0,967.0,1683.0,1013.0,5568,0,0,1,Pedestrian
54,1625.0,967.0,1683.0,1013.0,5569,0,0,1,Pedestrian
54,1628.0,967.0,1685.0,1013.0,5570,0,0,1,Pedestrian
54,1630.0,967.0,1688.0,1013.0,5571,0,0,1,Pedestrian
54,1630.0,967.0,1688.0,1013.0,5572,0,0,1,Pedestrian
54,1633.0,967.0,1691.0,1013.0,5573,0,0,1,Pedestrian
54,1633.0,967.0,1691.0,1013.0,5574,0,0,1,Pedestrian
54,1636.0,967.0,1694.0,1013.0,5575,0,0,1,Pedestrian
54,1636.0,967.0,1694.0,1013.0,5576,0,0,1,Pedestrian
54,1639.0,967.0,1696.0,1013.0,5577,0,0,1,Pedestrian
54,1639.0,967.0,1696.0,1013.0,5578,0,0,1,Pedestrian
54,1641.0,967.0,1699.0,1013.0,5579,0,0,1,Pedestrian
54,1641.0,967.0,1699.0,1013.0,5580,0,0,1,Pedestrian
54,1644.0,967.0,1702.0,1013.0,5581,0,0,1,Pedestrian
54,1644.0,965.0,1702.0,1011.0,5582,0,0,1,Pedestrian
54,1647.0,965.0,1705.0,1011.0,5583,0,0,1,Pedestrian
54,1647.0,965.0,1705.0,1011.0,5584,0,0,1,Pedestrian
54,1650.0,965.0,1707.0,1011.0,5585,0,0,1,Pedestrian
54,1650.0,965.0,1707.0,1011.0,5586,0,0,1,Pedestrian
54,1652.0,965.0,1710.0,1011.0,5587,0,0,1,Pedestrian
54,1652.0,965.0,1710.0,1011.0,5588,0,0,1,Pedestrian
54,1655.0,965.0,1713.0,1011.0,5589,0,0,1,Pedestrian
54,1655.0,965.0,1713.0,1011.0,5590,0,0,1,Pedestrian
54,1658.0,965.0,1716.0,1011.0,5591,0,0,1,Pedestrian
54,1658.0,965.0,1716.0,1011.0,5592,0,0,1,Pedestrian
54,1661.0,965.0,1718.0,1011.0,5593,0,0,1,Pedestrian
54,1663.0,965.0,1721.0,1011.0,5594,0,0,1,Pedestrian
54,1663.0,965.0,1721.0,1011.0,5595,0,0,1,Pedestrian
54,1666.0,965.0,1724.0,1011.0,5596,0,0,1,Pedestrian
54,1666.0,965.0,1724.0,1011.0,5597,0,0,1,Pedestrian
54,1669.0,965.0,1727.0,1011.0,5598,0,0,1,Pedestrian
54,1669.0,965.0,1727.0,1011.0,5599,0,0,1,Pedestrian
54,1672.0,965.0,1729.0,1011.0,5600,0,0,1,Pedestrian
54,1672.0,965.0,1729.0,1011.0,5601,0,0,1,Pedestrian
54,1674.0,965.0,1732.0,1011.0,5602,0,0,1,Pedestrian
54,1674.0,965.0,1732.0,1011.0,5603,0,0,1,Pedestrian
54,1677.0,965.0,1735.0,1011.0,5604,0,0,1,Pedestrian
54,1677.0,965.0,1735.0,1011.0,5605,0,0,1,Pedestrian
54,1680.0,965.0,1738.0,1011.0,5606,0,0,1,Pedestrian
54,1680.0,965.0,1738.0,1011.0,5607,0,0,1,Pedestrian
54,1683.0,965.0,1740.0,1011.0,5608,0,0,1,Pedestrian
54,1683.0,965.0,1740.0,1011.0,5609,0,0,1,Pedestrian
54,1685.0,965.0,1743.0,1011.0,5610,0,0,1,Pedestrian
54,1685.0,965.0,1743.0,1011.0,5611,0,0,1,Pedestrian
54,1688.0,965.0,1746.0,1011.0,5612,0,0,1,Pedestrian
54,1688.0,965.0,1746.0,1011.0,5613,0,0,1,Pedestrian
54,1691.0,965.0,1749.0,1011.0,5614,0,0,1,Pedestrian
54,1694.0,965.0,1751.0,1011.0,5615,0,0,0,Pedestrian
54,1694.0,965.0,1751.0,1011.0,5616,0,0,1,Pedestrian
54,1696.0,965.0,1754.0,1011.0,5617,0,0,1,Pedestrian
54,1696.0,965.0,1754.0,1011.0,5618,0,0,1,Pedestrian
54,1699.0,965.0,1757.0,1011.0,5619,0,0,1,Pedestrian
54,1702.0,965.0,1760.0,1011.0,5620,0,0,1,Pedestrian
54,1702.0,967.0,1760.0,1013.0,5621,0,0,1,Pedestrian
54,1705.0,967.0,1762.0,1013.0,5622,0,0,1,Pedestrian
54,1707.0,967.0,1765.0,1013.0,5623,0,0,1,Pedestrian
54,1707.0,967.0,1765.0,1013.0,5624,0,0,1,Pedestrian
54,1710.0,967.0,1768.0,1013.0,5625,0,0,1,Pedestrian
54,1713.0,967.0,1771.0,1013.0,5626,0,0,1,Pedestrian
54,1713.0,970.0,1771.0,1015.0,5627,0,0,1,Pedestrian
54,1716.0,970.0,1773.0,1015.0,5628,0,0,1,Pedestrian
54,1718.0,970.0,1776.0,1015.0,5629,0,0,1,Pedestrian
54,1718.0,970.0,1776.0,1015.0,5630,0,0,1,Pedestrian
54,1721.0,970.0,1779.0,1015.0,5631,0,0,1,Pedestrian
54,1724.0,972.0,1782.0,1017.0,5632,0,0,1,Pedestrian
54,1724.0,972.0,1782.0,1017.0,5633,0,0,1,Pedestrian
54,1727.0,972.0,1784.0,1017.0,5634,0,0,1,Pedestrian
54,1729.0,972.0,1787.0,1017.0,5635,0,0,1,Pedestrian
54,1729.0,972.0,1787.0,1017.0,5636,0,0,1,Pedestrian
54,1732.0,972.0,1790.0,1017.0,5637,0,0,1,Pedestrian
54,1735.0,974.0,1793.0,1020.0,5638,0,0,1,Pedestrian
54,1735.0,974.0,1793.0,1020.0,5639,0,0,1,Pedestrian
54,1738.0,974.0,1795.0,1020.0,5640,0,0,1,Pedestrian
54,1740.0,974.0,1798.0,1020.0,5641,0,0,1,Pedestrian
54,1740.0,974.0,1798.0,1020.0,5642,0,0,1,Pedestrian
54,1743.0,974.0,1801.0,1020.0,5643,0,0,1,Pedestrian
54,1746.0,976.0,1804.0,1022.0,5644,0,0,1,Pedestrian
54,1746.0,976.0,1804.0,1022.0,5645,0,0,1,Pedestrian
54,1749.0,976.0,1806.0,1022.0,5646,0,0,1,Pedestrian
54,1751.0,976.0,1809.0,1022.0,5647,0,0,1,Pedestrian
54,1751.0,976.0,1809.0,1022.0,5648,0,0,1,Pedestrian
54,1754.0,979.0,1812.0,1024.0,5649,0,0,1,Pedestrian
54,1757.0,979.0,1815.0,1024.0,5650,0,0,1,Pedestrian
54,1757.0,979.0,1815.0,1024.0,5651,0,0,1,Pedestrian
54,1760.0,979.0,1817.0,1024.0,5652,0,0,1,Pedestrian
54,1762.0,979.0,1820.0,1024.0,5653,0,0,1,Pedestrian
54,1762.0,979.0,1820.0,1024.0,5654,0,0,1,Pedestrian
54,1765.0,981.0,1823.0,1026.0,5655,0,0,1,Pedestrian
54,1768.0,981.0,1826.0,1026.0,5656,0,0,1,Pedestrian
54,1768.0,981.0,1826.0,1026.0,5657,0,0,1,Pedestrian
54,1771.0,981.0,1828.0,1026.0,5658,0,0,1,Pedestrian
54,1773.0,981.0,1831.0,1026.0,5659,0,0,1,Pedestrian
54,1773.0,981.0,1831.0,1026.0,5660,0,0,1,Pedestrian
54,1776.0,983.0,1834.0,1029.0,5661,0,0,1,Pedestrian
54,1779.0,983.0,1837.0,1029.0,5662,0,0,1,Pedestrian
54,1779.0,983.0,1837.0,1029.0,5663,0,0,1,Pedestrian
54,1782.0,983.0,1839.0,1029.0,5664,0,0,1,Pedestrian
54,1784.0,983.0,1842.0,1029.0,5665,0,0,1,Pedestrian
54,1784.0,985.0,1842.0,1031.0,5666,0,0,1,Pedestrian
54,1787.0,985.0,1845.0,1031.0,5667,0,0,1,Pedestrian
54,1790.0,985.0,1848.0,1031.0,5668,0,0,1,Pedestrian
54,1790.0,985.0,1848.0,1031.0,5669,0,0,1,Pedestrian
54,1793.0,985.0,1850.0,1031.0,5670,0,0,1,Pedestrian
54,1795.0,985.0,1853.0,1031.0,5671,0,0,1,Pedestrian
54,1795.0,988.0,1853.0,1033.0,5672,0,0,1,Pedestrian
54,1798.0,988.0,1856.0,1033.0,5673,0,0,1,Pedestrian
54,1801.0,988.0,1859.0,1033.0,5674,0,0,1,Pedestrian
54,1801.0,988.0,1859.0,1033.0,5675,0,0,1,Pedestrian
54,1804.0,988.0,1861.0,1033.0,5676,0,0,1,Pedestrian
54,1806.0,990.0,1864.0,1036.0,5677,0,0,0,Pedestrian
54,1806.0,990.0,1864.0,1036.0,5678,0,0,1,Pedestrian
54,1809.0,990.0,1867.0,1036.0,5679,0,0,1,Pedestrian
54,1809.0,990.0,1867.0,1036.0,5680,0,0,1,Pedestrian
54,1812.0,990.0,1870.0,1036.0,5681,0,0,1,Pedestrian
54,1812.0,990.0,1870.0,1036.0,5682,0,0,1,Pedestrian
54,1815.0,990.0,1872.0,1036.0,5683,0,0,1,Pedestrian
54,1815.0,990.0,1872.0,1036.0,5684,0,0,1,Pedestrian
54,1817.0,990.0,1875.0,1036.0,5685,0,0,1,Pedestrian
54,1817.0,990.0,1875.0,1036.0,5686,0,0,1,Pedestrian
54,1820.0,990.0,1878.0,1036.0,5687,0,0,1,Pedestrian
54,1823.0,990.0,1878.0,1036.0,5688,0,0,1,Pedestrian
54,1823.0,990.0,1881.0,1036.0,5689,0,0,1,Pedestrian
54,1826.0,990.0,1881.0,1036.0,5690,0,0,1,Pedestrian
54,1826.0,990.0,1883.0,1036.0,5691,0,0,1,Pedestrian
54,1828.0,990.0,1883.0,1036.0,5692,0,0,1,Pedestrian
54,1828.0,990.0,1886.0,1036.0,5693,0,0,1,Pedestrian
54,1831.0,990.0,1889.0,1036.0,5694,0,0,1,Pedestrian
54,1831.0,990.0,1889.0,1036.0,5695,0,0,1,Pedestrian
54,1834.0,990.0,1892.0,1036.0,5696,0,0,1,Pedestrian
54,1834.0,990.0,1892.0,1036.0,5697,0,0,1,Pedestrian
54,1837.0,990.0,1894.0,1036.0,5698,0,0,1,Pedestrian
54,1839.0,990.0,1894.0,1036.0,5699,0,0,1,Pedestrian
54,1839.0,990.0,1897.0,1036.0,5700,0,0,1,Pedestrian
54,1842.0,990.0,1897.0,1036.0,5701,0,0,1,Pedestrian
54,1842.0,990.0,1900.0,1036.0,5702,0,0,1,Pedestrian
54,1845.0,990.0,1900.0,1036.0,5703,0,0,1,Pedestrian
54,1845.0,990.0,1903.0,1036.0,5704,0,0,1,Pedestrian
54,1848.0,990.0,1903.0,1036.0,5705,0,0,1,Pedestrian
54,1848.0,990.0,1905.0,1036.0,5706,0,0,1,Pedestrian
54,1850.0,990.0,1905.0,1036.0,5707,0,0,1,Pedestrian
54,1853.0,992.0,1908.0,1038.0,5708,0,0,1,Pedestrian
54,1853.0,992.0,1911.0,1038.0,5709,0,0,1,Pedestrian
54,1856.0,992.0,1911.0,1038.0,5710,0,0,1,Pedestrian
54,1856.0,992.0,1914.0,1038.0,5711,0,0,1,Pedestrian
54,1859.0,992.0,1914.0,1038.0,5712,0,0,1,Pedestrian
54,1859.0,992.0,1916.0,1038.0,5713,0,0,1,Pedestrian
54,1861.0,992.0,1916.0,1038.0,5714,0,0,1,Pedestrian
54,1861.0,992.0,1919.0,1038.0,5715,0,0,1,Pedestrian
54,1864.0,992.0,1919.0,1038.0,5716,0,0,1,Pedestrian
54,1864.0,992.0,1922.0,1038.0,5717,0,0,1,Pedestrian
54,1867.0,992.0,1922.0,1038.0,5718,0,0,1,Pedestrian
54,1870.0,992.0,1925.0,1038.0,5719,0,0,1,Pedestrian
54,1870.0,992.0,1925.0,1038.0,5720,0,0,1,Pedestrian
54,1872.0,992.0,1927.0,1038.0,5721,0,0,1,Pedestrian
54,1872.0,992.0,1927.0,1038.0,5722,0,0,1,Pedestrian
54,1875.0,992.0,1930.0,1038.0,5723,0,0,1,Pedestrian
54,1875.0,992.0,1933.0,1038.0,5724,0,0,1,Pedestrian
54,1878.0,992.0,1933.0,1038.0,5725,0,0,1,Pedestrian
54,1878.0,992.0,1936.0,1038.0,5726,0,0,1,Pedestrian
54,1881.0,992.0,1936.0,1038.0,5727,0,0,1,Pedestrian
54,1881.0,992.0,1938.0,1038.0,5728,0,0,1,Pedestrian
54,1883.0,992.0,1938.0,1038.0,5729,0,0,1,Pedestrian
54,1886.0,992.0,1941.0,1038.0,5730,0,0,1,Pedestrian
54,1886.0,992.0,1941.0,1038.0,5731,0,0,1,Pedestrian
54,1889.0,992.0,1944.0,1038.0,5732,0,0,1,Pedestrian
54,1889.0,992.0,1944.0,1038.0,5733,0,0,1,Pedestrian
54,1892.0,992.0,1947.0,1038.0,5734,0,0,1,Pedestrian
54,1892.0,992.0,1947.0,1038.0,5735,0,0,1,Pedestrian
54,1894.0,992.0,1949.0,1038.0,5736,0,0,1,Pedestrian
54,1894.0,992.0,1949.0,1038.0,5737,0,0,1,Pedestrian
54,1897.0,992.0,1952.0,1038.0,5738,0,0,1,Pedestrian
54,1900.0,995.0,1955.0,1040.0,5739,0,0,0,Pedestrian
54,1900.0,995.0,1955.0,1040.0,5740,0,0,1,Pedestrian
54,1900.0,995.0,1955.0,1040.0,5741,0,0,1,Pedestrian
54,1903.0,995.0,1958.0,1040.0,5742,0,0,1,Pedestrian
54,1903.0,995.0,1958.0,1040.0,5743,0,0,1,Pedestrian
54,1903.0,995.0,1958.0,1040.0,5744,0,0,1,Pedestrian
54,1905.0,995.0,1960.0,1040.0,5745,0,0,1,Pedestrian
54,1905.0,995.0,1960.0,1040.0,5746,0,0,1,Pedestrian
54,1905.0,995.0,1960.0,1040.0,5747,0,0,1,Pedestrian
54,1908.0,995.0,1963.0,1040.0,5748,0,0,1,Pedestrian
54,1908.0,995.0,1963.0,1040.0,5749,0,0,1,Pedestrian
54,1908.0,995.0,1963.0,1040.0,5750,0,0,1,Pedestrian
54,1911.0,995.0,1966.0,1040.0,5751,0,0,0,Pedestrian
54,1911.0,995.0,1966.0,1040.0,5752,0,0,1,Pedestrian
54,1911.0,995.0,1966.0,1040.0,5753,0,0,1,Pedestrian
54,1914.0,995.0,1966.0,1040.0,5754,0,0,1,Pedestrian
54,1914.0,995.0,1969.0,1040.0,5755,0,0,1,Pedestrian
54,1914.0,995.0,1969.0,1040.0,5756,0,0,1,Pedestrian
54,1916.0,995.0,1969.0,1040.0,5757,0,0,1,Pedestrian
54,1916.0,995.0,1969.0,1040.0,5758,0,0,1,Pedestrian
54,1919.0,995.0,1971.0,1040.0,5759,0,0,1,Pedestrian
54,1919.0,995.0,1971.0,1040.0,5760,0,0,1,Pedestrian
54,1919.0,995.0,1971.0,1040.0,5761,0,0,1,Pedestrian
54,1922.0,995.0,1971.0,1040.0,5762,0,0,1,Pedestrian
54,1922.0,995.0,1974.0,1040.0,5763,0,0,1,Pedestrian
54,1922.0,995.0,1974.0,1040.0,5764,0,0,1,Pedestrian
54,1925.0,995.0,1974.0,1040.0,5765,0,0,1,Pedestrian
54,1925.0,995.0,1974.0,1040.0,5766,0,0,1,Pedestrian
54,1927.0,995.0,1977.0,1040.0,5767,1,0,0,Pedestrian
54,1927.0,995.0,1977.0,1040.0,5768,1,0,1,Pedestrian
54,1930.0,997.0,1977.0,1042.0,5769,1,0,1,Pedestrian
54,1930.0,997.0,1977.0,1042.0,5770,1,0,1,Pedestrian
54,1933.0,999.0,1977.0,1045.0,5771,1,0,1,Pedestrian
54,1936.0,1001.0,1977.0,1047.0,5772,1,0,1,Pedestrian
54,1936.0,1001.0,1977.0,1047.0,5773,1,0,1,Pedestrian
54,1938.0,1004.0,1977.0,1049.0,5774,1,0,1,Pedestrian
54,1941.0,1006.0,1977.0,1052.0,5775,1,0,0,Pedestrian
54,1941.0,1006.0,1977.0,1052.0,5776,1,0,1,Pedestrian
54,1941.0,1006.0,1977.0,1052.0,5777,1,0,1,Pedestrian
54,1941.0,1006.0,1977.0,1052.0,5778,1,0,1,Pedestrian
54,1941.0,1006.0,1977.0,1052.0,5779,1,0,1,Pedestrian
54,1941.0,1006.0,1977.0,1052.0,5780,1,0,1,Pedestrian
54,1941.0,1006.0,1977.0,1052.0,5781,1,0,1,Pedestrian
54,1941.0,1006.0,1977.0,1052.0,5782,1,0,1,Pedestrian
54,1941.0,1006.0,1977.0,1052.0,5783,1,0,1,Pedestrian
54,1941.0,1006.0,1977.0,1052.0,5784,1,0,1,Pedestrian
54,1941.0,1006.0,1977.0,1052.0,5785,1,0,1,Pedestrian
54,1941.0,1006.0,1977.0,1052.0,5786,1,0,1,Pedestrian
54,1941.0,1006.0,1977.0,1052.0,5787,1,0,1,Pedestrian
54,1941.0,1006.0,1977.0,1052.0,5788,1,0,1,Pedestrian
54,1941.0,1006.0,1977.0,1052.0,5789,1,0,1,Pedestrian
54,1941.0,1006.0,1977.0,1052.0,5790,1,0,1,Pedestrian
54,1941.0,1006.0,1977.0,1052.0,5791,1,0,1,Pedestrian
54,1941.0,1006.0,1977.0,1052.0,5792,1,0,1,Pedestrian
54,1941.0,1006.0,1977.0,1052.0,5793,1,0,1,Pedestrian
54,1941.0,1006.0,1977.0,1052.0,5794,1,0,1,Pedestrian
54,1941.0,1006.0,1977.0,1052.0,5795,1,0,1,Pedestrian
54,1941.0,1006.0,1977.0,1052.0,5796,1,0,1,Pedestrian
54,1941.0,1006.0,1977.0,1052.0,5797,1,0,1,Pedestrian
54,1941.0,1006.0,1977.0,1052.0,5798,1,0,1,Pedestrian
54,1941.0,1006.0,1977.0,1052.0,5799,1,0,1,Pedestrian
54,1941.0,1006.0,1977.0,1052.0,5800,1,0,1,Pedestrian
54,1941.0,1006.0,1977.0,1052.0,5801,1,0,1,Pedestrian
54,1941.0,1006.0,1977.0,1052.0,5802,1,0,1,Pedestrian
54,1941.0,1006.0,1977.0,1052.0,5803,1,0,1,Pedestrian
54,1941.0,1006.0,1977.0,1052.0,5804,1,0,1,Pedestrian
54,1941.0,1006.0,1977.0,1052.0,5805,1,0,1,Pedestrian
54,1941.0,1006.0,1977.0,1052.0,5806,1,0,1,Pedestrian
54,1941.0,1006.0,1977.0,1052.0,5807,1,0,1,Pedestrian
54,1941.0,1006.0,1977.0,1052.0,5808,1,0,1,Pedestrian
54,1941.0,1006.0,1977.0,1052.0,5809,1,0,1,Pedestrian
54,1941.0,1006.0,1977.0,1052.0,5810,1,0,1,Pedestrian
54,1941.0,1006.0,1977.0,1052.0,5811,1,0,1,Pedestrian
54,1941.0,1006.0,1977.0,1052.0,5812,1,0,1,Pedestrian
54,1941.0,1006.0,1977.0,1052.0,5813,1,0,1,Pedestrian
54,1941.0,1006.0,1977.0,1052.0,5814,1,0,1,Pedestrian
54,1941.0,1006.0,1977.0,1052.0,5815,1,0,1,Pedestrian
54,1941.0,1006.0,1977.0,1052.0,5816,1,0,1,Pedestrian
54,1941.0,1006.0,1977.0,1052.0,5817,1,0,1,Pedestrian
54,1941.0,1006.0,1977.0,1052.0,5818,1,0,1,Pedestrian
54,1941.0,1006.0,1977.0,1052.0,5819,1,0,1,Pedestrian
54,1941.0,1006.0,1977.0,1052.0,5820,1,0,1,Pedestrian
54,1941.0,1006.0,1977.0,1052.0,5821,1,0,1,Pedestrian
54,1941.0,1006.0,1977.0,1052.0,5822,1,0,1,Pedestrian
54,1941.0,1006.0,1977.0,1052.0,5823,1,0,1,Pedestrian
54,1941.0,1006.0,1977.0,1052.0,5824,1,0,1,Pedestrian
54,1941.0,1006.0,1977.0,1052.0,5825,1,0,1,Pedestrian
54,1941.0,1006.0,1977.0,1052.0,5826,1,0,1,Pedestrian
54,1941.0,1006.0,1977.0,1052.0,5827,1,0,1,Pedestrian
54,1941.0,1006.0,1977.0,1052.0,5828,1,0,1,Pedestrian
54,1941.0,1006.0,1977.0,1052.0,5829,1,0,1,Pedestrian
54,1941.0,1006.0,1977.0,1052.0,5830,1,0,1,Pedestrian
54,1941.0,1006.0,1977.0,1052.0,5831,1,0,1,Pedestrian
54,1941.0,1006.0,1977.0,1052.0,5832,1,0,1,Pedestrian
54,1941.0,1006.0,1977.0,1052.0,5833,1,0,1,Pedestrian
54,1941.0,1006.0,1977.0,1052.0,5834,1,0,1,Pedestrian
54,1941.0,1006.0,1977.0,1052.0,5835,1,0,1,Pedestrian
54,1941.0,1006.0,1977.0,1052.0,5836,1,0,1,Pedestrian
54,1941.0,1006.0,1977.0,1052.0,5837,1,0,1,Pedestrian
54,1941.0,1006.0,1977.0,1052.0,5838,1,0,1,Pedestrian
54,1941.0,1006.0,1977.0,1052.0,5839,1,0,1,Pedestrian
54,1941.0,1006.0,1977.0,1052.0,5840,1,0,1,Pedestrian
54,1941.0,1006.0,1977.0,1052.0,5841,1,0,1,Pedestrian
54,1941.0,1006.0,1977.0,1052.0,5842,1,0,1,Pedestrian
54,1941.0,1006.0,1977.0,1052.0,5843,1,0,1,Pedestrian
54,1941.0,1006.0,1977.0,1052.0,5844,1,0,1,Pedestrian
54,1941.0,1006.0,1977.0,1052.0,5845,1,0,1,Pedestrian
54,1941.0,1006.0,1977.0,1052.0,5846,1,0,1,Pedestrian
54,1941.0,1006.0,1977.0,1052.0,5847,1,0,1,Pedestrian
54,1941.0,1006.0,1977.0,1052.0,5848,1,0,1,Pedestrian
54,1941.0,1006.0,1977.0,1052.0,5849,1,0,1,Pedestrian
54,1941.0,1006.0,1977.0,1052.0,5850,1,0,1,Pedestrian
54,1941.0,1006.0,1977.0,1052.0,5851,1,0,1,Pedestrian
54,1941.0,1006.0,1977.0,1052.0,5852,1,0,1,Pedestrian
54,1941.0,1006.0,1977.0,1052.0,5853,1,0,1,Pedestrian
54,1941.0,1006.0,1977.0,1052.0,5854,1,0,1,Pedestrian
54,1941.0,1006.0,1977.0,1052.0,5855,1,0,1,Pedestrian
54,1941.0,1006.0,1977.0,1052.0,5856,1,0,1,Pedestrian
54,1941.0,1006.0,1977.0,1052.0,5857,1,0,1,Pedestrian
54,1941.0,1006.0,1977.0,1052.0,5858,1,0,1,Pedestrian
54,1941.0,1006.0,1977.0,1052.0,5859,1,0,1,Pedestrian
54,1941.0,1006.0,1977.0,1052.0,5860,1,0,1,Pedestrian
54,1941.0,1006.0,1977.0,1052.0,5861,1,0,1,Pedestrian
54,1941.0,1006.0,1977.0,1052.0,5862,1,0,1,Pedestrian
54,1941.0,1006.0,1977.0,1052.0,5863,1,0,1,Pedestrian
54,1941.0,1006.0,1977.0,1052.0,5864,1,0,1,Pedestrian
54,1941.0,1006.0,1977.0,1052.0,5865,1,0,1,Pedestrian
54,1941.0,1006.0,1977.0,1052.0,5866,1,0,1,Pedestrian
54,1941.0,1006.0,1977.0,1052.0,5867,1,0,1,Pedestrian
54,1941.0,1006.0,1977.0,1052.0,5868,1,0,1,Pedestrian
54,1941.0,1006.0,1977.0,1052.0,5869,1,0,1,Pedestrian
54,1941.0,1006.0,1977.0,1052.0,5870,1,0,1,Pedestrian
54,1941.0,1006.0,1977.0,1052.0,5871,1,0,1,Pedestrian
54,1941.0,1006.0,1977.0,1052.0,5872,1,0,1,Pedestrian
54,1941.0,1006.0,1977.0,1052.0,5873,1,0,1,Pedestrian
54,1941.0,1006.0,1977.0,1052.0,5874,1,0,1,Pedestrian
54,1941.0,1006.0,1977.0,1052.0,5875,1,0,1,Pedestrian
54,1941.0,1006.0,1977.0,1052.0,5876,1,0,1,Pedestrian
54,1941.0,1006.0,1977.0,1052.0,5877,1,0,1,Pedestrian
54,1941.0,1006.0,1977.0,1052.0,5878,1,0,1,Pedestrian
54,1941.0,1006.0,1977.0,1052.0,5879,1,0,1,Pedestrian
54,1941.0,1006.0,1977.0,1052.0,5880,1,0,1,Pedestrian
54,1941.0,1006.0,1977.0,1052.0,5881,1,0,1,Pedestrian
54,1941.0,1006.0,1977.0,1052.0,5882,1,0,1,Pedestrian
54,1941.0,1006.0,1977.0,1052.0,5883,1,0,1,Pedestrian
54,1941.0,1006.0,1977.0,1052.0,5884,1,0,1,Pedestrian
54,1941.0,1006.0,1977.0,1052.0,5885,1,0,1,Pedestrian
54,1941.0,1006.0,1977.0,1052.0,5886,1,0,1,Pedestrian
54,1941.0,1006.0,1977.0,1052.0,5887,1,0,1,Pedestrian
54,1941.0,1006.0,1977.0,1052.0,5888,1,0,1,Pedestrian
54,1941.0,1006.0,1977.0,1052.0,5889,1,0,1,Pedestrian
54,1941.0,1006.0,1977.0,1052.0,5890,1,0,1,Pedestrian
54,1941.0,1006.0,1977.0,1052.0,5891,1,0,1,Pedestrian
54,1941.0,1006.0,1977.0,1052.0,5892,1,0,1,Pedestrian
54,1941.0,1006.0,1977.0,1052.0,5893,1,0,1,Pedestrian
54,1941.0,1006.0,1977.0,1052.0,5894,1,0,1,Pedestrian
54,1941.0,1006.0,1977.0,1052.0,5895,1,0,1,Pedestrian
54,1941.0,1006.0,1977.0,1052.0,5896,1,0,1,Pedestrian
54,1941.0,1006.0,1977.0,1052.0,5897,1,0,1,Pedestrian
54,1941.0,1006.0,1977.0,1052.0,5898,1,0,1,Pedestrian
54,1941.0,1006.0,1977.0,1052.0,5899,1,0,1,Pedestrian
54,1941.0,1006.0,1977.0,1052.0,5900,1,0,1,Pedestrian
54,1941.0,1006.0,1977.0,1052.0,5901,1,0,1,Pedestrian
54,1941.0,1006.0,1977.0,1052.0,5902,1,0,1,Pedestrian
54,1941.0,1006.0,1977.0,1052.0,5903,1,0,1,Pedestrian
54,1941.0,1006.0,1977.0,1052.0,5904,1,0,1,Pedestrian
54,1941.0,1006.0,1977.0,1052.0,5905,1,0,1,Pedestrian
54,1941.0,1006.0,1977.0,1052.0,5906,1,0,1,Pedestrian
54,1941.0,1006.0,1977.0,1052.0,5907,1,0,1,Pedestrian
54,1941.0,1006.0,1977.0,1052.0,5908,1,0,1,Pedestrian
54,1941.0,1006.0,1977.0,1052.0,5909,1,0,1,Pedestrian
54,1941.0,1006.0,1977.0,1052.0,5910,1,0,1,Pedestrian
54,1941.0,1006.0,1977.0,1052.0,5911,1,0,1,Pedestrian
54,1941.0,1006.0,1977.0,1052.0,5912,1,0,1,Pedestrian
54,1941.0,1006.0,1977.0,1052.0,5913,1,0,1,Pedestrian
54,1941.0,1006.0,1977.0,1052.0,5914,1,0,1,Pedestrian
54,1941.0,1006.0,1977.0,1052.0,5915,1,0,1,Pedestrian
54,1941.0,1006.0,1977.0,1052.0,5916,1,0,1,Pedestrian
54,1941.0,1006.0,1977.0,1052.0,5917,1,0,1,Pedestrian
54,1941.0,1006.0,1977.0,1052.0,5918,1,0,1,Pedestrian
54,1941.0,1006.0,1977.0,1052.0,5919,1,0,1,Pedestrian
54,1941.0,1006.0,1977.0,1052.0,5920,1,0,1,Pedestrian
54,1941.0,1006.0,1977.0,1052.0,5921,1,0,1,Pedestrian
54,1941.0,1006.0,1977.0,1052.0,5922,1,0,1,Pedestrian
54,1941.0,1006.0,1977.0,1052.0,5923,1,0,1,Pedestrian
54,1941.0,1006.0,1977.0,1052.0,5924,1,0,1,Pedestrian
54,1941.0,1006.0,1977.0,1052.0,5925,1,0,1,Pedestrian
54,1941.0,1006.0,1977.0,1052.0,5926,1,0,1,Pedestrian
54,1941.0,1006.0,1977.0,1052.0,5927,1,0,1,Pedestrian
54,1941.0,1006.0,1977.0,1052.0,5928,1,0,1,Pedestrian
54,1941.0,1006.0,1977.0,1052.0,5929,1,0,1,Pedestrian
54,1941.0,1006.0,1977.0,1052.0,5930,1,0,1,Pedestrian
54,1941.0,1006.0,1977.0,1052.0,5931,1,0,1,Pedestrian
54,1941.0,1006.0,1977.0,1052.0,5932,1,0,1,Pedestrian
54,1941.0,1006.0,1977.0,1052.0,5933,1,0,1,Pedestrian
54,1941.0,1006.0,1977.0,1052.0,5934,1,0,1,Pedestrian
54,1941.0,1006.0,1977.0,1052.0,5935,1,0,1,Pedestrian
54,1941.0,1006.0,1977.0,1052.0,5936,1,0,1,Pedestrian
54,1941.0,1006.0,1977.0,1052.0,5937,1,0,1,Pedestrian
54,1941.0,1006.0,1977.0,1052.0,5938,1,0,1,Pedestrian
54,1941.0,1006.0,1977.0,1052.0,5939,1,0,1,Pedestrian
54,1941.0,1006.0,1977.0,1052.0,5940,1,0,1,Pedestrian
54,1941.0,1006.0,1977.0,1052.0,5941,1,0,1,Pedestrian
54,1941.0,1006.0,1977.0,1052.0,5942,1,0,1,Pedestrian
54,1941.0,1006.0,1977.0,1052.0,5943,1,0,1,Pedestrian
54,1941.0,1006.0,1977.0,1052.0,5944,1,0,1,Pedestrian
54,1941.0,1006.0,1977.0,1052.0,5945,1,0,1,Pedestrian
54,1941.0,1006.0,1977.0,1052.0,5946,1,0,1,Pedestrian
54,1941.0,1006.0,1977.0,1052.0,5947,1,0,1,Pedestrian
54,1941.0,1006.0,1977.0,1052.0,5948,1,0,1,Pedestrian
54,1941.0,1006.0,1977.0,1052.0,5949,1,0,1,Pedestrian
54,1941.0,1006.0,1977.0,1052.0,5950,1,0,1,Pedestrian
54,1941.0,1006.0,1977.0,1052.0,5951,1,0,1,Pedestrian
54,1941.0,1006.0,1977.0,1052.0,5952,1,0,1,Pedestrian
54,1941.0,1006.0,1977.0,1052.0,5953,1,0,1,Pedestrian
54,1941.0,1006.0,1977.0,1052.0,5954,1,0,1,Pedestrian
54,1941.0,1006.0,1977.0,1052.0,5955,1,0,1,Pedestrian
54,1941.0,1006.0,1977.0,1052.0,5956,1,0,1,Pedestrian
54,1941.0,1006.0,1977.0,1052.0,5957,1,0,1,Pedestrian
54,1941.0,1006.0,1977.0,1052.0,5958,1,0,1,Pedestrian
54,1941.0,1006.0,1977.0,1052.0,5959,1,0,1,Pedestrian
54,1941.0,1006.0,1977.0,1052.0,5960,1,0,1,Pedestrian
54,1941.0,1006.0,1977.0,1052.0,5961,1,0,1,Pedestrian
54,1941.0,1006.0,1977.0,1052.0,5962,1,0,1,Pedestrian
54,1941.0,1006.0,1977.0,1052.0,5963,1,0,1,Pedestrian
54,1941.0,1006.0,1977.0,1052.0,5964,1,0,1,Pedestrian
54,1941.0,1006.0,1977.0,1052.0,5965,1,0,1,Pedestrian
54,1941.0,1006.0,1977.0,1052.0,5966,1,0,1,Pedestrian
54,1941.0,1006.0,1977.0,1052.0,5967,1,0,1,Pedestrian
54,1941.0,1006.0,1977.0,1052.0,5968,1,0,1,Pedestrian
54,1941.0,1006.0,1977.0,1052.0,5969,1,0,1,Pedestrian
54,1941.0,1006.0,1977.0,1052.0,5970,1,0,1,Pedestrian
54,1941.0,1006.0,1977.0,1052.0,5971,1,0,1,Pedestrian
54,1941.0,1006.0,1977.0,1052.0,5972,1,0,1,Pedestrian
54,1941.0,1006.0,1977.0,1052.0,5973,1,0,1,Pedestrian
54,1941.0,1006.0,1977.0,1052.0,5974,1,0,1,Pedestrian
54,1941.0,1006.0,1977.0,1052.0,5975,1,0,1,Pedestrian
54,1941.0,1006.0,1977.0,1052.0,5976,1,0,1,Pedestrian
54,1941.0,1006.0,1977.0,1052.0,5977,1,0,1,Pedestrian
54,1941.0,1006.0,1977.0,1052.0,5978,1,0,1,Pedestrian
54,1941.0,1006.0,1977.0,1052.0,5979,1,0,1,Pedestrian
54,1941.0,1006.0,1977.0,1052.0,5980,1,0,1,Pedestrian
54,1941.0,1006.0,1977.0,1052.0,5981,1,0,1,Pedestrian
54,1941.0,1006.0,1977.0,1052.0,5982,1,0,1,Pedestrian
54,1941.0,1006.0,1977.0,1052.0,5983,1,0,1,Pedestrian
54,1941.0,1006.0,1977.0,1052.0,5984,1,0,1,Pedestrian
54,1941.0,1006.0,1977.0,1052.0,5985,1,0,1,Pedestrian
54,1941.0,1006.0,1977.0,1052.0,5986,1,0,1,Pedestrian
54,1941.0,1006.0,1977.0,1052.0,5987,1,0,1,Pedestrian
54,1941.0,1006.0,1977.0,1052.0,5988,1,0,1,Pedestrian
54,1941.0,1006.0,1977.0,1052.0,5989,1,0,1,Pedestrian
54,1941.0,1006.0,1977.0,1052.0,5990,1,0,1,Pedestrian
54,1941.0,1006.0,1977.0,1052.0,5991,1,0,1,Pedestrian
54,1941.0,1006.0,1977.0,1052.0,5992,1,0,1,Pedestrian
54,1941.0,1006.0,1977.0,1052.0,5993,1,0,1,Pedestrian
54,1941.0,1006.0,1977.0,1052.0,5994,1,0,1,Pedestrian
54,1941.0,1006.0,1977.0,1052.0,5995,1,0,1,Pedestrian
54,1941.0,1006.0,1977.0,1052.0,5996,1,0,1,Pedestrian
54,1941.0,1006.0,1977.0,1052.0,5997,1,0,1,Pedestrian
54,1941.0,1006.0,1977.0,1052.0,5998,1,0,1,Pedestrian
54,1941.0,1006.0,1977.0,1052.0,5999,1,0,1,Pedestrian
54,1941.0,1006.0,1977.0,1052.0,6000,1,0,1,Pedestrian
54,1941.0,1006.0,1977.0,1052.0,6001,1,0,1,Pedestrian
54,1941.0,1006.0,1977.0,1052.0,6002,1,0,1,Pedestrian
54,1941.0,1006.0,1977.0,1052.0,6003,1,0,1,Pedestrian
54,1941.0,1006.0,1977.0,1052.0,6004,1,0,1,Pedestrian
54,1941.0,1006.0,1977.0,1052.0,6005,1,0,1,Pedestrian
54,1941.0,1006.0,1977.0,1052.0,6006,1,0,1,Pedestrian
54,1941.0,1006.0,1977.0,1052.0,6007,1,0,1,Pedestrian
54,1941.0,1006.0,1977.0,1052.0,6008,1,0,1,Pedestrian
54,1941.0,1006.0,1977.0,1052.0,6009,1,0,1,Pedestrian
54,1941.0,1006.0,1977.0,1052.0,6010,1,0,1,Pedestrian
54,1941.0,1006.0,1977.0,1052.0,6011,1,0,1,Pedestrian
54,1941.0,1006.0,1977.0,1052.0,6012,1,0,1,Pedestrian
54,1941.0,1006.0,1977.0,1052.0,6013,1,0,1,Pedestrian
54,1941.0,1006.0,1977.0,1052.0,6014,1,0,1,Pedestrian
54,1941.0,1006.0,1977.0,1052.0,6015,1,0,1,Pedestrian
54,1941.0,1006.0,1977.0,1052.0,6016,1,0,1,Pedestrian
54,1941.0,1006.0,1977.0,1052.0,6017,1,0,1,Pedestrian
54,1941.0,1006.0,1977.0,1052.0,6018,1,0,1,Pedestrian
54,1941.0,1006.0,1977.0,1052.0,6019,1,0,1,Pedestrian
54,1941.0,1006.0,1977.0,1052.0,6020,1,0,1,Pedestrian
54,1941.0,1006.0,1977.0,1052.0,6021,1,0,1,Pedestrian
54,1941.0,1006.0,1977.0,1052.0,6022,1,0,1,Pedestrian
54,1941.0,1006.0,1977.0,1052.0,6023,1,0,1,Pedestrian
54,1941.0,1006.0,1977.0,1052.0,6024,1,0,1,Pedestrian
54,1941.0,1006.0,1977.0,1052.0,6025,1,0,1,Pedestrian
54,1941.0,1006.0,1977.0,1052.0,6026,1,0,1,Pedestrian
54,1941.0,1006.0,1977.0,1052.0,6027,1,0,1,Pedestrian
54,1941.0,1006.0,1977.0,1052.0,6028,1,0,1,Pedestrian
54,1941.0,1006.0,1977.0,1052.0,6029,1,0,1,Pedestrian
54,1941.0,1006.0,1977.0,1052.0,6030,1,0,1,Pedestrian
54,1941.0,1006.0,1977.0,1052.0,6031,1,0,0,Pedestrian
55,1886.0,985.0,1952.0,1056.0,5500,0,0,0,Biker
55,1883.0,985.0,1949.0,1056.0,5501,0,0,1,Biker
55,1881.0,985.0,1947.0,1056.0,5502,0,0,1,Biker
55,1881.0,985.0,1947.0,1056.0,5503,0,0,1,Biker
55,1878.0,985.0,1944.0,1056.0,5504,0,0,1,Biker
55,1878.0,985.0,1944.0,1056.0,5505,0,0,1,Biker
55,1875.0,985.0,1941.0,1056.0,5506,0,0,1,Biker
55,1875.0,985.0,1941.0,1056.0,5507,0,0,1,Biker
55,1872.0,985.0,1938.0,1056.0,5508,0,0,1,Biker
55,1870.0,985.0,1936.0,1056.0,5509,0,0,1,Biker
55,1870.0,988.0,1936.0,1058.0,5510,0,0,1,Biker
55,1867.0,988.0,1933.0,1058.0,5511,0,0,1,Biker
55,1867.0,988.0,1933.0,1058.0,5512,0,0,1,Biker
55,1864.0,988.0,1930.0,1058.0,5513,0,0,1,Biker
55,1864.0,988.0,1930.0,1058.0,5514,0,0,1,Biker
55,1861.0,988.0,1927.0,1058.0,5515,0,0,1,Biker
55,1859.0,988.0,1925.0,1058.0,5516,0,0,1,Biker
55,1859.0,988.0,1925.0,1058.0,5517,0,0,1,Biker
55,1856.0,988.0,1922.0,1058.0,5518,0,0,1,Biker
55,1856.0,990.0,1922.0,1061.0,5519,0,0,1,Biker
55,1853.0,990.0,1919.0,1061.0,5520,0,0,1,Biker
55,1853.0,990.0,1919.0,1061.0,5521,0,0,1,Biker
55,1850.0,990.0,1916.0,1061.0,5522,0,0,1,Biker
55,1848.0,990.0,1914.0,1061.0,5523,0,0,1,Biker
55,1848.0,990.0,1914.0,1061.0,5524,0,0,1,Biker
55,1845.0,990.0,1911.0,1061.0,5525,0,0,1,Biker
55,1845.0,990.0,1911.0,1061.0,5526,0,0,1,Biker
55,1842.0,990.0,1908.0,1061.0,5527,0,0,1,Biker
55,1842.0,992.0,1908.0,1063.0,5528,0,0,1,Biker
55,1839.0,992.0,1905.0,1063.0,5529,0,0,1,Biker
55,1837.0,992.0,1903.0,1063.0,5530,0,0,1,Biker
55,1837.0,992.0,1903.0,1063.0,5531,0,0,1,Biker
55,1834.0,992.0,1900.0,1063.0,5532,0,0,1,Biker
55,1834.0,992.0,1900.0,1063.0,5533,0,0,1,Biker
55,1831.0,992.0,1897.0,1063.0,5534,0,0,1,Biker
55,1831.0,992.0,1897.0,1063.0,5535,0,0,1,Biker
55,1828.0,992.0,1894.0,1063.0,5536,0,0,1,Biker
55,1826.0,992.0,1892.0,1063.0,5537,0,0,1,Biker
55,1826.0,995.0,1892.0,1065.0,5538,0,0,1,Biker
55,1823.0,995.0,1889.0,1065.0,5539,0,0,1,Biker
55,1823.0,995.0,1889.0,1065.0,5540,0,0,1,Biker
55,1820.0,995.0,1886.0,1065.0,5541,0,0,1,Biker
55,1820.0,995.0,1886.0,1065.0,5542,0,0,1,Biker
55,1817.0,995.0,1883.0,1065.0,5543,0,0,1,Biker
55,1815.0,995.0,1881.0,1065.0,5544,0,0,1,Biker
55,1815.0,995.0,1881.0,1065.0,5545,0,0,1,Biker
55,1812.0,995.0,1878.0,1065.0,5546,0,0,1,Biker
55,1812.0,997.0,1878.0,1067.0,5547,0,0,1,Biker
55,1809.0,997.0,1875.0,1067.0,5548,0,0,1,Biker
55,1809.0,997.0,1875.0,1067.0,5549,0,0,1,Biker
55,1806.0,997.0,1872.0,1067.0,5550,0,0,1,Biker
55,1804.0,997.0,1870.0,1067.0,5551,0,0,1,Biker
55,1804.0,997.0,1870.0,1067.0,5552,0,0,1,Biker
55,1801.0,997.0,1867.0,1067.0,5553,0,0,1,Biker
55,1801.0,997.0,1867.0,1067.0,5554,0,0,1,Biker
55,1798.0,997.0,1864.0,1067.0,5555,0,0,1,Biker
55,1798.0,999.0,1864.0,1070.0,5556,0,0,0,Biker
55,1795.0,999.0,1861.0,1070.0,5557,0,0,1,Biker
55,1795.0,999.0,1861.0,1070.0,5558,0,0,1,Biker
55,1793.0,999.0,1859.0,1070.0,5559,0,0,1,Biker
55,1793.0,999.0,1859.0,1070.0,5560,0,0,1,Biker
55,1790.0,1001.0,1856.0,1070.0,5561,0,0,1,Biker
55,1790.0,1001.0,1856.0,1072.0,5562,0,0,1,Biker
55,1787.0,1001.0,1853.0,1072.0,5563,0,0,1,Biker
55,1787.0,1001.0,1853.0,1072.0,5564,0,0,1,Biker
55,1784.0,1001.0,1850.0,1072.0,5565,0,0,1,Biker
55,1784.0,1004.0,1850.0,1072.0,5566,0,0,1,Biker
55,1782.0,1004.0,1848.0,1074.0,5567,0,0,1,Biker
55,1782.0,1004.0,1848.0,1074.0,5568,0,0,1,Biker
55,1779.0,1004.0,1845.0,1074.0,5569,0,0,1,Biker
55,1779.0,1004.0,1845.0,1074.0,5570,0,0,1,Biker
55,1776.0,1006.0,1842.0,1074.0,5571,0,0,1,Biker
55,1776.0,1006.0,1842.0,1074.0,5572,0,0,1,Biker
55,1773.0,1006.0,1839.0,1077.0,5573,0,0,1,Biker
55,1773.0,1006.0,1839.0,1077.0,5574,0,0,1,Biker
55,1771.0,1006.0,1837.0,1077.0,5575,0,0,1,Biker
55,1771.0,1008.0,1837.0,1077.0,5576,0,0,1,Biker
55,1768.0,1008.0,1834.0,1077.0,5577,0,0,1,Biker
55,1768.0,1008.0,1834.0,1079.0,5578,0,0,1,Biker
55,1765.0,1008.0,1831.0,1079.0,5579,0,0,1,Biker
55,1765.0,1008.0,1831.0,1079.0,5580,0,0,1,Biker
55,1762.0,1011.0,1828.0,1079.0,5581,0,0,1,Biker
55,1762.0,1011.0,1828.0,1079.0,5582,0,0,1,Biker
55,1760.0,1011.0,1826.0,1079.0,5583,0,0,1,Biker
55,1760.0,1011.0,1826.0,1081.0,5584,0,0,1,Biker
55,1757.0,1011.0,1823.0,1081.0,5585,0,0,1,Biker
55,1757.0,1013.0,1823.0,1081.0,5586,0,0,1,Biker
55,1754.0,1013.0,1820.0,1081.0,5587,0,0,1,Biker
55,1754.0,1013.0,1820.0,1081.0,5588,0,0,1,Biker
55,1751.0,1013.0,1817.0,1083.0,5589,0,0,1,Biker
55,1751.0,1013.0,1817.0,1083.0,5590,0,0,1,Biker
55,1749.0,1015.0,1815.0,1083.0,5591,0,0,1,Biker
55,1749.0,1015.0,1815.0,1083.0,5592,0,0,1,Biker
55,1746.0,1015.0,1812.0,1083.0,5593,0,0,1,Biker
55,1746.0,1015.0,1812.0,1083.0,5594,0,0,1,Biker
55,1743.0,1015.0,1809.0,1086.0,5595,0,0,1,Biker
55,1743.0,1017.0,1809.0,1086.0,5596,0,0,1,Biker
55,1740.0,1017.0,1806.0,1086.0,5597,0,0,1,Biker
55,1740.0,1017.0,1806.0,1086.0,5598,0,0,1,Biker
55,1738.0,1017.0,1804.0,1086.0,5599,0,0,1,Biker
55,1738.0,1020.0,1804.0,1088.0,5600,0,0,0,Biker
55,1735.0,1020.0,1801.0,1088.0,5601,0,0,1,Biker
55,1735.0,1020.0,1801.0,1088.0,5602,0,0,1,Biker
55,1732.0,1020.0,1798.0,1088.0,5603,0,0,1,Biker
55,1732.0,1020.0,1798.0,1088.0,5604,0,0,1,Biker
55,1729.0,1020.0,1795.0,1088.0,5605,0,0,1,Biker
55,1729.0,1020.0,1795.0,1088.0,5606,0,0,1,Biker
55,1727.0,1020.0,1793.0,1088.0,5607,0,0,1,Biker
55,1727.0,1022.0,1793.0,1088.0,5608,0,0,1,Biker
55,1724.0,1022.0,1790.0,1088.0,5609,0,0,1,Biker
55,1724.0,1022.0,1790.0,1088.0,5610,0,0,1,Biker
55,1721.0,1022.0,1787.0,1088.0,5611,0,0,1,Biker
55,1721.0,1022.0,1787.0,1088.0,5612,0,0,1,Biker
55,1718.0,1022.0,1784.0,1088.0,5613,0,0,1,Biker
55,1718.0,1022.0,1784.0,1088.0,5614,0,0,1,Biker
55,1716.0,1024.0,1782.0,1088.0,5615,0,0,1,Biker
55,1716.0,1024.0,1782.0,1088.0,5616,0,0,1,Biker
55,1713.0,1024.0,1779.0,1088.0,5617,0,0,1,Biker
55,1713.0,1024.0,1779.0,1088.0,5618,0,0,1,Biker
55,1710.0,1024.0,1776.0,1088.0,5619,0,0,1,Biker
55,1710.0,1024.0,1776.0,1088.0,5620,0,0,1,Biker
55,1707.0,1024.0,1773.0,1088.0,5621,0,0,1,Biker
55,1707.0,1026.0,1773.0,1088.0,5622,0,0,1,Biker
55,1705.0,1026.0,1771.0,1088.0,5623,0,0,1,Biker
55,1705.0,1026.0,1771.0,1088.0,5624,0,0,1,Biker
55,1702.0,1026.0,1768.0,1088.0,5625,0,0,1,Biker
55,1702.0,1026.0,1768.0,1088.0,5626,0,0,1,Biker
55,1699.0,1026.0,1765.0,1088.0,5627,0,0,1,Biker
55,1699.0,1026.0,1765.0,1088.0,5628,0,0,1,Biker
55,1699.0,1029.0,1765.0,1088.0,5629,0,0,0,Biker
55,1696.0,1029.0,1762.0,1088.0,5630,0,0,1,Biker
55,1694.0,1029.0,1760.0,1088.0,5631,0,0,1,Biker
55,1694.0,1029.0,1760.0,1088.0,5632,0,0,1,Biker
55,1691.0,1029.0,1757.0,1088.0,5633,0,0,1,Biker
55,1688.0,1031.0,1754.0,1088.0,5634,0,0,1,Biker
55,1688.0,1031.0,1754.0,1088.0,5635,0,0,1,Biker
55,1685.0,1031.0,1751.0,1088.0,5636,0,0,1,Biker
55,1685.0,1031.0,1751.0,1088.0,5637,0,0,1,Biker
55,1683.0,1031.0,1749.0,1088.0,5638,0,0,1,Biker
55,1680.0,1033.0,1746.0,1088.0,5639,0,0,1,Biker
55,1680.0,1033.0,1746.0,1088.0,5640,0,0,1,Biker
55,1677.0,1033.0,1743.0,1088.0,5641,0,0,1,Biker
55,1674.0,1033.0,1740.0,1088.0,5642,0,0,1,Biker
55,1674.0,1033.0,1740.0,1088.0,5643,0,0,1,Biker
55,1672.0,1036.0,1738.0,1088.0,5644,0,0,1,Biker
55,1672.0,1036.0,1738.0,1088.0,5645,0,0,1,Biker
55,1669.0,1036.0,1735.0,1088.0,5646,0,0,1,Biker
55,1666.0,1036.0,1732.0,1088.0,5647,0,0,1,Biker
55,1666.0,1036.0,1732.0,1088.0,5648,0,0,1,Biker
55,1663.0,1038.0,1729.0,1088.0,5649,0,0,1,Biker
55,1661.0,1038.0,1727.0,1088.0,5650,0,0,1,Biker
55,1661.0,1038.0,1727.0,1088.0,5651,0,0,1,Biker
55,1658.0,1038.0,1724.0,1088.0,5652,0,0,1,Biker
55,1658.0,1038.0,1724.0,1088.0,5653,0,0,1,Biker
55,1655.0,1040.0,1721.0,1088.0,5654,0,0,1,Biker
55,1652.0,1040.0,1718.0,1088.0,5655,0,0,1,Biker
55,1652.0,1040.0,1718.0,1088.0,5656,0,0,1,Biker
55,1650.0,1040.0,1716.0,1088.0,5657,0,0,1,Biker
55,1650.0,1042.0,1716.0,1088.0,5658,1,0,0,Biker
55,1650.0,1042.0,1716.0,1088.0,5659,1,0,1,Biker
55,1650.0,1042.0,1716.0,1088.0,5660,1,0,1,Biker
55,1650.0,1042.0,1716.0,1088.0,5661,1,0,1,Biker
55,1650.0,1042.0,1716.0,1088.0,5662,1,0,1,Biker
55,1650.0,1042.0,1716.0,1088.0,5663,1,0,1,Biker
55,1650.0,1042.0,1716.0,1088.0,5664,1,0,1,Biker
55,1650.0,1042.0,1716.0,1088.0,5665,1,0,1,Biker
55,1650.0,1045.0,1716.0,1088.0,5666,1,0,1,Biker
55,1650.0,1045.0,1716.0,1088.0,5667,1,0,1,Biker
55,1650.0,1045.0,1716.0,1088.0,5668,1,0,1,Biker
55,1650.0,1045.0,1716.0,1088.0,5669,1,0,1,Biker
55,1650.0,1045.0,1716.0,1088.0,5670,1,0,1,Biker
55,1650.0,1045.0,1716.0,1088.0,5671,1,0,1,Biker
55,1650.0,1045.0,1716.0,1088.0,5672,1,0,1,Biker
55,1650.0,1045.0,1716.0,1088.0,5673,1,0,1,Biker
55,1650.0,1047.0,1716.0,1088.0,5674,1,0,1,Biker
55,1650.0,1047.0,1716.0,1088.0,5675,1,0,1,Biker
55,1650.0,1047.0,1716.0,1088.0,5676,1,0,1,Biker
55,1650.0,1047.0,1716.0,1088.0,5677,1,0,1,Biker
55,1650.0,1047.0,1716.0,1088.0,5678,1,0,1,Biker
55,1650.0,1047.0,1716.0,1088.0,5679,1,0,1,Biker
55,1650.0,1047.0,1716.0,1088.0,5680,1,0,1,Biker
55,1650.0,1049.0,1716.0,1088.0,5681,1,0,0,Biker
55,1650.0,1049.0,1716.0,1088.0,5682,1,0,1,Biker
55,1650.0,1049.0,1716.0,1088.0,5683,1,0,1,Biker
55,1650.0,1049.0,1716.0,1088.0,5684,1,0,1,Biker
55,1650.0,1049.0,1716.0,1088.0,5685,1,0,1,Biker
55,1650.0,1049.0,1716.0,1088.0,5686,1,0,1,Biker
55,1650.0,1049.0,1716.0,1088.0,5687,1,0,1,Biker
55,1650.0,1049.0,1716.0,1088.0,5688,1,0,1,Biker
55,1650.0,1049.0,1716.0,1088.0,5689,1,0,1,Biker
55,1650.0,1049.0,1716.0,1088.0,5690,1,0,1,Biker
55,1650.0,1049.0,1716.0,1088.0,5691,1,0,1,Biker
55,1650.0,1049.0,1716.0,1088.0,5692,1,0,1,Biker
55,1650.0,1049.0,1716.0,1088.0,5693,1,0,1,Biker
55,1650.0,1049.0,1716.0,1088.0,5694,1,0,1,Biker
55,1650.0,1049.0,1716.0,1088.0,5695,1,0,1,Biker
55,1650.0,1049.0,1716.0,1088.0,5696,1,0,1,Biker
55,1650.0,1049.0,1716.0,1088.0,5697,1,0,1,Biker
55,1650.0,1049.0,1716.0,1088.0,5698,1,0,1,Biker
55,1650.0,1049.0,1716.0,1088.0,5699,1,0,1,Biker
55,1650.0,1049.0,1716.0,1088.0,5700,1,0,1,Biker
55,1650.0,1049.0,1716.0,1088.0,5701,1,0,1,Biker
55,1650.0,1049.0,1716.0,1088.0,5702,1,0,1,Biker
55,1650.0,1049.0,1716.0,1088.0,5703,1,0,1,Biker
55,1650.0,1049.0,1716.0,1088.0,5704,1,0,1,Biker
55,1650.0,1049.0,1716.0,1088.0,5705,1,0,1,Biker
55,1650.0,1049.0,1716.0,1088.0,5706,1,0,1,Biker
55,1650.0,1049.0,1716.0,1088.0,5707,1,0,1,Biker
55,1650.0,1049.0,1716.0,1088.0,5708,1,0,1,Biker
55,1650.0,1049.0,1716.0,1088.0,5709,1,0,1,Biker
55,1650.0,1049.0,1716.0,1088.0,5710,1,0,1,Biker
55,1650.0,1049.0,1716.0,1088.0,5711,1,0,1,Biker
55,1650.0,1049.0,1716.0,1088.0,5712,1,0,1,Biker
55,1650.0,1049.0,1716.0,1088.0,5713,1,0,1,Biker
55,1650.0,1049.0,1716.0,1088.0,5714,1,0,1,Biker
55,1650.0,1049.0,1716.0,1088.0,5715,1,0,1,Biker
55,1650.0,1049.0,1716.0,1088.0,5716,1,0,1,Biker
55,1650.0,1049.0,1716.0,1088.0,5717,1,0,1,Biker
55,1650.0,1049.0,1716.0,1088.0,5718,1,0,1,Biker
55,1650.0,1049.0,1716.0,1088.0,5719,1,0,1,Biker
55,1650.0,1049.0,1716.0,1088.0,5720,1,0,1,Biker
55,1650.0,1049.0,1716.0,1088.0,5721,1,0,1,Biker
55,1650.0,1049.0,1716.0,1088.0,5722,1,0,1,Biker
55,1650.0,1049.0,1716.0,1088.0,5723,1,0,1,Biker
55,1650.0,1049.0,1716.0,1088.0,5724,1,0,1,Biker
55,1650.0,1049.0,1716.0,1088.0,5725,1,0,1,Biker
55,1650.0,1049.0,1716.0,1088.0,5726,1,0,1,Biker
55,1650.0,1049.0,1716.0,1088.0,5727,1,0,1,Biker
55,1650.0,1049.0,1716.0,1088.0,5728,1,0,1,Biker
55,1650.0,1049.0,1716.0,1088.0,5729,1,0,1,Biker
55,1650.0,1049.0,1716.0,1088.0,5730,1,0,1,Biker
55,1650.0,1049.0,1716.0,1088.0,5731,1,0,1,Biker
55,1650.0,1049.0,1716.0,1088.0,5732,1,0,1,Biker
55,1650.0,1049.0,1716.0,1088.0,5733,1,0,1,Biker
55,1650.0,1049.0,1716.0,1088.0,5734,1,0,1,Biker
55,1650.0,1049.0,1716.0,1088.0,5735,1,0,1,Biker
55,1650.0,1049.0,1716.0,1088.0,5736,1,0,1,Biker
55,1650.0,1049.0,1716.0,1088.0,5737,1,0,1,Biker
55,1650.0,1049.0,1716.0,1088.0,5738,1,0,1,Biker
55,1650.0,1049.0,1716.0,1088.0,5739,1,0,1,Biker
55,1650.0,1049.0,1716.0,1088.0,5740,1,0,1,Biker
55,1650.0,1049.0,1716.0,1088.0,5741,1,0,1,Biker
55,1650.0,1049.0,1716.0,1088.0,5742,1,0,1,Biker
55,1650.0,1049.0,1716.0,1088.0,5743,1,0,1,Biker
55,1650.0,1049.0,1716.0,1088.0,5744,1,0,1,Biker
55,1650.0,1049.0,1716.0,1088.0,5745,1,0,1,Biker
55,1650.0,1049.0,1716.0,1088.0,5746,1,0,1,Biker
55,1650.0,1049.0,1716.0,1088.0,5747,1,0,1,Biker
55,1650.0,1049.0,1716.0,1088.0,5748,1,0,1,Biker
55,1650.0,1049.0,1716.0,1088.0,5749,1,0,1,Biker
55,1650.0,1049.0,1716.0,1088.0,5750,1,0,1,Biker
55,1650.0,1049.0,1716.0,1088.0,5751,1,0,1,Biker
55,1650.0,1049.0,1716.0,1088.0,5752,1,0,1,Biker
55,1650.0,1049.0,1716.0,1088.0,5753,1,0,1,Biker
55,1650.0,1049.0,1716.0,1088.0,5754,1,0,1,Biker
55,1650.0,1049.0,1716.0,1088.0,5755,1,0,1,Biker
55,1650.0,1049.0,1716.0,1088.0,5756,1,0,1,Biker
55,1650.0,1049.0,1716.0,1088.0,5757,1,0,1,Biker
55,1650.0,1049.0,1716.0,1088.0,5758,1,0,1,Biker
55,1650.0,1049.0,1716.0,1088.0,5759,1,0,1,Biker
55,1650.0,1049.0,1716.0,1088.0,5760,1,0,1,Biker
55,1650.0,1049.0,1716.0,1088.0,5761,1,0,1,Biker
55,1650.0,1049.0,1716.0,1088.0,5762,1,0,1,Biker
55,1650.0,1049.0,1716.0,1088.0,5763,1,0,1,Biker
55,1650.0,1049.0,1716.0,1088.0,5764,1,0,1,Biker
55,1650.0,1049.0,1716.0,1088.0,5765,1,0,1,Biker
55,1650.0,1049.0,1716.0,1088.0,5766,1,0,1,Biker
55,1650.0,1049.0,1716.0,1088.0,5767,1,0,1,Biker
55,1650.0,1049.0,1716.0,1088.0,5768,1,0,1,Biker
55,1650.0,1049.0,1716.0,1088.0,5769,1,0,1,Biker
55,1650.0,1049.0,1716.0,1088.0,5770,1,0,1,Biker
55,1650.0,1049.0,1716.0,1088.0,5771,1,0,1,Biker
55,1650.0,1049.0,1716.0,1088.0,5772,1,0,1,Biker
55,1650.0,1049.0,1716.0,1088.0,5773,1,0,1,Biker
55,1650.0,1049.0,1716.0,1088.0,5774,1,0,1,Biker
55,1650.0,1049.0,1716.0,1088.0,5775,1,0,1,Biker
55,1650.0,1049.0,1716.0,1088.0,5776,1,0,1,Biker
55,1650.0,1049.0,1716.0,1088.0,5777,1,0,1,Biker
55,1650.0,1049.0,1716.0,1088.0,5778,1,0,1,Biker
55,1650.0,1049.0,1716.0,1088.0,5779,1,0,1,Biker
55,1650.0,1049.0,1716.0,1088.0,5780,1,0,1,Biker
55,1650.0,1049.0,1716.0,1088.0,5781,1,0,1,Biker
55,1650.0,1049.0,1716.0,1088.0,5782,1,0,1,Biker
55,1650.0,1049.0,1716.0,1088.0,5783,1,0,1,Biker
55,1650.0,1049.0,1716.0,1088.0,5784,1,0,1,Biker
55,1650.0,1049.0,1716.0,1088.0,5785,1,0,1,Biker
55,1650.0,1049.0,1716.0,1088.0,5786,1,0,1,Biker
55,1650.0,1049.0,1716.0,1088.0,5787,1,0,1,Biker
55,1650.0,1049.0,1716.0,1088.0,5788,1,0,1,Biker
55,1650.0,1049.0,1716.0,1088.0,5789,1,0,1,Biker
55,1650.0,1049.0,1716.0,1088.0,5790,1,0,1,Biker
55,1650.0,1049.0,1716.0,1088.0,5791,1,0,1,Biker
55,1650.0,1049.0,1716.0,1088.0,5792,1,0,1,Biker
55,1650.0,1049.0,1716.0,1088.0,5793,1,0,1,Biker
55,1650.0,1049.0,1716.0,1088.0,5794,1,0,1,Biker
55,1650.0,1049.0,1716.0,1088.0,5795,1,0,1,Biker
55,1650.0,1049.0,1716.0,1088.0,5796,1,0,1,Biker
55,1650.0,1049.0,1716.0,1088.0,5797,1,0,1,Biker
55,1650.0,1049.0,1716.0,1088.0,5798,1,0,1,Biker
55,1650.0,1049.0,1716.0,1088.0,5799,1,0,1,Biker
55,1650.0,1049.0,1716.0,1088.0,5800,1,0,1,Biker
55,1650.0,1049.0,1716.0,1088.0,5801,1,0,1,Biker
55,1650.0,1049.0,1716.0,1088.0,5802,1,0,1,Biker
55,1650.0,1049.0,1716.0,1088.0,5803,1,0,1,Biker
55,1650.0,1049.0,1716.0,1088.0,5804,1,0,1,Biker
55,1650.0,1049.0,1716.0,1088.0,5805,1,0,1,Biker
55,1650.0,1049.0,1716.0,1088.0,5806,1,0,1,Biker
55,1650.0,1049.0,1716.0,1088.0,5807,1,0,1,Biker
55,1650.0,1049.0,1716.0,1088.0,5808,1,0,1,Biker
55,1650.0,1049.0,1716.0,1088.0,5809,1,0,1,Biker
55,1650.0,1049.0,1716.0,1088.0,5810,1,0,1,Biker
55,1650.0,1049.0,1716.0,1088.0,5811,1,0,1,Biker
55,1650.0,1049.0,1716.0,1088.0,5812,1,0,1,Biker
55,1650.0,1049.0,1716.0,1088.0,5813,1,0,1,Biker
55,1650.0,1049.0,1716.0,1088.0,5814,1,0,1,Biker
55,1650.0,1049.0,1716.0,1088.0,5815,1,0,1,Biker
55,1650.0,1049.0,1716.0,1088.0,5816,1,0,1,Biker
55,1650.0,1049.0,1716.0,1088.0,5817,1,0,1,Biker
55,1650.0,1049.0,1716.0,1088.0,5818,1,0,1,Biker
55,1650.0,1049.0,1716.0,1088.0,5819,1,0,1,Biker
55,1650.0,1049.0,1716.0,1088.0,5820,1,0,1,Biker
55,1650.0,1049.0,1716.0,1088.0,5821,1,0,1,Biker
55,1650.0,1049.0,1716.0,1088.0,5822,1,0,1,Biker
55,1650.0,1049.0,1716.0,1088.0,5823,1,0,1,Biker
55,1650.0,1049.0,1716.0,1088.0,5824,1,0,1,Biker
55,1650.0,1049.0,1716.0,1088.0,5825,1,0,1,Biker
55,1650.0,1049.0,1716.0,1088.0,5826,1,0,1,Biker
55,1650.0,1049.0,1716.0,1088.0,5827,1,0,1,Biker
55,1650.0,1049.0,1716.0,1088.0,5828,1,0,1,Biker
55,1650.0,1049.0,1716.0,1088.0,5829,1,0,1,Biker
55,1650.0,1049.0,1716.0,1088.0,5830,1,0,1,Biker
55,1650.0,1049.0,1716.0,1088.0,5831,1,0,1,Biker
55,1650.0,1049.0,1716.0,1088.0,5832,1,0,1,Biker
55,1650.0,1049.0,1716.0,1088.0,5833,1,0,1,Biker
55,1650.0,1049.0,1716.0,1088.0,5834,1,0,1,Biker
55,1650.0,1049.0,1716.0,1088.0,5835,1,0,1,Biker
55,1650.0,1049.0,1716.0,1088.0,5836,1,0,1,Biker
55,1650.0,1049.0,1716.0,1088.0,5837,1,0,1,Biker
55,1650.0,1049.0,1716.0,1088.0,5838,1,0,1,Biker
55,1650.0,1049.0,1716.0,1088.0,5839,1,0,1,Biker
55,1650.0,1049.0,1716.0,1088.0,5840,1,0,1,Biker
55,1650.0,1049.0,1716.0,1088.0,5841,1,0,1,Biker
55,1650.0,1049.0,1716.0,1088.0,5842,1,0,1,Biker
55,1650.0,1049.0,1716.0,1088.0,5843,1,0,1,Biker
55,1650.0,1049.0,1716.0,1088.0,5844,1,0,1,Biker
55,1650.0,1049.0,1716.0,1088.0,5845,1,0,1,Biker
55,1650.0,1049.0,1716.0,1088.0,5846,1,0,1,Biker
55,1650.0,1049.0,1716.0,1088.0,5847,1,0,1,Biker
55,1650.0,1049.0,1716.0,1088.0,5848,1,0,1,Biker
55,1650.0,1049.0,1716.0,1088.0,5849,1,0,1,Biker
55,1650.0,1049.0,1716.0,1088.0,5850,1,0,1,Biker
55,1650.0,1049.0,1716.0,1088.0,5851,1,0,1,Biker
55,1650.0,1049.0,1716.0,1088.0,5852,1,0,1,Biker
55,1650.0,1049.0,1716.0,1088.0,5853,1,0,1,Biker
55,1650.0,1049.0,1716.0,1088.0,5854,1,0,1,Biker
55,1650.0,1049.0,1716.0,1088.0,5855,1,0,1,Biker
55,1650.0,1049.0,1716.0,1088.0,5856,1,0,1,Biker
55,1650.0,1049.0,1716.0,1088.0,5857,1,0,1,Biker
55,1650.0,1049.0,1716.0,1088.0,5858,1,0,1,Biker
55,1650.0,1049.0,1716.0,1088.0,5859,1,0,1,Biker
55,1650.0,1049.0,1716.0,1088.0,5860,1,0,1,Biker
55,1650.0,1049.0,1716.0,1088.0,5861,1,0,1,Biker
55,1650.0,1049.0,1716.0,1088.0,5862,1,0,1,Biker
55,1650.0,1049.0,1716.0,1088.0,5863,1,0,1,Biker
55,1650.0,1049.0,1716.0,1088.0,5864,1,0,1,Biker
55,1650.0,1049.0,1716.0,1088.0,5865,1,0,1,Biker
55,1650.0,1049.0,1716.0,1088.0,5866,1,0,1,Biker
55,1650.0,1049.0,1716.0,1088.0,5867,1,0,1,Biker
55,1650.0,1049.0,1716.0,1088.0,5868,1,0,1,Biker
55,1650.0,1049.0,1716.0,1088.0,5869,1,0,1,Biker
55,1650.0,1049.0,1716.0,1088.0,5870,1,0,1,Biker
55,1650.0,1049.0,1716.0,1088.0,5871,1,0,1,Biker
55,1650.0,1049.0,1716.0,1088.0,5872,1,0,1,Biker
55,1650.0,1049.0,1716.0,1088.0,5873,1,0,1,Biker
55,1650.0,1049.0,1716.0,1088.0,5874,1,0,1,Biker
55,1650.0,1049.0,1716.0,1088.0,5875,1,0,1,Biker
55,1650.0,1049.0,1716.0,1088.0,5876,1,0,1,Biker
55,1650.0,1049.0,1716.0,1088.0,5877,1,0,1,Biker
55,1650.0,1049.0,1716.0,1088.0,5878,1,0,1,Biker
55,1650.0,1049.0,1716.0,1088.0,5879,1,0,1,Biker
55,1650.0,1049.0,1716.0,1088.0,5880,1,0,1,Biker
55,1650.0,1049.0,1716.0,1088.0,5881,1,0,1,Biker
55,1650.0,1049.0,1716.0,1088.0,5882,1,0,1,Biker
55,1650.0,1049.0,1716.0,1088.0,5883,1,0,1,Biker
55,1650.0,1049.0,1716.0,1088.0,5884,1,0,1,Biker
55,1650.0,1049.0,1716.0,1088.0,5885,1,0,1,Biker
55,1650.0,1049.0,1716.0,1088.0,5886,1,0,1,Biker
55,1650.0,1049.0,1716.0,1088.0,5887,1,0,1,Biker
55,1650.0,1049.0,1716.0,1088.0,5888,1,0,1,Biker
55,1650.0,1049.0,1716.0,1088.0,5889,1,0,1,Biker
55,1650.0,1049.0,1716.0,1088.0,5890,1,0,1,Biker
55,1650.0,1049.0,1716.0,1088.0,5891,1,0,1,Biker
55,1650.0,1049.0,1716.0,1088.0,5892,1,0,1,Biker
55,1650.0,1049.0,1716.0,1088.0,5893,1,0,1,Biker
55,1650.0,1049.0,1716.0,1088.0,5894,1,0,1,Biker
55,1650.0,1049.0,1716.0,1088.0,5895,1,0,1,Biker
55,1650.0,1049.0,1716.0,1088.0,5896,1,0,1,Biker
55,1650.0,1049.0,1716.0,1088.0,5897,1,0,1,Biker
55,1650.0,1049.0,1716.0,1088.0,5898,1,0,1,Biker
55,1650.0,1049.0,1716.0,1088.0,5899,1,0,1,Biker
55,1650.0,1049.0,1716.0,1088.0,5900,1,0,1,Biker
55,1650.0,1049.0,1716.0,1088.0,5901,1,0,1,Biker
55,1650.0,1049.0,1716.0,1088.0,5902,1,0,1,Biker
55,1650.0,1049.0,1716.0,1088.0,5903,1,0,1,Biker
55,1650.0,1049.0,1716.0,1088.0,5904,1,0,1,Biker
55,1650.0,1049.0,1716.0,1088.0,5905,1,0,1,Biker
55,1650.0,1049.0,1716.0,1088.0,5906,1,0,1,Biker
55,1650.0,1049.0,1716.0,1088.0,5907,1,0,1,Biker
55,1650.0,1049.0,1716.0,1088.0,5908,1,0,1,Biker
55,1650.0,1049.0,1716.0,1088.0,5909,1,0,1,Biker
55,1650.0,1049.0,1716.0,1088.0,5910,1,0,1,Biker
55,1650.0,1049.0,1716.0,1088.0,5911,1,0,1,Biker
55,1650.0,1049.0,1716.0,1088.0,5912,1,0,1,Biker
55,1650.0,1049.0,1716.0,1088.0,5913,1,0,1,Biker
55,1650.0,1049.0,1716.0,1088.0,5914,1,0,1,Biker
55,1650.0,1049.0,1716.0,1088.0,5915,1,0,1,Biker
55,1650.0,1049.0,1716.0,1088.0,5916,1,0,1,Biker
55,1650.0,1049.0,1716.0,1088.0,5917,1,0,1,Biker
55,1650.0,1049.0,1716.0,1088.0,5918,1,0,1,Biker
55,1650.0,1049.0,1716.0,1088.0,5919,1,0,1,Biker
55,1650.0,1049.0,1716.0,1088.0,5920,1,0,1,Biker
55,1650.0,1049.0,1716.0,1088.0,5921,1,0,1,Biker
55,1650.0,1049.0,1716.0,1088.0,5922,1,0,1,Biker
55,1650.0,1049.0,1716.0,1088.0,5923,1,0,1,Biker
55,1650.0,1049.0,1716.0,1088.0,5924,1,0,1,Biker
55,1650.0,1049.0,1716.0,1088.0,5925,1,0,1,Biker
55,1650.0,1049.0,1716.0,1088.0,5926,1,0,1,Biker
55,1650.0,1049.0,1716.0,1088.0,5927,1,0,1,Biker
55,1650.0,1049.0,1716.0,1088.0,5928,1,0,1,Biker
55,1650.0,1049.0,1716.0,1088.0,5929,1,0,1,Biker
55,1650.0,1049.0,1716.0,1088.0,5930,1,0,1,Biker
55,1650.0,1049.0,1716.0,1088.0,5931,1,0,1,Biker
55,1650.0,1049.0,1716.0,1088.0,5932,1,0,1,Biker
55,1650.0,1049.0,1716.0,1088.0,5933,1,0,1,Biker
55,1650.0,1049.0,1716.0,1088.0,5934,1,0,1,Biker
55,1650.0,1049.0,1716.0,1088.0,5935,1,0,1,Biker
55,1650.0,1049.0,1716.0,1088.0,5936,1,0,1,Biker
55,1650.0,1049.0,1716.0,1088.0,5937,1,0,1,Biker
55,1650.0,1049.0,1716.0,1088.0,5938,1,0,1,Biker
55,1650.0,1049.0,1716.0,1088.0,5939,1,0,1,Biker
55,1650.0,1049.0,1716.0,1088.0,5940,1,0,1,Biker
55,1650.0,1049.0,1716.0,1088.0,5941,1,0,1,Biker
55,1650.0,1049.0,1716.0,1088.0,5942,1,0,1,Biker
55,1650.0,1049.0,1716.0,1088.0,5943,1,0,1,Biker
55,1650.0,1049.0,1716.0,1088.0,5944,1,0,1,Biker
55,1650.0,1049.0,1716.0,1088.0,5945,1,0,1,Biker
55,1650.0,1049.0,1716.0,1088.0,5946,1,0,1,Biker
55,1650.0,1049.0,1716.0,1088.0,5947,1,0,1,Biker
55,1650.0,1049.0,1716.0,1088.0,5948,1,0,1,Biker
55,1650.0,1049.0,1716.0,1088.0,5949,1,0,1,Biker
55,1650.0,1049.0,1716.0,1088.0,5950,1,0,1,Biker
55,1650.0,1049.0,1716.0,1088.0,5951,1,0,1,Biker
55,1650.0,1049.0,1716.0,1088.0,5952,1,0,1,Biker
55,1650.0,1049.0,1716.0,1088.0,5953,1,0,1,Biker
55,1650.0,1049.0,1716.0,1088.0,5954,1,0,1,Biker
55,1650.0,1049.0,1716.0,1088.0,5955,1,0,1,Biker
55,1650.0,1049.0,1716.0,1088.0,5956,1,0,1,Biker
55,1650.0,1049.0,1716.0,1088.0,5957,1,0,1,Biker
55,1650.0,1049.0,1716.0,1088.0,5958,1,0,1,Biker
55,1650.0,1049.0,1716.0,1088.0,5959,1,0,1,Biker
55,1650.0,1049.0,1716.0,1088.0,5960,1,0,1,Biker
55,1650.0,1049.0,1716.0,1088.0,5961,1,0,1,Biker
55,1650.0,1049.0,1716.0,1088.0,5962,1,0,1,Biker
55,1650.0,1049.0,1716.0,1088.0,5963,1,0,1,Biker
55,1650.0,1049.0,1716.0,1088.0,5964,1,0,1,Biker
55,1650.0,1049.0,1716.0,1088.0,5965,1,0,1,Biker
55,1650.0,1049.0,1716.0,1088.0,5966,1,0,1,Biker
55,1650.0,1049.0,1716.0,1088.0,5967,1,0,1,Biker
55,1650.0,1049.0,1716.0,1088.0,5968,1,0,1,Biker
55,1650.0,1049.0,1716.0,1088.0,5969,1,0,1,Biker
55,1650.0,1049.0,1716.0,1088.0,5970,1,0,1,Biker
55,1650.0,1049.0,1716.0,1088.0,5971,1,0,1,Biker
55,1650.0,1049.0,1716.0,1088.0,5972,1,0,1,Biker
55,1650.0,1049.0,1716.0,1088.0,5973,1,0,1,Biker
55,1650.0,1049.0,1716.0,1088.0,5974,1,0,1,Biker
55,1650.0,1049.0,1716.0,1088.0,5975,1,0,1,Biker
55,1650.0,1049.0,1716.0,1088.0,5976,1,0,1,Biker
55,1650.0,1049.0,1716.0,1088.0,5977,1,0,1,Biker
55,1650.0,1049.0,1716.0,1088.0,5978,1,0,1,Biker
55,1650.0,1049.0,1716.0,1088.0,5979,1,0,1,Biker
55,1650.0,1049.0,1716.0,1088.0,5980,1,0,1,Biker
55,1650.0,1049.0,1716.0,1088.0,5981,1,0,1,Biker
55,1650.0,1049.0,1716.0,1088.0,5982,1,0,1,Biker
55,1650.0,1049.0,1716.0,1088.0,5983,1,0,1,Biker
55,1650.0,1049.0,1716.0,1088.0,5984,1,0,1,Biker
55,1650.0,1049.0,1716.0,1088.0,5985,1,0,1,Biker
55,1650.0,1049.0,1716.0,1088.0,5986,1,0,1,Biker
55,1650.0,1049.0,1716.0,1088.0,5987,1,0,1,Biker
55,1650.0,1049.0,1716.0,1088.0,5988,1,0,1,Biker
55,1650.0,1049.0,1716.0,1088.0,5989,1,0,1,Biker
55,1650.0,1049.0,1716.0,1088.0,5990,1,0,1,Biker
55,1650.0,1049.0,1716.0,1088.0,5991,1,0,1,Biker
55,1650.0,1049.0,1716.0,1088.0,5992,1,0,1,Biker
55,1650.0,1049.0,1716.0,1088.0,5993,1,0,1,Biker
55,1650.0,1049.0,1716.0,1088.0,5994,1,0,1,Biker
55,1650.0,1049.0,1716.0,1088.0,5995,1,0,1,Biker
55,1650.0,1049.0,1716.0,1088.0,5996,1,0,1,Biker
55,1650.0,1049.0,1716.0,1088.0,5997,1,0,1,Biker
55,1650.0,1049.0,1716.0,1088.0,5998,1,0,1,Biker
55,1650.0,1049.0,1716.0,1088.0,5999,1,0,1,Biker
55,1650.0,1049.0,1716.0,1088.0,6000,1,0,1,Biker
55,1650.0,1049.0,1716.0,1088.0,6001,1,0,1,Biker
55,1650.0,1049.0,1716.0,1088.0,6002,1,0,1,Biker
55,1650.0,1049.0,1716.0,1088.0,6003,1,0,1,Biker
55,1650.0,1049.0,1716.0,1088.0,6004,1,0,1,Biker
55,1650.0,1049.0,1716.0,1088.0,6005,1,0,1,Biker
55,1650.0,1049.0,1716.0,1088.0,6006,1,0,1,Biker
55,1650.0,1049.0,1716.0,1088.0,6007,1,0,1,Biker
55,1650.0,1049.0,1716.0,1088.0,6008,1,0,1,Biker
55,1650.0,1049.0,1716.0,1088.0,6009,1,0,1,Biker
55,1650.0,1049.0,1716.0,1088.0,6010,1,0,1,Biker
55,1650.0,1049.0,1716.0,1088.0,6011,1,0,1,Biker
55,1650.0,1049.0,1716.0,1088.0,6012,1,0,1,Biker
55,1650.0,1049.0,1716.0,1088.0,6013,1,0,1,Biker
55,1650.0,1049.0,1716.0,1088.0,6014,1,0,1,Biker
55,1650.0,1049.0,1716.0,1088.0,6015,1,0,1,Biker
55,1650.0,1049.0,1716.0,1088.0,6016,1,0,1,Biker
55,1650.0,1049.0,1716.0,1088.0,6017,1,0,1,Biker
55,1650.0,1049.0,1716.0,1088.0,6018,1,0,1,Biker
55,1650.0,1049.0,1716.0,1088.0,6019,1,0,1,Biker
55,1650.0,1049.0,1716.0,1088.0,6020,1,0,1,Biker
55,1650.0,1049.0,1716.0,1088.0,6021,1,0,1,Biker
55,1650.0,1049.0,1716.0,1088.0,6022,1,0,1,Biker
55,1650.0,1049.0,1716.0,1088.0,6023,1,0,1,Biker
55,1650.0,1049.0,1716.0,1088.0,6024,1,0,1,Biker
55,1650.0,1049.0,1716.0,1088.0,6025,1,0,1,Biker
55,1650.0,1049.0,1716.0,1088.0,6026,1,0,1,Biker
55,1650.0,1049.0,1716.0,1088.0,6027,1,0,1,Biker
55,1650.0,1049.0,1716.0,1088.0,6028,1,0,1,Biker
55,1650.0,1049.0,1716.0,1088.0,6029,1,0,1,Biker
55,1650.0,1049.0,1716.0,1088.0,6030,1,0,1,Biker
55,1650.0,1049.0,1716.0,1088.0,6031,1,0,0,Biker
56,1419.0,0.0,1498.0,25.0,5500,0,0,0,Pedestrian
56,1416.0,0.0,1496.0,25.0,5501,0,0,1,Pedestrian
56,1416.0,0.0,1496.0,25.0,5502,0,0,1,Pedestrian
56,1416.0,0.0,1496.0,25.0,5503,0,0,1,Pedestrian
56,1416.0,0.0,1496.0,25.0,5504,0,0,1,Pedestrian
56,1416.0,0.0,1496.0,25.0,5505,0,0,1,Pedestrian
56,1416.0,0.0,1496.0,25.0,5506,0,0,1,Pedestrian
56,1413.0,0.0,1493.0,25.0,5507,0,0,1,Pedestrian
56,1413.0,0.0,1493.0,25.0,5508,0,0,1,Pedestrian
56,1413.0,0.0,1493.0,25.0,5509,0,0,1,Pedestrian
56,1413.0,0.0,1493.0,25.0,5510,0,0,1,Pedestrian
56,1413.0,0.0,1493.0,25.0,5511,0,0,1,Pedestrian
56,1413.0,0.0,1493.0,25.0,5512,0,0,1,Pedestrian
56,1410.0,0.0,1490.0,25.0,5513,0,0,1,Pedestrian
56,1410.0,0.0,1490.0,25.0,5514,0,0,1,Pedestrian
56,1410.0,0.0,1490.0,25.0,5515,0,0,1,Pedestrian
56,1410.0,0.0,1490.0,25.0,5516,0,0,1,Pedestrian
56,1410.0,0.0,1490.0,25.0,5517,0,0,1,Pedestrian
56,1410.0,0.0,1490.0,25.0,5518,0,0,1,Pedestrian
56,1408.0,0.0,1487.0,25.0,5519,0,0,1,Pedestrian
56,1408.0,0.0,1487.0,25.0,5520,0,0,1,Pedestrian
56,1408.0,0.0,1487.0,25.0,5521,0,0,1,Pedestrian
56,1408.0,0.0,1487.0,25.0,5522,0,0,1,Pedestrian
56,1408.0,0.0,1487.0,25.0,5523,0,0,1,Pedestrian
56,1408.0,0.0,1487.0,25.0,5524,0,0,1,Pedestrian
56,1405.0,0.0,1485.0,25.0,5525,0,0,1,Pedestrian
56,1405.0,0.0,1485.0,25.0,5526,0,0,1,Pedestrian
56,1405.0,0.0,1485.0,25.0,5527,0,0,1,Pedestrian
56,1405.0,0.0,1485.0,25.0,5528,0,0,1,Pedestrian
56,1405.0,0.0,1485.0,25.0,5529,0,0,1,Pedestrian
56,1405.0,0.0,1485.0,25.0,5530,0,0,1,Pedestrian
56,1402.0,0.0,1482.0,25.0,5531,0,0,1,Pedestrian
56,1402.0,0.0,1482.0,25.0,5532,0,0,1,Pedestrian
56,1402.0,0.0,1482.0,25.0,5533,0,0,1,Pedestrian
56,1402.0,0.0,1482.0,25.0,5534,0,0,1,Pedestrian
56,1402.0,0.0,1482.0,25.0,5535,0,0,1,Pedestrian
56,1402.0,0.0,1482.0,25.0,5536,0,0,0,Pedestrian
56,1399.0,0.0,1479.0,25.0,5537,0,0,1,Pedestrian
56,1399.0,0.0,1479.0,25.0,5538,0,0,1,Pedestrian
56,1399.0,0.0,1479.0,25.0,5539,0,0,1,Pedestrian
56,1397.0,0.0,1476.0,25.0,5540,0,0,1,Pedestrian
56,1397.0,0.0,1476.0,25.0,5541,0,0,1,Pedestrian
56,1397.0,0.0,1476.0,25.0,5542,0,0,1,Pedestrian
56,1397.0,0.0,1476.0,25.0,5543,0,0,1,Pedestrian
56,1394.0,0.0,1474.0,25.0,5544,0,0,1,Pedestrian
56,1394.0,0.0,1474.0,25.0,5545,0,0,1,Pedestrian
56,1394.0,0.0,1474.0,25.0,5546,0,0,1,Pedestrian
56,1394.0,0.0,1474.0,25.0,5547,0,0,1,Pedestrian
56,1391.0,0.0,1471.0,25.0,5548,0,0,1,Pedestrian
56,1391.0,0.0,1471.0,25.0,5549,0,0,1,Pedestrian
56,1391.0,0.0,1471.0,25.0,5550,0,0,1,Pedestrian
56,1391.0,0.0,1471.0,25.0,5551,0,0,1,Pedestrian
56,1388.0,0.0,1468.0,25.0,5552,0,0,1,Pedestrian
56,1388.0,0.0,1468.0,25.0,5553,0,0,1,Pedestrian
56,1388.0,0.0,1468.0,25.0,5554,0,0,1,Pedestrian
56,1386.0,0.0,1465.0,25.0,5555,0,0,1,Pedestrian
56,1386.0,0.0,1465.0,25.0,5556,0,0,1,Pedestrian
56,1386.0,0.0,1465.0,25.0,5557,0,0,1,Pedestrian
56,1386.0,0.0,1465.0,25.0,5558,0,0,1,Pedestrian
56,1383.0,0.0,1463.0,25.0,5559,0,0,1,Pedestrian
56,1383.0,0.0,1463.0,25.0,5560,0,0,1,Pedestrian
56,1383.0,0.0,1463.0,25.0,5561,0,0,1,Pedestrian
56,1383.0,0.0,1463.0,25.0,5562,0,0,1,Pedestrian
56,1380.0,0.0,1460.0,25.0,5563,0,0,1,Pedestrian
56,1380.0,0.0,1460.0,25.0,5564,0,0,1,Pedestrian
56,1380.0,0.0,1460.0,25.0,5565,0,0,1,Pedestrian
56,1380.0,0.0,1460.0,25.0,5566,0,0,1,Pedestrian
56,1377.0,0.0,1457.0,25.0,5567,0,0,1,Pedestrian
56,1377.0,0.0,1457.0,25.0,5568,0,0,1,Pedestrian
56,1377.0,0.0,1457.0,25.0,5569,0,0,1,Pedestrian
56,1377.0,0.0,1457.0,25.0,5570,0,0,1,Pedestrian
56,1375.0,0.0,1454.0,25.0,5571,0,0,1,Pedestrian
56,1375.0,0.0,1454.0,25.0,5572,0,0,1,Pedestrian
56,1375.0,0.0,1454.0,25.0,5573,0,0,1,Pedestrian
56,1372.0,0.0,1452.0,25.0,5574,0,0,1,Pedestrian
56,1372.0,0.0,1452.0,25.0,5575,0,0,1,Pedestrian
56,1372.0,0.0,1452.0,25.0,5576,0,0,1,Pedestrian
56,1372.0,0.0,1452.0,25.0,5577,0,0,1,Pedestrian
56,1369.0,0.0,1449.0,25.0,5578,0,0,1,Pedestrian
56,1369.0,0.0,1449.0,25.0,5579,0,0,1,Pedestrian
56,1369.0,0.0,1449.0,25.0,5580,0,0,1,Pedestrian
56,1369.0,0.0,1449.0,25.0,5581,0,0,1,Pedestrian
56,1366.0,0.0,1446.0,25.0,5582,0,0,1,Pedestrian
56,1366.0,0.0,1446.0,25.0,5583,0,0,1,Pedestrian
56,1366.0,0.0,1446.0,25.0,5584,0,0,1,Pedestrian
56,1366.0,0.0,1446.0,25.0,5585,0,0,1,Pedestrian
56,1364.0,0.0,1443.0,25.0,5586,0,0,1,Pedestrian
56,1364.0,0.0,1443.0,25.0,5587,0,0,1,Pedestrian
56,1364.0,0.0,1443.0,25.0,5588,0,0,1,Pedestrian
56,1364.0,0.0,1443.0,25.0,5589,0,0,0,Pedestrian
56,1361.0,0.0,1441.0,25.0,5590,0,0,1,Pedestrian
56,1361.0,0.0,1441.0,25.0,5591,0,0,1,Pedestrian
56,1361.0,0.0,1441.0,25.0,5592,0,0,1,Pedestrian
56,1361.0,0.0,1441.0,25.0,5593,0,0,1,Pedestrian
56,1361.0,0.0,1441.0,25.0,5594,0,0,1,Pedestrian
56,1361.0,0.0,1441.0,25.0,5595,0,0,1,Pedestrian
56,1358.0,0.0,1438.0,25.0,5596,0,0,1,Pedestrian
56,1358.0,0.0,1438.0,25.0,5597,0,0,1,Pedestrian
56,1358.0,0.0,1438.0,25.0,5598,0,0,1,Pedestrian
56,1358.0,0.0,1438.0,25.0,5599,0,0,1,Pedestrian
56,1358.0,0.0,1438.0,25.0,5600,0,0,1,Pedestrian
56,1358.0,0.0,1438.0,25.0,5601,0,0,1,Pedestrian
56,1358.0,0.0,1438.0,25.0,5602,0,0,1,Pedestrian
56,1355.0,0.0,1435.0,25.0,5603,0,0,1,Pedestrian
56,1355.0,0.0,1435.0,25.0,5604,0,0,1,Pedestrian
56,1355.0,0.0,1435.0,25.0,5605,0,0,1,Pedestrian
56,1355.0,0.0,1435.0,25.0,5606,0,0,1,Pedestrian
56,1355.0,0.0,1435.0,25.0,5607,0,0,1,Pedestrian
56,1355.0,0.0,1435.0,25.0,5608,0,0,1,Pedestrian
56,1353.0,0.0,1432.0,25.0,5609,0,0,1,Pedestrian
56,1353.0,0.0,1432.0,25.0,5610,0,0,1,Pedestrian
56,1353.0,0.0,1432.0,25.0,5611,0,0,1,Pedestrian
56,1353.0,0.0,1432.0,25.0,5612,0,0,1,Pedestrian
56,1353.0,0.0,1432.0,25.0,5613,0,0,1,Pedestrian
56,1353.0,0.0,1432.0,25.0,5614,0,0,1,Pedestrian
56,1353.0,0.0,1432.0,25.0,5615,1,0,0,Pedestrian
56,1350.0,0.0,1430.0,25.0,5616,1,0,1,Pedestrian
56,1350.0,0.0,1430.0,25.0,5617,1,0,1,Pedestrian
56,1350.0,0.0,1430.0,25.0,5618,1,0,1,Pedestrian
56,1350.0,0.0,1430.0,25.0,5619,1,0,1,Pedestrian
56,1350.0,0.0,1430.0,25.0,5620,1,0,1,Pedestrian
56,1350.0,0.0,1430.0,25.0,5621,1,0,1,Pedestrian
56,1350.0,0.0,1430.0,25.0,5622,1,0,1,Pedestrian
56,1350.0,0.0,1430.0,25.0,5623,1,0,1,Pedestrian
56,1350.0,0.0,1430.0,25.0,5624,1,0,1,Pedestrian
56,1350.0,0.0,1430.0,25.0,5625,1,0,1,Pedestrian
56,1347.0,0.0,1427.0,25.0,5626,1,0,1,Pedestrian
56,1347.0,0.0,1427.0,25.0,5627,1,0,1,Pedestrian
56,1347.0,0.0,1427.0,25.0,5628,1,0,1,Pedestrian
56,1347.0,0.0,1427.0,25.0,5629,1,0,1,Pedestrian
56,1347.0,0.0,1427.0,25.0,5630,1,0,1,Pedestrian
56,1347.0,0.0,1427.0,25.0,5631,1,0,1,Pedestrian
56,1347.0,0.0,1427.0,25.0,5632,1,0,1,Pedestrian
56,1347.0,0.0,1427.0,25.0,5633,1,0,1,Pedestrian
56,1347.0,0.0,1427.0,25.0,5634,1,0,1,Pedestrian
56,1347.0,0.0,1427.0,25.0,5635,1,0,0,Pedestrian
56,1347.0,0.0,1427.0,25.0,5636,1,0,1,Pedestrian
56,1347.0,0.0,1427.0,25.0,5637,1,0,1,Pedestrian
56,1347.0,0.0,1427.0,25.0,5638,1,0,1,Pedestrian
56,1350.0,0.0,1430.0,25.0,5639,1,0,1,Pedestrian
56,1350.0,0.0,1430.0,25.0,5640,1,0,1,Pedestrian
56,1350.0,0.0,1430.0,25.0,5641,1,0,1,Pedestrian
56,1353.0,0.0,1432.0,25.0,5642,1,0,1,Pedestrian
56,1353.0,0.0,1432.0,25.0,5643,1,0,1,Pedestrian
56,1353.0,0.0,1432.0,25.0,5644,1,0,1,Pedestrian
56,1355.0,0.0,1435.0,25.0,5645,1,0,1,Pedestrian
56,1355.0,0.0,1435.0,25.0,5646,1,0,1,Pedestrian
56,1355.0,0.0,1435.0,25.0,5647,1,0,1,Pedestrian
56,1358.0,0.0,1438.0,25.0,5648,1,0,0,Pedestrian
56,1358.0,0.0,1438.0,25.0,5649,1,0,1,Pedestrian
56,1358.0,0.0,1438.0,25.0,5650,1,0,1,Pedestrian
56,1358.0,0.0,1438.0,25.0,5651,1,0,1,Pedestrian
56,1358.0,0.0,1438.0,25.0,5652,1,0,1,Pedestrian
56,1358.0,0.0,1438.0,25.0,5653,1,0,1,Pedestrian
56,1358.0,0.0,1438.0,25.0,5654,1,0,1,Pedestrian
56,1358.0,0.0,1438.0,25.0,5655,1,0,1,Pedestrian
56,1358.0,0.0,1438.0,25.0,5656,1,0,1,Pedestrian
56,1358.0,0.0,1438.0,25.0,5657,1,0,1,Pedestrian
56,1358.0,0.0,1438.0,25.0,5658,1,0,1,Pedestrian
56,1358.0,0.0,1438.0,25.0,5659,1,0,1,Pedestrian
56,1358.0,0.0,1438.0,25.0,5660,1,0,1,Pedestrian
56,1358.0,0.0,1438.0,25.0,5661,1,0,1,Pedestrian
56,1358.0,0.0,1438.0,25.0,5662,1,0,1,Pedestrian
56,1358.0,0.0,1438.0,25.0,5663,1,0,1,Pedestrian
56,1358.0,0.0,1438.0,25.0,5664,1,0,1,Pedestrian
56,1358.0,0.0,1438.0,25.0,5665,1,0,1,Pedestrian
56,1358.0,0.0,1438.0,25.0,5666,1,0,1,Pedestrian
56,1358.0,0.0,1438.0,25.0,5667,1,0,1,Pedestrian
56,1358.0,0.0,1438.0,25.0,5668,1,0,1,Pedestrian
56,1358.0,0.0,1438.0,25.0,5669,1,0,1,Pedestrian
56,1358.0,0.0,1438.0,25.0,5670,1,0,1,Pedestrian
56,1358.0,0.0,1438.0,25.0,5671,1,0,1,Pedestrian
56,1358.0,0.0,1438.0,25.0,5672,1,0,1,Pedestrian
56,1358.0,0.0,1438.0,25.0,5673,1,0,1,Pedestrian
56,1358.0,0.0,1438.0,25.0,5674,1,0,1,Pedestrian
56,1358.0,0.0,1438.0,25.0,5675,1,0,1,Pedestrian
56,1358.0,0.0,1438.0,25.0,5676,1,0,1,Pedestrian
56,1358.0,0.0,1438.0,25.0,5677,1,0,1,Pedestrian
56,1358.0,0.0,1438.0,25.0,5678,1,0,1,Pedestrian
56,1358.0,0.0,1438.0,25.0,5679,1,0,1,Pedestrian
56,1358.0,0.0,1438.0,25.0,5680,1,0,1,Pedestrian
56,1358.0,0.0,1438.0,25.0,5681,1,0,1,Pedestrian
56,1358.0,0.0,1438.0,25.0,5682,1,0,1,Pedestrian
56,1358.0,0.0,1438.0,25.0,5683,1,0,1,Pedestrian
56,1358.0,0.0,1438.0,25.0,5684,1,0,1,Pedestrian
56,1358.0,0.0,1438.0,25.0,5685,1,0,1,Pedestrian
56,1358.0,0.0,1438.0,25.0,5686,1,0,1,Pedestrian
56,1358.0,0.0,1438.0,25.0,5687,1,0,1,Pedestrian
56,1358.0,0.0,1438.0,25.0,5688,1,0,1,Pedestrian
56,1358.0,0.0,1438.0,25.0,5689,1,0,1,Pedestrian
56,1358.0,0.0,1438.0,25.0,5690,1,0,1,Pedestrian
56,1358.0,0.0,1438.0,25.0,5691,1,0,1,Pedestrian
56,1358.0,0.0,1438.0,25.0,5692,1,0,1,Pedestrian
56,1358.0,0.0,1438.0,25.0,5693,1,0,1,Pedestrian
56,1358.0,0.0,1438.0,25.0,5694,1,0,1,Pedestrian
56,1358.0,0.0,1438.0,25.0,5695,1,0,1,Pedestrian
56,1358.0,0.0,1438.0,25.0,5696,1,0,1,Pedestrian
56,1358.0,0.0,1438.0,25.0,5697,1,0,1,Pedestrian
56,1358.0,0.0,1438.0,25.0,5698,1,0,1,Pedestrian
56,1358.0,0.0,1438.0,25.0,5699,1,0,1,Pedestrian
56,1358.0,0.0,1438.0,25.0,5700,1,0,1,Pedestrian
56,1358.0,0.0,1438.0,25.0,5701,1,0,1,Pedestrian
56,1358.0,0.0,1438.0,25.0,5702,1,0,1,Pedestrian
56,1358.0,0.0,1438.0,25.0,5703,1,0,1,Pedestrian
56,1358.0,0.0,1438.0,25.0,5704,1,0,1,Pedestrian
56,1358.0,0.0,1438.0,25.0,5705,1,0,1,Pedestrian
56,1358.0,0.0,1438.0,25.0,5706,1,0,1,Pedestrian
56,1358.0,0.0,1438.0,25.0,5707,1,0,1,Pedestrian
56,1358.0,0.0,1438.0,25.0,5708,1,0,1,Pedestrian
56,1358.0,0.0,1438.0,25.0,5709,1,0,1,Pedestrian
56,1358.0,0.0,1438.0,25.0,5710,1,0,1,Pedestrian
56,1358.0,0.0,1438.0,25.0,5711,1,0,1,Pedestrian
56,1358.0,0.0,1438.0,25.0,5712,1,0,1,Pedestrian
56,1358.0,0.0,1438.0,25.0,5713,1,0,1,Pedestrian
56,1358.0,0.0,1438.0,25.0,5714,1,0,1,Pedestrian
56,1358.0,0.0,1438.0,25.0,5715,1,0,1,Pedestrian
56,1358.0,0.0,1438.0,25.0,5716,1,0,1,Pedestrian
56,1358.0,0.0,1438.0,25.0,5717,1,0,1,Pedestrian
56,1358.0,0.0,1438.0,25.0,5718,1,0,1,Pedestrian
56,1358.0,0.0,1438.0,25.0,5719,1,0,1,Pedestrian
56,1358.0,0.0,1438.0,25.0,5720,1,0,1,Pedestrian
56,1358.0,0.0,1438.0,25.0,5721,1,0,1,Pedestrian
56,1358.0,0.0,1438.0,25.0,5722,1,0,1,Pedestrian
56,1358.0,0.0,1438.0,25.0,5723,1,0,1,Pedestrian
56,1358.0,0.0,1438.0,25.0,5724,1,0,1,Pedestrian
56,1358.0,0.0,1438.0,25.0,5725,1,0,1,Pedestrian
56,1358.0,0.0,1438.0,25.0,5726,1,0,1,Pedestrian
56,1358.0,0.0,1438.0,25.0,5727,1,0,1,Pedestrian
56,1358.0,0.0,1438.0,25.0,5728,1,0,1,Pedestrian
56,1358.0,0.0,1438.0,25.0,5729,1,0,1,Pedestrian
56,1358.0,0.0,1438.0,25.0,5730,1,0,1,Pedestrian
56,1358.0,0.0,1438.0,25.0,5731,1,0,1,Pedestrian
56,1358.0,0.0,1438.0,25.0,5732,1,0,1,Pedestrian
56,1358.0,0.0,1438.0,25.0,5733,1,0,1,Pedestrian
56,1358.0,0.0,1438.0,25.0,5734,1,0,1,Pedestrian
56,1358.0,0.0,1438.0,25.0,5735,1,0,1,Pedestrian
56,1358.0,0.0,1438.0,25.0,5736,1,0,1,Pedestrian
56,1358.0,0.0,1438.0,25.0,5737,1,0,1,Pedestrian
56,1358.0,0.0,1438.0,25.0,5738,1,0,1,Pedestrian
56,1358.0,0.0,1438.0,25.0,5739,1,0,1,Pedestrian
56,1358.0,0.0,1438.0,25.0,5740,1,0,1,Pedestrian
56,1358.0,0.0,1438.0,25.0,5741,1,0,1,Pedestrian
56,1358.0,0.0,1438.0,25.0,5742,1,0,1,Pedestrian
56,1358.0,0.0,1438.0,25.0,5743,1,0,1,Pedestrian
56,1358.0,0.0,1438.0,25.0,5744,1,0,1,Pedestrian
56,1358.0,0.0,1438.0,25.0,5745,1,0,1,Pedestrian
56,1358.0,0.0,1438.0,25.0,5746,1,0,1,Pedestrian
56,1358.0,0.0,1438.0,25.0,5747,1,0,1,Pedestrian
56,1358.0,0.0,1438.0,25.0,5748,1,0,1,Pedestrian
56,1358.0,0.0,1438.0,25.0,5749,1,0,1,Pedestrian
56,1358.0,0.0,1438.0,25.0,5750,1,0,1,Pedestrian
56,1358.0,0.0,1438.0,25.0,5751,1,0,1,Pedestrian
56,1358.0,0.0,1438.0,25.0,5752,1,0,1,Pedestrian
56,1358.0,0.0,1438.0,25.0,5753,1,0,1,Pedestrian
56,1358.0,0.0,1438.0,25.0,5754,1,0,1,Pedestrian
56,1358.0,0.0,1438.0,25.0,5755,1,0,1,Pedestrian
56,1358.0,0.0,1438.0,25.0,5756,1,0,1,Pedestrian
56,1358.0,0.0,1438.0,25.0,5757,1,0,1,Pedestrian
56,1358.0,0.0,1438.0,25.0,5758,1,0,1,Pedestrian
56,1358.0,0.0,1438.0,25.0,5759,1,0,1,Pedestrian
56,1358.0,0.0,1438.0,25.0,5760,1,0,1,Pedestrian
56,1358.0,0.0,1438.0,25.0,5761,1,0,1,Pedestrian
56,1358.0,0.0,1438.0,25.0,5762,1,0,1,Pedestrian
56,1358.0,0.0,1438.0,25.0,5763,1,0,1,Pedestrian
56,1358.0,0.0,1438.0,25.0,5764,1,0,1,Pedestrian
56,1358.0,0.0,1438.0,25.0,5765,1,0,1,Pedestrian
56,1358.0,0.0,1438.0,25.0,5766,1,0,1,Pedestrian
56,1358.0,0.0,1438.0,25.0,5767,1,0,1,Pedestrian
56,1358.0,0.0,1438.0,25.0,5768,1,0,1,Pedestrian
56,1358.0,0.0,1438.0,25.0,5769,1,0,1,Pedestrian
56,1358.0,0.0,1438.0,25.0,5770,1,0,1,Pedestrian
56,1358.0,0.0,1438.0,25.0,5771,1,0,1,Pedestrian
56,1358.0,0.0,1438.0,25.0,5772,1,0,1,Pedestrian
56,1358.0,0.0,1438.0,25.0,5773,1,0,1,Pedestrian
56,1358.0,0.0,1438.0,25.0,5774,1,0,1,Pedestrian
56,1358.0,0.0,1438.0,25.0,5775,1,0,1,Pedestrian
56,1358.0,0.0,1438.0,25.0,5776,1,0,1,Pedestrian
56,1358.0,0.0,1438.0,25.0,5777,1,0,1,Pedestrian
56,1358.0,0.0,1438.0,25.0,5778,1,0,1,Pedestrian
56,1358.0,0.0,1438.0,25.0,5779,1,0,1,Pedestrian
56,1358.0,0.0,1438.0,25.0,5780,1,0,1,Pedestrian
56,1358.0,0.0,1438.0,25.0,5781,1,0,1,Pedestrian
56,1358.0,0.0,1438.0,25.0,5782,1,0,1,Pedestrian
56,1358.0,0.0,1438.0,25.0,5783,1,0,1,Pedestrian
56,1358.0,0.0,1438.0,25.0,5784,1,0,1,Pedestrian
56,1358.0,0.0,1438.0,25.0,5785,1,0,1,Pedestrian
56,1358.0,0.0,1438.0,25.0,5786,1,0,1,Pedestrian
56,1358.0,0.0,1438.0,25.0,5787,1,0,1,Pedestrian
56,1358.0,0.0,1438.0,25.0,5788,1,0,1,Pedestrian
56,1358.0,0.0,1438.0,25.0,5789,1,0,1,Pedestrian
56,1358.0,0.0,1438.0,25.0,5790,1,0,1,Pedestrian
56,1358.0,0.0,1438.0,25.0,5791,1,0,1,Pedestrian
56,1358.0,0.0,1438.0,25.0,5792,1,0,1,Pedestrian
56,1358.0,0.0,1438.0,25.0,5793,1,0,1,Pedestrian
56,1358.0,0.0,1438.0,25.0,5794,1,0,1,Pedestrian
56,1358.0,0.0,1438.0,25.0,5795,1,0,1,Pedestrian
56,1358.0,0.0,1438.0,25.0,5796,1,0,1,Pedestrian
56,1358.0,0.0,1438.0,25.0,5797,1,0,1,Pedestrian
56,1358.0,0.0,1438.0,25.0,5798,1,0,1,Pedestrian
56,1358.0,0.0,1438.0,25.0,5799,1,0,1,Pedestrian
56,1358.0,0.0,1438.0,25.0,5800,1,0,1,Pedestrian
56,1358.0,0.0,1438.0,25.0,5801,1,0,1,Pedestrian
56,1358.0,0.0,1438.0,25.0,5802,1,0,1,Pedestrian
56,1358.0,0.0,1438.0,25.0,5803,1,0,1,Pedestrian
56,1358.0,0.0,1438.0,25.0,5804,1,0,1,Pedestrian
56,1358.0,0.0,1438.0,25.0,5805,1,0,1,Pedestrian
56,1358.0,0.0,1438.0,25.0,5806,1,0,1,Pedestrian
56,1358.0,0.0,1438.0,25.0,5807,1,0,1,Pedestrian
56,1358.0,0.0,1438.0,25.0,5808,1,0,1,Pedestrian
56,1358.0,0.0,1438.0,25.0,5809,1,0,1,Pedestrian
56,1358.0,0.0,1438.0,25.0,5810,1,0,1,Pedestrian
56,1358.0,0.0,1438.0,25.0,5811,1,0,1,Pedestrian
56,1358.0,0.0,1438.0,25.0,5812,1,0,1,Pedestrian
56,1358.0,0.0,1438.0,25.0,5813,1,0,1,Pedestrian
56,1358.0,0.0,1438.0,25.0,5814,1,0,1,Pedestrian
56,1358.0,0.0,1438.0,25.0,5815,1,0,1,Pedestrian
56,1358.0,0.0,1438.0,25.0,5816,1,0,1,Pedestrian
56,1358.0,0.0,1438.0,25.0,5817,1,0,1,Pedestrian
56,1358.0,0.0,1438.0,25.0,5818,1,0,1,Pedestrian
56,1358.0,0.0,1438.0,25.0,5819,1,0,1,Pedestrian
56,1358.0,0.0,1438.0,25.0,5820,1,0,1,Pedestrian
56,1358.0,0.0,1438.0,25.0,5821,1,0,1,Pedestrian
56,1358.0,0.0,1438.0,25.0,5822,1,0,1,Pedestrian
56,1358.0,0.0,1438.0,25.0,5823,1,0,1,Pedestrian
56,1358.0,0.0,1438.0,25.0,5824,1,0,1,Pedestrian
56,1358.0,0.0,1438.0,25.0,5825,1,0,1,Pedestrian
56,1358.0,0.0,1438.0,25.0,5826,1,0,1,Pedestrian
56,1358.0,0.0,1438.0,25.0,5827,1,0,1,Pedestrian
56,1358.0,0.0,1438.0,25.0,5828,1,0,1,Pedestrian
56,1358.0,0.0,1438.0,25.0,5829,1,0,1,Pedestrian
56,1358.0,0.0,1438.0,25.0,5830,1,0,1,Pedestrian
56,1358.0,0.0,1438.0,25.0,5831,1,0,1,Pedestrian
56,1358.0,0.0,1438.0,25.0,5832,1,0,1,Pedestrian
56,1358.0,0.0,1438.0,25.0,5833,1,0,1,Pedestrian
56,1358.0,0.0,1438.0,25.0,5834,1,0,1,Pedestrian
56,1358.0,0.0,1438.0,25.0,5835,1,0,1,Pedestrian
56,1358.0,0.0,1438.0,25.0,5836,1,0,1,Pedestrian
56,1358.0,0.0,1438.0,25.0,5837,1,0,1,Pedestrian
56,1358.0,0.0,1438.0,25.0,5838,1,0,1,Pedestrian
56,1358.0,0.0,1438.0,25.0,5839,1,0,1,Pedestrian
56,1358.0,0.0,1438.0,25.0,5840,1,0,1,Pedestrian
56,1358.0,0.0,1438.0,25.0,5841,1,0,1,Pedestrian
56,1358.0,0.0,1438.0,25.0,5842,1,0,1,Pedestrian
56,1358.0,0.0,1438.0,25.0,5843,1,0,1,Pedestrian
56,1358.0,0.0,1438.0,25.0,5844,1,0,1,Pedestrian
56,1358.0,0.0,1438.0,25.0,5845,1,0,1,Pedestrian
56,1358.0,0.0,1438.0,25.0,5846,1,0,1,Pedestrian
56,1358.0,0.0,1438.0,25.0,5847,1,0,1,Pedestrian
56,1358.0,0.0,1438.0,25.0,5848,1,0,1,Pedestrian
56,1358.0,0.0,1438.0,25.0,5849,1,0,1,Pedestrian
56,1358.0,0.0,1438.0,25.0,5850,1,0,1,Pedestrian
56,1358.0,0.0,1438.0,25.0,5851,1,0,1,Pedestrian
56,1358.0,0.0,1438.0,25.0,5852,1,0,1,Pedestrian
56,1358.0,0.0,1438.0,25.0,5853,1,0,1,Pedestrian
56,1358.0,0.0,1438.0,25.0,5854,1,0,1,Pedestrian
56,1358.0,0.0,1438.0,25.0,5855,1,0,1,Pedestrian
56,1358.0,0.0,1438.0,25.0,5856,1,0,1,Pedestrian
56,1358.0,0.0,1438.0,25.0,5857,1,0,1,Pedestrian
56,1358.0,0.0,1438.0,25.0,5858,1,0,1,Pedestrian
56,1358.0,0.0,1438.0,25.0,5859,1,0,1,Pedestrian
56,1358.0,0.0,1438.0,25.0,5860,1,0,1,Pedestrian
56,1358.0,0.0,1438.0,25.0,5861,1,0,1,Pedestrian
56,1358.0,0.0,1438.0,25.0,5862,1,0,1,Pedestrian
56,1358.0,0.0,1438.0,25.0,5863,1,0,1,Pedestrian
56,1358.0,0.0,1438.0,25.0,5864,1,0,1,Pedestrian
56,1358.0,0.0,1438.0,25.0,5865,1,0,1,Pedestrian
56,1358.0,0.0,1438.0,25.0,5866,1,0,1,Pedestrian
56,1358.0,0.0,1438.0,25.0,5867,1,0,1,Pedestrian
56,1358.0,0.0,1438.0,25.0,5868,1,0,1,Pedestrian
56,1358.0,0.0,1438.0,25.0,5869,1,0,1,Pedestrian
56,1358.0,0.0,1438.0,25.0,5870,1,0,1,Pedestrian
56,1358.0,0.0,1438.0,25.0,5871,1,0,1,Pedestrian
56,1358.0,0.0,1438.0,25.0,5872,1,0,1,Pedestrian
56,1358.0,0.0,1438.0,25.0,5873,1,0,1,Pedestrian
56,1358.0,0.0,1438.0,25.0,5874,1,0,1,Pedestrian
56,1358.0,0.0,1438.0,25.0,5875,1,0,1,Pedestrian
56,1358.0,0.0,1438.0,25.0,5876,1,0,1,Pedestrian
56,1358.0,0.0,1438.0,25.0,5877,1,0,1,Pedestrian
56,1358.0,0.0,1438.0,25.0,5878,1,0,1,Pedestrian
56,1358.0,0.0,1438.0,25.0,5879,1,0,1,Pedestrian
56,1358.0,0.0,1438.0,25.0,5880,1,0,1,Pedestrian
56,1358.0,0.0,1438.0,25.0,5881,1,0,1,Pedestrian
56,1358.0,0.0,1438.0,25.0,5882,1,0,1,Pedestrian
56,1358.0,0.0,1438.0,25.0,5883,1,0,1,Pedestrian
56,1358.0,0.0,1438.0,25.0,5884,1,0,1,Pedestrian
56,1358.0,0.0,1438.0,25.0,5885,1,0,1,Pedestrian
56,1358.0,0.0,1438.0,25.0,5886,1,0,1,Pedestrian
56,1358.0,0.0,1438.0,25.0,5887,1,0,1,Pedestrian
56,1358.0,0.0,1438.0,25.0,5888,1,0,1,Pedestrian
56,1358.0,0.0,1438.0,25.0,5889,1,0,1,Pedestrian
56,1358.0,0.0,1438.0,25.0,5890,1,0,1,Pedestrian
56,1358.0,0.0,1438.0,25.0,5891,1,0,1,Pedestrian
56,1358.0,0.0,1438.0,25.0,5892,1,0,1,Pedestrian
56,1358.0,0.0,1438.0,25.0,5893,1,0,1,Pedestrian
56,1358.0,0.0,1438.0,25.0,5894,1,0,1,Pedestrian
56,1358.0,0.0,1438.0,25.0,5895,1,0,1,Pedestrian
56,1358.0,0.0,1438.0,25.0,5896,1,0,1,Pedestrian
56,1358.0,0.0,1438.0,25.0,5897,1,0,1,Pedestrian
56,1358.0,0.0,1438.0,25.0,5898,1,0,1,Pedestrian
56,1358.0,0.0,1438.0,25.0,5899,1,0,1,Pedestrian
56,1358.0,0.0,1438.0,25.0,5900,1,0,1,Pedestrian
56,1358.0,0.0,1438.0,25.0,5901,1,0,1,Pedestrian
56,1358.0,0.0,1438.0,25.0,5902,1,0,1,Pedestrian
56,1358.0,0.0,1438.0,25.0,5903,1,0,1,Pedestrian
56,1358.0,0.0,1438.0,25.0,5904,1,0,1,Pedestrian
56,1358.0,0.0,1438.0,25.0,5905,1,0,1,Pedestrian
56,1358.0,0.0,1438.0,25.0,5906,1,0,1,Pedestrian
56,1358.0,0.0,1438.0,25.0,5907,1,0,1,Pedestrian
56,1358.0,0.0,1438.0,25.0,5908,1,0,1,Pedestrian
56,1358.0,0.0,1438.0,25.0,5909,1,0,1,Pedestrian
56,1358.0,0.0,1438.0,25.0,5910,1,0,1,Pedestrian
56,1358.0,0.0,1438.0,25.0,5911,1,0,1,Pedestrian
56,1358.0,0.0,1438.0,25.0,5912,1,0,1,Pedestrian
56,1358.0,0.0,1438.0,25.0,5913,1,0,1,Pedestrian
56,1358.0,0.0,1438.0,25.0,5914,1,0,1,Pedestrian
56,1358.0,0.0,1438.0,25.0,5915,1,0,1,Pedestrian
56,1358.0,0.0,1438.0,25.0,5916,1,0,1,Pedestrian
56,1358.0,0.0,1438.0,25.0,5917,1,0,1,Pedestrian
56,1358.0,0.0,1438.0,25.0,5918,1,0,1,Pedestrian
56,1358.0,0.0,1438.0,25.0,5919,1,0,1,Pedestrian
56,1358.0,0.0,1438.0,25.0,5920,1,0,1,Pedestrian
56,1358.0,0.0,1438.0,25.0,5921,1,0,1,Pedestrian
56,1358.0,0.0,1438.0,25.0,5922,1,0,1,Pedestrian
56,1358.0,0.0,1438.0,25.0,5923,1,0,1,Pedestrian
56,1358.0,0.0,1438.0,25.0,5924,1,0,1,Pedestrian
56,1358.0,0.0,1438.0,25.0,5925,1,0,1,Pedestrian
56,1358.0,0.0,1438.0,25.0,5926,1,0,1,Pedestrian
56,1358.0,0.0,1438.0,25.0,5927,1,0,1,Pedestrian
56,1358.0,0.0,1438.0,25.0,5928,1,0,1,Pedestrian
56,1358.0,0.0,1438.0,25.0,5929,1,0,1,Pedestrian
56,1358.0,0.0,1438.0,25.0,5930,1,0,1,Pedestrian
56,1358.0,0.0,1438.0,25.0,5931,1,0,1,Pedestrian
56,1358.0,0.0,1438.0,25.0,5932,1,0,1,Pedestrian
56,1358.0,0.0,1438.0,25.0,5933,1,0,1,Pedestrian
56,1358.0,0.0,1438.0,25.0,5934,1,0,1,Pedestrian
56,1358.0,0.0,1438.0,25.0,5935,1,0,1,Pedestrian
56,1358.0,0.0,1438.0,25.0,5936,1,0,1,Pedestrian
56,1358.0,0.0,1438.0,25.0,5937,1,0,1,Pedestrian
56,1358.0,0.0,1438.0,25.0,5938,1,0,1,Pedestrian
56,1358.0,0.0,1438.0,25.0,5939,1,0,1,Pedestrian
56,1358.0,0.0,1438.0,25.0,5940,1,0,1,Pedestrian
56,1358.0,0.0,1438.0,25.0,5941,1,0,1,Pedestrian
56,1358.0,0.0,1438.0,25.0,5942,1,0,1,Pedestrian
56,1358.0,0.0,1438.0,25.0,5943,1,0,1,Pedestrian
56,1358.0,0.0,1438.0,25.0,5944,1,0,1,Pedestrian
56,1358.0,0.0,1438.0,25.0,5945,1,0,1,Pedestrian
56,1358.0,0.0,1438.0,25.0,5946,1,0,1,Pedestrian
56,1358.0,0.0,1438.0,25.0,5947,1,0,1,Pedestrian
56,1358.0,0.0,1438.0,25.0,5948,1,0,1,Pedestrian
56,1358.0,0.0,1438.0,25.0,5949,1,0,1,Pedestrian
56,1358.0,0.0,1438.0,25.0,5950,1,0,1,Pedestrian
56,1358.0,0.0,1438.0,25.0,5951,1,0,1,Pedestrian
56,1358.0,0.0,1438.0,25.0,5952,1,0,1,Pedestrian
56,1358.0,0.0,1438.0,25.0,5953,1,0,1,Pedestrian
56,1358.0,0.0,1438.0,25.0,5954,1,0,1,Pedestrian
56,1358.0,0.0,1438.0,25.0,5955,1,0,1,Pedestrian
56,1358.0,0.0,1438.0,25.0,5956,1,0,1,Pedestrian
56,1358.0,0.0,1438.0,25.0,5957,1,0,1,Pedestrian
56,1358.0,0.0,1438.0,25.0,5958,1,0,1,Pedestrian
56,1358.0,0.0,1438.0,25.0,5959,1,0,1,Pedestrian
56,1358.0,0.0,1438.0,25.0,5960,1,0,1,Pedestrian
56,1358.0,0.0,1438.0,25.0,5961,1,0,1,Pedestrian
56,1358.0,0.0,1438.0,25.0,5962,1,0,1,Pedestrian
56,1358.0,0.0,1438.0,25.0,5963,1,0,1,Pedestrian
56,1358.0,0.0,1438.0,25.0,5964,1,0,1,Pedestrian
56,1358.0,0.0,1438.0,25.0,5965,1,0,1,Pedestrian
56,1358.0,0.0,1438.0,25.0,5966,1,0,1,Pedestrian
56,1358.0,0.0,1438.0,25.0,5967,1,0,1,Pedestrian
56,1358.0,0.0,1438.0,25.0,5968,1,0,1,Pedestrian
56,1358.0,0.0,1438.0,25.0,5969,1,0,1,Pedestrian
56,1358.0,0.0,1438.0,25.0,5970,1,0,1,Pedestrian
56,1358.0,0.0,1438.0,25.0,5971,1,0,1,Pedestrian
56,1358.0,0.0,1438.0,25.0,5972,1,0,1,Pedestrian
56,1358.0,0.0,1438.0,25.0,5973,1,0,1,Pedestrian
56,1358.0,0.0,1438.0,25.0,5974,1,0,1,Pedestrian
56,1358.0,0.0,1438.0,25.0,5975,1,0,1,Pedestrian
56,1358.0,0.0,1438.0,25.0,5976,1,0,1,Pedestrian
56,1358.0,0.0,1438.0,25.0,5977,1,0,1,Pedestrian
56,1358.0,0.0,1438.0,25.0,5978,1,0,1,Pedestrian
56,1358.0,0.0,1438.0,25.0,5979,1,0,1,Pedestrian
56,1358.0,0.0,1438.0,25.0,5980,1,0,1,Pedestrian
56,1358.0,0.0,1438.0,25.0,5981,1,0,1,Pedestrian
56,1358.0,0.0,1438.0,25.0,5982,1,0,1,Pedestrian
56,1358.0,0.0,1438.0,25.0,5983,1,0,1,Pedestrian
56,1358.0,0.0,1438.0,25.0,5984,1,0,1,Pedestrian
56,1358.0,0.0,1438.0,25.0,5985,1,0,1,Pedestrian
56,1358.0,0.0,1438.0,25.0,5986,1,0,1,Pedestrian
56,1358.0,0.0,1438.0,25.0,5987,1,0,1,Pedestrian
56,1358.0,0.0,1438.0,25.0,5988,1,0,1,Pedestrian
56,1358.0,0.0,1438.0,25.0,5989,1,0,1,Pedestrian
56,1358.0,0.0,1438.0,25.0,5990,1,0,1,Pedestrian
56,1358.0,0.0,1438.0,25.0,5991,1,0,1,Pedestrian
56,1358.0,0.0,1438.0,25.0,5992,1,0,1,Pedestrian
56,1358.0,0.0,1438.0,25.0,5993,1,0,1,Pedestrian
56,1358.0,0.0,1438.0,25.0,5994,1,0,1,Pedestrian
56,1358.0,0.0,1438.0,25.0,5995,1,0,1,Pedestrian
56,1358.0,0.0,1438.0,25.0,5996,1,0,1,Pedestrian
56,1358.0,0.0,1438.0,25.0,5997,1,0,1,Pedestrian
56,1358.0,0.0,1438.0,25.0,5998,1,0,1,Pedestrian
56,1358.0,0.0,1438.0,25.0,5999,1,0,1,Pedestrian
56,1358.0,0.0,1438.0,25.0,6000,1,0,1,Pedestrian
56,1358.0,0.0,1438.0,25.0,6001,1,0,1,Pedestrian
56,1358.0,0.0,1438.0,25.0,6002,1,0,1,Pedestrian
56,1358.0,0.0,1438.0,25.0,6003,1,0,1,Pedestrian
56,1358.0,0.0,1438.0,25.0,6004,1,0,1,Pedestrian
56,1358.0,0.0,1438.0,25.0,6005,1,0,1,Pedestrian
56,1358.0,0.0,1438.0,25.0,6006,1,0,1,Pedestrian
56,1358.0,0.0,1438.0,25.0,6007,1,0,1,Pedestrian
56,1358.0,0.0,1438.0,25.0,6008,1,0,1,Pedestrian
56,1358.0,0.0,1438.0,25.0,6009,1,0,1,Pedestrian
56,1358.0,0.0,1438.0,25.0,6010,1,0,1,Pedestrian
56,1358.0,0.0,1438.0,25.0,6011,1,0,1,Pedestrian
56,1358.0,0.0,1438.0,25.0,6012,1,0,1,Pedestrian
56,1358.0,0.0,1438.0,25.0,6013,1,0,1,Pedestrian
56,1358.0,0.0,1438.0,25.0,6014,1,0,1,Pedestrian
56,1358.0,0.0,1438.0,25.0,6015,1,0,1,Pedestrian
56,1358.0,0.0,1438.0,25.0,6016,1,0,1,Pedestrian
56,1358.0,0.0,1438.0,25.0,6017,1,0,1,Pedestrian
56,1358.0,0.0,1438.0,25.0,6018,1,0,1,Pedestrian
56,1358.0,0.0,1438.0,25.0,6019,1,0,1,Pedestrian
56,1358.0,0.0,1438.0,25.0,6020,1,0,1,Pedestrian
56,1358.0,0.0,1438.0,25.0,6021,1,0,1,Pedestrian
56,1358.0,0.0,1438.0,25.0,6022,1,0,1,Pedestrian
56,1358.0,0.0,1438.0,25.0,6023,1,0,1,Pedestrian
56,1358.0,0.0,1438.0,25.0,6024,1,0,1,Pedestrian
56,1358.0,0.0,1438.0,25.0,6025,1,0,1,Pedestrian
56,1358.0,0.0,1438.0,25.0,6026,1,0,1,Pedestrian
56,1358.0,0.0,1438.0,25.0,6027,1,0,1,Pedestrian
56,1358.0,0.0,1438.0,25.0,6028,1,0,1,Pedestrian
56,1358.0,0.0,1438.0,25.0,6029,1,0,1,Pedestrian
56,1358.0,0.0,1438.0,25.0,6030,1,0,1,Pedestrian
56,1358.0,0.0,1438.0,25.0,6031,1,0,0,Pedestrian
57,654.0,4.0,690.0,40.0,5500,1,0,0,Pedestrian
57,651.0,2.0,687.0,38.0,5501,1,0,1,Pedestrian
57,651.0,2.0,687.0,38.0,5502,1,0,1,Pedestrian
57,651.0,2.0,687.0,38.0,5503,1,0,1,Pedestrian
57,651.0,2.0,687.0,38.0,5504,1,0,1,Pedestrian
57,651.0,2.0,687.0,38.0,5505,1,0,1,Pedestrian
57,651.0,2.0,687.0,38.0,5506,1,0,1,Pedestrian
57,651.0,2.0,687.0,38.0,5507,1,0,1,Pedestrian
57,651.0,2.0,687.0,38.0,5508,1,0,1,Pedestrian
57,651.0,2.0,687.0,38.0,5509,1,0,1,Pedestrian
57,651.0,2.0,687.0,38.0,5510,1,0,1,Pedestrian
57,651.0,2.0,687.0,38.0,5511,1,0,1,Pedestrian
57,651.0,2.0,687.0,38.0,5512,1,0,1,Pedestrian
57,651.0,2.0,687.0,38.0,5513,1,0,1,Pedestrian
57,651.0,2.0,687.0,38.0,5514,1,0,1,Pedestrian
57,651.0,2.0,687.0,38.0,5515,1,0,1,Pedestrian
57,651.0,2.0,687.0,38.0,5516,1,0,1,Pedestrian
57,651.0,2.0,687.0,38.0,5517,1,0,1,Pedestrian
57,651.0,2.0,687.0,38.0,5518,1,0,1,Pedestrian
57,651.0,2.0,687.0,38.0,5519,1,0,1,Pedestrian
57,651.0,2.0,687.0,38.0,5520,1,0,1,Pedestrian
57,651.0,2.0,687.0,38.0,5521,1,0,1,Pedestrian
57,651.0,2.0,687.0,38.0,5522,1,0,1,Pedestrian
57,651.0,2.0,687.0,38.0,5523,1,0,1,Pedestrian
57,651.0,2.0,687.0,38.0,5524,1,0,1,Pedestrian
57,651.0,2.0,687.0,38.0,5525,1,0,1,Pedestrian
57,651.0,2.0,687.0,38.0,5526,1,0,1,Pedestrian
57,651.0,2.0,687.0,38.0,5527,1,0,1,Pedestrian
57,651.0,2.0,687.0,38.0,5528,1,0,1,Pedestrian
57,651.0,2.0,687.0,38.0,5529,1,0,1,Pedestrian
57,651.0,2.0,687.0,38.0,5530,1,0,1,Pedestrian
57,651.0,2.0,687.0,38.0,5531,1,0,1,Pedestrian
57,651.0,2.0,687.0,38.0,5532,1,0,1,Pedestrian
57,651.0,2.0,687.0,38.0,5533,1,0,1,Pedestrian
57,651.0,2.0,687.0,38.0,5534,1,0,1,Pedestrian
57,651.0,2.0,687.0,38.0,5535,1,0,1,Pedestrian
57,651.0,2.0,687.0,38.0,5536,1,0,1,Pedestrian
57,651.0,2.0,687.0,38.0,5537,1,0,1,Pedestrian
57,651.0,2.0,687.0,38.0,5538,1,0,1,Pedestrian
57,651.0,2.0,687.0,38.0,5539,1,0,1,Pedestrian
57,651.0,2.0,687.0,38.0,5540,1,0,1,Pedestrian
57,651.0,2.0,687.0,38.0,5541,1,0,1,Pedestrian
57,651.0,2.0,687.0,38.0,5542,1,0,1,Pedestrian
57,651.0,2.0,687.0,38.0,5543,1,0,1,Pedestrian
57,651.0,2.0,687.0,38.0,5544,1,0,1,Pedestrian
57,651.0,2.0,687.0,38.0,5545,1,0,1,Pedestrian
57,651.0,2.0,687.0,38.0,5546,1,0,1,Pedestrian
57,651.0,2.0,687.0,38.0,5547,1,0,1,Pedestrian
57,651.0,2.0,687.0,38.0,5548,1,0,1,Pedestrian
57,651.0,2.0,687.0,38.0,5549,1,0,1,Pedestrian
57,651.0,2.0,687.0,38.0,5550,1,0,1,Pedestrian
57,651.0,2.0,687.0,38.0,5551,1,0,1,Pedestrian
57,651.0,2.0,687.0,38.0,5552,1,0,1,Pedestrian
57,651.0,2.0,687.0,38.0,5553,1,0,1,Pedestrian
57,651.0,2.0,687.0,38.0,5554,1,0,1,Pedestrian
57,651.0,2.0,687.0,38.0,5555,1,0,1,Pedestrian
57,651.0,2.0,687.0,38.0,5556,1,0,1,Pedestrian
57,651.0,2.0,687.0,38.0,5557,1,0,1,Pedestrian
57,651.0,2.0,687.0,38.0,5558,1,0,1,Pedestrian
57,651.0,2.0,687.0,38.0,5559,1,0,1,Pedestrian
57,651.0,2.0,687.0,38.0,5560,1,0,1,Pedestrian
57,651.0,2.0,687.0,38.0,5561,1,0,1,Pedestrian
57,651.0,2.0,687.0,38.0,5562,1,0,1,Pedestrian
57,651.0,2.0,687.0,38.0,5563,1,0,1,Pedestrian
57,651.0,2.0,687.0,38.0,5564,1,0,1,Pedestrian
57,651.0,2.0,687.0,38.0,5565,1,0,1,Pedestrian
57,651.0,2.0,687.0,38.0,5566,1,0,1,Pedestrian
57,651.0,2.0,687.0,38.0,5567,1,0,1,Pedestrian
57,651.0,2.0,687.0,38.0,5568,1,0,1,Pedestrian
57,651.0,2.0,687.0,38.0,5569,1,0,1,Pedestrian
57,651.0,2.0,687.0,38.0,5570,1,0,1,Pedestrian
57,651.0,2.0,687.0,38.0,5571,1,0,1,Pedestrian
57,651.0,2.0,687.0,38.0,5572,1,0,1,Pedestrian
57,651.0,2.0,687.0,38.0,5573,1,0,1,Pedestrian
57,651.0,2.0,687.0,38.0,5574,1,0,1,Pedestrian
57,651.0,2.0,687.0,38.0,5575,1,0,1,Pedestrian
57,651.0,2.0,687.0,38.0,5576,1,0,1,Pedestrian
57,651.0,2.0,687.0,38.0,5577,1,0,1,Pedestrian
57,651.0,2.0,687.0,38.0,5578,1,0,1,Pedestrian
57,651.0,2.0,687.0,38.0,5579,1,0,1,Pedestrian
57,651.0,2.0,687.0,38.0,5580,1,0,1,Pedestrian
57,651.0,2.0,687.0,38.0,5581,1,0,1,Pedestrian
57,651.0,2.0,687.0,38.0,5582,1,0,1,Pedestrian
57,651.0,2.0,687.0,38.0,5583,1,0,1,Pedestrian
57,651.0,2.0,687.0,38.0,5584,1,0,1,Pedestrian
57,651.0,2.0,687.0,38.0,5585,1,0,1,Pedestrian
57,651.0,2.0,687.0,38.0,5586,1,0,1,Pedestrian
57,651.0,2.0,687.0,38.0,5587,1,0,1,Pedestrian
57,651.0,2.0,687.0,38.0,5588,1,0,1,Pedestrian
57,651.0,2.0,687.0,38.0,5589,1,0,1,Pedestrian
57,651.0,2.0,687.0,38.0,5590,1,0,1,Pedestrian
57,651.0,2.0,687.0,38.0,5591,1,0,1,Pedestrian
57,651.0,2.0,687.0,38.0,5592,1,0,1,Pedestrian
57,651.0,2.0,687.0,38.0,5593,1,0,1,Pedestrian
57,651.0,2.0,687.0,38.0,5594,1,0,1,Pedestrian
57,651.0,2.0,687.0,38.0,5595,1,0,1,Pedestrian
57,651.0,2.0,687.0,38.0,5596,1,0,1,Pedestrian
57,651.0,2.0,687.0,38.0,5597,1,0,1,Pedestrian
57,651.0,2.0,687.0,38.0,5598,1,0,1,Pedestrian
57,651.0,2.0,687.0,38.0,5599,1,0,1,Pedestrian
57,651.0,2.0,687.0,38.0,5600,1,0,1,Pedestrian
57,651.0,2.0,687.0,38.0,5601,1,0,1,Pedestrian
57,651.0,2.0,687.0,38.0,5602,1,0,1,Pedestrian
57,651.0,2.0,687.0,38.0,5603,1,0,1,Pedestrian
57,651.0,2.0,687.0,38.0,5604,1,0,1,Pedestrian
57,651.0,2.0,687.0,38.0,5605,1,0,1,Pedestrian
57,651.0,2.0,687.0,38.0,5606,1,0,1,Pedestrian
57,651.0,2.0,687.0,38.0,5607,1,0,1,Pedestrian
57,651.0,2.0,687.0,38.0,5608,1,0,1,Pedestrian
57,651.0,2.0,687.0,38.0,5609,1,0,1,Pedestrian
57,651.0,2.0,687.0,38.0,5610,1,0,1,Pedestrian
57,651.0,2.0,687.0,38.0,5611,1,0,1,Pedestrian
57,651.0,2.0,687.0,38.0,5612,1,0,1,Pedestrian
57,651.0,2.0,687.0,38.0,5613,1,0,1,Pedestrian
57,651.0,2.0,687.0,38.0,5614,1,0,1,Pedestrian
57,651.0,2.0,687.0,38.0,5615,1,0,1,Pedestrian
57,651.0,2.0,687.0,38.0,5616,1,0,1,Pedestrian
57,651.0,2.0,687.0,38.0,5617,1,0,1,Pedestrian
57,651.0,2.0,687.0,38.0,5618,1,0,1,Pedestrian
57,651.0,2.0,687.0,38.0,5619,1,0,1,Pedestrian
57,651.0,2.0,687.0,38.0,5620,1,0,1,Pedestrian
57,651.0,2.0,687.0,38.0,5621,1,0,1,Pedestrian
57,651.0,2.0,687.0,38.0,5622,1,0,1,Pedestrian
57,651.0,2.0,687.0,38.0,5623,1,0,1,Pedestrian
57,651.0,2.0,687.0,38.0,5624,1,0,1,Pedestrian
57,651.0,2.0,687.0,38.0,5625,1,0,1,Pedestrian
57,651.0,2.0,687.0,38.0,5626,1,0,1,Pedestrian
57,651.0,2.0,687.0,38.0,5627,1,0,1,Pedestrian
57,651.0,2.0,687.0,38.0,5628,1,0,1,Pedestrian
57,651.0,2.0,687.0,38.0,5629,1,0,1,Pedestrian
57,651.0,2.0,687.0,38.0,5630,1,0,1,Pedestrian
57,651.0,2.0,687.0,38.0,5631,1,0,1,Pedestrian
57,651.0,2.0,687.0,38.0,5632,1,0,1,Pedestrian
57,651.0,2.0,687.0,38.0,5633,1,0,1,Pedestrian
57,651.0,2.0,687.0,38.0,5634,1,0,1,Pedestrian
57,651.0,2.0,687.0,38.0,5635,1,0,1,Pedestrian
57,651.0,2.0,687.0,38.0,5636,1,0,1,Pedestrian
57,651.0,2.0,687.0,38.0,5637,1,0,1,Pedestrian
57,651.0,2.0,687.0,38.0,5638,1,0,1,Pedestrian
57,651.0,2.0,687.0,38.0,5639,1,0,1,Pedestrian
57,651.0,2.0,687.0,38.0,5640,1,0,1,Pedestrian
57,651.0,2.0,687.0,38.0,5641,1,0,1,Pedestrian
57,651.0,2.0,687.0,38.0,5642,1,0,1,Pedestrian
57,651.0,2.0,687.0,38.0,5643,1,0,1,Pedestrian
57,651.0,2.0,687.0,38.0,5644,1,0,1,Pedestrian
57,651.0,2.0,687.0,38.0,5645,1,0,1,Pedestrian
57,651.0,2.0,687.0,38.0,5646,1,0,1,Pedestrian
57,651.0,2.0,687.0,38.0,5647,1,0,1,Pedestrian
57,651.0,2.0,687.0,38.0,5648,1,0,1,Pedestrian
57,651.0,2.0,687.0,38.0,5649,1,0,1,Pedestrian
57,651.0,2.0,687.0,38.0,5650,1,0,1,Pedestrian
57,651.0,2.0,687.0,38.0,5651,1,0,1,Pedestrian
57,651.0,2.0,687.0,38.0,5652,1,0,1,Pedestrian
57,651.0,2.0,687.0,38.0,5653,1,0,1,Pedestrian
57,651.0,2.0,687.0,38.0,5654,1,0,1,Pedestrian
57,651.0,2.0,687.0,38.0,5655,1,0,1,Pedestrian
57,651.0,2.0,687.0,38.0,5656,1,0,1,Pedestrian
57,651.0,2.0,687.0,38.0,5657,1,0,1,Pedestrian
57,651.0,2.0,687.0,38.0,5658,1,0,1,Pedestrian
57,651.0,2.0,687.0,38.0,5659,1,0,1,Pedestrian
57,651.0,2.0,687.0,38.0,5660,1,0,1,Pedestrian
57,651.0,2.0,687.0,38.0,5661,1,0,1,Pedestrian
57,651.0,2.0,687.0,38.0,5662,1,0,1,Pedestrian
57,651.0,2.0,687.0,38.0,5663,1,0,1,Pedestrian
57,651.0,2.0,687.0,38.0,5664,1,0,1,Pedestrian
57,651.0,2.0,687.0,38.0,5665,1,0,1,Pedestrian
57,651.0,2.0,687.0,38.0,5666,1,0,1,Pedestrian
57,651.0,2.0,687.0,38.0,5667,1,0,1,Pedestrian
57,651.0,2.0,687.0,36.0,5668,1,0,1,Pedestrian
57,651.0,2.0,687.0,36.0,5669,1,0,1,Pedestrian
57,651.0,2.0,687.0,36.0,5670,1,0,1,Pedestrian
57,651.0,2.0,687.0,36.0,5671,1,0,1,Pedestrian
57,651.0,2.0,687.0,36.0,5672,1,0,1,Pedestrian
57,651.0,2.0,687.0,36.0,5673,1,0,1,Pedestrian
57,651.0,2.0,687.0,36.0,5674,1,0,1,Pedestrian
57,651.0,2.0,687.0,36.0,5675,1,0,1,Pedestrian
57,651.0,2.0,687.0,36.0,5676,1,0,1,Pedestrian
57,651.0,2.0,687.0,36.0,5677,1,0,1,Pedestrian
57,651.0,2.0,687.0,36.0,5678,1,0,1,Pedestrian
57,651.0,2.0,687.0,36.0,5679,1,0,1,Pedestrian
57,651.0,2.0,687.0,36.0,5680,1,0,1,Pedestrian
57,651.0,2.0,687.0,36.0,5681,1,0,1,Pedestrian
57,651.0,2.0,687.0,36.0,5682,1,0,1,Pedestrian
57,651.0,2.0,687.0,36.0,5683,1,0,1,Pedestrian
57,651.0,2.0,687.0,36.0,5684,1,0,1,Pedestrian
57,651.0,2.0,687.0,36.0,5685,1,0,1,Pedestrian
57,651.0,2.0,687.0,36.0,5686,1,0,1,Pedestrian
57,651.0,2.0,687.0,36.0,5687,1,0,1,Pedestrian
57,651.0,2.0,687.0,36.0,5688,1,0,1,Pedestrian
57,651.0,2.0,687.0,36.0,5689,1,0,1,Pedestrian
57,651.0,2.0,687.0,36.0,5690,1,0,1,Pedestrian
57,651.0,2.0,687.0,36.0,5691,1,0,1,Pedestrian
57,651.0,2.0,687.0,36.0,5692,1,0,1,Pedestrian
57,651.0,2.0,687.0,36.0,5693,1,0,1,Pedestrian
57,651.0,2.0,687.0,36.0,5694,1,0,1,Pedestrian
57,651.0,2.0,687.0,36.0,5695,1,0,1,Pedestrian
57,651.0,2.0,687.0,36.0,5696,1,0,1,Pedestrian
57,651.0,2.0,687.0,36.0,5697,1,0,1,Pedestrian
57,651.0,2.0,687.0,36.0,5698,1,0,1,Pedestrian
57,651.0,2.0,687.0,36.0,5699,1,0,1,Pedestrian
57,651.0,2.0,687.0,36.0,5700,1,0,1,Pedestrian
57,651.0,2.0,687.0,36.0,5701,1,0,1,Pedestrian
57,651.0,2.0,687.0,36.0,5702,1,0,1,Pedestrian
57,651.0,2.0,687.0,36.0,5703,1,0,1,Pedestrian
57,651.0,2.0,687.0,36.0,5704,1,0,1,Pedestrian
57,651.0,2.0,687.0,36.0,5705,1,0,1,Pedestrian
57,651.0,2.0,687.0,36.0,5706,1,0,1,Pedestrian
57,651.0,2.0,687.0,36.0,5707,1,0,1,Pedestrian
57,651.0,2.0,687.0,36.0,5708,1,0,1,Pedestrian
57,651.0,2.0,687.0,36.0,5709,1,0,1,Pedestrian
57,651.0,2.0,687.0,36.0,5710,1,0,1,Pedestrian
57,651.0,2.0,687.0,36.0,5711,1,0,1,Pedestrian
57,651.0,2.0,687.0,36.0,5712,1,0,1,Pedestrian
57,651.0,2.0,687.0,36.0,5713,1,0,1,Pedestrian
57,651.0,2.0,687.0,36.0,5714,1,0,1,Pedestrian
57,651.0,2.0,687.0,36.0,5715,1,0,1,Pedestrian
57,651.0,2.0,687.0,36.0,5716,1,0,1,Pedestrian
57,651.0,2.0,687.0,36.0,5717,1,0,1,Pedestrian
57,651.0,2.0,687.0,36.0,5718,1,0,1,Pedestrian
57,651.0,2.0,687.0,36.0,5719,1,0,1,Pedestrian
57,651.0,2.0,687.0,36.0,5720,1,0,1,Pedestrian
57,651.0,2.0,687.0,36.0,5721,1,0,1,Pedestrian
57,651.0,2.0,687.0,36.0,5722,1,0,1,Pedestrian
57,651.0,2.0,687.0,36.0,5723,1,0,1,Pedestrian
57,651.0,2.0,687.0,36.0,5724,1,0,1,Pedestrian
57,651.0,2.0,687.0,36.0,5725,1,0,1,Pedestrian
57,651.0,2.0,687.0,36.0,5726,1,0,1,Pedestrian
57,651.0,2.0,687.0,36.0,5727,1,0,1,Pedestrian
57,651.0,2.0,687.0,36.0,5728,1,0,1,Pedestrian
57,651.0,2.0,687.0,36.0,5729,1,0,1,Pedestrian
57,651.0,2.0,687.0,36.0,5730,1,0,1,Pedestrian
57,651.0,2.0,687.0,36.0,5731,1,0,1,Pedestrian
57,651.0,2.0,687.0,36.0,5732,1,0,1,Pedestrian
57,651.0,2.0,687.0,36.0,5733,1,0,1,Pedestrian
57,651.0,2.0,687.0,36.0,5734,1,0,1,Pedestrian
57,651.0,2.0,687.0,36.0,5735,1,0,1,Pedestrian
57,651.0,2.0,687.0,36.0,5736,1,0,1,Pedestrian
57,651.0,2.0,687.0,36.0,5737,1,0,1,Pedestrian
57,651.0,2.0,687.0,36.0,5738,1,0,1,Pedestrian
57,651.0,2.0,687.0,36.0,5739,1,0,1,Pedestrian
57,651.0,2.0,687.0,36.0,5740,1,0,1,Pedestrian
57,651.0,2.0,687.0,36.0,5741,1,0,1,Pedestrian
57,651.0,2.0,687.0,36.0,5742,1,0,1,Pedestrian
57,651.0,2.0,687.0,36.0,5743,1,0,1,Pedestrian
57,651.0,2.0,687.0,36.0,5744,1,0,1,Pedestrian
57,651.0,2.0,687.0,36.0,5745,1,0,1,Pedestrian
57,651.0,2.0,687.0,36.0,5746,1,0,1,Pedestrian
57,651.0,2.0,687.0,36.0,5747,1,0,1,Pedestrian
57,651.0,2.0,687.0,36.0,5748,1,0,1,Pedestrian
57,651.0,2.0,687.0,36.0,5749,1,0,1,Pedestrian
57,651.0,2.0,687.0,36.0,5750,1,0,1,Pedestrian
57,651.0,2.0,687.0,36.0,5751,1,0,1,Pedestrian
57,651.0,0.0,687.0,36.0,5752,1,0,1,Pedestrian
57,651.0,0.0,687.0,36.0,5753,1,0,1,Pedestrian
57,651.0,0.0,687.0,36.0,5754,1,0,1,Pedestrian
57,651.0,0.0,687.0,36.0,5755,1,0,1,Pedestrian
57,651.0,0.0,687.0,36.0,5756,1,0,1,Pedestrian
57,651.0,0.0,687.0,36.0,5757,1,0,1,Pedestrian
57,651.0,0.0,687.0,36.0,5758,1,0,1,Pedestrian
57,651.0,0.0,687.0,36.0,5759,1,0,1,Pedestrian
57,651.0,0.0,687.0,36.0,5760,1,0,1,Pedestrian
57,651.0,0.0,687.0,36.0,5761,1,0,1,Pedestrian
57,651.0,0.0,687.0,36.0,5762,1,0,1,Pedestrian
57,651.0,0.0,687.0,36.0,5763,1,0,1,Pedestrian
57,651.0,0.0,687.0,36.0,5764,1,0,1,Pedestrian
57,651.0,0.0,687.0,36.0,5765,1,0,1,Pedestrian
57,651.0,0.0,687.0,36.0,5766,1,0,1,Pedestrian
57,651.0,0.0,687.0,36.0,5767,1,0,1,Pedestrian
57,651.0,0.0,687.0,36.0,5768,1,0,1,Pedestrian
57,651.0,0.0,687.0,36.0,5769,1,0,1,Pedestrian
57,651.0,0.0,687.0,36.0,5770,1,0,1,Pedestrian
57,651.0,0.0,687.0,36.0,5771,1,0,1,Pedestrian
57,651.0,0.0,687.0,36.0,5772,1,0,1,Pedestrian
57,651.0,0.0,687.0,36.0,5773,1,0,1,Pedestrian
57,651.0,0.0,687.0,36.0,5774,1,0,1,Pedestrian
57,651.0,0.0,687.0,36.0,5775,1,0,1,Pedestrian
57,651.0,0.0,687.0,36.0,5776,1,0,1,Pedestrian
57,651.0,0.0,687.0,36.0,5777,1,0,1,Pedestrian
57,651.0,0.0,687.0,36.0,5778,1,0,1,Pedestrian
57,651.0,0.0,687.0,36.0,5779,1,0,1,Pedestrian
57,651.0,0.0,687.0,36.0,5780,1,0,1,Pedestrian
57,651.0,0.0,687.0,36.0,5781,1,0,1,Pedestrian
57,651.0,0.0,687.0,36.0,5782,1,0,1,Pedestrian
57,651.0,0.0,687.0,36.0,5783,1,0,1,Pedestrian
57,651.0,0.0,687.0,36.0,5784,1,0,1,Pedestrian
57,651.0,0.0,687.0,36.0,5785,1,0,1,Pedestrian
57,651.0,0.0,687.0,36.0,5786,1,0,1,Pedestrian
57,651.0,0.0,687.0,36.0,5787,1,0,1,Pedestrian
57,651.0,0.0,687.0,36.0,5788,1,0,1,Pedestrian
57,651.0,0.0,687.0,36.0,5789,1,0,1,Pedestrian
57,651.0,0.0,687.0,36.0,5790,1,0,1,Pedestrian
57,651.0,0.0,687.0,36.0,5791,1,0,1,Pedestrian
57,651.0,0.0,687.0,36.0,5792,1,0,1,Pedestrian
57,651.0,0.0,687.0,36.0,5793,1,0,1,Pedestrian
57,651.0,0.0,687.0,36.0,5794,1,0,1,Pedestrian
57,651.0,0.0,687.0,36.0,5795,1,0,1,Pedestrian
57,651.0,0.0,687.0,36.0,5796,1,0,1,Pedestrian
57,651.0,0.0,687.0,36.0,5797,1,0,1,Pedestrian
57,651.0,0.0,687.0,36.0,5798,1,0,1,Pedestrian
57,651.0,0.0,687.0,36.0,5799,1,0,1,Pedestrian
57,651.0,0.0,687.0,36.0,5800,1,0,1,Pedestrian
57,651.0,0.0,687.0,36.0,5801,1,0,1,Pedestrian
57,651.0,0.0,687.0,36.0,5802,1,0,1,Pedestrian
57,651.0,0.0,687.0,36.0,5803,1,0,1,Pedestrian
57,651.0,0.0,687.0,36.0,5804,1,0,1,Pedestrian
57,651.0,0.0,687.0,36.0,5805,1,0,1,Pedestrian
57,651.0,0.0,687.0,36.0,5806,1,0,1,Pedestrian
57,651.0,0.0,687.0,36.0,5807,1,0,1,Pedestrian
57,651.0,0.0,687.0,36.0,5808,1,0,1,Pedestrian
57,651.0,0.0,687.0,36.0,5809,1,0,1,Pedestrian
57,651.0,0.0,687.0,36.0,5810,1,0,1,Pedestrian
57,651.0,0.0,687.0,36.0,5811,1,0,1,Pedestrian
57,651.0,0.0,687.0,36.0,5812,1,0,1,Pedestrian
57,651.0,0.0,687.0,36.0,5813,1,0,1,Pedestrian
57,651.0,0.0,687.0,36.0,5814,1,0,1,Pedestrian
57,651.0,0.0,687.0,36.0,5815,1,0,1,Pedestrian
57,651.0,0.0,687.0,36.0,5816,1,0,1,Pedestrian
57,651.0,0.0,687.0,36.0,5817,1,0,1,Pedestrian
57,651.0,0.0,687.0,36.0,5818,1,0,1,Pedestrian
57,651.0,0.0,687.0,36.0,5819,1,0,1,Pedestrian
57,651.0,0.0,687.0,36.0,5820,1,0,1,Pedestrian
57,651.0,0.0,687.0,36.0,5821,1,0,1,Pedestrian
57,651.0,0.0,687.0,36.0,5822,1,0,1,Pedestrian
57,651.0,0.0,687.0,36.0,5823,1,0,1,Pedestrian
57,651.0,0.0,687.0,36.0,5824,1,0,1,Pedestrian
57,651.0,0.0,687.0,36.0,5825,1,0,1,Pedestrian
57,651.0,0.0,687.0,36.0,5826,1,0,1,Pedestrian
57,651.0,0.0,687.0,36.0,5827,1,0,1,Pedestrian
57,651.0,0.0,687.0,36.0,5828,1,0,1,Pedestrian
57,651.0,0.0,687.0,36.0,5829,1,0,1,Pedestrian
57,651.0,0.0,687.0,36.0,5830,1,0,1,Pedestrian
57,651.0,0.0,687.0,36.0,5831,1,0,1,Pedestrian
57,651.0,0.0,687.0,36.0,5832,1,0,1,Pedestrian
57,651.0,0.0,687.0,36.0,5833,1,0,1,Pedestrian
57,651.0,0.0,687.0,36.0,5834,1,0,1,Pedestrian
57,651.0,0.0,687.0,34.0,5835,1,0,1,Pedestrian
57,651.0,0.0,687.0,34.0,5836,1,0,1,Pedestrian
57,651.0,0.0,687.0,34.0,5837,1,0,1,Pedestrian
57,651.0,0.0,687.0,34.0,5838,1,0,1,Pedestrian
57,651.0,0.0,687.0,34.0,5839,1,0,1,Pedestrian
57,651.0,0.0,687.0,34.0,5840,1,0,1,Pedestrian
57,651.0,0.0,687.0,34.0,5841,1,0,1,Pedestrian
57,651.0,0.0,687.0,34.0,5842,1,0,1,Pedestrian
57,651.0,0.0,687.0,34.0,5843,1,0,1,Pedestrian
57,651.0,0.0,687.0,34.0,5844,1,0,1,Pedestrian
57,651.0,0.0,687.0,34.0,5845,1,0,1,Pedestrian
57,651.0,0.0,687.0,34.0,5846,1,0,1,Pedestrian
57,651.0,0.0,687.0,34.0,5847,1,0,1,Pedestrian
57,651.0,0.0,687.0,34.0,5848,1,0,1,Pedestrian
57,651.0,0.0,687.0,34.0,5849,1,0,1,Pedestrian
57,651.0,0.0,687.0,34.0,5850,1,0,1,Pedestrian
57,651.0,0.0,687.0,34.0,5851,1,0,1,Pedestrian
57,651.0,0.0,687.0,34.0,5852,1,0,1,Pedestrian
57,651.0,0.0,687.0,34.0,5853,1,0,1,Pedestrian
57,651.0,0.0,687.0,34.0,5854,1,0,1,Pedestrian
57,651.0,0.0,687.0,34.0,5855,1,0,1,Pedestrian
57,651.0,0.0,687.0,34.0,5856,1,0,1,Pedestrian
57,651.0,0.0,687.0,34.0,5857,1,0,1,Pedestrian
57,651.0,0.0,687.0,34.0,5858,1,0,1,Pedestrian
57,651.0,0.0,687.0,34.0,5859,1,0,1,Pedestrian
57,651.0,0.0,687.0,34.0,5860,1,0,1,Pedestrian
57,651.0,0.0,687.0,34.0,5861,1,0,1,Pedestrian
57,651.0,0.0,687.0,34.0,5862,1,0,1,Pedestrian
57,651.0,0.0,687.0,34.0,5863,1,0,1,Pedestrian
57,651.0,0.0,687.0,34.0,5864,1,0,1,Pedestrian
57,651.0,0.0,687.0,34.0,5865,1,0,1,Pedestrian
57,651.0,0.0,687.0,34.0,5866,1,0,1,Pedestrian
57,651.0,0.0,687.0,34.0,5867,1,0,1,Pedestrian
57,651.0,0.0,687.0,34.0,5868,1,0,1,Pedestrian
57,651.0,0.0,687.0,34.0,5869,1,0,1,Pedestrian
57,651.0,0.0,687.0,34.0,5870,1,0,1,Pedestrian
57,651.0,0.0,687.0,34.0,5871,1,0,1,Pedestrian
57,651.0,0.0,687.0,34.0,5872,1,0,1,Pedestrian
57,651.0,0.0,687.0,34.0,5873,1,0,1,Pedestrian
57,651.0,0.0,687.0,34.0,5874,1,0,1,Pedestrian
57,651.0,0.0,687.0,34.0,5875,1,0,1,Pedestrian
57,651.0,0.0,687.0,34.0,5876,1,0,1,Pedestrian
57,651.0,0.0,687.0,34.0,5877,1,0,1,Pedestrian
57,651.0,0.0,687.0,34.0,5878,1,0,1,Pedestrian
57,651.0,0.0,687.0,34.0,5879,1,0,1,Pedestrian
57,651.0,0.0,687.0,34.0,5880,1,0,1,Pedestrian
57,651.0,0.0,687.0,34.0,5881,1,0,1,Pedestrian
57,651.0,0.0,687.0,34.0,5882,1,0,1,Pedestrian
57,651.0,0.0,687.0,34.0,5883,1,0,1,Pedestrian
57,651.0,0.0,687.0,34.0,5884,1,0,1,Pedestrian
57,651.0,0.0,687.0,34.0,5885,1,0,1,Pedestrian
57,651.0,0.0,687.0,34.0,5886,1,0,1,Pedestrian
57,651.0,0.0,687.0,34.0,5887,1,0,1,Pedestrian
57,651.0,0.0,687.0,34.0,5888,1,0,1,Pedestrian
57,651.0,0.0,687.0,34.0,5889,1,0,1,Pedestrian
57,651.0,0.0,687.0,34.0,5890,1,0,1,Pedestrian
57,651.0,0.0,687.0,34.0,5891,1,0,1,Pedestrian
57,651.0,0.0,687.0,34.0,5892,1,0,1,Pedestrian
57,651.0,0.0,687.0,34.0,5893,1,0,1,Pedestrian
57,651.0,0.0,687.0,34.0,5894,1,0,1,Pedestrian
57,651.0,0.0,687.0,34.0,5895,1,0,1,Pedestrian
57,651.0,0.0,687.0,34.0,5896,1,0,1,Pedestrian
57,651.0,0.0,687.0,34.0,5897,1,0,1,Pedestrian
57,651.0,0.0,687.0,34.0,5898,1,0,1,Pedestrian
57,651.0,0.0,687.0,34.0,5899,1,0,1,Pedestrian
57,651.0,0.0,687.0,34.0,5900,1,0,1,Pedestrian
57,651.0,0.0,687.0,34.0,5901,1,0,1,Pedestrian
57,651.0,0.0,687.0,34.0,5902,1,0,1,Pedestrian
57,651.0,0.0,687.0,34.0,5903,1,0,1,Pedestrian
57,651.0,0.0,687.0,34.0,5904,1,0,1,Pedestrian
57,651.0,0.0,687.0,34.0,5905,1,0,1,Pedestrian
57,651.0,0.0,687.0,34.0,5906,1,0,1,Pedestrian
57,651.0,0.0,687.0,34.0,5907,1,0,1,Pedestrian
57,651.0,0.0,687.0,34.0,5908,1,0,1,Pedestrian
57,651.0,0.0,687.0,34.0,5909,1,0,1,Pedestrian
57,651.0,0.0,687.0,34.0,5910,1,0,1,Pedestrian
57,651.0,0.0,687.0,34.0,5911,1,0,1,Pedestrian
57,651.0,0.0,687.0,34.0,5912,1,0,1,Pedestrian
57,651.0,0.0,687.0,34.0,5913,1,0,1,Pedestrian
57,651.0,0.0,687.0,34.0,5914,1,0,1,Pedestrian
57,651.0,0.0,687.0,34.0,5915,1,0,1,Pedestrian
57,651.0,0.0,687.0,34.0,5916,1,0,1,Pedestrian
57,651.0,0.0,687.0,34.0,5917,1,0,1,Pedestrian
57,651.0,0.0,687.0,34.0,5918,1,0,1,Pedestrian
57,651.0,0.0,687.0,34.0,5919,1,0,1,Pedestrian
57,651.0,0.0,687.0,34.0,5920,1,0,1,Pedestrian
57,651.0,0.0,687.0,34.0,5921,1,0,1,Pedestrian
57,651.0,0.0,687.0,34.0,5922,1,0,1,Pedestrian
57,651.0,0.0,687.0,34.0,5923,1,0,1,Pedestrian
57,651.0,0.0,687.0,34.0,5924,1,0,1,Pedestrian
57,651.0,0.0,687.0,34.0,5925,1,0,1,Pedestrian
57,651.0,0.0,687.0,34.0,5926,1,0,1,Pedestrian
57,651.0,0.0,687.0,34.0,5927,1,0,1,Pedestrian
57,651.0,0.0,687.0,34.0,5928,1,0,1,Pedestrian
57,651.0,0.0,687.0,34.0,5929,1,0,1,Pedestrian
57,651.0,0.0,687.0,34.0,5930,1,0,1,Pedestrian
57,651.0,0.0,687.0,34.0,5931,1,0,1,Pedestrian
57,651.0,0.0,687.0,34.0,5932,1,0,1,Pedestrian
57,651.0,0.0,687.0,34.0,5933,1,0,1,Pedestrian
57,651.0,0.0,687.0,34.0,5934,1,0,1,Pedestrian
57,651.0,0.0,687.0,34.0,5935,1,0,1,Pedestrian
57,651.0,0.0,687.0,34.0,5936,1,0,1,Pedestrian
57,651.0,0.0,687.0,34.0,5937,1,0,1,Pedestrian
57,651.0,0.0,687.0,34.0,5938,1,0,1,Pedestrian
57,651.0,0.0,687.0,34.0,5939,1,0,1,Pedestrian
57,651.0,0.0,687.0,34.0,5940,1,0,1,Pedestrian
57,651.0,0.0,687.0,34.0,5941,1,0,1,Pedestrian
57,651.0,0.0,687.0,34.0,5942,1,0,1,Pedestrian
57,651.0,0.0,687.0,34.0,5943,1,0,1,Pedestrian
57,651.0,0.0,687.0,34.0,5944,1,0,1,Pedestrian
57,651.0,0.0,687.0,34.0,5945,1,0,1,Pedestrian
57,651.0,0.0,687.0,34.0,5946,1,0,1,Pedestrian
57,651.0,0.0,687.0,34.0,5947,1,0,1,Pedestrian
57,651.0,0.0,687.0,34.0,5948,1,0,1,Pedestrian
57,651.0,0.0,687.0,34.0,5949,1,0,1,Pedestrian
57,651.0,0.0,687.0,34.0,5950,1,0,1,Pedestrian
57,651.0,0.0,687.0,34.0,5951,1,0,1,Pedestrian
57,651.0,0.0,687.0,34.0,5952,1,0,1,Pedestrian
57,651.0,0.0,687.0,34.0,5953,1,0,1,Pedestrian
57,651.0,0.0,687.0,34.0,5954,1,0,1,Pedestrian
57,651.0,0.0,687.0,34.0,5955,1,0,1,Pedestrian
57,651.0,0.0,687.0,34.0,5956,1,0,1,Pedestrian
57,651.0,0.0,687.0,34.0,5957,1,0,1,Pedestrian
57,651.0,0.0,687.0,34.0,5958,1,0,1,Pedestrian
57,651.0,0.0,687.0,34.0,5959,1,0,1,Pedestrian
57,651.0,0.0,687.0,34.0,5960,1,0,1,Pedestrian
57,651.0,0.0,687.0,34.0,5961,1,0,1,Pedestrian
57,651.0,0.0,687.0,34.0,5962,1,0,1,Pedestrian
57,651.0,0.0,687.0,34.0,5963,1,0,1,Pedestrian
57,651.0,0.0,687.0,34.0,5964,1,0,1,Pedestrian
57,651.0,0.0,687.0,34.0,5965,1,0,1,Pedestrian
57,651.0,0.0,687.0,34.0,5966,1,0,1,Pedestrian
57,651.0,0.0,687.0,34.0,5967,1,0,1,Pedestrian
57,651.0,0.0,687.0,34.0,5968,1,0,1,Pedestrian
57,651.0,0.0,687.0,34.0,5969,1,0,1,Pedestrian
57,651.0,0.0,687.0,34.0,5970,1,0,1,Pedestrian
57,651.0,0.0,687.0,34.0,5971,1,0,1,Pedestrian
57,651.0,0.0,687.0,34.0,5972,1,0,1,Pedestrian
57,651.0,0.0,687.0,34.0,5973,1,0,1,Pedestrian
57,651.0,0.0,687.0,34.0,5974,1,0,1,Pedestrian
57,651.0,0.0,687.0,34.0,5975,1,0,1,Pedestrian
57,651.0,0.0,687.0,34.0,5976,1,0,1,Pedestrian
57,651.0,0.0,687.0,34.0,5977,1,0,1,Pedestrian
57,651.0,0.0,687.0,34.0,5978,1,0,1,Pedestrian
57,651.0,0.0,687.0,34.0,5979,1,0,1,Pedestrian
57,651.0,0.0,687.0,34.0,5980,1,0,1,Pedestrian
57,651.0,0.0,687.0,34.0,5981,1,0,1,Pedestrian
57,651.0,0.0,687.0,34.0,5982,1,0,1,Pedestrian
57,651.0,0.0,687.0,34.0,5983,1,0,1,Pedestrian
57,651.0,0.0,687.0,34.0,5984,1,0,1,Pedestrian
57,651.0,0.0,687.0,34.0,5985,1,0,1,Pedestrian
57,651.0,0.0,687.0,34.0,5986,1,0,1,Pedestrian
57,651.0,0.0,687.0,34.0,5987,1,0,1,Pedestrian
57,651.0,0.0,687.0,34.0,5988,1,0,1,Pedestrian
57,651.0,0.0,687.0,34.0,5989,1,0,1,Pedestrian
57,651.0,0.0,687.0,34.0,5990,1,0,1,Pedestrian
57,651.0,0.0,687.0,34.0,5991,1,0,1,Pedestrian
57,651.0,0.0,687.0,34.0,5992,1,0,1,Pedestrian
57,651.0,0.0,687.0,34.0,5993,1,0,1,Pedestrian
57,651.0,0.0,687.0,34.0,5994,1,0,1,Pedestrian
57,651.0,0.0,687.0,34.0,5995,1,0,1,Pedestrian
57,651.0,0.0,687.0,34.0,5996,1,0,1,Pedestrian
57,651.0,0.0,687.0,34.0,5997,1,0,1,Pedestrian
57,651.0,0.0,687.0,34.0,5998,1,0,1,Pedestrian
57,651.0,0.0,687.0,34.0,5999,1,0,1,Pedestrian
57,651.0,0.0,687.0,34.0,6000,1,0,1,Pedestrian
57,651.0,0.0,687.0,34.0,6001,1,0,1,Pedestrian
57,651.0,0.0,687.0,34.0,6002,0,0,0,Pedestrian
57,649.0,0.0,684.0,34.0,6003,0,0,1,Pedestrian
57,649.0,0.0,684.0,34.0,6004,0,0,1,Pedestrian
57,649.0,0.0,684.0,34.0,6005,0,0,1,Pedestrian
57,649.0,0.0,684.0,34.0,6006,0,0,1,Pedestrian
57,649.0,0.0,684.0,34.0,6007,0,0,1,Pedestrian
57,649.0,0.0,684.0,34.0,6008,0,0,1,Pedestrian
57,649.0,0.0,684.0,34.0,6009,0,0,1,Pedestrian
57,646.0,0.0,682.0,34.0,6010,0,0,1,Pedestrian
57,646.0,0.0,682.0,34.0,6011,0,0,1,Pedestrian
57,646.0,0.0,682.0,34.0,6012,0,0,1,Pedestrian
57,646.0,0.0,682.0,34.0,6013,0,0,1,Pedestrian
57,646.0,0.0,682.0,34.0,6014,0,0,1,Pedestrian
57,646.0,0.0,682.0,34.0,6015,0,0,1,Pedestrian
57,646.0,0.0,682.0,34.0,6016,0,0,1,Pedestrian
57,643.0,0.0,679.0,34.0,6017,0,0,1,Pedestrian
57,643.0,0.0,679.0,34.0,6018,0,0,1,Pedestrian
57,643.0,0.0,679.0,34.0,6019,0,0,1,Pedestrian
57,643.0,0.0,679.0,34.0,6020,0,0,1,Pedestrian
57,643.0,0.0,679.0,34.0,6021,0,0,1,Pedestrian
57,643.0,0.0,679.0,34.0,6022,0,0,1,Pedestrian
57,643.0,0.0,679.0,34.0,6023,0,0,1,Pedestrian
57,640.0,0.0,676.0,34.0,6024,0,0,1,Pedestrian
57,640.0,0.0,676.0,34.0,6025,0,0,1,Pedestrian
57,640.0,0.0,676.0,34.0,6026,0,0,1,Pedestrian
57,640.0,0.0,676.0,34.0,6027,0,0,1,Pedestrian
57,640.0,0.0,676.0,34.0,6028,0,0,1,Pedestrian
57,640.0,0.0,676.0,34.0,6029,0,0,1,Pedestrian
57,640.0,0.0,676.0,34.0,6030,0,0,1,Pedestrian
57,640.0,2.0,676.0,36.0,6031,0,0,0,Pedestrian
58,690.0,11.0,731.0,43.0,5500,1,0,0,Pedestrian
58,687.0,9.0,728.0,40.0,5501,1,0,1,Pedestrian
58,687.0,9.0,728.0,40.0,5502,1,0,1,Pedestrian
58,687.0,9.0,728.0,40.0,5503,1,0,1,Pedestrian
58,687.0,9.0,728.0,40.0,5504,1,0,1,Pedestrian
58,687.0,9.0,728.0,40.0,5505,1,0,1,Pedestrian
58,687.0,9.0,728.0,40.0,5506,1,0,1,Pedestrian
58,687.0,9.0,728.0,40.0,5507,1,0,1,Pedestrian
58,687.0,9.0,728.0,40.0,5508,1,0,1,Pedestrian
58,687.0,9.0,728.0,40.0,5509,1,0,1,Pedestrian
58,687.0,9.0,728.0,40.0,5510,1,0,1,Pedestrian
58,687.0,9.0,728.0,40.0,5511,1,0,1,Pedestrian
58,687.0,9.0,728.0,40.0,5512,1,0,1,Pedestrian
58,687.0,9.0,728.0,40.0,5513,1,0,1,Pedestrian
58,687.0,9.0,728.0,40.0,5514,1,0,1,Pedestrian
58,687.0,9.0,728.0,40.0,5515,1,0,1,Pedestrian
58,687.0,9.0,728.0,40.0,5516,1,0,1,Pedestrian
58,687.0,9.0,728.0,40.0,5517,1,0,1,Pedestrian
58,687.0,9.0,728.0,40.0,5518,1,0,1,Pedestrian
58,687.0,9.0,728.0,40.0,5519,1,0,1,Pedestrian
58,687.0,9.0,728.0,40.0,5520,1,0,1,Pedestrian
58,687.0,9.0,728.0,40.0,5521,1,0,1,Pedestrian
58,687.0,9.0,728.0,40.0,5522,1,0,1,Pedestrian
58,687.0,9.0,728.0,40.0,5523,1,0,1,Pedestrian
58,687.0,9.0,728.0,40.0,5524,1,0,1,Pedestrian
58,687.0,9.0,728.0,40.0,5525,1,0,1,Pedestrian
58,687.0,9.0,728.0,40.0,5526,1,0,1,Pedestrian
58,687.0,9.0,728.0,40.0,5527,1,0,1,Pedestrian
58,687.0,9.0,728.0,40.0,5528,1,0,1,Pedestrian
58,687.0,9.0,728.0,40.0,5529,1,0,1,Pedestrian
58,687.0,9.0,728.0,40.0,5530,1,0,1,Pedestrian
58,687.0,9.0,728.0,40.0,5531,1,0,1,Pedestrian
58,687.0,9.0,728.0,40.0,5532,1,0,1,Pedestrian
58,687.0,9.0,728.0,40.0,5533,1,0,1,Pedestrian
58,687.0,9.0,728.0,40.0,5534,1,0,1,Pedestrian
58,687.0,9.0,728.0,40.0,5535,1,0,1,Pedestrian
58,687.0,9.0,728.0,40.0,5536,1,0,1,Pedestrian
58,687.0,9.0,728.0,40.0,5537,1,0,1,Pedestrian
58,687.0,9.0,728.0,40.0,5538,1,0,1,Pedestrian
58,687.0,9.0,728.0,40.0,5539,1,0,1,Pedestrian
58,687.0,9.0,728.0,40.0,5540,1,0,1,Pedestrian
58,687.0,9.0,728.0,40.0,5541,1,0,1,Pedestrian
58,687.0,9.0,728.0,40.0,5542,1,0,1,Pedestrian
58,687.0,9.0,728.0,40.0,5543,1,0,1,Pedestrian
58,687.0,9.0,728.0,40.0,5544,1,0,1,Pedestrian
58,687.0,9.0,728.0,40.0,5545,1,0,1,Pedestrian
58,687.0,9.0,728.0,40.0,5546,1,0,1,Pedestrian
58,687.0,9.0,728.0,40.0,5547,1,0,1,Pedestrian
58,687.0,9.0,728.0,40.0,5548,1,0,1,Pedestrian
58,687.0,9.0,728.0,40.0,5549,1,0,1,Pedestrian
58,687.0,9.0,728.0,40.0,5550,1,0,1,Pedestrian
58,687.0,9.0,728.0,40.0,5551,1,0,1,Pedestrian
58,687.0,9.0,728.0,40.0,5552,1,0,1,Pedestrian
58,687.0,9.0,728.0,40.0,5553,1,0,1,Pedestrian
58,687.0,9.0,728.0,40.0,5554,1,0,1,Pedestrian
58,687.0,9.0,728.0,40.0,5555,1,0,1,Pedestrian
58,687.0,9.0,728.0,40.0,5556,1,0,1,Pedestrian
58,687.0,9.0,728.0,40.0,5557,1,0,1,Pedestrian
58,687.0,9.0,728.0,40.0,5558,1,0,1,Pedestrian
58,687.0,9.0,728.0,40.0,5559,1,0,1,Pedestrian
58,687.0,9.0,728.0,40.0,5560,1,0,1,Pedestrian
58,687.0,9.0,728.0,40.0,5561,1,0,1,Pedestrian
58,687.0,9.0,728.0,40.0,5562,1,0,1,Pedestrian
58,687.0,9.0,728.0,40.0,5563,1,0,1,Pedestrian
58,687.0,9.0,728.0,40.0,5564,1,0,1,Pedestrian
58,687.0,9.0,728.0,40.0,5565,1,0,1,Pedestrian
58,687.0,9.0,728.0,40.0,5566,1,0,1,Pedestrian
58,687.0,9.0,728.0,40.0,5567,1,0,1,Pedestrian
58,687.0,9.0,728.0,40.0,5568,1,0,1,Pedestrian
58,687.0,9.0,728.0,40.0,5569,1,0,1,Pedestrian
58,687.0,9.0,728.0,40.0,5570,1,0,1,Pedestrian
58,687.0,9.0,728.0,40.0,5571,1,0,1,Pedestrian
58,687.0,9.0,728.0,40.0,5572,1,0,1,Pedestrian
58,687.0,9.0,728.0,38.0,5573,1,0,1,Pedestrian
58,687.0,9.0,728.0,38.0,5574,1,0,1,Pedestrian
58,687.0,9.0,728.0,38.0,5575,1,0,1,Pedestrian
58,687.0,9.0,728.0,38.0,5576,1,0,1,Pedestrian
58,687.0,9.0,728.0,38.0,5577,1,0,1,Pedestrian
58,687.0,9.0,728.0,38.0,5578,1,0,1,Pedestrian
58,687.0,9.0,728.0,38.0,5579,1,0,1,Pedestrian
58,687.0,9.0,728.0,38.0,5580,1,0,1,Pedestrian
58,687.0,9.0,728.0,38.0,5581,1,0,1,Pedestrian
58,687.0,9.0,728.0,38.0,5582,1,0,1,Pedestrian
58,687.0,9.0,728.0,38.0,5583,1,0,1,Pedestrian
58,687.0,9.0,728.0,38.0,5584,1,0,1,Pedestrian
58,687.0,9.0,728.0,38.0,5585,1,0,1,Pedestrian
58,687.0,9.0,728.0,38.0,5586,1,0,1,Pedestrian
58,687.0,9.0,728.0,38.0,5587,1,0,1,Pedestrian
58,687.0,9.0,728.0,38.0,5588,1,0,1,Pedestrian
58,687.0,9.0,728.0,38.0,5589,1,0,1,Pedestrian
58,687.0,9.0,728.0,38.0,5590,1,0,1,Pedestrian
58,687.0,9.0,728.0,38.0,5591,1,0,1,Pedestrian
58,687.0,9.0,728.0,38.0,5592,1,0,1,Pedestrian
58,687.0,9.0,728.0,38.0,5593,1,0,1,Pedestrian
58,687.0,9.0,728.0,38.0,5594,1,0,1,Pedestrian
58,687.0,9.0,728.0,38.0,5595,1,0,1,Pedestrian
58,687.0,9.0,728.0,38.0,5596,1,0,1,Pedestrian
58,687.0,9.0,728.0,38.0,5597,1,0,1,Pedestrian
58,687.0,9.0,728.0,38.0,5598,1,0,1,Pedestrian
58,687.0,9.0,728.0,38.0,5599,1,0,1,Pedestrian
58,687.0,9.0,728.0,38.0,5600,1,0,1,Pedestrian
58,687.0,9.0,728.0,38.0,5601,1,0,1,Pedestrian
58,687.0,6.0,728.0,38.0,5602,1,0,1,Pedestrian
58,687.0,6.0,728.0,38.0,5603,1,0,1,Pedestrian
58,687.0,6.0,728.0,38.0,5604,1,0,1,Pedestrian
58,687.0,6.0,728.0,38.0,5605,1,0,1,Pedestrian
58,687.0,6.0,728.0,38.0,5606,1,0,1,Pedestrian
58,687.0,6.0,728.0,38.0,5607,1,0,1,Pedestrian
58,687.0,6.0,728.0,38.0,5608,1,0,1,Pedestrian
58,687.0,6.0,728.0,38.0,5609,1,0,1,Pedestrian
58,687.0,6.0,728.0,38.0,5610,1,0,1,Pedestrian
58,687.0,6.0,728.0,38.0,5611,1,0,1,Pedestrian
58,687.0,6.0,728.0,38.0,5612,1,0,1,Pedestrian
58,687.0,6.0,728.0,38.0,5613,1,0,1,Pedestrian
58,687.0,6.0,728.0,38.0,5614,1,0,1,Pedestrian
58,687.0,6.0,728.0,38.0,5615,1,0,1,Pedestrian
58,687.0,6.0,728.0,38.0,5616,1,0,1,Pedestrian
58,687.0,6.0,728.0,38.0,5617,1,0,1,Pedestrian
58,687.0,6.0,728.0,38.0,5618,1,0,1,Pedestrian
58,687.0,6.0,728.0,38.0,5619,1,0,1,Pedestrian
58,687.0,6.0,728.0,38.0,5620,1,0,1,Pedestrian
58,687.0,6.0,728.0,38.0,5621,1,0,1,Pedestrian
58,687.0,6.0,728.0,38.0,5622,1,0,1,Pedestrian
58,687.0,6.0,728.0,38.0,5623,1,0,1,Pedestrian
58,687.0,6.0,728.0,38.0,5624,1,0,1,Pedestrian
58,687.0,6.0,728.0,38.0,5625,1,0,1,Pedestrian
58,687.0,6.0,728.0,38.0,5626,1,0,1,Pedestrian
58,687.0,6.0,728.0,38.0,5627,1,0,1,Pedestrian
58,687.0,6.0,728.0,38.0,5628,1,0,1,Pedestrian
58,687.0,6.0,728.0,38.0,5629,1,0,1,Pedestrian
58,687.0,6.0,728.0,38.0,5630,1,0,1,Pedestrian
58,687.0,6.0,728.0,38.0,5631,1,0,1,Pedestrian
58,687.0,6.0,728.0,38.0,5632,1,0,1,Pedestrian
58,687.0,6.0,728.0,38.0,5633,1,0,1,Pedestrian
58,687.0,6.0,728.0,38.0,5634,1,0,1,Pedestrian
58,687.0,6.0,728.0,38.0,5635,1,0,1,Pedestrian
58,687.0,6.0,728.0,38.0,5636,1,0,1,Pedestrian
58,687.0,6.0,728.0,38.0,5637,1,0,1,Pedestrian
58,687.0,6.0,728.0,38.0,5638,1,0,1,Pedestrian
58,687.0,6.0,728.0,38.0,5639,1,0,1,Pedestrian
58,687.0,6.0,728.0,38.0,5640,1,0,1,Pedestrian
58,687.0,6.0,728.0,38.0,5641,1,0,1,Pedestrian
58,687.0,6.0,728.0,38.0,5642,1,0,1,Pedestrian
58,687.0,6.0,728.0,38.0,5643,1,0,1,Pedestrian
58,687.0,6.0,728.0,38.0,5644,1,0,1,Pedestrian
58,687.0,6.0,728.0,36.0,5645,1,0,1,Pedestrian
58,687.0,6.0,728.0,36.0,5646,1,0,1,Pedestrian
58,687.0,6.0,728.0,36.0,5647,1,0,1,Pedestrian
58,687.0,6.0,728.0,36.0,5648,1,0,1,Pedestrian
58,687.0,6.0,728.0,36.0,5649,1,0,1,Pedestrian
58,687.0,6.0,728.0,36.0,5650,1,0,1,Pedestrian
58,687.0,6.0,728.0,36.0,5651,1,0,1,Pedestrian
58,687.0,6.0,728.0,36.0,5652,1,0,1,Pedestrian
58,687.0,6.0,728.0,36.0,5653,1,0,1,Pedestrian
58,687.0,6.0,728.0,36.0,5654,1,0,1,Pedestrian
58,687.0,6.0,728.0,36.0,5655,1,0,1,Pedestrian
58,687.0,6.0,728.0,36.0,5656,1,0,1,Pedestrian
58,687.0,6.0,728.0,36.0,5657,1,0,1,Pedestrian
58,687.0,6.0,728.0,36.0,5658,1,0,1,Pedestrian
58,687.0,6.0,728.0,36.0,5659,1,0,1,Pedestrian
58,687.0,6.0,728.0,36.0,5660,1,0,1,Pedestrian
58,687.0,6.0,728.0,36.0,5661,1,0,1,Pedestrian
58,687.0,6.0,728.0,36.0,5662,1,0,1,Pedestrian
58,687.0,6.0,728.0,36.0,5663,1,0,1,Pedestrian
58,687.0,6.0,728.0,36.0,5664,1,0,1,Pedestrian
58,687.0,6.0,728.0,36.0,5665,1,0,1,Pedestrian
58,687.0,6.0,728.0,36.0,5666,1,0,1,Pedestrian
58,687.0,6.0,728.0,36.0,5667,1,0,1,Pedestrian
58,687.0,6.0,728.0,36.0,5668,1,0,1,Pedestrian
58,687.0,6.0,728.0,36.0,5669,1,0,1,Pedestrian
58,684.0,6.0,726.0,36.0,5670,1,0,1,Pedestrian
58,684.0,6.0,726.0,36.0,5671,1,0,1,Pedestrian
58,684.0,6.0,726.0,36.0,5672,1,0,1,Pedestrian
58,684.0,6.0,726.0,36.0,5673,1,0,1,Pedestrian
58,684.0,6.0,726.0,36.0,5674,1,0,1,Pedestrian
58,684.0,6.0,726.0,36.0,5675,1,0,1,Pedestrian
58,684.0,6.0,726.0,36.0,5676,1,0,1,Pedestrian
58,684.0,6.0,726.0,36.0,5677,1,0,1,Pedestrian
58,684.0,6.0,726.0,36.0,5678,1,0,1,Pedestrian
58,684.0,6.0,726.0,36.0,5679,1,0,1,Pedestrian
58,684.0,6.0,726.0,36.0,5680,1,0,1,Pedestrian
58,684.0,6.0,726.0,36.0,5681,1,0,1,Pedestrian
58,684.0,6.0,726.0,36.0,5682,1,0,1,Pedestrian
58,684.0,6.0,726.0,36.0,5683,1,0,1,Pedestrian
58,684.0,6.0,726.0,36.0,5684,1,0,1,Pedestrian
58,684.0,6.0,726.0,36.0,5685,1,0,1,Pedestrian
58,684.0,6.0,726.0,36.0,5686,1,0,1,Pedestrian
58,684.0,6.0,726.0,36.0,5687,1,0,1,Pedestrian
58,684.0,6.0,726.0,36.0,5688,1,0,1,Pedestrian
58,684.0,6.0,726.0,36.0,5689,1,0,1,Pedestrian
58,684.0,6.0,726.0,36.0,5690,1,0,1,Pedestrian
58,684.0,6.0,726.0,36.0,5691,1,0,1,Pedestrian
58,684.0,6.0,726.0,36.0,5692,1,0,1,Pedestrian
58,684.0,6.0,726.0,36.0,5693,1,0,1,Pedestrian
58,684.0,6.0,726.0,36.0,5694,1,0,1,Pedestrian
58,684.0,6.0,726.0,36.0,5695,1,0,1,Pedestrian
58,684.0,6.0,726.0,36.0,5696,1,0,1,Pedestrian
58,684.0,6.0,726.0,36.0,5697,1,0,1,Pedestrian
58,684.0,6.0,726.0,36.0,5698,1,0,1,Pedestrian
58,684.0,6.0,726.0,36.0,5699,1,0,1,Pedestrian
58,684.0,6.0,726.0,36.0,5700,1,0,1,Pedestrian
58,684.0,6.0,726.0,36.0,5701,1,0,1,Pedestrian
58,684.0,6.0,726.0,36.0,5702,1,0,1,Pedestrian
58,684.0,4.0,726.0,36.0,5703,1,0,1,Pedestrian
58,684.0,4.0,726.0,36.0,5704,1,0,1,Pedestrian
58,684.0,4.0,726.0,36.0,5705,1,0,1,Pedestrian
58,684.0,4.0,726.0,36.0,5706,1,0,1,Pedestrian
58,684.0,4.0,726.0,36.0,5707,1,0,1,Pedestrian
58,684.0,4.0,726.0,36.0,5708,1,0,1,Pedestrian
58,684.0,4.0,726.0,36.0,5709,1,0,1,Pedestrian
58,684.0,4.0,726.0,36.0,5710,1,0,1,Pedestrian
58,684.0,4.0,726.0,36.0,5711,1,0,1,Pedestrian
58,684.0,4.0,726.0,36.0,5712,1,0,1,Pedestrian
58,684.0,4.0,726.0,36.0,5713,1,0,1,Pedestrian
58,684.0,4.0,726.0,36.0,5714,1,0,1,Pedestrian
58,684.0,4.0,726.0,36.0,5715,1,0,1,Pedestrian
58,684.0,4.0,726.0,36.0,5716,1,0,1,Pedestrian
58,684.0,4.0,726.0,36.0,5717,1,0,1,Pedestrian
58,684.0,4.0,726.0,34.0,5718,1,0,1,Pedestrian
58,684.0,4.0,726.0,34.0,5719,1,0,1,Pedestrian
58,684.0,4.0,726.0,34.0,5720,1,0,1,Pedestrian
58,684.0,4.0,726.0,34.0,5721,1,0,1,Pedestrian
58,684.0,4.0,726.0,34.0,5722,1,0,1,Pedestrian
58,684.0,4.0,726.0,34.0,5723,1,0,1,Pedestrian
58,684.0,4.0,726.0,34.0,5724,1,0,1,Pedestrian
58,684.0,4.0,726.0,34.0,5725,1,0,1,Pedestrian
58,684.0,4.0,726.0,34.0,5726,1,0,1,Pedestrian
58,684.0,4.0,726.0,34.0,5727,1,0,1,Pedestrian
58,684.0,4.0,726.0,34.0,5728,1,0,1,Pedestrian
58,684.0,4.0,726.0,34.0,5729,1,0,1,Pedestrian
58,684.0,4.0,726.0,34.0,5730,1,0,1,Pedestrian
58,684.0,4.0,726.0,34.0,5731,1,0,1,Pedestrian
58,684.0,4.0,726.0,34.0,5732,1,0,1,Pedestrian
58,684.0,4.0,726.0,34.0,5733,1,0,1,Pedestrian
58,684.0,4.0,726.0,34.0,5734,1,0,1,Pedestrian
58,684.0,4.0,726.0,34.0,5735,1,0,1,Pedestrian
58,684.0,4.0,726.0,34.0,5736,1,0,1,Pedestrian
58,684.0,4.0,726.0,34.0,5737,1,0,1,Pedestrian
58,684.0,4.0,726.0,34.0,5738,1,0,1,Pedestrian
58,684.0,4.0,726.0,34.0,5739,1,0,1,Pedestrian
58,684.0,4.0,726.0,34.0,5740,1,0,1,Pedestrian
58,684.0,4.0,726.0,34.0,5741,1,0,1,Pedestrian
58,684.0,4.0,726.0,34.0,5742,1,0,1,Pedestrian
58,684.0,4.0,726.0,34.0,5743,1,0,1,Pedestrian
58,684.0,4.0,726.0,34.0,5744,1,0,1,Pedestrian
58,684.0,4.0,726.0,34.0,5745,1,0,1,Pedestrian
58,684.0,4.0,726.0,34.0,5746,1,0,1,Pedestrian
58,684.0,4.0,726.0,34.0,5747,1,0,1,Pedestrian
58,684.0,4.0,726.0,34.0,5748,1,0,1,Pedestrian
58,684.0,4.0,726.0,34.0,5749,1,0,1,Pedestrian
58,684.0,4.0,726.0,34.0,5750,1,0,1,Pedestrian
58,684.0,4.0,726.0,34.0,5751,1,0,1,Pedestrian
58,684.0,4.0,726.0,34.0,5752,1,0,1,Pedestrian
58,684.0,4.0,726.0,34.0,5753,1,0,1,Pedestrian
58,684.0,4.0,726.0,34.0,5754,1,0,1,Pedestrian
58,684.0,4.0,726.0,34.0,5755,1,0,1,Pedestrian
58,684.0,4.0,726.0,34.0,5756,1,0,1,Pedestrian
58,684.0,4.0,726.0,34.0,5757,1,0,1,Pedestrian
58,684.0,4.0,726.0,34.0,5758,1,0,1,Pedestrian
58,684.0,4.0,726.0,34.0,5759,1,0,1,Pedestrian
58,684.0,4.0,726.0,34.0,5760,1,0,1,Pedestrian
58,684.0,4.0,726.0,34.0,5761,1,0,1,Pedestrian
58,684.0,4.0,726.0,34.0,5762,1,0,1,Pedestrian
58,684.0,4.0,726.0,34.0,5763,1,0,1,Pedestrian
58,684.0,4.0,726.0,34.0,5764,1,0,1,Pedestrian
58,684.0,4.0,726.0,34.0,5765,1,0,1,Pedestrian
58,684.0,4.0,726.0,34.0,5766,1,0,1,Pedestrian
58,684.0,4.0,726.0,34.0,5767,1,0,1,Pedestrian
58,684.0,4.0,726.0,34.0,5768,1,0,1,Pedestrian
58,684.0,4.0,726.0,34.0,5769,1,0,1,Pedestrian
58,684.0,4.0,726.0,34.0,5770,1,0,1,Pedestrian
58,684.0,4.0,726.0,34.0,5771,1,0,1,Pedestrian
58,684.0,4.0,726.0,34.0,5772,1,0,1,Pedestrian
58,684.0,4.0,726.0,34.0,5773,1,0,1,Pedestrian
58,684.0,4.0,726.0,34.0,5774,1,0,1,Pedestrian
58,684.0,4.0,726.0,34.0,5775,1,0,1,Pedestrian
58,684.0,4.0,726.0,34.0,5776,1,0,1,Pedestrian
58,684.0,4.0,726.0,34.0,5777,1,0,1,Pedestrian
58,684.0,4.0,726.0,34.0,5778,1,0,1,Pedestrian
58,684.0,4.0,726.0,34.0,5779,1,0,1,Pedestrian
58,684.0,4.0,726.0,34.0,5780,1,0,1,Pedestrian
58,684.0,4.0,726.0,34.0,5781,1,0,1,Pedestrian
58,684.0,4.0,726.0,34.0,5782,1,0,1,Pedestrian
58,684.0,4.0,726.0,34.0,5783,1,0,1,Pedestrian
58,684.0,4.0,726.0,34.0,5784,1,0,1,Pedestrian
58,684.0,4.0,726.0,34.0,5785,1,0,1,Pedestrian
58,684.0,4.0,726.0,34.0,5786,1,0,1,Pedestrian
58,684.0,4.0,726.0,34.0,5787,1,0,1,Pedestrian
58,684.0,4.0,726.0,34.0,5788,1,0,1,Pedestrian
58,684.0,4.0,726.0,34.0,5789,1,0,1,Pedestrian
58,684.0,4.0,726.0,31.0,5790,1,0,1,Pedestrian
58,684.0,4.0,726.0,31.0,5791,1,0,1,Pedestrian
58,684.0,4.0,726.0,31.0,5792,1,0,1,Pedestrian
58,684.0,4.0,726.0,31.0,5793,1,0,1,Pedestrian
58,684.0,4.0,726.0,31.0,5794,1,0,1,Pedestrian
58,684.0,4.0,726.0,31.0,5795,1,0,1,Pedestrian
58,684.0,4.0,726.0,31.0,5796,1,0,1,Pedestrian
58,684.0,4.0,726.0,31.0,5797,1,0,1,Pedestrian
58,684.0,4.0,726.0,31.0,5798,1,0,1,Pedestrian
58,684.0,4.0,726.0,31.0,5799,1,0,1,Pedestrian
58,684.0,4.0,726.0,31.0,5800,1,0,1,Pedestrian
58,684.0,4.0,726.0,31.0,5801,1,0,1,Pedestrian
58,684.0,4.0,726.0,31.0,5802,1,0,1,Pedestrian
58,684.0,4.0,726.0,31.0,5803,1,0,1,Pedestrian
58,684.0,4.0,726.0,31.0,5804,1,0,1,Pedestrian
58,684.0,2.0,726.0,31.0,5805,1,0,1,Pedestrian
58,684.0,2.0,726.0,31.0,5806,1,0,1,Pedestrian
58,684.0,2.0,726.0,31.0,5807,1,0,1,Pedestrian
58,684.0,2.0,726.0,31.0,5808,1,0,1,Pedestrian
58,684.0,2.0,726.0,31.0,5809,1,0,1,Pedestrian
58,684.0,2.0,726.0,31.0,5810,1,0,1,Pedestrian
58,684.0,2.0,726.0,31.0,5811,1,0,1,Pedestrian
58,684.0,2.0,726.0,31.0,5812,1,0,1,Pedestrian
58,684.0,2.0,726.0,31.0,5813,1,0,1,Pedestrian
58,684.0,2.0,726.0,31.0,5814,1,0,1,Pedestrian
58,684.0,2.0,726.0,31.0,5815,1,0,1,Pedestrian
58,684.0,2.0,726.0,31.0,5816,1,0,1,Pedestrian
58,684.0,2.0,726.0,31.0,5817,1,0,1,Pedestrian
58,684.0,2.0,726.0,31.0,5818,1,0,1,Pedestrian
58,684.0,2.0,726.0,31.0,5819,1,0,1,Pedestrian
58,684.0,2.0,726.0,31.0,5820,1,0,1,Pedestrian
58,684.0,2.0,726.0,31.0,5821,1,0,1,Pedestrian
58,684.0,2.0,726.0,31.0,5822,1,0,1,Pedestrian
58,684.0,2.0,726.0,31.0,5823,1,0,1,Pedestrian
58,684.0,2.0,726.0,31.0,5824,1,0,1,Pedestrian
58,684.0,2.0,726.0,31.0,5825,1,0,1,Pedestrian
58,684.0,2.0,726.0,31.0,5826,1,0,1,Pedestrian
58,684.0,2.0,726.0,31.0,5827,1,0,1,Pedestrian
58,684.0,2.0,726.0,31.0,5828,1,0,1,Pedestrian
58,684.0,2.0,726.0,31.0,5829,1,0,1,Pedestrian
58,684.0,2.0,726.0,31.0,5830,1,0,1,Pedestrian
58,684.0,2.0,726.0,31.0,5831,1,0,1,Pedestrian
58,684.0,2.0,726.0,31.0,5832,1,0,1,Pedestrian
58,684.0,2.0,726.0,31.0,5833,1,0,1,Pedestrian
58,684.0,2.0,726.0,31.0,5834,1,0,1,Pedestrian
58,684.0,2.0,726.0,31.0,5835,1,0,1,Pedestrian
58,684.0,2.0,726.0,31.0,5836,1,0,1,Pedestrian
58,684.0,2.0,726.0,31.0,5837,1,0,1,Pedestrian
58,684.0,2.0,726.0,31.0,5838,1,0,1,Pedestrian
58,682.0,2.0,723.0,31.0,5839,1,0,1,Pedestrian
58,682.0,2.0,723.0,31.0,5840,1,0,1,Pedestrian
58,682.0,2.0,723.0,31.0,5841,1,0,1,Pedestrian
58,682.0,2.0,723.0,31.0,5842,1,0,1,Pedestrian
58,682.0,2.0,723.0,31.0,5843,1,0,1,Pedestrian
58,682.0,2.0,723.0,31.0,5844,1,0,1,Pedestrian
58,682.0,2.0,723.0,31.0,5845,1,0,1,Pedestrian
58,682.0,2.0,723.0,31.0,5846,1,0,1,Pedestrian
58,682.0,2.0,723.0,31.0,5847,1,0,1,Pedestrian
58,682.0,2.0,723.0,31.0,5848,1,0,1,Pedestrian
58,682.0,2.0,723.0,31.0,5849,1,0,1,Pedestrian
58,682.0,2.0,723.0,31.0,5850,1,0,1,Pedestrian
58,682.0,2.0,723.0,31.0,5851,1,0,1,Pedestrian
58,682.0,2.0,723.0,31.0,5852,1,0,1,Pedestrian
58,682.0,2.0,723.0,31.0,5853,1,0,1,Pedestrian
58,682.0,2.0,723.0,31.0,5854,1,0,1,Pedestrian
58,682.0,2.0,723.0,31.0,5855,1,0,1,Pedestrian
58,682.0,2.0,723.0,31.0,5856,1,0,1,Pedestrian
58,682.0,2.0,723.0,31.0,5857,1,0,1,Pedestrian
58,682.0,2.0,723.0,31.0,5858,1,0,1,Pedestrian
58,682.0,2.0,723.0,31.0,5859,1,0,1,Pedestrian
58,682.0,2.0,723.0,31.0,5860,1,0,1,Pedestrian
58,682.0,2.0,723.0,31.0,5861,1,0,1,Pedestrian
58,682.0,2.0,723.0,31.0,5862,1,0,1,Pedestrian
58,682.0,2.0,723.0,29.0,5863,1,0,1,Pedestrian
58,682.0,2.0,723.0,29.0,5864,1,0,1,Pedestrian
58,682.0,2.0,723.0,29.0,5865,1,0,1,Pedestrian
58,682.0,2.0,723.0,29.0,5866,1,0,1,Pedestrian
58,682.0,2.0,723.0,29.0,5867,1,0,1,Pedestrian
58,682.0,2.0,723.0,29.0,5868,1,0,1,Pedestrian
58,682.0,2.0,723.0,29.0,5869,1,0,1,Pedestrian
58,682.0,2.0,723.0,29.0,5870,1,0,1,Pedestrian
58,682.0,2.0,723.0,29.0,5871,1,0,1,Pedestrian
58,682.0,2.0,723.0,29.0,5872,1,0,1,Pedestrian
58,682.0,2.0,723.0,29.0,5873,1,0,1,Pedestrian
58,682.0,2.0,723.0,29.0,5874,1,0,1,Pedestrian
58,682.0,2.0,723.0,29.0,5875,1,0,1,Pedestrian
58,682.0,2.0,723.0,29.0,5876,1,0,1,Pedestrian
58,682.0,2.0,723.0,29.0,5877,1,0,1,Pedestrian
58,682.0,2.0,723.0,29.0,5878,1,0,1,Pedestrian
58,682.0,2.0,723.0,29.0,5879,1,0,1,Pedestrian
58,682.0,2.0,723.0,29.0,5880,1,0,1,Pedestrian
58,682.0,2.0,723.0,29.0,5881,1,0,1,Pedestrian
58,682.0,2.0,723.0,29.0,5882,1,0,1,Pedestrian
58,682.0,2.0,723.0,29.0,5883,1,0,1,Pedestrian
58,682.0,2.0,723.0,29.0,5884,1,0,1,Pedestrian
58,682.0,2.0,723.0,29.0,5885,1,0,1,Pedestrian
58,682.0,2.0,723.0,29.0,5886,1,0,1,Pedestrian
58,682.0,2.0,723.0,29.0,5887,1,0,1,Pedestrian
58,682.0,2.0,723.0,29.0,5888,1,0,1,Pedestrian
58,682.0,2.0,723.0,29.0,5889,1,0,1,Pedestrian
58,682.0,2.0,723.0,29.0,5890,1,0,1,Pedestrian
58,682.0,2.0,723.0,29.0,5891,1,0,1,Pedestrian
58,682.0,2.0,723.0,29.0,5892,1,0,1,Pedestrian
58,682.0,2.0,723.0,29.0,5893,1,0,1,Pedestrian
58,682.0,2.0,723.0,29.0,5894,1,0,1,Pedestrian
58,682.0,2.0,723.0,29.0,5895,1,0,1,Pedestrian
58,682.0,2.0,723.0,29.0,5896,1,0,1,Pedestrian
58,682.0,2.0,723.0,29.0,5897,1,0,1,Pedestrian
58,682.0,2.0,723.0,29.0,5898,1,0,1,Pedestrian
58,682.0,2.0,723.0,29.0,5899,1,0,1,Pedestrian
58,682.0,2.0,723.0,29.0,5900,1,0,1,Pedestrian
58,682.0,2.0,723.0,29.0,5901,1,0,1,Pedestrian
58,682.0,2.0,723.0,29.0,5902,1,0,1,Pedestrian
58,682.0,2.0,723.0,29.0,5903,1,0,1,Pedestrian
58,682.0,2.0,723.0,29.0,5904,1,0,1,Pedestrian
58,682.0,2.0,723.0,29.0,5905,1,0,1,Pedestrian
58,682.0,0.0,723.0,29.0,5906,1,0,1,Pedestrian
58,682.0,0.0,723.0,29.0,5907,1,0,1,Pedestrian
58,682.0,0.0,723.0,29.0,5908,1,0,1,Pedestrian
58,682.0,0.0,723.0,29.0,5909,1,0,1,Pedestrian
58,682.0,0.0,723.0,29.0,5910,1,0,1,Pedestrian
58,682.0,0.0,723.0,29.0,5911,1,0,1,Pedestrian
58,682.0,0.0,723.0,29.0,5912,1,0,1,Pedestrian
58,682.0,0.0,723.0,29.0,5913,1,0,1,Pedestrian
58,682.0,0.0,723.0,29.0,5914,1,0,1,Pedestrian
58,682.0,0.0,723.0,29.0,5915,1,0,1,Pedestrian
58,682.0,0.0,723.0,29.0,5916,1,0,1,Pedestrian
58,682.0,0.0,723.0,29.0,5917,1,0,1,Pedestrian
58,682.0,0.0,723.0,29.0,5918,1,0,1,Pedestrian
58,682.0,0.0,723.0,29.0,5919,1,0,1,Pedestrian
58,682.0,0.0,723.0,29.0,5920,1,0,1,Pedestrian
58,682.0,0.0,723.0,29.0,5921,1,0,1,Pedestrian
58,682.0,0.0,723.0,29.0,5922,1,0,1,Pedestrian
58,682.0,0.0,723.0,29.0,5923,1,0,1,Pedestrian
58,682.0,0.0,723.0,29.0,5924,1,0,1,Pedestrian
58,682.0,0.0,723.0,29.0,5925,1,0,1,Pedestrian
58,682.0,0.0,723.0,29.0,5926,1,0,1,Pedestrian
58,682.0,0.0,723.0,29.0,5927,1,0,1,Pedestrian
58,682.0,0.0,723.0,29.0,5928,1,0,1,Pedestrian
58,682.0,0.0,723.0,29.0,5929,1,0,1,Pedestrian
58,682.0,0.0,723.0,29.0,5930,1,0,1,Pedestrian
58,682.0,0.0,723.0,29.0,5931,1,0,1,Pedestrian
58,682.0,0.0,723.0,29.0,5932,1,0,1,Pedestrian
58,682.0,0.0,723.0,29.0,5933,1,0,1,Pedestrian
58,682.0,0.0,723.0,29.0,5934,1,0,1,Pedestrian
58,682.0,0.0,723.0,27.0,5935,1,0,1,Pedestrian
58,682.0,0.0,723.0,27.0,5936,1,0,1,Pedestrian
58,682.0,0.0,723.0,27.0,5937,1,0,1,Pedestrian
58,682.0,0.0,723.0,27.0,5938,1,0,1,Pedestrian
58,682.0,0.0,723.0,27.0,5939,1,0,1,Pedestrian
58,682.0,0.0,723.0,27.0,5940,1,0,1,Pedestrian
58,682.0,0.0,723.0,27.0,5941,1,0,1,Pedestrian
58,682.0,0.0,723.0,27.0,5942,1,0,1,Pedestrian
58,682.0,0.0,723.0,27.0,5943,1,0,1,Pedestrian
58,682.0,0.0,723.0,27.0,5944,1,0,1,Pedestrian
58,682.0,0.0,723.0,27.0,5945,1,0,1,Pedestrian
58,682.0,0.0,723.0,27.0,5946,1,0,1,Pedestrian
58,682.0,0.0,723.0,27.0,5947,1,0,1,Pedestrian
58,682.0,0.0,723.0,27.0,5948,1,0,1,Pedestrian
58,682.0,0.0,723.0,27.0,5949,1,0,1,Pedestrian
58,682.0,0.0,723.0,27.0,5950,1,0,1,Pedestrian
58,682.0,0.0,723.0,27.0,5951,1,0,1,Pedestrian
58,682.0,0.0,723.0,27.0,5952,1,0,1,Pedestrian
58,682.0,0.0,723.0,27.0,5953,1,0,1,Pedestrian
58,682.0,0.0,723.0,27.0,5954,1,0,1,Pedestrian
58,682.0,0.0,723.0,27.0,5955,1,0,1,Pedestrian
58,682.0,0.0,723.0,27.0,5956,1,0,1,Pedestrian
58,682.0,0.0,723.0,27.0,5957,1,0,1,Pedestrian
58,682.0,0.0,723.0,27.0,5958,1,0,1,Pedestrian
58,682.0,0.0,723.0,27.0,5959,1,0,1,Pedestrian
58,682.0,0.0,723.0,27.0,5960,1,0,1,Pedestrian
58,682.0,0.0,723.0,27.0,5961,1,0,1,Pedestrian
58,682.0,0.0,723.0,27.0,5962,1,0,1,Pedestrian
58,682.0,0.0,723.0,27.0,5963,1,0,1,Pedestrian
58,682.0,0.0,723.0,27.0,5964,1,0,1,Pedestrian
58,682.0,0.0,723.0,27.0,5965,1,0,1,Pedestrian
58,682.0,0.0,723.0,27.0,5966,1,0,1,Pedestrian
58,682.0,0.0,723.0,27.0,5967,1,0,1,Pedestrian
58,682.0,0.0,723.0,27.0,5968,1,0,1,Pedestrian
58,682.0,0.0,723.0,27.0,5969,1,0,1,Pedestrian
58,682.0,0.0,723.0,27.0,5970,1,0,1,Pedestrian
58,682.0,0.0,723.0,27.0,5971,1,0,1,Pedestrian
58,682.0,0.0,723.0,27.0,5972,1,0,1,Pedestrian
58,682.0,0.0,723.0,27.0,5973,1,0,1,Pedestrian
58,682.0,0.0,723.0,27.0,5974,1,0,1,Pedestrian
58,682.0,0.0,723.0,27.0,5975,1,0,1,Pedestrian
58,682.0,0.0,723.0,27.0,5976,1,0,1,Pedestrian
58,682.0,0.0,723.0,27.0,5977,1,0,1,Pedestrian
58,682.0,0.0,723.0,27.0,5978,1,0,1,Pedestrian
58,682.0,0.0,723.0,27.0,5979,1,0,1,Pedestrian
58,682.0,0.0,723.0,27.0,5980,1,0,1,Pedestrian
58,682.0,0.0,723.0,27.0,5981,1,0,1,Pedestrian
58,682.0,0.0,723.0,27.0,5982,1,0,1,Pedestrian
58,682.0,0.0,723.0,27.0,5983,1,0,1,Pedestrian
58,682.0,0.0,723.0,27.0,5984,1,0,1,Pedestrian
58,682.0,0.0,723.0,27.0,5985,1,0,1,Pedestrian
58,682.0,0.0,723.0,27.0,5986,1,0,1,Pedestrian
58,682.0,0.0,723.0,27.0,5987,1,0,1,Pedestrian
58,682.0,0.0,723.0,27.0,5988,1,0,1,Pedestrian
58,682.0,0.0,723.0,27.0,5989,1,0,1,Pedestrian
58,682.0,0.0,723.0,27.0,5990,1,0,1,Pedestrian
58,682.0,0.0,723.0,27.0,5991,1,0,1,Pedestrian
58,682.0,0.0,723.0,27.0,5992,1,0,1,Pedestrian
58,682.0,0.0,723.0,27.0,5993,1,0,1,Pedestrian
58,682.0,0.0,723.0,27.0,5994,1,0,1,Pedestrian
58,682.0,0.0,723.0,27.0,5995,1,0,1,Pedestrian
58,682.0,0.0,723.0,27.0,5996,1,0,1,Pedestrian
58,682.0,0.0,723.0,27.0,5997,1,0,1,Pedestrian
58,682.0,0.0,723.0,27.0,5998,1,0,1,Pedestrian
58,682.0,0.0,723.0,27.0,5999,1,0,1,Pedestrian
58,682.0,0.0,723.0,27.0,6000,1,0,1,Pedestrian
58,682.0,0.0,723.0,27.0,6001,1,0,1,Pedestrian
58,682.0,0.0,723.0,27.0,6002,1,0,1,Pedestrian
58,682.0,0.0,723.0,27.0,6003,1,0,1,Pedestrian
58,682.0,0.0,723.0,27.0,6004,1,0,1,Pedestrian
58,682.0,0.0,723.0,27.0,6005,1,0,1,Pedestrian
58,682.0,0.0,723.0,27.0,6006,1,0,1,Pedestrian
58,682.0,0.0,723.0,27.0,6007,0,0,0,Pedestrian
58,679.0,0.0,720.0,27.0,6008,0,0,1,Pedestrian
58,679.0,0.0,720.0,27.0,6009,0,0,1,Pedestrian
58,679.0,0.0,720.0,27.0,6010,0,0,1,Pedestrian
58,679.0,0.0,720.0,27.0,6011,0,0,1,Pedestrian
58,679.0,0.0,720.0,27.0,6012,0,0,1,Pedestrian
58,679.0,0.0,720.0,27.0,6013,0,0,1,Pedestrian
58,679.0,0.0,720.0,27.0,6014,0,0,1,Pedestrian
58,679.0,2.0,720.0,29.0,6015,0,0,1,Pedestrian
58,676.0,2.0,717.0,29.0,6016,0,0,1,Pedestrian
58,676.0,2.0,717.0,29.0,6017,0,0,1,Pedestrian
58,676.0,2.0,717.0,29.0,6018,0,0,1,Pedestrian
58,676.0,2.0,717.0,29.0,6019,0,0,1,Pedestrian
58,676.0,2.0,717.0,29.0,6020,0,0,1,Pedestrian
58,676.0,2.0,717.0,29.0,6021,0,0,1,Pedestrian
58,676.0,2.0,717.0,29.0,6022,0,0,1,Pedestrian
58,676.0,4.0,717.0,31.0,6023,0,0,1,Pedestrian
58,673.0,4.0,715.0,31.0,6024,0,0,1,Pedestrian
58,673.0,4.0,715.0,31.0,6025,0,0,1,Pedestrian
58,673.0,4.0,715.0,31.0,6026,0,0,1,Pedestrian
58,673.0,4.0,715.0,31.0,6027,0,0,1,Pedestrian
58,673.0,4.0,715.0,31.0,6028,0,0,1,Pedestrian
58,673.0,4.0,715.0,31.0,6029,0,0,1,Pedestrian
58,673.0,4.0,715.0,31.0,6030,0,0,1,Pedestrian
58,673.0,6.0,715.0,34.0,6031,0,0,0,Pedestrian
59,184.0,974.0,305.0,1036.0,0,0,0,0,Pedestrian
59,181.0,972.0,302.0,1033.0,1,0,0,1,Pedestrian
59,178.0,972.0,299.0,1033.0,2,0,0,1,Pedestrian
59,178.0,972.0,299.0,1033.0,3,0,0,1,Pedestrian
59,176.0,970.0,297.0,1031.0,4,0,0,1,Pedestrian
59,176.0,970.0,297.0,1031.0,5,0,0,1,Pedestrian
59,173.0,970.0,294.0,1031.0,6,0,0,1,Pedestrian
59,173.0,967.0,294.0,1029.0,7,0,0,1,Pedestrian
59,170.0,967.0,291.0,1029.0,8,0,0,1,Pedestrian
59,170.0,967.0,291.0,1029.0,9,0,0,1,Pedestrian
59,167.0,967.0,288.0,1029.0,10,0,0,1,Pedestrian
59,167.0,965.0,288.0,1026.0,11,0,0,1,Pedestrian
59,165.0,965.0,286.0,1026.0,12,0,0,1,Pedestrian
59,165.0,965.0,286.0,1026.0,13,0,0,1,Pedestrian
59,162.0,963.0,283.0,1024.0,14,0,0,1,Pedestrian
59,162.0,963.0,283.0,1024.0,15,0,0,1,Pedestrian
59,159.0,963.0,280.0,1024.0,16,0,0,1,Pedestrian
59,156.0,960.0,277.0,1022.0,17,0,0,1,Pedestrian
59,156.0,960.0,277.0,1022.0,18,0,0,1,Pedestrian
59,154.0,960.0,275.0,1022.0,19,0,0,1,Pedestrian
59,154.0,960.0,275.0,1022.0,20,0,0,1,Pedestrian
59,151.0,958.0,272.0,1020.0,21,0,0,1,Pedestrian
59,151.0,958.0,272.0,1020.0,22,0,0,1,Pedestrian
59,148.0,958.0,269.0,1020.0,23,0,0,1,Pedestrian
59,148.0,956.0,269.0,1017.0,24,0,0,1,Pedestrian
59,145.0,956.0,266.0,1017.0,25,0,0,1,Pedestrian
59,145.0,956.0,266.0,1017.0,26,0,0,1,Pedestrian
59,143.0,954.0,264.0,1015.0,27,0,0,1,Pedestrian
59,143.0,954.0,264.0,1015.0,28,0,0,1,Pedestrian
59,140.0,954.0,261.0,1015.0,29,0,0,1,Pedestrian
59,140.0,954.0,261.0,1015.0,30,0,0,0,Pedestrian
59,137.0,951.0,258.0,1013.0,31,0,0,1,Pedestrian
59,137.0,951.0,258.0,1013.0,32,0,0,1,Pedestrian
59,137.0,951.0,258.0,1013.0,33,0,0,1,Pedestrian
59,137.0,949.0,258.0,1011.0,34,0,0,1,Pedestrian
59,134.0,949.0,255.0,1011.0,35,0,0,1,Pedestrian
59,134.0,949.0,255.0,1011.0,36,0,0,1,Pedestrian
59,134.0,949.0,255.0,1011.0,37,0,0,1,Pedestrian
59,134.0,947.0,255.0,1008.0,38,0,0,1,Pedestrian
59,132.0,947.0,253.0,1008.0,39,0,0,1,Pedestrian
59,132.0,947.0,253.0,1008.0,40,0,0,1,Pedestrian
59,132.0,947.0,253.0,1008.0,41,0,0,1,Pedestrian
59,132.0,944.0,253.0,1006.0,42,0,0,1,Pedestrian
59,129.0,944.0,250.0,1006.0,43,0,0,1,Pedestrian
59,129.0,944.0,250.0,1006.0,44,0,0,1,Pedestrian
59,129.0,944.0,250.0,1006.0,45,0,0,1,Pedestrian
59,129.0,942.0,250.0,1004.0,46,0,0,1,Pedestrian
59,129.0,942.0,250.0,1004.0,47,0,0,1,Pedestrian
59,126.0,942.0,247.0,1004.0,48,0,0,1,Pedestrian
59,126.0,940.0,247.0,1001.0,49,0,0,1,Pedestrian
59,126.0,940.0,247.0,1001.0,50,0,0,1,Pedestrian
59,126.0,940.0,247.0,1001.0,51,0,0,1,Pedestrian
59,123.0,940.0,244.0,1001.0,52,0,0,1,Pedestrian
59,123.0,938.0,244.0,999.0,53,0,0,1,Pedestrian
59,123.0,938.0,244.0,999.0,54,0,0,1,Pedestrian
59,123.0,938.0,244.0,999.0,55,0,0,1,Pedestrian
59,121.0,938.0,242.0,999.0,56,0,0,1,Pedestrian
59,121.0,935.0,242.0,997.0,57,0,0,1,Pedestrian
59,121.0,935.0,242.0,997.0,58,0,0,1,Pedestrian
59,121.0,935.0,242.0,997.0,59,0,0,1,Pedestrian
59,121.0,935.0,242.0,997.0,60,0,0,0,Pedestrian
59,118.0,933.0,239.0,995.0,61,0,0,1,Pedestrian
59,115.0,933.0,236.0,995.0,62,0,0,1,Pedestrian
59,115.0,933.0,236.0,995.0,63,0,0,1,Pedestrian
59,112.0,933.0,233.0,995.0,64,0,0,1,Pedestrian
59,112.0,933.0,233.0,995.0,65,0,0,1,Pedestrian
59,110.0,933.0,231.0,995.0,66,0,0,1,Pedestrian
59,110.0,933.0,231.0,995.0,67,0,0,1,Pedestrian
59,107.0,933.0,228.0,995.0,68,0,0,1,Pedestrian
59,104.0,933.0,225.0,995.0,69,0,0,1,Pedestrian
59,104.0,933.0,225.0,995.0,70,0,0,1,Pedestrian
59,101.0,933.0,222.0,995.0,71,0,0,1,Pedestrian
59,101.0,933.0,222.0,995.0,72,0,0,1,Pedestrian
59,99.0,933.0,220.0,995.0,73,0,0,1,Pedestrian
59,99.0,933.0,220.0,995.0,74,0,0,1,Pedestrian
59,96.0,933.0,217.0,995.0,75,0,0,1,Pedestrian
59,93.0,931.0,214.0,992.0,76,0,0,1,Pedestrian
59,93.0,931.0,214.0,992.0,77,0,0,1,Pedestrian
59,90.0,931.0,211.0,992.0,78,0,0,1,Pedestrian
59,90.0,931.0,211.0,992.0,79,0,0,1,Pedestrian
59,88.0,931.0,209.0,992.0,80,0,0,1,Pedestrian
59,88.0,931.0,209.0,992.0,81,0,0,1,Pedestrian
59,85.0,931.0,206.0,992.0,82,0,0,1,Pedestrian
59,82.0,931.0,203.0,992.0,83,0,0,1,Pedestrian
59,82.0,931.0,203.0,992.0,84,0,0,1,Pedestrian
59,79.0,931.0,200.0,992.0,85,0,0,1,Pedestrian
59,79.0,931.0,200.0,992.0,86,0,0,1,Pedestrian
59,77.0,931.0,198.0,992.0,87,0,0,1,Pedestrian
59,77.0,931.0,198.0,992.0,88,0,0,1,Pedestrian
59,74.0,931.0,195.0,992.0,89,0,0,1,Pedestrian
59,74.0,931.0,195.0,992.0,90,0,0,0,Pedestrian
59,71.0,929.0,192.0,990.0,91,0,0,1,Pedestrian
59,71.0,929.0,192.0,990.0,92,0,0,1,Pedestrian
59,71.0,929.0,192.0,990.0,93,0,0,1,Pedestrian
59,71.0,926.0,192.0,988.0,94,0,0,1,Pedestrian
59,68.0,926.0,189.0,988.0,95,0,0,1,Pedestrian
59,68.0,926.0,189.0,988.0,96,0,0,1,Pedestrian
59,68.0,926.0,189.0,988.0,97,0,0,1,Pedestrian
59,68.0,924.0,189.0,985.0,98,0,0,1,Pedestrian
59,66.0,924.0,187.0,985.0,99,0,0,1,Pedestrian
59,66.0,924.0,187.0,985.0,100,0,0,1,Pedestrian
59,66.0,924.0,187.0,985.0,101,0,0,1,Pedestrian
59,66.0,922.0,187.0,983.0,102,0,0,1,Pedestrian
59,63.0,922.0,184.0,983.0,103,0,0,1,Pedestrian
59,63.0,922.0,184.0,983.0,104,0,0,1,Pedestrian
59,63.0,922.0,184.0,983.0,105,0,0,1,Pedestrian
59,63.0,919.0,184.0,981.0,106,0,0,1,Pedestrian
59,63.0,919.0,184.0,981.0,107,0,0,1,Pedestrian
59,60.0,919.0,181.0,981.0,108,0,0,1,Pedestrian
59,60.0,917.0,181.0,979.0,109,0,0,1,Pedestrian
59,60.0,917.0,181.0,979.0,110,0,0,1,Pedestrian
59,60.0,917.0,181.0,979.0,111,0,0,1,Pedestrian
59,57.0,917.0,178.0,979.0,112,0,0,1,Pedestrian
59,57.0,915.0,178.0,976.0,113,0,0,1,Pedestrian
59,57.0,915.0,178.0,976.0,114,0,0,1,Pedestrian
59,57.0,915.0,178.0,976.0,115,0,0,1,Pedestrian
59,55.0,915.0,176.0,976.0,116,0,0,1,Pedestrian
59,55.0,913.0,176.0,974.0,117,0,0,1,Pedestrian
59,55.0,913.0,176.0,974.0,118,0,0,1,Pedestrian
59,55.0,913.0,176.0,974.0,119,0,0,1,Pedestrian
59,55.0,913.0,176.0,974.0,120,0,0,0,Pedestrian
59,52.0,910.0,173.0,972.0,121,0,0,1,Pedestrian
59,52.0,910.0,173.0,972.0,122,0,0,1,Pedestrian
59,49.0,910.0,170.0,972.0,123,0,0,1,Pedestrian
59,49.0,910.0,170.0,972.0,124,0,0,1,Pedestrian
59,49.0,910.0,170.0,972.0,125,0,0,1,Pedestrian
59,46.0,910.0,167.0,972.0,126,0,0,1,Pedestrian
59,46.0,910.0,167.0,972.0,127,0,0,1,Pedestrian
59,44.0,910.0,165.0,972.0,128,0,0,1,Pedestrian
59,44.0,910.0,165.0,972.0,129,0,0,1,Pedestrian
59,44.0,910.0,165.0,972.0,130,0,0,1,Pedestrian
59,41.0,908.0,162.0,970.0,131,0,0,1,Pedestrian
59,41.0,908.0,162.0,970.0,132,0,0,1,Pedestrian
59,38.0,908.0,159.0,970.0,133,0,0,1,Pedestrian
59,38.0,908.0,159.0,970.0,134,0,0,1,Pedestrian
59,38.0,908.0,159.0,970.0,135,0,0,1,Pedestrian
59,35.0,908.0,156.0,970.0,136,0,0,1,Pedestrian
59,35.0,908.0,156.0,970.0,137,0,0,1,Pedestrian
59,33.0,908.0,154.0,970.0,138,0,0,1,Pedestrian
59,33.0,908.0,154.0,970.0,139,0,0,1,Pedestrian
59,33.0,908.0,154.0,970.0,140,0,0,1,Pedestrian
59,30.0,906.0,151.0,967.0,141,0,0,1,Pedestrian
59,30.0,906.0,151.0,967.0,142,0,0,1,Pedestrian
59,27.0,906.0,148.0,967.0,143,0,0,1,Pedestrian
59,27.0,906.0,148.0,967.0,144,0,0,1,Pedestrian
59,27.0,906.0,148.0,967.0,145,0,0,1,Pedestrian
59,24.0,906.0,145.0,967.0,146,0,0,1,Pedestrian
59,24.0,906.0,145.0,967.0,147,0,0,1,Pedestrian
59,22.0,906.0,143.0,967.0,148,0,0,1,Pedestrian
59,22.0,906.0,143.0,967.0,149,0,0,1,Pedestrian
59,22.0,906.0,143.0,967.0,150,0,0,0,Pedestrian
59,19.0,904.0,140.0,965.0,151,0,0,1,Pedestrian
59,19.0,904.0,140.0,965.0,152,0,0,1,Pedestrian
59,19.0,904.0,140.0,965.0,153,0,0,1,Pedestrian
59,16.0,904.0,137.0,965.0,154,0,0,1,Pedestrian
59,16.0,904.0,137.0,965.0,155,0,0,1,Pedestrian
59,16.0,904.0,137.0,965.0,156,0,0,1,Pedestrian
59,16.0,904.0,134.0,965.0,157,0,0,1,Pedestrian
59,13.0,901.0,134.0,963.0,158,0,0,1,Pedestrian
59,13.0,901.0,134.0,963.0,159,0,0,1,Pedestrian
59,13.0,901.0,134.0,963.0,160,0,0,1,Pedestrian
59,13.0,901.0,132.0,963.0,161,0,0,1,Pedestrian
59,11.0,901.0,132.0,963.0,162,0,0,1,Pedestrian
59,11.0,901.0,132.0,963.0,163,0,0,1,Pedestrian
59,11.0,901.0,129.0,963.0,164,0,0,1,Pedestrian
59,11.0,901.0,129.0,963.0,165,0,0,1,Pedestrian
59,8.0,899.0,129.0,960.0,166,0,0,1,Pedestrian
59,8.0,899.0,126.0,960.0,167,0,0,1,Pedestrian
59,8.0,899.0,126.0,960.0,168,0,0,1,Pedestrian
59,5.0,899.0,126.0,960.0,169,0,0,1,Pedestrian
59,5.0,899.0,126.0,960.0,170,0,0,1,Pedestrian
59,5.0,899.0,123.0,960.0,171,0,0,1,Pedestrian
59,5.0,899.0,123.0,960.0,172,0,0,1,Pedestrian
59,2.0,897.0,123.0,958.0,173,0,0,1,Pedestrian
59,2.0,897.0,121.0,958.0,174,0,0,1,Pedestrian
59,2.0,897.0,121.0,958.0,175,0,0,1,Pedestrian
59,2.0,897.0,121.0,958.0,176,0,0,1,Pedestrian
59,0.0,897.0,118.0,958.0,177,0,0,1,Pedestrian
59,0.0,897.0,118.0,958.0,178,0,0,1,Pedestrian
59,0.0,897.0,118.0,958.0,179,0,0,1,Pedestrian
59,0.0,897.0,118.0,958.0,180,0,0,0,Pedestrian
59,0.0,894.0,115.0,956.0,181,0,0,1,Pedestrian
59,0.0,894.0,115.0,956.0,182,0,0,1,Pedestrian
59,0.0,894.0,115.0,956.0,183,0,0,1,Pedestrian
59,0.0,894.0,115.0,956.0,184,0,0,1,Pedestrian
59,0.0,894.0,112.0,956.0,185,0,0,1,Pedestrian
59,0.0,894.0,112.0,956.0,186,0,0,1,Pedestrian
59,0.0,894.0,112.0,956.0,187,0,0,1,Pedestrian
59,0.0,894.0,112.0,956.0,188,0,0,1,Pedestrian
59,0.0,894.0,110.0,956.0,189,0,0,1,Pedestrian
59,0.0,894.0,110.0,956.0,190,0,0,1,Pedestrian
59,0.0,892.0,110.0,954.0,191,0,0,1,Pedestrian
59,0.0,892.0,110.0,954.0,192,0,0,1,Pedestrian
59,0.0,892.0,107.0,954.0,193,0,0,1,Pedestrian
59,0.0,892.0,107.0,954.0,194,0,0,1,Pedestrian
59,0.0,892.0,107.0,954.0,195,0,0,1,Pedestrian
59,0.0,892.0,107.0,954.0,196,0,0,1,Pedestrian
59,0.0,892.0,104.0,954.0,197,0,0,1,Pedestrian
59,0.0,892.0,104.0,954.0,198,0,0,1,Pedestrian
59,0.0,892.0,104.0,954.0,199,0,0,1,Pedestrian
59,0.0,892.0,104.0,954.0,200,0,0,0,Pedestrian
59,0.0,890.0,101.0,951.0,201,0,0,1,Pedestrian
59,0.0,890.0,101.0,951.0,202,0,0,1,Pedestrian
59,0.0,888.0,99.0,949.0,203,0,0,1,Pedestrian
59,0.0,888.0,99.0,949.0,204,0,0,1,Pedestrian
59,0.0,885.0,96.0,947.0,205,0,0,1,Pedestrian
59,0.0,885.0,96.0,947.0,206,0,0,1,Pedestrian
59,0.0,883.0,93.0,944.0,207,0,0,1,Pedestrian
59,0.0,883.0,93.0,944.0,208,0,0,1,Pedestrian
59,0.0,881.0,90.0,942.0,209,0,0,1,Pedestrian
59,0.0,881.0,90.0,942.0,210,0,0,1,Pedestrian
59,0.0,881.0,88.0,942.0,211,0,0,1,Pedestrian
59,0.0,878.0,88.0,940.0,212,0,0,1,Pedestrian
59,0.0,878.0,85.0,940.0,213,0,0,1,Pedestrian
59,0.0,876.0,85.0,938.0,214,0,0,1,Pedestrian
59,0.0,876.0,82.0,938.0,215,0,0,1,Pedestrian
59,0.0,874.0,82.0,935.0,216,0,0,1,Pedestrian
59,0.0,874.0,79.0,935.0,217,0,0,1,Pedestrian
59,0.0,872.0,79.0,933.0,218,0,0,1,Pedestrian
59,0.0,872.0,77.0,933.0,219,0,0,1,Pedestrian
59,0.0,872.0,77.0,933.0,220,0,0,0,Pedestrian
59,0.0,872.0,74.0,933.0,221,0,0,1,Pedestrian
59,0.0,872.0,71.0,933.0,222,0,0,1,Pedestrian
59,0.0,872.0,71.0,933.0,223,0,0,1,Pedestrian
59,0.0,872.0,68.0,933.0,224,0,0,1,Pedestrian
59,0.0,872.0,68.0,933.0,225,0,0,1,Pedestrian
59,0.0,872.0,66.0,933.0,226,0,0,1,Pedestrian
59,0.0,872.0,63.0,933.0,227,0,0,1,Pedestrian
59,0.0,872.0,63.0,933.0,228,0,0,1,Pedestrian
59,0.0,872.0,60.0,933.0,229,0,0,1,Pedestrian
59,0.0,872.0,60.0,933.0,230,0,0,0,Pedestrian
59,0.0,869.0,57.0,931.0,231,0,0,1,Pedestrian
59,0.0,869.0,57.0,931.0,232,0,0,1,Pedestrian
59,0.0,869.0,55.0,931.0,233,0,0,1,Pedestrian
59,0.0,869.0,55.0,931.0,234,0,0,1,Pedestrian
59,0.0,869.0,55.0,931.0,235,0,0,1,Pedestrian
59,0.0,869.0,52.0,931.0,236,0,0,1,Pedestrian
59,0.0,869.0,52.0,931.0,237,0,0,1,Pedestrian
59,0.0,869.0,49.0,931.0,238,0,0,1,Pedestrian
59,0.0,869.0,49.0,931.0,239,0,0,1,Pedestrian
59,0.0,869.0,49.0,931.0,240,0,0,0,Pedestrian
59,0.0,869.0,49.0,931.0,241,0,0,1,Pedestrian
59,0.0,869.0,49.0,931.0,242,0,0,1,Pedestrian
59,0.0,869.0,49.0,931.0,243,0,0,1,Pedestrian
59,0.0,869.0,49.0,931.0,244,0,0,1,Pedestrian
59,0.0,869.0,49.0,931.0,245,0,0,0,Pedestrian
59,0.0,869.0,49.0,931.0,246,0,0,1,Pedestrian
59,0.0,869.0,49.0,931.0,247,0,0,1,Pedestrian
59,0.0,869.0,49.0,931.0,248,0,0,1,Pedestrian
59,0.0,869.0,49.0,931.0,249,0,0,0,Pedestrian
59,0.0,869.0,49.0,931.0,250,0,0,1,Pedestrian
59,0.0,869.0,49.0,931.0,251,0,0,1,Pedestrian
59,0.0,869.0,49.0,931.0,252,0,0,1,Pedestrian
59,0.0,869.0,49.0,931.0,253,0,0,1,Pedestrian
59,0.0,869.0,49.0,931.0,254,0,0,1,Pedestrian
59,0.0,869.0,49.0,931.0,255,0,0,0,Pedestrian
59,0.0,869.0,49.0,931.0,256,0,0,1,Pedestrian
59,0.0,869.0,52.0,931.0,257,0,0,1,Pedestrian
59,0.0,869.0,55.0,931.0,258,0,0,1,Pedestrian
59,2.0,872.0,57.0,933.0,259,0,0,0,Pedestrian
59,2.0,872.0,57.0,933.0,260,0,0,1,Pedestrian
59,2.0,872.0,57.0,933.0,261,0,0,1,Pedestrian
59,2.0,872.0,57.0,933.0,262,0,0,1,Pedestrian
59,2.0,872.0,57.0,933.0,263,0,0,1,Pedestrian
59,2.0,872.0,57.0,933.0,264,0,0,1,Pedestrian
59,2.0,872.0,57.0,933.0,265,0,0,1,Pedestrian
59,2.0,872.0,57.0,933.0,266,0,0,1,Pedestrian
59,2.0,872.0,57.0,933.0,267,0,0,1,Pedestrian
59,2.0,872.0,57.0,933.0,268,0,0,1,Pedestrian
59,2.0,872.0,57.0,933.0,269,1,0,0,Pedestrian
59,2.0,872.0,57.0,933.0,270,1,0,1,Pedestrian
59,2.0,872.0,57.0,933.0,271,1,0,1,Pedestrian
59,2.0,872.0,57.0,933.0,272,1,0,1,Pedestrian
59,2.0,872.0,57.0,933.0,273,1,0,1,Pedestrian
59,2.0,872.0,57.0,933.0,274,1,0,1,Pedestrian
59,2.0,872.0,57.0,933.0,275,1,0,0,Pedestrian
59,2.0,872.0,57.0,933.0,276,1,0,1,Pedestrian
59,2.0,872.0,57.0,933.0,277,1,0,1,Pedestrian
59,2.0,872.0,57.0,933.0,278,1,0,1,Pedestrian
59,2.0,872.0,57.0,933.0,279,1,0,1,Pedestrian
59,2.0,872.0,57.0,933.0,280,1,0,1,Pedestrian
59,2.0,872.0,60.0,933.0,281,1,0,1,Pedestrian
59,2.0,872.0,60.0,933.0,282,1,0,1,Pedestrian
59,2.0,872.0,60.0,933.0,283,1,0,1,Pedestrian
59,2.0,872.0,60.0,933.0,284,1,0,1,Pedestrian
59,5.0,874.0,60.0,935.0,285,1,0,1,Pedestrian
59,5.0,874.0,63.0,935.0,286,1,0,1,Pedestrian
59,5.0,874.0,63.0,935.0,287,1,0,1,Pedestrian
59,5.0,874.0,63.0,935.0,288,1,0,1,Pedestrian
59,5.0,874.0,63.0,935.0,289,1,0,1,Pedestrian
59,5.0,874.0,63.0,935.0,290,1,0,1,Pedestrian
59,5.0,874.0,66.0,935.0,291,1,0,1,Pedestrian
59,5.0,874.0,66.0,935.0,292,1,0,1,Pedestrian
59,5.0,874.0,66.0,935.0,293,1,0,1,Pedestrian
59,5.0,874.0,66.0,935.0,294,1,0,1,Pedestrian
59,8.0,876.0,66.0,938.0,295,1,0,1,Pedestrian
59,8.0,876.0,68.0,938.0,296,1,0,1,Pedestrian
59,8.0,876.0,68.0,938.0,297,1,0,1,Pedestrian
59,8.0,876.0,68.0,938.0,298,1,0,1,Pedestrian
59,8.0,876.0,68.0,938.0,299,1,0,1,Pedestrian
59,8.0,876.0,68.0,938.0,300,1,0,1,Pedestrian
59,8.0,876.0,71.0,938.0,301,1,0,1,Pedestrian
59,8.0,876.0,71.0,938.0,302,1,0,1,Pedestrian
59,8.0,876.0,71.0,938.0,303,1,0,1,Pedestrian
59,8.0,876.0,71.0,938.0,304,1,0,1,Pedestrian
59,11.0,878.0,71.0,940.0,305,1,0,1,Pedestrian
59,11.0,878.0,74.0,940.0,306,1,0,1,Pedestrian
59,11.0,878.0,74.0,940.0,307,1,0,1,Pedestrian
59,11.0,878.0,74.0,940.0,308,1,0,1,Pedestrian
59,11.0,878.0,74.0,940.0,309,1,0,1,Pedestrian
59,11.0,878.0,74.0,940.0,310,1,0,1,Pedestrian
59,11.0,878.0,77.0,940.0,311,1,0,1,Pedestrian
59,11.0,878.0,77.0,940.0,312,1,0,1,Pedestrian
59,11.0,878.0,77.0,940.0,313,1,0,1,Pedestrian
59,11.0,878.0,77.0,940.0,314,1,0,1,Pedestrian
59,13.0,881.0,77.0,942.0,315,1,0,1,Pedestrian
59,13.0,881.0,79.0,942.0,316,1,0,1,Pedestrian
59,13.0,881.0,79.0,942.0,317,1,0,1,Pedestrian
59,13.0,881.0,79.0,942.0,318,1,0,1,Pedestrian
59,13.0,881.0,79.0,942.0,319,1,0,1,Pedestrian
59,13.0,881.0,79.0,942.0,320,1,0,1,Pedestrian
59,13.0,881.0,79.0,942.0,321,1,0,1,Pedestrian
59,13.0,881.0,82.0,942.0,322,1,0,1,Pedestrian
59,13.0,881.0,82.0,942.0,323,1,0,1,Pedestrian
59,13.0,881.0,82.0,942.0,324,1,0,1,Pedestrian
59,16.0,883.0,82.0,944.0,325,1,0,1,Pedestrian
59,16.0,883.0,82.0,944.0,326,1,0,1,Pedestrian
59,16.0,883.0,85.0,944.0,327,1,0,1,Pedestrian
59,16.0,883.0,85.0,944.0,328,1,0,1,Pedestrian
59,16.0,883.0,85.0,944.0,329,1,0,1,Pedestrian
59,16.0,883.0,85.0,944.0,330,1,0,1,Pedestrian
59,16.0,883.0,85.0,944.0,331,1,0,1,Pedestrian
59,16.0,883.0,88.0,944.0,332,1,0,1,Pedestrian
59,16.0,883.0,88.0,944.0,333,1,0,1,Pedestrian
59,16.0,883.0,88.0,944.0,334,1,0,1,Pedestrian
59,19.0,885.0,88.0,947.0,335,1,0,1,Pedestrian
59,19.0,885.0,88.0,947.0,336,1,0,1,Pedestrian
59,19.0,885.0,90.0,947.0,337,1,0,1,Pedestrian
59,19.0,885.0,90.0,947.0,338,1,0,1,Pedestrian
59,19.0,885.0,90.0,947.0,339,1,0,1,Pedestrian
59,19.0,885.0,90.0,947.0,340,1,0,1,Pedestrian
59,19.0,885.0,90.0,947.0,341,1,0,1,Pedestrian
59,19.0,885.0,93.0,947.0,342,1,0,1,Pedestrian
59,19.0,885.0,93.0,947.0,343,1,0,1,Pedestrian
59,22.0,888.0,93.0,949.0,344,1,0,1,Pedestrian
59,22.0,888.0,93.0,949.0,345,1,0,1,Pedestrian
59,22.0,888.0,93.0,949.0,346,1,0,1,Pedestrian
59,22.0,888.0,96.0,949.0,347,1,0,1,Pedestrian
59,22.0,888.0,96.0,949.0,348,1,0,1,Pedestrian
59,22.0,888.0,96.0,949.0,349,1,0,1,Pedestrian
59,22.0,888.0,96.0,949.0,350,1,0,1,Pedestrian
59,22.0,888.0,96.0,949.0,351,1,0,1,Pedestrian
59,22.0,888.0,99.0,949.0,352,1,0,1,Pedestrian
59,22.0,888.0,99.0,949.0,353,1,0,1,Pedestrian
59,24.0,890.0,99.0,951.0,354,1,0,1,Pedestrian
59,24.0,890.0,99.0,951.0,355,1,0,1,Pedestrian
59,24.0,890.0,99.0,951.0,356,1,0,1,Pedestrian
59,24.0,890.0,101.0,951.0,357,1,0,1,Pedestrian
59,24.0,890.0,101.0,951.0,358,1,0,1,Pedestrian
59,24.0,890.0,101.0,951.0,359,1,0,1,Pedestrian
59,24.0,890.0,101.0,951.0,360,1,0,1,Pedestrian
59,24.0,890.0,101.0,951.0,361,1,0,1,Pedestrian
59,24.0,890.0,101.0,951.0,362,1,0,1,Pedestrian
59,24.0,890.0,104.0,951.0,363,1,0,1,Pedestrian
59,27.0,892.0,104.0,954.0,364,1,0,1,Pedestrian
59,27.0,892.0,104.0,954.0,365,1,0,1,Pedestrian
59,27.0,892.0,104.0,954.0,366,1,0,1,Pedestrian
59,27.0,892.0,104.0,954.0,367,1,0,1,Pedestrian
59,27.0,892.0,107.0,954.0,368,1,0,1,Pedestrian
59,27.0,892.0,107.0,954.0,369,1,0,1,Pedestrian
59,27.0,892.0,107.0,954.0,370,1,0,1,Pedestrian
59,27.0,892.0,107.0,954.0,371,1,0,1,Pedestrian
59,27.0,892.0,107.0,954.0,372,1,0,1,Pedestrian
59,27.0,892.0,110.0,954.0,373,1,0,1,Pedestrian
59,30.0,894.0,110.0,956.0,374,1,0,1,Pedestrian
59,30.0,894.0,110.0,956.0,375,1,0,1,Pedestrian
59,30.0,894.0,110.0,956.0,376,1,0,1,Pedestrian
59,30.0,894.0,110.0,956.0,377,1,0,1,Pedestrian
59,30.0,894.0,112.0,956.0,378,1,0,1,Pedestrian
59,30.0,894.0,112.0,956.0,379,1,0,1,Pedestrian
59,30.0,894.0,112.0,956.0,380,1,0,1,Pedestrian
59,30.0,894.0,112.0,956.0,381,1,0,1,Pedestrian
59,30.0,894.0,112.0,956.0,382,1,0,1,Pedestrian
59,30.0,894.0,115.0,956.0,383,1,0,1,Pedestrian
59,33.0,897.0,115.0,958.0,384,1,0,1,Pedestrian
59,33.0,897.0,115.0,958.0,385,1,0,1,Pedestrian
59,33.0,897.0,115.0,958.0,386,1,0,1,Pedestrian
59,33.0,897.0,115.0,958.0,387,1,0,1,Pedestrian
59,33.0,897.0,118.0,958.0,388,1,0,1,Pedestrian
59,33.0,897.0,118.0,958.0,389,1,0,1,Pedestrian
59,33.0,897.0,118.0,958.0,390,1,0,1,Pedestrian
59,33.0,897.0,118.0,958.0,391,1,0,1,Pedestrian
59,33.0,897.0,118.0,958.0,392,1,0,1,Pedestrian
59,33.0,897.0,121.0,958.0,393,1,0,1,Pedestrian
59,35.0,899.0,121.0,960.0,394,1,0,1,Pedestrian
59,35.0,899.0,121.0,960.0,395,1,0,1,Pedestrian
59,35.0,899.0,121.0,960.0,396,1,0,1,Pedestrian
59,35.0,899.0,121.0,960.0,397,1,0,1,Pedestrian
59,35.0,899.0,123.0,960.0,398,1,0,1,Pedestrian
59,35.0,899.0,123.0,960.0,399,1,0,1,Pedestrian
59,35.0,899.0,123.0,960.0,400,1,0,1,Pedestrian
59,35.0,899.0,123.0,960.0,401,1,0,1,Pedestrian
59,35.0,899.0,123.0,960.0,402,1,0,1,Pedestrian
59,38.0,901.0,126.0,963.0,403,1,0,1,Pedestrian
59,38.0,901.0,126.0,963.0,404,1,0,1,Pedestrian
59,38.0,901.0,126.0,963.0,405,1,0,1,Pedestrian
59,38.0,901.0,126.0,963.0,406,1,0,1,Pedestrian
59,38.0,901.0,126.0,963.0,407,1,0,1,Pedestrian
59,38.0,901.0,126.0,963.0,408,1,0,1,Pedestrian
59,38.0,901.0,129.0,963.0,409,1,0,1,Pedestrian
59,38.0,901.0,129.0,963.0,410,1,0,1,Pedestrian
59,38.0,901.0,129.0,963.0,411,1,0,1,Pedestrian
59,38.0,901.0,129.0,963.0,412,1,0,1,Pedestrian
59,41.0,904.0,129.0,965.0,413,1,0,1,Pedestrian
59,41.0,904.0,132.0,965.0,414,1,0,1,Pedestrian
59,41.0,904.0,132.0,965.0,415,1,0,1,Pedestrian
59,41.0,904.0,132.0,965.0,416,1,0,1,Pedestrian
59,41.0,904.0,132.0,965.0,417,1,0,1,Pedestrian
59,41.0,904.0,132.0,965.0,418,1,0,1,Pedestrian
59,41.0,904.0,134.0,965.0,419,1,0,1,Pedestrian
59,41.0,904.0,134.0,965.0,420,1,0,1,Pedestrian
59,41.0,904.0,134.0,965.0,421,1,0,1,Pedestrian
59,41.0,904.0,134.0,965.0,422,1,0,1,Pedestrian
59,44.0,906.0,134.0,967.0,423,1,0,1,Pedestrian
59,44.0,906.0,137.0,967.0,424,1,0,1,Pedestrian
59,44.0,906.0,137.0,967.0,425,1,0,1,Pedestrian
59,44.0,906.0,137.0,967.0,426,1,0,1,Pedestrian
59,44.0,906.0,137.0,967.0,427,1,0,1,Pedestrian
59,44.0,906.0,137.0,967.0,428,1,0,1,Pedestrian
59,44.0,906.0,140.0,967.0,429,1,0,1,Pedestrian
59,44.0,906.0,140.0,967.0,430,1,0,1,Pedestrian
59,44.0,906.0,140.0,967.0,431,1,0,1,Pedestrian
59,44.0,906.0,140.0,967.0,432,1,0,1,Pedestrian
59,46.0,908.0,140.0,970.0,433,1,0,1,Pedestrian
59,46.0,908.0,143.0,970.0,434,1,0,1,Pedestrian
59,46.0,908.0,143.0,970.0,435,1,0,1,Pedestrian
59,46.0,908.0,143.0,970.0,436,1,0,1,Pedestrian
59,46.0,908.0,143.0,970.0,437,1,0,1,Pedestrian
59,46.0,908.0,143.0,970.0,438,1,0,1,Pedestrian
59,46.0,908.0,145.0,970.0,439,1,0,1,Pedestrian
59,46.0,908.0,145.0,970.0,440,1,0,1,Pedestrian
59,46.0,908.0,145.0,970.0,441,1,0,1,Pedestrian
59,46.0,908.0,145.0,970.0,442,1,0,1,Pedestrian
59,49.0,910.0,145.0,972.0,443,1,0,1,Pedestrian
59,49.0,910.0,148.0,972.0,444,1,0,1,Pedestrian
59,49.0,910.0,148.0,972.0,445,1,0,1,Pedestrian
59,49.0,910.0,148.0,972.0,446,1,0,1,Pedestrian
59,49.0,910.0,148.0,972.0,447,1,0,1,Pedestrian
59,49.0,910.0,148.0,972.0,448,1,0,1,Pedestrian
59,49.0,910.0,148.0,972.0,449,1,0,1,Pedestrian
59,49.0,910.0,151.0,972.0,450,1,0,1,Pedestrian
59,49.0,910.0,151.0,972.0,451,1,0,1,Pedestrian
59,49.0,910.0,151.0,972.0,452,1,0,1,Pedestrian
59,52.0,913.0,151.0,974.0,453,1,0,1,Pedestrian
59,52.0,913.0,151.0,974.0,454,1,0,1,Pedestrian
59,52.0,913.0,154.0,974.0,455,1,0,1,Pedestrian
59,52.0,913.0,154.0,974.0,456,1,0,1,Pedestrian
59,52.0,913.0,154.0,974.0,457,1,0,1,Pedestrian
59,52.0,913.0,154.0,974.0,458,1,0,1,Pedestrian
59,52.0,913.0,154.0,974.0,459,1,0,1,Pedestrian
59,52.0,913.0,156.0,974.0,460,1,0,1,Pedestrian
59,52.0,913.0,156.0,974.0,461,1,0,1,Pedestrian
59,52.0,913.0,156.0,974.0,462,1,0,1,Pedestrian
59,55.0,915.0,156.0,976.0,463,1,0,1,Pedestrian
59,55.0,915.0,156.0,976.0,464,1,0,1,Pedestrian
59,55.0,915.0,159.0,976.0,465,1,0,1,Pedestrian
59,55.0,915.0,159.0,976.0,466,1,0,1,Pedestrian
59,55.0,915.0,159.0,976.0,467,1,0,1,Pedestrian
59,55.0,915.0,159.0,976.0,468,1,0,1,Pedestrian
59,55.0,915.0,159.0,976.0,469,1,0,1,Pedestrian
59,55.0,915.0,162.0,976.0,470,1,0,1,Pedestrian
59,55.0,915.0,162.0,976.0,471,1,0,1,Pedestrian
59,57.0,917.0,162.0,979.0,472,1,0,1,Pedestrian
59,57.0,917.0,162.0,979.0,473,1,0,1,Pedestrian
59,57.0,917.0,162.0,979.0,474,1,0,1,Pedestrian
59,57.0,917.0,165.0,979.0,475,1,0,1,Pedestrian
59,57.0,917.0,165.0,979.0,476,1,0,1,Pedestrian
59,57.0,917.0,165.0,979.0,477,1,0,1,Pedestrian
59,57.0,917.0,165.0,979.0,478,1,0,1,Pedestrian
59,57.0,917.0,165.0,979.0,479,1,0,1,Pedestrian
59,57.0,917.0,167.0,979.0,480,1,0,1,Pedestrian
59,57.0,917.0,167.0,979.0,481,1,0,1,Pedestrian
59,60.0,919.0,167.0,981.0,482,1,0,1,Pedestrian
59,60.0,919.0,167.0,981.0,483,1,0,1,Pedestrian
59,60.0,919.0,167.0,981.0,484,1,0,1,Pedestrian
59,60.0,919.0,170.0,981.0,485,1,0,1,Pedestrian
59,60.0,919.0,170.0,981.0,486,1,0,1,Pedestrian
59,60.0,919.0,170.0,981.0,487,1,0,1,Pedestrian
59,60.0,919.0,170.0,981.0,488,1,0,1,Pedestrian
59,60.0,919.0,170.0,981.0,489,1,0,1,Pedestrian
59,60.0,919.0,170.0,981.0,490,1,0,1,Pedestrian
59,60.0,919.0,173.0,981.0,491,1,0,1,Pedestrian
59,63.0,922.0,173.0,983.0,492,1,0,1,Pedestrian
59,63.0,922.0,173.0,983.0,493,1,0,1,Pedestrian
59,63.0,922.0,173.0,983.0,494,1,0,1,Pedestrian
59,63.0,922.0,173.0,983.0,495,1,0,1,Pedestrian
59,63.0,922.0,176.0,983.0,496,1,0,1,Pedestrian
59,63.0,922.0,176.0,983.0,497,1,0,1,Pedestrian
59,63.0,922.0,176.0,983.0,498,1,0,1,Pedestrian
59,63.0,922.0,176.0,983.0,499,1,0,1,Pedestrian
59,63.0,922.0,176.0,983.0,500,1,0,1,Pedestrian
59,63.0,922.0,178.0,983.0,501,1,0,1,Pedestrian
59,66.0,924.0,178.0,985.0,502,1,0,1,Pedestrian
59,66.0,924.0,178.0,985.0,503,1,0,1,Pedestrian
59,66.0,924.0,178.0,985.0,504,1,0,1,Pedestrian
59,66.0,924.0,178.0,985.0,505,1,0,1,Pedestrian
59,66.0,924.0,181.0,985.0,506,1,0,1,Pedestrian
59,66.0,924.0,181.0,985.0,507,1,0,1,Pedestrian
59,66.0,924.0,181.0,985.0,508,1,0,1,Pedestrian
59,66.0,924.0,181.0,985.0,509,1,0,1,Pedestrian
59,66.0,924.0,181.0,985.0,510,1,0,1,Pedestrian
59,66.0,924.0,184.0,985.0,511,1,0,1,Pedestrian
59,68.0,926.0,184.0,988.0,512,1,0,1,Pedestrian
59,68.0,926.0,184.0,988.0,513,1,0,1,Pedestrian
59,68.0,926.0,184.0,988.0,514,1,0,1,Pedestrian
59,68.0,926.0,184.0,988.0,515,1,0,1,Pedestrian
59,68.0,926.0,187.0,988.0,516,1,0,1,Pedestrian
59,68.0,926.0,187.0,988.0,517,1,0,1,Pedestrian
59,68.0,926.0,187.0,988.0,518,1,0,1,Pedestrian
59,68.0,926.0,187.0,988.0,519,1,0,1,Pedestrian
59,68.0,926.0,187.0,988.0,520,1,0,1,Pedestrian
59,68.0,926.0,189.0,988.0,521,1,0,1,Pedestrian
59,71.0,929.0,189.0,990.0,522,1,0,1,Pedestrian
59,71.0,929.0,189.0,990.0,523,1,0,1,Pedestrian
59,71.0,929.0,189.0,990.0,524,1,0,1,Pedestrian
59,71.0,929.0,189.0,990.0,525,1,0,1,Pedestrian
59,71.0,929.0,192.0,990.0,526,1,0,1,Pedestrian
59,71.0,929.0,192.0,990.0,527,1,0,1,Pedestrian
59,71.0,929.0,192.0,990.0,528,1,0,1,Pedestrian
59,71.0,929.0,192.0,990.0,529,1,0,1,Pedestrian
59,71.0,929.0,192.0,990.0,530,1,0,1,Pedestrian
59,74.0,931.0,195.0,992.0,531,1,0,0,Pedestrian
60,1342.0,897.0,1435.0,981.0,0,0,0,0,Biker
60,1344.0,894.0,1438.0,979.0,1,0,0,1,Biker
60,1350.0,894.0,1443.0,979.0,2,0,0,1,Biker
60,1355.0,894.0,1449.0,979.0,3,0,0,1,Biker
60,1361.0,894.0,1454.0,979.0,4,0,0,1,Biker
60,1366.0,894.0,1460.0,979.0,5,0,0,1,Biker
60,1372.0,894.0,1465.0,979.0,6,0,0,1,Biker
60,1377.0,894.0,1471.0,979.0,7,0,0,1,Biker
60,1380.0,894.0,1474.0,979.0,8,0,0,1,Biker
60,1386.0,894.0,1479.0,979.0,9,0,0,1,Biker
60,1391.0,894.0,1485.0,979.0,10,0,0,1,Biker
60,1397.0,894.0,1490.0,979.0,11,0,0,1,Biker
60,1402.0,894.0,1496.0,979.0,12,0,0,1,Biker
60,1408.0,894.0,1501.0,979.0,13,0,0,1,Biker
60,1413.0,894.0,1507.0,979.0,14,0,0,1,Biker
60,1419.0,894.0,1512.0,979.0,15,0,0,1,Biker
60,1421.0,894.0,1515.0,979.0,16,0,0,1,Biker
60,1427.0,894.0,1520.0,979.0,17,0,0,1,Biker
60,1432.0,894.0,1526.0,979.0,18,0,0,1,Biker
60,1438.0,894.0,1531.0,979.0,19,0,0,1,Biker
60,1443.0,894.0,1537.0,979.0,20,0,0,1,Biker
60,1449.0,894.0,1542.0,979.0,21,0,0,1,Biker
60,1454.0,894.0,1548.0,979.0,22,0,0,1,Biker
60,1457.0,894.0,1551.0,979.0,23,0,0,1,Biker
60,1463.0,894.0,1556.0,979.0,24,0,0,1,Biker
60,1468.0,894.0,1562.0,979.0,25,0,0,1,Biker
60,1474.0,894.0,1567.0,979.0,26,0,0,1,Biker
60,1479.0,894.0,1573.0,979.0,27,0,0,1,Biker
60,1485.0,894.0,1578.0,979.0,28,0,0,1,Biker
60,1490.0,894.0,1584.0,979.0,29,0,0,1,Biker
60,1496.0,894.0,1589.0,979.0,30,0,0,0,Biker
60,1498.0,894.0,1592.0,979.0,31,0,0,1,Biker
60,1504.0,894.0,1597.0,979.0,32,0,0,1,Biker
60,1509.0,894.0,1603.0,979.0,33,0,0,1,Biker
60,1515.0,894.0,1608.0,979.0,34,0,0,1,Biker
60,1520.0,894.0,1614.0,979.0,35,0,0,1,Biker
60,1526.0,894.0,1619.0,979.0,36,0,0,1,Biker
60,1531.0,894.0,1625.0,979.0,37,0,0,1,Biker
60,1537.0,894.0,1630.0,979.0,38,0,0,1,Biker
60,1542.0,894.0,1636.0,979.0,39,0,0,1,Biker
60,1548.0,897.0,1641.0,981.0,40,0,0,1,Biker
60,1553.0,897.0,1647.0,981.0,41,0,0,1,Biker
60,1559.0,897.0,1652.0,981.0,42,0,0,1,Biker
60,1564.0,897.0,1658.0,981.0,43,0,0,1,Biker
60,1570.0,897.0,1663.0,981.0,44,0,0,1,Biker
60,1575.0,897.0,1669.0,981.0,45,0,0,1,Biker
60,1578.0,897.0,1672.0,981.0,46,0,0,1,Biker
60,1584.0,897.0,1677.0,981.0,47,0,0,1,Biker
60,1589.0,897.0,1683.0,981.0,48,0,0,1,Biker
60,1595.0,897.0,1688.0,981.0,49,0,0,1,Biker
60,1600.0,899.0,1694.0,983.0,50,0,0,1,Biker
60,1606.0,899.0,1699.0,983.0,51,0,0,1,Biker
60,1611.0,899.0,1705.0,983.0,52,0,0,1,Biker
60,1617.0,899.0,1710.0,983.0,53,0,0,1,Biker
60,1622.0,899.0,1716.0,983.0,54,0,0,1,Biker
60,1628.0,899.0,1721.0,983.0,55,0,0,1,Biker
60,1633.0,899.0,1727.0,983.0,56,0,0,1,Biker
60,1639.0,899.0,1732.0,983.0,57,0,0,1,Biker
60,1644.0,899.0,1738.0,983.0,58,0,0,1,Biker
60,1650.0,899.0,1743.0,983.0,59,0,0,1,Biker
60,1655.0,901.0,1749.0,985.0,60,0,0,0,Biker
60,1658.0,899.0,1751.0,983.0,61,0,0,1,Biker
60,1663.0,899.0,1757.0,983.0,62,0,0,1,Biker
60,1666.0,899.0,1760.0,983.0,63,0,0,1,Biker
60,1672.0,899.0,1765.0,983.0,64,0,0,1,Biker
60,1677.0,897.0,1771.0,981.0,65,0,0,1,Biker
60,1680.0,897.0,1773.0,981.0,66,0,0,1,Biker
60,1685.0,897.0,1779.0,981.0,67,0,0,1,Biker
60,1691.0,897.0,1784.0,981.0,68,0,0,1,Biker
60,1694.0,894.0,1787.0,979.0,69,0,0,1,Biker
60,1699.0,894.0,1793.0,979.0,70,0,0,1,Biker
60,1705.0,894.0,1798.0,979.0,71,0,0,1,Biker
60,1707.0,894.0,1801.0,979.0,72,0,0,1,Biker
60,1713.0,892.0,1806.0,976.0,73,0,0,1,Biker
60,1718.0,892.0,1812.0,976.0,74,0,0,1,Biker
60,1721.0,892.0,1815.0,976.0,75,0,0,1,Biker
60,1727.0,892.0,1820.0,976.0,76,0,0,1,Biker
60,1732.0,890.0,1826.0,974.0,77,0,0,1,Biker
60,1735.0,890.0,1828.0,974.0,78,0,0,1,Biker
60,1740.0,890.0,1834.0,974.0,79,0,0,1,Biker
60,1746.0,890.0,1839.0,974.0,80,0,0,0,Biker
60,1749.0,888.0,1842.0,972.0,81,0,0,1,Biker
60,1751.0,888.0,1845.0,972.0,82,0,0,1,Biker
60,1757.0,885.0,1850.0,970.0,83,0,0,1,Biker
60,1760.0,885.0,1853.0,970.0,84,0,0,1,Biker
60,1765.0,883.0,1859.0,967.0,85,0,0,1,Biker
60,1768.0,883.0,1861.0,967.0,86,0,0,1,Biker
60,1773.0,881.0,1867.0,965.0,87,0,0,1,Biker
60,1776.0,881.0,1870.0,965.0,88,0,0,1,Biker
60,1782.0,878.0,1875.0,963.0,89,0,0,1,Biker
60,1784.0,878.0,1878.0,963.0,90,0,0,1,Biker
60,1787.0,878.0,1881.0,963.0,91,0,0,1,Biker
60,1793.0,876.0,1886.0,960.0,92,0,0,1,Biker
60,1795.0,876.0,1889.0,960.0,93,0,0,1,Biker
60,1801.0,874.0,1894.0,958.0,94,0,0,1,Biker
60,1804.0,874.0,1897.0,958.0,95,0,0,1,Biker
60,1809.0,872.0,1903.0,956.0,96,0,0,1,Biker
60,1812.0,872.0,1905.0,956.0,97,0,0,1,Biker
60,1817.0,869.0,1911.0,954.0,98,0,0,1,Biker
60,1820.0,869.0,1914.0,954.0,99,0,0,1,Biker
60,1826.0,869.0,1919.0,954.0,100,0,0,0,Biker
60,1831.0,867.0,1925.0,951.0,101,0,0,1,Biker
60,1839.0,865.0,1930.0,949.0,102,0,0,1,Biker
60,1848.0,863.0,1936.0,947.0,103,0,0,1,Biker
60,1853.0,860.0,1941.0,944.0,104,0,0,1,Biker
60,1861.0,860.0,1947.0,944.0,105,0,0,1,Biker
60,1870.0,858.0,1952.0,942.0,106,0,0,1,Biker
60,1875.0,856.0,1958.0,940.0,107,0,0,1,Biker
60,1883.0,853.0,1963.0,938.0,108,0,0,1,Biker
60,1892.0,851.0,1969.0,935.0,109,0,0,1,Biker
60,1900.0,851.0,1977.0,935.0,110,0,0,0,Biker
60,1900.0,849.0,1977.0,933.0,111,0,0,1,Biker
60,1903.0,849.0,1977.0,933.0,112,0,0,1,Biker
60,1905.0,849.0,1977.0,933.0,113,0,0,1,Biker
60,1908.0,849.0,1977.0,933.0,114,0,0,1,Biker
60,1911.0,849.0,1977.0,933.0,115,0,0,1,Biker
60,1911.0,847.0,1977.0,931.0,116,0,0,1,Biker
60,1914.0,847.0,1977.0,931.0,117,0,0,1,Biker
60,1916.0,847.0,1977.0,931.0,118,0,0,1,Biker
60,1919.0,847.0,1977.0,931.0,119,0,0,1,Biker
60,1922.0,847.0,1977.0,931.0,120,1,0,0,Biker
60,1922.0,847.0,1977.0,931.0,121,1,0,1,Biker
60,1922.0,847.0,1977.0,931.0,122,1,0,1,Biker
60,1922.0,847.0,1977.0,931.0,123,1,0,1,Biker
60,1922.0,847.0,1977.0,931.0,124,1,0,1,Biker
60,1922.0,847.0,1977.0,931.0,125,1,0,1,Biker
60,1922.0,847.0,1977.0,931.0,126,1,0,1,Biker
60,1922.0,847.0,1977.0,931.0,127,1,0,1,Biker
60,1922.0,847.0,1977.0,931.0,128,1,0,1,Biker
60,1922.0,847.0,1977.0,931.0,129,1,0,1,Biker
60,1922.0,847.0,1977.0,931.0,130,1,0,0,Biker
60,1919.0,847.0,1974.0,931.0,131,1,0,1,Biker
60,1919.0,847.0,1974.0,931.0,132,1,0,1,Biker
60,1919.0,847.0,1974.0,931.0,133,1,0,1,Biker
60,1919.0,847.0,1974.0,931.0,134,1,0,1,Biker
60,1919.0,847.0,1974.0,931.0,135,1,0,1,Biker
60,1919.0,847.0,1974.0,931.0,136,1,0,1,Biker
60,1916.0,847.0,1974.0,931.0,137,1,0,1,Biker
60,1916.0,847.0,1974.0,931.0,138,1,0,1,Biker
60,1916.0,847.0,1971.0,931.0,139,1,0,1,Biker
60,1916.0,847.0,1971.0,931.0,140,1,0,1,Biker
60,1916.0,847.0,1971.0,931.0,141,1,0,1,Biker
60,1916.0,847.0,1971.0,931.0,142,1,0,1,Biker
60,1914.0,847.0,1971.0,931.0,143,1,0,1,Biker
60,1914.0,847.0,1971.0,931.0,144,1,0,1,Biker
60,1914.0,847.0,1971.0,931.0,145,1,0,1,Biker
60,1914.0,847.0,1971.0,931.0,146,1,0,1,Biker
60,1914.0,847.0,1969.0,931.0,147,1,0,1,Biker
60,1914.0,847.0,1969.0,931.0,148,1,0,1,Biker
60,1911.0,847.0,1969.0,931.0,149,1,0,1,Biker
60,1911.0,847.0,1969.0,931.0,150,1,0,1,Biker
60,1911.0,847.0,1969.0,931.0,151,1,0,1,Biker
60,1911.0,849.0,1969.0,933.0,152,1,0,1,Biker
60,1911.0,849.0,1969.0,933.0,153,1,0,1,Biker
60,1911.0,849.0,1969.0,933.0,154,1,0,1,Biker
60,1911.0,849.0,1966.0,933.0,155,1,0,1,Biker
60,1908.0,849.0,1966.0,933.0,156,1,0,1,Biker
60,1908.0,849.0,1966.0,933.0,157,1,0,1,Biker
60,1908.0,849.0,1966.0,933.0,158,1,0,1,Biker
60,1908.0,849.0,1966.0,933.0,159,1,0,1,Biker
60,1908.0,849.0,1966.0,933.0,160,1,0,1,Biker
60,1908.0,849.0,1966.0,933.0,161,1,0,1,Biker
60,1905.0,849.0,1966.0,933.0,162,1,0,1,Biker
60,1905.0,849.0,1963.0,933.0,163,1,0,1,Biker
60,1905.0,849.0,1963.0,933.0,164,1,0,1,Biker
60,1905.0,849.0,1963.0,933.0,165,1,0,1,Biker
60,1905.0,849.0,1963.0,933.0,166,1,0,1,Biker
60,1905.0,849.0,1963.0,933.0,167,1,0,1,Biker
60,1903.0,849.0,1963.0,933.0,168,1,0,1,Biker
60,1903.0,849.0,1963.0,933.0,169,1,0,1,Biker
60,1903.0,849.0,1963.0,933.0,170,1,0,1,Biker
60,1903.0,849.0,1960.0,933.0,171,1,0,1,Biker
60,1903.0,849.0,1960.0,933.0,172,1,0,1,Biker
60,1903.0,851.0,1960.0,935.0,173,1,0,1,Biker
60,1900.0,851.0,1960.0,935.0,174,1,0,1,Biker
60,1900.0,851.0,1960.0,935.0,175,1,0,1,Biker
60,1900.0,851.0,1960.0,935.0,176,1,0,1,Biker
60,1900.0,851.0,1960.0,935.0,177,1,0,1,Biker
60,1900.0,851.0,1960.0,935.0,178,1,0,1,Biker
60,1900.0,851.0,1958.0,935.0,179,1,0,1,Biker
60,1900.0,851.0,1958.0,935.0,180,1,0,1,Biker
60,1897.0,851.0,1958.0,935.0,181,1,0,1,Biker
60,1897.0,851.0,1958.0,935.0,182,1,0,1,Biker
60,1897.0,851.0,1958.0,935.0,183,1,0,1,Biker
60,1897.0,851.0,1958.0,935.0,184,1,0,1,Biker
60,1897.0,851.0,1958.0,935.0,185,1,0,1,Biker
60,1897.0,851.0,1958.0,935.0,186,1,0,1,Biker
60,1894.0,851.0,1955.0,935.0,187,1,0,1,Biker
60,1894.0,851.0,1955.0,935.0,188,1,0,1,Biker
60,1894.0,851.0,1955.0,935.0,189,1,0,1,Biker
60,1894.0,851.0,1955.0,935.0,190,1,0,1,Biker
60,1894.0,851.0,1955.0,935.0,191,1,0,1,Biker
60,1894.0,851.0,1955.0,935.0,192,1,0,1,Biker
60,1892.0,851.0,1955.0,935.0,193,1,0,1,Biker
60,1892.0,853.0,1955.0,938.0,194,1,0,1,Biker
60,1892.0,853.0,1952.0,938.0,195,1,0,1,Biker
60,1892.0,853.0,1952.0,938.0,196,1,0,1,Biker
60,1892.0,853.0,1952.0,938.0,197,1,0,1,Biker
60,1892.0,853.0,1952.0,938.0,198,1,0,1,Biker
60,1889.0,853.0,1952.0,938.0,199,1,0,1,Biker
60,1889.0,853.0,1952.0,938.0,200,1,0,1,Biker
60,1889.0,853.0,1952.0,938.0,201,1,0,1,Biker
60,1889.0,853.0,1952.0,938.0,202,1,0,1,Biker
60,1889.0,853.0,1949.0,938.0,203,1,0,1,Biker
60,1889.0,853.0,1949.0,938.0,204,1,0,1,Biker
60,1889.0,853.0,1949.0,938.0,205,1,0,1,Biker
60,1886.0,853.0,1949.0,938.0,206,1,0,1,Biker
60,1886.0,853.0,1949.0,938.0,207,1,0,1,Biker
60,1886.0,853.0,1949.0,938.0,208,1,0,1,Biker
60,1886.0,853.0,1949.0,938.0,209,1,0,1,Biker
60,1886.0,853.0,1949.0,938.0,210,1,0,1,Biker
60,1886.0,853.0,1947.0,938.0,211,1,0,1,Biker
60,1883.0,853.0,1947.0,938.0,212,1,0,1,Biker
60,1883.0,853.0,1947.0,938.0,213,1,0,1,Biker
60,1883.0,853.0,1947.0,938.0,214,1,0,1,Biker
60,1883.0,856.0,1947.0,940.0,215,1,0,1,Biker
60,1883.0,856.0,1947.0,940.0,216,1,0,1,Biker
60,1883.0,856.0,1947.0,940.0,217,1,0,1,Biker
60,1881.0,856.0,1947.0,940.0,218,1,0,1,Biker
60,1881.0,856.0,1944.0,940.0,219,1,0,1,Biker
60,1881.0,856.0,1944.0,940.0,220,1,0,1,Biker
60,1881.0,856.0,1944.0,940.0,221,1,0,1,Biker
60,1881.0,856.0,1944.0,940.0,222,1,0,1,Biker
60,1881.0,856.0,1944.0,940.0,223,1,0,1,Biker
60,1878.0,856.0,1944.0,940.0,224,1,0,1,Biker
60,1878.0,856.0,1944.0,940.0,225,1,0,1,Biker
60,1878.0,856.0,1944.0,940.0,226,1,0,1,Biker
60,1878.0,856.0,1941.0,940.0,227,1,0,1,Biker
60,1878.0,856.0,1941.0,940.0,228,1,0,1,Biker
60,1878.0,856.0,1941.0,940.0,229,1,0,1,Biker
60,1878.0,856.0,1941.0,940.0,230,1,0,1,Biker
60,1875.0,856.0,1941.0,940.0,231,1,0,1,Biker
60,1875.0,856.0,1941.0,940.0,232,1,0,1,Biker
60,1875.0,856.0,1941.0,940.0,233,1,0,1,Biker
60,1875.0,856.0,1941.0,940.0,234,1,0,1,Biker
60,1875.0,856.0,1938.0,940.0,235,1,0,1,Biker
60,1875.0,858.0,1938.0,942.0,236,1,0,1,Biker
60,1872.0,858.0,1938.0,942.0,237,1,0,1,Biker
60,1872.0,858.0,1938.0,942.0,238,1,0,1,Biker
60,1872.0,858.0,1938.0,942.0,239,1,0,1,Biker
60,1872.0,858.0,1938.0,942.0,240,1,0,1,Biker
60,1872.0,858.0,1938.0,942.0,241,1,0,1,Biker
60,1872.0,858.0,1938.0,942.0,242,1,0,1,Biker
60,1870.0,858.0,1936.0,942.0,243,1,0,1,Biker
60,1870.0,858.0,1936.0,942.0,244,1,0,1,Biker
60,1870.0,858.0,1936.0,942.0,245,1,0,1,Biker
60,1870.0,858.0,1936.0,942.0,246,1,0,1,Biker
60,1870.0,858.0,1936.0,942.0,247,1,0,1,Biker
60,1870.0,858.0,1936.0,942.0,248,1,0,1,Biker
60,1870.0,858.0,1936.0,942.0,249,1,0,1,Biker
60,1867.0,858.0,1936.0,942.0,250,1,0,1,Biker
60,1867.0,858.0,1933.0,942.0,251,1,0,1,Biker
60,1867.0,858.0,1933.0,942.0,252,1,0,1,Biker
60,1867.0,858.0,1933.0,942.0,253,1,0,1,Biker
60,1867.0,858.0,1933.0,942.0,254,1,0,1,Biker
60,1867.0,858.0,1933.0,942.0,255,1,0,1,Biker
60,1864.0,858.0,1933.0,942.0,256,1,0,1,Biker
60,1864.0,860.0,1933.0,944.0,257,1,0,1,Biker
60,1864.0,860.0,1933.0,944.0,258,1,0,1,Biker
60,1864.0,860.0,1930.0,944.0,259,1,0,1,Biker
60,1864.0,860.0,1930.0,944.0,260,1,0,1,Biker
60,1864.0,860.0,1930.0,944.0,261,1,0,1,Biker
60,1861.0,860.0,1930.0,944.0,262,1,0,1,Biker
60,1861.0,860.0,1930.0,944.0,263,1,0,1,Biker
60,1861.0,860.0,1930.0,944.0,264,1,0,1,Biker
60,1861.0,860.0,1930.0,944.0,265,1,0,1,Biker
60,1861.0,860.0,1930.0,944.0,266,1,0,1,Biker
60,1861.0,860.0,1927.0,944.0,267,1,0,1,Biker
60,1859.0,860.0,1927.0,944.0,268,1,0,1,Biker
60,1859.0,860.0,1927.0,944.0,269,1,0,1,Biker
60,1859.0,860.0,1927.0,944.0,270,1,0,1,Biker
60,1859.0,860.0,1927.0,944.0,271,1,0,1,Biker
60,1859.0,860.0,1927.0,944.0,272,1,0,1,Biker
60,1859.0,860.0,1927.0,944.0,273,1,0,1,Biker
60,1859.0,860.0,1927.0,944.0,274,1,0,1,Biker
60,1856.0,860.0,1925.0,944.0,275,1,0,1,Biker
60,1856.0,860.0,1925.0,944.0,276,1,0,1,Biker
60,1856.0,860.0,1925.0,944.0,277,1,0,1,Biker
60,1856.0,863.0,1925.0,947.0,278,1,0,1,Biker
60,1856.0,863.0,1925.0,947.0,279,1,0,1,Biker
60,1856.0,863.0,1925.0,947.0,280,1,0,1,Biker
60,1853.0,863.0,1925.0,947.0,281,1,0,1,Biker
60,1853.0,863.0,1925.0,947.0,282,1,0,1,Biker
60,1853.0,863.0,1922.0,947.0,283,1,0,1,Biker
60,1853.0,863.0,1922.0,947.0,284,1,0,1,Biker
60,1853.0,863.0,1922.0,947.0,285,1,0,1,Biker
60,1853.0,863.0,1922.0,947.0,286,1,0,1,Biker
60,1850.0,863.0,1922.0,947.0,287,1,0,1,Biker
60,1850.0,863.0,1922.0,947.0,288,1,0,1,Biker
60,1850.0,863.0,1922.0,947.0,289,1,0,1,Biker
60,1850.0,863.0,1922.0,947.0,290,1,0,1,Biker
60,1850.0,863.0,1919.0,947.0,291,1,0,1,Biker
60,1850.0,863.0,1919.0,947.0,292,1,0,1,Biker
60,1848.0,863.0,1919.0,947.0,293,1,0,1,Biker
60,1848.0,863.0,1919.0,947.0,294,1,0,1,Biker
60,1848.0,863.0,1919.0,947.0,295,1,0,1,Biker
60,1848.0,863.0,1919.0,947.0,296,1,0,1,Biker
60,1848.0,863.0,1919.0,947.0,297,1,0,1,Biker
60,1848.0,863.0,1919.0,947.0,298,1,0,1,Biker
60,1848.0,865.0,1916.0,949.0,299,1,0,1,Biker
60,1845.0,865.0,1916.0,949.0,300,1,0,1,Biker
60,1845.0,865.0,1916.0,949.0,301,1,0,1,Biker
60,1845.0,865.0,1916.0,949.0,302,1,0,1,Biker
60,1845.0,865.0,1916.0,949.0,303,1,0,1,Biker
60,1845.0,865.0,1916.0,949.0,304,1,0,1,Biker
60,1845.0,865.0,1916.0,949.0,305,1,0,1,Biker
60,1842.0,865.0,1916.0,949.0,306,1,0,1,Biker
60,1842.0,865.0,1914.0,949.0,307,1,0,1,Biker
60,1842.0,865.0,1914.0,949.0,308,1,0,1,Biker
60,1842.0,865.0,1914.0,949.0,309,1,0,1,Biker
60,1842.0,865.0,1914.0,949.0,310,1,0,1,Biker
60,1842.0,865.0,1914.0,949.0,311,1,0,1,Biker
60,1839.0,865.0,1914.0,949.0,312,1,0,1,Biker
60,1839.0,865.0,1914.0,949.0,313,1,0,1,Biker
60,1839.0,865.0,1914.0,949.0,314,1,0,1,Biker
60,1839.0,865.0,1911.0,949.0,315,1,0,1,Biker
60,1839.0,865.0,1911.0,949.0,316,1,0,1,Biker
60,1839.0,865.0,1911.0,949.0,317,1,0,1,Biker
60,1837.0,865.0,1911.0,949.0,318,1,0,1,Biker
60,1837.0,865.0,1911.0,949.0,319,1,0,1,Biker
60,1837.0,867.0,1911.0,951.0,320,1,0,1,Biker
60,1837.0,867.0,1911.0,951.0,321,1,0,1,Biker
60,1837.0,867.0,1911.0,951.0,322,1,0,1,Biker
60,1837.0,867.0,1908.0,951.0,323,1,0,1,Biker
60,1837.0,867.0,1908.0,951.0,324,1,0,1,Biker
60,1834.0,867.0,1908.0,951.0,325,1,0,1,Biker
60,1834.0,867.0,1908.0,951.0,326,1,0,1,Biker
60,1834.0,867.0,1908.0,951.0,327,1,0,1,Biker
60,1834.0,867.0,1908.0,951.0,328,1,0,1,Biker
60,1834.0,867.0,1908.0,951.0,329,1,0,1,Biker
60,1834.0,867.0,1908.0,951.0,330,1,0,1,Biker
60,1831.0,867.0,1905.0,951.0,331,1,0,1,Biker
60,1831.0,867.0,1905.0,951.0,332,1,0,1,Biker
60,1831.0,867.0,1905.0,951.0,333,1,0,1,Biker
60,1831.0,867.0,1905.0,951.0,334,1,0,1,Biker
60,1831.0,867.0,1905.0,951.0,335,1,0,1,Biker
60,1831.0,867.0,1905.0,951.0,336,1,0,1,Biker
60,1828.0,867.0,1905.0,951.0,337,1,0,1,Biker
60,1828.0,867.0,1905.0,951.0,338,1,0,1,Biker
60,1828.0,867.0,1903.0,951.0,339,1,0,1,Biker
60,1828.0,867.0,1903.0,951.0,340,1,0,1,Biker
60,1828.0,867.0,1903.0,951.0,341,1,0,1,Biker
60,1828.0,869.0,1903.0,954.0,342,1,0,1,Biker
60,1828.0,869.0,1903.0,954.0,343,1,0,1,Biker
60,1826.0,869.0,1903.0,954.0,344,1,0,1,Biker
60,1826.0,869.0,1903.0,954.0,345,1,0,1,Biker
60,1826.0,869.0,1903.0,954.0,346,1,0,1,Biker
60,1826.0,869.0,1900.0,954.0,347,1,0,1,Biker
60,1826.0,869.0,1900.0,954.0,348,1,0,1,Biker
60,1826.0,869.0,1900.0,954.0,349,1,0,1,Biker
60,1823.0,869.0,1900.0,954.0,350,1,0,1,Biker
60,1823.0,869.0,1900.0,954.0,351,1,0,1,Biker
60,1823.0,869.0,1900.0,954.0,352,1,0,1,Biker
60,1823.0,869.0,1900.0,954.0,353,1,0,1,Biker
60,1823.0,869.0,1900.0,954.0,354,1,0,1,Biker
60,1823.0,869.0,1897.0,954.0,355,1,0,1,Biker
60,1820.0,869.0,1897.0,954.0,356,1,0,1,Biker
60,1820.0,869.0,1897.0,954.0,357,1,0,1,Biker
60,1820.0,869.0,1897.0,954.0,358,1,0,1,Biker
60,1820.0,869.0,1897.0,954.0,359,1,0,1,Biker
60,1820.0,869.0,1897.0,954.0,360,1,0,1,Biker
60,1820.0,869.0,1897.0,954.0,361,1,0,1,Biker
60,1817.0,869.0,1897.0,954.0,362,1,0,1,Biker
60,1817.0,872.0,1894.0,956.0,363,1,0,1,Biker
60,1817.0,872.0,1894.0,956.0,364,1,0,1,Biker
60,1817.0,872.0,1894.0,956.0,365,1,0,1,Biker
60,1817.0,872.0,1894.0,956.0,366,1,0,1,Biker
60,1817.0,872.0,1894.0,956.0,367,1,0,1,Biker
60,1817.0,872.0,1894.0,956.0,368,1,0,1,Biker
60,1815.0,872.0,1894.0,956.0,369,1,0,1,Biker
60,1815.0,872.0,1894.0,956.0,370,1,0,1,Biker
60,1815.0,872.0,1892.0,956.0,371,1,0,1,Biker
60,1815.0,872.0,1892.0,956.0,372,1,0,1,Biker
60,1815.0,872.0,1892.0,956.0,373,1,0,1,Biker
60,1815.0,872.0,1892.0,956.0,374,1,0,1,Biker
60,1812.0,872.0,1892.0,956.0,375,1,0,1,Biker
60,1812.0,872.0,1892.0,956.0,376,1,0,1,Biker
60,1812.0,872.0,1892.0,956.0,377,1,0,1,Biker
60,1812.0,872.0,1892.0,956.0,378,1,0,1,Biker
60,1812.0,872.0,1889.0,956.0,379,1,0,1,Biker
60,1812.0,872.0,1889.0,956.0,380,1,0,1,Biker
60,1809.0,872.0,1889.0,956.0,381,1,0,1,Biker
60,1809.0,872.0,1889.0,956.0,382,1,0,1,Biker
60,1809.0,872.0,1889.0,956.0,383,1,0,1,Biker
60,1809.0,874.0,1889.0,958.0,384,1,0,1,Biker
60,1809.0,874.0,1889.0,958.0,385,1,0,1,Biker
60,1809.0,874.0,1889.0,958.0,386,1,0,1,Biker
60,1806.0,874.0,1886.0,958.0,387,1,0,1,Biker
60,1806.0,874.0,1886.0,958.0,388,1,0,1,Biker
60,1806.0,874.0,1886.0,958.0,389,1,0,1,Biker
60,1806.0,874.0,1886.0,958.0,390,1,0,1,Biker
60,1806.0,874.0,1886.0,958.0,391,1,0,1,Biker
60,1806.0,874.0,1886.0,958.0,392,1,0,1,Biker
60,1806.0,874.0,1886.0,958.0,393,1,0,1,Biker
60,1804.0,874.0,1886.0,958.0,394,1,0,1,Biker
60,1804.0,874.0,1883.0,958.0,395,1,0,1,Biker
60,1804.0,874.0,1883.0,958.0,396,1,0,1,Biker
60,1804.0,874.0,1883.0,958.0,397,1,0,1,Biker
60,1804.0,874.0,1883.0,958.0,398,1,0,1,Biker
60,1804.0,874.0,1883.0,958.0,399,1,0,1,Biker
60,1801.0,874.0,1883.0,958.0,400,1,0,1,Biker
60,1801.0,874.0,1883.0,958.0,401,1,0,1,Biker
60,1801.0,874.0,1883.0,958.0,402,1,0,1,Biker
60,1801.0,874.0,1881.0,958.0,403,1,0,1,Biker
60,1801.0,874.0,1881.0,958.0,404,1,0,1,Biker
60,1801.0,876.0,1881.0,960.0,405,1,0,1,Biker
60,1798.0,876.0,1881.0,960.0,406,1,0,1,Biker
60,1798.0,876.0,1881.0,960.0,407,1,0,1,Biker
60,1798.0,876.0,1881.0,960.0,408,1,0,1,Biker
60,1798.0,876.0,1881.0,960.0,409,1,0,1,Biker
60,1798.0,876.0,1881.0,960.0,410,1,0,1,Biker
60,1798.0,876.0,1878.0,960.0,411,1,0,1,Biker
60,1795.0,876.0,1878.0,960.0,412,1,0,1,Biker
60,1795.0,876.0,1878.0,960.0,413,1,0,1,Biker
60,1795.0,876.0,1878.0,960.0,414,1,0,1,Biker
60,1795.0,876.0,1878.0,960.0,415,1,0,1,Biker
60,1795.0,876.0,1878.0,960.0,416,1,0,1,Biker
60,1795.0,876.0,1878.0,960.0,417,1,0,1,Biker
60,1795.0,876.0,1878.0,960.0,418,1,0,1,Biker
60,1793.0,876.0,1875.0,960.0,419,1,0,1,Biker
60,1793.0,876.0,1875.0,960.0,420,1,0,1,Biker
60,1793.0,876.0,1875.0,960.0,421,1,0,1,Biker
60,1793.0,876.0,1875.0,960.0,422,1,0,1,Biker
60,1793.0,876.0,1875.0,960.0,423,1,0,1,Biker
60,1793.0,876.0,1875.0,960.0,424,1,0,1,Biker
60,1790.0,876.0,1875.0,960.0,425,1,0,1,Biker
60,1790.0,878.0,1875.0,963.0,426,1,0,1,Biker
60,1790.0,878.0,1872.0,963.0,427,1,0,1,Biker
60,1790.0,878.0,1872.0,963.0,428,1,0,1,Biker
60,1790.0,878.0,1872.0,963.0,429,1,0,1,Biker
60,1790.0,878.0,1872.0,963.0,430,1,0,1,Biker
60,1787.0,878.0,1872.0,963.0,431,1,0,1,Biker
60,1787.0,878.0,1872.0,963.0,432,1,0,1,Biker
60,1787.0,878.0,1872.0,963.0,433,1,0,1,Biker
60,1787.0,878.0,1872.0,963.0,434,1,0,1,Biker
60,1787.0,878.0,1870.0,963.0,435,1,0,1,Biker
60,1787.0,878.0,1870.0,963.0,436,1,0,1,Biker
60,1787.0,878.0,1870.0,963.0,437,1,0,1,Biker
60,1784.0,878.0,1870.0,963.0,438,1,0,1,Biker
60,1784.0,878.0,1870.0,963.0,439,1,0,1,Biker
60,1784.0,878.0,1870.0,963.0,440,1,0,1,Biker
60,1784.0,878.0,1870.0,963.0,441,1,0,1,Biker
60,1784.0,878.0,1870.0,963.0,442,1,0,1,Biker
60,1784.0,878.0,1867.0,963.0,443,1,0,1,Biker
60,1782.0,878.0,1867.0,963.0,444,1,0,1,Biker
60,1782.0,878.0,1867.0,963.0,445,1,0,1,Biker
60,1782.0,878.0,1867.0,963.0,446,1,0,1,Biker
60,1782.0,881.0,1867.0,965.0,447,1,0,1,Biker
60,1782.0,881.0,1867.0,965.0,448,1,0,1,Biker
60,1782.0,881.0,1867.0,965.0,449,1,0,1,Biker
60,1779.0,881.0,1867.0,965.0,450,1,0,1,Biker
60,1779.0,881.0,1864.0,965.0,451,1,0,1,Biker
60,1779.0,881.0,1864.0,965.0,452,1,0,1,Biker
60,1779.0,881.0,1864.0,965.0,453,1,0,1,Biker
60,1779.0,881.0,1864.0,965.0,454,1,0,1,Biker
60,1779.0,881.0,1864.0,965.0,455,1,0,1,Biker
60,1776.0,881.0,1864.0,965.0,456,1,0,1,Biker
60,1776.0,881.0,1864.0,965.0,457,1,0,1,Biker
60,1776.0,881.0,1864.0,965.0,458,1,0,1,Biker
60,1776.0,881.0,1861.0,965.0,459,1,0,1,Biker
60,1776.0,881.0,1861.0,965.0,460,1,0,1,Biker
60,1776.0,881.0,1861.0,965.0,461,1,0,1,Biker
60,1776.0,881.0,1861.0,965.0,462,1,0,1,Biker
60,1773.0,881.0,1861.0,965.0,463,1,0,1,Biker
60,1773.0,881.0,1861.0,965.0,464,1,0,1,Biker
60,1773.0,881.0,1861.0,965.0,465,1,0,1,Biker
60,1773.0,881.0,1861.0,965.0,466,1,0,1,Biker
60,1773.0,881.0,1859.0,965.0,467,1,0,1,Biker
60,1773.0,883.0,1859.0,967.0,468,1,0,1,Biker
60,1771.0,883.0,1859.0,967.0,469,1,0,1,Biker
60,1771.0,883.0,1859.0,967.0,470,1,0,1,Biker
60,1771.0,883.0,1859.0,967.0,471,1,0,1,Biker
60,1771.0,883.0,1859.0,967.0,472,1,0,1,Biker
60,1771.0,883.0,1859.0,967.0,473,1,0,1,Biker
60,1771.0,883.0,1859.0,967.0,474,1,0,1,Biker
60,1768.0,883.0,1856.0,967.0,475,1,0,1,Biker
60,1768.0,883.0,1856.0,967.0,476,1,0,1,Biker
60,1768.0,883.0,1856.0,967.0,477,1,0,1,Biker
60,1768.0,883.0,1856.0,967.0,478,1,0,1,Biker
60,1768.0,883.0,1856.0,967.0,479,1,0,1,Biker
60,1768.0,883.0,1856.0,967.0,480,1,0,1,Biker
60,1765.0,883.0,1856.0,967.0,481,1,0,1,Biker
60,1765.0,883.0,1856.0,967.0,482,1,0,1,Biker
60,1765.0,883.0,1853.0,967.0,483,1,0,1,Biker
60,1765.0,883.0,1853.0,967.0,484,1,0,1,Biker
60,1765.0,883.0,1853.0,967.0,485,1,0,1,Biker
60,1765.0,883.0,1853.0,967.0,486,1,0,1,Biker
60,1765.0,883.0,1853.0,967.0,487,1,0,1,Biker
60,1762.0,883.0,1853.0,967.0,488,1,0,1,Biker
60,1762.0,885.0,1853.0,970.0,489,1,0,1,Biker
60,1762.0,885.0,1853.0,970.0,490,1,0,1,Biker
60,1762.0,885.0,1850.0,970.0,491,1,0,1,Biker
60,1762.0,885.0,1850.0,970.0,492,1,0,1,Biker
60,1762.0,885.0,1850.0,970.0,493,1,0,1,Biker
60,1760.0,885.0,1850.0,970.0,494,1,0,1,Biker
60,1760.0,885.0,1850.0,970.0,495,1,0,1,Biker
60,1760.0,885.0,1850.0,970.0,496,1,0,1,Biker
60,1760.0,885.0,1850.0,970.0,497,1,0,1,Biker
60,1760.0,885.0,1850.0,970.0,498,1,0,1,Biker
60,1760.0,885.0,1848.0,970.0,499,1,0,1,Biker
60,1757.0,885.0,1848.0,970.0,500,1,0,1,Biker
60,1757.0,885.0,1848.0,970.0,501,1,0,1,Biker
60,1757.0,885.0,1848.0,970.0,502,1,0,1,Biker
60,1757.0,885.0,1848.0,970.0,503,1,0,1,Biker
60,1757.0,885.0,1848.0,970.0,504,1,0,1,Biker
60,1757.0,885.0,1848.0,970.0,505,1,0,1,Biker
60,1754.0,885.0,1848.0,970.0,506,1,0,1,Biker
60,1754.0,885.0,1845.0,970.0,507,1,0,1,Biker
60,1754.0,885.0,1845.0,970.0,508,1,0,1,Biker
60,1754.0,885.0,1845.0,970.0,509,1,0,1,Biker
60,1754.0,888.0,1845.0,972.0,510,1,0,1,Biker
60,1754.0,888.0,1845.0,972.0,511,1,0,1,Biker
60,1754.0,888.0,1845.0,972.0,512,1,0,1,Biker
60,1751.0,888.0,1845.0,972.0,513,1,0,1,Biker
60,1751.0,888.0,1845.0,972.0,514,1,0,1,Biker
60,1751.0,888.0,1842.0,972.0,515,1,0,1,Biker
60,1751.0,888.0,1842.0,972.0,516,1,0,1,Biker
60,1751.0,888.0,1842.0,972.0,517,1,0,1,Biker
60,1751.0,888.0,1842.0,972.0,518,1,0,1,Biker
60,1749.0,888.0,1842.0,972.0,519,1,0,1,Biker
60,1749.0,888.0,1842.0,972.0,520,1,0,1,Biker
60,1749.0,888.0,1842.0,972.0,521,1,0,1,Biker
60,1749.0,888.0,1842.0,972.0,522,1,0,1,Biker
60,1749.0,888.0,1839.0,972.0,523,1,0,1,Biker
60,1749.0,888.0,1839.0,972.0,524,1,0,1,Biker
60,1746.0,888.0,1839.0,972.0,525,1,0,1,Biker
60,1746.0,888.0,1839.0,972.0,526,1,0,1,Biker
60,1746.0,888.0,1839.0,972.0,527,1,0,1,Biker
60,1746.0,888.0,1839.0,972.0,528,1,0,1,Biker
60,1746.0,888.0,1839.0,972.0,529,1,0,1,Biker
60,1746.0,888.0,1839.0,972.0,530,1,0,1,Biker
60,1746.0,890.0,1839.0,974.0,531,1,0,0,Biker
61,1933.0,9.0,1969.0,61.0,500,1,0,0,Pedestrian
61,1933.0,6.0,1969.0,59.0,501,1,0,1,Pedestrian
61,1933.0,6.0,1969.0,59.0,502,1,0,1,Pedestrian
61,1933.0,6.0,1969.0,59.0,503,1,0,1,Pedestrian
61,1933.0,6.0,1969.0,59.0,504,1,0,1,Pedestrian
61,1933.0,6.0,1969.0,59.0,505,1,0,1,Pedestrian
61,1933.0,6.0,1969.0,59.0,506,1,0,1,Pedestrian
61,1933.0,6.0,1969.0,59.0,507,1,0,1,Pedestrian
61,1933.0,6.0,1969.0,59.0,508,1,0,1,Pedestrian
61,1933.0,6.0,1969.0,59.0,509,1,0,1,Pedestrian
61,1933.0,6.0,1969.0,59.0,510,1,0,1,Pedestrian
61,1933.0,6.0,1969.0,59.0,511,1,0,1,Pedestrian
61,1933.0,6.0,1969.0,59.0,512,1,0,1,Pedestrian
61,1933.0,6.0,1969.0,59.0,513,1,0,1,Pedestrian
61,1933.0,6.0,1969.0,59.0,514,1,0,1,Pedestrian
61,1933.0,6.0,1969.0,59.0,515,1,0,1,Pedestrian
61,1933.0,6.0,1969.0,59.0,516,1,0,1,Pedestrian
61,1933.0,6.0,1969.0,59.0,517,1,0,1,Pedestrian
61,1933.0,6.0,1969.0,59.0,518,1,0,1,Pedestrian
61,1933.0,6.0,1969.0,59.0,519,1,0,1,Pedestrian
61,1933.0,6.0,1969.0,59.0,520,1,0,1,Pedestrian
61,1933.0,6.0,1969.0,59.0,521,1,0,1,Pedestrian
61,1933.0,6.0,1969.0,59.0,522,1,0,1,Pedestrian
61,1933.0,6.0,1969.0,59.0,523,1,0,1,Pedestrian
61,1933.0,6.0,1969.0,59.0,524,1,0,1,Pedestrian
61,1933.0,6.0,1969.0,59.0,525,1,0,1,Pedestrian
61,1933.0,6.0,1969.0,59.0,526,1,0,1,Pedestrian
61,1933.0,6.0,1969.0,59.0,527,1,0,1,Pedestrian
61,1933.0,6.0,1969.0,59.0,528,1,0,1,Pedestrian
61,1933.0,6.0,1969.0,59.0,529,1,0,1,Pedestrian
61,1933.0,6.0,1969.0,59.0,530,1,0,1,Pedestrian
61,1933.0,6.0,1969.0,59.0,531,1,0,1,Pedestrian
61,1933.0,6.0,1969.0,59.0,532,1,0,1,Pedestrian
61,1933.0,6.0,1969.0,59.0,533,1,0,1,Pedestrian
61,1933.0,6.0,1969.0,59.0,534,1,0,1,Pedestrian
61,1933.0,6.0,1969.0,59.0,535,1,0,1,Pedestrian
61,1933.0,6.0,1969.0,59.0,536,1,0,1,Pedestrian
61,1933.0,6.0,1969.0,59.0,537,1,0,1,Pedestrian
61,1933.0,6.0,1969.0,59.0,538,1,0,1,Pedestrian
61,1933.0,6.0,1969.0,59.0,539,1,0,1,Pedestrian
61,1933.0,6.0,1969.0,59.0,540,1,0,1,Pedestrian
61,1933.0,6.0,1969.0,59.0,541,1,0,1,Pedestrian
61,1933.0,6.0,1969.0,59.0,542,1,0,1,Pedestrian
61,1933.0,6.0,1969.0,59.0,543,1,0,1,Pedestrian
61,1933.0,6.0,1969.0,59.0,544,1,0,1,Pedestrian
61,1933.0,6.0,1969.0,59.0,545,1,0,1,Pedestrian
61,1933.0,6.0,1969.0,59.0,546,1,0,1,Pedestrian
61,1933.0,6.0,1969.0,59.0,547,1,0,1,Pedestrian
61,1933.0,6.0,1969.0,59.0,548,1,0,1,Pedestrian
61,1933.0,6.0,1969.0,59.0,549,1,0,1,Pedestrian
61,1933.0,6.0,1969.0,59.0,550,1,0,1,Pedestrian
61,1933.0,6.0,1969.0,59.0,551,1,0,1,Pedestrian
61,1933.0,6.0,1969.0,59.0,552,1,0,1,Pedestrian
61,1933.0,6.0,1969.0,59.0,553,1,0,1,Pedestrian
61,1933.0,6.0,1969.0,59.0,554,1,0,1,Pedestrian
61,1933.0,6.0,1969.0,59.0,555,1,0,1,Pedestrian
61,1933.0,6.0,1969.0,59.0,556,1,0,1,Pedestrian
61,1933.0,6.0,1969.0,59.0,557,1,0,1,Pedestrian
61,1933.0,6.0,1969.0,59.0,558,1,0,1,Pedestrian
61,1933.0,6.0,1969.0,59.0,559,1,0,1,Pedestrian
61,1933.0,6.0,1969.0,59.0,560,1,0,1,Pedestrian
61,1933.0,6.0,1969.0,59.0,561,1,0,1,Pedestrian
61,1933.0,6.0,1969.0,59.0,562,1,0,1,Pedestrian
61,1933.0,6.0,1969.0,59.0,563,1,0,1,Pedestrian
61,1933.0,6.0,1969.0,59.0,564,1,0,1,Pedestrian
61,1933.0,6.0,1969.0,59.0,565,1,0,1,Pedestrian
61,1933.0,6.0,1969.0,59.0,566,1,0,1,Pedestrian
61,1933.0,6.0,1969.0,59.0,567,1,0,1,Pedestrian
61,1933.0,6.0,1969.0,59.0,568,1,0,1,Pedestrian
61,1933.0,6.0,1969.0,59.0,569,1,0,1,Pedestrian
61,1933.0,6.0,1969.0,59.0,570,1,0,1,Pedestrian
61,1933.0,6.0,1969.0,59.0,571,1,0,1,Pedestrian
61,1933.0,6.0,1969.0,59.0,572,1,0,1,Pedestrian
61,1933.0,6.0,1969.0,59.0,573,1,0,1,Pedestrian
61,1933.0,6.0,1969.0,59.0,574,1,0,1,Pedestrian
61,1933.0,6.0,1969.0,59.0,575,1,0,1,Pedestrian
61,1933.0,6.0,1969.0,59.0,576,1,0,1,Pedestrian
61,1933.0,6.0,1969.0,59.0,577,1,0,1,Pedestrian
61,1933.0,6.0,1969.0,59.0,578,1,0,1,Pedestrian
61,1933.0,6.0,1969.0,59.0,579,1,0,1,Pedestrian
61,1933.0,6.0,1969.0,59.0,580,1,0,1,Pedestrian
61,1933.0,6.0,1969.0,59.0,581,1,0,1,Pedestrian
61,1933.0,6.0,1969.0,59.0,582,1,0,1,Pedestrian
61,1936.0,6.0,1969.0,59.0,583,1,0,1,Pedestrian
61,1936.0,6.0,1969.0,59.0,584,1,0,1,Pedestrian
61,1936.0,6.0,1969.0,59.0,585,1,0,1,Pedestrian
61,1936.0,6.0,1969.0,59.0,586,1,0,1,Pedestrian
61,1936.0,6.0,1969.0,59.0,587,1,0,1,Pedestrian
61,1936.0,6.0,1969.0,59.0,588,1,0,1,Pedestrian
61,1936.0,6.0,1969.0,59.0,589,1,0,1,Pedestrian
61,1936.0,6.0,1969.0,59.0,590,1,0,1,Pedestrian
61,1936.0,6.0,1969.0,59.0,591,1,0,1,Pedestrian
61,1936.0,6.0,1969.0,59.0,592,1,0,1,Pedestrian
61,1936.0,6.0,1969.0,59.0,593,1,0,1,Pedestrian
61,1936.0,6.0,1969.0,59.0,594,1,0,1,Pedestrian
61,1936.0,6.0,1969.0,59.0,595,1,0,1,Pedestrian
61,1936.0,6.0,1969.0,59.0,596,1,0,1,Pedestrian
61,1936.0,6.0,1969.0,59.0,597,1,0,1,Pedestrian
61,1936.0,6.0,1969.0,59.0,598,1,0,1,Pedestrian
61,1936.0,6.0,1969.0,59.0,599,1,0,1,Pedestrian
61,1936.0,6.0,1969.0,59.0,600,1,0,1,Pedestrian
61,1936.0,6.0,1969.0,59.0,601,1,0,1,Pedestrian
61,1936.0,6.0,1969.0,59.0,602,1,0,1,Pedestrian
61,1936.0,6.0,1969.0,59.0,603,1,0,1,Pedestrian
61,1936.0,6.0,1969.0,59.0,604,1,0,1,Pedestrian
61,1936.0,6.0,1969.0,59.0,605,1,0,1,Pedestrian
61,1936.0,6.0,1969.0,59.0,606,1,0,1,Pedestrian
61,1936.0,6.0,1969.0,59.0,607,1,0,1,Pedestrian
61,1936.0,6.0,1969.0,59.0,608,1,0,1,Pedestrian
61,1936.0,6.0,1969.0,59.0,609,1,0,1,Pedestrian
61,1936.0,6.0,1969.0,59.0,610,1,0,1,Pedestrian
61,1936.0,6.0,1969.0,59.0,611,1,0,1,Pedestrian
61,1936.0,6.0,1969.0,59.0,612,1,0,1,Pedestrian
61,1936.0,6.0,1969.0,59.0,613,1,0,1,Pedestrian
61,1936.0,6.0,1969.0,59.0,614,1,0,1,Pedestrian
61,1936.0,6.0,1969.0,59.0,615,1,0,1,Pedestrian
61,1936.0,6.0,1969.0,59.0,616,1,0,1,Pedestrian
61,1936.0,6.0,1969.0,59.0,617,1,0,1,Pedestrian
61,1936.0,6.0,1969.0,59.0,618,1,0,1,Pedestrian
61,1936.0,6.0,1969.0,59.0,619,1,0,1,Pedestrian
61,1936.0,6.0,1969.0,59.0,620,1,0,1,Pedestrian
61,1936.0,6.0,1969.0,59.0,621,1,0,1,Pedestrian
61,1936.0,6.0,1969.0,59.0,622,1,0,1,Pedestrian
61,1936.0,6.0,1969.0,59.0,623,1,0,1,Pedestrian
61,1936.0,6.0,1969.0,59.0,624,1,0,1,Pedestrian
61,1936.0,6.0,1969.0,59.0,625,1,0,1,Pedestrian
61,1936.0,6.0,1969.0,59.0,626,1,0,1,Pedestrian
61,1936.0,6.0,1969.0,59.0,627,1,0,1,Pedestrian
61,1936.0,6.0,1969.0,59.0,628,1,0,1,Pedestrian
61,1936.0,6.0,1969.0,59.0,629,1,0,1,Pedestrian
61,1936.0,6.0,1969.0,59.0,630,1,0,1,Pedestrian
61,1936.0,6.0,1969.0,59.0,631,1,0,1,Pedestrian
61,1936.0,6.0,1969.0,59.0,632,1,0,1,Pedestrian
61,1936.0,6.0,1969.0,59.0,633,1,0,1,Pedestrian
61,1936.0,6.0,1969.0,59.0,634,1,0,1,Pedestrian
61,1936.0,6.0,1969.0,59.0,635,1,0,1,Pedestrian
61,1936.0,6.0,1969.0,59.0,636,1,0,1,Pedestrian
61,1936.0,6.0,1969.0,59.0,637,1,0,1,Pedestrian
61,1936.0,6.0,1969.0,59.0,638,1,0,1,Pedestrian
61,1936.0,6.0,1969.0,59.0,639,1,0,1,Pedestrian
61,1936.0,6.0,1969.0,59.0,640,1,0,1,Pedestrian
61,1936.0,6.0,1969.0,59.0,641,1,0,1,Pedestrian
61,1936.0,6.0,1969.0,59.0,642,1,0,1,Pedestrian
61,1936.0,6.0,1969.0,59.0,643,1,0,1,Pedestrian
61,1936.0,6.0,1969.0,59.0,644,1,0,1,Pedestrian
61,1936.0,6.0,1969.0,59.0,645,1,0,1,Pedestrian
61,1936.0,6.0,1969.0,59.0,646,1,0,1,Pedestrian
61,1936.0,6.0,1969.0,59.0,647,1,0,1,Pedestrian
61,1936.0,6.0,1969.0,59.0,648,1,0,1,Pedestrian
61,1936.0,6.0,1969.0,59.0,649,1,0,1,Pedestrian
61,1936.0,6.0,1969.0,59.0,650,1,0,1,Pedestrian
61,1936.0,6.0,1969.0,59.0,651,1,0,1,Pedestrian
61,1936.0,6.0,1969.0,59.0,652,1,0,1,Pedestrian
61,1936.0,6.0,1969.0,59.0,653,1,0,1,Pedestrian
61,1936.0,6.0,1969.0,59.0,654,1,0,1,Pedestrian
61,1936.0,6.0,1969.0,59.0,655,1,0,1,Pedestrian
61,1936.0,6.0,1969.0,59.0,656,1,0,1,Pedestrian
61,1936.0,6.0,1969.0,59.0,657,1,0,1,Pedestrian
61,1936.0,6.0,1969.0,59.0,658,1,0,1,Pedestrian
61,1936.0,6.0,1969.0,59.0,659,1,0,1,Pedestrian
61,1936.0,6.0,1969.0,59.0,660,1,0,1,Pedestrian
61,1936.0,6.0,1969.0,59.0,661,1,0,1,Pedestrian
61,1936.0,6.0,1969.0,59.0,662,1,0,1,Pedestrian
61,1936.0,6.0,1969.0,59.0,663,1,0,1,Pedestrian
61,1936.0,6.0,1969.0,59.0,664,1,0,1,Pedestrian
61,1938.0,6.0,1969.0,59.0,665,1,0,1,Pedestrian
61,1938.0,6.0,1969.0,59.0,666,1,0,1,Pedestrian
61,1938.0,6.0,1969.0,59.0,667,1,0,1,Pedestrian
61,1938.0,6.0,1969.0,59.0,668,1,0,1,Pedestrian
61,1938.0,6.0,1969.0,59.0,669,1,0,1,Pedestrian
61,1938.0,6.0,1969.0,59.0,670,1,0,1,Pedestrian
61,1938.0,6.0,1969.0,59.0,671,1,0,1,Pedestrian
61,1938.0,6.0,1969.0,59.0,672,1,0,1,Pedestrian
61,1938.0,6.0,1969.0,59.0,673,1,0,1,Pedestrian
61,1938.0,6.0,1969.0,59.0,674,1,0,1,Pedestrian
61,1938.0,6.0,1969.0,59.0,675,1,0,1,Pedestrian
61,1938.0,6.0,1969.0,59.0,676,1,0,1,Pedestrian
61,1938.0,6.0,1969.0,59.0,677,1,0,1,Pedestrian
61,1938.0,6.0,1969.0,59.0,678,1,0,1,Pedestrian
61,1938.0,6.0,1969.0,59.0,679,1,0,1,Pedestrian
61,1938.0,6.0,1969.0,59.0,680,1,0,1,Pedestrian
61,1938.0,6.0,1969.0,59.0,681,1,0,1,Pedestrian
61,1938.0,6.0,1969.0,59.0,682,1,0,1,Pedestrian
61,1938.0,6.0,1969.0,59.0,683,1,0,1,Pedestrian
61,1938.0,6.0,1969.0,59.0,684,1,0,1,Pedestrian
61,1938.0,6.0,1969.0,59.0,685,1,0,1,Pedestrian
61,1938.0,6.0,1969.0,59.0,686,1,0,1,Pedestrian
61,1938.0,6.0,1969.0,59.0,687,1,0,1,Pedestrian
61,1938.0,6.0,1969.0,59.0,688,1,0,1,Pedestrian
61,1938.0,6.0,1969.0,59.0,689,1,0,1,Pedestrian
61,1938.0,6.0,1969.0,59.0,690,1,0,1,Pedestrian
61,1938.0,6.0,1969.0,59.0,691,1,0,1,Pedestrian
61,1938.0,6.0,1969.0,59.0,692,1,0,1,Pedestrian
61,1938.0,6.0,1969.0,59.0,693,1,0,1,Pedestrian
61,1938.0,6.0,1969.0,59.0,694,1,0,1,Pedestrian
61,1938.0,6.0,1969.0,59.0,695,1,0,1,Pedestrian
61,1938.0,6.0,1969.0,59.0,696,1,0,1,Pedestrian
61,1938.0,6.0,1969.0,59.0,697,1,0,1,Pedestrian
61,1938.0,6.0,1969.0,59.0,698,1,0,1,Pedestrian
61,1938.0,6.0,1969.0,59.0,699,1,0,1,Pedestrian
61,1938.0,6.0,1969.0,59.0,700,1,0,1,Pedestrian
61,1938.0,6.0,1969.0,59.0,701,1,0,1,Pedestrian
61,1938.0,6.0,1969.0,59.0,702,1,0,1,Pedestrian
61,1938.0,6.0,1969.0,59.0,703,1,0,1,Pedestrian
61,1938.0,6.0,1969.0,59.0,704,1,0,1,Pedestrian
61,1938.0,6.0,1969.0,59.0,705,1,0,1,Pedestrian
61,1938.0,6.0,1971.0,59.0,706,1,0,1,Pedestrian
61,1938.0,6.0,1971.0,59.0,707,1,0,1,Pedestrian
61,1938.0,6.0,1971.0,59.0,708,1,0,1,Pedestrian
61,1938.0,6.0,1971.0,59.0,709,1,0,1,Pedestrian
61,1938.0,6.0,1971.0,59.0,710,1,0,1,Pedestrian
61,1938.0,6.0,1971.0,59.0,711,1,0,1,Pedestrian
61,1938.0,6.0,1971.0,59.0,712,1,0,1,Pedestrian
61,1938.0,6.0,1971.0,59.0,713,1,0,1,Pedestrian
61,1938.0,6.0,1971.0,59.0,714,1,0,1,Pedestrian
61,1938.0,6.0,1971.0,59.0,715,1,0,1,Pedestrian
61,1938.0,6.0,1971.0,59.0,716,1,0,1,Pedestrian
61,1938.0,6.0,1971.0,59.0,717,1,0,1,Pedestrian
61,1938.0,6.0,1971.0,59.0,718,1,0,1,Pedestrian
61,1938.0,6.0,1971.0,59.0,719,1,0,1,Pedestrian
61,1938.0,6.0,1971.0,59.0,720,1,0,1,Pedestrian
61,1938.0,6.0,1971.0,59.0,721,1,0,1,Pedestrian
61,1938.0,6.0,1971.0,59.0,722,1,0,1,Pedestrian
61,1938.0,6.0,1971.0,59.0,723,1,0,1,Pedestrian
61,1938.0,6.0,1971.0,59.0,724,1,0,1,Pedestrian
61,1938.0,6.0,1971.0,59.0,725,1,0,1,Pedestrian
61,1938.0,6.0,1971.0,59.0,726,1,0,1,Pedestrian
61,1938.0,6.0,1971.0,59.0,727,1,0,1,Pedestrian
61,1938.0,6.0,1971.0,59.0,728,1,0,1,Pedestrian
61,1938.0,6.0,1971.0,59.0,729,1,0,1,Pedestrian
61,1938.0,6.0,1971.0,59.0,730,1,0,1,Pedestrian
61,1938.0,6.0,1971.0,59.0,731,1,0,1,Pedestrian
61,1938.0,6.0,1971.0,59.0,732,1,0,1,Pedestrian
61,1938.0,6.0,1971.0,59.0,733,1,0,1,Pedestrian
61,1938.0,6.0,1971.0,59.0,734,1,0,1,Pedestrian
61,1938.0,6.0,1971.0,59.0,735,1,0,1,Pedestrian
61,1938.0,6.0,1971.0,59.0,736,1,0,1,Pedestrian
61,1938.0,6.0,1971.0,59.0,737,1,0,1,Pedestrian
61,1938.0,6.0,1971.0,59.0,738,1,0,1,Pedestrian
61,1938.0,6.0,1971.0,59.0,739,1,0,1,Pedestrian
61,1938.0,6.0,1971.0,59.0,740,1,0,1,Pedestrian
61,1938.0,6.0,1971.0,59.0,741,1,0,1,Pedestrian
61,1938.0,6.0,1971.0,59.0,742,1,0,1,Pedestrian
61,1938.0,6.0,1971.0,59.0,743,1,0,1,Pedestrian
61,1938.0,6.0,1971.0,59.0,744,1,0,1,Pedestrian
61,1938.0,6.0,1971.0,59.0,745,1,0,1,Pedestrian
61,1938.0,6.0,1971.0,59.0,746,1,0,1,Pedestrian
61,1941.0,6.0,1971.0,59.0,747,1,0,1,Pedestrian
61,1941.0,6.0,1971.0,59.0,748,1,0,1,Pedestrian
61,1941.0,6.0,1971.0,59.0,749,1,0,1,Pedestrian
61,1941.0,6.0,1971.0,59.0,750,1,0,1,Pedestrian
61,1941.0,6.0,1971.0,59.0,751,1,0,1,Pedestrian
61,1941.0,6.0,1971.0,59.0,752,1,0,1,Pedestrian
61,1941.0,6.0,1971.0,59.0,753,1,0,1,Pedestrian
61,1941.0,6.0,1971.0,59.0,754,1,0,1,Pedestrian
61,1941.0,6.0,1971.0,59.0,755,1,0,1,Pedestrian
61,1941.0,6.0,1971.0,59.0,756,1,0,1,Pedestrian
61,1941.0,6.0,1971.0,59.0,757,1,0,1,Pedestrian
61,1941.0,6.0,1971.0,59.0,758,1,0,1,Pedestrian
61,1941.0,6.0,1971.0,59.0,759,1,0,1,Pedestrian
61,1941.0,6.0,1971.0,59.0,760,1,0,1,Pedestrian
61,1941.0,6.0,1971.0,59.0,761,1,0,1,Pedestrian
61,1941.0,6.0,1971.0,59.0,762,1,0,1,Pedestrian
61,1941.0,6.0,1971.0,59.0,763,1,0,1,Pedestrian
61,1941.0,6.0,1971.0,59.0,764,1,0,1,Pedestrian
61,1941.0,6.0,1971.0,59.0,765,1,0,1,Pedestrian
61,1941.0,6.0,1971.0,59.0,766,1,0,1,Pedestrian
61,1941.0,6.0,1971.0,59.0,767,1,0,1,Pedestrian
61,1941.0,6.0,1971.0,59.0,768,1,0,1,Pedestrian
61,1941.0,6.0,1971.0,59.0,769,1,0,1,Pedestrian
61,1941.0,6.0,1971.0,59.0,770,1,0,1,Pedestrian
61,1941.0,6.0,1971.0,59.0,771,1,0,1,Pedestrian
61,1941.0,6.0,1971.0,59.0,772,1,0,1,Pedestrian
61,1941.0,6.0,1971.0,59.0,773,1,0,1,Pedestrian
61,1941.0,6.0,1971.0,59.0,774,1,0,1,Pedestrian
61,1941.0,6.0,1971.0,59.0,775,1,0,1,Pedestrian
61,1941.0,6.0,1971.0,59.0,776,1,0,1,Pedestrian
61,1941.0,6.0,1971.0,59.0,777,1,0,1,Pedestrian
61,1941.0,6.0,1971.0,59.0,778,1,0,1,Pedestrian
61,1941.0,6.0,1971.0,59.0,779,1,0,1,Pedestrian
61,1941.0,6.0,1971.0,59.0,780,1,0,1,Pedestrian
61,1941.0,6.0,1971.0,59.0,781,1,0,1,Pedestrian
61,1941.0,6.0,1971.0,59.0,782,1,0,1,Pedestrian
61,1941.0,6.0,1971.0,59.0,783,1,0,1,Pedestrian
61,1941.0,6.0,1971.0,59.0,784,1,0,1,Pedestrian
61,1941.0,6.0,1971.0,59.0,785,1,0,1,Pedestrian
61,1941.0,6.0,1971.0,59.0,786,1,0,1,Pedestrian
61,1941.0,6.0,1971.0,59.0,787,1,0,1,Pedestrian
61,1941.0,6.0,1971.0,59.0,788,1,0,1,Pedestrian
61,1941.0,6.0,1971.0,59.0,789,1,0,1,Pedestrian
61,1941.0,6.0,1971.0,59.0,790,1,0,1,Pedestrian
61,1941.0,6.0,1971.0,59.0,791,1,0,1,Pedestrian
61,1941.0,6.0,1971.0,59.0,792,1,0,1,Pedestrian
61,1941.0,6.0,1971.0,59.0,793,1,0,1,Pedestrian
61,1941.0,6.0,1971.0,59.0,794,1,0,1,Pedestrian
61,1941.0,6.0,1971.0,59.0,795,1,0,1,Pedestrian
61,1941.0,6.0,1971.0,59.0,796,1,0,1,Pedestrian
61,1941.0,6.0,1971.0,59.0,797,1,0,1,Pedestrian
61,1941.0,6.0,1971.0,59.0,798,1,0,1,Pedestrian
61,1941.0,6.0,1971.0,59.0,799,1,0,1,Pedestrian
61,1941.0,6.0,1971.0,59.0,800,1,0,1,Pedestrian
61,1941.0,6.0,1971.0,59.0,801,1,0,1,Pedestrian
61,1941.0,6.0,1971.0,59.0,802,1,0,1,Pedestrian
61,1941.0,6.0,1971.0,59.0,803,1,0,1,Pedestrian
61,1941.0,6.0,1971.0,59.0,804,1,0,1,Pedestrian
61,1941.0,6.0,1971.0,59.0,805,1,0,1,Pedestrian
61,1941.0,6.0,1971.0,59.0,806,1,0,1,Pedestrian
61,1941.0,6.0,1971.0,59.0,807,1,0,1,Pedestrian
61,1941.0,6.0,1971.0,59.0,808,1,0,1,Pedestrian
61,1941.0,6.0,1971.0,59.0,809,1,0,1,Pedestrian
61,1941.0,6.0,1971.0,59.0,810,1,0,1,Pedestrian
61,1941.0,6.0,1971.0,59.0,811,1,0,1,Pedestrian
61,1941.0,6.0,1971.0,59.0,812,1,0,1,Pedestrian
61,1941.0,6.0,1971.0,59.0,813,1,0,1,Pedestrian
61,1941.0,6.0,1971.0,59.0,814,1,0,1,Pedestrian
61,1941.0,6.0,1971.0,59.0,815,1,0,1,Pedestrian
61,1941.0,6.0,1971.0,59.0,816,1,0,1,Pedestrian
61,1941.0,6.0,1971.0,59.0,817,1,0,1,Pedestrian
61,1941.0,6.0,1971.0,59.0,818,1,0,1,Pedestrian
61,1941.0,6.0,1971.0,59.0,819,1,0,1,Pedestrian
61,1941.0,6.0,1971.0,59.0,820,1,0,1,Pedestrian
61,1941.0,6.0,1971.0,59.0,821,1,0,1,Pedestrian
61,1941.0,6.0,1971.0,59.0,822,1,0,1,Pedestrian
61,1941.0,6.0,1971.0,59.0,823,1,0,1,Pedestrian
61,1941.0,6.0,1971.0,59.0,824,1,0,1,Pedestrian
61,1941.0,6.0,1971.0,59.0,825,1,0,1,Pedestrian
61,1941.0,6.0,1971.0,59.0,826,1,0,1,Pedestrian
61,1941.0,6.0,1971.0,59.0,827,1,0,1,Pedestrian
61,1941.0,6.0,1971.0,59.0,828,1,0,1,Pedestrian
61,1944.0,6.0,1971.0,59.0,829,1,0,1,Pedestrian
61,1944.0,6.0,1971.0,59.0,830,1,0,1,Pedestrian
61,1944.0,6.0,1971.0,59.0,831,1,0,1,Pedestrian
61,1944.0,6.0,1971.0,59.0,832,1,0,1,Pedestrian
61,1944.0,6.0,1971.0,59.0,833,1,0,1,Pedestrian
61,1944.0,6.0,1971.0,59.0,834,1,0,1,Pedestrian
61,1944.0,6.0,1971.0,59.0,835,1,0,1,Pedestrian
61,1944.0,6.0,1971.0,59.0,836,1,0,1,Pedestrian
61,1944.0,6.0,1971.0,59.0,837,1,0,1,Pedestrian
61,1944.0,6.0,1971.0,59.0,838,1,0,1,Pedestrian
61,1944.0,6.0,1971.0,59.0,839,1,0,1,Pedestrian
61,1944.0,6.0,1971.0,59.0,840,1,0,1,Pedestrian
61,1944.0,6.0,1971.0,59.0,841,1,0,1,Pedestrian
61,1944.0,6.0,1971.0,59.0,842,1,0,1,Pedestrian
61,1944.0,6.0,1971.0,59.0,843,1,0,1,Pedestrian
61,1944.0,6.0,1971.0,59.0,844,1,0,1,Pedestrian
61,1944.0,6.0,1971.0,59.0,845,1,0,1,Pedestrian
61,1944.0,6.0,1971.0,59.0,846,1,0,1,Pedestrian
61,1944.0,6.0,1971.0,59.0,847,1,0,1,Pedestrian
61,1944.0,6.0,1971.0,59.0,848,1,0,1,Pedestrian
61,1944.0,6.0,1971.0,59.0,849,1,0,1,Pedestrian
61,1944.0,6.0,1971.0,59.0,850,1,0,1,Pedestrian
61,1944.0,6.0,1971.0,59.0,851,1,0,1,Pedestrian
61,1944.0,6.0,1971.0,59.0,852,1,0,1,Pedestrian
61,1944.0,6.0,1971.0,59.0,853,1,0,1,Pedestrian
61,1944.0,6.0,1971.0,59.0,854,1,0,1,Pedestrian
61,1944.0,6.0,1971.0,59.0,855,1,0,1,Pedestrian
61,1944.0,6.0,1971.0,59.0,856,1,0,1,Pedestrian
61,1944.0,6.0,1971.0,59.0,857,1,0,1,Pedestrian
61,1944.0,6.0,1971.0,59.0,858,1,0,1,Pedestrian
61,1944.0,6.0,1971.0,59.0,859,1,0,1,Pedestrian
61,1944.0,6.0,1971.0,59.0,860,1,0,1,Pedestrian
61,1944.0,6.0,1971.0,59.0,861,1,0,1,Pedestrian
61,1944.0,6.0,1971.0,59.0,862,1,0,1,Pedestrian
61,1944.0,6.0,1971.0,59.0,863,1,0,1,Pedestrian
61,1944.0,6.0,1971.0,59.0,864,1,0,1,Pedestrian
61,1944.0,6.0,1971.0,59.0,865,1,0,1,Pedestrian
61,1944.0,6.0,1971.0,59.0,866,1,0,1,Pedestrian
61,1944.0,6.0,1971.0,59.0,867,1,0,1,Pedestrian
61,1944.0,6.0,1971.0,59.0,868,1,0,1,Pedestrian
61,1944.0,6.0,1971.0,59.0,869,1,0,1,Pedestrian
61,1944.0,6.0,1971.0,59.0,870,1,0,1,Pedestrian
61,1944.0,6.0,1971.0,59.0,871,1,0,1,Pedestrian
61,1944.0,6.0,1971.0,59.0,872,1,0,1,Pedestrian
61,1944.0,6.0,1971.0,59.0,873,1,0,1,Pedestrian
61,1944.0,6.0,1971.0,59.0,874,1,0,1,Pedestrian
61,1944.0,6.0,1971.0,59.0,875,1,0,1,Pedestrian
61,1944.0,6.0,1971.0,59.0,876,1,0,1,Pedestrian
61,1944.0,6.0,1971.0,59.0,877,1,0,1,Pedestrian
61,1944.0,6.0,1971.0,59.0,878,1,0,1,Pedestrian
61,1944.0,6.0,1971.0,59.0,879,1,0,1,Pedestrian
61,1944.0,6.0,1971.0,59.0,880,1,0,1,Pedestrian
61,1944.0,6.0,1971.0,59.0,881,1,0,1,Pedestrian
61,1944.0,6.0,1971.0,59.0,882,1,0,1,Pedestrian
61,1944.0,6.0,1971.0,59.0,883,1,0,1,Pedestrian
61,1944.0,6.0,1971.0,59.0,884,1,0,1,Pedestrian
61,1944.0,6.0,1971.0,59.0,885,1,0,1,Pedestrian
61,1944.0,6.0,1971.0,59.0,886,1,0,1,Pedestrian
61,1944.0,6.0,1971.0,59.0,887,1,0,1,Pedestrian
61,1944.0,6.0,1971.0,59.0,888,1,0,1,Pedestrian
61,1944.0,6.0,1971.0,59.0,889,1,0,1,Pedestrian
61,1944.0,6.0,1971.0,59.0,890,1,0,1,Pedestrian
61,1944.0,6.0,1971.0,59.0,891,1,0,1,Pedestrian
61,1944.0,6.0,1971.0,59.0,892,1,0,1,Pedestrian
61,1944.0,6.0,1971.0,59.0,893,1,0,1,Pedestrian
61,1944.0,6.0,1971.0,59.0,894,1,0,1,Pedestrian
61,1944.0,6.0,1971.0,59.0,895,1,0,1,Pedestrian
61,1944.0,6.0,1971.0,59.0,896,1,0,1,Pedestrian
61,1944.0,6.0,1971.0,59.0,897,1,0,1,Pedestrian
61,1944.0,6.0,1971.0,59.0,898,1,0,1,Pedestrian
61,1944.0,6.0,1971.0,59.0,899,1,0,1,Pedestrian
61,1944.0,6.0,1971.0,59.0,900,1,0,1,Pedestrian
61,1944.0,6.0,1971.0,59.0,901,1,0,1,Pedestrian
61,1944.0,6.0,1971.0,59.0,902,1,0,1,Pedestrian
61,1944.0,6.0,1971.0,59.0,903,1,0,1,Pedestrian
61,1944.0,6.0,1971.0,59.0,904,1,0,1,Pedestrian
61,1944.0,6.0,1971.0,59.0,905,1,0,1,Pedestrian
61,1944.0,6.0,1971.0,59.0,906,1,0,1,Pedestrian
61,1944.0,6.0,1971.0,59.0,907,1,0,1,Pedestrian
61,1944.0,6.0,1971.0,59.0,908,1,0,1,Pedestrian
61,1944.0,6.0,1971.0,59.0,909,1,0,1,Pedestrian
61,1944.0,6.0,1971.0,59.0,910,1,0,1,Pedestrian
61,1947.0,6.0,1974.0,59.0,911,0,0,0,Pedestrian
61,1944.0,4.0,1971.0,56.0,912,0,0,1,Pedestrian
61,1944.0,4.0,1971.0,56.0,913,0,0,1,Pedestrian
61,1944.0,4.0,1971.0,56.0,914,0,0,1,Pedestrian
61,1941.0,4.0,1971.0,56.0,915,0,0,1,Pedestrian
61,1941.0,4.0,1971.0,56.0,916,0,0,1,Pedestrian
61,1941.0,4.0,1971.0,54.0,917,0,0,1,Pedestrian
61,1938.0,4.0,1971.0,54.0,918,0,0,1,Pedestrian
61,1938.0,4.0,1971.0,54.0,919,0,0,1,Pedestrian
61,1938.0,4.0,1971.0,54.0,920,0,0,1,Pedestrian
61,1936.0,4.0,1971.0,54.0,921,0,0,1,Pedestrian
61,1936.0,2.0,1971.0,52.0,922,0,0,1,Pedestrian
61,1936.0,2.0,1971.0,52.0,923,0,0,1,Pedestrian
61,1933.0,2.0,1971.0,52.0,924,0,0,1,Pedestrian
61,1933.0,2.0,1971.0,52.0,925,0,0,1,Pedestrian
61,1933.0,2.0,1971.0,52.0,926,0,0,1,Pedestrian
61,1930.0,2.0,1969.0,50.0,927,0,0,1,Pedestrian
61,1930.0,2.0,1969.0,50.0,928,0,0,1,Pedestrian
61,1930.0,2.0,1969.0,50.0,929,0,0,1,Pedestrian
61,1927.0,2.0,1969.0,50.0,930,0,0,1,Pedestrian
61,1927.0,2.0,1969.0,50.0,931,0,0,1,Pedestrian
61,1927.0,0.0,1969.0,47.0,932,0,0,1,Pedestrian
61,1925.0,0.0,1969.0,47.0,933,0,0,1,Pedestrian
61,1925.0,0.0,1969.0,47.0,934,0,0,1,Pedestrian
61,1925.0,0.0,1969.0,47.0,935,0,0,1,Pedestrian
61,1922.0,0.0,1969.0,47.0,936,0,0,1,Pedestrian
61,1922.0,0.0,1969.0,45.0,937,0,0,1,Pedestrian
61,1922.0,0.0,1969.0,45.0,938,0,0,1,Pedestrian
61,1919.0,0.0,1969.0,45.0,939,0,0,1,Pedestrian
61,1919.0,0.0,1969.0,45.0,940,0,0,1,Pedestrian
61,1919.0,0.0,1969.0,45.0,941,0,0,0,Pedestrian
61,1916.0,0.0,1966.0,45.0,942,0,0,1,Pedestrian
61,1916.0,0.0,1966.0,45.0,943,0,0,1,Pedestrian
61,1914.0,0.0,1963.0,45.0,944,0,0,1,Pedestrian
61,1914.0,0.0,1963.0,45.0,945,0,0,1,Pedestrian
61,1914.0,0.0,1963.0,45.0,946,0,0,1,Pedestrian
61,1911.0,0.0,1960.0,45.0,947,0,0,1,Pedestrian
61,1911.0,0.0,1960.0,45.0,948,0,0,1,Pedestrian
61,1908.0,0.0,1958.0,45.0,949,0,0,1,Pedestrian
61,1908.0,0.0,1958.0,45.0,950,0,0,1,Pedestrian
61,1908.0,0.0,1958.0,45.0,951,0,0,0,Pedestrian
61,1905.0,0.0,1955.0,43.0,952,0,0,1,Pedestrian
61,1905.0,0.0,1955.0,43.0,953,0,0,1,Pedestrian
61,1903.0,0.0,1952.0,43.0,954,0,0,1,Pedestrian
61,1903.0,0.0,1952.0,40.0,955,0,0,1,Pedestrian
61,1900.0,0.0,1949.0,40.0,956,0,0,1,Pedestrian
61,1900.0,0.0,1949.0,40.0,957,0,0,1,Pedestrian
61,1897.0,0.0,1947.0,38.0,958,0,0,1,Pedestrian
61,1897.0,0.0,1947.0,38.0,959,0,0,1,Pedestrian
61,1894.0,0.0,1944.0,38.0,960,0,0,1,Pedestrian
61,1894.0,0.0,1944.0,38.0,961,0,0,0,Pedestrian
61,1892.0,0.0,1941.0,38.0,962,0,0,1,Pedestrian
61,1892.0,0.0,1941.0,38.0,963,0,0,1,Pedestrian
61,1892.0,0.0,1941.0,38.0,964,0,0,1,Pedestrian
61,1892.0,0.0,1941.0,38.0,965,0,0,1,Pedestrian
61,1889.0,0.0,1938.0,38.0,966,0,0,1,Pedestrian
61,1889.0,0.0,1938.0,38.0,967,0,0,1,Pedestrian
61,1889.0,0.0,1938.0,38.0,968,0,0,1,Pedestrian
61,1889.0,0.0,1938.0,38.0,969,0,0,1,Pedestrian
61,1886.0,0.0,1936.0,38.0,970,0,0,1,Pedestrian
61,1886.0,0.0,1936.0,38.0,971,0,0,1,Pedestrian
61,1886.0,0.0,1936.0,38.0,972,0,0,1,Pedestrian
61,1886.0,0.0,1936.0,38.0,973,0,0,1,Pedestrian
61,1883.0,0.0,1933.0,38.0,974,0,0,1,Pedestrian
61,1883.0,0.0,1933.0,38.0,975,0,0,1,Pedestrian
61,1883.0,0.0,1933.0,38.0,976,0,0,1,Pedestrian
61,1883.0,0.0,1933.0,38.0,977,0,0,1,Pedestrian
61,1881.0,0.0,1930.0,38.0,978,0,0,1,Pedestrian
61,1881.0,0.0,1930.0,38.0,979,0,0,1,Pedestrian
61,1881.0,0.0,1930.0,38.0,980,0,0,1,Pedestrian
61,1881.0,0.0,1930.0,38.0,981,1,0,0,Pedestrian
61,1881.0,0.0,1930.0,38.0,982,1,0,1,Pedestrian
61,1881.0,0.0,1930.0,38.0,983,1,0,1,Pedestrian
61,1881.0,0.0,1930.0,38.0,984,1,0,1,Pedestrian
61,1881.0,0.0,1930.0,38.0,985,1,0,1,Pedestrian
61,1881.0,0.0,1930.0,38.0,986,1,0,1,Pedestrian
61,1881.0,0.0,1930.0,38.0,987,1,0,1,Pedestrian
61,1881.0,0.0,1930.0,38.0,988,1,0,1,Pedestrian
61,1881.0,0.0,1930.0,38.0,989,1,0,1,Pedestrian
61,1881.0,0.0,1930.0,38.0,990,1,0,1,Pedestrian
61,1881.0,0.0,1930.0,38.0,991,1,0,1,Pedestrian
61,1881.0,0.0,1930.0,38.0,992,1,0,1,Pedestrian
61,1881.0,0.0,1930.0,38.0,993,1,0,1,Pedestrian
61,1881.0,0.0,1930.0,38.0,994,1,0,1,Pedestrian
61,1881.0,0.0,1930.0,38.0,995,1,0,1,Pedestrian
61,1881.0,0.0,1930.0,38.0,996,1,0,1,Pedestrian
61,1881.0,0.0,1930.0,38.0,997,1,0,1,Pedestrian
61,1881.0,0.0,1930.0,38.0,998,1,0,1,Pedestrian
61,1881.0,0.0,1930.0,38.0,999,1,0,1,Pedestrian
61,1881.0,0.0,1930.0,38.0,1000,1,0,1,Pedestrian
61,1881.0,0.0,1930.0,38.0,1001,1,0,1,Pedestrian
61,1881.0,0.0,1930.0,38.0,1002,1,0,1,Pedestrian
61,1881.0,0.0,1930.0,38.0,1003,1,0,1,Pedestrian
61,1881.0,0.0,1930.0,38.0,1004,1,0,1,Pedestrian
61,1881.0,0.0,1930.0,38.0,1005,1,0,1,Pedestrian
61,1881.0,0.0,1930.0,38.0,1006,1,0,1,Pedestrian
61,1881.0,0.0,1930.0,38.0,1007,1,0,1,Pedestrian
61,1881.0,0.0,1930.0,38.0,1008,1,0,1,Pedestrian
61,1881.0,0.0,1930.0,38.0,1009,1,0,1,Pedestrian
61,1881.0,0.0,1930.0,38.0,1010,1,0,1,Pedestrian
61,1881.0,0.0,1930.0,38.0,1011,1,0,0,Pedestrian
61,1881.0,0.0,1930.0,38.0,1012,1,0,1,Pedestrian
61,1881.0,0.0,1930.0,38.0,1013,1,0,1,Pedestrian
61,1881.0,0.0,1930.0,38.0,1014,1,0,1,Pedestrian
61,1881.0,0.0,1930.0,38.0,1015,1,0,1,Pedestrian
61,1881.0,0.0,1930.0,38.0,1016,1,0,1,Pedestrian
61,1881.0,0.0,1930.0,38.0,1017,1,0,1,Pedestrian
61,1881.0,0.0,1930.0,38.0,1018,1,0,1,Pedestrian
61,1881.0,0.0,1930.0,38.0,1019,1,0,1,Pedestrian
61,1881.0,0.0,1930.0,38.0,1020,1,0,1,Pedestrian
61,1881.0,0.0,1930.0,38.0,1021,1,0,1,Pedestrian
61,1881.0,0.0,1930.0,38.0,1022,1,0,1,Pedestrian
61,1881.0,0.0,1930.0,38.0,1023,1,0,1,Pedestrian
61,1881.0,0.0,1930.0,38.0,1024,1,0,1,Pedestrian
61,1881.0,0.0,1930.0,38.0,1025,1,0,1,Pedestrian
61,1881.0,0.0,1930.0,38.0,1026,1,0,1,Pedestrian
61,1881.0,0.0,1930.0,38.0,1027,1,0,1,Pedestrian
61,1881.0,0.0,1930.0,38.0,1028,1,0,1,Pedestrian
61,1881.0,0.0,1930.0,38.0,1029,1,0,1,Pedestrian
61,1881.0,0.0,1930.0,38.0,1030,1,0,1,Pedestrian
61,1881.0,0.0,1930.0,38.0,1031,1,0,0,Pedestrian
62,0.0,749.0,57.0,819.0,500,1,0,0,Biker
62,0.0,746.0,57.0,819.0,501,1,0,1,Biker
62,0.0,746.0,57.0,819.0,502,1,0,1,Biker
62,0.0,746.0,57.0,819.0,503,1,0,1,Biker
62,0.0,746.0,57.0,819.0,504,1,0,1,Biker
62,0.0,746.0,57.0,819.0,505,1,0,1,Biker
62,0.0,746.0,57.0,819.0,506,1,0,1,Biker
62,0.0,746.0,57.0,819.0,507,1,0,1,Biker
62,0.0,746.0,60.0,819.0,508,1,0,1,Biker
62,0.0,746.0,60.0,819.0,509,1,0,1,Biker
62,0.0,746.0,60.0,819.0,510,1,0,1,Biker
62,0.0,746.0,60.0,819.0,511,1,0,1,Biker
62,0.0,746.0,60.0,819.0,512,1,0,1,Biker
62,0.0,746.0,60.0,819.0,513,1,0,1,Biker
62,0.0,746.0,60.0,819.0,514,1,0,1,Biker
62,0.0,746.0,60.0,819.0,515,1,0,1,Biker
62,0.0,746.0,63.0,819.0,516,1,0,1,Biker
62,0.0,746.0,63.0,819.0,517,1,0,1,Biker
62,0.0,746.0,63.0,819.0,518,1,0,1,Biker
62,0.0,746.0,63.0,819.0,519,1,0,1,Biker
62,0.0,746.0,63.0,819.0,520,1,0,1,Biker
62,0.0,746.0,63.0,819.0,521,1,0,1,Biker
62,0.0,746.0,63.0,819.0,522,1,0,1,Biker
62,0.0,746.0,63.0,819.0,523,1,0,1,Biker
62,0.0,746.0,66.0,822.0,524,1,0,1,Biker
62,0.0,746.0,66.0,822.0,525,1,0,1,Biker
62,0.0,746.0,66.0,822.0,526,1,0,1,Biker
62,0.0,746.0,66.0,822.0,527,1,0,1,Biker
62,0.0,746.0,66.0,822.0,528,1,0,1,Biker
62,0.0,746.0,66.0,822.0,529,1,0,1,Biker
62,0.0,746.0,66.0,822.0,530,1,0,1,Biker
62,0.0,746.0,68.0,822.0,531,1,0,1,Biker
62,0.0,746.0,68.0,822.0,532,1,0,1,Biker
62,0.0,746.0,68.0,822.0,533,1,0,1,Biker
62,0.0,746.0,68.0,822.0,534,1,0,1,Biker
62,0.0,746.0,68.0,822.0,535,1,0,1,Biker
62,0.0,746.0,68.0,822.0,536,1,0,1,Biker
62,0.0,746.0,68.0,822.0,537,1,0,1,Biker
62,0.0,746.0,68.0,822.0,538,1,0,1,Biker
62,0.0,746.0,71.0,822.0,539,1,0,1,Biker
62,0.0,746.0,71.0,822.0,540,1,0,1,Biker
62,0.0,746.0,71.0,822.0,541,1,0,1,Biker
62,0.0,746.0,71.0,822.0,542,1,0,1,Biker
62,0.0,746.0,71.0,822.0,543,1,0,1,Biker
62,0.0,746.0,71.0,822.0,544,1,0,1,Biker
62,0.0,746.0,71.0,822.0,545,1,0,1,Biker
62,0.0,746.0,71.0,822.0,546,1,0,1,Biker
62,0.0,746.0,74.0,822.0,547,1,0,1,Biker
62,0.0,746.0,74.0,824.0,548,1,0,1,Biker
62,0.0,746.0,74.0,824.0,549,1,0,1,Biker
62,0.0,746.0,74.0,824.0,550,1,0,1,Biker
62,0.0,746.0,74.0,824.0,551,1,0,1,Biker
62,0.0,746.0,74.0,824.0,552,1,0,1,Biker
62,0.0,746.0,74.0,824.0,553,1,0,1,Biker
62,0.0,746.0,77.0,824.0,554,1,0,1,Biker
62,0.0,746.0,77.0,824.0,555,1,0,1,Biker
62,0.0,746.0,77.0,824.0,556,1,0,1,Biker
62,0.0,746.0,77.0,824.0,557,1,0,1,Biker
62,0.0,746.0,77.0,824.0,558,1,0,1,Biker
62,0.0,746.0,77.0,824.0,559,1,0,1,Biker
62,0.0,746.0,77.0,824.0,560,1,0,1,Biker
62,0.0,746.0,77.0,824.0,561,1,0,1,Biker
62,0.0,746.0,79.0,824.0,562,1,0,1,Biker
62,0.0,746.0,79.0,824.0,563,1,0,1,Biker
62,0.0,746.0,79.0,824.0,564,1,0,1,Biker
62,0.0,746.0,79.0,824.0,565,1,0,1,Biker
62,0.0,746.0,79.0,824.0,566,1,0,1,Biker
62,0.0,746.0,79.0,824.0,567,1,0,1,Biker
62,0.0,746.0,79.0,824.0,568,1,0,1,Biker
62,0.0,746.0,79.0,824.0,569,1,0,1,Biker
62,0.0,746.0,82.0,824.0,570,1,0,1,Biker
62,0.0,746.0,82.0,824.0,571,1,0,1,Biker
62,0.0,746.0,82.0,826.0,572,1,0,1,Biker
62,0.0,746.0,82.0,826.0,573,1,0,1,Biker
62,0.0,746.0,82.0,826.0,574,1,0,1,Biker
62,0.0,746.0,82.0,826.0,575,1,0,1,Biker
62,0.0,746.0,82.0,826.0,576,1,0,1,Biker
62,0.0,746.0,85.0,826.0,577,1,0,1,Biker
62,0.0,746.0,85.0,826.0,578,1,0,1,Biker
62,0.0,746.0,85.0,826.0,579,1,0,1,Biker
62,0.0,746.0,85.0,826.0,580,1,0,1,Biker
62,0.0,746.0,85.0,826.0,581,1,0,1,Biker
62,0.0,746.0,85.0,826.0,582,1,0,1,Biker
62,0.0,746.0,85.0,826.0,583,1,0,1,Biker
62,0.0,746.0,85.0,826.0,584,1,0,1,Biker
62,0.0,746.0,88.0,826.0,585,1,0,1,Biker
62,0.0,746.0,88.0,826.0,586,1,0,1,Biker
62,0.0,746.0,88.0,826.0,587,1,0,1,Biker
62,0.0,746.0,88.0,826.0,588,1,0,1,Biker
62,0.0,746.0,88.0,826.0,589,1,0,1,Biker
62,0.0,746.0,88.0,826.0,590,1,0,1,Biker
62,0.0,746.0,88.0,826.0,591,1,0,1,Biker
62,0.0,746.0,88.0,826.0,592,1,0,1,Biker
62,0.0,746.0,90.0,826.0,593,1,0,1,Biker
62,0.0,746.0,90.0,826.0,594,1,0,1,Biker
62,0.0,746.0,90.0,826.0,595,1,0,1,Biker
62,0.0,746.0,90.0,828.0,596,1,0,1,Biker
62,0.0,744.0,90.0,828.0,597,1,0,1,Biker
62,0.0,744.0,90.0,828.0,598,1,0,1,Biker
62,0.0,744.0,90.0,828.0,599,1,0,1,Biker
62,0.0,744.0,93.0,828.0,600,1,0,1,Biker
62,0.0,744.0,93.0,828.0,601,1,0,1,Biker
62,0.0,744.0,93.0,828.0,602,1,0,1,Biker
62,0.0,744.0,93.0,828.0,603,1,0,1,Biker
62,0.0,744.0,93.0,828.0,604,1,0,1,Biker
62,0.0,744.0,93.0,828.0,605,1,0,1,Biker
62,0.0,744.0,93.0,828.0,606,1,0,1,Biker
62,0.0,744.0,93.0,828.0,607,1,0,1,Biker
62,0.0,744.0,96.0,828.0,608,1,0,1,Biker
62,0.0,744.0,96.0,828.0,609,1,0,1,Biker
62,0.0,744.0,96.0,828.0,610,1,0,1,Biker
62,0.0,744.0,96.0,828.0,611,1,0,1,Biker
62,0.0,744.0,96.0,828.0,612,1,0,1,Biker
62,0.0,744.0,96.0,828.0,613,1,0,1,Biker
62,0.0,744.0,96.0,828.0,614,1,0,1,Biker
62,0.0,744.0,96.0,828.0,615,1,0,1,Biker
62,0.0,744.0,99.0,828.0,616,1,0,1,Biker
62,0.0,744.0,99.0,828.0,617,1,0,1,Biker
62,0.0,744.0,99.0,828.0,618,1,0,1,Biker
62,0.0,744.0,99.0,828.0,619,1,0,1,Biker
62,0.0,744.0,99.0,831.0,620,1,0,1,Biker
62,0.0,744.0,99.0,831.0,621,1,0,1,Biker
62,0.0,744.0,99.0,831.0,622,1,0,1,Biker
62,0.0,744.0,101.0,831.0,623,1,0,1,Biker
62,0.0,744.0,101.0,831.0,624,1,0,1,Biker
62,0.0,744.0,101.0,831.0,625,1,0,1,Biker
62,0.0,744.0,101.0,831.0,626,1,0,1,Biker
62,0.0,744.0,101.0,831.0,627,1,0,1,Biker
62,0.0,744.0,101.0,831.0,628,1,0,1,Biker
62,0.0,744.0,101.0,831.0,629,1,0,1,Biker
62,0.0,744.0,101.0,831.0,630,1,0,1,Biker
62,0.0,744.0,104.0,831.0,631,1,0,1,Biker
62,0.0,744.0,104.0,831.0,632,1,0,1,Biker
62,0.0,744.0,104.0,831.0,633,1,0,1,Biker
62,0.0,744.0,104.0,831.0,634,1,0,1,Biker
62,0.0,744.0,104.0,831.0,635,1,0,1,Biker
62,0.0,744.0,104.0,831.0,636,1,0,1,Biker
62,0.0,744.0,104.0,831.0,637,1,0,1,Biker
62,0.0,744.0,104.0,831.0,638,1,0,1,Biker
62,0.0,744.0,107.0,831.0,639,1,0,1,Biker
62,0.0,744.0,107.0,831.0,640,1,0,1,Biker
62,0.0,744.0,107.0,831.0,641,1,0,1,Biker
62,0.0,744.0,107.0,831.0,642,1,0,1,Biker
62,0.0,744.0,107.0,831.0,643,1,0,1,Biker
62,0.0,744.0,107.0,833.0,644,1,0,1,Biker
62,0.0,744.0,107.0,833.0,645,1,0,1,Biker
62,0.0,744.0,110.0,833.0,646,1,0,1,Biker
62,0.0,744.0,110.0,833.0,647,1,0,1,Biker
62,0.0,744.0,110.0,833.0,648,1,0,1,Biker
62,0.0,744.0,110.0,833.0,649,1,0,1,Biker
62,0.0,744.0,110.0,833.0,650,1,0,1,Biker
62,0.0,744.0,110.0,833.0,651,1,0,1,Biker
62,0.0,744.0,110.0,833.0,652,1,0,1,Biker
62,0.0,744.0,110.0,833.0,653,1,0,1,Biker
62,0.0,744.0,112.0,833.0,654,1,0,1,Biker
62,0.0,744.0,112.0,833.0,655,1,0,1,Biker
62,0.0,744.0,112.0,833.0,656,1,0,1,Biker
62,0.0,744.0,112.0,833.0,657,1,0,1,Biker
62,0.0,744.0,112.0,833.0,658,1,0,1,Biker
62,0.0,744.0,112.0,833.0,659,1,0,1,Biker
62,0.0,744.0,112.0,833.0,660,1,0,1,Biker
62,0.0,744.0,112.0,833.0,661,1,0,1,Biker
62,0.0,744.0,115.0,833.0,662,1,0,1,Biker
62,0.0,744.0,115.0,833.0,663,1,0,1,Biker
62,0.0,744.0,115.0,833.0,664,1,0,1,Biker
62,0.0,744.0,115.0,833.0,665,1,0,1,Biker
62,0.0,744.0,115.0,833.0,666,1,0,1,Biker
62,0.0,744.0,115.0,833.0,667,1,0,1,Biker
62,0.0,744.0,115.0,835.0,668,1,0,1,Biker
62,0.0,744.0,118.0,835.0,669,1,0,1,Biker
62,0.0,744.0,118.0,835.0,670,1,0,1,Biker
62,0.0,744.0,118.0,835.0,671,1,0,1,Biker
62,0.0,744.0,118.0,835.0,672,1,0,1,Biker
62,0.0,744.0,118.0,835.0,673,1,0,1,Biker
62,0.0,744.0,118.0,835.0,674,1,0,1,Biker
62,0.0,744.0,118.0,835.0,675,1,0,1,Biker
62,0.0,744.0,118.0,835.0,676,1,0,1,Biker
62,0.0,744.0,121.0,835.0,677,1,0,1,Biker
62,0.0,744.0,121.0,835.0,678,1,0,1,Biker
62,0.0,744.0,121.0,835.0,679,1,0,1,Biker
62,0.0,744.0,121.0,835.0,680,1,0,1,Biker
62,0.0,744.0,121.0,835.0,681,1,0,1,Biker
62,0.0,744.0,121.0,835.0,682,1,0,1,Biker
62,0.0,744.0,121.0,835.0,683,1,0,1,Biker
62,0.0,744.0,121.0,835.0,684,1,0,1,Biker
62,0.0,744.0,123.0,835.0,685,1,0,1,Biker
62,0.0,744.0,123.0,835.0,686,1,0,1,Biker
62,0.0,744.0,123.0,835.0,687,1,0,1,Biker
62,0.0,744.0,123.0,835.0,688,1,0,1,Biker
62,0.0,744.0,123.0,835.0,689,1,0,1,Biker
62,0.0,744.0,123.0,835.0,690,1,0,1,Biker
62,0.0,744.0,123.0,835.0,691,1,0,1,Biker
62,0.0,744.0,126.0,837.0,692,0,0,0,Biker
62,0.0,740.0,123.0,835.0,693,0,0,1,Biker
62,0.0,737.0,121.0,833.0,694,0,0,1,Biker
62,0.0,733.0,118.0,831.0,695,0,0,1,Biker
62,2.0,730.0,115.0,828.0,696,0,0,1,Biker
62,2.0,726.0,115.0,826.0,697,0,0,1,Biker
62,2.0,724.0,112.0,824.0,698,0,0,1,Biker
62,5.0,719.0,110.0,822.0,699,0,0,1,Biker
62,5.0,717.0,107.0,819.0,700,0,0,1,Biker
62,5.0,712.0,104.0,817.0,701,0,0,1,Biker
62,8.0,710.0,104.0,815.0,702,0,0,0,Biker
62,11.0,705.0,110.0,810.0,703,0,0,1,Biker
62,16.0,703.0,118.0,808.0,704,0,0,1,Biker
62,22.0,701.0,123.0,806.0,705,0,0,1,Biker
62,24.0,699.0,132.0,801.0,706,0,0,1,Biker
62,30.0,696.0,137.0,799.0,707,0,0,1,Biker
62,35.0,694.0,145.0,796.0,708,0,0,1,Biker
62,38.0,692.0,151.0,792.0,709,0,0,1,Biker
62,44.0,689.0,159.0,790.0,710,0,0,1,Biker
62,49.0,687.0,165.0,787.0,711,0,0,1,Biker
62,55.0,685.0,173.0,785.0,712,0,0,0,Biker
62,57.0,683.0,178.0,781.0,713,0,0,1,Biker
62,63.0,680.0,184.0,776.0,714,0,0,1,Biker
62,68.0,678.0,189.0,771.0,715,0,0,1,Biker
62,74.0,676.0,198.0,769.0,716,0,0,1,Biker
62,79.0,674.0,203.0,765.0,717,0,0,1,Biker
62,82.0,671.0,209.0,760.0,718,0,0,1,Biker
62,88.0,669.0,217.0,758.0,719,0,0,1,Biker
62,93.0,667.0,222.0,753.0,720,0,0,1,Biker
62,99.0,664.0,228.0,749.0,721,0,0,1,Biker
62,104.0,662.0,236.0,746.0,722,0,0,0,Biker
62,107.0,660.0,239.0,746.0,723,0,0,1,Biker
62,112.0,658.0,244.0,746.0,724,0,0,1,Biker
62,118.0,655.0,247.0,746.0,725,0,0,1,Biker
62,123.0,655.0,253.0,746.0,726,0,0,1,Biker
62,129.0,653.0,258.0,746.0,727,0,0,1,Biker
62,134.0,651.0,261.0,746.0,728,0,0,1,Biker
62,140.0,651.0,266.0,746.0,729,0,0,1,Biker
62,145.0,648.0,269.0,746.0,730,0,0,1,Biker
62,151.0,646.0,275.0,746.0,731,0,0,1,Biker
62,156.0,646.0,280.0,746.0,732,0,0,0,Biker
62,159.0,642.0,283.0,744.0,733,0,0,1,Biker
62,165.0,637.0,286.0,742.0,734,0,0,1,Biker
62,170.0,633.0,288.0,740.0,735,0,0,1,Biker
62,176.0,628.0,291.0,737.0,736,0,0,1,Biker
62,181.0,623.0,294.0,735.0,737,0,0,1,Biker
62,187.0,619.0,297.0,733.0,738,0,0,1,Biker
62,192.0,614.0,299.0,730.0,739,0,0,1,Biker
62,198.0,610.0,302.0,728.0,740,0,0,1,Biker
62,203.0,605.0,305.0,726.0,741,0,0,1,Biker
62,209.0,603.0,310.0,726.0,742,0,0,0,Biker
62,203.0,598.0,310.0,710.0,743,0,0,1,Biker
62,200.0,596.0,313.0,694.0,744,0,0,1,Biker
62,198.0,594.0,316.0,678.0,745,0,0,0,Biker
62,203.0,589.0,319.0,676.0,746,0,0,1,Biker
62,211.0,587.0,324.0,674.0,747,0,0,1,Biker
62,217.0,585.0,330.0,674.0,748,0,0,1,Biker
62,225.0,580.0,335.0,671.0,749,0,0,1,Biker
62,231.0,578.0,341.0,671.0,750,0,0,1,Biker
62,239.0,576.0,346.0,669.0,751,0,0,1,Biker
62,247.0,573.0,352.0,669.0,752,0,0,0,Biker
62,250.0,569.0,354.0,664.0,753,0,0,1,Biker
62,253.0,566.0,360.0,662.0,754,0,0,1,Biker
62,255.0,564.0,363.0,658.0,755,0,0,1,Biker
62,261.0,560.0,368.0,655.0,756,0,0,1,Biker
62,264.0,557.0,371.0,651.0,757,0,0,1,Biker
62,266.0,555.0,376.0,648.0,758,0,0,1,Biker
62,272.0,551.0,379.0,644.0,759,0,0,1,Biker
62,275.0,548.0,385.0,642.0,760,0,0,1,Biker
62,277.0,546.0,387.0,637.0,761,0,0,1,Biker
62,283.0,544.0,393.0,635.0,762,0,0,0,Biker
62,286.0,539.0,393.0,630.0,763,0,0,1,Biker
62,291.0,537.0,396.0,628.0,764,0,0,1,Biker
62,294.0,535.0,398.0,626.0,765,0,0,1,Biker
62,299.0,530.0,401.0,623.0,766,0,0,1,Biker
62,302.0,528.0,404.0,621.0,767,0,0,1,Biker
62,308.0,526.0,407.0,619.0,768,0,0,1,Biker
62,310.0,521.0,409.0,617.0,769,0,0,1,Biker
62,316.0,519.0,412.0,614.0,770,0,0,1,Biker
62,319.0,516.0,415.0,612.0,771,0,0,1,Biker
62,324.0,514.0,418.0,610.0,772,0,0,0,Biker
62,327.0,510.0,423.0,601.0,773,0,0,1,Biker
62,332.0,505.0,431.0,592.0,774,0,0,1,Biker
62,338.0,500.0,440.0,585.0,775,0,0,0,Biker
62,341.0,496.0,442.0,580.0,776,0,0,1,Biker
62,346.0,491.0,448.0,578.0,777,0,0,1,Biker
62,352.0,487.0,453.0,576.0,778,0,0,1,Biker
62,354.0,482.0,456.0,573.0,779,0,0,1,Biker
62,360.0,478.0,462.0,571.0,780,0,0,1,Biker
62,365.0,473.0,467.0,569.0,781,0,0,1,Biker
62,371.0,469.0,473.0,566.0,782,0,0,0,Biker
62,374.0,464.0,475.0,562.0,783,0,0,1,Biker
62,376.0,459.0,481.0,560.0,784,0,0,1,Biker
62,379.0,457.0,484.0,555.0,785,0,0,1,Biker
62,385.0,453.0,489.0,553.0,786,0,0,1,Biker
62,387.0,450.0,492.0,551.0,787,0,0,1,Biker
62,390.0,446.0,497.0,546.0,788,0,0,1,Biker
62,396.0,441.0,500.0,544.0,789,0,0,1,Biker
62,398.0,439.0,506.0,539.0,790,0,0,1,Biker
62,401.0,434.0,508.0,537.0,791,0,0,1,Biker
62,407.0,432.0,514.0,535.0,792,0,0,0,Biker
62,409.0,425.0,517.0,528.0,793,0,0,1,Biker
62,412.0,421.0,522.0,521.0,794,0,0,1,Biker
62,415.0,416.0,528.0,516.0,795,0,0,1,Biker
62,418.0,412.0,533.0,510.0,796,0,0,1,Biker
62,423.0,407.0,539.0,505.0,797,0,0,1,Biker
62,426.0,400.0,541.0,498.0,798,0,0,1,Biker
62,429.0,396.0,547.0,491.0,799,0,0,1,Biker
62,431.0,391.0,552.0,487.0,800,0,0,1,Biker
62,434.0,387.0,558.0,480.0,801,0,0,1,Biker
62,440.0,382.0,563.0,475.0,802,0,0,0,Biker
62,442.0,377.0,563.0,471.0,803,0,0,1,Biker
62,445.0,373.0,563.0,469.0,804,0,0,1,Biker
62,448.0,368.0,566.0,466.0,805,0,0,1,Biker
62,451.0,364.0,566.0,462.0,806,0,0,1,Biker
62,456.0,362.0,569.0,459.0,807,0,0,1,Biker
62,459.0,357.0,569.0,457.0,808,0,0,1,Biker
62,462.0,352.0,569.0,453.0,809,0,0,1,Biker
62,464.0,348.0,572.0,450.0,810,0,0,1,Biker
62,467.0,343.0,572.0,448.0,811,0,0,1,Biker
62,473.0,341.0,574.0,446.0,812,0,0,0,Biker
62,475.0,334.0,577.0,439.0,813,0,0,1,Biker
62,478.0,330.0,580.0,434.0,814,0,0,1,Biker
62,481.0,325.0,583.0,430.0,815,0,0,1,Biker
62,484.0,321.0,588.0,423.0,816,0,0,1,Biker
62,489.0,316.0,591.0,418.0,817,0,0,1,Biker
62,492.0,311.0,594.0,414.0,818,0,0,1,Biker
62,495.0,307.0,599.0,407.0,819,0,0,1,Biker
62,497.0,302.0,602.0,403.0,820,0,0,1,Biker
62,500.0,298.0,605.0,398.0,821,0,0,1,Biker
62,506.0,293.0,610.0,393.0,822,0,0,0,Biker
62,506.0,286.0,613.0,387.0,823,0,0,1,Biker
62,508.0,282.0,616.0,382.0,824,0,0,1,Biker
62,511.0,275.0,618.0,375.0,825,0,0,1,Biker
62,511.0,270.0,624.0,371.0,826,0,0,1,Biker
62,514.0,266.0,627.0,364.0,827,0,0,1,Biker
62,517.0,259.0,629.0,359.0,828,0,0,1,Biker
62,517.0,255.0,635.0,352.0,829,0,0,1,Biker
62,519.0,248.0,638.0,348.0,830,0,0,1,Biker
62,522.0,243.0,640.0,341.0,831,0,0,1,Biker
62,525.0,239.0,646.0,337.0,832,0,0,0,Biker
62,525.0,234.0,643.0,334.0,833,0,0,1,Biker
62,528.0,229.0,643.0,332.0,834,0,0,1,Biker
62,528.0,225.0,643.0,330.0,835,0,0,1,Biker
62,530.0,220.0,640.0,327.0,836,0,0,1,Biker
62,530.0,218.0,640.0,327.0,837,0,0,1,Biker
62,533.0,214.0,640.0,325.0,838,0,0,1,Biker
62,533.0,209.0,638.0,323.0,839,0,0,1,Biker
62,536.0,204.0,638.0,321.0,840,0,0,1,Biker
62,536.0,200.0,638.0,318.0,841,0,0,1,Biker
62,539.0,198.0,638.0,318.0,842,0,0,0,Biker
62,539.0,191.0,638.0,309.0,843,0,0,1,Biker
62,541.0,186.0,638.0,302.0,844,0,0,1,Biker
62,541.0,182.0,638.0,293.0,845,0,0,1,Biker
62,544.0,177.0,640.0,286.0,846,0,0,1,Biker
62,544.0,173.0,640.0,280.0,847,0,0,1,Biker
62,547.0,166.0,640.0,270.0,848,0,0,1,Biker
62,547.0,161.0,643.0,264.0,849,0,0,1,Biker
62,550.0,157.0,643.0,255.0,850,0,0,1,Biker
62,550.0,152.0,643.0,248.0,851,0,0,1,Biker
62,552.0,148.0,646.0,241.0,852,0,0,0,Biker
62,552.0,143.0,649.0,239.0,853,0,0,1,Biker
62,555.0,141.0,651.0,236.0,854,0,0,1,Biker
62,558.0,136.0,654.0,234.0,855,0,0,1,Biker
62,561.0,134.0,657.0,232.0,856,0,0,1,Biker
62,563.0,132.0,660.0,229.0,857,0,0,1,Biker
62,563.0,127.0,662.0,227.0,858,0,0,1,Biker
62,566.0,125.0,665.0,225.0,859,0,0,1,Biker
62,569.0,120.0,668.0,223.0,860,0,0,1,Biker
62,572.0,118.0,671.0,220.0,861,0,0,1,Biker
62,574.0,116.0,673.0,218.0,862,0,0,0,Biker
62,577.0,111.0,676.0,214.0,863,0,0,1,Biker
62,580.0,107.0,679.0,211.0,864,0,0,1,Biker
62,583.0,102.0,682.0,209.0,865,0,0,1,Biker
62,585.0,100.0,684.0,207.0,866,0,0,1,Biker
62,591.0,95.0,687.0,204.0,867,0,0,1,Biker
62,594.0,91.0,690.0,200.0,868,0,0,1,Biker
62,596.0,88.0,693.0,198.0,869,0,0,1,Biker
62,599.0,84.0,695.0,195.0,870,0,0,1,Biker
62,602.0,79.0,698.0,193.0,871,0,0,1,Biker
62,607.0,77.0,704.0,191.0,872,0,0,0,Biker
62,607.0,70.0,704.0,184.0,873,0,0,1,Biker
62,610.0,66.0,704.0,177.0,874,0,0,1,Biker
62,610.0,59.0,704.0,173.0,875,0,0,1,Biker
62,613.0,54.0,704.0,166.0,876,0,0,1,Biker
62,613.0,47.0,706.0,161.0,877,0,0,1,Biker
62,616.0,43.0,706.0,154.0,878,0,0,1,Biker
62,616.0,36.0,706.0,148.0,879,0,0,1,Biker
62,618.0,31.0,706.0,143.0,880,0,0,1,Biker
62,618.0,25.0,706.0,136.0,881,0,0,1,Biker
62,621.0,20.0,709.0,132.0,882,0,0,0,Biker
62,621.0,18.0,709.0,125.0,883,0,0,1,Biker
62,624.0,15.0,712.0,120.0,884,0,0,1,Biker
62,627.0,13.0,715.0,116.0,885,0,0,1,Biker
62,629.0,11.0,717.0,111.0,886,0,0,1,Biker
62,632.0,9.0,720.0,107.0,887,0,0,1,Biker
62,635.0,6.0,723.0,102.0,888,0,0,1,Biker
62,638.0,4.0,726.0,97.0,889,0,0,1,Biker
62,640.0,2.0,728.0,93.0,890,0,0,1,Biker
62,643.0,0.0,731.0,88.0,891,0,0,1,Biker
62,646.0,0.0,734.0,84.0,892,0,0,0,Biker
62,649.0,0.0,737.0,81.0,893,0,0,1,Biker
62,651.0,0.0,739.0,79.0,894,0,0,1,Biker
62,654.0,0.0,742.0,77.0,895,0,0,1,Biker
62,660.0,0.0,745.0,75.0,896,0,0,1,Biker
62,662.0,0.0,748.0,75.0,897,0,0,1,Biker
62,665.0,0.0,750.0,72.0,898,0,0,1,Biker
62,671.0,0.0,753.0,70.0,899,0,0,1,Biker
62,673.0,0.0,756.0,68.0,900,0,0,1,Biker
62,676.0,0.0,759.0,66.0,901,0,0,1,Biker
62,682.0,0.0,761.0,66.0,902,0,0,0,Biker
62,682.0,0.0,761.0,63.0,903,0,0,1,Biker
62,682.0,0.0,764.0,63.0,904,0,0,1,Biker
62,682.0,0.0,767.0,61.0,905,0,0,1,Biker
62,682.0,0.0,767.0,61.0,906,0,0,1,Biker
62,684.0,0.0,770.0,59.0,907,0,0,1,Biker
62,684.0,0.0,772.0,59.0,908,0,0,1,Biker
62,684.0,0.0,772.0,56.0,909,0,0,1,Biker
62,684.0,0.0,775.0,56.0,910,0,0,1,Biker
62,684.0,0.0,778.0,54.0,911,0,0,1,Biker
62,687.0,0.0,781.0,54.0,912,1,0,0,Biker
62,684.0,0.0,778.0,54.0,913,1,0,1,Biker
62,684.0,0.0,778.0,54.0,914,1,0,1,Biker
62,684.0,0.0,778.0,54.0,915,1,0,1,Biker
62,684.0,0.0,778.0,54.0,916,1,0,1,Biker
62,684.0,0.0,778.0,54.0,917,1,0,1,Biker
62,684.0,0.0,778.0,54.0,918,1,0,1,Biker
62,684.0,0.0,778.0,54.0,919,1,0,1,Biker
62,684.0,0.0,775.0,54.0,920,1,0,1,Biker
62,684.0,0.0,775.0,54.0,921,1,0,1,Biker
62,684.0,0.0,775.0,54.0,922,1,0,1,Biker
62,684.0,0.0,775.0,54.0,923,1,0,1,Biker
62,684.0,0.0,775.0,54.0,924,1,0,1,Biker
62,684.0,0.0,775.0,54.0,925,1,0,1,Biker
62,684.0,0.0,775.0,54.0,926,1,0,1,Biker
62,684.0,0.0,775.0,54.0,927,1,0,1,Biker
62,684.0,0.0,772.0,54.0,928,1,0,1,Biker
62,684.0,0.0,772.0,54.0,929,1,0,1,Biker
62,684.0,0.0,772.0,54.0,930,1,0,1,Biker
62,684.0,0.0,772.0,54.0,931,1,0,1,Biker
62,684.0,0.0,772.0,54.0,932,1,0,1,Biker
62,684.0,0.0,772.0,54.0,933,1,0,1,Biker
62,684.0,0.0,772.0,54.0,934,1,0,1,Biker
62,684.0,0.0,772.0,54.0,935,1,0,1,Biker
62,684.0,0.0,770.0,54.0,936,1,0,1,Biker
62,684.0,0.0,770.0,54.0,937,1,0,1,Biker
62,684.0,0.0,770.0,54.0,938,1,0,1,Biker
62,684.0,0.0,770.0,54.0,939,1,0,1,Biker
62,684.0,0.0,770.0,54.0,940,1,0,1,Biker
62,684.0,0.0,770.0,54.0,941,1,0,1,Biker
62,684.0,0.0,770.0,54.0,942,1,0,1,Biker
62,684.0,0.0,770.0,54.0,943,1,0,1,Biker
62,684.0,0.0,767.0,54.0,944,1,0,1,Biker
62,684.0,0.0,767.0,54.0,945,1,0,1,Biker
62,684.0,0.0,767.0,54.0,946,1,0,1,Biker
62,684.0,0.0,767.0,54.0,947,1,0,1,Biker
62,684.0,0.0,767.0,54.0,948,1,0,1,Biker
62,684.0,0.0,767.0,54.0,949,1,0,1,Biker
62,684.0,0.0,767.0,54.0,950,1,0,1,Biker
62,684.0,0.0,767.0,54.0,951,1,0,1,Biker
62,684.0,0.0,764.0,54.0,952,1,0,1,Biker
62,684.0,0.0,764.0,54.0,953,1,0,1,Biker
62,684.0,0.0,764.0,54.0,954,1,0,1,Biker
62,684.0,0.0,764.0,54.0,955,1,0,1,Biker
62,684.0,0.0,764.0,54.0,956,1,0,1,Biker
62,684.0,0.0,764.0,54.0,957,1,0,1,Biker
62,684.0,0.0,764.0,54.0,958,1,0,1,Biker
62,684.0,0.0,764.0,54.0,959,1,0,1,Biker
62,684.0,0.0,761.0,54.0,960,1,0,1,Biker
62,684.0,0.0,761.0,54.0,961,1,0,1,Biker
62,684.0,0.0,761.0,54.0,962,1,0,1,Biker
62,684.0,0.0,761.0,54.0,963,1,0,1,Biker
62,684.0,0.0,761.0,54.0,964,1,0,1,Biker
62,684.0,0.0,761.0,54.0,965,1,0,1,Biker
62,684.0,0.0,761.0,54.0,966,1,0,1,Biker
62,684.0,0.0,761.0,54.0,967,1,0,1,Biker
62,684.0,0.0,759.0,54.0,968,1,0,1,Biker
62,684.0,0.0,759.0,54.0,969,1,0,1,Biker
62,684.0,0.0,759.0,54.0,970,1,0,1,Biker
62,684.0,0.0,759.0,54.0,971,1,0,1,Biker
62,684.0,0.0,759.0,54.0,972,1,0,1,Biker
62,684.0,0.0,759.0,54.0,973,1,0,1,Biker
62,684.0,0.0,759.0,54.0,974,1,0,1,Biker
62,684.0,0.0,759.0,54.0,975,1,0,1,Biker
62,684.0,0.0,756.0,54.0,976,1,0,1,Biker
62,684.0,0.0,756.0,54.0,977,1,0,1,Biker
62,684.0,0.0,756.0,54.0,978,1,0,1,Biker
62,684.0,0.0,756.0,54.0,979,1,0,1,Biker
62,684.0,0.0,756.0,54.0,980,1,0,1,Biker
62,684.0,0.0,756.0,54.0,981,1,0,1,Biker
62,684.0,0.0,756.0,54.0,982,1,0,1,Biker
62,684.0,0.0,756.0,54.0,983,1,0,1,Biker
62,684.0,0.0,753.0,54.0,984,1,0,1,Biker
62,684.0,0.0,753.0,54.0,985,1,0,1,Biker
62,684.0,0.0,753.0,54.0,986,1,0,1,Biker
62,684.0,0.0,753.0,54.0,987,1,0,1,Biker
62,684.0,0.0,753.0,54.0,988,1,0,1,Biker
62,684.0,0.0,753.0,54.0,989,1,0,1,Biker
62,684.0,0.0,753.0,54.0,990,1,0,1,Biker
62,684.0,0.0,753.0,54.0,991,1,0,1,Biker
62,684.0,0.0,750.0,54.0,992,1,0,1,Biker
62,684.0,0.0,750.0,54.0,993,1,0,1,Biker
62,684.0,0.0,750.0,54.0,994,1,0,1,Biker
62,684.0,0.0,750.0,54.0,995,1,0,1,Biker
62,684.0,0.0,750.0,54.0,996,1,0,1,Biker
62,684.0,0.0,750.0,54.0,997,1,0,1,Biker
62,684.0,0.0,750.0,54.0,998,1,0,1,Biker
62,684.0,0.0,750.0,54.0,999,1,0,1,Biker
62,684.0,0.0,748.0,54.0,1000,1,0,1,Biker
62,684.0,0.0,748.0,54.0,1001,1,0,1,Biker
62,684.0,0.0,748.0,54.0,1002,1,0,1,Biker
62,684.0,0.0,748.0,54.0,1003,1,0,1,Biker
62,684.0,0.0,748.0,54.0,1004,1,0,1,Biker
62,684.0,0.0,748.0,54.0,1005,1,0,1,Biker
62,684.0,0.0,748.0,54.0,1006,1,0,1,Biker
62,684.0,0.0,748.0,54.0,1007,1,0,1,Biker
62,684.0,0.0,745.0,54.0,1008,1,0,1,Biker
62,684.0,0.0,745.0,54.0,1009,1,0,1,Biker
62,684.0,0.0,745.0,54.0,1010,1,0,1,Biker
62,684.0,0.0,745.0,54.0,1011,1,0,1,Biker
62,684.0,0.0,745.0,54.0,1012,1,0,1,Biker
62,684.0,0.0,745.0,54.0,1013,1,0,1,Biker
62,684.0,0.0,745.0,54.0,1014,1,0,1,Biker
62,684.0,0.0,745.0,54.0,1015,1,0,1,Biker
62,684.0,0.0,742.0,54.0,1016,1,0,1,Biker
62,684.0,0.0,742.0,54.0,1017,1,0,1,Biker
62,684.0,0.0,742.0,54.0,1018,1,0,1,Biker
62,684.0,0.0,742.0,54.0,1019,1,0,1,Biker
62,684.0,0.0,742.0,54.0,1020,1,0,1,Biker
62,684.0,0.0,742.0,54.0,1021,1,0,1,Biker
62,684.0,0.0,742.0,54.0,1022,1,0,1,Biker
62,684.0,0.0,742.0,54.0,1023,1,0,1,Biker
62,684.0,0.0,739.0,54.0,1024,1,0,1,Biker
62,684.0,0.0,739.0,54.0,1025,1,0,1,Biker
62,684.0,0.0,739.0,54.0,1026,1,0,1,Biker
62,684.0,0.0,739.0,54.0,1027,1,0,1,Biker
62,684.0,0.0,739.0,54.0,1028,1,0,1,Biker
62,684.0,0.0,739.0,54.0,1029,1,0,1,Biker
62,684.0,0.0,739.0,54.0,1030,1,0,1,Biker
62,684.0,0.0,739.0,56.0,1031,1,0,0,Biker
63,1903.0,979.0,1977.0,1047.0,500,1,0,0,Pedestrian
63,1903.0,979.0,1977.0,1047.0,501,1,0,1,Pedestrian
63,1903.0,979.0,1977.0,1047.0,502,1,0,1,Pedestrian
63,1903.0,979.0,1977.0,1047.0,503,1,0,1,Pedestrian
63,1903.0,979.0,1977.0,1047.0,504,1,0,1,Pedestrian
63,1903.0,979.0,1977.0,1047.0,505,1,0,1,Pedestrian
63,1903.0,979.0,1977.0,1047.0,506,1,0,1,Pedestrian
63,1903.0,979.0,1977.0,1047.0,507,1,0,1,Pedestrian
63,1903.0,979.0,1977.0,1047.0,508,1,0,1,Pedestrian
63,1903.0,979.0,1977.0,1047.0,509,1,0,1,Pedestrian
63,1903.0,979.0,1977.0,1047.0,510,1,0,1,Pedestrian
63,1903.0,979.0,1977.0,1047.0,511,1,0,1,Pedestrian
63,1903.0,979.0,1977.0,1047.0,512,1,0,1,Pedestrian
63,1903.0,979.0,1977.0,1047.0,513,1,0,1,Pedestrian
63,1903.0,979.0,1977.0,1047.0,514,1,0,1,Pedestrian
63,1903.0,979.0,1977.0,1047.0,515,1,0,1,Pedestrian
63,1903.0,979.0,1977.0,1047.0,516,1,0,1,Pedestrian
63,1903.0,979.0,1977.0,1047.0,517,1,0,1,Pedestrian
63,1903.0,979.0,1977.0,1047.0,518,1,0,1,Pedestrian
63,1903.0,979.0,1977.0,1047.0,519,1,0,1,Pedestrian
63,1903.0,979.0,1977.0,1047.0,520,1,0,1,Pedestrian
63,1903.0,979.0,1977.0,1047.0,521,1,0,1,Pedestrian
63,1903.0,979.0,1977.0,1047.0,522,1,0,1,Pedestrian
63,1903.0,979.0,1977.0,1047.0,523,1,0,1,Pedestrian
63,1903.0,979.0,1977.0,1047.0,524,1,0,1,Pedestrian
63,1903.0,979.0,1977.0,1047.0,525,1,0,1,Pedestrian
63,1903.0,979.0,1977.0,1047.0,526,1,0,1,Pedestrian
63,1903.0,979.0,1977.0,1047.0,527,1,0,1,Pedestrian
63,1903.0,979.0,1977.0,1047.0,528,1,0,1,Pedestrian
63,1903.0,979.0,1977.0,1047.0,529,1,0,1,Pedestrian
63,1903.0,979.0,1977.0,1047.0,530,1,0,1,Pedestrian
63,1903.0,979.0,1977.0,1047.0,531,1,0,1,Pedestrian
63,1903.0,979.0,1977.0,1047.0,532,1,0,1,Pedestrian
63,1903.0,979.0,1977.0,1047.0,533,1,0,1,Pedestrian
63,1903.0,979.0,1977.0,1047.0,534,1,0,1,Pedestrian
63,1903.0,979.0,1977.0,1047.0,535,1,0,1,Pedestrian
63,1903.0,979.0,1977.0,1047.0,536,1,0,1,Pedestrian
63,1903.0,979.0,1977.0,1047.0,537,1,0,1,Pedestrian
63,1903.0,979.0,1977.0,1047.0,538,1,0,1,Pedestrian
63,1903.0,979.0,1977.0,1047.0,539,1,0,1,Pedestrian
63,1903.0,979.0,1977.0,1047.0,540,1,0,1,Pedestrian
63,1903.0,979.0,1977.0,1047.0,541,1,0,1,Pedestrian
63,1903.0,979.0,1977.0,1047.0,542,1,0,1,Pedestrian
63,1903.0,979.0,1977.0,1047.0,543,1,0,1,Pedestrian
63,1903.0,979.0,1977.0,1047.0,544,1,0,1,Pedestrian
63,1903.0,979.0,1977.0,1047.0,545,1,0,1,Pedestrian
63,1903.0,979.0,1977.0,1047.0,546,1,0,1,Pedestrian
63,1903.0,979.0,1977.0,1047.0,547,1,0,1,Pedestrian
63,1903.0,979.0,1977.0,1047.0,548,1,0,1,Pedestrian
63,1903.0,979.0,1977.0,1047.0,549,1,0,1,Pedestrian
63,1903.0,979.0,1977.0,1047.0,550,1,0,1,Pedestrian
63,1903.0,979.0,1977.0,1047.0,551,1,0,1,Pedestrian
63,1903.0,979.0,1977.0,1047.0,552,1,0,1,Pedestrian
63,1903.0,979.0,1977.0,1047.0,553,1,0,1,Pedestrian
63,1903.0,979.0,1977.0,1047.0,554,1,0,1,Pedestrian
63,1903.0,979.0,1977.0,1047.0,555,1,0,1,Pedestrian
63,1903.0,979.0,1977.0,1047.0,556,1,0,1,Pedestrian
63,1903.0,979.0,1977.0,1047.0,557,1,0,1,Pedestrian
63,1903.0,979.0,1977.0,1047.0,558,1,0,1,Pedestrian
63,1903.0,979.0,1977.0,1047.0,559,1,0,1,Pedestrian
63,1903.0,979.0,1977.0,1047.0,560,1,0,1,Pedestrian
63,1903.0,979.0,1977.0,1047.0,561,1,0,1,Pedestrian
63,1903.0,979.0,1977.0,1047.0,562,1,0,1,Pedestrian
63,1903.0,979.0,1977.0,1047.0,563,1,0,1,Pedestrian
63,1903.0,979.0,1977.0,1047.0,564,1,0,1,Pedestrian
63,1903.0,979.0,1977.0,1047.0,565,1,0,1,Pedestrian
63,1903.0,979.0,1977.0,1047.0,566,1,0,1,Pedestrian
63,1903.0,979.0,1977.0,1047.0,567,1,0,1,Pedestrian
63,1903.0,979.0,1977.0,1047.0,568,1,0,1,Pedestrian
63,1903.0,979.0,1977.0,1047.0,569,1,0,1,Pedestrian
63,1903.0,979.0,1977.0,1047.0,570,1,0,1,Pedestrian
63,1903.0,979.0,1977.0,1047.0,571,1,0,1,Pedestrian
63,1903.0,979.0,1977.0,1047.0,572,1,0,1,Pedestrian
63,1903.0,979.0,1977.0,1047.0,573,1,0,1,Pedestrian
63,1903.0,979.0,1977.0,1047.0,574,1,0,1,Pedestrian
63,1903.0,979.0,1977.0,1047.0,575,1,0,1,Pedestrian
63,1903.0,979.0,1977.0,1047.0,576,1,0,1,Pedestrian
63,1903.0,979.0,1977.0,1047.0,577,1,0,1,Pedestrian
63,1903.0,979.0,1977.0,1047.0,578,1,0,1,Pedestrian
63,1903.0,979.0,1977.0,1047.0,579,1,0,1,Pedestrian
63,1903.0,979.0,1977.0,1047.0,580,1,0,1,Pedestrian
63,1903.0,979.0,1977.0,1047.0,581,1,0,1,Pedestrian
63,1903.0,979.0,1977.0,1047.0,582,1,0,1,Pedestrian
63,1903.0,979.0,1977.0,1047.0,583,1,0,1,Pedestrian
63,1903.0,979.0,1977.0,1047.0,584,1,0,1,Pedestrian
63,1903.0,979.0,1977.0,1047.0,585,1,0,1,Pedestrian
63,1903.0,979.0,1977.0,1047.0,586,1,0,1,Pedestrian
63,1903.0,979.0,1977.0,1047.0,587,1,0,1,Pedestrian
63,1903.0,979.0,1977.0,1047.0,588,1,0,1,Pedestrian
63,1903.0,979.0,1977.0,1047.0,589,1,0,1,Pedestrian
63,1903.0,979.0,1977.0,1047.0,590,1,0,1,Pedestrian
63,1903.0,979.0,1977.0,1047.0,591,1,0,1,Pedestrian
63,1903.0,979.0,1977.0,1047.0,592,1,0,1,Pedestrian
63,1903.0,979.0,1977.0,1047.0,593,1,0,1,Pedestrian
63,1903.0,979.0,1977.0,1047.0,594,1,0,1,Pedestrian
63,1903.0,979.0,1977.0,1047.0,595,1,0,1,Pedestrian
63,1903.0,979.0,1977.0,1047.0,596,1,0,1,Pedestrian
63,1903.0,979.0,1977.0,1047.0,597,1,0,1,Pedestrian
63,1903.0,979.0,1977.0,1047.0,598,1,0,1,Pedestrian
63,1903.0,979.0,1977.0,1047.0,599,1,0,1,Pedestrian
63,1903.0,979.0,1977.0,1047.0,600,1,0,1,Pedestrian
63,1903.0,979.0,1977.0,1047.0,601,1,0,1,Pedestrian
63,1903.0,979.0,1977.0,1047.0,602,1,0,1,Pedestrian
63,1903.0,979.0,1977.0,1047.0,603,1,0,1,Pedestrian
63,1903.0,979.0,1977.0,1047.0,604,1,0,1,Pedestrian
63,1903.0,979.0,1977.0,1047.0,605,1,0,1,Pedestrian
63,1903.0,979.0,1977.0,1047.0,606,1,0,1,Pedestrian
63,1903.0,979.0,1977.0,1047.0,607,1,0,1,Pedestrian
63,1903.0,979.0,1977.0,1047.0,608,1,0,1,Pedestrian
63,1903.0,979.0,1977.0,1047.0,609,1,0,1,Pedestrian
63,1903.0,979.0,1977.0,1047.0,610,1,0,1,Pedestrian
63,1903.0,979.0,1977.0,1047.0,611,1,0,1,Pedestrian
63,1903.0,979.0,1977.0,1047.0,612,1,0,1,Pedestrian
63,1903.0,979.0,1977.0,1047.0,613,1,0,1,Pedestrian
63,1903.0,979.0,1977.0,1047.0,614,1,0,1,Pedestrian
63,1903.0,979.0,1977.0,1047.0,615,1,0,1,Pedestrian
63,1903.0,979.0,1977.0,1047.0,616,1,0,1,Pedestrian
63,1903.0,979.0,1977.0,1047.0,617,1,0,1,Pedestrian
63,1903.0,979.0,1977.0,1047.0,618,1,0,1,Pedestrian
63,1903.0,979.0,1977.0,1047.0,619,1,0,1,Pedestrian
63,1903.0,979.0,1977.0,1047.0,620,1,0,1,Pedestrian
63,1903.0,979.0,1977.0,1047.0,621,1,0,1,Pedestrian
63,1903.0,979.0,1977.0,1047.0,622,1,0,1,Pedestrian
63,1903.0,979.0,1977.0,1047.0,623,1,0,1,Pedestrian
63,1903.0,979.0,1977.0,1047.0,624,1,0,1,Pedestrian
63,1903.0,979.0,1977.0,1047.0,625,1,0,1,Pedestrian
63,1903.0,979.0,1977.0,1047.0,626,1,0,1,Pedestrian
63,1903.0,979.0,1977.0,1047.0,627,1,0,1,Pedestrian
63,1903.0,979.0,1977.0,1047.0,628,1,0,1,Pedestrian
63,1903.0,979.0,1977.0,1047.0,629,1,0,1,Pedestrian
63,1903.0,979.0,1977.0,1047.0,630,1,0,1,Pedestrian
63,1903.0,979.0,1977.0,1047.0,631,1,0,1,Pedestrian
63,1903.0,979.0,1977.0,1047.0,632,1,0,1,Pedestrian
63,1903.0,979.0,1977.0,1047.0,633,1,0,1,Pedestrian
63,1903.0,979.0,1977.0,1047.0,634,1,0,1,Pedestrian
63,1903.0,979.0,1977.0,1047.0,635,1,0,1,Pedestrian
63,1903.0,979.0,1977.0,1047.0,636,1,0,1,Pedestrian
63,1903.0,979.0,1977.0,1047.0,637,1,0,1,Pedestrian
63,1903.0,979.0,1977.0,1047.0,638,1,0,1,Pedestrian
63,1903.0,979.0,1977.0,1047.0,639,1,0,1,Pedestrian
63,1903.0,979.0,1977.0,1047.0,640,1,0,1,Pedestrian
63,1903.0,979.0,1977.0,1047.0,641,1,0,1,Pedestrian
63,1903.0,979.0,1977.0,1047.0,642,1,0,1,Pedestrian
63,1903.0,979.0,1977.0,1047.0,643,1,0,1,Pedestrian
63,1903.0,979.0,1977.0,1047.0,644,1,0,1,Pedestrian
63,1903.0,979.0,1977.0,1047.0,645,1,0,1,Pedestrian
63,1903.0,979.0,1977.0,1047.0,646,1,0,1,Pedestrian
63,1903.0,979.0,1977.0,1047.0,647,1,0,1,Pedestrian
63,1903.0,979.0,1977.0,1047.0,648,1,0,1,Pedestrian
63,1903.0,979.0,1977.0,1047.0,649,1,0,1,Pedestrian
63,1903.0,979.0,1977.0,1047.0,650,1,0,1,Pedestrian
63,1903.0,979.0,1977.0,1047.0,651,1,0,1,Pedestrian
63,1903.0,979.0,1977.0,1047.0,652,1,0,1,Pedestrian
63,1903.0,979.0,1977.0,1047.0,653,1,0,1,Pedestrian
63,1903.0,979.0,1977.0,1047.0,654,1,0,1,Pedestrian
63,1903.0,979.0,1977.0,1047.0,655,1,0,1,Pedestrian
63,1903.0,979.0,1977.0,1047.0,656,1,0,1,Pedestrian
63,1903.0,979.0,1977.0,1047.0,657,1,0,1,Pedestrian
63,1903.0,979.0,1977.0,1047.0,658,1,0,1,Pedestrian
63,1903.0,979.0,1977.0,1047.0,659,1,0,1,Pedestrian
63,1903.0,979.0,1977.0,1047.0,660,1,0,1,Pedestrian
63,1903.0,979.0,1977.0,1047.0,661,1,0,1,Pedestrian
63,1903.0,979.0,1977.0,1047.0,662,1,0,1,Pedestrian
63,1903.0,979.0,1977.0,1047.0,663,1,0,1,Pedestrian
63,1903.0,979.0,1977.0,1047.0,664,1,0,1,Pedestrian
63,1903.0,979.0,1977.0,1047.0,665,1,0,1,Pedestrian
63,1903.0,979.0,1977.0,1047.0,666,1,0,1,Pedestrian
63,1903.0,979.0,1977.0,1047.0,667,1,0,1,Pedestrian
63,1903.0,979.0,1977.0,1047.0,668,1,0,1,Pedestrian
63,1903.0,979.0,1977.0,1047.0,669,1,0,1,Pedestrian
63,1903.0,979.0,1977.0,1047.0,670,1,0,1,Pedestrian
63,1903.0,979.0,1977.0,1047.0,671,1,0,1,Pedestrian
63,1903.0,979.0,1977.0,1047.0,672,1,0,1,Pedestrian
63,1903.0,979.0,1977.0,1047.0,673,1,0,1,Pedestrian
63,1903.0,979.0,1977.0,1047.0,674,1,0,1,Pedestrian
63,1903.0,979.0,1977.0,1047.0,675,1,0,1,Pedestrian
63,1903.0,979.0,1977.0,1047.0,676,1,0,1,Pedestrian
63,1903.0,979.0,1977.0,1047.0,677,1,0,1,Pedestrian
63,1903.0,979.0,1977.0,1047.0,678,1,0,1,Pedestrian
63,1903.0,979.0,1977.0,1047.0,679,1,0,1,Pedestrian
63,1903.0,979.0,1977.0,1047.0,680,1,0,1,Pedestrian
63,1903.0,979.0,1977.0,1047.0,681,1,0,1,Pedestrian
63,1903.0,979.0,1977.0,1047.0,682,1,0,1,Pedestrian
63,1903.0,979.0,1977.0,1047.0,683,1,0,1,Pedestrian
63,1903.0,979.0,1977.0,1047.0,684,1,0,1,Pedestrian
63,1903.0,979.0,1977.0,1047.0,685,1,0,1,Pedestrian
63,1903.0,979.0,1977.0,1047.0,686,1,0,1,Pedestrian
63,1903.0,979.0,1977.0,1047.0,687,1,0,1,Pedestrian
63,1903.0,979.0,1977.0,1047.0,688,1,0,1,Pedestrian
63,1903.0,979.0,1977.0,1047.0,689,1,0,1,Pedestrian
63,1903.0,979.0,1977.0,1047.0,690,1,0,1,Pedestrian
63,1903.0,979.0,1977.0,1047.0,691,1,0,1,Pedestrian
63,1903.0,979.0,1977.0,1047.0,692,1,0,1,Pedestrian
63,1903.0,979.0,1977.0,1047.0,693,1,0,1,Pedestrian
63,1903.0,979.0,1977.0,1047.0,694,1,0,1,Pedestrian
63,1903.0,979.0,1977.0,1047.0,695,1,0,1,Pedestrian
63,1903.0,979.0,1977.0,1047.0,696,1,0,1,Pedestrian
63,1903.0,979.0,1977.0,1047.0,697,1,0,1,Pedestrian
63,1903.0,979.0,1977.0,1047.0,698,1,0,1,Pedestrian
63,1903.0,979.0,1977.0,1047.0,699,1,0,1,Pedestrian
63,1903.0,979.0,1977.0,1047.0,700,1,0,1,Pedestrian
63,1903.0,979.0,1977.0,1047.0,701,1,0,1,Pedestrian
63,1903.0,979.0,1977.0,1047.0,702,1,0,1,Pedestrian
63,1903.0,979.0,1977.0,1047.0,703,1,0,1,Pedestrian
63,1903.0,979.0,1977.0,1047.0,704,1,0,1,Pedestrian
63,1903.0,979.0,1977.0,1047.0,705,1,0,1,Pedestrian
63,1903.0,979.0,1977.0,1047.0,706,1,0,1,Pedestrian
63,1903.0,979.0,1977.0,1047.0,707,1,0,1,Pedestrian
63,1903.0,979.0,1977.0,1047.0,708,1,0,1,Pedestrian
63,1903.0,979.0,1977.0,1047.0,709,1,0,1,Pedestrian
63,1903.0,979.0,1977.0,1047.0,710,1,0,1,Pedestrian
63,1903.0,979.0,1977.0,1047.0,711,1,0,1,Pedestrian
63,1903.0,979.0,1977.0,1047.0,712,1,0,1,Pedestrian
63,1903.0,979.0,1977.0,1047.0,713,1,0,1,Pedestrian
63,1903.0,979.0,1977.0,1047.0,714,1,0,1,Pedestrian
63,1903.0,979.0,1977.0,1047.0,715,1,0,1,Pedestrian
63,1903.0,979.0,1977.0,1047.0,716,1,0,1,Pedestrian
63,1903.0,979.0,1977.0,1047.0,717,1,0,1,Pedestrian
63,1903.0,979.0,1977.0,1047.0,718,1,0,1,Pedestrian
63,1903.0,979.0,1977.0,1047.0,719,1,0,1,Pedestrian
63,1903.0,979.0,1977.0,1047.0,720,1,0,1,Pedestrian
63,1903.0,979.0,1977.0,1047.0,721,1,0,1,Pedestrian
63,1903.0,979.0,1977.0,1047.0,722,1,0,1,Pedestrian
63,1903.0,979.0,1977.0,1047.0,723,1,0,1,Pedestrian
63,1903.0,979.0,1977.0,1047.0,724,1,0,1,Pedestrian
63,1903.0,979.0,1977.0,1047.0,725,1,0,1,Pedestrian
63,1903.0,979.0,1977.0,1047.0,726,1,0,1,Pedestrian
63,1903.0,979.0,1977.0,1047.0,727,1,0,1,Pedestrian
63,1903.0,979.0,1977.0,1047.0,728,1,0,1,Pedestrian
63,1903.0,979.0,1977.0,1047.0,729,1,0,1,Pedestrian
63,1903.0,979.0,1977.0,1047.0,730,1,0,1,Pedestrian
63,1903.0,979.0,1977.0,1047.0,731,1,0,1,Pedestrian
63,1903.0,979.0,1977.0,1047.0,732,1,0,1,Pedestrian
63,1903.0,979.0,1977.0,1047.0,733,1,0,1,Pedestrian
63,1903.0,979.0,1977.0,1047.0,734,1,0,1,Pedestrian
63,1903.0,979.0,1977.0,1047.0,735,1,0,1,Pedestrian
63,1903.0,979.0,1977.0,1047.0,736,1,0,1,Pedestrian
63,1903.0,979.0,1977.0,1047.0,737,1,0,1,Pedestrian
63,1903.0,979.0,1977.0,1047.0,738,1,0,1,Pedestrian
63,1903.0,979.0,1977.0,1047.0,739,1,0,1,Pedestrian
63,1903.0,979.0,1977.0,1047.0,740,1,0,1,Pedestrian
63,1903.0,979.0,1977.0,1047.0,741,1,0,1,Pedestrian
63,1903.0,979.0,1977.0,1047.0,742,1,0,1,Pedestrian
63,1903.0,979.0,1977.0,1047.0,743,1,0,1,Pedestrian
63,1903.0,979.0,1977.0,1047.0,744,1,0,1,Pedestrian
63,1903.0,979.0,1977.0,1047.0,745,1,0,1,Pedestrian
63,1903.0,979.0,1977.0,1047.0,746,1,0,1,Pedestrian
63,1903.0,979.0,1977.0,1047.0,747,1,0,1,Pedestrian
63,1903.0,979.0,1977.0,1047.0,748,1,0,1,Pedestrian
63,1903.0,979.0,1977.0,1047.0,749,1,0,1,Pedestrian
63,1903.0,979.0,1977.0,1047.0,750,1,0,1,Pedestrian
63,1903.0,979.0,1977.0,1047.0,751,1,0,1,Pedestrian
63,1903.0,979.0,1977.0,1047.0,752,1,0,1,Pedestrian
63,1903.0,979.0,1977.0,1047.0,753,1,0,1,Pedestrian
63,1903.0,979.0,1977.0,1047.0,754,1,0,1,Pedestrian
63,1903.0,979.0,1977.0,1047.0,755,1,0,1,Pedestrian
63,1903.0,979.0,1977.0,1047.0,756,1,0,1,Pedestrian
63,1903.0,979.0,1977.0,1047.0,757,1,0,1,Pedestrian
63,1903.0,979.0,1977.0,1047.0,758,1,0,1,Pedestrian
63,1903.0,979.0,1977.0,1047.0,759,1,0,1,Pedestrian
63,1903.0,979.0,1977.0,1047.0,760,1,0,1,Pedestrian
63,1903.0,979.0,1977.0,1047.0,761,1,0,1,Pedestrian
63,1903.0,979.0,1977.0,1047.0,762,1,0,1,Pedestrian
63,1903.0,979.0,1977.0,1047.0,763,1,0,1,Pedestrian
63,1903.0,979.0,1977.0,1047.0,764,1,0,1,Pedestrian
63,1903.0,979.0,1977.0,1047.0,765,1,0,1,Pedestrian
63,1903.0,979.0,1977.0,1047.0,766,1,0,1,Pedestrian
63,1903.0,979.0,1977.0,1047.0,767,1,0,1,Pedestrian
63,1903.0,979.0,1977.0,1047.0,768,1,0,1,Pedestrian
63,1903.0,979.0,1977.0,1047.0,769,1,0,1,Pedestrian
63,1903.0,979.0,1977.0,1047.0,770,1,0,1,Pedestrian
63,1903.0,979.0,1977.0,1047.0,771,1,0,1,Pedestrian
63,1903.0,979.0,1977.0,1047.0,772,1,0,1,Pedestrian
63,1903.0,979.0,1977.0,1047.0,773,1,0,1,Pedestrian
63,1903.0,979.0,1977.0,1047.0,774,1,0,1,Pedestrian
63,1903.0,979.0,1977.0,1047.0,775,1,0,1,Pedestrian
63,1903.0,979.0,1977.0,1047.0,776,1,0,1,Pedestrian
63,1903.0,979.0,1977.0,1047.0,777,1,0,1,Pedestrian
63,1903.0,979.0,1977.0,1047.0,778,1,0,1,Pedestrian
63,1903.0,979.0,1977.0,1047.0,779,1,0,1,Pedestrian
63,1903.0,979.0,1977.0,1047.0,780,1,0,1,Pedestrian
63,1903.0,979.0,1977.0,1047.0,781,1,0,1,Pedestrian
63,1903.0,979.0,1977.0,1047.0,782,1,0,1,Pedestrian
63,1903.0,979.0,1977.0,1047.0,783,1,0,1,Pedestrian
63,1903.0,979.0,1977.0,1047.0,784,1,0,1,Pedestrian
63,1903.0,979.0,1977.0,1047.0,785,1,0,1,Pedestrian
63,1903.0,979.0,1977.0,1047.0,786,1,0,1,Pedestrian
63,1903.0,979.0,1977.0,1047.0,787,1,0,1,Pedestrian
63,1903.0,979.0,1977.0,1047.0,788,1,0,1,Pedestrian
63,1903.0,979.0,1977.0,1047.0,789,1,0,1,Pedestrian
63,1903.0,979.0,1977.0,1047.0,790,1,0,1,Pedestrian
63,1903.0,979.0,1977.0,1047.0,791,1,0,1,Pedestrian
63,1903.0,979.0,1977.0,1047.0,792,1,0,1,Pedestrian
63,1903.0,979.0,1977.0,1047.0,793,1,0,1,Pedestrian
63,1903.0,979.0,1977.0,1047.0,794,1,0,1,Pedestrian
63,1903.0,979.0,1977.0,1047.0,795,1,0,1,Pedestrian
63,1903.0,979.0,1977.0,1047.0,796,1,0,1,Pedestrian
63,1903.0,979.0,1977.0,1047.0,797,1,0,1,Pedestrian
63,1903.0,979.0,1977.0,1047.0,798,1,0,1,Pedestrian
63,1903.0,979.0,1977.0,1047.0,799,1,0,1,Pedestrian
63,1903.0,979.0,1977.0,1047.0,800,1,0,1,Pedestrian
63,1903.0,979.0,1977.0,1047.0,801,1,0,1,Pedestrian
63,1903.0,979.0,1977.0,1047.0,802,1,0,1,Pedestrian
63,1903.0,979.0,1977.0,1047.0,803,1,0,1,Pedestrian
63,1903.0,979.0,1977.0,1047.0,804,1,0,1,Pedestrian
63,1903.0,979.0,1977.0,1047.0,805,1,0,1,Pedestrian
63,1903.0,979.0,1977.0,1047.0,806,1,0,1,Pedestrian
63,1903.0,979.0,1977.0,1047.0,807,1,0,1,Pedestrian
63,1903.0,979.0,1977.0,1047.0,808,1,0,1,Pedestrian
63,1903.0,979.0,1977.0,1047.0,809,1,0,1,Pedestrian
63,1903.0,979.0,1977.0,1047.0,810,1,0,1,Pedestrian
63,1903.0,979.0,1977.0,1047.0,811,1,0,1,Pedestrian
63,1903.0,979.0,1977.0,1047.0,812,1,0,1,Pedestrian
63,1903.0,979.0,1977.0,1047.0,813,1,0,1,Pedestrian
63,1903.0,979.0,1977.0,1047.0,814,1,0,1,Pedestrian
63,1903.0,979.0,1977.0,1047.0,815,1,0,1,Pedestrian
63,1903.0,979.0,1977.0,1047.0,816,1,0,1,Pedestrian
63,1903.0,979.0,1977.0,1047.0,817,1,0,1,Pedestrian
63,1903.0,979.0,1977.0,1047.0,818,1,0,1,Pedestrian
63,1903.0,979.0,1977.0,1047.0,819,1,0,1,Pedestrian
63,1903.0,979.0,1977.0,1047.0,820,1,0,1,Pedestrian
63,1903.0,979.0,1977.0,1047.0,821,1,0,1,Pedestrian
63,1903.0,979.0,1977.0,1047.0,822,1,0,1,Pedestrian
63,1903.0,979.0,1977.0,1047.0,823,1,0,1,Pedestrian
63,1903.0,979.0,1977.0,1047.0,824,1,0,1,Pedestrian
63,1903.0,979.0,1977.0,1047.0,825,1,0,1,Pedestrian
63,1903.0,979.0,1977.0,1047.0,826,1,0,1,Pedestrian
63,1903.0,979.0,1977.0,1047.0,827,1,0,1,Pedestrian
63,1903.0,979.0,1977.0,1047.0,828,1,0,1,Pedestrian
63,1903.0,979.0,1977.0,1047.0,829,1,0,1,Pedestrian
63,1903.0,979.0,1977.0,1047.0,830,1,0,1,Pedestrian
63,1903.0,979.0,1977.0,1047.0,831,1,0,1,Pedestrian
63,1903.0,979.0,1977.0,1047.0,832,1,0,1,Pedestrian
63,1903.0,979.0,1977.0,1047.0,833,1,0,1,Pedestrian
63,1903.0,979.0,1977.0,1047.0,834,1,0,1,Pedestrian
63,1903.0,979.0,1977.0,1047.0,835,1,0,1,Pedestrian
63,1903.0,979.0,1977.0,1047.0,836,1,0,1,Pedestrian
63,1903.0,979.0,1977.0,1047.0,837,1,0,1,Pedestrian
63,1903.0,979.0,1977.0,1047.0,838,1,0,1,Pedestrian
63,1903.0,979.0,1977.0,1047.0,839,1,0,1,Pedestrian
63,1903.0,979.0,1977.0,1047.0,840,1,0,1,Pedestrian
63,1903.0,979.0,1977.0,1047.0,841,1,0,1,Pedestrian
63,1903.0,979.0,1977.0,1047.0,842,1,0,1,Pedestrian
63,1903.0,979.0,1977.0,1047.0,843,1,0,1,Pedestrian
63,1903.0,979.0,1977.0,1047.0,844,1,0,1,Pedestrian
63,1903.0,979.0,1977.0,1047.0,845,1,0,1,Pedestrian
63,1903.0,979.0,1977.0,1047.0,846,1,0,1,Pedestrian
63,1903.0,979.0,1977.0,1047.0,847,1,0,1,Pedestrian
63,1903.0,979.0,1977.0,1047.0,848,1,0,1,Pedestrian
63,1903.0,979.0,1977.0,1047.0,849,1,0,1,Pedestrian
63,1903.0,979.0,1977.0,1047.0,850,1,0,1,Pedestrian
63,1903.0,979.0,1977.0,1047.0,851,1,0,1,Pedestrian
63,1903.0,979.0,1977.0,1047.0,852,1,0,1,Pedestrian
63,1903.0,979.0,1977.0,1047.0,853,1,0,1,Pedestrian
63,1903.0,979.0,1977.0,1047.0,854,1,0,1,Pedestrian
63,1903.0,979.0,1977.0,1047.0,855,1,0,1,Pedestrian
63,1903.0,979.0,1977.0,1047.0,856,1,0,1,Pedestrian
63,1903.0,979.0,1977.0,1047.0,857,1,0,1,Pedestrian
63,1903.0,979.0,1977.0,1047.0,858,1,0,1,Pedestrian
63,1903.0,979.0,1977.0,1047.0,859,1,0,1,Pedestrian
63,1903.0,979.0,1977.0,1047.0,860,1,0,1,Pedestrian
63,1903.0,979.0,1977.0,1047.0,861,1,0,1,Pedestrian
63,1903.0,979.0,1977.0,1047.0,862,1,0,1,Pedestrian
63,1903.0,979.0,1977.0,1047.0,863,1,0,1,Pedestrian
63,1903.0,979.0,1977.0,1047.0,864,1,0,1,Pedestrian
63,1903.0,979.0,1977.0,1047.0,865,1,0,1,Pedestrian
63,1903.0,979.0,1977.0,1047.0,866,1,0,1,Pedestrian
63,1903.0,979.0,1977.0,1047.0,867,1,0,1,Pedestrian
63,1903.0,979.0,1977.0,1047.0,868,1,0,1,Pedestrian
63,1903.0,979.0,1977.0,1047.0,869,1,0,1,Pedestrian
63,1903.0,979.0,1977.0,1047.0,870,1,0,1,Pedestrian
63,1903.0,979.0,1977.0,1047.0,871,1,0,1,Pedestrian
63,1903.0,979.0,1977.0,1047.0,872,1,0,1,Pedestrian
63,1903.0,979.0,1977.0,1047.0,873,1,0,1,Pedestrian
63,1903.0,979.0,1977.0,1047.0,874,1,0,1,Pedestrian
63,1903.0,979.0,1977.0,1047.0,875,1,0,1,Pedestrian
63,1903.0,979.0,1977.0,1047.0,876,1,0,1,Pedestrian
63,1903.0,979.0,1977.0,1047.0,877,1,0,1,Pedestrian
63,1903.0,979.0,1977.0,1047.0,878,1,0,1,Pedestrian
63,1903.0,979.0,1977.0,1047.0,879,1,0,1,Pedestrian
63,1903.0,979.0,1977.0,1047.0,880,1,0,1,Pedestrian
63,1903.0,979.0,1977.0,1047.0,881,1,0,1,Pedestrian
63,1903.0,979.0,1977.0,1047.0,882,1,0,1,Pedestrian
63,1903.0,979.0,1977.0,1047.0,883,1,0,1,Pedestrian
63,1903.0,979.0,1977.0,1047.0,884,1,0,1,Pedestrian
63,1903.0,979.0,1977.0,1047.0,885,1,0,1,Pedestrian
63,1903.0,979.0,1977.0,1047.0,886,1,0,1,Pedestrian
63,1903.0,979.0,1977.0,1047.0,887,1,0,1,Pedestrian
63,1903.0,979.0,1977.0,1047.0,888,1,0,1,Pedestrian
63,1903.0,979.0,1977.0,1047.0,889,1,0,1,Pedestrian
63,1903.0,979.0,1977.0,1047.0,890,1,0,1,Pedestrian
63,1903.0,979.0,1977.0,1047.0,891,1,0,1,Pedestrian
63,1903.0,979.0,1977.0,1047.0,892,1,0,1,Pedestrian
63,1903.0,979.0,1977.0,1047.0,893,1,0,1,Pedestrian
63,1903.0,979.0,1977.0,1047.0,894,1,0,1,Pedestrian
63,1903.0,979.0,1977.0,1047.0,895,1,0,1,Pedestrian
63,1903.0,979.0,1977.0,1047.0,896,1,0,1,Pedestrian
63,1903.0,979.0,1977.0,1047.0,897,1,0,1,Pedestrian
63,1903.0,979.0,1977.0,1047.0,898,1,0,1,Pedestrian
63,1903.0,979.0,1977.0,1047.0,899,1,0,1,Pedestrian
63,1903.0,979.0,1977.0,1047.0,900,1,0,1,Pedestrian
63,1903.0,979.0,1977.0,1047.0,901,1,0,1,Pedestrian
63,1903.0,979.0,1977.0,1047.0,902,1,0,1,Pedestrian
63,1903.0,979.0,1977.0,1047.0,903,1,0,1,Pedestrian
63,1903.0,979.0,1977.0,1047.0,904,1,0,1,Pedestrian
63,1903.0,979.0,1977.0,1047.0,905,1,0,1,Pedestrian
63,1903.0,979.0,1977.0,1047.0,906,1,0,1,Pedestrian
63,1903.0,979.0,1977.0,1047.0,907,1,0,1,Pedestrian
63,1903.0,979.0,1977.0,1047.0,908,1,0,1,Pedestrian
63,1903.0,979.0,1977.0,1047.0,909,1,0,1,Pedestrian
63,1903.0,979.0,1977.0,1047.0,910,1,0,1,Pedestrian
63,1903.0,979.0,1977.0,1047.0,911,1,0,1,Pedestrian
63,1903.0,979.0,1977.0,1047.0,912,1,0,1,Pedestrian
63,1903.0,979.0,1977.0,1047.0,913,1,0,1,Pedestrian
63,1903.0,979.0,1977.0,1047.0,914,1,0,1,Pedestrian
63,1903.0,979.0,1977.0,1047.0,915,1,0,1,Pedestrian
63,1903.0,979.0,1977.0,1047.0,916,1,0,1,Pedestrian
63,1903.0,979.0,1977.0,1047.0,917,1,0,1,Pedestrian
63,1903.0,979.0,1977.0,1047.0,918,1,0,1,Pedestrian
63,1903.0,979.0,1977.0,1047.0,919,1,0,1,Pedestrian
63,1903.0,979.0,1977.0,1047.0,920,1,0,1,Pedestrian
63,1903.0,979.0,1977.0,1047.0,921,1,0,1,Pedestrian
63,1903.0,979.0,1977.0,1047.0,922,1,0,1,Pedestrian
63,1903.0,979.0,1977.0,1047.0,923,1,0,1,Pedestrian
63,1903.0,979.0,1977.0,1047.0,924,1,0,1,Pedestrian
63,1903.0,979.0,1977.0,1047.0,925,1,0,1,Pedestrian
63,1903.0,979.0,1977.0,1047.0,926,1,0,1,Pedestrian
63,1903.0,979.0,1977.0,1047.0,927,1,0,1,Pedestrian
63,1903.0,979.0,1977.0,1047.0,928,1,0,1,Pedestrian
63,1903.0,979.0,1977.0,1047.0,929,1,0,1,Pedestrian
63,1903.0,979.0,1977.0,1047.0,930,1,0,1,Pedestrian
63,1903.0,981.0,1977.0,1049.0,931,0,0,0,Pedestrian
63,1900.0,979.0,1974.0,1047.0,932,0,0,1,Pedestrian
63,1900.0,979.0,1974.0,1047.0,933,0,0,1,Pedestrian
63,1897.0,979.0,1974.0,1047.0,934,0,0,1,Pedestrian
63,1897.0,979.0,1974.0,1047.0,935,0,0,1,Pedestrian
63,1897.0,979.0,1974.0,1047.0,936,0,0,1,Pedestrian
63,1894.0,976.0,1974.0,1047.0,937,0,0,1,Pedestrian
63,1894.0,976.0,1974.0,1047.0,938,0,0,1,Pedestrian
63,1894.0,976.0,1974.0,1047.0,939,0,0,1,Pedestrian
63,1892.0,976.0,1974.0,1047.0,940,0,0,1,Pedestrian
63,1892.0,976.0,1974.0,1047.0,941,0,0,1,Pedestrian
63,1892.0,974.0,1974.0,1047.0,942,0,0,1,Pedestrian
63,1889.0,974.0,1974.0,1047.0,943,0,0,1,Pedestrian
63,1889.0,974.0,1974.0,1047.0,944,0,0,1,Pedestrian
63,1889.0,974.0,1974.0,1047.0,945,0,0,1,Pedestrian
63,1886.0,974.0,1974.0,1047.0,946,0,0,1,Pedestrian
63,1886.0,972.0,1974.0,1047.0,947,0,0,1,Pedestrian
63,1886.0,972.0,1974.0,1047.0,948,0,0,1,Pedestrian
63,1883.0,972.0,1974.0,1047.0,949,0,0,1,Pedestrian
63,1883.0,972.0,1974.0,1047.0,950,0,0,1,Pedestrian
63,1883.0,972.0,1974.0,1047.0,951,0,0,1,Pedestrian
63,1881.0,970.0,1974.0,1047.0,952,0,0,1,Pedestrian
63,1881.0,970.0,1974.0,1047.0,953,0,0,1,Pedestrian
63,1878.0,970.0,1974.0,1047.0,954,0,0,1,Pedestrian
63,1878.0,970.0,1974.0,1047.0,955,0,0,1,Pedestrian
63,1878.0,970.0,1974.0,1047.0,956,0,0,1,Pedestrian
63,1875.0,967.0,1974.0,1047.0,957,0,0,1,Pedestrian
63,1875.0,967.0,1974.0,1047.0,958,0,0,1,Pedestrian
63,1875.0,967.0,1974.0,1047.0,959,0,0,1,Pedestrian
63,1872.0,967.0,1974.0,1047.0,960,0,0,1,Pedestrian
63,1872.0,967.0,1974.0,1047.0,961,0,0,1,Pedestrian
63,1872.0,965.0,1974.0,1047.0,962,0,0,1,Pedestrian
63,1870.0,965.0,1974.0,1047.0,963,0,0,1,Pedestrian
63,1870.0,965.0,1974.0,1047.0,964,0,0,1,Pedestrian
63,1870.0,965.0,1974.0,1047.0,965,0,0,1,Pedestrian
63,1867.0,965.0,1974.0,1047.0,966,0,0,1,Pedestrian
63,1867.0,963.0,1974.0,1047.0,967,0,0,1,Pedestrian
63,1867.0,963.0,1974.0,1047.0,968,0,0,1,Pedestrian
63,1864.0,963.0,1974.0,1047.0,969,0,0,1,Pedestrian
63,1864.0,963.0,1974.0,1047.0,970,0,0,1,Pedestrian
63,1864.0,963.0,1974.0,1047.0,971,0,0,0,Pedestrian
63,1861.0,960.0,1971.0,1045.0,972,0,0,1,Pedestrian
63,1861.0,958.0,1971.0,1042.0,973,0,0,1,Pedestrian
63,1859.0,956.0,1969.0,1040.0,974,0,0,1,Pedestrian
63,1859.0,956.0,1969.0,1040.0,975,0,0,1,Pedestrian
63,1856.0,954.0,1966.0,1038.0,976,0,0,1,Pedestrian
63,1856.0,951.0,1966.0,1036.0,977,0,0,1,Pedestrian
63,1853.0,949.0,1963.0,1033.0,978,0,0,1,Pedestrian
63,1853.0,949.0,1963.0,1033.0,979,0,0,1,Pedestrian
63,1850.0,947.0,1960.0,1031.0,980,0,0,1,Pedestrian
63,1850.0,944.0,1960.0,1029.0,981,0,0,1,Pedestrian
63,1848.0,942.0,1958.0,1026.0,982,0,0,1,Pedestrian
63,1848.0,942.0,1958.0,1026.0,983,0,0,1,Pedestrian
63,1845.0,940.0,1955.0,1024.0,984,0,0,1,Pedestrian
63,1845.0,938.0,1955.0,1022.0,985,0,0,1,Pedestrian
63,1842.0,935.0,1952.0,1020.0,986,0,0,1,Pedestrian
63,1842.0,935.0,1952.0,1020.0,987,0,0,1,Pedestrian
63,1839.0,933.0,1949.0,1017.0,988,0,0,1,Pedestrian
63,1839.0,931.0,1949.0,1015.0,989,0,0,1,Pedestrian
63,1837.0,929.0,1947.0,1013.0,990,0,0,1,Pedestrian
63,1837.0,929.0,1947.0,1013.0,991,0,0,0,Pedestrian
63,1834.0,926.0,1944.0,1011.0,992,0,0,1,Pedestrian
63,1834.0,926.0,1944.0,1011.0,993,0,0,1,Pedestrian
63,1831.0,926.0,1941.0,1011.0,994,0,0,1,Pedestrian
63,1831.0,926.0,1941.0,1011.0,995,0,0,1,Pedestrian
63,1828.0,926.0,1938.0,1011.0,996,0,0,1,Pedestrian
63,1828.0,926.0,1938.0,1011.0,997,0,0,1,Pedestrian
63,1826.0,926.0,1936.0,1011.0,998,0,0,1,Pedestrian
63,1826.0,924.0,1936.0,1008.0,999,0,0,1,Pedestrian
63,1823.0,924.0,1933.0,1008.0,1000,0,0,1,Pedestrian
63,1823.0,924.0,1933.0,1008.0,1001,0,0,1,Pedestrian
63,1820.0,924.0,1930.0,1008.0,1002,0,0,1,Pedestrian
63,1820.0,924.0,1930.0,1008.0,1003,0,0,1,Pedestrian
63,1817.0,924.0,1927.0,1008.0,1004,0,0,1,Pedestrian
63,1817.0,924.0,1927.0,1008.0,1005,0,0,1,Pedestrian
63,1815.0,924.0,1925.0,1008.0,1006,0,0,1,Pedestrian
63,1815.0,922.0,1925.0,1006.0,1007,0,0,1,Pedestrian
63,1812.0,922.0,1922.0,1006.0,1008,0,0,1,Pedestrian
63,1812.0,922.0,1922.0,1006.0,1009,0,0,1,Pedestrian
63,1809.0,922.0,1919.0,1006.0,1010,0,0,1,Pedestrian
63,1809.0,922.0,1919.0,1006.0,1011,0,0,1,Pedestrian
63,1806.0,922.0,1916.0,1006.0,1012,0,0,1,Pedestrian
63,1806.0,922.0,1916.0,1006.0,1013,0,0,1,Pedestrian
63,1804.0,919.0,1914.0,1004.0,1014,0,0,1,Pedestrian
63,1804.0,919.0,1914.0,1004.0,1015,0,0,1,Pedestrian
63,1801.0,919.0,1911.0,1004.0,1016,0,0,1,Pedestrian
63,1801.0,919.0,1911.0,1004.0,1017,0,0,1,Pedestrian
63,1798.0,919.0,1908.0,1004.0,1018,0,0,1,Pedestrian
63,1798.0,919.0,1908.0,1004.0,1019,0,0,1,Pedestrian
63,1795.0,919.0,1905.0,1004.0,1020,0,0,1,Pedestrian
63,1795.0,919.0,1905.0,1004.0,1021,0,0,0,Pedestrian
63,1790.0,917.0,1900.0,1001.0,1022,0,0,1,Pedestrian
63,1787.0,915.0,1897.0,999.0,1023,0,0,1,Pedestrian
63,1782.0,913.0,1892.0,997.0,1024,0,0,1,Pedestrian
63,1779.0,913.0,1889.0,997.0,1025,0,0,1,Pedestrian
63,1773.0,910.0,1883.0,995.0,1026,0,0,1,Pedestrian
63,1771.0,908.0,1881.0,992.0,1027,0,0,1,Pedestrian
63,1765.0,908.0,1875.0,992.0,1028,0,0,1,Pedestrian
63,1762.0,906.0,1872.0,990.0,1029,0,0,1,Pedestrian
63,1757.0,904.0,1867.0,988.0,1030,0,0,1,Pedestrian
63,1754.0,904.0,1864.0,988.0,1031,0,0,0,Pedestrian
64,888.0,733.0,976.0,801.0,1500,0,0,0,Pedestrian
64,885.0,730.0,973.0,799.0,1501,0,0,1,Pedestrian
64,882.0,730.0,970.0,799.0,1502,0,0,1,Pedestrian
64,880.0,730.0,968.0,799.0,1503,0,0,1,Pedestrian
64,877.0,730.0,965.0,799.0,1504,0,0,1,Pedestrian
64,877.0,730.0,965.0,799.0,1505,0,0,1,Pedestrian
64,874.0,730.0,962.0,799.0,1506,0,0,1,Pedestrian
64,871.0,730.0,959.0,799.0,1507,0,0,1,Pedestrian
64,869.0,730.0,957.0,799.0,1508,0,0,1,Pedestrian
64,866.0,730.0,954.0,799.0,1509,0,0,1,Pedestrian
64,866.0,730.0,954.0,799.0,1510,0,0,1,Pedestrian
64,863.0,730.0,951.0,799.0,1511,0,0,1,Pedestrian
64,860.0,730.0,948.0,799.0,1512,0,0,1,Pedestrian
64,858.0,730.0,946.0,799.0,1513,0,0,1,Pedestrian
64,858.0,730.0,946.0,799.0,1514,0,0,1,Pedestrian
64,855.0,730.0,943.0,799.0,1515,0,0,1,Pedestrian
64,852.0,730.0,940.0,799.0,1516,0,0,1,Pedestrian
64,849.0,730.0,937.0,799.0,1517,0,0,1,Pedestrian
64,847.0,730.0,935.0,799.0,1518,0,0,1,Pedestrian
64,847.0,730.0,935.0,799.0,1519,0,0,1,Pedestrian
64,844.0,730.0,932.0,799.0,1520,0,0,1,Pedestrian
64,841.0,730.0,929.0,799.0,1521,0,0,1,Pedestrian
64,838.0,730.0,926.0,799.0,1522,0,0,1,Pedestrian
64,836.0,730.0,924.0,799.0,1523,0,0,1,Pedestrian
64,836.0,730.0,924.0,799.0,1524,0,0,1,Pedestrian
64,833.0,730.0,921.0,799.0,1525,0,0,1,Pedestrian
64,830.0,730.0,918.0,799.0,1526,0,0,1,Pedestrian
64,827.0,730.0,915.0,799.0,1527,0,0,1,Pedestrian
64,827.0,730.0,915.0,799.0,1528,0,0,1,Pedestrian
64,825.0,730.0,913.0,799.0,1529,0,0,1,Pedestrian
64,822.0,730.0,910.0,799.0,1530,0,0,1,Pedestrian
64,819.0,730.0,907.0,799.0,1531,0,0,1,Pedestrian
64,816.0,730.0,904.0,799.0,1532,0,0,1,Pedestrian
64,816.0,730.0,904.0,799.0,1533,0,0,1,Pedestrian
64,814.0,730.0,902.0,799.0,1534,0,0,1,Pedestrian
64,811.0,730.0,899.0,799.0,1535,0,0,1,Pedestrian
64,808.0,728.0,896.0,796.0,1536,0,0,1,Pedestrian
64,805.0,728.0,893.0,796.0,1537,0,0,1,Pedestrian
64,805.0,728.0,893.0,796.0,1538,0,0,1,Pedestrian
64,803.0,728.0,891.0,796.0,1539,0,0,1,Pedestrian
64,800.0,728.0,888.0,796.0,1540,0,0,1,Pedestrian
64,797.0,728.0,885.0,796.0,1541,0,0,1,Pedestrian
64,797.0,728.0,885.0,796.0,1542,0,0,1,Pedestrian
64,794.0,728.0,882.0,796.0,1543,0,0,1,Pedestrian
64,792.0,728.0,880.0,796.0,1544,0,0,1,Pedestrian
64,789.0,728.0,877.0,796.0,1545,0,0,1,Pedestrian
64,786.0,728.0,874.0,796.0,1546,0,0,1,Pedestrian
64,786.0,728.0,874.0,796.0,1547,0,0,1,Pedestrian
64,783.0,728.0,871.0,796.0,1548,0,0,1,Pedestrian
64,781.0,728.0,869.0,796.0,1549,0,0,1,Pedestrian
64,778.0,728.0,866.0,796.0,1550,0,0,1,Pedestrian
64,775.0,728.0,863.0,796.0,1551,0,0,1,Pedestrian
64,775.0,728.0,863.0,796.0,1552,0,0,1,Pedestrian
64,772.0,728.0,860.0,796.0,1553,0,0,1,Pedestrian
64,770.0,728.0,858.0,796.0,1554,0,0,1,Pedestrian
64,767.0,728.0,855.0,796.0,1555,0,0,1,Pedestrian
64,767.0,728.0,855.0,796.0,1556,0,0,1,Pedestrian
64,764.0,728.0,852.0,796.0,1557,0,0,1,Pedestrian
64,761.0,728.0,849.0,796.0,1558,0,0,1,Pedestrian
64,759.0,728.0,847.0,796.0,1559,0,0,1,Pedestrian
64,756.0,728.0,844.0,796.0,1560,0,0,1,Pedestrian
64,756.0,728.0,844.0,796.0,1561,0,0,1,Pedestrian
64,753.0,728.0,841.0,796.0,1562,0,0,1,Pedestrian
64,750.0,728.0,838.0,796.0,1563,0,0,1,Pedestrian
64,748.0,728.0,836.0,796.0,1564,0,0,1,Pedestrian
64,745.0,728.0,833.0,796.0,1565,0,0,1,Pedestrian
64,745.0,728.0,833.0,796.0,1566,0,0,1,Pedestrian
64,742.0,728.0,830.0,796.0,1567,0,0,1,Pedestrian
64,739.0,728.0,827.0,796.0,1568,0,0,1,Pedestrian
64,737.0,728.0,825.0,796.0,1569,0,0,1,Pedestrian
64,737.0,728.0,825.0,796.0,1570,0,0,0,Pedestrian
64,734.0,726.0,822.0,794.0,1571,0,0,1,Pedestrian
64,731.0,726.0,819.0,794.0,1572,0,0,1,Pedestrian
64,731.0,726.0,819.0,794.0,1573,0,0,1,Pedestrian
64,728.0,726.0,816.0,794.0,1574,0,0,1,Pedestrian
64,726.0,726.0,814.0,794.0,1575,0,0,1,Pedestrian
64,726.0,726.0,814.0,794.0,1576,0,0,1,Pedestrian
64,723.0,726.0,811.0,794.0,1577,0,0,1,Pedestrian
64,723.0,726.0,811.0,794.0,1578,0,0,1,Pedestrian
64,720.0,726.0,808.0,794.0,1579,0,0,1,Pedestrian
64,717.0,726.0,805.0,794.0,1580,0,0,1,Pedestrian
64,717.0,724.0,805.0,792.0,1581,0,0,1,Pedestrian
64,715.0,724.0,803.0,792.0,1582,0,0,1,Pedestrian
64,712.0,724.0,800.0,792.0,1583,0,0,1,Pedestrian
64,712.0,724.0,800.0,792.0,1584,0,0,1,Pedestrian
64,709.0,724.0,797.0,792.0,1585,0,0,1,Pedestrian
64,709.0,724.0,797.0,792.0,1586,0,0,1,Pedestrian
64,706.0,724.0,794.0,792.0,1587,0,0,1,Pedestrian
64,704.0,724.0,792.0,792.0,1588,0,0,1,Pedestrian
64,704.0,724.0,792.0,792.0,1589,0,0,1,Pedestrian
64,701.0,724.0,789.0,792.0,1590,0,0,1,Pedestrian
64,698.0,721.0,786.0,790.0,1591,0,0,1,Pedestrian
64,698.0,721.0,786.0,790.0,1592,0,0,1,Pedestrian
64,695.0,721.0,783.0,790.0,1593,0,0,1,Pedestrian
64,695.0,721.0,783.0,790.0,1594,0,0,1,Pedestrian
64,693.0,721.0,781.0,790.0,1595,0,0,1,Pedestrian
64,690.0,721.0,778.0,790.0,1596,0,0,1,Pedestrian
64,690.0,721.0,778.0,790.0,1597,0,0,1,Pedestrian
64,687.0,721.0,775.0,790.0,1598,0,0,1,Pedestrian
64,684.0,721.0,772.0,790.0,1599,0,0,1,Pedestrian
64,684.0,721.0,772.0,790.0,1600,0,0,1,Pedestrian
64,682.0,719.0,770.0,787.0,1601,0,0,1,Pedestrian
64,682.0,719.0,770.0,787.0,1602,0,0,1,Pedestrian
64,679.0,719.0,767.0,787.0,1603,0,0,1,Pedestrian
64,676.0,719.0,764.0,787.0,1604,0,0,1,Pedestrian
64,676.0,719.0,764.0,787.0,1605,0,0,1,Pedestrian
64,673.0,719.0,761.0,787.0,1606,0,0,1,Pedestrian
64,671.0,719.0,759.0,787.0,1607,0,0,1,Pedestrian
64,671.0,719.0,759.0,787.0,1608,0,0,1,Pedestrian
64,668.0,719.0,756.0,787.0,1609,0,0,1,Pedestrian
64,668.0,719.0,756.0,787.0,1610,0,0,0,Pedestrian
64,665.0,717.0,753.0,785.0,1611,0,0,1,Pedestrian
64,662.0,717.0,750.0,785.0,1612,0,0,1,Pedestrian
64,660.0,717.0,748.0,785.0,1613,0,0,1,Pedestrian
64,657.0,717.0,745.0,785.0,1614,0,0,1,Pedestrian
64,654.0,717.0,742.0,785.0,1615,0,0,1,Pedestrian
64,654.0,717.0,742.0,785.0,1616,0,0,1,Pedestrian
64,651.0,717.0,739.0,785.0,1617,0,0,1,Pedestrian
64,649.0,717.0,737.0,785.0,1618,0,0,1,Pedestrian
64,646.0,717.0,734.0,785.0,1619,0,0,1,Pedestrian
64,643.0,717.0,731.0,785.0,1620,0,0,1,Pedestrian
64,640.0,715.0,728.0,783.0,1621,0,0,1,Pedestrian
64,640.0,715.0,728.0,783.0,1622,0,0,1,Pedestrian
64,638.0,715.0,726.0,783.0,1623,0,0,1,Pedestrian
64,635.0,715.0,723.0,783.0,1624,0,0,1,Pedestrian
64,632.0,715.0,720.0,783.0,1625,0,0,1,Pedestrian
64,629.0,715.0,717.0,783.0,1626,0,0,1,Pedestrian
64,627.0,715.0,715.0,783.0,1627,0,0,1,Pedestrian
64,627.0,715.0,715.0,783.0,1628,0,0,1,Pedestrian
64,624.0,715.0,712.0,783.0,1629,0,0,1,Pedestrian
64,621.0,715.0,709.0,783.0,1630,0,0,1,Pedestrian
64,618.0,712.0,706.0,781.0,1631,0,0,1,Pedestrian
64,616.0,712.0,704.0,781.0,1632,0,0,1,Pedestrian
64,616.0,712.0,704.0,781.0,1633,0,0,1,Pedestrian
64,613.0,712.0,701.0,781.0,1634,0,0,1,Pedestrian
64,610.0,712.0,698.0,781.0,1635,0,0,1,Pedestrian
64,607.0,712.0,695.0,781.0,1636,0,0,1,Pedestrian
64,605.0,712.0,693.0,781.0,1637,0,0,1,Pedestrian
64,602.0,712.0,690.0,781.0,1638,0,0,1,Pedestrian
64,602.0,712.0,690.0,781.0,1639,0,0,1,Pedestrian
64,599.0,712.0,687.0,781.0,1640,0,0,1,Pedestrian
64,596.0,710.0,684.0,778.0,1641,0,0,1,Pedestrian
64,594.0,710.0,682.0,778.0,1642,0,0,1,Pedestrian
64,591.0,710.0,679.0,778.0,1643,0,0,1,Pedestrian
64,588.0,710.0,676.0,778.0,1644,0,0,1,Pedestrian
64,588.0,710.0,676.0,778.0,1645,0,0,1,Pedestrian
64,585.0,710.0,673.0,778.0,1646,0,0,1,Pedestrian
64,583.0,710.0,671.0,778.0,1647,0,0,1,Pedestrian
64,580.0,710.0,668.0,778.0,1648,0,0,1,Pedestrian
64,577.0,710.0,665.0,778.0,1649,0,0,1,Pedestrian
64,577.0,710.0,665.0,778.0,1650,0,0,0,Pedestrian
64,574.0,710.0,662.0,778.0,1651,0,0,1,Pedestrian
64,572.0,710.0,660.0,778.0,1652,0,0,1,Pedestrian
64,572.0,710.0,660.0,778.0,1653,0,0,1,Pedestrian
64,569.0,710.0,657.0,778.0,1654,0,0,1,Pedestrian
64,569.0,710.0,657.0,778.0,1655,0,0,1,Pedestrian
64,566.0,710.0,654.0,778.0,1656,0,0,1,Pedestrian
64,566.0,710.0,654.0,778.0,1657,0,0,1,Pedestrian
64,563.0,710.0,651.0,778.0,1658,0,0,1,Pedestrian
64,561.0,710.0,649.0,778.0,1659,0,0,1,Pedestrian
64,561.0,710.0,649.0,778.0,1660,0,0,1,Pedestrian
64,558.0,710.0,646.0,778.0,1661,0,0,1,Pedestrian
64,558.0,710.0,646.0,778.0,1662,0,0,1,Pedestrian
64,555.0,710.0,643.0,778.0,1663,0,0,1,Pedestrian
64,555.0,710.0,643.0,778.0,1664,0,0,1,Pedestrian
64,552.0,710.0,640.0,778.0,1665,0,0,1,Pedestrian
64,550.0,710.0,638.0,778.0,1666,0,0,1,Pedestrian
64,550.0,710.0,638.0,778.0,1667,0,0,1,Pedestrian
64,547.0,710.0,635.0,778.0,1668,0,0,1,Pedestrian
64,547.0,710.0,635.0,778.0,1669,0,0,1,Pedestrian
64,544.0,710.0,632.0,778.0,1670,0,0,1,Pedestrian
64,544.0,710.0,632.0,778.0,1671,0,0,1,Pedestrian
64,541.0,710.0,629.0,778.0,1672,0,0,1,Pedestrian
64,539.0,710.0,627.0,778.0,1673,0,0,1,Pedestrian
64,539.0,710.0,627.0,778.0,1674,0,0,1,Pedestrian
64,536.0,710.0,624.0,778.0,1675,0,0,1,Pedestrian
64,536.0,710.0,624.0,778.0,1676,0,0,1,Pedestrian
64,533.0,710.0,621.0,778.0,1677,0,0,1,Pedestrian
64,533.0,710.0,621.0,778.0,1678,0,0,1,Pedestrian
64,530.0,710.0,618.0,778.0,1679,0,0,1,Pedestrian
64,530.0,712.0,618.0,781.0,1680,0,0,1,Pedestrian
64,528.0,712.0,616.0,781.0,1681,0,0,1,Pedestrian
64,525.0,712.0,613.0,781.0,1682,0,0,1,Pedestrian
64,525.0,712.0,613.0,781.0,1683,0,0,1,Pedestrian
64,522.0,712.0,610.0,781.0,1684,0,0,1,Pedestrian
64,522.0,712.0,610.0,781.0,1685,0,0,1,Pedestrian
64,519.0,712.0,607.0,781.0,1686,0,0,1,Pedestrian
64,519.0,712.0,607.0,781.0,1687,0,0,1,Pedestrian
64,517.0,712.0,605.0,781.0,1688,0,0,1,Pedestrian
64,514.0,712.0,602.0,781.0,1689,0,0,1,Pedestrian
64,514.0,712.0,602.0,781.0,1690,0,0,1,Pedestrian
64,511.0,712.0,599.0,781.0,1691,0,0,1,Pedestrian
64,511.0,712.0,599.0,781.0,1692,0,0,1,Pedestrian
64,508.0,712.0,596.0,781.0,1693,0,0,1,Pedestrian
64,508.0,712.0,596.0,781.0,1694,0,0,1,Pedestrian
64,506.0,712.0,594.0,781.0,1695,0,0,1,Pedestrian
64,503.0,712.0,591.0,781.0,1696,0,0,1,Pedestrian
64,503.0,712.0,591.0,781.0,1697,0,0,1,Pedestrian
64,500.0,712.0,588.0,781.0,1698,0,0,1,Pedestrian
64,500.0,712.0,588.0,781.0,1699,0,0,1,Pedestrian
64,497.0,712.0,585.0,781.0,1700,0,0,1,Pedestrian
64,497.0,712.0,585.0,781.0,1701,0,0,1,Pedestrian
64,495.0,712.0,583.0,781.0,1702,0,0,1,Pedestrian
64,492.0,712.0,580.0,781.0,1703,0,0,1,Pedestrian
64,492.0,712.0,580.0,781.0,1704,0,0,1,Pedestrian
64,489.0,712.0,577.0,781.0,1705,0,0,1,Pedestrian
64,489.0,712.0,577.0,781.0,1706,0,0,1,Pedestrian
64,486.0,712.0,574.0,781.0,1707,0,0,1,Pedestrian
64,486.0,712.0,574.0,781.0,1708,0,0,1,Pedestrian
64,484.0,712.0,572.0,781.0,1709,0,0,1,Pedestrian
64,484.0,715.0,572.0,783.0,1710,0,0,0,Pedestrian
64,481.0,712.0,569.0,781.0,1711,0,0,1,Pedestrian
64,478.0,712.0,566.0,781.0,1712,0,0,1,Pedestrian
64,475.0,712.0,563.0,781.0,1713,0,0,1,Pedestrian
64,473.0,712.0,561.0,781.0,1714,0,0,1,Pedestrian
64,470.0,712.0,558.0,781.0,1715,0,0,1,Pedestrian
64,467.0,712.0,555.0,781.0,1716,0,0,1,Pedestrian
64,464.0,712.0,552.0,781.0,1717,0,0,1,Pedestrian
64,462.0,710.0,550.0,778.0,1718,0,0,1,Pedestrian
64,459.0,710.0,547.0,778.0,1719,0,0,1,Pedestrian
64,459.0,710.0,547.0,778.0,1720,0,0,1,Pedestrian
64,456.0,710.0,544.0,778.0,1721,0,0,1,Pedestrian
64,453.0,710.0,541.0,778.0,1722,0,0,1,Pedestrian
64,451.0,710.0,539.0,778.0,1723,0,0,1,Pedestrian
64,448.0,710.0,536.0,778.0,1724,0,0,1,Pedestrian
64,445.0,710.0,533.0,778.0,1725,0,0,1,Pedestrian
64,442.0,708.0,530.0,776.0,1726,0,0,1,Pedestrian
64,440.0,708.0,528.0,776.0,1727,0,0,1,Pedestrian
64,437.0,708.0,525.0,776.0,1728,0,0,1,Pedestrian
64,434.0,708.0,522.0,776.0,1729,0,0,1,Pedestrian
64,434.0,708.0,522.0,776.0,1730,0,0,1,Pedestrian
64,431.0,708.0,519.0,776.0,1731,0,0,1,Pedestrian
64,429.0,708.0,517.0,776.0,1732,0,0,1,Pedestrian
64,426.0,705.0,514.0,774.0,1733,0,0,1,Pedestrian
64,423.0,705.0,511.0,774.0,1734,0,0,1,Pedestrian
64,420.0,705.0,508.0,774.0,1735,0,0,1,Pedestrian
64,418.0,705.0,506.0,774.0,1736,0,0,1,Pedestrian
64,415.0,705.0,503.0,774.0,1737,0,0,1,Pedestrian
64,412.0,705.0,500.0,774.0,1738,0,0,1,Pedestrian
64,409.0,705.0,497.0,774.0,1739,0,0,1,Pedestrian
64,409.0,705.0,497.0,774.0,1740,0,0,0,Pedestrian
64,407.0,703.0,495.0,771.0,1741,0,0,1,Pedestrian
64,404.0,703.0,492.0,771.0,1742,0,0,1,Pedestrian
64,404.0,703.0,492.0,771.0,1743,0,0,1,Pedestrian
64,401.0,703.0,489.0,771.0,1744,0,0,1,Pedestrian
64,398.0,703.0,486.0,771.0,1745,0,0,1,Pedestrian
64,398.0,703.0,486.0,771.0,1746,0,0,1,Pedestrian
64,396.0,703.0,484.0,771.0,1747,0,0,1,Pedestrian
64,393.0,703.0,481.0,771.0,1748,0,0,1,Pedestrian
64,393.0,703.0,481.0,771.0,1749,0,0,1,Pedestrian
64,390.0,703.0,478.0,771.0,1750,0,0,1,Pedestrian
64,387.0,703.0,475.0,771.0,1751,0,0,1,Pedestrian
64,387.0,703.0,475.0,771.0,1752,0,0,1,Pedestrian
64,385.0,703.0,473.0,771.0,1753,0,0,1,Pedestrian
64,382.0,703.0,470.0,771.0,1754,0,0,1,Pedestrian
64,382.0,703.0,470.0,771.0,1755,0,0,1,Pedestrian
64,379.0,703.0,467.0,771.0,1756,0,0,1,Pedestrian
64,376.0,703.0,464.0,771.0,1757,0,0,1,Pedestrian
64,376.0,703.0,464.0,771.0,1758,0,0,1,Pedestrian
64,374.0,703.0,462.0,771.0,1759,0,0,1,Pedestrian
64,371.0,703.0,459.0,771.0,1760,0,0,1,Pedestrian
64,371.0,703.0,459.0,771.0,1761,0,0,1,Pedestrian
64,368.0,703.0,456.0,771.0,1762,0,0,1,Pedestrian
64,365.0,703.0,453.0,771.0,1763,0,0,1,Pedestrian
64,365.0,703.0,453.0,771.0,1764,0,0,1,Pedestrian
64,363.0,703.0,451.0,771.0,1765,0,0,1,Pedestrian
64,360.0,703.0,448.0,771.0,1766,0,0,1,Pedestrian
64,360.0,701.0,448.0,769.0,1767,0,0,1,Pedestrian
64,357.0,701.0,445.0,769.0,1768,0,0,1,Pedestrian
64,354.0,701.0,442.0,769.0,1769,0,0,1,Pedestrian
64,354.0,701.0,442.0,769.0,1770,0,0,1,Pedestrian
64,352.0,701.0,440.0,769.0,1771,0,0,1,Pedestrian
64,349.0,701.0,437.0,769.0,1772,0,0,1,Pedestrian
64,349.0,701.0,437.0,769.0,1773,0,0,1,Pedestrian
64,346.0,701.0,434.0,769.0,1774,0,0,1,Pedestrian
64,343.0,701.0,431.0,769.0,1775,0,0,1,Pedestrian
64,343.0,701.0,431.0,769.0,1776,0,0,1,Pedestrian
64,341.0,701.0,429.0,769.0,1777,0,0,1,Pedestrian
64,338.0,701.0,426.0,769.0,1778,0,0,1,Pedestrian
64,338.0,701.0,426.0,769.0,1779,0,0,1,Pedestrian
64,335.0,701.0,423.0,769.0,1780,0,0,1,Pedestrian
64,332.0,701.0,420.0,769.0,1781,0,0,1,Pedestrian
64,332.0,701.0,420.0,769.0,1782,0,0,1,Pedestrian
64,330.0,701.0,418.0,769.0,1783,0,0,1,Pedestrian
64,327.0,701.0,415.0,769.0,1784,0,0,1,Pedestrian
64,327.0,701.0,415.0,769.0,1785,0,0,1,Pedestrian
64,324.0,701.0,412.0,769.0,1786,0,0,1,Pedestrian
64,321.0,701.0,409.0,769.0,1787,0,0,1,Pedestrian
64,321.0,701.0,409.0,769.0,1788,0,0,1,Pedestrian
64,319.0,701.0,407.0,769.0,1789,0,0,1,Pedestrian
64,316.0,701.0,404.0,769.0,1790,0,0,1,Pedestrian
64,316.0,701.0,404.0,769.0,1791,0,0,1,Pedestrian
64,313.0,701.0,401.0,769.0,1792,0,0,1,Pedestrian
64,310.0,701.0,398.0,769.0,1793,0,0,1,Pedestrian
64,310.0,699.0,398.0,767.0,1794,0,0,1,Pedestrian
64,308.0,699.0,396.0,767.0,1795,0,0,1,Pedestrian
64,305.0,699.0,393.0,767.0,1796,0,0,1,Pedestrian
64,305.0,699.0,393.0,767.0,1797,0,0,1,Pedestrian
64,302.0,699.0,390.0,767.0,1798,0,0,1,Pedestrian
64,299.0,699.0,387.0,767.0,1799,0,0,1,Pedestrian
64,299.0,699.0,387.0,767.0,1800,0,0,1,Pedestrian
64,297.0,699.0,385.0,767.0,1801,0,0,1,Pedestrian
64,294.0,699.0,382.0,767.0,1802,0,0,1,Pedestrian
64,294.0,699.0,382.0,767.0,1803,0,0,1,Pedestrian
64,291.0,699.0,379.0,767.0,1804,0,0,1,Pedestrian
64,288.0,699.0,376.0,767.0,1805,0,0,1,Pedestrian
64,288.0,699.0,376.0,767.0,1806,0,0,1,Pedestrian
64,286.0,699.0,374.0,767.0,1807,0,0,1,Pedestrian
64,283.0,699.0,371.0,767.0,1808,0,0,1,Pedestrian
64,283.0,699.0,371.0,767.0,1809,0,0,1,Pedestrian
64,280.0,699.0,368.0,767.0,1810,0,0,1,Pedestrian
64,277.0,699.0,365.0,767.0,1811,0,0,1,Pedestrian
64,277.0,699.0,365.0,767.0,1812,0,0,1,Pedestrian
64,275.0,699.0,363.0,767.0,1813,0,0,1,Pedestrian
64,272.0,699.0,360.0,767.0,1814,0,0,1,Pedestrian
64,272.0,699.0,360.0,767.0,1815,0,0,1,Pedestrian
64,269.0,699.0,357.0,767.0,1816,0,0,1,Pedestrian
64,266.0,699.0,354.0,767.0,1817,0,0,1,Pedestrian
64,266.0,699.0,354.0,767.0,1818,0,0,1,Pedestrian
64,264.0,699.0,352.0,767.0,1819,0,0,1,Pedestrian
64,264.0,699.0,352.0,767.0,1820,0,0,0,Pedestrian
64,261.0,699.0,349.0,767.0,1821,0,0,1,Pedestrian
64,258.0,699.0,346.0,767.0,1822,0,0,1,Pedestrian
64,255.0,699.0,343.0,767.0,1823,0,0,1,Pedestrian
64,253.0,699.0,341.0,767.0,1824,0,0,1,Pedestrian
64,250.0,701.0,338.0,769.0,1825,0,0,1,Pedestrian
64,247.0,701.0,335.0,769.0,1826,0,0,1,Pedestrian
64,244.0,701.0,332.0,769.0,1827,0,0,1,Pedestrian
64,242.0,701.0,330.0,769.0,1828,0,0,1,Pedestrian
64,239.0,701.0,327.0,769.0,1829,0,0,1,Pedestrian
64,239.0,703.0,327.0,771.0,1830,0,0,1,Pedestrian
64,236.0,703.0,324.0,771.0,1831,0,0,1,Pedestrian
64,233.0,703.0,321.0,771.0,1832,0,0,1,Pedestrian
64,231.0,703.0,319.0,771.0,1833,0,0,1,Pedestrian
64,228.0,703.0,316.0,771.0,1834,0,0,1,Pedestrian
64,225.0,705.0,313.0,774.0,1835,0,0,1,Pedestrian
64,222.0,705.0,310.0,774.0,1836,0,0,1,Pedestrian
64,220.0,705.0,308.0,774.0,1837,0,0,1,Pedestrian
64,217.0,705.0,305.0,774.0,1838,0,0,1,Pedestrian
64,214.0,705.0,302.0,774.0,1839,0,0,1,Pedestrian
64,214.0,708.0,302.0,776.0,1840,0,0,0,Pedestrian
64,211.0,705.0,299.0,774.0,1841,0,0,1,Pedestrian
64,209.0,705.0,297.0,774.0,1842,0,0,1,Pedestrian
64,209.0,705.0,297.0,774.0,1843,0,0,1,Pedestrian
64,206.0,705.0,294.0,774.0,1844,0,0,1,Pedestrian
64,203.0,705.0,291.0,774.0,1845,0,0,1,Pedestrian
64,203.0,705.0,291.0,774.0,1846,0,0,1,Pedestrian
64,200.0,705.0,288.0,774.0,1847,0,0,1,Pedestrian
64,200.0,705.0,288.0,774.0,1848,0,0,1,Pedestrian
64,198.0,705.0,286.0,774.0,1849,0,0,1,Pedestrian
64,195.0,705.0,283.0,774.0,1850,0,0,1,Pedestrian
64,195.0,703.0,283.0,771.0,1851,0,0,1,Pedestrian
64,192.0,703.0,280.0,771.0,1852,0,0,1,Pedestrian
64,189.0,703.0,277.0,771.0,1853,0,0,1,Pedestrian
64,189.0,703.0,277.0,771.0,1854,0,0,1,Pedestrian
64,187.0,703.0,275.0,771.0,1855,0,0,1,Pedestrian
64,187.0,703.0,275.0,771.0,1856,0,0,1,Pedestrian
64,184.0,703.0,272.0,771.0,1857,0,0,1,Pedestrian
64,181.0,703.0,269.0,771.0,1858,0,0,1,Pedestrian
64,181.0,703.0,269.0,771.0,1859,0,0,1,Pedestrian
64,178.0,703.0,266.0,771.0,1860,0,0,1,Pedestrian
64,176.0,701.0,264.0,769.0,1861,0,0,1,Pedestrian
64,176.0,701.0,264.0,769.0,1862,0,0,1,Pedestrian
64,173.0,701.0,261.0,769.0,1863,0,0,1,Pedestrian
64,173.0,701.0,261.0,769.0,1864,0,0,1,Pedestrian
64,170.0,701.0,258.0,769.0,1865,0,0,1,Pedestrian
64,167.0,701.0,255.0,769.0,1866,0,0,1,Pedestrian
64,167.0,701.0,255.0,769.0,1867,0,0,1,Pedestrian
64,165.0,701.0,253.0,769.0,1868,0,0,1,Pedestrian
64,162.0,701.0,250.0,769.0,1869,0,0,1,Pedestrian
64,162.0,701.0,250.0,769.0,1870,0,0,1,Pedestrian
64,159.0,699.0,247.0,767.0,1871,0,0,1,Pedestrian
64,159.0,699.0,247.0,767.0,1872,0,0,1,Pedestrian
64,156.0,699.0,244.0,767.0,1873,0,0,1,Pedestrian
64,154.0,699.0,242.0,767.0,1874,0,0,1,Pedestrian
64,154.0,699.0,242.0,767.0,1875,0,0,1,Pedestrian
64,151.0,699.0,239.0,767.0,1876,0,0,1,Pedestrian
64,148.0,699.0,236.0,767.0,1877,0,0,1,Pedestrian
64,148.0,699.0,236.0,767.0,1878,0,0,1,Pedestrian
64,145.0,699.0,233.0,767.0,1879,0,0,1,Pedestrian
64,145.0,699.0,233.0,767.0,1880,0,0,0,Pedestrian
64,143.0,699.0,231.0,767.0,1881,0,0,1,Pedestrian
64,140.0,699.0,228.0,767.0,1882,0,0,1,Pedestrian
64,137.0,699.0,225.0,767.0,1883,0,0,1,Pedestrian
64,134.0,699.0,222.0,767.0,1884,0,0,1,Pedestrian
64,132.0,701.0,220.0,769.0,1885,0,0,1,Pedestrian
64,129.0,701.0,217.0,769.0,1886,0,0,1,Pedestrian
64,126.0,701.0,214.0,769.0,1887,0,0,1,Pedestrian
64,123.0,701.0,211.0,769.0,1888,0,0,1,Pedestrian
64,121.0,703.0,209.0,771.0,1889,0,0,1,Pedestrian
64,118.0,703.0,206.0,771.0,1890,0,0,1,Pedestrian
64,115.0,703.0,203.0,771.0,1891,0,0,1,Pedestrian
64,112.0,703.0,200.0,771.0,1892,0,0,1,Pedestrian
64,110.0,703.0,198.0,771.0,1893,0,0,1,Pedestrian
64,110.0,705.0,198.0,774.0,1894,0,0,1,Pedestrian
64,107.0,705.0,195.0,774.0,1895,0,0,1,Pedestrian
64,104.0,705.0,192.0,774.0,1896,0,0,1,Pedestrian
64,101.0,705.0,189.0,774.0,1897,0,0,1,Pedestrian
64,99.0,708.0,187.0,776.0,1898,0,0,1,Pedestrian
64,96.0,708.0,184.0,776.0,1899,0,0,1,Pedestrian
64,93.0,708.0,181.0,776.0,1900,0,0,1,Pedestrian
64,90.0,708.0,178.0,776.0,1901,0,0,1,Pedestrian
64,88.0,708.0,176.0,776.0,1902,0,0,1,Pedestrian
64,85.0,710.0,173.0,778.0,1903,0,0,1,Pedestrian
64,82.0,710.0,170.0,778.0,1904,0,0,1,Pedestrian
64,79.0,710.0,167.0,778.0,1905,0,0,1,Pedestrian
64,77.0,710.0,165.0,778.0,1906,0,0,1,Pedestrian
64,77.0,712.0,165.0,781.0,1907,0,0,1,Pedestrian
64,74.0,712.0,162.0,781.0,1908,0,0,1,Pedestrian
64,71.0,712.0,159.0,781.0,1909,0,0,1,Pedestrian
64,68.0,712.0,156.0,781.0,1910,0,0,1,Pedestrian
64,66.0,712.0,154.0,781.0,1911,0,0,1,Pedestrian
64,63.0,715.0,151.0,783.0,1912,0,0,1,Pedestrian
64,60.0,715.0,148.0,783.0,1913,0,0,1,Pedestrian
64,57.0,715.0,145.0,783.0,1914,0,0,1,Pedestrian
64,55.0,715.0,143.0,783.0,1915,0,0,1,Pedestrian
64,52.0,717.0,140.0,785.0,1916,0,0,1,Pedestrian
64,49.0,717.0,137.0,785.0,1917,0,0,1,Pedestrian
64,46.0,717.0,134.0,785.0,1918,0,0,1,Pedestrian
64,44.0,717.0,132.0,785.0,1919,0,0,1,Pedestrian
64,44.0,719.0,132.0,787.0,1920,0,0,0,Pedestrian
64,41.0,717.0,129.0,785.0,1921,0,0,1,Pedestrian
64,41.0,717.0,129.0,785.0,1922,0,0,1,Pedestrian
64,38.0,717.0,126.0,785.0,1923,0,0,1,Pedestrian
64,38.0,717.0,126.0,785.0,1924,0,0,1,Pedestrian
64,35.0,715.0,123.0,783.0,1925,0,0,1,Pedestrian
64,35.0,715.0,123.0,783.0,1926,0,0,1,Pedestrian
64,33.0,715.0,121.0,783.0,1927,0,0,1,Pedestrian
64,33.0,715.0,121.0,783.0,1928,0,0,1,Pedestrian
64,30.0,712.0,118.0,781.0,1929,0,0,1,Pedestrian
64,30.0,712.0,118.0,781.0,1930,0,0,1,Pedestrian
64,27.0,712.0,115.0,781.0,1931,0,0,1,Pedestrian
64,27.0,712.0,115.0,781.0,1932,0,0,1,Pedestrian
64,24.0,710.0,112.0,778.0,1933,0,0,1,Pedestrian
64,24.0,710.0,112.0,778.0,1934,0,0,1,Pedestrian
64,22.0,710.0,110.0,778.0,1935,0,0,1,Pedestrian
64,22.0,710.0,110.0,778.0,1936,0,0,1,Pedestrian
64,19.0,708.0,107.0,776.0,1937,0,0,1,Pedestrian
64,19.0,708.0,107.0,776.0,1938,0,0,1,Pedestrian
64,16.0,708.0,104.0,776.0,1939,0,0,1,Pedestrian
64,16.0,708.0,104.0,776.0,1940,0,0,0,Pedestrian
64,13.0,708.0,101.0,776.0,1941,0,0,1,Pedestrian
64,13.0,708.0,101.0,776.0,1942,0,0,1,Pedestrian
64,13.0,708.0,99.0,776.0,1943,0,0,1,Pedestrian
64,11.0,708.0,99.0,776.0,1944,0,0,1,Pedestrian
64,11.0,708.0,96.0,776.0,1945,0,0,1,Pedestrian
64,11.0,708.0,96.0,776.0,1946,0,0,1,Pedestrian
64,8.0,708.0,93.0,776.0,1947,0,0,1,Pedestrian
64,8.0,708.0,93.0,776.0,1948,0,0,1,Pedestrian
64,8.0,708.0,90.0,776.0,1949,0,0,1,Pedestrian
64,8.0,708.0,90.0,776.0,1950,0,0,1,Pedestrian
64,5.0,708.0,90.0,776.0,1951,0,0,1,Pedestrian
64,5.0,708.0,88.0,776.0,1952,0,0,1,Pedestrian
64,5.0,708.0,88.0,776.0,1953,0,0,1,Pedestrian
64,2.0,708.0,85.0,776.0,1954,0,0,1,Pedestrian
64,2.0,708.0,85.0,776.0,1955,0,0,1,Pedestrian
64,2.0,708.0,82.0,776.0,1956,0,0,1,Pedestrian
64,0.0,708.0,82.0,776.0,1957,0,0,1,Pedestrian
64,0.0,708.0,79.0,776.0,1958,0,0,1,Pedestrian
64,0.0,708.0,79.0,776.0,1959,0,0,1,Pedestrian
64,0.0,708.0,79.0,776.0,1960,0,0,0,Pedestrian
64,0.0,708.0,77.0,776.0,1961,0,0,1,Pedestrian
64,0.0,708.0,77.0,776.0,1962,0,0,1,Pedestrian
64,0.0,708.0,74.0,776.0,1963,0,0,1,Pedestrian
64,0.0,708.0,74.0,776.0,1964,0,0,1,Pedestrian
64,0.0,708.0,71.0,776.0,1965,0,0,1,Pedestrian
64,0.0,708.0,71.0,776.0,1966,0,0,1,Pedestrian
64,0.0,708.0,68.0,776.0,1967,0,0,1,Pedestrian
64,0.0,708.0,68.0,776.0,1968,0,0,1,Pedestrian
64,0.0,708.0,66.0,776.0,1969,0,0,1,Pedestrian
64,0.0,708.0,66.0,776.0,1970,0,0,1,Pedestrian
64,0.0,708.0,63.0,776.0,1971,0,0,1,Pedestrian
64,0.0,708.0,63.0,776.0,1972,0,0,1,Pedestrian
64,0.0,708.0,60.0,776.0,1973,0,0,1,Pedestrian
64,0.0,708.0,60.0,776.0,1974,0,0,1,Pedestrian
64,0.0,708.0,57.0,776.0,1975,0,0,1,Pedestrian
64,0.0,708.0,57.0,776.0,1976,0,0,1,Pedestrian
64,0.0,708.0,55.0,776.0,1977,0,0,1,Pedestrian
64,0.0,708.0,55.0,776.0,1978,0,0,1,Pedestrian
64,0.0,708.0,52.0,776.0,1979,0,0,1,Pedestrian
64,0.0,710.0,52.0,778.0,1980,0,0,0,Pedestrian
64,0.0,708.0,49.0,776.0,1981,0,0,1,Pedestrian
64,0.0,708.0,46.0,776.0,1982,0,0,1,Pedestrian
64,0.0,708.0,44.0,776.0,1983,0,0,1,Pedestrian
64,0.0,705.0,44.0,774.0,1984,0,0,1,Pedestrian
64,0.0,705.0,41.0,774.0,1985,0,0,1,Pedestrian
64,0.0,705.0,38.0,774.0,1986,0,0,1,Pedestrian
64,0.0,703.0,38.0,771.0,1987,0,0,1,Pedestrian
64,0.0,703.0,35.0,771.0,1988,0,0,1,Pedestrian
64,0.0,703.0,33.0,771.0,1989,0,0,1,Pedestrian
64,0.0,703.0,33.0,771.0,1990,1,0,0,Pedestrian
64,0.0,703.0,30.0,771.0,1991,1,0,1,Pedestrian
64,0.0,705.0,27.0,774.0,1992,1,0,1,Pedestrian
64,0.0,705.0,27.0,774.0,1993,1,0,1,Pedestrian
64,0.0,708.0,24.0,776.0,1994,1,0,1,Pedestrian
64,0.0,708.0,24.0,776.0,1995,1,0,1,Pedestrian
64,0.0,710.0,22.0,778.0,1996,1,0,1,Pedestrian
64,0.0,710.0,19.0,778.0,1997,1,0,1,Pedestrian
64,0.0,712.0,19.0,781.0,1998,1,0,1,Pedestrian
64,0.0,712.0,16.0,781.0,1999,1,0,1,Pedestrian
64,0.0,715.0,16.0,783.0,2000,1,0,0,Pedestrian
64,0.0,715.0,16.0,783.0,2001,1,0,1,Pedestrian
64,0.0,715.0,16.0,783.0,2002,1,0,1,Pedestrian
64,0.0,715.0,16.0,783.0,2003,1,0,1,Pedestrian
64,0.0,715.0,16.0,783.0,2004,1,0,1,Pedestrian
64,0.0,715.0,16.0,783.0,2005,1,0,1,Pedestrian
64,0.0,715.0,16.0,783.0,2006,1,0,1,Pedestrian
64,0.0,715.0,16.0,783.0,2007,1,0,1,Pedestrian
64,0.0,715.0,16.0,783.0,2008,1,0,1,Pedestrian
64,0.0,715.0,16.0,783.0,2009,1,0,1,Pedestrian
64,0.0,715.0,16.0,783.0,2010,1,0,1,Pedestrian
64,0.0,715.0,16.0,783.0,2011,1,0,1,Pedestrian
64,0.0,715.0,16.0,783.0,2012,1,0,1,Pedestrian
64,0.0,715.0,16.0,783.0,2013,1,0,1,Pedestrian
64,0.0,715.0,16.0,783.0,2014,1,0,1,Pedestrian
64,0.0,715.0,16.0,783.0,2015,1,0,1,Pedestrian
64,0.0,715.0,16.0,783.0,2016,1,0,1,Pedestrian
64,0.0,715.0,16.0,783.0,2017,1,0,1,Pedestrian
64,0.0,715.0,16.0,783.0,2018,1,0,1,Pedestrian
64,0.0,715.0,16.0,783.0,2019,1,0,1,Pedestrian
64,0.0,715.0,16.0,783.0,2020,1,0,1,Pedestrian
64,0.0,715.0,16.0,783.0,2021,1,0,1,Pedestrian
64,0.0,715.0,16.0,783.0,2022,1,0,1,Pedestrian
64,0.0,715.0,16.0,783.0,2023,1,0,1,Pedestrian
64,0.0,715.0,16.0,783.0,2024,1,0,1,Pedestrian
64,0.0,715.0,16.0,783.0,2025,1,0,1,Pedestrian
64,0.0,715.0,16.0,783.0,2026,1,0,1,Pedestrian
64,0.0,715.0,16.0,783.0,2027,1,0,1,Pedestrian
64,0.0,715.0,16.0,783.0,2028,1,0,1,Pedestrian
64,0.0,715.0,16.0,783.0,2029,1,0,1,Pedestrian
64,0.0,715.0,16.0,783.0,2030,1,0,1,Pedestrian
64,0.0,715.0,16.0,783.0,2031,1,0,0,Pedestrian
65,390.0,1040.0,514.0,1081.0,6000,1,0,0,Pedestrian
65,390.0,1040.0,514.0,1081.0,6001,1,0,1,Pedestrian
65,390.0,1040.0,514.0,1081.0,6002,1,0,1,Pedestrian
65,390.0,1040.0,514.0,1081.0,6003,1,0,1,Pedestrian
65,390.0,1040.0,514.0,1081.0,6004,1,0,1,Pedestrian
65,390.0,1040.0,514.0,1081.0,6005,1,0,1,Pedestrian
65,390.0,1040.0,514.0,1081.0,6006,1,0,1,Pedestrian
65,390.0,1040.0,514.0,1081.0,6007,1,0,1,Pedestrian
65,390.0,1040.0,514.0,1081.0,6008,1,0,1,Pedestrian
65,390.0,1040.0,514.0,1081.0,6009,1,0,1,Pedestrian
65,390.0,1040.0,514.0,1081.0,6010,1,0,1,Pedestrian
65,390.0,1040.0,514.0,1081.0,6011,1,0,1,Pedestrian
65,390.0,1040.0,514.0,1081.0,6012,1,0,1,Pedestrian
65,390.0,1040.0,514.0,1081.0,6013,1,0,1,Pedestrian
65,390.0,1040.0,514.0,1081.0,6014,1,0,1,Pedestrian
65,390.0,1040.0,514.0,1081.0,6015,1,0,1,Pedestrian
65,390.0,1040.0,514.0,1081.0,6016,1,0,1,Pedestrian
65,390.0,1040.0,514.0,1081.0,6017,1,0,1,Pedestrian
65,390.0,1040.0,514.0,1081.0,6018,1,0,1,Pedestrian
65,390.0,1040.0,514.0,1081.0,6019,1,0,1,Pedestrian
65,390.0,1040.0,514.0,1081.0,6020,1,0,1,Pedestrian
65,390.0,1040.0,514.0,1081.0,6021,1,0,1,Pedestrian
65,390.0,1040.0,514.0,1081.0,6022,1,0,1,Pedestrian
65,390.0,1040.0,514.0,1081.0,6023,1,0,1,Pedestrian
65,390.0,1040.0,514.0,1081.0,6024,1,0,1,Pedestrian
65,390.0,1040.0,514.0,1081.0,6025,1,0,1,Pedestrian
65,390.0,1040.0,514.0,1081.0,6026,1,0,1,Pedestrian
65,390.0,1040.0,514.0,1081.0,6027,1,0,1,Pedestrian
65,390.0,1040.0,514.0,1081.0,6028,1,0,1,Pedestrian
65,390.0,1040.0,514.0,1081.0,6029,1,0,1,Pedestrian
65,390.0,1040.0,514.0,1081.0,6030,1,0,1,Pedestrian
65,390.0,1040.0,514.0,1081.0,6031,1,0,1,Pedestrian
65,390.0,1040.0,514.0,1081.0,6032,1,0,1,Pedestrian
65,390.0,1040.0,514.0,1081.0,6033,1,0,1,Pedestrian
65,390.0,1040.0,514.0,1081.0,6034,1,0,1,Pedestrian
65,390.0,1040.0,514.0,1081.0,6035,1,0,1,Pedestrian
65,390.0,1040.0,514.0,1081.0,6036,1,0,1,Pedestrian
65,390.0,1040.0,514.0,1081.0,6037,1,0,1,Pedestrian
65,390.0,1040.0,514.0,1081.0,6038,1,0,1,Pedestrian
65,390.0,1040.0,514.0,1081.0,6039,1,0,1,Pedestrian
65,390.0,1040.0,514.0,1081.0,6040,1,0,1,Pedestrian
65,390.0,1040.0,514.0,1081.0,6041,1,0,1,Pedestrian
65,390.0,1040.0,514.0,1081.0,6042,1,0,1,Pedestrian
65,390.0,1040.0,514.0,1081.0,6043,1,0,1,Pedestrian
65,390.0,1040.0,514.0,1081.0,6044,1,0,1,Pedestrian
65,390.0,1040.0,514.0,1081.0,6045,1,0,1,Pedestrian
65,390.0,1040.0,514.0,1081.0,6046,1,0,1,Pedestrian
65,390.0,1040.0,514.0,1081.0,6047,1,0,1,Pedestrian
65,390.0,1040.0,514.0,1081.0,6048,1,0,1,Pedestrian
65,390.0,1040.0,514.0,1081.0,6049,1,0,1,Pedestrian
65,390.0,1040.0,514.0,1081.0,6050,1,0,1,Pedestrian
65,390.0,1040.0,514.0,1081.0,6051,1,0,1,Pedestrian
65,390.0,1040.0,514.0,1081.0,6052,1,0,1,Pedestrian
65,390.0,1040.0,514.0,1081.0,6053,1,0,1,Pedestrian
65,390.0,1040.0,514.0,1081.0,6054,1,0,1,Pedestrian
65,390.0,1040.0,514.0,1081.0,6055,1,0,1,Pedestrian
65,390.0,1040.0,514.0,1081.0,6056,1,0,1,Pedestrian
65,390.0,1040.0,514.0,1081.0,6057,1,0,1,Pedestrian
65,390.0,1040.0,514.0,1081.0,6058,1,0,1,Pedestrian
65,390.0,1040.0,514.0,1081.0,6059,1,0,1,Pedestrian
65,390.0,1040.0,514.0,1081.0,6060,1,0,1,Pedestrian
65,390.0,1040.0,514.0,1081.0,6061,1,0,1,Pedestrian
65,390.0,1040.0,514.0,1081.0,6062,1,0,1,Pedestrian
65,390.0,1040.0,514.0,1081.0,6063,1,0,1,Pedestrian
65,390.0,1040.0,514.0,1081.0,6064,1,0,1,Pedestrian
65,390.0,1040.0,514.0,1081.0,6065,1,0,1,Pedestrian
65,390.0,1040.0,514.0,1081.0,6066,1,0,1,Pedestrian
65,390.0,1040.0,514.0,1081.0,6067,1,0,1,Pedestrian
65,390.0,1040.0,514.0,1081.0,6068,1,0,1,Pedestrian
65,390.0,1040.0,514.0,1081.0,6069,1,0,1,Pedestrian
65,390.0,1040.0,514.0,1081.0,6070,1,0,1,Pedestrian
65,390.0,1040.0,514.0,1081.0,6071,1,0,1,Pedestrian
65,390.0,1040.0,514.0,1081.0,6072,1,0,1,Pedestrian
65,390.0,1040.0,514.0,1081.0,6073,1,0,1,Pedestrian
65,390.0,1040.0,514.0,1081.0,6074,1,0,1,Pedestrian
65,390.0,1040.0,514.0,1081.0,6075,1,0,1,Pedestrian
65,390.0,1040.0,514.0,1081.0,6076,1,0,1,Pedestrian
65,390.0,1040.0,514.0,1081.0,6077,1,0,1,Pedestrian
65,390.0,1040.0,514.0,1081.0,6078,1,0,1,Pedestrian
65,390.0,1040.0,514.0,1081.0,6079,1,0,1,Pedestrian
65,390.0,1040.0,514.0,1081.0,6080,1,0,1,Pedestrian
65,390.0,1040.0,514.0,1081.0,6081,1,0,1,Pedestrian
65,390.0,1040.0,514.0,1081.0,6082,1,0,1,Pedestrian
65,390.0,1040.0,514.0,1081.0,6083,1,0,1,Pedestrian
65,390.0,1040.0,514.0,1081.0,6084,1,0,1,Pedestrian
65,390.0,1040.0,514.0,1081.0,6085,1,0,1,Pedestrian
65,390.0,1040.0,514.0,1081.0,6086,1,0,1,Pedestrian
65,390.0,1040.0,514.0,1081.0,6087,1,0,1,Pedestrian
65,390.0,1040.0,514.0,1081.0,6088,1,0,1,Pedestrian
65,390.0,1040.0,514.0,1081.0,6089,1,0,1,Pedestrian
65,390.0,1040.0,514.0,1081.0,6090,1,0,1,Pedestrian
65,390.0,1040.0,514.0,1081.0,6091,1,0,1,Pedestrian
65,390.0,1040.0,514.0,1081.0,6092,1,0,1,Pedestrian
65,390.0,1040.0,514.0,1081.0,6093,1,0,1,Pedestrian
65,390.0,1040.0,514.0,1081.0,6094,1,0,1,Pedestrian
65,390.0,1040.0,514.0,1081.0,6095,1,0,1,Pedestrian
65,390.0,1040.0,514.0,1081.0,6096,1,0,1,Pedestrian
65,390.0,1040.0,514.0,1081.0,6097,1,0,1,Pedestrian
65,390.0,1040.0,514.0,1081.0,6098,1,0,1,Pedestrian
65,390.0,1040.0,514.0,1081.0,6099,1,0,1,Pedestrian
65,390.0,1040.0,514.0,1081.0,6100,1,0,1,Pedestrian
65,390.0,1040.0,514.0,1081.0,6101,1,0,1,Pedestrian
65,390.0,1040.0,514.0,1081.0,6102,1,0,1,Pedestrian
65,390.0,1040.0,514.0,1081.0,6103,1,0,1,Pedestrian
65,390.0,1040.0,514.0,1081.0,6104,1,0,1,Pedestrian
65,390.0,1040.0,514.0,1081.0,6105,1,0,1,Pedestrian
65,390.0,1040.0,514.0,1081.0,6106,1,0,1,Pedestrian
65,390.0,1040.0,514.0,1081.0,6107,1,0,1,Pedestrian
65,390.0,1040.0,514.0,1081.0,6108,1,0,1,Pedestrian
65,390.0,1040.0,514.0,1081.0,6109,1,0,1,Pedestrian
65,390.0,1040.0,514.0,1081.0,6110,1,0,1,Pedestrian
65,390.0,1040.0,514.0,1081.0,6111,1,0,1,Pedestrian
65,390.0,1040.0,514.0,1081.0,6112,1,0,1,Pedestrian
65,390.0,1040.0,514.0,1081.0,6113,1,0,1,Pedestrian
65,390.0,1040.0,514.0,1081.0,6114,1,0,1,Pedestrian
65,390.0,1040.0,514.0,1081.0,6115,1,0,1,Pedestrian
65,390.0,1040.0,514.0,1081.0,6116,1,0,1,Pedestrian
65,390.0,1040.0,514.0,1081.0,6117,1,0,1,Pedestrian
65,390.0,1040.0,514.0,1081.0,6118,1,0,1,Pedestrian
65,390.0,1040.0,514.0,1081.0,6119,1,0,1,Pedestrian
65,390.0,1040.0,514.0,1081.0,6120,1,0,1,Pedestrian
65,390.0,1040.0,514.0,1081.0,6121,1,0,1,Pedestrian
65,390.0,1040.0,514.0,1081.0,6122,1,0,1,Pedestrian
65,390.0,1040.0,514.0,1081.0,6123,1,0,1,Pedestrian
65,390.0,1040.0,514.0,1081.0,6124,1,0,1,Pedestrian
65,390.0,1040.0,514.0,1081.0,6125,1,0,1,Pedestrian
65,390.0,1040.0,514.0,1081.0,6126,1,0,1,Pedestrian
65,390.0,1040.0,514.0,1081.0,6127,1,0,1,Pedestrian
65,390.0,1040.0,514.0,1081.0,6128,1,0,1,Pedestrian
65,390.0,1040.0,514.0,1081.0,6129,1,0,1,Pedestrian
65,390.0,1040.0,514.0,1081.0,6130,1,0,1,Pedestrian
65,390.0,1040.0,514.0,1081.0,6131,1,0,1,Pedestrian
65,390.0,1040.0,514.0,1081.0,6132,1,0,1,Pedestrian
65,390.0,1040.0,514.0,1081.0,6133,1,0,1,Pedestrian
65,390.0,1040.0,514.0,1081.0,6134,1,0,1,Pedestrian
65,390.0,1040.0,514.0,1081.0,6135,1,0,1,Pedestrian
65,390.0,1040.0,514.0,1081.0,6136,1,0,1,Pedestrian
65,390.0,1040.0,514.0,1081.0,6137,1,0,1,Pedestrian
65,390.0,1040.0,514.0,1081.0,6138,1,0,1,Pedestrian
65,390.0,1040.0,514.0,1081.0,6139,1,0,1,Pedestrian
65,390.0,1040.0,514.0,1081.0,6140,1,0,1,Pedestrian
65,390.0,1040.0,514.0,1081.0,6141,1,0,1,Pedestrian
65,390.0,1040.0,514.0,1081.0,6142,1,0,1,Pedestrian
65,390.0,1040.0,514.0,1081.0,6143,1,0,1,Pedestrian
65,390.0,1040.0,514.0,1081.0,6144,1,0,1,Pedestrian
65,390.0,1040.0,514.0,1081.0,6145,1,0,1,Pedestrian
65,390.0,1040.0,514.0,1081.0,6146,1,0,1,Pedestrian
65,390.0,1040.0,514.0,1081.0,6147,1,0,1,Pedestrian
65,390.0,1040.0,514.0,1081.0,6148,1,0,1,Pedestrian
65,390.0,1040.0,514.0,1081.0,6149,1,0,1,Pedestrian
65,390.0,1040.0,514.0,1081.0,6150,1,0,1,Pedestrian
65,390.0,1040.0,514.0,1081.0,6151,1,0,1,Pedestrian
65,390.0,1040.0,514.0,1081.0,6152,1,0,1,Pedestrian
65,390.0,1040.0,514.0,1081.0,6153,1,0,1,Pedestrian
65,390.0,1040.0,514.0,1081.0,6154,1,0,1,Pedestrian
65,390.0,1040.0,514.0,1081.0,6155,1,0,1,Pedestrian
65,390.0,1040.0,514.0,1081.0,6156,1,0,1,Pedestrian
65,390.0,1040.0,514.0,1081.0,6157,1,0,1,Pedestrian
65,390.0,1040.0,514.0,1081.0,6158,1,0,1,Pedestrian
65,390.0,1040.0,514.0,1081.0,6159,1,0,1,Pedestrian
65,390.0,1040.0,514.0,1081.0,6160,1,0,1,Pedestrian
65,390.0,1040.0,514.0,1081.0,6161,1,0,1,Pedestrian
65,390.0,1040.0,514.0,1081.0,6162,1,0,1,Pedestrian
65,390.0,1040.0,514.0,1081.0,6163,1,0,1,Pedestrian
65,390.0,1040.0,514.0,1081.0,6164,1,0,1,Pedestrian
65,390.0,1040.0,514.0,1081.0,6165,1,0,1,Pedestrian
65,390.0,1040.0,514.0,1081.0,6166,1,0,1,Pedestrian
65,390.0,1040.0,514.0,1081.0,6167,1,0,1,Pedestrian
65,390.0,1040.0,514.0,1081.0,6168,1,0,1,Pedestrian
65,390.0,1040.0,514.0,1081.0,6169,1,0,1,Pedestrian
65,390.0,1040.0,514.0,1081.0,6170,1,0,1,Pedestrian
65,390.0,1040.0,514.0,1081.0,6171,1,0,1,Pedestrian
65,390.0,1040.0,514.0,1081.0,6172,1,0,1,Pedestrian
65,390.0,1040.0,514.0,1081.0,6173,1,0,1,Pedestrian
65,390.0,1040.0,514.0,1081.0,6174,1,0,1,Pedestrian
65,390.0,1040.0,514.0,1081.0,6175,1,0,1,Pedestrian
65,390.0,1040.0,514.0,1081.0,6176,1,0,1,Pedestrian
65,390.0,1040.0,514.0,1081.0,6177,1,0,1,Pedestrian
65,390.0,1040.0,514.0,1081.0,6178,1,0,1,Pedestrian
65,390.0,1040.0,514.0,1081.0,6179,1,0,1,Pedestrian
65,390.0,1040.0,514.0,1081.0,6180,1,0,1,Pedestrian
65,390.0,1040.0,514.0,1081.0,6181,1,0,1,Pedestrian
65,390.0,1040.0,514.0,1081.0,6182,1,0,1,Pedestrian
65,390.0,1040.0,514.0,1081.0,6183,1,0,1,Pedestrian
65,390.0,1040.0,514.0,1081.0,6184,1,0,1,Pedestrian
65,390.0,1040.0,514.0,1081.0,6185,1,0,1,Pedestrian
65,390.0,1040.0,514.0,1081.0,6186,1,0,1,Pedestrian
65,390.0,1040.0,514.0,1081.0,6187,1,0,1,Pedestrian
65,390.0,1040.0,514.0,1081.0,6188,1,0,1,Pedestrian
65,390.0,1040.0,514.0,1081.0,6189,1,0,1,Pedestrian
65,390.0,1040.0,514.0,1081.0,6190,1,0,1,Pedestrian
65,390.0,1040.0,514.0,1081.0,6191,1,0,1,Pedestrian
65,390.0,1040.0,514.0,1081.0,6192,1,0,1,Pedestrian
65,390.0,1040.0,514.0,1081.0,6193,1,0,1,Pedestrian
65,390.0,1040.0,514.0,1081.0,6194,1,0,1,Pedestrian
65,390.0,1040.0,514.0,1081.0,6195,1,0,1,Pedestrian
65,390.0,1040.0,514.0,1081.0,6196,1,0,1,Pedestrian
65,390.0,1040.0,514.0,1081.0,6197,1,0,1,Pedestrian
65,390.0,1040.0,514.0,1081.0,6198,1,0,1,Pedestrian
65,390.0,1040.0,514.0,1081.0,6199,1,0,1,Pedestrian
65,390.0,1040.0,514.0,1081.0,6200,1,0,1,Pedestrian
65,390.0,1040.0,514.0,1081.0,6201,1,0,1,Pedestrian
65,390.0,1040.0,514.0,1081.0,6202,1,0,1,Pedestrian
65,390.0,1040.0,514.0,1081.0,6203,1,0,1,Pedestrian
65,390.0,1040.0,514.0,1081.0,6204,1,0,1,Pedestrian
65,390.0,1040.0,514.0,1081.0,6205,1,0,1,Pedestrian
65,390.0,1040.0,514.0,1081.0,6206,1,0,1,Pedestrian
65,390.0,1040.0,514.0,1081.0,6207,1,0,1,Pedestrian
65,390.0,1040.0,514.0,1081.0,6208,1,0,1,Pedestrian
65,390.0,1040.0,514.0,1081.0,6209,1,0,1,Pedestrian
65,390.0,1040.0,514.0,1081.0,6210,1,0,1,Pedestrian
65,390.0,1040.0,514.0,1081.0,6211,1,0,1,Pedestrian
65,390.0,1040.0,514.0,1081.0,6212,1,0,1,Pedestrian
65,390.0,1040.0,514.0,1081.0,6213,1,0,1,Pedestrian
65,390.0,1040.0,514.0,1081.0,6214,1,0,1,Pedestrian
65,390.0,1040.0,514.0,1081.0,6215,1,0,1,Pedestrian
65,390.0,1040.0,514.0,1081.0,6216,1,0,1,Pedestrian
65,390.0,1040.0,514.0,1081.0,6217,1,0,1,Pedestrian
65,390.0,1040.0,514.0,1081.0,6218,1,0,1,Pedestrian
65,390.0,1040.0,514.0,1081.0,6219,1,0,1,Pedestrian
65,390.0,1040.0,514.0,1081.0,6220,1,0,1,Pedestrian
65,390.0,1040.0,514.0,1081.0,6221,1,0,1,Pedestrian
65,390.0,1040.0,514.0,1081.0,6222,1,0,1,Pedestrian
65,390.0,1040.0,514.0,1081.0,6223,1,0,1,Pedestrian
65,390.0,1040.0,514.0,1081.0,6224,1,0,1,Pedestrian
65,390.0,1040.0,514.0,1081.0,6225,1,0,1,Pedestrian
65,390.0,1040.0,514.0,1081.0,6226,1,0,1,Pedestrian
65,390.0,1040.0,514.0,1081.0,6227,1,0,1,Pedestrian
65,390.0,1040.0,514.0,1081.0,6228,1,0,1,Pedestrian
65,390.0,1040.0,514.0,1081.0,6229,1,0,1,Pedestrian
65,390.0,1040.0,514.0,1081.0,6230,1,0,1,Pedestrian
65,390.0,1040.0,514.0,1081.0,6231,1,0,1,Pedestrian
65,390.0,1040.0,514.0,1081.0,6232,1,0,1,Pedestrian
65,390.0,1040.0,514.0,1081.0,6233,1,0,1,Pedestrian
65,390.0,1040.0,514.0,1081.0,6234,1,0,1,Pedestrian
65,390.0,1040.0,514.0,1081.0,6235,1,0,1,Pedestrian
65,390.0,1040.0,514.0,1081.0,6236,1,0,1,Pedestrian
65,390.0,1040.0,514.0,1081.0,6237,1,0,1,Pedestrian
65,390.0,1040.0,514.0,1081.0,6238,1,0,1,Pedestrian
65,390.0,1040.0,514.0,1081.0,6239,1,0,1,Pedestrian
65,390.0,1040.0,514.0,1081.0,6240,1,0,1,Pedestrian
65,390.0,1040.0,514.0,1081.0,6241,1,0,1,Pedestrian
65,390.0,1040.0,514.0,1081.0,6242,1,0,1,Pedestrian
65,390.0,1040.0,514.0,1081.0,6243,1,0,1,Pedestrian
65,390.0,1040.0,514.0,1081.0,6244,1,0,1,Pedestrian
65,390.0,1040.0,514.0,1081.0,6245,1,0,1,Pedestrian
65,390.0,1040.0,514.0,1081.0,6246,1,0,1,Pedestrian
65,390.0,1040.0,514.0,1081.0,6247,1,0,1,Pedestrian
65,390.0,1040.0,514.0,1081.0,6248,1,0,1,Pedestrian
65,390.0,1040.0,514.0,1081.0,6249,1,0,1,Pedestrian
65,390.0,1040.0,514.0,1081.0,6250,1,0,1,Pedestrian
65,390.0,1040.0,514.0,1081.0,6251,1,0,1,Pedestrian
65,390.0,1040.0,514.0,1081.0,6252,1,0,1,Pedestrian
65,390.0,1040.0,514.0,1081.0,6253,1,0,1,Pedestrian
65,390.0,1040.0,514.0,1081.0,6254,1,0,1,Pedestrian
65,390.0,1040.0,514.0,1081.0,6255,1,0,1,Pedestrian
65,390.0,1040.0,514.0,1081.0,6256,1,0,1,Pedestrian
65,390.0,1040.0,514.0,1081.0,6257,1,0,1,Pedestrian
65,390.0,1040.0,514.0,1081.0,6258,1,0,1,Pedestrian
65,390.0,1040.0,514.0,1081.0,6259,1,0,1,Pedestrian
65,390.0,1040.0,514.0,1081.0,6260,1,0,1,Pedestrian
65,390.0,1040.0,514.0,1081.0,6261,1,0,1,Pedestrian
65,390.0,1040.0,514.0,1081.0,6262,1,0,1,Pedestrian
65,390.0,1040.0,514.0,1081.0,6263,1,0,1,Pedestrian
65,390.0,1040.0,514.0,1081.0,6264,1,0,1,Pedestrian
65,390.0,1040.0,514.0,1081.0,6265,1,0,1,Pedestrian
65,390.0,1040.0,514.0,1081.0,6266,1,0,1,Pedestrian
65,390.0,1040.0,514.0,1081.0,6267,1,0,1,Pedestrian
65,390.0,1040.0,514.0,1081.0,6268,1,0,1,Pedestrian
65,390.0,1040.0,514.0,1081.0,6269,1,0,1,Pedestrian
65,390.0,1040.0,514.0,1081.0,6270,1,0,1,Pedestrian
65,390.0,1040.0,514.0,1081.0,6271,1,0,1,Pedestrian
65,390.0,1040.0,514.0,1081.0,6272,1,0,1,Pedestrian
65,390.0,1040.0,514.0,1081.0,6273,1,0,1,Pedestrian
65,390.0,1040.0,514.0,1081.0,6274,1,0,1,Pedestrian
65,390.0,1040.0,514.0,1081.0,6275,1,0,1,Pedestrian
65,390.0,1040.0,514.0,1081.0,6276,1,0,1,Pedestrian
65,390.0,1040.0,514.0,1081.0,6277,1,0,1,Pedestrian
65,390.0,1040.0,514.0,1081.0,6278,1,0,1,Pedestrian
65,390.0,1040.0,514.0,1081.0,6279,1,0,1,Pedestrian
65,390.0,1040.0,514.0,1081.0,6280,1,0,1,Pedestrian
65,390.0,1040.0,514.0,1081.0,6281,1,0,1,Pedestrian
65,390.0,1040.0,514.0,1081.0,6282,1,0,1,Pedestrian
65,390.0,1040.0,514.0,1081.0,6283,1,0,1,Pedestrian
65,390.0,1040.0,514.0,1081.0,6284,1,0,1,Pedestrian
65,390.0,1040.0,514.0,1081.0,6285,1,0,1,Pedestrian
65,390.0,1040.0,514.0,1081.0,6286,1,0,1,Pedestrian
65,390.0,1040.0,514.0,1081.0,6287,1,0,1,Pedestrian
65,390.0,1040.0,514.0,1081.0,6288,1,0,1,Pedestrian
65,390.0,1040.0,514.0,1081.0,6289,1,0,1,Pedestrian
65,390.0,1040.0,514.0,1081.0,6290,1,0,1,Pedestrian
65,390.0,1040.0,514.0,1081.0,6291,1,0,1,Pedestrian
65,390.0,1040.0,514.0,1081.0,6292,1,0,1,Pedestrian
65,390.0,1040.0,514.0,1081.0,6293,1,0,1,Pedestrian
65,390.0,1040.0,514.0,1081.0,6294,1,0,1,Pedestrian
65,390.0,1040.0,514.0,1081.0,6295,1,0,1,Pedestrian
65,390.0,1040.0,514.0,1081.0,6296,1,0,1,Pedestrian
65,390.0,1040.0,514.0,1081.0,6297,1,0,1,Pedestrian
65,390.0,1040.0,514.0,1081.0,6298,1,0,1,Pedestrian
65,390.0,1040.0,514.0,1081.0,6299,1,0,1,Pedestrian
65,390.0,1040.0,514.0,1081.0,6300,1,0,1,Pedestrian
65,390.0,1040.0,514.0,1081.0,6301,1,0,1,Pedestrian
65,390.0,1040.0,514.0,1081.0,6302,1,0,1,Pedestrian
65,390.0,1040.0,514.0,1081.0,6303,1,0,1,Pedestrian
65,390.0,1040.0,514.0,1081.0,6304,1,0,1,Pedestrian
65,390.0,1040.0,514.0,1081.0,6305,1,0,1,Pedestrian
65,390.0,1040.0,514.0,1081.0,6306,1,0,1,Pedestrian
65,390.0,1040.0,514.0,1081.0,6307,1,0,1,Pedestrian
65,390.0,1040.0,514.0,1081.0,6308,1,0,1,Pedestrian
65,390.0,1040.0,514.0,1081.0,6309,1,0,1,Pedestrian
65,390.0,1040.0,514.0,1081.0,6310,1,0,1,Pedestrian
65,390.0,1040.0,514.0,1081.0,6311,1,0,1,Pedestrian
65,390.0,1040.0,514.0,1081.0,6312,1,0,1,Pedestrian
65,390.0,1040.0,514.0,1081.0,6313,1,0,1,Pedestrian
65,390.0,1040.0,514.0,1081.0,6314,1,0,1,Pedestrian
65,390.0,1040.0,514.0,1081.0,6315,1,0,1,Pedestrian
65,390.0,1040.0,514.0,1081.0,6316,1,0,1,Pedestrian
65,390.0,1040.0,514.0,1081.0,6317,1,0,1,Pedestrian
65,390.0,1040.0,514.0,1081.0,6318,1,0,1,Pedestrian
65,390.0,1040.0,514.0,1081.0,6319,1,0,1,Pedestrian
65,390.0,1040.0,514.0,1081.0,6320,1,0,1,Pedestrian
65,390.0,1040.0,514.0,1081.0,6321,1,0,1,Pedestrian
65,390.0,1040.0,514.0,1081.0,6322,1,0,1,Pedestrian
65,390.0,1040.0,514.0,1081.0,6323,1,0,1,Pedestrian
65,390.0,1040.0,514.0,1081.0,6324,1,0,1,Pedestrian
65,390.0,1040.0,514.0,1081.0,6325,1,0,1,Pedestrian
65,390.0,1040.0,514.0,1081.0,6326,1,0,1,Pedestrian
65,390.0,1040.0,514.0,1081.0,6327,1,0,1,Pedestrian
65,390.0,1040.0,514.0,1081.0,6328,1,0,1,Pedestrian
65,390.0,1040.0,514.0,1081.0,6329,1,0,1,Pedestrian
65,390.0,1040.0,514.0,1081.0,6330,1,0,1,Pedestrian
65,390.0,1040.0,514.0,1081.0,6331,1,0,1,Pedestrian
65,390.0,1040.0,514.0,1081.0,6332,1,0,1,Pedestrian
65,390.0,1040.0,514.0,1081.0,6333,1,0,1,Pedestrian
65,390.0,1040.0,514.0,1081.0,6334,1,0,1,Pedestrian
65,390.0,1040.0,514.0,1081.0,6335,1,0,1,Pedestrian
65,390.0,1040.0,514.0,1081.0,6336,1,0,1,Pedestrian
65,390.0,1040.0,514.0,1081.0,6337,1,0,1,Pedestrian
65,390.0,1040.0,514.0,1081.0,6338,1,0,1,Pedestrian
65,390.0,1040.0,514.0,1081.0,6339,1,0,1,Pedestrian
65,390.0,1040.0,514.0,1081.0,6340,1,0,1,Pedestrian
65,390.0,1040.0,514.0,1081.0,6341,1,0,1,Pedestrian
65,390.0,1040.0,514.0,1081.0,6342,1,0,1,Pedestrian
65,390.0,1040.0,514.0,1081.0,6343,1,0,1,Pedestrian
65,390.0,1040.0,514.0,1081.0,6344,1,0,1,Pedestrian
65,390.0,1040.0,514.0,1081.0,6345,1,0,1,Pedestrian
65,390.0,1040.0,514.0,1081.0,6346,1,0,1,Pedestrian
65,390.0,1040.0,514.0,1081.0,6347,1,0,1,Pedestrian
65,390.0,1040.0,514.0,1081.0,6348,1,0,1,Pedestrian
65,390.0,1040.0,514.0,1081.0,6349,1,0,1,Pedestrian
65,390.0,1040.0,514.0,1081.0,6350,1,0,1,Pedestrian
65,390.0,1040.0,514.0,1081.0,6351,1,0,1,Pedestrian
65,390.0,1040.0,514.0,1081.0,6352,1,0,1,Pedestrian
65,390.0,1040.0,514.0,1081.0,6353,1,0,1,Pedestrian
65,390.0,1040.0,514.0,1081.0,6354,1,0,1,Pedestrian
65,390.0,1040.0,514.0,1081.0,6355,1,0,1,Pedestrian
65,390.0,1040.0,514.0,1081.0,6356,1,0,1,Pedestrian
65,390.0,1040.0,514.0,1081.0,6357,1,0,1,Pedestrian
65,390.0,1040.0,514.0,1081.0,6358,1,0,1,Pedestrian
65,390.0,1040.0,514.0,1081.0,6359,1,0,1,Pedestrian
65,390.0,1040.0,514.0,1081.0,6360,1,0,1,Pedestrian
65,390.0,1040.0,514.0,1081.0,6361,1,0,1,Pedestrian
65,390.0,1040.0,514.0,1081.0,6362,1,0,1,Pedestrian
65,390.0,1040.0,514.0,1081.0,6363,1,0,1,Pedestrian
65,390.0,1040.0,514.0,1081.0,6364,1,0,1,Pedestrian
65,390.0,1040.0,514.0,1081.0,6365,1,0,1,Pedestrian
65,390.0,1040.0,514.0,1081.0,6366,1,0,1,Pedestrian
65,390.0,1040.0,514.0,1081.0,6367,1,0,1,Pedestrian
65,390.0,1040.0,514.0,1081.0,6368,1,0,1,Pedestrian
65,390.0,1040.0,514.0,1081.0,6369,1,0,1,Pedestrian
65,390.0,1040.0,514.0,1081.0,6370,1,0,1,Pedestrian
65,390.0,1040.0,514.0,1081.0,6371,1,0,1,Pedestrian
65,390.0,1040.0,514.0,1081.0,6372,1,0,1,Pedestrian
65,390.0,1040.0,514.0,1081.0,6373,1,0,1,Pedestrian
65,390.0,1040.0,514.0,1081.0,6374,1,0,1,Pedestrian
65,390.0,1040.0,514.0,1081.0,6375,1,0,1,Pedestrian
65,390.0,1040.0,514.0,1081.0,6376,1,0,1,Pedestrian
65,390.0,1040.0,514.0,1081.0,6377,1,0,1,Pedestrian
65,390.0,1040.0,514.0,1081.0,6378,1,0,1,Pedestrian
65,390.0,1040.0,514.0,1081.0,6379,1,0,1,Pedestrian
65,390.0,1040.0,514.0,1081.0,6380,1,0,1,Pedestrian
65,390.0,1040.0,514.0,1081.0,6381,1,0,1,Pedestrian
65,390.0,1040.0,514.0,1081.0,6382,1,0,1,Pedestrian
65,390.0,1040.0,514.0,1081.0,6383,1,0,1,Pedestrian
65,390.0,1040.0,514.0,1081.0,6384,1,0,1,Pedestrian
65,390.0,1040.0,514.0,1081.0,6385,1,0,1,Pedestrian
65,390.0,1040.0,514.0,1081.0,6386,1,0,1,Pedestrian
65,390.0,1040.0,514.0,1081.0,6387,1,0,1,Pedestrian
65,390.0,1040.0,514.0,1081.0,6388,1,0,1,Pedestrian
65,390.0,1040.0,514.0,1081.0,6389,1,0,1,Pedestrian
65,390.0,1040.0,514.0,1081.0,6390,1,0,1,Pedestrian
65,390.0,1040.0,514.0,1081.0,6391,1,0,1,Pedestrian
65,390.0,1040.0,514.0,1081.0,6392,1,0,1,Pedestrian
65,390.0,1040.0,514.0,1081.0,6393,1,0,1,Pedestrian
65,390.0,1040.0,514.0,1081.0,6394,1,0,1,Pedestrian
65,390.0,1040.0,514.0,1081.0,6395,1,0,1,Pedestrian
65,390.0,1040.0,514.0,1081.0,6396,1,0,1,Pedestrian
65,390.0,1040.0,514.0,1081.0,6397,1,0,1,Pedestrian
65,390.0,1040.0,514.0,1081.0,6398,1,0,1,Pedestrian
65,390.0,1040.0,514.0,1081.0,6399,1,0,1,Pedestrian
65,390.0,1040.0,514.0,1081.0,6400,1,0,1,Pedestrian
65,390.0,1040.0,514.0,1081.0,6401,1,0,1,Pedestrian
65,390.0,1040.0,514.0,1081.0,6402,1,0,1,Pedestrian
65,390.0,1040.0,514.0,1081.0,6403,1,0,1,Pedestrian
65,390.0,1040.0,514.0,1081.0,6404,1,0,1,Pedestrian
65,390.0,1040.0,514.0,1081.0,6405,1,0,1,Pedestrian
65,390.0,1040.0,514.0,1081.0,6406,1,0,1,Pedestrian
65,390.0,1040.0,514.0,1081.0,6407,1,0,1,Pedestrian
65,390.0,1040.0,514.0,1081.0,6408,1,0,1,Pedestrian
65,390.0,1040.0,514.0,1081.0,6409,1,0,1,Pedestrian
65,390.0,1040.0,514.0,1081.0,6410,1,0,1,Pedestrian
65,390.0,1040.0,514.0,1081.0,6411,1,0,1,Pedestrian
65,390.0,1040.0,514.0,1081.0,6412,1,0,1,Pedestrian
65,390.0,1040.0,514.0,1081.0,6413,1,0,1,Pedestrian
65,390.0,1040.0,514.0,1081.0,6414,1,0,1,Pedestrian
65,390.0,1040.0,514.0,1081.0,6415,1,0,1,Pedestrian
65,390.0,1040.0,514.0,1081.0,6416,1,0,1,Pedestrian
65,390.0,1040.0,514.0,1081.0,6417,1,0,1,Pedestrian
65,390.0,1040.0,514.0,1081.0,6418,1,0,1,Pedestrian
65,390.0,1040.0,514.0,1081.0,6419,1,0,1,Pedestrian
65,390.0,1040.0,514.0,1081.0,6420,1,0,1,Pedestrian
65,390.0,1040.0,514.0,1081.0,6421,1,0,1,Pedestrian
65,390.0,1040.0,514.0,1081.0,6422,1,0,1,Pedestrian
65,390.0,1040.0,514.0,1081.0,6423,1,0,1,Pedestrian
65,390.0,1040.0,514.0,1081.0,6424,1,0,1,Pedestrian
65,390.0,1040.0,514.0,1081.0,6425,1,0,1,Pedestrian
65,390.0,1040.0,514.0,1081.0,6426,1,0,1,Pedestrian
65,390.0,1040.0,514.0,1081.0,6427,1,0,1,Pedestrian
65,390.0,1040.0,514.0,1081.0,6428,1,0,1,Pedestrian
65,390.0,1040.0,514.0,1081.0,6429,1,0,1,Pedestrian
65,390.0,1040.0,514.0,1081.0,6430,1,0,1,Pedestrian
65,390.0,1040.0,514.0,1081.0,6431,1,0,1,Pedestrian
65,390.0,1040.0,514.0,1081.0,6432,1,0,1,Pedestrian
65,390.0,1040.0,514.0,1081.0,6433,1,0,1,Pedestrian
65,390.0,1040.0,514.0,1081.0,6434,1,0,1,Pedestrian
65,390.0,1040.0,514.0,1081.0,6435,1,0,1,Pedestrian
65,390.0,1040.0,514.0,1081.0,6436,1,0,1,Pedestrian
65,390.0,1040.0,514.0,1081.0,6437,1,0,1,Pedestrian
65,390.0,1040.0,514.0,1081.0,6438,1,0,1,Pedestrian
65,390.0,1040.0,514.0,1081.0,6439,1,0,1,Pedestrian
65,390.0,1040.0,514.0,1081.0,6440,1,0,1,Pedestrian
65,390.0,1040.0,514.0,1081.0,6441,1,0,1,Pedestrian
65,390.0,1040.0,514.0,1081.0,6442,1,0,1,Pedestrian
65,390.0,1040.0,514.0,1081.0,6443,1,0,1,Pedestrian
65,390.0,1040.0,514.0,1081.0,6444,1,0,1,Pedestrian
65,390.0,1040.0,514.0,1081.0,6445,1,0,1,Pedestrian
65,390.0,1040.0,514.0,1081.0,6446,1,0,1,Pedestrian
65,390.0,1040.0,514.0,1081.0,6447,1,0,1,Pedestrian
65,390.0,1040.0,514.0,1081.0,6448,1,0,1,Pedestrian
65,390.0,1040.0,514.0,1081.0,6449,1,0,1,Pedestrian
65,390.0,1040.0,514.0,1081.0,6450,0,0,0,Pedestrian
65,390.0,1038.0,514.0,1079.0,6451,0,0,1,Pedestrian
65,390.0,1036.0,514.0,1077.0,6452,0,0,1,Pedestrian
65,390.0,1033.0,514.0,1074.0,6453,0,0,1,Pedestrian
65,390.0,1031.0,514.0,1072.0,6454,0,0,1,Pedestrian
65,390.0,1029.0,514.0,1070.0,6455,0,0,1,Pedestrian
65,390.0,1026.0,514.0,1070.0,6456,0,0,1,Pedestrian
65,390.0,1024.0,514.0,1067.0,6457,0,0,1,Pedestrian
65,390.0,1022.0,514.0,1065.0,6458,0,0,1,Pedestrian
65,390.0,1020.0,514.0,1063.0,6459,0,0,1,Pedestrian
65,390.0,1017.0,514.0,1061.0,6460,0,0,1,Pedestrian
65,390.0,1015.0,514.0,1058.0,6461,0,0,1,Pedestrian
65,390.0,1013.0,514.0,1058.0,6462,0,0,1,Pedestrian
65,390.0,1013.0,514.0,1056.0,6463,0,0,1,Pedestrian
65,390.0,1011.0,514.0,1054.0,6464,0,0,1,Pedestrian
65,390.0,1008.0,514.0,1052.0,6465,0,0,1,Pedestrian
65,390.0,1006.0,514.0,1049.0,6466,0,0,1,Pedestrian
65,390.0,1004.0,514.0,1049.0,6467,0,0,1,Pedestrian
65,390.0,1001.0,514.0,1047.0,6468,0,0,1,Pedestrian
65,390.0,999.0,514.0,1045.0,6469,0,0,1,Pedestrian
65,390.0,997.0,514.0,1042.0,6470,0,0,1,Pedestrian
65,390.0,995.0,514.0,1040.0,6471,0,0,1,Pedestrian
65,390.0,992.0,514.0,1038.0,6472,0,0,1,Pedestrian
65,390.0,990.0,514.0,1038.0,6473,0,0,1,Pedestrian
65,390.0,988.0,514.0,1036.0,6474,0,0,1,Pedestrian
65,390.0,988.0,514.0,1033.0,6475,0,0,1,Pedestrian
65,390.0,985.0,514.0,1031.0,6476,0,0,1,Pedestrian
65,390.0,983.0,514.0,1029.0,6477,0,0,1,Pedestrian
65,390.0,981.0,514.0,1029.0,6478,0,0,1,Pedestrian
65,390.0,979.0,514.0,1026.0,6479,0,0,1,Pedestrian
65,390.0,976.0,514.0,1024.0,6480,0,0,1,Pedestrian
65,390.0,974.0,514.0,1022.0,6481,0,0,1,Pedestrian
65,390.0,972.0,514.0,1020.0,6482,0,0,1,Pedestrian
65,390.0,970.0,514.0,1017.0,6483,0,0,1,Pedestrian
65,390.0,967.0,514.0,1017.0,6484,0,0,1,Pedestrian
65,390.0,965.0,514.0,1015.0,6485,0,0,1,Pedestrian
65,390.0,963.0,514.0,1013.0,6486,0,0,1,Pedestrian
65,390.0,960.0,514.0,1011.0,6487,0,0,1,Pedestrian
65,390.0,960.0,514.0,1008.0,6488,0,0,1,Pedestrian
65,390.0,958.0,514.0,1008.0,6489,0,0,1,Pedestrian
65,390.0,956.0,514.0,1006.0,6490,0,0,1,Pedestrian
65,390.0,954.0,514.0,1004.0,6491,0,0,1,Pedestrian
65,390.0,951.0,514.0,1001.0,6492,0,0,1,Pedestrian
65,390.0,949.0,514.0,999.0,6493,0,0,1,Pedestrian
65,390.0,947.0,514.0,997.0,6494,0,0,1,Pedestrian
65,390.0,944.0,514.0,997.0,6495,0,0,1,Pedestrian
65,390.0,942.0,514.0,995.0,6496,0,0,1,Pedestrian
65,390.0,940.0,514.0,992.0,6497,0,0,1,Pedestrian
65,390.0,938.0,514.0,990.0,6498,0,0,1,Pedestrian
65,390.0,935.0,514.0,988.0,6499,0,0,1,Pedestrian
65,393.0,935.0,517.0,988.0,6500,0,0,0,Pedestrian
65,393.0,933.0,514.0,985.0,6501,0,0,1,Pedestrian
65,393.0,931.0,514.0,983.0,6502,0,0,1,Pedestrian
65,393.0,929.0,514.0,981.0,6503,0,0,1,Pedestrian
65,393.0,926.0,514.0,979.0,6504,0,0,1,Pedestrian
65,393.0,924.0,514.0,976.0,6505,0,0,1,Pedestrian
65,393.0,922.0,514.0,976.0,6506,0,0,1,Pedestrian
65,393.0,922.0,514.0,974.0,6507,0,0,1,Pedestrian
65,393.0,919.0,514.0,972.0,6508,0,0,1,Pedestrian
65,393.0,917.0,514.0,970.0,6509,0,0,1,Pedestrian
65,393.0,915.0,514.0,967.0,6510,0,0,1,Pedestrian
65,393.0,913.0,514.0,965.0,6511,0,0,1,Pedestrian
65,393.0,910.0,514.0,965.0,6512,0,0,1,Pedestrian
65,393.0,908.0,514.0,963.0,6513,0,0,1,Pedestrian
65,393.0,908.0,514.0,960.0,6514,0,0,1,Pedestrian
65,393.0,906.0,514.0,958.0,6515,0,0,1,Pedestrian
65,393.0,904.0,511.0,956.0,6516,0,0,1,Pedestrian
65,393.0,901.0,511.0,956.0,6517,0,0,1,Pedestrian
65,393.0,899.0,511.0,954.0,6518,0,0,1,Pedestrian
65,393.0,897.0,511.0,951.0,6519,0,0,1,Pedestrian
65,396.0,897.0,511.0,949.0,6520,0,0,1,Pedestrian
65,396.0,894.0,511.0,947.0,6521,0,0,1,Pedestrian
65,396.0,892.0,511.0,944.0,6522,0,0,1,Pedestrian
65,396.0,890.0,511.0,944.0,6523,0,0,1,Pedestrian
65,396.0,888.0,511.0,942.0,6524,0,0,1,Pedestrian
65,396.0,885.0,511.0,940.0,6525,0,0,1,Pedestrian
65,396.0,883.0,511.0,938.0,6526,0,0,1,Pedestrian
65,396.0,883.0,511.0,935.0,6527,0,0,1,Pedestrian
65,396.0,881.0,511.0,935.0,6528,0,0,1,Pedestrian
65,396.0,878.0,511.0,933.0,6529,0,0,1,Pedestrian
65,396.0,876.0,511.0,931.0,6530,0,0,1,Pedestrian
65,396.0,874.0,511.0,929.0,6531,0,0,1,Pedestrian
65,396.0,872.0,508.0,926.0,6532,0,0,1,Pedestrian
65,396.0,869.0,508.0,924.0,6533,0,0,1,Pedestrian
65,396.0,869.0,508.0,924.0,6534,0,0,1,Pedestrian
65,396.0,867.0,508.0,922.0,6535,0,0,1,Pedestrian
65,396.0,865.0,508.0,919.0,6536,0,0,1,Pedestrian
65,396.0,863.0,508.0,917.0,6537,0,0,1,Pedestrian
65,396.0,860.0,508.0,915.0,6538,0,0,1,Pedestrian
65,398.0,858.0,508.0,915.0,6539,0,0,1,Pedestrian
65,398.0,858.0,508.0,913.0,6540,0,0,1,Pedestrian
65,398.0,856.0,508.0,910.0,6541,0,0,1,Pedestrian
65,398.0,853.0,508.0,908.0,6542,0,0,1,Pedestrian
65,398.0,851.0,508.0,906.0,6543,0,0,1,Pedestrian
65,398.0,849.0,508.0,904.0,6544,0,0,1,Pedestrian
65,398.0,847.0,508.0,904.0,6545,0,0,1,Pedestrian
65,398.0,844.0,508.0,901.0,6546,0,0,1,Pedestrian
65,398.0,844.0,506.0,899.0,6547,0,0,1,Pedestrian
65,398.0,842.0,506.0,897.0,6548,0,0,1,Pedestrian
65,398.0,840.0,506.0,894.0,6549,0,0,1,Pedestrian
65,398.0,837.0,506.0,894.0,6550,0,0,1,Pedestrian
65,398.0,835.0,506.0,892.0,6551,0,0,1,Pedestrian
65,398.0,833.0,506.0,890.0,6552,0,0,1,Pedestrian
65,398.0,833.0,506.0,888.0,6553,0,0,1,Pedestrian
65,398.0,831.0,506.0,885.0,6554,0,0,1,Pedestrian
65,398.0,828.0,506.0,883.0,6555,0,0,1,Pedestrian
65,398.0,826.0,506.0,883.0,6556,0,0,1,Pedestrian
65,398.0,824.0,506.0,881.0,6557,0,0,1,Pedestrian
65,401.0,822.0,506.0,878.0,6558,0,0,1,Pedestrian
65,401.0,819.0,506.0,876.0,6559,0,0,1,Pedestrian
65,401.0,819.0,506.0,874.0,6560,0,0,1,Pedestrian
65,401.0,817.0,506.0,872.0,6561,0,0,1,Pedestrian
65,401.0,815.0,506.0,872.0,6562,0,0,1,Pedestrian
65,401.0,812.0,503.0,869.0,6563,0,0,1,Pedestrian
65,401.0,810.0,503.0,867.0,6564,0,0,1,Pedestrian
65,401.0,808.0,503.0,865.0,6565,0,0,1,Pedestrian
65,401.0,806.0,503.0,863.0,6566,0,0,1,Pedestrian
65,401.0,806.0,503.0,863.0,6567,0,0,1,Pedestrian
65,401.0,803.0,503.0,860.0,6568,0,0,1,Pedestrian
65,401.0,801.0,503.0,858.0,6569,0,0,1,Pedestrian
65,401.0,799.0,503.0,856.0,6570,0,0,1,Pedestrian
65,401.0,796.0,503.0,853.0,6571,0,0,1,Pedestrian
65,401.0,794.0,503.0,851.0,6572,0,0,1,Pedestrian
65,401.0,794.0,503.0,851.0,6573,0,0,1,Pedestrian
65,401.0,792.0,503.0,849.0,6574,0,0,1,Pedestrian
65,401.0,790.0,503.0,847.0,6575,0,0,1,Pedestrian
65,401.0,787.0,503.0,844.0,6576,0,0,1,Pedestrian
65,404.0,785.0,503.0,842.0,6577,0,0,1,Pedestrian
65,404.0,783.0,503.0,842.0,6578,0,0,1,Pedestrian
65,404.0,781.0,500.0,840.0,6579,0,0,1,Pedestrian
65,404.0,781.0,500.0,837.0,6580,0,0,1,Pedestrian
65,404.0,778.0,500.0,835.0,6581,0,0,1,Pedestrian
65,404.0,776.0,500.0,833.0,6582,0,0,1,Pedestrian
65,404.0,774.0,500.0,831.0,6583,0,0,1,Pedestrian
65,404.0,771.0,500.0,831.0,6584,0,0,1,Pedestrian
65,404.0,769.0,500.0,828.0,6585,0,0,1,Pedestrian
65,404.0,769.0,500.0,826.0,6586,0,0,1,Pedestrian
65,404.0,767.0,500.0,824.0,6587,0,0,1,Pedestrian
65,404.0,765.0,500.0,822.0,6588,0,0,1,Pedestrian
65,404.0,762.0,500.0,822.0,6589,0,0,1,Pedestrian
65,404.0,760.0,500.0,819.0,6590,0,0,1,Pedestrian
65,404.0,758.0,500.0,817.0,6591,0,0,1,Pedestrian
65,404.0,755.0,500.0,815.0,6592,0,0,1,Pedestrian
65,404.0,755.0,500.0,812.0,6593,0,0,1,Pedestrian
65,404.0,753.0,497.0,810.0,6594,0,0,1,Pedestrian
65,404.0,751.0,497.0,810.0,6595,0,0,1,Pedestrian
65,407.0,749.0,497.0,808.0,6596,0,0,1,Pedestrian
65,407.0,746.0,497.0,806.0,6597,0,0,1,Pedestrian
65,407.0,744.0,497.0,803.0,6598,0,0,1,Pedestrian
65,407.0,742.0,497.0,801.0,6599,0,0,1,Pedestrian
65,407.0,742.0,497.0,801.0,6600,0,0,1,Pedestrian
65,407.0,740.0,497.0,799.0,6601,0,0,1,Pedestrian
65,407.0,737.0,497.0,796.0,6602,0,0,1,Pedestrian
65,407.0,735.0,497.0,794.0,6603,0,0,1,Pedestrian
65,407.0,733.0,497.0,792.0,6604,0,0,1,Pedestrian
65,407.0,730.0,497.0,790.0,6605,0,0,1,Pedestrian
65,407.0,730.0,497.0,790.0,6606,0,0,1,Pedestrian
65,407.0,728.0,497.0,787.0,6607,0,0,1,Pedestrian
65,407.0,726.0,497.0,785.0,6608,0,0,1,Pedestrian
65,407.0,724.0,497.0,783.0,6609,0,0,1,Pedestrian
65,407.0,721.0,495.0,781.0,6610,0,0,1,Pedestrian
65,407.0,719.0,495.0,781.0,6611,0,0,1,Pedestrian
65,407.0,717.0,495.0,778.0,6612,0,0,1,Pedestrian
65,407.0,717.0,495.0,776.0,6613,0,0,1,Pedestrian
65,407.0,715.0,495.0,774.0,6614,0,0,1,Pedestrian
65,409.0,712.0,495.0,771.0,6615,0,0,1,Pedestrian
65,409.0,710.0,495.0,769.0,6616,0,0,1,Pedestrian
65,409.0,708.0,495.0,769.0,6617,0,0,1,Pedestrian
65,409.0,705.0,495.0,767.0,6618,0,0,1,Pedestrian
65,409.0,703.0,495.0,765.0,6619,0,0,1,Pedestrian
65,409.0,703.0,495.0,762.0,6620,0,0,1,Pedestrian
65,409.0,701.0,495.0,760.0,6621,0,0,1,Pedestrian
65,409.0,699.0,495.0,758.0,6622,0,0,1,Pedestrian
65,409.0,696.0,495.0,758.0,6623,0,0,1,Pedestrian
65,409.0,694.0,495.0,755.0,6624,0,0,1,Pedestrian
65,409.0,692.0,495.0,753.0,6625,0,0,1,Pedestrian
65,409.0,692.0,492.0,751.0,6626,0,0,1,Pedestrian
65,409.0,689.0,492.0,749.0,6627,0,0,1,Pedestrian
65,409.0,687.0,492.0,749.0,6628,0,0,1,Pedestrian
65,409.0,685.0,492.0,746.0,6629,0,0,1,Pedestrian
65,409.0,683.0,492.0,744.0,6630,0,0,1,Pedestrian
65,409.0,680.0,492.0,742.0,6631,0,0,1,Pedestrian
65,409.0,678.0,492.0,740.0,6632,0,0,1,Pedestrian
65,409.0,678.0,492.0,737.0,6633,0,0,1,Pedestrian
65,412.0,676.0,492.0,737.0,6634,0,0,1,Pedestrian
65,412.0,674.0,492.0,735.0,6635,0,0,1,Pedestrian
65,412.0,671.0,492.0,733.0,6636,0,0,1,Pedestrian
65,412.0,669.0,492.0,730.0,6637,0,0,1,Pedestrian
65,412.0,667.0,492.0,728.0,6638,0,0,1,Pedestrian
65,412.0,667.0,492.0,728.0,6639,0,0,1,Pedestrian
65,412.0,664.0,492.0,726.0,6640,0,0,1,Pedestrian
65,412.0,662.0,489.0,724.0,6641,0,0,1,Pedestrian
65,412.0,660.0,489.0,721.0,6642,0,0,1,Pedestrian
65,412.0,658.0,489.0,719.0,6643,0,0,1,Pedestrian
65,412.0,655.0,489.0,717.0,6644,0,0,1,Pedestrian
65,412.0,653.0,489.0,717.0,6645,0,0,1,Pedestrian
65,412.0,653.0,489.0,715.0,6646,0,0,1,Pedestrian
65,412.0,651.0,489.0,712.0,6647,0,0,1,Pedestrian
65,412.0,648.0,489.0,710.0,6648,0,0,1,Pedestrian
65,412.0,646.0,489.0,708.0,6649,0,0,1,Pedestrian
65,412.0,644.0,489.0,708.0,6650,0,0,1,Pedestrian
65,412.0,642.0,489.0,705.0,6651,0,0,1,Pedestrian
65,412.0,639.0,489.0,703.0,6652,0,0,1,Pedestrian
65,415.0,639.0,489.0,701.0,6653,0,0,1,Pedestrian
65,415.0,637.0,489.0,699.0,6654,0,0,1,Pedestrian
65,415.0,635.0,489.0,696.0,6655,0,0,1,Pedestrian
65,415.0,633.0,489.0,696.0,6656,0,0,1,Pedestrian
65,415.0,630.0,486.0,694.0,6657,0,0,1,Pedestrian
65,415.0,628.0,486.0,692.0,6658,0,0,1,Pedestrian
65,415.0,628.0,486.0,689.0,6659,0,0,1,Pedestrian
65,415.0,626.0,486.0,687.0,6660,0,0,1,Pedestrian
65,415.0,623.0,486.0,687.0,6661,0,0,1,Pedestrian
65,415.0,621.0,486.0,685.0,6662,0,0,1,Pedestrian
65,415.0,619.0,486.0,683.0,6663,0,0,1,Pedestrian
65,415.0,617.0,486.0,680.0,6664,0,0,1,Pedestrian
65,415.0,614.0,486.0,678.0,6665,0,0,1,Pedestrian
65,415.0,614.0,486.0,676.0,6666,0,0,1,Pedestrian
65,415.0,612.0,486.0,676.0,6667,0,0,1,Pedestrian
65,415.0,610.0,486.0,674.0,6668,0,0,1,Pedestrian
65,415.0,607.0,486.0,671.0,6669,0,0,1,Pedestrian
65,415.0,605.0,486.0,669.0,6670,0,0,1,Pedestrian
65,415.0,603.0,486.0,667.0,6671,0,0,1,Pedestrian
65,418.0,603.0,486.0,667.0,6672,0,0,0,Pedestrian
65,415.0,601.0,484.0,664.0,6673,0,0,1,Pedestrian
65,415.0,598.0,484.0,662.0,6674,0,0,1,Pedestrian
65,415.0,596.0,484.0,660.0,6675,0,0,1,Pedestrian
65,415.0,594.0,484.0,658.0,6676,0,0,1,Pedestrian
65,412.0,592.0,481.0,655.0,6677,0,0,1,Pedestrian
65,412.0,589.0,481.0,653.0,6678,0,0,1,Pedestrian
65,412.0,587.0,481.0,651.0,6679,0,0,1,Pedestrian
65,412.0,585.0,481.0,648.0,6680,0,0,1,Pedestrian
65,412.0,582.0,481.0,646.0,6681,0,0,1,Pedestrian
65,409.0,582.0,478.0,646.0,6682,0,0,1,Pedestrian
65,409.0,580.0,478.0,644.0,6683,0,0,1,Pedestrian
65,409.0,578.0,478.0,642.0,6684,0,0,1,Pedestrian
65,409.0,576.0,478.0,639.0,6685,0,0,1,Pedestrian
65,407.0,573.0,475.0,637.0,6686,0,0,1,Pedestrian
65,407.0,571.0,475.0,635.0,6687,0,0,1,Pedestrian
65,407.0,569.0,475.0,633.0,6688,0,0,1,Pedestrian
65,407.0,566.0,475.0,630.0,6689,0,0,1,Pedestrian
65,407.0,564.0,475.0,628.0,6690,0,0,1,Pedestrian
65,404.0,562.0,473.0,626.0,6691,0,0,1,Pedestrian
65,404.0,562.0,473.0,626.0,6692,0,0,1,Pedestrian
65,404.0,560.0,473.0,623.0,6693,0,0,1,Pedestrian
65,404.0,557.0,473.0,621.0,6694,0,0,1,Pedestrian
65,404.0,555.0,473.0,619.0,6695,0,0,1,Pedestrian
65,401.0,553.0,470.0,617.0,6696,0,0,1,Pedestrian
65,401.0,551.0,470.0,614.0,6697,0,0,1,Pedestrian
65,401.0,548.0,470.0,612.0,6698,0,0,1,Pedestrian
65,401.0,546.0,470.0,610.0,6699,0,0,1,Pedestrian
65,398.0,544.0,467.0,607.0,6700,0,0,1,Pedestrian
65,398.0,544.0,467.0,607.0,6701,0,0,1,Pedestrian
65,398.0,541.0,467.0,605.0,6702,0,0,1,Pedestrian
65,398.0,539.0,467.0,603.0,6703,0,0,1,Pedestrian
65,398.0,537.0,467.0,601.0,6704,0,0,1,Pedestrian
65,396.0,535.0,464.0,598.0,6705,0,0,1,Pedestrian
65,396.0,532.0,464.0,596.0,6706,0,0,1,Pedestrian
65,396.0,530.0,464.0,594.0,6707,0,0,1,Pedestrian
65,396.0,528.0,464.0,592.0,6708,0,0,1,Pedestrian
65,393.0,526.0,462.0,589.0,6709,0,0,1,Pedestrian
65,393.0,523.0,462.0,587.0,6710,0,0,1,Pedestrian
65,393.0,523.0,462.0,587.0,6711,0,0,1,Pedestrian
65,393.0,521.0,462.0,585.0,6712,0,0,1,Pedestrian
65,393.0,519.0,462.0,582.0,6713,0,0,1,Pedestrian
65,390.0,516.0,459.0,580.0,6714,0,0,1,Pedestrian
65,390.0,514.0,459.0,578.0,6715,0,0,1,Pedestrian
65,390.0,512.0,459.0,576.0,6716,0,0,1,Pedestrian
65,390.0,510.0,459.0,573.0,6717,0,0,1,Pedestrian
65,390.0,507.0,459.0,571.0,6718,0,0,1,Pedestrian
65,387.0,505.0,456.0,569.0,6719,0,0,1,Pedestrian
65,387.0,505.0,456.0,569.0,6720,0,0,1,Pedestrian
65,387.0,503.0,456.0,566.0,6721,0,0,1,Pedestrian
65,387.0,500.0,456.0,564.0,6722,0,0,1,Pedestrian
65,385.0,498.0,453.0,562.0,6723,0,0,1,Pedestrian
65,385.0,496.0,453.0,560.0,6724,0,0,1,Pedestrian
65,385.0,494.0,453.0,557.0,6725,0,0,1,Pedestrian
65,385.0,491.0,453.0,555.0,6726,0,0,1,Pedestrian
65,385.0,489.0,453.0,553.0,6727,0,0,1,Pedestrian
65,382.0,487.0,451.0,551.0,6728,0,0,1,Pedestrian
65,382.0,485.0,451.0,548.0,6729,0,0,1,Pedestrian
65,382.0,485.0,451.0,548.0,6730,0,0,1,Pedestrian
65,382.0,482.0,451.0,546.0,6731,0,0,1,Pedestrian
65,379.0,480.0,448.0,544.0,6732,0,0,1,Pedestrian
65,379.0,478.0,448.0,541.0,6733,0,0,1,Pedestrian
65,379.0,475.0,448.0,539.0,6734,0,0,1,Pedestrian
65,379.0,473.0,448.0,537.0,6735,0,0,1,Pedestrian
65,379.0,471.0,448.0,535.0,6736,0,0,1,Pedestrian
65,376.0,469.0,445.0,532.0,6737,0,0,1,Pedestrian
65,376.0,466.0,445.0,530.0,6738,0,0,1,Pedestrian
65,376.0,466.0,445.0,530.0,6739,0,0,1,Pedestrian
65,376.0,464.0,445.0,528.0,6740,0,0,1,Pedestrian
65,376.0,462.0,445.0,526.0,6741,0,0,1,Pedestrian
65,374.0,459.0,442.0,523.0,6742,0,0,1,Pedestrian
65,374.0,457.0,442.0,521.0,6743,0,0,1,Pedestrian
65,374.0,455.0,442.0,519.0,6744,0,0,1,Pedestrian
65,374.0,453.0,442.0,516.0,6745,0,0,1,Pedestrian
65,371.0,450.0,440.0,514.0,6746,0,0,1,Pedestrian
65,371.0,448.0,440.0,512.0,6747,0,0,1,Pedestrian
65,371.0,446.0,440.0,510.0,6748,0,0,1,Pedestrian
65,371.0,446.0,440.0,510.0,6749,0,0,1,Pedestrian
65,371.0,444.0,440.0,507.0,6750,0,0,1,Pedestrian
65,368.0,441.0,437.0,505.0,6751,0,0,1,Pedestrian
65,368.0,439.0,437.0,503.0,6752,0,0,1,Pedestrian
65,368.0,437.0,437.0,500.0,6753,0,0,1,Pedestrian
65,368.0,434.0,437.0,498.0,6754,0,0,1,Pedestrian
65,368.0,432.0,437.0,496.0,6755,0,0,1,Pedestrian
65,365.0,430.0,434.0,494.0,6756,0,0,1,Pedestrian
65,365.0,428.0,434.0,491.0,6757,0,0,1,Pedestrian
65,365.0,428.0,434.0,491.0,6758,0,0,1,Pedestrian
65,365.0,425.0,434.0,489.0,6759,0,0,1,Pedestrian
65,363.0,423.0,431.0,487.0,6760,0,0,1,Pedestrian
65,363.0,421.0,431.0,485.0,6761,0,0,1,Pedestrian
65,363.0,418.0,431.0,482.0,6762,0,0,1,Pedestrian
65,363.0,416.0,431.0,480.0,6763,0,0,1,Pedestrian
65,363.0,414.0,431.0,478.0,6764,0,0,1,Pedestrian
65,360.0,412.0,429.0,475.0,6765,0,0,1,Pedestrian
65,360.0,409.0,429.0,473.0,6766,0,0,1,Pedestrian
65,360.0,407.0,429.0,471.0,6767,0,0,1,Pedestrian
65,360.0,407.0,429.0,471.0,6768,0,0,1,Pedestrian
65,357.0,405.0,426.0,469.0,6769,0,0,1,Pedestrian
65,357.0,403.0,426.0,466.0,6770,0,0,1,Pedestrian
65,357.0,400.0,426.0,464.0,6771,0,0,1,Pedestrian
65,357.0,398.0,426.0,462.0,6772,0,0,1,Pedestrian
65,357.0,396.0,426.0,459.0,6773,0,0,1,Pedestrian
65,354.0,393.0,423.0,457.0,6774,0,0,1,Pedestrian
65,354.0,391.0,423.0,455.0,6775,0,0,1,Pedestrian
65,354.0,389.0,423.0,453.0,6776,0,0,1,Pedestrian
65,354.0,389.0,423.0,453.0,6777,0,0,1,Pedestrian
65,354.0,387.0,423.0,450.0,6778,0,0,1,Pedestrian
65,352.0,384.0,420.0,448.0,6779,0,0,1,Pedestrian
65,352.0,382.0,420.0,446.0,6780,0,0,1,Pedestrian
65,352.0,380.0,420.0,444.0,6781,0,0,1,Pedestrian
65,352.0,377.0,420.0,441.0,6782,0,0,1,Pedestrian
65,349.0,375.0,418.0,439.0,6783,0,0,1,Pedestrian
65,349.0,373.0,418.0,437.0,6784,0,0,1,Pedestrian
65,349.0,371.0,418.0,434.0,6785,0,0,1,Pedestrian
65,349.0,368.0,418.0,432.0,6786,0,0,1,Pedestrian
65,349.0,368.0,418.0,432.0,6787,0,0,1,Pedestrian
65,346.0,366.0,415.0,430.0,6788,0,0,1,Pedestrian
65,346.0,364.0,415.0,428.0,6789,0,0,1,Pedestrian
65,346.0,362.0,415.0,425.0,6790,0,0,1,Pedestrian
65,346.0,359.0,415.0,423.0,6791,0,0,1,Pedestrian
65,343.0,357.0,412.0,421.0,6792,0,0,1,Pedestrian
65,343.0,355.0,412.0,418.0,6793,0,0,1,Pedestrian
65,343.0,352.0,412.0,416.0,6794,0,0,1,Pedestrian
65,343.0,350.0,412.0,414.0,6795,0,0,1,Pedestrian
65,343.0,350.0,412.0,414.0,6796,0,0,1,Pedestrian
65,341.0,348.0,409.0,412.0,6797,0,0,1,Pedestrian
65,341.0,346.0,409.0,409.0,6798,0,0,1,Pedestrian
65,341.0,343.0,409.0,407.0,6799,0,0,1,Pedestrian
65,341.0,341.0,409.0,405.0,6800,0,0,1,Pedestrian
65,341.0,339.0,409.0,403.0,6801,0,0,1,Pedestrian
65,338.0,337.0,407.0,400.0,6802,0,0,1,Pedestrian
65,338.0,334.0,407.0,398.0,6803,0,0,1,Pedestrian
65,338.0,332.0,407.0,396.0,6804,0,0,1,Pedestrian
65,338.0,330.0,407.0,393.0,6805,0,0,1,Pedestrian
65,335.0,330.0,404.0,393.0,6806,0,0,1,Pedestrian
65,335.0,327.0,404.0,391.0,6807,0,0,1,Pedestrian
65,335.0,325.0,404.0,389.0,6808,0,0,1,Pedestrian
65,335.0,323.0,404.0,387.0,6809,0,0,1,Pedestrian
65,335.0,321.0,404.0,384.0,6810,0,0,1,Pedestrian
65,332.0,318.0,401.0,382.0,6811,0,0,1,Pedestrian
65,332.0,316.0,401.0,380.0,6812,0,0,1,Pedestrian
65,332.0,314.0,401.0,377.0,6813,0,0,1,Pedestrian
65,332.0,311.0,401.0,375.0,6814,0,0,1,Pedestrian
65,332.0,311.0,401.0,375.0,6815,0,0,0,Pedestrian
65,332.0,309.0,401.0,373.0,6816,0,0,1,Pedestrian
65,332.0,307.0,401.0,371.0,6817,0,0,1,Pedestrian
65,332.0,305.0,401.0,368.0,6818,0,0,1,Pedestrian
65,332.0,302.0,401.0,366.0,6819,0,0,1,Pedestrian
65,332.0,300.0,401.0,364.0,6820,0,0,1,Pedestrian
65,332.0,298.0,401.0,362.0,6821,0,0,1,Pedestrian
65,332.0,296.0,401.0,359.0,6822,0,0,1,Pedestrian
65,332.0,296.0,401.0,359.0,6823,0,0,1,Pedestrian
65,332.0,293.0,401.0,357.0,6824,0,0,1,Pedestrian
65,332.0,291.0,401.0,355.0,6825,0,0,1,Pedestrian
65,332.0,289.0,401.0,352.0,6826,0,0,1,Pedestrian
65,332.0,286.0,401.0,350.0,6827,0,0,1,Pedestrian
65,332.0,284.0,401.0,348.0,6828,0,0,1,Pedestrian
65,332.0,282.0,401.0,346.0,6829,0,0,1,Pedestrian
65,332.0,280.0,401.0,343.0,6830,0,0,1,Pedestrian
65,332.0,280.0,401.0,343.0,6831,0,0,1,Pedestrian
65,332.0,277.0,401.0,341.0,6832,0,0,1,Pedestrian
65,332.0,275.0,401.0,339.0,6833,0,0,1,Pedestrian
65,332.0,273.0,401.0,337.0,6834,0,0,1,Pedestrian
65,332.0,270.0,401.0,334.0,6835,0,0,1,Pedestrian
65,332.0,268.0,401.0,332.0,6836,0,0,1,Pedestrian
65,332.0,266.0,401.0,330.0,6837,0,0,1,Pedestrian
65,332.0,266.0,401.0,330.0,6838,0,0,1,Pedestrian
65,332.0,264.0,401.0,327.0,6839,0,0,1,Pedestrian
65,332.0,261.0,401.0,325.0,6840,0,0,1,Pedestrian
65,332.0,259.0,401.0,323.0,6841,0,0,1,Pedestrian
65,332.0,257.0,401.0,321.0,6842,0,0,1,Pedestrian
65,332.0,255.0,401.0,318.0,6843,0,0,1,Pedestrian
65,332.0,252.0,401.0,316.0,6844,0,0,1,Pedestrian
65,332.0,250.0,401.0,314.0,6845,0,0,1,Pedestrian
65,332.0,250.0,401.0,314.0,6846,0,0,1,Pedestrian
65,332.0,248.0,401.0,311.0,6847,0,0,1,Pedestrian
65,332.0,245.0,401.0,309.0,6848,0,0,1,Pedestrian
65,332.0,243.0,401.0,307.0,6849,0,0,1,Pedestrian
65,332.0,241.0,401.0,305.0,6850,0,0,1,Pedestrian
65,332.0,239.0,401.0,302.0,6851,0,0,1,Pedestrian
65,332.0,236.0,401.0,300.0,6852,0,0,1,Pedestrian
65,332.0,236.0,401.0,300.0,6853,0,0,1,Pedestrian
65,332.0,234.0,401.0,298.0,6854,0,0,1,Pedestrian
65,332.0,232.0,401.0,296.0,6855,0,0,1,Pedestrian
65,332.0,229.0,401.0,293.0,6856,0,0,1,Pedestrian
65,332.0,227.0,401.0,291.0,6857,0,0,1,Pedestrian
65,332.0,225.0,401.0,289.0,6858,0,0,1,Pedestrian
65,332.0,223.0,401.0,286.0,6859,0,0,1,Pedestrian
65,332.0,220.0,401.0,284.0,6860,0,0,1,Pedestrian
65,332.0,220.0,401.0,284.0,6861,0,0,1,Pedestrian
65,332.0,218.0,401.0,282.0,6862,0,0,1,Pedestrian
65,332.0,216.0,401.0,280.0,6863,0,0,1,Pedestrian
65,332.0,214.0,401.0,277.0,6864,0,0,1,Pedestrian
65,332.0,211.0,401.0,275.0,6865,0,0,1,Pedestrian
65,332.0,209.0,401.0,273.0,6866,0,0,1,Pedestrian
65,332.0,207.0,401.0,270.0,6867,0,0,1,Pedestrian
65,332.0,207.0,401.0,270.0,6868,0,0,1,Pedestrian
65,332.0,204.0,401.0,268.0,6869,0,0,1,Pedestrian
65,332.0,202.0,401.0,266.0,6870,0,0,1,Pedestrian
65,332.0,200.0,401.0,264.0,6871,0,0,1,Pedestrian
65,332.0,198.0,401.0,261.0,6872,0,0,1,Pedestrian
65,332.0,195.0,401.0,259.0,6873,0,0,1,Pedestrian
65,332.0,193.0,401.0,257.0,6874,0,0,1,Pedestrian
65,332.0,191.0,401.0,255.0,6875,0,0,1,Pedestrian
65,332.0,191.0,401.0,255.0,6876,0,0,1,Pedestrian
65,332.0,188.0,401.0,252.0,6877,0,0,1,Pedestrian
65,332.0,186.0,401.0,250.0,6878,0,0,1,Pedestrian
65,332.0,184.0,401.0,248.0,6879,0,0,1,Pedestrian
65,332.0,182.0,401.0,245.0,6880,0,0,1,Pedestrian
65,332.0,179.0,401.0,243.0,6881,0,0,1,Pedestrian
65,332.0,177.0,401.0,241.0,6882,0,0,1,Pedestrian
65,332.0,177.0,401.0,241.0,6883,0,0,1,Pedestrian
65,332.0,175.0,401.0,239.0,6884,0,0,1,Pedestrian
65,332.0,173.0,401.0,236.0,6885,0,0,1,Pedestrian
65,332.0,170.0,401.0,234.0,6886,0,0,1,Pedestrian
65,332.0,168.0,401.0,232.0,6887,0,0,1,Pedestrian
65,332.0,166.0,401.0,229.0,6888,0,0,1,Pedestrian
65,332.0,163.0,401.0,227.0,6889,0,0,1,Pedestrian
65,332.0,161.0,401.0,225.0,6890,0,0,1,Pedestrian
65,332.0,161.0,401.0,225.0,6891,0,0,1,Pedestrian
65,332.0,159.0,401.0,223.0,6892,0,0,1,Pedestrian
65,332.0,157.0,401.0,220.0,6893,0,0,1,Pedestrian
65,332.0,154.0,401.0,218.0,6894,0,0,1,Pedestrian
65,332.0,152.0,401.0,216.0,6895,0,0,1,Pedestrian
65,332.0,150.0,401.0,214.0,6896,0,0,1,Pedestrian
65,332.0,148.0,401.0,211.0,6897,0,0,1,Pedestrian
65,332.0,145.0,401.0,209.0,6898,0,0,1,Pedestrian
65,332.0,145.0,401.0,209.0,6899,0,0,1,Pedestrian
65,332.0,143.0,401.0,207.0,6900,0,0,1,Pedestrian
65,332.0,141.0,401.0,204.0,6901,0,0,1,Pedestrian
65,332.0,138.0,401.0,202.0,6902,0,0,1,Pedestrian
65,332.0,136.0,401.0,200.0,6903,0,0,1,Pedestrian
65,332.0,134.0,401.0,198.0,6904,0,0,1,Pedestrian
65,332.0,132.0,401.0,195.0,6905,0,0,1,Pedestrian
65,332.0,132.0,401.0,195.0,6906,0,0,1,Pedestrian
65,332.0,129.0,401.0,193.0,6907,0,0,1,Pedestrian
65,332.0,127.0,401.0,191.0,6908,0,0,1,Pedestrian
65,332.0,125.0,401.0,188.0,6909,0,0,1,Pedestrian
65,332.0,122.0,401.0,186.0,6910,0,0,1,Pedestrian
65,332.0,120.0,401.0,184.0,6911,0,0,1,Pedestrian
65,332.0,118.0,401.0,182.0,6912,0,0,1,Pedestrian
65,332.0,116.0,401.0,179.0,6913,0,0,1,Pedestrian
65,332.0,116.0,401.0,179.0,6914,0,0,1,Pedestrian
65,332.0,113.0,401.0,177.0,6915,0,0,1,Pedestrian
65,332.0,111.0,401.0,175.0,6916,0,0,1,Pedestrian
65,332.0,109.0,401.0,173.0,6917,0,0,1,Pedestrian
65,332.0,107.0,401.0,170.0,6918,0,0,1,Pedestrian
65,332.0,104.0,401.0,168.0,6919,0,0,1,Pedestrian
65,332.0,102.0,401.0,166.0,6920,0,0,1,Pedestrian
65,332.0,102.0,401.0,166.0,6921,0,0,1,Pedestrian
65,332.0,100.0,401.0,163.0,6922,0,0,1,Pedestrian
65,332.0,97.0,401.0,161.0,6923,0,0,1,Pedestrian
65,332.0,95.0,401.0,159.0,6924,0,0,1,Pedestrian
65,332.0,93.0,401.0,157.0,6925,0,0,1,Pedestrian
65,332.0,91.0,401.0,154.0,6926,0,0,1,Pedestrian
65,332.0,88.0,401.0,152.0,6927,0,0,1,Pedestrian
65,332.0,86.0,401.0,150.0,6928,0,0,1,Pedestrian
65,332.0,86.0,401.0,150.0,6929,0,0,1,Pedestrian
65,332.0,84.0,401.0,148.0,6930,0,0,1,Pedestrian
65,332.0,81.0,401.0,145.0,6931,0,0,1,Pedestrian
65,332.0,79.0,401.0,143.0,6932,0,0,1,Pedestrian
65,332.0,77.0,401.0,141.0,6933,0,0,1,Pedestrian
65,332.0,75.0,401.0,138.0,6934,0,0,1,Pedestrian
65,332.0,72.0,401.0,136.0,6935,0,0,1,Pedestrian
65,332.0,72.0,401.0,136.0,6936,0,0,1,Pedestrian
65,332.0,70.0,401.0,134.0,6937,0,0,1,Pedestrian
65,332.0,68.0,401.0,132.0,6938,0,0,1,Pedestrian
65,332.0,66.0,401.0,129.0,6939,0,0,1,Pedestrian
65,332.0,63.0,401.0,127.0,6940,0,0,1,Pedestrian
65,332.0,61.0,401.0,125.0,6941,0,0,1,Pedestrian
65,332.0,59.0,401.0,122.0,6942,0,0,1,Pedestrian
65,332.0,56.0,401.0,120.0,6943,0,0,1,Pedestrian
65,332.0,56.0,401.0,120.0,6944,0,0,1,Pedestrian
65,332.0,54.0,401.0,118.0,6945,0,0,1,Pedestrian
65,332.0,52.0,401.0,116.0,6946,0,0,1,Pedestrian
65,332.0,50.0,401.0,113.0,6947,0,0,1,Pedestrian
65,332.0,47.0,401.0,111.0,6948,0,0,1,Pedestrian
65,332.0,45.0,401.0,109.0,6949,0,0,1,Pedestrian
65,332.0,43.0,401.0,107.0,6950,0,0,1,Pedestrian
65,335.0,43.0,404.0,107.0,6951,0,0,0,Pedestrian
65,335.0,40.0,404.0,104.0,6952,0,0,1,Pedestrian
65,335.0,40.0,404.0,102.0,6953,0,0,1,Pedestrian
65,335.0,38.0,404.0,102.0,6954,0,0,1,Pedestrian
65,335.0,38.0,404.0,100.0,6955,0,0,1,Pedestrian
65,335.0,36.0,404.0,100.0,6956,0,0,1,Pedestrian
65,335.0,36.0,404.0,97.0,6957,0,0,1,Pedestrian
65,335.0,36.0,404.0,95.0,6958,0,0,1,Pedestrian
65,335.0,34.0,404.0,95.0,6959,0,0,1,Pedestrian
65,335.0,34.0,404.0,93.0,6960,0,0,1,Pedestrian
65,335.0,31.0,404.0,93.0,6961,0,0,1,Pedestrian
65,335.0,31.0,404.0,91.0,6962,0,0,1,Pedestrian
65,335.0,31.0,404.0,88.0,6963,0,0,1,Pedestrian
65,335.0,29.0,404.0,88.0,6964,0,0,1,Pedestrian
65,335.0,29.0,404.0,86.0,6965,0,0,1,Pedestrian
65,335.0,27.0,404.0,86.0,6966,0,0,1,Pedestrian
65,338.0,27.0,407.0,84.0,6967,0,0,1,Pedestrian
65,338.0,25.0,407.0,84.0,6968,0,0,1,Pedestrian
65,338.0,25.0,407.0,81.0,6969,0,0,1,Pedestrian
65,338.0,25.0,407.0,79.0,6970,0,0,1,Pedestrian
65,338.0,22.0,407.0,79.0,6971,0,0,1,Pedestrian
65,338.0,22.0,407.0,77.0,6972,0,0,1,Pedestrian
65,338.0,20.0,407.0,77.0,6973,0,0,1,Pedestrian
65,338.0,20.0,407.0,75.0,6974,0,0,1,Pedestrian
65,338.0,20.0,407.0,72.0,6975,0,0,1,Pedestrian
65,338.0,18.0,407.0,72.0,6976,0,0,1,Pedestrian
65,338.0,18.0,407.0,70.0,6977,0,0,1,Pedestrian
65,338.0,15.0,407.0,70.0,6978,0,0,1,Pedestrian
65,338.0,15.0,407.0,68.0,6979,0,0,1,Pedestrian
65,338.0,15.0,407.0,66.0,6980,0,0,1,Pedestrian
65,338.0,13.0,407.0,66.0,6981,0,0,1,Pedestrian
65,341.0,13.0,409.0,63.0,6982,0,0,1,Pedestrian
65,341.0,11.0,409.0,63.0,6983,0,0,1,Pedestrian
65,341.0,11.0,409.0,61.0,6984,0,0,1,Pedestrian
65,341.0,9.0,409.0,61.0,6985,0,0,1,Pedestrian
65,341.0,9.0,409.0,59.0,6986,0,0,1,Pedestrian
65,341.0,9.0,409.0,56.0,6987,0,0,1,Pedestrian
65,341.0,6.0,409.0,56.0,6988,0,0,1,Pedestrian
65,341.0,6.0,409.0,54.0,6989,0,0,1,Pedestrian
65,341.0,4.0,409.0,54.0,6990,0,0,1,Pedestrian
65,341.0,4.0,409.0,52.0,6991,0,0,1,Pedestrian
65,341.0,4.0,409.0,50.0,6992,0,0,1,Pedestrian
65,341.0,2.0,409.0,50.0,6993,0,0,1,Pedestrian
65,341.0,2.0,409.0,47.0,6994,0,0,1,Pedestrian
65,341.0,0.0,409.0,47.0,6995,0,0,1,Pedestrian
65,341.0,0.0,409.0,45.0,6996,0,0,1,Pedestrian
65,343.0,0.0,412.0,45.0,6997,1,0,0,Pedestrian
65,343.0,0.0,412.0,45.0,6998,1,0,1,Pedestrian
65,343.0,0.0,412.0,45.0,6999,1,0,1,Pedestrian
65,343.0,0.0,412.0,45.0,7000,1,0,0,Pedestrian
65,343.0,0.0,409.0,40.0,7001,1,0,1,Pedestrian
65,346.0,0.0,409.0,36.0,7002,1,0,1,Pedestrian
65,349.0,0.0,409.0,34.0,7003,1,0,1,Pedestrian
65,349.0,0.0,407.0,29.0,7004,1,0,1,Pedestrian
65,352.0,0.0,407.0,27.0,7005,1,0,1,Pedestrian
65,354.0,0.0,407.0,22.0,7006,1,0,1,Pedestrian
65,357.0,0.0,407.0,20.0,7007,1,0,0,Pedestrian
65,357.0,0.0,407.0,20.0,7008,1,0,1,Pedestrian
65,357.0,0.0,407.0,20.0,7009,1,0,1,Pedestrian
65,357.0,0.0,407.0,20.0,7010,1,0,1,Pedestrian
65,357.0,0.0,407.0,20.0,7011,1,0,1,Pedestrian
65,357.0,0.0,407.0,20.0,7012,1,0,1,Pedestrian
65,357.0,0.0,407.0,20.0,7013,1,0,1,Pedestrian
65,357.0,0.0,407.0,20.0,7014,1,0,1,Pedestrian
65,357.0,0.0,407.0,20.0,7015,1,0,1,Pedestrian
65,357.0,0.0,407.0,20.0,7016,1,0,1,Pedestrian
65,357.0,0.0,407.0,20.0,7017,1,0,1,Pedestrian
65,357.0,0.0,407.0,20.0,7018,1,0,0,Pedestrian
65,357.0,0.0,407.0,20.0,7019,1,0,1,Pedestrian
65,357.0,0.0,407.0,20.0,7020,1,0,1,Pedestrian
65,357.0,0.0,407.0,20.0,7021,1,0,1,Pedestrian
65,357.0,0.0,407.0,20.0,7022,1,0,1,Pedestrian
65,357.0,0.0,407.0,20.0,7023,1,0,1,Pedestrian
65,357.0,0.0,407.0,20.0,7024,1,0,1,Pedestrian
65,357.0,0.0,407.0,20.0,7025,1,0,1,Pedestrian
65,357.0,0.0,407.0,20.0,7026,1,0,1,Pedestrian
65,357.0,0.0,407.0,20.0,7027,1,0,1,Pedestrian
65,357.0,0.0,407.0,20.0,7028,1,0,1,Pedestrian
65,357.0,0.0,407.0,20.0,7029,1,0,1,Pedestrian
65,357.0,0.0,407.0,20.0,7030,1,0,1,Pedestrian
65,357.0,0.0,407.0,20.0,7031,1,0,1,Pedestrian
65,357.0,0.0,407.0,20.0,7032,1,0,1,Pedestrian
65,357.0,0.0,407.0,20.0,7033,1,0,1,Pedestrian
65,357.0,0.0,407.0,20.0,7034,1,0,1,Pedestrian
65,357.0,0.0,407.0,20.0,7035,1,0,1,Pedestrian
65,357.0,0.0,407.0,20.0,7036,1,0,1,Pedestrian
65,357.0,0.0,407.0,20.0,7037,1,0,1,Pedestrian
65,357.0,0.0,407.0,20.0,7038,1,0,1,Pedestrian
65,357.0,0.0,407.0,20.0,7039,1,0,1,Pedestrian
65,357.0,0.0,407.0,20.0,7040,1,0,1,Pedestrian
65,357.0,0.0,407.0,20.0,7041,1,0,1,Pedestrian
65,357.0,0.0,407.0,20.0,7042,1,0,1,Pedestrian
65,357.0,0.0,407.0,20.0,7043,1,0,1,Pedestrian
65,357.0,0.0,407.0,20.0,7044,1,0,1,Pedestrian
65,357.0,0.0,407.0,20.0,7045,1,0,1,Pedestrian
65,357.0,0.0,407.0,20.0,7046,1,0,1,Pedestrian
65,357.0,0.0,407.0,20.0,7047,1,0,1,Pedestrian
65,357.0,0.0,407.0,20.0,7048,1,0,1,Pedestrian
65,357.0,0.0,407.0,20.0,7049,1,0,1,Pedestrian
65,357.0,0.0,407.0,20.0,7050,1,0,1,Pedestrian
65,357.0,0.0,407.0,20.0,7051,1,0,1,Pedestrian
65,357.0,0.0,407.0,20.0,7052,1,0,1,Pedestrian
65,357.0,0.0,407.0,20.0,7053,1,0,1,Pedestrian
65,357.0,0.0,407.0,20.0,7054,1,0,1,Pedestrian
65,357.0,0.0,407.0,20.0,7055,1,0,1,Pedestrian
65,357.0,0.0,407.0,20.0,7056,1,0,1,Pedestrian
65,357.0,0.0,407.0,20.0,7057,1,0,1,Pedestrian
65,357.0,0.0,407.0,20.0,7058,1,0,1,Pedestrian
65,357.0,0.0,407.0,20.0,7059,1,0,1,Pedestrian
65,357.0,0.0,407.0,20.0,7060,1,0,1,Pedestrian
65,357.0,0.0,407.0,20.0,7061,1,0,1,Pedestrian
65,357.0,0.0,407.0,20.0,7062,1,0,1,Pedestrian
65,357.0,0.0,407.0,20.0,7063,1,0,1,Pedestrian
65,357.0,0.0,407.0,20.0,7064,1,0,1,Pedestrian
65,357.0,0.0,407.0,20.0,7065,1,0,1,Pedestrian
65,357.0,0.0,407.0,20.0,7066,1,0,1,Pedestrian
65,357.0,0.0,407.0,20.0,7067,1,0,1,Pedestrian
65,357.0,0.0,407.0,20.0,7068,1,0,1,Pedestrian
65,357.0,0.0,407.0,20.0,7069,1,0,1,Pedestrian
65,357.0,0.0,407.0,20.0,7070,1,0,1,Pedestrian
65,357.0,0.0,407.0,20.0,7071,1,0,1,Pedestrian
65,357.0,0.0,407.0,20.0,7072,1,0,1,Pedestrian
65,357.0,0.0,407.0,20.0,7073,1,0,1,Pedestrian
65,357.0,0.0,407.0,20.0,7074,1,0,1,Pedestrian
65,357.0,0.0,407.0,20.0,7075,1,0,1,Pedestrian
65,357.0,0.0,407.0,20.0,7076,1,0,1,Pedestrian
65,357.0,0.0,407.0,20.0,7077,1,0,1,Pedestrian
65,357.0,0.0,407.0,20.0,7078,1,0,1,Pedestrian
65,357.0,0.0,407.0,20.0,7079,1,0,1,Pedestrian
65,357.0,0.0,407.0,20.0,7080,1,0,1,Pedestrian
65,357.0,0.0,407.0,20.0,7081,1,0,1,Pedestrian
65,357.0,0.0,407.0,20.0,7082,1,0,1,Pedestrian
65,357.0,0.0,407.0,20.0,7083,1,0,1,Pedestrian
65,357.0,0.0,407.0,20.0,7084,1,0,1,Pedestrian
65,357.0,0.0,407.0,20.0,7085,1,0,1,Pedestrian
65,357.0,0.0,407.0,20.0,7086,1,0,1,Pedestrian
65,357.0,0.0,407.0,20.0,7087,1,0,1,Pedestrian
65,357.0,0.0,407.0,20.0,7088,1,0,1,Pedestrian
65,357.0,0.0,407.0,20.0,7089,1,0,1,Pedestrian
65,357.0,0.0,407.0,20.0,7090,1,0,1,Pedestrian
65,357.0,0.0,407.0,20.0,7091,1,0,1,Pedestrian
65,357.0,0.0,407.0,20.0,7092,1,0,1,Pedestrian
65,357.0,0.0,407.0,20.0,7093,1,0,1,Pedestrian
65,357.0,0.0,407.0,20.0,7094,1,0,1,Pedestrian
65,357.0,0.0,407.0,20.0,7095,1,0,1,Pedestrian
65,357.0,0.0,407.0,20.0,7096,1,0,1,Pedestrian
65,357.0,0.0,407.0,20.0,7097,1,0,1,Pedestrian
65,357.0,0.0,407.0,20.0,7098,1,0,1,Pedestrian
65,357.0,0.0,407.0,20.0,7099,1,0,1,Pedestrian
65,357.0,0.0,407.0,20.0,7100,1,0,1,Pedestrian
65,357.0,0.0,407.0,20.0,7101,1,0,1,Pedestrian
65,357.0,0.0,407.0,20.0,7102,1,0,1,Pedestrian
65,357.0,0.0,407.0,20.0,7103,1,0,1,Pedestrian
65,357.0,0.0,407.0,20.0,7104,1,0,1,Pedestrian
65,357.0,0.0,407.0,20.0,7105,1,0,1,Pedestrian
65,357.0,0.0,407.0,20.0,7106,1,0,1,Pedestrian
65,357.0,0.0,407.0,20.0,7107,1,0,1,Pedestrian
65,357.0,0.0,407.0,20.0,7108,1,0,1,Pedestrian
65,357.0,0.0,407.0,20.0,7109,1,0,1,Pedestrian
65,357.0,0.0,407.0,20.0,7110,1,0,1,Pedestrian
65,357.0,0.0,407.0,20.0,7111,1,0,1,Pedestrian
65,357.0,0.0,407.0,20.0,7112,1,0,1,Pedestrian
65,357.0,0.0,407.0,20.0,7113,1,0,1,Pedestrian
65,357.0,0.0,407.0,20.0,7114,1,0,1,Pedestrian
65,357.0,0.0,407.0,20.0,7115,1,0,1,Pedestrian
65,357.0,0.0,407.0,20.0,7116,1,0,1,Pedestrian
65,357.0,0.0,407.0,20.0,7117,1,0,1,Pedestrian
65,357.0,0.0,407.0,20.0,7118,1,0,1,Pedestrian
65,357.0,0.0,407.0,20.0,7119,1,0,1,Pedestrian
65,357.0,0.0,407.0,20.0,7120,1,0,1,Pedestrian
65,357.0,0.0,407.0,20.0,7121,1,0,1,Pedestrian
65,357.0,0.0,407.0,20.0,7122,1,0,1,Pedestrian
65,357.0,0.0,407.0,20.0,7123,1,0,1,Pedestrian
65,357.0,0.0,407.0,20.0,7124,1,0,1,Pedestrian
65,357.0,0.0,407.0,20.0,7125,1,0,1,Pedestrian
65,357.0,0.0,407.0,20.0,7126,1,0,1,Pedestrian
65,357.0,0.0,407.0,20.0,7127,1,0,1,Pedestrian
65,357.0,0.0,407.0,20.0,7128,1,0,1,Pedestrian
65,357.0,0.0,407.0,20.0,7129,1,0,1,Pedestrian
65,357.0,0.0,407.0,20.0,7130,1,0,1,Pedestrian
65,357.0,0.0,407.0,20.0,7131,1,0,1,Pedestrian
65,357.0,0.0,407.0,20.0,7132,1,0,1,Pedestrian
65,357.0,0.0,407.0,20.0,7133,1,0,1,Pedestrian
65,357.0,0.0,407.0,20.0,7134,1,0,1,Pedestrian
65,357.0,0.0,407.0,20.0,7135,1,0,1,Pedestrian
65,357.0,0.0,407.0,20.0,7136,1,0,1,Pedestrian
65,357.0,0.0,407.0,20.0,7137,1,0,1,Pedestrian
65,357.0,0.0,407.0,20.0,7138,1,0,1,Pedestrian
65,357.0,0.0,407.0,20.0,7139,1,0,1,Pedestrian
65,357.0,0.0,407.0,20.0,7140,1,0,1,Pedestrian
65,357.0,0.0,407.0,20.0,7141,1,0,1,Pedestrian
65,357.0,0.0,407.0,20.0,7142,1,0,1,Pedestrian
65,357.0,0.0,407.0,20.0,7143,1,0,1,Pedestrian
65,357.0,0.0,407.0,20.0,7144,1,0,1,Pedestrian
65,357.0,0.0,407.0,20.0,7145,1,0,1,Pedestrian
65,357.0,0.0,407.0,20.0,7146,1,0,1,Pedestrian
65,357.0,0.0,407.0,20.0,7147,1,0,1,Pedestrian
65,357.0,0.0,407.0,20.0,7148,1,0,1,Pedestrian
65,357.0,0.0,407.0,20.0,7149,1,0,1,Pedestrian
65,357.0,0.0,407.0,20.0,7150,1,0,1,Pedestrian
65,357.0,0.0,407.0,20.0,7151,1,0,1,Pedestrian
65,357.0,0.0,407.0,20.0,7152,1,0,1,Pedestrian
65,357.0,0.0,407.0,20.0,7153,1,0,1,Pedestrian
65,357.0,0.0,407.0,20.0,7154,1,0,1,Pedestrian
65,357.0,0.0,407.0,20.0,7155,1,0,1,Pedestrian
65,357.0,0.0,407.0,20.0,7156,1,0,1,Pedestrian
65,357.0,0.0,407.0,20.0,7157,1,0,1,Pedestrian
65,357.0,0.0,407.0,20.0,7158,1,0,1,Pedestrian
65,357.0,0.0,407.0,20.0,7159,1,0,1,Pedestrian
65,357.0,0.0,407.0,20.0,7160,1,0,1,Pedestrian
65,357.0,0.0,407.0,20.0,7161,1,0,1,Pedestrian
65,357.0,0.0,407.0,20.0,7162,1,0,1,Pedestrian
65,357.0,0.0,407.0,20.0,7163,1,0,1,Pedestrian
65,357.0,0.0,407.0,20.0,7164,1,0,1,Pedestrian
65,357.0,0.0,407.0,20.0,7165,1,0,1,Pedestrian
65,357.0,0.0,407.0,20.0,7166,1,0,1,Pedestrian
65,357.0,0.0,407.0,20.0,7167,1,0,1,Pedestrian
65,357.0,0.0,407.0,20.0,7168,1,0,1,Pedestrian
65,357.0,0.0,407.0,20.0,7169,1,0,1,Pedestrian
65,357.0,0.0,407.0,20.0,7170,1,0,1,Pedestrian
65,357.0,0.0,407.0,20.0,7171,1,0,1,Pedestrian
65,357.0,0.0,407.0,20.0,7172,1,0,1,Pedestrian
65,357.0,0.0,407.0,20.0,7173,1,0,1,Pedestrian
65,357.0,0.0,407.0,20.0,7174,1,0,1,Pedestrian
65,357.0,0.0,407.0,20.0,7175,1,0,1,Pedestrian
65,357.0,0.0,407.0,20.0,7176,1,0,1,Pedestrian
65,357.0,0.0,407.0,20.0,7177,1,0,1,Pedestrian
65,357.0,0.0,407.0,20.0,7178,1,0,1,Pedestrian
65,357.0,0.0,407.0,20.0,7179,1,0,1,Pedestrian
65,357.0,0.0,407.0,20.0,7180,1,0,1,Pedestrian
65,357.0,0.0,407.0,20.0,7181,1,0,1,Pedestrian
65,357.0,0.0,407.0,20.0,7182,1,0,1,Pedestrian
65,357.0,0.0,407.0,20.0,7183,1,0,1,Pedestrian
65,357.0,0.0,407.0,20.0,7184,1,0,1,Pedestrian
65,357.0,0.0,407.0,20.0,7185,1,0,1,Pedestrian
65,357.0,0.0,407.0,20.0,7186,1,0,1,Pedestrian
65,357.0,0.0,407.0,20.0,7187,1,0,1,Pedestrian
65,357.0,0.0,407.0,20.0,7188,1,0,1,Pedestrian
65,357.0,0.0,407.0,20.0,7189,1,0,1,Pedestrian
65,357.0,0.0,407.0,20.0,7190,1,0,1,Pedestrian
65,357.0,0.0,407.0,20.0,7191,1,0,1,Pedestrian
65,357.0,0.0,407.0,20.0,7192,1,0,1,Pedestrian
65,357.0,0.0,407.0,20.0,7193,1,0,1,Pedestrian
65,357.0,0.0,407.0,20.0,7194,1,0,1,Pedestrian
65,357.0,0.0,407.0,20.0,7195,1,0,1,Pedestrian
65,357.0,0.0,407.0,20.0,7196,1,0,1,Pedestrian
65,357.0,0.0,407.0,20.0,7197,1,0,1,Pedestrian
65,357.0,0.0,407.0,20.0,7198,1,0,1,Pedestrian
65,357.0,0.0,407.0,20.0,7199,1,0,1,Pedestrian
65,357.0,0.0,407.0,20.0,7200,1,0,1,Pedestrian
65,357.0,0.0,407.0,20.0,7201,1,0,1,Pedestrian
65,357.0,0.0,407.0,20.0,7202,1,0,1,Pedestrian
65,357.0,0.0,407.0,20.0,7203,1,0,1,Pedestrian
65,357.0,0.0,407.0,20.0,7204,1,0,1,Pedestrian
65,357.0,0.0,407.0,20.0,7205,1,0,1,Pedestrian
65,357.0,0.0,407.0,20.0,7206,1,0,1,Pedestrian
65,357.0,0.0,407.0,20.0,7207,1,0,1,Pedestrian
65,357.0,0.0,407.0,20.0,7208,1,0,1,Pedestrian
65,357.0,0.0,407.0,20.0,7209,1,0,1,Pedestrian
65,357.0,0.0,407.0,20.0,7210,1,0,1,Pedestrian
65,357.0,0.0,407.0,20.0,7211,1,0,1,Pedestrian
65,357.0,0.0,407.0,20.0,7212,1,0,1,Pedestrian
65,357.0,0.0,407.0,20.0,7213,1,0,1,Pedestrian
65,357.0,0.0,407.0,20.0,7214,1,0,1,Pedestrian
65,357.0,0.0,407.0,20.0,7215,1,0,1,Pedestrian
65,357.0,0.0,407.0,20.0,7216,1,0,1,Pedestrian
65,357.0,0.0,407.0,20.0,7217,1,0,1,Pedestrian
65,357.0,0.0,407.0,20.0,7218,1,0,1,Pedestrian
65,357.0,0.0,407.0,20.0,7219,1,0,1,Pedestrian
65,357.0,0.0,407.0,20.0,7220,1,0,1,Pedestrian
65,357.0,0.0,407.0,20.0,7221,1,0,1,Pedestrian
65,357.0,0.0,407.0,20.0,7222,1,0,1,Pedestrian
65,357.0,0.0,407.0,20.0,7223,1,0,1,Pedestrian
65,357.0,0.0,407.0,20.0,7224,1,0,1,Pedestrian
65,357.0,0.0,407.0,20.0,7225,1,0,1,Pedestrian
65,357.0,0.0,407.0,20.0,7226,1,0,1,Pedestrian
65,357.0,0.0,407.0,20.0,7227,1,0,1,Pedestrian
65,357.0,0.0,407.0,20.0,7228,1,0,1,Pedestrian
65,357.0,0.0,407.0,20.0,7229,1,0,1,Pedestrian
65,357.0,0.0,407.0,20.0,7230,1,0,1,Pedestrian
65,357.0,0.0,407.0,20.0,7231,1,0,1,Pedestrian
65,357.0,0.0,407.0,20.0,7232,1,0,1,Pedestrian
65,357.0,0.0,407.0,20.0,7233,1,0,1,Pedestrian
65,357.0,0.0,407.0,20.0,7234,1,0,1,Pedestrian
65,357.0,0.0,407.0,20.0,7235,1,0,1,Pedestrian
65,357.0,0.0,407.0,20.0,7236,1,0,1,Pedestrian
65,357.0,0.0,407.0,20.0,7237,1,0,1,Pedestrian
65,357.0,0.0,407.0,20.0,7238,1,0,1,Pedestrian
65,357.0,0.0,407.0,20.0,7239,1,0,1,Pedestrian
65,357.0,0.0,407.0,20.0,7240,1,0,1,Pedestrian
65,357.0,0.0,407.0,20.0,7241,1,0,1,Pedestrian
65,357.0,0.0,407.0,20.0,7242,1,0,1,Pedestrian
65,357.0,0.0,407.0,20.0,7243,1,0,1,Pedestrian
65,357.0,0.0,407.0,20.0,7244,1,0,1,Pedestrian
65,357.0,0.0,407.0,20.0,7245,1,0,1,Pedestrian
65,357.0,0.0,407.0,20.0,7246,1,0,1,Pedestrian
65,357.0,0.0,407.0,20.0,7247,1,0,1,Pedestrian
65,357.0,0.0,407.0,20.0,7248,1,0,1,Pedestrian
65,357.0,0.0,407.0,20.0,7249,1,0,1,Pedestrian
65,357.0,0.0,407.0,20.0,7250,1,0,1,Pedestrian
65,357.0,0.0,407.0,20.0,7251,1,0,1,Pedestrian
65,357.0,0.0,407.0,20.0,7252,1,0,1,Pedestrian
65,357.0,0.0,407.0,20.0,7253,1,0,1,Pedestrian
65,357.0,0.0,407.0,20.0,7254,1,0,1,Pedestrian
65,357.0,0.0,407.0,20.0,7255,1,0,1,Pedestrian
65,357.0,0.0,407.0,20.0,7256,1,0,1,Pedestrian
65,357.0,0.0,407.0,20.0,7257,1,0,1,Pedestrian
65,357.0,0.0,407.0,20.0,7258,1,0,1,Pedestrian
65,357.0,0.0,407.0,20.0,7259,1,0,1,Pedestrian
65,357.0,0.0,407.0,20.0,7260,1,0,1,Pedestrian
65,357.0,0.0,407.0,20.0,7261,1,0,1,Pedestrian
65,357.0,0.0,407.0,20.0,7262,1,0,1,Pedestrian
65,357.0,0.0,407.0,20.0,7263,1,0,1,Pedestrian
65,357.0,0.0,407.0,20.0,7264,1,0,1,Pedestrian
65,357.0,0.0,407.0,20.0,7265,1,0,1,Pedestrian
65,357.0,0.0,407.0,20.0,7266,1,0,1,Pedestrian
65,357.0,0.0,407.0,20.0,7267,1,0,1,Pedestrian
65,357.0,0.0,407.0,20.0,7268,1,0,1,Pedestrian
65,357.0,0.0,407.0,20.0,7269,1,0,1,Pedestrian
65,357.0,0.0,407.0,20.0,7270,1,0,1,Pedestrian
65,357.0,0.0,407.0,20.0,7271,1,0,1,Pedestrian
65,357.0,0.0,407.0,20.0,7272,1,0,1,Pedestrian
65,357.0,0.0,407.0,20.0,7273,1,0,1,Pedestrian
65,357.0,0.0,407.0,20.0,7274,1,0,1,Pedestrian
65,357.0,0.0,407.0,20.0,7275,1,0,1,Pedestrian
65,357.0,0.0,407.0,20.0,7276,1,0,1,Pedestrian
65,357.0,0.0,407.0,20.0,7277,1,0,1,Pedestrian
65,357.0,0.0,407.0,20.0,7278,1,0,1,Pedestrian
65,357.0,0.0,407.0,20.0,7279,1,0,1,Pedestrian
65,357.0,0.0,407.0,20.0,7280,1,0,1,Pedestrian
65,357.0,0.0,407.0,20.0,7281,1,0,1,Pedestrian
65,357.0,0.0,407.0,20.0,7282,1,0,1,Pedestrian
65,357.0,0.0,407.0,20.0,7283,1,0,1,Pedestrian
65,357.0,0.0,407.0,20.0,7284,1,0,1,Pedestrian
65,357.0,0.0,407.0,20.0,7285,1,0,1,Pedestrian
65,357.0,0.0,407.0,20.0,7286,1,0,1,Pedestrian
65,357.0,0.0,407.0,20.0,7287,1,0,1,Pedestrian
65,357.0,0.0,407.0,20.0,7288,1,0,1,Pedestrian
65,357.0,0.0,407.0,20.0,7289,1,0,1,Pedestrian
65,357.0,0.0,407.0,20.0,7290,1,0,1,Pedestrian
65,357.0,0.0,407.0,20.0,7291,1,0,1,Pedestrian
65,357.0,0.0,407.0,20.0,7292,1,0,1,Pedestrian
65,357.0,0.0,407.0,20.0,7293,1,0,1,Pedestrian
65,357.0,0.0,407.0,20.0,7294,1,0,1,Pedestrian
65,357.0,0.0,407.0,20.0,7295,1,0,1,Pedestrian
65,357.0,0.0,407.0,20.0,7296,1,0,1,Pedestrian
65,357.0,0.0,407.0,20.0,7297,1,0,1,Pedestrian
65,357.0,0.0,407.0,20.0,7298,1,0,1,Pedestrian
65,357.0,0.0,407.0,20.0,7299,1,0,1,Pedestrian
65,357.0,0.0,407.0,20.0,7300,1,0,1,Pedestrian
65,357.0,0.0,407.0,20.0,7301,1,0,1,Pedestrian
65,357.0,0.0,407.0,20.0,7302,1,0,1,Pedestrian
65,357.0,0.0,407.0,20.0,7303,1,0,1,Pedestrian
65,357.0,0.0,407.0,20.0,7304,1,0,1,Pedestrian
65,357.0,0.0,407.0,20.0,7305,1,0,1,Pedestrian
65,357.0,0.0,407.0,20.0,7306,1,0,1,Pedestrian
65,357.0,0.0,407.0,20.0,7307,1,0,1,Pedestrian
65,357.0,0.0,407.0,20.0,7308,1,0,1,Pedestrian
65,357.0,0.0,407.0,20.0,7309,1,0,1,Pedestrian
65,357.0,0.0,407.0,20.0,7310,1,0,1,Pedestrian
65,357.0,0.0,407.0,20.0,7311,1,0,1,Pedestrian
65,357.0,0.0,407.0,20.0,7312,1,0,1,Pedestrian
65,357.0,0.0,407.0,20.0,7313,1,0,1,Pedestrian
65,357.0,0.0,407.0,20.0,7314,1,0,1,Pedestrian
65,357.0,0.0,407.0,20.0,7315,1,0,1,Pedestrian
65,357.0,0.0,407.0,20.0,7316,1,0,1,Pedestrian
65,357.0,0.0,407.0,20.0,7317,1,0,1,Pedestrian
65,357.0,0.0,407.0,20.0,7318,1,0,1,Pedestrian
65,357.0,0.0,407.0,20.0,7319,1,0,1,Pedestrian
65,357.0,0.0,407.0,20.0,7320,1,0,1,Pedestrian
65,357.0,0.0,407.0,20.0,7321,1,0,1,Pedestrian
65,357.0,0.0,407.0,20.0,7322,1,0,1,Pedestrian
65,357.0,0.0,407.0,20.0,7323,1,0,1,Pedestrian
65,357.0,0.0,407.0,20.0,7324,1,0,1,Pedestrian
65,357.0,0.0,407.0,20.0,7325,1,0,1,Pedestrian
65,357.0,0.0,407.0,20.0,7326,1,0,1,Pedestrian
65,357.0,0.0,407.0,20.0,7327,1,0,1,Pedestrian
65,357.0,0.0,407.0,20.0,7328,1,0,1,Pedestrian
65,357.0,0.0,407.0,20.0,7329,1,0,1,Pedestrian
65,357.0,0.0,407.0,20.0,7330,1,0,1,Pedestrian
65,357.0,0.0,407.0,20.0,7331,1,0,1,Pedestrian
65,357.0,0.0,407.0,20.0,7332,1,0,1,Pedestrian
65,357.0,0.0,407.0,20.0,7333,1,0,1,Pedestrian
65,357.0,0.0,407.0,20.0,7334,1,0,1,Pedestrian
65,357.0,0.0,407.0,20.0,7335,1,0,1,Pedestrian
65,357.0,0.0,407.0,20.0,7336,1,0,1,Pedestrian
65,357.0,0.0,407.0,20.0,7337,1,0,1,Pedestrian
65,357.0,0.0,407.0,20.0,7338,1,0,1,Pedestrian
65,357.0,0.0,407.0,20.0,7339,1,0,1,Pedestrian
65,357.0,0.0,407.0,20.0,7340,1,0,1,Pedestrian
65,357.0,0.0,407.0,20.0,7341,1,0,1,Pedestrian
65,357.0,0.0,407.0,20.0,7342,1,0,1,Pedestrian
65,357.0,0.0,407.0,20.0,7343,1,0,1,Pedestrian
65,357.0,0.0,407.0,20.0,7344,1,0,1,Pedestrian
65,357.0,0.0,407.0,20.0,7345,1,0,1,Pedestrian
65,357.0,0.0,407.0,20.0,7346,1,0,1,Pedestrian
65,357.0,0.0,407.0,20.0,7347,1,0,1,Pedestrian
65,357.0,0.0,407.0,20.0,7348,1,0,1,Pedestrian
65,357.0,0.0,407.0,20.0,7349,1,0,1,Pedestrian
65,357.0,0.0,407.0,20.0,7350,1,0,1,Pedestrian
65,357.0,0.0,407.0,20.0,7351,1,0,1,Pedestrian
65,357.0,0.0,407.0,20.0,7352,1,0,1,Pedestrian
65,357.0,0.0,407.0,20.0,7353,1,0,1,Pedestrian
65,357.0,0.0,407.0,20.0,7354,1,0,1,Pedestrian
65,357.0,0.0,407.0,20.0,7355,1,0,1,Pedestrian
65,357.0,0.0,407.0,20.0,7356,1,0,1,Pedestrian
65,357.0,0.0,407.0,20.0,7357,1,0,1,Pedestrian
65,357.0,0.0,407.0,20.0,7358,1,0,1,Pedestrian
65,357.0,0.0,407.0,20.0,7359,1,0,1,Pedestrian
65,357.0,0.0,407.0,20.0,7360,1,0,1,Pedestrian
65,357.0,0.0,407.0,20.0,7361,1,0,1,Pedestrian
65,357.0,0.0,407.0,20.0,7362,1,0,1,Pedestrian
65,357.0,0.0,407.0,20.0,7363,1,0,1,Pedestrian
65,357.0,0.0,407.0,20.0,7364,1,0,1,Pedestrian
65,357.0,0.0,407.0,20.0,7365,1,0,1,Pedestrian
65,357.0,0.0,407.0,20.0,7366,1,0,1,Pedestrian
65,357.0,0.0,407.0,20.0,7367,1,0,1,Pedestrian
65,357.0,0.0,407.0,20.0,7368,1,0,1,Pedestrian
65,357.0,0.0,407.0,20.0,7369,1,0,1,Pedestrian
65,357.0,0.0,407.0,20.0,7370,1,0,1,Pedestrian
65,357.0,0.0,407.0,20.0,7371,1,0,1,Pedestrian
65,357.0,0.0,407.0,20.0,7372,1,0,1,Pedestrian
65,357.0,0.0,407.0,20.0,7373,1,0,1,Pedestrian
65,357.0,0.0,407.0,20.0,7374,1,0,1,Pedestrian
65,357.0,0.0,407.0,20.0,7375,1,0,1,Pedestrian
65,357.0,0.0,407.0,20.0,7376,1,0,1,Pedestrian
65,357.0,0.0,407.0,20.0,7377,1,0,1,Pedestrian
65,357.0,0.0,407.0,20.0,7378,1,0,1,Pedestrian
65,357.0,0.0,407.0,20.0,7379,1,0,1,Pedestrian
65,357.0,0.0,407.0,20.0,7380,1,0,1,Pedestrian
65,357.0,0.0,407.0,20.0,7381,1,0,1,Pedestrian
65,357.0,0.0,407.0,20.0,7382,1,0,1,Pedestrian
65,357.0,0.0,407.0,20.0,7383,1,0,1,Pedestrian
65,357.0,0.0,407.0,20.0,7384,1,0,1,Pedestrian
65,357.0,0.0,407.0,20.0,7385,1,0,1,Pedestrian
65,357.0,0.0,407.0,20.0,7386,1,0,1,Pedestrian
65,357.0,0.0,407.0,20.0,7387,1,0,1,Pedestrian
65,357.0,0.0,407.0,20.0,7388,1,0,1,Pedestrian
65,357.0,0.0,407.0,20.0,7389,1,0,1,Pedestrian
65,357.0,0.0,407.0,20.0,7390,1,0,1,Pedestrian
65,357.0,0.0,407.0,20.0,7391,1,0,1,Pedestrian
65,357.0,0.0,407.0,20.0,7392,1,0,1,Pedestrian
65,357.0,0.0,407.0,20.0,7393,1,0,1,Pedestrian
65,357.0,0.0,407.0,20.0,7394,1,0,1,Pedestrian
65,357.0,0.0,407.0,20.0,7395,1,0,1,Pedestrian
65,357.0,0.0,407.0,20.0,7396,1,0,1,Pedestrian
65,357.0,0.0,407.0,20.0,7397,1,0,1,Pedestrian
65,357.0,0.0,407.0,20.0,7398,1,0,1,Pedestrian
65,357.0,0.0,407.0,20.0,7399,1,0,1,Pedestrian
65,357.0,0.0,407.0,20.0,7400,1,0,1,Pedestrian
65,357.0,0.0,407.0,20.0,7401,1,0,1,Pedestrian
65,357.0,0.0,407.0,20.0,7402,1,0,1,Pedestrian
65,357.0,0.0,407.0,20.0,7403,1,0,1,Pedestrian
65,357.0,0.0,407.0,20.0,7404,1,0,1,Pedestrian
65,357.0,0.0,407.0,20.0,7405,1,0,1,Pedestrian
65,357.0,0.0,407.0,20.0,7406,1,0,1,Pedestrian
65,357.0,0.0,407.0,20.0,7407,1,0,1,Pedestrian
65,357.0,0.0,407.0,20.0,7408,1,0,1,Pedestrian
65,357.0,0.0,407.0,20.0,7409,1,0,1,Pedestrian
65,357.0,0.0,407.0,20.0,7410,1,0,1,Pedestrian
65,357.0,0.0,407.0,20.0,7411,1,0,1,Pedestrian
65,357.0,0.0,407.0,20.0,7412,1,0,1,Pedestrian
65,357.0,0.0,407.0,20.0,7413,1,0,1,Pedestrian
65,357.0,0.0,407.0,20.0,7414,1,0,1,Pedestrian
65,357.0,0.0,407.0,20.0,7415,1,0,1,Pedestrian
65,357.0,0.0,407.0,20.0,7416,1,0,1,Pedestrian
65,357.0,0.0,407.0,20.0,7417,1,0,1,Pedestrian
65,357.0,0.0,407.0,20.0,7418,1,0,1,Pedestrian
65,357.0,0.0,407.0,20.0,7419,1,0,1,Pedestrian
65,357.0,0.0,407.0,20.0,7420,1,0,1,Pedestrian
65,357.0,0.0,407.0,20.0,7421,1,0,1,Pedestrian
65,357.0,0.0,407.0,20.0,7422,1,0,1,Pedestrian
65,357.0,0.0,407.0,20.0,7423,1,0,1,Pedestrian
65,357.0,0.0,407.0,20.0,7424,1,0,1,Pedestrian
65,357.0,0.0,407.0,20.0,7425,1,0,1,Pedestrian
65,357.0,0.0,407.0,20.0,7426,1,0,1,Pedestrian
65,357.0,0.0,407.0,20.0,7427,1,0,1,Pedestrian
65,357.0,0.0,407.0,20.0,7428,1,0,1,Pedestrian
65,357.0,0.0,407.0,20.0,7429,1,0,1,Pedestrian
65,357.0,0.0,407.0,20.0,7430,1,0,1,Pedestrian
65,357.0,0.0,407.0,20.0,7431,1,0,1,Pedestrian
65,357.0,0.0,407.0,20.0,7432,1,0,1,Pedestrian
65,357.0,0.0,407.0,20.0,7433,1,0,1,Pedestrian
65,357.0,0.0,407.0,20.0,7434,1,0,1,Pedestrian
65,357.0,0.0,407.0,20.0,7435,1,0,1,Pedestrian
65,357.0,0.0,407.0,20.0,7436,1,0,1,Pedestrian
65,357.0,0.0,407.0,20.0,7437,1,0,1,Pedestrian
65,357.0,0.0,407.0,20.0,7438,1,0,1,Pedestrian
65,357.0,0.0,407.0,20.0,7439,1,0,1,Pedestrian
65,357.0,0.0,407.0,20.0,7440,1,0,1,Pedestrian
65,357.0,0.0,407.0,20.0,7441,1,0,1,Pedestrian
65,357.0,0.0,407.0,20.0,7442,1,0,1,Pedestrian
65,357.0,0.0,407.0,20.0,7443,1,0,1,Pedestrian
65,357.0,0.0,407.0,20.0,7444,1,0,1,Pedestrian
65,357.0,0.0,407.0,20.0,7445,1,0,1,Pedestrian
65,357.0,0.0,407.0,20.0,7446,1,0,1,Pedestrian
65,357.0,0.0,407.0,20.0,7447,1,0,1,Pedestrian
65,357.0,0.0,407.0,20.0,7448,1,0,1,Pedestrian
65,357.0,0.0,407.0,20.0,7449,1,0,1,Pedestrian
65,357.0,0.0,407.0,20.0,7450,1,0,1,Pedestrian
65,357.0,0.0,407.0,20.0,7451,1,0,1,Pedestrian
65,357.0,0.0,407.0,20.0,7452,1,0,1,Pedestrian
65,357.0,0.0,407.0,20.0,7453,1,0,1,Pedestrian
65,357.0,0.0,407.0,20.0,7454,1,0,1,Pedestrian
65,357.0,0.0,407.0,20.0,7455,1,0,1,Pedestrian
65,357.0,0.0,407.0,20.0,7456,1,0,1,Pedestrian
65,357.0,0.0,407.0,20.0,7457,1,0,1,Pedestrian
65,357.0,0.0,407.0,20.0,7458,1,0,1,Pedestrian
65,357.0,0.0,407.0,20.0,7459,1,0,1,Pedestrian
65,357.0,0.0,407.0,20.0,7460,1,0,1,Pedestrian
65,357.0,0.0,407.0,20.0,7461,1,0,1,Pedestrian
65,357.0,0.0,407.0,20.0,7462,1,0,1,Pedestrian
65,357.0,0.0,407.0,20.0,7463,1,0,1,Pedestrian
65,357.0,0.0,407.0,20.0,7464,1,0,1,Pedestrian
65,357.0,0.0,407.0,20.0,7465,1,0,1,Pedestrian
65,357.0,0.0,407.0,20.0,7466,1,0,1,Pedestrian
65,357.0,0.0,407.0,20.0,7467,1,0,1,Pedestrian
65,357.0,0.0,407.0,20.0,7468,1,0,1,Pedestrian
65,357.0,0.0,407.0,20.0,7469,1,0,1,Pedestrian
65,357.0,0.0,407.0,20.0,7470,1,0,1,Pedestrian
65,357.0,0.0,407.0,20.0,7471,1,0,1,Pedestrian
65,357.0,0.0,407.0,20.0,7472,1,0,1,Pedestrian
65,357.0,0.0,407.0,20.0,7473,1,0,1,Pedestrian
65,357.0,0.0,407.0,20.0,7474,1,0,1,Pedestrian
65,357.0,0.0,407.0,20.0,7475,1,0,1,Pedestrian
65,357.0,0.0,407.0,20.0,7476,1,0,1,Pedestrian
65,357.0,0.0,407.0,20.0,7477,1,0,1,Pedestrian
65,357.0,0.0,407.0,20.0,7478,1,0,1,Pedestrian
65,357.0,0.0,407.0,20.0,7479,1,0,1,Pedestrian
65,357.0,0.0,407.0,20.0,7480,1,0,1,Pedestrian
65,357.0,0.0,407.0,20.0,7481,1,0,1,Pedestrian
65,357.0,0.0,407.0,20.0,7482,1,0,1,Pedestrian
65,357.0,0.0,407.0,20.0,7483,1,0,1,Pedestrian
65,357.0,0.0,407.0,20.0,7484,1,0,1,Pedestrian
65,357.0,0.0,407.0,20.0,7485,1,0,1,Pedestrian
65,357.0,0.0,407.0,20.0,7486,1,0,1,Pedestrian
65,357.0,0.0,407.0,20.0,7487,1,0,1,Pedestrian
65,357.0,0.0,407.0,20.0,7488,1,0,1,Pedestrian
65,357.0,0.0,407.0,20.0,7489,1,0,1,Pedestrian
65,357.0,0.0,407.0,20.0,7490,1,0,1,Pedestrian
65,357.0,0.0,407.0,20.0,7491,1,0,1,Pedestrian
65,357.0,0.0,407.0,20.0,7492,1,0,1,Pedestrian
65,357.0,0.0,407.0,20.0,7493,1,0,1,Pedestrian
65,357.0,0.0,407.0,20.0,7494,1,0,1,Pedestrian
65,357.0,0.0,407.0,20.0,7495,1,0,1,Pedestrian
65,357.0,0.0,407.0,20.0,7496,1,0,1,Pedestrian
65,357.0,0.0,407.0,20.0,7497,1,0,1,Pedestrian
65,357.0,0.0,407.0,20.0,7498,1,0,1,Pedestrian
65,357.0,0.0,407.0,20.0,7499,1,0,1,Pedestrian
65,357.0,0.0,407.0,20.0,7500,1,0,1,Pedestrian
65,357.0,0.0,407.0,20.0,7501,1,0,1,Pedestrian
65,357.0,0.0,407.0,20.0,7502,1,0,1,Pedestrian
65,357.0,0.0,407.0,20.0,7503,1,0,1,Pedestrian
65,357.0,0.0,407.0,20.0,7504,1,0,1,Pedestrian
65,357.0,0.0,407.0,20.0,7505,1,0,1,Pedestrian
65,357.0,0.0,407.0,20.0,7506,1,0,1,Pedestrian
65,357.0,0.0,407.0,20.0,7507,1,0,1,Pedestrian
65,357.0,0.0,407.0,20.0,7508,1,0,1,Pedestrian
65,357.0,0.0,407.0,20.0,7509,1,0,1,Pedestrian
65,357.0,0.0,407.0,20.0,7510,1,0,1,Pedestrian
65,357.0,0.0,407.0,20.0,7511,1,0,1,Pedestrian
65,357.0,0.0,407.0,20.0,7512,1,0,1,Pedestrian
65,357.0,0.0,407.0,20.0,7513,1,0,1,Pedestrian
65,357.0,0.0,407.0,20.0,7514,1,0,1,Pedestrian
65,357.0,0.0,407.0,20.0,7515,1,0,1,Pedestrian
65,357.0,0.0,407.0,20.0,7516,1,0,1,Pedestrian
65,357.0,0.0,407.0,20.0,7517,1,0,1,Pedestrian
65,357.0,0.0,407.0,20.0,7518,1,0,1,Pedestrian
65,357.0,0.0,407.0,20.0,7519,1,0,1,Pedestrian
65,357.0,0.0,407.0,20.0,7520,1,0,1,Pedestrian
65,357.0,0.0,407.0,20.0,7521,1,0,1,Pedestrian
65,357.0,0.0,407.0,20.0,7522,1,0,1,Pedestrian
65,357.0,0.0,407.0,20.0,7523,1,0,1,Pedestrian
65,357.0,0.0,407.0,20.0,7524,1,0,1,Pedestrian
65,357.0,0.0,407.0,20.0,7525,1,0,1,Pedestrian
65,357.0,0.0,407.0,20.0,7526,1,0,1,Pedestrian
65,357.0,0.0,407.0,20.0,7527,1,0,1,Pedestrian
65,357.0,0.0,407.0,20.0,7528,1,0,1,Pedestrian
65,357.0,0.0,407.0,20.0,7529,1,0,1,Pedestrian
65,357.0,0.0,407.0,20.0,7530,1,0,1,Pedestrian
65,357.0,0.0,407.0,20.0,7531,1,0,0,Pedestrian
66,596.0,2.0,660.0,47.0,7000,1,0,0,Pedestrian
66,596.0,2.0,660.0,47.0,7001,1,0,1,Pedestrian
66,596.0,2.0,660.0,47.0,7002,1,0,1,Pedestrian
66,596.0,2.0,660.0,47.0,7003,1,0,1,Pedestrian
66,596.0,2.0,660.0,47.0,7004,1,0,1,Pedestrian
66,596.0,2.0,660.0,47.0,7005,1,0,1,Pedestrian
66,596.0,2.0,660.0,47.0,7006,1,0,1,Pedestrian
66,596.0,2.0,660.0,47.0,7007,1,0,1,Pedestrian
66,596.0,2.0,660.0,47.0,7008,1,0,1,Pedestrian
66,596.0,2.0,660.0,47.0,7009,1,0,1,Pedestrian
66,596.0,2.0,660.0,47.0,7010,1,0,1,Pedestrian
66,596.0,2.0,660.0,47.0,7011,1,0,1,Pedestrian
66,596.0,2.0,660.0,47.0,7012,1,0,1,Pedestrian
66,596.0,2.0,660.0,47.0,7013,1,0,1,Pedestrian
66,596.0,2.0,660.0,47.0,7014,1,0,1,Pedestrian
66,596.0,2.0,660.0,47.0,7015,1,0,1,Pedestrian
66,596.0,2.0,660.0,47.0,7016,1,0,1,Pedestrian
66,596.0,2.0,660.0,47.0,7017,1,0,1,Pedestrian
66,596.0,2.0,660.0,47.0,7018,1,0,1,Pedestrian
66,596.0,2.0,660.0,47.0,7019,1,0,1,Pedestrian
66,596.0,2.0,660.0,47.0,7020,1,0,1,Pedestrian
66,596.0,2.0,660.0,47.0,7021,1,0,1,Pedestrian
66,596.0,2.0,660.0,47.0,7022,1,0,1,Pedestrian
66,596.0,2.0,660.0,47.0,7023,1,0,1,Pedestrian
66,596.0,2.0,660.0,47.0,7024,1,0,1,Pedestrian
66,596.0,2.0,660.0,47.0,7025,1,0,1,Pedestrian
66,596.0,2.0,660.0,47.0,7026,1,0,1,Pedestrian
66,596.0,2.0,660.0,47.0,7027,1,0,1,Pedestrian
66,596.0,2.0,660.0,47.0,7028,1,0,1,Pedestrian
66,596.0,2.0,660.0,47.0,7029,1,0,1,Pedestrian
66,596.0,2.0,660.0,47.0,7030,1,0,1,Pedestrian
66,596.0,2.0,660.0,47.0,7031,1,0,1,Pedestrian
66,596.0,2.0,660.0,47.0,7032,1,0,1,Pedestrian
66,596.0,2.0,660.0,47.0,7033,1,0,1,Pedestrian
66,596.0,2.0,660.0,47.0,7034,1,0,1,Pedestrian
66,596.0,2.0,660.0,47.0,7035,1,0,1,Pedestrian
66,596.0,2.0,660.0,47.0,7036,1,0,1,Pedestrian
66,596.0,2.0,660.0,47.0,7037,1,0,1,Pedestrian
66,596.0,2.0,660.0,47.0,7038,1,0,1,Pedestrian
66,596.0,2.0,660.0,47.0,7039,1,0,1,Pedestrian
66,596.0,2.0,660.0,47.0,7040,1,0,1,Pedestrian
66,596.0,2.0,660.0,47.0,7041,1,0,1,Pedestrian
66,596.0,2.0,660.0,47.0,7042,1,0,1,Pedestrian
66,596.0,2.0,660.0,47.0,7043,1,0,1,Pedestrian
66,596.0,2.0,660.0,47.0,7044,1,0,1,Pedestrian
66,596.0,2.0,660.0,47.0,7045,1,0,1,Pedestrian
66,596.0,2.0,660.0,47.0,7046,1,0,1,Pedestrian
66,596.0,2.0,660.0,47.0,7047,1,0,1,Pedestrian
66,596.0,2.0,660.0,47.0,7048,1,0,1,Pedestrian
66,596.0,2.0,660.0,47.0,7049,1,0,1,Pedestrian
66,596.0,2.0,660.0,47.0,7050,1,0,1,Pedestrian
66,596.0,2.0,660.0,47.0,7051,1,0,1,Pedestrian
66,596.0,2.0,660.0,47.0,7052,1,0,1,Pedestrian
66,596.0,2.0,660.0,47.0,7053,1,0,1,Pedestrian
66,596.0,2.0,660.0,47.0,7054,1,0,1,Pedestrian
66,596.0,2.0,660.0,47.0,7055,1,0,1,Pedestrian
66,596.0,2.0,660.0,47.0,7056,1,0,1,Pedestrian
66,596.0,2.0,660.0,47.0,7057,1,0,1,Pedestrian
66,596.0,2.0,660.0,47.0,7058,1,0,1,Pedestrian
66,596.0,2.0,660.0,47.0,7059,1,0,1,Pedestrian
66,596.0,2.0,660.0,47.0,7060,1,0,1,Pedestrian
66,596.0,2.0,660.0,47.0,7061,1,0,1,Pedestrian
66,596.0,2.0,660.0,47.0,7062,1,0,1,Pedestrian
66,596.0,2.0,660.0,47.0,7063,1,0,1,Pedestrian
66,596.0,2.0,660.0,47.0,7064,1,0,1,Pedestrian
66,596.0,2.0,660.0,47.0,7065,1,0,1,Pedestrian
66,596.0,2.0,660.0,47.0,7066,1,0,1,Pedestrian
66,596.0,2.0,660.0,47.0,7067,1,0,1,Pedestrian
66,596.0,2.0,660.0,47.0,7068,1,0,1,Pedestrian
66,596.0,2.0,660.0,47.0,7069,1,0,1,Pedestrian
66,596.0,2.0,660.0,47.0,7070,1,0,1,Pedestrian
66,596.0,2.0,660.0,47.0,7071,1,0,1,Pedestrian
66,596.0,2.0,660.0,47.0,7072,1,0,1,Pedestrian
66,596.0,2.0,660.0,47.0,7073,1,0,1,Pedestrian
66,596.0,2.0,660.0,47.0,7074,1,0,1,Pedestrian
66,596.0,2.0,660.0,47.0,7075,1,0,1,Pedestrian
66,596.0,2.0,660.0,47.0,7076,1,0,1,Pedestrian
66,596.0,2.0,660.0,47.0,7077,1,0,1,Pedestrian
66,596.0,2.0,660.0,47.0,7078,1,0,1,Pedestrian
66,596.0,2.0,660.0,47.0,7079,1,0,1,Pedestrian
66,596.0,2.0,660.0,47.0,7080,1,0,1,Pedestrian
66,596.0,2.0,660.0,47.0,7081,1,0,1,Pedestrian
66,596.0,2.0,660.0,47.0,7082,1,0,1,Pedestrian
66,596.0,2.0,660.0,47.0,7083,1,0,1,Pedestrian
66,596.0,2.0,660.0,47.0,7084,1,0,1,Pedestrian
66,596.0,2.0,660.0,47.0,7085,1,0,1,Pedestrian
66,596.0,2.0,660.0,47.0,7086,1,0,1,Pedestrian
66,596.0,2.0,660.0,47.0,7087,1,0,1,Pedestrian
66,596.0,2.0,660.0,47.0,7088,1,0,1,Pedestrian
66,596.0,2.0,660.0,47.0,7089,1,0,1,Pedestrian
66,596.0,2.0,660.0,47.0,7090,1,0,1,Pedestrian
66,596.0,2.0,660.0,47.0,7091,1,0,1,Pedestrian
66,596.0,2.0,660.0,47.0,7092,1,0,1,Pedestrian
66,596.0,2.0,660.0,47.0,7093,1,0,1,Pedestrian
66,596.0,2.0,660.0,47.0,7094,1,0,1,Pedestrian
66,596.0,2.0,660.0,47.0,7095,1,0,1,Pedestrian
66,596.0,2.0,660.0,47.0,7096,1,0,1,Pedestrian
66,596.0,2.0,660.0,47.0,7097,1,0,1,Pedestrian
66,596.0,2.0,660.0,47.0,7098,1,0,1,Pedestrian
66,596.0,2.0,660.0,47.0,7099,1,0,1,Pedestrian
66,596.0,2.0,660.0,47.0,7100,1,0,1,Pedestrian
66,596.0,2.0,660.0,47.0,7101,1,0,1,Pedestrian
66,596.0,2.0,660.0,47.0,7102,1,0,1,Pedestrian
66,596.0,2.0,660.0,47.0,7103,1,0,1,Pedestrian
66,596.0,2.0,660.0,47.0,7104,1,0,1,Pedestrian
66,596.0,2.0,660.0,47.0,7105,1,0,1,Pedestrian
66,596.0,2.0,660.0,47.0,7106,1,0,1,Pedestrian
66,596.0,2.0,660.0,47.0,7107,1,0,1,Pedestrian
66,596.0,2.0,660.0,47.0,7108,1,0,1,Pedestrian
66,596.0,2.0,660.0,47.0,7109,1,0,1,Pedestrian
66,596.0,2.0,660.0,47.0,7110,1,0,1,Pedestrian
66,596.0,2.0,660.0,47.0,7111,1,0,1,Pedestrian
66,596.0,2.0,660.0,47.0,7112,1,0,1,Pedestrian
66,596.0,2.0,660.0,47.0,7113,1,0,1,Pedestrian
66,596.0,2.0,660.0,47.0,7114,1,0,1,Pedestrian
66,596.0,2.0,660.0,47.0,7115,1,0,1,Pedestrian
66,596.0,2.0,660.0,47.0,7116,1,0,1,Pedestrian
66,596.0,2.0,660.0,47.0,7117,1,0,1,Pedestrian
66,596.0,2.0,660.0,47.0,7118,1,0,1,Pedestrian
66,596.0,2.0,660.0,47.0,7119,1,0,1,Pedestrian
66,596.0,2.0,660.0,47.0,7120,1,0,1,Pedestrian
66,596.0,2.0,660.0,47.0,7121,1,0,1,Pedestrian
66,596.0,2.0,660.0,47.0,7122,1,0,1,Pedestrian
66,596.0,2.0,660.0,47.0,7123,1,0,1,Pedestrian
66,596.0,2.0,660.0,47.0,7124,1,0,1,Pedestrian
66,596.0,2.0,660.0,47.0,7125,1,0,1,Pedestrian
66,596.0,2.0,660.0,47.0,7126,1,0,1,Pedestrian
66,596.0,2.0,660.0,47.0,7127,1,0,1,Pedestrian
66,596.0,2.0,660.0,47.0,7128,1,0,1,Pedestrian
66,596.0,2.0,660.0,47.0,7129,1,0,1,Pedestrian
66,596.0,2.0,660.0,47.0,7130,1,0,1,Pedestrian
66,596.0,2.0,660.0,47.0,7131,1,0,1,Pedestrian
66,596.0,2.0,660.0,47.0,7132,1,0,1,Pedestrian
66,596.0,2.0,660.0,47.0,7133,1,0,1,Pedestrian
66,596.0,2.0,660.0,47.0,7134,1,0,1,Pedestrian
66,596.0,2.0,660.0,47.0,7135,1,0,1,Pedestrian
66,596.0,2.0,660.0,47.0,7136,1,0,1,Pedestrian
66,596.0,2.0,660.0,47.0,7137,1,0,1,Pedestrian
66,596.0,2.0,660.0,47.0,7138,1,0,1,Pedestrian
66,596.0,2.0,660.0,47.0,7139,1,0,1,Pedestrian
66,596.0,2.0,660.0,47.0,7140,1,0,1,Pedestrian
66,596.0,2.0,660.0,47.0,7141,1,0,1,Pedestrian
66,596.0,2.0,660.0,47.0,7142,1,0,1,Pedestrian
66,596.0,2.0,660.0,47.0,7143,1,0,1,Pedestrian
66,596.0,2.0,660.0,47.0,7144,1,0,1,Pedestrian
66,596.0,2.0,660.0,47.0,7145,1,0,1,Pedestrian
66,596.0,2.0,660.0,47.0,7146,1,0,1,Pedestrian
66,596.0,2.0,660.0,47.0,7147,1,0,1,Pedestrian
66,596.0,2.0,660.0,47.0,7148,1,0,1,Pedestrian
66,596.0,2.0,660.0,47.0,7149,1,0,1,Pedestrian
66,596.0,2.0,660.0,47.0,7150,1,0,1,Pedestrian
66,596.0,2.0,660.0,47.0,7151,1,0,1,Pedestrian
66,596.0,2.0,660.0,47.0,7152,1,0,1,Pedestrian
66,596.0,2.0,660.0,47.0,7153,1,0,1,Pedestrian
66,596.0,2.0,660.0,47.0,7154,1,0,1,Pedestrian
66,596.0,2.0,660.0,47.0,7155,1,0,1,Pedestrian
66,596.0,2.0,660.0,47.0,7156,1,0,1,Pedestrian
66,596.0,2.0,660.0,47.0,7157,1,0,1,Pedestrian
66,596.0,2.0,660.0,47.0,7158,1,0,1,Pedestrian
66,596.0,2.0,660.0,47.0,7159,1,0,1,Pedestrian
66,596.0,2.0,660.0,47.0,7160,1,0,1,Pedestrian
66,596.0,2.0,660.0,47.0,7161,1,0,1,Pedestrian
66,596.0,2.0,660.0,47.0,7162,1,0,1,Pedestrian
66,596.0,2.0,660.0,47.0,7163,1,0,1,Pedestrian
66,596.0,2.0,660.0,47.0,7164,1,0,1,Pedestrian
66,596.0,2.0,660.0,47.0,7165,1,0,1,Pedestrian
66,596.0,2.0,660.0,47.0,7166,1,0,1,Pedestrian
66,596.0,2.0,660.0,47.0,7167,1,0,1,Pedestrian
66,596.0,2.0,660.0,47.0,7168,1,0,1,Pedestrian
66,596.0,2.0,660.0,47.0,7169,1,0,1,Pedestrian
66,596.0,2.0,660.0,47.0,7170,1,0,1,Pedestrian
66,596.0,2.0,660.0,47.0,7171,1,0,1,Pedestrian
66,596.0,2.0,660.0,47.0,7172,1,0,1,Pedestrian
66,596.0,2.0,660.0,47.0,7173,1,0,1,Pedestrian
66,596.0,2.0,660.0,47.0,7174,1,0,1,Pedestrian
66,596.0,2.0,660.0,47.0,7175,1,0,1,Pedestrian
66,596.0,2.0,660.0,47.0,7176,1,0,1,Pedestrian
66,596.0,2.0,660.0,47.0,7177,1,0,1,Pedestrian
66,596.0,2.0,660.0,47.0,7178,1,0,1,Pedestrian
66,596.0,2.0,660.0,47.0,7179,1,0,1,Pedestrian
66,596.0,2.0,660.0,47.0,7180,1,0,1,Pedestrian
66,596.0,2.0,660.0,47.0,7181,1,0,1,Pedestrian
66,596.0,2.0,660.0,47.0,7182,1,0,1,Pedestrian
66,596.0,2.0,660.0,47.0,7183,1,0,1,Pedestrian
66,596.0,2.0,660.0,47.0,7184,1,0,1,Pedestrian
66,596.0,2.0,660.0,47.0,7185,1,0,1,Pedestrian
66,596.0,2.0,660.0,47.0,7186,1,0,1,Pedestrian
66,596.0,2.0,660.0,47.0,7187,1,0,1,Pedestrian
66,596.0,2.0,660.0,47.0,7188,1,0,1,Pedestrian
66,596.0,2.0,660.0,47.0,7189,1,0,1,Pedestrian
66,596.0,2.0,660.0,47.0,7190,1,0,1,Pedestrian
66,596.0,2.0,660.0,47.0,7191,1,0,1,Pedestrian
66,596.0,2.0,660.0,47.0,7192,1,0,1,Pedestrian
66,596.0,2.0,660.0,47.0,7193,1,0,1,Pedestrian
66,596.0,2.0,660.0,47.0,7194,1,0,1,Pedestrian
66,596.0,2.0,660.0,47.0,7195,1,0,1,Pedestrian
66,596.0,2.0,660.0,47.0,7196,1,0,1,Pedestrian
66,596.0,2.0,660.0,47.0,7197,1,0,1,Pedestrian
66,596.0,2.0,660.0,47.0,7198,1,0,1,Pedestrian
66,596.0,2.0,660.0,47.0,7199,1,0,1,Pedestrian
66,596.0,2.0,660.0,47.0,7200,1,0,1,Pedestrian
66,596.0,2.0,660.0,47.0,7201,1,0,1,Pedestrian
66,596.0,2.0,660.0,47.0,7202,1,0,1,Pedestrian
66,596.0,2.0,660.0,47.0,7203,1,0,1,Pedestrian
66,596.0,2.0,660.0,47.0,7204,1,0,1,Pedestrian
66,596.0,2.0,660.0,47.0,7205,1,0,1,Pedestrian
66,596.0,2.0,660.0,47.0,7206,1,0,1,Pedestrian
66,596.0,2.0,660.0,47.0,7207,1,0,1,Pedestrian
66,596.0,2.0,660.0,47.0,7208,1,0,1,Pedestrian
66,596.0,2.0,660.0,47.0,7209,1,0,1,Pedestrian
66,596.0,2.0,660.0,47.0,7210,1,0,1,Pedestrian
66,596.0,2.0,660.0,47.0,7211,1,0,1,Pedestrian
66,596.0,2.0,660.0,47.0,7212,1,0,1,Pedestrian
66,596.0,2.0,660.0,47.0,7213,1,0,1,Pedestrian
66,596.0,2.0,660.0,47.0,7214,1,0,1,Pedestrian
66,596.0,2.0,660.0,47.0,7215,1,0,1,Pedestrian
66,596.0,2.0,660.0,47.0,7216,1,0,1,Pedestrian
66,596.0,2.0,660.0,47.0,7217,1,0,1,Pedestrian
66,596.0,2.0,660.0,47.0,7218,1,0,1,Pedestrian
66,596.0,2.0,660.0,47.0,7219,1,0,1,Pedestrian
66,596.0,2.0,660.0,47.0,7220,1,0,1,Pedestrian
66,596.0,2.0,660.0,47.0,7221,1,0,1,Pedestrian
66,596.0,2.0,660.0,47.0,7222,1,0,1,Pedestrian
66,596.0,2.0,660.0,47.0,7223,1,0,1,Pedestrian
66,596.0,2.0,660.0,47.0,7224,1,0,1,Pedestrian
66,596.0,2.0,660.0,47.0,7225,1,0,1,Pedestrian
66,596.0,2.0,660.0,47.0,7226,1,0,1,Pedestrian
66,596.0,2.0,660.0,47.0,7227,1,0,1,Pedestrian
66,596.0,2.0,660.0,47.0,7228,1,0,1,Pedestrian
66,596.0,2.0,660.0,47.0,7229,1,0,1,Pedestrian
66,596.0,2.0,660.0,47.0,7230,1,0,1,Pedestrian
66,596.0,2.0,660.0,47.0,7231,1,0,1,Pedestrian
66,596.0,2.0,660.0,47.0,7232,1,0,1,Pedestrian
66,596.0,2.0,660.0,47.0,7233,1,0,1,Pedestrian
66,596.0,2.0,660.0,47.0,7234,1,0,1,Pedestrian
66,596.0,2.0,660.0,47.0,7235,1,0,1,Pedestrian
66,596.0,2.0,660.0,47.0,7236,1,0,1,Pedestrian
66,596.0,2.0,660.0,47.0,7237,1,0,1,Pedestrian
66,596.0,2.0,660.0,47.0,7238,1,0,1,Pedestrian
66,596.0,2.0,660.0,47.0,7239,1,0,1,Pedestrian
66,596.0,2.0,660.0,47.0,7240,1,0,1,Pedestrian
66,596.0,2.0,660.0,47.0,7241,1,0,1,Pedestrian
66,596.0,2.0,660.0,47.0,7242,1,0,1,Pedestrian
66,596.0,2.0,660.0,47.0,7243,1,0,1,Pedestrian
66,596.0,2.0,660.0,47.0,7244,1,0,1,Pedestrian
66,596.0,2.0,660.0,47.0,7245,1,0,1,Pedestrian
66,596.0,2.0,660.0,47.0,7246,1,0,1,Pedestrian
66,596.0,2.0,660.0,47.0,7247,1,0,1,Pedestrian
66,596.0,2.0,660.0,47.0,7248,1,0,1,Pedestrian
66,596.0,2.0,660.0,47.0,7249,1,0,1,Pedestrian
66,596.0,2.0,660.0,47.0,7250,1,0,1,Pedestrian
66,596.0,2.0,660.0,47.0,7251,1,0,1,Pedestrian
66,596.0,2.0,660.0,47.0,7252,1,0,1,Pedestrian
66,596.0,2.0,660.0,47.0,7253,1,0,1,Pedestrian
66,596.0,2.0,660.0,47.0,7254,1,0,1,Pedestrian
66,596.0,2.0,660.0,47.0,7255,1,0,1,Pedestrian
66,596.0,2.0,660.0,47.0,7256,1,0,1,Pedestrian
66,596.0,2.0,660.0,47.0,7257,1,0,1,Pedestrian
66,596.0,2.0,660.0,47.0,7258,1,0,1,Pedestrian
66,596.0,2.0,660.0,47.0,7259,1,0,1,Pedestrian
66,596.0,2.0,660.0,47.0,7260,1,0,1,Pedestrian
66,596.0,2.0,660.0,47.0,7261,1,0,1,Pedestrian
66,596.0,2.0,660.0,47.0,7262,1,0,1,Pedestrian
66,596.0,2.0,660.0,47.0,7263,1,0,1,Pedestrian
66,596.0,2.0,660.0,47.0,7264,1,0,1,Pedestrian
66,596.0,2.0,660.0,47.0,7265,1,0,1,Pedestrian
66,596.0,2.0,660.0,47.0,7266,1,0,1,Pedestrian
66,596.0,2.0,660.0,47.0,7267,1,0,1,Pedestrian
66,596.0,2.0,660.0,47.0,7268,1,0,1,Pedestrian
66,596.0,2.0,660.0,47.0,7269,1,0,1,Pedestrian
66,596.0,2.0,660.0,47.0,7270,1,0,1,Pedestrian
66,596.0,2.0,660.0,47.0,7271,1,0,1,Pedestrian
66,596.0,2.0,660.0,47.0,7272,1,0,1,Pedestrian
66,596.0,2.0,660.0,47.0,7273,1,0,1,Pedestrian
66,596.0,2.0,660.0,47.0,7274,1,0,1,Pedestrian
66,596.0,2.0,660.0,47.0,7275,1,0,1,Pedestrian
66,596.0,2.0,660.0,47.0,7276,1,0,1,Pedestrian
66,596.0,2.0,660.0,47.0,7277,1,0,1,Pedestrian
66,596.0,2.0,660.0,47.0,7278,1,0,1,Pedestrian
66,596.0,2.0,660.0,47.0,7279,1,0,1,Pedestrian
66,596.0,2.0,660.0,47.0,7280,1,0,1,Pedestrian
66,596.0,2.0,660.0,47.0,7281,1,0,1,Pedestrian
66,596.0,2.0,660.0,47.0,7282,1,0,1,Pedestrian
66,596.0,2.0,660.0,47.0,7283,1,0,1,Pedestrian
66,596.0,2.0,660.0,47.0,7284,1,0,1,Pedestrian
66,596.0,2.0,660.0,47.0,7285,1,0,1,Pedestrian
66,596.0,2.0,660.0,47.0,7286,1,0,1,Pedestrian
66,596.0,2.0,660.0,47.0,7287,1,0,1,Pedestrian
66,596.0,2.0,660.0,47.0,7288,1,0,1,Pedestrian
66,596.0,2.0,660.0,47.0,7289,1,0,1,Pedestrian
66,596.0,2.0,660.0,47.0,7290,1,0,1,Pedestrian
66,596.0,2.0,660.0,47.0,7291,1,0,1,Pedestrian
66,596.0,2.0,660.0,47.0,7292,1,0,1,Pedestrian
66,596.0,2.0,660.0,47.0,7293,1,0,1,Pedestrian
66,596.0,2.0,660.0,47.0,7294,1,0,1,Pedestrian
66,596.0,2.0,660.0,47.0,7295,0,0,0,Pedestrian
66,594.0,2.0,657.0,47.0,7296,0,0,1,Pedestrian
66,594.0,2.0,657.0,47.0,7297,0,0,1,Pedestrian
66,594.0,2.0,657.0,47.0,7298,0,0,1,Pedestrian
66,594.0,2.0,657.0,47.0,7299,0,0,1,Pedestrian
66,594.0,2.0,657.0,47.0,7300,0,0,1,Pedestrian
66,591.0,2.0,654.0,47.0,7301,0,0,1,Pedestrian
66,591.0,2.0,654.0,47.0,7302,0,0,1,Pedestrian
66,591.0,2.0,654.0,47.0,7303,0,0,1,Pedestrian
66,591.0,2.0,654.0,47.0,7304,0,0,1,Pedestrian
66,591.0,2.0,654.0,47.0,7305,0,0,1,Pedestrian
66,591.0,2.0,654.0,47.0,7306,0,0,1,Pedestrian
66,588.0,2.0,651.0,47.0,7307,0,0,1,Pedestrian
66,588.0,2.0,651.0,47.0,7308,0,0,1,Pedestrian
66,588.0,2.0,651.0,47.0,7309,0,0,1,Pedestrian
66,588.0,2.0,651.0,47.0,7310,0,0,1,Pedestrian
66,588.0,2.0,651.0,47.0,7311,0,0,1,Pedestrian
66,585.0,2.0,649.0,47.0,7312,0,0,1,Pedestrian
66,585.0,2.0,649.0,47.0,7313,0,0,1,Pedestrian
66,585.0,2.0,649.0,47.0,7314,0,0,1,Pedestrian
66,585.0,2.0,649.0,47.0,7315,0,0,1,Pedestrian
66,585.0,2.0,649.0,47.0,7316,0,0,1,Pedestrian
66,585.0,2.0,649.0,47.0,7317,0,0,0,Pedestrian
66,583.0,2.0,646.0,47.0,7318,0,0,1,Pedestrian
66,583.0,4.0,646.0,50.0,7319,0,0,1,Pedestrian
66,583.0,4.0,646.0,50.0,7320,0,0,1,Pedestrian
66,583.0,6.0,646.0,52.0,7321,0,0,1,Pedestrian
66,583.0,6.0,646.0,52.0,7322,0,0,1,Pedestrian
66,583.0,9.0,646.0,54.0,7323,0,0,1,Pedestrian
66,583.0,9.0,646.0,54.0,7324,0,0,1,Pedestrian
66,583.0,11.0,646.0,56.0,7325,0,0,1,Pedestrian
66,583.0,11.0,646.0,56.0,7326,0,0,1,Pedestrian
66,583.0,13.0,646.0,59.0,7327,0,0,0,Pedestrian
66,580.0,13.0,643.0,59.0,7328,0,0,1,Pedestrian
66,580.0,13.0,643.0,59.0,7329,0,0,1,Pedestrian
66,580.0,13.0,643.0,59.0,7330,0,0,1,Pedestrian
66,580.0,15.0,643.0,61.0,7331,0,0,1,Pedestrian
66,580.0,15.0,643.0,61.0,7332,0,0,1,Pedestrian
66,577.0,15.0,640.0,61.0,7333,0,0,1,Pedestrian
66,577.0,18.0,640.0,63.0,7334,0,0,1,Pedestrian
66,577.0,18.0,640.0,63.0,7335,0,0,1,Pedestrian
66,577.0,18.0,640.0,63.0,7336,0,0,1,Pedestrian
66,577.0,20.0,640.0,66.0,7337,0,0,0,Pedestrian
66,577.0,20.0,640.0,66.0,7338,0,0,1,Pedestrian
66,577.0,22.0,640.0,68.0,7339,0,0,1,Pedestrian
66,577.0,25.0,640.0,70.0,7340,0,0,1,Pedestrian
66,577.0,25.0,640.0,70.0,7341,0,0,1,Pedestrian
66,577.0,27.0,640.0,72.0,7342,0,0,1,Pedestrian
66,577.0,29.0,640.0,75.0,7343,0,0,1,Pedestrian
66,577.0,31.0,640.0,77.0,7344,0,0,1,Pedestrian
66,577.0,31.0,640.0,77.0,7345,0,0,1,Pedestrian
66,577.0,34.0,640.0,79.0,7346,0,0,1,Pedestrian
66,577.0,36.0,640.0,81.0,7347,0,0,1,Pedestrian
66,580.0,36.0,643.0,81.0,7348,0,0,1,Pedestrian
66,580.0,38.0,643.0,84.0,7349,0,0,1,Pedestrian
66,580.0,40.0,643.0,86.0,7350,0,0,1,Pedestrian
66,580.0,43.0,643.0,88.0,7351,0,0,1,Pedestrian
66,580.0,43.0,643.0,88.0,7352,0,0,1,Pedestrian
66,580.0,45.0,643.0,91.0,7353,0,0,1,Pedestrian
66,580.0,47.0,643.0,93.0,7354,0,0,1,Pedestrian
66,580.0,47.0,643.0,93.0,7355,0,0,1,Pedestrian
66,580.0,50.0,643.0,95.0,7356,0,0,1,Pedestrian
66,580.0,52.0,643.0,97.0,7357,0,0,1,Pedestrian
66,583.0,54.0,646.0,100.0,7358,0,0,1,Pedestrian
66,583.0,54.0,646.0,100.0,7359,0,0,1,Pedestrian
66,583.0,56.0,646.0,102.0,7360,0,0,1,Pedestrian
66,583.0,59.0,646.0,104.0,7361,0,0,1,Pedestrian
66,583.0,61.0,646.0,107.0,7362,0,0,1,Pedestrian
66,583.0,61.0,646.0,107.0,7363,0,0,1,Pedestrian
66,583.0,63.0,646.0,109.0,7364,0,0,1,Pedestrian
66,583.0,66.0,646.0,111.0,7365,0,0,1,Pedestrian
66,583.0,66.0,646.0,111.0,7366,0,0,1,Pedestrian
66,583.0,68.0,646.0,113.0,7367,0,0,1,Pedestrian
66,585.0,70.0,649.0,116.0,7368,0,0,1,Pedestrian
66,585.0,72.0,649.0,118.0,7369,0,0,1,Pedestrian
66,585.0,72.0,649.0,118.0,7370,0,0,1,Pedestrian
66,585.0,75.0,649.0,120.0,7371,0,0,1,Pedestrian
66,585.0,77.0,649.0,122.0,7372,0,0,1,Pedestrian
66,585.0,77.0,649.0,122.0,7373,0,0,1,Pedestrian
66,585.0,79.0,649.0,125.0,7374,0,0,1,Pedestrian
66,585.0,81.0,649.0,127.0,7375,0,0,1,Pedestrian
66,585.0,84.0,649.0,129.0,7376,0,0,1,Pedestrian
66,585.0,84.0,649.0,129.0,7377,0,0,1,Pedestrian
66,588.0,86.0,651.0,132.0,7378,0,0,1,Pedestrian
66,588.0,88.0,651.0,134.0,7379,0,0,1,Pedestrian
66,588.0,88.0,651.0,134.0,7380,0,0,1,Pedestrian
66,588.0,91.0,651.0,136.0,7381,0,0,1,Pedestrian
66,588.0,93.0,651.0,138.0,7382,0,0,1,Pedestrian
66,588.0,95.0,651.0,141.0,7383,0,0,1,Pedestrian
66,588.0,95.0,651.0,141.0,7384,0,0,1,Pedestrian
66,588.0,97.0,651.0,143.0,7385,0,0,1,Pedestrian
66,588.0,100.0,651.0,145.0,7386,0,0,1,Pedestrian
66,588.0,102.0,651.0,148.0,7387,0,0,1,Pedestrian
66,591.0,102.0,654.0,148.0,7388,0,0,1,Pedestrian
66,591.0,104.0,654.0,150.0,7389,0,0,1,Pedestrian
66,591.0,107.0,654.0,152.0,7390,0,0,1,Pedestrian
66,591.0,107.0,654.0,152.0,7391,0,0,1,Pedestrian
66,591.0,109.0,654.0,154.0,7392,0,0,1,Pedestrian
66,591.0,111.0,654.0,157.0,7393,0,0,1,Pedestrian
66,591.0,113.0,654.0,159.0,7394,0,0,1,Pedestrian
66,591.0,113.0,654.0,159.0,7395,0,0,1,Pedestrian
66,591.0,116.0,654.0,161.0,7396,0,0,1,Pedestrian
66,591.0,118.0,654.0,163.0,7397,0,0,1,Pedestrian
66,594.0,118.0,657.0,163.0,7398,0,0,1,Pedestrian
66,594.0,120.0,657.0,166.0,7399,0,0,1,Pedestrian
66,594.0,122.0,657.0,168.0,7400,0,0,1,Pedestrian
66,594.0,125.0,657.0,170.0,7401,0,0,1,Pedestrian
66,594.0,125.0,657.0,170.0,7402,0,0,1,Pedestrian
66,594.0,127.0,657.0,173.0,7403,0,0,1,Pedestrian
66,594.0,129.0,657.0,175.0,7404,0,0,1,Pedestrian
66,594.0,132.0,657.0,177.0,7405,0,0,1,Pedestrian
66,594.0,132.0,657.0,177.0,7406,0,0,1,Pedestrian
66,594.0,134.0,657.0,179.0,7407,0,0,1,Pedestrian
66,596.0,136.0,660.0,182.0,7408,0,0,1,Pedestrian
66,596.0,136.0,660.0,182.0,7409,0,0,1,Pedestrian
66,596.0,138.0,660.0,184.0,7410,0,0,1,Pedestrian
66,596.0,141.0,660.0,186.0,7411,0,0,1,Pedestrian
66,596.0,143.0,660.0,188.0,7412,0,0,1,Pedestrian
66,596.0,143.0,660.0,188.0,7413,0,0,1,Pedestrian
66,596.0,145.0,660.0,191.0,7414,0,0,1,Pedestrian
66,596.0,148.0,660.0,193.0,7415,0,0,1,Pedestrian
66,596.0,148.0,660.0,193.0,7416,0,0,1,Pedestrian
66,596.0,150.0,660.0,195.0,7417,0,0,1,Pedestrian
66,599.0,152.0,662.0,198.0,7418,0,0,1,Pedestrian
66,599.0,154.0,662.0,200.0,7419,0,0,1,Pedestrian
66,599.0,154.0,662.0,200.0,7420,0,0,1,Pedestrian
66,599.0,157.0,662.0,202.0,7421,0,0,1,Pedestrian
66,599.0,159.0,662.0,204.0,7422,0,0,1,Pedestrian
66,599.0,159.0,662.0,204.0,7423,0,0,1,Pedestrian
66,599.0,161.0,662.0,207.0,7424,0,0,1,Pedestrian
66,599.0,163.0,662.0,209.0,7425,0,0,1,Pedestrian
66,599.0,166.0,662.0,211.0,7426,0,0,1,Pedestrian
66,599.0,166.0,662.0,211.0,7427,0,0,1,Pedestrian
66,602.0,168.0,665.0,214.0,7428,0,0,1,Pedestrian
66,602.0,170.0,665.0,216.0,7429,0,0,1,Pedestrian
66,602.0,173.0,665.0,218.0,7430,0,0,1,Pedestrian
66,602.0,173.0,665.0,218.0,7431,0,0,1,Pedestrian
66,602.0,175.0,665.0,220.0,7432,0,0,1,Pedestrian
66,602.0,177.0,665.0,223.0,7433,0,0,1,Pedestrian
66,602.0,177.0,665.0,223.0,7434,0,0,1,Pedestrian
66,602.0,179.0,665.0,225.0,7435,0,0,1,Pedestrian
66,602.0,182.0,665.0,227.0,7436,0,0,1,Pedestrian
66,602.0,184.0,665.0,229.0,7437,0,0,1,Pedestrian
66,605.0,184.0,668.0,229.0,7438,0,0,1,Pedestrian
66,605.0,186.0,668.0,232.0,7439,0,0,1,Pedestrian
66,605.0,188.0,668.0,234.0,7440,0,0,1,Pedestrian
66,605.0,188.0,668.0,234.0,7441,0,0,1,Pedestrian
66,605.0,191.0,668.0,236.0,7442,0,0,1,Pedestrian
66,605.0,193.0,668.0,239.0,7443,0,0,1,Pedestrian
66,605.0,195.0,668.0,241.0,7444,0,0,1,Pedestrian
66,605.0,195.0,668.0,241.0,7445,0,0,1,Pedestrian
66,605.0,198.0,668.0,243.0,7446,0,0,1,Pedestrian
66,605.0,200.0,668.0,245.0,7447,0,0,1,Pedestrian
66,607.0,202.0,671.0,248.0,7448,0,0,0,Pedestrian
66,605.0,202.0,668.0,248.0,7449,0,0,1,Pedestrian
66,605.0,204.0,668.0,250.0,7450,0,0,1,Pedestrian
66,605.0,204.0,668.0,250.0,7451,0,0,1,Pedestrian
66,605.0,207.0,668.0,252.0,7452,0,0,1,Pedestrian
66,605.0,209.0,668.0,255.0,7453,0,0,1,Pedestrian
66,605.0,209.0,668.0,255.0,7454,0,0,1,Pedestrian
66,605.0,211.0,668.0,257.0,7455,0,0,1,Pedestrian
66,602.0,214.0,665.0,259.0,7456,0,0,1,Pedestrian
66,602.0,214.0,665.0,259.0,7457,0,0,1,Pedestrian
66,602.0,216.0,665.0,261.0,7458,0,0,1,Pedestrian
66,602.0,216.0,665.0,261.0,7459,0,0,1,Pedestrian
66,602.0,218.0,665.0,264.0,7460,0,0,1,Pedestrian
66,602.0,220.0,665.0,266.0,7461,0,0,1,Pedestrian
66,602.0,220.0,665.0,266.0,7462,0,0,1,Pedestrian
66,599.0,223.0,662.0,268.0,7463,0,0,1,Pedestrian
66,599.0,225.0,662.0,270.0,7464,0,0,1,Pedestrian
66,599.0,225.0,662.0,270.0,7465,0,0,1,Pedestrian
66,599.0,227.0,662.0,273.0,7466,0,0,1,Pedestrian
66,599.0,229.0,662.0,275.0,7467,0,0,1,Pedestrian
66,599.0,229.0,662.0,275.0,7468,0,0,1,Pedestrian
66,599.0,232.0,662.0,277.0,7469,0,0,1,Pedestrian
66,599.0,232.0,662.0,277.0,7470,0,0,1,Pedestrian
66,596.0,234.0,660.0,280.0,7471,0,0,1,Pedestrian
66,596.0,236.0,660.0,282.0,7472,0,0,1,Pedestrian
66,596.0,236.0,660.0,282.0,7473,0,0,1,Pedestrian
66,596.0,239.0,660.0,284.0,7474,0,0,1,Pedestrian
66,596.0,241.0,660.0,286.0,7475,0,0,1,Pedestrian
66,596.0,241.0,660.0,286.0,7476,0,0,1,Pedestrian
66,596.0,243.0,660.0,289.0,7477,0,0,1,Pedestrian
66,594.0,245.0,657.0,291.0,7478,0,0,1,Pedestrian
66,594.0,245.0,657.0,291.0,7479,0,0,1,Pedestrian
66,594.0,248.0,657.0,293.0,7480,0,0,1,Pedestrian
66,594.0,248.0,657.0,293.0,7481,0,0,1,Pedestrian
66,594.0,250.0,657.0,296.0,7482,0,0,1,Pedestrian
66,594.0,252.0,657.0,298.0,7483,0,0,1,Pedestrian
66,594.0,252.0,657.0,298.0,7484,0,0,1,Pedestrian
66,594.0,255.0,657.0,300.0,7485,0,0,1,Pedestrian
66,591.0,257.0,654.0,302.0,7486,0,0,1,Pedestrian
66,591.0,257.0,654.0,302.0,7487,0,0,1,Pedestrian
66,591.0,259.0,654.0,305.0,7488,0,0,1,Pedestrian
66,591.0,261.0,654.0,307.0,7489,0,0,1,Pedestrian
66,591.0,261.0,654.0,307.0,7490,0,0,1,Pedestrian
66,591.0,264.0,654.0,309.0,7491,0,0,1,Pedestrian
66,591.0,264.0,654.0,309.0,7492,0,0,1,Pedestrian
66,588.0,266.0,651.0,311.0,7493,0,0,1,Pedestrian
66,588.0,268.0,651.0,314.0,7494,0,0,1,Pedestrian
66,588.0,268.0,651.0,314.0,7495,0,0,1,Pedestrian
66,588.0,270.0,651.0,316.0,7496,0,0,1,Pedestrian
66,588.0,273.0,651.0,318.0,7497,0,0,1,Pedestrian
66,588.0,273.0,651.0,318.0,7498,0,0,1,Pedestrian
66,588.0,275.0,651.0,321.0,7499,0,0,1,Pedestrian
66,588.0,277.0,651.0,323.0,7500,0,0,0,Pedestrian
66,585.0,277.0,649.0,323.0,7501,0,0,1,Pedestrian
66,585.0,280.0,649.0,325.0,7502,0,0,1,Pedestrian
66,585.0,280.0,649.0,325.0,7503,0,0,1,Pedestrian
66,585.0,282.0,649.0,327.0,7504,0,0,1,Pedestrian
66,585.0,284.0,649.0,330.0,7505,0,0,1,Pedestrian
66,585.0,284.0,649.0,330.0,7506,0,0,1,Pedestrian
66,585.0,286.0,649.0,332.0,7507,0,0,1,Pedestrian
66,585.0,289.0,649.0,332.0,7508,0,0,1,Pedestrian
66,585.0,289.0,649.0,334.0,7509,0,0,1,Pedestrian
66,583.0,291.0,649.0,337.0,7510,0,0,1,Pedestrian
66,583.0,291.0,649.0,337.0,7511,0,0,1,Pedestrian
66,583.0,293.0,649.0,339.0,7512,0,0,1,Pedestrian
66,583.0,296.0,649.0,341.0,7513,0,0,1,Pedestrian
66,583.0,296.0,649.0,341.0,7514,0,0,1,Pedestrian
66,583.0,298.0,646.0,343.0,7515,0,0,1,Pedestrian
66,583.0,300.0,646.0,343.0,7516,0,0,1,Pedestrian
66,583.0,300.0,646.0,346.0,7517,0,0,1,Pedestrian
66,583.0,302.0,646.0,348.0,7518,0,0,1,Pedestrian
66,580.0,302.0,646.0,348.0,7519,0,0,1,Pedestrian
66,580.0,305.0,646.0,350.0,7520,0,0,1,Pedestrian
66,580.0,307.0,646.0,352.0,7521,0,0,1,Pedestrian
66,580.0,307.0,646.0,352.0,7522,0,0,1,Pedestrian
66,580.0,309.0,646.0,355.0,7523,0,0,1,Pedestrian
66,580.0,311.0,646.0,355.0,7524,0,0,1,Pedestrian
66,580.0,311.0,646.0,357.0,7525,0,0,1,Pedestrian
66,580.0,314.0,646.0,359.0,7526,0,0,1,Pedestrian
66,580.0,314.0,646.0,359.0,7527,0,0,1,Pedestrian
66,577.0,316.0,646.0,362.0,7528,0,0,1,Pedestrian
66,577.0,318.0,646.0,364.0,7529,0,0,1,Pedestrian
66,577.0,318.0,643.0,364.0,7530,0,0,1,Pedestrian
66,577.0,321.0,643.0,366.0,7531,0,0,1,Pedestrian
66,577.0,323.0,643.0,366.0,7532,0,0,1,Pedestrian
66,577.0,323.0,643.0,368.0,7533,0,0,1,Pedestrian
66,577.0,325.0,643.0,371.0,7534,0,0,1,Pedestrian
66,577.0,325.0,643.0,371.0,7535,0,0,1,Pedestrian
66,577.0,327.0,643.0,373.0,7536,0,0,1,Pedestrian
66,574.0,330.0,643.0,373.0,7537,0,0,1,Pedestrian
66,574.0,330.0,643.0,375.0,7538,0,0,1,Pedestrian
66,574.0,332.0,643.0,377.0,7539,0,0,1,Pedestrian
66,574.0,334.0,643.0,377.0,7540,0,0,1,Pedestrian
66,574.0,334.0,643.0,380.0,7541,0,0,1,Pedestrian
66,574.0,337.0,643.0,382.0,7542,0,0,1,Pedestrian
66,574.0,337.0,643.0,382.0,7543,0,0,1,Pedestrian
66,574.0,339.0,640.0,384.0,7544,0,0,1,Pedestrian
66,574.0,341.0,640.0,384.0,7545,0,0,1,Pedestrian
66,572.0,341.0,640.0,387.0,7546,0,0,1,Pedestrian
66,572.0,343.0,640.0,389.0,7547,0,0,1,Pedestrian
66,572.0,346.0,640.0,389.0,7548,0,0,1,Pedestrian
66,572.0,346.0,640.0,391.0,7549,0,0,1,Pedestrian
66,572.0,348.0,640.0,393.0,7550,0,0,1,Pedestrian
66,572.0,348.0,640.0,393.0,7551,0,0,1,Pedestrian
66,572.0,350.0,640.0,396.0,7552,0,0,1,Pedestrian
66,572.0,352.0,640.0,396.0,7553,0,0,1,Pedestrian
66,572.0,352.0,640.0,398.0,7554,0,0,1,Pedestrian
66,569.0,355.0,640.0,400.0,7555,0,0,1,Pedestrian
66,569.0,357.0,640.0,400.0,7556,0,0,1,Pedestrian
66,569.0,357.0,640.0,403.0,7557,0,0,1,Pedestrian
66,569.0,359.0,640.0,405.0,7558,0,0,1,Pedestrian
66,569.0,359.0,638.0,405.0,7559,0,0,1,Pedestrian
66,569.0,362.0,638.0,407.0,7560,0,0,1,Pedestrian
66,569.0,364.0,638.0,407.0,7561,0,0,1,Pedestrian
66,569.0,364.0,638.0,409.0,7562,0,0,1,Pedestrian
66,569.0,366.0,638.0,412.0,7563,0,0,1,Pedestrian
66,569.0,368.0,638.0,412.0,7564,0,0,1,Pedestrian
66,566.0,368.0,638.0,414.0,7565,0,0,1,Pedestrian
66,566.0,371.0,638.0,414.0,7566,0,0,1,Pedestrian
66,566.0,371.0,638.0,416.0,7567,0,0,1,Pedestrian
66,566.0,373.0,638.0,418.0,7568,0,0,1,Pedestrian
66,566.0,375.0,638.0,418.0,7569,0,0,1,Pedestrian
66,566.0,375.0,638.0,421.0,7570,0,0,1,Pedestrian
66,566.0,377.0,638.0,423.0,7571,0,0,1,Pedestrian
66,566.0,380.0,638.0,423.0,7572,0,0,1,Pedestrian
66,566.0,380.0,635.0,425.0,7573,0,0,1,Pedestrian
66,563.0,382.0,635.0,425.0,7574,0,0,1,Pedestrian
66,563.0,382.0,635.0,428.0,7575,0,0,1,Pedestrian
66,563.0,384.0,635.0,430.0,7576,0,0,1,Pedestrian
66,563.0,387.0,635.0,430.0,7577,0,0,1,Pedestrian
66,563.0,387.0,635.0,432.0,7578,0,0,1,Pedestrian
66,563.0,389.0,635.0,434.0,7579,0,0,1,Pedestrian
66,563.0,391.0,635.0,434.0,7580,0,0,1,Pedestrian
66,563.0,391.0,635.0,437.0,7581,0,0,1,Pedestrian
66,563.0,393.0,635.0,437.0,7582,0,0,1,Pedestrian
66,561.0,393.0,635.0,439.0,7583,0,0,1,Pedestrian
66,561.0,396.0,635.0,441.0,7584,0,0,1,Pedestrian
66,561.0,398.0,635.0,441.0,7585,0,0,1,Pedestrian
66,561.0,398.0,635.0,444.0,7586,0,0,1,Pedestrian
66,561.0,400.0,635.0,446.0,7587,0,0,1,Pedestrian
66,561.0,403.0,632.0,446.0,7588,0,0,1,Pedestrian
66,561.0,403.0,632.0,448.0,7589,0,0,1,Pedestrian
66,561.0,405.0,632.0,448.0,7590,0,0,1,Pedestrian
66,561.0,407.0,632.0,450.0,7591,0,0,1,Pedestrian
66,558.0,407.0,632.0,453.0,7592,0,0,1,Pedestrian
66,558.0,409.0,632.0,453.0,7593,0,0,1,Pedestrian
66,558.0,409.0,632.0,455.0,7594,0,0,1,Pedestrian
66,558.0,412.0,632.0,455.0,7595,0,0,1,Pedestrian
66,558.0,414.0,632.0,457.0,7596,0,0,1,Pedestrian
66,558.0,414.0,632.0,459.0,7597,0,0,1,Pedestrian
66,558.0,416.0,632.0,459.0,7598,0,0,1,Pedestrian
66,558.0,418.0,632.0,462.0,7599,0,0,1,Pedestrian
66,558.0,418.0,632.0,464.0,7600,0,0,1,Pedestrian
66,555.0,421.0,632.0,464.0,7601,0,0,1,Pedestrian
66,555.0,421.0,629.0,466.0,7602,0,0,1,Pedestrian
66,555.0,423.0,629.0,466.0,7603,0,0,1,Pedestrian
66,555.0,425.0,629.0,469.0,7604,0,0,1,Pedestrian
66,555.0,425.0,629.0,471.0,7605,0,0,1,Pedestrian
66,555.0,428.0,629.0,471.0,7606,0,0,1,Pedestrian
66,555.0,430.0,629.0,473.0,7607,0,0,1,Pedestrian
66,555.0,430.0,629.0,475.0,7608,0,0,1,Pedestrian
66,555.0,432.0,629.0,475.0,7609,0,0,1,Pedestrian
66,552.0,432.0,629.0,478.0,7610,0,0,1,Pedestrian
66,552.0,434.0,629.0,478.0,7611,0,0,1,Pedestrian
66,552.0,437.0,629.0,480.0,7612,0,0,1,Pedestrian
66,552.0,437.0,629.0,482.0,7613,0,0,1,Pedestrian
66,552.0,439.0,629.0,482.0,7614,0,0,1,Pedestrian
66,552.0,441.0,629.0,485.0,7615,0,0,1,Pedestrian
66,552.0,441.0,629.0,487.0,7616,0,0,1,Pedestrian
66,552.0,444.0,627.0,487.0,7617,0,0,1,Pedestrian
66,552.0,444.0,627.0,489.0,7618,0,0,1,Pedestrian
66,552.0,446.0,627.0,489.0,7619,0,0,1,Pedestrian
66,550.0,448.0,627.0,491.0,7620,0,0,1,Pedestrian
66,550.0,448.0,627.0,494.0,7621,0,0,1,Pedestrian
66,550.0,450.0,627.0,494.0,7622,0,0,1,Pedestrian
66,550.0,453.0,627.0,496.0,7623,0,0,1,Pedestrian
66,550.0,453.0,627.0,496.0,7624,0,0,1,Pedestrian
66,550.0,455.0,627.0,498.0,7625,0,0,1,Pedestrian
66,550.0,455.0,627.0,500.0,7626,0,0,1,Pedestrian
66,550.0,457.0,627.0,500.0,7627,0,0,1,Pedestrian
66,550.0,459.0,627.0,503.0,7628,0,0,1,Pedestrian
66,547.0,459.0,627.0,505.0,7629,0,0,1,Pedestrian
66,547.0,462.0,627.0,505.0,7630,0,0,1,Pedestrian
66,547.0,464.0,624.0,507.0,7631,0,0,1,Pedestrian
66,547.0,464.0,624.0,507.0,7632,0,0,1,Pedestrian
66,547.0,466.0,624.0,510.0,7633,0,0,1,Pedestrian
66,547.0,466.0,624.0,512.0,7634,0,0,1,Pedestrian
66,547.0,469.0,624.0,512.0,7635,0,0,1,Pedestrian
66,547.0,471.0,624.0,514.0,7636,0,0,1,Pedestrian
66,547.0,471.0,624.0,516.0,7637,0,0,1,Pedestrian
66,544.0,473.0,624.0,516.0,7638,0,0,1,Pedestrian
66,544.0,475.0,624.0,519.0,7639,0,0,1,Pedestrian
66,544.0,475.0,624.0,519.0,7640,0,0,1,Pedestrian
66,544.0,478.0,624.0,521.0,7641,0,0,1,Pedestrian
66,544.0,478.0,624.0,523.0,7642,0,0,1,Pedestrian
66,544.0,480.0,624.0,523.0,7643,0,0,1,Pedestrian
66,544.0,482.0,624.0,526.0,7644,0,0,1,Pedestrian
66,544.0,482.0,624.0,528.0,7645,0,0,1,Pedestrian
66,544.0,485.0,621.0,528.0,7646,0,0,1,Pedestrian
66,541.0,487.0,621.0,530.0,7647,0,0,1,Pedestrian
66,541.0,487.0,621.0,530.0,7648,0,0,1,Pedestrian
66,541.0,489.0,621.0,532.0,7649,0,0,1,Pedestrian
66,541.0,489.0,621.0,535.0,7650,0,0,1,Pedestrian
66,541.0,491.0,621.0,535.0,7651,0,0,1,Pedestrian
66,541.0,494.0,621.0,537.0,7652,0,0,1,Pedestrian
66,541.0,494.0,621.0,537.0,7653,0,0,1,Pedestrian
66,541.0,496.0,621.0,539.0,7654,0,0,1,Pedestrian
66,541.0,498.0,621.0,541.0,7655,0,0,1,Pedestrian
66,539.0,498.0,621.0,541.0,7656,0,0,1,Pedestrian
66,539.0,500.0,621.0,544.0,7657,0,0,1,Pedestrian
66,539.0,500.0,621.0,546.0,7658,0,0,1,Pedestrian
66,539.0,503.0,621.0,546.0,7659,0,0,1,Pedestrian
66,539.0,505.0,618.0,548.0,7660,0,0,1,Pedestrian
66,539.0,505.0,618.0,548.0,7661,0,0,1,Pedestrian
66,539.0,507.0,618.0,551.0,7662,0,0,1,Pedestrian
66,539.0,510.0,618.0,553.0,7663,0,0,1,Pedestrian
66,539.0,510.0,618.0,553.0,7664,0,0,1,Pedestrian
66,536.0,512.0,618.0,555.0,7665,0,0,1,Pedestrian
66,536.0,512.0,618.0,557.0,7666,0,0,1,Pedestrian
66,536.0,514.0,618.0,557.0,7667,0,0,1,Pedestrian
66,536.0,516.0,618.0,560.0,7668,0,0,1,Pedestrian
66,536.0,516.0,618.0,560.0,7669,0,0,1,Pedestrian
66,536.0,519.0,618.0,562.0,7670,0,0,1,Pedestrian
66,536.0,521.0,618.0,564.0,7671,0,0,1,Pedestrian
66,536.0,521.0,618.0,564.0,7672,0,0,1,Pedestrian
66,536.0,523.0,618.0,566.0,7673,0,0,1,Pedestrian
66,536.0,526.0,618.0,569.0,7674,0,0,0,Pedestrian
66,533.0,526.0,616.0,569.0,7675,0,0,1,Pedestrian
66,533.0,528.0,616.0,571.0,7676,0,0,1,Pedestrian
66,530.0,530.0,613.0,573.0,7677,0,0,1,Pedestrian
66,530.0,532.0,613.0,576.0,7678,0,0,1,Pedestrian
66,528.0,535.0,610.0,578.0,7679,0,0,1,Pedestrian
66,528.0,535.0,610.0,578.0,7680,0,0,1,Pedestrian
66,525.0,537.0,607.0,580.0,7681,0,0,1,Pedestrian
66,525.0,539.0,607.0,582.0,7682,0,0,1,Pedestrian
66,522.0,541.0,605.0,585.0,7683,0,0,1,Pedestrian
66,522.0,544.0,605.0,587.0,7684,0,0,1,Pedestrian
66,522.0,546.0,605.0,589.0,7685,0,0,0,Pedestrian
66,522.0,546.0,605.0,589.0,7686,0,0,1,Pedestrian
66,522.0,548.0,605.0,592.0,7687,0,0,1,Pedestrian
66,522.0,551.0,605.0,594.0,7688,0,0,1,Pedestrian
66,522.0,551.0,605.0,594.0,7689,0,0,1,Pedestrian
66,522.0,553.0,605.0,596.0,7690,0,0,1,Pedestrian
66,522.0,555.0,605.0,598.0,7691,0,0,1,Pedestrian
66,522.0,555.0,605.0,598.0,7692,0,0,1,Pedestrian
66,522.0,557.0,605.0,601.0,7693,0,0,1,Pedestrian
66,522.0,560.0,605.0,603.0,7694,0,0,1,Pedestrian
66,522.0,562.0,605.0,605.0,7695,0,0,1,Pedestrian
66,522.0,562.0,605.0,605.0,7696,0,0,1,Pedestrian
66,522.0,564.0,605.0,607.0,7697,0,0,1,Pedestrian
66,522.0,566.0,605.0,610.0,7698,0,0,1,Pedestrian
66,522.0,566.0,605.0,610.0,7699,0,0,1,Pedestrian
66,522.0,569.0,605.0,612.0,7700,0,0,1,Pedestrian
66,522.0,571.0,605.0,614.0,7701,0,0,1,Pedestrian
66,522.0,573.0,605.0,617.0,7702,0,0,1,Pedestrian
66,522.0,573.0,605.0,617.0,7703,0,0,1,Pedestrian
66,522.0,576.0,605.0,619.0,7704,0,0,1,Pedestrian
66,522.0,578.0,605.0,621.0,7705,0,0,1,Pedestrian
66,522.0,578.0,605.0,621.0,7706,0,0,1,Pedestrian
66,522.0,580.0,605.0,623.0,7707,0,0,1,Pedestrian
66,522.0,582.0,605.0,626.0,7708,0,0,1,Pedestrian
66,522.0,585.0,605.0,628.0,7709,0,0,1,Pedestrian
66,522.0,585.0,605.0,628.0,7710,0,0,1,Pedestrian
66,522.0,587.0,605.0,630.0,7711,0,0,1,Pedestrian
66,522.0,589.0,605.0,633.0,7712,0,0,1,Pedestrian
66,522.0,589.0,605.0,633.0,7713,0,0,1,Pedestrian
66,522.0,592.0,605.0,635.0,7714,0,0,1,Pedestrian
66,522.0,594.0,605.0,637.0,7715,0,0,1,Pedestrian
66,522.0,596.0,605.0,639.0,7716,0,0,1,Pedestrian
66,522.0,596.0,605.0,639.0,7717,0,0,1,Pedestrian
66,522.0,598.0,605.0,642.0,7718,0,0,1,Pedestrian
66,522.0,601.0,605.0,644.0,7719,0,0,1,Pedestrian
66,522.0,601.0,605.0,644.0,7720,0,0,1,Pedestrian
66,522.0,603.0,605.0,646.0,7721,0,0,1,Pedestrian
66,522.0,605.0,605.0,648.0,7722,0,0,1,Pedestrian
66,522.0,605.0,605.0,648.0,7723,0,0,1,Pedestrian
66,522.0,607.0,605.0,651.0,7724,0,0,1,Pedestrian
66,522.0,610.0,605.0,653.0,7725,0,0,1,Pedestrian
66,525.0,612.0,607.0,655.0,7726,0,0,1,Pedestrian
66,525.0,612.0,607.0,655.0,7727,0,0,1,Pedestrian
66,525.0,614.0,607.0,658.0,7728,0,0,1,Pedestrian
66,525.0,617.0,607.0,660.0,7729,0,0,1,Pedestrian
66,525.0,617.0,607.0,660.0,7730,0,0,1,Pedestrian
66,525.0,619.0,607.0,662.0,7731,0,0,1,Pedestrian
66,525.0,621.0,607.0,664.0,7732,0,0,1,Pedestrian
66,525.0,623.0,607.0,667.0,7733,0,0,1,Pedestrian
66,525.0,623.0,607.0,667.0,7734,0,0,1,Pedestrian
66,525.0,626.0,607.0,669.0,7735,0,0,1,Pedestrian
66,525.0,628.0,607.0,671.0,7736,0,0,1,Pedestrian
66,525.0,628.0,607.0,671.0,7737,0,0,1,Pedestrian
66,525.0,630.0,607.0,674.0,7738,0,0,1,Pedestrian
66,525.0,633.0,607.0,676.0,7739,0,0,1,Pedestrian
66,525.0,635.0,607.0,678.0,7740,0,0,1,Pedestrian
66,525.0,635.0,607.0,678.0,7741,0,0,1,Pedestrian
66,525.0,637.0,607.0,680.0,7742,0,0,1,Pedestrian
66,525.0,639.0,607.0,683.0,7743,0,0,1,Pedestrian
66,525.0,639.0,607.0,683.0,7744,0,0,1,Pedestrian
66,525.0,642.0,607.0,685.0,7745,0,0,1,Pedestrian
66,525.0,644.0,607.0,687.0,7746,0,0,1,Pedestrian
66,525.0,646.0,607.0,689.0,7747,0,0,1,Pedestrian
66,525.0,646.0,607.0,689.0,7748,0,0,1,Pedestrian
66,525.0,648.0,607.0,692.0,7749,0,0,1,Pedestrian
66,525.0,651.0,607.0,694.0,7750,0,0,1,Pedestrian
66,525.0,651.0,607.0,694.0,7751,0,0,1,Pedestrian
66,525.0,653.0,607.0,696.0,7752,0,0,1,Pedestrian
66,525.0,655.0,607.0,699.0,7753,0,0,1,Pedestrian
66,525.0,655.0,607.0,699.0,7754,0,0,1,Pedestrian
66,525.0,658.0,607.0,701.0,7755,0,0,1,Pedestrian
66,525.0,660.0,607.0,703.0,7756,0,0,1,Pedestrian
66,525.0,662.0,607.0,705.0,7757,0,0,1,Pedestrian
66,525.0,662.0,607.0,705.0,7758,0,0,1,Pedestrian
66,525.0,664.0,607.0,708.0,7759,0,0,1,Pedestrian
66,525.0,667.0,607.0,710.0,7760,0,0,1,Pedestrian
66,525.0,667.0,607.0,710.0,7761,0,0,1,Pedestrian
66,525.0,669.0,607.0,712.0,7762,0,0,1,Pedestrian
66,525.0,671.0,607.0,715.0,7763,0,0,1,Pedestrian
66,525.0,674.0,607.0,717.0,7764,0,0,1,Pedestrian
66,525.0,674.0,607.0,717.0,7765,0,0,1,Pedestrian
66,525.0,676.0,607.0,719.0,7766,0,0,1,Pedestrian
66,528.0,678.0,610.0,721.0,7767,0,0,1,Pedestrian
66,528.0,678.0,610.0,721.0,7768,0,0,1,Pedestrian
66,528.0,680.0,610.0,724.0,7769,0,0,1,Pedestrian
66,528.0,683.0,610.0,726.0,7770,0,0,1,Pedestrian
66,528.0,685.0,610.0,728.0,7771,0,0,1,Pedestrian
66,528.0,685.0,610.0,728.0,7772,0,0,1,Pedestrian
66,528.0,687.0,610.0,730.0,7773,0,0,1,Pedestrian
66,528.0,689.0,610.0,733.0,7774,0,0,1,Pedestrian
66,528.0,689.0,610.0,733.0,7775,0,0,1,Pedestrian
66,528.0,692.0,610.0,735.0,7776,0,0,1,Pedestrian
66,528.0,694.0,610.0,737.0,7777,0,0,1,Pedestrian
66,528.0,696.0,610.0,740.0,7778,0,0,1,Pedestrian
66,528.0,696.0,610.0,740.0,7779,0,0,1,Pedestrian
66,528.0,699.0,610.0,742.0,7780,0,0,1,Pedestrian
66,528.0,701.0,610.0,744.0,7781,0,0,1,Pedestrian
66,528.0,701.0,610.0,744.0,7782,0,0,1,Pedestrian
66,528.0,703.0,610.0,746.0,7783,0,0,1,Pedestrian
66,528.0,705.0,610.0,749.0,7784,0,0,1,Pedestrian
66,528.0,705.0,610.0,749.0,7785,0,0,1,Pedestrian
66,528.0,708.0,610.0,751.0,7786,0,0,1,Pedestrian
66,528.0,710.0,610.0,753.0,7787,0,0,1,Pedestrian
66,528.0,712.0,610.0,755.0,7788,0,0,1,Pedestrian
66,528.0,712.0,610.0,755.0,7789,0,0,1,Pedestrian
66,528.0,715.0,610.0,758.0,7790,0,0,1,Pedestrian
66,528.0,717.0,610.0,760.0,7791,0,0,1,Pedestrian
66,528.0,717.0,610.0,760.0,7792,0,0,1,Pedestrian
66,528.0,719.0,610.0,762.0,7793,0,0,1,Pedestrian
66,528.0,721.0,610.0,765.0,7794,0,0,1,Pedestrian
66,528.0,724.0,610.0,767.0,7795,0,0,1,Pedestrian
66,528.0,724.0,610.0,767.0,7796,0,0,1,Pedestrian
66,528.0,726.0,610.0,769.0,7797,0,0,1,Pedestrian
66,528.0,728.0,610.0,771.0,7798,0,0,1,Pedestrian
66,528.0,728.0,610.0,771.0,7799,0,0,1,Pedestrian
66,528.0,730.0,610.0,774.0,7800,0,0,1,Pedestrian
66,528.0,733.0,610.0,776.0,7801,0,0,1,Pedestrian
66,528.0,735.0,610.0,778.0,7802,0,0,1,Pedestrian
66,528.0,735.0,610.0,778.0,7803,0,0,1,Pedestrian
66,528.0,737.0,610.0,781.0,7804,0,0,1,Pedestrian
66,528.0,740.0,610.0,783.0,7805,0,0,1,Pedestrian
66,528.0,740.0,610.0,783.0,7806,0,0,1,Pedestrian
66,528.0,742.0,610.0,785.0,7807,0,0,1,Pedestrian
66,530.0,744.0,613.0,787.0,7808,0,0,1,Pedestrian
66,530.0,746.0,613.0,790.0,7809,0,0,1,Pedestrian
66,530.0,746.0,613.0,790.0,7810,0,0,1,Pedestrian
66,530.0,749.0,613.0,792.0,7811,0,0,1,Pedestrian
66,530.0,751.0,613.0,794.0,7812,0,0,1,Pedestrian
66,530.0,751.0,613.0,794.0,7813,0,0,1,Pedestrian
66,530.0,753.0,613.0,796.0,7814,0,0,1,Pedestrian
66,530.0,755.0,613.0,799.0,7815,0,0,1,Pedestrian
66,530.0,755.0,613.0,799.0,7816,0,0,1,Pedestrian
66,530.0,758.0,613.0,801.0,7817,0,0,1,Pedestrian
66,530.0,760.0,613.0,803.0,7818,0,0,1,Pedestrian
66,530.0,762.0,613.0,806.0,7819,0,0,1,Pedestrian
66,530.0,762.0,613.0,806.0,7820,0,0,1,Pedestrian
66,530.0,765.0,613.0,808.0,7821,0,0,1,Pedestrian
66,530.0,767.0,613.0,810.0,7822,0,0,1,Pedestrian
66,530.0,767.0,613.0,810.0,7823,0,0,1,Pedestrian
66,530.0,769.0,613.0,812.0,7824,0,0,1,Pedestrian
66,530.0,771.0,613.0,815.0,7825,0,0,1,Pedestrian
66,530.0,774.0,613.0,817.0,7826,0,0,1,Pedestrian
66,530.0,774.0,613.0,817.0,7827,0,0,1,Pedestrian
66,530.0,776.0,613.0,819.0,7828,0,0,1,Pedestrian
66,530.0,778.0,613.0,822.0,7829,0,0,1,Pedestrian
66,530.0,778.0,613.0,822.0,7830,0,0,1,Pedestrian
66,530.0,781.0,613.0,824.0,7831,0,0,1,Pedestrian
66,530.0,783.0,613.0,826.0,7832,0,0,1,Pedestrian
66,530.0,785.0,613.0,828.0,7833,0,0,1,Pedestrian
66,530.0,785.0,613.0,828.0,7834,0,0,1,Pedestrian
66,530.0,787.0,613.0,831.0,7835,0,0,1,Pedestrian
66,530.0,790.0,613.0,833.0,7836,0,0,1,Pedestrian
66,530.0,790.0,613.0,833.0,7837,0,0,1,Pedestrian
66,530.0,792.0,613.0,835.0,7838,0,0,1,Pedestrian
66,530.0,794.0,613.0,837.0,7839,0,0,1,Pedestrian
66,530.0,796.0,613.0,840.0,7840,0,0,1,Pedestrian
66,530.0,796.0,613.0,840.0,7841,0,0,1,Pedestrian
66,530.0,799.0,613.0,842.0,7842,0,0,1,Pedestrian
66,530.0,801.0,613.0,844.0,7843,0,0,1,Pedestrian
66,530.0,801.0,613.0,844.0,7844,0,0,1,Pedestrian
66,530.0,803.0,613.0,847.0,7845,0,0,1,Pedestrian
66,530.0,806.0,613.0,849.0,7846,0,0,1,Pedestrian
66,530.0,806.0,613.0,849.0,7847,0,0,1,Pedestrian
66,530.0,808.0,613.0,851.0,7848,0,0,1,Pedestrian
66,533.0,810.0,616.0,853.0,7849,0,0,1,Pedestrian
66,533.0,812.0,616.0,856.0,7850,0,0,1,Pedestrian
66,533.0,812.0,616.0,856.0,7851,0,0,1,Pedestrian
66,533.0,815.0,616.0,858.0,7852,0,0,1,Pedestrian
66,533.0,817.0,616.0,860.0,7853,0,0,1,Pedestrian
66,533.0,817.0,616.0,860.0,7854,0,0,1,Pedestrian
66,533.0,819.0,616.0,863.0,7855,0,0,1,Pedestrian
66,533.0,822.0,616.0,865.0,7856,0,0,1,Pedestrian
66,533.0,824.0,616.0,867.0,7857,0,0,1,Pedestrian
66,533.0,824.0,616.0,867.0,7858,0,0,1,Pedestrian
66,533.0,826.0,616.0,869.0,7859,0,0,1,Pedestrian
66,533.0,828.0,616.0,872.0,7860,0,0,1,Pedestrian
66,533.0,828.0,616.0,872.0,7861,0,0,1,Pedestrian
66,533.0,831.0,616.0,874.0,7862,0,0,1,Pedestrian
66,533.0,833.0,616.0,876.0,7863,0,0,1,Pedestrian
66,533.0,835.0,616.0,878.0,7864,0,0,1,Pedestrian
66,533.0,835.0,616.0,878.0,7865,0,0,1,Pedestrian
66,533.0,837.0,616.0,881.0,7866,0,0,1,Pedestrian
66,533.0,840.0,616.0,883.0,7867,0,0,1,Pedestrian
66,533.0,840.0,616.0,883.0,7868,0,0,1,Pedestrian
66,533.0,842.0,616.0,885.0,7869,0,0,1,Pedestrian
66,533.0,844.0,616.0,888.0,7870,0,0,1,Pedestrian
66,533.0,847.0,616.0,890.0,7871,0,0,1,Pedestrian
66,533.0,847.0,616.0,890.0,7872,0,0,1,Pedestrian
66,533.0,849.0,616.0,892.0,7873,0,0,1,Pedestrian
66,533.0,851.0,616.0,894.0,7874,0,0,1,Pedestrian
66,533.0,851.0,616.0,894.0,7875,0,0,1,Pedestrian
66,533.0,853.0,616.0,897.0,7876,0,0,1,Pedestrian
66,533.0,856.0,616.0,899.0,7877,0,0,1,Pedestrian
66,533.0,856.0,616.0,899.0,7878,0,0,1,Pedestrian
66,533.0,858.0,616.0,901.0,7879,0,0,1,Pedestrian
66,533.0,860.0,616.0,904.0,7880,0,0,1,Pedestrian
66,533.0,863.0,616.0,906.0,7881,0,0,1,Pedestrian
66,533.0,863.0,616.0,906.0,7882,0,0,1,Pedestrian
66,533.0,865.0,616.0,908.0,7883,0,0,1,Pedestrian
66,533.0,867.0,616.0,910.0,7884,0,0,1,Pedestrian
66,533.0,867.0,616.0,910.0,7885,0,0,1,Pedestrian
66,533.0,869.0,616.0,913.0,7886,0,0,1,Pedestrian
66,533.0,872.0,616.0,915.0,7887,0,0,1,Pedestrian
66,533.0,874.0,616.0,917.0,7888,0,0,1,Pedestrian
66,533.0,874.0,616.0,917.0,7889,0,0,1,Pedestrian
66,536.0,876.0,618.0,919.0,7890,0,0,1,Pedestrian
66,536.0,878.0,618.0,922.0,7891,0,0,1,Pedestrian
66,536.0,878.0,618.0,922.0,7892,0,0,1,Pedestrian
66,536.0,881.0,618.0,924.0,7893,0,0,1,Pedestrian
66,536.0,883.0,618.0,926.0,7894,0,0,1,Pedestrian
66,536.0,885.0,618.0,929.0,7895,0,0,1,Pedestrian
66,536.0,885.0,618.0,929.0,7896,0,0,1,Pedestrian
66,536.0,888.0,618.0,931.0,7897,0,0,1,Pedestrian
66,536.0,890.0,618.0,933.0,7898,0,0,1,Pedestrian
66,536.0,890.0,618.0,933.0,7899,0,0,1,Pedestrian
66,536.0,892.0,618.0,935.0,7900,0,0,1,Pedestrian
66,536.0,894.0,618.0,938.0,7901,0,0,1,Pedestrian
66,536.0,897.0,618.0,940.0,7902,0,0,1,Pedestrian
66,536.0,897.0,618.0,940.0,7903,0,0,1,Pedestrian
66,536.0,899.0,618.0,942.0,7904,0,0,1,Pedestrian
66,536.0,901.0,618.0,944.0,7905,0,0,1,Pedestrian
66,536.0,901.0,618.0,944.0,7906,0,0,1,Pedestrian
66,536.0,904.0,618.0,947.0,7907,0,0,1,Pedestrian
66,536.0,906.0,618.0,949.0,7908,0,0,1,Pedestrian
66,536.0,906.0,618.0,949.0,7909,0,0,1,Pedestrian
66,536.0,908.0,618.0,951.0,7910,0,0,1,Pedestrian
66,536.0,910.0,618.0,954.0,7911,0,0,1,Pedestrian
66,536.0,913.0,618.0,956.0,7912,0,0,1,Pedestrian
66,536.0,913.0,618.0,956.0,7913,0,0,1,Pedestrian
66,536.0,915.0,618.0,958.0,7914,0,0,1,Pedestrian
66,536.0,917.0,618.0,960.0,7915,0,0,1,Pedestrian
66,536.0,917.0,618.0,960.0,7916,0,0,1,Pedestrian
66,536.0,919.0,618.0,963.0,7917,0,0,1,Pedestrian
66,536.0,922.0,618.0,965.0,7918,0,0,1,Pedestrian
66,536.0,924.0,618.0,967.0,7919,0,0,1,Pedestrian
66,536.0,924.0,618.0,967.0,7920,0,0,1,Pedestrian
66,536.0,926.0,618.0,970.0,7921,0,0,1,Pedestrian
66,536.0,929.0,618.0,972.0,7922,0,0,1,Pedestrian
66,536.0,929.0,618.0,972.0,7923,0,0,1,Pedestrian
66,536.0,931.0,618.0,974.0,7924,0,0,1,Pedestrian
66,536.0,933.0,618.0,976.0,7925,0,0,1,Pedestrian
66,536.0,935.0,618.0,979.0,7926,0,0,1,Pedestrian
66,536.0,935.0,618.0,979.0,7927,0,0,1,Pedestrian
66,536.0,938.0,618.0,981.0,7928,0,0,1,Pedestrian
66,536.0,940.0,618.0,983.0,7929,0,0,1,Pedestrian
66,536.0,940.0,618.0,983.0,7930,0,0,1,Pedestrian
66,539.0,942.0,621.0,985.0,7931,0,0,1,Pedestrian
66,539.0,944.0,621.0,988.0,7932,0,0,1,Pedestrian
66,539.0,947.0,621.0,990.0,7933,0,0,1,Pedestrian
66,539.0,947.0,621.0,990.0,7934,0,0,1,Pedestrian
66,539.0,949.0,621.0,992.0,7935,0,0,1,Pedestrian
66,539.0,951.0,621.0,995.0,7936,0,0,1,Pedestrian
66,539.0,951.0,621.0,995.0,7937,0,0,1,Pedestrian
66,539.0,954.0,621.0,997.0,7938,0,0,1,Pedestrian
66,539.0,956.0,621.0,999.0,7939,0,0,1,Pedestrian
66,539.0,956.0,621.0,999.0,7940,0,0,1,Pedestrian
66,539.0,958.0,621.0,1001.0,7941,0,0,1,Pedestrian
66,539.0,960.0,621.0,1004.0,7942,0,0,1,Pedestrian
66,539.0,963.0,621.0,1006.0,7943,0,0,1,Pedestrian
66,539.0,963.0,621.0,1006.0,7944,0,0,1,Pedestrian
66,539.0,965.0,621.0,1008.0,7945,0,0,1,Pedestrian
66,539.0,967.0,621.0,1011.0,7946,0,0,1,Pedestrian
66,539.0,967.0,621.0,1011.0,7947,0,0,1,Pedestrian
66,539.0,970.0,621.0,1013.0,7948,0,0,1,Pedestrian
66,539.0,972.0,621.0,1015.0,7949,0,0,1,Pedestrian
66,539.0,974.0,621.0,1017.0,7950,0,0,1,Pedestrian
66,539.0,974.0,621.0,1017.0,7951,0,0,1,Pedestrian
66,539.0,976.0,621.0,1020.0,7952,0,0,1,Pedestrian
66,539.0,979.0,621.0,1022.0,7953,0,0,1,Pedestrian
66,539.0,979.0,621.0,1022.0,7954,0,0,1,Pedestrian
66,539.0,981.0,621.0,1024.0,7955,0,0,1,Pedestrian
66,539.0,983.0,621.0,1026.0,7956,0,0,1,Pedestrian
66,539.0,985.0,621.0,1029.0,7957,0,0,1,Pedestrian
66,539.0,985.0,621.0,1029.0,7958,0,0,1,Pedestrian
66,539.0,988.0,621.0,1031.0,7959,0,0,1,Pedestrian
66,539.0,990.0,621.0,1033.0,7960,0,0,1,Pedestrian
66,539.0,990.0,621.0,1033.0,7961,0,0,1,Pedestrian
66,539.0,992.0,621.0,1036.0,7962,0,0,1,Pedestrian
66,539.0,995.0,621.0,1038.0,7963,0,0,1,Pedestrian
66,539.0,997.0,621.0,1040.0,7964,0,0,1,Pedestrian
66,539.0,997.0,621.0,1040.0,7965,0,0,1,Pedestrian
66,539.0,999.0,621.0,1042.0,7966,0,0,1,Pedestrian
66,539.0,1001.0,621.0,1045.0,7967,0,0,1,Pedestrian
66,539.0,1001.0,621.0,1045.0,7968,0,0,1,Pedestrian
66,539.0,1004.0,621.0,1047.0,7969,0,0,1,Pedestrian
66,539.0,1006.0,621.0,1049.0,7970,0,0,1,Pedestrian
66,541.0,1008.0,624.0,1052.0,7971,0,0,0,Pedestrian
66,539.0,1008.0,621.0,1052.0,7972,0,0,1,Pedestrian
66,539.0,1008.0,621.0,1052.0,7973,0,0,1,Pedestrian
66,539.0,1008.0,621.0,1052.0,7974,0,0,1,Pedestrian
66,539.0,1008.0,621.0,1052.0,7975,0,0,1,Pedestrian
66,536.0,1011.0,618.0,1054.0,7976,0,0,1,Pedestrian
66,536.0,1011.0,618.0,1054.0,7977,0,0,1,Pedestrian
66,536.0,1011.0,618.0,1054.0,7978,0,0,1,Pedestrian
66,536.0,1011.0,618.0,1054.0,7979,0,0,1,Pedestrian
66,536.0,1011.0,618.0,1054.0,7980,0,0,1,Pedestrian
66,533.0,1013.0,616.0,1056.0,7981,0,0,1,Pedestrian
66,533.0,1013.0,616.0,1056.0,7982,0,0,1,Pedestrian
66,533.0,1013.0,616.0,1056.0,7983,0,0,1,Pedestrian
66,533.0,1013.0,616.0,1056.0,7984,0,0,1,Pedestrian
66,533.0,1013.0,616.0,1056.0,7985,0,0,1,Pedestrian
66,530.0,1015.0,613.0,1058.0,7986,0,0,1,Pedestrian
66,530.0,1015.0,613.0,1058.0,7987,0,0,1,Pedestrian
66,530.0,1015.0,613.0,1058.0,7988,0,0,1,Pedestrian
66,530.0,1015.0,613.0,1058.0,7989,0,0,1,Pedestrian
66,530.0,1015.0,613.0,1058.0,7990,0,0,1,Pedestrian
66,528.0,1017.0,610.0,1061.0,7991,0,0,1,Pedestrian
66,528.0,1017.0,610.0,1061.0,7992,0,0,1,Pedestrian
66,528.0,1017.0,610.0,1061.0,7993,0,0,1,Pedestrian
66,528.0,1017.0,610.0,1061.0,7994,0,0,1,Pedestrian
66,528.0,1017.0,610.0,1061.0,7995,0,0,1,Pedestrian
66,525.0,1020.0,607.0,1063.0,7996,0,0,1,Pedestrian
66,525.0,1020.0,607.0,1063.0,7997,0,0,1,Pedestrian
66,525.0,1020.0,607.0,1063.0,7998,0,0,1,Pedestrian
66,525.0,1020.0,607.0,1063.0,7999,0,0,1,Pedestrian
66,525.0,1022.0,607.0,1065.0,8000,0,0,0,Pedestrian
66,525.0,1024.0,607.0,1067.0,8001,0,0,1,Pedestrian
66,525.0,1026.0,610.0,1070.0,8002,0,0,1,Pedestrian
66,525.0,1031.0,610.0,1074.0,8003,0,0,1,Pedestrian
66,525.0,1033.0,613.0,1077.0,8004,0,0,1,Pedestrian
66,525.0,1036.0,616.0,1079.0,8005,0,0,1,Pedestrian
66,525.0,1040.0,616.0,1083.0,8006,0,0,1,Pedestrian
66,525.0,1042.0,618.0,1086.0,8007,0,0,1,Pedestrian
66,528.0,1047.0,621.0,1090.0,8008,1,0,0,Pedestrian
66,528.0,1047.0,621.0,1090.0,8009,1,0,1,Pedestrian
66,528.0,1047.0,621.0,1090.0,8010,1,0,1,Pedestrian
66,528.0,1047.0,621.0,1090.0,8011,1,0,0,Pedestrian
66,528.0,1047.0,621.0,1090.0,8012,1,0,1,Pedestrian
66,528.0,1047.0,621.0,1090.0,8013,1,0,1,Pedestrian
66,528.0,1047.0,621.0,1090.0,8014,1,0,1,Pedestrian
66,528.0,1047.0,621.0,1090.0,8015,1,0,1,Pedestrian
66,528.0,1047.0,621.0,1090.0,8016,1,0,1,Pedestrian
66,528.0,1047.0,621.0,1090.0,8017,1,0,1,Pedestrian
66,528.0,1047.0,621.0,1090.0,8018,1,0,1,Pedestrian
66,528.0,1047.0,621.0,1090.0,8019,1,0,1,Pedestrian
66,528.0,1047.0,621.0,1090.0,8020,1,0,1,Pedestrian
66,528.0,1047.0,621.0,1090.0,8021,1,0,1,Pedestrian
66,528.0,1047.0,621.0,1090.0,8022,1,0,1,Pedestrian
66,528.0,1047.0,621.0,1090.0,8023,1,0,1,Pedestrian
66,528.0,1047.0,621.0,1090.0,8024,1,0,1,Pedestrian
66,528.0,1047.0,621.0,1090.0,8025,1,0,1,Pedestrian
66,528.0,1047.0,621.0,1090.0,8026,1,0,1,Pedestrian
66,528.0,1047.0,621.0,1090.0,8027,1,0,1,Pedestrian
66,528.0,1047.0,621.0,1090.0,8028,1,0,1,Pedestrian
66,528.0,1047.0,621.0,1090.0,8029,1,0,1,Pedestrian
66,528.0,1047.0,621.0,1090.0,8030,1,0,1,Pedestrian
66,528.0,1047.0,621.0,1090.0,8031,1,0,1,Pedestrian
66,528.0,1047.0,621.0,1090.0,8032,1,0,1,Pedestrian
66,528.0,1047.0,621.0,1090.0,8033,1,0,1,Pedestrian
66,528.0,1047.0,621.0,1090.0,8034,1,0,1,Pedestrian
66,528.0,1047.0,621.0,1090.0,8035,1,0,1,Pedestrian
66,528.0,1047.0,621.0,1090.0,8036,1,0,1,Pedestrian
66,528.0,1047.0,621.0,1090.0,8037,1,0,1,Pedestrian
66,528.0,1047.0,621.0,1090.0,8038,1,0,1,Pedestrian
66,528.0,1047.0,621.0,1090.0,8039,1,0,1,Pedestrian
66,528.0,1047.0,621.0,1090.0,8040,1,0,1,Pedestrian
66,528.0,1047.0,621.0,1090.0,8041,1,0,1,Pedestrian
66,528.0,1047.0,621.0,1090.0,8042,1,0,1,Pedestrian
66,528.0,1047.0,621.0,1090.0,8043,1,0,1,Pedestrian
66,528.0,1047.0,621.0,1090.0,8044,1,0,1,Pedestrian
66,528.0,1047.0,621.0,1090.0,8045,1,0,1,Pedestrian
66,528.0,1047.0,621.0,1090.0,8046,1,0,1,Pedestrian
66,528.0,1047.0,621.0,1090.0,8047,1,0,1,Pedestrian
66,528.0,1047.0,621.0,1090.0,8048,1,0,1,Pedestrian
66,528.0,1047.0,621.0,1090.0,8049,1,0,1,Pedestrian
66,528.0,1047.0,621.0,1090.0,8050,1,0,1,Pedestrian
66,528.0,1047.0,621.0,1090.0,8051,1,0,1,Pedestrian
66,528.0,1047.0,621.0,1090.0,8052,1,0,1,Pedestrian
66,528.0,1047.0,621.0,1090.0,8053,1,0,1,Pedestrian
66,528.0,1047.0,621.0,1090.0,8054,1,0,1,Pedestrian
66,528.0,1047.0,621.0,1090.0,8055,1,0,1,Pedestrian
66,528.0,1047.0,621.0,1090.0,8056,1,0,1,Pedestrian
66,528.0,1047.0,621.0,1090.0,8057,1,0,1,Pedestrian
66,528.0,1047.0,621.0,1090.0,8058,1,0,1,Pedestrian
66,528.0,1047.0,621.0,1090.0,8059,1,0,1,Pedestrian
66,528.0,1047.0,621.0,1090.0,8060,1,0,1,Pedestrian
66,528.0,1047.0,621.0,1090.0,8061,1,0,1,Pedestrian
66,528.0,1047.0,621.0,1090.0,8062,1,0,1,Pedestrian
66,528.0,1047.0,621.0,1090.0,8063,1,0,1,Pedestrian
66,528.0,1047.0,621.0,1090.0,8064,1,0,1,Pedestrian
66,528.0,1047.0,621.0,1090.0,8065,1,0,1,Pedestrian
66,528.0,1047.0,621.0,1090.0,8066,1,0,1,Pedestrian
66,528.0,1047.0,621.0,1090.0,8067,1,0,1,Pedestrian
66,528.0,1047.0,621.0,1090.0,8068,1,0,1,Pedestrian
66,528.0,1047.0,621.0,1090.0,8069,1,0,1,Pedestrian
66,528.0,1047.0,621.0,1090.0,8070,1,0,1,Pedestrian
66,528.0,1047.0,621.0,1090.0,8071,1,0,1,Pedestrian
66,528.0,1047.0,621.0,1090.0,8072,1,0,1,Pedestrian
66,528.0,1047.0,621.0,1090.0,8073,1,0,1,Pedestrian
66,528.0,1047.0,621.0,1090.0,8074,1,0,1,Pedestrian
66,528.0,1047.0,621.0,1090.0,8075,1,0,1,Pedestrian
66,528.0,1047.0,621.0,1090.0,8076,1,0,1,Pedestrian
66,528.0,1047.0,621.0,1090.0,8077,1,0,1,Pedestrian
66,528.0,1047.0,621.0,1090.0,8078,1,0,1,Pedestrian
66,528.0,1047.0,621.0,1090.0,8079,1,0,1,Pedestrian
66,528.0,1047.0,621.0,1090.0,8080,1,0,1,Pedestrian
66,528.0,1047.0,621.0,1090.0,8081,1,0,1,Pedestrian
66,528.0,1047.0,621.0,1090.0,8082,1,0,1,Pedestrian
66,528.0,1047.0,621.0,1090.0,8083,1,0,1,Pedestrian
66,528.0,1047.0,621.0,1090.0,8084,1,0,1,Pedestrian
66,528.0,1047.0,621.0,1090.0,8085,1,0,1,Pedestrian
66,528.0,1047.0,621.0,1090.0,8086,1,0,1,Pedestrian
66,528.0,1047.0,621.0,1090.0,8087,1,0,1,Pedestrian
66,528.0,1047.0,621.0,1090.0,8088,1,0,1,Pedestrian
66,528.0,1047.0,621.0,1090.0,8089,1,0,1,Pedestrian
66,528.0,1047.0,621.0,1090.0,8090,1,0,1,Pedestrian
66,528.0,1047.0,621.0,1090.0,8091,1,0,1,Pedestrian
66,528.0,1047.0,621.0,1090.0,8092,1,0,1,Pedestrian
66,528.0,1047.0,621.0,1090.0,8093,1,0,1,Pedestrian
66,528.0,1047.0,621.0,1090.0,8094,1,0,1,Pedestrian
66,528.0,1047.0,621.0,1090.0,8095,1,0,1,Pedestrian
66,528.0,1047.0,621.0,1090.0,8096,1,0,1,Pedestrian
66,528.0,1047.0,621.0,1090.0,8097,1,0,1,Pedestrian
66,528.0,1047.0,621.0,1090.0,8098,1,0,1,Pedestrian
66,528.0,1047.0,621.0,1090.0,8099,1,0,1,Pedestrian
66,528.0,1047.0,621.0,1090.0,8100,1,0,1,Pedestrian
66,528.0,1047.0,621.0,1090.0,8101,1,0,1,Pedestrian
66,528.0,1047.0,621.0,1090.0,8102,1,0,1,Pedestrian
66,528.0,1047.0,621.0,1090.0,8103,1,0,1,Pedestrian
66,528.0,1047.0,621.0,1090.0,8104,1,0,1,Pedestrian
66,528.0,1047.0,621.0,1090.0,8105,1,0,1,Pedestrian
66,528.0,1047.0,621.0,1090.0,8106,1,0,1,Pedestrian
66,528.0,1047.0,621.0,1090.0,8107,1,0,1,Pedestrian
66,528.0,1047.0,621.0,1090.0,8108,1,0,1,Pedestrian
66,528.0,1047.0,621.0,1090.0,8109,1,0,1,Pedestrian
66,528.0,1047.0,621.0,1090.0,8110,1,0,1,Pedestrian
66,528.0,1047.0,621.0,1090.0,8111,1,0,1,Pedestrian
66,528.0,1047.0,621.0,1090.0,8112,1,0,1,Pedestrian
66,528.0,1047.0,621.0,1090.0,8113,1,0,1,Pedestrian
66,528.0,1047.0,621.0,1090.0,8114,1,0,1,Pedestrian
66,528.0,1047.0,621.0,1090.0,8115,1,0,1,Pedestrian
66,528.0,1047.0,621.0,1090.0,8116,1,0,1,Pedestrian
66,528.0,1047.0,621.0,1090.0,8117,1,0,1,Pedestrian
66,528.0,1047.0,621.0,1090.0,8118,1,0,1,Pedestrian
66,528.0,1047.0,621.0,1090.0,8119,1,0,1,Pedestrian
66,528.0,1047.0,621.0,1090.0,8120,1,0,1,Pedestrian
66,528.0,1047.0,621.0,1090.0,8121,1,0,1,Pedestrian
66,528.0,1047.0,621.0,1090.0,8122,1,0,1,Pedestrian
66,528.0,1047.0,621.0,1090.0,8123,1,0,1,Pedestrian
66,528.0,1047.0,621.0,1090.0,8124,1,0,1,Pedestrian
66,528.0,1047.0,621.0,1090.0,8125,1,0,1,Pedestrian
66,528.0,1047.0,621.0,1090.0,8126,1,0,1,Pedestrian
66,528.0,1047.0,621.0,1090.0,8127,1,0,1,Pedestrian
66,528.0,1047.0,621.0,1090.0,8128,1,0,1,Pedestrian
66,528.0,1047.0,621.0,1090.0,8129,1,0,1,Pedestrian
66,528.0,1047.0,621.0,1090.0,8130,1,0,1,Pedestrian
66,528.0,1047.0,621.0,1090.0,8131,1,0,1,Pedestrian
66,528.0,1047.0,621.0,1090.0,8132,1,0,1,Pedestrian
66,528.0,1047.0,621.0,1090.0,8133,1,0,1,Pedestrian
66,528.0,1047.0,621.0,1090.0,8134,1,0,1,Pedestrian
66,528.0,1047.0,621.0,1090.0,8135,1,0,1,Pedestrian
66,528.0,1047.0,621.0,1090.0,8136,1,0,1,Pedestrian
66,528.0,1047.0,621.0,1090.0,8137,1,0,1,Pedestrian
66,528.0,1047.0,621.0,1090.0,8138,1,0,1,Pedestrian
66,528.0,1047.0,621.0,1090.0,8139,1,0,1,Pedestrian
66,528.0,1047.0,621.0,1090.0,8140,1,0,1,Pedestrian
66,528.0,1047.0,621.0,1090.0,8141,1,0,1,Pedestrian
66,528.0,1047.0,621.0,1090.0,8142,1,0,1,Pedestrian
66,528.0,1047.0,621.0,1090.0,8143,1,0,1,Pedestrian
66,528.0,1047.0,621.0,1090.0,8144,1,0,1,Pedestrian
66,528.0,1047.0,621.0,1090.0,8145,1,0,1,Pedestrian
66,528.0,1047.0,621.0,1090.0,8146,1,0,1,Pedestrian
66,528.0,1047.0,621.0,1090.0,8147,1,0,1,Pedestrian
66,528.0,1047.0,621.0,1090.0,8148,1,0,1,Pedestrian
66,528.0,1047.0,621.0,1090.0,8149,1,0,1,Pedestrian
66,528.0,1047.0,621.0,1090.0,8150,1,0,1,Pedestrian
66,528.0,1047.0,621.0,1090.0,8151,1,0,1,Pedestrian
66,528.0,1047.0,621.0,1090.0,8152,1,0,1,Pedestrian
66,528.0,1047.0,621.0,1090.0,8153,1,0,1,Pedestrian
66,528.0,1047.0,621.0,1090.0,8154,1,0,1,Pedestrian
66,528.0,1047.0,621.0,1090.0,8155,1,0,1,Pedestrian
66,528.0,1047.0,621.0,1090.0,8156,1,0,1,Pedestrian
66,528.0,1047.0,621.0,1090.0,8157,1,0,1,Pedestrian
66,528.0,1047.0,621.0,1090.0,8158,1,0,1,Pedestrian
66,528.0,1047.0,621.0,1090.0,8159,1,0,1,Pedestrian
66,528.0,1047.0,621.0,1090.0,8160,1,0,1,Pedestrian
66,528.0,1047.0,621.0,1090.0,8161,1,0,1,Pedestrian
66,528.0,1047.0,621.0,1090.0,8162,1,0,1,Pedestrian
66,528.0,1047.0,621.0,1090.0,8163,1,0,1,Pedestrian
66,528.0,1047.0,621.0,1090.0,8164,1,0,1,Pedestrian
66,528.0,1047.0,621.0,1090.0,8165,1,0,1,Pedestrian
66,528.0,1047.0,621.0,1090.0,8166,1,0,1,Pedestrian
66,528.0,1047.0,621.0,1090.0,8167,1,0,1,Pedestrian
66,528.0,1047.0,621.0,1090.0,8168,1,0,1,Pedestrian
66,528.0,1047.0,621.0,1090.0,8169,1,0,1,Pedestrian
66,528.0,1047.0,621.0,1090.0,8170,1,0,1,Pedestrian
66,528.0,1047.0,621.0,1090.0,8171,1,0,1,Pedestrian
66,528.0,1047.0,621.0,1090.0,8172,1,0,1,Pedestrian
66,528.0,1047.0,621.0,1090.0,8173,1,0,1,Pedestrian
66,528.0,1047.0,621.0,1090.0,8174,1,0,1,Pedestrian
66,528.0,1047.0,621.0,1090.0,8175,1,0,1,Pedestrian
66,528.0,1047.0,621.0,1090.0,8176,1,0,1,Pedestrian
66,528.0,1047.0,621.0,1090.0,8177,1,0,1,Pedestrian
66,528.0,1047.0,621.0,1090.0,8178,1,0,1,Pedestrian
66,528.0,1047.0,621.0,1090.0,8179,1,0,1,Pedestrian
66,528.0,1047.0,621.0,1090.0,8180,1,0,1,Pedestrian
66,528.0,1047.0,621.0,1090.0,8181,1,0,1,Pedestrian
66,528.0,1047.0,621.0,1090.0,8182,1,0,1,Pedestrian
66,528.0,1047.0,621.0,1090.0,8183,1,0,1,Pedestrian
66,528.0,1047.0,621.0,1090.0,8184,1,0,1,Pedestrian
66,528.0,1047.0,621.0,1090.0,8185,1,0,1,Pedestrian
66,528.0,1047.0,621.0,1090.0,8186,1,0,1,Pedestrian
66,528.0,1047.0,621.0,1090.0,8187,1,0,1,Pedestrian
66,528.0,1047.0,621.0,1090.0,8188,1,0,1,Pedestrian
66,528.0,1047.0,621.0,1090.0,8189,1,0,1,Pedestrian
66,528.0,1047.0,621.0,1090.0,8190,1,0,1,Pedestrian
66,528.0,1047.0,621.0,1090.0,8191,1,0,1,Pedestrian
66,528.0,1047.0,621.0,1090.0,8192,1,0,1,Pedestrian
66,528.0,1047.0,621.0,1090.0,8193,1,0,1,Pedestrian
66,528.0,1047.0,621.0,1090.0,8194,1,0,1,Pedestrian
66,528.0,1047.0,621.0,1090.0,8195,1,0,1,Pedestrian
66,528.0,1047.0,621.0,1090.0,8196,1,0,1,Pedestrian
66,528.0,1047.0,621.0,1090.0,8197,1,0,1,Pedestrian
66,528.0,1047.0,621.0,1090.0,8198,1,0,1,Pedestrian
66,528.0,1047.0,621.0,1090.0,8199,1,0,1,Pedestrian
66,528.0,1047.0,621.0,1090.0,8200,1,0,1,Pedestrian
66,528.0,1047.0,621.0,1090.0,8201,1,0,1,Pedestrian
66,528.0,1047.0,621.0,1090.0,8202,1,0,1,Pedestrian
66,528.0,1047.0,621.0,1090.0,8203,1,0,1,Pedestrian
66,528.0,1047.0,621.0,1090.0,8204,1,0,1,Pedestrian
66,528.0,1047.0,621.0,1090.0,8205,1,0,1,Pedestrian
66,528.0,1047.0,621.0,1090.0,8206,1,0,1,Pedestrian
66,528.0,1047.0,621.0,1090.0,8207,1,0,1,Pedestrian
66,528.0,1047.0,621.0,1090.0,8208,1,0,1,Pedestrian
66,528.0,1047.0,621.0,1090.0,8209,1,0,1,Pedestrian
66,528.0,1047.0,621.0,1090.0,8210,1,0,1,Pedestrian
66,528.0,1047.0,621.0,1090.0,8211,1,0,1,Pedestrian
66,528.0,1047.0,621.0,1090.0,8212,1,0,1,Pedestrian
66,528.0,1047.0,621.0,1090.0,8213,1,0,1,Pedestrian
66,528.0,1047.0,621.0,1090.0,8214,1,0,1,Pedestrian
66,528.0,1047.0,621.0,1090.0,8215,1,0,1,Pedestrian
66,528.0,1047.0,621.0,1090.0,8216,1,0,1,Pedestrian
66,528.0,1047.0,621.0,1090.0,8217,1,0,1,Pedestrian
66,528.0,1047.0,621.0,1090.0,8218,1,0,1,Pedestrian
66,528.0,1047.0,621.0,1090.0,8219,1,0,1,Pedestrian
66,528.0,1047.0,621.0,1090.0,8220,1,0,1,Pedestrian
66,528.0,1047.0,621.0,1090.0,8221,1,0,1,Pedestrian
66,528.0,1047.0,621.0,1090.0,8222,1,0,1,Pedestrian
66,528.0,1047.0,621.0,1090.0,8223,1,0,1,Pedestrian
66,528.0,1047.0,621.0,1090.0,8224,1,0,1,Pedestrian
66,528.0,1047.0,621.0,1090.0,8225,1,0,1,Pedestrian
66,528.0,1047.0,621.0,1090.0,8226,1,0,1,Pedestrian
66,528.0,1047.0,621.0,1090.0,8227,1,0,1,Pedestrian
66,528.0,1047.0,621.0,1090.0,8228,1,0,1,Pedestrian
66,528.0,1047.0,621.0,1090.0,8229,1,0,1,Pedestrian
66,528.0,1047.0,621.0,1090.0,8230,1,0,1,Pedestrian
66,528.0,1047.0,621.0,1090.0,8231,1,0,1,Pedestrian
66,528.0,1047.0,621.0,1090.0,8232,1,0,1,Pedestrian
66,528.0,1047.0,621.0,1090.0,8233,1,0,1,Pedestrian
66,528.0,1047.0,621.0,1090.0,8234,1,0,1,Pedestrian
66,528.0,1047.0,621.0,1090.0,8235,1,0,1,Pedestrian
66,528.0,1047.0,621.0,1090.0,8236,1,0,1,Pedestrian
66,528.0,1047.0,621.0,1090.0,8237,1,0,1,Pedestrian
66,528.0,1047.0,621.0,1090.0,8238,1,0,1,Pedestrian
66,528.0,1047.0,621.0,1090.0,8239,1,0,1,Pedestrian
66,528.0,1047.0,621.0,1090.0,8240,1,0,1,Pedestrian
66,528.0,1047.0,621.0,1090.0,8241,1,0,1,Pedestrian
66,528.0,1047.0,621.0,1090.0,8242,1,0,1,Pedestrian
66,528.0,1047.0,621.0,1090.0,8243,1,0,1,Pedestrian
66,528.0,1047.0,621.0,1090.0,8244,1,0,1,Pedestrian
66,528.0,1047.0,621.0,1090.0,8245,1,0,1,Pedestrian
66,528.0,1047.0,621.0,1090.0,8246,1,0,1,Pedestrian
66,528.0,1047.0,621.0,1090.0,8247,1,0,1,Pedestrian
66,528.0,1047.0,621.0,1090.0,8248,1,0,1,Pedestrian
66,528.0,1047.0,621.0,1090.0,8249,1,0,1,Pedestrian
66,528.0,1047.0,621.0,1090.0,8250,1,0,1,Pedestrian
66,528.0,1047.0,621.0,1090.0,8251,1,0,1,Pedestrian
66,528.0,1047.0,621.0,1090.0,8252,1,0,1,Pedestrian
66,528.0,1047.0,621.0,1090.0,8253,1,0,1,Pedestrian
66,528.0,1047.0,621.0,1090.0,8254,1,0,1,Pedestrian
66,528.0,1047.0,621.0,1090.0,8255,1,0,1,Pedestrian
66,528.0,1047.0,621.0,1090.0,8256,1,0,1,Pedestrian
66,528.0,1047.0,621.0,1090.0,8257,1,0,1,Pedestrian
66,528.0,1047.0,621.0,1090.0,8258,1,0,1,Pedestrian
66,528.0,1047.0,621.0,1090.0,8259,1,0,1,Pedestrian
66,528.0,1047.0,621.0,1090.0,8260,1,0,1,Pedestrian
66,528.0,1047.0,621.0,1090.0,8261,1,0,1,Pedestrian
66,528.0,1047.0,621.0,1090.0,8262,1,0,1,Pedestrian
66,528.0,1047.0,621.0,1090.0,8263,1,0,1,Pedestrian
66,528.0,1047.0,621.0,1090.0,8264,1,0,1,Pedestrian
66,528.0,1047.0,621.0,1090.0,8265,1,0,1,Pedestrian
66,528.0,1047.0,621.0,1090.0,8266,1,0,1,Pedestrian
66,528.0,1047.0,621.0,1090.0,8267,1,0,1,Pedestrian
66,528.0,1047.0,621.0,1090.0,8268,1,0,1,Pedestrian
66,528.0,1047.0,621.0,1090.0,8269,1,0,1,Pedestrian
66,528.0,1047.0,621.0,1090.0,8270,1,0,1,Pedestrian
66,528.0,1047.0,621.0,1090.0,8271,1,0,1,Pedestrian
66,528.0,1047.0,621.0,1090.0,8272,1,0,1,Pedestrian
66,528.0,1047.0,621.0,1090.0,8273,1,0,1,Pedestrian
66,528.0,1047.0,621.0,1090.0,8274,1,0,1,Pedestrian
66,528.0,1047.0,621.0,1090.0,8275,1,0,1,Pedestrian
66,528.0,1047.0,621.0,1090.0,8276,1,0,1,Pedestrian
66,528.0,1047.0,621.0,1090.0,8277,1,0,1,Pedestrian
66,528.0,1047.0,621.0,1090.0,8278,1,0,1,Pedestrian
66,528.0,1047.0,621.0,1090.0,8279,1,0,1,Pedestrian
66,528.0,1047.0,621.0,1090.0,8280,1,0,1,Pedestrian
66,528.0,1047.0,621.0,1090.0,8281,1,0,1,Pedestrian
66,528.0,1047.0,621.0,1090.0,8282,1,0,1,Pedestrian
66,528.0,1047.0,621.0,1090.0,8283,1,0,1,Pedestrian
66,528.0,1047.0,621.0,1090.0,8284,1,0,1,Pedestrian
66,528.0,1047.0,621.0,1090.0,8285,1,0,1,Pedestrian
66,528.0,1047.0,621.0,1090.0,8286,1,0,1,Pedestrian
66,528.0,1047.0,621.0,1090.0,8287,1,0,1,Pedestrian
66,528.0,1047.0,621.0,1090.0,8288,1,0,1,Pedestrian
66,528.0,1047.0,621.0,1090.0,8289,1,0,1,Pedestrian
66,528.0,1047.0,621.0,1090.0,8290,1,0,1,Pedestrian
66,528.0,1047.0,621.0,1090.0,8291,1,0,1,Pedestrian
66,528.0,1047.0,621.0,1090.0,8292,1,0,1,Pedestrian
66,528.0,1047.0,621.0,1090.0,8293,1,0,1,Pedestrian
66,528.0,1047.0,621.0,1090.0,8294,1,0,1,Pedestrian
66,528.0,1047.0,621.0,1090.0,8295,1,0,1,Pedestrian
66,528.0,1047.0,621.0,1090.0,8296,1,0,1,Pedestrian
66,528.0,1047.0,621.0,1090.0,8297,1,0,1,Pedestrian
66,528.0,1047.0,621.0,1090.0,8298,1,0,1,Pedestrian
66,528.0,1047.0,621.0,1090.0,8299,1,0,1,Pedestrian
66,528.0,1047.0,621.0,1090.0,8300,1,0,1,Pedestrian
66,528.0,1047.0,621.0,1090.0,8301,1,0,1,Pedestrian
66,528.0,1047.0,621.0,1090.0,8302,1,0,1,Pedestrian
66,528.0,1047.0,621.0,1090.0,8303,1,0,1,Pedestrian
66,528.0,1047.0,621.0,1090.0,8304,1,0,1,Pedestrian
66,528.0,1047.0,621.0,1090.0,8305,1,0,1,Pedestrian
66,528.0,1047.0,621.0,1090.0,8306,1,0,1,Pedestrian
66,528.0,1047.0,621.0,1090.0,8307,1,0,1,Pedestrian
66,528.0,1047.0,621.0,1090.0,8308,1,0,1,Pedestrian
66,528.0,1047.0,621.0,1090.0,8309,1,0,1,Pedestrian
66,528.0,1047.0,621.0,1090.0,8310,1,0,1,Pedestrian
66,528.0,1047.0,621.0,1090.0,8311,1,0,1,Pedestrian
66,528.0,1047.0,621.0,1090.0,8312,1,0,1,Pedestrian
66,528.0,1047.0,621.0,1090.0,8313,1,0,1,Pedestrian
66,528.0,1047.0,621.0,1090.0,8314,1,0,1,Pedestrian
66,528.0,1047.0,621.0,1090.0,8315,1,0,1,Pedestrian
66,528.0,1047.0,621.0,1090.0,8316,1,0,1,Pedestrian
66,528.0,1047.0,621.0,1090.0,8317,1,0,1,Pedestrian
66,528.0,1047.0,621.0,1090.0,8318,1,0,1,Pedestrian
66,528.0,1047.0,621.0,1090.0,8319,1,0,1,Pedestrian
66,528.0,1047.0,621.0,1090.0,8320,1,0,1,Pedestrian
66,528.0,1047.0,621.0,1090.0,8321,1,0,1,Pedestrian
66,528.0,1047.0,621.0,1090.0,8322,1,0,1,Pedestrian
66,528.0,1047.0,621.0,1090.0,8323,1,0,1,Pedestrian
66,528.0,1047.0,621.0,1090.0,8324,1,0,1,Pedestrian
66,528.0,1047.0,621.0,1090.0,8325,1,0,1,Pedestrian
66,528.0,1047.0,621.0,1090.0,8326,1,0,1,Pedestrian
66,528.0,1047.0,621.0,1090.0,8327,1,0,1,Pedestrian
66,528.0,1047.0,621.0,1090.0,8328,1,0,1,Pedestrian
66,528.0,1047.0,621.0,1090.0,8329,1,0,1,Pedestrian
66,528.0,1047.0,621.0,1090.0,8330,1,0,1,Pedestrian
66,528.0,1047.0,621.0,1090.0,8331,1,0,1,Pedestrian
66,528.0,1047.0,621.0,1090.0,8332,1,0,1,Pedestrian
66,528.0,1047.0,621.0,1090.0,8333,1,0,1,Pedestrian
66,528.0,1047.0,621.0,1090.0,8334,1,0,1,Pedestrian
66,528.0,1047.0,621.0,1090.0,8335,1,0,1,Pedestrian
66,528.0,1047.0,621.0,1090.0,8336,1,0,1,Pedestrian
66,528.0,1047.0,621.0,1090.0,8337,1,0,1,Pedestrian
66,528.0,1047.0,621.0,1090.0,8338,1,0,1,Pedestrian
66,528.0,1047.0,621.0,1090.0,8339,1,0,1,Pedestrian
66,528.0,1047.0,621.0,1090.0,8340,1,0,1,Pedestrian
66,528.0,1047.0,621.0,1090.0,8341,1,0,1,Pedestrian
66,528.0,1047.0,621.0,1090.0,8342,1,0,1,Pedestrian
66,528.0,1047.0,621.0,1090.0,8343,1,0,1,Pedestrian
66,528.0,1047.0,621.0,1090.0,8344,1,0,1,Pedestrian
66,528.0,1047.0,621.0,1090.0,8345,1,0,1,Pedestrian
66,528.0,1047.0,621.0,1090.0,8346,1,0,1,Pedestrian
66,528.0,1047.0,621.0,1090.0,8347,1,0,1,Pedestrian
66,528.0,1047.0,621.0,1090.0,8348,1,0,1,Pedestrian
66,528.0,1047.0,621.0,1090.0,8349,1,0,1,Pedestrian
66,528.0,1047.0,621.0,1090.0,8350,1,0,1,Pedestrian
66,528.0,1047.0,621.0,1090.0,8351,1,0,1,Pedestrian
66,528.0,1047.0,621.0,1090.0,8352,1,0,1,Pedestrian
66,528.0,1047.0,621.0,1090.0,8353,1,0,1,Pedestrian
66,528.0,1047.0,621.0,1090.0,8354,1,0,1,Pedestrian
66,528.0,1047.0,621.0,1090.0,8355,1,0,1,Pedestrian
66,528.0,1047.0,621.0,1090.0,8356,1,0,1,Pedestrian
66,528.0,1047.0,621.0,1090.0,8357,1,0,1,Pedestrian
66,528.0,1047.0,621.0,1090.0,8358,1,0,1,Pedestrian
66,528.0,1047.0,621.0,1090.0,8359,1,0,1,Pedestrian
66,528.0,1047.0,621.0,1090.0,8360,1,0,1,Pedestrian
66,528.0,1047.0,621.0,1090.0,8361,1,0,1,Pedestrian
66,528.0,1047.0,621.0,1090.0,8362,1,0,1,Pedestrian
66,528.0,1047.0,621.0,1090.0,8363,1,0,1,Pedestrian
66,528.0,1047.0,621.0,1090.0,8364,1,0,1,Pedestrian
66,528.0,1047.0,621.0,1090.0,8365,1,0,1,Pedestrian
66,528.0,1047.0,621.0,1090.0,8366,1,0,1,Pedestrian
66,528.0,1047.0,621.0,1090.0,8367,1,0,1,Pedestrian
66,528.0,1047.0,621.0,1090.0,8368,1,0,1,Pedestrian
66,528.0,1047.0,621.0,1090.0,8369,1,0,1,Pedestrian
66,528.0,1047.0,621.0,1090.0,8370,1,0,1,Pedestrian
66,528.0,1047.0,621.0,1090.0,8371,1,0,1,Pedestrian
66,528.0,1047.0,621.0,1090.0,8372,1,0,1,Pedestrian
66,528.0,1047.0,621.0,1090.0,8373,1,0,1,Pedestrian
66,528.0,1047.0,621.0,1090.0,8374,1,0,1,Pedestrian
66,528.0,1047.0,621.0,1090.0,8375,1,0,1,Pedestrian
66,528.0,1047.0,621.0,1090.0,8376,1,0,1,Pedestrian
66,528.0,1047.0,621.0,1090.0,8377,1,0,1,Pedestrian
66,528.0,1047.0,621.0,1090.0,8378,1,0,1,Pedestrian
66,528.0,1047.0,621.0,1090.0,8379,1,0,1,Pedestrian
66,528.0,1047.0,621.0,1090.0,8380,1,0,1,Pedestrian
66,528.0,1047.0,621.0,1090.0,8381,1,0,1,Pedestrian
66,528.0,1047.0,621.0,1090.0,8382,1,0,1,Pedestrian
66,528.0,1047.0,621.0,1090.0,8383,1,0,1,Pedestrian
66,528.0,1047.0,621.0,1090.0,8384,1,0,1,Pedestrian
66,528.0,1047.0,621.0,1090.0,8385,1,0,1,Pedestrian
66,528.0,1047.0,621.0,1090.0,8386,1,0,1,Pedestrian
66,528.0,1047.0,621.0,1090.0,8387,1,0,1,Pedestrian
66,528.0,1047.0,621.0,1090.0,8388,1,0,1,Pedestrian
66,528.0,1047.0,621.0,1090.0,8389,1,0,1,Pedestrian
66,528.0,1047.0,621.0,1090.0,8390,1,0,1,Pedestrian
66,528.0,1047.0,621.0,1090.0,8391,1,0,1,Pedestrian
66,528.0,1047.0,621.0,1090.0,8392,1,0,1,Pedestrian
66,528.0,1047.0,621.0,1090.0,8393,1,0,1,Pedestrian
66,528.0,1047.0,621.0,1090.0,8394,1,0,1,Pedestrian
66,528.0,1047.0,621.0,1090.0,8395,1,0,1,Pedestrian
66,528.0,1047.0,621.0,1090.0,8396,1,0,1,Pedestrian
66,528.0,1047.0,621.0,1090.0,8397,1,0,1,Pedestrian
66,528.0,1047.0,621.0,1090.0,8398,1,0,1,Pedestrian
66,528.0,1047.0,621.0,1090.0,8399,1,0,1,Pedestrian
66,528.0,1047.0,621.0,1090.0,8400,1,0,1,Pedestrian
66,528.0,1047.0,621.0,1090.0,8401,1,0,1,Pedestrian
66,528.0,1047.0,621.0,1090.0,8402,1,0,1,Pedestrian
66,528.0,1047.0,621.0,1090.0,8403,1,0,1,Pedestrian
66,528.0,1047.0,621.0,1090.0,8404,1,0,1,Pedestrian
66,528.0,1047.0,621.0,1090.0,8405,1,0,1,Pedestrian
66,528.0,1047.0,621.0,1090.0,8406,1,0,1,Pedestrian
66,528.0,1047.0,621.0,1090.0,8407,1,0,1,Pedestrian
66,528.0,1047.0,621.0,1090.0,8408,1,0,1,Pedestrian
66,528.0,1047.0,621.0,1090.0,8409,1,0,1,Pedestrian
66,528.0,1047.0,621.0,1090.0,8410,1,0,1,Pedestrian
66,528.0,1047.0,621.0,1090.0,8411,1,0,1,Pedestrian
66,528.0,1047.0,621.0,1090.0,8412,1,0,1,Pedestrian
66,528.0,1047.0,621.0,1090.0,8413,1,0,1,Pedestrian
66,528.0,1047.0,621.0,1090.0,8414,1,0,1,Pedestrian
66,528.0,1047.0,621.0,1090.0,8415,1,0,1,Pedestrian
66,528.0,1047.0,621.0,1090.0,8416,1,0,1,Pedestrian
66,528.0,1047.0,621.0,1090.0,8417,1,0,1,Pedestrian
66,528.0,1047.0,621.0,1090.0,8418,1,0,1,Pedestrian
66,528.0,1047.0,621.0,1090.0,8419,1,0,1,Pedestrian
66,528.0,1047.0,621.0,1090.0,8420,1,0,1,Pedestrian
66,528.0,1047.0,621.0,1090.0,8421,1,0,1,Pedestrian
66,528.0,1047.0,621.0,1090.0,8422,1,0,1,Pedestrian
66,528.0,1047.0,621.0,1090.0,8423,1,0,1,Pedestrian
66,528.0,1047.0,621.0,1090.0,8424,1,0,1,Pedestrian
66,528.0,1047.0,621.0,1090.0,8425,1,0,1,Pedestrian
66,528.0,1047.0,621.0,1090.0,8426,1,0,1,Pedestrian
66,528.0,1047.0,621.0,1090.0,8427,1,0,1,Pedestrian
66,528.0,1047.0,621.0,1090.0,8428,1,0,1,Pedestrian
66,528.0,1047.0,621.0,1090.0,8429,1,0,1,Pedestrian
66,528.0,1047.0,621.0,1090.0,8430,1,0,1,Pedestrian
66,528.0,1047.0,621.0,1090.0,8431,1,0,1,Pedestrian
66,528.0,1047.0,621.0,1090.0,8432,1,0,1,Pedestrian
66,528.0,1047.0,621.0,1090.0,8433,1,0,1,Pedestrian
66,528.0,1047.0,621.0,1090.0,8434,1,0,1,Pedestrian
66,528.0,1047.0,621.0,1090.0,8435,1,0,1,Pedestrian
66,528.0,1047.0,621.0,1090.0,8436,1,0,1,Pedestrian
66,528.0,1047.0,621.0,1090.0,8437,1,0,1,Pedestrian
66,528.0,1047.0,621.0,1090.0,8438,1,0,1,Pedestrian
66,528.0,1047.0,621.0,1090.0,8439,1,0,1,Pedestrian
66,528.0,1047.0,621.0,1090.0,8440,1,0,1,Pedestrian
66,528.0,1047.0,621.0,1090.0,8441,1,0,1,Pedestrian
66,528.0,1047.0,621.0,1090.0,8442,1,0,1,Pedestrian
66,528.0,1047.0,621.0,1090.0,8443,1,0,1,Pedestrian
66,528.0,1047.0,621.0,1090.0,8444,1,0,1,Pedestrian
66,528.0,1047.0,621.0,1090.0,8445,1,0,1,Pedestrian
66,528.0,1047.0,621.0,1090.0,8446,1,0,1,Pedestrian
66,528.0,1047.0,621.0,1090.0,8447,1,0,1,Pedestrian
66,528.0,1047.0,621.0,1090.0,8448,1,0,1,Pedestrian
66,528.0,1047.0,621.0,1090.0,8449,1,0,1,Pedestrian
66,528.0,1047.0,621.0,1090.0,8450,1,0,1,Pedestrian
66,528.0,1047.0,621.0,1090.0,8451,1,0,1,Pedestrian
66,528.0,1047.0,621.0,1090.0,8452,1,0,1,Pedestrian
66,528.0,1047.0,621.0,1090.0,8453,1,0,1,Pedestrian
66,528.0,1047.0,621.0,1090.0,8454,1,0,1,Pedestrian
66,528.0,1047.0,621.0,1090.0,8455,1,0,1,Pedestrian
66,528.0,1047.0,621.0,1090.0,8456,1,0,1,Pedestrian
66,528.0,1047.0,621.0,1090.0,8457,1,0,1,Pedestrian
66,528.0,1047.0,621.0,1090.0,8458,1,0,1,Pedestrian
66,528.0,1047.0,621.0,1090.0,8459,1,0,1,Pedestrian
66,528.0,1047.0,621.0,1090.0,8460,1,0,1,Pedestrian
66,528.0,1047.0,621.0,1090.0,8461,1,0,1,Pedestrian
66,528.0,1047.0,621.0,1090.0,8462,1,0,1,Pedestrian
66,528.0,1047.0,621.0,1090.0,8463,1,0,1,Pedestrian
66,528.0,1047.0,621.0,1090.0,8464,1,0,1,Pedestrian
66,528.0,1047.0,621.0,1090.0,8465,1,0,1,Pedestrian
66,528.0,1047.0,621.0,1090.0,8466,1,0,1,Pedestrian
66,528.0,1047.0,621.0,1090.0,8467,1,0,1,Pedestrian
66,528.0,1047.0,621.0,1090.0,8468,1,0,1,Pedestrian
66,528.0,1047.0,621.0,1090.0,8469,1,0,1,Pedestrian
66,528.0,1047.0,621.0,1090.0,8470,1,0,1,Pedestrian
66,528.0,1047.0,621.0,1090.0,8471,1,0,1,Pedestrian
66,528.0,1047.0,621.0,1090.0,8472,1,0,1,Pedestrian
66,528.0,1047.0,621.0,1090.0,8473,1,0,1,Pedestrian
66,528.0,1047.0,621.0,1090.0,8474,1,0,1,Pedestrian
66,528.0,1047.0,621.0,1090.0,8475,1,0,1,Pedestrian
66,528.0,1047.0,621.0,1090.0,8476,1,0,1,Pedestrian
66,528.0,1047.0,621.0,1090.0,8477,1,0,1,Pedestrian
66,528.0,1047.0,621.0,1090.0,8478,1,0,1,Pedestrian
66,528.0,1047.0,621.0,1090.0,8479,1,0,1,Pedestrian
66,528.0,1047.0,621.0,1090.0,8480,1,0,1,Pedestrian
66,528.0,1047.0,621.0,1090.0,8481,1,0,1,Pedestrian
66,528.0,1047.0,621.0,1090.0,8482,1,0,1,Pedestrian
66,528.0,1047.0,621.0,1090.0,8483,1,0,1,Pedestrian
66,528.0,1047.0,621.0,1090.0,8484,1,0,1,Pedestrian
66,528.0,1047.0,621.0,1090.0,8485,1,0,1,Pedestrian
66,528.0,1047.0,621.0,1090.0,8486,1,0,1,Pedestrian
66,528.0,1047.0,621.0,1090.0,8487,1,0,1,Pedestrian
66,528.0,1047.0,621.0,1090.0,8488,1,0,1,Pedestrian
66,528.0,1047.0,621.0,1090.0,8489,1,0,1,Pedestrian
66,528.0,1047.0,621.0,1090.0,8490,1,0,1,Pedestrian
66,528.0,1047.0,621.0,1090.0,8491,1,0,1,Pedestrian
66,528.0,1047.0,621.0,1090.0,8492,1,0,1,Pedestrian
66,528.0,1047.0,621.0,1090.0,8493,1,0,1,Pedestrian
66,528.0,1047.0,621.0,1090.0,8494,1,0,1,Pedestrian
66,528.0,1047.0,621.0,1090.0,8495,1,0,1,Pedestrian
66,528.0,1047.0,621.0,1090.0,8496,1,0,1,Pedestrian
66,528.0,1047.0,621.0,1090.0,8497,1,0,1,Pedestrian
66,528.0,1047.0,621.0,1090.0,8498,1,0,1,Pedestrian
66,528.0,1047.0,621.0,1090.0,8499,1,0,1,Pedestrian
66,528.0,1047.0,621.0,1090.0,8500,1,0,1,Pedestrian
66,528.0,1047.0,621.0,1090.0,8501,1,0,1,Pedestrian
66,528.0,1047.0,621.0,1090.0,8502,1,0,1,Pedestrian
66,528.0,1047.0,621.0,1090.0,8503,1,0,1,Pedestrian
66,528.0,1047.0,621.0,1090.0,8504,1,0,1,Pedestrian
66,528.0,1047.0,621.0,1090.0,8505,1,0,1,Pedestrian
66,528.0,1047.0,621.0,1090.0,8506,1,0,1,Pedestrian
66,528.0,1047.0,621.0,1090.0,8507,1,0,1,Pedestrian
66,528.0,1047.0,621.0,1090.0,8508,1,0,1,Pedestrian
66,528.0,1047.0,621.0,1090.0,8509,1,0,1,Pedestrian
66,528.0,1047.0,621.0,1090.0,8510,1,0,1,Pedestrian
66,528.0,1047.0,621.0,1090.0,8511,1,0,1,Pedestrian
66,528.0,1047.0,621.0,1090.0,8512,1,0,1,Pedestrian
66,528.0,1047.0,621.0,1090.0,8513,1,0,1,Pedestrian
66,528.0,1047.0,621.0,1090.0,8514,1,0,1,Pedestrian
66,528.0,1047.0,621.0,1090.0,8515,1,0,1,Pedestrian
66,528.0,1047.0,621.0,1090.0,8516,1,0,1,Pedestrian
66,528.0,1047.0,621.0,1090.0,8517,1,0,1,Pedestrian
66,528.0,1047.0,621.0,1090.0,8518,1,0,1,Pedestrian
66,528.0,1047.0,621.0,1090.0,8519,1,0,1,Pedestrian
66,528.0,1047.0,621.0,1090.0,8520,1,0,1,Pedestrian
66,528.0,1047.0,621.0,1090.0,8521,1,0,1,Pedestrian
66,528.0,1047.0,621.0,1090.0,8522,1,0,1,Pedestrian
66,528.0,1047.0,621.0,1090.0,8523,1,0,1,Pedestrian
66,528.0,1047.0,621.0,1090.0,8524,1,0,1,Pedestrian
66,528.0,1047.0,621.0,1090.0,8525,1,0,1,Pedestrian
66,528.0,1047.0,621.0,1090.0,8526,1,0,1,Pedestrian
66,528.0,1047.0,621.0,1090.0,8527,1,0,1,Pedestrian
66,528.0,1047.0,621.0,1090.0,8528,1,0,1,Pedestrian
66,528.0,1047.0,621.0,1090.0,8529,1,0,1,Pedestrian
66,528.0,1047.0,621.0,1090.0,8530,1,0,1,Pedestrian
66,528.0,1047.0,621.0,1090.0,8531,1,0,0,Pedestrian
67,761.0,11.0,849.0,72.0,7500,1,0,0,Pedestrian
67,761.0,9.0,847.0,70.0,7501,1,0,1,Pedestrian
67,761.0,9.0,847.0,70.0,7502,1,0,1,Pedestrian
67,761.0,9.0,847.0,70.0,7503,1,0,1,Pedestrian
67,761.0,9.0,847.0,70.0,7504,1,0,1,Pedestrian
67,761.0,9.0,847.0,70.0,7505,1,0,1,Pedestrian
67,761.0,9.0,847.0,70.0,7506,1,0,1,Pedestrian
67,761.0,9.0,847.0,70.0,7507,1,0,1,Pedestrian
67,761.0,9.0,847.0,70.0,7508,1,0,1,Pedestrian
67,761.0,9.0,847.0,70.0,7509,1,0,1,Pedestrian
67,761.0,6.0,847.0,68.0,7510,1,0,1,Pedestrian
67,761.0,6.0,847.0,68.0,7511,1,0,1,Pedestrian
67,761.0,6.0,847.0,68.0,7512,1,0,1,Pedestrian
67,761.0,6.0,847.0,68.0,7513,1,0,1,Pedestrian
67,761.0,6.0,847.0,68.0,7514,1,0,1,Pedestrian
67,761.0,6.0,847.0,68.0,7515,1,0,1,Pedestrian
67,761.0,6.0,847.0,68.0,7516,1,0,1,Pedestrian
67,761.0,6.0,847.0,68.0,7517,1,0,1,Pedestrian
67,761.0,6.0,847.0,68.0,7518,1,0,1,Pedestrian
67,761.0,6.0,847.0,68.0,7519,1,0,1,Pedestrian
67,761.0,4.0,847.0,66.0,7520,1,0,1,Pedestrian
67,761.0,4.0,847.0,66.0,7521,1,0,1,Pedestrian
67,761.0,4.0,847.0,66.0,7522,1,0,1,Pedestrian
67,761.0,4.0,847.0,66.0,7523,1,0,1,Pedestrian
67,761.0,4.0,847.0,66.0,7524,1,0,1,Pedestrian
67,761.0,4.0,847.0,66.0,7525,1,0,1,Pedestrian
67,761.0,4.0,847.0,66.0,7526,1,0,1,Pedestrian
67,761.0,4.0,847.0,66.0,7527,1,0,1,Pedestrian
67,761.0,4.0,847.0,66.0,7528,1,0,1,Pedestrian
67,761.0,4.0,847.0,66.0,7529,1,0,1,Pedestrian
67,761.0,2.0,847.0,63.0,7530,1,0,1,Pedestrian
67,761.0,2.0,847.0,63.0,7531,1,0,1,Pedestrian
67,761.0,2.0,847.0,63.0,7532,1,0,1,Pedestrian
67,761.0,2.0,847.0,63.0,7533,1,0,1,Pedestrian
67,761.0,2.0,847.0,63.0,7534,1,0,1,Pedestrian
67,761.0,2.0,847.0,63.0,7535,1,0,1,Pedestrian
67,761.0,2.0,847.0,63.0,7536,1,0,1,Pedestrian
67,761.0,2.0,847.0,63.0,7537,1,0,1,Pedestrian
67,761.0,2.0,847.0,63.0,7538,1,0,1,Pedestrian
67,761.0,2.0,847.0,63.0,7539,1,0,1,Pedestrian
67,761.0,0.0,847.0,61.0,7540,1,0,1,Pedestrian
67,761.0,0.0,847.0,61.0,7541,1,0,1,Pedestrian
67,761.0,0.0,847.0,61.0,7542,1,0,1,Pedestrian
67,761.0,0.0,847.0,61.0,7543,1,0,1,Pedestrian
67,761.0,0.0,847.0,61.0,7544,1,0,1,Pedestrian
67,761.0,0.0,847.0,61.0,7545,1,0,1,Pedestrian
67,761.0,0.0,847.0,61.0,7546,1,0,1,Pedestrian
67,761.0,0.0,847.0,61.0,7547,1,0,1,Pedestrian
67,761.0,0.0,847.0,61.0,7548,1,0,1,Pedestrian
67,761.0,0.0,847.0,61.0,7549,0,0,0,Pedestrian
67,761.0,0.0,847.0,61.0,7550,0,0,1,Pedestrian
67,761.0,0.0,847.0,61.0,7551,0,0,1,Pedestrian
67,761.0,0.0,847.0,61.0,7552,0,0,1,Pedestrian
67,761.0,0.0,847.0,61.0,7553,0,0,1,Pedestrian
67,761.0,0.0,847.0,61.0,7554,0,0,1,Pedestrian
67,761.0,0.0,847.0,61.0,7555,0,0,1,Pedestrian
67,761.0,0.0,847.0,61.0,7556,0,0,1,Pedestrian
67,761.0,0.0,847.0,61.0,7557,0,0,1,Pedestrian
67,761.0,0.0,847.0,61.0,7558,0,0,1,Pedestrian
67,761.0,0.0,847.0,61.0,7559,0,0,1,Pedestrian
67,761.0,0.0,847.0,61.0,7560,0,0,1,Pedestrian
67,761.0,0.0,847.0,61.0,7561,0,0,1,Pedestrian
67,761.0,0.0,847.0,61.0,7562,0,0,1,Pedestrian
67,761.0,2.0,847.0,63.0,7563,0,0,1,Pedestrian
67,761.0,2.0,847.0,63.0,7564,0,0,1,Pedestrian
67,761.0,2.0,847.0,63.0,7565,0,0,1,Pedestrian
67,761.0,2.0,847.0,63.0,7566,0,0,1,Pedestrian
67,761.0,2.0,847.0,63.0,7567,0,0,1,Pedestrian
67,761.0,2.0,847.0,63.0,7568,0,0,1,Pedestrian
67,761.0,2.0,847.0,63.0,7569,0,0,1,Pedestrian
67,761.0,2.0,847.0,63.0,7570,0,0,1,Pedestrian
67,761.0,2.0,847.0,63.0,7571,0,0,1,Pedestrian
67,761.0,2.0,847.0,63.0,7572,0,0,1,Pedestrian
67,761.0,2.0,847.0,63.0,7573,0,0,1,Pedestrian
67,761.0,2.0,847.0,63.0,7574,0,0,1,Pedestrian
67,761.0,2.0,847.0,63.0,7575,0,0,1,Pedestrian
67,761.0,4.0,847.0,66.0,7576,0,0,1,Pedestrian
67,761.0,4.0,847.0,66.0,7577,0,0,1,Pedestrian
67,761.0,4.0,847.0,66.0,7578,0,0,1,Pedestrian
67,761.0,4.0,847.0,66.0,7579,0,0,1,Pedestrian
67,761.0,4.0,847.0,66.0,7580,0,0,1,Pedestrian
67,761.0,4.0,847.0,66.0,7581,0,0,1,Pedestrian
67,761.0,4.0,847.0,66.0,7582,0,0,1,Pedestrian
67,761.0,4.0,847.0,66.0,7583,0,0,1,Pedestrian
67,761.0,4.0,847.0,66.0,7584,0,0,1,Pedestrian
67,761.0,4.0,847.0,66.0,7585,0,0,1,Pedestrian
67,761.0,4.0,847.0,66.0,7586,0,0,1,Pedestrian
67,761.0,4.0,847.0,66.0,7587,0,0,1,Pedestrian
67,761.0,4.0,847.0,66.0,7588,0,0,1,Pedestrian
67,761.0,4.0,847.0,66.0,7589,0,0,1,Pedestrian
67,761.0,6.0,847.0,68.0,7590,0,0,1,Pedestrian
67,761.0,6.0,847.0,68.0,7591,0,0,1,Pedestrian
67,761.0,6.0,847.0,68.0,7592,0,0,1,Pedestrian
67,761.0,6.0,847.0,68.0,7593,0,0,1,Pedestrian
67,761.0,6.0,847.0,68.0,7594,0,0,1,Pedestrian
67,761.0,6.0,847.0,68.0,7595,0,0,1,Pedestrian
67,761.0,6.0,847.0,68.0,7596,0,0,1,Pedestrian
67,761.0,6.0,847.0,68.0,7597,0,0,1,Pedestrian
67,761.0,6.0,847.0,68.0,7598,0,0,1,Pedestrian
67,761.0,6.0,847.0,68.0,7599,0,0,1,Pedestrian
67,761.0,6.0,847.0,68.0,7600,0,0,1,Pedestrian
67,761.0,6.0,847.0,68.0,7601,0,0,1,Pedestrian
67,761.0,6.0,847.0,68.0,7602,0,0,1,Pedestrian
67,761.0,9.0,847.0,70.0,7603,0,0,1,Pedestrian
67,761.0,9.0,847.0,70.0,7604,0,0,1,Pedestrian
67,761.0,9.0,847.0,70.0,7605,0,0,1,Pedestrian
67,761.0,9.0,847.0,70.0,7606,0,0,1,Pedestrian
67,761.0,9.0,847.0,70.0,7607,0,0,1,Pedestrian
67,761.0,9.0,847.0,70.0,7608,0,0,1,Pedestrian
67,761.0,9.0,847.0,70.0,7609,0,0,1,Pedestrian
67,761.0,9.0,847.0,70.0,7610,0,0,1,Pedestrian
67,761.0,9.0,847.0,70.0,7611,0,0,1,Pedestrian
67,761.0,9.0,847.0,70.0,7612,0,0,1,Pedestrian
67,761.0,9.0,847.0,70.0,7613,0,0,1,Pedestrian
67,761.0,9.0,847.0,70.0,7614,0,0,1,Pedestrian
67,761.0,9.0,847.0,70.0,7615,0,0,1,Pedestrian
67,761.0,11.0,849.0,72.0,7616,0,0,0,Pedestrian
67,761.0,11.0,849.0,72.0,7617,0,0,1,Pedestrian
67,761.0,13.0,849.0,75.0,7618,0,0,1,Pedestrian
67,761.0,15.0,849.0,77.0,7619,0,0,1,Pedestrian
67,761.0,15.0,849.0,77.0,7620,0,0,1,Pedestrian
67,764.0,18.0,852.0,79.0,7621,0,0,1,Pedestrian
67,764.0,20.0,852.0,81.0,7622,0,0,1,Pedestrian
67,764.0,20.0,852.0,81.0,7623,0,0,1,Pedestrian
67,764.0,22.0,852.0,84.0,7624,0,0,1,Pedestrian
67,767.0,25.0,855.0,86.0,7625,0,0,1,Pedestrian
67,767.0,27.0,855.0,88.0,7626,0,0,1,Pedestrian
67,767.0,27.0,855.0,88.0,7627,0,0,1,Pedestrian
67,767.0,29.0,855.0,91.0,7628,0,0,1,Pedestrian
67,770.0,31.0,858.0,93.0,7629,0,0,1,Pedestrian
67,770.0,31.0,858.0,93.0,7630,0,0,1,Pedestrian
67,770.0,34.0,858.0,95.0,7631,0,0,1,Pedestrian
67,770.0,36.0,858.0,97.0,7632,0,0,1,Pedestrian
67,772.0,36.0,860.0,97.0,7633,0,0,1,Pedestrian
67,772.0,38.0,860.0,100.0,7634,0,0,1,Pedestrian
67,772.0,40.0,860.0,102.0,7635,0,0,1,Pedestrian
67,772.0,43.0,860.0,104.0,7636,0,0,1,Pedestrian
67,775.0,43.0,863.0,104.0,7637,0,0,1,Pedestrian
67,775.0,45.0,863.0,107.0,7638,0,0,1,Pedestrian
67,775.0,47.0,863.0,109.0,7639,0,0,1,Pedestrian
67,775.0,47.0,863.0,109.0,7640,0,0,1,Pedestrian
67,778.0,50.0,866.0,111.0,7641,0,0,1,Pedestrian
67,778.0,52.0,866.0,113.0,7642,0,0,1,Pedestrian
67,778.0,52.0,866.0,113.0,7643,0,0,1,Pedestrian
67,778.0,54.0,866.0,116.0,7644,0,0,1,Pedestrian
67,781.0,56.0,869.0,118.0,7645,0,0,1,Pedestrian
67,781.0,59.0,869.0,120.0,7646,0,0,1,Pedestrian
67,781.0,59.0,869.0,120.0,7647,0,0,1,Pedestrian
67,781.0,61.0,869.0,122.0,7648,0,0,1,Pedestrian
67,783.0,63.0,871.0,125.0,7649,0,0,1,Pedestrian
67,783.0,63.0,871.0,125.0,7650,0,0,1,Pedestrian
67,783.0,66.0,871.0,127.0,7651,0,0,1,Pedestrian
67,783.0,68.0,871.0,129.0,7652,0,0,1,Pedestrian
67,786.0,68.0,874.0,129.0,7653,0,0,1,Pedestrian
67,786.0,70.0,874.0,132.0,7654,0,0,1,Pedestrian
67,786.0,72.0,874.0,134.0,7655,0,0,1,Pedestrian
67,786.0,75.0,874.0,136.0,7656,0,0,1,Pedestrian
67,789.0,75.0,877.0,136.0,7657,0,0,1,Pedestrian
67,789.0,77.0,877.0,138.0,7658,0,0,1,Pedestrian
67,789.0,79.0,877.0,141.0,7659,0,0,1,Pedestrian
67,789.0,79.0,877.0,141.0,7660,0,0,1,Pedestrian
67,792.0,81.0,880.0,143.0,7661,0,0,1,Pedestrian
67,792.0,84.0,880.0,145.0,7662,0,0,1,Pedestrian
67,792.0,84.0,880.0,145.0,7663,0,0,1,Pedestrian
67,792.0,86.0,880.0,148.0,7664,0,0,1,Pedestrian
67,794.0,88.0,882.0,150.0,7665,0,0,1,Pedestrian
67,794.0,91.0,882.0,152.0,7666,0,0,1,Pedestrian
67,794.0,91.0,882.0,152.0,7667,0,0,1,Pedestrian
67,794.0,93.0,882.0,154.0,7668,0,0,1,Pedestrian
67,797.0,95.0,885.0,157.0,7669,0,0,1,Pedestrian
67,797.0,95.0,885.0,157.0,7670,0,0,1,Pedestrian
67,797.0,97.0,885.0,159.0,7671,0,0,1,Pedestrian
67,797.0,100.0,885.0,161.0,7672,0,0,1,Pedestrian
67,800.0,102.0,888.0,163.0,7673,0,0,1,Pedestrian
67,800.0,102.0,888.0,163.0,7674,0,0,1,Pedestrian
67,800.0,104.0,888.0,166.0,7675,0,0,1,Pedestrian
67,800.0,107.0,888.0,168.0,7676,0,0,1,Pedestrian
67,803.0,107.0,891.0,168.0,7677,0,0,1,Pedestrian
67,803.0,109.0,891.0,170.0,7678,0,0,1,Pedestrian
67,803.0,111.0,891.0,173.0,7679,0,0,1,Pedestrian
67,803.0,111.0,891.0,173.0,7680,0,0,1,Pedestrian
67,805.0,113.0,893.0,175.0,7681,0,0,1,Pedestrian
67,805.0,116.0,893.0,177.0,7682,0,0,1,Pedestrian
67,805.0,118.0,893.0,179.0,7683,0,0,1,Pedestrian
67,805.0,118.0,893.0,179.0,7684,0,0,1,Pedestrian
67,808.0,120.0,896.0,182.0,7685,0,0,1,Pedestrian
67,808.0,122.0,896.0,184.0,7686,0,0,1,Pedestrian
67,808.0,122.0,896.0,184.0,7687,0,0,1,Pedestrian
67,808.0,125.0,896.0,186.0,7688,0,0,1,Pedestrian
67,811.0,127.0,899.0,188.0,7689,0,0,1,Pedestrian
67,811.0,127.0,899.0,188.0,7690,0,0,1,Pedestrian
67,811.0,129.0,899.0,191.0,7691,0,0,1,Pedestrian
67,811.0,132.0,899.0,193.0,7692,0,0,1,Pedestrian
67,814.0,134.0,902.0,195.0,7693,0,0,1,Pedestrian
67,814.0,134.0,902.0,195.0,7694,0,0,1,Pedestrian
67,814.0,136.0,902.0,198.0,7695,0,0,1,Pedestrian
67,814.0,138.0,902.0,200.0,7696,0,0,1,Pedestrian
67,816.0,138.0,904.0,200.0,7697,0,0,1,Pedestrian
67,816.0,141.0,904.0,202.0,7698,0,0,1,Pedestrian
67,816.0,143.0,904.0,204.0,7699,0,0,1,Pedestrian
67,816.0,143.0,904.0,204.0,7700,0,0,1,Pedestrian
67,819.0,145.0,907.0,207.0,7701,0,0,1,Pedestrian
67,819.0,148.0,907.0,209.0,7702,0,0,1,Pedestrian
67,819.0,150.0,907.0,211.0,7703,0,0,1,Pedestrian
67,819.0,150.0,907.0,211.0,7704,0,0,1,Pedestrian
67,822.0,152.0,910.0,214.0,7705,0,0,1,Pedestrian
67,822.0,154.0,910.0,216.0,7706,0,0,1,Pedestrian
67,822.0,154.0,910.0,216.0,7707,0,0,1,Pedestrian
67,822.0,157.0,910.0,218.0,7708,0,0,1,Pedestrian
67,825.0,159.0,913.0,220.0,7709,0,0,1,Pedestrian
67,825.0,159.0,913.0,220.0,7710,0,0,1,Pedestrian
67,825.0,161.0,913.0,223.0,7711,0,0,1,Pedestrian
67,825.0,163.0,913.0,225.0,7712,0,0,1,Pedestrian
67,827.0,166.0,915.0,227.0,7713,0,0,1,Pedestrian
67,827.0,166.0,915.0,227.0,7714,0,0,1,Pedestrian
67,827.0,168.0,915.0,229.0,7715,0,0,1,Pedestrian
67,827.0,170.0,915.0,232.0,7716,0,0,1,Pedestrian
67,830.0,170.0,918.0,232.0,7717,0,0,1,Pedestrian
67,830.0,173.0,918.0,234.0,7718,0,0,1,Pedestrian
67,830.0,175.0,918.0,236.0,7719,0,0,1,Pedestrian
67,830.0,175.0,918.0,236.0,7720,0,0,1,Pedestrian
67,833.0,177.0,921.0,239.0,7721,0,0,1,Pedestrian
67,833.0,179.0,921.0,241.0,7722,0,0,1,Pedestrian
67,833.0,182.0,921.0,243.0,7723,0,0,1,Pedestrian
67,833.0,182.0,921.0,243.0,7724,0,0,1,Pedestrian
67,836.0,184.0,924.0,245.0,7725,0,0,1,Pedestrian
67,836.0,186.0,924.0,248.0,7726,0,0,1,Pedestrian
67,836.0,186.0,924.0,248.0,7727,0,0,1,Pedestrian
67,836.0,188.0,924.0,250.0,7728,0,0,1,Pedestrian
67,838.0,191.0,926.0,252.0,7729,0,0,1,Pedestrian
67,838.0,193.0,926.0,255.0,7730,0,0,1,Pedestrian
67,838.0,193.0,926.0,255.0,7731,0,0,1,Pedestrian
67,838.0,195.0,926.0,257.0,7732,0,0,1,Pedestrian
67,841.0,198.0,929.0,259.0,7733,0,0,1,Pedestrian
67,841.0,198.0,929.0,259.0,7734,0,0,1,Pedestrian
67,841.0,200.0,929.0,261.0,7735,0,0,1,Pedestrian
67,841.0,202.0,929.0,264.0,7736,0,0,1,Pedestrian
67,844.0,202.0,932.0,264.0,7737,0,0,1,Pedestrian
67,844.0,204.0,932.0,266.0,7738,0,0,1,Pedestrian
67,844.0,207.0,932.0,268.0,7739,0,0,1,Pedestrian
67,844.0,209.0,932.0,270.0,7740,0,0,1,Pedestrian
67,847.0,209.0,935.0,270.0,7741,0,0,1,Pedestrian
67,847.0,211.0,935.0,273.0,7742,0,0,1,Pedestrian
67,847.0,214.0,935.0,275.0,7743,0,0,1,Pedestrian
67,847.0,214.0,935.0,275.0,7744,0,0,1,Pedestrian
67,849.0,216.0,937.0,277.0,7745,0,0,1,Pedestrian
67,849.0,218.0,937.0,280.0,7746,0,0,1,Pedestrian
67,849.0,218.0,937.0,280.0,7747,0,0,1,Pedestrian
67,849.0,220.0,937.0,282.0,7748,0,0,1,Pedestrian
67,852.0,223.0,940.0,284.0,7749,0,0,1,Pedestrian
67,852.0,225.0,940.0,286.0,7750,0,0,1,Pedestrian
67,852.0,225.0,940.0,286.0,7751,0,0,1,Pedestrian
67,852.0,227.0,940.0,289.0,7752,0,0,1,Pedestrian
67,855.0,229.0,943.0,291.0,7753,0,0,1,Pedestrian
67,855.0,229.0,943.0,291.0,7754,0,0,1,Pedestrian
67,855.0,232.0,943.0,293.0,7755,0,0,1,Pedestrian
67,855.0,234.0,943.0,296.0,7756,0,0,1,Pedestrian
67,858.0,234.0,946.0,296.0,7757,0,0,1,Pedestrian
67,858.0,236.0,946.0,298.0,7758,0,0,1,Pedestrian
67,858.0,239.0,946.0,300.0,7759,0,0,1,Pedestrian
67,858.0,241.0,946.0,302.0,7760,0,0,1,Pedestrian
67,860.0,241.0,948.0,302.0,7761,0,0,1,Pedestrian
67,860.0,243.0,948.0,305.0,7762,0,0,1,Pedestrian
67,860.0,245.0,948.0,307.0,7763,0,0,1,Pedestrian
67,860.0,245.0,948.0,307.0,7764,0,0,1,Pedestrian
67,863.0,248.0,951.0,309.0,7765,0,0,1,Pedestrian
67,863.0,250.0,951.0,311.0,7766,0,0,1,Pedestrian
67,863.0,250.0,951.0,311.0,7767,0,0,1,Pedestrian
67,863.0,252.0,951.0,314.0,7768,0,0,1,Pedestrian
67,866.0,255.0,954.0,316.0,7769,0,0,1,Pedestrian
67,866.0,257.0,954.0,318.0,7770,0,0,1,Pedestrian
67,866.0,257.0,954.0,318.0,7771,0,0,1,Pedestrian
67,866.0,259.0,954.0,321.0,7772,0,0,1,Pedestrian
67,869.0,261.0,957.0,323.0,7773,0,0,1,Pedestrian
67,869.0,261.0,957.0,323.0,7774,0,0,1,Pedestrian
67,869.0,264.0,957.0,325.0,7775,0,0,1,Pedestrian
67,869.0,266.0,957.0,327.0,7776,0,0,1,Pedestrian
67,871.0,268.0,959.0,330.0,7777,0,0,0,Pedestrian
67,871.0,268.0,959.0,330.0,7778,0,0,1,Pedestrian
67,871.0,270.0,959.0,332.0,7779,0,0,1,Pedestrian
67,871.0,270.0,959.0,332.0,7780,0,0,1,Pedestrian
67,874.0,273.0,962.0,334.0,7781,0,0,1,Pedestrian
67,874.0,273.0,962.0,334.0,7782,0,0,1,Pedestrian
67,874.0,275.0,962.0,337.0,7783,0,0,1,Pedestrian
67,874.0,275.0,962.0,337.0,7784,0,0,1,Pedestrian
67,877.0,277.0,965.0,339.0,7785,0,0,1,Pedestrian
67,877.0,280.0,965.0,341.0,7786,0,0,1,Pedestrian
67,877.0,280.0,965.0,341.0,7787,0,0,1,Pedestrian
67,877.0,282.0,965.0,343.0,7788,0,0,1,Pedestrian
67,880.0,282.0,968.0,343.0,7789,0,0,1,Pedestrian
67,880.0,284.0,968.0,346.0,7790,0,0,1,Pedestrian
67,880.0,284.0,968.0,346.0,7791,0,0,1,Pedestrian
67,880.0,286.0,968.0,348.0,7792,0,0,1,Pedestrian
67,882.0,289.0,970.0,350.0,7793,0,0,1,Pedestrian
67,882.0,289.0,970.0,350.0,7794,0,0,1,Pedestrian
67,882.0,291.0,970.0,352.0,7795,0,0,1,Pedestrian
67,882.0,291.0,970.0,352.0,7796,0,0,1,Pedestrian
67,885.0,293.0,973.0,355.0,7797,0,0,1,Pedestrian
67,885.0,293.0,973.0,355.0,7798,0,0,1,Pedestrian
67,885.0,296.0,973.0,357.0,7799,0,0,1,Pedestrian
67,888.0,296.0,976.0,357.0,7800,0,0,1,Pedestrian
67,888.0,298.0,976.0,359.0,7801,0,0,1,Pedestrian
67,888.0,300.0,976.0,362.0,7802,0,0,1,Pedestrian
67,888.0,300.0,976.0,362.0,7803,0,0,1,Pedestrian
67,891.0,302.0,979.0,364.0,7804,0,0,1,Pedestrian
67,891.0,302.0,979.0,364.0,7805,0,0,1,Pedestrian
67,891.0,305.0,979.0,366.0,7806,0,0,1,Pedestrian
67,891.0,305.0,979.0,366.0,7807,0,0,1,Pedestrian
67,893.0,307.0,981.0,368.0,7808,0,0,1,Pedestrian
67,893.0,309.0,981.0,371.0,7809,0,0,1,Pedestrian
67,893.0,309.0,981.0,371.0,7810,0,0,1,Pedestrian
67,893.0,311.0,981.0,373.0,7811,0,0,1,Pedestrian
67,896.0,311.0,984.0,373.0,7812,0,0,1,Pedestrian
67,896.0,314.0,984.0,375.0,7813,0,0,1,Pedestrian
67,896.0,314.0,984.0,375.0,7814,0,0,1,Pedestrian
67,896.0,316.0,984.0,377.0,7815,0,0,1,Pedestrian
67,899.0,316.0,987.0,377.0,7816,0,0,1,Pedestrian
67,899.0,318.0,987.0,380.0,7817,0,0,1,Pedestrian
67,899.0,321.0,987.0,382.0,7818,0,0,1,Pedestrian
67,899.0,321.0,987.0,382.0,7819,0,0,1,Pedestrian
67,902.0,323.0,990.0,384.0,7820,0,0,1,Pedestrian
67,902.0,323.0,990.0,384.0,7821,0,0,1,Pedestrian
67,902.0,325.0,990.0,387.0,7822,0,0,1,Pedestrian
67,904.0,325.0,992.0,387.0,7823,0,0,1,Pedestrian
67,904.0,327.0,992.0,389.0,7824,0,0,1,Pedestrian
67,904.0,330.0,992.0,391.0,7825,0,0,1,Pedestrian
67,904.0,330.0,992.0,391.0,7826,0,0,1,Pedestrian
67,907.0,332.0,995.0,393.0,7827,0,0,1,Pedestrian
67,907.0,332.0,995.0,393.0,7828,0,0,1,Pedestrian
67,907.0,334.0,995.0,396.0,7829,0,0,1,Pedestrian
67,907.0,334.0,995.0,396.0,7830,0,0,1,Pedestrian
67,910.0,337.0,998.0,398.0,7831,0,0,1,Pedestrian
67,910.0,339.0,998.0,400.0,7832,0,0,1,Pedestrian
67,910.0,339.0,998.0,400.0,7833,0,0,1,Pedestrian
67,910.0,341.0,998.0,403.0,7834,0,0,1,Pedestrian
67,913.0,341.0,1001.0,403.0,7835,0,0,1,Pedestrian
67,913.0,343.0,1001.0,405.0,7836,0,0,1,Pedestrian
67,913.0,343.0,1001.0,405.0,7837,0,0,1,Pedestrian
67,913.0,346.0,1001.0,407.0,7838,0,0,1,Pedestrian
67,915.0,346.0,1003.0,407.0,7839,0,0,1,Pedestrian
67,915.0,348.0,1003.0,409.0,7840,0,0,1,Pedestrian
67,915.0,350.0,1003.0,412.0,7841,0,0,1,Pedestrian
67,918.0,350.0,1006.0,412.0,7842,0,0,1,Pedestrian
67,918.0,352.0,1006.0,414.0,7843,0,0,1,Pedestrian
67,918.0,352.0,1006.0,414.0,7844,0,0,1,Pedestrian
67,918.0,355.0,1006.0,416.0,7845,0,0,1,Pedestrian
67,921.0,355.0,1009.0,416.0,7846,0,0,1,Pedestrian
67,921.0,357.0,1009.0,418.0,7847,0,0,1,Pedestrian
67,921.0,359.0,1009.0,421.0,7848,0,0,1,Pedestrian
67,921.0,359.0,1009.0,421.0,7849,0,0,1,Pedestrian
67,924.0,362.0,1012.0,423.0,7850,0,0,1,Pedestrian
67,924.0,362.0,1012.0,423.0,7851,0,0,1,Pedestrian
67,924.0,364.0,1012.0,425.0,7852,0,0,1,Pedestrian
67,924.0,364.0,1012.0,425.0,7853,0,0,1,Pedestrian
67,926.0,366.0,1014.0,428.0,7854,0,0,1,Pedestrian
67,926.0,366.0,1014.0,428.0,7855,0,0,1,Pedestrian
67,926.0,368.0,1014.0,430.0,7856,0,0,1,Pedestrian
67,926.0,371.0,1014.0,432.0,7857,0,0,1,Pedestrian
67,929.0,371.0,1017.0,432.0,7858,0,0,1,Pedestrian
67,929.0,373.0,1017.0,434.0,7859,0,0,1,Pedestrian
67,929.0,373.0,1017.0,434.0,7860,0,0,1,Pedestrian
67,929.0,375.0,1017.0,437.0,7861,0,0,1,Pedestrian
67,932.0,375.0,1020.0,437.0,7862,0,0,1,Pedestrian
67,932.0,377.0,1020.0,439.0,7863,0,0,1,Pedestrian
67,932.0,380.0,1020.0,441.0,7864,0,0,1,Pedestrian
67,935.0,380.0,1023.0,441.0,7865,0,0,1,Pedestrian
67,935.0,382.0,1023.0,444.0,7866,0,0,1,Pedestrian
67,935.0,382.0,1023.0,444.0,7867,0,0,1,Pedestrian
67,935.0,384.0,1023.0,446.0,7868,0,0,1,Pedestrian
67,937.0,384.0,1025.0,446.0,7869,0,0,1,Pedestrian
67,937.0,387.0,1025.0,448.0,7870,0,0,1,Pedestrian
67,937.0,389.0,1025.0,450.0,7871,0,0,1,Pedestrian
67,937.0,389.0,1025.0,450.0,7872,0,0,1,Pedestrian
67,940.0,391.0,1028.0,453.0,7873,0,0,1,Pedestrian
67,940.0,391.0,1028.0,453.0,7874,0,0,1,Pedestrian
67,940.0,393.0,1028.0,455.0,7875,0,0,1,Pedestrian
67,940.0,393.0,1028.0,455.0,7876,0,0,1,Pedestrian
67,943.0,396.0,1031.0,457.0,7877,0,0,1,Pedestrian
67,943.0,396.0,1031.0,457.0,7878,0,0,1,Pedestrian
67,943.0,398.0,1031.0,459.0,7879,0,0,1,Pedestrian
67,943.0,400.0,1031.0,462.0,7880,0,0,1,Pedestrian
67,946.0,400.0,1034.0,462.0,7881,0,0,1,Pedestrian
67,946.0,403.0,1034.0,464.0,7882,0,0,1,Pedestrian
67,946.0,403.0,1034.0,464.0,7883,0,0,1,Pedestrian
67,946.0,405.0,1034.0,466.0,7884,0,0,1,Pedestrian
67,948.0,405.0,1036.0,466.0,7885,0,0,1,Pedestrian
67,948.0,407.0,1036.0,469.0,7886,0,0,1,Pedestrian
67,948.0,409.0,1036.0,471.0,7887,0,0,1,Pedestrian
67,951.0,409.0,1039.0,471.0,7888,0,0,1,Pedestrian
67,951.0,412.0,1039.0,473.0,7889,0,0,1,Pedestrian
67,951.0,412.0,1039.0,473.0,7890,0,0,1,Pedestrian
67,951.0,414.0,1039.0,475.0,7891,0,0,1,Pedestrian
67,954.0,414.0,1042.0,475.0,7892,0,0,1,Pedestrian
67,954.0,416.0,1042.0,478.0,7893,0,0,1,Pedestrian
67,954.0,416.0,1042.0,478.0,7894,0,0,1,Pedestrian
67,954.0,418.0,1042.0,480.0,7895,0,0,1,Pedestrian
67,957.0,421.0,1045.0,482.0,7896,0,0,1,Pedestrian
67,957.0,421.0,1045.0,482.0,7897,0,0,1,Pedestrian
67,957.0,423.0,1045.0,485.0,7898,0,0,1,Pedestrian
67,957.0,423.0,1045.0,485.0,7899,0,0,1,Pedestrian
67,959.0,425.0,1047.0,487.0,7900,0,0,1,Pedestrian
67,959.0,425.0,1047.0,487.0,7901,0,0,1,Pedestrian
67,959.0,428.0,1047.0,489.0,7902,0,0,1,Pedestrian
67,959.0,430.0,1047.0,491.0,7903,0,0,1,Pedestrian
67,962.0,430.0,1050.0,491.0,7904,0,0,1,Pedestrian
67,962.0,432.0,1050.0,494.0,7905,0,0,1,Pedestrian
67,962.0,432.0,1050.0,494.0,7906,0,0,1,Pedestrian
67,965.0,434.0,1053.0,496.0,7907,0,0,1,Pedestrian
67,965.0,434.0,1053.0,496.0,7908,0,0,1,Pedestrian
67,965.0,437.0,1053.0,498.0,7909,0,0,1,Pedestrian
67,965.0,439.0,1053.0,500.0,7910,0,0,1,Pedestrian
67,968.0,439.0,1056.0,500.0,7911,0,0,1,Pedestrian
67,968.0,441.0,1056.0,503.0,7912,0,0,1,Pedestrian
67,968.0,441.0,1056.0,503.0,7913,0,0,1,Pedestrian
67,968.0,444.0,1056.0,505.0,7914,0,0,1,Pedestrian
67,970.0,444.0,1058.0,505.0,7915,0,0,1,Pedestrian
67,970.0,446.0,1058.0,507.0,7916,0,0,1,Pedestrian
67,970.0,446.0,1058.0,507.0,7917,0,0,1,Pedestrian
67,970.0,448.0,1058.0,510.0,7918,0,0,1,Pedestrian
67,973.0,450.0,1061.0,512.0,7919,0,0,1,Pedestrian
67,973.0,450.0,1061.0,512.0,7920,0,0,1,Pedestrian
67,973.0,453.0,1061.0,514.0,7921,0,0,1,Pedestrian
67,973.0,453.0,1061.0,514.0,7922,0,0,1,Pedestrian
67,976.0,455.0,1064.0,516.0,7923,0,0,1,Pedestrian
67,976.0,455.0,1064.0,516.0,7924,0,0,1,Pedestrian
67,976.0,457.0,1064.0,519.0,7925,0,0,1,Pedestrian
67,976.0,459.0,1064.0,521.0,7926,0,0,1,Pedestrian
67,979.0,459.0,1067.0,521.0,7927,0,0,1,Pedestrian
67,979.0,462.0,1067.0,523.0,7928,0,0,1,Pedestrian
67,979.0,462.0,1067.0,523.0,7929,0,0,1,Pedestrian
67,981.0,464.0,1069.0,526.0,7930,0,0,1,Pedestrian
67,981.0,464.0,1069.0,526.0,7931,0,0,1,Pedestrian
67,981.0,466.0,1069.0,528.0,7932,0,0,1,Pedestrian
67,981.0,466.0,1069.0,528.0,7933,0,0,1,Pedestrian
67,984.0,469.0,1072.0,530.0,7934,0,0,1,Pedestrian
67,984.0,471.0,1072.0,532.0,7935,0,0,1,Pedestrian
67,984.0,471.0,1072.0,532.0,7936,0,0,1,Pedestrian
67,984.0,473.0,1072.0,535.0,7937,0,0,1,Pedestrian
67,987.0,473.0,1075.0,535.0,7938,0,0,1,Pedestrian
67,987.0,475.0,1075.0,537.0,7939,0,0,1,Pedestrian
67,987.0,475.0,1075.0,537.0,7940,0,0,1,Pedestrian
67,987.0,478.0,1075.0,539.0,7941,0,0,1,Pedestrian
67,990.0,480.0,1078.0,541.0,7942,0,0,1,Pedestrian
67,990.0,480.0,1078.0,541.0,7943,0,0,1,Pedestrian
67,990.0,482.0,1078.0,544.0,7944,0,0,1,Pedestrian
67,990.0,482.0,1078.0,544.0,7945,0,0,1,Pedestrian
67,992.0,485.0,1080.0,546.0,7946,0,0,1,Pedestrian
67,992.0,485.0,1080.0,546.0,7947,0,0,1,Pedestrian
67,992.0,487.0,1080.0,548.0,7948,0,0,1,Pedestrian
67,995.0,489.0,1083.0,551.0,7949,0,0,0,Pedestrian
67,995.0,489.0,1083.0,551.0,7950,0,0,1,Pedestrian
67,995.0,491.0,1083.0,553.0,7951,0,0,1,Pedestrian
67,998.0,491.0,1086.0,553.0,7952,0,0,1,Pedestrian
67,998.0,494.0,1086.0,555.0,7953,0,0,1,Pedestrian
67,998.0,496.0,1086.0,557.0,7954,0,0,1,Pedestrian
67,1001.0,496.0,1089.0,557.0,7955,0,0,1,Pedestrian
67,1001.0,498.0,1089.0,560.0,7956,0,0,1,Pedestrian
67,1003.0,500.0,1091.0,562.0,7957,0,0,1,Pedestrian
67,1003.0,500.0,1091.0,562.0,7958,0,0,1,Pedestrian
67,1003.0,503.0,1091.0,564.0,7959,0,0,1,Pedestrian
67,1006.0,503.0,1094.0,564.0,7960,0,0,1,Pedestrian
67,1006.0,505.0,1094.0,566.0,7961,0,0,1,Pedestrian
67,1009.0,507.0,1097.0,569.0,7962,0,0,1,Pedestrian
67,1009.0,507.0,1097.0,569.0,7963,0,0,1,Pedestrian
67,1009.0,510.0,1097.0,571.0,7964,0,0,1,Pedestrian
67,1012.0,512.0,1100.0,573.0,7965,0,0,1,Pedestrian
67,1012.0,512.0,1100.0,573.0,7966,0,0,1,Pedestrian
67,1014.0,514.0,1102.0,576.0,7967,0,0,1,Pedestrian
67,1014.0,514.0,1102.0,576.0,7968,0,0,1,Pedestrian
67,1014.0,516.0,1102.0,578.0,7969,0,0,1,Pedestrian
67,1017.0,519.0,1105.0,580.0,7970,0,0,1,Pedestrian
67,1017.0,519.0,1105.0,580.0,7971,0,0,1,Pedestrian
67,1020.0,521.0,1108.0,582.0,7972,0,0,1,Pedestrian
67,1020.0,523.0,1108.0,585.0,7973,0,0,1,Pedestrian
67,1020.0,523.0,1108.0,585.0,7974,0,0,1,Pedestrian
67,1023.0,526.0,1111.0,587.0,7975,0,0,1,Pedestrian
67,1023.0,526.0,1111.0,587.0,7976,0,0,1,Pedestrian
67,1023.0,528.0,1111.0,589.0,7977,0,0,1,Pedestrian
67,1025.0,530.0,1113.0,592.0,7978,0,0,1,Pedestrian
67,1025.0,530.0,1113.0,592.0,7979,0,0,1,Pedestrian
67,1028.0,532.0,1116.0,594.0,7980,0,0,1,Pedestrian
67,1028.0,535.0,1116.0,596.0,7981,0,0,1,Pedestrian
67,1028.0,535.0,1116.0,596.0,7982,0,0,1,Pedestrian
67,1031.0,537.0,1119.0,598.0,7983,0,0,1,Pedestrian
67,1031.0,537.0,1119.0,598.0,7984,0,0,1,Pedestrian
67,1034.0,539.0,1122.0,601.0,7985,0,0,1,Pedestrian
67,1034.0,541.0,1122.0,603.0,7986,0,0,1,Pedestrian
67,1034.0,541.0,1122.0,603.0,7987,0,0,1,Pedestrian
67,1036.0,544.0,1124.0,605.0,7988,0,0,1,Pedestrian
67,1036.0,546.0,1124.0,607.0,7989,0,0,1,Pedestrian
67,1039.0,546.0,1127.0,607.0,7990,0,0,1,Pedestrian
67,1039.0,548.0,1127.0,610.0,7991,0,0,1,Pedestrian
67,1039.0,548.0,1127.0,610.0,7992,0,0,1,Pedestrian
67,1042.0,551.0,1130.0,612.0,7993,0,0,1,Pedestrian
67,1042.0,553.0,1130.0,614.0,7994,0,0,1,Pedestrian
67,1045.0,553.0,1133.0,614.0,7995,0,0,1,Pedestrian
67,1045.0,555.0,1133.0,617.0,7996,0,0,1,Pedestrian
67,1045.0,557.0,1133.0,619.0,7997,0,0,1,Pedestrian
67,1047.0,557.0,1135.0,619.0,7998,0,0,1,Pedestrian
67,1047.0,560.0,1135.0,621.0,7999,0,0,1,Pedestrian
67,1050.0,562.0,1138.0,623.0,8000,0,0,0,Pedestrian
67,1050.0,562.0,1135.0,623.0,8001,0,0,1,Pedestrian
67,1050.0,564.0,1135.0,623.0,8002,0,0,1,Pedestrian
67,1053.0,564.0,1135.0,626.0,8003,0,0,1,Pedestrian
67,1053.0,566.0,1135.0,626.0,8004,0,0,1,Pedestrian
67,1056.0,566.0,1135.0,628.0,8005,0,0,1,Pedestrian
67,1056.0,569.0,1135.0,628.0,8006,0,0,1,Pedestrian
67,1056.0,569.0,1135.0,630.0,8007,0,0,1,Pedestrian
67,1058.0,571.0,1135.0,630.0,8008,0,0,1,Pedestrian
67,1058.0,571.0,1135.0,633.0,8009,0,0,1,Pedestrian
67,1061.0,573.0,1135.0,633.0,8010,0,0,1,Pedestrian
67,1061.0,576.0,1135.0,635.0,8011,0,0,1,Pedestrian
67,1061.0,576.0,1135.0,635.0,8012,0,0,1,Pedestrian
67,1064.0,578.0,1135.0,635.0,8013,0,0,1,Pedestrian
67,1064.0,578.0,1135.0,637.0,8014,0,0,1,Pedestrian
67,1067.0,580.0,1135.0,637.0,8015,0,0,1,Pedestrian
67,1067.0,580.0,1135.0,639.0,8016,0,0,1,Pedestrian
67,1067.0,582.0,1135.0,639.0,8017,0,0,1,Pedestrian
67,1069.0,582.0,1135.0,642.0,8018,0,0,1,Pedestrian
67,1069.0,585.0,1135.0,642.0,8019,0,0,1,Pedestrian
67,1072.0,585.0,1135.0,644.0,8020,0,0,1,Pedestrian
67,1072.0,587.0,1135.0,644.0,8021,0,0,1,Pedestrian
67,1075.0,589.0,1135.0,646.0,8022,0,0,0,Pedestrian
67,1075.0,589.0,1135.0,646.0,8023,0,0,1,Pedestrian
67,1075.0,589.0,1135.0,646.0,8024,0,0,1,Pedestrian
67,1078.0,592.0,1138.0,648.0,8025,0,0,1,Pedestrian
67,1078.0,592.0,1138.0,648.0,8026,0,0,1,Pedestrian
67,1078.0,594.0,1138.0,651.0,8027,0,0,1,Pedestrian
67,1080.0,594.0,1141.0,651.0,8028,0,0,1,Pedestrian
67,1080.0,596.0,1141.0,653.0,8029,0,0,1,Pedestrian
67,1080.0,596.0,1141.0,653.0,8030,0,0,1,Pedestrian
67,1083.0,598.0,1144.0,655.0,8031,0,0,1,Pedestrian
67,1083.0,598.0,1144.0,655.0,8032,0,0,1,Pedestrian
67,1083.0,598.0,1144.0,655.0,8033,0,0,1,Pedestrian
67,1086.0,601.0,1146.0,658.0,8034,0,0,1,Pedestrian
67,1086.0,601.0,1146.0,658.0,8035,0,0,1,Pedestrian
67,1086.0,603.0,1146.0,660.0,8036,0,0,1,Pedestrian
67,1089.0,603.0,1149.0,660.0,8037,0,0,1,Pedestrian
67,1089.0,605.0,1149.0,662.0,8038,0,0,1,Pedestrian
67,1091.0,605.0,1152.0,662.0,8039,0,0,1,Pedestrian
67,1091.0,607.0,1152.0,664.0,8040,0,0,1,Pedestrian
67,1091.0,607.0,1152.0,664.0,8041,0,0,1,Pedestrian
67,1094.0,610.0,1155.0,667.0,8042,0,0,1,Pedestrian
67,1094.0,610.0,1155.0,667.0,8043,0,0,1,Pedestrian
67,1094.0,610.0,1155.0,667.0,8044,0,0,1,Pedestrian
67,1097.0,612.0,1157.0,669.0,8045,0,0,1,Pedestrian
67,1097.0,612.0,1157.0,669.0,8046,0,0,1,Pedestrian
67,1097.0,614.0,1157.0,671.0,8047,0,0,1,Pedestrian
67,1100.0,614.0,1160.0,671.0,8048,0,0,1,Pedestrian
67,1100.0,617.0,1160.0,674.0,8049,0,0,1,Pedestrian
67,1100.0,617.0,1160.0,674.0,8050,0,0,1,Pedestrian
67,1102.0,619.0,1163.0,676.0,8051,0,0,1,Pedestrian
67,1102.0,619.0,1163.0,676.0,8052,0,0,1,Pedestrian
67,1105.0,621.0,1166.0,678.0,8053,0,0,0,Pedestrian
67,1105.0,621.0,1166.0,678.0,8054,0,0,1,Pedestrian
67,1108.0,621.0,1168.0,678.0,8055,0,0,1,Pedestrian
67,1111.0,623.0,1171.0,680.0,8056,0,0,1,Pedestrian
67,1111.0,623.0,1171.0,680.0,8057,0,0,1,Pedestrian
67,1113.0,626.0,1174.0,683.0,8058,0,0,1,Pedestrian
67,1116.0,626.0,1177.0,683.0,8059,0,0,1,Pedestrian
67,1116.0,628.0,1177.0,685.0,8060,0,0,1,Pedestrian
67,1119.0,628.0,1179.0,685.0,8061,0,0,1,Pedestrian
67,1122.0,628.0,1182.0,685.0,8062,0,0,1,Pedestrian
67,1122.0,630.0,1182.0,687.0,8063,0,0,1,Pedestrian
67,1124.0,630.0,1185.0,687.0,8064,0,0,1,Pedestrian
67,1127.0,633.0,1188.0,689.0,8065,0,0,1,Pedestrian
67,1127.0,633.0,1188.0,689.0,8066,0,0,1,Pedestrian
67,1130.0,635.0,1190.0,692.0,8067,0,0,1,Pedestrian
67,1133.0,635.0,1193.0,692.0,8068,0,0,1,Pedestrian
67,1133.0,635.0,1193.0,692.0,8069,0,0,1,Pedestrian
67,1135.0,637.0,1196.0,694.0,8070,0,0,1,Pedestrian
67,1138.0,637.0,1199.0,694.0,8071,0,0,1,Pedestrian
67,1138.0,639.0,1199.0,696.0,8072,0,0,1,Pedestrian
67,1141.0,639.0,1201.0,696.0,8073,0,0,1,Pedestrian
67,1144.0,642.0,1204.0,699.0,8074,0,0,0,Pedestrian
67,1144.0,642.0,1204.0,699.0,8075,0,0,1,Pedestrian
67,1144.0,644.0,1204.0,701.0,8076,0,0,1,Pedestrian
67,1146.0,644.0,1207.0,701.0,8077,0,0,1,Pedestrian
67,1146.0,646.0,1207.0,703.0,8078,0,0,1,Pedestrian
67,1149.0,646.0,1210.0,703.0,8079,0,0,1,Pedestrian
67,1149.0,648.0,1210.0,705.0,8080,0,0,1,Pedestrian
67,1152.0,648.0,1212.0,705.0,8081,0,0,1,Pedestrian
67,1152.0,651.0,1212.0,708.0,8082,0,0,1,Pedestrian
67,1155.0,651.0,1215.0,708.0,8083,0,0,1,Pedestrian
67,1155.0,653.0,1215.0,710.0,8084,0,0,1,Pedestrian
67,1155.0,653.0,1215.0,710.0,8085,0,0,1,Pedestrian
67,1157.0,655.0,1218.0,712.0,8086,0,0,1,Pedestrian
67,1157.0,655.0,1218.0,712.0,8087,0,0,1,Pedestrian
67,1160.0,658.0,1221.0,715.0,8088,0,0,1,Pedestrian
67,1160.0,658.0,1221.0,715.0,8089,0,0,1,Pedestrian
67,1163.0,660.0,1223.0,717.0,8090,0,0,1,Pedestrian
67,1163.0,660.0,1223.0,717.0,8091,0,0,1,Pedestrian
67,1166.0,662.0,1226.0,719.0,8092,0,0,1,Pedestrian
67,1166.0,662.0,1226.0,719.0,8093,0,0,1,Pedestrian
67,1168.0,664.0,1229.0,721.0,8094,0,0,1,Pedestrian
67,1168.0,664.0,1229.0,721.0,8095,0,0,1,Pedestrian
67,1168.0,667.0,1229.0,724.0,8096,0,0,1,Pedestrian
67,1171.0,667.0,1232.0,724.0,8097,0,0,1,Pedestrian
67,1171.0,669.0,1232.0,726.0,8098,0,0,1,Pedestrian
67,1174.0,669.0,1234.0,726.0,8099,0,0,1,Pedestrian
67,1174.0,671.0,1234.0,728.0,8100,0,0,1,Pedestrian
67,1177.0,671.0,1237.0,728.0,8101,0,0,1,Pedestrian
67,1177.0,674.0,1237.0,730.0,8102,0,0,1,Pedestrian
67,1179.0,674.0,1240.0,730.0,8103,0,0,1,Pedestrian
67,1179.0,676.0,1240.0,733.0,8104,0,0,1,Pedestrian
67,1179.0,676.0,1240.0,733.0,8105,0,0,1,Pedestrian
67,1182.0,678.0,1243.0,735.0,8106,0,0,1,Pedestrian
67,1182.0,678.0,1243.0,735.0,8107,0,0,1,Pedestrian
67,1185.0,680.0,1245.0,737.0,8108,0,0,1,Pedestrian
67,1185.0,680.0,1245.0,737.0,8109,0,0,1,Pedestrian
67,1188.0,683.0,1248.0,740.0,8110,0,0,1,Pedestrian
67,1188.0,683.0,1248.0,740.0,8111,0,0,1,Pedestrian
67,1190.0,685.0,1251.0,742.0,8112,0,0,1,Pedestrian
67,1190.0,685.0,1251.0,742.0,8113,0,0,1,Pedestrian
67,1193.0,687.0,1254.0,744.0,8114,0,0,0,Pedestrian
67,1193.0,687.0,1254.0,744.0,8115,0,0,1,Pedestrian
67,1193.0,687.0,1254.0,744.0,8116,0,0,1,Pedestrian
67,1196.0,689.0,1256.0,746.0,8117,0,0,1,Pedestrian
67,1196.0,689.0,1256.0,746.0,8118,0,0,1,Pedestrian
67,1199.0,689.0,1259.0,749.0,8119,0,0,1,Pedestrian
67,1199.0,692.0,1259.0,749.0,8120,0,0,1,Pedestrian
67,1199.0,692.0,1259.0,749.0,8121,0,0,1,Pedestrian
67,1201.0,692.0,1262.0,751.0,8122,0,0,1,Pedestrian
67,1201.0,694.0,1262.0,751.0,8123,0,0,1,Pedestrian
67,1204.0,694.0,1265.0,753.0,8124,0,0,1,Pedestrian
67,1204.0,694.0,1265.0,753.0,8125,0,0,1,Pedestrian
67,1204.0,696.0,1265.0,753.0,8126,0,0,1,Pedestrian
67,1207.0,696.0,1267.0,755.0,8127,0,0,1,Pedestrian
67,1207.0,696.0,1267.0,755.0,8128,0,0,1,Pedestrian
67,1210.0,699.0,1270.0,758.0,8129,0,0,1,Pedestrian
67,1210.0,699.0,1270.0,758.0,8130,0,0,1,Pedestrian
67,1212.0,701.0,1273.0,760.0,8131,0,0,0,Pedestrian
67,1212.0,701.0,1273.0,760.0,8132,0,0,1,Pedestrian
67,1212.0,701.0,1273.0,760.0,8133,0,0,1,Pedestrian
67,1215.0,703.0,1276.0,762.0,8134,0,0,1,Pedestrian
67,1215.0,703.0,1276.0,762.0,8135,0,0,1,Pedestrian
67,1215.0,703.0,1276.0,762.0,8136,0,0,1,Pedestrian
67,1218.0,705.0,1278.0,765.0,8137,0,0,1,Pedestrian
67,1218.0,705.0,1278.0,765.0,8138,0,0,1,Pedestrian
67,1221.0,708.0,1281.0,767.0,8139,0,0,1,Pedestrian
67,1221.0,708.0,1281.0,767.0,8140,0,0,1,Pedestrian
67,1221.0,708.0,1281.0,767.0,8141,0,0,1,Pedestrian
67,1223.0,710.0,1284.0,769.0,8142,0,0,1,Pedestrian
67,1223.0,710.0,1284.0,769.0,8143,0,0,1,Pedestrian
67,1226.0,712.0,1287.0,771.0,8144,0,0,1,Pedestrian
67,1226.0,712.0,1287.0,771.0,8145,0,0,1,Pedestrian
67,1226.0,712.0,1287.0,771.0,8146,0,0,1,Pedestrian
67,1229.0,715.0,1289.0,774.0,8147,0,0,1,Pedestrian
67,1229.0,715.0,1289.0,774.0,8148,0,0,1,Pedestrian
67,1232.0,717.0,1292.0,776.0,8149,0,0,1,Pedestrian
67,1232.0,717.0,1292.0,776.0,8150,0,0,1,Pedestrian
67,1232.0,717.0,1292.0,776.0,8151,0,0,1,Pedestrian
67,1234.0,719.0,1295.0,778.0,8152,0,0,1,Pedestrian
67,1234.0,719.0,1295.0,778.0,8153,0,0,1,Pedestrian
67,1237.0,721.0,1298.0,781.0,8154,0,0,0,Pedestrian
67,1237.0,721.0,1298.0,781.0,8155,0,0,1,Pedestrian
67,1240.0,721.0,1300.0,781.0,8156,0,0,1,Pedestrian
67,1243.0,721.0,1303.0,781.0,8157,0,0,1,Pedestrian
67,1245.0,721.0,1306.0,781.0,8158,0,0,1,Pedestrian
67,1248.0,721.0,1309.0,781.0,8159,0,0,1,Pedestrian
67,1251.0,721.0,1311.0,781.0,8160,0,0,1,Pedestrian
67,1251.0,721.0,1311.0,781.0,8161,0,0,1,Pedestrian
67,1254.0,721.0,1314.0,781.0,8162,0,0,1,Pedestrian
67,1256.0,721.0,1317.0,781.0,8163,0,0,1,Pedestrian
67,1259.0,724.0,1320.0,783.0,8164,0,0,1,Pedestrian
67,1262.0,724.0,1322.0,783.0,8165,0,0,1,Pedestrian
67,1265.0,724.0,1325.0,783.0,8166,0,0,1,Pedestrian
67,1265.0,724.0,1325.0,783.0,8167,0,0,1,Pedestrian
67,1267.0,724.0,1328.0,783.0,8168,0,0,1,Pedestrian
67,1270.0,724.0,1331.0,783.0,8169,0,0,1,Pedestrian
67,1273.0,724.0,1333.0,783.0,8170,0,0,1,Pedestrian
67,1276.0,724.0,1336.0,783.0,8171,0,0,1,Pedestrian
67,1278.0,724.0,1339.0,783.0,8172,0,0,1,Pedestrian
67,1281.0,726.0,1342.0,785.0,8173,0,0,0,Pedestrian
67,1281.0,726.0,1342.0,785.0,8174,0,0,1,Pedestrian
67,1281.0,726.0,1342.0,785.0,8175,0,0,1,Pedestrian
67,1284.0,728.0,1344.0,787.0,8176,0,0,1,Pedestrian
67,1284.0,728.0,1344.0,787.0,8177,0,0,1,Pedestrian
67,1284.0,730.0,1344.0,790.0,8178,0,0,1,Pedestrian
67,1287.0,730.0,1347.0,790.0,8179,0,0,1,Pedestrian
67,1287.0,733.0,1347.0,792.0,8180,0,0,1,Pedestrian
67,1287.0,733.0,1347.0,792.0,8181,0,0,1,Pedestrian
67,1289.0,735.0,1350.0,794.0,8182,0,0,1,Pedestrian
67,1289.0,735.0,1350.0,794.0,8183,0,0,1,Pedestrian
67,1289.0,737.0,1350.0,796.0,8184,0,0,1,Pedestrian
67,1292.0,737.0,1353.0,796.0,8185,0,0,1,Pedestrian
67,1292.0,740.0,1353.0,799.0,8186,0,0,1,Pedestrian
67,1292.0,740.0,1353.0,799.0,8187,0,0,1,Pedestrian
67,1295.0,742.0,1355.0,801.0,8188,0,0,0,Pedestrian
67,1295.0,742.0,1355.0,801.0,8189,0,0,1,Pedestrian
67,1298.0,742.0,1358.0,801.0,8190,0,0,1,Pedestrian
67,1298.0,742.0,1358.0,801.0,8191,0,0,1,Pedestrian
67,1300.0,744.0,1361.0,803.0,8192,0,0,1,Pedestrian
67,1300.0,744.0,1361.0,803.0,8193,0,0,1,Pedestrian
67,1303.0,744.0,1364.0,803.0,8194,0,0,1,Pedestrian
67,1303.0,746.0,1364.0,806.0,8195,0,0,1,Pedestrian
67,1306.0,746.0,1366.0,806.0,8196,0,0,1,Pedestrian
67,1306.0,746.0,1366.0,806.0,8197,0,0,1,Pedestrian
67,1309.0,749.0,1369.0,808.0,8198,0,0,1,Pedestrian
67,1311.0,749.0,1372.0,808.0,8199,0,0,1,Pedestrian
67,1311.0,749.0,1372.0,808.0,8200,0,0,1,Pedestrian
67,1314.0,751.0,1375.0,810.0,8201,0,0,1,Pedestrian
67,1314.0,751.0,1375.0,810.0,8202,0,0,1,Pedestrian
67,1317.0,751.0,1377.0,810.0,8203,0,0,1,Pedestrian
67,1317.0,751.0,1377.0,810.0,8204,0,0,1,Pedestrian
67,1320.0,753.0,1380.0,812.0,8205,0,0,1,Pedestrian
67,1320.0,753.0,1380.0,812.0,8206,0,0,1,Pedestrian
67,1322.0,753.0,1383.0,812.0,8207,0,0,1,Pedestrian
67,1325.0,755.0,1386.0,815.0,8208,0,0,1,Pedestrian
67,1325.0,755.0,1386.0,815.0,8209,0,0,1,Pedestrian
67,1328.0,755.0,1388.0,815.0,8210,0,0,1,Pedestrian
67,1328.0,758.0,1388.0,817.0,8211,0,0,1,Pedestrian
67,1331.0,758.0,1391.0,817.0,8212,0,0,1,Pedestrian
67,1331.0,758.0,1391.0,817.0,8213,0,0,1,Pedestrian
67,1333.0,760.0,1394.0,819.0,8214,0,0,1,Pedestrian
67,1333.0,760.0,1394.0,819.0,8215,0,0,1,Pedestrian
67,1336.0,760.0,1397.0,819.0,8216,0,0,1,Pedestrian
67,1339.0,762.0,1399.0,822.0,8217,0,0,0,Pedestrian
67,1339.0,762.0,1399.0,822.0,8218,0,0,1,Pedestrian
67,1342.0,762.0,1402.0,822.0,8219,0,0,1,Pedestrian
67,1342.0,762.0,1402.0,822.0,8220,0,0,1,Pedestrian
67,1344.0,762.0,1405.0,822.0,8221,0,0,1,Pedestrian
67,1347.0,762.0,1408.0,822.0,8222,0,0,1,Pedestrian
67,1347.0,762.0,1408.0,822.0,8223,0,0,1,Pedestrian
67,1350.0,762.0,1410.0,822.0,8224,0,0,1,Pedestrian
67,1353.0,762.0,1413.0,822.0,8225,0,0,1,Pedestrian
67,1353.0,762.0,1413.0,822.0,8226,0,0,1,Pedestrian
67,1355.0,762.0,1416.0,822.0,8227,0,0,1,Pedestrian
67,1358.0,762.0,1419.0,822.0,8228,0,0,1,Pedestrian
67,1358.0,762.0,1419.0,822.0,8229,0,0,1,Pedestrian
67,1361.0,762.0,1421.0,822.0,8230,0,0,1,Pedestrian
67,1364.0,762.0,1424.0,822.0,8231,0,0,1,Pedestrian
67,1364.0,762.0,1424.0,822.0,8232,0,0,1,Pedestrian
67,1366.0,762.0,1427.0,822.0,8233,0,0,1,Pedestrian
67,1369.0,762.0,1430.0,822.0,8234,0,0,1,Pedestrian
67,1369.0,762.0,1430.0,822.0,8235,0,0,1,Pedestrian
67,1372.0,762.0,1432.0,822.0,8236,0,0,1,Pedestrian
67,1375.0,762.0,1435.0,822.0,8237,0,0,1,Pedestrian
67,1375.0,762.0,1435.0,822.0,8238,0,0,1,Pedestrian
67,1377.0,762.0,1438.0,822.0,8239,0,0,1,Pedestrian
67,1380.0,762.0,1441.0,822.0,8240,0,0,1,Pedestrian
67,1380.0,762.0,1441.0,822.0,8241,0,0,1,Pedestrian
67,1383.0,762.0,1443.0,822.0,8242,0,0,1,Pedestrian
67,1386.0,762.0,1446.0,822.0,8243,0,0,1,Pedestrian
67,1386.0,762.0,1446.0,822.0,8244,0,0,1,Pedestrian
67,1388.0,762.0,1449.0,822.0,8245,0,0,1,Pedestrian
67,1391.0,762.0,1452.0,822.0,8246,0,0,0,Pedestrian
67,1391.0,760.0,1452.0,819.0,8247,0,0,1,Pedestrian
67,1394.0,760.0,1454.0,819.0,8248,0,0,1,Pedestrian
67,1394.0,760.0,1454.0,819.0,8249,0,0,1,Pedestrian
67,1397.0,760.0,1457.0,819.0,8250,0,0,1,Pedestrian
67,1397.0,760.0,1457.0,819.0,8251,0,0,1,Pedestrian
67,1399.0,760.0,1460.0,819.0,8252,0,0,1,Pedestrian
67,1402.0,760.0,1463.0,819.0,8253,0,0,1,Pedestrian
67,1402.0,760.0,1463.0,819.0,8254,0,0,1,Pedestrian
67,1405.0,760.0,1465.0,819.0,8255,0,0,1,Pedestrian
67,1405.0,760.0,1465.0,819.0,8256,0,0,1,Pedestrian
67,1408.0,760.0,1468.0,819.0,8257,0,0,1,Pedestrian
67,1410.0,760.0,1471.0,819.0,8258,0,0,1,Pedestrian
67,1410.0,760.0,1471.0,819.0,8259,0,0,1,Pedestrian
67,1413.0,760.0,1474.0,819.0,8260,0,0,1,Pedestrian
67,1413.0,760.0,1474.0,819.0,8261,0,0,1,Pedestrian
67,1416.0,760.0,1476.0,819.0,8262,0,0,1,Pedestrian
67,1419.0,760.0,1479.0,819.0,8263,0,0,0,Pedestrian
67,1419.0,760.0,1479.0,819.0,8264,0,0,1,Pedestrian
67,1421.0,760.0,1482.0,819.0,8265,0,0,1,Pedestrian
67,1421.0,760.0,1482.0,819.0,8266,0,0,1,Pedestrian
67,1424.0,760.0,1485.0,819.0,8267,0,0,1,Pedestrian
67,1424.0,762.0,1485.0,822.0,8268,0,0,1,Pedestrian
67,1427.0,762.0,1487.0,822.0,8269,0,0,1,Pedestrian
67,1427.0,762.0,1487.0,822.0,8270,0,0,1,Pedestrian
67,1430.0,762.0,1490.0,822.0,8271,0,0,1,Pedestrian
67,1430.0,765.0,1490.0,824.0,8272,0,0,1,Pedestrian
67,1432.0,765.0,1493.0,824.0,8273,0,0,1,Pedestrian
67,1432.0,765.0,1493.0,824.0,8274,0,0,1,Pedestrian
67,1435.0,765.0,1496.0,824.0,8275,0,0,1,Pedestrian
67,1438.0,767.0,1498.0,826.0,8276,0,0,1,Pedestrian
67,1438.0,767.0,1498.0,826.0,8277,0,0,1,Pedestrian
67,1441.0,767.0,1501.0,826.0,8278,0,0,1,Pedestrian
67,1441.0,767.0,1501.0,826.0,8279,0,0,1,Pedestrian
67,1443.0,767.0,1504.0,826.0,8280,0,0,1,Pedestrian
67,1443.0,769.0,1504.0,828.0,8281,0,0,1,Pedestrian
67,1446.0,769.0,1507.0,828.0,8282,0,0,1,Pedestrian
67,1446.0,769.0,1507.0,828.0,8283,0,0,1,Pedestrian
67,1449.0,769.0,1509.0,828.0,8284,0,0,1,Pedestrian
67,1449.0,771.0,1509.0,831.0,8285,0,0,1,Pedestrian
67,1452.0,771.0,1512.0,831.0,8286,0,0,1,Pedestrian
67,1452.0,771.0,1512.0,831.0,8287,0,0,1,Pedestrian
67,1454.0,771.0,1515.0,831.0,8288,0,0,1,Pedestrian
67,1457.0,774.0,1518.0,833.0,8289,0,0,0,Pedestrian
67,1457.0,774.0,1518.0,833.0,8290,0,0,1,Pedestrian
67,1460.0,774.0,1520.0,833.0,8291,0,0,1,Pedestrian
67,1460.0,774.0,1520.0,833.0,8292,0,0,1,Pedestrian
67,1463.0,774.0,1523.0,833.0,8293,0,0,1,Pedestrian
67,1465.0,774.0,1526.0,833.0,8294,0,0,1,Pedestrian
67,1465.0,774.0,1526.0,833.0,8295,0,0,1,Pedestrian
67,1468.0,774.0,1529.0,833.0,8296,0,0,1,Pedestrian
67,1471.0,774.0,1531.0,833.0,8297,0,0,1,Pedestrian
67,1471.0,774.0,1531.0,833.0,8298,0,0,1,Pedestrian
67,1474.0,774.0,1534.0,833.0,8299,0,0,1,Pedestrian
67,1476.0,774.0,1537.0,833.0,8300,0,0,1,Pedestrian
67,1476.0,774.0,1537.0,833.0,8301,0,0,1,Pedestrian
67,1479.0,774.0,1540.0,833.0,8302,0,0,1,Pedestrian
67,1479.0,774.0,1540.0,833.0,8303,0,0,1,Pedestrian
67,1482.0,774.0,1542.0,833.0,8304,0,0,1,Pedestrian
67,1485.0,774.0,1545.0,833.0,8305,0,0,1,Pedestrian
67,1485.0,774.0,1545.0,833.0,8306,0,0,1,Pedestrian
67,1487.0,774.0,1548.0,833.0,8307,0,0,1,Pedestrian
67,1490.0,774.0,1551.0,833.0,8308,0,0,1,Pedestrian
67,1490.0,776.0,1551.0,835.0,8309,0,0,1,Pedestrian
67,1493.0,776.0,1553.0,835.0,8310,0,0,1,Pedestrian
67,1496.0,776.0,1556.0,835.0,8311,0,0,1,Pedestrian
67,1496.0,776.0,1556.0,835.0,8312,0,0,1,Pedestrian
67,1498.0,776.0,1559.0,835.0,8313,0,0,1,Pedestrian
67,1501.0,776.0,1562.0,835.0,8314,0,0,1,Pedestrian
67,1501.0,776.0,1562.0,835.0,8315,0,0,1,Pedestrian
67,1504.0,776.0,1564.0,835.0,8316,0,0,1,Pedestrian
67,1504.0,776.0,1564.0,835.0,8317,0,0,1,Pedestrian
67,1507.0,776.0,1567.0,835.0,8318,0,0,1,Pedestrian
67,1509.0,776.0,1570.0,835.0,8319,0,0,1,Pedestrian
67,1509.0,776.0,1570.0,835.0,8320,0,0,1,Pedestrian
67,1512.0,776.0,1573.0,835.0,8321,0,0,1,Pedestrian
67,1515.0,776.0,1575.0,835.0,8322,0,0,1,Pedestrian
67,1515.0,776.0,1575.0,835.0,8323,0,0,1,Pedestrian
67,1518.0,776.0,1578.0,835.0,8324,0,0,1,Pedestrian
67,1520.0,776.0,1581.0,835.0,8325,0,0,1,Pedestrian
67,1520.0,776.0,1581.0,835.0,8326,0,0,1,Pedestrian
67,1523.0,776.0,1584.0,835.0,8327,0,0,1,Pedestrian
67,1526.0,778.0,1586.0,837.0,8328,0,0,0,Pedestrian
67,1526.0,776.0,1586.0,835.0,8329,0,0,1,Pedestrian
67,1529.0,776.0,1589.0,835.0,8330,0,0,1,Pedestrian
67,1529.0,776.0,1589.0,835.0,8331,0,0,1,Pedestrian
67,1531.0,776.0,1592.0,835.0,8332,0,0,1,Pedestrian
67,1531.0,776.0,1592.0,835.0,8333,0,0,1,Pedestrian
67,1534.0,776.0,1595.0,835.0,8334,0,0,1,Pedestrian
67,1534.0,776.0,1595.0,835.0,8335,0,0,1,Pedestrian
67,1537.0,776.0,1597.0,835.0,8336,0,0,1,Pedestrian
67,1540.0,774.0,1600.0,833.0,8337,0,0,1,Pedestrian
67,1540.0,774.0,1600.0,833.0,8338,0,0,1,Pedestrian
67,1542.0,774.0,1603.0,833.0,8339,0,0,1,Pedestrian
67,1542.0,774.0,1603.0,833.0,8340,0,0,1,Pedestrian
67,1545.0,774.0,1606.0,833.0,8341,0,0,1,Pedestrian
67,1545.0,774.0,1606.0,833.0,8342,0,0,1,Pedestrian
67,1548.0,774.0,1608.0,833.0,8343,0,0,1,Pedestrian
67,1548.0,774.0,1608.0,833.0,8344,0,0,1,Pedestrian
67,1551.0,771.0,1611.0,831.0,8345,0,0,1,Pedestrian
67,1553.0,771.0,1614.0,831.0,8346,0,0,1,Pedestrian
67,1553.0,771.0,1614.0,831.0,8347,0,0,1,Pedestrian
67,1556.0,771.0,1617.0,831.0,8348,0,0,1,Pedestrian
67,1556.0,771.0,1617.0,831.0,8349,0,0,1,Pedestrian
67,1559.0,771.0,1619.0,831.0,8350,0,0,1,Pedestrian
67,1559.0,771.0,1619.0,831.0,8351,0,0,1,Pedestrian
67,1562.0,771.0,1622.0,831.0,8352,0,0,1,Pedestrian
67,1564.0,771.0,1625.0,831.0,8353,0,0,0,Pedestrian
67,1564.0,771.0,1625.0,831.0,8354,0,0,1,Pedestrian
67,1567.0,771.0,1628.0,831.0,8355,0,0,1,Pedestrian
67,1567.0,771.0,1628.0,831.0,8356,0,0,1,Pedestrian
67,1570.0,771.0,1630.0,831.0,8357,0,0,1,Pedestrian
67,1570.0,774.0,1630.0,833.0,8358,0,0,1,Pedestrian
67,1573.0,774.0,1633.0,833.0,8359,0,0,1,Pedestrian
67,1573.0,774.0,1633.0,833.0,8360,0,0,1,Pedestrian
67,1575.0,774.0,1636.0,833.0,8361,0,0,1,Pedestrian
67,1575.0,774.0,1636.0,833.0,8362,0,0,1,Pedestrian
67,1578.0,776.0,1639.0,835.0,8363,0,0,1,Pedestrian
67,1581.0,776.0,1641.0,835.0,8364,0,0,1,Pedestrian
67,1581.0,776.0,1641.0,835.0,8365,0,0,1,Pedestrian
67,1584.0,776.0,1644.0,835.0,8366,0,0,1,Pedestrian
67,1584.0,776.0,1644.0,835.0,8367,0,0,1,Pedestrian
67,1586.0,778.0,1647.0,837.0,8368,0,0,1,Pedestrian
67,1586.0,778.0,1647.0,837.0,8369,0,0,1,Pedestrian
67,1589.0,778.0,1650.0,837.0,8370,0,0,1,Pedestrian
67,1589.0,778.0,1650.0,837.0,8371,0,0,1,Pedestrian
67,1592.0,778.0,1652.0,837.0,8372,0,0,1,Pedestrian
67,1595.0,781.0,1655.0,840.0,8373,0,0,1,Pedestrian
67,1595.0,781.0,1655.0,840.0,8374,0,0,1,Pedestrian
67,1597.0,781.0,1658.0,840.0,8375,0,0,1,Pedestrian
67,1597.0,781.0,1658.0,840.0,8376,0,0,1,Pedestrian
67,1600.0,781.0,1661.0,840.0,8377,0,0,1,Pedestrian
67,1600.0,783.0,1661.0,842.0,8378,0,0,1,Pedestrian
67,1603.0,783.0,1663.0,842.0,8379,0,0,1,Pedestrian
67,1603.0,783.0,1663.0,842.0,8380,0,0,1,Pedestrian
67,1606.0,783.0,1666.0,842.0,8381,0,0,1,Pedestrian
67,1608.0,785.0,1669.0,844.0,8382,0,0,0,Pedestrian
67,1608.0,783.0,1669.0,842.0,8383,0,0,1,Pedestrian
67,1611.0,783.0,1672.0,842.0,8384,0,0,1,Pedestrian
67,1611.0,783.0,1672.0,842.0,8385,0,0,1,Pedestrian
67,1614.0,783.0,1674.0,842.0,8386,0,0,1,Pedestrian
67,1614.0,783.0,1674.0,842.0,8387,0,0,1,Pedestrian
67,1617.0,783.0,1677.0,842.0,8388,0,0,1,Pedestrian
67,1619.0,783.0,1680.0,842.0,8389,0,0,1,Pedestrian
67,1619.0,783.0,1680.0,842.0,8390,0,0,1,Pedestrian
67,1622.0,783.0,1683.0,842.0,8391,0,0,1,Pedestrian
67,1622.0,783.0,1683.0,842.0,8392,0,0,1,Pedestrian
67,1625.0,783.0,1685.0,842.0,8393,0,0,1,Pedestrian
67,1628.0,783.0,1688.0,842.0,8394,0,0,1,Pedestrian
67,1628.0,783.0,1688.0,842.0,8395,0,0,1,Pedestrian
67,1630.0,783.0,1691.0,842.0,8396,0,0,1,Pedestrian
67,1630.0,783.0,1691.0,842.0,8397,0,0,1,Pedestrian
67,1633.0,783.0,1694.0,842.0,8398,0,0,1,Pedestrian
67,1633.0,783.0,1694.0,842.0,8399,0,0,1,Pedestrian
67,1636.0,783.0,1696.0,842.0,8400,0,0,1,Pedestrian
67,1639.0,783.0,1699.0,842.0,8401,0,0,1,Pedestrian
67,1639.0,783.0,1699.0,842.0,8402,0,0,1,Pedestrian
67,1641.0,783.0,1702.0,842.0,8403,0,0,1,Pedestrian
67,1641.0,783.0,1702.0,842.0,8404,0,0,1,Pedestrian
67,1644.0,783.0,1705.0,842.0,8405,0,0,1,Pedestrian
67,1647.0,783.0,1707.0,842.0,8406,0,0,0,Pedestrian
67,1647.0,783.0,1707.0,842.0,8407,0,0,1,Pedestrian
67,1650.0,783.0,1710.0,842.0,8408,0,0,1,Pedestrian
67,1650.0,783.0,1710.0,842.0,8409,0,0,1,Pedestrian
67,1652.0,783.0,1713.0,842.0,8410,0,0,1,Pedestrian
67,1655.0,783.0,1713.0,842.0,8411,0,0,1,Pedestrian
67,1655.0,783.0,1716.0,842.0,8412,0,0,1,Pedestrian
67,1658.0,785.0,1718.0,842.0,8413,0,0,1,Pedestrian
67,1661.0,785.0,1718.0,842.0,8414,0,0,1,Pedestrian
67,1661.0,785.0,1721.0,842.0,8415,0,0,1,Pedestrian
67,1663.0,785.0,1721.0,842.0,8416,0,0,1,Pedestrian
67,1666.0,785.0,1724.0,842.0,8417,0,0,1,Pedestrian
67,1666.0,785.0,1724.0,842.0,8418,0,0,1,Pedestrian
67,1669.0,785.0,1727.0,842.0,8419,0,0,1,Pedestrian
67,1672.0,787.0,1729.0,842.0,8420,0,0,0,Pedestrian
67,1672.0,787.0,1729.0,842.0,8421,0,0,1,Pedestrian
67,1674.0,787.0,1732.0,842.0,8422,0,0,1,Pedestrian
67,1674.0,787.0,1732.0,842.0,8423,0,0,1,Pedestrian
67,1677.0,787.0,1735.0,842.0,8424,0,0,1,Pedestrian
67,1677.0,787.0,1735.0,842.0,8425,0,0,1,Pedestrian
67,1680.0,787.0,1738.0,842.0,8426,0,0,1,Pedestrian
67,1680.0,787.0,1738.0,842.0,8427,0,0,1,Pedestrian
67,1683.0,790.0,1740.0,844.0,8428,0,0,1,Pedestrian
67,1683.0,790.0,1740.0,844.0,8429,0,0,1,Pedestrian
67,1685.0,790.0,1743.0,844.0,8430,0,0,1,Pedestrian
67,1688.0,790.0,1746.0,844.0,8431,0,0,1,Pedestrian
67,1688.0,790.0,1746.0,844.0,8432,0,0,1,Pedestrian
67,1691.0,790.0,1749.0,844.0,8433,0,0,1,Pedestrian
67,1691.0,790.0,1749.0,844.0,8434,0,0,1,Pedestrian
67,1694.0,792.0,1751.0,847.0,8435,0,0,1,Pedestrian
67,1694.0,792.0,1751.0,847.0,8436,0,0,1,Pedestrian
67,1696.0,792.0,1754.0,847.0,8437,0,0,1,Pedestrian
67,1696.0,792.0,1754.0,847.0,8438,0,0,1,Pedestrian
67,1699.0,792.0,1757.0,847.0,8439,0,0,1,Pedestrian
67,1699.0,792.0,1757.0,847.0,8440,0,0,1,Pedestrian
67,1702.0,792.0,1760.0,847.0,8441,0,0,1,Pedestrian
67,1705.0,794.0,1762.0,849.0,8442,0,0,0,Pedestrian
67,1705.0,794.0,1762.0,849.0,8443,0,0,1,Pedestrian
67,1707.0,794.0,1765.0,849.0,8444,0,0,1,Pedestrian
67,1707.0,794.0,1765.0,849.0,8445,0,0,1,Pedestrian
67,1710.0,794.0,1768.0,849.0,8446,0,0,1,Pedestrian
67,1713.0,794.0,1771.0,849.0,8447,0,0,1,Pedestrian
67,1713.0,794.0,1771.0,849.0,8448,0,0,1,Pedestrian
67,1716.0,794.0,1773.0,849.0,8449,0,0,1,Pedestrian
67,1718.0,794.0,1776.0,849.0,8450,0,0,1,Pedestrian
67,1718.0,794.0,1776.0,849.0,8451,0,0,1,Pedestrian
67,1721.0,794.0,1779.0,849.0,8452,0,0,1,Pedestrian
67,1724.0,794.0,1782.0,849.0,8453,0,0,1,Pedestrian
67,1724.0,796.0,1782.0,851.0,8454,0,0,1,Pedestrian
67,1727.0,796.0,1784.0,851.0,8455,0,0,1,Pedestrian
67,1729.0,796.0,1787.0,851.0,8456,0,0,1,Pedestrian
67,1729.0,796.0,1787.0,851.0,8457,0,0,1,Pedestrian
67,1732.0,796.0,1790.0,851.0,8458,0,0,1,Pedestrian
67,1735.0,796.0,1793.0,851.0,8459,0,0,1,Pedestrian
67,1735.0,796.0,1793.0,851.0,8460,0,0,1,Pedestrian
67,1738.0,796.0,1795.0,851.0,8461,0,0,1,Pedestrian
67,1740.0,796.0,1798.0,851.0,8462,0,0,1,Pedestrian
67,1740.0,796.0,1798.0,851.0,8463,0,0,1,Pedestrian
67,1743.0,796.0,1801.0,851.0,8464,0,0,1,Pedestrian
67,1746.0,799.0,1804.0,853.0,8465,0,0,0,Pedestrian
67,1746.0,799.0,1804.0,853.0,8466,0,0,1,Pedestrian
67,1749.0,799.0,1806.0,853.0,8467,0,0,1,Pedestrian
67,1749.0,799.0,1806.0,853.0,8468,0,0,1,Pedestrian
67,1751.0,799.0,1809.0,853.0,8469,0,0,1,Pedestrian
67,1751.0,799.0,1809.0,853.0,8470,0,0,1,Pedestrian
67,1754.0,799.0,1812.0,853.0,8471,0,0,1,Pedestrian
67,1754.0,799.0,1812.0,853.0,8472,0,0,1,Pedestrian
67,1757.0,799.0,1815.0,853.0,8473,0,0,1,Pedestrian
67,1757.0,799.0,1815.0,853.0,8474,0,0,1,Pedestrian
67,1760.0,799.0,1817.0,853.0,8475,0,0,1,Pedestrian
67,1760.0,799.0,1817.0,853.0,8476,0,0,1,Pedestrian
67,1762.0,799.0,1820.0,853.0,8477,0,0,1,Pedestrian
67,1762.0,799.0,1820.0,853.0,8478,0,0,1,Pedestrian
67,1765.0,799.0,1823.0,853.0,8479,0,0,1,Pedestrian
67,1765.0,799.0,1826.0,853.0,8480,0,0,1,Pedestrian
67,1768.0,799.0,1826.0,853.0,8481,0,0,1,Pedestrian
67,1768.0,799.0,1828.0,853.0,8482,0,0,1,Pedestrian
67,1771.0,799.0,1828.0,853.0,8483,0,0,1,Pedestrian
67,1771.0,799.0,1831.0,853.0,8484,0,0,1,Pedestrian
67,1773.0,799.0,1831.0,853.0,8485,0,0,1,Pedestrian
67,1773.0,799.0,1834.0,853.0,8486,0,0,1,Pedestrian
67,1776.0,799.0,1834.0,853.0,8487,0,0,1,Pedestrian
67,1776.0,799.0,1837.0,853.0,8488,0,0,1,Pedestrian
67,1779.0,799.0,1837.0,853.0,8489,0,0,1,Pedestrian
67,1779.0,799.0,1839.0,853.0,8490,0,0,1,Pedestrian
67,1782.0,799.0,1839.0,853.0,8491,0,0,1,Pedestrian
67,1782.0,799.0,1842.0,853.0,8492,0,0,1,Pedestrian
67,1784.0,799.0,1842.0,853.0,8493,0,0,1,Pedestrian
67,1784.0,799.0,1845.0,853.0,8494,0,0,1,Pedestrian
67,1787.0,801.0,1848.0,856.0,8495,0,0,0,Pedestrian
67,1787.0,799.0,1848.0,856.0,8496,0,0,1,Pedestrian
67,1790.0,799.0,1850.0,856.0,8497,0,0,1,Pedestrian
67,1790.0,799.0,1850.0,856.0,8498,0,0,1,Pedestrian
67,1793.0,796.0,1853.0,858.0,8499,0,0,1,Pedestrian
67,1795.0,796.0,1856.0,858.0,8500,0,0,1,Pedestrian
67,1795.0,796.0,1856.0,858.0,8501,0,0,1,Pedestrian
67,1798.0,796.0,1859.0,858.0,8502,0,0,1,Pedestrian
67,1801.0,794.0,1861.0,860.0,8503,0,0,1,Pedestrian
67,1801.0,794.0,1861.0,860.0,8504,0,0,1,Pedestrian
67,1804.0,794.0,1864.0,860.0,8505,0,0,1,Pedestrian
67,1806.0,794.0,1867.0,863.0,8506,0,0,0,Pedestrian
67,1806.0,794.0,1867.0,863.0,8507,0,0,1,Pedestrian
67,1809.0,794.0,1870.0,863.0,8508,0,0,1,Pedestrian
67,1809.0,794.0,1870.0,863.0,8509,0,0,1,Pedestrian
67,1812.0,796.0,1872.0,865.0,8510,0,0,1,Pedestrian
67,1812.0,796.0,1872.0,865.0,8511,0,0,1,Pedestrian
67,1815.0,796.0,1875.0,865.0,8512,0,0,1,Pedestrian
67,1815.0,796.0,1875.0,865.0,8513,0,0,1,Pedestrian
67,1817.0,799.0,1878.0,867.0,8514,0,0,1,Pedestrian
67,1817.0,799.0,1878.0,867.0,8515,0,0,1,Pedestrian
67,1820.0,799.0,1881.0,867.0,8516,0,0,1,Pedestrian
67,1820.0,801.0,1881.0,869.0,8517,0,0,1,Pedestrian
67,1823.0,801.0,1883.0,869.0,8518,0,0,1,Pedestrian
67,1823.0,801.0,1883.0,869.0,8519,0,0,1,Pedestrian
67,1826.0,801.0,1886.0,869.0,8520,0,0,1,Pedestrian
67,1826.0,803.0,1886.0,872.0,8521,0,0,1,Pedestrian
67,1828.0,803.0,1889.0,872.0,8522,0,0,1,Pedestrian
67,1828.0,803.0,1889.0,872.0,8523,0,0,1,Pedestrian
67,1831.0,806.0,1892.0,874.0,8524,0,0,0,Pedestrian
67,1831.0,803.0,1892.0,872.0,8525,0,0,1,Pedestrian
67,1834.0,803.0,1894.0,872.0,8526,0,0,1,Pedestrian
67,1837.0,801.0,1897.0,869.0,8527,0,0,1,Pedestrian
67,1839.0,801.0,1900.0,869.0,8528,0,0,1,Pedestrian
67,1842.0,799.0,1903.0,867.0,8529,0,0,1,Pedestrian
67,1845.0,799.0,1905.0,867.0,8530,0,0,1,Pedestrian
67,1848.0,799.0,1908.0,867.0,8531,0,0,0,Pedestrian
68,46.0,831.0,126.0,913.0,7500,1,0,0,Biker
68,44.0,831.0,123.0,913.0,7501,1,0,1,Biker
68,44.0,831.0,123.0,913.0,7502,1,0,1,Biker
68,44.0,831.0,123.0,913.0,7503,1,0,1,Biker
68,44.0,831.0,123.0,913.0,7504,1,0,1,Biker
68,44.0,831.0,123.0,913.0,7505,1,0,1,Biker
68,44.0,831.0,123.0,913.0,7506,1,0,1,Biker
68,44.0,831.0,123.0,913.0,7507,1,0,1,Biker
68,44.0,831.0,123.0,913.0,7508,1,0,1,Biker
68,44.0,831.0,123.0,913.0,7509,1,0,1,Biker
68,44.0,831.0,123.0,913.0,7510,1,0,1,Biker
68,44.0,831.0,123.0,913.0,7511,1,0,1,Biker
68,44.0,831.0,123.0,913.0,7512,1,0,1,Biker
68,44.0,831.0,123.0,913.0,7513,1,0,1,Biker
68,44.0,831.0,123.0,913.0,7514,1,0,1,Biker
68,44.0,831.0,123.0,913.0,7515,1,0,1,Biker
68,44.0,831.0,123.0,913.0,7516,1,0,1,Biker
68,44.0,831.0,123.0,913.0,7517,1,0,1,Biker
68,44.0,831.0,123.0,913.0,7518,1,0,1,Biker
68,44.0,831.0,123.0,913.0,7519,1,0,1,Biker
68,44.0,831.0,123.0,913.0,7520,1,0,1,Biker
68,44.0,831.0,123.0,913.0,7521,1,0,1,Biker
68,44.0,831.0,123.0,913.0,7522,1,0,1,Biker
68,44.0,831.0,123.0,913.0,7523,1,0,1,Biker
68,44.0,831.0,123.0,913.0,7524,1,0,1,Biker
68,41.0,831.0,121.0,913.0,7525,1,0,1,Biker
68,41.0,831.0,121.0,913.0,7526,1,0,1,Biker
68,41.0,831.0,121.0,913.0,7527,1,0,1,Biker
68,41.0,831.0,121.0,913.0,7528,1,0,1,Biker
68,41.0,831.0,121.0,913.0,7529,1,0,1,Biker
68,41.0,831.0,121.0,913.0,7530,1,0,1,Biker
68,41.0,831.0,121.0,913.0,7531,1,0,1,Biker
68,41.0,831.0,121.0,913.0,7532,1,0,1,Biker
68,41.0,831.0,121.0,913.0,7533,1,0,1,Biker
68,41.0,831.0,121.0,913.0,7534,1,0,1,Biker
68,41.0,831.0,121.0,913.0,7535,1,0,1,Biker
68,41.0,831.0,121.0,913.0,7536,1,0,1,Biker
68,41.0,831.0,121.0,913.0,7537,1,0,1,Biker
68,41.0,831.0,121.0,913.0,7538,1,0,1,Biker
68,41.0,831.0,121.0,913.0,7539,1,0,1,Biker
68,41.0,831.0,121.0,913.0,7540,1,0,1,Biker
68,41.0,831.0,121.0,913.0,7541,1,0,1,Biker
68,41.0,831.0,121.0,913.0,7542,1,0,1,Biker
68,41.0,831.0,121.0,913.0,7543,1,0,1,Biker
68,41.0,831.0,121.0,913.0,7544,1,0,1,Biker
68,41.0,831.0,121.0,913.0,7545,1,0,1,Biker
68,41.0,831.0,121.0,913.0,7546,1,0,1,Biker
68,41.0,831.0,121.0,913.0,7547,1,0,1,Biker
68,41.0,831.0,121.0,913.0,7548,1,0,1,Biker
68,38.0,831.0,118.0,913.0,7549,1,0,1,Biker
68,38.0,831.0,118.0,913.0,7550,1,0,1,Biker
68,38.0,831.0,118.0,913.0,7551,1,0,1,Biker
68,38.0,831.0,118.0,913.0,7552,1,0,1,Biker
68,38.0,831.0,118.0,913.0,7553,1,0,1,Biker
68,38.0,831.0,118.0,913.0,7554,1,0,1,Biker
68,38.0,831.0,118.0,913.0,7555,1,0,1,Biker
68,38.0,831.0,118.0,913.0,7556,1,0,1,Biker
68,38.0,831.0,118.0,913.0,7557,1,0,1,Biker
68,38.0,831.0,118.0,913.0,7558,1,0,1,Biker
68,38.0,831.0,118.0,913.0,7559,1,0,1,Biker
68,38.0,831.0,118.0,913.0,7560,1,0,1,Biker
68,38.0,831.0,118.0,913.0,7561,1,0,1,Biker
68,38.0,831.0,118.0,913.0,7562,1,0,1,Biker
68,38.0,831.0,118.0,913.0,7563,1,0,1,Biker
68,38.0,831.0,118.0,913.0,7564,1,0,1,Biker
68,38.0,831.0,118.0,913.0,7565,1,0,1,Biker
68,38.0,831.0,118.0,913.0,7566,1,0,1,Biker
68,38.0,831.0,118.0,913.0,7567,1,0,1,Biker
68,38.0,831.0,118.0,913.0,7568,1,0,1,Biker
68,38.0,833.0,118.0,915.0,7569,1,0,1,Biker
68,38.0,833.0,118.0,915.0,7570,1,0,1,Biker
68,38.0,833.0,118.0,915.0,7571,1,0,1,Biker
68,38.0,833.0,118.0,915.0,7572,1,0,1,Biker
68,35.0,833.0,115.0,915.0,7573,1,0,1,Biker
68,35.0,833.0,115.0,915.0,7574,1,0,1,Biker
68,35.0,833.0,115.0,915.0,7575,1,0,1,Biker
68,35.0,833.0,115.0,915.0,7576,1,0,1,Biker
68,35.0,833.0,115.0,915.0,7577,1,0,1,Biker
68,35.0,833.0,115.0,915.0,7578,1,0,1,Biker
68,35.0,833.0,115.0,915.0,7579,1,0,1,Biker
68,35.0,833.0,115.0,915.0,7580,1,0,1,Biker
68,35.0,833.0,115.0,915.0,7581,1,0,1,Biker
68,35.0,833.0,115.0,915.0,7582,1,0,1,Biker
68,35.0,833.0,115.0,915.0,7583,1,0,1,Biker
68,35.0,833.0,115.0,915.0,7584,1,0,1,Biker
68,35.0,833.0,115.0,915.0,7585,1,0,1,Biker
68,35.0,833.0,115.0,915.0,7586,1,0,1,Biker
68,35.0,833.0,115.0,915.0,7587,1,0,1,Biker
68,35.0,833.0,115.0,915.0,7588,1,0,1,Biker
68,35.0,833.0,115.0,915.0,7589,1,0,1,Biker
68,35.0,833.0,115.0,915.0,7590,1,0,1,Biker
68,35.0,833.0,115.0,915.0,7591,1,0,1,Biker
68,35.0,833.0,115.0,915.0,7592,1,0,1,Biker
68,35.0,833.0,115.0,915.0,7593,1,0,1,Biker
68,35.0,833.0,115.0,915.0,7594,1,0,1,Biker
68,35.0,833.0,115.0,915.0,7595,1,0,1,Biker
68,35.0,833.0,115.0,915.0,7596,1,0,1,Biker
68,33.0,833.0,112.0,915.0,7597,1,0,1,Biker
68,33.0,833.0,112.0,915.0,7598,1,0,1,Biker
68,33.0,833.0,112.0,915.0,7599,1,0,1,Biker
68,33.0,833.0,112.0,915.0,7600,1,0,1,Biker
68,33.0,833.0,112.0,915.0,7601,1,0,1,Biker
68,33.0,833.0,112.0,915.0,7602,1,0,1,Biker
68,33.0,833.0,112.0,915.0,7603,1,0,1,Biker
68,33.0,833.0,112.0,915.0,7604,1,0,1,Biker
68,33.0,833.0,112.0,915.0,7605,1,0,1,Biker
68,33.0,833.0,112.0,915.0,7606,1,0,1,Biker
68,33.0,833.0,112.0,915.0,7607,1,0,1,Biker
68,33.0,833.0,112.0,915.0,7608,1,0,1,Biker
68,33.0,833.0,112.0,915.0,7609,1,0,1,Biker
68,33.0,833.0,112.0,915.0,7610,1,0,1,Biker
68,33.0,833.0,112.0,915.0,7611,1,0,1,Biker
68,33.0,833.0,112.0,915.0,7612,1,0,1,Biker
68,33.0,833.0,112.0,915.0,7613,1,0,1,Biker
68,33.0,833.0,112.0,915.0,7614,1,0,1,Biker
68,33.0,833.0,112.0,915.0,7615,1,0,1,Biker
68,33.0,833.0,112.0,915.0,7616,1,0,1,Biker
68,33.0,833.0,112.0,915.0,7617,1,0,1,Biker
68,33.0,833.0,112.0,915.0,7618,1,0,1,Biker
68,33.0,833.0,112.0,915.0,7619,1,0,1,Biker
68,33.0,833.0,112.0,915.0,7620,1,0,1,Biker
68,30.0,833.0,110.0,915.0,7621,1,0,1,Biker
68,30.0,833.0,110.0,915.0,7622,1,0,1,Biker
68,30.0,833.0,110.0,915.0,7623,1,0,1,Biker
68,30.0,833.0,110.0,915.0,7624,1,0,1,Biker
68,30.0,833.0,110.0,915.0,7625,1,0,1,Biker
68,30.0,833.0,110.0,915.0,7626,1,0,1,Biker
68,30.0,833.0,110.0,915.0,7627,1,0,1,Biker
68,30.0,833.0,110.0,915.0,7628,1,0,1,Biker
68,30.0,833.0,110.0,915.0,7629,1,0,1,Biker
68,30.0,833.0,110.0,915.0,7630,1,0,1,Biker
68,30.0,833.0,110.0,915.0,7631,1,0,1,Biker
68,30.0,833.0,110.0,915.0,7632,1,0,1,Biker
68,30.0,833.0,110.0,915.0,7633,1,0,1,Biker
68,30.0,833.0,110.0,915.0,7634,1,0,1,Biker
68,30.0,833.0,110.0,915.0,7635,1,0,1,Biker
68,30.0,833.0,110.0,915.0,7636,1,0,1,Biker
68,30.0,835.0,110.0,917.0,7637,1,0,1,Biker
68,30.0,835.0,110.0,917.0,7638,1,0,1,Biker
68,30.0,835.0,110.0,917.0,7639,1,0,1,Biker
68,30.0,835.0,110.0,917.0,7640,1,0,1,Biker
68,30.0,835.0,110.0,917.0,7641,1,0,1,Biker
68,30.0,835.0,110.0,917.0,7642,1,0,1,Biker
68,30.0,835.0,110.0,917.0,7643,1,0,1,Biker
68,30.0,835.0,110.0,917.0,7644,1,0,1,Biker
68,27.0,835.0,107.0,917.0,7645,1,0,1,Biker
68,27.0,835.0,107.0,917.0,7646,1,0,1,Biker
68,27.0,835.0,107.0,917.0,7647,1,0,1,Biker
68,27.0,835.0,107.0,917.0,7648,1,0,1,Biker
68,27.0,835.0,107.0,917.0,7649,1,0,1,Biker
68,27.0,835.0,107.0,917.0,7650,1,0,1,Biker
68,27.0,835.0,107.0,917.0,7651,1,0,1,Biker
68,27.0,835.0,107.0,917.0,7652,1,0,1,Biker
68,27.0,835.0,107.0,917.0,7653,1,0,1,Biker
68,27.0,835.0,107.0,917.0,7654,1,0,1,Biker
68,27.0,835.0,107.0,917.0,7655,1,0,1,Biker
68,27.0,835.0,107.0,917.0,7656,1,0,1,Biker
68,27.0,835.0,107.0,917.0,7657,1,0,1,Biker
68,27.0,835.0,107.0,917.0,7658,1,0,1,Biker
68,27.0,835.0,107.0,917.0,7659,1,0,1,Biker
68,27.0,835.0,107.0,917.0,7660,1,0,1,Biker
68,27.0,835.0,107.0,917.0,7661,1,0,1,Biker
68,27.0,835.0,107.0,917.0,7662,1,0,1,Biker
68,27.0,835.0,107.0,917.0,7663,1,0,1,Biker
68,27.0,835.0,107.0,917.0,7664,1,0,1,Biker
68,27.0,835.0,107.0,917.0,7665,1,0,1,Biker
68,27.0,835.0,107.0,917.0,7666,1,0,1,Biker
68,27.0,835.0,107.0,917.0,7667,1,0,1,Biker
68,27.0,835.0,107.0,917.0,7668,1,0,1,Biker
68,24.0,835.0,104.0,917.0,7669,1,0,1,Biker
68,24.0,835.0,104.0,917.0,7670,1,0,1,Biker
68,24.0,835.0,104.0,917.0,7671,1,0,1,Biker
68,24.0,835.0,104.0,917.0,7672,1,0,1,Biker
68,24.0,835.0,104.0,917.0,7673,1,0,1,Biker
68,24.0,835.0,104.0,917.0,7674,1,0,1,Biker
68,24.0,835.0,104.0,917.0,7675,1,0,1,Biker
68,24.0,835.0,104.0,917.0,7676,1,0,1,Biker
68,24.0,835.0,104.0,917.0,7677,1,0,1,Biker
68,24.0,835.0,104.0,917.0,7678,1,0,1,Biker
68,24.0,835.0,104.0,917.0,7679,1,0,1,Biker
68,24.0,835.0,104.0,917.0,7680,1,0,1,Biker
68,24.0,835.0,104.0,917.0,7681,1,0,1,Biker
68,24.0,835.0,104.0,917.0,7682,1,0,1,Biker
68,24.0,835.0,104.0,917.0,7683,1,0,1,Biker
68,24.0,835.0,104.0,917.0,7684,1,0,1,Biker
68,24.0,835.0,104.0,917.0,7685,1,0,1,Biker
68,24.0,835.0,104.0,917.0,7686,1,0,1,Biker
68,24.0,835.0,104.0,917.0,7687,1,0,1,Biker
68,24.0,835.0,104.0,917.0,7688,1,0,1,Biker
68,24.0,835.0,104.0,917.0,7689,1,0,1,Biker
68,24.0,835.0,104.0,917.0,7690,1,0,1,Biker
68,24.0,835.0,104.0,917.0,7691,1,0,1,Biker
68,24.0,835.0,104.0,917.0,7692,1,0,1,Biker
68,22.0,835.0,101.0,917.0,7693,1,0,1,Biker
68,22.0,835.0,101.0,917.0,7694,1,0,1,Biker
68,22.0,835.0,101.0,917.0,7695,1,0,1,Biker
68,22.0,835.0,101.0,917.0,7696,1,0,1,Biker
68,22.0,835.0,101.0,917.0,7697,1,0,1,Biker
68,22.0,835.0,101.0,917.0,7698,1,0,1,Biker
68,22.0,835.0,101.0,917.0,7699,1,0,1,Biker
68,22.0,835.0,101.0,917.0,7700,1,0,1,Biker
68,22.0,835.0,101.0,917.0,7701,1,0,1,Biker
68,22.0,835.0,101.0,917.0,7702,1,0,1,Biker
68,22.0,835.0,101.0,917.0,7703,1,0,1,Biker
68,22.0,835.0,101.0,917.0,7704,1,0,1,Biker
68,22.0,837.0,101.0,919.0,7705,1,0,1,Biker
68,22.0,837.0,101.0,919.0,7706,1,0,1,Biker
68,22.0,837.0,101.0,919.0,7707,1,0,1,Biker
68,22.0,837.0,101.0,919.0,7708,1,0,1,Biker
68,22.0,837.0,101.0,919.0,7709,1,0,1,Biker
68,22.0,837.0,101.0,919.0,7710,1,0,1,Biker
68,22.0,837.0,101.0,919.0,7711,1,0,1,Biker
68,22.0,837.0,101.0,919.0,7712,1,0,1,Biker
68,22.0,837.0,101.0,919.0,7713,1,0,1,Biker
68,22.0,837.0,101.0,919.0,7714,1,0,1,Biker
68,22.0,837.0,101.0,919.0,7715,1,0,1,Biker
68,22.0,837.0,101.0,919.0,7716,1,0,1,Biker
68,19.0,837.0,99.0,919.0,7717,1,0,1,Biker
68,19.0,837.0,99.0,919.0,7718,1,0,1,Biker
68,19.0,837.0,99.0,919.0,7719,1,0,1,Biker
68,19.0,837.0,99.0,919.0,7720,1,0,1,Biker
68,19.0,837.0,99.0,919.0,7721,1,0,1,Biker
68,19.0,837.0,99.0,919.0,7722,1,0,1,Biker
68,19.0,837.0,99.0,919.0,7723,1,0,1,Biker
68,19.0,837.0,99.0,919.0,7724,1,0,1,Biker
68,19.0,837.0,99.0,919.0,7725,1,0,1,Biker
68,19.0,837.0,99.0,919.0,7726,1,0,1,Biker
68,19.0,837.0,99.0,919.0,7727,1,0,1,Biker
68,19.0,837.0,99.0,919.0,7728,1,0,1,Biker
68,19.0,837.0,99.0,919.0,7729,1,0,1,Biker
68,19.0,837.0,99.0,919.0,7730,1,0,1,Biker
68,19.0,837.0,99.0,919.0,7731,1,0,1,Biker
68,19.0,837.0,99.0,919.0,7732,1,0,1,Biker
68,19.0,837.0,99.0,919.0,7733,1,0,1,Biker
68,19.0,837.0,99.0,919.0,7734,1,0,1,Biker
68,19.0,837.0,99.0,919.0,7735,1,0,1,Biker
68,19.0,837.0,99.0,919.0,7736,1,0,1,Biker
68,19.0,837.0,99.0,919.0,7737,1,0,1,Biker
68,19.0,837.0,99.0,919.0,7738,1,0,1,Biker
68,19.0,837.0,99.0,919.0,7739,1,0,1,Biker
68,19.0,837.0,99.0,919.0,7740,1,0,1,Biker
68,16.0,837.0,96.0,919.0,7741,1,0,1,Biker
68,16.0,837.0,96.0,919.0,7742,1,0,1,Biker
68,16.0,837.0,96.0,919.0,7743,1,0,1,Biker
68,16.0,837.0,96.0,919.0,7744,1,0,1,Biker
68,16.0,837.0,96.0,919.0,7745,1,0,1,Biker
68,16.0,837.0,96.0,919.0,7746,1,0,1,Biker
68,16.0,837.0,96.0,919.0,7747,1,0,1,Biker
68,16.0,837.0,96.0,919.0,7748,1,0,1,Biker
68,16.0,837.0,96.0,919.0,7749,1,0,1,Biker
68,16.0,837.0,96.0,919.0,7750,1,0,1,Biker
68,16.0,837.0,96.0,919.0,7751,1,0,1,Biker
68,16.0,837.0,96.0,919.0,7752,1,0,1,Biker
68,16.0,837.0,96.0,919.0,7753,1,0,1,Biker
68,16.0,837.0,96.0,919.0,7754,1,0,1,Biker
68,16.0,837.0,96.0,919.0,7755,1,0,1,Biker
68,16.0,837.0,96.0,919.0,7756,1,0,1,Biker
68,16.0,837.0,96.0,919.0,7757,1,0,1,Biker
68,16.0,837.0,96.0,919.0,7758,1,0,1,Biker
68,16.0,837.0,96.0,919.0,7759,1,0,1,Biker
68,16.0,837.0,96.0,919.0,7760,1,0,1,Biker
68,16.0,837.0,96.0,919.0,7761,1,0,1,Biker
68,16.0,837.0,96.0,919.0,7762,1,0,1,Biker
68,16.0,837.0,96.0,919.0,7763,1,0,1,Biker
68,16.0,837.0,96.0,919.0,7764,1,0,1,Biker
68,13.0,837.0,93.0,919.0,7765,1,0,1,Biker
68,13.0,837.0,93.0,919.0,7766,1,0,1,Biker
68,13.0,837.0,93.0,919.0,7767,1,0,1,Biker
68,13.0,837.0,93.0,919.0,7768,1,0,1,Biker
68,13.0,837.0,93.0,919.0,7769,1,0,1,Biker
68,13.0,837.0,93.0,919.0,7770,1,0,1,Biker
68,13.0,837.0,93.0,919.0,7771,1,0,1,Biker
68,13.0,837.0,93.0,919.0,7772,1,0,1,Biker
68,13.0,840.0,93.0,922.0,7773,1,0,1,Biker
68,13.0,840.0,93.0,922.0,7774,1,0,1,Biker
68,13.0,840.0,93.0,922.0,7775,1,0,1,Biker
68,13.0,840.0,93.0,922.0,7776,1,0,1,Biker
68,13.0,840.0,93.0,922.0,7777,1,0,1,Biker
68,13.0,840.0,93.0,922.0,7778,1,0,1,Biker
68,13.0,840.0,93.0,922.0,7779,1,0,1,Biker
68,13.0,840.0,93.0,922.0,7780,1,0,1,Biker
68,13.0,840.0,93.0,922.0,7781,1,0,1,Biker
68,13.0,840.0,93.0,922.0,7782,1,0,1,Biker
68,13.0,840.0,93.0,922.0,7783,1,0,1,Biker
68,13.0,840.0,93.0,922.0,7784,1,0,1,Biker
68,13.0,840.0,93.0,922.0,7785,1,0,1,Biker
68,13.0,840.0,93.0,922.0,7786,1,0,1,Biker
68,13.0,840.0,93.0,922.0,7787,1,0,1,Biker
68,13.0,840.0,93.0,922.0,7788,1,0,1,Biker
68,11.0,840.0,90.0,922.0,7789,1,0,1,Biker
68,11.0,840.0,90.0,922.0,7790,1,0,1,Biker
68,11.0,840.0,90.0,922.0,7791,1,0,1,Biker
68,11.0,840.0,90.0,922.0,7792,1,0,1,Biker
68,11.0,840.0,90.0,922.0,7793,1,0,1,Biker
68,11.0,840.0,90.0,922.0,7794,1,0,1,Biker
68,11.0,840.0,90.0,922.0,7795,1,0,1,Biker
68,11.0,840.0,90.0,922.0,7796,1,0,1,Biker
68,11.0,840.0,90.0,922.0,7797,1,0,1,Biker
68,11.0,840.0,90.0,922.0,7798,1,0,1,Biker
68,11.0,840.0,90.0,922.0,7799,1,0,1,Biker
68,11.0,840.0,90.0,922.0,7800,1,0,1,Biker
68,11.0,840.0,90.0,922.0,7801,1,0,1,Biker
68,11.0,840.0,90.0,922.0,7802,1,0,1,Biker
68,11.0,840.0,90.0,922.0,7803,1,0,1,Biker
68,11.0,840.0,90.0,922.0,7804,1,0,1,Biker
68,11.0,840.0,90.0,922.0,7805,1,0,1,Biker
68,11.0,840.0,90.0,922.0,7806,1,0,1,Biker
68,11.0,840.0,90.0,922.0,7807,1,0,1,Biker
68,11.0,840.0,90.0,922.0,7808,1,0,1,Biker
68,11.0,840.0,90.0,922.0,7809,1,0,1,Biker
68,11.0,840.0,90.0,922.0,7810,1,0,1,Biker
68,11.0,840.0,90.0,922.0,7811,1,0,1,Biker
68,11.0,840.0,90.0,922.0,7812,1,0,1,Biker
68,8.0,840.0,88.0,922.0,7813,1,0,1,Biker
68,8.0,840.0,88.0,922.0,7814,1,0,1,Biker
68,8.0,840.0,88.0,922.0,7815,1,0,1,Biker
68,8.0,840.0,88.0,922.0,7816,1,0,1,Biker
68,8.0,840.0,88.0,922.0,7817,1,0,1,Biker
68,8.0,840.0,88.0,922.0,7818,1,0,1,Biker
68,8.0,840.0,88.0,922.0,7819,1,0,1,Biker
68,8.0,840.0,88.0,922.0,7820,1,0,1,Biker
68,8.0,840.0,88.0,922.0,7821,1,0,1,Biker
68,8.0,840.0,88.0,922.0,7822,1,0,1,Biker
68,8.0,840.0,88.0,922.0,7823,1,0,1,Biker
68,8.0,840.0,88.0,922.0,7824,1,0,1,Biker
68,8.0,840.0,88.0,922.0,7825,1,0,1,Biker
68,8.0,840.0,88.0,922.0,7826,1,0,1,Biker
68,8.0,840.0,88.0,922.0,7827,1,0,1,Biker
68,8.0,840.0,88.0,922.0,7828,1,0,1,Biker
68,8.0,840.0,88.0,922.0,7829,1,0,1,Biker
68,8.0,840.0,88.0,922.0,7830,1,0,1,Biker
68,8.0,840.0,88.0,922.0,7831,1,0,1,Biker
68,8.0,840.0,88.0,922.0,7832,1,0,1,Biker
68,8.0,840.0,88.0,922.0,7833,1,0,1,Biker
68,8.0,840.0,88.0,922.0,7834,1,0,1,Biker
68,8.0,840.0,88.0,922.0,7835,1,0,1,Biker
68,8.0,840.0,88.0,922.0,7836,1,0,1,Biker
68,5.0,840.0,85.0,922.0,7837,1,0,1,Biker
68,5.0,840.0,85.0,922.0,7838,1,0,1,Biker
68,5.0,840.0,85.0,922.0,7839,1,0,1,Biker
68,5.0,840.0,85.0,922.0,7840,1,0,1,Biker
68,5.0,842.0,85.0,924.0,7841,1,0,1,Biker
68,5.0,842.0,85.0,924.0,7842,1,0,1,Biker
68,5.0,842.0,85.0,924.0,7843,1,0,1,Biker
68,5.0,842.0,85.0,924.0,7844,1,0,1,Biker
68,5.0,842.0,85.0,924.0,7845,1,0,1,Biker
68,5.0,842.0,85.0,924.0,7846,1,0,1,Biker
68,5.0,842.0,85.0,924.0,7847,1,0,1,Biker
68,5.0,842.0,85.0,924.0,7848,1,0,1,Biker
68,5.0,842.0,85.0,924.0,7849,1,0,1,Biker
68,5.0,842.0,85.0,924.0,7850,1,0,1,Biker
68,5.0,842.0,85.0,924.0,7851,1,0,1,Biker
68,5.0,842.0,85.0,924.0,7852,1,0,1,Biker
68,5.0,842.0,85.0,924.0,7853,1,0,1,Biker
68,5.0,842.0,85.0,924.0,7854,1,0,1,Biker
68,5.0,842.0,85.0,924.0,7855,1,0,1,Biker
68,5.0,842.0,85.0,924.0,7856,1,0,1,Biker
68,5.0,842.0,85.0,924.0,7857,1,0,1,Biker
68,5.0,842.0,85.0,924.0,7858,1,0,1,Biker
68,5.0,842.0,85.0,924.0,7859,1,0,1,Biker
68,5.0,842.0,85.0,924.0,7860,1,0,1,Biker
68,2.0,842.0,82.0,924.0,7861,1,0,1,Biker
68,2.0,842.0,82.0,924.0,7862,1,0,1,Biker
68,2.0,842.0,82.0,924.0,7863,1,0,1,Biker
68,2.0,842.0,82.0,924.0,7864,1,0,1,Biker
68,2.0,842.0,82.0,924.0,7865,1,0,1,Biker
68,2.0,842.0,82.0,924.0,7866,1,0,1,Biker
68,2.0,842.0,82.0,924.0,7867,1,0,1,Biker
68,2.0,842.0,82.0,924.0,7868,1,0,1,Biker
68,2.0,842.0,82.0,924.0,7869,1,0,1,Biker
68,2.0,842.0,82.0,924.0,7870,1,0,1,Biker
68,2.0,842.0,82.0,924.0,7871,1,0,1,Biker
68,2.0,842.0,82.0,924.0,7872,1,0,1,Biker
68,2.0,842.0,82.0,924.0,7873,1,0,1,Biker
68,2.0,842.0,82.0,924.0,7874,1,0,1,Biker
68,2.0,842.0,82.0,924.0,7875,1,0,1,Biker
68,2.0,842.0,82.0,924.0,7876,1,0,1,Biker
68,2.0,842.0,82.0,924.0,7877,1,0,1,Biker
68,2.0,842.0,82.0,924.0,7878,1,0,1,Biker
68,2.0,842.0,82.0,924.0,7879,1,0,1,Biker
68,2.0,842.0,82.0,924.0,7880,1,0,1,Biker
68,2.0,842.0,82.0,924.0,7881,1,0,1,Biker
68,2.0,842.0,82.0,924.0,7882,1,0,1,Biker
68,2.0,842.0,82.0,924.0,7883,1,0,1,Biker
68,2.0,842.0,82.0,924.0,7884,1,0,1,Biker
68,0.0,842.0,79.0,924.0,7885,1,0,1,Biker
68,0.0,842.0,79.0,924.0,7886,1,0,1,Biker
68,0.0,842.0,79.0,924.0,7887,1,0,1,Biker
68,0.0,842.0,79.0,924.0,7888,1,0,1,Biker
68,0.0,842.0,79.0,924.0,7889,1,0,1,Biker
68,0.0,842.0,79.0,924.0,7890,1,0,1,Biker
68,0.0,842.0,79.0,924.0,7891,1,0,1,Biker
68,0.0,842.0,79.0,924.0,7892,1,0,1,Biker
68,0.0,842.0,79.0,924.0,7893,1,0,1,Biker
68,0.0,842.0,79.0,924.0,7894,1,0,1,Biker
68,0.0,842.0,79.0,924.0,7895,1,0,1,Biker
68,0.0,842.0,79.0,924.0,7896,1,0,1,Biker
68,0.0,842.0,79.0,924.0,7897,1,0,1,Biker
68,0.0,842.0,79.0,924.0,7898,1,0,1,Biker
68,0.0,842.0,79.0,924.0,7899,1,0,1,Biker
68,0.0,842.0,79.0,924.0,7900,1,0,1,Biker
68,0.0,842.0,79.0,924.0,7901,1,0,1,Biker
68,0.0,842.0,79.0,924.0,7902,1,0,1,Biker
68,0.0,842.0,79.0,924.0,7903,1,0,1,Biker
68,0.0,842.0,79.0,924.0,7904,1,0,1,Biker
68,0.0,842.0,79.0,924.0,7905,1,0,1,Biker
68,0.0,842.0,79.0,924.0,7906,1,0,1,Biker
68,0.0,842.0,79.0,924.0,7907,1,0,1,Biker
68,0.0,842.0,79.0,924.0,7908,1,0,1,Biker
68,0.0,844.0,79.0,926.0,7909,0,0,0,Biker
68,0.0,842.0,79.0,924.0,7910,0,0,1,Biker
68,0.0,842.0,79.0,924.0,7911,0,0,1,Biker
68,0.0,842.0,79.0,924.0,7912,0,0,1,Biker
68,0.0,840.0,79.0,922.0,7913,0,0,1,Biker
68,0.0,840.0,79.0,922.0,7914,0,0,1,Biker
68,0.0,840.0,79.0,922.0,7915,0,0,1,Biker
68,0.0,837.0,79.0,919.0,7916,0,0,1,Biker
68,0.0,837.0,79.0,919.0,7917,0,0,1,Biker
68,0.0,837.0,79.0,919.0,7918,0,0,1,Biker
68,2.0,837.0,82.0,919.0,7919,0,0,0,Biker
68,11.0,835.0,90.0,917.0,7920,0,0,1,Biker
68,19.0,833.0,99.0,915.0,7921,0,0,1,Biker
68,27.0,833.0,107.0,915.0,7922,0,0,1,Biker
68,35.0,831.0,115.0,913.0,7923,0,0,1,Biker
68,46.0,831.0,126.0,913.0,7924,0,0,0,Biker
68,46.0,826.0,126.0,908.0,7925,0,0,1,Biker
68,49.0,822.0,129.0,904.0,7926,0,0,1,Biker
68,49.0,817.0,129.0,899.0,7927,0,0,1,Biker
68,52.0,812.0,132.0,894.0,7928,0,0,1,Biker
68,55.0,810.0,134.0,892.0,7929,0,0,0,Biker
68,57.0,806.0,137.0,888.0,7930,0,0,1,Biker
68,63.0,803.0,143.0,885.0,7931,0,0,1,Biker
68,66.0,799.0,145.0,881.0,7932,0,0,1,Biker
68,71.0,796.0,151.0,878.0,7933,0,0,1,Biker
68,77.0,794.0,156.0,876.0,7934,0,0,1,Biker
68,79.0,790.0,159.0,872.0,7935,0,0,1,Biker
68,85.0,787.0,165.0,869.0,7936,0,0,1,Biker
68,90.0,783.0,170.0,865.0,7937,0,0,1,Biker
68,93.0,781.0,173.0,863.0,7938,0,0,1,Biker
68,99.0,778.0,178.0,860.0,7939,0,0,1,Biker
68,101.0,774.0,184.0,856.0,7940,0,0,1,Biker
68,107.0,771.0,187.0,853.0,7941,0,0,1,Biker
68,112.0,767.0,192.0,849.0,7942,0,0,1,Biker
68,115.0,765.0,198.0,847.0,7943,0,0,1,Biker
68,121.0,762.0,200.0,844.0,7944,0,0,1,Biker
68,126.0,758.0,206.0,840.0,7945,0,0,1,Biker
68,129.0,755.0,211.0,837.0,7946,0,0,1,Biker
68,134.0,751.0,214.0,833.0,7947,0,0,1,Biker
68,140.0,749.0,220.0,831.0,7948,0,0,1,Biker
68,143.0,746.0,225.0,828.0,7949,0,0,1,Biker
68,148.0,742.0,228.0,824.0,7950,0,0,1,Biker
68,151.0,740.0,233.0,822.0,7951,0,0,1,Biker
68,156.0,735.0,239.0,817.0,7952,0,0,1,Biker
68,162.0,733.0,242.0,815.0,7953,0,0,1,Biker
68,165.0,730.0,247.0,812.0,7954,0,0,1,Biker
68,170.0,726.0,253.0,808.0,7955,0,0,1,Biker
68,176.0,724.0,255.0,806.0,7956,0,0,1,Biker
68,178.0,719.0,261.0,801.0,7957,0,0,1,Biker
68,184.0,717.0,266.0,799.0,7958,0,0,1,Biker
68,187.0,715.0,269.0,796.0,7959,0,0,1,Biker
68,192.0,710.0,275.0,792.0,7960,0,0,1,Biker
68,198.0,708.0,280.0,790.0,7961,0,0,1,Biker
68,200.0,703.0,283.0,785.0,7962,0,0,1,Biker
68,206.0,701.0,288.0,783.0,7963,0,0,1,Biker
68,211.0,699.0,294.0,781.0,7964,0,0,1,Biker
68,214.0,694.0,297.0,776.0,7965,0,0,1,Biker
68,220.0,692.0,302.0,774.0,7966,0,0,1,Biker
68,225.0,689.0,308.0,771.0,7967,0,0,0,Biker
68,228.0,683.0,310.0,765.0,7968,0,0,1,Biker
68,231.0,678.0,313.0,760.0,7969,0,0,1,Biker
68,233.0,674.0,316.0,755.0,7970,0,0,1,Biker
68,236.0,669.0,319.0,751.0,7971,0,0,1,Biker
68,239.0,664.0,321.0,746.0,7972,0,0,1,Biker
68,244.0,660.0,327.0,742.0,7973,0,0,1,Biker
68,247.0,655.0,330.0,737.0,7974,0,0,1,Biker
68,250.0,651.0,332.0,733.0,7975,0,0,1,Biker
68,253.0,646.0,335.0,728.0,7976,0,0,1,Biker
68,255.0,642.0,338.0,724.0,7977,0,0,1,Biker
68,261.0,637.0,343.0,719.0,7978,0,0,1,Biker
68,264.0,630.0,346.0,712.0,7979,0,0,1,Biker
68,266.0,626.0,349.0,708.0,7980,0,0,1,Biker
68,269.0,621.0,352.0,703.0,7981,0,0,1,Biker
68,272.0,617.0,354.0,699.0,7982,0,0,1,Biker
68,275.0,612.0,357.0,694.0,7983,0,0,1,Biker
68,280.0,607.0,363.0,689.0,7984,0,0,1,Biker
68,283.0,603.0,365.0,685.0,7985,0,0,1,Biker
68,286.0,598.0,368.0,680.0,7986,0,0,1,Biker
68,288.0,594.0,371.0,676.0,7987,0,0,1,Biker
68,291.0,589.0,374.0,671.0,7988,0,0,1,Biker
68,297.0,585.0,379.0,667.0,7989,0,0,1,Biker
68,299.0,578.0,382.0,660.0,7990,0,0,1,Biker
68,302.0,573.0,385.0,655.0,7991,0,0,1,Biker
68,305.0,569.0,387.0,651.0,7992,0,0,1,Biker
68,308.0,564.0,390.0,646.0,7993,0,0,1,Biker
68,310.0,560.0,393.0,642.0,7994,0,0,1,Biker
68,316.0,555.0,398.0,637.0,7995,0,0,1,Biker
68,319.0,551.0,401.0,633.0,7996,0,0,1,Biker
68,321.0,546.0,404.0,628.0,7997,0,0,1,Biker
68,324.0,541.0,407.0,623.0,7998,0,0,1,Biker
68,327.0,537.0,409.0,619.0,7999,0,0,1,Biker
68,332.0,532.0,415.0,614.0,8000,0,0,0,Biker
68,335.0,526.0,418.0,607.0,8001,0,0,1,Biker
68,338.0,521.0,420.0,603.0,8002,0,0,1,Biker
68,341.0,514.0,426.0,596.0,8003,0,0,1,Biker
68,346.0,510.0,429.0,592.0,8004,0,0,1,Biker
68,349.0,503.0,434.0,587.0,8005,0,0,1,Biker
68,352.0,498.0,437.0,580.0,8006,0,0,1,Biker
68,357.0,491.0,440.0,576.0,8007,0,0,1,Biker
68,360.0,487.0,445.0,569.0,8008,0,0,1,Biker
68,363.0,480.0,448.0,564.0,8009,0,0,1,Biker
68,368.0,475.0,453.0,560.0,8010,0,0,1,Biker
68,371.0,469.0,456.0,553.0,8011,0,0,1,Biker
68,374.0,464.0,459.0,548.0,8012,0,0,1,Biker
68,376.0,457.0,464.0,541.0,8013,0,0,1,Biker
68,382.0,453.0,467.0,537.0,8014,0,0,1,Biker
68,385.0,446.0,473.0,532.0,8015,0,0,1,Biker
68,387.0,441.0,475.0,526.0,8016,0,0,1,Biker
68,393.0,434.0,478.0,521.0,8017,0,0,1,Biker
68,396.0,430.0,484.0,514.0,8018,0,0,1,Biker
68,398.0,423.0,486.0,510.0,8019,0,0,1,Biker
68,404.0,418.0,492.0,505.0,8020,0,0,0,Biker
68,404.0,412.0,492.0,498.0,8021,0,0,1,Biker
68,407.0,407.0,495.0,494.0,8022,0,0,1,Biker
68,409.0,400.0,497.0,487.0,8023,0,0,1,Biker
68,412.0,396.0,500.0,482.0,8024,0,0,1,Biker
68,415.0,391.0,503.0,478.0,8025,0,0,1,Biker
68,418.0,384.0,506.0,471.0,8026,0,0,1,Biker
68,420.0,380.0,508.0,466.0,8027,0,0,1,Biker
68,423.0,375.0,511.0,462.0,8028,0,0,1,Biker
68,423.0,368.0,511.0,455.0,8029,0,0,1,Biker
68,426.0,364.0,514.0,450.0,8030,0,0,1,Biker
68,429.0,359.0,517.0,446.0,8031,0,0,1,Biker
68,431.0,352.0,519.0,439.0,8032,0,0,1,Biker
68,434.0,348.0,522.0,434.0,8033,0,0,1,Biker
68,437.0,343.0,525.0,430.0,8034,0,0,1,Biker
68,440.0,337.0,528.0,423.0,8035,0,0,1,Biker
68,442.0,332.0,530.0,418.0,8036,0,0,1,Biker
68,445.0,327.0,533.0,414.0,8037,0,0,0,Biker
68,445.0,323.0,533.0,409.0,8038,0,0,1,Biker
68,448.0,318.0,536.0,405.0,8039,0,0,1,Biker
68,451.0,314.0,539.0,400.0,8040,0,0,1,Biker
68,453.0,311.0,541.0,398.0,8041,0,0,1,Biker
68,456.0,307.0,544.0,393.0,8042,0,0,1,Biker
68,459.0,302.0,547.0,389.0,8043,0,0,1,Biker
68,462.0,300.0,550.0,387.0,8044,0,0,1,Biker
68,464.0,296.0,552.0,382.0,8045,0,0,1,Biker
68,467.0,291.0,555.0,377.0,8046,0,0,1,Biker
68,470.0,289.0,558.0,375.0,8047,0,0,1,Biker
68,473.0,284.0,561.0,371.0,8048,0,0,1,Biker
68,475.0,280.0,563.0,366.0,8049,0,0,1,Biker
68,478.0,277.0,566.0,364.0,8050,0,0,1,Biker
68,481.0,273.0,569.0,359.0,8051,0,0,1,Biker
68,484.0,268.0,572.0,355.0,8052,0,0,1,Biker
68,486.0,266.0,574.0,352.0,8053,0,0,0,Biker
68,486.0,257.0,577.0,346.0,8054,0,0,1,Biker
68,486.0,250.0,580.0,341.0,8055,0,0,1,Biker
68,486.0,243.0,583.0,337.0,8056,0,0,0,Biker
68,492.0,239.0,588.0,330.0,8057,0,0,1,Biker
68,500.0,234.0,596.0,325.0,8058,0,0,1,Biker
68,506.0,229.0,602.0,321.0,8059,0,0,1,Biker
68,514.0,227.0,610.0,316.0,8060,0,0,0,Biker
68,514.0,220.0,610.0,309.0,8061,0,0,1,Biker
68,514.0,216.0,613.0,305.0,8062,0,0,1,Biker
68,514.0,211.0,616.0,300.0,8063,0,0,1,Biker
68,514.0,207.0,618.0,293.0,8064,0,0,1,Biker
68,514.0,202.0,618.0,289.0,8065,0,0,1,Biker
68,514.0,198.0,621.0,284.0,8066,0,0,1,Biker
68,514.0,191.0,624.0,277.0,8067,0,0,1,Biker
68,514.0,186.0,627.0,273.0,8068,0,0,1,Biker
68,514.0,182.0,627.0,268.0,8069,0,0,1,Biker
68,514.0,177.0,629.0,261.0,8070,0,0,1,Biker
68,514.0,173.0,632.0,257.0,8071,0,0,1,Biker
68,514.0,168.0,635.0,252.0,8072,0,0,0,Biker
68,514.0,161.0,638.0,245.0,8073,0,0,1,Biker
68,517.0,154.0,640.0,239.0,8074,0,0,1,Biker
68,517.0,150.0,643.0,234.0,8075,0,0,1,Biker
68,519.0,143.0,646.0,227.0,8076,0,0,1,Biker
68,519.0,138.0,649.0,223.0,8077,0,0,1,Biker
68,522.0,132.0,651.0,216.0,8078,0,0,1,Biker
68,522.0,125.0,654.0,209.0,8079,0,0,1,Biker
68,525.0,120.0,657.0,204.0,8080,0,0,1,Biker
68,525.0,113.0,660.0,198.0,8081,0,0,1,Biker
68,528.0,109.0,665.0,193.0,8082,0,0,0,Biker
68,528.0,102.0,665.0,186.0,8083,0,0,1,Biker
68,530.0,97.0,665.0,182.0,8084,0,0,1,Biker
68,530.0,91.0,665.0,175.0,8085,0,0,1,Biker
68,533.0,86.0,668.0,170.0,8086,0,0,1,Biker
68,533.0,79.0,668.0,163.0,8087,0,0,1,Biker
68,536.0,75.0,668.0,159.0,8088,0,0,1,Biker
68,536.0,68.0,671.0,152.0,8089,0,0,1,Biker
68,539.0,63.0,671.0,148.0,8090,0,0,1,Biker
68,539.0,56.0,671.0,141.0,8091,0,0,1,Biker
68,541.0,52.0,673.0,136.0,8092,0,0,0,Biker
68,544.0,47.0,673.0,132.0,8093,0,0,1,Biker
68,550.0,45.0,673.0,129.0,8094,0,0,1,Biker
68,555.0,40.0,673.0,125.0,8095,0,0,1,Biker
68,561.0,38.0,673.0,122.0,8096,0,0,1,Biker
68,566.0,34.0,676.0,120.0,8097,0,0,1,Biker
68,569.0,31.0,676.0,116.0,8098,0,0,1,Biker
68,574.0,27.0,676.0,113.0,8099,0,0,1,Biker
68,580.0,25.0,676.0,109.0,8100,0,0,1,Biker
68,585.0,20.0,676.0,107.0,8101,0,0,1,Biker
68,591.0,18.0,679.0,104.0,8102,0,0,0,Biker
68,591.0,15.0,679.0,102.0,8103,0,0,1,Biker
68,591.0,13.0,682.0,100.0,8104,0,0,1,Biker
68,591.0,11.0,684.0,97.0,8105,0,0,1,Biker
68,591.0,9.0,684.0,95.0,8106,0,0,1,Biker
68,591.0,9.0,687.0,93.0,8107,0,0,1,Biker
68,591.0,6.0,690.0,91.0,8108,0,0,1,Biker
68,591.0,4.0,690.0,88.0,8109,0,0,1,Biker
68,591.0,2.0,693.0,86.0,8110,0,0,1,Biker
68,591.0,0.0,695.0,84.0,8111,0,0,1,Biker
68,591.0,0.0,698.0,84.0,8112,0,0,0,Biker
68,591.0,0.0,698.0,81.0,8113,0,0,1,Biker
68,594.0,0.0,698.0,81.0,8114,0,0,1,Biker
68,596.0,0.0,698.0,81.0,8115,0,0,1,Biker
68,599.0,0.0,698.0,81.0,8116,0,0,1,Biker
68,602.0,0.0,701.0,81.0,8117,0,0,1,Biker
68,605.0,0.0,701.0,79.0,8118,0,0,1,Biker
68,607.0,0.0,701.0,79.0,8119,0,0,1,Biker
68,610.0,0.0,701.0,79.0,8120,0,0,1,Biker
68,613.0,0.0,701.0,79.0,8121,0,0,1,Biker
68,616.0,0.0,704.0,79.0,8122,1,0,0,Biker
68,613.0,0.0,701.0,79.0,8123,1,0,1,Biker
68,613.0,0.0,701.0,79.0,8124,1,0,1,Biker
68,613.0,0.0,701.0,79.0,8125,1,0,1,Biker
68,613.0,2.0,701.0,81.0,8126,1,0,1,Biker
68,613.0,2.0,701.0,81.0,8127,1,0,1,Biker
68,613.0,2.0,701.0,81.0,8128,1,0,1,Biker
68,613.0,2.0,701.0,84.0,8129,1,0,1,Biker
68,613.0,4.0,701.0,84.0,8130,1,0,1,Biker
68,613.0,4.0,701.0,84.0,8131,1,0,1,Biker
68,610.0,4.0,698.0,84.0,8132,1,0,1,Biker
68,610.0,6.0,698.0,86.0,8133,1,0,1,Biker
68,610.0,6.0,698.0,86.0,8134,1,0,1,Biker
68,610.0,6.0,698.0,86.0,8135,1,0,1,Biker
68,610.0,6.0,698.0,88.0,8136,1,0,1,Biker
68,610.0,9.0,698.0,88.0,8137,1,0,1,Biker
68,610.0,9.0,698.0,88.0,8138,1,0,1,Biker
68,610.0,9.0,698.0,88.0,8139,1,0,1,Biker
68,610.0,11.0,698.0,91.0,8140,1,0,1,Biker
68,607.0,11.0,695.0,91.0,8141,1,0,1,Biker
68,607.0,11.0,695.0,91.0,8142,1,0,1,Biker
68,607.0,11.0,695.0,93.0,8143,1,0,1,Biker
68,607.0,13.0,695.0,93.0,8144,1,0,1,Biker
68,607.0,13.0,695.0,93.0,8145,1,0,1,Biker
68,607.0,13.0,695.0,93.0,8146,1,0,1,Biker
68,607.0,15.0,695.0,95.0,8147,1,0,1,Biker
68,607.0,15.0,695.0,95.0,8148,1,0,1,Biker
68,607.0,15.0,695.0,95.0,8149,1,0,1,Biker
68,605.0,15.0,693.0,97.0,8150,1,0,1,Biker
68,605.0,18.0,693.0,97.0,8151,1,0,1,Biker
68,605.0,18.0,693.0,97.0,8152,1,0,1,Biker
68,605.0,18.0,693.0,100.0,8153,1,0,1,Biker
68,605.0,20.0,693.0,100.0,8154,1,0,1,Biker
68,605.0,20.0,693.0,100.0,8155,1,0,1,Biker
68,605.0,20.0,693.0,100.0,8156,1,0,1,Biker
68,605.0,20.0,693.0,102.0,8157,1,0,1,Biker
68,605.0,22.0,693.0,102.0,8158,1,0,1,Biker
68,605.0,22.0,693.0,102.0,8159,1,0,1,Biker
68,602.0,22.0,690.0,104.0,8160,1,0,1,Biker
68,602.0,25.0,690.0,104.0,8161,1,0,1,Biker
68,602.0,25.0,690.0,104.0,8162,1,0,1,Biker
68,602.0,25.0,690.0,104.0,8163,1,0,1,Biker
68,602.0,25.0,690.0,107.0,8164,1,0,1,Biker
68,602.0,27.0,690.0,107.0,8165,1,0,1,Biker
68,602.0,27.0,690.0,107.0,8166,1,0,1,Biker
68,602.0,27.0,690.0,109.0,8167,1,0,1,Biker
68,602.0,29.0,690.0,109.0,8168,1,0,1,Biker
68,599.0,29.0,687.0,109.0,8169,1,0,1,Biker
68,599.0,29.0,687.0,109.0,8170,1,0,1,Biker
68,599.0,29.0,687.0,111.0,8171,1,0,1,Biker
68,599.0,31.0,687.0,111.0,8172,1,0,1,Biker
68,599.0,31.0,687.0,111.0,8173,1,0,1,Biker
68,599.0,31.0,687.0,113.0,8174,1,0,1,Biker
68,599.0,34.0,687.0,113.0,8175,1,0,1,Biker
68,599.0,34.0,687.0,113.0,8176,1,0,1,Biker
68,599.0,34.0,687.0,116.0,8177,1,0,1,Biker
68,596.0,34.0,684.0,116.0,8178,1,0,1,Biker
68,596.0,36.0,684.0,116.0,8179,1,0,1,Biker
68,596.0,36.0,684.0,116.0,8180,1,0,1,Biker
68,596.0,36.0,684.0,118.0,8181,1,0,1,Biker
68,596.0,38.0,684.0,118.0,8182,1,0,1,Biker
68,596.0,38.0,684.0,118.0,8183,1,0,1,Biker
68,596.0,38.0,684.0,120.0,8184,1,0,1,Biker
68,596.0,38.0,684.0,120.0,8185,1,0,1,Biker
68,596.0,40.0,684.0,120.0,8186,1,0,1,Biker
68,596.0,40.0,684.0,120.0,8187,1,0,1,Biker
68,594.0,40.0,682.0,122.0,8188,1,0,1,Biker
68,594.0,43.0,682.0,122.0,8189,1,0,1,Biker
68,594.0,43.0,682.0,122.0,8190,1,0,1,Biker
68,594.0,43.0,682.0,125.0,8191,1,0,1,Biker
68,594.0,43.0,682.0,125.0,8192,1,0,1,Biker
68,594.0,45.0,682.0,125.0,8193,1,0,1,Biker
68,594.0,45.0,682.0,125.0,8194,1,0,1,Biker
68,594.0,45.0,682.0,127.0,8195,1,0,1,Biker
68,594.0,45.0,682.0,127.0,8196,1,0,1,Biker
68,591.0,47.0,679.0,127.0,8197,1,0,1,Biker
68,591.0,47.0,679.0,129.0,8198,1,0,1,Biker
68,591.0,47.0,679.0,129.0,8199,1,0,1,Biker
68,591.0,50.0,679.0,129.0,8200,1,0,1,Biker
68,591.0,50.0,679.0,129.0,8201,1,0,1,Biker
68,591.0,50.0,679.0,132.0,8202,1,0,1,Biker
68,591.0,50.0,679.0,132.0,8203,1,0,1,Biker
68,591.0,52.0,679.0,132.0,8204,1,0,1,Biker
68,591.0,52.0,679.0,134.0,8205,1,0,1,Biker
68,588.0,52.0,676.0,134.0,8206,1,0,1,Biker
68,588.0,54.0,676.0,134.0,8207,1,0,1,Biker
68,588.0,54.0,676.0,136.0,8208,1,0,1,Biker
68,588.0,54.0,676.0,136.0,8209,1,0,1,Biker
68,588.0,54.0,676.0,136.0,8210,1,0,1,Biker
68,588.0,56.0,676.0,136.0,8211,1,0,1,Biker
68,588.0,56.0,676.0,138.0,8212,1,0,1,Biker
68,588.0,56.0,676.0,138.0,8213,1,0,1,Biker
68,588.0,59.0,676.0,138.0,8214,1,0,1,Biker
68,585.0,59.0,673.0,141.0,8215,1,0,1,Biker
68,585.0,59.0,673.0,141.0,8216,1,0,1,Biker
68,585.0,59.0,673.0,141.0,8217,1,0,1,Biker
68,585.0,61.0,673.0,141.0,8218,1,0,1,Biker
68,585.0,61.0,673.0,143.0,8219,1,0,1,Biker
68,585.0,61.0,673.0,143.0,8220,1,0,1,Biker
68,585.0,63.0,673.0,143.0,8221,1,0,1,Biker
68,585.0,63.0,673.0,145.0,8222,1,0,1,Biker
68,585.0,63.0,673.0,145.0,8223,1,0,1,Biker
68,585.0,63.0,673.0,145.0,8224,1,0,1,Biker
68,583.0,66.0,671.0,145.0,8225,1,0,1,Biker
68,583.0,66.0,671.0,148.0,8226,1,0,1,Biker
68,583.0,66.0,671.0,148.0,8227,1,0,1,Biker
68,583.0,68.0,671.0,148.0,8228,1,0,1,Biker
68,583.0,68.0,671.0,150.0,8229,1,0,1,Biker
68,583.0,68.0,671.0,150.0,8230,1,0,1,Biker
68,583.0,68.0,671.0,150.0,8231,1,0,1,Biker
68,583.0,70.0,671.0,152.0,8232,1,0,1,Biker
68,583.0,70.0,671.0,152.0,8233,1,0,1,Biker
68,580.0,70.0,668.0,152.0,8234,1,0,1,Biker
68,580.0,72.0,668.0,152.0,8235,1,0,1,Biker
68,580.0,72.0,668.0,154.0,8236,1,0,1,Biker
68,580.0,72.0,668.0,154.0,8237,1,0,1,Biker
68,580.0,72.0,668.0,154.0,8238,1,0,1,Biker
68,580.0,75.0,668.0,157.0,8239,1,0,1,Biker
68,580.0,75.0,668.0,157.0,8240,1,0,1,Biker
68,580.0,75.0,668.0,157.0,8241,1,0,1,Biker
68,580.0,77.0,668.0,157.0,8242,1,0,1,Biker
68,577.0,77.0,665.0,159.0,8243,1,0,1,Biker
68,577.0,77.0,665.0,159.0,8244,1,0,1,Biker
68,577.0,77.0,665.0,159.0,8245,1,0,1,Biker
68,577.0,79.0,665.0,161.0,8246,1,0,1,Biker
68,577.0,79.0,665.0,161.0,8247,1,0,1,Biker
68,577.0,79.0,665.0,161.0,8248,1,0,1,Biker
68,577.0,81.0,665.0,161.0,8249,1,0,1,Biker
68,577.0,81.0,665.0,163.0,8250,1,0,1,Biker
68,577.0,81.0,665.0,163.0,8251,1,0,1,Biker
68,577.0,81.0,665.0,163.0,8252,1,0,1,Biker
68,574.0,84.0,662.0,166.0,8253,1,0,1,Biker
68,574.0,84.0,662.0,166.0,8254,1,0,1,Biker
68,574.0,84.0,662.0,166.0,8255,1,0,1,Biker
68,574.0,86.0,662.0,166.0,8256,1,0,1,Biker
68,574.0,86.0,662.0,168.0,8257,1,0,1,Biker
68,574.0,86.0,662.0,168.0,8258,1,0,1,Biker
68,574.0,86.0,662.0,168.0,8259,1,0,1,Biker
68,574.0,88.0,662.0,170.0,8260,1,0,1,Biker
68,574.0,88.0,662.0,170.0,8261,1,0,1,Biker
68,572.0,88.0,660.0,170.0,8262,1,0,1,Biker
68,572.0,88.0,660.0,173.0,8263,1,0,1,Biker
68,572.0,91.0,660.0,173.0,8264,1,0,1,Biker
68,572.0,91.0,660.0,173.0,8265,1,0,1,Biker
68,572.0,91.0,660.0,173.0,8266,1,0,1,Biker
68,572.0,93.0,660.0,175.0,8267,1,0,1,Biker
68,572.0,93.0,660.0,175.0,8268,1,0,1,Biker
68,572.0,93.0,660.0,175.0,8269,1,0,1,Biker
68,572.0,93.0,660.0,177.0,8270,1,0,1,Biker
68,569.0,95.0,657.0,177.0,8271,1,0,1,Biker
68,569.0,95.0,657.0,177.0,8272,1,0,1,Biker
68,569.0,95.0,657.0,177.0,8273,1,0,1,Biker
68,569.0,97.0,657.0,179.0,8274,1,0,1,Biker
68,569.0,97.0,657.0,179.0,8275,1,0,1,Biker
68,569.0,97.0,657.0,179.0,8276,1,0,1,Biker
68,569.0,97.0,657.0,182.0,8277,1,0,1,Biker
68,569.0,100.0,657.0,182.0,8278,1,0,1,Biker
68,569.0,100.0,657.0,182.0,8279,1,0,1,Biker
68,569.0,100.0,657.0,182.0,8280,1,0,1,Biker
68,566.0,102.0,654.0,184.0,8281,1,0,1,Biker
68,566.0,102.0,654.0,184.0,8282,1,0,1,Biker
68,566.0,102.0,654.0,184.0,8283,1,0,1,Biker
68,566.0,102.0,654.0,186.0,8284,1,0,1,Biker
68,566.0,104.0,654.0,186.0,8285,1,0,1,Biker
68,566.0,104.0,654.0,186.0,8286,1,0,1,Biker
68,566.0,104.0,654.0,188.0,8287,1,0,1,Biker
68,566.0,107.0,654.0,188.0,8288,1,0,1,Biker
68,566.0,107.0,654.0,188.0,8289,1,0,1,Biker
68,563.0,107.0,651.0,188.0,8290,1,0,1,Biker
68,563.0,107.0,651.0,191.0,8291,1,0,1,Biker
68,563.0,109.0,651.0,191.0,8292,1,0,1,Biker
68,563.0,109.0,651.0,191.0,8293,1,0,1,Biker
68,563.0,109.0,651.0,193.0,8294,1,0,1,Biker
68,563.0,111.0,651.0,193.0,8295,1,0,1,Biker
68,563.0,111.0,651.0,193.0,8296,1,0,1,Biker
68,563.0,111.0,651.0,193.0,8297,1,0,1,Biker
68,563.0,111.0,651.0,195.0,8298,1,0,1,Biker
68,561.0,113.0,649.0,195.0,8299,1,0,1,Biker
68,561.0,113.0,649.0,195.0,8300,1,0,1,Biker
68,561.0,113.0,649.0,198.0,8301,1,0,1,Biker
68,561.0,116.0,649.0,198.0,8302,1,0,1,Biker
68,561.0,116.0,649.0,198.0,8303,1,0,1,Biker
68,561.0,116.0,649.0,198.0,8304,1,0,1,Biker
68,561.0,116.0,649.0,200.0,8305,1,0,1,Biker
68,561.0,118.0,649.0,200.0,8306,1,0,1,Biker
68,561.0,118.0,649.0,200.0,8307,1,0,1,Biker
68,558.0,118.0,646.0,202.0,8308,1,0,1,Biker
68,558.0,120.0,646.0,202.0,8309,1,0,1,Biker
68,558.0,120.0,646.0,202.0,8310,1,0,1,Biker
68,558.0,120.0,646.0,202.0,8311,1,0,1,Biker
68,558.0,120.0,646.0,204.0,8312,1,0,1,Biker
68,558.0,122.0,646.0,204.0,8313,1,0,1,Biker
68,558.0,122.0,646.0,204.0,8314,1,0,1,Biker
68,558.0,122.0,646.0,207.0,8315,1,0,1,Biker
68,558.0,125.0,646.0,207.0,8316,1,0,1,Biker
68,558.0,125.0,646.0,207.0,8317,1,0,1,Biker
68,555.0,125.0,643.0,209.0,8318,1,0,1,Biker
68,555.0,125.0,643.0,209.0,8319,1,0,1,Biker
68,555.0,127.0,643.0,209.0,8320,1,0,1,Biker
68,555.0,127.0,643.0,209.0,8321,1,0,1,Biker
68,555.0,127.0,643.0,211.0,8322,1,0,1,Biker
68,555.0,129.0,643.0,211.0,8323,1,0,1,Biker
68,555.0,129.0,643.0,211.0,8324,1,0,1,Biker
68,555.0,129.0,643.0,214.0,8325,1,0,1,Biker
68,555.0,129.0,643.0,214.0,8326,1,0,1,Biker
68,552.0,132.0,640.0,214.0,8327,1,0,1,Biker
68,552.0,132.0,640.0,214.0,8328,1,0,1,Biker
68,552.0,132.0,640.0,216.0,8329,1,0,1,Biker
68,552.0,132.0,640.0,216.0,8330,1,0,1,Biker
68,552.0,134.0,640.0,216.0,8331,1,0,1,Biker
68,552.0,134.0,640.0,218.0,8332,1,0,1,Biker
68,552.0,134.0,640.0,218.0,8333,1,0,1,Biker
68,552.0,136.0,640.0,218.0,8334,1,0,1,Biker
68,552.0,136.0,640.0,218.0,8335,1,0,1,Biker
68,550.0,136.0,638.0,220.0,8336,1,0,1,Biker
68,550.0,136.0,638.0,220.0,8337,1,0,1,Biker
68,550.0,138.0,638.0,220.0,8338,1,0,1,Biker
68,550.0,138.0,638.0,223.0,8339,1,0,1,Biker
68,550.0,138.0,638.0,223.0,8340,1,0,1,Biker
68,550.0,141.0,638.0,223.0,8341,1,0,1,Biker
68,550.0,141.0,638.0,225.0,8342,1,0,1,Biker
68,550.0,141.0,638.0,225.0,8343,1,0,1,Biker
68,550.0,141.0,638.0,225.0,8344,1,0,1,Biker
68,550.0,143.0,638.0,225.0,8345,1,0,1,Biker
68,547.0,143.0,635.0,227.0,8346,1,0,1,Biker
68,547.0,143.0,635.0,227.0,8347,1,0,1,Biker
68,547.0,145.0,635.0,227.0,8348,1,0,1,Biker
68,547.0,145.0,635.0,229.0,8349,1,0,1,Biker
68,547.0,145.0,635.0,229.0,8350,1,0,1,Biker
68,547.0,145.0,635.0,229.0,8351,1,0,1,Biker
68,547.0,148.0,635.0,229.0,8352,1,0,1,Biker
68,547.0,148.0,635.0,232.0,8353,1,0,1,Biker
68,547.0,148.0,635.0,232.0,8354,1,0,1,Biker
68,544.0,150.0,632.0,232.0,8355,1,0,1,Biker
68,544.0,150.0,632.0,234.0,8356,1,0,1,Biker
68,544.0,150.0,632.0,234.0,8357,1,0,1,Biker
68,544.0,150.0,632.0,234.0,8358,1,0,1,Biker
68,544.0,152.0,632.0,234.0,8359,1,0,1,Biker
68,544.0,152.0,632.0,236.0,8360,1,0,1,Biker
68,544.0,152.0,632.0,236.0,8361,1,0,1,Biker
68,544.0,154.0,632.0,236.0,8362,1,0,1,Biker
68,544.0,154.0,632.0,239.0,8363,1,0,1,Biker
68,541.0,154.0,629.0,239.0,8364,1,0,1,Biker
68,541.0,154.0,629.0,239.0,8365,1,0,1,Biker
68,541.0,157.0,629.0,239.0,8366,1,0,1,Biker
68,541.0,157.0,629.0,241.0,8367,1,0,1,Biker
68,541.0,157.0,629.0,241.0,8368,1,0,1,Biker
68,541.0,159.0,629.0,241.0,8369,1,0,1,Biker
68,541.0,159.0,629.0,243.0,8370,1,0,1,Biker
68,541.0,159.0,629.0,243.0,8371,1,0,1,Biker
68,541.0,159.0,629.0,243.0,8372,1,0,1,Biker
68,539.0,161.0,627.0,245.0,8373,1,0,1,Biker
68,539.0,161.0,627.0,245.0,8374,1,0,1,Biker
68,539.0,161.0,627.0,245.0,8375,1,0,1,Biker
68,539.0,163.0,627.0,245.0,8376,1,0,1,Biker
68,539.0,163.0,627.0,248.0,8377,1,0,1,Biker
68,539.0,163.0,627.0,248.0,8378,1,0,1,Biker
68,539.0,163.0,627.0,248.0,8379,1,0,1,Biker
68,539.0,166.0,627.0,250.0,8380,1,0,1,Biker
68,539.0,166.0,627.0,250.0,8381,1,0,1,Biker
68,539.0,166.0,627.0,250.0,8382,1,0,1,Biker
68,536.0,168.0,624.0,250.0,8383,1,0,1,Biker
68,536.0,168.0,624.0,252.0,8384,1,0,1,Biker
68,536.0,168.0,624.0,252.0,8385,1,0,1,Biker
68,536.0,168.0,624.0,252.0,8386,1,0,1,Biker
68,536.0,170.0,624.0,255.0,8387,1,0,1,Biker
68,536.0,170.0,624.0,255.0,8388,1,0,1,Biker
68,536.0,170.0,624.0,255.0,8389,1,0,1,Biker
68,536.0,173.0,624.0,255.0,8390,1,0,1,Biker
68,536.0,173.0,624.0,257.0,8391,1,0,1,Biker
68,533.0,173.0,621.0,257.0,8392,1,0,1,Biker
68,533.0,173.0,621.0,257.0,8393,1,0,1,Biker
68,533.0,175.0,621.0,259.0,8394,1,0,1,Biker
68,533.0,175.0,621.0,259.0,8395,1,0,1,Biker
68,533.0,175.0,621.0,259.0,8396,1,0,1,Biker
68,533.0,175.0,621.0,261.0,8397,1,0,1,Biker
68,533.0,177.0,621.0,261.0,8398,1,0,1,Biker
68,533.0,177.0,621.0,261.0,8399,1,0,1,Biker
68,533.0,177.0,621.0,261.0,8400,1,0,1,Biker
68,530.0,179.0,618.0,264.0,8401,1,0,1,Biker
68,530.0,179.0,618.0,264.0,8402,1,0,1,Biker
68,530.0,179.0,618.0,264.0,8403,1,0,1,Biker
68,530.0,179.0,618.0,266.0,8404,1,0,1,Biker
68,530.0,182.0,618.0,266.0,8405,1,0,1,Biker
68,530.0,182.0,618.0,266.0,8406,1,0,1,Biker
68,530.0,182.0,618.0,266.0,8407,1,0,1,Biker
68,530.0,184.0,618.0,268.0,8408,1,0,1,Biker
68,530.0,184.0,618.0,268.0,8409,1,0,1,Biker
68,530.0,184.0,618.0,268.0,8410,1,0,1,Biker
68,528.0,184.0,616.0,270.0,8411,1,0,1,Biker
68,528.0,186.0,616.0,270.0,8412,1,0,1,Biker
68,528.0,186.0,616.0,270.0,8413,1,0,1,Biker
68,528.0,186.0,616.0,270.0,8414,1,0,1,Biker
68,528.0,188.0,616.0,273.0,8415,1,0,1,Biker
68,528.0,188.0,616.0,273.0,8416,1,0,1,Biker
68,528.0,188.0,616.0,273.0,8417,1,0,1,Biker
68,528.0,188.0,616.0,275.0,8418,1,0,1,Biker
68,528.0,191.0,616.0,275.0,8419,1,0,1,Biker
68,525.0,191.0,613.0,275.0,8420,1,0,1,Biker
68,525.0,191.0,613.0,275.0,8421,1,0,1,Biker
68,525.0,193.0,613.0,277.0,8422,1,0,1,Biker
68,525.0,193.0,613.0,277.0,8423,1,0,1,Biker
68,525.0,193.0,613.0,277.0,8424,1,0,1,Biker
68,525.0,193.0,613.0,280.0,8425,1,0,1,Biker
68,525.0,195.0,613.0,280.0,8426,1,0,1,Biker
68,525.0,195.0,613.0,280.0,8427,1,0,1,Biker
68,525.0,195.0,613.0,282.0,8428,1,0,1,Biker
68,522.0,198.0,610.0,282.0,8429,1,0,1,Biker
68,522.0,198.0,610.0,282.0,8430,1,0,1,Biker
68,522.0,198.0,610.0,282.0,8431,1,0,1,Biker
68,522.0,198.0,610.0,284.0,8432,1,0,1,Biker
68,522.0,200.0,610.0,284.0,8433,1,0,1,Biker
68,522.0,200.0,610.0,284.0,8434,1,0,1,Biker
68,522.0,200.0,610.0,286.0,8435,1,0,1,Biker
68,522.0,202.0,610.0,286.0,8436,1,0,1,Biker
68,522.0,202.0,610.0,286.0,8437,1,0,1,Biker
68,522.0,202.0,610.0,286.0,8438,1,0,1,Biker
68,519.0,202.0,607.0,289.0,8439,1,0,1,Biker
68,519.0,204.0,607.0,289.0,8440,1,0,1,Biker
68,519.0,204.0,607.0,289.0,8441,1,0,1,Biker
68,519.0,204.0,607.0,291.0,8442,1,0,1,Biker
68,519.0,207.0,607.0,291.0,8443,1,0,1,Biker
68,519.0,207.0,607.0,291.0,8444,1,0,1,Biker
68,519.0,207.0,607.0,291.0,8445,1,0,1,Biker
68,519.0,207.0,607.0,293.0,8446,1,0,1,Biker
68,519.0,209.0,607.0,293.0,8447,1,0,1,Biker
68,517.0,209.0,605.0,293.0,8448,1,0,1,Biker
68,517.0,209.0,605.0,296.0,8449,1,0,1,Biker
68,517.0,211.0,605.0,296.0,8450,1,0,1,Biker
68,517.0,211.0,605.0,296.0,8451,1,0,1,Biker
68,517.0,211.0,605.0,298.0,8452,1,0,1,Biker
68,517.0,211.0,605.0,298.0,8453,1,0,1,Biker
68,517.0,214.0,605.0,298.0,8454,1,0,1,Biker
68,517.0,214.0,605.0,298.0,8455,1,0,1,Biker
68,517.0,214.0,605.0,300.0,8456,1,0,1,Biker
68,514.0,216.0,602.0,300.0,8457,1,0,1,Biker
68,514.0,216.0,602.0,300.0,8458,1,0,1,Biker
68,514.0,216.0,602.0,302.0,8459,1,0,1,Biker
68,514.0,216.0,602.0,302.0,8460,1,0,1,Biker
68,514.0,218.0,602.0,302.0,8461,1,0,1,Biker
68,514.0,218.0,602.0,302.0,8462,1,0,1,Biker
68,514.0,218.0,602.0,305.0,8463,1,0,1,Biker
68,514.0,218.0,602.0,305.0,8464,1,0,1,Biker
68,514.0,220.0,602.0,305.0,8465,1,0,1,Biker
68,511.0,220.0,599.0,307.0,8466,1,0,1,Biker
68,511.0,220.0,599.0,307.0,8467,1,0,1,Biker
68,511.0,223.0,599.0,307.0,8468,1,0,1,Biker
68,511.0,223.0,599.0,307.0,8469,1,0,1,Biker
68,511.0,223.0,599.0,309.0,8470,1,0,1,Biker
68,511.0,223.0,599.0,309.0,8471,1,0,1,Biker
68,511.0,225.0,599.0,309.0,8472,1,0,1,Biker
68,511.0,225.0,599.0,311.0,8473,1,0,1,Biker
68,511.0,225.0,599.0,311.0,8474,1,0,1,Biker
68,511.0,227.0,599.0,311.0,8475,1,0,1,Biker
68,508.0,227.0,596.0,311.0,8476,1,0,1,Biker
68,508.0,227.0,596.0,314.0,8477,1,0,1,Biker
68,508.0,227.0,596.0,314.0,8478,1,0,1,Biker
68,508.0,229.0,596.0,314.0,8479,1,0,1,Biker
68,508.0,229.0,596.0,316.0,8480,1,0,1,Biker
68,508.0,229.0,596.0,316.0,8481,1,0,1,Biker
68,508.0,232.0,596.0,316.0,8482,1,0,1,Biker
68,508.0,232.0,596.0,318.0,8483,1,0,1,Biker
68,508.0,232.0,596.0,318.0,8484,1,0,1,Biker
68,506.0,232.0,594.0,318.0,8485,1,0,1,Biker
68,506.0,234.0,594.0,318.0,8486,1,0,1,Biker
68,506.0,234.0,594.0,321.0,8487,1,0,1,Biker
68,506.0,234.0,594.0,321.0,8488,1,0,1,Biker
68,506.0,236.0,594.0,321.0,8489,1,0,1,Biker
68,506.0,236.0,594.0,323.0,8490,1,0,1,Biker
68,506.0,236.0,594.0,323.0,8491,1,0,1,Biker
68,506.0,236.0,594.0,323.0,8492,1,0,1,Biker
68,506.0,239.0,594.0,323.0,8493,1,0,1,Biker
68,503.0,239.0,591.0,325.0,8494,1,0,1,Biker
68,503.0,239.0,591.0,325.0,8495,1,0,1,Biker
68,503.0,241.0,591.0,325.0,8496,1,0,1,Biker
68,503.0,241.0,591.0,327.0,8497,1,0,1,Biker
68,503.0,241.0,591.0,327.0,8498,1,0,1,Biker
68,503.0,241.0,591.0,327.0,8499,1,0,1,Biker
68,503.0,243.0,591.0,327.0,8500,1,0,1,Biker
68,503.0,243.0,591.0,330.0,8501,1,0,1,Biker
68,503.0,243.0,591.0,330.0,8502,1,0,1,Biker
68,503.0,245.0,591.0,330.0,8503,1,0,1,Biker
68,500.0,245.0,588.0,332.0,8504,1,0,1,Biker
68,500.0,245.0,588.0,332.0,8505,1,0,1,Biker
68,500.0,245.0,588.0,332.0,8506,1,0,1,Biker
68,500.0,248.0,588.0,334.0,8507,1,0,1,Biker
68,500.0,248.0,588.0,334.0,8508,1,0,1,Biker
68,500.0,248.0,588.0,334.0,8509,1,0,1,Biker
68,500.0,250.0,588.0,334.0,8510,1,0,1,Biker
68,500.0,250.0,588.0,337.0,8511,1,0,1,Biker
68,500.0,250.0,588.0,337.0,8512,1,0,1,Biker
68,497.0,250.0,585.0,337.0,8513,1,0,1,Biker
68,497.0,252.0,585.0,339.0,8514,1,0,1,Biker
68,497.0,252.0,585.0,339.0,8515,1,0,1,Biker
68,497.0,252.0,585.0,339.0,8516,1,0,1,Biker
68,497.0,255.0,585.0,339.0,8517,1,0,1,Biker
68,497.0,255.0,585.0,341.0,8518,1,0,1,Biker
68,497.0,255.0,585.0,341.0,8519,1,0,1,Biker
68,497.0,255.0,585.0,341.0,8520,1,0,1,Biker
68,497.0,257.0,585.0,343.0,8521,1,0,1,Biker
68,495.0,257.0,583.0,343.0,8522,1,0,1,Biker
68,495.0,257.0,583.0,343.0,8523,1,0,1,Biker
68,495.0,259.0,583.0,343.0,8524,1,0,1,Biker
68,495.0,259.0,583.0,346.0,8525,1,0,1,Biker
68,495.0,259.0,583.0,346.0,8526,1,0,1,Biker
68,495.0,259.0,583.0,346.0,8527,1,0,1,Biker
68,495.0,261.0,583.0,348.0,8528,1,0,1,Biker
68,495.0,261.0,583.0,348.0,8529,1,0,1,Biker
68,495.0,261.0,583.0,348.0,8530,1,0,1,Biker
68,495.0,264.0,583.0,350.0,8531,1,0,0,Biker
69,583.0,2.0,657.0,36.0,7000,1,0,0,Pedestrian
69,583.0,2.0,657.0,36.0,7001,1,0,1,Pedestrian
69,583.0,2.0,657.0,36.0,7002,1,0,1,Pedestrian
69,583.0,2.0,657.0,36.0,7003,1,0,1,Pedestrian
69,583.0,2.0,657.0,36.0,7004,1,0,1,Pedestrian
69,583.0,2.0,657.0,36.0,7005,1,0,1,Pedestrian
69,583.0,2.0,657.0,36.0,7006,1,0,1,Pedestrian
69,583.0,2.0,657.0,36.0,7007,1,0,1,Pedestrian
69,583.0,2.0,657.0,36.0,7008,1,0,1,Pedestrian
69,583.0,2.0,657.0,36.0,7009,1,0,1,Pedestrian
69,583.0,2.0,657.0,36.0,7010,1,0,1,Pedestrian
69,583.0,2.0,657.0,36.0,7011,1,0,1,Pedestrian
69,583.0,2.0,657.0,36.0,7012,1,0,1,Pedestrian
69,583.0,2.0,657.0,36.0,7013,1,0,1,Pedestrian
69,583.0,2.0,657.0,36.0,7014,1,0,1,Pedestrian
69,583.0,2.0,657.0,36.0,7015,1,0,1,Pedestrian
69,583.0,2.0,657.0,36.0,7016,1,0,1,Pedestrian
69,583.0,2.0,657.0,36.0,7017,1,0,1,Pedestrian
69,583.0,2.0,657.0,36.0,7018,1,0,1,Pedestrian
69,583.0,2.0,657.0,36.0,7019,1,0,1,Pedestrian
69,583.0,2.0,657.0,36.0,7020,1,0,1,Pedestrian
69,583.0,2.0,657.0,36.0,7021,1,0,1,Pedestrian
69,583.0,2.0,657.0,36.0,7022,1,0,1,Pedestrian
69,583.0,2.0,657.0,36.0,7023,1,0,1,Pedestrian
69,583.0,2.0,657.0,36.0,7024,1,0,1,Pedestrian
69,583.0,2.0,657.0,36.0,7025,1,0,1,Pedestrian
69,583.0,2.0,657.0,36.0,7026,1,0,1,Pedestrian
69,583.0,2.0,657.0,36.0,7027,1,0,1,Pedestrian
69,583.0,2.0,657.0,36.0,7028,1,0,1,Pedestrian
69,583.0,2.0,657.0,36.0,7029,1,0,1,Pedestrian
69,583.0,2.0,657.0,36.0,7030,1,0,1,Pedestrian
69,583.0,2.0,657.0,36.0,7031,1,0,1,Pedestrian
69,583.0,2.0,657.0,36.0,7032,1,0,1,Pedestrian
69,583.0,2.0,657.0,36.0,7033,1,0,1,Pedestrian
69,583.0,2.0,657.0,36.0,7034,1,0,1,Pedestrian
69,583.0,2.0,657.0,36.0,7035,1,0,1,Pedestrian
69,583.0,2.0,657.0,36.0,7036,1,0,1,Pedestrian
69,583.0,2.0,657.0,36.0,7037,1,0,1,Pedestrian
69,583.0,2.0,657.0,36.0,7038,1,0,1,Pedestrian
69,583.0,2.0,657.0,36.0,7039,1,0,1,Pedestrian
69,583.0,2.0,657.0,36.0,7040,1,0,1,Pedestrian
69,583.0,2.0,657.0,36.0,7041,1,0,1,Pedestrian
69,583.0,2.0,657.0,36.0,7042,1,0,1,Pedestrian
69,583.0,2.0,657.0,36.0,7043,1,0,1,Pedestrian
69,583.0,2.0,657.0,36.0,7044,1,0,1,Pedestrian
69,583.0,2.0,657.0,36.0,7045,1,0,1,Pedestrian
69,583.0,2.0,657.0,36.0,7046,1,0,1,Pedestrian
69,583.0,2.0,657.0,36.0,7047,1,0,1,Pedestrian
69,583.0,2.0,657.0,36.0,7048,1,0,1,Pedestrian
69,583.0,2.0,657.0,36.0,7049,1,0,1,Pedestrian
69,583.0,2.0,657.0,36.0,7050,1,0,1,Pedestrian
69,583.0,2.0,657.0,36.0,7051,1,0,1,Pedestrian
69,583.0,2.0,657.0,36.0,7052,1,0,1,Pedestrian
69,583.0,2.0,657.0,36.0,7053,1,0,1,Pedestrian
69,583.0,2.0,657.0,36.0,7054,1,0,1,Pedestrian
69,583.0,2.0,657.0,36.0,7055,1,0,1,Pedestrian
69,583.0,2.0,657.0,36.0,7056,1,0,1,Pedestrian
69,583.0,2.0,657.0,36.0,7057,1,0,1,Pedestrian
69,583.0,2.0,657.0,36.0,7058,1,0,1,Pedestrian
69,583.0,2.0,657.0,36.0,7059,1,0,1,Pedestrian
69,583.0,2.0,657.0,36.0,7060,1,0,1,Pedestrian
69,583.0,2.0,657.0,36.0,7061,1,0,1,Pedestrian
69,583.0,2.0,657.0,36.0,7062,1,0,1,Pedestrian
69,583.0,2.0,657.0,36.0,7063,1,0,1,Pedestrian
69,583.0,2.0,657.0,36.0,7064,1,0,1,Pedestrian
69,583.0,2.0,657.0,36.0,7065,1,0,1,Pedestrian
69,583.0,2.0,657.0,36.0,7066,1,0,1,Pedestrian
69,583.0,2.0,657.0,36.0,7067,1,0,1,Pedestrian
69,583.0,2.0,657.0,36.0,7068,1,0,1,Pedestrian
69,583.0,2.0,657.0,36.0,7069,1,0,1,Pedestrian
69,583.0,2.0,657.0,36.0,7070,1,0,1,Pedestrian
69,583.0,2.0,657.0,36.0,7071,1,0,1,Pedestrian
69,583.0,2.0,657.0,36.0,7072,1,0,1,Pedestrian
69,583.0,2.0,657.0,36.0,7073,1,0,1,Pedestrian
69,583.0,2.0,657.0,36.0,7074,1,0,1,Pedestrian
69,583.0,2.0,657.0,36.0,7075,1,0,1,Pedestrian
69,583.0,2.0,657.0,36.0,7076,1,0,1,Pedestrian
69,583.0,2.0,657.0,36.0,7077,1,0,1,Pedestrian
69,583.0,2.0,657.0,36.0,7078,1,0,1,Pedestrian
69,583.0,2.0,657.0,36.0,7079,1,0,1,Pedestrian
69,583.0,2.0,657.0,36.0,7080,1,0,1,Pedestrian
69,583.0,2.0,657.0,36.0,7081,1,0,1,Pedestrian
69,583.0,2.0,657.0,36.0,7082,1,0,1,Pedestrian
69,583.0,2.0,657.0,36.0,7083,1,0,1,Pedestrian
69,583.0,2.0,657.0,36.0,7084,1,0,1,Pedestrian
69,583.0,2.0,657.0,36.0,7085,1,0,1,Pedestrian
69,583.0,2.0,657.0,36.0,7086,1,0,1,Pedestrian
69,583.0,2.0,657.0,36.0,7087,1,0,1,Pedestrian
69,583.0,2.0,657.0,36.0,7088,1,0,1,Pedestrian
69,583.0,2.0,657.0,36.0,7089,1,0,1,Pedestrian
69,583.0,2.0,657.0,36.0,7090,1,0,1,Pedestrian
69,583.0,2.0,657.0,36.0,7091,1,0,1,Pedestrian
69,583.0,2.0,657.0,36.0,7092,1,0,1,Pedestrian
69,583.0,2.0,657.0,36.0,7093,1,0,1,Pedestrian
69,583.0,2.0,657.0,36.0,7094,1,0,1,Pedestrian
69,583.0,2.0,657.0,36.0,7095,1,0,1,Pedestrian
69,583.0,2.0,657.0,36.0,7096,1,0,1,Pedestrian
69,583.0,2.0,657.0,36.0,7097,1,0,1,Pedestrian
69,583.0,2.0,657.0,36.0,7098,1,0,1,Pedestrian
69,583.0,2.0,657.0,36.0,7099,1,0,1,Pedestrian
69,583.0,2.0,657.0,36.0,7100,1,0,1,Pedestrian
69,583.0,2.0,657.0,36.0,7101,1,0,1,Pedestrian
69,583.0,2.0,657.0,36.0,7102,1,0,1,Pedestrian
69,583.0,2.0,657.0,36.0,7103,1,0,1,Pedestrian
69,583.0,2.0,657.0,36.0,7104,1,0,1,Pedestrian
69,583.0,2.0,657.0,36.0,7105,1,0,1,Pedestrian
69,583.0,2.0,657.0,36.0,7106,1,0,1,Pedestrian
69,583.0,2.0,657.0,36.0,7107,1,0,1,Pedestrian
69,583.0,2.0,657.0,36.0,7108,1,0,1,Pedestrian
69,583.0,2.0,657.0,36.0,7109,1,0,1,Pedestrian
69,583.0,2.0,657.0,36.0,7110,1,0,1,Pedestrian
69,583.0,2.0,657.0,36.0,7111,1,0,1,Pedestrian
69,583.0,2.0,657.0,36.0,7112,1,0,1,Pedestrian
69,583.0,2.0,657.0,36.0,7113,1,0,1,Pedestrian
69,583.0,2.0,657.0,36.0,7114,1,0,1,Pedestrian
69,583.0,2.0,657.0,36.0,7115,1,0,1,Pedestrian
69,583.0,2.0,657.0,36.0,7116,1,0,1,Pedestrian
69,583.0,2.0,657.0,36.0,7117,1,0,1,Pedestrian
69,583.0,2.0,657.0,36.0,7118,1,0,1,Pedestrian
69,583.0,2.0,657.0,36.0,7119,1,0,1,Pedestrian
69,583.0,2.0,657.0,36.0,7120,1,0,1,Pedestrian
69,583.0,2.0,657.0,36.0,7121,1,0,1,Pedestrian
69,583.0,2.0,657.0,36.0,7122,1,0,1,Pedestrian
69,583.0,2.0,657.0,36.0,7123,1,0,1,Pedestrian
69,583.0,2.0,657.0,36.0,7124,1,0,1,Pedestrian
69,583.0,2.0,657.0,36.0,7125,1,0,1,Pedestrian
69,583.0,2.0,657.0,36.0,7126,1,0,1,Pedestrian
69,583.0,2.0,657.0,36.0,7127,1,0,1,Pedestrian
69,583.0,2.0,657.0,36.0,7128,1,0,1,Pedestrian
69,583.0,2.0,657.0,36.0,7129,1,0,1,Pedestrian
69,583.0,2.0,657.0,36.0,7130,1,0,1,Pedestrian
69,583.0,2.0,657.0,36.0,7131,1,0,1,Pedestrian
69,583.0,2.0,657.0,36.0,7132,1,0,1,Pedestrian
69,583.0,2.0,657.0,36.0,7133,1,0,1,Pedestrian
69,583.0,2.0,657.0,36.0,7134,1,0,1,Pedestrian
69,583.0,2.0,657.0,36.0,7135,1,0,1,Pedestrian
69,583.0,2.0,657.0,36.0,7136,1,0,1,Pedestrian
69,583.0,2.0,657.0,36.0,7137,1,0,1,Pedestrian
69,583.0,2.0,657.0,36.0,7138,1,0,1,Pedestrian
69,583.0,2.0,657.0,36.0,7139,1,0,1,Pedestrian
69,583.0,2.0,657.0,36.0,7140,1,0,1,Pedestrian
69,583.0,2.0,657.0,36.0,7141,1,0,1,Pedestrian
69,583.0,2.0,657.0,36.0,7142,1,0,1,Pedestrian
69,583.0,2.0,657.0,36.0,7143,1,0,1,Pedestrian
69,583.0,2.0,657.0,36.0,7144,1,0,1,Pedestrian
69,583.0,2.0,657.0,36.0,7145,1,0,1,Pedestrian
69,583.0,2.0,657.0,36.0,7146,1,0,1,Pedestrian
69,583.0,2.0,657.0,36.0,7147,1,0,1,Pedestrian
69,583.0,2.0,657.0,36.0,7148,1,0,1,Pedestrian
69,583.0,2.0,657.0,36.0,7149,1,0,1,Pedestrian
69,583.0,2.0,657.0,36.0,7150,1,0,1,Pedestrian
69,583.0,2.0,657.0,36.0,7151,1,0,1,Pedestrian
69,583.0,2.0,657.0,36.0,7152,1,0,1,Pedestrian
69,583.0,2.0,657.0,36.0,7153,1,0,1,Pedestrian
69,583.0,2.0,657.0,36.0,7154,1,0,1,Pedestrian
69,583.0,2.0,657.0,36.0,7155,1,0,1,Pedestrian
69,583.0,2.0,657.0,36.0,7156,1,0,1,Pedestrian
69,583.0,2.0,657.0,36.0,7157,1,0,1,Pedestrian
69,583.0,2.0,657.0,36.0,7158,1,0,1,Pedestrian
69,583.0,2.0,657.0,36.0,7159,1,0,1,Pedestrian
69,583.0,2.0,657.0,36.0,7160,1,0,1,Pedestrian
69,583.0,2.0,657.0,36.0,7161,1,0,1,Pedestrian
69,583.0,2.0,657.0,36.0,7162,1,0,1,Pedestrian
69,583.0,2.0,657.0,36.0,7163,1,0,1,Pedestrian
69,583.0,2.0,657.0,36.0,7164,1,0,1,Pedestrian
69,583.0,2.0,657.0,36.0,7165,1,0,1,Pedestrian
69,583.0,2.0,657.0,36.0,7166,1,0,1,Pedestrian
69,583.0,2.0,657.0,36.0,7167,1,0,1,Pedestrian
69,583.0,2.0,657.0,36.0,7168,1,0,1,Pedestrian
69,583.0,2.0,657.0,36.0,7169,1,0,1,Pedestrian
69,583.0,2.0,657.0,36.0,7170,1,0,1,Pedestrian
69,583.0,2.0,657.0,36.0,7171,1,0,1,Pedestrian
69,583.0,2.0,657.0,36.0,7172,1,0,1,Pedestrian
69,583.0,2.0,657.0,36.0,7173,1,0,1,Pedestrian
69,583.0,2.0,657.0,36.0,7174,1,0,1,Pedestrian
69,583.0,2.0,657.0,36.0,7175,1,0,1,Pedestrian
69,583.0,2.0,657.0,36.0,7176,1,0,1,Pedestrian
69,583.0,2.0,657.0,36.0,7177,1,0,1,Pedestrian
69,583.0,2.0,657.0,36.0,7178,1,0,1,Pedestrian
69,583.0,2.0,657.0,36.0,7179,1,0,1,Pedestrian
69,583.0,2.0,657.0,36.0,7180,1,0,1,Pedestrian
69,583.0,2.0,657.0,36.0,7181,1,0,1,Pedestrian
69,583.0,2.0,657.0,36.0,7182,1,0,1,Pedestrian
69,583.0,2.0,657.0,36.0,7183,1,0,1,Pedestrian
69,583.0,2.0,657.0,36.0,7184,1,0,1,Pedestrian
69,583.0,2.0,657.0,36.0,7185,1,0,1,Pedestrian
69,583.0,2.0,657.0,36.0,7186,1,0,1,Pedestrian
69,583.0,2.0,657.0,36.0,7187,1,0,1,Pedestrian
69,583.0,2.0,657.0,36.0,7188,1,0,1,Pedestrian
69,583.0,2.0,657.0,36.0,7189,1,0,1,Pedestrian
69,583.0,2.0,657.0,36.0,7190,1,0,1,Pedestrian
69,583.0,2.0,657.0,36.0,7191,1,0,1,Pedestrian
69,583.0,2.0,657.0,36.0,7192,1,0,1,Pedestrian
69,583.0,2.0,657.0,36.0,7193,1,0,1,Pedestrian
69,583.0,2.0,657.0,36.0,7194,1,0,1,Pedestrian
69,583.0,2.0,657.0,36.0,7195,1,0,1,Pedestrian
69,583.0,2.0,657.0,36.0,7196,1,0,1,Pedestrian
69,583.0,2.0,657.0,36.0,7197,1,0,1,Pedestrian
69,583.0,2.0,657.0,36.0,7198,1,0,1,Pedestrian
69,583.0,2.0,657.0,36.0,7199,1,0,1,Pedestrian
69,583.0,2.0,657.0,36.0,7200,1,0,1,Pedestrian
69,583.0,2.0,657.0,36.0,7201,1,0,1,Pedestrian
69,583.0,2.0,657.0,36.0,7202,1,0,1,Pedestrian
69,583.0,2.0,657.0,36.0,7203,1,0,1,Pedestrian
69,583.0,2.0,657.0,36.0,7204,1,0,1,Pedestrian
69,583.0,2.0,657.0,36.0,7205,1,0,1,Pedestrian
69,583.0,2.0,657.0,36.0,7206,1,0,1,Pedestrian
69,583.0,2.0,657.0,36.0,7207,1,0,1,Pedestrian
69,583.0,2.0,657.0,36.0,7208,1,0,1,Pedestrian
69,583.0,2.0,657.0,36.0,7209,1,0,1,Pedestrian
69,583.0,2.0,657.0,36.0,7210,1,0,1,Pedestrian
69,583.0,2.0,657.0,36.0,7211,1,0,1,Pedestrian
69,583.0,2.0,657.0,36.0,7212,1,0,1,Pedestrian
69,583.0,2.0,657.0,36.0,7213,1,0,1,Pedestrian
69,583.0,2.0,657.0,36.0,7214,1,0,1,Pedestrian
69,583.0,2.0,657.0,36.0,7215,1,0,1,Pedestrian
69,583.0,2.0,657.0,36.0,7216,1,0,1,Pedestrian
69,583.0,2.0,657.0,36.0,7217,1,0,1,Pedestrian
69,583.0,2.0,657.0,36.0,7218,1,0,1,Pedestrian
69,583.0,2.0,657.0,36.0,7219,1,0,1,Pedestrian
69,583.0,2.0,657.0,36.0,7220,1,0,1,Pedestrian
69,583.0,2.0,657.0,36.0,7221,1,0,1,Pedestrian
69,583.0,2.0,657.0,36.0,7222,1,0,1,Pedestrian
69,583.0,2.0,657.0,36.0,7223,1,0,1,Pedestrian
69,583.0,2.0,657.0,36.0,7224,1,0,1,Pedestrian
69,583.0,2.0,657.0,36.0,7225,1,0,1,Pedestrian
69,583.0,2.0,657.0,36.0,7226,1,0,1,Pedestrian
69,583.0,2.0,657.0,36.0,7227,1,0,1,Pedestrian
69,583.0,2.0,657.0,36.0,7228,1,0,1,Pedestrian
69,583.0,2.0,657.0,36.0,7229,1,0,1,Pedestrian
69,583.0,2.0,657.0,36.0,7230,1,0,1,Pedestrian
69,583.0,2.0,657.0,36.0,7231,1,0,1,Pedestrian
69,583.0,2.0,657.0,36.0,7232,1,0,1,Pedestrian
69,583.0,2.0,657.0,36.0,7233,1,0,1,Pedestrian
69,583.0,2.0,657.0,36.0,7234,1,0,1,Pedestrian
69,583.0,2.0,657.0,36.0,7235,1,0,1,Pedestrian
69,583.0,2.0,657.0,36.0,7236,1,0,1,Pedestrian
69,583.0,2.0,657.0,36.0,7237,1,0,1,Pedestrian
69,583.0,2.0,657.0,36.0,7238,1,0,1,Pedestrian
69,583.0,2.0,657.0,36.0,7239,1,0,1,Pedestrian
69,583.0,2.0,657.0,36.0,7240,1,0,1,Pedestrian
69,583.0,2.0,657.0,36.0,7241,1,0,1,Pedestrian
69,583.0,2.0,657.0,36.0,7242,1,0,1,Pedestrian
69,583.0,2.0,657.0,36.0,7243,1,0,1,Pedestrian
69,583.0,2.0,657.0,36.0,7244,1,0,1,Pedestrian
69,583.0,2.0,657.0,36.0,7245,1,0,1,Pedestrian
69,583.0,2.0,657.0,36.0,7246,1,0,1,Pedestrian
69,583.0,2.0,657.0,36.0,7247,1,0,1,Pedestrian
69,583.0,2.0,657.0,36.0,7248,1,0,1,Pedestrian
69,583.0,2.0,657.0,36.0,7249,1,0,1,Pedestrian
69,583.0,2.0,657.0,36.0,7250,1,0,1,Pedestrian
69,583.0,2.0,657.0,36.0,7251,1,0,1,Pedestrian
69,583.0,2.0,657.0,36.0,7252,1,0,1,Pedestrian
69,583.0,2.0,657.0,36.0,7253,1,0,1,Pedestrian
69,583.0,2.0,657.0,36.0,7254,1,0,1,Pedestrian
69,583.0,2.0,657.0,36.0,7255,1,0,1,Pedestrian
69,583.0,2.0,657.0,36.0,7256,1,0,1,Pedestrian
69,583.0,2.0,657.0,36.0,7257,1,0,1,Pedestrian
69,583.0,2.0,657.0,36.0,7258,1,0,1,Pedestrian
69,583.0,2.0,657.0,36.0,7259,1,0,1,Pedestrian
69,583.0,2.0,657.0,36.0,7260,1,0,1,Pedestrian
69,583.0,2.0,657.0,36.0,7261,1,0,1,Pedestrian
69,583.0,2.0,657.0,36.0,7262,1,0,1,Pedestrian
69,583.0,2.0,657.0,36.0,7263,1,0,1,Pedestrian
69,583.0,2.0,657.0,36.0,7264,1,0,1,Pedestrian
69,583.0,2.0,657.0,36.0,7265,1,0,1,Pedestrian
69,583.0,2.0,657.0,36.0,7266,1,0,1,Pedestrian
69,583.0,2.0,657.0,36.0,7267,1,0,1,Pedestrian
69,583.0,2.0,657.0,36.0,7268,1,0,1,Pedestrian
69,583.0,2.0,657.0,36.0,7269,1,0,1,Pedestrian
69,583.0,2.0,657.0,36.0,7270,1,0,1,Pedestrian
69,583.0,2.0,657.0,36.0,7271,1,0,1,Pedestrian
69,583.0,2.0,657.0,36.0,7272,1,0,1,Pedestrian
69,583.0,2.0,657.0,36.0,7273,1,0,1,Pedestrian
69,583.0,2.0,657.0,36.0,7274,1,0,1,Pedestrian
69,583.0,2.0,657.0,36.0,7275,1,0,1,Pedestrian
69,583.0,2.0,657.0,36.0,7276,1,0,1,Pedestrian
69,583.0,2.0,657.0,36.0,7277,1,0,1,Pedestrian
69,583.0,2.0,657.0,36.0,7278,1,0,1,Pedestrian
69,583.0,2.0,657.0,36.0,7279,1,0,1,Pedestrian
69,583.0,2.0,657.0,36.0,7280,1,0,1,Pedestrian
69,583.0,2.0,657.0,36.0,7281,1,0,1,Pedestrian
69,583.0,2.0,657.0,36.0,7282,1,0,1,Pedestrian
69,583.0,2.0,657.0,36.0,7283,1,0,1,Pedestrian
69,583.0,2.0,657.0,36.0,7284,1,0,1,Pedestrian
69,583.0,2.0,657.0,36.0,7285,1,0,1,Pedestrian
69,583.0,2.0,657.0,36.0,7286,1,0,1,Pedestrian
69,583.0,2.0,657.0,36.0,7287,1,0,1,Pedestrian
69,583.0,2.0,657.0,36.0,7288,1,0,1,Pedestrian
69,583.0,2.0,657.0,36.0,7289,1,0,1,Pedestrian
69,583.0,2.0,657.0,36.0,7290,1,0,1,Pedestrian
69,583.0,2.0,657.0,36.0,7291,1,0,1,Pedestrian
69,583.0,2.0,657.0,36.0,7292,1,0,1,Pedestrian
69,583.0,2.0,657.0,36.0,7293,1,0,1,Pedestrian
69,583.0,2.0,657.0,36.0,7294,1,0,1,Pedestrian
69,583.0,2.0,657.0,36.0,7295,1,0,1,Pedestrian
69,583.0,2.0,657.0,36.0,7296,1,0,1,Pedestrian
69,583.0,2.0,657.0,36.0,7297,1,0,1,Pedestrian
69,583.0,2.0,657.0,36.0,7298,1,0,1,Pedestrian
69,583.0,2.0,657.0,36.0,7299,1,0,1,Pedestrian
69,583.0,2.0,657.0,36.0,7300,1,0,1,Pedestrian
69,583.0,2.0,657.0,36.0,7301,1,0,1,Pedestrian
69,583.0,2.0,657.0,36.0,7302,1,0,1,Pedestrian
69,583.0,2.0,657.0,36.0,7303,1,0,1,Pedestrian
69,583.0,2.0,657.0,36.0,7304,1,0,1,Pedestrian
69,583.0,2.0,657.0,36.0,7305,1,0,1,Pedestrian
69,583.0,2.0,657.0,36.0,7306,1,0,1,Pedestrian
69,583.0,2.0,657.0,36.0,7307,1,0,1,Pedestrian
69,583.0,2.0,657.0,36.0,7308,1,0,1,Pedestrian
69,583.0,2.0,657.0,36.0,7309,1,0,1,Pedestrian
69,583.0,2.0,657.0,36.0,7310,1,0,1,Pedestrian
69,583.0,2.0,657.0,36.0,7311,1,0,1,Pedestrian
69,583.0,2.0,657.0,36.0,7312,1,0,1,Pedestrian
69,583.0,2.0,657.0,36.0,7313,1,0,1,Pedestrian
69,583.0,2.0,657.0,36.0,7314,1,0,1,Pedestrian
69,583.0,2.0,657.0,36.0,7315,1,0,1,Pedestrian
69,583.0,2.0,657.0,36.0,7316,1,0,1,Pedestrian
69,583.0,2.0,657.0,36.0,7317,1,0,1,Pedestrian
69,583.0,2.0,657.0,36.0,7318,1,0,1,Pedestrian
69,583.0,2.0,657.0,36.0,7319,1,0,1,Pedestrian
69,583.0,2.0,657.0,36.0,7320,1,0,1,Pedestrian
69,583.0,2.0,657.0,36.0,7321,1,0,1,Pedestrian
69,583.0,2.0,657.0,36.0,7322,1,0,1,Pedestrian
69,583.0,2.0,657.0,36.0,7323,1,0,1,Pedestrian
69,583.0,2.0,657.0,36.0,7324,1,0,1,Pedestrian
69,583.0,2.0,657.0,36.0,7325,1,0,1,Pedestrian
69,583.0,2.0,657.0,36.0,7326,1,0,1,Pedestrian
69,583.0,2.0,657.0,36.0,7327,1,0,1,Pedestrian
69,583.0,2.0,657.0,36.0,7328,1,0,1,Pedestrian
69,583.0,2.0,657.0,36.0,7329,1,0,1,Pedestrian
69,583.0,2.0,657.0,36.0,7330,1,0,1,Pedestrian
69,583.0,2.0,657.0,36.0,7331,1,0,1,Pedestrian
69,583.0,2.0,657.0,36.0,7332,1,0,1,Pedestrian
69,583.0,2.0,657.0,36.0,7333,1,0,1,Pedestrian
69,583.0,2.0,657.0,36.0,7334,1,0,1,Pedestrian
69,583.0,2.0,657.0,36.0,7335,1,0,1,Pedestrian
69,583.0,2.0,657.0,36.0,7336,1,0,1,Pedestrian
69,583.0,2.0,657.0,36.0,7337,1,0,1,Pedestrian
69,583.0,2.0,657.0,36.0,7338,1,0,1,Pedestrian
69,583.0,2.0,657.0,36.0,7339,1,0,1,Pedestrian
69,583.0,2.0,657.0,36.0,7340,1,0,1,Pedestrian
69,583.0,2.0,657.0,36.0,7341,1,0,1,Pedestrian
69,583.0,2.0,657.0,36.0,7342,1,0,1,Pedestrian
69,583.0,2.0,657.0,36.0,7343,1,0,1,Pedestrian
69,583.0,2.0,657.0,36.0,7344,1,0,1,Pedestrian
69,583.0,2.0,657.0,36.0,7345,1,0,1,Pedestrian
69,583.0,2.0,657.0,36.0,7346,1,0,1,Pedestrian
69,583.0,2.0,657.0,36.0,7347,1,0,1,Pedestrian
69,583.0,2.0,657.0,36.0,7348,1,0,1,Pedestrian
69,583.0,2.0,657.0,36.0,7349,1,0,1,Pedestrian
69,583.0,2.0,657.0,36.0,7350,1,0,1,Pedestrian
69,583.0,2.0,657.0,36.0,7351,1,0,1,Pedestrian
69,583.0,2.0,657.0,36.0,7352,1,0,1,Pedestrian
69,583.0,2.0,657.0,36.0,7353,1,0,1,Pedestrian
69,583.0,2.0,657.0,36.0,7354,1,0,1,Pedestrian
69,583.0,2.0,657.0,36.0,7355,1,0,1,Pedestrian
69,583.0,2.0,657.0,36.0,7356,1,0,1,Pedestrian
69,583.0,2.0,657.0,36.0,7357,1,0,1,Pedestrian
69,583.0,2.0,657.0,36.0,7358,1,0,1,Pedestrian
69,583.0,2.0,657.0,36.0,7359,1,0,1,Pedestrian
69,583.0,2.0,657.0,36.0,7360,1,0,1,Pedestrian
69,583.0,2.0,657.0,36.0,7361,1,0,1,Pedestrian
69,583.0,2.0,657.0,36.0,7362,1,0,1,Pedestrian
69,583.0,2.0,657.0,36.0,7363,1,0,1,Pedestrian
69,583.0,2.0,657.0,36.0,7364,1,0,1,Pedestrian
69,583.0,2.0,657.0,36.0,7365,1,0,1,Pedestrian
69,583.0,2.0,657.0,36.0,7366,1,0,1,Pedestrian
69,583.0,2.0,657.0,36.0,7367,1,0,1,Pedestrian
69,583.0,2.0,657.0,36.0,7368,1,0,1,Pedestrian
69,583.0,2.0,657.0,36.0,7369,1,0,1,Pedestrian
69,583.0,2.0,657.0,36.0,7370,1,0,1,Pedestrian
69,583.0,2.0,657.0,36.0,7371,1,0,1,Pedestrian
69,583.0,2.0,657.0,36.0,7372,1,0,1,Pedestrian
69,583.0,2.0,657.0,36.0,7373,1,0,1,Pedestrian
69,583.0,2.0,657.0,36.0,7374,1,0,1,Pedestrian
69,583.0,2.0,657.0,36.0,7375,1,0,1,Pedestrian
69,583.0,2.0,657.0,36.0,7376,1,0,1,Pedestrian
69,583.0,2.0,657.0,36.0,7377,1,0,1,Pedestrian
69,583.0,2.0,657.0,36.0,7378,1,0,1,Pedestrian
69,583.0,2.0,657.0,36.0,7379,1,0,1,Pedestrian
69,583.0,2.0,657.0,36.0,7380,1,0,1,Pedestrian
69,583.0,2.0,657.0,36.0,7381,1,0,1,Pedestrian
69,583.0,2.0,657.0,36.0,7382,1,0,1,Pedestrian
69,583.0,2.0,657.0,36.0,7383,1,0,1,Pedestrian
69,583.0,2.0,657.0,36.0,7384,1,0,1,Pedestrian
69,583.0,2.0,657.0,36.0,7385,1,0,1,Pedestrian
69,583.0,2.0,657.0,36.0,7386,1,0,1,Pedestrian
69,583.0,2.0,657.0,36.0,7387,1,0,1,Pedestrian
69,583.0,2.0,657.0,36.0,7388,1,0,1,Pedestrian
69,583.0,2.0,657.0,36.0,7389,1,0,1,Pedestrian
69,583.0,2.0,657.0,36.0,7390,1,0,1,Pedestrian
69,583.0,2.0,657.0,36.0,7391,1,0,1,Pedestrian
69,583.0,2.0,657.0,36.0,7392,1,0,1,Pedestrian
69,583.0,2.0,657.0,36.0,7393,1,0,1,Pedestrian
69,583.0,2.0,657.0,36.0,7394,1,0,1,Pedestrian
69,583.0,2.0,657.0,36.0,7395,1,0,1,Pedestrian
69,583.0,2.0,657.0,36.0,7396,1,0,1,Pedestrian
69,583.0,2.0,657.0,36.0,7397,1,0,1,Pedestrian
69,583.0,2.0,657.0,36.0,7398,1,0,1,Pedestrian
69,583.0,2.0,657.0,36.0,7399,1,0,1,Pedestrian
69,583.0,2.0,657.0,36.0,7400,1,0,1,Pedestrian
69,583.0,2.0,657.0,36.0,7401,1,0,1,Pedestrian
69,583.0,2.0,657.0,36.0,7402,1,0,1,Pedestrian
69,583.0,2.0,657.0,36.0,7403,1,0,1,Pedestrian
69,583.0,2.0,657.0,36.0,7404,1,0,1,Pedestrian
69,583.0,2.0,657.0,36.0,7405,1,0,1,Pedestrian
69,583.0,2.0,657.0,36.0,7406,1,0,1,Pedestrian
69,583.0,2.0,657.0,36.0,7407,1,0,1,Pedestrian
69,583.0,2.0,657.0,36.0,7408,1,0,1,Pedestrian
69,583.0,2.0,657.0,36.0,7409,1,0,1,Pedestrian
69,583.0,2.0,657.0,36.0,7410,1,0,1,Pedestrian
69,583.0,2.0,657.0,36.0,7411,1,0,1,Pedestrian
69,583.0,2.0,657.0,36.0,7412,1,0,1,Pedestrian
69,583.0,2.0,657.0,36.0,7413,1,0,1,Pedestrian
69,583.0,2.0,657.0,36.0,7414,1,0,1,Pedestrian
69,583.0,2.0,657.0,36.0,7415,1,0,1,Pedestrian
69,583.0,2.0,657.0,36.0,7416,1,0,1,Pedestrian
69,583.0,2.0,657.0,36.0,7417,1,0,1,Pedestrian
69,583.0,2.0,657.0,36.0,7418,1,0,1,Pedestrian
69,583.0,2.0,657.0,36.0,7419,1,0,1,Pedestrian
69,583.0,2.0,657.0,36.0,7420,1,0,1,Pedestrian
69,583.0,2.0,657.0,36.0,7421,1,0,1,Pedestrian
69,583.0,2.0,657.0,36.0,7422,1,0,1,Pedestrian
69,583.0,2.0,657.0,36.0,7423,1,0,1,Pedestrian
69,583.0,2.0,657.0,36.0,7424,1,0,1,Pedestrian
69,583.0,2.0,657.0,36.0,7425,1,0,1,Pedestrian
69,583.0,2.0,657.0,36.0,7426,1,0,1,Pedestrian
69,583.0,2.0,657.0,36.0,7427,1,0,1,Pedestrian
69,583.0,2.0,657.0,36.0,7428,1,0,1,Pedestrian
69,583.0,2.0,657.0,36.0,7429,1,0,1,Pedestrian
69,583.0,2.0,657.0,36.0,7430,1,0,1,Pedestrian
69,583.0,2.0,657.0,36.0,7431,1,0,1,Pedestrian
69,583.0,2.0,657.0,36.0,7432,1,0,1,Pedestrian
69,583.0,2.0,657.0,36.0,7433,1,0,1,Pedestrian
69,583.0,2.0,657.0,36.0,7434,1,0,1,Pedestrian
69,583.0,2.0,657.0,36.0,7435,1,0,1,Pedestrian
69,583.0,2.0,657.0,36.0,7436,1,0,1,Pedestrian
69,583.0,2.0,657.0,36.0,7437,1,0,1,Pedestrian
69,583.0,2.0,657.0,36.0,7438,1,0,1,Pedestrian
69,583.0,2.0,657.0,36.0,7439,1,0,1,Pedestrian
69,583.0,2.0,657.0,36.0,7440,1,0,1,Pedestrian
69,583.0,2.0,657.0,36.0,7441,1,0,1,Pedestrian
69,583.0,2.0,657.0,36.0,7442,1,0,1,Pedestrian
69,583.0,2.0,657.0,36.0,7443,1,0,1,Pedestrian
69,583.0,2.0,657.0,36.0,7444,1,0,1,Pedestrian
69,583.0,2.0,657.0,36.0,7445,1,0,1,Pedestrian
69,583.0,2.0,657.0,36.0,7446,1,0,1,Pedestrian
69,583.0,2.0,657.0,36.0,7447,1,0,1,Pedestrian
69,583.0,2.0,657.0,36.0,7448,1,0,1,Pedestrian
69,583.0,2.0,657.0,36.0,7449,1,0,1,Pedestrian
69,583.0,2.0,657.0,36.0,7450,1,0,1,Pedestrian
69,583.0,2.0,657.0,36.0,7451,1,0,1,Pedestrian
69,583.0,2.0,657.0,36.0,7452,1,0,1,Pedestrian
69,583.0,2.0,657.0,36.0,7453,1,0,1,Pedestrian
69,583.0,2.0,657.0,36.0,7454,1,0,1,Pedestrian
69,583.0,2.0,657.0,36.0,7455,1,0,1,Pedestrian
69,583.0,2.0,657.0,36.0,7456,1,0,1,Pedestrian
69,583.0,2.0,657.0,36.0,7457,1,0,1,Pedestrian
69,583.0,2.0,657.0,36.0,7458,1,0,1,Pedestrian
69,583.0,2.0,657.0,36.0,7459,1,0,1,Pedestrian
69,583.0,2.0,657.0,36.0,7460,1,0,1,Pedestrian
69,583.0,2.0,657.0,36.0,7461,1,0,1,Pedestrian
69,583.0,2.0,657.0,36.0,7462,1,0,1,Pedestrian
69,583.0,2.0,657.0,36.0,7463,1,0,1,Pedestrian
69,583.0,2.0,657.0,36.0,7464,1,0,1,Pedestrian
69,583.0,2.0,657.0,36.0,7465,1,0,1,Pedestrian
69,583.0,2.0,657.0,36.0,7466,1,0,1,Pedestrian
69,583.0,2.0,657.0,36.0,7467,1,0,1,Pedestrian
69,583.0,2.0,657.0,36.0,7468,1,0,1,Pedestrian
69,583.0,2.0,657.0,36.0,7469,1,0,1,Pedestrian
69,583.0,2.0,657.0,36.0,7470,0,0,0,Pedestrian
69,580.0,2.0,654.0,36.0,7471,0,0,1,Pedestrian
69,580.0,2.0,654.0,36.0,7472,0,0,1,Pedestrian
69,577.0,4.0,651.0,38.0,7473,0,0,1,Pedestrian
69,577.0,4.0,651.0,38.0,7474,0,0,1,Pedestrian
69,577.0,6.0,651.0,40.0,7475,0,0,1,Pedestrian
69,574.0,6.0,649.0,40.0,7476,0,0,1,Pedestrian
69,574.0,9.0,649.0,43.0,7477,0,0,1,Pedestrian
69,572.0,9.0,646.0,43.0,7478,0,0,1,Pedestrian
69,572.0,11.0,646.0,45.0,7479,0,0,1,Pedestrian
69,572.0,11.0,646.0,45.0,7480,0,0,1,Pedestrian
69,569.0,13.0,643.0,47.0,7481,0,0,1,Pedestrian
69,569.0,13.0,643.0,47.0,7482,0,0,1,Pedestrian
69,566.0,15.0,640.0,50.0,7483,0,0,1,Pedestrian
69,566.0,15.0,640.0,50.0,7484,0,0,1,Pedestrian
69,566.0,18.0,640.0,52.0,7485,0,0,1,Pedestrian
69,563.0,18.0,638.0,52.0,7486,0,0,1,Pedestrian
69,563.0,18.0,638.0,52.0,7487,0,0,1,Pedestrian
69,561.0,20.0,635.0,54.0,7488,0,0,1,Pedestrian
69,561.0,20.0,635.0,54.0,7489,0,0,1,Pedestrian
69,561.0,22.0,635.0,56.0,7490,0,0,1,Pedestrian
69,558.0,22.0,632.0,56.0,7491,0,0,1,Pedestrian
69,558.0,25.0,632.0,59.0,7492,0,0,1,Pedestrian
69,555.0,25.0,629.0,59.0,7493,0,0,1,Pedestrian
69,555.0,27.0,629.0,61.0,7494,0,0,1,Pedestrian
69,555.0,27.0,629.0,61.0,7495,0,0,1,Pedestrian
69,552.0,29.0,627.0,63.0,7496,0,0,1,Pedestrian
69,552.0,29.0,627.0,63.0,7497,0,0,1,Pedestrian
69,550.0,31.0,624.0,66.0,7498,0,0,1,Pedestrian
69,550.0,31.0,624.0,66.0,7499,0,0,1,Pedestrian
69,550.0,34.0,624.0,68.0,7500,0,0,0,Pedestrian
69,547.0,34.0,621.0,68.0,7501,0,0,1,Pedestrian
69,547.0,36.0,621.0,70.0,7502,0,0,1,Pedestrian
69,547.0,36.0,618.0,70.0,7503,0,0,1,Pedestrian
69,544.0,38.0,618.0,72.0,7504,0,0,1,Pedestrian
69,544.0,38.0,618.0,75.0,7505,0,0,1,Pedestrian
69,544.0,40.0,616.0,75.0,7506,0,0,1,Pedestrian
69,541.0,43.0,616.0,77.0,7507,0,0,1,Pedestrian
69,541.0,43.0,616.0,77.0,7508,0,0,1,Pedestrian
69,541.0,45.0,613.0,79.0,7509,0,0,1,Pedestrian
69,539.0,45.0,613.0,81.0,7510,0,0,1,Pedestrian
69,539.0,47.0,613.0,81.0,7511,0,0,1,Pedestrian
69,539.0,47.0,610.0,84.0,7512,0,0,1,Pedestrian
69,536.0,50.0,610.0,84.0,7513,0,0,1,Pedestrian
69,536.0,52.0,610.0,86.0,7514,0,0,1,Pedestrian
69,536.0,52.0,607.0,88.0,7515,0,0,1,Pedestrian
69,533.0,54.0,607.0,88.0,7516,0,0,1,Pedestrian
69,533.0,54.0,607.0,91.0,7517,0,0,1,Pedestrian
69,533.0,56.0,605.0,91.0,7518,0,0,1,Pedestrian
69,533.0,56.0,605.0,93.0,7519,0,0,1,Pedestrian
69,530.0,59.0,605.0,95.0,7520,0,0,1,Pedestrian
69,530.0,61.0,602.0,95.0,7521,0,0,1,Pedestrian
69,530.0,61.0,602.0,97.0,7522,0,0,1,Pedestrian
69,528.0,63.0,602.0,97.0,7523,0,0,1,Pedestrian
69,528.0,63.0,599.0,100.0,7524,0,0,1,Pedestrian
69,528.0,66.0,599.0,102.0,7525,0,0,1,Pedestrian
69,525.0,66.0,599.0,102.0,7526,0,0,1,Pedestrian
69,525.0,68.0,596.0,104.0,7527,0,0,1,Pedestrian
69,525.0,70.0,596.0,107.0,7528,0,0,1,Pedestrian
69,522.0,70.0,596.0,107.0,7529,0,0,1,Pedestrian
69,522.0,72.0,594.0,109.0,7530,0,0,1,Pedestrian
69,522.0,72.0,594.0,109.0,7531,0,0,1,Pedestrian
69,519.0,75.0,594.0,111.0,7532,0,0,1,Pedestrian
69,519.0,77.0,591.0,113.0,7533,0,0,1,Pedestrian
69,519.0,77.0,591.0,113.0,7534,0,0,1,Pedestrian
69,519.0,79.0,588.0,116.0,7535,0,0,1,Pedestrian
69,517.0,79.0,588.0,116.0,7536,0,0,1,Pedestrian
69,517.0,81.0,588.0,118.0,7537,0,0,1,Pedestrian
69,517.0,81.0,585.0,120.0,7538,0,0,1,Pedestrian
69,514.0,84.0,585.0,120.0,7539,0,0,1,Pedestrian
69,514.0,86.0,585.0,122.0,7540,0,0,1,Pedestrian
69,514.0,86.0,583.0,122.0,7541,0,0,1,Pedestrian
69,511.0,88.0,583.0,125.0,7542,0,0,1,Pedestrian
69,511.0,88.0,583.0,127.0,7543,0,0,1,Pedestrian
69,511.0,91.0,580.0,127.0,7544,0,0,1,Pedestrian
69,508.0,91.0,580.0,129.0,7545,0,0,1,Pedestrian
69,508.0,93.0,580.0,129.0,7546,0,0,1,Pedestrian
69,508.0,95.0,577.0,132.0,7547,0,0,1,Pedestrian
69,506.0,95.0,577.0,134.0,7548,0,0,1,Pedestrian
69,506.0,97.0,577.0,134.0,7549,0,0,1,Pedestrian
69,506.0,97.0,574.0,136.0,7550,0,0,1,Pedestrian
69,506.0,100.0,574.0,136.0,7551,0,0,1,Pedestrian
69,503.0,100.0,574.0,138.0,7552,0,0,1,Pedestrian
69,503.0,102.0,572.0,141.0,7553,0,0,1,Pedestrian
69,503.0,104.0,572.0,141.0,7554,0,0,1,Pedestrian
69,500.0,104.0,572.0,143.0,7555,0,0,1,Pedestrian
69,500.0,107.0,569.0,145.0,7556,0,0,1,Pedestrian
69,500.0,107.0,569.0,145.0,7557,0,0,1,Pedestrian
69,497.0,109.0,569.0,148.0,7558,0,0,1,Pedestrian
69,497.0,111.0,566.0,148.0,7559,0,0,1,Pedestrian
69,497.0,111.0,566.0,150.0,7560,0,0,1,Pedestrian
69,495.0,113.0,566.0,152.0,7561,0,0,1,Pedestrian
69,495.0,113.0,563.0,152.0,7562,0,0,1,Pedestrian
69,495.0,116.0,563.0,154.0,7563,0,0,1,Pedestrian
69,492.0,116.0,563.0,154.0,7564,0,0,1,Pedestrian
69,492.0,118.0,561.0,157.0,7565,0,0,1,Pedestrian
69,492.0,120.0,561.0,159.0,7566,0,0,1,Pedestrian
69,492.0,120.0,558.0,159.0,7567,0,0,1,Pedestrian
69,489.0,122.0,558.0,161.0,7568,0,0,1,Pedestrian
69,489.0,122.0,558.0,161.0,7569,0,0,1,Pedestrian
69,489.0,125.0,555.0,163.0,7570,0,0,1,Pedestrian
69,486.0,125.0,555.0,166.0,7571,0,0,1,Pedestrian
69,486.0,127.0,555.0,166.0,7572,0,0,1,Pedestrian
69,486.0,129.0,552.0,168.0,7573,0,0,1,Pedestrian
69,484.0,129.0,552.0,168.0,7574,0,0,1,Pedestrian
69,484.0,132.0,552.0,170.0,7575,0,0,1,Pedestrian
69,484.0,132.0,550.0,173.0,7576,0,0,1,Pedestrian
69,481.0,134.0,550.0,173.0,7577,0,0,1,Pedestrian
69,481.0,134.0,550.0,175.0,7578,0,0,1,Pedestrian
69,481.0,136.0,547.0,175.0,7579,0,0,1,Pedestrian
69,478.0,138.0,547.0,177.0,7580,0,0,1,Pedestrian
69,478.0,138.0,547.0,179.0,7581,0,0,1,Pedestrian
69,478.0,141.0,544.0,179.0,7582,0,0,1,Pedestrian
69,478.0,141.0,544.0,182.0,7583,0,0,1,Pedestrian
69,475.0,143.0,544.0,184.0,7584,0,0,1,Pedestrian
69,475.0,145.0,541.0,184.0,7585,0,0,1,Pedestrian
69,475.0,145.0,541.0,186.0,7586,0,0,1,Pedestrian
69,473.0,148.0,541.0,186.0,7587,0,0,1,Pedestrian
69,473.0,148.0,539.0,188.0,7588,0,0,1,Pedestrian
69,473.0,150.0,539.0,191.0,7589,0,0,1,Pedestrian
69,470.0,150.0,539.0,191.0,7590,0,0,1,Pedestrian
69,470.0,152.0,536.0,193.0,7591,0,0,1,Pedestrian
69,470.0,154.0,536.0,193.0,7592,0,0,1,Pedestrian
69,467.0,154.0,536.0,195.0,7593,0,0,1,Pedestrian
69,467.0,157.0,533.0,198.0,7594,0,0,1,Pedestrian
69,467.0,157.0,533.0,198.0,7595,0,0,1,Pedestrian
69,464.0,159.0,533.0,200.0,7596,0,0,1,Pedestrian
69,464.0,159.0,530.0,200.0,7597,0,0,1,Pedestrian
69,464.0,161.0,530.0,202.0,7598,0,0,1,Pedestrian
69,464.0,163.0,528.0,204.0,7599,0,0,1,Pedestrian
69,462.0,163.0,528.0,204.0,7600,0,0,1,Pedestrian
69,462.0,166.0,528.0,207.0,7601,0,0,1,Pedestrian
69,462.0,166.0,525.0,207.0,7602,0,0,1,Pedestrian
69,459.0,168.0,525.0,209.0,7603,0,0,1,Pedestrian
69,459.0,168.0,525.0,211.0,7604,0,0,1,Pedestrian
69,459.0,170.0,522.0,211.0,7605,0,0,1,Pedestrian
69,456.0,173.0,522.0,214.0,7606,0,0,1,Pedestrian
69,456.0,173.0,522.0,214.0,7607,0,0,1,Pedestrian
69,456.0,175.0,519.0,216.0,7608,0,0,1,Pedestrian
69,453.0,175.0,519.0,218.0,7609,0,0,1,Pedestrian
69,453.0,177.0,519.0,218.0,7610,0,0,1,Pedestrian
69,453.0,179.0,517.0,220.0,7611,0,0,1,Pedestrian
69,451.0,179.0,517.0,223.0,7612,0,0,1,Pedestrian
69,451.0,182.0,517.0,223.0,7613,0,0,1,Pedestrian
69,451.0,182.0,514.0,225.0,7614,0,0,1,Pedestrian
69,451.0,184.0,514.0,225.0,7615,0,0,1,Pedestrian
69,448.0,184.0,514.0,227.0,7616,0,0,1,Pedestrian
69,448.0,186.0,511.0,229.0,7617,0,0,1,Pedestrian
69,448.0,188.0,511.0,229.0,7618,0,0,1,Pedestrian
69,445.0,188.0,511.0,232.0,7619,0,0,1,Pedestrian
69,445.0,191.0,508.0,232.0,7620,0,0,1,Pedestrian
69,445.0,191.0,508.0,234.0,7621,0,0,1,Pedestrian
69,442.0,193.0,508.0,236.0,7622,0,0,1,Pedestrian
69,442.0,193.0,506.0,236.0,7623,0,0,1,Pedestrian
69,442.0,195.0,506.0,239.0,7624,0,0,1,Pedestrian
69,440.0,198.0,506.0,239.0,7625,0,0,1,Pedestrian
69,440.0,198.0,503.0,241.0,7626,0,0,1,Pedestrian
69,440.0,200.0,503.0,243.0,7627,0,0,1,Pedestrian
69,437.0,200.0,503.0,243.0,7628,0,0,1,Pedestrian
69,437.0,202.0,500.0,245.0,7629,0,0,1,Pedestrian
69,437.0,202.0,500.0,245.0,7630,0,0,1,Pedestrian
69,437.0,204.0,497.0,248.0,7631,0,0,1,Pedestrian
69,434.0,207.0,497.0,250.0,7632,0,0,1,Pedestrian
69,434.0,207.0,497.0,250.0,7633,0,0,1,Pedestrian
69,434.0,209.0,495.0,252.0,7634,0,0,1,Pedestrian
69,431.0,209.0,495.0,252.0,7635,0,0,1,Pedestrian
69,431.0,211.0,495.0,255.0,7636,0,0,1,Pedestrian
69,431.0,214.0,492.0,257.0,7637,0,0,1,Pedestrian
69,429.0,214.0,492.0,257.0,7638,0,0,1,Pedestrian
69,429.0,216.0,492.0,259.0,7639,0,0,1,Pedestrian
69,429.0,216.0,489.0,261.0,7640,0,0,1,Pedestrian
69,426.0,218.0,489.0,261.0,7641,0,0,1,Pedestrian
69,426.0,218.0,489.0,264.0,7642,0,0,1,Pedestrian
69,426.0,220.0,486.0,264.0,7643,0,0,1,Pedestrian
69,423.0,223.0,486.0,266.0,7644,0,0,1,Pedestrian
69,423.0,223.0,486.0,268.0,7645,0,0,1,Pedestrian
69,423.0,225.0,484.0,268.0,7646,0,0,1,Pedestrian
69,423.0,225.0,484.0,270.0,7647,0,0,1,Pedestrian
69,420.0,227.0,484.0,270.0,7648,0,0,1,Pedestrian
69,420.0,227.0,481.0,273.0,7649,0,0,1,Pedestrian
69,420.0,229.0,481.0,275.0,7650,0,0,1,Pedestrian
69,418.0,232.0,481.0,275.0,7651,0,0,1,Pedestrian
69,418.0,232.0,478.0,277.0,7652,0,0,1,Pedestrian
69,418.0,234.0,478.0,277.0,7653,0,0,1,Pedestrian
69,415.0,234.0,478.0,280.0,7654,0,0,1,Pedestrian
69,415.0,236.0,475.0,282.0,7655,0,0,1,Pedestrian
69,415.0,236.0,475.0,282.0,7656,0,0,1,Pedestrian
69,412.0,239.0,475.0,284.0,7657,0,0,1,Pedestrian
69,412.0,241.0,473.0,284.0,7658,0,0,1,Pedestrian
69,412.0,241.0,473.0,286.0,7659,0,0,1,Pedestrian
69,409.0,243.0,473.0,289.0,7660,0,0,1,Pedestrian
69,409.0,243.0,470.0,289.0,7661,0,0,1,Pedestrian
69,409.0,245.0,470.0,291.0,7662,0,0,1,Pedestrian
69,409.0,248.0,470.0,293.0,7663,0,0,0,Pedestrian
69,407.0,248.0,467.0,293.0,7664,0,0,1,Pedestrian
69,407.0,250.0,467.0,296.0,7665,0,0,1,Pedestrian
69,407.0,252.0,467.0,298.0,7666,0,0,1,Pedestrian
69,407.0,252.0,467.0,298.0,7667,0,0,1,Pedestrian
69,404.0,255.0,464.0,300.0,7668,0,0,1,Pedestrian
69,404.0,257.0,464.0,302.0,7669,0,0,1,Pedestrian
69,404.0,257.0,464.0,302.0,7670,0,0,1,Pedestrian
69,404.0,259.0,464.0,305.0,7671,0,0,1,Pedestrian
69,401.0,261.0,462.0,307.0,7672,0,0,1,Pedestrian
69,401.0,261.0,462.0,307.0,7673,0,0,1,Pedestrian
69,401.0,264.0,462.0,309.0,7674,0,0,1,Pedestrian
69,401.0,266.0,462.0,311.0,7675,0,0,1,Pedestrian
69,398.0,266.0,459.0,311.0,7676,0,0,1,Pedestrian
69,398.0,268.0,459.0,314.0,7677,0,0,1,Pedestrian
69,398.0,270.0,459.0,316.0,7678,0,0,1,Pedestrian
69,398.0,270.0,459.0,316.0,7679,0,0,1,Pedestrian
69,396.0,273.0,456.0,318.0,7680,0,0,1,Pedestrian
69,396.0,275.0,456.0,321.0,7681,0,0,1,Pedestrian
69,396.0,275.0,456.0,321.0,7682,0,0,1,Pedestrian
69,396.0,277.0,456.0,323.0,7683,0,0,1,Pedestrian
69,393.0,280.0,453.0,325.0,7684,0,0,1,Pedestrian
69,393.0,280.0,453.0,325.0,7685,0,0,1,Pedestrian
69,393.0,282.0,453.0,327.0,7686,0,0,1,Pedestrian
69,393.0,284.0,453.0,330.0,7687,0,0,1,Pedestrian
69,390.0,284.0,451.0,330.0,7688,0,0,1,Pedestrian
69,390.0,286.0,451.0,332.0,7689,0,0,1,Pedestrian
69,390.0,289.0,451.0,334.0,7690,0,0,1,Pedestrian
69,390.0,289.0,451.0,334.0,7691,0,0,1,Pedestrian
69,390.0,291.0,451.0,337.0,7692,0,0,1,Pedestrian
69,387.0,293.0,448.0,339.0,7693,0,0,1,Pedestrian
69,387.0,293.0,448.0,339.0,7694,0,0,1,Pedestrian
69,387.0,296.0,448.0,341.0,7695,0,0,1,Pedestrian
69,387.0,298.0,448.0,343.0,7696,0,0,1,Pedestrian
69,385.0,298.0,445.0,343.0,7697,0,0,1,Pedestrian
69,385.0,300.0,445.0,346.0,7698,0,0,1,Pedestrian
69,385.0,302.0,445.0,348.0,7699,0,0,1,Pedestrian
69,385.0,302.0,445.0,348.0,7700,0,0,1,Pedestrian
69,382.0,305.0,442.0,350.0,7701,0,0,1,Pedestrian
69,382.0,307.0,442.0,352.0,7702,0,0,1,Pedestrian
69,382.0,307.0,442.0,352.0,7703,0,0,1,Pedestrian
69,382.0,309.0,442.0,355.0,7704,0,0,1,Pedestrian
69,379.0,311.0,440.0,357.0,7705,0,0,1,Pedestrian
69,379.0,311.0,440.0,357.0,7706,0,0,1,Pedestrian
69,379.0,314.0,440.0,359.0,7707,0,0,1,Pedestrian
69,379.0,316.0,440.0,362.0,7708,0,0,1,Pedestrian
69,376.0,316.0,437.0,362.0,7709,0,0,1,Pedestrian
69,376.0,318.0,437.0,364.0,7710,0,0,1,Pedestrian
69,376.0,321.0,437.0,366.0,7711,0,0,1,Pedestrian
69,376.0,321.0,437.0,366.0,7712,0,0,1,Pedestrian
69,374.0,323.0,434.0,368.0,7713,0,0,1,Pedestrian
69,374.0,325.0,434.0,371.0,7714,0,0,1,Pedestrian
69,374.0,325.0,434.0,371.0,7715,0,0,1,Pedestrian
69,374.0,327.0,434.0,373.0,7716,0,0,1,Pedestrian
69,371.0,330.0,431.0,375.0,7717,0,0,1,Pedestrian
69,371.0,330.0,431.0,375.0,7718,0,0,1,Pedestrian
69,371.0,332.0,431.0,377.0,7719,0,0,1,Pedestrian
69,371.0,334.0,431.0,380.0,7720,0,0,1,Pedestrian
69,371.0,334.0,431.0,380.0,7721,0,0,1,Pedestrian
69,368.0,337.0,429.0,382.0,7722,0,0,1,Pedestrian
69,368.0,339.0,429.0,384.0,7723,0,0,1,Pedestrian
69,368.0,339.0,429.0,384.0,7724,0,0,1,Pedestrian
69,368.0,341.0,429.0,387.0,7725,0,0,1,Pedestrian
69,365.0,343.0,426.0,389.0,7726,0,0,1,Pedestrian
69,365.0,343.0,426.0,389.0,7727,0,0,1,Pedestrian
69,365.0,346.0,426.0,391.0,7728,0,0,1,Pedestrian
69,365.0,348.0,426.0,393.0,7729,0,0,1,Pedestrian
69,363.0,348.0,423.0,393.0,7730,0,0,1,Pedestrian
69,363.0,350.0,423.0,396.0,7731,0,0,1,Pedestrian
69,363.0,352.0,423.0,398.0,7732,0,0,1,Pedestrian
69,363.0,352.0,423.0,398.0,7733,0,0,1,Pedestrian
69,360.0,355.0,420.0,400.0,7734,0,0,1,Pedestrian
69,360.0,357.0,420.0,403.0,7735,0,0,1,Pedestrian
69,360.0,357.0,420.0,403.0,7736,0,0,1,Pedestrian
69,360.0,359.0,420.0,405.0,7737,0,0,1,Pedestrian
69,357.0,362.0,418.0,407.0,7738,0,0,1,Pedestrian
69,357.0,362.0,418.0,407.0,7739,0,0,1,Pedestrian
69,357.0,364.0,418.0,409.0,7740,0,0,1,Pedestrian
69,357.0,366.0,418.0,412.0,7741,0,0,1,Pedestrian
69,354.0,366.0,415.0,412.0,7742,0,0,1,Pedestrian
69,354.0,368.0,415.0,414.0,7743,0,0,1,Pedestrian
69,354.0,371.0,415.0,416.0,7744,0,0,1,Pedestrian
69,354.0,371.0,415.0,416.0,7745,0,0,1,Pedestrian
69,352.0,373.0,412.0,418.0,7746,0,0,1,Pedestrian
69,352.0,375.0,412.0,421.0,7747,0,0,1,Pedestrian
69,352.0,375.0,412.0,421.0,7748,0,0,1,Pedestrian
69,352.0,377.0,412.0,423.0,7749,0,0,1,Pedestrian
69,352.0,380.0,412.0,425.0,7750,0,0,1,Pedestrian
69,349.0,380.0,409.0,425.0,7751,0,0,1,Pedestrian
69,349.0,382.0,409.0,428.0,7752,0,0,1,Pedestrian
69,349.0,384.0,409.0,430.0,7753,0,0,1,Pedestrian
69,349.0,384.0,409.0,430.0,7754,0,0,1,Pedestrian
69,346.0,387.0,407.0,432.0,7755,0,0,1,Pedestrian
69,346.0,389.0,407.0,434.0,7756,0,0,1,Pedestrian
69,346.0,389.0,407.0,434.0,7757,0,0,1,Pedestrian
69,346.0,391.0,407.0,437.0,7758,0,0,1,Pedestrian
69,343.0,393.0,404.0,439.0,7759,0,0,1,Pedestrian
69,343.0,393.0,404.0,439.0,7760,0,0,1,Pedestrian
69,343.0,396.0,404.0,441.0,7761,0,0,1,Pedestrian
69,343.0,398.0,404.0,444.0,7762,0,0,1,Pedestrian
69,341.0,398.0,401.0,444.0,7763,0,0,1,Pedestrian
69,341.0,400.0,401.0,446.0,7764,0,0,1,Pedestrian
69,341.0,403.0,401.0,448.0,7765,0,0,1,Pedestrian
69,341.0,403.0,401.0,448.0,7766,0,0,1,Pedestrian
69,338.0,405.0,398.0,450.0,7767,0,0,1,Pedestrian
69,338.0,407.0,398.0,453.0,7768,0,0,1,Pedestrian
69,338.0,407.0,398.0,453.0,7769,0,0,1,Pedestrian
69,338.0,409.0,398.0,455.0,7770,0,0,1,Pedestrian
69,335.0,412.0,396.0,457.0,7771,0,0,1,Pedestrian
69,335.0,412.0,396.0,457.0,7772,0,0,1,Pedestrian
69,335.0,414.0,396.0,459.0,7773,0,0,1,Pedestrian
69,335.0,416.0,396.0,462.0,7774,0,0,1,Pedestrian
69,332.0,416.0,393.0,462.0,7775,0,0,1,Pedestrian
69,332.0,418.0,393.0,464.0,7776,0,0,1,Pedestrian
69,332.0,421.0,393.0,466.0,7777,0,0,1,Pedestrian
69,332.0,421.0,393.0,466.0,7778,0,0,1,Pedestrian
69,332.0,423.0,393.0,469.0,7779,0,0,1,Pedestrian
69,330.0,425.0,390.0,471.0,7780,0,0,1,Pedestrian
69,330.0,425.0,390.0,471.0,7781,0,0,1,Pedestrian
69,330.0,428.0,390.0,473.0,7782,0,0,1,Pedestrian
69,330.0,430.0,390.0,475.0,7783,0,0,1,Pedestrian
69,327.0,430.0,387.0,475.0,7784,0,0,1,Pedestrian
69,327.0,432.0,387.0,478.0,7785,0,0,1,Pedestrian
69,327.0,434.0,387.0,480.0,7786,0,0,1,Pedestrian
69,327.0,434.0,387.0,480.0,7787,0,0,1,Pedestrian
69,324.0,437.0,385.0,482.0,7788,0,0,1,Pedestrian
69,324.0,439.0,385.0,485.0,7789,0,0,1,Pedestrian
69,324.0,439.0,385.0,485.0,7790,0,0,1,Pedestrian
69,324.0,441.0,385.0,487.0,7791,0,0,1,Pedestrian
69,321.0,444.0,382.0,489.0,7792,0,0,1,Pedestrian
69,321.0,444.0,382.0,489.0,7793,0,0,1,Pedestrian
69,321.0,446.0,382.0,491.0,7794,0,0,1,Pedestrian
69,321.0,448.0,382.0,494.0,7795,0,0,1,Pedestrian
69,319.0,448.0,379.0,494.0,7796,0,0,1,Pedestrian
69,319.0,450.0,379.0,496.0,7797,0,0,1,Pedestrian
69,319.0,453.0,379.0,498.0,7798,0,0,1,Pedestrian
69,319.0,453.0,379.0,498.0,7799,0,0,1,Pedestrian
69,316.0,455.0,376.0,500.0,7800,0,0,1,Pedestrian
69,316.0,457.0,376.0,503.0,7801,0,0,1,Pedestrian
69,316.0,457.0,376.0,503.0,7802,0,0,1,Pedestrian
69,316.0,459.0,376.0,505.0,7803,0,0,1,Pedestrian
69,313.0,462.0,374.0,507.0,7804,0,0,1,Pedestrian
69,313.0,462.0,374.0,507.0,7805,0,0,1,Pedestrian
69,313.0,464.0,374.0,510.0,7806,0,0,1,Pedestrian
69,313.0,466.0,374.0,512.0,7807,0,0,1,Pedestrian
69,313.0,466.0,374.0,512.0,7808,0,0,1,Pedestrian
69,310.0,469.0,371.0,514.0,7809,0,0,1,Pedestrian
69,310.0,471.0,371.0,516.0,7810,0,0,1,Pedestrian
69,310.0,471.0,371.0,516.0,7811,0,0,1,Pedestrian
69,310.0,473.0,371.0,519.0,7812,0,0,1,Pedestrian
69,308.0,475.0,368.0,521.0,7813,0,0,1,Pedestrian
69,308.0,475.0,368.0,521.0,7814,0,0,1,Pedestrian
69,308.0,478.0,368.0,523.0,7815,0,0,1,Pedestrian
69,308.0,480.0,368.0,526.0,7816,0,0,1,Pedestrian
69,305.0,480.0,365.0,526.0,7817,0,0,1,Pedestrian
69,305.0,482.0,365.0,528.0,7818,0,0,1,Pedestrian
69,305.0,485.0,365.0,530.0,7819,0,0,1,Pedestrian
69,305.0,485.0,365.0,530.0,7820,0,0,1,Pedestrian
69,302.0,487.0,363.0,532.0,7821,0,0,1,Pedestrian
69,302.0,489.0,363.0,535.0,7822,0,0,1,Pedestrian
69,302.0,489.0,363.0,535.0,7823,0,0,1,Pedestrian
69,302.0,491.0,363.0,537.0,7824,0,0,1,Pedestrian
69,299.0,494.0,360.0,539.0,7825,0,0,1,Pedestrian
69,299.0,494.0,360.0,539.0,7826,0,0,1,Pedestrian
69,299.0,496.0,360.0,541.0,7827,0,0,1,Pedestrian
69,299.0,498.0,360.0,544.0,7828,0,0,1,Pedestrian
69,297.0,498.0,357.0,544.0,7829,0,0,1,Pedestrian
69,297.0,500.0,357.0,546.0,7830,0,0,1,Pedestrian
69,297.0,503.0,357.0,548.0,7831,0,0,1,Pedestrian
69,297.0,503.0,357.0,548.0,7832,0,0,1,Pedestrian
69,294.0,505.0,354.0,551.0,7833,0,0,1,Pedestrian
69,294.0,507.0,354.0,553.0,7834,0,0,1,Pedestrian
69,294.0,507.0,354.0,553.0,7835,0,0,1,Pedestrian
69,294.0,510.0,354.0,555.0,7836,0,0,1,Pedestrian
69,294.0,512.0,354.0,557.0,7837,0,0,0,Pedestrian
69,291.0,512.0,352.0,557.0,7838,0,0,1,Pedestrian
69,288.0,512.0,349.0,557.0,7839,0,0,1,Pedestrian
69,288.0,514.0,349.0,560.0,7840,0,0,1,Pedestrian
69,286.0,514.0,346.0,560.0,7841,0,0,1,Pedestrian
69,286.0,514.0,346.0,560.0,7842,0,0,1,Pedestrian
69,283.0,516.0,343.0,562.0,7843,0,0,1,Pedestrian
69,283.0,516.0,343.0,562.0,7844,0,0,1,Pedestrian
69,280.0,516.0,341.0,562.0,7845,0,0,1,Pedestrian
69,280.0,519.0,341.0,564.0,7846,0,0,1,Pedestrian
69,277.0,519.0,338.0,564.0,7847,0,0,1,Pedestrian
69,277.0,521.0,338.0,566.0,7848,0,0,1,Pedestrian
69,275.0,521.0,335.0,566.0,7849,0,0,1,Pedestrian
69,275.0,521.0,335.0,566.0,7850,0,0,1,Pedestrian
69,272.0,523.0,332.0,569.0,7851,0,0,1,Pedestrian
69,272.0,523.0,332.0,569.0,7852,0,0,1,Pedestrian
69,269.0,523.0,330.0,569.0,7853,0,0,1,Pedestrian
69,269.0,526.0,330.0,571.0,7854,0,0,1,Pedestrian
69,266.0,526.0,327.0,571.0,7855,0,0,1,Pedestrian
69,266.0,528.0,327.0,573.0,7856,0,0,1,Pedestrian
69,264.0,528.0,324.0,573.0,7857,0,0,1,Pedestrian
69,264.0,528.0,324.0,573.0,7858,0,0,1,Pedestrian
69,261.0,530.0,321.0,576.0,7859,0,0,1,Pedestrian
69,261.0,530.0,321.0,576.0,7860,0,0,1,Pedestrian
69,258.0,530.0,319.0,576.0,7861,0,0,1,Pedestrian
69,258.0,532.0,319.0,578.0,7862,0,0,1,Pedestrian
69,255.0,532.0,316.0,578.0,7863,0,0,1,Pedestrian
69,255.0,535.0,316.0,580.0,7864,0,0,1,Pedestrian
69,253.0,535.0,313.0,580.0,7865,0,0,1,Pedestrian
69,253.0,535.0,313.0,580.0,7866,0,0,1,Pedestrian
69,250.0,537.0,310.0,582.0,7867,0,0,1,Pedestrian
69,250.0,537.0,310.0,582.0,7868,0,0,1,Pedestrian
69,247.0,537.0,308.0,582.0,7869,0,0,1,Pedestrian
69,247.0,539.0,308.0,585.0,7870,0,0,1,Pedestrian
69,244.0,539.0,305.0,585.0,7871,0,0,1,Pedestrian
69,244.0,541.0,305.0,587.0,7872,0,0,1,Pedestrian
69,242.0,541.0,302.0,587.0,7873,0,0,1,Pedestrian
69,242.0,541.0,302.0,587.0,7874,0,0,1,Pedestrian
69,239.0,544.0,299.0,589.0,7875,0,0,1,Pedestrian
69,239.0,544.0,299.0,589.0,7876,0,0,1,Pedestrian
69,236.0,544.0,297.0,589.0,7877,0,0,1,Pedestrian
69,236.0,546.0,297.0,592.0,7878,0,0,1,Pedestrian
69,233.0,546.0,294.0,592.0,7879,0,0,1,Pedestrian
69,233.0,548.0,294.0,594.0,7880,0,0,1,Pedestrian
69,231.0,548.0,291.0,594.0,7881,0,0,1,Pedestrian
69,231.0,548.0,291.0,594.0,7882,0,0,1,Pedestrian
69,228.0,551.0,288.0,596.0,7883,0,0,1,Pedestrian
69,228.0,551.0,288.0,596.0,7884,0,0,1,Pedestrian
69,225.0,551.0,286.0,596.0,7885,0,0,1,Pedestrian
69,225.0,553.0,286.0,598.0,7886,0,0,1,Pedestrian
69,222.0,553.0,283.0,598.0,7887,0,0,1,Pedestrian
69,222.0,555.0,283.0,601.0,7888,0,0,1,Pedestrian
69,220.0,555.0,280.0,601.0,7889,0,0,1,Pedestrian
69,220.0,555.0,280.0,601.0,7890,0,0,1,Pedestrian
69,217.0,557.0,277.0,603.0,7891,0,0,1,Pedestrian
69,217.0,557.0,277.0,603.0,7892,0,0,1,Pedestrian
69,214.0,557.0,275.0,603.0,7893,0,0,1,Pedestrian
69,214.0,560.0,275.0,605.0,7894,0,0,1,Pedestrian
69,211.0,560.0,272.0,605.0,7895,0,0,1,Pedestrian
69,211.0,562.0,272.0,607.0,7896,0,0,1,Pedestrian
69,209.0,562.0,269.0,607.0,7897,0,0,1,Pedestrian
69,209.0,562.0,269.0,607.0,7898,0,0,1,Pedestrian
69,206.0,564.0,266.0,610.0,7899,0,0,1,Pedestrian
69,206.0,564.0,266.0,610.0,7900,0,0,1,Pedestrian
69,203.0,564.0,264.0,610.0,7901,0,0,1,Pedestrian
69,203.0,566.0,264.0,612.0,7902,0,0,1,Pedestrian
69,200.0,566.0,261.0,612.0,7903,0,0,1,Pedestrian
69,200.0,569.0,261.0,614.0,7904,0,0,1,Pedestrian
69,198.0,569.0,258.0,614.0,7905,0,0,1,Pedestrian
69,198.0,569.0,258.0,614.0,7906,0,0,1,Pedestrian
69,195.0,571.0,255.0,617.0,7907,0,0,1,Pedestrian
69,195.0,571.0,255.0,617.0,7908,0,0,1,Pedestrian
69,192.0,571.0,253.0,617.0,7909,0,0,1,Pedestrian
69,192.0,573.0,253.0,619.0,7910,0,0,1,Pedestrian
69,189.0,573.0,250.0,619.0,7911,0,0,1,Pedestrian
69,189.0,576.0,250.0,621.0,7912,0,0,1,Pedestrian
69,187.0,576.0,247.0,621.0,7913,0,0,1,Pedestrian
69,187.0,576.0,247.0,621.0,7914,0,0,1,Pedestrian
69,184.0,578.0,244.0,623.0,7915,0,0,1,Pedestrian
69,184.0,578.0,244.0,623.0,7916,0,0,1,Pedestrian
69,181.0,578.0,242.0,623.0,7917,0,0,1,Pedestrian
69,181.0,580.0,242.0,626.0,7918,0,0,1,Pedestrian
69,178.0,580.0,239.0,626.0,7919,0,0,1,Pedestrian
69,178.0,582.0,239.0,628.0,7920,0,0,1,Pedestrian
69,176.0,582.0,236.0,628.0,7921,0,0,1,Pedestrian
69,176.0,582.0,236.0,628.0,7922,0,0,1,Pedestrian
69,173.0,585.0,233.0,630.0,7923,0,0,1,Pedestrian
69,173.0,585.0,233.0,630.0,7924,0,0,1,Pedestrian
69,170.0,585.0,231.0,630.0,7925,0,0,1,Pedestrian
69,170.0,587.0,231.0,633.0,7926,0,0,1,Pedestrian
69,167.0,587.0,228.0,633.0,7927,0,0,1,Pedestrian
69,167.0,589.0,228.0,635.0,7928,0,0,1,Pedestrian
69,165.0,589.0,225.0,635.0,7929,0,0,1,Pedestrian
69,165.0,589.0,225.0,635.0,7930,0,0,1,Pedestrian
69,162.0,592.0,222.0,637.0,7931,0,0,1,Pedestrian
69,162.0,592.0,222.0,637.0,7932,0,0,1,Pedestrian
69,159.0,592.0,220.0,637.0,7933,0,0,1,Pedestrian
69,159.0,594.0,220.0,639.0,7934,0,0,1,Pedestrian
69,156.0,594.0,217.0,639.0,7935,0,0,1,Pedestrian
69,156.0,596.0,217.0,642.0,7936,0,0,1,Pedestrian
69,154.0,596.0,214.0,642.0,7937,0,0,1,Pedestrian
69,154.0,596.0,214.0,642.0,7938,0,0,1,Pedestrian
69,151.0,598.0,211.0,644.0,7939,0,0,1,Pedestrian
69,151.0,598.0,211.0,644.0,7940,0,0,1,Pedestrian
69,148.0,598.0,209.0,644.0,7941,0,0,1,Pedestrian
69,148.0,601.0,209.0,646.0,7942,0,0,1,Pedestrian
69,145.0,601.0,206.0,646.0,7943,0,0,1,Pedestrian
69,145.0,603.0,206.0,648.0,7944,0,0,1,Pedestrian
69,143.0,603.0,203.0,648.0,7945,0,0,1,Pedestrian
69,143.0,603.0,203.0,648.0,7946,0,0,1,Pedestrian
69,140.0,605.0,200.0,651.0,7947,0,0,1,Pedestrian
69,140.0,605.0,200.0,651.0,7948,0,0,1,Pedestrian
69,137.0,605.0,198.0,651.0,7949,0,0,1,Pedestrian
69,137.0,607.0,198.0,653.0,7950,0,0,1,Pedestrian
69,134.0,607.0,195.0,653.0,7951,0,0,1,Pedestrian
69,134.0,610.0,195.0,655.0,7952,0,0,1,Pedestrian
69,132.0,610.0,192.0,655.0,7953,0,0,1,Pedestrian
69,132.0,610.0,192.0,655.0,7954,0,0,1,Pedestrian
69,129.0,612.0,189.0,658.0,7955,0,0,1,Pedestrian
69,129.0,612.0,189.0,658.0,7956,0,0,1,Pedestrian
69,126.0,612.0,187.0,658.0,7957,0,0,1,Pedestrian
69,126.0,614.0,187.0,660.0,7958,0,0,1,Pedestrian
69,123.0,614.0,184.0,660.0,7959,0,0,1,Pedestrian
69,123.0,617.0,184.0,662.0,7960,0,0,1,Pedestrian
69,121.0,617.0,181.0,662.0,7961,0,0,1,Pedestrian
69,121.0,617.0,181.0,662.0,7962,0,0,1,Pedestrian
69,118.0,619.0,178.0,664.0,7963,0,0,1,Pedestrian
69,118.0,619.0,178.0,664.0,7964,0,0,1,Pedestrian
69,115.0,619.0,176.0,664.0,7965,0,0,1,Pedestrian
69,115.0,621.0,176.0,667.0,7966,0,0,1,Pedestrian
69,112.0,621.0,173.0,667.0,7967,0,0,1,Pedestrian
69,112.0,623.0,173.0,669.0,7968,0,0,1,Pedestrian
69,110.0,623.0,170.0,669.0,7969,0,0,1,Pedestrian
69,110.0,623.0,170.0,669.0,7970,0,0,1,Pedestrian
69,107.0,626.0,167.0,671.0,7971,0,0,1,Pedestrian
69,107.0,626.0,167.0,671.0,7972,0,0,1,Pedestrian
69,104.0,626.0,165.0,671.0,7973,0,0,1,Pedestrian
69,104.0,628.0,165.0,674.0,7974,0,0,1,Pedestrian
69,101.0,628.0,162.0,674.0,7975,0,0,1,Pedestrian
69,101.0,630.0,162.0,676.0,7976,0,0,1,Pedestrian
69,99.0,630.0,159.0,676.0,7977,0,0,1,Pedestrian
69,99.0,630.0,159.0,676.0,7978,0,0,1,Pedestrian
69,96.0,633.0,156.0,678.0,7979,0,0,1,Pedestrian
69,96.0,633.0,156.0,678.0,7980,0,0,1,Pedestrian
69,93.0,633.0,154.0,678.0,7981,0,0,1,Pedestrian
69,93.0,635.0,154.0,680.0,7982,0,0,1,Pedestrian
69,90.0,635.0,151.0,680.0,7983,0,0,1,Pedestrian
69,90.0,637.0,151.0,683.0,7984,0,0,1,Pedestrian
69,88.0,637.0,148.0,683.0,7985,0,0,1,Pedestrian
69,88.0,637.0,148.0,683.0,7986,0,0,1,Pedestrian
69,85.0,639.0,145.0,685.0,7987,0,0,1,Pedestrian
69,85.0,639.0,145.0,685.0,7988,0,0,1,Pedestrian
69,82.0,639.0,143.0,685.0,7989,0,0,1,Pedestrian
69,82.0,642.0,143.0,687.0,7990,0,0,1,Pedestrian
69,79.0,642.0,140.0,687.0,7991,0,0,1,Pedestrian
69,79.0,644.0,140.0,689.0,7992,0,0,1,Pedestrian
69,77.0,644.0,137.0,689.0,7993,0,0,1,Pedestrian
69,77.0,644.0,137.0,689.0,7994,0,0,1,Pedestrian
69,74.0,646.0,134.0,692.0,7995,0,0,1,Pedestrian
69,74.0,646.0,134.0,692.0,7996,0,0,1,Pedestrian
69,71.0,646.0,132.0,692.0,7997,0,0,1,Pedestrian
69,71.0,648.0,132.0,694.0,7998,0,0,1,Pedestrian
69,68.0,648.0,129.0,694.0,7999,0,0,1,Pedestrian
69,68.0,651.0,129.0,696.0,8000,0,0,0,Pedestrian
69,66.0,651.0,126.0,699.0,8001,0,0,1,Pedestrian
69,63.0,653.0,123.0,701.0,8002,0,0,1,Pedestrian
69,63.0,655.0,123.0,705.0,8003,0,0,1,Pedestrian
69,60.0,658.0,121.0,708.0,8004,0,0,1,Pedestrian
69,60.0,660.0,121.0,712.0,8005,0,0,1,Pedestrian
69,57.0,662.0,118.0,715.0,8006,0,0,1,Pedestrian
69,55.0,662.0,115.0,717.0,8007,0,0,1,Pedestrian
69,55.0,664.0,115.0,721.0,8008,0,0,1,Pedestrian
69,52.0,667.0,112.0,724.0,8009,0,0,1,Pedestrian
69,52.0,669.0,112.0,728.0,8010,0,0,1,Pedestrian
69,49.0,671.0,110.0,730.0,8011,0,0,1,Pedestrian
69,49.0,674.0,110.0,735.0,8012,0,0,0,Pedestrian
69,46.0,674.0,107.0,735.0,8013,0,0,1,Pedestrian
69,46.0,674.0,107.0,735.0,8014,0,0,1,Pedestrian
69,46.0,674.0,107.0,735.0,8015,0,0,1,Pedestrian
69,44.0,674.0,104.0,735.0,8016,0,0,1,Pedestrian
69,44.0,674.0,104.0,735.0,8017,0,0,1,Pedestrian
69,44.0,674.0,104.0,735.0,8018,0,0,1,Pedestrian
69,41.0,674.0,101.0,735.0,8019,0,0,1,Pedestrian
69,41.0,676.0,101.0,737.0,8020,0,0,1,Pedestrian
69,41.0,676.0,101.0,737.0,8021,0,0,1,Pedestrian
69,38.0,676.0,99.0,737.0,8022,0,0,1,Pedestrian
69,38.0,676.0,99.0,737.0,8023,0,0,1,Pedestrian
69,38.0,676.0,99.0,737.0,8024,0,0,1,Pedestrian
69,35.0,676.0,96.0,737.0,8025,0,0,1,Pedestrian
69,35.0,676.0,96.0,737.0,8026,0,0,1,Pedestrian
69,35.0,676.0,96.0,737.0,8027,0,0,1,Pedestrian
69,35.0,678.0,96.0,740.0,8028,0,0,0,Pedestrian
69,30.0,678.0,90.0,740.0,8029,0,0,1,Pedestrian
69,27.0,678.0,88.0,740.0,8030,0,0,1,Pedestrian
69,24.0,678.0,85.0,740.0,8031,0,0,1,Pedestrian
69,22.0,680.0,82.0,742.0,8032,0,0,1,Pedestrian
69,19.0,680.0,79.0,742.0,8033,0,0,1,Pedestrian
69,16.0,680.0,77.0,742.0,8034,0,0,1,Pedestrian
69,13.0,680.0,74.0,742.0,8035,0,0,1,Pedestrian
69,11.0,683.0,71.0,744.0,8036,0,0,0,Pedestrian
69,8.0,680.0,68.0,742.0,8037,0,0,1,Pedestrian
69,8.0,680.0,66.0,742.0,8038,0,0,1,Pedestrian
69,8.0,680.0,63.0,742.0,8039,0,0,1,Pedestrian
69,5.0,680.0,63.0,740.0,8040,0,0,1,Pedestrian
69,5.0,678.0,60.0,740.0,8041,0,0,1,Pedestrian
69,5.0,678.0,57.0,740.0,8042,0,0,1,Pedestrian
69,2.0,678.0,55.0,737.0,8043,0,0,1,Pedestrian
69,2.0,678.0,55.0,737.0,8044,0,0,1,Pedestrian
69,2.0,676.0,52.0,737.0,8045,0,0,1,Pedestrian
69,0.0,676.0,49.0,735.0,8046,0,0,1,Pedestrian
69,0.0,676.0,46.0,735.0,8047,0,0,1,Pedestrian
69,0.0,676.0,46.0,735.0,8048,0,0,0,Pedestrian
69,0.0,676.0,46.0,735.0,8049,0,0,1,Pedestrian
69,0.0,676.0,46.0,735.0,8050,0,0,1,Pedestrian
69,0.0,676.0,46.0,735.0,8051,0,0,1,Pedestrian
69,0.0,676.0,46.0,735.0,8052,0,0,1,Pedestrian
69,0.0,676.0,46.0,735.0,8053,0,0,1,Pedestrian
69,0.0,676.0,46.0,735.0,8054,0,0,1,Pedestrian
69,0.0,676.0,46.0,735.0,8055,0,0,0,Pedestrian
69,0.0,676.0,46.0,735.0,8056,0,0,1,Pedestrian
69,0.0,676.0,46.0,735.0,8057,0,0,1,Pedestrian
69,0.0,676.0,46.0,735.0,8058,0,0,1,Pedestrian
69,0.0,676.0,46.0,735.0,8059,0,0,1,Pedestrian
69,0.0,676.0,46.0,735.0,8060,0,0,1,Pedestrian
69,0.0,676.0,46.0,735.0,8061,0,0,1,Pedestrian
69,0.0,676.0,46.0,735.0,8062,0,0,1,Pedestrian
69,0.0,676.0,46.0,735.0,8063,0,0,1,Pedestrian
69,0.0,676.0,46.0,735.0,8064,0,0,1,Pedestrian
69,0.0,676.0,46.0,735.0,8065,0,0,0,Pedestrian
69,0.0,676.0,44.0,735.0,8066,0,0,1,Pedestrian
69,0.0,678.0,44.0,737.0,8067,0,0,1,Pedestrian
69,0.0,678.0,41.0,737.0,8068,0,0,1,Pedestrian
69,0.0,680.0,41.0,740.0,8069,0,0,1,Pedestrian
69,0.0,683.0,41.0,742.0,8070,0,0,1,Pedestrian
69,0.0,683.0,38.0,742.0,8071,0,0,1,Pedestrian
69,0.0,685.0,38.0,744.0,8072,0,0,1,Pedestrian
69,0.0,685.0,35.0,744.0,8073,0,0,1,Pedestrian
69,0.0,687.0,35.0,746.0,8074,0,0,1,Pedestrian
69,0.0,689.0,35.0,749.0,8075,1,0,0,Pedestrian
69,0.0,687.0,35.0,746.0,8076,1,0,1,Pedestrian
69,0.0,687.0,35.0,746.0,8077,1,0,1,Pedestrian
69,0.0,687.0,35.0,746.0,8078,1,0,1,Pedestrian
69,0.0,687.0,35.0,746.0,8079,1,0,1,Pedestrian
69,0.0,687.0,35.0,746.0,8080,1,0,1,Pedestrian
69,0.0,687.0,35.0,746.0,8081,1,0,1,Pedestrian
69,0.0,687.0,35.0,746.0,8082,1,0,1,Pedestrian
69,0.0,687.0,35.0,746.0,8083,1,0,1,Pedestrian
69,0.0,687.0,35.0,746.0,8084,1,0,1,Pedestrian
69,0.0,687.0,35.0,746.0,8085,1,0,1,Pedestrian
69,0.0,687.0,35.0,746.0,8086,1,0,1,Pedestrian
69,0.0,687.0,35.0,746.0,8087,1,0,1,Pedestrian
69,0.0,687.0,35.0,746.0,8088,1,0,1,Pedestrian
69,0.0,687.0,35.0,746.0,8089,1,0,1,Pedestrian
69,0.0,687.0,35.0,746.0,8090,1,0,1,Pedestrian
69,0.0,687.0,35.0,746.0,8091,1,0,1,Pedestrian
69,0.0,687.0,35.0,746.0,8092,1,0,1,Pedestrian
69,0.0,687.0,35.0,746.0,8093,1,0,1,Pedestrian
69,0.0,687.0,35.0,746.0,8094,1,0,1,Pedestrian
69,0.0,687.0,35.0,746.0,8095,1,0,1,Pedestrian
69,0.0,687.0,35.0,746.0,8096,1,0,1,Pedestrian
69,0.0,687.0,35.0,746.0,8097,1,0,1,Pedestrian
69,0.0,687.0,35.0,746.0,8098,1,0,1,Pedestrian
69,0.0,687.0,35.0,746.0,8099,1,0,1,Pedestrian
69,0.0,687.0,35.0,746.0,8100,1,0,1,Pedestrian
69,0.0,687.0,35.0,746.0,8101,1,0,1,Pedestrian
69,0.0,687.0,35.0,746.0,8102,1,0,1,Pedestrian
69,0.0,687.0,35.0,746.0,8103,1,0,1,Pedestrian
69,0.0,687.0,35.0,746.0,8104,1,0,1,Pedestrian
69,0.0,687.0,35.0,746.0,8105,1,0,1,Pedestrian
69,0.0,687.0,35.0,746.0,8106,1,0,1,Pedestrian
69,0.0,687.0,35.0,746.0,8107,1,0,1,Pedestrian
69,0.0,687.0,35.0,746.0,8108,1,0,1,Pedestrian
69,0.0,687.0,35.0,746.0,8109,1,0,1,Pedestrian
69,0.0,687.0,35.0,746.0,8110,1,0,1,Pedestrian
69,0.0,687.0,35.0,746.0,8111,1,0,1,Pedestrian
69,0.0,687.0,35.0,746.0,8112,1,0,1,Pedestrian
69,0.0,687.0,35.0,746.0,8113,1,0,1,Pedestrian
69,0.0,687.0,35.0,746.0,8114,1,0,1,Pedestrian
69,0.0,687.0,35.0,746.0,8115,1,0,1,Pedestrian
69,0.0,687.0,35.0,746.0,8116,1,0,1,Pedestrian
69,0.0,687.0,35.0,746.0,8117,1,0,1,Pedestrian
69,0.0,687.0,35.0,746.0,8118,1,0,1,Pedestrian
69,0.0,687.0,35.0,746.0,8119,1,0,1,Pedestrian
69,0.0,687.0,35.0,746.0,8120,1,0,1,Pedestrian
69,0.0,687.0,35.0,746.0,8121,1,0,1,Pedestrian
69,0.0,687.0,35.0,746.0,8122,1,0,1,Pedestrian
69,0.0,687.0,35.0,746.0,8123,1,0,1,Pedestrian
69,0.0,687.0,35.0,746.0,8124,1,0,1,Pedestrian
69,0.0,687.0,35.0,746.0,8125,1,0,1,Pedestrian
69,0.0,687.0,35.0,746.0,8126,1,0,1,Pedestrian
69,0.0,687.0,35.0,746.0,8127,1,0,1,Pedestrian
69,0.0,687.0,35.0,746.0,8128,1,0,1,Pedestrian
69,0.0,687.0,35.0,746.0,8129,1,0,1,Pedestrian
69,0.0,687.0,35.0,746.0,8130,1,0,1,Pedestrian
69,0.0,687.0,35.0,746.0,8131,1,0,1,Pedestrian
69,0.0,687.0,35.0,746.0,8132,1,0,1,Pedestrian
69,0.0,687.0,35.0,746.0,8133,1,0,1,Pedestrian
69,0.0,687.0,35.0,746.0,8134,1,0,1,Pedestrian
69,0.0,687.0,35.0,746.0,8135,1,0,1,Pedestrian
69,0.0,687.0,35.0,746.0,8136,1,0,1,Pedestrian
69,0.0,687.0,35.0,746.0,8137,1,0,1,Pedestrian
69,0.0,687.0,35.0,746.0,8138,1,0,1,Pedestrian
69,0.0,687.0,35.0,746.0,8139,1,0,1,Pedestrian
69,0.0,687.0,35.0,746.0,8140,1,0,1,Pedestrian
69,0.0,687.0,35.0,746.0,8141,1,0,1,Pedestrian
69,0.0,687.0,35.0,746.0,8142,1,0,1,Pedestrian
69,0.0,687.0,35.0,746.0,8143,1,0,1,Pedestrian
69,0.0,687.0,35.0,746.0,8144,1,0,1,Pedestrian
69,0.0,687.0,35.0,746.0,8145,1,0,1,Pedestrian
69,0.0,687.0,35.0,746.0,8146,1,0,1,Pedestrian
69,0.0,687.0,35.0,746.0,8147,1,0,1,Pedestrian
69,0.0,687.0,35.0,746.0,8148,1,0,1,Pedestrian
69,0.0,687.0,35.0,746.0,8149,1,0,1,Pedestrian
69,0.0,687.0,35.0,746.0,8150,1,0,1,Pedestrian
69,0.0,687.0,35.0,746.0,8151,1,0,1,Pedestrian
69,0.0,685.0,35.0,744.0,8152,1,0,1,Pedestrian
69,0.0,685.0,35.0,744.0,8153,1,0,1,Pedestrian
69,0.0,685.0,35.0,744.0,8154,1,0,1,Pedestrian
69,0.0,685.0,35.0,744.0,8155,1,0,1,Pedestrian
69,0.0,685.0,35.0,744.0,8156,1,0,1,Pedestrian
69,0.0,685.0,35.0,744.0,8157,1,0,1,Pedestrian
69,0.0,685.0,35.0,744.0,8158,1,0,1,Pedestrian
69,0.0,685.0,35.0,744.0,8159,1,0,1,Pedestrian
69,0.0,685.0,35.0,744.0,8160,1,0,1,Pedestrian
69,0.0,685.0,35.0,744.0,8161,1,0,1,Pedestrian
69,0.0,685.0,35.0,744.0,8162,1,0,1,Pedestrian
69,0.0,685.0,35.0,744.0,8163,1,0,1,Pedestrian
69,0.0,685.0,35.0,744.0,8164,1,0,1,Pedestrian
69,0.0,685.0,35.0,744.0,8165,1,0,1,Pedestrian
69,0.0,685.0,35.0,744.0,8166,1,0,1,Pedestrian
69,0.0,685.0,35.0,744.0,8167,1,0,1,Pedestrian
69,0.0,685.0,35.0,744.0,8168,1,0,1,Pedestrian
69,0.0,685.0,35.0,744.0,8169,1,0,1,Pedestrian
69,0.0,685.0,35.0,744.0,8170,1,0,1,Pedestrian
69,0.0,685.0,35.0,744.0,8171,1,0,1,Pedestrian
69,0.0,685.0,35.0,744.0,8172,1,0,1,Pedestrian
69,0.0,685.0,35.0,744.0,8173,1,0,1,Pedestrian
69,0.0,685.0,35.0,744.0,8174,1,0,1,Pedestrian
69,0.0,685.0,35.0,744.0,8175,1,0,1,Pedestrian
69,0.0,685.0,35.0,744.0,8176,1,0,1,Pedestrian
69,0.0,685.0,35.0,744.0,8177,1,0,1,Pedestrian
69,0.0,685.0,35.0,744.0,8178,1,0,1,Pedestrian
69,0.0,685.0,35.0,744.0,8179,1,0,1,Pedestrian
69,0.0,685.0,35.0,744.0,8180,1,0,1,Pedestrian
69,0.0,685.0,35.0,744.0,8181,1,0,1,Pedestrian
69,0.0,685.0,35.0,744.0,8182,1,0,1,Pedestrian
69,0.0,685.0,35.0,744.0,8183,1,0,1,Pedestrian
69,0.0,685.0,35.0,744.0,8184,1,0,1,Pedestrian
69,0.0,685.0,35.0,744.0,8185,1,0,1,Pedestrian
69,0.0,685.0,35.0,744.0,8186,1,0,1,Pedestrian
69,0.0,685.0,35.0,744.0,8187,1,0,1,Pedestrian
69,0.0,685.0,35.0,744.0,8188,1,0,1,Pedestrian
69,0.0,685.0,38.0,744.0,8189,1,0,1,Pedestrian
69,0.0,685.0,38.0,744.0,8190,1,0,1,Pedestrian
69,0.0,685.0,38.0,744.0,8191,1,0,1,Pedestrian
69,0.0,685.0,38.0,744.0,8192,1,0,1,Pedestrian
69,0.0,685.0,38.0,744.0,8193,1,0,1,Pedestrian
69,0.0,685.0,38.0,744.0,8194,1,0,1,Pedestrian
69,0.0,685.0,38.0,744.0,8195,1,0,1,Pedestrian
69,0.0,685.0,38.0,744.0,8196,1,0,1,Pedestrian
69,0.0,685.0,38.0,744.0,8197,1,0,1,Pedestrian
69,0.0,685.0,38.0,744.0,8198,1,0,1,Pedestrian
69,0.0,685.0,38.0,744.0,8199,1,0,1,Pedestrian
69,0.0,685.0,38.0,744.0,8200,1,0,1,Pedestrian
69,0.0,685.0,38.0,744.0,8201,1,0,1,Pedestrian
69,0.0,685.0,38.0,744.0,8202,1,0,1,Pedestrian
69,0.0,685.0,38.0,744.0,8203,1,0,1,Pedestrian
69,0.0,685.0,38.0,744.0,8204,1,0,1,Pedestrian
69,0.0,685.0,38.0,744.0,8205,1,0,1,Pedestrian
69,0.0,685.0,38.0,744.0,8206,1,0,1,Pedestrian
69,0.0,685.0,38.0,744.0,8207,1,0,1,Pedestrian
69,0.0,685.0,38.0,744.0,8208,1,0,1,Pedestrian
69,0.0,685.0,38.0,744.0,8209,1,0,1,Pedestrian
69,0.0,685.0,38.0,744.0,8210,1,0,1,Pedestrian
69,0.0,685.0,38.0,744.0,8211,1,0,1,Pedestrian
69,0.0,685.0,38.0,744.0,8212,1,0,1,Pedestrian
69,0.0,685.0,38.0,744.0,8213,1,0,1,Pedestrian
69,0.0,685.0,38.0,744.0,8214,1,0,1,Pedestrian
69,0.0,685.0,38.0,744.0,8215,1,0,1,Pedestrian
69,0.0,685.0,38.0,744.0,8216,1,0,1,Pedestrian
69,0.0,685.0,38.0,744.0,8217,1,0,1,Pedestrian
69,0.0,685.0,38.0,744.0,8218,1,0,1,Pedestrian
69,0.0,685.0,38.0,744.0,8219,1,0,1,Pedestrian
69,0.0,685.0,38.0,744.0,8220,1,0,1,Pedestrian
69,0.0,685.0,38.0,744.0,8221,1,0,1,Pedestrian
69,0.0,685.0,38.0,744.0,8222,1,0,1,Pedestrian
69,0.0,685.0,38.0,744.0,8223,1,0,1,Pedestrian
69,0.0,685.0,38.0,744.0,8224,1,0,1,Pedestrian
69,0.0,685.0,38.0,744.0,8225,1,0,1,Pedestrian
69,0.0,685.0,38.0,744.0,8226,1,0,1,Pedestrian
69,0.0,685.0,38.0,744.0,8227,1,0,1,Pedestrian
69,0.0,683.0,38.0,742.0,8228,1,0,1,Pedestrian
69,0.0,683.0,38.0,742.0,8229,1,0,1,Pedestrian
69,0.0,683.0,38.0,742.0,8230,1,0,1,Pedestrian
69,0.0,683.0,38.0,742.0,8231,1,0,1,Pedestrian
69,0.0,683.0,38.0,742.0,8232,1,0,1,Pedestrian
69,0.0,683.0,38.0,742.0,8233,1,0,1,Pedestrian
69,0.0,683.0,38.0,742.0,8234,1,0,1,Pedestrian
69,0.0,683.0,38.0,742.0,8235,1,0,1,Pedestrian
69,0.0,683.0,38.0,742.0,8236,1,0,1,Pedestrian
69,0.0,683.0,38.0,742.0,8237,1,0,1,Pedestrian
69,0.0,683.0,38.0,742.0,8238,1,0,1,Pedestrian
69,0.0,683.0,38.0,742.0,8239,1,0,1,Pedestrian
69,0.0,683.0,38.0,742.0,8240,1,0,1,Pedestrian
69,0.0,683.0,38.0,742.0,8241,1,0,1,Pedestrian
69,0.0,683.0,38.0,742.0,8242,1,0,1,Pedestrian
69,0.0,683.0,38.0,742.0,8243,1,0,1,Pedestrian
69,0.0,683.0,38.0,742.0,8244,1,0,1,Pedestrian
69,0.0,683.0,38.0,742.0,8245,1,0,1,Pedestrian
69,0.0,683.0,38.0,742.0,8246,1,0,1,Pedestrian
69,0.0,683.0,38.0,742.0,8247,1,0,1,Pedestrian
69,0.0,683.0,38.0,742.0,8248,1,0,1,Pedestrian
69,0.0,683.0,38.0,742.0,8249,1,0,1,Pedestrian
69,0.0,683.0,38.0,742.0,8250,1,0,1,Pedestrian
69,0.0,683.0,38.0,742.0,8251,1,0,1,Pedestrian
69,0.0,683.0,38.0,742.0,8252,1,0,1,Pedestrian
69,0.0,683.0,38.0,742.0,8253,1,0,1,Pedestrian
69,0.0,683.0,38.0,742.0,8254,1,0,1,Pedestrian
69,0.0,683.0,38.0,742.0,8255,1,0,1,Pedestrian
69,0.0,683.0,38.0,742.0,8256,1,0,1,Pedestrian
69,0.0,683.0,38.0,742.0,8257,1,0,1,Pedestrian
69,0.0,683.0,38.0,742.0,8258,1,0,1,Pedestrian
69,0.0,683.0,38.0,742.0,8259,1,0,1,Pedestrian
69,0.0,683.0,38.0,742.0,8260,1,0,1,Pedestrian
69,0.0,683.0,38.0,742.0,8261,1,0,1,Pedestrian
69,0.0,683.0,38.0,742.0,8262,1,0,1,Pedestrian
69,0.0,683.0,38.0,742.0,8263,1,0,1,Pedestrian
69,0.0,683.0,38.0,742.0,8264,1,0,1,Pedestrian
69,0.0,683.0,38.0,742.0,8265,1,0,1,Pedestrian
69,0.0,683.0,38.0,742.0,8266,1,0,1,Pedestrian
69,0.0,683.0,38.0,742.0,8267,1,0,1,Pedestrian
69,0.0,683.0,38.0,742.0,8268,1,0,1,Pedestrian
69,0.0,683.0,38.0,742.0,8269,1,0,1,Pedestrian
69,0.0,683.0,38.0,742.0,8270,1,0,1,Pedestrian
69,0.0,683.0,38.0,742.0,8271,1,0,1,Pedestrian
69,0.0,683.0,38.0,742.0,8272,1,0,1,Pedestrian
69,0.0,683.0,38.0,742.0,8273,1,0,1,Pedestrian
69,0.0,683.0,38.0,742.0,8274,1,0,1,Pedestrian
69,0.0,683.0,38.0,742.0,8275,1,0,1,Pedestrian
69,0.0,683.0,38.0,742.0,8276,1,0,1,Pedestrian
69,0.0,683.0,38.0,742.0,8277,1,0,1,Pedestrian
69,0.0,683.0,38.0,742.0,8278,1,0,1,Pedestrian
69,0.0,683.0,38.0,742.0,8279,1,0,1,Pedestrian
69,0.0,683.0,38.0,742.0,8280,1,0,1,Pedestrian
69,0.0,683.0,38.0,742.0,8281,1,0,1,Pedestrian
69,0.0,683.0,38.0,742.0,8282,1,0,1,Pedestrian
69,0.0,683.0,38.0,742.0,8283,1,0,1,Pedestrian
69,0.0,683.0,38.0,742.0,8284,1,0,1,Pedestrian
69,0.0,683.0,38.0,742.0,8285,1,0,1,Pedestrian
69,0.0,683.0,38.0,742.0,8286,1,0,1,Pedestrian
69,0.0,683.0,38.0,742.0,8287,1,0,1,Pedestrian
69,0.0,683.0,38.0,742.0,8288,1,0,1,Pedestrian
69,0.0,683.0,38.0,742.0,8289,1,0,1,Pedestrian
69,0.0,683.0,38.0,742.0,8290,1,0,1,Pedestrian
69,0.0,683.0,38.0,742.0,8291,1,0,1,Pedestrian
69,0.0,683.0,38.0,742.0,8292,1,0,1,Pedestrian
69,0.0,683.0,38.0,742.0,8293,1,0,1,Pedestrian
69,0.0,683.0,38.0,742.0,8294,1,0,1,Pedestrian
69,0.0,683.0,38.0,742.0,8295,1,0,1,Pedestrian
69,0.0,683.0,38.0,742.0,8296,1,0,1,Pedestrian
69,0.0,683.0,38.0,742.0,8297,1,0,1,Pedestrian
69,0.0,683.0,38.0,742.0,8298,1,0,1,Pedestrian
69,0.0,683.0,38.0,742.0,8299,1,0,1,Pedestrian
69,0.0,683.0,38.0,742.0,8300,1,0,1,Pedestrian
69,0.0,683.0,38.0,742.0,8301,1,0,1,Pedestrian
69,0.0,683.0,38.0,742.0,8302,1,0,1,Pedestrian
69,0.0,683.0,41.0,742.0,8303,1,0,1,Pedestrian
69,0.0,680.0,41.0,740.0,8304,1,0,1,Pedestrian
69,0.0,680.0,41.0,740.0,8305,1,0,1,Pedestrian
69,0.0,680.0,41.0,740.0,8306,1,0,1,Pedestrian
69,0.0,680.0,41.0,740.0,8307,1,0,1,Pedestrian
69,0.0,680.0,41.0,740.0,8308,1,0,1,Pedestrian
69,0.0,680.0,41.0,740.0,8309,1,0,1,Pedestrian
69,0.0,680.0,41.0,740.0,8310,1,0,1,Pedestrian
69,0.0,680.0,41.0,740.0,8311,1,0,1,Pedestrian
69,0.0,680.0,41.0,740.0,8312,1,0,1,Pedestrian
69,0.0,680.0,41.0,740.0,8313,1,0,1,Pedestrian
69,0.0,680.0,41.0,740.0,8314,1,0,1,Pedestrian
69,0.0,680.0,41.0,740.0,8315,1,0,1,Pedestrian
69,0.0,680.0,41.0,740.0,8316,1,0,1,Pedestrian
69,0.0,680.0,41.0,740.0,8317,1,0,1,Pedestrian
69,0.0,680.0,41.0,740.0,8318,1,0,1,Pedestrian
69,0.0,680.0,41.0,740.0,8319,1,0,1,Pedestrian
69,0.0,680.0,41.0,740.0,8320,1,0,1,Pedestrian
69,0.0,680.0,41.0,740.0,8321,1,0,1,Pedestrian
69,0.0,680.0,41.0,740.0,8322,1,0,1,Pedestrian
69,0.0,680.0,41.0,740.0,8323,1,0,1,Pedestrian
69,0.0,680.0,41.0,740.0,8324,1,0,1,Pedestrian
69,0.0,680.0,41.0,740.0,8325,1,0,1,Pedestrian
69,0.0,680.0,41.0,740.0,8326,1,0,1,Pedestrian
69,0.0,680.0,41.0,740.0,8327,1,0,1,Pedestrian
69,0.0,680.0,41.0,740.0,8328,1,0,1,Pedestrian
69,0.0,680.0,41.0,740.0,8329,1,0,1,Pedestrian
69,0.0,680.0,41.0,740.0,8330,1,0,1,Pedestrian
69,0.0,680.0,41.0,740.0,8331,1,0,1,Pedestrian
69,0.0,680.0,41.0,740.0,8332,1,0,1,Pedestrian
69,0.0,680.0,41.0,740.0,8333,1,0,1,Pedestrian
69,0.0,680.0,41.0,740.0,8334,1,0,1,Pedestrian
69,0.0,680.0,41.0,740.0,8335,1,0,1,Pedestrian
69,0.0,680.0,41.0,740.0,8336,1,0,1,Pedestrian
69,0.0,680.0,41.0,740.0,8337,1,0,1,Pedestrian
69,0.0,680.0,41.0,740.0,8338,1,0,1,Pedestrian
69,0.0,680.0,41.0,740.0,8339,1,0,1,Pedestrian
69,0.0,680.0,41.0,740.0,8340,1,0,1,Pedestrian
69,0.0,680.0,41.0,740.0,8341,1,0,1,Pedestrian
69,0.0,680.0,41.0,740.0,8342,1,0,1,Pedestrian
69,0.0,680.0,41.0,740.0,8343,1,0,1,Pedestrian
69,0.0,680.0,41.0,740.0,8344,1,0,1,Pedestrian
69,0.0,680.0,41.0,740.0,8345,1,0,1,Pedestrian
69,0.0,680.0,41.0,740.0,8346,1,0,1,Pedestrian
69,0.0,680.0,41.0,740.0,8347,1,0,1,Pedestrian
69,0.0,680.0,41.0,740.0,8348,1,0,1,Pedestrian
69,0.0,680.0,41.0,740.0,8349,1,0,1,Pedestrian
69,0.0,680.0,41.0,740.0,8350,1,0,1,Pedestrian
69,0.0,680.0,41.0,740.0,8351,1,0,1,Pedestrian
69,0.0,680.0,41.0,740.0,8352,1,0,1,Pedestrian
69,0.0,680.0,41.0,740.0,8353,1,0,1,Pedestrian
69,0.0,680.0,41.0,740.0,8354,1,0,1,Pedestrian
69,0.0,680.0,41.0,740.0,8355,1,0,1,Pedestrian
69,0.0,680.0,41.0,740.0,8356,1,0,1,Pedestrian
69,0.0,680.0,41.0,740.0,8357,1,0,1,Pedestrian
69,0.0,680.0,41.0,740.0,8358,1,0,1,Pedestrian
69,0.0,680.0,41.0,740.0,8359,1,0,1,Pedestrian
69,0.0,680.0,41.0,740.0,8360,1,0,1,Pedestrian
69,0.0,680.0,41.0,740.0,8361,1,0,1,Pedestrian
69,0.0,680.0,41.0,740.0,8362,1,0,1,Pedestrian
69,0.0,680.0,41.0,740.0,8363,1,0,1,Pedestrian
69,0.0,680.0,41.0,740.0,8364,1,0,1,Pedestrian
69,0.0,680.0,41.0,740.0,8365,1,0,1,Pedestrian
69,0.0,680.0,41.0,740.0,8366,1,0,1,Pedestrian
69,0.0,680.0,41.0,740.0,8367,1,0,1,Pedestrian
69,0.0,680.0,41.0,740.0,8368,1,0,1,Pedestrian
69,0.0,680.0,41.0,740.0,8369,1,0,1,Pedestrian
69,0.0,680.0,41.0,740.0,8370,1,0,1,Pedestrian
69,0.0,680.0,41.0,740.0,8371,1,0,1,Pedestrian
69,0.0,680.0,41.0,740.0,8372,1,0,1,Pedestrian
69,0.0,680.0,41.0,740.0,8373,1,0,1,Pedestrian
69,0.0,680.0,41.0,740.0,8374,1,0,1,Pedestrian
69,0.0,680.0,41.0,740.0,8375,1,0,1,Pedestrian
69,0.0,680.0,41.0,740.0,8376,1,0,1,Pedestrian
69,0.0,680.0,41.0,740.0,8377,1,0,1,Pedestrian
69,0.0,680.0,41.0,740.0,8378,1,0,1,Pedestrian
69,0.0,680.0,41.0,740.0,8379,1,0,1,Pedestrian
69,0.0,678.0,41.0,737.0,8380,1,0,1,Pedestrian
69,0.0,678.0,41.0,737.0,8381,1,0,1,Pedestrian
69,0.0,678.0,41.0,737.0,8382,1,0,1,Pedestrian
69,0.0,678.0,41.0,737.0,8383,1,0,1,Pedestrian
69,0.0,678.0,41.0,737.0,8384,1,0,1,Pedestrian
69,0.0,678.0,41.0,737.0,8385,1,0,1,Pedestrian
69,0.0,678.0,41.0,737.0,8386,1,0,1,Pedestrian
69,0.0,678.0,41.0,737.0,8387,1,0,1,Pedestrian
69,0.0,678.0,41.0,737.0,8388,1,0,1,Pedestrian
69,0.0,678.0,41.0,737.0,8389,1,0,1,Pedestrian
69,0.0,678.0,41.0,737.0,8390,1,0,1,Pedestrian
69,0.0,678.0,41.0,737.0,8391,1,0,1,Pedestrian
69,0.0,678.0,41.0,737.0,8392,1,0,1,Pedestrian
69,0.0,678.0,41.0,737.0,8393,1,0,1,Pedestrian
69,0.0,678.0,41.0,737.0,8394,1,0,1,Pedestrian
69,0.0,678.0,41.0,737.0,8395,1,0,1,Pedestrian
69,0.0,678.0,41.0,737.0,8396,1,0,1,Pedestrian
69,0.0,678.0,41.0,737.0,8397,1,0,1,Pedestrian
69,0.0,678.0,41.0,737.0,8398,1,0,1,Pedestrian
69,0.0,678.0,41.0,737.0,8399,1,0,1,Pedestrian
69,0.0,678.0,41.0,737.0,8400,1,0,1,Pedestrian
69,0.0,678.0,41.0,737.0,8401,1,0,1,Pedestrian
69,0.0,678.0,41.0,737.0,8402,1,0,1,Pedestrian
69,0.0,678.0,41.0,737.0,8403,1,0,1,Pedestrian
69,0.0,678.0,41.0,737.0,8404,1,0,1,Pedestrian
69,0.0,678.0,41.0,737.0,8405,1,0,1,Pedestrian
69,0.0,678.0,41.0,737.0,8406,1,0,1,Pedestrian
69,0.0,678.0,41.0,737.0,8407,1,0,1,Pedestrian
69,0.0,678.0,41.0,737.0,8408,1,0,1,Pedestrian
69,0.0,678.0,41.0,737.0,8409,1,0,1,Pedestrian
69,0.0,678.0,41.0,737.0,8410,1,0,1,Pedestrian
69,0.0,678.0,41.0,737.0,8411,1,0,1,Pedestrian
69,0.0,678.0,41.0,737.0,8412,1,0,1,Pedestrian
69,0.0,678.0,41.0,737.0,8413,1,0,1,Pedestrian
69,0.0,678.0,41.0,737.0,8414,1,0,1,Pedestrian
69,0.0,678.0,41.0,737.0,8415,1,0,1,Pedestrian
69,0.0,678.0,41.0,737.0,8416,1,0,1,Pedestrian
69,0.0,678.0,44.0,737.0,8417,1,0,1,Pedestrian
69,0.0,678.0,44.0,737.0,8418,1,0,1,Pedestrian
69,0.0,678.0,44.0,737.0,8419,1,0,1,Pedestrian
69,0.0,678.0,44.0,737.0,8420,1,0,1,Pedestrian
69,0.0,678.0,44.0,737.0,8421,1,0,1,Pedestrian
69,0.0,678.0,44.0,737.0,8422,1,0,1,Pedestrian
69,0.0,678.0,44.0,737.0,8423,1,0,1,Pedestrian
69,0.0,678.0,44.0,737.0,8424,1,0,1,Pedestrian
69,0.0,678.0,44.0,737.0,8425,1,0,1,Pedestrian
69,0.0,678.0,44.0,737.0,8426,1,0,1,Pedestrian
69,0.0,678.0,44.0,737.0,8427,1,0,1,Pedestrian
69,0.0,678.0,44.0,737.0,8428,1,0,1,Pedestrian
69,0.0,678.0,44.0,737.0,8429,1,0,1,Pedestrian
69,0.0,678.0,44.0,737.0,8430,1,0,1,Pedestrian
69,0.0,678.0,44.0,737.0,8431,1,0,1,Pedestrian
69,0.0,678.0,44.0,737.0,8432,1,0,1,Pedestrian
69,0.0,678.0,44.0,737.0,8433,1,0,1,Pedestrian
69,0.0,678.0,44.0,737.0,8434,1,0,1,Pedestrian
69,0.0,678.0,44.0,737.0,8435,1,0,1,Pedestrian
69,0.0,678.0,44.0,737.0,8436,1,0,1,Pedestrian
69,0.0,678.0,44.0,737.0,8437,1,0,1,Pedestrian
69,0.0,678.0,44.0,737.0,8438,1,0,1,Pedestrian
69,0.0,678.0,44.0,737.0,8439,1,0,1,Pedestrian
69,0.0,678.0,44.0,737.0,8440,1,0,1,Pedestrian
69,0.0,678.0,44.0,737.0,8441,1,0,1,Pedestrian
69,0.0,678.0,44.0,737.0,8442,1,0,1,Pedestrian
69,0.0,678.0,44.0,737.0,8443,1,0,1,Pedestrian
69,0.0,678.0,44.0,737.0,8444,1,0,1,Pedestrian
69,0.0,678.0,44.0,737.0,8445,1,0,1,Pedestrian
69,0.0,678.0,44.0,737.0,8446,1,0,1,Pedestrian
69,0.0,678.0,44.0,737.0,8447,1,0,1,Pedestrian
69,0.0,678.0,44.0,737.0,8448,1,0,1,Pedestrian
69,0.0,678.0,44.0,737.0,8449,1,0,1,Pedestrian
69,0.0,678.0,44.0,737.0,8450,1,0,1,Pedestrian
69,0.0,678.0,44.0,737.0,8451,1,0,1,Pedestrian
69,0.0,678.0,44.0,737.0,8452,1,0,1,Pedestrian
69,0.0,678.0,44.0,737.0,8453,1,0,1,Pedestrian
69,0.0,678.0,44.0,737.0,8454,1,0,1,Pedestrian
69,0.0,678.0,44.0,737.0,8455,1,0,1,Pedestrian
69,0.0,676.0,44.0,735.0,8456,1,0,1,Pedestrian
69,0.0,676.0,44.0,735.0,8457,1,0,1,Pedestrian
69,0.0,676.0,44.0,735.0,8458,1,0,1,Pedestrian
69,0.0,676.0,44.0,735.0,8459,1,0,1,Pedestrian
69,0.0,676.0,44.0,735.0,8460,1,0,1,Pedestrian
69,0.0,676.0,44.0,735.0,8461,1,0,1,Pedestrian
69,0.0,676.0,44.0,735.0,8462,1,0,1,Pedestrian
69,0.0,676.0,44.0,735.0,8463,1,0,1,Pedestrian
69,0.0,676.0,44.0,735.0,8464,1,0,1,Pedestrian
69,0.0,676.0,44.0,735.0,8465,1,0,1,Pedestrian
69,0.0,676.0,44.0,735.0,8466,1,0,1,Pedestrian
69,0.0,676.0,44.0,735.0,8467,1,0,1,Pedestrian
69,0.0,676.0,44.0,735.0,8468,1,0,1,Pedestrian
69,0.0,676.0,44.0,735.0,8469,1,0,1,Pedestrian
69,0.0,676.0,44.0,735.0,8470,1,0,1,Pedestrian
69,0.0,676.0,44.0,735.0,8471,1,0,1,Pedestrian
69,0.0,676.0,44.0,735.0,8472,1,0,1,Pedestrian
69,0.0,676.0,44.0,735.0,8473,1,0,1,Pedestrian
69,0.0,676.0,44.0,735.0,8474,1,0,1,Pedestrian
69,0.0,676.0,44.0,735.0,8475,1,0,1,Pedestrian
69,0.0,676.0,44.0,735.0,8476,1,0,1,Pedestrian
69,0.0,676.0,44.0,735.0,8477,1,0,1,Pedestrian
69,0.0,676.0,44.0,735.0,8478,1,0,1,Pedestrian
69,0.0,676.0,44.0,735.0,8479,1,0,1,Pedestrian
69,0.0,676.0,44.0,735.0,8480,1,0,1,Pedestrian
69,0.0,676.0,44.0,735.0,8481,1,0,1,Pedestrian
69,0.0,676.0,44.0,735.0,8482,1,0,1,Pedestrian
69,0.0,676.0,44.0,735.0,8483,1,0,1,Pedestrian
69,0.0,676.0,44.0,735.0,8484,1,0,1,Pedestrian
69,0.0,676.0,44.0,735.0,8485,1,0,1,Pedestrian
69,0.0,676.0,44.0,735.0,8486,1,0,1,Pedestrian
69,0.0,676.0,44.0,735.0,8487,1,0,1,Pedestrian
69,0.0,676.0,44.0,735.0,8488,1,0,1,Pedestrian
69,0.0,676.0,44.0,735.0,8489,1,0,1,Pedestrian
69,0.0,676.0,44.0,735.0,8490,1,0,1,Pedestrian
69,0.0,676.0,44.0,735.0,8491,1,0,1,Pedestrian
69,0.0,676.0,44.0,735.0,8492,1,0,1,Pedestrian
69,0.0,676.0,44.0,735.0,8493,1,0,1,Pedestrian
69,0.0,676.0,44.0,735.0,8494,1,0,1,Pedestrian
69,0.0,676.0,44.0,735.0,8495,1,0,1,Pedestrian
69,0.0,676.0,44.0,735.0,8496,1,0,1,Pedestrian
69,0.0,676.0,44.0,735.0,8497,1,0,1,Pedestrian
69,0.0,676.0,44.0,735.0,8498,1,0,1,Pedestrian
69,0.0,676.0,44.0,735.0,8499,1,0,1,Pedestrian
69,0.0,676.0,44.0,735.0,8500,1,0,1,Pedestrian
69,0.0,676.0,44.0,735.0,8501,1,0,1,Pedestrian
69,0.0,676.0,44.0,735.0,8502,1,0,1,Pedestrian
69,0.0,676.0,44.0,735.0,8503,1,0,1,Pedestrian
69,0.0,676.0,44.0,735.0,8504,1,0,1,Pedestrian
69,0.0,676.0,44.0,735.0,8505,1,0,1,Pedestrian
69,0.0,676.0,44.0,735.0,8506,1,0,1,Pedestrian
69,0.0,676.0,44.0,735.0,8507,1,0,1,Pedestrian
69,0.0,676.0,44.0,735.0,8508,1,0,1,Pedestrian
69,0.0,676.0,44.0,735.0,8509,1,0,1,Pedestrian
69,0.0,676.0,44.0,735.0,8510,1,0,1,Pedestrian
69,0.0,676.0,44.0,735.0,8511,1,0,1,Pedestrian
69,0.0,676.0,44.0,735.0,8512,1,0,1,Pedestrian
69,0.0,676.0,44.0,735.0,8513,1,0,1,Pedestrian
69,0.0,676.0,44.0,735.0,8514,1,0,1,Pedestrian
69,0.0,676.0,44.0,735.0,8515,1,0,1,Pedestrian
69,0.0,676.0,44.0,735.0,8516,1,0,1,Pedestrian
69,0.0,676.0,44.0,735.0,8517,1,0,1,Pedestrian
69,0.0,676.0,44.0,735.0,8518,1,0,1,Pedestrian
69,0.0,676.0,44.0,735.0,8519,1,0,1,Pedestrian
69,0.0,676.0,44.0,735.0,8520,1,0,1,Pedestrian
69,0.0,676.0,44.0,735.0,8521,1,0,1,Pedestrian
69,0.0,676.0,44.0,735.0,8522,1,0,1,Pedestrian
69,0.0,676.0,44.0,735.0,8523,1,0,1,Pedestrian
69,0.0,676.0,44.0,735.0,8524,1,0,1,Pedestrian
69,0.0,676.0,44.0,735.0,8525,1,0,1,Pedestrian
69,0.0,676.0,44.0,735.0,8526,1,0,1,Pedestrian
69,0.0,676.0,44.0,735.0,8527,1,0,1,Pedestrian
69,0.0,676.0,44.0,735.0,8528,1,0,1,Pedestrian
69,0.0,676.0,44.0,735.0,8529,1,0,1,Pedestrian
69,0.0,676.0,44.0,735.0,8530,1,0,1,Pedestrian
69,0.0,676.0,46.0,735.0,8531,1,0,0,Pedestrian
70,1927.0,644.0,1969.0,699.0,3500,1,0,0,Pedestrian
70,1927.0,644.0,1969.0,699.0,3501,1,0,1,Pedestrian
70,1927.0,644.0,1969.0,699.0,3502,1,0,1,Pedestrian
70,1927.0,644.0,1969.0,699.0,3503,1,0,1,Pedestrian
70,1927.0,644.0,1969.0,699.0,3504,1,0,1,Pedestrian
70,1927.0,644.0,1969.0,699.0,3505,1,0,1,Pedestrian
70,1927.0,644.0,1969.0,699.0,3506,1,0,1,Pedestrian
70,1927.0,644.0,1969.0,699.0,3507,1,0,1,Pedestrian
70,1927.0,644.0,1969.0,699.0,3508,1,0,1,Pedestrian
70,1927.0,644.0,1969.0,699.0,3509,1,0,1,Pedestrian
70,1927.0,644.0,1969.0,699.0,3510,1,0,1,Pedestrian
70,1927.0,644.0,1969.0,699.0,3511,1,0,1,Pedestrian
70,1927.0,644.0,1969.0,699.0,3512,1,0,1,Pedestrian
70,1927.0,644.0,1969.0,699.0,3513,1,0,1,Pedestrian
70,1927.0,644.0,1969.0,699.0,3514,1,0,1,Pedestrian
70,1927.0,644.0,1969.0,699.0,3515,1,0,1,Pedestrian
70,1927.0,644.0,1969.0,699.0,3516,1,0,1,Pedestrian
70,1927.0,644.0,1969.0,699.0,3517,1,0,1,Pedestrian
70,1927.0,644.0,1969.0,699.0,3518,1,0,1,Pedestrian
70,1927.0,644.0,1969.0,699.0,3519,1,0,1,Pedestrian
70,1927.0,644.0,1969.0,699.0,3520,1,0,1,Pedestrian
70,1927.0,644.0,1969.0,699.0,3521,1,0,1,Pedestrian
70,1927.0,644.0,1969.0,699.0,3522,1,0,1,Pedestrian
70,1927.0,644.0,1969.0,699.0,3523,1,0,1,Pedestrian
70,1927.0,644.0,1969.0,699.0,3524,1,0,1,Pedestrian
70,1927.0,644.0,1969.0,699.0,3525,1,0,1,Pedestrian
70,1927.0,644.0,1969.0,699.0,3526,1,0,1,Pedestrian
70,1927.0,644.0,1969.0,699.0,3527,1,0,1,Pedestrian
70,1927.0,644.0,1969.0,699.0,3528,1,0,1,Pedestrian
70,1927.0,644.0,1969.0,699.0,3529,1,0,1,Pedestrian
70,1927.0,644.0,1969.0,699.0,3530,1,0,1,Pedestrian
70,1927.0,644.0,1969.0,699.0,3531,1,0,1,Pedestrian
70,1927.0,644.0,1969.0,699.0,3532,1,0,1,Pedestrian
70,1927.0,644.0,1969.0,699.0,3533,1,0,1,Pedestrian
70,1927.0,644.0,1969.0,699.0,3534,1,0,1,Pedestrian
70,1927.0,644.0,1969.0,699.0,3535,1,0,1,Pedestrian
70,1927.0,644.0,1969.0,699.0,3536,1,0,1,Pedestrian
70,1927.0,644.0,1969.0,699.0,3537,1,0,1,Pedestrian
70,1927.0,644.0,1969.0,699.0,3538,1,0,1,Pedestrian
70,1927.0,644.0,1969.0,699.0,3539,1,0,1,Pedestrian
70,1927.0,644.0,1969.0,699.0,3540,1,0,1,Pedestrian
70,1927.0,644.0,1969.0,699.0,3541,1,0,1,Pedestrian
70,1927.0,644.0,1969.0,699.0,3542,1,0,1,Pedestrian
70,1927.0,644.0,1969.0,699.0,3543,1,0,1,Pedestrian
70,1927.0,644.0,1969.0,699.0,3544,1,0,1,Pedestrian
70,1927.0,644.0,1969.0,699.0,3545,1,0,1,Pedestrian
70,1927.0,644.0,1969.0,699.0,3546,1,0,1,Pedestrian
70,1927.0,644.0,1969.0,699.0,3547,1,0,1,Pedestrian
70,1927.0,644.0,1969.0,699.0,3548,1,0,1,Pedestrian
70,1927.0,644.0,1969.0,699.0,3549,1,0,1,Pedestrian
70,1927.0,644.0,1969.0,699.0,3550,1,0,1,Pedestrian
70,1927.0,644.0,1969.0,699.0,3551,1,0,1,Pedestrian
70,1927.0,644.0,1969.0,699.0,3552,1,0,1,Pedestrian
70,1927.0,644.0,1969.0,699.0,3553,1,0,1,Pedestrian
70,1927.0,644.0,1969.0,699.0,3554,1,0,1,Pedestrian
70,1927.0,644.0,1969.0,699.0,3555,1,0,1,Pedestrian
70,1927.0,644.0,1969.0,699.0,3556,1,0,1,Pedestrian
70,1927.0,644.0,1969.0,699.0,3557,1,0,1,Pedestrian
70,1927.0,644.0,1969.0,699.0,3558,1,0,1,Pedestrian
70,1927.0,644.0,1969.0,699.0,3559,1,0,1,Pedestrian
70,1927.0,644.0,1969.0,699.0,3560,1,0,1,Pedestrian
70,1927.0,644.0,1969.0,699.0,3561,1,0,1,Pedestrian
70,1927.0,644.0,1969.0,699.0,3562,1,0,1,Pedestrian
70,1927.0,644.0,1969.0,699.0,3563,1,0,1,Pedestrian
70,1927.0,644.0,1969.0,699.0,3564,1,0,1,Pedestrian
70,1927.0,644.0,1969.0,699.0,3565,1,0,1,Pedestrian
70,1927.0,644.0,1969.0,699.0,3566,1,0,1,Pedestrian
70,1927.0,644.0,1969.0,699.0,3567,1,0,1,Pedestrian
70,1927.0,644.0,1969.0,699.0,3568,1,0,1,Pedestrian
70,1927.0,644.0,1969.0,699.0,3569,1,0,1,Pedestrian
70,1927.0,644.0,1969.0,699.0,3570,1,0,1,Pedestrian
70,1927.0,644.0,1969.0,699.0,3571,1,0,1,Pedestrian
70,1927.0,644.0,1969.0,699.0,3572,1,0,1,Pedestrian
70,1927.0,644.0,1969.0,699.0,3573,1,0,1,Pedestrian
70,1927.0,644.0,1969.0,699.0,3574,1,0,1,Pedestrian
70,1927.0,644.0,1969.0,699.0,3575,1,0,1,Pedestrian
70,1927.0,644.0,1969.0,699.0,3576,1,0,1,Pedestrian
70,1927.0,644.0,1969.0,699.0,3577,1,0,1,Pedestrian
70,1927.0,644.0,1969.0,699.0,3578,1,0,1,Pedestrian
70,1927.0,644.0,1969.0,699.0,3579,1,0,1,Pedestrian
70,1927.0,644.0,1969.0,699.0,3580,1,0,1,Pedestrian
70,1927.0,644.0,1969.0,699.0,3581,1,0,1,Pedestrian
70,1927.0,644.0,1969.0,699.0,3582,1,0,1,Pedestrian
70,1927.0,644.0,1969.0,699.0,3583,1,0,1,Pedestrian
70,1927.0,644.0,1969.0,699.0,3584,1,0,1,Pedestrian
70,1927.0,644.0,1969.0,699.0,3585,1,0,1,Pedestrian
70,1927.0,644.0,1969.0,699.0,3586,1,0,1,Pedestrian
70,1927.0,644.0,1969.0,699.0,3587,1,0,1,Pedestrian
70,1927.0,644.0,1969.0,699.0,3588,1,0,1,Pedestrian
70,1927.0,644.0,1969.0,699.0,3589,1,0,1,Pedestrian
70,1927.0,644.0,1969.0,699.0,3590,1,0,1,Pedestrian
70,1927.0,644.0,1969.0,699.0,3591,1,0,1,Pedestrian
70,1927.0,644.0,1969.0,699.0,3592,1,0,1,Pedestrian
70,1927.0,644.0,1969.0,699.0,3593,1,0,1,Pedestrian
70,1927.0,644.0,1969.0,699.0,3594,1,0,1,Pedestrian
70,1927.0,644.0,1969.0,699.0,3595,1,0,1,Pedestrian
70,1927.0,644.0,1969.0,699.0,3596,1,0,1,Pedestrian
70,1927.0,644.0,1969.0,699.0,3597,1,0,1,Pedestrian
70,1927.0,644.0,1969.0,699.0,3598,1,0,1,Pedestrian
70,1927.0,644.0,1969.0,699.0,3599,1,0,1,Pedestrian
70,1927.0,644.0,1969.0,699.0,3600,1,0,1,Pedestrian
70,1927.0,644.0,1969.0,699.0,3601,1,0,1,Pedestrian
70,1927.0,644.0,1969.0,699.0,3602,1,0,1,Pedestrian
70,1927.0,644.0,1969.0,699.0,3603,1,0,1,Pedestrian
70,1927.0,644.0,1969.0,699.0,3604,1,0,1,Pedestrian
70,1927.0,644.0,1969.0,699.0,3605,1,0,1,Pedestrian
70,1927.0,644.0,1969.0,699.0,3606,1,0,1,Pedestrian
70,1927.0,644.0,1969.0,699.0,3607,1,0,1,Pedestrian
70,1927.0,644.0,1969.0,699.0,3608,1,0,1,Pedestrian
70,1927.0,644.0,1969.0,699.0,3609,1,0,1,Pedestrian
70,1927.0,644.0,1969.0,699.0,3610,1,0,1,Pedestrian
70,1927.0,644.0,1969.0,699.0,3611,1,0,1,Pedestrian
70,1927.0,644.0,1969.0,699.0,3612,1,0,1,Pedestrian
70,1930.0,644.0,1969.0,699.0,3613,1,0,1,Pedestrian
70,1930.0,644.0,1969.0,699.0,3614,1,0,1,Pedestrian
70,1930.0,644.0,1969.0,699.0,3615,1,0,1,Pedestrian
70,1930.0,644.0,1969.0,699.0,3616,1,0,1,Pedestrian
70,1930.0,644.0,1969.0,699.0,3617,1,0,1,Pedestrian
70,1930.0,644.0,1969.0,699.0,3618,1,0,1,Pedestrian
70,1930.0,644.0,1969.0,699.0,3619,1,0,1,Pedestrian
70,1930.0,644.0,1969.0,699.0,3620,1,0,1,Pedestrian
70,1930.0,644.0,1969.0,699.0,3621,1,0,1,Pedestrian
70,1930.0,644.0,1969.0,699.0,3622,1,0,1,Pedestrian
70,1930.0,644.0,1969.0,699.0,3623,1,0,1,Pedestrian
70,1930.0,644.0,1969.0,699.0,3624,1,0,1,Pedestrian
70,1930.0,644.0,1969.0,699.0,3625,1,0,1,Pedestrian
70,1930.0,644.0,1969.0,699.0,3626,1,0,1,Pedestrian
70,1930.0,644.0,1969.0,699.0,3627,1,0,1,Pedestrian
70,1930.0,644.0,1969.0,699.0,3628,1,0,1,Pedestrian
70,1930.0,644.0,1969.0,699.0,3629,1,0,1,Pedestrian
70,1930.0,644.0,1969.0,699.0,3630,1,0,1,Pedestrian
70,1930.0,644.0,1969.0,699.0,3631,1,0,1,Pedestrian
70,1930.0,644.0,1969.0,699.0,3632,1,0,1,Pedestrian
70,1930.0,644.0,1969.0,699.0,3633,1,0,1,Pedestrian
70,1930.0,644.0,1969.0,699.0,3634,1,0,1,Pedestrian
70,1930.0,644.0,1969.0,699.0,3635,1,0,1,Pedestrian
70,1930.0,644.0,1969.0,699.0,3636,1,0,1,Pedestrian
70,1930.0,644.0,1969.0,699.0,3637,1,0,1,Pedestrian
70,1930.0,644.0,1969.0,699.0,3638,1,0,1,Pedestrian
70,1930.0,644.0,1969.0,699.0,3639,1,0,1,Pedestrian
70,1930.0,644.0,1969.0,699.0,3640,1,0,1,Pedestrian
70,1930.0,644.0,1969.0,699.0,3641,1,0,1,Pedestrian
70,1930.0,644.0,1969.0,699.0,3642,1,0,1,Pedestrian
70,1930.0,644.0,1969.0,699.0,3643,1,0,1,Pedestrian
70,1930.0,644.0,1969.0,699.0,3644,1,0,1,Pedestrian
70,1930.0,644.0,1969.0,699.0,3645,1,0,1,Pedestrian
70,1930.0,644.0,1969.0,699.0,3646,1,0,1,Pedestrian
70,1930.0,644.0,1969.0,699.0,3647,1,0,1,Pedestrian
70,1930.0,644.0,1969.0,699.0,3648,1,0,1,Pedestrian
70,1930.0,644.0,1969.0,699.0,3649,1,0,1,Pedestrian
70,1930.0,644.0,1969.0,699.0,3650,1,0,1,Pedestrian
70,1930.0,644.0,1971.0,699.0,3651,1,0,1,Pedestrian
70,1930.0,644.0,1971.0,699.0,3652,1,0,1,Pedestrian
70,1930.0,644.0,1971.0,699.0,3653,1,0,1,Pedestrian
70,1930.0,644.0,1971.0,699.0,3654,1,0,1,Pedestrian
70,1930.0,644.0,1971.0,699.0,3655,1,0,1,Pedestrian
70,1930.0,644.0,1971.0,699.0,3656,1,0,1,Pedestrian
70,1930.0,644.0,1971.0,699.0,3657,1,0,1,Pedestrian
70,1930.0,644.0,1971.0,699.0,3658,1,0,1,Pedestrian
70,1930.0,644.0,1971.0,699.0,3659,1,0,1,Pedestrian
70,1930.0,644.0,1971.0,699.0,3660,1,0,1,Pedestrian
70,1930.0,644.0,1971.0,699.0,3661,1,0,1,Pedestrian
70,1930.0,644.0,1971.0,699.0,3662,1,0,1,Pedestrian
70,1930.0,644.0,1971.0,699.0,3663,1,0,1,Pedestrian
70,1930.0,644.0,1971.0,699.0,3664,1,0,1,Pedestrian
70,1930.0,644.0,1971.0,699.0,3665,1,0,1,Pedestrian
70,1930.0,644.0,1971.0,699.0,3666,1,0,1,Pedestrian
70,1930.0,644.0,1971.0,699.0,3667,1,0,1,Pedestrian
70,1930.0,644.0,1971.0,699.0,3668,1,0,1,Pedestrian
70,1930.0,644.0,1971.0,699.0,3669,1,0,1,Pedestrian
70,1930.0,644.0,1971.0,699.0,3670,1,0,1,Pedestrian
70,1930.0,644.0,1971.0,699.0,3671,1,0,1,Pedestrian
70,1930.0,644.0,1971.0,699.0,3672,1,0,1,Pedestrian
70,1930.0,644.0,1971.0,699.0,3673,1,0,1,Pedestrian
70,1930.0,644.0,1971.0,699.0,3674,1,0,1,Pedestrian
70,1930.0,644.0,1971.0,699.0,3675,1,0,1,Pedestrian
70,1930.0,644.0,1971.0,699.0,3676,1,0,1,Pedestrian
70,1930.0,644.0,1971.0,699.0,3677,1,0,1,Pedestrian
70,1930.0,644.0,1971.0,699.0,3678,1,0,1,Pedestrian
70,1930.0,644.0,1971.0,699.0,3679,1,0,1,Pedestrian
70,1930.0,644.0,1971.0,699.0,3680,1,0,1,Pedestrian
70,1930.0,644.0,1971.0,699.0,3681,1,0,1,Pedestrian
70,1930.0,644.0,1971.0,699.0,3682,1,0,1,Pedestrian
70,1930.0,644.0,1971.0,699.0,3683,1,0,1,Pedestrian
70,1930.0,644.0,1971.0,699.0,3684,1,0,1,Pedestrian
70,1930.0,644.0,1971.0,699.0,3685,1,0,1,Pedestrian
70,1930.0,644.0,1971.0,699.0,3686,1,0,1,Pedestrian
70,1930.0,644.0,1971.0,699.0,3687,1,0,1,Pedestrian
70,1930.0,644.0,1971.0,699.0,3688,1,0,1,Pedestrian
70,1930.0,644.0,1971.0,699.0,3689,1,0,1,Pedestrian
70,1930.0,644.0,1971.0,699.0,3690,1,0,1,Pedestrian
70,1930.0,644.0,1971.0,699.0,3691,1,0,1,Pedestrian
70,1930.0,644.0,1971.0,699.0,3692,1,0,1,Pedestrian
70,1930.0,644.0,1971.0,699.0,3693,1,0,1,Pedestrian
70,1930.0,644.0,1971.0,699.0,3694,1,0,1,Pedestrian
70,1930.0,644.0,1971.0,699.0,3695,1,0,1,Pedestrian
70,1930.0,644.0,1971.0,699.0,3696,1,0,1,Pedestrian
70,1930.0,644.0,1971.0,699.0,3697,1,0,1,Pedestrian
70,1930.0,644.0,1971.0,699.0,3698,1,0,1,Pedestrian
70,1930.0,644.0,1971.0,699.0,3699,1,0,1,Pedestrian
70,1930.0,644.0,1971.0,699.0,3700,1,0,1,Pedestrian
70,1930.0,644.0,1971.0,699.0,3701,1,0,1,Pedestrian
70,1930.0,644.0,1971.0,699.0,3702,1,0,1,Pedestrian
70,1930.0,644.0,1971.0,699.0,3703,1,0,1,Pedestrian
70,1930.0,644.0,1971.0,699.0,3704,1,0,1,Pedestrian
70,1930.0,644.0,1971.0,699.0,3705,1,0,1,Pedestrian
70,1930.0,644.0,1971.0,699.0,3706,1,0,1,Pedestrian
70,1930.0,644.0,1971.0,699.0,3707,1,0,1,Pedestrian
70,1930.0,644.0,1971.0,699.0,3708,1,0,1,Pedestrian
70,1930.0,644.0,1971.0,699.0,3709,1,0,1,Pedestrian
70,1930.0,644.0,1971.0,699.0,3710,1,0,1,Pedestrian
70,1930.0,644.0,1971.0,699.0,3711,1,0,1,Pedestrian
70,1930.0,644.0,1971.0,699.0,3712,1,0,1,Pedestrian
70,1930.0,644.0,1971.0,699.0,3713,1,0,1,Pedestrian
70,1930.0,644.0,1971.0,699.0,3714,1,0,1,Pedestrian
70,1930.0,644.0,1971.0,699.0,3715,1,0,1,Pedestrian
70,1930.0,644.0,1971.0,699.0,3716,1,0,1,Pedestrian
70,1930.0,644.0,1971.0,699.0,3717,1,0,1,Pedestrian
70,1930.0,644.0,1971.0,699.0,3718,1,0,1,Pedestrian
70,1930.0,644.0,1971.0,699.0,3719,1,0,1,Pedestrian
70,1930.0,644.0,1971.0,699.0,3720,1,0,1,Pedestrian
70,1930.0,644.0,1971.0,699.0,3721,1,0,1,Pedestrian
70,1930.0,644.0,1971.0,699.0,3722,1,0,1,Pedestrian
70,1930.0,644.0,1971.0,699.0,3723,1,0,1,Pedestrian
70,1930.0,644.0,1971.0,699.0,3724,1,0,1,Pedestrian
70,1930.0,644.0,1971.0,699.0,3725,1,0,1,Pedestrian
70,1933.0,644.0,1971.0,699.0,3726,1,0,1,Pedestrian
70,1933.0,644.0,1971.0,699.0,3727,1,0,1,Pedestrian
70,1933.0,644.0,1971.0,699.0,3728,1,0,1,Pedestrian
70,1933.0,644.0,1971.0,699.0,3729,1,0,1,Pedestrian
70,1933.0,644.0,1971.0,699.0,3730,1,0,1,Pedestrian
70,1933.0,644.0,1971.0,699.0,3731,1,0,1,Pedestrian
70,1933.0,644.0,1971.0,699.0,3732,1,0,1,Pedestrian
70,1933.0,644.0,1971.0,699.0,3733,1,0,1,Pedestrian
70,1933.0,644.0,1971.0,699.0,3734,1,0,1,Pedestrian
70,1933.0,644.0,1971.0,699.0,3735,1,0,1,Pedestrian
70,1933.0,644.0,1971.0,699.0,3736,1,0,1,Pedestrian
70,1933.0,644.0,1971.0,699.0,3737,1,0,1,Pedestrian
70,1933.0,644.0,1971.0,699.0,3738,1,0,1,Pedestrian
70,1933.0,644.0,1971.0,699.0,3739,1,0,1,Pedestrian
70,1933.0,644.0,1971.0,699.0,3740,1,0,1,Pedestrian
70,1933.0,644.0,1971.0,699.0,3741,1,0,1,Pedestrian
70,1933.0,644.0,1971.0,699.0,3742,1,0,1,Pedestrian
70,1933.0,644.0,1971.0,699.0,3743,1,0,1,Pedestrian
70,1933.0,644.0,1971.0,699.0,3744,1,0,1,Pedestrian
70,1933.0,644.0,1971.0,699.0,3745,1,0,1,Pedestrian
70,1933.0,644.0,1971.0,699.0,3746,1,0,1,Pedestrian
70,1933.0,644.0,1971.0,699.0,3747,1,0,1,Pedestrian
70,1933.0,644.0,1971.0,699.0,3748,1,0,1,Pedestrian
70,1933.0,644.0,1971.0,699.0,3749,1,0,1,Pedestrian
70,1933.0,644.0,1971.0,699.0,3750,1,0,1,Pedestrian
70,1933.0,644.0,1971.0,699.0,3751,1,0,1,Pedestrian
70,1933.0,644.0,1971.0,699.0,3752,1,0,1,Pedestrian
70,1933.0,644.0,1971.0,699.0,3753,1,0,1,Pedestrian
70,1933.0,644.0,1971.0,699.0,3754,1,0,1,Pedestrian
70,1933.0,644.0,1971.0,699.0,3755,1,0,1,Pedestrian
70,1933.0,644.0,1971.0,699.0,3756,1,0,1,Pedestrian
70,1933.0,644.0,1971.0,699.0,3757,1,0,1,Pedestrian
70,1933.0,644.0,1971.0,699.0,3758,1,0,1,Pedestrian
70,1933.0,644.0,1971.0,699.0,3759,1,0,1,Pedestrian
70,1933.0,644.0,1971.0,699.0,3760,1,0,1,Pedestrian
70,1933.0,644.0,1971.0,699.0,3761,1,0,1,Pedestrian
70,1933.0,644.0,1971.0,699.0,3762,1,0,1,Pedestrian
70,1933.0,644.0,1971.0,699.0,3763,1,0,1,Pedestrian
70,1933.0,644.0,1971.0,699.0,3764,1,0,1,Pedestrian
70,1933.0,644.0,1971.0,699.0,3765,1,0,1,Pedestrian
70,1933.0,644.0,1971.0,699.0,3766,1,0,1,Pedestrian
70,1933.0,644.0,1971.0,699.0,3767,1,0,1,Pedestrian
70,1933.0,644.0,1971.0,699.0,3768,1,0,1,Pedestrian
70,1933.0,644.0,1971.0,699.0,3769,1,0,1,Pedestrian
70,1933.0,644.0,1971.0,699.0,3770,1,0,1,Pedestrian
70,1933.0,644.0,1971.0,699.0,3771,1,0,1,Pedestrian
70,1933.0,644.0,1971.0,699.0,3772,1,0,1,Pedestrian
70,1933.0,644.0,1971.0,699.0,3773,1,0,1,Pedestrian
70,1933.0,644.0,1971.0,699.0,3774,1,0,1,Pedestrian
70,1933.0,644.0,1971.0,699.0,3775,1,0,1,Pedestrian
70,1933.0,644.0,1971.0,699.0,3776,1,0,1,Pedestrian
70,1933.0,644.0,1971.0,699.0,3777,1,0,1,Pedestrian
70,1933.0,644.0,1971.0,699.0,3778,1,0,1,Pedestrian
70,1933.0,644.0,1971.0,699.0,3779,1,0,1,Pedestrian
70,1933.0,644.0,1971.0,699.0,3780,1,0,1,Pedestrian
70,1933.0,644.0,1971.0,699.0,3781,1,0,1,Pedestrian
70,1933.0,644.0,1971.0,699.0,3782,1,0,1,Pedestrian
70,1933.0,644.0,1971.0,699.0,3783,1,0,1,Pedestrian
70,1933.0,644.0,1971.0,699.0,3784,1,0,1,Pedestrian
70,1933.0,644.0,1971.0,699.0,3785,1,0,1,Pedestrian
70,1933.0,644.0,1971.0,699.0,3786,1,0,1,Pedestrian
70,1933.0,644.0,1971.0,699.0,3787,1,0,1,Pedestrian
70,1933.0,644.0,1971.0,699.0,3788,1,0,1,Pedestrian
70,1933.0,644.0,1971.0,699.0,3789,1,0,1,Pedestrian
70,1933.0,644.0,1971.0,699.0,3790,1,0,1,Pedestrian
70,1933.0,644.0,1971.0,699.0,3791,1,0,1,Pedestrian
70,1933.0,644.0,1971.0,699.0,3792,1,0,1,Pedestrian
70,1933.0,644.0,1971.0,699.0,3793,1,0,1,Pedestrian
70,1933.0,644.0,1971.0,699.0,3794,1,0,1,Pedestrian
70,1933.0,644.0,1971.0,699.0,3795,1,0,1,Pedestrian
70,1933.0,644.0,1971.0,699.0,3796,1,0,1,Pedestrian
70,1933.0,644.0,1971.0,699.0,3797,1,0,1,Pedestrian
70,1933.0,644.0,1971.0,699.0,3798,1,0,1,Pedestrian
70,1933.0,644.0,1971.0,699.0,3799,1,0,1,Pedestrian
70,1933.0,644.0,1971.0,699.0,3800,1,0,1,Pedestrian
70,1933.0,644.0,1974.0,699.0,3801,1,0,1,Pedestrian
70,1933.0,644.0,1974.0,699.0,3802,1,0,1,Pedestrian
70,1933.0,644.0,1974.0,699.0,3803,1,0,1,Pedestrian
70,1933.0,644.0,1974.0,699.0,3804,1,0,1,Pedestrian
70,1933.0,644.0,1974.0,699.0,3805,1,0,1,Pedestrian
70,1933.0,644.0,1974.0,699.0,3806,1,0,1,Pedestrian
70,1933.0,644.0,1974.0,699.0,3807,1,0,1,Pedestrian
70,1933.0,644.0,1974.0,699.0,3808,1,0,1,Pedestrian
70,1933.0,644.0,1974.0,699.0,3809,1,0,1,Pedestrian
70,1933.0,644.0,1974.0,699.0,3810,1,0,1,Pedestrian
70,1933.0,644.0,1974.0,699.0,3811,1,0,1,Pedestrian
70,1933.0,644.0,1974.0,699.0,3812,1,0,1,Pedestrian
70,1933.0,644.0,1974.0,699.0,3813,1,0,1,Pedestrian
70,1933.0,644.0,1974.0,699.0,3814,1,0,1,Pedestrian
70,1933.0,644.0,1974.0,699.0,3815,1,0,1,Pedestrian
70,1933.0,644.0,1974.0,699.0,3816,1,0,1,Pedestrian
70,1933.0,644.0,1974.0,699.0,3817,1,0,1,Pedestrian
70,1933.0,644.0,1974.0,699.0,3818,1,0,1,Pedestrian
70,1933.0,644.0,1974.0,699.0,3819,1,0,1,Pedestrian
70,1933.0,644.0,1974.0,699.0,3820,1,0,1,Pedestrian
70,1933.0,644.0,1974.0,699.0,3821,1,0,1,Pedestrian
70,1933.0,644.0,1974.0,699.0,3822,1,0,1,Pedestrian
70,1933.0,644.0,1974.0,699.0,3823,1,0,1,Pedestrian
70,1933.0,644.0,1974.0,699.0,3824,1,0,1,Pedestrian
70,1933.0,644.0,1974.0,699.0,3825,1,0,1,Pedestrian
70,1933.0,644.0,1974.0,699.0,3826,1,0,1,Pedestrian
70,1933.0,644.0,1974.0,699.0,3827,1,0,1,Pedestrian
70,1933.0,644.0,1974.0,699.0,3828,1,0,1,Pedestrian
70,1933.0,644.0,1974.0,699.0,3829,1,0,1,Pedestrian
70,1933.0,644.0,1974.0,699.0,3830,1,0,1,Pedestrian
70,1933.0,644.0,1974.0,699.0,3831,1,0,1,Pedestrian
70,1933.0,644.0,1974.0,699.0,3832,1,0,1,Pedestrian
70,1933.0,644.0,1974.0,699.0,3833,1,0,1,Pedestrian
70,1933.0,644.0,1974.0,699.0,3834,1,0,1,Pedestrian
70,1933.0,644.0,1974.0,699.0,3835,1,0,1,Pedestrian
70,1933.0,644.0,1974.0,699.0,3836,1,0,1,Pedestrian
70,1933.0,644.0,1974.0,699.0,3837,1,0,1,Pedestrian
70,1933.0,644.0,1974.0,699.0,3838,1,0,1,Pedestrian
70,1936.0,644.0,1974.0,699.0,3839,1,0,1,Pedestrian
70,1936.0,644.0,1974.0,699.0,3840,1,0,1,Pedestrian
70,1936.0,644.0,1974.0,699.0,3841,1,0,1,Pedestrian
70,1936.0,644.0,1974.0,699.0,3842,1,0,1,Pedestrian
70,1936.0,644.0,1974.0,699.0,3843,1,0,1,Pedestrian
70,1936.0,644.0,1974.0,699.0,3844,1,0,1,Pedestrian
70,1936.0,644.0,1974.0,699.0,3845,1,0,1,Pedestrian
70,1936.0,644.0,1974.0,699.0,3846,1,0,1,Pedestrian
70,1936.0,644.0,1974.0,699.0,3847,1,0,1,Pedestrian
70,1936.0,644.0,1974.0,699.0,3848,1,0,1,Pedestrian
70,1936.0,644.0,1974.0,699.0,3849,1,0,1,Pedestrian
70,1936.0,644.0,1974.0,699.0,3850,1,0,1,Pedestrian
70,1936.0,644.0,1974.0,699.0,3851,1,0,1,Pedestrian
70,1936.0,644.0,1974.0,699.0,3852,1,0,1,Pedestrian
70,1936.0,644.0,1974.0,699.0,3853,1,0,1,Pedestrian
70,1936.0,644.0,1974.0,699.0,3854,1,0,1,Pedestrian
70,1936.0,644.0,1974.0,699.0,3855,1,0,1,Pedestrian
70,1936.0,644.0,1974.0,699.0,3856,1,0,1,Pedestrian
70,1936.0,644.0,1974.0,699.0,3857,1,0,1,Pedestrian
70,1936.0,644.0,1974.0,699.0,3858,1,0,1,Pedestrian
70,1936.0,644.0,1974.0,699.0,3859,1,0,1,Pedestrian
70,1936.0,644.0,1974.0,699.0,3860,1,0,1,Pedestrian
70,1936.0,644.0,1974.0,699.0,3861,1,0,1,Pedestrian
70,1936.0,644.0,1974.0,699.0,3862,1,0,1,Pedestrian
70,1936.0,644.0,1974.0,699.0,3863,1,0,1,Pedestrian
70,1936.0,644.0,1974.0,699.0,3864,1,0,1,Pedestrian
70,1936.0,644.0,1974.0,699.0,3865,1,0,1,Pedestrian
70,1936.0,644.0,1974.0,699.0,3866,1,0,1,Pedestrian
70,1936.0,644.0,1974.0,699.0,3867,1,0,1,Pedestrian
70,1936.0,644.0,1974.0,699.0,3868,1,0,1,Pedestrian
70,1936.0,644.0,1974.0,699.0,3869,1,0,1,Pedestrian
70,1936.0,644.0,1974.0,699.0,3870,1,0,1,Pedestrian
70,1936.0,644.0,1974.0,699.0,3871,1,0,1,Pedestrian
70,1936.0,644.0,1974.0,699.0,3872,1,0,1,Pedestrian
70,1936.0,644.0,1974.0,699.0,3873,1,0,1,Pedestrian
70,1936.0,644.0,1974.0,699.0,3874,1,0,1,Pedestrian
70,1936.0,644.0,1974.0,699.0,3875,1,0,1,Pedestrian
70,1936.0,644.0,1974.0,699.0,3876,1,0,1,Pedestrian
70,1936.0,644.0,1974.0,699.0,3877,1,0,1,Pedestrian
70,1936.0,644.0,1974.0,699.0,3878,1,0,1,Pedestrian
70,1936.0,644.0,1974.0,699.0,3879,1,0,1,Pedestrian
70,1936.0,644.0,1974.0,699.0,3880,1,0,1,Pedestrian
70,1936.0,644.0,1974.0,699.0,3881,1,0,1,Pedestrian
70,1936.0,644.0,1974.0,699.0,3882,1,0,1,Pedestrian
70,1936.0,644.0,1974.0,699.0,3883,1,0,1,Pedestrian
70,1936.0,644.0,1974.0,699.0,3884,1,0,1,Pedestrian
70,1936.0,644.0,1974.0,699.0,3885,1,0,1,Pedestrian
70,1936.0,644.0,1974.0,699.0,3886,1,0,1,Pedestrian
70,1936.0,644.0,1974.0,699.0,3887,1,0,1,Pedestrian
70,1936.0,644.0,1974.0,699.0,3888,1,0,1,Pedestrian
70,1936.0,644.0,1974.0,699.0,3889,1,0,1,Pedestrian
70,1936.0,644.0,1974.0,699.0,3890,1,0,1,Pedestrian
70,1936.0,644.0,1974.0,699.0,3891,1,0,1,Pedestrian
70,1936.0,644.0,1974.0,699.0,3892,1,0,1,Pedestrian
70,1936.0,644.0,1974.0,699.0,3893,1,0,1,Pedestrian
70,1936.0,644.0,1974.0,699.0,3894,1,0,1,Pedestrian
70,1936.0,644.0,1974.0,699.0,3895,1,0,1,Pedestrian
70,1936.0,644.0,1974.0,699.0,3896,1,0,1,Pedestrian
70,1936.0,644.0,1974.0,699.0,3897,1,0,1,Pedestrian
70,1936.0,644.0,1974.0,699.0,3898,1,0,1,Pedestrian
70,1936.0,644.0,1974.0,699.0,3899,1,0,1,Pedestrian
70,1936.0,644.0,1974.0,699.0,3900,1,0,1,Pedestrian
70,1936.0,644.0,1974.0,699.0,3901,1,0,1,Pedestrian
70,1936.0,644.0,1974.0,699.0,3902,1,0,1,Pedestrian
70,1936.0,644.0,1974.0,699.0,3903,1,0,1,Pedestrian
70,1936.0,644.0,1974.0,699.0,3904,1,0,1,Pedestrian
70,1936.0,644.0,1974.0,699.0,3905,1,0,1,Pedestrian
70,1936.0,644.0,1974.0,699.0,3906,1,0,1,Pedestrian
70,1936.0,644.0,1974.0,699.0,3907,1,0,1,Pedestrian
70,1936.0,644.0,1974.0,699.0,3908,1,0,1,Pedestrian
70,1936.0,644.0,1974.0,699.0,3909,1,0,1,Pedestrian
70,1936.0,644.0,1974.0,699.0,3910,1,0,1,Pedestrian
70,1936.0,644.0,1974.0,699.0,3911,1,0,1,Pedestrian
70,1936.0,644.0,1974.0,699.0,3912,1,0,1,Pedestrian
70,1936.0,644.0,1974.0,699.0,3913,1,0,1,Pedestrian
70,1936.0,644.0,1974.0,699.0,3914,1,0,1,Pedestrian
70,1936.0,644.0,1974.0,699.0,3915,1,0,1,Pedestrian
70,1936.0,644.0,1974.0,699.0,3916,1,0,1,Pedestrian
70,1936.0,644.0,1974.0,699.0,3917,1,0,1,Pedestrian
70,1936.0,644.0,1974.0,699.0,3918,1,0,1,Pedestrian
70,1936.0,644.0,1974.0,699.0,3919,1,0,1,Pedestrian
70,1936.0,644.0,1974.0,699.0,3920,1,0,1,Pedestrian
70,1936.0,644.0,1974.0,699.0,3921,1,0,1,Pedestrian
70,1936.0,644.0,1974.0,699.0,3922,1,0,1,Pedestrian
70,1936.0,644.0,1974.0,699.0,3923,1,0,1,Pedestrian
70,1936.0,644.0,1974.0,699.0,3924,1,0,1,Pedestrian
70,1936.0,644.0,1974.0,699.0,3925,1,0,1,Pedestrian
70,1936.0,644.0,1974.0,699.0,3926,1,0,1,Pedestrian
70,1936.0,644.0,1974.0,699.0,3927,1,0,1,Pedestrian
70,1936.0,644.0,1974.0,699.0,3928,1,0,1,Pedestrian
70,1936.0,644.0,1974.0,699.0,3929,1,0,1,Pedestrian
70,1936.0,644.0,1974.0,699.0,3930,1,0,1,Pedestrian
70,1936.0,644.0,1974.0,699.0,3931,1,0,1,Pedestrian
70,1936.0,644.0,1974.0,699.0,3932,1,0,1,Pedestrian
70,1936.0,644.0,1974.0,699.0,3933,1,0,1,Pedestrian
70,1936.0,644.0,1974.0,699.0,3934,1,0,1,Pedestrian
70,1936.0,644.0,1974.0,699.0,3935,1,0,1,Pedestrian
70,1936.0,644.0,1974.0,699.0,3936,1,0,1,Pedestrian
70,1936.0,644.0,1974.0,699.0,3937,1,0,1,Pedestrian
70,1936.0,644.0,1974.0,699.0,3938,1,0,1,Pedestrian
70,1936.0,644.0,1974.0,699.0,3939,1,0,1,Pedestrian
70,1936.0,644.0,1974.0,699.0,3940,1,0,1,Pedestrian
70,1936.0,644.0,1974.0,699.0,3941,1,0,1,Pedestrian
70,1936.0,644.0,1974.0,699.0,3942,1,0,1,Pedestrian
70,1936.0,644.0,1974.0,699.0,3943,1,0,1,Pedestrian
70,1936.0,644.0,1974.0,699.0,3944,1,0,1,Pedestrian
70,1936.0,644.0,1974.0,699.0,3945,1,0,1,Pedestrian
70,1936.0,644.0,1974.0,699.0,3946,1,0,1,Pedestrian
70,1936.0,644.0,1974.0,699.0,3947,1,0,1,Pedestrian
70,1936.0,644.0,1974.0,699.0,3948,1,0,1,Pedestrian
70,1936.0,644.0,1974.0,699.0,3949,1,0,1,Pedestrian
70,1936.0,644.0,1974.0,699.0,3950,1,0,1,Pedestrian
70,1938.0,644.0,1977.0,699.0,3951,0,0,0,Pedestrian
70,1936.0,644.0,1974.0,699.0,3952,0,0,1,Pedestrian
70,1936.0,644.0,1974.0,699.0,3953,0,0,1,Pedestrian
70,1933.0,644.0,1974.0,699.0,3954,0,0,1,Pedestrian
70,1933.0,644.0,1971.0,699.0,3955,0,0,1,Pedestrian
70,1933.0,644.0,1971.0,699.0,3956,0,0,1,Pedestrian
70,1930.0,644.0,1971.0,699.0,3957,0,0,1,Pedestrian
70,1930.0,644.0,1969.0,699.0,3958,0,0,1,Pedestrian
70,1927.0,644.0,1969.0,699.0,3959,0,0,1,Pedestrian
70,1927.0,644.0,1969.0,699.0,3960,0,0,1,Pedestrian
70,1927.0,644.0,1969.0,699.0,3961,0,0,0,Pedestrian
70,1927.0,644.0,1969.0,699.0,3962,0,0,1,Pedestrian
70,1927.0,644.0,1969.0,699.0,3963,0,0,1,Pedestrian
70,1927.0,644.0,1969.0,699.0,3964,0,0,1,Pedestrian
70,1927.0,644.0,1969.0,699.0,3965,0,0,1,Pedestrian
70,1927.0,644.0,1969.0,699.0,3966,0,0,0,Pedestrian
70,1925.0,644.0,1966.0,699.0,3967,0,0,1,Pedestrian
70,1922.0,644.0,1963.0,699.0,3968,0,0,1,Pedestrian
70,1922.0,644.0,1963.0,699.0,3969,0,0,1,Pedestrian
70,1919.0,644.0,1960.0,699.0,3970,0,0,1,Pedestrian
70,1919.0,644.0,1960.0,699.0,3971,0,0,1,Pedestrian
70,1916.0,644.0,1958.0,699.0,3972,0,0,1,Pedestrian
70,1916.0,644.0,1958.0,699.0,3973,0,0,1,Pedestrian
70,1914.0,644.0,1955.0,699.0,3974,0,0,1,Pedestrian
70,1914.0,644.0,1955.0,699.0,3975,0,0,1,Pedestrian
70,1911.0,644.0,1952.0,699.0,3976,0,0,1,Pedestrian
70,1911.0,644.0,1952.0,699.0,3977,0,0,1,Pedestrian
70,1908.0,646.0,1949.0,701.0,3978,0,0,1,Pedestrian
70,1908.0,646.0,1949.0,701.0,3979,0,0,1,Pedestrian
70,1905.0,646.0,1947.0,701.0,3980,0,0,1,Pedestrian
70,1905.0,646.0,1947.0,701.0,3981,0,0,1,Pedestrian
70,1903.0,646.0,1944.0,701.0,3982,0,0,1,Pedestrian
70,1903.0,646.0,1944.0,701.0,3983,0,0,1,Pedestrian
70,1900.0,646.0,1941.0,701.0,3984,0,0,1,Pedestrian
70,1897.0,646.0,1938.0,701.0,3985,0,0,1,Pedestrian
70,1897.0,646.0,1938.0,701.0,3986,0,0,1,Pedestrian
70,1894.0,646.0,1936.0,701.0,3987,0,0,1,Pedestrian
70,1894.0,646.0,1936.0,701.0,3988,0,0,1,Pedestrian
70,1892.0,648.0,1933.0,703.0,3989,0,0,1,Pedestrian
70,1892.0,648.0,1933.0,703.0,3990,0,0,1,Pedestrian
70,1889.0,648.0,1930.0,703.0,3991,0,0,1,Pedestrian
70,1889.0,648.0,1930.0,703.0,3992,0,0,1,Pedestrian
70,1886.0,648.0,1927.0,703.0,3993,0,0,1,Pedestrian
70,1886.0,648.0,1927.0,703.0,3994,0,0,1,Pedestrian
70,1883.0,648.0,1925.0,703.0,3995,0,0,1,Pedestrian
70,1883.0,648.0,1925.0,703.0,3996,0,0,1,Pedestrian
70,1881.0,648.0,1922.0,703.0,3997,0,0,1,Pedestrian
70,1881.0,648.0,1922.0,703.0,3998,0,0,1,Pedestrian
70,1878.0,648.0,1919.0,703.0,3999,0,0,1,Pedestrian
70,1878.0,651.0,1919.0,705.0,4000,0,0,0,Pedestrian
70,1875.0,651.0,1916.0,705.0,4001,0,0,1,Pedestrian
70,1872.0,651.0,1916.0,705.0,4002,0,0,1,Pedestrian
70,1872.0,651.0,1914.0,705.0,4003,0,0,1,Pedestrian
70,1870.0,651.0,1914.0,705.0,4004,0,0,1,Pedestrian
70,1870.0,651.0,1911.0,705.0,4005,0,0,1,Pedestrian
70,1867.0,653.0,1911.0,705.0,4006,0,0,1,Pedestrian
70,1867.0,653.0,1911.0,705.0,4007,0,0,1,Pedestrian
70,1864.0,653.0,1908.0,708.0,4008,0,0,1,Pedestrian
70,1864.0,653.0,1908.0,708.0,4009,0,0,1,Pedestrian
70,1861.0,653.0,1905.0,708.0,4010,0,0,1,Pedestrian
70,1861.0,655.0,1905.0,708.0,4011,0,0,1,Pedestrian
70,1859.0,655.0,1905.0,708.0,4012,0,0,1,Pedestrian
70,1859.0,655.0,1903.0,708.0,4013,0,0,1,Pedestrian
70,1856.0,655.0,1903.0,708.0,4014,0,0,1,Pedestrian
70,1856.0,655.0,1900.0,710.0,4015,0,0,1,Pedestrian
70,1853.0,655.0,1900.0,710.0,4016,0,0,1,Pedestrian
70,1850.0,658.0,1897.0,710.0,4017,0,0,1,Pedestrian
70,1850.0,658.0,1897.0,710.0,4018,0,0,1,Pedestrian
70,1848.0,658.0,1897.0,710.0,4019,0,0,1,Pedestrian
70,1848.0,658.0,1894.0,710.0,4020,0,0,1,Pedestrian
70,1845.0,658.0,1894.0,710.0,4021,0,0,1,Pedestrian
70,1845.0,660.0,1892.0,710.0,4022,0,0,1,Pedestrian
70,1842.0,660.0,1892.0,712.0,4023,0,0,1,Pedestrian
70,1842.0,660.0,1892.0,712.0,4024,0,0,1,Pedestrian
70,1839.0,660.0,1889.0,712.0,4025,0,0,1,Pedestrian
70,1839.0,660.0,1889.0,712.0,4026,0,0,1,Pedestrian
70,1837.0,660.0,1886.0,712.0,4027,0,0,1,Pedestrian
70,1837.0,662.0,1886.0,712.0,4028,0,0,1,Pedestrian
70,1834.0,662.0,1883.0,712.0,4029,0,0,1,Pedestrian
70,1834.0,662.0,1883.0,715.0,4030,0,0,1,Pedestrian
70,1831.0,662.0,1883.0,715.0,4031,0,0,1,Pedestrian
70,1828.0,662.0,1881.0,715.0,4032,0,0,1,Pedestrian
70,1828.0,664.0,1881.0,715.0,4033,0,0,1,Pedestrian
70,1826.0,664.0,1878.0,715.0,4034,0,0,1,Pedestrian
70,1826.0,664.0,1878.0,715.0,4035,0,0,1,Pedestrian
70,1823.0,664.0,1878.0,715.0,4036,0,0,1,Pedestrian
70,1823.0,664.0,1875.0,715.0,4037,0,0,1,Pedestrian
70,1820.0,664.0,1875.0,717.0,4038,0,0,1,Pedestrian
70,1820.0,667.0,1872.0,717.0,4039,0,0,1,Pedestrian
70,1817.0,667.0,1872.0,717.0,4040,0,0,1,Pedestrian
70,1817.0,667.0,1870.0,717.0,4041,0,0,1,Pedestrian
70,1815.0,667.0,1870.0,717.0,4042,0,0,1,Pedestrian
70,1815.0,667.0,1870.0,717.0,4043,0,0,1,Pedestrian
70,1812.0,669.0,1867.0,717.0,4044,0,0,1,Pedestrian
70,1812.0,669.0,1867.0,719.0,4045,0,0,1,Pedestrian
70,1809.0,669.0,1864.0,719.0,4046,0,0,1,Pedestrian
70,1806.0,669.0,1864.0,719.0,4047,0,0,1,Pedestrian
70,1806.0,669.0,1864.0,719.0,4048,0,0,1,Pedestrian
70,1804.0,669.0,1861.0,719.0,4049,0,0,1,Pedestrian
70,1804.0,671.0,1861.0,719.0,4050,0,0,1,Pedestrian
70,1801.0,671.0,1859.0,719.0,4051,0,0,1,Pedestrian
70,1801.0,671.0,1859.0,719.0,4052,0,0,1,Pedestrian
70,1798.0,671.0,1856.0,721.0,4053,0,0,1,Pedestrian
70,1798.0,671.0,1856.0,721.0,4054,0,0,1,Pedestrian
70,1795.0,674.0,1856.0,721.0,4055,0,0,1,Pedestrian
70,1795.0,674.0,1853.0,721.0,4056,0,0,1,Pedestrian
70,1793.0,674.0,1853.0,721.0,4057,0,0,1,Pedestrian
70,1793.0,674.0,1850.0,721.0,4058,0,0,1,Pedestrian
70,1790.0,674.0,1850.0,721.0,4059,0,0,1,Pedestrian
70,1790.0,676.0,1850.0,724.0,4060,0,0,0,Pedestrian
70,1787.0,676.0,1848.0,724.0,4061,0,0,1,Pedestrian
70,1784.0,676.0,1845.0,724.0,4062,0,0,1,Pedestrian
70,1784.0,676.0,1845.0,724.0,4063,0,0,1,Pedestrian
70,1782.0,676.0,1842.0,724.0,4064,0,0,1,Pedestrian
70,1782.0,676.0,1842.0,724.0,4065,0,0,1,Pedestrian
70,1779.0,676.0,1839.0,724.0,4066,0,0,1,Pedestrian
70,1776.0,678.0,1837.0,726.0,4067,0,0,1,Pedestrian
70,1776.0,678.0,1837.0,726.0,4068,0,0,1,Pedestrian
70,1773.0,678.0,1834.0,726.0,4069,0,0,1,Pedestrian
70,1773.0,678.0,1834.0,726.0,4070,0,0,1,Pedestrian
70,1771.0,678.0,1831.0,726.0,4071,0,0,1,Pedestrian
70,1768.0,678.0,1828.0,726.0,4072,0,0,1,Pedestrian
70,1768.0,680.0,1828.0,728.0,4073,0,0,1,Pedestrian
70,1765.0,680.0,1826.0,728.0,4074,0,0,1,Pedestrian
70,1765.0,680.0,1826.0,728.0,4075,0,0,1,Pedestrian
70,1762.0,680.0,1823.0,728.0,4076,0,0,1,Pedestrian
70,1760.0,680.0,1820.0,728.0,4077,0,0,1,Pedestrian
70,1760.0,680.0,1820.0,728.0,4078,0,0,1,Pedestrian
70,1757.0,683.0,1817.0,730.0,4079,0,0,1,Pedestrian
70,1757.0,683.0,1817.0,730.0,4080,0,0,1,Pedestrian
70,1754.0,683.0,1815.0,730.0,4081,0,0,1,Pedestrian
70,1751.0,683.0,1812.0,730.0,4082,0,0,1,Pedestrian
70,1751.0,683.0,1812.0,730.0,4083,0,0,1,Pedestrian
70,1749.0,683.0,1809.0,730.0,4084,0,0,1,Pedestrian
70,1749.0,685.0,1809.0,733.0,4085,0,0,1,Pedestrian
70,1746.0,685.0,1806.0,733.0,4086,0,0,1,Pedestrian
70,1743.0,685.0,1804.0,733.0,4087,0,0,1,Pedestrian
70,1743.0,685.0,1804.0,733.0,4088,0,0,1,Pedestrian
70,1740.0,685.0,1801.0,733.0,4089,0,0,1,Pedestrian
70,1740.0,685.0,1801.0,733.0,4090,0,0,1,Pedestrian
70,1738.0,685.0,1798.0,733.0,4091,0,0,1,Pedestrian
70,1735.0,687.0,1795.0,735.0,4092,0,0,1,Pedestrian
70,1735.0,687.0,1795.0,735.0,4093,0,0,1,Pedestrian
70,1732.0,687.0,1793.0,735.0,4094,0,0,1,Pedestrian
70,1732.0,687.0,1793.0,735.0,4095,0,0,1,Pedestrian
70,1729.0,687.0,1790.0,735.0,4096,0,0,1,Pedestrian
70,1727.0,687.0,1787.0,735.0,4097,0,0,1,Pedestrian
70,1727.0,689.0,1787.0,737.0,4098,0,0,1,Pedestrian
70,1724.0,689.0,1784.0,737.0,4099,0,0,1,Pedestrian
70,1724.0,689.0,1784.0,737.0,4100,0,0,1,Pedestrian
70,1721.0,689.0,1782.0,737.0,4101,0,0,1,Pedestrian
70,1718.0,689.0,1779.0,737.0,4102,0,0,1,Pedestrian
70,1718.0,689.0,1779.0,737.0,4103,0,0,1,Pedestrian
70,1716.0,692.0,1776.0,740.0,4104,0,0,1,Pedestrian
70,1716.0,692.0,1776.0,740.0,4105,0,0,1,Pedestrian
70,1713.0,692.0,1773.0,740.0,4106,0,0,1,Pedestrian
70,1710.0,692.0,1771.0,740.0,4107,0,0,1,Pedestrian
70,1710.0,692.0,1771.0,740.0,4108,0,0,1,Pedestrian
70,1707.0,692.0,1768.0,740.0,4109,0,0,1,Pedestrian
70,1707.0,694.0,1768.0,742.0,4110,0,0,0,Pedestrian
70,1705.0,694.0,1765.0,742.0,4111,0,0,1,Pedestrian
70,1702.0,694.0,1762.0,742.0,4112,0,0,1,Pedestrian
70,1702.0,694.0,1762.0,742.0,4113,0,0,1,Pedestrian
70,1699.0,694.0,1760.0,742.0,4114,0,0,1,Pedestrian
70,1699.0,694.0,1760.0,742.0,4115,0,0,1,Pedestrian
70,1696.0,694.0,1757.0,742.0,4116,0,0,1,Pedestrian
70,1696.0,694.0,1757.0,742.0,4117,0,0,1,Pedestrian
70,1694.0,694.0,1754.0,742.0,4118,0,0,1,Pedestrian
70,1694.0,694.0,1754.0,742.0,4119,0,0,1,Pedestrian
70,1691.0,696.0,1751.0,744.0,4120,0,0,1,Pedestrian
70,1691.0,696.0,1751.0,744.0,4121,0,0,1,Pedestrian
70,1688.0,696.0,1749.0,744.0,4122,0,0,1,Pedestrian
70,1688.0,696.0,1749.0,744.0,4123,0,0,1,Pedestrian
70,1685.0,696.0,1746.0,744.0,4124,0,0,1,Pedestrian
70,1685.0,696.0,1746.0,744.0,4125,0,0,1,Pedestrian
70,1683.0,696.0,1743.0,744.0,4126,0,0,1,Pedestrian
70,1683.0,696.0,1743.0,744.0,4127,0,0,1,Pedestrian
70,1680.0,696.0,1740.0,744.0,4128,0,0,1,Pedestrian
70,1680.0,696.0,1740.0,744.0,4129,0,0,1,Pedestrian
70,1677.0,699.0,1738.0,746.0,4130,0,0,1,Pedestrian
70,1674.0,699.0,1735.0,746.0,4131,0,0,1,Pedestrian
70,1674.0,699.0,1735.0,746.0,4132,0,0,1,Pedestrian
70,1672.0,699.0,1732.0,746.0,4133,0,0,1,Pedestrian
70,1672.0,699.0,1732.0,746.0,4134,0,0,1,Pedestrian
70,1669.0,699.0,1729.0,746.0,4135,0,0,1,Pedestrian
70,1669.0,699.0,1729.0,746.0,4136,0,0,1,Pedestrian
70,1666.0,699.0,1727.0,746.0,4137,0,0,1,Pedestrian
70,1666.0,699.0,1727.0,746.0,4138,0,0,1,Pedestrian
70,1663.0,699.0,1724.0,746.0,4139,0,0,1,Pedestrian
70,1663.0,701.0,1724.0,749.0,4140,0,0,1,Pedestrian
70,1661.0,701.0,1721.0,749.0,4141,0,0,1,Pedestrian
70,1661.0,701.0,1721.0,749.0,4142,0,0,1,Pedestrian
70,1658.0,701.0,1718.0,749.0,4143,0,0,1,Pedestrian
70,1658.0,701.0,1718.0,749.0,4144,0,0,1,Pedestrian
70,1655.0,701.0,1716.0,749.0,4145,0,0,1,Pedestrian
70,1655.0,701.0,1716.0,749.0,4146,0,0,1,Pedestrian
70,1652.0,701.0,1713.0,749.0,4147,0,0,1,Pedestrian
70,1652.0,701.0,1713.0,749.0,4148,0,0,1,Pedestrian
70,1650.0,701.0,1710.0,749.0,4149,0,0,1,Pedestrian
70,1650.0,703.0,1710.0,751.0,4150,0,0,0,Pedestrian
70,1647.0,703.0,1707.0,751.0,4151,0,0,1,Pedestrian
70,1644.0,703.0,1705.0,751.0,4152,0,0,1,Pedestrian
70,1644.0,703.0,1705.0,751.0,4153,0,0,1,Pedestrian
70,1641.0,703.0,1702.0,751.0,4154,0,0,1,Pedestrian
70,1641.0,703.0,1702.0,751.0,4155,0,0,1,Pedestrian
70,1639.0,703.0,1699.0,751.0,4156,0,0,1,Pedestrian
70,1639.0,703.0,1699.0,751.0,4157,0,0,1,Pedestrian
70,1636.0,703.0,1696.0,751.0,4158,0,0,1,Pedestrian
70,1636.0,703.0,1696.0,751.0,4159,0,0,1,Pedestrian
70,1633.0,703.0,1694.0,751.0,4160,0,0,1,Pedestrian
70,1633.0,703.0,1694.0,751.0,4161,0,0,1,Pedestrian
70,1630.0,703.0,1691.0,751.0,4162,0,0,1,Pedestrian
70,1628.0,703.0,1688.0,751.0,4163,0,0,1,Pedestrian
70,1628.0,703.0,1688.0,751.0,4164,0,0,1,Pedestrian
70,1625.0,703.0,1685.0,751.0,4165,0,0,1,Pedestrian
70,1625.0,703.0,1685.0,751.0,4166,0,0,1,Pedestrian
70,1622.0,703.0,1683.0,751.0,4167,0,0,1,Pedestrian
70,1622.0,703.0,1683.0,751.0,4168,0,0,1,Pedestrian
70,1619.0,703.0,1680.0,751.0,4169,0,0,1,Pedestrian
70,1619.0,703.0,1680.0,751.0,4170,0,0,1,Pedestrian
70,1617.0,703.0,1677.0,751.0,4171,0,0,1,Pedestrian
70,1617.0,703.0,1677.0,751.0,4172,0,0,1,Pedestrian
70,1614.0,703.0,1674.0,751.0,4173,0,0,1,Pedestrian
70,1611.0,705.0,1672.0,753.0,4174,0,0,1,Pedestrian
70,1611.0,705.0,1672.0,753.0,4175,0,0,1,Pedestrian
70,1608.0,705.0,1669.0,753.0,4176,0,0,1,Pedestrian
70,1608.0,705.0,1669.0,753.0,4177,0,0,1,Pedestrian
70,1606.0,705.0,1666.0,753.0,4178,0,0,1,Pedestrian
70,1606.0,705.0,1666.0,753.0,4179,0,0,1,Pedestrian
70,1603.0,705.0,1663.0,753.0,4180,0,0,1,Pedestrian
70,1603.0,705.0,1663.0,753.0,4181,0,0,1,Pedestrian
70,1600.0,705.0,1661.0,753.0,4182,0,0,1,Pedestrian
70,1600.0,705.0,1661.0,753.0,4183,0,0,1,Pedestrian
70,1597.0,705.0,1658.0,753.0,4184,0,0,1,Pedestrian
70,1597.0,705.0,1658.0,753.0,4185,0,0,1,Pedestrian
70,1595.0,705.0,1655.0,753.0,4186,0,0,1,Pedestrian
70,1592.0,705.0,1652.0,753.0,4187,0,0,1,Pedestrian
70,1592.0,705.0,1652.0,753.0,4188,0,0,1,Pedestrian
70,1589.0,705.0,1650.0,753.0,4189,0,0,1,Pedestrian
70,1589.0,705.0,1650.0,753.0,4190,0,0,1,Pedestrian
70,1586.0,705.0,1647.0,753.0,4191,0,0,1,Pedestrian
70,1586.0,705.0,1647.0,753.0,4192,0,0,1,Pedestrian
70,1584.0,705.0,1644.0,753.0,4193,0,0,1,Pedestrian
70,1584.0,705.0,1644.0,753.0,4194,0,0,1,Pedestrian
70,1581.0,705.0,1641.0,753.0,4195,0,0,1,Pedestrian
70,1581.0,705.0,1641.0,753.0,4196,0,0,1,Pedestrian
70,1578.0,708.0,1639.0,755.0,4197,0,0,1,Pedestrian
70,1575.0,708.0,1636.0,755.0,4198,0,0,1,Pedestrian
70,1575.0,708.0,1636.0,755.0,4199,0,0,1,Pedestrian
70,1573.0,708.0,1633.0,755.0,4200,0,0,1,Pedestrian
70,1573.0,708.0,1633.0,755.0,4201,0,0,1,Pedestrian
70,1570.0,708.0,1630.0,755.0,4202,0,0,1,Pedestrian
70,1570.0,708.0,1630.0,755.0,4203,0,0,1,Pedestrian
70,1567.0,708.0,1628.0,755.0,4204,0,0,1,Pedestrian
70,1567.0,708.0,1628.0,755.0,4205,0,0,1,Pedestrian
70,1564.0,708.0,1625.0,755.0,4206,0,0,1,Pedestrian
70,1564.0,708.0,1625.0,755.0,4207,0,0,1,Pedestrian
70,1562.0,708.0,1622.0,755.0,4208,0,0,1,Pedestrian
70,1559.0,708.0,1619.0,755.0,4209,0,0,1,Pedestrian
70,1559.0,708.0,1619.0,755.0,4210,0,0,1,Pedestrian
70,1556.0,708.0,1617.0,755.0,4211,0,0,1,Pedestrian
70,1556.0,708.0,1617.0,755.0,4212,0,0,1,Pedestrian
70,1553.0,708.0,1614.0,755.0,4213,0,0,1,Pedestrian
70,1553.0,708.0,1614.0,755.0,4214,0,0,1,Pedestrian
70,1551.0,708.0,1611.0,755.0,4215,0,0,1,Pedestrian
70,1551.0,708.0,1611.0,755.0,4216,0,0,1,Pedestrian
70,1548.0,708.0,1608.0,755.0,4217,0,0,1,Pedestrian
70,1548.0,708.0,1608.0,755.0,4218,0,0,1,Pedestrian
70,1545.0,708.0,1606.0,755.0,4219,0,0,1,Pedestrian
70,1545.0,710.0,1606.0,758.0,4220,0,0,0,Pedestrian
70,1542.0,710.0,1603.0,758.0,4221,0,0,1,Pedestrian
70,1540.0,710.0,1600.0,758.0,4222,0,0,1,Pedestrian
70,1540.0,710.0,1600.0,758.0,4223,0,0,1,Pedestrian
70,1537.0,710.0,1597.0,758.0,4224,0,0,1,Pedestrian
70,1537.0,710.0,1597.0,758.0,4225,0,0,1,Pedestrian
70,1534.0,710.0,1595.0,758.0,4226,0,0,1,Pedestrian
70,1534.0,710.0,1595.0,758.0,4227,0,0,1,Pedestrian
70,1531.0,710.0,1592.0,758.0,4228,0,0,1,Pedestrian
70,1531.0,710.0,1592.0,758.0,4229,0,0,1,Pedestrian
70,1529.0,712.0,1589.0,760.0,4230,0,0,1,Pedestrian
70,1529.0,712.0,1589.0,760.0,4231,0,0,1,Pedestrian
70,1526.0,712.0,1586.0,760.0,4232,0,0,1,Pedestrian
70,1523.0,712.0,1584.0,760.0,4233,0,0,1,Pedestrian
70,1523.0,712.0,1584.0,760.0,4234,0,0,1,Pedestrian
70,1520.0,712.0,1581.0,760.0,4235,0,0,1,Pedestrian
70,1520.0,712.0,1581.0,760.0,4236,0,0,1,Pedestrian
70,1518.0,712.0,1578.0,760.0,4237,0,0,1,Pedestrian
70,1518.0,712.0,1578.0,760.0,4238,0,0,1,Pedestrian
70,1515.0,712.0,1575.0,760.0,4239,0,0,1,Pedestrian
70,1515.0,715.0,1575.0,762.0,4240,0,0,1,Pedestrian
70,1512.0,715.0,1573.0,762.0,4241,0,0,1,Pedestrian
70,1512.0,715.0,1573.0,762.0,4242,0,0,1,Pedestrian
70,1509.0,715.0,1570.0,762.0,4243,0,0,1,Pedestrian
70,1507.0,715.0,1567.0,762.0,4244,0,0,1,Pedestrian
70,1507.0,715.0,1567.0,762.0,4245,0,0,1,Pedestrian
70,1504.0,715.0,1564.0,762.0,4246,0,0,1,Pedestrian
70,1504.0,715.0,1564.0,762.0,4247,0,0,1,Pedestrian
70,1501.0,715.0,1562.0,762.0,4248,0,0,1,Pedestrian
70,1501.0,715.0,1562.0,762.0,4249,0,0,1,Pedestrian
70,1498.0,717.0,1559.0,765.0,4250,0,0,1,Pedestrian
70,1498.0,717.0,1559.0,765.0,4251,0,0,1,Pedestrian
70,1496.0,717.0,1556.0,765.0,4252,0,0,1,Pedestrian
70,1496.0,717.0,1556.0,765.0,4253,0,0,1,Pedestrian
70,1493.0,717.0,1553.0,765.0,4254,0,0,1,Pedestrian
70,1493.0,717.0,1553.0,765.0,4255,0,0,1,Pedestrian
70,1490.0,717.0,1551.0,765.0,4256,0,0,1,Pedestrian
70,1487.0,717.0,1548.0,765.0,4257,0,0,1,Pedestrian
70,1487.0,717.0,1548.0,765.0,4258,0,0,1,Pedestrian
70,1485.0,717.0,1545.0,765.0,4259,0,0,1,Pedestrian
70,1485.0,719.0,1545.0,767.0,4260,0,0,1,Pedestrian
70,1482.0,719.0,1542.0,767.0,4261,0,0,1,Pedestrian
70,1482.0,719.0,1542.0,767.0,4262,0,0,1,Pedestrian
70,1479.0,719.0,1540.0,767.0,4263,0,0,1,Pedestrian
70,1479.0,719.0,1540.0,767.0,4264,0,0,1,Pedestrian
70,1476.0,719.0,1537.0,767.0,4265,0,0,1,Pedestrian
70,1476.0,719.0,1537.0,767.0,4266,0,0,1,Pedestrian
70,1474.0,719.0,1534.0,767.0,4267,0,0,1,Pedestrian
70,1471.0,719.0,1531.0,767.0,4268,0,0,1,Pedestrian
70,1471.0,719.0,1531.0,767.0,4269,0,0,1,Pedestrian
70,1468.0,721.0,1529.0,769.0,4270,0,0,1,Pedestrian
70,1468.0,721.0,1529.0,769.0,4271,0,0,1,Pedestrian
70,1465.0,721.0,1526.0,769.0,4272,0,0,1,Pedestrian
70,1465.0,721.0,1526.0,769.0,4273,0,0,1,Pedestrian
70,1463.0,721.0,1523.0,769.0,4274,0,0,1,Pedestrian
70,1463.0,721.0,1523.0,769.0,4275,0,0,1,Pedestrian
70,1460.0,721.0,1520.0,769.0,4276,0,0,1,Pedestrian
70,1460.0,721.0,1520.0,769.0,4277,0,0,1,Pedestrian
70,1457.0,721.0,1518.0,769.0,4278,0,0,1,Pedestrian
70,1454.0,721.0,1515.0,769.0,4279,0,0,1,Pedestrian
70,1454.0,724.0,1515.0,771.0,4280,0,0,1,Pedestrian
70,1452.0,724.0,1512.0,771.0,4281,0,0,1,Pedestrian
70,1452.0,724.0,1512.0,771.0,4282,0,0,1,Pedestrian
70,1449.0,724.0,1509.0,771.0,4283,0,0,1,Pedestrian
70,1449.0,724.0,1509.0,771.0,4284,0,0,1,Pedestrian
70,1446.0,724.0,1507.0,771.0,4285,0,0,1,Pedestrian
70,1446.0,724.0,1507.0,771.0,4286,0,0,1,Pedestrian
70,1443.0,724.0,1504.0,771.0,4287,0,0,1,Pedestrian
70,1443.0,724.0,1504.0,771.0,4288,0,0,1,Pedestrian
70,1441.0,724.0,1501.0,771.0,4289,0,0,1,Pedestrian
70,1441.0,726.0,1501.0,774.0,4290,0,0,0,Pedestrian
70,1438.0,726.0,1498.0,774.0,4291,0,0,1,Pedestrian
70,1435.0,726.0,1496.0,774.0,4292,0,0,1,Pedestrian
70,1435.0,726.0,1496.0,774.0,4293,0,0,1,Pedestrian
70,1432.0,726.0,1493.0,774.0,4294,0,0,1,Pedestrian
70,1432.0,726.0,1493.0,774.0,4295,0,0,1,Pedestrian
70,1430.0,726.0,1490.0,774.0,4296,0,0,1,Pedestrian
70,1430.0,726.0,1490.0,774.0,4297,0,0,1,Pedestrian
70,1427.0,726.0,1487.0,774.0,4298,0,0,1,Pedestrian
70,1427.0,726.0,1487.0,774.0,4299,0,0,1,Pedestrian
70,1424.0,726.0,1485.0,774.0,4300,0,0,1,Pedestrian
70,1424.0,726.0,1485.0,774.0,4301,0,0,1,Pedestrian
70,1421.0,726.0,1482.0,774.0,4302,0,0,1,Pedestrian
70,1421.0,726.0,1482.0,774.0,4303,0,0,1,Pedestrian
70,1419.0,726.0,1479.0,774.0,4304,0,0,1,Pedestrian
70,1419.0,726.0,1479.0,774.0,4305,0,0,1,Pedestrian
70,1416.0,726.0,1476.0,774.0,4306,0,0,1,Pedestrian
70,1416.0,726.0,1476.0,774.0,4307,0,0,1,Pedestrian
70,1413.0,726.0,1474.0,774.0,4308,0,0,1,Pedestrian
70,1413.0,726.0,1474.0,774.0,4309,0,0,1,Pedestrian
70,1410.0,726.0,1471.0,774.0,4310,0,0,1,Pedestrian
70,1410.0,726.0,1471.0,774.0,4311,0,0,1,Pedestrian
70,1408.0,726.0,1468.0,774.0,4312,0,0,1,Pedestrian
70,1408.0,726.0,1468.0,774.0,4313,0,0,1,Pedestrian
70,1405.0,726.0,1465.0,774.0,4314,0,0,1,Pedestrian
70,1405.0,726.0,1465.0,774.0,4315,0,0,1,Pedestrian
70,1402.0,726.0,1463.0,774.0,4316,0,0,1,Pedestrian
70,1399.0,726.0,1460.0,774.0,4317,0,0,1,Pedestrian
70,1399.0,726.0,1460.0,774.0,4318,0,0,1,Pedestrian
70,1397.0,726.0,1457.0,774.0,4319,0,0,1,Pedestrian
70,1397.0,726.0,1457.0,774.0,4320,0,0,1,Pedestrian
70,1394.0,726.0,1454.0,774.0,4321,0,0,1,Pedestrian
70,1394.0,726.0,1454.0,774.0,4322,0,0,1,Pedestrian
70,1391.0,726.0,1452.0,774.0,4323,0,0,1,Pedestrian
70,1391.0,726.0,1452.0,774.0,4324,0,0,1,Pedestrian
70,1388.0,726.0,1449.0,774.0,4325,0,0,1,Pedestrian
70,1388.0,726.0,1449.0,774.0,4326,0,0,1,Pedestrian
70,1386.0,726.0,1446.0,774.0,4327,0,0,1,Pedestrian
70,1386.0,726.0,1446.0,774.0,4328,0,0,1,Pedestrian
70,1383.0,726.0,1443.0,774.0,4329,0,0,1,Pedestrian
70,1383.0,726.0,1443.0,774.0,4330,0,0,1,Pedestrian
70,1380.0,726.0,1441.0,774.0,4331,0,0,1,Pedestrian
70,1380.0,726.0,1441.0,774.0,4332,0,0,1,Pedestrian
70,1377.0,726.0,1438.0,774.0,4333,0,0,1,Pedestrian
70,1377.0,726.0,1438.0,774.0,4334,0,0,1,Pedestrian
70,1375.0,726.0,1435.0,774.0,4335,0,0,1,Pedestrian
70,1375.0,726.0,1435.0,774.0,4336,0,0,1,Pedestrian
70,1372.0,726.0,1432.0,774.0,4337,0,0,1,Pedestrian
70,1372.0,726.0,1432.0,774.0,4338,0,0,1,Pedestrian
70,1369.0,726.0,1430.0,774.0,4339,0,0,1,Pedestrian
70,1369.0,726.0,1430.0,774.0,4340,0,0,0,Pedestrian
70,1366.0,724.0,1427.0,771.0,4341,0,0,1,Pedestrian
70,1364.0,724.0,1424.0,771.0,4342,0,0,1,Pedestrian
70,1364.0,724.0,1424.0,771.0,4343,0,0,1,Pedestrian
70,1361.0,724.0,1421.0,771.0,4344,0,0,1,Pedestrian
70,1361.0,724.0,1421.0,771.0,4345,0,0,1,Pedestrian
70,1358.0,724.0,1419.0,771.0,4346,0,0,1,Pedestrian
70,1355.0,724.0,1416.0,771.0,4347,0,0,1,Pedestrian
70,1355.0,724.0,1416.0,771.0,4348,0,0,1,Pedestrian
70,1353.0,724.0,1413.0,771.0,4349,0,0,1,Pedestrian
70,1353.0,724.0,1413.0,771.0,4350,0,0,1,Pedestrian
70,1350.0,724.0,1410.0,771.0,4351,0,0,1,Pedestrian
70,1347.0,724.0,1408.0,771.0,4352,0,0,1,Pedestrian
70,1347.0,724.0,1408.0,771.0,4353,0,0,1,Pedestrian
70,1344.0,724.0,1405.0,771.0,4354,0,0,1,Pedestrian
70,1344.0,724.0,1405.0,771.0,4355,0,0,1,Pedestrian
70,1342.0,724.0,1402.0,771.0,4356,0,0,1,Pedestrian
70,1339.0,724.0,1399.0,771.0,4357,0,0,1,Pedestrian
70,1339.0,724.0,1399.0,771.0,4358,0,0,1,Pedestrian
70,1336.0,724.0,1397.0,771.0,4359,0,0,1,Pedestrian
70,1336.0,724.0,1397.0,771.0,4360,0,0,1,Pedestrian
70,1333.0,721.0,1394.0,769.0,4361,0,0,1,Pedestrian
70,1331.0,721.0,1391.0,769.0,4362,0,0,1,Pedestrian
70,1331.0,721.0,1391.0,769.0,4363,0,0,1,Pedestrian
70,1328.0,721.0,1388.0,769.0,4364,0,0,1,Pedestrian
70,1328.0,721.0,1388.0,769.0,4365,0,0,1,Pedestrian
70,1325.0,721.0,1386.0,769.0,4366,0,0,1,Pedestrian
70,1322.0,721.0,1383.0,769.0,4367,0,0,1,Pedestrian
70,1322.0,721.0,1383.0,769.0,4368,0,0,1,Pedestrian
70,1320.0,721.0,1380.0,769.0,4369,0,0,1,Pedestrian
70,1320.0,721.0,1380.0,769.0,4370,0,0,1,Pedestrian
70,1317.0,721.0,1377.0,769.0,4371,0,0,1,Pedestrian
70,1314.0,721.0,1375.0,769.0,4372,0,0,1,Pedestrian
70,1314.0,721.0,1375.0,769.0,4373,0,0,1,Pedestrian
70,1311.0,721.0,1372.0,769.0,4374,0,0,1,Pedestrian
70,1311.0,721.0,1372.0,769.0,4375,0,0,1,Pedestrian
70,1309.0,721.0,1369.0,769.0,4376,0,0,1,Pedestrian
70,1306.0,721.0,1366.0,769.0,4377,0,0,1,Pedestrian
70,1306.0,721.0,1366.0,769.0,4378,0,0,1,Pedestrian
70,1303.0,721.0,1364.0,769.0,4379,0,0,1,Pedestrian
70,1303.0,721.0,1364.0,769.0,4380,0,0,1,Pedestrian
70,1300.0,719.0,1361.0,767.0,4381,0,0,1,Pedestrian
70,1298.0,719.0,1358.0,767.0,4382,0,0,1,Pedestrian
70,1298.0,719.0,1358.0,767.0,4383,0,0,1,Pedestrian
70,1295.0,719.0,1355.0,767.0,4384,0,0,1,Pedestrian
70,1295.0,719.0,1355.0,767.0,4385,0,0,1,Pedestrian
70,1292.0,719.0,1353.0,767.0,4386,0,0,1,Pedestrian
70,1289.0,719.0,1350.0,767.0,4387,0,0,1,Pedestrian
70,1289.0,719.0,1350.0,767.0,4388,0,0,1,Pedestrian
70,1287.0,719.0,1347.0,767.0,4389,0,0,1,Pedestrian
70,1287.0,719.0,1347.0,767.0,4390,0,0,1,Pedestrian
70,1284.0,719.0,1344.0,767.0,4391,0,0,1,Pedestrian
70,1281.0,719.0,1342.0,767.0,4392,0,0,1,Pedestrian
70,1281.0,719.0,1342.0,767.0,4393,0,0,1,Pedestrian
70,1278.0,719.0,1339.0,767.0,4394,0,0,1,Pedestrian
70,1278.0,719.0,1339.0,767.0,4395,0,0,1,Pedestrian
70,1276.0,719.0,1336.0,767.0,4396,0,0,1,Pedestrian
70,1273.0,719.0,1333.0,767.0,4397,0,0,1,Pedestrian
70,1273.0,719.0,1333.0,767.0,4398,0,0,1,Pedestrian
70,1270.0,719.0,1331.0,767.0,4399,0,0,1,Pedestrian
70,1270.0,719.0,1331.0,767.0,4400,0,0,0,Pedestrian
70,1267.0,719.0,1328.0,767.0,4401,0,0,1,Pedestrian
70,1265.0,719.0,1325.0,767.0,4402,0,0,1,Pedestrian
70,1265.0,719.0,1325.0,767.0,4403,0,0,1,Pedestrian
70,1262.0,719.0,1322.0,767.0,4404,0,0,1,Pedestrian
70,1262.0,719.0,1322.0,767.0,4405,0,0,1,Pedestrian
70,1259.0,719.0,1320.0,767.0,4406,0,0,1,Pedestrian
70,1256.0,719.0,1317.0,767.0,4407,0,0,1,Pedestrian
70,1256.0,719.0,1317.0,767.0,4408,0,0,1,Pedestrian
70,1254.0,719.0,1314.0,767.0,4409,0,0,1,Pedestrian
70,1254.0,719.0,1314.0,767.0,4410,0,0,1,Pedestrian
70,1251.0,719.0,1311.0,767.0,4411,0,0,1,Pedestrian
70,1251.0,719.0,1311.0,767.0,4412,0,0,1,Pedestrian
70,1248.0,719.0,1309.0,767.0,4413,0,0,1,Pedestrian
70,1245.0,719.0,1306.0,767.0,4414,0,0,1,Pedestrian
70,1245.0,719.0,1306.0,767.0,4415,0,0,1,Pedestrian
70,1243.0,719.0,1303.0,767.0,4416,0,0,1,Pedestrian
70,1243.0,719.0,1303.0,767.0,4417,0,0,1,Pedestrian
70,1240.0,719.0,1300.0,767.0,4418,0,0,1,Pedestrian
70,1237.0,719.0,1298.0,767.0,4419,0,0,1,Pedestrian
70,1237.0,719.0,1298.0,767.0,4420,0,0,1,Pedestrian
70,1234.0,719.0,1295.0,767.0,4421,0,0,1,Pedestrian
70,1234.0,719.0,1295.0,767.0,4422,0,0,1,Pedestrian
70,1232.0,719.0,1292.0,767.0,4423,0,0,1,Pedestrian
70,1232.0,719.0,1292.0,767.0,4424,0,0,1,Pedestrian
70,1229.0,719.0,1289.0,767.0,4425,0,0,1,Pedestrian
70,1226.0,719.0,1287.0,767.0,4426,0,0,1,Pedestrian
70,1226.0,719.0,1287.0,767.0,4427,0,0,1,Pedestrian
70,1223.0,719.0,1284.0,767.0,4428,0,0,1,Pedestrian
70,1223.0,719.0,1284.0,767.0,4429,0,0,1,Pedestrian
70,1221.0,719.0,1281.0,767.0,4430,0,0,1,Pedestrian
70,1221.0,719.0,1281.0,767.0,4431,0,0,1,Pedestrian
70,1218.0,719.0,1278.0,767.0,4432,0,0,1,Pedestrian
70,1215.0,719.0,1276.0,767.0,4433,0,0,1,Pedestrian
70,1215.0,719.0,1276.0,767.0,4434,0,0,1,Pedestrian
70,1212.0,719.0,1273.0,767.0,4435,0,0,1,Pedestrian
70,1212.0,719.0,1273.0,767.0,4436,0,0,1,Pedestrian
70,1210.0,719.0,1270.0,767.0,4437,0,0,1,Pedestrian
70,1207.0,719.0,1267.0,767.0,4438,0,0,1,Pedestrian
70,1207.0,719.0,1267.0,767.0,4439,0,0,1,Pedestrian
70,1204.0,719.0,1265.0,767.0,4440,0,0,1,Pedestrian
70,1204.0,719.0,1265.0,767.0,4441,0,0,1,Pedestrian
70,1201.0,719.0,1262.0,767.0,4442,0,0,1,Pedestrian
70,1201.0,719.0,1262.0,767.0,4443,0,0,1,Pedestrian
70,1199.0,719.0,1259.0,767.0,4444,0,0,1,Pedestrian
70,1196.0,719.0,1256.0,767.0,4445,0,0,1,Pedestrian
70,1196.0,719.0,1256.0,767.0,4446,0,0,1,Pedestrian
70,1193.0,719.0,1254.0,767.0,4447,0,0,1,Pedestrian
70,1193.0,719.0,1254.0,767.0,4448,0,0,1,Pedestrian
70,1190.0,719.0,1251.0,767.0,4449,0,0,1,Pedestrian
70,1190.0,719.0,1251.0,767.0,4450,0,0,0,Pedestrian
70,1188.0,719.0,1248.0,767.0,4451,0,0,1,Pedestrian
70,1185.0,719.0,1245.0,767.0,4452,0,0,1,Pedestrian
70,1185.0,719.0,1245.0,767.0,4453,0,0,1,Pedestrian
70,1182.0,719.0,1243.0,767.0,4454,0,0,1,Pedestrian
70,1182.0,719.0,1243.0,767.0,4455,0,0,1,Pedestrian
70,1179.0,719.0,1240.0,767.0,4456,0,0,1,Pedestrian
70,1179.0,719.0,1240.0,767.0,4457,0,0,1,Pedestrian
70,1177.0,719.0,1237.0,767.0,4458,0,0,1,Pedestrian
70,1177.0,719.0,1237.0,767.0,4459,0,0,1,Pedestrian
70,1174.0,719.0,1234.0,767.0,4460,0,0,1,Pedestrian
70,1174.0,719.0,1234.0,767.0,4461,0,0,1,Pedestrian
70,1171.0,719.0,1232.0,767.0,4462,0,0,1,Pedestrian
70,1171.0,719.0,1232.0,767.0,4463,0,0,1,Pedestrian
70,1168.0,719.0,1229.0,767.0,4464,0,0,1,Pedestrian
70,1168.0,719.0,1229.0,767.0,4465,0,0,1,Pedestrian
70,1166.0,719.0,1226.0,767.0,4466,0,0,1,Pedestrian
70,1166.0,721.0,1226.0,769.0,4467,0,0,1,Pedestrian
70,1163.0,721.0,1223.0,769.0,4468,0,0,1,Pedestrian
70,1163.0,721.0,1223.0,769.0,4469,0,0,1,Pedestrian
70,1160.0,721.0,1221.0,769.0,4470,0,0,1,Pedestrian
70,1160.0,721.0,1221.0,769.0,4471,0,0,1,Pedestrian
70,1157.0,721.0,1218.0,769.0,4472,0,0,1,Pedestrian
70,1157.0,721.0,1218.0,769.0,4473,0,0,1,Pedestrian
70,1155.0,721.0,1215.0,769.0,4474,0,0,1,Pedestrian
70,1155.0,721.0,1215.0,769.0,4475,0,0,1,Pedestrian
70,1152.0,721.0,1212.0,769.0,4476,0,0,1,Pedestrian
70,1149.0,721.0,1210.0,769.0,4477,0,0,1,Pedestrian
70,1149.0,721.0,1210.0,769.0,4478,0,0,1,Pedestrian
70,1146.0,721.0,1207.0,769.0,4479,0,0,1,Pedestrian
70,1146.0,721.0,1207.0,769.0,4480,0,0,1,Pedestrian
70,1144.0,721.0,1204.0,769.0,4481,0,0,1,Pedestrian
70,1144.0,721.0,1204.0,769.0,4482,0,0,1,Pedestrian
70,1141.0,721.0,1201.0,769.0,4483,0,0,1,Pedestrian
70,1141.0,724.0,1201.0,771.0,4484,0,0,1,Pedestrian
70,1138.0,724.0,1199.0,771.0,4485,0,0,1,Pedestrian
70,1138.0,724.0,1199.0,771.0,4486,0,0,1,Pedestrian
70,1135.0,724.0,1196.0,771.0,4487,0,0,1,Pedestrian
70,1135.0,724.0,1196.0,771.0,4488,0,0,1,Pedestrian
70,1133.0,724.0,1193.0,771.0,4489,0,0,1,Pedestrian
70,1133.0,724.0,1193.0,771.0,4490,0,0,1,Pedestrian
70,1130.0,724.0,1190.0,771.0,4491,0,0,1,Pedestrian
70,1130.0,724.0,1190.0,771.0,4492,0,0,1,Pedestrian
70,1127.0,724.0,1188.0,771.0,4493,0,0,1,Pedestrian
70,1127.0,724.0,1188.0,771.0,4494,0,0,1,Pedestrian
70,1124.0,724.0,1185.0,771.0,4495,0,0,1,Pedestrian
70,1124.0,724.0,1185.0,771.0,4496,0,0,1,Pedestrian
70,1122.0,724.0,1182.0,771.0,4497,0,0,1,Pedestrian
70,1122.0,724.0,1182.0,771.0,4498,0,0,1,Pedestrian
70,1119.0,724.0,1179.0,771.0,4499,0,0,1,Pedestrian
70,1119.0,726.0,1179.0,774.0,4500,0,0,0,Pedestrian
70,1116.0,726.0,1177.0,774.0,4501,0,0,1,Pedestrian
70,1113.0,726.0,1174.0,774.0,4502,0,0,1,Pedestrian
70,1113.0,726.0,1174.0,774.0,4503,0,0,1,Pedestrian
70,1111.0,726.0,1171.0,774.0,4504,0,0,1,Pedestrian
70,1111.0,726.0,1171.0,774.0,4505,0,0,1,Pedestrian
70,1108.0,726.0,1168.0,774.0,4506,0,0,1,Pedestrian
70,1108.0,726.0,1168.0,774.0,4507,0,0,1,Pedestrian
70,1105.0,726.0,1166.0,774.0,4508,0,0,1,Pedestrian
70,1105.0,726.0,1163.0,774.0,4509,0,0,1,Pedestrian
70,1102.0,726.0,1163.0,774.0,4510,0,0,1,Pedestrian
70,1102.0,726.0,1160.0,774.0,4511,0,0,1,Pedestrian
70,1100.0,728.0,1160.0,774.0,4512,0,0,1,Pedestrian
70,1100.0,728.0,1157.0,774.0,4513,0,0,1,Pedestrian
70,1097.0,728.0,1157.0,774.0,4514,0,0,1,Pedestrian
70,1097.0,728.0,1155.0,774.0,4515,0,0,1,Pedestrian
70,1094.0,728.0,1155.0,774.0,4516,0,0,1,Pedestrian
70,1094.0,728.0,1152.0,774.0,4517,0,0,1,Pedestrian
70,1091.0,728.0,1149.0,774.0,4518,0,0,1,Pedestrian
70,1091.0,728.0,1149.0,774.0,4519,0,0,1,Pedestrian
70,1089.0,728.0,1146.0,774.0,4520,0,0,1,Pedestrian
70,1089.0,728.0,1146.0,774.0,4521,0,0,1,Pedestrian
70,1086.0,728.0,1144.0,774.0,4522,0,0,1,Pedestrian
70,1086.0,730.0,1144.0,774.0,4523,0,0,1,Pedestrian
70,1083.0,730.0,1141.0,774.0,4524,0,0,1,Pedestrian
70,1083.0,730.0,1141.0,774.0,4525,0,0,1,Pedestrian
70,1080.0,730.0,1138.0,774.0,4526,0,0,1,Pedestrian
70,1078.0,730.0,1135.0,774.0,4527,0,0,1,Pedestrian
70,1078.0,730.0,1135.0,774.0,4528,0,0,1,Pedestrian
70,1075.0,730.0,1133.0,774.0,4529,0,0,1,Pedestrian
70,1075.0,730.0,1133.0,774.0,4530,0,0,1,Pedestrian
70,1072.0,730.0,1130.0,774.0,4531,0,0,1,Pedestrian
70,1072.0,730.0,1130.0,774.0,4532,0,0,1,Pedestrian
70,1069.0,730.0,1127.0,774.0,4533,0,0,1,Pedestrian
70,1069.0,733.0,1124.0,774.0,4534,0,0,1,Pedestrian
70,1067.0,733.0,1124.0,774.0,4535,0,0,1,Pedestrian
70,1067.0,733.0,1122.0,774.0,4536,0,0,1,Pedestrian
70,1064.0,733.0,1122.0,774.0,4537,0,0,1,Pedestrian
70,1064.0,733.0,1119.0,774.0,4538,0,0,1,Pedestrian
70,1061.0,733.0,1119.0,774.0,4539,0,0,1,Pedestrian
70,1061.0,733.0,1116.0,774.0,4540,0,0,1,Pedestrian
70,1058.0,733.0,1116.0,774.0,4541,0,0,1,Pedestrian
70,1058.0,733.0,1113.0,774.0,4542,0,0,1,Pedestrian
70,1056.0,733.0,1111.0,774.0,4543,0,0,1,Pedestrian
70,1056.0,733.0,1111.0,774.0,4544,0,0,1,Pedestrian
70,1053.0,735.0,1108.0,774.0,4545,0,0,1,Pedestrian
70,1053.0,735.0,1108.0,774.0,4546,0,0,1,Pedestrian
70,1050.0,735.0,1105.0,774.0,4547,0,0,1,Pedestrian
70,1050.0,735.0,1105.0,774.0,4548,0,0,1,Pedestrian
70,1047.0,735.0,1102.0,774.0,4549,0,0,1,Pedestrian
70,1047.0,735.0,1102.0,776.0,4550,0,0,1,Pedestrian
70,1045.0,735.0,1100.0,776.0,4551,0,0,1,Pedestrian
70,1042.0,735.0,1097.0,776.0,4552,0,0,1,Pedestrian
70,1042.0,735.0,1097.0,776.0,4553,0,0,1,Pedestrian
70,1039.0,735.0,1094.0,776.0,4554,0,0,1,Pedestrian
70,1039.0,735.0,1094.0,776.0,4555,0,0,1,Pedestrian
70,1036.0,737.0,1091.0,776.0,4556,0,0,1,Pedestrian
70,1036.0,737.0,1091.0,776.0,4557,0,0,1,Pedestrian
70,1034.0,737.0,1089.0,776.0,4558,0,0,1,Pedestrian
70,1034.0,737.0,1086.0,776.0,4559,0,0,1,Pedestrian
70,1031.0,737.0,1086.0,776.0,4560,0,0,1,Pedestrian
70,1031.0,737.0,1083.0,776.0,4561,0,0,1,Pedestrian
70,1028.0,737.0,1083.0,776.0,4562,0,0,1,Pedestrian
70,1028.0,737.0,1080.0,776.0,4563,0,0,1,Pedestrian
70,1025.0,737.0,1080.0,776.0,4564,0,0,1,Pedestrian
70,1025.0,737.0,1078.0,776.0,4565,0,0,1,Pedestrian
70,1023.0,737.0,1078.0,776.0,4566,0,0,1,Pedestrian
70,1023.0,740.0,1075.0,776.0,4567,0,0,1,Pedestrian
70,1020.0,740.0,1072.0,776.0,4568,0,0,1,Pedestrian
70,1020.0,740.0,1072.0,776.0,4569,0,0,1,Pedestrian
70,1017.0,740.0,1069.0,776.0,4570,0,0,1,Pedestrian
70,1017.0,740.0,1069.0,776.0,4571,0,0,1,Pedestrian
70,1014.0,740.0,1067.0,776.0,4572,0,0,1,Pedestrian
70,1014.0,740.0,1067.0,776.0,4573,0,0,1,Pedestrian
70,1012.0,740.0,1064.0,776.0,4574,0,0,1,Pedestrian
70,1012.0,740.0,1064.0,776.0,4575,0,0,1,Pedestrian
70,1009.0,740.0,1061.0,776.0,4576,0,0,1,Pedestrian
70,1006.0,740.0,1058.0,776.0,4577,0,0,1,Pedestrian
70,1006.0,742.0,1058.0,776.0,4578,0,0,1,Pedestrian
70,1003.0,742.0,1056.0,776.0,4579,0,0,1,Pedestrian
70,1003.0,742.0,1056.0,776.0,4580,0,0,1,Pedestrian
70,1001.0,742.0,1053.0,776.0,4581,0,0,1,Pedestrian
70,1001.0,742.0,1053.0,776.0,4582,0,0,1,Pedestrian
70,998.0,742.0,1050.0,776.0,4583,0,0,1,Pedestrian
70,998.0,742.0,1047.0,776.0,4584,0,0,1,Pedestrian
70,995.0,742.0,1047.0,776.0,4585,0,0,1,Pedestrian
70,995.0,742.0,1045.0,776.0,4586,0,0,1,Pedestrian
70,992.0,742.0,1045.0,776.0,4587,0,0,1,Pedestrian
70,992.0,742.0,1042.0,776.0,4588,0,0,1,Pedestrian
70,990.0,744.0,1042.0,776.0,4589,0,0,1,Pedestrian
70,990.0,744.0,1039.0,776.0,4590,0,0,1,Pedestrian
70,987.0,744.0,1039.0,776.0,4591,0,0,1,Pedestrian
70,987.0,744.0,1036.0,776.0,4592,0,0,1,Pedestrian
70,984.0,744.0,1034.0,776.0,4593,0,0,1,Pedestrian
70,984.0,744.0,1034.0,776.0,4594,0,0,1,Pedestrian
70,981.0,744.0,1031.0,776.0,4595,0,0,1,Pedestrian
70,981.0,744.0,1031.0,776.0,4596,0,0,1,Pedestrian
70,979.0,744.0,1028.0,776.0,4597,0,0,1,Pedestrian
70,979.0,744.0,1028.0,776.0,4598,0,0,1,Pedestrian
70,976.0,744.0,1025.0,776.0,4599,0,0,1,Pedestrian
70,976.0,746.0,1025.0,778.0,4600,0,0,0,Pedestrian
70,973.0,746.0,1023.0,778.0,4601,0,0,1,Pedestrian
70,970.0,746.0,1020.0,778.0,4602,0,0,1,Pedestrian
70,970.0,746.0,1020.0,778.0,4603,0,0,1,Pedestrian
70,968.0,746.0,1017.0,778.0,4604,0,0,1,Pedestrian
70,968.0,746.0,1017.0,778.0,4605,0,0,1,Pedestrian
70,965.0,746.0,1014.0,778.0,4606,0,0,1,Pedestrian
70,965.0,746.0,1014.0,778.0,4607,0,0,1,Pedestrian
70,962.0,746.0,1012.0,778.0,4608,0,0,1,Pedestrian
70,962.0,746.0,1012.0,778.0,4609,0,0,1,Pedestrian
70,959.0,746.0,1009.0,778.0,4610,0,0,1,Pedestrian
70,959.0,746.0,1009.0,778.0,4611,0,0,1,Pedestrian
70,957.0,746.0,1006.0,778.0,4612,0,0,1,Pedestrian
70,957.0,746.0,1006.0,778.0,4613,0,0,1,Pedestrian
70,954.0,746.0,1003.0,778.0,4614,0,0,1,Pedestrian
70,954.0,746.0,1003.0,778.0,4615,0,0,1,Pedestrian
70,951.0,746.0,1001.0,778.0,4616,0,0,1,Pedestrian
70,948.0,746.0,998.0,778.0,4617,0,0,1,Pedestrian
70,948.0,746.0,998.0,778.0,4618,0,0,1,Pedestrian
70,946.0,746.0,995.0,778.0,4619,0,0,1,Pedestrian
70,946.0,746.0,995.0,778.0,4620,0,0,1,Pedestrian
70,943.0,746.0,992.0,778.0,4621,0,0,1,Pedestrian
70,943.0,746.0,992.0,778.0,4622,0,0,1,Pedestrian
70,940.0,746.0,990.0,778.0,4623,0,0,1,Pedestrian
70,940.0,746.0,990.0,778.0,4624,0,0,1,Pedestrian
70,937.0,746.0,987.0,778.0,4625,0,0,1,Pedestrian
70,937.0,746.0,987.0,778.0,4626,0,0,1,Pedestrian
70,935.0,746.0,984.0,778.0,4627,0,0,1,Pedestrian
70,935.0,746.0,984.0,778.0,4628,0,0,1,Pedestrian
70,932.0,746.0,981.0,778.0,4629,0,0,1,Pedestrian
70,932.0,749.0,981.0,781.0,4630,0,0,1,Pedestrian
70,929.0,749.0,979.0,781.0,4631,0,0,1,Pedestrian
70,926.0,749.0,976.0,781.0,4632,0,0,1,Pedestrian
70,926.0,749.0,976.0,781.0,4633,0,0,1,Pedestrian
70,924.0,749.0,973.0,781.0,4634,0,0,1,Pedestrian
70,924.0,749.0,973.0,781.0,4635,0,0,1,Pedestrian
70,921.0,749.0,970.0,781.0,4636,0,0,1,Pedestrian
70,921.0,749.0,970.0,781.0,4637,0,0,1,Pedestrian
70,918.0,749.0,968.0,781.0,4638,0,0,1,Pedestrian
70,918.0,749.0,968.0,781.0,4639,0,0,1,Pedestrian
70,915.0,749.0,965.0,781.0,4640,0,0,1,Pedestrian
70,915.0,749.0,965.0,781.0,4641,0,0,1,Pedestrian
70,913.0,749.0,962.0,781.0,4642,0,0,1,Pedestrian
70,913.0,749.0,962.0,781.0,4643,0,0,1,Pedestrian
70,910.0,749.0,959.0,781.0,4644,0,0,1,Pedestrian
70,910.0,749.0,959.0,781.0,4645,0,0,1,Pedestrian
70,907.0,749.0,957.0,781.0,4646,0,0,1,Pedestrian
70,904.0,749.0,954.0,781.0,4647,0,0,1,Pedestrian
70,904.0,749.0,954.0,781.0,4648,0,0,1,Pedestrian
70,902.0,749.0,951.0,781.0,4649,0,0,1,Pedestrian
70,902.0,749.0,951.0,781.0,4650,0,0,1,Pedestrian
70,899.0,749.0,948.0,781.0,4651,0,0,1,Pedestrian
70,899.0,749.0,948.0,781.0,4652,0,0,1,Pedestrian
70,896.0,749.0,946.0,781.0,4653,0,0,1,Pedestrian
70,896.0,749.0,946.0,781.0,4654,0,0,1,Pedestrian
70,893.0,749.0,943.0,781.0,4655,0,0,1,Pedestrian
70,893.0,749.0,943.0,781.0,4656,0,0,1,Pedestrian
70,891.0,749.0,940.0,781.0,4657,0,0,1,Pedestrian
70,891.0,749.0,940.0,781.0,4658,0,0,1,Pedestrian
70,888.0,749.0,937.0,781.0,4659,0,0,1,Pedestrian
70,888.0,751.0,937.0,783.0,4660,0,0,1,Pedestrian
70,885.0,751.0,935.0,783.0,4661,0,0,1,Pedestrian
70,882.0,751.0,932.0,783.0,4662,0,0,1,Pedestrian
70,882.0,751.0,932.0,783.0,4663,0,0,1,Pedestrian
70,880.0,751.0,929.0,783.0,4664,0,0,1,Pedestrian
70,880.0,751.0,929.0,783.0,4665,0,0,1,Pedestrian
70,877.0,751.0,926.0,783.0,4666,0,0,1,Pedestrian
70,877.0,751.0,926.0,783.0,4667,0,0,1,Pedestrian
70,874.0,751.0,924.0,783.0,4668,0,0,1,Pedestrian
70,874.0,751.0,924.0,783.0,4669,0,0,1,Pedestrian
70,871.0,751.0,921.0,783.0,4670,0,0,1,Pedestrian
70,871.0,751.0,921.0,783.0,4671,0,0,1,Pedestrian
70,869.0,751.0,918.0,783.0,4672,0,0,1,Pedestrian
70,869.0,751.0,918.0,783.0,4673,0,0,1,Pedestrian
70,866.0,751.0,915.0,783.0,4674,0,0,1,Pedestrian
70,866.0,751.0,915.0,783.0,4675,0,0,1,Pedestrian
70,863.0,751.0,913.0,783.0,4676,0,0,1,Pedestrian
70,860.0,751.0,910.0,783.0,4677,0,0,1,Pedestrian
70,860.0,751.0,910.0,783.0,4678,0,0,1,Pedestrian
70,858.0,751.0,907.0,783.0,4679,0,0,1,Pedestrian
70,858.0,751.0,907.0,783.0,4680,0,0,1,Pedestrian
70,855.0,751.0,904.0,783.0,4681,0,0,1,Pedestrian
70,855.0,751.0,904.0,783.0,4682,0,0,1,Pedestrian
70,852.0,751.0,902.0,783.0,4683,0,0,1,Pedestrian
70,852.0,751.0,902.0,783.0,4684,0,0,1,Pedestrian
70,849.0,751.0,899.0,783.0,4685,0,0,1,Pedestrian
70,849.0,751.0,899.0,783.0,4686,0,0,1,Pedestrian
70,847.0,751.0,896.0,783.0,4687,0,0,1,Pedestrian
70,847.0,751.0,896.0,783.0,4688,0,0,1,Pedestrian
70,844.0,751.0,893.0,783.0,4689,0,0,1,Pedestrian
70,844.0,753.0,893.0,785.0,4690,0,0,0,Pedestrian
70,841.0,753.0,891.0,785.0,4691,0,0,1,Pedestrian
70,838.0,753.0,888.0,785.0,4692,0,0,1,Pedestrian
70,838.0,753.0,888.0,785.0,4693,0,0,1,Pedestrian
70,836.0,753.0,885.0,785.0,4694,0,0,1,Pedestrian
70,833.0,753.0,882.0,785.0,4695,0,0,1,Pedestrian
70,833.0,753.0,882.0,785.0,4696,0,0,1,Pedestrian
70,830.0,753.0,880.0,785.0,4697,0,0,1,Pedestrian
70,830.0,753.0,880.0,785.0,4698,0,0,1,Pedestrian
70,827.0,753.0,877.0,785.0,4699,0,0,1,Pedestrian
70,825.0,753.0,874.0,785.0,4700,0,0,1,Pedestrian
70,825.0,753.0,874.0,785.0,4701,0,0,1,Pedestrian
70,822.0,753.0,871.0,785.0,4702,0,0,1,Pedestrian
70,819.0,753.0,869.0,785.0,4703,0,0,1,Pedestrian
70,819.0,753.0,869.0,785.0,4704,0,0,1,Pedestrian
70,816.0,753.0,866.0,785.0,4705,0,0,1,Pedestrian
70,816.0,753.0,866.0,785.0,4706,0,0,1,Pedestrian
70,814.0,753.0,863.0,785.0,4707,0,0,1,Pedestrian
70,811.0,753.0,860.0,785.0,4708,0,0,1,Pedestrian
70,811.0,753.0,860.0,785.0,4709,0,0,1,Pedestrian
70,808.0,755.0,858.0,787.0,4710,0,0,1,Pedestrian
70,805.0,755.0,855.0,787.0,4711,0,0,1,Pedestrian
70,805.0,755.0,855.0,787.0,4712,0,0,1,Pedestrian
70,803.0,755.0,852.0,787.0,4713,0,0,1,Pedestrian
70,803.0,755.0,852.0,787.0,4714,0,0,1,Pedestrian
70,800.0,755.0,849.0,787.0,4715,0,0,1,Pedestrian
70,797.0,755.0,847.0,787.0,4716,0,0,1,Pedestrian
70,797.0,755.0,847.0,787.0,4717,0,0,1,Pedestrian
70,794.0,755.0,844.0,787.0,4718,0,0,1,Pedestrian
70,794.0,755.0,844.0,787.0,4719,0,0,1,Pedestrian
70,792.0,755.0,841.0,787.0,4720,0,0,1,Pedestrian
70,789.0,755.0,838.0,787.0,4721,0,0,1,Pedestrian
70,789.0,755.0,838.0,787.0,4722,0,0,1,Pedestrian
70,786.0,755.0,836.0,787.0,4723,0,0,1,Pedestrian
70,783.0,755.0,833.0,787.0,4724,0,0,1,Pedestrian
70,783.0,755.0,833.0,787.0,4725,0,0,1,Pedestrian
70,781.0,755.0,830.0,787.0,4726,0,0,1,Pedestrian
70,781.0,755.0,830.0,787.0,4727,0,0,1,Pedestrian
70,778.0,755.0,827.0,787.0,4728,0,0,1,Pedestrian
70,775.0,755.0,825.0,787.0,4729,0,0,1,Pedestrian
70,775.0,758.0,825.0,790.0,4730,0,0,1,Pedestrian
70,772.0,758.0,822.0,790.0,4731,0,0,1,Pedestrian
70,770.0,758.0,819.0,790.0,4732,0,0,1,Pedestrian
70,770.0,758.0,819.0,790.0,4733,0,0,1,Pedestrian
70,767.0,758.0,816.0,790.0,4734,0,0,1,Pedestrian
70,767.0,758.0,816.0,790.0,4735,0,0,1,Pedestrian
70,764.0,758.0,814.0,790.0,4736,0,0,1,Pedestrian
70,761.0,758.0,811.0,790.0,4737,0,0,1,Pedestrian
70,761.0,758.0,811.0,790.0,4738,0,0,1,Pedestrian
70,759.0,758.0,808.0,790.0,4739,0,0,1,Pedestrian
70,759.0,758.0,808.0,790.0,4740,0,0,1,Pedestrian
70,756.0,758.0,805.0,790.0,4741,0,0,1,Pedestrian
70,753.0,758.0,803.0,790.0,4742,0,0,1,Pedestrian
70,753.0,758.0,803.0,790.0,4743,0,0,1,Pedestrian
70,750.0,758.0,800.0,790.0,4744,0,0,1,Pedestrian
70,748.0,758.0,797.0,790.0,4745,0,0,1,Pedestrian
70,748.0,758.0,797.0,790.0,4746,0,0,1,Pedestrian
70,745.0,758.0,794.0,790.0,4747,0,0,1,Pedestrian
70,745.0,758.0,794.0,790.0,4748,0,0,1,Pedestrian
70,742.0,758.0,792.0,790.0,4749,0,0,1,Pedestrian
70,739.0,760.0,789.0,792.0,4750,0,0,1,Pedestrian
70,739.0,760.0,789.0,792.0,4751,0,0,1,Pedestrian
70,737.0,760.0,786.0,792.0,4752,0,0,1,Pedestrian
70,734.0,760.0,783.0,792.0,4753,0,0,1,Pedestrian
70,734.0,760.0,783.0,792.0,4754,0,0,1,Pedestrian
70,731.0,760.0,781.0,792.0,4755,0,0,1,Pedestrian
70,731.0,760.0,781.0,792.0,4756,0,0,1,Pedestrian
70,728.0,760.0,778.0,792.0,4757,0,0,1,Pedestrian
70,726.0,760.0,775.0,792.0,4758,0,0,1,Pedestrian
70,726.0,760.0,775.0,792.0,4759,0,0,1,Pedestrian
70,723.0,760.0,772.0,792.0,4760,0,0,1,Pedestrian
70,720.0,760.0,770.0,792.0,4761,0,0,1,Pedestrian
70,720.0,760.0,770.0,792.0,4762,0,0,1,Pedestrian
70,717.0,760.0,767.0,792.0,4763,0,0,1,Pedestrian
70,717.0,760.0,767.0,792.0,4764,0,0,1,Pedestrian
70,715.0,760.0,764.0,792.0,4765,0,0,1,Pedestrian
70,712.0,760.0,761.0,792.0,4766,0,0,1,Pedestrian
70,712.0,760.0,761.0,792.0,4767,0,0,1,Pedestrian
70,709.0,760.0,759.0,792.0,4768,0,0,1,Pedestrian
70,709.0,760.0,759.0,792.0,4769,0,0,1,Pedestrian
70,706.0,762.0,756.0,794.0,4770,0,0,1,Pedestrian
70,704.0,762.0,753.0,794.0,4771,0,0,1,Pedestrian
70,704.0,762.0,753.0,794.0,4772,0,0,1,Pedestrian
70,701.0,762.0,750.0,794.0,4773,0,0,1,Pedestrian
70,698.0,762.0,748.0,794.0,4774,0,0,1,Pedestrian
70,698.0,762.0,748.0,794.0,4775,0,0,1,Pedestrian
70,695.0,762.0,745.0,794.0,4776,0,0,1,Pedestrian
70,695.0,762.0,745.0,794.0,4777,0,0,1,Pedestrian
70,693.0,762.0,742.0,794.0,4778,0,0,1,Pedestrian
70,690.0,762.0,739.0,794.0,4779,0,0,1,Pedestrian
70,690.0,762.0,739.0,794.0,4780,0,0,1,Pedestrian
70,687.0,762.0,737.0,794.0,4781,0,0,1,Pedestrian
70,684.0,762.0,734.0,794.0,4782,0,0,1,Pedestrian
70,684.0,762.0,734.0,794.0,4783,0,0,1,Pedestrian
70,682.0,762.0,731.0,794.0,4784,0,0,1,Pedestrian
70,682.0,762.0,731.0,794.0,4785,0,0,1,Pedestrian
70,679.0,762.0,728.0,794.0,4786,0,0,1,Pedestrian
70,676.0,762.0,726.0,794.0,4787,0,0,1,Pedestrian
70,676.0,762.0,726.0,794.0,4788,0,0,1,Pedestrian
70,673.0,762.0,723.0,794.0,4789,0,0,1,Pedestrian
70,673.0,765.0,723.0,796.0,4790,0,0,0,Pedestrian
70,671.0,765.0,720.0,796.0,4791,0,0,1,Pedestrian
70,668.0,765.0,717.0,796.0,4792,0,0,1,Pedestrian
70,668.0,765.0,717.0,796.0,4793,0,0,1,Pedestrian
70,665.0,765.0,715.0,796.0,4794,0,0,1,Pedestrian
70,665.0,765.0,715.0,796.0,4795,0,0,1,Pedestrian
70,662.0,765.0,712.0,796.0,4796,0,0,1,Pedestrian
70,662.0,765.0,712.0,796.0,4797,0,0,1,Pedestrian
70,660.0,765.0,709.0,796.0,4798,0,0,1,Pedestrian
70,660.0,765.0,709.0,796.0,4799,0,0,1,Pedestrian
70,657.0,765.0,706.0,796.0,4800,0,0,1,Pedestrian
70,657.0,765.0,706.0,796.0,4801,0,0,1,Pedestrian
70,654.0,765.0,704.0,796.0,4802,0,0,1,Pedestrian
70,654.0,765.0,704.0,796.0,4803,0,0,1,Pedestrian
70,651.0,767.0,701.0,799.0,4804,0,0,1,Pedestrian
70,651.0,767.0,701.0,799.0,4805,0,0,1,Pedestrian
70,649.0,767.0,698.0,799.0,4806,0,0,1,Pedestrian
70,649.0,767.0,698.0,799.0,4807,0,0,1,Pedestrian
70,646.0,767.0,695.0,799.0,4808,0,0,1,Pedestrian
70,643.0,767.0,693.0,799.0,4809,0,0,1,Pedestrian
70,643.0,767.0,693.0,799.0,4810,0,0,1,Pedestrian
70,640.0,767.0,690.0,799.0,4811,0,0,1,Pedestrian
70,640.0,767.0,690.0,799.0,4812,0,0,1,Pedestrian
70,638.0,767.0,687.0,799.0,4813,0,0,1,Pedestrian
70,638.0,767.0,687.0,799.0,4814,0,0,1,Pedestrian
70,635.0,767.0,684.0,799.0,4815,0,0,1,Pedestrian
70,635.0,767.0,684.0,799.0,4816,0,0,1,Pedestrian
70,632.0,767.0,682.0,799.0,4817,0,0,1,Pedestrian
70,632.0,769.0,682.0,801.0,4818,0,0,1,Pedestrian
70,629.0,769.0,679.0,801.0,4819,0,0,1,Pedestrian
70,629.0,769.0,679.0,801.0,4820,0,0,1,Pedestrian
70,627.0,769.0,676.0,801.0,4821,0,0,1,Pedestrian
70,627.0,769.0,676.0,801.0,4822,0,0,1,Pedestrian
70,624.0,769.0,673.0,801.0,4823,0,0,1,Pedestrian
70,624.0,769.0,673.0,801.0,4824,0,0,1,Pedestrian
70,621.0,769.0,671.0,801.0,4825,0,0,1,Pedestrian
70,618.0,769.0,668.0,801.0,4826,0,0,1,Pedestrian
70,618.0,769.0,668.0,801.0,4827,0,0,1,Pedestrian
70,616.0,769.0,665.0,801.0,4828,0,0,1,Pedestrian
70,616.0,769.0,665.0,801.0,4829,0,0,1,Pedestrian
70,613.0,769.0,662.0,801.0,4830,0,0,1,Pedestrian
70,613.0,769.0,662.0,801.0,4831,0,0,1,Pedestrian
70,610.0,771.0,660.0,803.0,4832,0,0,1,Pedestrian
70,610.0,771.0,660.0,803.0,4833,0,0,1,Pedestrian
70,607.0,771.0,657.0,803.0,4834,0,0,1,Pedestrian
70,607.0,771.0,657.0,803.0,4835,0,0,1,Pedestrian
70,605.0,771.0,654.0,803.0,4836,0,0,1,Pedestrian
70,605.0,771.0,654.0,803.0,4837,0,0,1,Pedestrian
70,602.0,771.0,651.0,803.0,4838,0,0,1,Pedestrian
70,602.0,771.0,651.0,803.0,4839,0,0,1,Pedestrian
70,599.0,771.0,649.0,803.0,4840,0,0,1,Pedestrian
70,599.0,771.0,649.0,803.0,4841,0,0,1,Pedestrian
70,596.0,771.0,646.0,803.0,4842,0,0,1,Pedestrian
70,594.0,771.0,643.0,803.0,4843,0,0,1,Pedestrian
70,594.0,771.0,643.0,803.0,4844,0,0,1,Pedestrian
70,591.0,771.0,640.0,803.0,4845,0,0,1,Pedestrian
70,591.0,774.0,640.0,806.0,4846,0,0,1,Pedestrian
70,588.0,774.0,638.0,806.0,4847,0,0,1,Pedestrian
70,588.0,774.0,638.0,806.0,4848,0,0,1,Pedestrian
70,585.0,774.0,635.0,806.0,4849,0,0,1,Pedestrian
70,585.0,774.0,635.0,806.0,4850,0,0,1,Pedestrian
70,583.0,774.0,632.0,806.0,4851,0,0,1,Pedestrian
70,583.0,774.0,632.0,806.0,4852,0,0,1,Pedestrian
70,580.0,774.0,629.0,806.0,4853,0,0,1,Pedestrian
70,580.0,774.0,629.0,806.0,4854,0,0,1,Pedestrian
70,577.0,774.0,627.0,806.0,4855,0,0,1,Pedestrian
70,577.0,774.0,627.0,806.0,4856,0,0,1,Pedestrian
70,574.0,774.0,624.0,806.0,4857,0,0,1,Pedestrian
70,574.0,774.0,624.0,806.0,4858,0,0,1,Pedestrian
70,572.0,774.0,621.0,806.0,4859,0,0,1,Pedestrian
70,572.0,776.0,621.0,808.0,4860,0,0,0,Pedestrian
70,569.0,776.0,618.0,808.0,4861,0,0,1,Pedestrian
70,566.0,776.0,616.0,808.0,4862,0,0,1,Pedestrian
70,566.0,776.0,616.0,808.0,4863,0,0,1,Pedestrian
70,563.0,776.0,613.0,808.0,4864,0,0,1,Pedestrian
70,563.0,776.0,613.0,808.0,4865,0,0,1,Pedestrian
70,561.0,776.0,610.0,808.0,4866,0,0,1,Pedestrian
70,561.0,776.0,610.0,808.0,4867,0,0,1,Pedestrian
70,558.0,776.0,607.0,808.0,4868,0,0,1,Pedestrian
70,558.0,776.0,607.0,808.0,4869,0,0,1,Pedestrian
70,555.0,776.0,605.0,808.0,4870,0,0,1,Pedestrian
70,555.0,776.0,605.0,808.0,4871,0,0,1,Pedestrian
70,552.0,776.0,602.0,808.0,4872,0,0,1,Pedestrian
70,550.0,776.0,599.0,808.0,4873,0,0,1,Pedestrian
70,550.0,776.0,599.0,808.0,4874,0,0,1,Pedestrian
70,547.0,778.0,596.0,810.0,4875,0,0,1,Pedestrian
70,547.0,778.0,596.0,810.0,4876,0,0,1,Pedestrian
70,544.0,778.0,594.0,810.0,4877,0,0,1,Pedestrian
70,544.0,778.0,594.0,810.0,4878,0,0,1,Pedestrian
70,541.0,778.0,591.0,810.0,4879,0,0,1,Pedestrian
70,541.0,778.0,591.0,810.0,4880,0,0,1,Pedestrian
70,539.0,778.0,588.0,810.0,4881,0,0,1,Pedestrian
70,539.0,778.0,588.0,810.0,4882,0,0,1,Pedestrian
70,536.0,778.0,585.0,810.0,4883,0,0,1,Pedestrian
70,533.0,778.0,583.0,810.0,4884,0,0,1,Pedestrian
70,533.0,778.0,583.0,810.0,4885,0,0,1,Pedestrian
70,530.0,778.0,580.0,810.0,4886,0,0,1,Pedestrian
70,530.0,778.0,580.0,810.0,4887,0,0,1,Pedestrian
70,528.0,778.0,577.0,810.0,4888,0,0,1,Pedestrian
70,528.0,778.0,577.0,810.0,4889,0,0,1,Pedestrian
70,525.0,781.0,574.0,812.0,4890,0,0,1,Pedestrian
70,525.0,781.0,574.0,812.0,4891,0,0,1,Pedestrian
70,522.0,781.0,572.0,812.0,4892,0,0,1,Pedestrian
70,522.0,781.0,572.0,812.0,4893,0,0,1,Pedestrian
70,519.0,781.0,569.0,812.0,4894,0,0,1,Pedestrian
70,517.0,781.0,566.0,812.0,4895,0,0,1,Pedestrian
70,517.0,781.0,566.0,812.0,4896,0,0,1,Pedestrian
70,514.0,781.0,563.0,812.0,4897,0,0,1,Pedestrian
70,514.0,781.0,563.0,812.0,4898,0,0,1,Pedestrian
70,511.0,781.0,561.0,812.0,4899,0,0,1,Pedestrian
70,511.0,781.0,561.0,812.0,4900,0,0,1,Pedestrian
70,508.0,781.0,558.0,812.0,4901,0,0,1,Pedestrian
70,508.0,781.0,558.0,812.0,4902,0,0,1,Pedestrian
70,506.0,781.0,555.0,812.0,4903,0,0,1,Pedestrian
70,506.0,781.0,555.0,812.0,4904,0,0,1,Pedestrian
70,503.0,783.0,552.0,815.0,4905,0,0,1,Pedestrian
70,500.0,783.0,550.0,815.0,4906,0,0,1,Pedestrian
70,500.0,783.0,550.0,815.0,4907,0,0,1,Pedestrian
70,497.0,783.0,547.0,815.0,4908,0,0,1,Pedestrian
70,497.0,783.0,547.0,815.0,4909,0,0,1,Pedestrian
70,495.0,783.0,544.0,815.0,4910,0,0,1,Pedestrian
70,495.0,783.0,544.0,815.0,4911,0,0,1,Pedestrian
70,492.0,783.0,541.0,815.0,4912,0,0,1,Pedestrian
70,492.0,783.0,541.0,815.0,4913,0,0,1,Pedestrian
70,489.0,783.0,539.0,815.0,4914,0,0,1,Pedestrian
70,489.0,783.0,539.0,815.0,4915,0,0,1,Pedestrian
70,486.0,783.0,536.0,815.0,4916,0,0,1,Pedestrian
70,484.0,783.0,533.0,815.0,4917,0,0,1,Pedestrian
70,484.0,783.0,533.0,815.0,4918,0,0,1,Pedestrian
70,481.0,783.0,530.0,815.0,4919,0,0,1,Pedestrian
70,481.0,785.0,530.0,817.0,4920,0,0,1,Pedestrian
70,478.0,785.0,528.0,817.0,4921,0,0,1,Pedestrian
70,478.0,785.0,528.0,817.0,4922,0,0,1,Pedestrian
70,475.0,785.0,525.0,817.0,4923,0,0,1,Pedestrian
70,475.0,785.0,525.0,817.0,4924,0,0,1,Pedestrian
70,473.0,785.0,522.0,817.0,4925,0,0,1,Pedestrian
70,473.0,785.0,522.0,817.0,4926,0,0,1,Pedestrian
70,470.0,785.0,519.0,817.0,4927,0,0,1,Pedestrian
70,467.0,785.0,517.0,817.0,4928,0,0,1,Pedestrian
70,467.0,785.0,517.0,817.0,4929,0,0,1,Pedestrian
70,464.0,785.0,514.0,817.0,4930,0,0,1,Pedestrian
70,464.0,785.0,514.0,817.0,4931,0,0,1,Pedestrian
70,462.0,785.0,511.0,817.0,4932,0,0,1,Pedestrian
70,462.0,785.0,511.0,817.0,4933,0,0,1,Pedestrian
70,459.0,785.0,508.0,817.0,4934,0,0,1,Pedestrian
70,459.0,787.0,508.0,819.0,4935,0,0,1,Pedestrian
70,456.0,787.0,506.0,819.0,4936,0,0,1,Pedestrian
70,456.0,787.0,506.0,819.0,4937,0,0,1,Pedestrian
70,453.0,787.0,503.0,819.0,4938,0,0,1,Pedestrian
70,451.0,787.0,500.0,819.0,4939,0,0,1,Pedestrian
70,451.0,787.0,500.0,819.0,4940,0,0,1,Pedestrian
70,448.0,787.0,497.0,819.0,4941,0,0,1,Pedestrian
70,448.0,787.0,497.0,819.0,4942,0,0,1,Pedestrian
70,445.0,787.0,495.0,819.0,4943,0,0,1,Pedestrian
70,445.0,787.0,495.0,819.0,4944,0,0,1,Pedestrian
70,442.0,787.0,492.0,819.0,4945,0,0,1,Pedestrian
70,442.0,787.0,492.0,819.0,4946,0,0,1,Pedestrian
70,440.0,787.0,489.0,819.0,4947,0,0,1,Pedestrian
70,440.0,787.0,489.0,819.0,4948,0,0,1,Pedestrian
70,437.0,787.0,486.0,819.0,4949,0,0,1,Pedestrian
70,437.0,790.0,486.0,822.0,4950,0,0,0,Pedestrian
70,434.0,790.0,484.0,822.0,4951,0,0,1,Pedestrian
70,431.0,790.0,481.0,822.0,4952,0,0,1,Pedestrian
70,431.0,790.0,481.0,822.0,4953,0,0,1,Pedestrian
70,429.0,790.0,478.0,822.0,4954,0,0,1,Pedestrian
70,426.0,790.0,475.0,822.0,4955,0,0,1,Pedestrian
70,426.0,790.0,475.0,822.0,4956,0,0,1,Pedestrian
70,423.0,790.0,473.0,822.0,4957,0,0,1,Pedestrian
70,423.0,790.0,473.0,822.0,4958,0,0,1,Pedestrian
70,420.0,790.0,470.0,822.0,4959,0,0,1,Pedestrian
70,418.0,790.0,467.0,822.0,4960,0,0,1,Pedestrian
70,418.0,790.0,467.0,822.0,4961,0,0,1,Pedestrian
70,415.0,790.0,464.0,822.0,4962,0,0,1,Pedestrian
70,412.0,790.0,462.0,822.0,4963,0,0,1,Pedestrian
70,412.0,790.0,462.0,822.0,4964,0,0,1,Pedestrian
70,409.0,790.0,459.0,822.0,4965,0,0,1,Pedestrian
70,409.0,790.0,459.0,822.0,4966,0,0,1,Pedestrian
70,407.0,792.0,456.0,824.0,4967,0,0,1,Pedestrian
70,404.0,792.0,453.0,824.0,4968,0,0,1,Pedestrian
70,404.0,792.0,453.0,824.0,4969,0,0,1,Pedestrian
70,401.0,792.0,451.0,824.0,4970,0,0,1,Pedestrian
70,398.0,792.0,448.0,824.0,4971,0,0,1,Pedestrian
70,398.0,792.0,448.0,824.0,4972,0,0,1,Pedestrian
70,396.0,792.0,445.0,824.0,4973,0,0,1,Pedestrian
70,396.0,792.0,445.0,824.0,4974,0,0,1,Pedestrian
70,393.0,792.0,442.0,824.0,4975,0,0,1,Pedestrian
70,390.0,792.0,440.0,824.0,4976,0,0,1,Pedestrian
70,390.0,792.0,440.0,824.0,4977,0,0,1,Pedestrian
70,387.0,792.0,437.0,824.0,4978,0,0,1,Pedestrian
70,387.0,792.0,437.0,824.0,4979,0,0,1,Pedestrian
70,385.0,792.0,434.0,824.0,4980,0,0,1,Pedestrian
70,382.0,792.0,431.0,824.0,4981,0,0,1,Pedestrian
70,382.0,792.0,431.0,824.0,4982,0,0,1,Pedestrian
70,379.0,792.0,429.0,824.0,4983,0,0,1,Pedestrian
70,376.0,794.0,426.0,826.0,4984,0,0,1,Pedestrian
70,376.0,794.0,426.0,826.0,4985,0,0,1,Pedestrian
70,374.0,794.0,423.0,826.0,4986,0,0,1,Pedestrian
70,374.0,794.0,423.0,826.0,4987,0,0,1,Pedestrian
70,371.0,794.0,420.0,826.0,4988,0,0,1,Pedestrian
70,368.0,794.0,418.0,826.0,4989,0,0,1,Pedestrian
70,368.0,794.0,418.0,826.0,4990,0,0,1,Pedestrian
70,365.0,794.0,415.0,826.0,4991,0,0,1,Pedestrian
70,363.0,794.0,412.0,826.0,4992,0,0,1,Pedestrian
70,363.0,794.0,412.0,826.0,4993,0,0,1,Pedestrian
70,360.0,794.0,409.0,826.0,4994,0,0,1,Pedestrian
70,360.0,794.0,409.0,826.0,4995,0,0,1,Pedestrian
70,357.0,794.0,407.0,826.0,4996,0,0,1,Pedestrian
70,354.0,794.0,404.0,826.0,4997,0,0,1,Pedestrian
70,354.0,794.0,404.0,826.0,4998,0,0,1,Pedestrian
70,352.0,794.0,401.0,826.0,4999,0,0,1,Pedestrian
70,352.0,796.0,401.0,828.0,5000,0,0,0,Pedestrian
70,349.0,794.0,398.0,828.0,5001,0,0,1,Pedestrian
70,346.0,794.0,398.0,828.0,5002,0,0,1,Pedestrian
70,346.0,794.0,398.0,828.0,5003,0,0,1,Pedestrian
70,343.0,794.0,396.0,828.0,5004,0,0,1,Pedestrian
70,343.0,794.0,396.0,828.0,5005,0,0,1,Pedestrian
70,341.0,794.0,396.0,828.0,5006,0,0,1,Pedestrian
70,338.0,794.0,396.0,828.0,5007,0,0,1,Pedestrian
70,338.0,794.0,393.0,828.0,5008,0,0,1,Pedestrian
70,335.0,794.0,393.0,828.0,5009,0,0,1,Pedestrian
70,335.0,794.0,393.0,828.0,5010,0,0,1,Pedestrian
70,332.0,794.0,390.0,828.0,5011,0,0,1,Pedestrian
70,330.0,794.0,390.0,828.0,5012,0,0,1,Pedestrian
70,330.0,794.0,390.0,828.0,5013,0,0,1,Pedestrian
70,327.0,794.0,390.0,828.0,5014,0,0,1,Pedestrian
70,327.0,794.0,387.0,828.0,5015,0,0,1,Pedestrian
70,324.0,794.0,387.0,828.0,5016,0,0,1,Pedestrian
70,324.0,794.0,387.0,828.0,5017,0,0,1,Pedestrian
70,321.0,794.0,385.0,828.0,5018,0,0,1,Pedestrian
70,319.0,794.0,385.0,828.0,5019,0,0,1,Pedestrian
70,319.0,794.0,385.0,828.0,5020,0,0,1,Pedestrian
70,316.0,794.0,385.0,828.0,5021,0,0,1,Pedestrian
70,316.0,794.0,382.0,828.0,5022,0,0,1,Pedestrian
70,313.0,794.0,382.0,828.0,5023,0,0,1,Pedestrian
70,310.0,794.0,382.0,828.0,5024,0,0,1,Pedestrian
70,310.0,794.0,379.0,828.0,5025,0,0,1,Pedestrian
70,308.0,794.0,379.0,828.0,5026,0,0,1,Pedestrian
70,308.0,794.0,379.0,828.0,5027,0,0,1,Pedestrian
70,305.0,794.0,379.0,828.0,5028,0,0,1,Pedestrian
70,305.0,794.0,376.0,828.0,5029,0,0,1,Pedestrian
70,302.0,794.0,376.0,828.0,5030,0,0,1,Pedestrian
70,299.0,794.0,376.0,828.0,5031,0,0,1,Pedestrian
70,299.0,794.0,374.0,828.0,5032,0,0,1,Pedestrian
70,297.0,794.0,374.0,828.0,5033,0,0,1,Pedestrian
70,297.0,794.0,374.0,828.0,5034,0,0,1,Pedestrian
70,294.0,794.0,374.0,831.0,5035,0,0,1,Pedestrian
70,291.0,794.0,371.0,831.0,5036,0,0,1,Pedestrian
70,291.0,794.0,371.0,831.0,5037,0,0,1,Pedestrian
70,288.0,794.0,371.0,831.0,5038,0,0,1,Pedestrian
70,288.0,794.0,368.0,831.0,5039,0,0,1,Pedestrian
70,286.0,794.0,368.0,831.0,5040,0,0,1,Pedestrian
70,283.0,794.0,368.0,831.0,5041,0,0,1,Pedestrian
70,283.0,794.0,368.0,831.0,5042,0,0,1,Pedestrian
70,280.0,794.0,365.0,831.0,5043,0,0,1,Pedestrian
70,280.0,794.0,365.0,831.0,5044,0,0,1,Pedestrian
70,277.0,794.0,365.0,831.0,5045,0,0,1,Pedestrian
70,277.0,794.0,363.0,831.0,5046,0,0,1,Pedestrian
70,275.0,794.0,363.0,831.0,5047,0,0,1,Pedestrian
70,272.0,794.0,363.0,831.0,5048,0,0,1,Pedestrian
70,272.0,794.0,363.0,831.0,5049,0,0,1,Pedestrian
70,269.0,794.0,360.0,831.0,5050,0,0,1,Pedestrian
70,269.0,794.0,360.0,831.0,5051,0,0,1,Pedestrian
70,266.0,794.0,360.0,831.0,5052,0,0,1,Pedestrian
70,264.0,794.0,357.0,831.0,5053,0,0,1,Pedestrian
70,264.0,794.0,357.0,831.0,5054,0,0,1,Pedestrian
70,261.0,794.0,357.0,831.0,5055,0,0,1,Pedestrian
70,261.0,794.0,357.0,831.0,5056,0,0,1,Pedestrian
70,258.0,794.0,354.0,831.0,5057,0,0,1,Pedestrian
70,258.0,794.0,354.0,831.0,5058,0,0,1,Pedestrian
70,255.0,794.0,354.0,831.0,5059,0,0,1,Pedestrian
70,253.0,794.0,352.0,831.0,5060,0,0,1,Pedestrian
70,253.0,794.0,352.0,831.0,5061,0,0,1,Pedestrian
70,250.0,794.0,352.0,831.0,5062,0,0,1,Pedestrian
70,250.0,794.0,352.0,831.0,5063,0,0,1,Pedestrian
70,247.0,794.0,349.0,831.0,5064,0,0,1,Pedestrian
70,244.0,794.0,349.0,831.0,5065,0,0,1,Pedestrian
70,244.0,794.0,349.0,831.0,5066,0,0,1,Pedestrian
70,242.0,794.0,346.0,831.0,5067,0,0,1,Pedestrian
70,242.0,794.0,346.0,831.0,5068,0,0,1,Pedestrian
70,239.0,794.0,346.0,831.0,5069,0,0,1,Pedestrian
70,239.0,794.0,346.0,833.0,5070,0,0,0,Pedestrian
70,236.0,794.0,343.0,833.0,5071,0,0,1,Pedestrian
70,233.0,794.0,341.0,833.0,5072,0,0,1,Pedestrian
70,233.0,794.0,341.0,833.0,5073,0,0,1,Pedestrian
70,231.0,794.0,338.0,833.0,5074,0,0,1,Pedestrian
70,231.0,794.0,338.0,833.0,5075,0,0,1,Pedestrian
70,228.0,794.0,335.0,833.0,5076,0,0,1,Pedestrian
70,225.0,794.0,332.0,833.0,5077,0,0,1,Pedestrian
70,225.0,794.0,332.0,833.0,5078,0,0,1,Pedestrian
70,222.0,794.0,330.0,833.0,5079,0,0,1,Pedestrian
70,222.0,794.0,330.0,833.0,5080,0,0,1,Pedestrian
70,220.0,794.0,327.0,833.0,5081,0,0,1,Pedestrian
70,220.0,796.0,327.0,835.0,5082,0,0,1,Pedestrian
70,217.0,796.0,324.0,835.0,5083,0,0,1,Pedestrian
70,214.0,796.0,321.0,835.0,5084,0,0,1,Pedestrian
70,214.0,796.0,321.0,835.0,5085,0,0,1,Pedestrian
70,211.0,796.0,319.0,835.0,5086,0,0,1,Pedestrian
70,211.0,796.0,319.0,835.0,5087,0,0,1,Pedestrian
70,209.0,796.0,316.0,835.0,5088,0,0,1,Pedestrian
70,206.0,796.0,313.0,835.0,5089,0,0,1,Pedestrian
70,206.0,796.0,313.0,835.0,5090,0,0,1,Pedestrian
70,203.0,796.0,310.0,835.0,5091,0,0,1,Pedestrian
70,203.0,796.0,310.0,835.0,5092,0,0,1,Pedestrian
70,200.0,796.0,308.0,835.0,5093,0,0,1,Pedestrian
70,200.0,799.0,308.0,837.0,5094,0,0,1,Pedestrian
70,198.0,799.0,305.0,837.0,5095,0,0,1,Pedestrian
70,195.0,799.0,302.0,837.0,5096,0,0,1,Pedestrian
70,195.0,799.0,302.0,837.0,5097,0,0,1,Pedestrian
70,192.0,799.0,299.0,837.0,5098,0,0,1,Pedestrian
70,192.0,799.0,299.0,837.0,5099,0,0,1,Pedestrian
70,189.0,799.0,297.0,837.0,5100,0,0,1,Pedestrian
70,187.0,799.0,294.0,837.0,5101,0,0,1,Pedestrian
70,187.0,799.0,294.0,837.0,5102,0,0,1,Pedestrian
70,184.0,799.0,291.0,837.0,5103,0,0,1,Pedestrian
70,184.0,799.0,291.0,837.0,5104,0,0,1,Pedestrian
70,181.0,799.0,288.0,837.0,5105,0,0,1,Pedestrian
70,181.0,801.0,288.0,840.0,5106,0,0,1,Pedestrian
70,178.0,801.0,286.0,840.0,5107,0,0,1,Pedestrian
70,176.0,801.0,283.0,840.0,5108,0,0,1,Pedestrian
70,176.0,801.0,283.0,840.0,5109,0,0,1,Pedestrian
70,173.0,801.0,280.0,840.0,5110,0,0,1,Pedestrian
70,173.0,801.0,280.0,840.0,5111,0,0,1,Pedestrian
70,170.0,801.0,277.0,840.0,5112,0,0,1,Pedestrian
70,167.0,801.0,275.0,840.0,5113,0,0,1,Pedestrian
70,167.0,801.0,275.0,840.0,5114,0,0,1,Pedestrian
70,165.0,801.0,272.0,840.0,5115,0,0,1,Pedestrian
70,165.0,801.0,272.0,840.0,5116,0,0,1,Pedestrian
70,162.0,801.0,269.0,840.0,5117,0,0,1,Pedestrian
70,162.0,803.0,269.0,842.0,5118,0,0,1,Pedestrian
70,159.0,803.0,266.0,842.0,5119,0,0,1,Pedestrian
70,156.0,803.0,264.0,842.0,5120,0,0,1,Pedestrian
70,156.0,803.0,264.0,842.0,5121,0,0,1,Pedestrian
70,154.0,803.0,261.0,842.0,5122,0,0,1,Pedestrian
70,154.0,803.0,261.0,842.0,5123,0,0,1,Pedestrian
70,151.0,803.0,258.0,842.0,5124,0,0,1,Pedestrian
70,148.0,803.0,255.0,842.0,5125,0,0,1,Pedestrian
70,148.0,803.0,255.0,842.0,5126,0,0,1,Pedestrian
70,145.0,803.0,253.0,842.0,5127,0,0,1,Pedestrian
70,145.0,803.0,253.0,842.0,5128,0,0,1,Pedestrian
70,143.0,803.0,250.0,842.0,5129,0,0,1,Pedestrian
70,143.0,806.0,250.0,844.0,5130,0,0,0,Pedestrian
70,140.0,806.0,247.0,844.0,5131,0,0,1,Pedestrian
70,137.0,806.0,244.0,844.0,5132,0,0,1,Pedestrian
70,137.0,806.0,244.0,844.0,5133,0,0,1,Pedestrian
70,134.0,806.0,242.0,844.0,5134,0,0,1,Pedestrian
70,132.0,806.0,239.0,844.0,5135,0,0,1,Pedestrian
70,132.0,806.0,239.0,844.0,5136,0,0,1,Pedestrian
70,129.0,806.0,236.0,844.0,5137,0,0,1,Pedestrian
70,126.0,806.0,233.0,844.0,5138,0,0,1,Pedestrian
70,126.0,806.0,233.0,844.0,5139,0,0,1,Pedestrian
70,123.0,806.0,231.0,844.0,5140,0,0,1,Pedestrian
70,121.0,806.0,228.0,844.0,5141,0,0,1,Pedestrian
70,121.0,806.0,228.0,844.0,5142,0,0,1,Pedestrian
70,118.0,808.0,225.0,847.0,5143,0,0,1,Pedestrian
70,118.0,808.0,225.0,847.0,5144,0,0,1,Pedestrian
70,115.0,808.0,222.0,847.0,5145,0,0,1,Pedestrian
70,112.0,808.0,220.0,847.0,5146,0,0,1,Pedestrian
70,112.0,808.0,220.0,847.0,5147,0,0,1,Pedestrian
70,110.0,808.0,217.0,847.0,5148,0,0,1,Pedestrian
70,107.0,808.0,214.0,847.0,5149,0,0,1,Pedestrian
70,107.0,808.0,214.0,847.0,5150,0,0,1,Pedestrian
70,104.0,808.0,211.0,847.0,5151,0,0,1,Pedestrian
70,101.0,808.0,209.0,847.0,5152,0,0,1,Pedestrian
70,101.0,808.0,209.0,847.0,5153,0,0,1,Pedestrian
70,99.0,808.0,206.0,847.0,5154,0,0,1,Pedestrian
70,99.0,810.0,206.0,849.0,5155,0,0,1,Pedestrian
70,96.0,810.0,203.0,849.0,5156,0,0,1,Pedestrian
70,93.0,810.0,200.0,849.0,5157,0,0,1,Pedestrian
70,93.0,810.0,200.0,849.0,5158,0,0,1,Pedestrian
70,90.0,810.0,198.0,849.0,5159,0,0,1,Pedestrian
70,88.0,810.0,195.0,849.0,5160,0,0,1,Pedestrian
70,88.0,810.0,195.0,849.0,5161,0,0,1,Pedestrian
70,85.0,810.0,192.0,849.0,5162,0,0,1,Pedestrian
70,82.0,810.0,189.0,849.0,5163,0,0,1,Pedestrian
70,82.0,810.0,189.0,849.0,5164,0,0,1,Pedestrian
70,79.0,810.0,187.0,849.0,5165,0,0,1,Pedestrian
70,77.0,810.0,184.0,849.0,5166,0,0,1,Pedestrian
70,77.0,810.0,184.0,849.0,5167,0,0,1,Pedestrian
70,74.0,812.0,181.0,851.0,5168,0,0,1,Pedestrian
70,74.0,812.0,181.0,851.0,5169,0,0,1,Pedestrian
70,71.0,812.0,178.0,851.0,5170,0,0,1,Pedestrian
70,68.0,812.0,176.0,851.0,5171,0,0,1,Pedestrian
70,68.0,812.0,176.0,851.0,5172,0,0,1,Pedestrian
70,66.0,812.0,173.0,851.0,5173,0,0,1,Pedestrian
70,63.0,812.0,170.0,851.0,5174,0,0,1,Pedestrian
70,63.0,812.0,170.0,851.0,5175,0,0,1,Pedestrian
70,60.0,812.0,167.0,851.0,5176,0,0,1,Pedestrian
70,57.0,812.0,165.0,851.0,5177,0,0,1,Pedestrian
70,57.0,812.0,165.0,851.0,5178,0,0,1,Pedestrian
70,55.0,812.0,162.0,851.0,5179,0,0,1,Pedestrian
70,55.0,815.0,162.0,853.0,5180,0,0,0,Pedestrian
70,52.0,815.0,159.0,853.0,5181,0,0,1,Pedestrian
70,52.0,815.0,159.0,853.0,5182,0,0,1,Pedestrian
70,49.0,815.0,156.0,853.0,5183,0,0,1,Pedestrian
70,49.0,815.0,156.0,853.0,5184,0,0,1,Pedestrian
70,46.0,815.0,154.0,853.0,5185,0,0,1,Pedestrian
70,46.0,815.0,154.0,853.0,5186,0,0,1,Pedestrian
70,44.0,815.0,151.0,853.0,5187,0,0,1,Pedestrian
70,44.0,815.0,151.0,853.0,5188,0,0,1,Pedestrian
70,41.0,815.0,148.0,853.0,5189,0,0,1,Pedestrian
70,41.0,815.0,148.0,853.0,5190,0,0,1,Pedestrian
70,38.0,815.0,145.0,853.0,5191,0,0,1,Pedestrian
70,38.0,815.0,145.0,853.0,5192,0,0,1,Pedestrian
70,35.0,815.0,143.0,853.0,5193,0,0,1,Pedestrian
70,35.0,815.0,143.0,853.0,5194,0,0,1,Pedestrian
70,33.0,815.0,140.0,853.0,5195,0,0,1,Pedestrian
70,33.0,815.0,140.0,853.0,5196,0,0,1,Pedestrian
70,30.0,815.0,137.0,853.0,5197,0,0,1,Pedestrian
70,30.0,815.0,137.0,853.0,5198,0,0,1,Pedestrian
70,27.0,815.0,134.0,853.0,5199,0,0,1,Pedestrian
70,27.0,815.0,134.0,853.0,5200,0,0,1,Pedestrian
70,27.0,815.0,132.0,853.0,5201,0,0,1,Pedestrian
70,24.0,815.0,132.0,853.0,5202,0,0,1,Pedestrian
70,24.0,815.0,129.0,853.0,5203,0,0,1,Pedestrian
70,22.0,815.0,129.0,853.0,5204,0,0,1,Pedestrian
70,22.0,815.0,126.0,853.0,5205,0,0,1,Pedestrian
70,19.0,815.0,126.0,853.0,5206,0,0,1,Pedestrian
70,19.0,815.0,123.0,853.0,5207,0,0,1,Pedestrian
70,16.0,815.0,123.0,853.0,5208,0,0,1,Pedestrian
70,16.0,815.0,121.0,853.0,5209,0,0,1,Pedestrian
70,13.0,815.0,121.0,853.0,5210,0,0,1,Pedestrian
70,13.0,815.0,118.0,853.0,5211,0,0,1,Pedestrian
70,11.0,815.0,118.0,853.0,5212,0,0,1,Pedestrian
70,11.0,815.0,115.0,853.0,5213,0,0,1,Pedestrian
70,8.0,815.0,115.0,853.0,5214,0,0,1,Pedestrian
70,8.0,815.0,112.0,853.0,5215,0,0,1,Pedestrian
70,5.0,815.0,112.0,853.0,5216,0,0,1,Pedestrian
70,5.0,815.0,110.0,853.0,5217,0,0,1,Pedestrian
70,2.0,815.0,110.0,853.0,5218,0,0,1,Pedestrian
70,2.0,815.0,107.0,853.0,5219,0,0,1,Pedestrian
70,2.0,817.0,107.0,856.0,5220,0,0,0,Pedestrian
70,0.0,817.0,104.0,856.0,5221,0,0,1,Pedestrian
70,0.0,817.0,101.0,856.0,5222,0,0,1,Pedestrian
70,0.0,819.0,101.0,858.0,5223,0,0,1,Pedestrian
70,0.0,819.0,99.0,858.0,5224,0,0,1,Pedestrian
70,0.0,819.0,96.0,858.0,5225,0,0,1,Pedestrian
70,0.0,822.0,96.0,860.0,5226,0,0,1,Pedestrian
70,0.0,822.0,93.0,860.0,5227,0,0,1,Pedestrian
70,0.0,822.0,90.0,860.0,5228,0,0,1,Pedestrian
70,0.0,824.0,90.0,863.0,5229,0,0,0,Pedestrian
70,0.0,824.0,85.0,863.0,5230,0,0,1,Pedestrian
70,0.0,824.0,82.0,863.0,5231,0,0,1,Pedestrian
70,0.0,824.0,79.0,863.0,5232,0,0,1,Pedestrian
70,0.0,826.0,74.0,865.0,5233,0,0,1,Pedestrian
70,0.0,826.0,71.0,865.0,5234,0,0,1,Pedestrian
70,0.0,826.0,68.0,865.0,5235,0,0,1,Pedestrian
70,0.0,828.0,63.0,867.0,5236,0,0,1,Pedestrian
70,0.0,828.0,60.0,867.0,5237,0,0,1,Pedestrian
70,0.0,828.0,57.0,867.0,5238,0,0,1,Pedestrian
70,0.0,831.0,55.0,869.0,5239,0,0,0,Pedestrian
70,0.0,828.0,52.0,867.0,5240,0,0,1,Pedestrian
70,0.0,828.0,52.0,867.0,5241,0,0,1,Pedestrian
70,0.0,828.0,49.0,867.0,5242,0,0,1,Pedestrian
70,0.0,828.0,49.0,867.0,5243,0,0,1,Pedestrian
70,0.0,828.0,49.0,867.0,5244,0,0,1,Pedestrian
70,0.0,828.0,46.0,867.0,5245,0,0,1,Pedestrian
70,0.0,828.0,46.0,867.0,5246,0,0,1,Pedestrian
70,0.0,828.0,44.0,867.0,5247,0,0,1,Pedestrian
70,0.0,828.0,44.0,867.0,5248,0,0,1,Pedestrian
70,0.0,828.0,44.0,867.0,5249,0,0,0,Pedestrian
70,0.0,828.0,41.0,867.0,5250,0,0,1,Pedestrian
70,0.0,828.0,41.0,867.0,5251,0,0,1,Pedestrian
70,0.0,828.0,41.0,867.0,5252,0,0,1,Pedestrian
70,0.0,828.0,41.0,867.0,5253,0,0,1,Pedestrian
70,0.0,828.0,41.0,867.0,5254,0,0,1,Pedestrian
70,0.0,828.0,41.0,867.0,5255,0,0,1,Pedestrian
70,0.0,828.0,41.0,867.0,5256,0,0,1,Pedestrian
70,0.0,828.0,41.0,867.0,5257,0,0,1,Pedestrian
70,0.0,828.0,41.0,867.0,5258,0,0,1,Pedestrian
70,0.0,828.0,41.0,867.0,5259,0,0,0,Pedestrian
70,0.0,828.0,38.0,867.0,5260,0,0,1,Pedestrian
70,0.0,828.0,35.0,867.0,5261,0,0,1,Pedestrian
70,0.0,828.0,33.0,869.0,5262,0,0,1,Pedestrian
70,0.0,831.0,33.0,869.0,5263,0,0,1,Pedestrian
70,0.0,831.0,30.0,872.0,5264,0,0,1,Pedestrian
70,0.0,831.0,27.0,872.0,5265,0,0,1,Pedestrian
70,0.0,833.0,27.0,874.0,5266,1,0,0,Pedestrian
70,0.0,833.0,27.0,874.0,5267,1,0,1,Pedestrian
70,0.0,833.0,27.0,874.0,5268,1,0,1,Pedestrian
70,0.0,833.0,27.0,874.0,5269,1,0,1,Pedestrian
70,0.0,833.0,27.0,874.0,5270,1,0,1,Pedestrian
70,0.0,833.0,27.0,874.0,5271,1,0,1,Pedestrian
70,0.0,833.0,27.0,874.0,5272,1,0,1,Pedestrian
70,0.0,833.0,27.0,874.0,5273,1,0,1,Pedestrian
70,0.0,833.0,27.0,874.0,5274,1,0,1,Pedestrian
70,0.0,833.0,27.0,874.0,5275,1,0,1,Pedestrian
70,0.0,833.0,27.0,874.0,5276,1,0,1,Pedestrian
70,0.0,833.0,27.0,874.0,5277,1,0,1,Pedestrian
70,0.0,833.0,27.0,874.0,5278,1,0,1,Pedestrian
70,0.0,833.0,27.0,874.0,5279,1,0,1,Pedestrian
70,0.0,833.0,27.0,874.0,5280,1,0,1,Pedestrian
70,0.0,833.0,27.0,874.0,5281,1,0,1,Pedestrian
70,0.0,833.0,27.0,874.0,5282,1,0,1,Pedestrian
70,0.0,833.0,27.0,874.0,5283,1,0,1,Pedestrian
70,0.0,833.0,27.0,874.0,5284,1,0,1,Pedestrian
70,0.0,833.0,27.0,874.0,5285,1,0,1,Pedestrian
70,0.0,833.0,27.0,874.0,5286,1,0,0,Pedestrian
70,0.0,833.0,27.0,874.0,5287,1,0,1,Pedestrian
70,0.0,833.0,27.0,874.0,5288,1,0,1,Pedestrian
70,0.0,833.0,27.0,874.0,5289,1,0,1,Pedestrian
70,0.0,833.0,27.0,874.0,5290,1,0,1,Pedestrian
70,0.0,833.0,27.0,874.0,5291,1,0,1,Pedestrian
70,0.0,833.0,27.0,874.0,5292,1,0,1,Pedestrian
70,0.0,833.0,27.0,874.0,5293,1,0,1,Pedestrian
70,0.0,833.0,27.0,874.0,5294,1,0,1,Pedestrian
70,0.0,833.0,27.0,874.0,5295,1,0,1,Pedestrian
70,0.0,833.0,27.0,874.0,5296,1,0,1,Pedestrian
70,0.0,833.0,27.0,874.0,5297,1,0,1,Pedestrian
70,0.0,833.0,27.0,874.0,5298,1,0,1,Pedestrian
70,0.0,833.0,27.0,874.0,5299,1,0,1,Pedestrian
70,0.0,833.0,27.0,874.0,5300,1,0,1,Pedestrian
70,0.0,833.0,27.0,874.0,5301,1,0,1,Pedestrian
70,0.0,833.0,27.0,874.0,5302,1,0,1,Pedestrian
70,0.0,833.0,27.0,874.0,5303,1,0,1,Pedestrian
70,0.0,833.0,27.0,874.0,5304,1,0,1,Pedestrian
70,0.0,833.0,27.0,874.0,5305,1,0,1,Pedestrian
70,0.0,833.0,27.0,874.0,5306,1,0,1,Pedestrian
70,0.0,833.0,27.0,874.0,5307,1,0,1,Pedestrian
70,0.0,833.0,27.0,874.0,5308,1,0,1,Pedestrian
70,0.0,833.0,27.0,874.0,5309,1,0,1,Pedestrian
70,0.0,833.0,27.0,874.0,5310,1,0,1,Pedestrian
70,0.0,833.0,27.0,874.0,5311,1,0,1,Pedestrian
70,0.0,833.0,27.0,874.0,5312,1,0,1,Pedestrian
70,0.0,833.0,27.0,874.0,5313,1,0,1,Pedestrian
70,0.0,833.0,27.0,874.0,5314,1,0,1,Pedestrian
70,0.0,833.0,27.0,874.0,5315,1,0,1,Pedestrian
70,0.0,833.0,27.0,874.0,5316,1,0,1,Pedestrian
70,0.0,833.0,27.0,874.0,5317,1,0,1,Pedestrian
70,0.0,833.0,27.0,874.0,5318,1,0,1,Pedestrian
70,0.0,833.0,27.0,874.0,5319,1,0,1,Pedestrian
70,0.0,833.0,27.0,874.0,5320,1,0,1,Pedestrian
70,0.0,833.0,27.0,874.0,5321,1,0,1,Pedestrian
70,0.0,833.0,27.0,874.0,5322,1,0,1,Pedestrian
70,0.0,833.0,27.0,874.0,5323,1,0,1,Pedestrian
70,0.0,833.0,27.0,874.0,5324,1,0,1,Pedestrian
70,0.0,833.0,27.0,874.0,5325,1,0,1,Pedestrian
70,0.0,833.0,27.0,874.0,5326,1,0,1,Pedestrian
70,0.0,833.0,27.0,874.0,5327,1,0,1,Pedestrian
70,0.0,833.0,27.0,874.0,5328,1,0,1,Pedestrian
70,0.0,833.0,27.0,874.0,5329,1,0,1,Pedestrian
70,0.0,833.0,27.0,874.0,5330,1,0,1,Pedestrian
70,0.0,833.0,27.0,874.0,5331,1,0,1,Pedestrian
70,0.0,833.0,27.0,874.0,5332,1,0,1,Pedestrian
70,0.0,833.0,27.0,874.0,5333,1,0,1,Pedestrian
70,0.0,833.0,27.0,874.0,5334,1,0,1,Pedestrian
70,0.0,833.0,27.0,874.0,5335,1,0,1,Pedestrian
70,0.0,833.0,27.0,874.0,5336,1,0,1,Pedestrian
70,0.0,833.0,27.0,874.0,5337,1,0,1,Pedestrian
70,0.0,833.0,27.0,874.0,5338,1,0,1,Pedestrian
70,0.0,833.0,27.0,874.0,5339,1,0,1,Pedestrian
70,0.0,833.0,27.0,874.0,5340,1,0,1,Pedestrian
70,0.0,833.0,27.0,874.0,5341,1,0,1,Pedestrian
70,0.0,833.0,27.0,874.0,5342,1,0,1,Pedestrian
70,0.0,833.0,27.0,874.0,5343,1,0,1,Pedestrian
70,0.0,833.0,27.0,874.0,5344,1,0,1,Pedestrian
70,0.0,833.0,27.0,874.0,5345,1,0,1,Pedestrian
70,0.0,833.0,27.0,874.0,5346,1,0,1,Pedestrian
70,0.0,833.0,27.0,874.0,5347,1,0,1,Pedestrian
70,0.0,833.0,27.0,874.0,5348,1,0,1,Pedestrian
70,0.0,833.0,27.0,874.0,5349,1,0,1,Pedestrian
70,0.0,833.0,27.0,874.0,5350,1,0,1,Pedestrian
70,0.0,833.0,27.0,874.0,5351,1,0,1,Pedestrian
70,0.0,833.0,27.0,874.0,5352,1,0,1,Pedestrian
70,0.0,833.0,27.0,874.0,5353,1,0,1,Pedestrian
70,0.0,833.0,27.0,874.0,5354,1,0,1,Pedestrian
70,0.0,833.0,27.0,874.0,5355,1,0,1,Pedestrian
70,0.0,833.0,27.0,874.0,5356,1,0,1,Pedestrian
70,0.0,833.0,27.0,874.0,5357,1,0,1,Pedestrian
70,0.0,833.0,27.0,874.0,5358,1,0,1,Pedestrian
70,0.0,833.0,27.0,874.0,5359,1,0,1,Pedestrian
70,0.0,833.0,27.0,874.0,5360,1,0,1,Pedestrian
70,0.0,833.0,27.0,874.0,5361,1,0,1,Pedestrian
70,0.0,833.0,27.0,874.0,5362,1,0,1,Pedestrian
70,0.0,833.0,27.0,874.0,5363,1,0,1,Pedestrian
70,0.0,833.0,27.0,874.0,5364,1,0,1,Pedestrian
70,0.0,833.0,27.0,874.0,5365,1,0,1,Pedestrian
70,0.0,833.0,27.0,874.0,5366,1,0,1,Pedestrian
70,0.0,833.0,27.0,874.0,5367,1,0,1,Pedestrian
70,0.0,833.0,27.0,874.0,5368,1,0,1,Pedestrian
70,0.0,833.0,27.0,874.0,5369,1,0,1,Pedestrian
70,0.0,833.0,27.0,874.0,5370,1,0,1,Pedestrian
70,0.0,833.0,27.0,874.0,5371,1,0,1,Pedestrian
70,0.0,833.0,27.0,874.0,5372,1,0,1,Pedestrian
70,0.0,833.0,27.0,874.0,5373,1,0,1,Pedestrian
70,0.0,833.0,27.0,874.0,5374,1,0,1,Pedestrian
70,0.0,833.0,27.0,874.0,5375,1,0,1,Pedestrian
70,0.0,833.0,27.0,874.0,5376,1,0,1,Pedestrian
70,0.0,833.0,27.0,874.0,5377,1,0,1,Pedestrian
70,0.0,833.0,27.0,874.0,5378,1,0,1,Pedestrian
70,0.0,833.0,27.0,874.0,5379,1,0,1,Pedestrian
70,0.0,833.0,27.0,874.0,5380,1,0,1,Pedestrian
70,0.0,833.0,27.0,874.0,5381,1,0,1,Pedestrian
70,0.0,833.0,27.0,874.0,5382,1,0,1,Pedestrian
70,0.0,833.0,27.0,874.0,5383,1,0,1,Pedestrian
70,0.0,833.0,27.0,874.0,5384,1,0,1,Pedestrian
70,0.0,833.0,27.0,874.0,5385,1,0,1,Pedestrian
70,0.0,833.0,27.0,874.0,5386,1,0,1,Pedestrian
70,0.0,833.0,27.0,874.0,5387,1,0,1,Pedestrian
70,0.0,833.0,27.0,874.0,5388,1,0,1,Pedestrian
70,0.0,833.0,27.0,874.0,5389,1,0,1,Pedestrian
70,0.0,833.0,27.0,874.0,5390,1,0,1,Pedestrian
70,0.0,833.0,27.0,874.0,5391,1,0,1,Pedestrian
70,0.0,833.0,27.0,874.0,5392,1,0,1,Pedestrian
70,0.0,833.0,27.0,874.0,5393,1,0,1,Pedestrian
70,0.0,833.0,27.0,874.0,5394,1,0,1,Pedestrian
70,0.0,833.0,27.0,874.0,5395,1,0,1,Pedestrian
70,0.0,833.0,27.0,874.0,5396,1,0,1,Pedestrian
70,0.0,833.0,27.0,874.0,5397,1,0,1,Pedestrian
70,0.0,833.0,27.0,874.0,5398,1,0,1,Pedestrian
70,0.0,833.0,27.0,874.0,5399,1,0,1,Pedestrian
70,0.0,833.0,27.0,874.0,5400,1,0,1,Pedestrian
70,0.0,833.0,27.0,874.0,5401,1,0,1,Pedestrian
70,0.0,833.0,27.0,874.0,5402,1,0,1,Pedestrian
70,0.0,833.0,27.0,874.0,5403,1,0,1,Pedestrian
70,0.0,833.0,27.0,874.0,5404,1,0,1,Pedestrian
70,0.0,833.0,27.0,874.0,5405,1,0,1,Pedestrian
70,0.0,833.0,27.0,874.0,5406,1,0,1,Pedestrian
70,0.0,833.0,27.0,874.0,5407,1,0,1,Pedestrian
70,0.0,833.0,27.0,874.0,5408,1,0,1,Pedestrian
70,0.0,833.0,27.0,874.0,5409,1,0,1,Pedestrian
70,0.0,833.0,27.0,874.0,5410,1,0,1,Pedestrian
70,0.0,833.0,27.0,874.0,5411,1,0,1,Pedestrian
70,0.0,833.0,27.0,874.0,5412,1,0,1,Pedestrian
70,0.0,833.0,27.0,874.0,5413,1,0,1,Pedestrian
70,0.0,833.0,27.0,874.0,5414,1,0,1,Pedestrian
70,0.0,833.0,27.0,874.0,5415,1,0,1,Pedestrian
70,0.0,833.0,27.0,874.0,5416,1,0,1,Pedestrian
70,0.0,833.0,27.0,874.0,5417,1,0,1,Pedestrian
70,0.0,833.0,27.0,874.0,5418,1,0,1,Pedestrian
70,0.0,833.0,27.0,874.0,5419,1,0,1,Pedestrian
70,0.0,833.0,27.0,874.0,5420,1,0,1,Pedestrian
70,0.0,833.0,27.0,874.0,5421,1,0,1,Pedestrian
70,0.0,833.0,27.0,874.0,5422,1,0,1,Pedestrian
70,0.0,833.0,27.0,874.0,5423,1,0,1,Pedestrian
70,0.0,833.0,27.0,874.0,5424,1,0,1,Pedestrian
70,0.0,833.0,27.0,874.0,5425,1,0,1,Pedestrian
70,0.0,833.0,27.0,874.0,5426,1,0,1,Pedestrian
70,0.0,833.0,27.0,874.0,5427,1,0,1,Pedestrian
70,0.0,833.0,27.0,874.0,5428,1,0,1,Pedestrian
70,0.0,833.0,27.0,874.0,5429,1,0,1,Pedestrian
70,0.0,833.0,27.0,874.0,5430,1,0,1,Pedestrian
70,0.0,833.0,27.0,874.0,5431,1,0,1,Pedestrian
70,0.0,833.0,27.0,874.0,5432,1,0,1,Pedestrian
70,0.0,833.0,27.0,874.0,5433,1,0,1,Pedestrian
70,0.0,833.0,27.0,874.0,5434,1,0,1,Pedestrian
70,0.0,833.0,27.0,874.0,5435,1,0,1,Pedestrian
70,0.0,833.0,27.0,874.0,5436,1,0,1,Pedestrian
70,0.0,833.0,27.0,874.0,5437,1,0,1,Pedestrian
70,0.0,833.0,27.0,874.0,5438,1,0,1,Pedestrian
70,0.0,833.0,27.0,874.0,5439,1,0,1,Pedestrian
70,0.0,833.0,27.0,874.0,5440,1,0,1,Pedestrian
70,0.0,833.0,27.0,874.0,5441,1,0,1,Pedestrian
70,0.0,833.0,27.0,874.0,5442,1,0,1,Pedestrian
70,0.0,833.0,27.0,874.0,5443,1,0,1,Pedestrian
70,0.0,833.0,27.0,874.0,5444,1,0,1,Pedestrian
70,0.0,833.0,27.0,874.0,5445,1,0,1,Pedestrian
70,0.0,833.0,27.0,874.0,5446,1,0,1,Pedestrian
70,0.0,833.0,27.0,874.0,5447,1,0,1,Pedestrian
70,0.0,833.0,27.0,874.0,5448,1,0,1,Pedestrian
70,0.0,833.0,27.0,874.0,5449,1,0,1,Pedestrian
70,0.0,833.0,27.0,874.0,5450,1,0,1,Pedestrian
70,0.0,833.0,27.0,874.0,5451,1,0,1,Pedestrian
70,0.0,833.0,27.0,874.0,5452,1,0,1,Pedestrian
70,0.0,833.0,27.0,874.0,5453,1,0,1,Pedestrian
70,0.0,833.0,27.0,874.0,5454,1,0,1,Pedestrian
70,0.0,833.0,27.0,874.0,5455,1,0,1,Pedestrian
70,0.0,833.0,27.0,874.0,5456,1,0,1,Pedestrian
70,0.0,833.0,27.0,874.0,5457,1,0,1,Pedestrian
70,0.0,833.0,27.0,874.0,5458,1,0,1,Pedestrian
70,0.0,833.0,27.0,874.0,5459,1,0,1,Pedestrian
70,0.0,833.0,27.0,874.0,5460,1,0,1,Pedestrian
70,0.0,833.0,27.0,874.0,5461,1,0,1,Pedestrian
70,0.0,833.0,27.0,874.0,5462,1,0,1,Pedestrian
70,0.0,833.0,27.0,874.0,5463,1,0,1,Pedestrian
70,0.0,833.0,27.0,874.0,5464,1,0,1,Pedestrian
70,0.0,833.0,27.0,874.0,5465,1,0,1,Pedestrian
70,0.0,833.0,27.0,874.0,5466,1,0,1,Pedestrian
70,0.0,833.0,27.0,874.0,5467,1,0,1,Pedestrian
70,0.0,833.0,27.0,874.0,5468,1,0,1,Pedestrian
70,0.0,833.0,27.0,874.0,5469,1,0,1,Pedestrian
70,0.0,833.0,27.0,874.0,5470,1,0,1,Pedestrian
70,0.0,833.0,27.0,874.0,5471,1,0,1,Pedestrian
70,0.0,833.0,27.0,874.0,5472,1,0,1,Pedestrian
70,0.0,833.0,27.0,874.0,5473,1,0,1,Pedestrian
70,0.0,833.0,27.0,874.0,5474,1,0,1,Pedestrian
70,0.0,833.0,27.0,874.0,5475,1,0,1,Pedestrian
70,0.0,833.0,27.0,874.0,5476,1,0,1,Pedestrian
70,0.0,833.0,27.0,874.0,5477,1,0,1,Pedestrian
70,0.0,833.0,27.0,874.0,5478,1,0,1,Pedestrian
70,0.0,833.0,27.0,874.0,5479,1,0,1,Pedestrian
70,0.0,833.0,27.0,874.0,5480,1,0,1,Pedestrian
70,0.0,833.0,27.0,874.0,5481,1,0,1,Pedestrian
70,0.0,833.0,27.0,874.0,5482,1,0,1,Pedestrian
70,0.0,833.0,27.0,874.0,5483,1,0,1,Pedestrian
70,0.0,833.0,27.0,874.0,5484,1,0,1,Pedestrian
70,0.0,833.0,27.0,874.0,5485,1,0,1,Pedestrian
70,0.0,833.0,27.0,874.0,5486,1,0,1,Pedestrian
70,0.0,833.0,27.0,874.0,5487,1,0,1,Pedestrian
70,0.0,833.0,27.0,874.0,5488,1,0,1,Pedestrian
70,0.0,833.0,27.0,874.0,5489,1,0,1,Pedestrian
70,0.0,833.0,27.0,874.0,5490,1,0,1,Pedestrian
70,0.0,833.0,27.0,874.0,5491,1,0,1,Pedestrian
70,0.0,833.0,27.0,874.0,5492,1,0,1,Pedestrian
70,0.0,833.0,27.0,874.0,5493,1,0,1,Pedestrian
70,0.0,833.0,27.0,874.0,5494,1,0,1,Pedestrian
70,0.0,833.0,27.0,874.0,5495,1,0,1,Pedestrian
70,0.0,833.0,27.0,874.0,5496,1,0,1,Pedestrian
70,0.0,833.0,27.0,874.0,5497,1,0,1,Pedestrian
70,0.0,833.0,27.0,874.0,5498,1,0,1,Pedestrian
70,0.0,833.0,27.0,874.0,5499,1,0,1,Pedestrian
70,0.0,833.0,27.0,874.0,5500,1,0,1,Pedestrian
70,0.0,833.0,27.0,874.0,5501,1,0,1,Pedestrian
70,0.0,833.0,27.0,874.0,5502,1,0,1,Pedestrian
70,0.0,833.0,27.0,874.0,5503,1,0,1,Pedestrian
70,0.0,833.0,27.0,874.0,5504,1,0,1,Pedestrian
70,0.0,833.0,27.0,874.0,5505,1,0,1,Pedestrian
70,0.0,833.0,27.0,874.0,5506,1,0,1,Pedestrian
70,0.0,833.0,27.0,874.0,5507,1,0,1,Pedestrian
70,0.0,833.0,27.0,874.0,5508,1,0,1,Pedestrian
70,0.0,833.0,27.0,874.0,5509,1,0,1,Pedestrian
70,0.0,833.0,27.0,874.0,5510,1,0,1,Pedestrian
70,0.0,833.0,27.0,874.0,5511,1,0,1,Pedestrian
70,0.0,833.0,27.0,874.0,5512,1,0,1,Pedestrian
70,0.0,833.0,27.0,874.0,5513,1,0,1,Pedestrian
70,0.0,833.0,27.0,874.0,5514,1,0,1,Pedestrian
70,0.0,833.0,27.0,874.0,5515,1,0,1,Pedestrian
70,0.0,833.0,27.0,874.0,5516,1,0,1,Pedestrian
70,0.0,833.0,27.0,874.0,5517,1,0,1,Pedestrian
70,0.0,833.0,27.0,874.0,5518,1,0,1,Pedestrian
70,0.0,833.0,27.0,874.0,5519,1,0,1,Pedestrian
70,0.0,833.0,27.0,874.0,5520,1,0,1,Pedestrian
70,0.0,833.0,27.0,874.0,5521,1,0,1,Pedestrian
70,0.0,833.0,27.0,874.0,5522,1,0,1,Pedestrian
70,0.0,833.0,27.0,874.0,5523,1,0,1,Pedestrian
70,0.0,833.0,27.0,874.0,5524,1,0,1,Pedestrian
70,0.0,833.0,27.0,874.0,5525,1,0,1,Pedestrian
70,0.0,833.0,27.0,874.0,5526,1,0,1,Pedestrian
70,0.0,833.0,27.0,874.0,5527,1,0,1,Pedestrian
70,0.0,833.0,27.0,874.0,5528,1,0,1,Pedestrian
70,0.0,833.0,27.0,874.0,5529,1,0,1,Pedestrian
70,0.0,833.0,27.0,874.0,5530,1,0,1,Pedestrian
70,0.0,833.0,27.0,874.0,5531,1,0,0,Pedestrian
71,1936.0,678.0,1974.0,762.0,3500,1,0,0,Pedestrian
71,1936.0,678.0,1974.0,762.0,3501,1,0,1,Pedestrian
71,1936.0,678.0,1974.0,762.0,3502,1,0,1,Pedestrian
71,1936.0,678.0,1974.0,762.0,3503,1,0,1,Pedestrian
71,1936.0,678.0,1974.0,762.0,3504,1,0,1,Pedestrian
71,1936.0,678.0,1974.0,762.0,3505,1,0,1,Pedestrian
71,1936.0,678.0,1974.0,762.0,3506,1,0,1,Pedestrian
71,1936.0,678.0,1974.0,762.0,3507,1,0,1,Pedestrian
71,1936.0,678.0,1974.0,762.0,3508,1,0,1,Pedestrian
71,1936.0,678.0,1974.0,762.0,3509,1,0,1,Pedestrian
71,1936.0,678.0,1974.0,762.0,3510,1,0,1,Pedestrian
71,1936.0,678.0,1974.0,762.0,3511,1,0,1,Pedestrian
71,1936.0,678.0,1974.0,762.0,3512,1,0,1,Pedestrian
71,1936.0,678.0,1974.0,762.0,3513,1,0,1,Pedestrian
71,1936.0,678.0,1974.0,762.0,3514,1,0,1,Pedestrian
71,1936.0,678.0,1974.0,762.0,3515,1,0,1,Pedestrian
71,1936.0,678.0,1974.0,762.0,3516,1,0,1,Pedestrian
71,1936.0,678.0,1974.0,762.0,3517,1,0,1,Pedestrian
71,1936.0,678.0,1974.0,762.0,3518,1,0,1,Pedestrian
71,1936.0,678.0,1974.0,762.0,3519,1,0,1,Pedestrian
71,1936.0,678.0,1974.0,762.0,3520,1,0,1,Pedestrian
71,1936.0,678.0,1974.0,762.0,3521,1,0,1,Pedestrian
71,1936.0,678.0,1974.0,762.0,3522,1,0,1,Pedestrian
71,1936.0,678.0,1974.0,762.0,3523,1,0,1,Pedestrian
71,1936.0,678.0,1974.0,762.0,3524,1,0,1,Pedestrian
71,1936.0,678.0,1974.0,762.0,3525,1,0,1,Pedestrian
71,1936.0,678.0,1974.0,762.0,3526,1,0,1,Pedestrian
71,1936.0,678.0,1974.0,762.0,3527,1,0,1,Pedestrian
71,1936.0,678.0,1974.0,762.0,3528,1,0,1,Pedestrian
71,1936.0,678.0,1974.0,762.0,3529,1,0,1,Pedestrian
71,1936.0,678.0,1974.0,762.0,3530,1,0,1,Pedestrian
71,1936.0,678.0,1974.0,762.0,3531,1,0,1,Pedestrian
71,1936.0,678.0,1974.0,762.0,3532,1,0,1,Pedestrian
71,1936.0,678.0,1974.0,762.0,3533,1,0,1,Pedestrian
71,1936.0,678.0,1974.0,762.0,3534,1,0,1,Pedestrian
71,1936.0,678.0,1974.0,762.0,3535,1,0,1,Pedestrian
71,1936.0,678.0,1974.0,762.0,3536,1,0,1,Pedestrian
71,1936.0,678.0,1974.0,762.0,3537,1,0,1,Pedestrian
71,1936.0,678.0,1974.0,762.0,3538,1,0,1,Pedestrian
71,1936.0,678.0,1974.0,762.0,3539,1,0,1,Pedestrian
71,1936.0,678.0,1974.0,762.0,3540,1,0,1,Pedestrian
71,1936.0,678.0,1974.0,762.0,3541,1,0,1,Pedestrian
71,1936.0,678.0,1974.0,762.0,3542,1,0,1,Pedestrian
71,1936.0,678.0,1974.0,762.0,3543,1,0,1,Pedestrian
71,1936.0,678.0,1974.0,762.0,3544,1,0,1,Pedestrian
71,1936.0,678.0,1974.0,762.0,3545,1,0,1,Pedestrian
71,1936.0,678.0,1974.0,762.0,3546,1,0,1,Pedestrian
71,1936.0,678.0,1974.0,762.0,3547,1,0,1,Pedestrian
71,1936.0,678.0,1974.0,762.0,3548,1,0,1,Pedestrian
71,1936.0,678.0,1974.0,762.0,3549,1,0,1,Pedestrian
71,1936.0,678.0,1974.0,762.0,3550,1,0,1,Pedestrian
71,1936.0,678.0,1974.0,762.0,3551,1,0,1,Pedestrian
71,1936.0,678.0,1974.0,762.0,3552,1,0,1,Pedestrian
71,1936.0,678.0,1974.0,762.0,3553,1,0,1,Pedestrian
71,1936.0,678.0,1974.0,762.0,3554,1,0,1,Pedestrian
71,1936.0,678.0,1974.0,762.0,3555,1,0,1,Pedestrian
71,1936.0,678.0,1974.0,762.0,3556,1,0,1,Pedestrian
71,1936.0,678.0,1974.0,762.0,3557,1,0,1,Pedestrian
71,1936.0,678.0,1974.0,762.0,3558,1,0,1,Pedestrian
71,1936.0,678.0,1974.0,762.0,3559,1,0,1,Pedestrian
71,1936.0,678.0,1974.0,762.0,3560,1,0,1,Pedestrian
71,1936.0,678.0,1974.0,762.0,3561,1,0,1,Pedestrian
71,1936.0,678.0,1974.0,762.0,3562,1,0,1,Pedestrian
71,1936.0,678.0,1974.0,762.0,3563,1,0,1,Pedestrian
71,1936.0,678.0,1974.0,762.0,3564,1,0,1,Pedestrian
71,1936.0,678.0,1974.0,762.0,3565,1,0,1,Pedestrian
71,1936.0,678.0,1974.0,762.0,3566,1,0,1,Pedestrian
71,1936.0,678.0,1974.0,762.0,3567,1,0,1,Pedestrian
71,1936.0,678.0,1974.0,762.0,3568,1,0,1,Pedestrian
71,1936.0,678.0,1974.0,762.0,3569,1,0,1,Pedestrian
71,1936.0,678.0,1974.0,762.0,3570,1,0,1,Pedestrian
71,1936.0,678.0,1974.0,762.0,3571,1,0,1,Pedestrian
71,1936.0,678.0,1974.0,762.0,3572,1,0,1,Pedestrian
71,1936.0,678.0,1974.0,762.0,3573,1,0,1,Pedestrian
71,1936.0,678.0,1974.0,762.0,3574,1,0,1,Pedestrian
71,1936.0,678.0,1974.0,762.0,3575,1,0,1,Pedestrian
71,1936.0,678.0,1974.0,762.0,3576,1,0,1,Pedestrian
71,1936.0,678.0,1974.0,762.0,3577,1,0,1,Pedestrian
71,1936.0,678.0,1974.0,762.0,3578,1,0,1,Pedestrian
71,1936.0,678.0,1974.0,762.0,3579,1,0,1,Pedestrian
71,1936.0,678.0,1974.0,762.0,3580,1,0,1,Pedestrian
71,1936.0,678.0,1974.0,762.0,3581,1,0,1,Pedestrian
71,1936.0,678.0,1974.0,762.0,3582,1,0,1,Pedestrian
71,1936.0,678.0,1974.0,762.0,3583,1,0,1,Pedestrian
71,1936.0,678.0,1974.0,762.0,3584,1,0,1,Pedestrian
71,1936.0,678.0,1974.0,762.0,3585,1,0,1,Pedestrian
71,1936.0,678.0,1974.0,762.0,3586,1,0,1,Pedestrian
71,1936.0,678.0,1974.0,762.0,3587,1,0,1,Pedestrian
71,1936.0,678.0,1974.0,762.0,3588,1,0,1,Pedestrian
71,1936.0,678.0,1974.0,762.0,3589,1,0,1,Pedestrian
71,1936.0,678.0,1974.0,762.0,3590,1,0,1,Pedestrian
71,1936.0,678.0,1974.0,762.0,3591,1,0,1,Pedestrian
71,1936.0,678.0,1974.0,762.0,3592,1,0,1,Pedestrian
71,1936.0,678.0,1974.0,762.0,3593,1,0,1,Pedestrian
71,1936.0,678.0,1974.0,762.0,3594,1,0,1,Pedestrian
71,1936.0,678.0,1974.0,762.0,3595,1,0,1,Pedestrian
71,1936.0,678.0,1974.0,762.0,3596,1,0,1,Pedestrian
71,1936.0,678.0,1974.0,762.0,3597,1,0,1,Pedestrian
71,1936.0,678.0,1974.0,762.0,3598,1,0,1,Pedestrian
71,1936.0,678.0,1974.0,762.0,3599,1,0,1,Pedestrian
71,1936.0,678.0,1974.0,762.0,3600,1,0,1,Pedestrian
71,1936.0,678.0,1974.0,762.0,3601,1,0,1,Pedestrian
71,1936.0,678.0,1974.0,762.0,3602,1,0,1,Pedestrian
71,1936.0,678.0,1974.0,762.0,3603,1,0,1,Pedestrian
71,1936.0,678.0,1974.0,762.0,3604,1,0,1,Pedestrian
71,1936.0,678.0,1974.0,762.0,3605,1,0,1,Pedestrian
71,1936.0,678.0,1974.0,762.0,3606,1,0,1,Pedestrian
71,1936.0,678.0,1974.0,762.0,3607,1,0,1,Pedestrian
71,1936.0,678.0,1974.0,762.0,3608,1,0,1,Pedestrian
71,1936.0,678.0,1974.0,762.0,3609,1,0,1,Pedestrian
71,1936.0,678.0,1974.0,762.0,3610,1,0,1,Pedestrian
71,1936.0,678.0,1974.0,762.0,3611,1,0,1,Pedestrian
71,1936.0,678.0,1974.0,762.0,3612,1,0,1,Pedestrian
71,1936.0,678.0,1974.0,762.0,3613,1,0,1,Pedestrian
71,1936.0,678.0,1974.0,762.0,3614,1,0,1,Pedestrian
71,1936.0,678.0,1974.0,762.0,3615,1,0,1,Pedestrian
71,1936.0,678.0,1974.0,762.0,3616,1,0,1,Pedestrian
71,1936.0,678.0,1974.0,762.0,3617,1,0,1,Pedestrian
71,1936.0,678.0,1974.0,762.0,3618,1,0,1,Pedestrian
71,1936.0,678.0,1974.0,762.0,3619,1,0,1,Pedestrian
71,1936.0,678.0,1974.0,762.0,3620,1,0,1,Pedestrian
71,1936.0,678.0,1974.0,762.0,3621,1,0,1,Pedestrian
71,1936.0,678.0,1974.0,762.0,3622,1,0,1,Pedestrian
71,1936.0,678.0,1974.0,762.0,3623,1,0,1,Pedestrian
71,1936.0,678.0,1974.0,762.0,3624,1,0,1,Pedestrian
71,1936.0,678.0,1974.0,762.0,3625,1,0,1,Pedestrian
71,1936.0,678.0,1974.0,762.0,3626,1,0,1,Pedestrian
71,1936.0,678.0,1974.0,762.0,3627,1,0,1,Pedestrian
71,1936.0,678.0,1974.0,762.0,3628,1,0,1,Pedestrian
71,1936.0,678.0,1974.0,762.0,3629,1,0,1,Pedestrian
71,1936.0,678.0,1974.0,762.0,3630,1,0,1,Pedestrian
71,1936.0,678.0,1974.0,762.0,3631,1,0,1,Pedestrian
71,1936.0,678.0,1974.0,762.0,3632,1,0,1,Pedestrian
71,1936.0,678.0,1974.0,762.0,3633,1,0,1,Pedestrian
71,1936.0,678.0,1974.0,762.0,3634,1,0,1,Pedestrian
71,1936.0,678.0,1974.0,762.0,3635,1,0,1,Pedestrian
71,1936.0,678.0,1974.0,762.0,3636,1,0,1,Pedestrian
71,1936.0,678.0,1974.0,762.0,3637,1,0,1,Pedestrian
71,1936.0,678.0,1974.0,762.0,3638,1,0,1,Pedestrian
71,1936.0,678.0,1974.0,762.0,3639,1,0,1,Pedestrian
71,1936.0,678.0,1974.0,762.0,3640,1,0,1,Pedestrian
71,1936.0,678.0,1974.0,762.0,3641,1,0,1,Pedestrian
71,1936.0,678.0,1974.0,762.0,3642,1,0,1,Pedestrian
71,1936.0,678.0,1974.0,762.0,3643,1,0,1,Pedestrian
71,1936.0,678.0,1974.0,762.0,3644,1,0,1,Pedestrian
71,1936.0,678.0,1974.0,762.0,3645,1,0,1,Pedestrian
71,1936.0,678.0,1974.0,762.0,3646,1,0,1,Pedestrian
71,1936.0,678.0,1974.0,762.0,3647,1,0,1,Pedestrian
71,1936.0,678.0,1974.0,762.0,3648,1,0,1,Pedestrian
71,1936.0,678.0,1974.0,762.0,3649,1,0,1,Pedestrian
71,1936.0,678.0,1974.0,762.0,3650,1,0,1,Pedestrian
71,1936.0,678.0,1974.0,762.0,3651,1,0,1,Pedestrian
71,1936.0,678.0,1974.0,762.0,3652,1,0,1,Pedestrian
71,1936.0,678.0,1974.0,762.0,3653,1,0,1,Pedestrian
71,1936.0,678.0,1974.0,762.0,3654,1,0,1,Pedestrian
71,1936.0,678.0,1974.0,762.0,3655,1,0,1,Pedestrian
71,1936.0,678.0,1974.0,762.0,3656,1,0,1,Pedestrian
71,1936.0,678.0,1974.0,762.0,3657,1,0,1,Pedestrian
71,1936.0,678.0,1974.0,762.0,3658,1,0,1,Pedestrian
71,1936.0,678.0,1974.0,762.0,3659,1,0,1,Pedestrian
71,1936.0,678.0,1974.0,762.0,3660,1,0,1,Pedestrian
71,1936.0,678.0,1974.0,762.0,3661,1,0,1,Pedestrian
71,1936.0,678.0,1974.0,762.0,3662,1,0,1,Pedestrian
71,1936.0,678.0,1974.0,762.0,3663,1,0,1,Pedestrian
71,1936.0,678.0,1974.0,762.0,3664,1,0,1,Pedestrian
71,1936.0,678.0,1974.0,762.0,3665,1,0,1,Pedestrian
71,1936.0,678.0,1974.0,762.0,3666,1,0,1,Pedestrian
71,1936.0,678.0,1974.0,762.0,3667,1,0,1,Pedestrian
71,1936.0,678.0,1974.0,762.0,3668,1,0,1,Pedestrian
71,1936.0,678.0,1974.0,762.0,3669,1,0,1,Pedestrian
71,1936.0,678.0,1974.0,762.0,3670,1,0,1,Pedestrian
71,1936.0,678.0,1974.0,762.0,3671,1,0,1,Pedestrian
71,1936.0,678.0,1974.0,762.0,3672,1,0,1,Pedestrian
71,1936.0,678.0,1974.0,762.0,3673,1,0,1,Pedestrian
71,1936.0,678.0,1974.0,762.0,3674,1,0,1,Pedestrian
71,1936.0,678.0,1974.0,762.0,3675,1,0,1,Pedestrian
71,1936.0,678.0,1974.0,762.0,3676,1,0,1,Pedestrian
71,1936.0,678.0,1974.0,762.0,3677,1,0,1,Pedestrian
71,1936.0,678.0,1974.0,762.0,3678,1,0,1,Pedestrian
71,1936.0,678.0,1974.0,762.0,3679,1,0,1,Pedestrian
71,1936.0,678.0,1974.0,762.0,3680,1,0,1,Pedestrian
71,1936.0,678.0,1974.0,762.0,3681,1,0,1,Pedestrian
71,1936.0,678.0,1974.0,762.0,3682,1,0,1,Pedestrian
71,1936.0,678.0,1974.0,762.0,3683,1,0,1,Pedestrian
71,1936.0,678.0,1974.0,762.0,3684,1,0,1,Pedestrian
71,1936.0,678.0,1974.0,762.0,3685,1,0,1,Pedestrian
71,1936.0,678.0,1974.0,762.0,3686,1,0,1,Pedestrian
71,1936.0,678.0,1974.0,762.0,3687,1,0,1,Pedestrian
71,1936.0,678.0,1974.0,762.0,3688,1,0,1,Pedestrian
71,1936.0,678.0,1974.0,762.0,3689,1,0,1,Pedestrian
71,1936.0,678.0,1974.0,762.0,3690,1,0,1,Pedestrian
71,1936.0,678.0,1974.0,762.0,3691,1,0,1,Pedestrian
71,1936.0,678.0,1974.0,762.0,3692,1,0,1,Pedestrian
71,1936.0,678.0,1974.0,762.0,3693,1,0,1,Pedestrian
71,1936.0,678.0,1974.0,762.0,3694,1,0,1,Pedestrian
71,1936.0,678.0,1974.0,762.0,3695,1,0,1,Pedestrian
71,1936.0,678.0,1974.0,762.0,3696,1,0,1,Pedestrian
71,1936.0,678.0,1974.0,762.0,3697,1,0,1,Pedestrian
71,1936.0,678.0,1974.0,762.0,3698,1,0,1,Pedestrian
71,1936.0,678.0,1974.0,762.0,3699,1,0,1,Pedestrian
71,1936.0,678.0,1974.0,762.0,3700,1,0,1,Pedestrian
71,1936.0,678.0,1974.0,762.0,3701,1,0,1,Pedestrian
71,1936.0,678.0,1974.0,762.0,3702,1,0,1,Pedestrian
71,1936.0,678.0,1974.0,762.0,3703,1,0,1,Pedestrian
71,1936.0,678.0,1974.0,762.0,3704,1,0,1,Pedestrian
71,1936.0,678.0,1974.0,762.0,3705,1,0,1,Pedestrian
71,1936.0,678.0,1974.0,762.0,3706,1,0,1,Pedestrian
71,1936.0,678.0,1974.0,762.0,3707,1,0,1,Pedestrian
71,1936.0,678.0,1974.0,762.0,3708,1,0,1,Pedestrian
71,1936.0,678.0,1974.0,762.0,3709,1,0,1,Pedestrian
71,1936.0,678.0,1974.0,762.0,3710,1,0,1,Pedestrian
71,1936.0,678.0,1974.0,762.0,3711,1,0,1,Pedestrian
71,1936.0,678.0,1974.0,762.0,3712,1,0,1,Pedestrian
71,1936.0,678.0,1974.0,762.0,3713,1,0,1,Pedestrian
71,1936.0,678.0,1974.0,762.0,3714,1,0,1,Pedestrian
71,1936.0,678.0,1974.0,762.0,3715,1,0,1,Pedestrian
71,1936.0,678.0,1974.0,762.0,3716,1,0,1,Pedestrian
71,1936.0,678.0,1974.0,762.0,3717,1,0,1,Pedestrian
71,1936.0,678.0,1974.0,762.0,3718,1,0,1,Pedestrian
71,1936.0,678.0,1974.0,762.0,3719,1,0,1,Pedestrian
71,1936.0,678.0,1974.0,762.0,3720,1,0,1,Pedestrian
71,1936.0,678.0,1974.0,762.0,3721,1,0,1,Pedestrian
71,1936.0,678.0,1974.0,762.0,3722,1,0,1,Pedestrian
71,1936.0,678.0,1974.0,762.0,3723,1,0,1,Pedestrian
71,1936.0,678.0,1974.0,762.0,3724,1,0,1,Pedestrian
71,1936.0,678.0,1974.0,762.0,3725,1,0,1,Pedestrian
71,1936.0,678.0,1974.0,762.0,3726,1,0,1,Pedestrian
71,1936.0,678.0,1974.0,762.0,3727,1,0,1,Pedestrian
71,1936.0,678.0,1974.0,762.0,3728,1,0,1,Pedestrian
71,1936.0,678.0,1974.0,762.0,3729,1,0,1,Pedestrian
71,1936.0,678.0,1974.0,762.0,3730,1,0,1,Pedestrian
71,1936.0,678.0,1974.0,762.0,3731,1,0,1,Pedestrian
71,1936.0,678.0,1974.0,762.0,3732,1,0,1,Pedestrian
71,1936.0,678.0,1974.0,762.0,3733,1,0,1,Pedestrian
71,1936.0,678.0,1974.0,762.0,3734,1,0,1,Pedestrian
71,1936.0,678.0,1974.0,762.0,3735,1,0,1,Pedestrian
71,1936.0,678.0,1974.0,762.0,3736,1,0,1,Pedestrian
71,1936.0,678.0,1974.0,762.0,3737,1,0,1,Pedestrian
71,1936.0,678.0,1974.0,762.0,3738,1,0,1,Pedestrian
71,1936.0,678.0,1974.0,762.0,3739,1,0,1,Pedestrian
71,1936.0,678.0,1974.0,762.0,3740,1,0,1,Pedestrian
71,1936.0,678.0,1974.0,762.0,3741,1,0,1,Pedestrian
71,1936.0,678.0,1974.0,762.0,3742,1,0,1,Pedestrian
71,1936.0,678.0,1974.0,762.0,3743,1,0,1,Pedestrian
71,1936.0,678.0,1974.0,762.0,3744,1,0,1,Pedestrian
71,1936.0,678.0,1974.0,762.0,3745,1,0,1,Pedestrian
71,1936.0,678.0,1974.0,762.0,3746,1,0,1,Pedestrian
71,1936.0,678.0,1974.0,762.0,3747,1,0,1,Pedestrian
71,1936.0,678.0,1974.0,762.0,3748,1,0,1,Pedestrian
71,1936.0,678.0,1974.0,762.0,3749,1,0,1,Pedestrian
71,1936.0,678.0,1974.0,762.0,3750,1,0,1,Pedestrian
71,1936.0,678.0,1974.0,762.0,3751,1,0,1,Pedestrian
71,1936.0,678.0,1974.0,762.0,3752,1,0,1,Pedestrian
71,1936.0,678.0,1974.0,762.0,3753,1,0,1,Pedestrian
71,1936.0,678.0,1974.0,762.0,3754,1,0,1,Pedestrian
71,1936.0,678.0,1974.0,762.0,3755,1,0,1,Pedestrian
71,1936.0,678.0,1974.0,762.0,3756,1,0,1,Pedestrian
71,1936.0,678.0,1974.0,762.0,3757,1,0,1,Pedestrian
71,1936.0,678.0,1974.0,762.0,3758,1,0,1,Pedestrian
71,1936.0,678.0,1974.0,762.0,3759,1,0,1,Pedestrian
71,1936.0,678.0,1974.0,762.0,3760,1,0,1,Pedestrian
71,1936.0,678.0,1974.0,762.0,3761,1,0,1,Pedestrian
71,1936.0,678.0,1974.0,762.0,3762,1,0,1,Pedestrian
71,1936.0,678.0,1974.0,762.0,3763,1,0,1,Pedestrian
71,1936.0,678.0,1974.0,762.0,3764,1,0,1,Pedestrian
71,1936.0,678.0,1974.0,762.0,3765,1,0,1,Pedestrian
71,1936.0,678.0,1974.0,762.0,3766,1,0,1,Pedestrian
71,1936.0,678.0,1974.0,762.0,3767,1,0,1,Pedestrian
71,1936.0,678.0,1974.0,762.0,3768,1,0,1,Pedestrian
71,1936.0,678.0,1974.0,762.0,3769,1,0,1,Pedestrian
71,1936.0,678.0,1974.0,762.0,3770,1,0,1,Pedestrian
71,1936.0,678.0,1974.0,762.0,3771,1,0,1,Pedestrian
71,1936.0,678.0,1974.0,762.0,3772,1,0,1,Pedestrian
71,1936.0,678.0,1974.0,762.0,3773,1,0,1,Pedestrian
71,1936.0,678.0,1974.0,762.0,3774,1,0,1,Pedestrian
71,1936.0,678.0,1974.0,762.0,3775,1,0,1,Pedestrian
71,1936.0,678.0,1974.0,762.0,3776,1,0,1,Pedestrian
71,1936.0,678.0,1974.0,762.0,3777,1,0,1,Pedestrian
71,1936.0,678.0,1974.0,762.0,3778,1,0,1,Pedestrian
71,1936.0,678.0,1974.0,762.0,3779,1,0,1,Pedestrian
71,1936.0,678.0,1974.0,762.0,3780,1,0,1,Pedestrian
71,1936.0,678.0,1974.0,762.0,3781,1,0,1,Pedestrian
71,1936.0,678.0,1974.0,762.0,3782,1,0,1,Pedestrian
71,1936.0,678.0,1974.0,762.0,3783,1,0,1,Pedestrian
71,1936.0,678.0,1974.0,762.0,3784,1,0,1,Pedestrian
71,1936.0,678.0,1974.0,762.0,3785,1,0,1,Pedestrian
71,1936.0,678.0,1974.0,762.0,3786,1,0,1,Pedestrian
71,1936.0,678.0,1974.0,762.0,3787,1,0,1,Pedestrian
71,1936.0,678.0,1974.0,762.0,3788,1,0,1,Pedestrian
71,1936.0,678.0,1974.0,762.0,3789,1,0,1,Pedestrian
71,1936.0,678.0,1974.0,762.0,3790,1,0,1,Pedestrian
71,1936.0,678.0,1974.0,762.0,3791,1,0,1,Pedestrian
71,1936.0,678.0,1974.0,762.0,3792,1,0,1,Pedestrian
71,1936.0,678.0,1974.0,762.0,3793,1,0,1,Pedestrian
71,1936.0,678.0,1974.0,762.0,3794,1,0,1,Pedestrian
71,1936.0,678.0,1974.0,762.0,3795,1,0,1,Pedestrian
71,1936.0,678.0,1974.0,762.0,3796,1,0,1,Pedestrian
71,1936.0,678.0,1974.0,762.0,3797,1,0,1,Pedestrian
71,1936.0,678.0,1974.0,762.0,3798,1,0,1,Pedestrian
71,1936.0,678.0,1974.0,762.0,3799,1,0,1,Pedestrian
71,1936.0,678.0,1974.0,762.0,3800,1,0,1,Pedestrian
71,1936.0,678.0,1974.0,762.0,3801,1,0,1,Pedestrian
71,1936.0,678.0,1974.0,762.0,3802,1,0,1,Pedestrian
71,1936.0,678.0,1974.0,762.0,3803,1,0,1,Pedestrian
71,1936.0,678.0,1974.0,762.0,3804,1,0,1,Pedestrian
71,1936.0,678.0,1974.0,762.0,3805,1,0,1,Pedestrian
71,1936.0,678.0,1974.0,762.0,3806,1,0,1,Pedestrian
71,1936.0,678.0,1974.0,762.0,3807,1,0,1,Pedestrian
71,1936.0,678.0,1974.0,762.0,3808,1,0,1,Pedestrian
71,1936.0,678.0,1974.0,762.0,3809,1,0,1,Pedestrian
71,1936.0,678.0,1974.0,762.0,3810,1,0,1,Pedestrian
71,1936.0,678.0,1974.0,762.0,3811,1,0,1,Pedestrian
71,1936.0,678.0,1974.0,762.0,3812,1,0,1,Pedestrian
71,1936.0,678.0,1974.0,762.0,3813,1,0,1,Pedestrian
71,1936.0,678.0,1974.0,762.0,3814,1,0,1,Pedestrian
71,1936.0,678.0,1974.0,762.0,3815,1,0,1,Pedestrian
71,1936.0,678.0,1974.0,762.0,3816,1,0,1,Pedestrian
71,1936.0,678.0,1974.0,762.0,3817,1,0,1,Pedestrian
71,1936.0,678.0,1974.0,762.0,3818,1,0,1,Pedestrian
71,1936.0,678.0,1974.0,762.0,3819,1,0,1,Pedestrian
71,1936.0,678.0,1974.0,762.0,3820,1,0,1,Pedestrian
71,1936.0,678.0,1974.0,762.0,3821,1,0,1,Pedestrian
71,1936.0,678.0,1974.0,762.0,3822,1,0,1,Pedestrian
71,1936.0,678.0,1974.0,762.0,3823,1,0,1,Pedestrian
71,1936.0,678.0,1974.0,762.0,3824,1,0,1,Pedestrian
71,1936.0,678.0,1974.0,762.0,3825,1,0,1,Pedestrian
71,1936.0,678.0,1974.0,762.0,3826,1,0,1,Pedestrian
71,1936.0,678.0,1974.0,762.0,3827,1,0,1,Pedestrian
71,1936.0,678.0,1974.0,762.0,3828,1,0,1,Pedestrian
71,1936.0,678.0,1974.0,762.0,3829,1,0,1,Pedestrian
71,1936.0,678.0,1974.0,762.0,3830,1,0,1,Pedestrian
71,1936.0,678.0,1974.0,762.0,3831,1,0,1,Pedestrian
71,1936.0,678.0,1974.0,762.0,3832,1,0,1,Pedestrian
71,1936.0,678.0,1974.0,762.0,3833,1,0,1,Pedestrian
71,1936.0,678.0,1974.0,762.0,3834,1,0,1,Pedestrian
71,1936.0,678.0,1974.0,762.0,3835,1,0,1,Pedestrian
71,1936.0,678.0,1974.0,762.0,3836,1,0,1,Pedestrian
71,1936.0,678.0,1974.0,762.0,3837,1,0,1,Pedestrian
71,1936.0,678.0,1974.0,762.0,3838,1,0,1,Pedestrian
71,1936.0,678.0,1974.0,762.0,3839,1,0,1,Pedestrian
71,1936.0,678.0,1974.0,762.0,3840,1,0,1,Pedestrian
71,1936.0,678.0,1974.0,762.0,3841,1,0,1,Pedestrian
71,1936.0,678.0,1974.0,762.0,3842,1,0,1,Pedestrian
71,1936.0,678.0,1974.0,762.0,3843,1,0,1,Pedestrian
71,1936.0,678.0,1974.0,762.0,3844,1,0,1,Pedestrian
71,1936.0,678.0,1974.0,762.0,3845,1,0,1,Pedestrian
71,1936.0,678.0,1974.0,762.0,3846,1,0,1,Pedestrian
71,1936.0,678.0,1974.0,762.0,3847,1,0,1,Pedestrian
71,1936.0,678.0,1974.0,762.0,3848,1,0,1,Pedestrian
71,1936.0,678.0,1974.0,762.0,3849,1,0,1,Pedestrian
71,1936.0,678.0,1974.0,762.0,3850,1,0,1,Pedestrian
71,1936.0,678.0,1974.0,762.0,3851,1,0,1,Pedestrian
71,1936.0,678.0,1974.0,762.0,3852,1,0,1,Pedestrian
71,1936.0,678.0,1974.0,762.0,3853,1,0,1,Pedestrian
71,1936.0,678.0,1974.0,762.0,3854,1,0,1,Pedestrian
71,1936.0,678.0,1974.0,762.0,3855,1,0,1,Pedestrian
71,1936.0,678.0,1974.0,762.0,3856,1,0,1,Pedestrian
71,1936.0,678.0,1974.0,762.0,3857,1,0,1,Pedestrian
71,1936.0,678.0,1974.0,762.0,3858,1,0,1,Pedestrian
71,1936.0,678.0,1974.0,762.0,3859,1,0,1,Pedestrian
71,1936.0,678.0,1974.0,762.0,3860,1,0,1,Pedestrian
71,1936.0,678.0,1974.0,762.0,3861,1,0,1,Pedestrian
71,1936.0,678.0,1974.0,762.0,3862,1,0,1,Pedestrian
71,1936.0,678.0,1974.0,762.0,3863,1,0,1,Pedestrian
71,1936.0,678.0,1974.0,762.0,3864,1,0,1,Pedestrian
71,1936.0,678.0,1974.0,762.0,3865,1,0,1,Pedestrian
71,1936.0,678.0,1974.0,762.0,3866,1,0,1,Pedestrian
71,1936.0,678.0,1974.0,762.0,3867,1,0,1,Pedestrian
71,1936.0,678.0,1974.0,762.0,3868,1,0,1,Pedestrian
71,1936.0,678.0,1974.0,762.0,3869,1,0,1,Pedestrian
71,1936.0,678.0,1974.0,762.0,3870,1,0,1,Pedestrian
71,1936.0,678.0,1974.0,762.0,3871,1,0,1,Pedestrian
71,1936.0,678.0,1974.0,762.0,3872,1,0,1,Pedestrian
71,1936.0,678.0,1974.0,762.0,3873,1,0,1,Pedestrian
71,1936.0,678.0,1974.0,762.0,3874,1,0,1,Pedestrian
71,1936.0,678.0,1974.0,762.0,3875,1,0,1,Pedestrian
71,1936.0,678.0,1974.0,762.0,3876,1,0,1,Pedestrian
71,1936.0,678.0,1974.0,762.0,3877,1,0,1,Pedestrian
71,1936.0,678.0,1974.0,762.0,3878,1,0,1,Pedestrian
71,1936.0,678.0,1974.0,762.0,3879,1,0,1,Pedestrian
71,1936.0,678.0,1974.0,762.0,3880,1,0,1,Pedestrian
71,1936.0,678.0,1974.0,762.0,3881,1,0,1,Pedestrian
71,1936.0,678.0,1974.0,762.0,3882,1,0,1,Pedestrian
71,1936.0,678.0,1974.0,762.0,3883,1,0,1,Pedestrian
71,1936.0,678.0,1974.0,762.0,3884,1,0,1,Pedestrian
71,1936.0,678.0,1974.0,762.0,3885,1,0,1,Pedestrian
71,1936.0,678.0,1974.0,762.0,3886,1,0,1,Pedestrian
71,1936.0,678.0,1974.0,762.0,3887,1,0,1,Pedestrian
71,1936.0,678.0,1974.0,762.0,3888,1,0,1,Pedestrian
71,1936.0,678.0,1974.0,762.0,3889,1,0,1,Pedestrian
71,1936.0,678.0,1974.0,762.0,3890,1,0,1,Pedestrian
71,1936.0,678.0,1974.0,762.0,3891,1,0,1,Pedestrian
71,1936.0,678.0,1974.0,762.0,3892,1,0,1,Pedestrian
71,1936.0,678.0,1974.0,762.0,3893,1,0,1,Pedestrian
71,1936.0,678.0,1974.0,762.0,3894,1,0,1,Pedestrian
71,1936.0,678.0,1974.0,762.0,3895,1,0,1,Pedestrian
71,1936.0,678.0,1974.0,762.0,3896,1,0,1,Pedestrian
71,1936.0,678.0,1974.0,762.0,3897,1,0,1,Pedestrian
71,1936.0,678.0,1974.0,762.0,3898,1,0,1,Pedestrian
71,1936.0,678.0,1974.0,762.0,3899,1,0,1,Pedestrian
71,1936.0,678.0,1974.0,762.0,3900,1,0,1,Pedestrian
71,1936.0,678.0,1974.0,762.0,3901,1,0,1,Pedestrian
71,1936.0,678.0,1974.0,762.0,3902,1,0,1,Pedestrian
71,1936.0,678.0,1974.0,762.0,3903,1,0,1,Pedestrian
71,1936.0,678.0,1974.0,762.0,3904,1,0,1,Pedestrian
71,1936.0,678.0,1974.0,762.0,3905,1,0,1,Pedestrian
71,1936.0,678.0,1974.0,762.0,3906,1,0,1,Pedestrian
71,1936.0,678.0,1974.0,762.0,3907,1,0,1,Pedestrian
71,1936.0,678.0,1974.0,762.0,3908,1,0,1,Pedestrian
71,1936.0,678.0,1974.0,762.0,3909,1,0,1,Pedestrian
71,1936.0,678.0,1974.0,762.0,3910,1,0,1,Pedestrian
71,1936.0,678.0,1974.0,762.0,3911,1,0,1,Pedestrian
71,1936.0,678.0,1974.0,762.0,3912,1,0,1,Pedestrian
71,1936.0,678.0,1974.0,762.0,3913,1,0,1,Pedestrian
71,1936.0,678.0,1974.0,762.0,3914,1,0,1,Pedestrian
71,1936.0,678.0,1974.0,762.0,3915,1,0,1,Pedestrian
71,1936.0,678.0,1974.0,762.0,3916,1,0,1,Pedestrian
71,1936.0,678.0,1974.0,762.0,3917,1,0,1,Pedestrian
71,1936.0,678.0,1974.0,762.0,3918,1,0,1,Pedestrian
71,1936.0,678.0,1974.0,762.0,3919,1,0,1,Pedestrian
71,1936.0,678.0,1974.0,762.0,3920,1,0,1,Pedestrian
71,1936.0,678.0,1974.0,762.0,3921,1,0,1,Pedestrian
71,1936.0,678.0,1974.0,762.0,3922,1,0,1,Pedestrian
71,1936.0,678.0,1974.0,762.0,3923,1,0,1,Pedestrian
71,1936.0,678.0,1974.0,762.0,3924,1,0,1,Pedestrian
71,1936.0,678.0,1974.0,762.0,3925,1,0,1,Pedestrian
71,1936.0,678.0,1974.0,762.0,3926,1,0,1,Pedestrian
71,1936.0,678.0,1974.0,762.0,3927,1,0,1,Pedestrian
71,1936.0,678.0,1974.0,762.0,3928,1,0,1,Pedestrian
71,1936.0,678.0,1974.0,762.0,3929,1,0,1,Pedestrian
71,1936.0,678.0,1974.0,762.0,3930,1,0,1,Pedestrian
71,1936.0,678.0,1974.0,762.0,3931,1,0,1,Pedestrian
71,1936.0,678.0,1974.0,762.0,3932,1,0,1,Pedestrian
71,1936.0,678.0,1974.0,762.0,3933,1,0,1,Pedestrian
71,1936.0,678.0,1974.0,762.0,3934,1,0,1,Pedestrian
71,1936.0,678.0,1974.0,762.0,3935,1,0,1,Pedestrian
71,1936.0,678.0,1974.0,762.0,3936,1,0,1,Pedestrian
71,1936.0,678.0,1974.0,762.0,3937,1,0,1,Pedestrian
71,1936.0,678.0,1974.0,762.0,3938,1,0,1,Pedestrian
71,1936.0,678.0,1974.0,762.0,3939,1,0,1,Pedestrian
71,1936.0,678.0,1974.0,762.0,3940,1,0,1,Pedestrian
71,1936.0,678.0,1974.0,762.0,3941,1,0,1,Pedestrian
71,1936.0,678.0,1974.0,762.0,3942,1,0,1,Pedestrian
71,1936.0,678.0,1974.0,762.0,3943,1,0,1,Pedestrian
71,1936.0,678.0,1974.0,762.0,3944,1,0,1,Pedestrian
71,1936.0,678.0,1974.0,762.0,3945,1,0,1,Pedestrian
71,1936.0,678.0,1974.0,762.0,3946,1,0,1,Pedestrian
71,1936.0,678.0,1974.0,762.0,3947,1,0,1,Pedestrian
71,1936.0,678.0,1974.0,762.0,3948,1,0,1,Pedestrian
71,1936.0,678.0,1974.0,762.0,3949,1,0,1,Pedestrian
71,1936.0,678.0,1974.0,762.0,3950,1,0,1,Pedestrian
71,1936.0,678.0,1974.0,762.0,3951,0,0,0,Pedestrian
71,1936.0,678.0,1974.0,762.0,3952,0,0,1,Pedestrian
71,1936.0,678.0,1974.0,762.0,3953,0,0,1,Pedestrian
71,1936.0,678.0,1974.0,762.0,3954,0,0,1,Pedestrian
71,1936.0,678.0,1974.0,762.0,3955,0,0,1,Pedestrian
71,1936.0,678.0,1974.0,762.0,3956,0,0,1,Pedestrian
71,1936.0,678.0,1974.0,762.0,3957,0,0,1,Pedestrian
71,1936.0,678.0,1974.0,762.0,3958,0,0,1,Pedestrian
71,1936.0,678.0,1974.0,762.0,3959,0,0,1,Pedestrian
71,1936.0,678.0,1974.0,762.0,3960,0,0,1,Pedestrian
71,1936.0,678.0,1974.0,762.0,3961,0,0,1,Pedestrian
71,1936.0,678.0,1974.0,762.0,3962,0,0,1,Pedestrian
71,1936.0,678.0,1974.0,762.0,3963,0,0,1,Pedestrian
71,1936.0,678.0,1974.0,762.0,3964,0,0,1,Pedestrian
71,1936.0,678.0,1974.0,762.0,3965,0,0,1,Pedestrian
71,1936.0,678.0,1974.0,762.0,3966,0,0,0,Pedestrian
71,1933.0,678.0,1971.0,762.0,3967,0,0,1,Pedestrian
71,1933.0,678.0,1971.0,762.0,3968,0,0,1,Pedestrian
71,1930.0,678.0,1969.0,762.0,3969,0,0,1,Pedestrian
71,1930.0,678.0,1969.0,762.0,3970,0,0,1,Pedestrian
71,1927.0,678.0,1966.0,762.0,3971,0,0,1,Pedestrian
71,1927.0,678.0,1966.0,762.0,3972,0,0,1,Pedestrian
71,1925.0,678.0,1963.0,762.0,3973,0,0,1,Pedestrian
71,1925.0,678.0,1963.0,762.0,3974,0,0,1,Pedestrian
71,1922.0,678.0,1960.0,762.0,3975,0,0,1,Pedestrian
71,1922.0,678.0,1960.0,762.0,3976,0,0,1,Pedestrian
71,1919.0,678.0,1958.0,762.0,3977,0,0,1,Pedestrian
71,1919.0,678.0,1958.0,765.0,3978,0,0,1,Pedestrian
71,1916.0,678.0,1955.0,765.0,3979,0,0,1,Pedestrian
71,1916.0,678.0,1955.0,765.0,3980,0,0,1,Pedestrian
71,1914.0,678.0,1952.0,765.0,3981,0,0,1,Pedestrian
71,1914.0,678.0,1952.0,765.0,3982,0,0,1,Pedestrian
71,1914.0,680.0,1952.0,765.0,3983,0,0,1,Pedestrian
71,1911.0,680.0,1949.0,765.0,3984,0,0,1,Pedestrian
71,1911.0,680.0,1949.0,765.0,3985,0,0,1,Pedestrian
71,1908.0,680.0,1947.0,765.0,3986,0,0,1,Pedestrian
71,1908.0,680.0,1947.0,765.0,3987,0,0,1,Pedestrian
71,1905.0,680.0,1944.0,765.0,3988,0,0,1,Pedestrian
71,1905.0,680.0,1944.0,767.0,3989,0,0,1,Pedestrian
71,1903.0,680.0,1941.0,767.0,3990,0,0,1,Pedestrian
71,1903.0,680.0,1941.0,767.0,3991,0,0,1,Pedestrian
71,1900.0,680.0,1938.0,767.0,3992,0,0,1,Pedestrian
71,1900.0,680.0,1938.0,767.0,3993,0,0,1,Pedestrian
71,1897.0,680.0,1936.0,767.0,3994,0,0,1,Pedestrian
71,1897.0,680.0,1936.0,767.0,3995,0,0,1,Pedestrian
71,1894.0,680.0,1933.0,767.0,3996,0,0,1,Pedestrian
71,1894.0,680.0,1933.0,767.0,3997,0,0,1,Pedestrian
71,1892.0,680.0,1930.0,767.0,3998,0,0,1,Pedestrian
71,1892.0,680.0,1930.0,767.0,3999,0,0,1,Pedestrian
71,1892.0,683.0,1930.0,769.0,4000,0,0,0,Pedestrian
71,1889.0,683.0,1927.0,767.0,4001,0,0,1,Pedestrian
71,1886.0,683.0,1927.0,767.0,4002,0,0,1,Pedestrian
71,1886.0,683.0,1925.0,767.0,4003,0,0,1,Pedestrian
71,1883.0,683.0,1925.0,767.0,4004,0,0,1,Pedestrian
71,1881.0,685.0,1925.0,767.0,4005,0,0,1,Pedestrian
71,1881.0,685.0,1922.0,767.0,4006,0,0,1,Pedestrian
71,1878.0,685.0,1922.0,767.0,4007,0,0,1,Pedestrian
71,1875.0,685.0,1919.0,767.0,4008,0,0,1,Pedestrian
71,1875.0,687.0,1919.0,767.0,4009,0,0,1,Pedestrian
71,1872.0,687.0,1919.0,767.0,4010,0,0,1,Pedestrian
71,1870.0,687.0,1916.0,767.0,4011,0,0,1,Pedestrian
71,1870.0,687.0,1916.0,767.0,4012,0,0,1,Pedestrian
71,1867.0,689.0,1916.0,767.0,4013,0,0,1,Pedestrian
71,1864.0,689.0,1914.0,767.0,4014,0,0,1,Pedestrian
71,1864.0,689.0,1914.0,767.0,4015,0,0,1,Pedestrian
71,1861.0,689.0,1911.0,767.0,4016,0,0,1,Pedestrian
71,1859.0,689.0,1911.0,767.0,4017,0,0,1,Pedestrian
71,1859.0,692.0,1911.0,767.0,4018,0,0,1,Pedestrian
71,1856.0,692.0,1908.0,767.0,4019,0,0,1,Pedestrian
71,1856.0,692.0,1908.0,767.0,4020,0,0,1,Pedestrian
71,1853.0,692.0,1905.0,767.0,4021,0,0,1,Pedestrian
71,1850.0,694.0,1905.0,767.0,4022,0,0,1,Pedestrian
71,1850.0,694.0,1905.0,767.0,4023,0,0,1,Pedestrian
71,1848.0,694.0,1903.0,767.0,4024,0,0,1,Pedestrian
71,1845.0,694.0,1903.0,767.0,4025,0,0,1,Pedestrian
71,1845.0,696.0,1903.0,767.0,4026,0,0,1,Pedestrian
71,1842.0,696.0,1900.0,767.0,4027,0,0,1,Pedestrian
71,1839.0,696.0,1900.0,767.0,4028,0,0,1,Pedestrian
71,1839.0,696.0,1897.0,767.0,4029,0,0,1,Pedestrian
71,1837.0,699.0,1897.0,767.0,4030,0,0,1,Pedestrian
71,1834.0,699.0,1897.0,765.0,4031,0,0,1,Pedestrian
71,1834.0,699.0,1894.0,765.0,4032,0,0,1,Pedestrian
71,1831.0,699.0,1894.0,765.0,4033,0,0,1,Pedestrian
71,1828.0,699.0,1892.0,765.0,4034,0,0,1,Pedestrian
71,1828.0,701.0,1892.0,765.0,4035,0,0,1,Pedestrian
71,1826.0,701.0,1892.0,765.0,4036,0,0,1,Pedestrian
71,1823.0,701.0,1889.0,765.0,4037,0,0,1,Pedestrian
71,1823.0,701.0,1889.0,765.0,4038,0,0,1,Pedestrian
71,1820.0,703.0,1889.0,765.0,4039,0,0,1,Pedestrian
71,1820.0,703.0,1886.0,765.0,4040,0,0,1,Pedestrian
71,1817.0,703.0,1886.0,765.0,4041,0,0,1,Pedestrian
71,1815.0,703.0,1883.0,765.0,4042,0,0,1,Pedestrian
71,1815.0,705.0,1883.0,765.0,4043,0,0,1,Pedestrian
71,1812.0,705.0,1883.0,765.0,4044,0,0,1,Pedestrian
71,1809.0,705.0,1881.0,765.0,4045,0,0,1,Pedestrian
71,1809.0,705.0,1881.0,765.0,4046,0,0,1,Pedestrian
71,1806.0,705.0,1878.0,765.0,4047,0,0,1,Pedestrian
71,1804.0,708.0,1878.0,765.0,4048,0,0,1,Pedestrian
71,1804.0,708.0,1878.0,765.0,4049,0,0,1,Pedestrian
71,1801.0,708.0,1875.0,765.0,4050,0,0,1,Pedestrian
71,1798.0,708.0,1875.0,765.0,4051,0,0,1,Pedestrian
71,1798.0,710.0,1875.0,765.0,4052,0,0,1,Pedestrian
71,1795.0,710.0,1872.0,765.0,4053,0,0,1,Pedestrian
71,1793.0,710.0,1872.0,765.0,4054,0,0,1,Pedestrian
71,1793.0,710.0,1870.0,765.0,4055,0,0,1,Pedestrian
71,1790.0,712.0,1870.0,765.0,4056,0,0,1,Pedestrian
71,1787.0,712.0,1870.0,765.0,4057,0,0,1,Pedestrian
71,1787.0,712.0,1867.0,765.0,4058,0,0,1,Pedestrian
71,1784.0,712.0,1867.0,765.0,4059,0,0,1,Pedestrian
71,1784.0,715.0,1867.0,765.0,4060,0,0,0,Pedestrian
71,1782.0,715.0,1864.0,765.0,4061,0,0,1,Pedestrian
71,1779.0,715.0,1861.0,765.0,4062,0,0,1,Pedestrian
71,1779.0,715.0,1861.0,765.0,4063,0,0,1,Pedestrian
71,1776.0,715.0,1859.0,765.0,4064,0,0,1,Pedestrian
71,1776.0,715.0,1859.0,765.0,4065,0,0,1,Pedestrian
71,1773.0,715.0,1856.0,765.0,4066,0,0,1,Pedestrian
71,1773.0,715.0,1856.0,767.0,4067,0,0,1,Pedestrian
71,1771.0,717.0,1853.0,767.0,4068,0,0,1,Pedestrian
71,1771.0,717.0,1853.0,767.0,4069,0,0,1,Pedestrian
71,1768.0,717.0,1850.0,767.0,4070,0,0,1,Pedestrian
71,1768.0,717.0,1850.0,767.0,4071,0,0,1,Pedestrian
71,1765.0,717.0,1848.0,767.0,4072,0,0,1,Pedestrian
71,1762.0,717.0,1845.0,769.0,4073,0,0,1,Pedestrian
71,1762.0,717.0,1845.0,769.0,4074,0,0,1,Pedestrian
71,1760.0,719.0,1842.0,769.0,4075,0,0,1,Pedestrian
71,1760.0,719.0,1842.0,769.0,4076,0,0,1,Pedestrian
71,1757.0,719.0,1839.0,769.0,4077,0,0,1,Pedestrian
71,1757.0,719.0,1839.0,769.0,4078,0,0,1,Pedestrian
71,1754.0,719.0,1837.0,771.0,4079,0,0,1,Pedestrian
71,1754.0,719.0,1837.0,771.0,4080,0,0,1,Pedestrian
71,1751.0,719.0,1834.0,771.0,4081,0,0,1,Pedestrian
71,1751.0,721.0,1834.0,771.0,4082,0,0,1,Pedestrian
71,1749.0,721.0,1831.0,771.0,4083,0,0,1,Pedestrian
71,1749.0,721.0,1831.0,771.0,4084,0,0,1,Pedestrian
71,1746.0,721.0,1828.0,774.0,4085,0,0,1,Pedestrian
71,1743.0,721.0,1826.0,774.0,4086,0,0,1,Pedestrian
71,1743.0,721.0,1826.0,774.0,4087,0,0,1,Pedestrian
71,1740.0,721.0,1823.0,774.0,4088,0,0,1,Pedestrian
71,1740.0,724.0,1823.0,774.0,4089,0,0,1,Pedestrian
71,1738.0,724.0,1820.0,774.0,4090,0,0,1,Pedestrian
71,1738.0,724.0,1820.0,774.0,4091,0,0,1,Pedestrian
71,1735.0,724.0,1817.0,776.0,4092,0,0,1,Pedestrian
71,1735.0,724.0,1817.0,776.0,4093,0,0,1,Pedestrian
71,1732.0,724.0,1815.0,776.0,4094,0,0,1,Pedestrian
71,1732.0,724.0,1815.0,776.0,4095,0,0,1,Pedestrian
71,1729.0,726.0,1812.0,776.0,4096,0,0,1,Pedestrian
71,1729.0,726.0,1812.0,776.0,4097,0,0,1,Pedestrian
71,1727.0,726.0,1809.0,778.0,4098,0,0,1,Pedestrian
71,1724.0,726.0,1806.0,778.0,4099,0,0,1,Pedestrian
71,1724.0,726.0,1806.0,778.0,4100,0,0,1,Pedestrian
71,1721.0,726.0,1804.0,778.0,4101,0,0,1,Pedestrian
71,1721.0,726.0,1804.0,778.0,4102,0,0,1,Pedestrian
71,1718.0,728.0,1801.0,778.0,4103,0,0,1,Pedestrian
71,1718.0,728.0,1801.0,781.0,4104,0,0,1,Pedestrian
71,1716.0,728.0,1798.0,781.0,4105,0,0,1,Pedestrian
71,1716.0,728.0,1798.0,781.0,4106,0,0,1,Pedestrian
71,1713.0,728.0,1795.0,781.0,4107,0,0,1,Pedestrian
71,1713.0,728.0,1795.0,781.0,4108,0,0,1,Pedestrian
71,1710.0,728.0,1793.0,781.0,4109,0,0,1,Pedestrian
71,1710.0,730.0,1793.0,783.0,4110,0,0,0,Pedestrian
71,1707.0,730.0,1790.0,783.0,4111,0,0,1,Pedestrian
71,1707.0,730.0,1790.0,783.0,4112,0,0,1,Pedestrian
71,1705.0,730.0,1787.0,783.0,4113,0,0,1,Pedestrian
71,1705.0,730.0,1787.0,783.0,4114,0,0,1,Pedestrian
71,1702.0,730.0,1784.0,783.0,4115,0,0,1,Pedestrian
71,1702.0,730.0,1784.0,783.0,4116,0,0,1,Pedestrian
71,1699.0,730.0,1782.0,783.0,4117,0,0,1,Pedestrian
71,1699.0,730.0,1782.0,783.0,4118,0,0,1,Pedestrian
71,1696.0,730.0,1779.0,783.0,4119,0,0,1,Pedestrian
71,1696.0,733.0,1779.0,785.0,4120,0,0,1,Pedestrian
71,1694.0,733.0,1776.0,785.0,4121,0,0,1,Pedestrian
71,1694.0,733.0,1776.0,785.0,4122,0,0,1,Pedestrian
71,1691.0,733.0,1773.0,785.0,4123,0,0,1,Pedestrian
71,1691.0,733.0,1773.0,785.0,4124,0,0,1,Pedestrian
71,1688.0,733.0,1771.0,785.0,4125,0,0,1,Pedestrian
71,1688.0,733.0,1771.0,785.0,4126,0,0,1,Pedestrian
71,1685.0,733.0,1768.0,785.0,4127,0,0,1,Pedestrian
71,1685.0,733.0,1768.0,785.0,4128,0,0,1,Pedestrian
71,1683.0,733.0,1765.0,785.0,4129,0,0,1,Pedestrian
71,1683.0,735.0,1765.0,787.0,4130,0,0,1,Pedestrian
71,1680.0,735.0,1762.0,787.0,4131,0,0,1,Pedestrian
71,1680.0,735.0,1762.0,787.0,4132,0,0,1,Pedestrian
71,1677.0,735.0,1760.0,787.0,4133,0,0,1,Pedestrian
71,1677.0,735.0,1760.0,787.0,4134,0,0,1,Pedestrian
71,1674.0,735.0,1757.0,787.0,4135,0,0,1,Pedestrian
71,1674.0,735.0,1757.0,787.0,4136,0,0,1,Pedestrian
71,1672.0,735.0,1754.0,787.0,4137,0,0,1,Pedestrian
71,1672.0,735.0,1754.0,787.0,4138,0,0,1,Pedestrian
71,1669.0,735.0,1751.0,787.0,4139,0,0,1,Pedestrian
71,1669.0,737.0,1751.0,790.0,4140,0,0,1,Pedestrian
71,1666.0,737.0,1749.0,790.0,4141,0,0,1,Pedestrian
71,1666.0,737.0,1749.0,790.0,4142,0,0,1,Pedestrian
71,1663.0,737.0,1746.0,790.0,4143,0,0,1,Pedestrian
71,1663.0,737.0,1746.0,790.0,4144,0,0,1,Pedestrian
71,1661.0,737.0,1743.0,790.0,4145,0,0,1,Pedestrian
71,1661.0,737.0,1743.0,790.0,4146,0,0,1,Pedestrian
71,1658.0,737.0,1740.0,790.0,4147,0,0,1,Pedestrian
71,1658.0,737.0,1740.0,790.0,4148,0,0,1,Pedestrian
71,1655.0,737.0,1738.0,790.0,4149,0,0,1,Pedestrian
71,1655.0,740.0,1738.0,792.0,4150,0,0,0,Pedestrian
71,1652.0,740.0,1735.0,792.0,4151,0,0,1,Pedestrian
71,1650.0,740.0,1732.0,792.0,4152,0,0,1,Pedestrian
71,1650.0,740.0,1732.0,792.0,4153,0,0,1,Pedestrian
71,1647.0,740.0,1729.0,792.0,4154,0,0,1,Pedestrian
71,1647.0,740.0,1729.0,792.0,4155,0,0,1,Pedestrian
71,1644.0,740.0,1727.0,792.0,4156,0,0,1,Pedestrian
71,1644.0,740.0,1727.0,792.0,4157,0,0,1,Pedestrian
71,1641.0,740.0,1724.0,792.0,4158,0,0,1,Pedestrian
71,1639.0,740.0,1721.0,792.0,4159,0,0,1,Pedestrian
71,1639.0,740.0,1721.0,792.0,4160,0,0,1,Pedestrian
71,1636.0,740.0,1718.0,792.0,4161,0,0,1,Pedestrian
71,1636.0,740.0,1718.0,792.0,4162,0,0,1,Pedestrian
71,1633.0,740.0,1716.0,792.0,4163,0,0,1,Pedestrian
71,1633.0,740.0,1716.0,792.0,4164,0,0,1,Pedestrian
71,1630.0,740.0,1713.0,792.0,4165,0,0,1,Pedestrian
71,1628.0,740.0,1710.0,792.0,4166,0,0,1,Pedestrian
71,1628.0,740.0,1710.0,792.0,4167,0,0,1,Pedestrian
71,1625.0,740.0,1707.0,792.0,4168,0,0,1,Pedestrian
71,1625.0,740.0,1707.0,792.0,4169,0,0,1,Pedestrian
71,1622.0,740.0,1705.0,792.0,4170,0,0,1,Pedestrian
71,1622.0,740.0,1705.0,792.0,4171,0,0,1,Pedestrian
71,1619.0,740.0,1702.0,792.0,4172,0,0,1,Pedestrian
71,1617.0,740.0,1699.0,792.0,4173,0,0,1,Pedestrian
71,1617.0,740.0,1699.0,792.0,4174,0,0,1,Pedestrian
71,1614.0,740.0,1696.0,792.0,4175,0,0,1,Pedestrian
71,1614.0,740.0,1696.0,792.0,4176,0,0,1,Pedestrian
71,1611.0,740.0,1694.0,792.0,4177,0,0,1,Pedestrian
71,1611.0,740.0,1694.0,792.0,4178,0,0,1,Pedestrian
71,1608.0,740.0,1691.0,792.0,4179,0,0,1,Pedestrian
71,1606.0,740.0,1688.0,792.0,4180,0,0,1,Pedestrian
71,1606.0,740.0,1688.0,792.0,4181,0,0,1,Pedestrian
71,1603.0,740.0,1685.0,792.0,4182,0,0,1,Pedestrian
71,1603.0,740.0,1685.0,792.0,4183,0,0,1,Pedestrian
71,1600.0,740.0,1683.0,792.0,4184,0,0,1,Pedestrian
71,1600.0,740.0,1683.0,792.0,4185,0,0,1,Pedestrian
71,1597.0,740.0,1680.0,792.0,4186,0,0,1,Pedestrian
71,1595.0,740.0,1677.0,792.0,4187,0,0,1,Pedestrian
71,1595.0,740.0,1677.0,792.0,4188,0,0,1,Pedestrian
71,1592.0,740.0,1674.0,792.0,4189,0,0,1,Pedestrian
71,1592.0,740.0,1674.0,792.0,4190,0,0,1,Pedestrian
71,1589.0,740.0,1672.0,792.0,4191,0,0,1,Pedestrian
71,1589.0,740.0,1672.0,792.0,4192,0,0,1,Pedestrian
71,1586.0,740.0,1669.0,792.0,4193,0,0,1,Pedestrian
71,1584.0,740.0,1666.0,792.0,4194,0,0,1,Pedestrian
71,1584.0,740.0,1666.0,792.0,4195,0,0,1,Pedestrian
71,1581.0,740.0,1663.0,792.0,4196,0,0,1,Pedestrian
71,1581.0,740.0,1663.0,792.0,4197,0,0,1,Pedestrian
71,1578.0,740.0,1661.0,792.0,4198,0,0,1,Pedestrian
71,1578.0,740.0,1661.0,792.0,4199,0,0,1,Pedestrian
71,1575.0,740.0,1658.0,792.0,4200,0,0,1,Pedestrian
71,1573.0,740.0,1655.0,792.0,4201,0,0,1,Pedestrian
71,1573.0,740.0,1655.0,792.0,4202,0,0,1,Pedestrian
71,1570.0,740.0,1652.0,792.0,4203,0,0,1,Pedestrian
71,1570.0,740.0,1652.0,792.0,4204,0,0,1,Pedestrian
71,1567.0,740.0,1650.0,792.0,4205,0,0,1,Pedestrian
71,1567.0,740.0,1650.0,792.0,4206,0,0,1,Pedestrian
71,1564.0,740.0,1647.0,792.0,4207,0,0,1,Pedestrian
71,1562.0,740.0,1644.0,792.0,4208,0,0,1,Pedestrian
71,1562.0,740.0,1644.0,792.0,4209,0,0,1,Pedestrian
71,1559.0,740.0,1641.0,792.0,4210,0,0,1,Pedestrian
71,1559.0,740.0,1641.0,792.0,4211,0,0,1,Pedestrian
71,1556.0,740.0,1639.0,792.0,4212,0,0,1,Pedestrian
71,1556.0,740.0,1639.0,792.0,4213,0,0,1,Pedestrian
71,1553.0,740.0,1636.0,792.0,4214,0,0,1,Pedestrian
71,1551.0,740.0,1633.0,792.0,4215,0,0,1,Pedestrian
71,1551.0,740.0,1633.0,792.0,4216,0,0,1,Pedestrian
71,1548.0,740.0,1630.0,792.0,4217,0,0,1,Pedestrian
71,1548.0,740.0,1630.0,792.0,4218,0,0,1,Pedestrian
71,1545.0,740.0,1628.0,792.0,4219,0,0,1,Pedestrian
71,1545.0,742.0,1628.0,794.0,4220,0,0,0,Pedestrian
71,1542.0,742.0,1625.0,794.0,4221,0,0,1,Pedestrian
71,1540.0,742.0,1622.0,794.0,4222,0,0,1,Pedestrian
71,1540.0,742.0,1622.0,794.0,4223,0,0,1,Pedestrian
71,1537.0,742.0,1619.0,794.0,4224,0,0,1,Pedestrian
71,1537.0,742.0,1619.0,794.0,4225,0,0,1,Pedestrian
71,1534.0,742.0,1617.0,794.0,4226,0,0,1,Pedestrian
71,1534.0,742.0,1617.0,794.0,4227,0,0,1,Pedestrian
71,1531.0,742.0,1614.0,794.0,4228,0,0,1,Pedestrian
71,1531.0,742.0,1614.0,794.0,4229,0,0,1,Pedestrian
71,1529.0,742.0,1611.0,794.0,4230,0,0,1,Pedestrian
71,1529.0,742.0,1611.0,794.0,4231,0,0,1,Pedestrian
71,1526.0,744.0,1608.0,796.0,4232,0,0,1,Pedestrian
71,1526.0,744.0,1608.0,796.0,4233,0,0,1,Pedestrian
71,1523.0,744.0,1606.0,796.0,4234,0,0,1,Pedestrian
71,1523.0,744.0,1606.0,796.0,4235,0,0,1,Pedestrian
71,1520.0,744.0,1603.0,796.0,4236,0,0,1,Pedestrian
71,1520.0,744.0,1603.0,796.0,4237,0,0,1,Pedestrian
71,1518.0,744.0,1600.0,796.0,4238,0,0,1,Pedestrian
71,1518.0,744.0,1600.0,796.0,4239,0,0,1,Pedestrian
71,1515.0,744.0,1597.0,796.0,4240,0,0,1,Pedestrian
71,1515.0,744.0,1597.0,796.0,4241,0,0,1,Pedestrian
71,1512.0,744.0,1595.0,796.0,4242,0,0,1,Pedestrian
71,1512.0,744.0,1595.0,796.0,4243,0,0,1,Pedestrian
71,1509.0,746.0,1592.0,799.0,4244,0,0,1,Pedestrian
71,1509.0,746.0,1592.0,799.0,4245,0,0,1,Pedestrian
71,1507.0,746.0,1589.0,799.0,4246,0,0,1,Pedestrian
71,1507.0,746.0,1589.0,799.0,4247,0,0,1,Pedestrian
71,1504.0,746.0,1586.0,799.0,4248,0,0,1,Pedestrian
71,1504.0,746.0,1586.0,799.0,4249,0,0,1,Pedestrian
71,1501.0,746.0,1584.0,799.0,4250,0,0,1,Pedestrian
71,1501.0,746.0,1584.0,799.0,4251,0,0,1,Pedestrian
71,1498.0,746.0,1581.0,799.0,4252,0,0,1,Pedestrian
71,1498.0,746.0,1581.0,799.0,4253,0,0,1,Pedestrian
71,1496.0,746.0,1578.0,799.0,4254,0,0,1,Pedestrian
71,1496.0,749.0,1578.0,801.0,4255,0,0,1,Pedestrian
71,1493.0,749.0,1575.0,801.0,4256,0,0,1,Pedestrian
71,1490.0,749.0,1573.0,801.0,4257,0,0,1,Pedestrian
71,1490.0,749.0,1573.0,801.0,4258,0,0,1,Pedestrian
71,1487.0,749.0,1570.0,801.0,4259,0,0,1,Pedestrian
71,1487.0,749.0,1570.0,801.0,4260,0,0,1,Pedestrian
71,1485.0,749.0,1567.0,801.0,4261,0,0,1,Pedestrian
71,1485.0,749.0,1567.0,801.0,4262,0,0,1,Pedestrian
71,1482.0,749.0,1564.0,801.0,4263,0,0,1,Pedestrian
71,1482.0,749.0,1564.0,801.0,4264,0,0,1,Pedestrian
71,1479.0,749.0,1562.0,801.0,4265,0,0,1,Pedestrian
71,1479.0,749.0,1562.0,801.0,4266,0,0,1,Pedestrian
71,1476.0,751.0,1559.0,803.0,4267,0,0,1,Pedestrian
71,1476.0,751.0,1559.0,803.0,4268,0,0,1,Pedestrian
71,1474.0,751.0,1556.0,803.0,4269,0,0,1,Pedestrian
71,1474.0,751.0,1556.0,803.0,4270,0,0,1,Pedestrian
71,1471.0,751.0,1553.0,803.0,4271,0,0,1,Pedestrian
71,1471.0,751.0,1553.0,803.0,4272,0,0,1,Pedestrian
71,1468.0,751.0,1551.0,803.0,4273,0,0,1,Pedestrian
71,1468.0,751.0,1551.0,803.0,4274,0,0,1,Pedestrian
71,1465.0,751.0,1548.0,803.0,4275,0,0,1,Pedestrian
71,1465.0,751.0,1548.0,803.0,4276,0,0,1,Pedestrian
71,1463.0,751.0,1545.0,803.0,4277,0,0,1,Pedestrian
71,1463.0,751.0,1545.0,803.0,4278,0,0,1,Pedestrian
71,1460.0,753.0,1542.0,806.0,4279,0,0,1,Pedestrian
71,1460.0,753.0,1542.0,806.0,4280,0,0,1,Pedestrian
71,1457.0,753.0,1540.0,806.0,4281,0,0,1,Pedestrian
71,1457.0,753.0,1540.0,806.0,4282,0,0,1,Pedestrian
71,1454.0,753.0,1537.0,806.0,4283,0,0,1,Pedestrian
71,1454.0,753.0,1537.0,806.0,4284,0,0,1,Pedestrian
71,1452.0,753.0,1534.0,806.0,4285,0,0,1,Pedestrian
71,1452.0,753.0,1534.0,806.0,4286,0,0,1,Pedestrian
71,1449.0,753.0,1531.0,806.0,4287,0,0,1,Pedestrian
71,1449.0,753.0,1531.0,806.0,4288,0,0,1,Pedestrian
71,1446.0,753.0,1529.0,806.0,4289,0,0,1,Pedestrian
71,1446.0,755.0,1529.0,808.0,4290,0,0,0,Pedestrian
71,1443.0,753.0,1526.0,806.0,4291,0,0,1,Pedestrian
71,1441.0,753.0,1523.0,806.0,4292,0,0,1,Pedestrian
71,1438.0,753.0,1520.0,806.0,4293,0,0,1,Pedestrian
71,1438.0,753.0,1520.0,806.0,4294,0,0,1,Pedestrian
71,1435.0,753.0,1518.0,806.0,4295,0,0,1,Pedestrian
71,1432.0,753.0,1515.0,806.0,4296,0,0,1,Pedestrian
71,1432.0,753.0,1515.0,806.0,4297,0,0,1,Pedestrian
71,1430.0,753.0,1512.0,806.0,4298,0,0,1,Pedestrian
71,1427.0,753.0,1509.0,806.0,4299,0,0,1,Pedestrian
71,1427.0,753.0,1509.0,806.0,4300,0,0,1,Pedestrian
71,1424.0,753.0,1507.0,806.0,4301,0,0,1,Pedestrian
71,1421.0,753.0,1504.0,806.0,4302,0,0,1,Pedestrian
71,1421.0,753.0,1504.0,806.0,4303,0,0,1,Pedestrian
71,1419.0,753.0,1501.0,806.0,4304,0,0,1,Pedestrian
71,1416.0,753.0,1498.0,806.0,4305,0,0,1,Pedestrian
71,1416.0,753.0,1498.0,806.0,4306,0,0,1,Pedestrian
71,1413.0,753.0,1496.0,806.0,4307,0,0,1,Pedestrian
71,1410.0,753.0,1493.0,806.0,4308,0,0,1,Pedestrian
71,1410.0,753.0,1493.0,806.0,4309,0,0,1,Pedestrian
71,1408.0,753.0,1490.0,806.0,4310,0,0,1,Pedestrian
71,1405.0,753.0,1487.0,806.0,4311,0,0,1,Pedestrian
71,1405.0,753.0,1487.0,806.0,4312,0,0,1,Pedestrian
71,1402.0,753.0,1485.0,806.0,4313,0,0,1,Pedestrian
71,1399.0,753.0,1482.0,806.0,4314,0,0,1,Pedestrian
71,1399.0,753.0,1482.0,806.0,4315,0,0,1,Pedestrian
71,1397.0,753.0,1479.0,806.0,4316,0,0,1,Pedestrian
71,1394.0,753.0,1476.0,806.0,4317,0,0,1,Pedestrian
71,1391.0,753.0,1474.0,806.0,4318,0,0,1,Pedestrian
71,1391.0,753.0,1474.0,806.0,4319,0,0,1,Pedestrian
71,1388.0,753.0,1471.0,806.0,4320,0,0,1,Pedestrian
71,1386.0,753.0,1468.0,806.0,4321,0,0,1,Pedestrian
71,1386.0,753.0,1468.0,806.0,4322,0,0,1,Pedestrian
71,1383.0,753.0,1465.0,806.0,4323,0,0,1,Pedestrian
71,1380.0,753.0,1463.0,806.0,4324,0,0,1,Pedestrian
71,1380.0,753.0,1463.0,806.0,4325,0,0,1,Pedestrian
71,1377.0,753.0,1460.0,806.0,4326,0,0,1,Pedestrian
71,1375.0,753.0,1457.0,806.0,4327,0,0,1,Pedestrian
71,1375.0,753.0,1457.0,806.0,4328,0,0,1,Pedestrian
71,1372.0,753.0,1454.0,806.0,4329,0,0,1,Pedestrian
71,1369.0,753.0,1452.0,806.0,4330,0,0,1,Pedestrian
71,1369.0,753.0,1452.0,806.0,4331,0,0,1,Pedestrian
71,1366.0,753.0,1449.0,806.0,4332,0,0,1,Pedestrian
71,1364.0,753.0,1446.0,806.0,4333,0,0,1,Pedestrian
71,1364.0,753.0,1446.0,806.0,4334,0,0,1,Pedestrian
71,1361.0,753.0,1443.0,806.0,4335,0,0,1,Pedestrian
71,1358.0,753.0,1441.0,806.0,4336,0,0,1,Pedestrian
71,1358.0,753.0,1441.0,806.0,4337,0,0,1,Pedestrian
71,1355.0,753.0,1438.0,806.0,4338,0,0,1,Pedestrian
71,1353.0,753.0,1435.0,806.0,4339,0,0,1,Pedestrian
71,1353.0,753.0,1435.0,806.0,4340,0,0,0,Pedestrian
71,1350.0,753.0,1432.0,806.0,4341,0,0,1,Pedestrian
71,1350.0,753.0,1432.0,806.0,4342,0,0,1,Pedestrian
71,1347.0,753.0,1430.0,806.0,4343,0,0,1,Pedestrian
71,1347.0,753.0,1430.0,806.0,4344,0,0,1,Pedestrian
71,1344.0,753.0,1427.0,806.0,4345,0,0,1,Pedestrian
71,1344.0,753.0,1427.0,806.0,4346,0,0,1,Pedestrian
71,1342.0,753.0,1424.0,806.0,4347,0,0,1,Pedestrian
71,1342.0,753.0,1424.0,806.0,4348,0,0,1,Pedestrian
71,1339.0,753.0,1421.0,806.0,4349,0,0,1,Pedestrian
71,1339.0,753.0,1421.0,806.0,4350,0,0,1,Pedestrian
71,1336.0,753.0,1419.0,806.0,4351,0,0,1,Pedestrian
71,1336.0,753.0,1419.0,806.0,4352,0,0,1,Pedestrian
71,1333.0,753.0,1416.0,806.0,4353,0,0,1,Pedestrian
71,1333.0,753.0,1416.0,806.0,4354,0,0,1,Pedestrian
71,1331.0,753.0,1413.0,806.0,4355,0,0,1,Pedestrian
71,1331.0,753.0,1413.0,806.0,4356,0,0,1,Pedestrian
71,1328.0,753.0,1410.0,806.0,4357,0,0,1,Pedestrian
71,1328.0,753.0,1410.0,806.0,4358,0,0,1,Pedestrian
71,1325.0,753.0,1408.0,806.0,4359,0,0,1,Pedestrian
71,1325.0,753.0,1408.0,806.0,4360,0,0,1,Pedestrian
71,1322.0,753.0,1405.0,806.0,4361,0,0,1,Pedestrian
71,1322.0,753.0,1405.0,806.0,4362,0,0,1,Pedestrian
71,1320.0,753.0,1402.0,806.0,4363,0,0,1,Pedestrian
71,1320.0,753.0,1402.0,806.0,4364,0,0,1,Pedestrian
71,1317.0,753.0,1399.0,806.0,4365,0,0,1,Pedestrian
71,1317.0,753.0,1399.0,806.0,4366,0,0,1,Pedestrian
71,1314.0,753.0,1397.0,806.0,4367,0,0,1,Pedestrian
71,1314.0,753.0,1397.0,806.0,4368,0,0,1,Pedestrian
71,1311.0,753.0,1394.0,806.0,4369,0,0,1,Pedestrian
71,1311.0,753.0,1394.0,806.0,4370,0,0,1,Pedestrian
71,1311.0,753.0,1394.0,806.0,4371,0,0,1,Pedestrian
71,1309.0,753.0,1391.0,806.0,4372,0,0,1,Pedestrian
71,1309.0,753.0,1391.0,806.0,4373,0,0,1,Pedestrian
71,1306.0,753.0,1388.0,806.0,4374,0,0,1,Pedestrian
71,1306.0,753.0,1388.0,806.0,4375,0,0,1,Pedestrian
71,1303.0,753.0,1386.0,806.0,4376,0,0,1,Pedestrian
71,1303.0,753.0,1386.0,806.0,4377,0,0,1,Pedestrian
71,1300.0,753.0,1383.0,806.0,4378,0,0,1,Pedestrian
71,1300.0,753.0,1383.0,806.0,4379,0,0,1,Pedestrian
71,1298.0,753.0,1380.0,806.0,4380,0,0,1,Pedestrian
71,1298.0,753.0,1380.0,806.0,4381,0,0,1,Pedestrian
71,1295.0,753.0,1377.0,806.0,4382,0,0,1,Pedestrian
71,1295.0,753.0,1377.0,806.0,4383,0,0,1,Pedestrian
71,1292.0,753.0,1375.0,806.0,4384,0,0,1,Pedestrian
71,1292.0,753.0,1375.0,806.0,4385,0,0,1,Pedestrian
71,1289.0,753.0,1372.0,806.0,4386,0,0,1,Pedestrian
71,1289.0,753.0,1372.0,806.0,4387,0,0,1,Pedestrian
71,1287.0,753.0,1369.0,806.0,4388,0,0,1,Pedestrian
71,1287.0,753.0,1369.0,806.0,4389,0,0,1,Pedestrian
71,1284.0,753.0,1366.0,806.0,4390,0,0,1,Pedestrian
71,1284.0,753.0,1366.0,806.0,4391,0,0,1,Pedestrian
71,1281.0,753.0,1364.0,806.0,4392,0,0,1,Pedestrian
71,1281.0,753.0,1364.0,806.0,4393,0,0,1,Pedestrian
71,1278.0,753.0,1361.0,806.0,4394,0,0,1,Pedestrian
71,1278.0,753.0,1361.0,806.0,4395,0,0,1,Pedestrian
71,1276.0,753.0,1358.0,806.0,4396,0,0,1,Pedestrian
71,1276.0,753.0,1358.0,806.0,4397,0,0,1,Pedestrian
71,1273.0,753.0,1355.0,806.0,4398,0,0,1,Pedestrian
71,1273.0,753.0,1355.0,806.0,4399,0,0,1,Pedestrian
71,1273.0,753.0,1355.0,806.0,4400,0,0,0,Pedestrian
71,1270.0,753.0,1353.0,806.0,4401,0,0,1,Pedestrian
71,1267.0,753.0,1350.0,806.0,4402,0,0,1,Pedestrian
71,1267.0,753.0,1350.0,806.0,4403,0,0,1,Pedestrian
71,1265.0,753.0,1347.0,806.0,4404,0,0,1,Pedestrian
71,1265.0,753.0,1347.0,806.0,4405,0,0,1,Pedestrian
71,1262.0,753.0,1344.0,806.0,4406,0,0,1,Pedestrian
71,1259.0,753.0,1342.0,806.0,4407,0,0,1,Pedestrian
71,1259.0,753.0,1342.0,806.0,4408,0,0,1,Pedestrian
71,1256.0,753.0,1339.0,806.0,4409,0,0,1,Pedestrian
71,1256.0,753.0,1339.0,806.0,4410,0,0,1,Pedestrian
71,1254.0,753.0,1336.0,806.0,4411,0,0,1,Pedestrian
71,1251.0,753.0,1333.0,806.0,4412,0,0,1,Pedestrian
71,1251.0,753.0,1333.0,806.0,4413,0,0,1,Pedestrian
71,1248.0,753.0,1331.0,806.0,4414,0,0,1,Pedestrian
71,1248.0,753.0,1331.0,806.0,4415,0,0,1,Pedestrian
71,1245.0,753.0,1328.0,806.0,4416,0,0,1,Pedestrian
71,1243.0,753.0,1325.0,806.0,4417,0,0,1,Pedestrian
71,1243.0,753.0,1325.0,806.0,4418,0,0,1,Pedestrian
71,1240.0,753.0,1322.0,806.0,4419,0,0,1,Pedestrian
71,1240.0,753.0,1322.0,806.0,4420,0,0,1,Pedestrian
71,1237.0,753.0,1320.0,806.0,4421,0,0,1,Pedestrian
71,1234.0,753.0,1317.0,806.0,4422,0,0,1,Pedestrian
71,1234.0,753.0,1317.0,806.0,4423,0,0,1,Pedestrian
71,1232.0,753.0,1314.0,806.0,4424,0,0,1,Pedestrian
71,1232.0,753.0,1314.0,806.0,4425,0,0,1,Pedestrian
71,1229.0,753.0,1311.0,806.0,4426,0,0,1,Pedestrian
71,1226.0,753.0,1309.0,806.0,4427,0,0,1,Pedestrian
71,1226.0,753.0,1309.0,806.0,4428,0,0,1,Pedestrian
71,1223.0,753.0,1306.0,806.0,4429,0,0,1,Pedestrian
71,1223.0,753.0,1306.0,806.0,4430,0,0,1,Pedestrian
71,1221.0,753.0,1303.0,806.0,4431,0,0,1,Pedestrian
71,1218.0,753.0,1300.0,806.0,4432,0,0,1,Pedestrian
71,1218.0,753.0,1300.0,806.0,4433,0,0,1,Pedestrian
71,1215.0,753.0,1298.0,806.0,4434,0,0,1,Pedestrian
71,1215.0,753.0,1298.0,806.0,4435,0,0,1,Pedestrian
71,1212.0,753.0,1295.0,806.0,4436,0,0,1,Pedestrian
71,1210.0,753.0,1292.0,806.0,4437,0,0,1,Pedestrian
71,1210.0,753.0,1292.0,806.0,4438,0,0,1,Pedestrian
71,1207.0,753.0,1289.0,806.0,4439,0,0,1,Pedestrian
71,1207.0,753.0,1289.0,806.0,4440,0,0,1,Pedestrian
71,1204.0,753.0,1287.0,806.0,4441,0,0,1,Pedestrian
71,1201.0,753.0,1284.0,806.0,4442,0,0,1,Pedestrian
71,1201.0,753.0,1284.0,806.0,4443,0,0,1,Pedestrian
71,1199.0,753.0,1281.0,806.0,4444,0,0,1,Pedestrian
71,1199.0,753.0,1281.0,806.0,4445,0,0,1,Pedestrian
71,1196.0,753.0,1278.0,806.0,4446,0,0,1,Pedestrian
71,1193.0,753.0,1276.0,806.0,4447,0,0,1,Pedestrian
71,1193.0,753.0,1276.0,806.0,4448,0,0,1,Pedestrian
71,1190.0,753.0,1273.0,806.0,4449,0,0,1,Pedestrian
71,1190.0,755.0,1273.0,808.0,4450,0,0,0,Pedestrian
71,1188.0,755.0,1270.0,808.0,4451,0,0,1,Pedestrian
71,1185.0,755.0,1267.0,808.0,4452,0,0,1,Pedestrian
71,1185.0,755.0,1267.0,808.0,4453,0,0,1,Pedestrian
71,1182.0,755.0,1265.0,808.0,4454,0,0,1,Pedestrian
71,1179.0,755.0,1262.0,808.0,4455,0,0,1,Pedestrian
71,1179.0,755.0,1262.0,808.0,4456,0,0,1,Pedestrian
71,1177.0,755.0,1259.0,808.0,4457,0,0,1,Pedestrian
71,1177.0,755.0,1259.0,808.0,4458,0,0,1,Pedestrian
71,1174.0,755.0,1256.0,808.0,4459,0,0,1,Pedestrian
71,1171.0,755.0,1254.0,808.0,4460,0,0,1,Pedestrian
71,1171.0,755.0,1254.0,808.0,4461,0,0,1,Pedestrian
71,1168.0,755.0,1251.0,808.0,4462,0,0,1,Pedestrian
71,1166.0,755.0,1248.0,808.0,4463,0,0,1,Pedestrian
71,1166.0,755.0,1248.0,808.0,4464,0,0,1,Pedestrian
71,1163.0,755.0,1245.0,808.0,4465,0,0,1,Pedestrian
71,1163.0,755.0,1245.0,808.0,4466,0,0,1,Pedestrian
71,1160.0,755.0,1243.0,808.0,4467,0,0,1,Pedestrian
71,1157.0,755.0,1240.0,808.0,4468,0,0,1,Pedestrian
71,1157.0,755.0,1240.0,808.0,4469,0,0,1,Pedestrian
71,1155.0,755.0,1237.0,808.0,4470,0,0,1,Pedestrian
71,1152.0,755.0,1234.0,808.0,4471,0,0,1,Pedestrian
71,1152.0,755.0,1234.0,808.0,4472,0,0,1,Pedestrian
71,1149.0,755.0,1232.0,808.0,4473,0,0,1,Pedestrian
71,1149.0,755.0,1232.0,808.0,4474,0,0,1,Pedestrian
71,1146.0,758.0,1229.0,810.0,4475,0,0,1,Pedestrian
71,1144.0,758.0,1226.0,810.0,4476,0,0,1,Pedestrian
71,1144.0,758.0,1226.0,810.0,4477,0,0,1,Pedestrian
71,1141.0,758.0,1223.0,810.0,4478,0,0,1,Pedestrian
71,1141.0,758.0,1223.0,810.0,4479,0,0,1,Pedestrian
71,1138.0,758.0,1221.0,810.0,4480,0,0,1,Pedestrian
71,1135.0,758.0,1218.0,810.0,4481,0,0,1,Pedestrian
71,1135.0,758.0,1218.0,810.0,4482,0,0,1,Pedestrian
71,1133.0,758.0,1215.0,810.0,4483,0,0,1,Pedestrian
71,1130.0,758.0,1212.0,810.0,4484,0,0,1,Pedestrian
71,1130.0,758.0,1212.0,810.0,4485,0,0,1,Pedestrian
71,1127.0,758.0,1210.0,810.0,4486,0,0,1,Pedestrian
71,1127.0,758.0,1210.0,810.0,4487,0,0,1,Pedestrian
71,1124.0,758.0,1207.0,810.0,4488,0,0,1,Pedestrian
71,1122.0,758.0,1204.0,810.0,4489,0,0,1,Pedestrian
71,1122.0,758.0,1204.0,810.0,4490,0,0,1,Pedestrian
71,1119.0,758.0,1201.0,810.0,4491,0,0,1,Pedestrian
71,1116.0,758.0,1199.0,810.0,4492,0,0,1,Pedestrian
71,1116.0,758.0,1199.0,810.0,4493,0,0,1,Pedestrian
71,1113.0,758.0,1196.0,810.0,4494,0,0,1,Pedestrian
71,1113.0,758.0,1196.0,810.0,4495,0,0,1,Pedestrian
71,1111.0,758.0,1193.0,810.0,4496,0,0,1,Pedestrian
71,1108.0,758.0,1190.0,810.0,4497,0,0,1,Pedestrian
71,1108.0,758.0,1190.0,810.0,4498,0,0,1,Pedestrian
71,1105.0,758.0,1188.0,810.0,4499,0,0,1,Pedestrian
71,1105.0,760.0,1188.0,812.0,4500,0,0,0,Pedestrian
71,1102.0,760.0,1185.0,812.0,4501,0,0,1,Pedestrian
71,1102.0,760.0,1182.0,812.0,4502,0,0,1,Pedestrian
71,1100.0,760.0,1182.0,812.0,4503,0,0,1,Pedestrian
71,1100.0,760.0,1179.0,812.0,4504,0,0,1,Pedestrian
71,1097.0,760.0,1179.0,812.0,4505,0,0,1,Pedestrian
71,1097.0,760.0,1177.0,812.0,4506,0,0,1,Pedestrian
71,1094.0,760.0,1177.0,812.0,4507,0,0,1,Pedestrian
71,1094.0,760.0,1174.0,812.0,4508,0,0,1,Pedestrian
71,1091.0,760.0,1174.0,812.0,4509,0,0,1,Pedestrian
71,1091.0,762.0,1171.0,812.0,4510,0,0,1,Pedestrian
71,1091.0,762.0,1168.0,812.0,4511,0,0,1,Pedestrian
71,1089.0,762.0,1168.0,812.0,4512,0,0,1,Pedestrian
71,1089.0,762.0,1166.0,812.0,4513,0,0,1,Pedestrian
71,1086.0,762.0,1166.0,812.0,4514,0,0,1,Pedestrian
71,1086.0,762.0,1163.0,812.0,4515,0,0,1,Pedestrian
71,1083.0,762.0,1163.0,812.0,4516,0,0,1,Pedestrian
71,1083.0,762.0,1160.0,812.0,4517,0,0,1,Pedestrian
71,1080.0,762.0,1160.0,812.0,4518,0,0,1,Pedestrian
71,1080.0,762.0,1157.0,812.0,4519,0,0,1,Pedestrian
71,1080.0,765.0,1157.0,812.0,4520,0,0,1,Pedestrian
71,1078.0,765.0,1155.0,812.0,4521,0,0,1,Pedestrian
71,1078.0,765.0,1152.0,812.0,4522,0,0,1,Pedestrian
71,1075.0,765.0,1152.0,812.0,4523,0,0,1,Pedestrian
71,1075.0,765.0,1149.0,812.0,4524,0,0,1,Pedestrian
71,1072.0,765.0,1149.0,812.0,4525,0,0,1,Pedestrian
71,1072.0,765.0,1146.0,812.0,4526,0,0,1,Pedestrian
71,1069.0,765.0,1146.0,812.0,4527,0,0,1,Pedestrian
71,1069.0,765.0,1144.0,812.0,4528,0,0,1,Pedestrian
71,1067.0,765.0,1144.0,812.0,4529,0,0,1,Pedestrian
71,1067.0,767.0,1141.0,812.0,4530,0,0,1,Pedestrian
71,1067.0,767.0,1138.0,812.0,4531,0,0,1,Pedestrian
71,1064.0,767.0,1138.0,812.0,4532,0,0,1,Pedestrian
71,1064.0,767.0,1135.0,812.0,4533,0,0,1,Pedestrian
71,1061.0,767.0,1135.0,812.0,4534,0,0,1,Pedestrian
71,1061.0,767.0,1133.0,812.0,4535,0,0,1,Pedestrian
71,1058.0,767.0,1133.0,812.0,4536,0,0,1,Pedestrian
71,1058.0,767.0,1130.0,812.0,4537,0,0,1,Pedestrian
71,1056.0,767.0,1130.0,812.0,4538,0,0,1,Pedestrian
71,1056.0,767.0,1127.0,812.0,4539,0,0,1,Pedestrian
71,1056.0,769.0,1127.0,812.0,4540,0,0,1,Pedestrian
71,1053.0,769.0,1124.0,812.0,4541,0,0,1,Pedestrian
71,1053.0,769.0,1122.0,812.0,4542,0,0,1,Pedestrian
71,1050.0,769.0,1122.0,812.0,4543,0,0,1,Pedestrian
71,1050.0,769.0,1119.0,812.0,4544,0,0,1,Pedestrian
71,1047.0,769.0,1119.0,812.0,4545,0,0,1,Pedestrian
71,1047.0,769.0,1116.0,812.0,4546,0,0,1,Pedestrian
71,1045.0,769.0,1116.0,812.0,4547,0,0,1,Pedestrian
71,1045.0,769.0,1113.0,812.0,4548,0,0,1,Pedestrian
71,1042.0,769.0,1113.0,812.0,4549,0,0,1,Pedestrian
71,1042.0,771.0,1111.0,812.0,4550,0,0,1,Pedestrian
71,1042.0,771.0,1108.0,812.0,4551,0,0,1,Pedestrian
71,1039.0,771.0,1108.0,812.0,4552,0,0,1,Pedestrian
71,1039.0,771.0,1105.0,812.0,4553,0,0,1,Pedestrian
71,1036.0,771.0,1105.0,812.0,4554,0,0,1,Pedestrian
71,1036.0,771.0,1102.0,812.0,4555,0,0,1,Pedestrian
71,1034.0,771.0,1102.0,812.0,4556,0,0,1,Pedestrian
71,1034.0,771.0,1100.0,812.0,4557,0,0,1,Pedestrian
71,1031.0,771.0,1100.0,812.0,4558,0,0,1,Pedestrian
71,1031.0,771.0,1097.0,812.0,4559,0,0,1,Pedestrian
71,1031.0,774.0,1097.0,812.0,4560,0,0,1,Pedestrian
71,1028.0,774.0,1094.0,812.0,4561,0,0,1,Pedestrian
71,1028.0,774.0,1091.0,812.0,4562,0,0,1,Pedestrian
71,1025.0,774.0,1091.0,812.0,4563,0,0,1,Pedestrian
71,1025.0,774.0,1089.0,812.0,4564,0,0,1,Pedestrian
71,1023.0,774.0,1089.0,812.0,4565,0,0,1,Pedestrian
71,1023.0,774.0,1086.0,812.0,4566,0,0,1,Pedestrian
71,1020.0,774.0,1086.0,812.0,4567,0,0,1,Pedestrian
71,1020.0,774.0,1083.0,812.0,4568,0,0,1,Pedestrian
71,1017.0,774.0,1083.0,812.0,4569,0,0,1,Pedestrian
71,1017.0,776.0,1080.0,812.0,4570,0,0,1,Pedestrian
71,1017.0,776.0,1078.0,812.0,4571,0,0,1,Pedestrian
71,1014.0,776.0,1078.0,812.0,4572,0,0,1,Pedestrian
71,1014.0,776.0,1075.0,812.0,4573,0,0,1,Pedestrian
71,1012.0,776.0,1075.0,812.0,4574,0,0,1,Pedestrian
71,1012.0,776.0,1072.0,812.0,4575,0,0,1,Pedestrian
71,1009.0,776.0,1072.0,812.0,4576,0,0,1,Pedestrian
71,1009.0,776.0,1069.0,812.0,4577,0,0,1,Pedestrian
71,1006.0,776.0,1069.0,812.0,4578,0,0,1,Pedestrian
71,1006.0,776.0,1067.0,812.0,4579,0,0,1,Pedestrian
71,1006.0,778.0,1067.0,812.0,4580,0,0,1,Pedestrian
71,1003.0,778.0,1064.0,812.0,4581,0,0,1,Pedestrian
71,1003.0,778.0,1061.0,812.0,4582,0,0,1,Pedestrian
71,1001.0,778.0,1061.0,812.0,4583,0,0,1,Pedestrian
71,1001.0,778.0,1058.0,812.0,4584,0,0,1,Pedestrian
71,998.0,778.0,1058.0,812.0,4585,0,0,1,Pedestrian
71,998.0,778.0,1056.0,812.0,4586,0,0,1,Pedestrian
71,995.0,778.0,1056.0,812.0,4587,0,0,1,Pedestrian
71,995.0,778.0,1053.0,812.0,4588,0,0,1,Pedestrian
71,992.0,778.0,1053.0,812.0,4589,0,0,1,Pedestrian
71,992.0,781.0,1050.0,812.0,4590,0,0,1,Pedestrian
71,992.0,781.0,1047.0,812.0,4591,0,0,1,Pedestrian
71,990.0,781.0,1047.0,812.0,4592,0,0,1,Pedestrian
71,990.0,781.0,1045.0,812.0,4593,0,0,1,Pedestrian
71,987.0,781.0,1045.0,812.0,4594,0,0,1,Pedestrian
71,987.0,781.0,1042.0,812.0,4595,0,0,1,Pedestrian
71,984.0,781.0,1042.0,812.0,4596,0,0,1,Pedestrian
71,984.0,781.0,1039.0,812.0,4597,0,0,1,Pedestrian
71,981.0,781.0,1039.0,812.0,4598,0,0,1,Pedestrian
71,981.0,781.0,1036.0,812.0,4599,0,0,1,Pedestrian
71,981.0,783.0,1036.0,815.0,4600,0,0,0,Pedestrian
71,979.0,783.0,1034.0,815.0,4601,0,0,1,Pedestrian
71,976.0,783.0,1031.0,815.0,4602,0,0,1,Pedestrian
71,976.0,783.0,1031.0,815.0,4603,0,0,1,Pedestrian
71,973.0,783.0,1028.0,815.0,4604,0,0,1,Pedestrian
71,973.0,783.0,1028.0,815.0,4605,0,0,1,Pedestrian
71,970.0,783.0,1025.0,815.0,4606,0,0,1,Pedestrian
71,970.0,783.0,1025.0,815.0,4607,0,0,1,Pedestrian
71,968.0,783.0,1023.0,815.0,4608,0,0,1,Pedestrian
71,968.0,783.0,1023.0,815.0,4609,0,0,1,Pedestrian
71,965.0,783.0,1020.0,815.0,4610,0,0,1,Pedestrian
71,962.0,783.0,1017.0,815.0,4611,0,0,1,Pedestrian
71,962.0,783.0,1017.0,815.0,4612,0,0,1,Pedestrian
71,959.0,783.0,1014.0,815.0,4613,0,0,1,Pedestrian
71,959.0,783.0,1014.0,815.0,4614,0,0,1,Pedestrian
71,957.0,783.0,1012.0,815.0,4615,0,0,1,Pedestrian
71,957.0,783.0,1012.0,815.0,4616,0,0,1,Pedestrian
71,954.0,783.0,1009.0,815.0,4617,0,0,1,Pedestrian
71,954.0,783.0,1009.0,815.0,4618,0,0,1,Pedestrian
71,951.0,783.0,1006.0,815.0,4619,0,0,1,Pedestrian
71,948.0,783.0,1003.0,815.0,4620,0,0,1,Pedestrian
71,948.0,783.0,1003.0,815.0,4621,0,0,1,Pedestrian
71,946.0,783.0,1001.0,815.0,4622,0,0,1,Pedestrian
71,946.0,783.0,1001.0,815.0,4623,0,0,1,Pedestrian
71,943.0,783.0,998.0,815.0,4624,0,0,1,Pedestrian
71,943.0,783.0,998.0,815.0,4625,0,0,1,Pedestrian
71,940.0,783.0,995.0,815.0,4626,0,0,1,Pedestrian
71,940.0,783.0,995.0,815.0,4627,0,0,1,Pedestrian
71,937.0,783.0,992.0,815.0,4628,0,0,1,Pedestrian
71,935.0,783.0,990.0,815.0,4629,0,0,1,Pedestrian
71,935.0,783.0,990.0,815.0,4630,0,0,1,Pedestrian
71,932.0,783.0,987.0,815.0,4631,0,0,1,Pedestrian
71,932.0,783.0,987.0,815.0,4632,0,0,1,Pedestrian
71,929.0,783.0,984.0,815.0,4633,0,0,1,Pedestrian
71,929.0,783.0,984.0,815.0,4634,0,0,1,Pedestrian
71,926.0,783.0,981.0,815.0,4635,0,0,1,Pedestrian
71,926.0,783.0,981.0,815.0,4636,0,0,1,Pedestrian
71,924.0,783.0,979.0,815.0,4637,0,0,1,Pedestrian
71,921.0,783.0,976.0,815.0,4638,0,0,1,Pedestrian
71,921.0,783.0,976.0,815.0,4639,0,0,1,Pedestrian
71,918.0,783.0,973.0,815.0,4640,0,0,1,Pedestrian
71,918.0,783.0,973.0,815.0,4641,0,0,1,Pedestrian
71,915.0,783.0,970.0,815.0,4642,0,0,1,Pedestrian
71,915.0,783.0,970.0,815.0,4643,0,0,1,Pedestrian
71,913.0,783.0,968.0,815.0,4644,0,0,1,Pedestrian
71,913.0,783.0,968.0,815.0,4645,0,0,1,Pedestrian
71,910.0,783.0,965.0,815.0,4646,0,0,1,Pedestrian
71,907.0,783.0,962.0,815.0,4647,0,0,1,Pedestrian
71,907.0,783.0,962.0,815.0,4648,0,0,1,Pedestrian
71,904.0,783.0,959.0,815.0,4649,0,0,1,Pedestrian
71,904.0,783.0,959.0,815.0,4650,0,0,1,Pedestrian
71,902.0,783.0,957.0,815.0,4651,0,0,1,Pedestrian
71,902.0,783.0,957.0,815.0,4652,0,0,1,Pedestrian
71,899.0,783.0,954.0,815.0,4653,0,0,1,Pedestrian
71,899.0,783.0,954.0,815.0,4654,0,0,1,Pedestrian
71,896.0,783.0,951.0,815.0,4655,0,0,1,Pedestrian
71,893.0,783.0,948.0,815.0,4656,0,0,1,Pedestrian
71,893.0,783.0,948.0,815.0,4657,0,0,1,Pedestrian
71,891.0,783.0,946.0,815.0,4658,0,0,1,Pedestrian
71,891.0,783.0,946.0,815.0,4659,0,0,1,Pedestrian
71,888.0,783.0,943.0,815.0,4660,0,0,1,Pedestrian
71,888.0,783.0,943.0,815.0,4661,0,0,1,Pedestrian
71,885.0,783.0,940.0,815.0,4662,0,0,1,Pedestrian
71,885.0,783.0,940.0,815.0,4663,0,0,1,Pedestrian
71,882.0,783.0,937.0,815.0,4664,0,0,1,Pedestrian
71,880.0,783.0,935.0,815.0,4665,0,0,1,Pedestrian
71,880.0,783.0,935.0,815.0,4666,0,0,1,Pedestrian
71,877.0,783.0,932.0,815.0,4667,0,0,1,Pedestrian
71,877.0,783.0,932.0,815.0,4668,0,0,1,Pedestrian
71,874.0,783.0,929.0,815.0,4669,0,0,1,Pedestrian
71,874.0,783.0,929.0,815.0,4670,0,0,1,Pedestrian
71,871.0,783.0,926.0,815.0,4671,0,0,1,Pedestrian
71,871.0,783.0,926.0,815.0,4672,0,0,1,Pedestrian
71,869.0,783.0,924.0,815.0,4673,0,0,1,Pedestrian
71,866.0,783.0,921.0,815.0,4674,0,0,1,Pedestrian
71,866.0,783.0,921.0,815.0,4675,0,0,1,Pedestrian
71,863.0,783.0,918.0,815.0,4676,0,0,1,Pedestrian
71,863.0,783.0,918.0,815.0,4677,0,0,1,Pedestrian
71,860.0,783.0,915.0,815.0,4678,0,0,1,Pedestrian
71,860.0,783.0,915.0,815.0,4679,0,0,1,Pedestrian
71,858.0,783.0,913.0,815.0,4680,0,0,1,Pedestrian
71,858.0,783.0,913.0,815.0,4681,0,0,1,Pedestrian
71,855.0,783.0,910.0,815.0,4682,0,0,1,Pedestrian
71,852.0,783.0,907.0,815.0,4683,0,0,1,Pedestrian
71,852.0,783.0,907.0,815.0,4684,0,0,1,Pedestrian
71,849.0,783.0,904.0,815.0,4685,0,0,1,Pedestrian
71,849.0,783.0,904.0,815.0,4686,0,0,1,Pedestrian
71,847.0,783.0,902.0,815.0,4687,0,0,1,Pedestrian
71,847.0,783.0,902.0,815.0,4688,0,0,1,Pedestrian
71,844.0,783.0,899.0,815.0,4689,0,0,1,Pedestrian
71,844.0,783.0,899.0,815.0,4690,0,0,0,Pedestrian
71,841.0,783.0,896.0,815.0,4691,0,0,1,Pedestrian
71,838.0,783.0,893.0,815.0,4692,0,0,1,Pedestrian
71,838.0,783.0,893.0,815.0,4693,0,0,1,Pedestrian
71,836.0,783.0,891.0,815.0,4694,0,0,1,Pedestrian
71,836.0,783.0,891.0,815.0,4695,0,0,1,Pedestrian
71,833.0,783.0,888.0,815.0,4696,0,0,1,Pedestrian
71,830.0,783.0,885.0,815.0,4697,0,0,1,Pedestrian
71,830.0,783.0,885.0,815.0,4698,0,0,1,Pedestrian
71,827.0,783.0,882.0,815.0,4699,0,0,1,Pedestrian
71,827.0,783.0,882.0,815.0,4700,0,0,1,Pedestrian
71,825.0,783.0,880.0,815.0,4701,0,0,1,Pedestrian
71,822.0,783.0,877.0,815.0,4702,0,0,1,Pedestrian
71,822.0,783.0,877.0,815.0,4703,0,0,1,Pedestrian
71,819.0,783.0,874.0,815.0,4704,0,0,1,Pedestrian
71,819.0,783.0,874.0,815.0,4705,0,0,1,Pedestrian
71,816.0,783.0,871.0,815.0,4706,0,0,1,Pedestrian
71,814.0,783.0,869.0,815.0,4707,0,0,1,Pedestrian
71,814.0,783.0,869.0,815.0,4708,0,0,1,Pedestrian
71,811.0,783.0,866.0,815.0,4709,0,0,1,Pedestrian
71,811.0,783.0,866.0,815.0,4710,0,0,1,Pedestrian
71,808.0,783.0,863.0,815.0,4711,0,0,1,Pedestrian
71,808.0,783.0,863.0,815.0,4712,0,0,1,Pedestrian
71,805.0,783.0,860.0,815.0,4713,0,0,1,Pedestrian
71,803.0,783.0,858.0,815.0,4714,0,0,1,Pedestrian
71,803.0,783.0,858.0,815.0,4715,0,0,1,Pedestrian
71,800.0,783.0,855.0,815.0,4716,0,0,1,Pedestrian
71,800.0,783.0,855.0,815.0,4717,0,0,1,Pedestrian
71,797.0,783.0,852.0,815.0,4718,0,0,1,Pedestrian
71,794.0,783.0,849.0,815.0,4719,0,0,1,Pedestrian
71,794.0,783.0,849.0,815.0,4720,0,0,1,Pedestrian
71,792.0,783.0,847.0,815.0,4721,0,0,1,Pedestrian
71,792.0,783.0,847.0,815.0,4722,0,0,1,Pedestrian
71,789.0,783.0,844.0,815.0,4723,0,0,1,Pedestrian
71,786.0,783.0,841.0,815.0,4724,0,0,1,Pedestrian
71,786.0,783.0,841.0,815.0,4725,0,0,1,Pedestrian
71,783.0,783.0,838.0,815.0,4726,0,0,1,Pedestrian
71,783.0,783.0,838.0,815.0,4727,0,0,1,Pedestrian
71,781.0,783.0,836.0,815.0,4728,0,0,1,Pedestrian
71,778.0,783.0,833.0,815.0,4729,0,0,1,Pedestrian
71,778.0,783.0,833.0,815.0,4730,0,0,1,Pedestrian
71,775.0,783.0,830.0,815.0,4731,0,0,1,Pedestrian
71,775.0,783.0,830.0,815.0,4732,0,0,1,Pedestrian
71,772.0,783.0,827.0,815.0,4733,0,0,1,Pedestrian
71,772.0,783.0,827.0,815.0,4734,0,0,1,Pedestrian
71,770.0,783.0,825.0,815.0,4735,0,0,1,Pedestrian
71,767.0,783.0,822.0,815.0,4736,0,0,1,Pedestrian
71,767.0,783.0,822.0,815.0,4737,0,0,1,Pedestrian
71,764.0,783.0,819.0,815.0,4738,0,0,1,Pedestrian
71,764.0,783.0,819.0,815.0,4739,0,0,1,Pedestrian
71,761.0,783.0,816.0,815.0,4740,0,0,1,Pedestrian
71,759.0,783.0,814.0,815.0,4741,0,0,1,Pedestrian
71,759.0,783.0,814.0,815.0,4742,0,0,1,Pedestrian
71,756.0,783.0,811.0,815.0,4743,0,0,1,Pedestrian
71,756.0,783.0,811.0,815.0,4744,0,0,1,Pedestrian
71,753.0,783.0,808.0,815.0,4745,0,0,1,Pedestrian
71,750.0,783.0,805.0,815.0,4746,0,0,1,Pedestrian
71,750.0,783.0,805.0,815.0,4747,0,0,1,Pedestrian
71,748.0,783.0,803.0,815.0,4748,0,0,1,Pedestrian
71,748.0,783.0,803.0,815.0,4749,0,0,1,Pedestrian
71,745.0,783.0,800.0,815.0,4750,0,0,1,Pedestrian
71,745.0,783.0,800.0,815.0,4751,0,0,1,Pedestrian
71,742.0,783.0,797.0,815.0,4752,0,0,1,Pedestrian
71,739.0,783.0,794.0,815.0,4753,0,0,1,Pedestrian
71,739.0,783.0,794.0,815.0,4754,0,0,1,Pedestrian
71,737.0,783.0,792.0,815.0,4755,0,0,1,Pedestrian
71,737.0,783.0,792.0,815.0,4756,0,0,1,Pedestrian
71,734.0,783.0,789.0,815.0,4757,0,0,1,Pedestrian
71,731.0,783.0,786.0,815.0,4758,0,0,1,Pedestrian
71,731.0,783.0,786.0,815.0,4759,0,0,1,Pedestrian
71,728.0,783.0,783.0,815.0,4760,0,0,1,Pedestrian
71,728.0,783.0,783.0,815.0,4761,0,0,1,Pedestrian
71,726.0,783.0,781.0,815.0,4762,0,0,1,Pedestrian
71,723.0,783.0,778.0,815.0,4763,0,0,1,Pedestrian
71,723.0,783.0,778.0,815.0,4764,0,0,1,Pedestrian
71,720.0,783.0,775.0,815.0,4765,0,0,1,Pedestrian
71,720.0,783.0,775.0,815.0,4766,0,0,1,Pedestrian
71,717.0,783.0,772.0,815.0,4767,0,0,1,Pedestrian
71,715.0,783.0,770.0,815.0,4768,0,0,1,Pedestrian
71,715.0,783.0,770.0,815.0,4769,0,0,1,Pedestrian
71,712.0,783.0,767.0,815.0,4770,0,0,1,Pedestrian
71,712.0,783.0,767.0,815.0,4771,0,0,1,Pedestrian
71,709.0,783.0,764.0,815.0,4772,0,0,1,Pedestrian
71,709.0,783.0,764.0,815.0,4773,0,0,1,Pedestrian
71,706.0,783.0,761.0,815.0,4774,0,0,1,Pedestrian
71,704.0,783.0,759.0,815.0,4775,0,0,1,Pedestrian
71,704.0,783.0,759.0,815.0,4776,0,0,1,Pedestrian
71,701.0,783.0,756.0,815.0,4777,0,0,1,Pedestrian
71,701.0,783.0,756.0,815.0,4778,0,0,1,Pedestrian
71,698.0,783.0,753.0,815.0,4779,0,0,1,Pedestrian
71,695.0,783.0,750.0,815.0,4780,0,0,1,Pedestrian
71,695.0,783.0,750.0,815.0,4781,0,0,1,Pedestrian
71,693.0,783.0,748.0,815.0,4782,0,0,1,Pedestrian
71,693.0,783.0,748.0,815.0,4783,0,0,1,Pedestrian
71,690.0,783.0,745.0,815.0,4784,0,0,1,Pedestrian
71,687.0,783.0,742.0,815.0,4785,0,0,1,Pedestrian
71,687.0,783.0,742.0,815.0,4786,0,0,1,Pedestrian
71,684.0,783.0,739.0,815.0,4787,0,0,1,Pedestrian
71,684.0,783.0,739.0,815.0,4788,0,0,1,Pedestrian
71,682.0,783.0,737.0,815.0,4789,0,0,1,Pedestrian
71,682.0,783.0,737.0,815.0,4790,0,0,0,Pedestrian
71,679.0,783.0,734.0,815.0,4791,0,0,1,Pedestrian
71,676.0,783.0,731.0,815.0,4792,0,0,1,Pedestrian
71,676.0,783.0,731.0,815.0,4793,0,0,1,Pedestrian
71,673.0,783.0,728.0,815.0,4794,0,0,1,Pedestrian
71,671.0,783.0,726.0,815.0,4795,0,0,1,Pedestrian
71,671.0,783.0,726.0,815.0,4796,0,0,1,Pedestrian
71,668.0,783.0,723.0,815.0,4797,0,0,1,Pedestrian
71,665.0,783.0,720.0,815.0,4798,0,0,1,Pedestrian
71,665.0,783.0,720.0,815.0,4799,0,0,1,Pedestrian
71,662.0,785.0,717.0,817.0,4800,0,0,1,Pedestrian
71,662.0,785.0,717.0,817.0,4801,0,0,1,Pedestrian
71,660.0,785.0,715.0,817.0,4802,0,0,1,Pedestrian
71,657.0,785.0,712.0,817.0,4803,0,0,1,Pedestrian
71,657.0,785.0,712.0,817.0,4804,0,0,1,Pedestrian
71,654.0,785.0,709.0,817.0,4805,0,0,1,Pedestrian
71,651.0,785.0,706.0,817.0,4806,0,0,1,Pedestrian
71,651.0,785.0,706.0,817.0,4807,0,0,1,Pedestrian
71,649.0,785.0,704.0,817.0,4808,0,0,1,Pedestrian
71,649.0,785.0,704.0,817.0,4809,0,0,1,Pedestrian
71,646.0,787.0,701.0,819.0,4810,0,0,1,Pedestrian
71,643.0,787.0,698.0,819.0,4811,0,0,1,Pedestrian
71,643.0,787.0,698.0,819.0,4812,0,0,1,Pedestrian
71,640.0,787.0,695.0,819.0,4813,0,0,1,Pedestrian
71,638.0,787.0,693.0,819.0,4814,0,0,1,Pedestrian
71,638.0,787.0,693.0,819.0,4815,0,0,1,Pedestrian
71,635.0,787.0,690.0,819.0,4816,0,0,1,Pedestrian
71,635.0,787.0,690.0,819.0,4817,0,0,1,Pedestrian
71,632.0,787.0,687.0,819.0,4818,0,0,1,Pedestrian
71,629.0,787.0,684.0,819.0,4819,0,0,1,Pedestrian
71,629.0,790.0,684.0,822.0,4820,0,0,1,Pedestrian
71,627.0,790.0,682.0,822.0,4821,0,0,1,Pedestrian
71,624.0,790.0,679.0,822.0,4822,0,0,1,Pedestrian
71,624.0,790.0,679.0,822.0,4823,0,0,1,Pedestrian
71,621.0,790.0,676.0,822.0,4824,0,0,1,Pedestrian
71,621.0,790.0,676.0,822.0,4825,0,0,1,Pedestrian
71,618.0,790.0,673.0,822.0,4826,0,0,1,Pedestrian
71,616.0,790.0,671.0,822.0,4827,0,0,1,Pedestrian
71,616.0,790.0,671.0,822.0,4828,0,0,1,Pedestrian
71,613.0,790.0,668.0,822.0,4829,0,0,1,Pedestrian
71,610.0,792.0,665.0,824.0,4830,0,0,1,Pedestrian
71,610.0,792.0,665.0,824.0,4831,0,0,1,Pedestrian
71,607.0,792.0,662.0,824.0,4832,0,0,1,Pedestrian
71,605.0,792.0,660.0,824.0,4833,0,0,1,Pedestrian
71,605.0,792.0,660.0,824.0,4834,0,0,1,Pedestrian
71,602.0,792.0,657.0,824.0,4835,0,0,1,Pedestrian
71,602.0,792.0,657.0,824.0,4836,0,0,1,Pedestrian
71,599.0,792.0,654.0,824.0,4837,0,0,1,Pedestrian
71,596.0,792.0,651.0,824.0,4838,0,0,1,Pedestrian
71,596.0,792.0,651.0,824.0,4839,0,0,1,Pedestrian
71,594.0,794.0,649.0,826.0,4840,0,0,1,Pedestrian
71,591.0,794.0,646.0,826.0,4841,0,0,1,Pedestrian
71,591.0,794.0,646.0,826.0,4842,0,0,1,Pedestrian
71,588.0,794.0,643.0,826.0,4843,0,0,1,Pedestrian
71,588.0,794.0,643.0,826.0,4844,0,0,1,Pedestrian
71,585.0,794.0,640.0,826.0,4845,0,0,1,Pedestrian
71,583.0,794.0,638.0,826.0,4846,0,0,1,Pedestrian
71,583.0,794.0,638.0,826.0,4847,0,0,1,Pedestrian
71,580.0,794.0,635.0,826.0,4848,0,0,1,Pedestrian
71,577.0,794.0,632.0,826.0,4849,0,0,1,Pedestrian
71,577.0,796.0,632.0,828.0,4850,0,0,1,Pedestrian
71,574.0,796.0,629.0,828.0,4851,0,0,1,Pedestrian
71,574.0,796.0,629.0,828.0,4852,0,0,1,Pedestrian
71,572.0,796.0,627.0,828.0,4853,0,0,1,Pedestrian
71,569.0,796.0,624.0,828.0,4854,0,0,1,Pedestrian
71,569.0,796.0,624.0,828.0,4855,0,0,1,Pedestrian
71,566.0,796.0,621.0,828.0,4856,0,0,1,Pedestrian
71,563.0,796.0,618.0,828.0,4857,0,0,1,Pedestrian
71,563.0,796.0,618.0,828.0,4858,0,0,1,Pedestrian
71,561.0,796.0,616.0,828.0,4859,0,0,1,Pedestrian
71,561.0,799.0,616.0,831.0,4860,0,0,0,Pedestrian
71,558.0,799.0,613.0,831.0,4861,0,0,1,Pedestrian
71,555.0,799.0,610.0,831.0,4862,0,0,1,Pedestrian
71,555.0,799.0,610.0,831.0,4863,0,0,1,Pedestrian
71,552.0,799.0,607.0,831.0,4864,0,0,1,Pedestrian
71,552.0,799.0,607.0,831.0,4865,0,0,1,Pedestrian
71,550.0,799.0,605.0,831.0,4866,0,0,1,Pedestrian
71,550.0,799.0,605.0,831.0,4867,0,0,1,Pedestrian
71,547.0,799.0,602.0,831.0,4868,0,0,1,Pedestrian
71,547.0,799.0,602.0,831.0,4869,0,0,1,Pedestrian
71,544.0,799.0,599.0,831.0,4870,0,0,1,Pedestrian
71,544.0,799.0,599.0,831.0,4871,0,0,1,Pedestrian
71,541.0,799.0,596.0,831.0,4872,0,0,1,Pedestrian
71,539.0,801.0,594.0,833.0,4873,0,0,1,Pedestrian
71,539.0,801.0,594.0,833.0,4874,0,0,1,Pedestrian
71,536.0,801.0,591.0,833.0,4875,0,0,1,Pedestrian
71,536.0,801.0,591.0,833.0,4876,0,0,1,Pedestrian
71,533.0,801.0,588.0,833.0,4877,0,0,1,Pedestrian
71,533.0,801.0,588.0,833.0,4878,0,0,1,Pedestrian
71,530.0,801.0,585.0,833.0,4879,0,0,1,Pedestrian
71,530.0,801.0,585.0,833.0,4880,0,0,1,Pedestrian
71,528.0,801.0,583.0,833.0,4881,0,0,1,Pedestrian
71,528.0,801.0,583.0,833.0,4882,0,0,1,Pedestrian
71,525.0,801.0,580.0,833.0,4883,0,0,1,Pedestrian
71,522.0,801.0,577.0,833.0,4884,0,0,1,Pedestrian
71,522.0,801.0,577.0,833.0,4885,0,0,1,Pedestrian
71,519.0,803.0,574.0,835.0,4886,0,0,1,Pedestrian
71,519.0,803.0,574.0,835.0,4887,0,0,1,Pedestrian
71,517.0,803.0,572.0,835.0,4888,0,0,1,Pedestrian
71,517.0,803.0,572.0,835.0,4889,0,0,1,Pedestrian
71,514.0,803.0,569.0,835.0,4890,0,0,1,Pedestrian
71,514.0,803.0,569.0,835.0,4891,0,0,1,Pedestrian
71,511.0,803.0,566.0,835.0,4892,0,0,1,Pedestrian
71,511.0,803.0,566.0,835.0,4893,0,0,1,Pedestrian
71,508.0,803.0,563.0,835.0,4894,0,0,1,Pedestrian
71,506.0,803.0,561.0,835.0,4895,0,0,1,Pedestrian
71,506.0,803.0,561.0,835.0,4896,0,0,1,Pedestrian
71,503.0,803.0,558.0,835.0,4897,0,0,1,Pedestrian
71,503.0,803.0,558.0,835.0,4898,0,0,1,Pedestrian
71,500.0,806.0,555.0,837.0,4899,0,0,1,Pedestrian
71,500.0,806.0,555.0,837.0,4900,0,0,1,Pedestrian
71,497.0,806.0,552.0,837.0,4901,0,0,1,Pedestrian
71,497.0,806.0,552.0,837.0,4902,0,0,1,Pedestrian
71,495.0,806.0,550.0,837.0,4903,0,0,1,Pedestrian
71,495.0,806.0,550.0,837.0,4904,0,0,1,Pedestrian
71,492.0,806.0,547.0,837.0,4905,0,0,1,Pedestrian
71,489.0,806.0,544.0,837.0,4906,0,0,1,Pedestrian
71,489.0,806.0,544.0,837.0,4907,0,0,1,Pedestrian
71,486.0,806.0,541.0,837.0,4908,0,0,1,Pedestrian
71,486.0,806.0,541.0,837.0,4909,0,0,1,Pedestrian
71,484.0,806.0,539.0,837.0,4910,0,0,1,Pedestrian
71,484.0,806.0,539.0,837.0,4911,0,0,1,Pedestrian
71,481.0,808.0,536.0,840.0,4912,0,0,1,Pedestrian
71,481.0,808.0,536.0,840.0,4913,0,0,1,Pedestrian
71,478.0,808.0,533.0,840.0,4914,0,0,1,Pedestrian
71,478.0,808.0,533.0,840.0,4915,0,0,1,Pedestrian
71,475.0,808.0,530.0,840.0,4916,0,0,1,Pedestrian
71,473.0,808.0,528.0,840.0,4917,0,0,1,Pedestrian
71,473.0,808.0,528.0,840.0,4918,0,0,1,Pedestrian
71,470.0,808.0,525.0,840.0,4919,0,0,1,Pedestrian
71,470.0,808.0,525.0,840.0,4920,0,0,1,Pedestrian
71,467.0,808.0,522.0,840.0,4921,0,0,1,Pedestrian
71,467.0,808.0,522.0,840.0,4922,0,0,1,Pedestrian
71,464.0,808.0,519.0,840.0,4923,0,0,1,Pedestrian
71,464.0,808.0,519.0,840.0,4924,0,0,1,Pedestrian
71,462.0,810.0,517.0,842.0,4925,0,0,1,Pedestrian
71,462.0,810.0,517.0,842.0,4926,0,0,1,Pedestrian
71,459.0,810.0,514.0,842.0,4927,0,0,1,Pedestrian
71,456.0,810.0,511.0,842.0,4928,0,0,1,Pedestrian
71,456.0,810.0,511.0,842.0,4929,0,0,1,Pedestrian
71,453.0,810.0,508.0,842.0,4930,0,0,1,Pedestrian
71,453.0,810.0,508.0,842.0,4931,0,0,1,Pedestrian
71,451.0,810.0,506.0,842.0,4932,0,0,1,Pedestrian
71,451.0,810.0,506.0,842.0,4933,0,0,1,Pedestrian
71,448.0,810.0,503.0,842.0,4934,0,0,1,Pedestrian
71,448.0,810.0,503.0,842.0,4935,0,0,1,Pedestrian
71,445.0,810.0,500.0,842.0,4936,0,0,1,Pedestrian
71,445.0,810.0,500.0,842.0,4937,0,0,1,Pedestrian
71,442.0,812.0,497.0,844.0,4938,0,0,1,Pedestrian
71,440.0,812.0,495.0,844.0,4939,0,0,1,Pedestrian
71,440.0,812.0,495.0,844.0,4940,0,0,1,Pedestrian
71,437.0,812.0,492.0,844.0,4941,0,0,1,Pedestrian
71,437.0,812.0,492.0,844.0,4942,0,0,1,Pedestrian
71,434.0,812.0,489.0,844.0,4943,0,0,1,Pedestrian
71,434.0,812.0,489.0,844.0,4944,0,0,1,Pedestrian
71,431.0,812.0,486.0,844.0,4945,0,0,1,Pedestrian
71,431.0,812.0,486.0,844.0,4946,0,0,1,Pedestrian
71,429.0,812.0,484.0,844.0,4947,0,0,1,Pedestrian
71,429.0,812.0,484.0,844.0,4948,0,0,1,Pedestrian
71,426.0,812.0,481.0,844.0,4949,0,0,1,Pedestrian
71,426.0,815.0,481.0,847.0,4950,0,0,0,Pedestrian
71,423.0,815.0,478.0,847.0,4951,0,0,1,Pedestrian
71,420.0,815.0,475.0,847.0,4952,0,0,1,Pedestrian
71,420.0,815.0,475.0,847.0,4953,0,0,1,Pedestrian
71,418.0,815.0,473.0,847.0,4954,0,0,1,Pedestrian
71,418.0,815.0,473.0,847.0,4955,0,0,1,Pedestrian
71,415.0,815.0,470.0,847.0,4956,0,0,1,Pedestrian
71,415.0,815.0,470.0,847.0,4957,0,0,1,Pedestrian
71,412.0,815.0,467.0,847.0,4958,0,0,1,Pedestrian
71,409.0,815.0,464.0,847.0,4959,0,0,1,Pedestrian
71,409.0,817.0,464.0,849.0,4960,0,0,1,Pedestrian
71,407.0,817.0,462.0,849.0,4961,0,0,1,Pedestrian
71,407.0,817.0,462.0,849.0,4962,0,0,1,Pedestrian
71,404.0,817.0,459.0,849.0,4963,0,0,1,Pedestrian
71,404.0,817.0,459.0,849.0,4964,0,0,1,Pedestrian
71,401.0,817.0,456.0,849.0,4965,0,0,1,Pedestrian
71,401.0,817.0,456.0,849.0,4966,0,0,1,Pedestrian
71,398.0,817.0,453.0,849.0,4967,0,0,1,Pedestrian
71,396.0,817.0,451.0,849.0,4968,0,0,1,Pedestrian
71,396.0,817.0,451.0,849.0,4969,0,0,1,Pedestrian
71,393.0,819.0,448.0,851.0,4970,0,0,1,Pedestrian
71,393.0,819.0,448.0,851.0,4971,0,0,1,Pedestrian
71,390.0,819.0,445.0,851.0,4972,0,0,1,Pedestrian
71,390.0,819.0,445.0,851.0,4973,0,0,1,Pedestrian
71,387.0,819.0,442.0,851.0,4974,0,0,1,Pedestrian
71,387.0,819.0,442.0,851.0,4975,0,0,1,Pedestrian
71,385.0,819.0,440.0,851.0,4976,0,0,1,Pedestrian
71,382.0,819.0,437.0,851.0,4977,0,0,1,Pedestrian
71,382.0,819.0,437.0,851.0,4978,0,0,1,Pedestrian
71,379.0,819.0,434.0,851.0,4979,0,0,1,Pedestrian
71,379.0,822.0,434.0,853.0,4980,0,0,1,Pedestrian
71,376.0,822.0,431.0,853.0,4981,0,0,1,Pedestrian
71,376.0,822.0,431.0,853.0,4982,0,0,1,Pedestrian
71,374.0,822.0,429.0,853.0,4983,0,0,1,Pedestrian
71,371.0,822.0,426.0,853.0,4984,0,0,1,Pedestrian
71,371.0,822.0,426.0,853.0,4985,0,0,1,Pedestrian
71,368.0,822.0,423.0,853.0,4986,0,0,1,Pedestrian
71,368.0,822.0,423.0,853.0,4987,0,0,1,Pedestrian
71,365.0,822.0,420.0,853.0,4988,0,0,1,Pedestrian
71,365.0,822.0,420.0,853.0,4989,0,0,1,Pedestrian
71,363.0,824.0,418.0,856.0,4990,0,0,1,Pedestrian
71,363.0,824.0,418.0,856.0,4991,0,0,1,Pedestrian
71,360.0,824.0,415.0,856.0,4992,0,0,1,Pedestrian
71,357.0,824.0,412.0,856.0,4993,0,0,1,Pedestrian
71,357.0,824.0,412.0,856.0,4994,0,0,1,Pedestrian
71,354.0,824.0,409.0,856.0,4995,0,0,1,Pedestrian
71,354.0,824.0,409.0,856.0,4996,0,0,1,Pedestrian
71,352.0,824.0,407.0,856.0,4997,0,0,1,Pedestrian
71,352.0,824.0,407.0,856.0,4998,0,0,1,Pedestrian
71,349.0,824.0,404.0,856.0,4999,0,0,1,Pedestrian
71,349.0,826.0,404.0,858.0,5000,0,0,0,Pedestrian
71,346.0,826.0,401.0,858.0,5001,0,0,1,Pedestrian
71,343.0,826.0,401.0,858.0,5002,0,0,1,Pedestrian
71,343.0,826.0,398.0,858.0,5003,0,0,1,Pedestrian
71,341.0,826.0,398.0,858.0,5004,0,0,1,Pedestrian
71,338.0,826.0,398.0,858.0,5005,0,0,1,Pedestrian
71,338.0,826.0,396.0,860.0,5006,0,0,1,Pedestrian
71,335.0,826.0,396.0,860.0,5007,0,0,1,Pedestrian
71,332.0,826.0,396.0,860.0,5008,0,0,1,Pedestrian
71,332.0,826.0,393.0,860.0,5009,0,0,1,Pedestrian
71,330.0,826.0,393.0,860.0,5010,0,0,1,Pedestrian
71,327.0,826.0,393.0,863.0,5011,0,0,1,Pedestrian
71,327.0,826.0,390.0,863.0,5012,0,0,1,Pedestrian
71,324.0,826.0,390.0,863.0,5013,0,0,1,Pedestrian
71,321.0,828.0,390.0,863.0,5014,0,0,1,Pedestrian
71,321.0,828.0,387.0,863.0,5015,0,0,1,Pedestrian
71,319.0,828.0,387.0,863.0,5016,0,0,1,Pedestrian
71,316.0,828.0,387.0,865.0,5017,0,0,1,Pedestrian
71,316.0,828.0,385.0,865.0,5018,0,0,1,Pedestrian
71,313.0,828.0,385.0,865.0,5019,0,0,1,Pedestrian
71,310.0,828.0,385.0,865.0,5020,0,0,1,Pedestrian
71,310.0,828.0,382.0,865.0,5021,0,0,1,Pedestrian
71,308.0,828.0,382.0,867.0,5022,0,0,1,Pedestrian
71,305.0,828.0,382.0,867.0,5023,0,0,1,Pedestrian
71,305.0,828.0,379.0,867.0,5024,0,0,1,Pedestrian
71,302.0,828.0,379.0,867.0,5025,0,0,1,Pedestrian
71,299.0,828.0,379.0,867.0,5026,0,0,1,Pedestrian
71,299.0,828.0,376.0,869.0,5027,0,0,1,Pedestrian
71,297.0,831.0,376.0,869.0,5028,0,0,1,Pedestrian
71,294.0,831.0,376.0,869.0,5029,0,0,1,Pedestrian
71,294.0,831.0,374.0,869.0,5030,0,0,1,Pedestrian
71,291.0,831.0,374.0,869.0,5031,0,0,1,Pedestrian
71,288.0,831.0,374.0,869.0,5032,0,0,1,Pedestrian
71,288.0,831.0,371.0,872.0,5033,0,0,1,Pedestrian
71,286.0,831.0,371.0,872.0,5034,0,0,1,Pedestrian
71,286.0,831.0,371.0,872.0,5035,0,0,1,Pedestrian
71,283.0,831.0,368.0,872.0,5036,0,0,1,Pedestrian
71,280.0,831.0,368.0,872.0,5037,0,0,1,Pedestrian
71,280.0,831.0,365.0,874.0,5038,0,0,1,Pedestrian
71,277.0,831.0,365.0,874.0,5039,0,0,1,Pedestrian
71,275.0,831.0,365.0,874.0,5040,0,0,1,Pedestrian
71,275.0,831.0,363.0,874.0,5041,0,0,1,Pedestrian
71,272.0,833.0,363.0,874.0,5042,0,0,1,Pedestrian
71,269.0,833.0,363.0,874.0,5043,0,0,1,Pedestrian
71,269.0,833.0,360.0,876.0,5044,0,0,1,Pedestrian
71,266.0,833.0,360.0,876.0,5045,0,0,1,Pedestrian
71,264.0,833.0,360.0,876.0,5046,0,0,1,Pedestrian
71,264.0,833.0,357.0,876.0,5047,0,0,1,Pedestrian
71,261.0,833.0,357.0,876.0,5048,0,0,1,Pedestrian
71,258.0,833.0,357.0,878.0,5049,0,0,1,Pedestrian
71,258.0,833.0,354.0,878.0,5050,0,0,1,Pedestrian
71,255.0,833.0,354.0,878.0,5051,0,0,1,Pedestrian
71,253.0,833.0,354.0,878.0,5052,0,0,1,Pedestrian
71,253.0,833.0,352.0,878.0,5053,0,0,1,Pedestrian
71,250.0,833.0,352.0,881.0,5054,0,0,1,Pedestrian
71,247.0,833.0,352.0,881.0,5055,0,0,1,Pedestrian
71,247.0,835.0,349.0,881.0,5056,0,0,1,Pedestrian
71,244.0,835.0,349.0,881.0,5057,0,0,1,Pedestrian
71,242.0,835.0,349.0,881.0,5058,0,0,1,Pedestrian
71,242.0,835.0,346.0,881.0,5059,0,0,1,Pedestrian
71,239.0,835.0,346.0,883.0,5060,0,0,1,Pedestrian
71,236.0,835.0,346.0,883.0,5061,0,0,1,Pedestrian
71,236.0,835.0,343.0,883.0,5062,0,0,1,Pedestrian
71,233.0,835.0,343.0,883.0,5063,0,0,1,Pedestrian
71,231.0,835.0,343.0,883.0,5064,0,0,1,Pedestrian
71,231.0,835.0,341.0,885.0,5065,0,0,1,Pedestrian
71,228.0,835.0,341.0,885.0,5066,0,0,1,Pedestrian
71,225.0,835.0,341.0,885.0,5067,0,0,1,Pedestrian
71,225.0,835.0,338.0,885.0,5068,0,0,1,Pedestrian
71,222.0,835.0,338.0,885.0,5069,0,0,1,Pedestrian
71,222.0,837.0,338.0,888.0,5070,0,0,0,Pedestrian
71,220.0,837.0,335.0,888.0,5071,0,0,1,Pedestrian
71,217.0,837.0,332.0,888.0,5072,0,0,1,Pedestrian
71,217.0,837.0,332.0,888.0,5073,0,0,1,Pedestrian
71,214.0,837.0,330.0,888.0,5074,0,0,1,Pedestrian
71,214.0,837.0,330.0,888.0,5075,0,0,1,Pedestrian
71,211.0,837.0,327.0,888.0,5076,0,0,1,Pedestrian
71,211.0,837.0,327.0,888.0,5077,0,0,1,Pedestrian
71,209.0,837.0,324.0,888.0,5078,0,0,1,Pedestrian
71,209.0,837.0,324.0,888.0,5079,0,0,1,Pedestrian
71,206.0,837.0,321.0,888.0,5080,0,0,1,Pedestrian
71,206.0,837.0,321.0,888.0,5081,0,0,1,Pedestrian
71,203.0,840.0,319.0,890.0,5082,0,0,1,Pedestrian
71,203.0,840.0,319.0,890.0,5083,0,0,1,Pedestrian
71,200.0,840.0,316.0,890.0,5084,0,0,1,Pedestrian
71,200.0,840.0,316.0,890.0,5085,0,0,1,Pedestrian
71,198.0,840.0,313.0,890.0,5086,0,0,1,Pedestrian
71,198.0,840.0,313.0,890.0,5087,0,0,1,Pedestrian
71,195.0,840.0,310.0,890.0,5088,0,0,1,Pedestrian
71,195.0,840.0,310.0,890.0,5089,0,0,1,Pedestrian
71,192.0,840.0,308.0,890.0,5090,0,0,1,Pedestrian
71,192.0,840.0,308.0,890.0,5091,0,0,1,Pedestrian
71,189.0,840.0,305.0,890.0,5092,0,0,1,Pedestrian
71,189.0,840.0,305.0,890.0,5093,0,0,1,Pedestrian
71,187.0,842.0,302.0,892.0,5094,0,0,1,Pedestrian
71,187.0,842.0,302.0,892.0,5095,0,0,1,Pedestrian
71,184.0,842.0,299.0,892.0,5096,0,0,1,Pedestrian
71,184.0,842.0,299.0,892.0,5097,0,0,1,Pedestrian
71,181.0,842.0,297.0,892.0,5098,0,0,1,Pedestrian
71,181.0,842.0,297.0,892.0,5099,0,0,1,Pedestrian
71,178.0,842.0,294.0,892.0,5100,0,0,1,Pedestrian
71,176.0,842.0,291.0,892.0,5101,0,0,1,Pedestrian
71,176.0,842.0,291.0,892.0,5102,0,0,1,Pedestrian
71,173.0,842.0,288.0,892.0,5103,0,0,1,Pedestrian
71,173.0,842.0,288.0,892.0,5104,0,0,1,Pedestrian
71,170.0,842.0,286.0,892.0,5105,0,0,1,Pedestrian
71,170.0,844.0,286.0,894.0,5106,0,0,1,Pedestrian
71,167.0,844.0,283.0,894.0,5107,0,0,1,Pedestrian
71,167.0,844.0,283.0,894.0,5108,0,0,1,Pedestrian
71,165.0,844.0,280.0,894.0,5109,0,0,1,Pedestrian
71,165.0,844.0,280.0,894.0,5110,0,0,1,Pedestrian
71,162.0,844.0,277.0,894.0,5111,0,0,1,Pedestrian
71,162.0,844.0,277.0,894.0,5112,0,0,1,Pedestrian
71,159.0,844.0,275.0,894.0,5113,0,0,1,Pedestrian
71,159.0,844.0,275.0,894.0,5114,0,0,1,Pedestrian
71,156.0,844.0,272.0,894.0,5115,0,0,1,Pedestrian
71,156.0,844.0,272.0,894.0,5116,0,0,1,Pedestrian
71,154.0,844.0,269.0,894.0,5117,0,0,1,Pedestrian
71,154.0,847.0,269.0,897.0,5118,0,0,1,Pedestrian
71,151.0,847.0,266.0,897.0,5119,0,0,1,Pedestrian
71,151.0,847.0,266.0,897.0,5120,0,0,1,Pedestrian
71,148.0,847.0,264.0,897.0,5121,0,0,1,Pedestrian
71,148.0,847.0,264.0,897.0,5122,0,0,1,Pedestrian
71,145.0,847.0,261.0,897.0,5123,0,0,1,Pedestrian
71,145.0,847.0,261.0,897.0,5124,0,0,1,Pedestrian
71,143.0,847.0,258.0,897.0,5125,0,0,1,Pedestrian
71,143.0,847.0,258.0,897.0,5126,0,0,1,Pedestrian
71,140.0,847.0,255.0,897.0,5127,0,0,1,Pedestrian
71,140.0,847.0,255.0,897.0,5128,0,0,1,Pedestrian
71,137.0,847.0,253.0,897.0,5129,0,0,1,Pedestrian
71,137.0,849.0,253.0,899.0,5130,0,0,0,Pedestrian
71,134.0,849.0,250.0,899.0,5131,0,0,1,Pedestrian
71,132.0,849.0,247.0,899.0,5132,0,0,1,Pedestrian
71,132.0,849.0,247.0,899.0,5133,0,0,1,Pedestrian
71,129.0,849.0,244.0,899.0,5134,0,0,1,Pedestrian
71,129.0,849.0,244.0,899.0,5135,0,0,1,Pedestrian
71,126.0,849.0,242.0,899.0,5136,0,0,1,Pedestrian
71,123.0,849.0,239.0,899.0,5137,0,0,1,Pedestrian
71,123.0,849.0,239.0,899.0,5138,0,0,1,Pedestrian
71,121.0,849.0,236.0,899.0,5139,0,0,1,Pedestrian
71,121.0,849.0,236.0,899.0,5140,0,0,1,Pedestrian
71,118.0,849.0,233.0,899.0,5141,0,0,1,Pedestrian
71,118.0,849.0,231.0,899.0,5142,0,0,1,Pedestrian
71,115.0,849.0,231.0,899.0,5143,0,0,1,Pedestrian
71,112.0,849.0,228.0,899.0,5144,0,0,1,Pedestrian
71,112.0,849.0,228.0,899.0,5145,0,0,1,Pedestrian
71,110.0,849.0,225.0,899.0,5146,0,0,1,Pedestrian
71,110.0,849.0,222.0,899.0,5147,0,0,1,Pedestrian
71,107.0,849.0,222.0,899.0,5148,0,0,1,Pedestrian
71,104.0,849.0,220.0,899.0,5149,0,0,1,Pedestrian
71,104.0,849.0,220.0,899.0,5150,0,0,1,Pedestrian
71,101.0,849.0,217.0,899.0,5151,0,0,1,Pedestrian
71,101.0,849.0,214.0,899.0,5152,0,0,1,Pedestrian
71,99.0,849.0,214.0,899.0,5153,0,0,1,Pedestrian
71,99.0,849.0,211.0,899.0,5154,0,0,1,Pedestrian
71,96.0,849.0,211.0,899.0,5155,0,0,1,Pedestrian
71,93.0,849.0,209.0,899.0,5156,0,0,1,Pedestrian
71,93.0,849.0,206.0,899.0,5157,0,0,1,Pedestrian
71,90.0,849.0,206.0,899.0,5158,0,0,1,Pedestrian
71,90.0,849.0,203.0,899.0,5159,0,0,1,Pedestrian
71,88.0,849.0,203.0,899.0,5160,0,0,1,Pedestrian
71,88.0,849.0,200.0,899.0,5161,0,0,1,Pedestrian
71,85.0,849.0,198.0,899.0,5162,0,0,1,Pedestrian
71,82.0,849.0,198.0,899.0,5163,0,0,1,Pedestrian
71,82.0,849.0,195.0,899.0,5164,0,0,1,Pedestrian
71,79.0,849.0,195.0,899.0,5165,0,0,1,Pedestrian
71,79.0,849.0,192.0,899.0,5166,0,0,1,Pedestrian
71,77.0,849.0,189.0,899.0,5167,0,0,1,Pedestrian
71,74.0,849.0,189.0,899.0,5168,0,0,1,Pedestrian
71,74.0,849.0,187.0,899.0,5169,0,0,1,Pedestrian
71,71.0,849.0,187.0,899.0,5170,0,0,1,Pedestrian
71,71.0,849.0,184.0,899.0,5171,0,0,1,Pedestrian
71,68.0,849.0,181.0,899.0,5172,0,0,1,Pedestrian
71,68.0,849.0,181.0,899.0,5173,0,0,1,Pedestrian
71,66.0,849.0,178.0,899.0,5174,0,0,1,Pedestrian
71,63.0,849.0,178.0,899.0,5175,0,0,1,Pedestrian
71,63.0,849.0,176.0,899.0,5176,0,0,1,Pedestrian
71,60.0,849.0,173.0,899.0,5177,0,0,1,Pedestrian
71,60.0,849.0,173.0,899.0,5178,0,0,1,Pedestrian
71,57.0,849.0,170.0,899.0,5179,0,0,1,Pedestrian
71,57.0,849.0,170.0,899.0,5180,0,0,0,Pedestrian
71,55.0,849.0,167.0,899.0,5181,0,0,1,Pedestrian
71,52.0,849.0,165.0,899.0,5182,0,0,1,Pedestrian
71,52.0,849.0,165.0,899.0,5183,0,0,1,Pedestrian
71,49.0,849.0,162.0,899.0,5184,0,0,1,Pedestrian
71,49.0,849.0,159.0,899.0,5185,0,0,1,Pedestrian
71,46.0,849.0,159.0,899.0,5186,0,0,1,Pedestrian
71,46.0,849.0,156.0,899.0,5187,0,0,1,Pedestrian
71,44.0,849.0,156.0,899.0,5188,0,0,1,Pedestrian
71,44.0,849.0,154.0,899.0,5189,0,0,1,Pedestrian
71,41.0,849.0,151.0,899.0,5190,0,0,1,Pedestrian
71,41.0,849.0,151.0,899.0,5191,0,0,1,Pedestrian
71,38.0,849.0,148.0,899.0,5192,0,0,1,Pedestrian
71,38.0,849.0,145.0,899.0,5193,0,0,1,Pedestrian
71,35.0,849.0,145.0,899.0,5194,0,0,1,Pedestrian
71,35.0,849.0,143.0,899.0,5195,0,0,1,Pedestrian
71,33.0,849.0,143.0,899.0,5196,0,0,1,Pedestrian
71,33.0,849.0,140.0,899.0,5197,0,0,1,Pedestrian
71,30.0,849.0,137.0,899.0,5198,0,0,1,Pedestrian
71,30.0,849.0,137.0,899.0,5199,0,0,1,Pedestrian
71,27.0,851.0,134.0,901.0,5200,0,0,1,Pedestrian
71,24.0,851.0,132.0,901.0,5201,0,0,1,Pedestrian
71,24.0,851.0,132.0,901.0,5202,0,0,1,Pedestrian
71,22.0,851.0,129.0,901.0,5203,0,0,1,Pedestrian
71,22.0,851.0,129.0,901.0,5204,0,0,1,Pedestrian
71,19.0,851.0,126.0,901.0,5205,0,0,1,Pedestrian
71,19.0,851.0,123.0,901.0,5206,0,0,1,Pedestrian
71,16.0,851.0,123.0,901.0,5207,0,0,1,Pedestrian
71,16.0,851.0,121.0,901.0,5208,0,0,1,Pedestrian
71,13.0,851.0,118.0,901.0,5209,0,0,1,Pedestrian
71,13.0,851.0,118.0,901.0,5210,0,0,1,Pedestrian
71,11.0,851.0,115.0,901.0,5211,0,0,1,Pedestrian
71,11.0,851.0,115.0,901.0,5212,0,0,1,Pedestrian
71,8.0,851.0,112.0,901.0,5213,0,0,1,Pedestrian
71,8.0,851.0,110.0,901.0,5214,0,0,1,Pedestrian
71,5.0,851.0,110.0,901.0,5215,0,0,1,Pedestrian
71,5.0,851.0,107.0,901.0,5216,0,0,1,Pedestrian
71,2.0,851.0,104.0,901.0,5217,0,0,1,Pedestrian
71,2.0,851.0,104.0,901.0,5218,0,0,1,Pedestrian
71,0.0,851.0,101.0,901.0,5219,0,0,1,Pedestrian
71,0.0,853.0,101.0,904.0,5220,0,0,0,Pedestrian
71,0.0,853.0,99.0,904.0,5221,0,0,1,Pedestrian
71,0.0,853.0,96.0,904.0,5222,0,0,1,Pedestrian
71,0.0,853.0,93.0,904.0,5223,0,0,1,Pedestrian
71,0.0,853.0,90.0,906.0,5224,0,0,1,Pedestrian
71,0.0,853.0,88.0,906.0,5225,0,0,1,Pedestrian
71,0.0,853.0,85.0,906.0,5226,0,0,1,Pedestrian
71,0.0,856.0,82.0,906.0,5227,0,0,1,Pedestrian
71,0.0,856.0,79.0,908.0,5228,0,0,1,Pedestrian
71,0.0,856.0,77.0,908.0,5229,0,0,1,Pedestrian
71,0.0,856.0,74.0,908.0,5230,0,0,1,Pedestrian
71,0.0,856.0,71.0,908.0,5231,0,0,1,Pedestrian
71,0.0,856.0,68.0,910.0,5232,0,0,1,Pedestrian
71,0.0,856.0,66.0,910.0,5233,0,0,1,Pedestrian
71,0.0,858.0,63.0,910.0,5234,0,0,1,Pedestrian
71,0.0,858.0,60.0,910.0,5235,0,0,1,Pedestrian
71,0.0,858.0,57.0,913.0,5236,0,0,1,Pedestrian
71,0.0,858.0,55.0,913.0,5237,0,0,1,Pedestrian
71,0.0,858.0,52.0,913.0,5238,0,0,1,Pedestrian
71,0.0,858.0,49.0,913.0,5239,0,0,1,Pedestrian
71,0.0,860.0,49.0,915.0,5240,0,0,0,Pedestrian
71,0.0,860.0,46.0,915.0,5241,0,0,1,Pedestrian
71,0.0,860.0,46.0,915.0,5242,0,0,1,Pedestrian
71,0.0,860.0,44.0,915.0,5243,0,0,1,Pedestrian
71,0.0,860.0,44.0,915.0,5244,0,0,1,Pedestrian
71,0.0,860.0,44.0,915.0,5245,0,0,1,Pedestrian
71,0.0,860.0,41.0,915.0,5246,0,0,1,Pedestrian
71,0.0,860.0,41.0,915.0,5247,0,0,1,Pedestrian
71,0.0,860.0,38.0,915.0,5248,0,0,1,Pedestrian
71,0.0,860.0,38.0,915.0,5249,0,0,1,Pedestrian
71,0.0,860.0,38.0,915.0,5250,0,0,0,Pedestrian
71,0.0,860.0,35.0,915.0,5251,0,0,1,Pedestrian
71,0.0,860.0,33.0,915.0,5252,0,0,1,Pedestrian
71,0.0,860.0,30.0,915.0,5253,0,0,1,Pedestrian
71,0.0,863.0,27.0,917.0,5254,0,0,1,Pedestrian
71,0.0,863.0,24.0,917.0,5255,0,0,1,Pedestrian
71,0.0,863.0,22.0,917.0,5256,0,0,1,Pedestrian
71,0.0,865.0,22.0,919.0,5257,0,0,0,Pedestrian
71,0.0,865.0,22.0,919.0,5258,0,0,1,Pedestrian
71,0.0,865.0,22.0,919.0,5259,0,0,1,Pedestrian
71,0.0,865.0,22.0,919.0,5260,0,0,1,Pedestrian
71,0.0,865.0,22.0,919.0,5261,0,0,1,Pedestrian
71,0.0,865.0,22.0,919.0,5262,0,0,1,Pedestrian
71,0.0,865.0,22.0,919.0,5263,0,0,1,Pedestrian
71,0.0,865.0,22.0,919.0,5264,0,0,1,Pedestrian
71,0.0,865.0,22.0,919.0,5265,0,0,1,Pedestrian
71,0.0,865.0,22.0,919.0,5266,0,0,0,Pedestrian
71,0.0,865.0,22.0,919.0,5267,0,0,1,Pedestrian
71,0.0,865.0,22.0,919.0,5268,0,0,1,Pedestrian
71,0.0,865.0,22.0,919.0,5269,0,0,1,Pedestrian
71,0.0,865.0,22.0,919.0,5270,1,0,0,Pedestrian
71,0.0,865.0,22.0,919.0,5271,1,0,1,Pedestrian
71,0.0,865.0,22.0,919.0,5272,1,0,1,Pedestrian
71,0.0,865.0,22.0,919.0,5273,1,0,1,Pedestrian
71,0.0,865.0,22.0,919.0,5274,1,0,1,Pedestrian
71,0.0,865.0,22.0,919.0,5275,1,0,1,Pedestrian
71,0.0,865.0,22.0,919.0,5276,1,0,1,Pedestrian
71,0.0,865.0,22.0,919.0,5277,1,0,1,Pedestrian
71,0.0,865.0,22.0,919.0,5278,1,0,1,Pedestrian
71,0.0,865.0,22.0,919.0,5279,1,0,1,Pedestrian
71,0.0,865.0,22.0,919.0,5280,1,0,0,Pedestrian
71,0.0,865.0,22.0,919.0,5281,1,0,1,Pedestrian
71,0.0,865.0,22.0,919.0,5282,1,0,1,Pedestrian
71,0.0,865.0,22.0,919.0,5283,1,0,1,Pedestrian
71,0.0,865.0,22.0,919.0,5284,1,0,1,Pedestrian
71,0.0,865.0,22.0,919.0,5285,1,0,1,Pedestrian
71,0.0,865.0,22.0,919.0,5286,1,0,1,Pedestrian
71,0.0,865.0,22.0,919.0,5287,1,0,1,Pedestrian
71,0.0,865.0,22.0,919.0,5288,1,0,1,Pedestrian
71,0.0,865.0,22.0,919.0,5289,1,0,1,Pedestrian
71,0.0,865.0,22.0,919.0,5290,1,0,1,Pedestrian
71,0.0,865.0,22.0,919.0,5291,1,0,1,Pedestrian
71,0.0,865.0,22.0,919.0,5292,1,0,1,Pedestrian
71,0.0,865.0,22.0,919.0,5293,1,0,1,Pedestrian
71,0.0,865.0,22.0,919.0,5294,1,0,1,Pedestrian
71,0.0,865.0,22.0,919.0,5295,1,0,1,Pedestrian
71,0.0,865.0,22.0,919.0,5296,1,0,1,Pedestrian
71,0.0,865.0,22.0,919.0,5297,1,0,1,Pedestrian
71,0.0,865.0,22.0,919.0,5298,1,0,1,Pedestrian
71,0.0,865.0,22.0,919.0,5299,1,0,1,Pedestrian
71,0.0,865.0,22.0,919.0,5300,1,0,1,Pedestrian
71,0.0,865.0,22.0,919.0,5301,1,0,1,Pedestrian
71,0.0,865.0,22.0,919.0,5302,1,0,1,Pedestrian
71,0.0,865.0,22.0,919.0,5303,1,0,1,Pedestrian
71,0.0,865.0,22.0,919.0,5304,1,0,1,Pedestrian
71,0.0,865.0,22.0,919.0,5305,1,0,1,Pedestrian
71,0.0,865.0,22.0,919.0,5306,1,0,1,Pedestrian
71,0.0,865.0,22.0,919.0,5307,1,0,1,Pedestrian
71,0.0,865.0,22.0,919.0,5308,1,0,1,Pedestrian
71,0.0,865.0,22.0,919.0,5309,1,0,1,Pedestrian
71,0.0,865.0,22.0,919.0,5310,1,0,1,Pedestrian
71,0.0,865.0,22.0,919.0,5311,1,0,1,Pedestrian
71,0.0,865.0,22.0,919.0,5312,1,0,1,Pedestrian
71,0.0,865.0,22.0,919.0,5313,1,0,1,Pedestrian
71,0.0,865.0,22.0,919.0,5314,1,0,1,Pedestrian
71,0.0,865.0,22.0,919.0,5315,1,0,1,Pedestrian
71,0.0,865.0,22.0,919.0,5316,1,0,1,Pedestrian
71,0.0,865.0,22.0,919.0,5317,1,0,1,Pedestrian
71,0.0,865.0,22.0,919.0,5318,1,0,1,Pedestrian
71,0.0,865.0,22.0,919.0,5319,1,0,1,Pedestrian
71,0.0,865.0,22.0,919.0,5320,1,0,1,Pedestrian
71,0.0,865.0,22.0,919.0,5321,1,0,1,Pedestrian
71,0.0,865.0,22.0,919.0,5322,1,0,1,Pedestrian
71,0.0,865.0,22.0,919.0,5323,1,0,1,Pedestrian
71,0.0,865.0,22.0,919.0,5324,1,0,1,Pedestrian
71,0.0,865.0,22.0,919.0,5325,1,0,1,Pedestrian
71,0.0,865.0,22.0,919.0,5326,1,0,1,Pedestrian
71,0.0,865.0,22.0,919.0,5327,1,0,1,Pedestrian
71,0.0,865.0,22.0,919.0,5328,1,0,1,Pedestrian
71,0.0,865.0,22.0,919.0,5329,1,0,1,Pedestrian
71,0.0,865.0,22.0,919.0,5330,1,0,1,Pedestrian
71,0.0,865.0,22.0,919.0,5331,1,0,1,Pedestrian
71,0.0,865.0,22.0,919.0,5332,1,0,1,Pedestrian
71,0.0,865.0,22.0,919.0,5333,1,0,1,Pedestrian
71,0.0,865.0,22.0,919.0,5334,1,0,1,Pedestrian
71,0.0,865.0,22.0,919.0,5335,1,0,1,Pedestrian
71,0.0,865.0,22.0,919.0,5336,1,0,1,Pedestrian
71,0.0,865.0,22.0,919.0,5337,1,0,1,Pedestrian
71,0.0,865.0,22.0,919.0,5338,1,0,1,Pedestrian
71,0.0,865.0,22.0,919.0,5339,1,0,1,Pedestrian
71,0.0,865.0,22.0,919.0,5340,1,0,1,Pedestrian
71,0.0,865.0,22.0,919.0,5341,1,0,1,Pedestrian
71,0.0,865.0,22.0,919.0,5342,1,0,1,Pedestrian
71,0.0,865.0,22.0,919.0,5343,1,0,1,Pedestrian
71,0.0,865.0,22.0,919.0,5344,1,0,1,Pedestrian
71,0.0,865.0,22.0,919.0,5345,1,0,1,Pedestrian
71,0.0,865.0,22.0,919.0,5346,1,0,1,Pedestrian
71,0.0,865.0,22.0,919.0,5347,1,0,1,Pedestrian
71,0.0,865.0,22.0,919.0,5348,1,0,1,Pedestrian
71,0.0,865.0,22.0,919.0,5349,1,0,1,Pedestrian
71,0.0,865.0,22.0,919.0,5350,1,0,1,Pedestrian
71,0.0,865.0,22.0,919.0,5351,1,0,1,Pedestrian
71,0.0,865.0,22.0,919.0,5352,1,0,1,Pedestrian
71,0.0,865.0,22.0,919.0,5353,1,0,1,Pedestrian
71,0.0,865.0,22.0,919.0,5354,1,0,1,Pedestrian
71,0.0,865.0,22.0,919.0,5355,1,0,1,Pedestrian
71,0.0,865.0,22.0,919.0,5356,1,0,1,Pedestrian
71,0.0,865.0,22.0,919.0,5357,1,0,1,Pedestrian
71,0.0,865.0,22.0,919.0,5358,1,0,1,Pedestrian
71,0.0,865.0,22.0,919.0,5359,1,0,1,Pedestrian
71,0.0,865.0,22.0,919.0,5360,1,0,1,Pedestrian
71,0.0,865.0,22.0,919.0,5361,1,0,1,Pedestrian
71,0.0,865.0,22.0,919.0,5362,1,0,1,Pedestrian
71,0.0,865.0,22.0,919.0,5363,1,0,1,Pedestrian
71,0.0,865.0,22.0,919.0,5364,1,0,1,Pedestrian
71,0.0,865.0,22.0,919.0,5365,1,0,1,Pedestrian
71,0.0,865.0,22.0,919.0,5366,1,0,1,Pedestrian
71,0.0,865.0,22.0,919.0,5367,1,0,1,Pedestrian
71,0.0,865.0,22.0,919.0,5368,1,0,1,Pedestrian
71,0.0,865.0,22.0,919.0,5369,1,0,1,Pedestrian
71,0.0,865.0,22.0,919.0,5370,1,0,1,Pedestrian
71,0.0,865.0,22.0,919.0,5371,1,0,1,Pedestrian
71,0.0,865.0,22.0,919.0,5372,1,0,1,Pedestrian
71,0.0,865.0,22.0,919.0,5373,1,0,1,Pedestrian
71,0.0,865.0,22.0,919.0,5374,1,0,1,Pedestrian
71,0.0,865.0,22.0,919.0,5375,1,0,1,Pedestrian
71,0.0,865.0,22.0,919.0,5376,1,0,1,Pedestrian
71,0.0,865.0,22.0,919.0,5377,1,0,1,Pedestrian
71,0.0,865.0,22.0,919.0,5378,1,0,1,Pedestrian
71,0.0,865.0,22.0,919.0,5379,1,0,1,Pedestrian
71,0.0,865.0,22.0,919.0,5380,1,0,1,Pedestrian
71,0.0,865.0,22.0,919.0,5381,1,0,1,Pedestrian
71,0.0,865.0,22.0,919.0,5382,1,0,1,Pedestrian
71,0.0,865.0,22.0,919.0,5383,1,0,1,Pedestrian
71,0.0,865.0,22.0,919.0,5384,1,0,1,Pedestrian
71,0.0,865.0,22.0,919.0,5385,1,0,1,Pedestrian
71,0.0,865.0,22.0,919.0,5386,1,0,1,Pedestrian
71,0.0,865.0,22.0,919.0,5387,1,0,1,Pedestrian
71,0.0,865.0,22.0,919.0,5388,1,0,1,Pedestrian
71,0.0,865.0,22.0,919.0,5389,1,0,1,Pedestrian
71,0.0,865.0,22.0,919.0,5390,1,0,1,Pedestrian
71,0.0,865.0,22.0,919.0,5391,1,0,1,Pedestrian
71,0.0,865.0,22.0,919.0,5392,1,0,1,Pedestrian
71,0.0,865.0,22.0,919.0,5393,1,0,1,Pedestrian
71,0.0,865.0,22.0,919.0,5394,1,0,1,Pedestrian
71,0.0,865.0,22.0,919.0,5395,1,0,1,Pedestrian
71,0.0,865.0,22.0,919.0,5396,1,0,1,Pedestrian
71,0.0,865.0,22.0,919.0,5397,1,0,1,Pedestrian
71,0.0,865.0,22.0,919.0,5398,1,0,1,Pedestrian
71,0.0,865.0,22.0,919.0,5399,1,0,1,Pedestrian
71,0.0,865.0,22.0,919.0,5400,1,0,1,Pedestrian
71,0.0,865.0,22.0,919.0,5401,1,0,1,Pedestrian
71,0.0,865.0,22.0,919.0,5402,1,0,1,Pedestrian
71,0.0,865.0,22.0,919.0,5403,1,0,1,Pedestrian
71,0.0,865.0,22.0,919.0,5404,1,0,1,Pedestrian
71,0.0,865.0,22.0,919.0,5405,1,0,1,Pedestrian
71,0.0,865.0,22.0,919.0,5406,1,0,1,Pedestrian
71,0.0,865.0,22.0,919.0,5407,1,0,1,Pedestrian
71,0.0,865.0,22.0,919.0,5408,1,0,1,Pedestrian
71,0.0,865.0,22.0,919.0,5409,1,0,1,Pedestrian
71,0.0,865.0,22.0,919.0,5410,1,0,1,Pedestrian
71,0.0,865.0,22.0,919.0,5411,1,0,1,Pedestrian
71,0.0,865.0,22.0,919.0,5412,1,0,1,Pedestrian
71,0.0,865.0,22.0,919.0,5413,1,0,1,Pedestrian
71,0.0,865.0,22.0,919.0,5414,1,0,1,Pedestrian
71,0.0,865.0,22.0,919.0,5415,1,0,1,Pedestrian
71,0.0,865.0,22.0,919.0,5416,1,0,1,Pedestrian
71,0.0,865.0,22.0,919.0,5417,1,0,1,Pedestrian
71,0.0,865.0,22.0,919.0,5418,1,0,1,Pedestrian
71,0.0,865.0,22.0,919.0,5419,1,0,1,Pedestrian
71,0.0,865.0,22.0,919.0,5420,1,0,1,Pedestrian
71,0.0,865.0,22.0,919.0,5421,1,0,1,Pedestrian
71,0.0,865.0,22.0,919.0,5422,1,0,1,Pedestrian
71,0.0,865.0,22.0,919.0,5423,1,0,1,Pedestrian
71,0.0,865.0,22.0,919.0,5424,1,0,1,Pedestrian
71,0.0,865.0,22.0,919.0,5425,1,0,1,Pedestrian
71,0.0,865.0,22.0,919.0,5426,1,0,1,Pedestrian
71,0.0,865.0,22.0,919.0,5427,1,0,1,Pedestrian
71,0.0,865.0,22.0,919.0,5428,1,0,1,Pedestrian
71,0.0,865.0,22.0,919.0,5429,1,0,1,Pedestrian
71,0.0,865.0,22.0,919.0,5430,1,0,1,Pedestrian
71,0.0,865.0,22.0,919.0,5431,1,0,1,Pedestrian
71,0.0,865.0,22.0,919.0,5432,1,0,1,Pedestrian
71,0.0,865.0,22.0,919.0,5433,1,0,1,Pedestrian
71,0.0,865.0,22.0,919.0,5434,1,0,1,Pedestrian
71,0.0,865.0,22.0,919.0,5435,1,0,1,Pedestrian
71,0.0,865.0,22.0,919.0,5436,1,0,1,Pedestrian
71,0.0,865.0,22.0,919.0,5437,1,0,1,Pedestrian
71,0.0,865.0,22.0,919.0,5438,1,0,1,Pedestrian
71,0.0,865.0,22.0,919.0,5439,1,0,1,Pedestrian
71,0.0,865.0,22.0,919.0,5440,1,0,1,Pedestrian
71,0.0,865.0,22.0,919.0,5441,1,0,1,Pedestrian
71,0.0,865.0,22.0,919.0,5442,1,0,1,Pedestrian
71,0.0,865.0,22.0,919.0,5443,1,0,1,Pedestrian
71,0.0,865.0,22.0,919.0,5444,1,0,1,Pedestrian
71,0.0,865.0,22.0,919.0,5445,1,0,1,Pedestrian
71,0.0,865.0,22.0,919.0,5446,1,0,1,Pedestrian
71,0.0,865.0,22.0,919.0,5447,1,0,1,Pedestrian
71,0.0,865.0,22.0,919.0,5448,1,0,1,Pedestrian
71,0.0,865.0,22.0,919.0,5449,1,0,1,Pedestrian
71,0.0,865.0,22.0,919.0,5450,1,0,1,Pedestrian
71,0.0,865.0,22.0,919.0,5451,1,0,1,Pedestrian
71,0.0,865.0,22.0,919.0,5452,1,0,1,Pedestrian
71,0.0,865.0,22.0,919.0,5453,1,0,1,Pedestrian
71,0.0,865.0,22.0,919.0,5454,1,0,1,Pedestrian
71,0.0,865.0,22.0,919.0,5455,1,0,1,Pedestrian
71,0.0,865.0,22.0,919.0,5456,1,0,1,Pedestrian
71,0.0,865.0,22.0,919.0,5457,1,0,1,Pedestrian
71,0.0,865.0,22.0,919.0,5458,1,0,1,Pedestrian
71,0.0,865.0,22.0,919.0,5459,1,0,1,Pedestrian
71,0.0,865.0,22.0,919.0,5460,1,0,1,Pedestrian
71,0.0,865.0,22.0,919.0,5461,1,0,1,Pedestrian
71,0.0,865.0,22.0,919.0,5462,1,0,1,Pedestrian
71,0.0,865.0,22.0,919.0,5463,1,0,1,Pedestrian
71,0.0,865.0,22.0,919.0,5464,1,0,1,Pedestrian
71,0.0,865.0,22.0,919.0,5465,1,0,1,Pedestrian
71,0.0,865.0,22.0,919.0,5466,1,0,1,Pedestrian
71,0.0,865.0,22.0,919.0,5467,1,0,1,Pedestrian
71,0.0,865.0,22.0,919.0,5468,1,0,1,Pedestrian
71,0.0,865.0,22.0,919.0,5469,1,0,1,Pedestrian
71,0.0,865.0,22.0,919.0,5470,1,0,1,Pedestrian
71,0.0,865.0,22.0,919.0,5471,1,0,1,Pedestrian
71,0.0,865.0,22.0,919.0,5472,1,0,1,Pedestrian
71,0.0,865.0,22.0,919.0,5473,1,0,1,Pedestrian
71,0.0,865.0,22.0,919.0,5474,1,0,1,Pedestrian
71,0.0,865.0,22.0,919.0,5475,1,0,1,Pedestrian
71,0.0,865.0,22.0,919.0,5476,1,0,1,Pedestrian
71,0.0,865.0,22.0,919.0,5477,1,0,1,Pedestrian
71,0.0,865.0,22.0,919.0,5478,1,0,1,Pedestrian
71,0.0,865.0,22.0,919.0,5479,1,0,1,Pedestrian
71,0.0,865.0,22.0,919.0,5480,1,0,1,Pedestrian
71,0.0,865.0,22.0,919.0,5481,1,0,1,Pedestrian
71,0.0,865.0,22.0,919.0,5482,1,0,1,Pedestrian
71,0.0,865.0,22.0,919.0,5483,1,0,1,Pedestrian
71,0.0,865.0,22.0,919.0,5484,1,0,1,Pedestrian
71,0.0,865.0,22.0,919.0,5485,1,0,1,Pedestrian
71,0.0,865.0,22.0,919.0,5486,1,0,1,Pedestrian
71,0.0,865.0,22.0,919.0,5487,1,0,1,Pedestrian
71,0.0,865.0,22.0,919.0,5488,1,0,1,Pedestrian
71,0.0,865.0,22.0,919.0,5489,1,0,1,Pedestrian
71,0.0,865.0,22.0,919.0,5490,1,0,1,Pedestrian
71,0.0,865.0,22.0,919.0,5491,1,0,1,Pedestrian
71,0.0,865.0,22.0,919.0,5492,1,0,1,Pedestrian
71,0.0,865.0,22.0,919.0,5493,1,0,1,Pedestrian
71,0.0,865.0,22.0,919.0,5494,1,0,1,Pedestrian
71,0.0,865.0,22.0,919.0,5495,1,0,1,Pedestrian
71,0.0,865.0,22.0,919.0,5496,1,0,1,Pedestrian
71,0.0,865.0,22.0,919.0,5497,1,0,1,Pedestrian
71,0.0,865.0,22.0,919.0,5498,1,0,1,Pedestrian
71,0.0,865.0,22.0,919.0,5499,1,0,1,Pedestrian
71,0.0,865.0,22.0,919.0,5500,1,0,1,Pedestrian
71,0.0,865.0,22.0,919.0,5501,1,0,1,Pedestrian
71,0.0,865.0,22.0,919.0,5502,1,0,1,Pedestrian
71,0.0,865.0,22.0,919.0,5503,1,0,1,Pedestrian
71,0.0,865.0,22.0,919.0,5504,1,0,1,Pedestrian
71,0.0,865.0,22.0,919.0,5505,1,0,1,Pedestrian
71,0.0,865.0,22.0,919.0,5506,1,0,1,Pedestrian
71,0.0,865.0,22.0,919.0,5507,1,0,1,Pedestrian
71,0.0,865.0,22.0,919.0,5508,1,0,1,Pedestrian
71,0.0,865.0,22.0,919.0,5509,1,0,1,Pedestrian
71,0.0,865.0,22.0,919.0,5510,1,0,1,Pedestrian
71,0.0,865.0,22.0,919.0,5511,1,0,1,Pedestrian
71,0.0,865.0,22.0,919.0,5512,1,0,1,Pedestrian
71,0.0,865.0,22.0,919.0,5513,1,0,1,Pedestrian
71,0.0,865.0,22.0,919.0,5514,1,0,1,Pedestrian
71,0.0,865.0,22.0,919.0,5515,1,0,1,Pedestrian
71,0.0,865.0,22.0,919.0,5516,1,0,1,Pedestrian
71,0.0,865.0,22.0,919.0,5517,1,0,1,Pedestrian
71,0.0,865.0,22.0,919.0,5518,1,0,1,Pedestrian
71,0.0,865.0,22.0,919.0,5519,1,0,1,Pedestrian
71,0.0,865.0,22.0,919.0,5520,1,0,1,Pedestrian
71,0.0,865.0,22.0,919.0,5521,1,0,1,Pedestrian
71,0.0,865.0,22.0,919.0,5522,1,0,1,Pedestrian
71,0.0,865.0,22.0,919.0,5523,1,0,1,Pedestrian
71,0.0,865.0,22.0,919.0,5524,1,0,1,Pedestrian
71,0.0,865.0,22.0,919.0,5525,1,0,1,Pedestrian
71,0.0,865.0,22.0,919.0,5526,1,0,1,Pedestrian
71,0.0,865.0,22.0,919.0,5527,1,0,1,Pedestrian
71,0.0,865.0,22.0,919.0,5528,1,0,1,Pedestrian
71,0.0,865.0,22.0,919.0,5529,1,0,1,Pedestrian
71,0.0,865.0,22.0,919.0,5530,1,0,1,Pedestrian
71,0.0,865.0,22.0,919.0,5531,1,0,0,Pedestrian
72,2.0,967.0,79.0,1001.0,4500,1,0,0,Pedestrian
72,0.0,967.0,77.0,1001.0,4501,1,0,1,Pedestrian
72,0.0,967.0,77.0,1001.0,4502,1,0,1,Pedestrian
72,0.0,967.0,77.0,1001.0,4503,1,0,1,Pedestrian
72,0.0,967.0,77.0,1001.0,4504,1,0,1,Pedestrian
72,0.0,967.0,77.0,1001.0,4505,1,0,1,Pedestrian
72,0.0,967.0,77.0,1001.0,4506,1,0,1,Pedestrian
72,0.0,967.0,77.0,1001.0,4507,1,0,1,Pedestrian
72,0.0,967.0,77.0,1001.0,4508,1,0,1,Pedestrian
72,0.0,967.0,77.0,1001.0,4509,1,0,1,Pedestrian
72,0.0,967.0,77.0,1001.0,4510,1,0,1,Pedestrian
72,0.0,967.0,77.0,1001.0,4511,1,0,1,Pedestrian
72,0.0,967.0,77.0,1001.0,4512,1,0,1,Pedestrian
72,0.0,967.0,77.0,1001.0,4513,1,0,1,Pedestrian
72,0.0,967.0,77.0,1004.0,4514,1,0,1,Pedestrian
72,0.0,967.0,77.0,1004.0,4515,1,0,1,Pedestrian
72,0.0,967.0,77.0,1004.0,4516,1,0,1,Pedestrian
72,0.0,967.0,77.0,1004.0,4517,1,0,1,Pedestrian
72,0.0,967.0,77.0,1004.0,4518,1,0,1,Pedestrian
72,0.0,967.0,77.0,1004.0,4519,1,0,1,Pedestrian
72,0.0,967.0,77.0,1004.0,4520,1,0,1,Pedestrian
72,0.0,967.0,77.0,1004.0,4521,1,0,1,Pedestrian
72,0.0,967.0,77.0,1004.0,4522,1,0,1,Pedestrian
72,0.0,967.0,77.0,1004.0,4523,1,0,1,Pedestrian
72,0.0,967.0,77.0,1004.0,4524,1,0,1,Pedestrian
72,0.0,967.0,77.0,1004.0,4525,1,0,1,Pedestrian
72,0.0,967.0,77.0,1004.0,4526,1,0,1,Pedestrian
72,0.0,967.0,77.0,1004.0,4527,1,0,1,Pedestrian
72,0.0,967.0,77.0,1006.0,4528,1,0,1,Pedestrian
72,0.0,967.0,77.0,1006.0,4529,1,0,1,Pedestrian
72,0.0,967.0,77.0,1006.0,4530,1,0,1,Pedestrian
72,0.0,967.0,77.0,1006.0,4531,1,0,1,Pedestrian
72,0.0,967.0,77.0,1006.0,4532,1,0,1,Pedestrian
72,0.0,967.0,77.0,1006.0,4533,1,0,1,Pedestrian
72,0.0,967.0,77.0,1006.0,4534,1,0,1,Pedestrian
72,0.0,967.0,74.0,1006.0,4535,1,0,1,Pedestrian
72,0.0,967.0,74.0,1006.0,4536,1,0,1,Pedestrian
72,0.0,967.0,74.0,1006.0,4537,1,0,1,Pedestrian
72,0.0,967.0,74.0,1006.0,4538,1,0,1,Pedestrian
72,0.0,967.0,74.0,1006.0,4539,1,0,1,Pedestrian
72,0.0,967.0,74.0,1006.0,4540,1,0,1,Pedestrian
72,0.0,967.0,74.0,1006.0,4541,1,0,1,Pedestrian
72,0.0,967.0,74.0,1008.0,4542,1,0,1,Pedestrian
72,0.0,967.0,74.0,1008.0,4543,1,0,1,Pedestrian
72,0.0,967.0,74.0,1008.0,4544,1,0,1,Pedestrian
72,0.0,967.0,74.0,1008.0,4545,1,0,1,Pedestrian
72,0.0,967.0,74.0,1008.0,4546,1,0,1,Pedestrian
72,0.0,967.0,74.0,1008.0,4547,1,0,1,Pedestrian
72,0.0,967.0,74.0,1008.0,4548,1,0,1,Pedestrian
72,0.0,967.0,74.0,1008.0,4549,1,0,1,Pedestrian
72,0.0,967.0,74.0,1008.0,4550,1,0,1,Pedestrian
72,0.0,967.0,74.0,1008.0,4551,1,0,1,Pedestrian
72,0.0,967.0,74.0,1008.0,4552,1,0,1,Pedestrian
72,0.0,967.0,74.0,1008.0,4553,1,0,1,Pedestrian
72,0.0,967.0,74.0,1008.0,4554,1,0,1,Pedestrian
72,0.0,967.0,74.0,1008.0,4555,1,0,1,Pedestrian
72,0.0,967.0,74.0,1011.0,4556,1,0,1,Pedestrian
72,0.0,967.0,74.0,1011.0,4557,1,0,1,Pedestrian
72,0.0,967.0,74.0,1011.0,4558,1,0,1,Pedestrian
72,0.0,967.0,74.0,1011.0,4559,1,0,1,Pedestrian
72,0.0,967.0,74.0,1011.0,4560,1,0,1,Pedestrian
72,0.0,967.0,74.0,1011.0,4561,1,0,1,Pedestrian
72,0.0,967.0,74.0,1011.0,4562,1,0,1,Pedestrian
72,0.0,967.0,74.0,1011.0,4563,1,0,1,Pedestrian
72,0.0,967.0,74.0,1011.0,4564,1,0,1,Pedestrian
72,0.0,967.0,74.0,1011.0,4565,1,0,1,Pedestrian
72,0.0,967.0,74.0,1011.0,4566,1,0,1,Pedestrian
72,0.0,967.0,74.0,1011.0,4567,1,0,1,Pedestrian
72,0.0,967.0,74.0,1011.0,4568,1,0,1,Pedestrian
72,0.0,967.0,74.0,1013.0,4569,0,0,0,Pedestrian
72,0.0,967.0,74.0,1011.0,4570,0,0,1,Pedestrian
72,0.0,967.0,74.0,1011.0,4571,0,0,1,Pedestrian
72,0.0,967.0,74.0,1011.0,4572,0,0,1,Pedestrian
72,0.0,967.0,74.0,1011.0,4573,0,0,1,Pedestrian
72,0.0,967.0,74.0,1011.0,4574,0,0,1,Pedestrian
72,0.0,967.0,74.0,1011.0,4575,0,0,1,Pedestrian
72,0.0,967.0,74.0,1008.0,4576,0,0,1,Pedestrian
72,0.0,967.0,74.0,1008.0,4577,0,0,1,Pedestrian
72,0.0,967.0,74.0,1008.0,4578,0,0,1,Pedestrian
72,0.0,967.0,74.0,1008.0,4579,0,0,1,Pedestrian
72,0.0,967.0,74.0,1008.0,4580,0,0,1,Pedestrian
72,0.0,967.0,74.0,1008.0,4581,0,0,1,Pedestrian
72,0.0,967.0,74.0,1006.0,4582,0,0,1,Pedestrian
72,0.0,967.0,74.0,1006.0,4583,0,0,1,Pedestrian
72,0.0,967.0,74.0,1006.0,4584,0,0,1,Pedestrian
72,0.0,967.0,77.0,1006.0,4585,0,0,1,Pedestrian
72,0.0,967.0,77.0,1006.0,4586,0,0,1,Pedestrian
72,0.0,967.0,77.0,1006.0,4587,0,0,1,Pedestrian
72,0.0,967.0,77.0,1006.0,4588,0,0,1,Pedestrian
72,0.0,967.0,77.0,1004.0,4589,0,0,1,Pedestrian
72,0.0,967.0,77.0,1004.0,4590,0,0,1,Pedestrian
72,0.0,967.0,77.0,1004.0,4591,0,0,1,Pedestrian
72,0.0,967.0,77.0,1004.0,4592,0,0,1,Pedestrian
72,0.0,967.0,77.0,1004.0,4593,0,0,1,Pedestrian
72,0.0,967.0,77.0,1004.0,4594,0,0,1,Pedestrian
72,0.0,967.0,77.0,1001.0,4595,0,0,1,Pedestrian
72,0.0,967.0,77.0,1001.0,4596,0,0,1,Pedestrian
72,0.0,967.0,77.0,1001.0,4597,0,0,1,Pedestrian
72,0.0,967.0,77.0,1001.0,4598,0,0,1,Pedestrian
72,0.0,967.0,77.0,1001.0,4599,0,0,1,Pedestrian
72,0.0,967.0,77.0,1001.0,4600,0,0,1,Pedestrian
72,2.0,967.0,79.0,1001.0,4601,0,0,0,Pedestrian
72,2.0,965.0,79.0,999.0,4602,0,0,1,Pedestrian
72,5.0,965.0,82.0,999.0,4603,0,0,1,Pedestrian
72,5.0,965.0,82.0,999.0,4604,0,0,1,Pedestrian
72,8.0,965.0,85.0,999.0,4605,0,0,1,Pedestrian
72,8.0,965.0,85.0,999.0,4606,0,0,1,Pedestrian
72,11.0,965.0,88.0,999.0,4607,0,0,1,Pedestrian
72,11.0,965.0,90.0,999.0,4608,0,0,1,Pedestrian
72,13.0,965.0,90.0,999.0,4609,0,0,1,Pedestrian
72,16.0,965.0,93.0,999.0,4610,0,0,1,Pedestrian
72,16.0,965.0,93.0,999.0,4611,0,0,1,Pedestrian
72,19.0,965.0,96.0,999.0,4612,0,0,1,Pedestrian
72,19.0,965.0,96.0,999.0,4613,0,0,1,Pedestrian
72,22.0,965.0,99.0,999.0,4614,0,0,1,Pedestrian
72,22.0,965.0,101.0,999.0,4615,0,0,1,Pedestrian
72,24.0,965.0,101.0,999.0,4616,0,0,1,Pedestrian
72,27.0,965.0,104.0,999.0,4617,0,0,1,Pedestrian
72,27.0,965.0,104.0,999.0,4618,0,0,1,Pedestrian
72,30.0,965.0,107.0,999.0,4619,0,0,1,Pedestrian
72,30.0,965.0,107.0,999.0,4620,0,0,1,Pedestrian
72,33.0,965.0,110.0,999.0,4621,0,0,1,Pedestrian
72,33.0,965.0,112.0,999.0,4622,0,0,1,Pedestrian
72,35.0,965.0,112.0,999.0,4623,0,0,1,Pedestrian
72,35.0,965.0,115.0,999.0,4624,0,0,1,Pedestrian
72,38.0,965.0,115.0,999.0,4625,0,0,1,Pedestrian
72,41.0,965.0,118.0,999.0,4626,0,0,1,Pedestrian
72,41.0,965.0,118.0,999.0,4627,0,0,1,Pedestrian
72,44.0,965.0,121.0,999.0,4628,0,0,1,Pedestrian
72,44.0,965.0,123.0,999.0,4629,0,0,1,Pedestrian
72,46.0,965.0,123.0,999.0,4630,0,0,1,Pedestrian
72,46.0,965.0,126.0,999.0,4631,0,0,1,Pedestrian
72,49.0,965.0,126.0,999.0,4632,0,0,1,Pedestrian
72,52.0,965.0,129.0,999.0,4633,0,0,1,Pedestrian
72,52.0,965.0,129.0,999.0,4634,0,0,1,Pedestrian
72,55.0,965.0,132.0,999.0,4635,0,0,1,Pedestrian
72,55.0,965.0,134.0,999.0,4636,0,0,1,Pedestrian
72,57.0,965.0,134.0,999.0,4637,0,0,1,Pedestrian
72,57.0,965.0,137.0,999.0,4638,0,0,1,Pedestrian
72,60.0,965.0,137.0,999.0,4639,0,0,1,Pedestrian
72,60.0,965.0,140.0,999.0,4640,0,0,1,Pedestrian
72,63.0,965.0,140.0,999.0,4641,0,0,1,Pedestrian
72,66.0,965.0,143.0,999.0,4642,0,0,1,Pedestrian
72,66.0,965.0,145.0,999.0,4643,0,0,1,Pedestrian
72,68.0,965.0,145.0,999.0,4644,0,0,1,Pedestrian
72,68.0,965.0,148.0,999.0,4645,0,0,1,Pedestrian
72,71.0,965.0,148.0,999.0,4646,0,0,1,Pedestrian
72,71.0,965.0,151.0,999.0,4647,0,0,1,Pedestrian
72,74.0,965.0,151.0,999.0,4648,0,0,1,Pedestrian
72,77.0,965.0,154.0,999.0,4649,0,0,1,Pedestrian
72,77.0,965.0,156.0,999.0,4650,0,0,1,Pedestrian
72,79.0,965.0,156.0,999.0,4651,0,0,1,Pedestrian
72,79.0,965.0,159.0,999.0,4652,0,0,1,Pedestrian
72,82.0,965.0,159.0,999.0,4653,0,0,1,Pedestrian
72,82.0,965.0,162.0,999.0,4654,0,0,1,Pedestrian
72,85.0,965.0,162.0,999.0,4655,0,0,1,Pedestrian
72,85.0,965.0,165.0,999.0,4656,0,0,1,Pedestrian
72,88.0,963.0,167.0,997.0,4657,0,0,1,Pedestrian
72,90.0,963.0,167.0,997.0,4658,0,0,1,Pedestrian
72,90.0,963.0,170.0,997.0,4659,0,0,1,Pedestrian
72,93.0,963.0,170.0,997.0,4660,0,0,1,Pedestrian
72,93.0,963.0,173.0,997.0,4661,0,0,1,Pedestrian
72,96.0,963.0,173.0,997.0,4662,0,0,1,Pedestrian
72,96.0,963.0,176.0,997.0,4663,0,0,1,Pedestrian
72,99.0,963.0,178.0,997.0,4664,0,0,1,Pedestrian
72,101.0,963.0,178.0,997.0,4665,0,0,1,Pedestrian
72,101.0,963.0,181.0,997.0,4666,0,0,1,Pedestrian
72,104.0,963.0,181.0,997.0,4667,0,0,1,Pedestrian
72,104.0,963.0,184.0,997.0,4668,0,0,1,Pedestrian
72,107.0,963.0,184.0,997.0,4669,0,0,1,Pedestrian
72,107.0,963.0,187.0,997.0,4670,0,0,1,Pedestrian
72,110.0,963.0,189.0,997.0,4671,0,0,1,Pedestrian
72,112.0,963.0,189.0,997.0,4672,0,0,1,Pedestrian
72,112.0,963.0,192.0,997.0,4673,0,0,1,Pedestrian
72,115.0,963.0,192.0,997.0,4674,0,0,1,Pedestrian
72,115.0,963.0,195.0,997.0,4675,0,0,1,Pedestrian
72,118.0,963.0,195.0,997.0,4676,0,0,1,Pedestrian
72,118.0,963.0,198.0,997.0,4677,0,0,1,Pedestrian
72,121.0,963.0,200.0,997.0,4678,0,0,1,Pedestrian
72,121.0,963.0,200.0,997.0,4679,0,0,1,Pedestrian
72,123.0,963.0,203.0,997.0,4680,0,0,1,Pedestrian
72,126.0,963.0,203.0,997.0,4681,0,0,1,Pedestrian
72,126.0,963.0,206.0,997.0,4682,0,0,1,Pedestrian
72,129.0,963.0,206.0,997.0,4683,0,0,1,Pedestrian
72,129.0,963.0,209.0,997.0,4684,0,0,1,Pedestrian
72,132.0,963.0,211.0,997.0,4685,0,0,1,Pedestrian
72,132.0,963.0,211.0,997.0,4686,0,0,1,Pedestrian
72,134.0,963.0,214.0,997.0,4687,0,0,1,Pedestrian
72,137.0,963.0,214.0,997.0,4688,0,0,1,Pedestrian
72,137.0,963.0,217.0,997.0,4689,0,0,1,Pedestrian
72,140.0,963.0,217.0,997.0,4690,0,0,1,Pedestrian
72,140.0,963.0,220.0,997.0,4691,0,0,1,Pedestrian
72,143.0,963.0,222.0,997.0,4692,0,0,1,Pedestrian
72,143.0,963.0,222.0,997.0,4693,0,0,1,Pedestrian
72,145.0,963.0,225.0,997.0,4694,0,0,1,Pedestrian
72,145.0,963.0,225.0,997.0,4695,0,0,1,Pedestrian
72,148.0,963.0,228.0,997.0,4696,0,0,1,Pedestrian
72,151.0,963.0,228.0,997.0,4697,0,0,1,Pedestrian
72,151.0,963.0,231.0,997.0,4698,0,0,1,Pedestrian
72,154.0,963.0,233.0,997.0,4699,0,0,1,Pedestrian
72,154.0,963.0,233.0,997.0,4700,0,0,1,Pedestrian
72,156.0,963.0,236.0,997.0,4701,0,0,1,Pedestrian
72,156.0,963.0,236.0,997.0,4702,0,0,1,Pedestrian
72,159.0,963.0,239.0,997.0,4703,0,0,1,Pedestrian
72,162.0,963.0,239.0,997.0,4704,0,0,1,Pedestrian
72,162.0,963.0,242.0,997.0,4705,0,0,1,Pedestrian
72,165.0,963.0,244.0,997.0,4706,0,0,1,Pedestrian
72,165.0,963.0,244.0,997.0,4707,0,0,1,Pedestrian
72,167.0,963.0,247.0,997.0,4708,0,0,1,Pedestrian
72,167.0,963.0,247.0,997.0,4709,0,0,1,Pedestrian
72,170.0,963.0,250.0,997.0,4710,0,0,1,Pedestrian
72,173.0,963.0,253.0,997.0,4711,0,0,0,Pedestrian
72,173.0,963.0,253.0,997.0,4712,0,0,1,Pedestrian
72,176.0,963.0,255.0,997.0,4713,0,0,1,Pedestrian
72,176.0,963.0,255.0,997.0,4714,0,0,1,Pedestrian
72,178.0,963.0,258.0,997.0,4715,0,0,1,Pedestrian
72,178.0,963.0,258.0,997.0,4716,0,0,1,Pedestrian
72,181.0,963.0,261.0,997.0,4717,0,0,1,Pedestrian
72,181.0,963.0,261.0,997.0,4718,0,0,1,Pedestrian
72,184.0,963.0,264.0,997.0,4719,0,0,1,Pedestrian
72,184.0,963.0,264.0,997.0,4720,0,0,1,Pedestrian
72,187.0,963.0,266.0,997.0,4721,0,0,1,Pedestrian
72,189.0,963.0,269.0,997.0,4722,0,0,1,Pedestrian
72,189.0,963.0,269.0,997.0,4723,0,0,1,Pedestrian
72,192.0,963.0,272.0,997.0,4724,0,0,1,Pedestrian
72,192.0,963.0,272.0,997.0,4725,0,0,1,Pedestrian
72,195.0,963.0,275.0,997.0,4726,0,0,1,Pedestrian
72,195.0,963.0,275.0,997.0,4727,0,0,1,Pedestrian
72,198.0,963.0,277.0,997.0,4728,0,0,1,Pedestrian
72,198.0,963.0,277.0,997.0,4729,0,0,1,Pedestrian
72,200.0,963.0,280.0,997.0,4730,0,0,1,Pedestrian
72,203.0,963.0,283.0,997.0,4731,0,0,1,Pedestrian
72,203.0,963.0,283.0,997.0,4732,0,0,1,Pedestrian
72,206.0,963.0,286.0,997.0,4733,0,0,1,Pedestrian
72,206.0,963.0,286.0,997.0,4734,0,0,1,Pedestrian
72,209.0,963.0,288.0,997.0,4735,0,0,1,Pedestrian
72,209.0,963.0,288.0,997.0,4736,0,0,1,Pedestrian
72,211.0,963.0,291.0,997.0,4737,0,0,1,Pedestrian
72,211.0,965.0,291.0,997.0,4738,0,0,1,Pedestrian
72,214.0,965.0,294.0,997.0,4739,0,0,1,Pedestrian
72,214.0,965.0,294.0,997.0,4740,0,0,1,Pedestrian
72,217.0,965.0,297.0,997.0,4741,0,0,1,Pedestrian
72,220.0,965.0,299.0,997.0,4742,0,0,1,Pedestrian
72,220.0,965.0,299.0,999.0,4743,0,0,1,Pedestrian
72,222.0,965.0,302.0,999.0,4744,0,0,1,Pedestrian
72,222.0,965.0,302.0,999.0,4745,0,0,1,Pedestrian
72,225.0,965.0,305.0,999.0,4746,0,0,1,Pedestrian
72,225.0,965.0,305.0,999.0,4747,0,0,1,Pedestrian
72,228.0,965.0,308.0,999.0,4748,0,0,1,Pedestrian
72,228.0,965.0,308.0,999.0,4749,0,0,1,Pedestrian
72,231.0,965.0,310.0,999.0,4750,0,0,1,Pedestrian
72,233.0,965.0,313.0,999.0,4751,0,0,1,Pedestrian
72,233.0,965.0,313.0,999.0,4752,0,0,1,Pedestrian
72,236.0,965.0,316.0,999.0,4753,0,0,1,Pedestrian
72,236.0,965.0,316.0,999.0,4754,0,0,1,Pedestrian
72,239.0,965.0,319.0,999.0,4755,0,0,1,Pedestrian
72,239.0,965.0,319.0,999.0,4756,0,0,1,Pedestrian
72,242.0,965.0,321.0,999.0,4757,0,0,1,Pedestrian
72,242.0,965.0,321.0,999.0,4758,0,0,1,Pedestrian
72,244.0,965.0,324.0,999.0,4759,0,0,1,Pedestrian
72,244.0,965.0,324.0,999.0,4760,0,0,1,Pedestrian
72,247.0,965.0,327.0,999.0,4761,0,0,1,Pedestrian
72,250.0,965.0,330.0,999.0,4762,0,0,1,Pedestrian
72,250.0,965.0,330.0,999.0,4763,0,0,1,Pedestrian
72,253.0,965.0,332.0,999.0,4764,0,0,1,Pedestrian
72,253.0,967.0,332.0,999.0,4765,0,0,1,Pedestrian
72,255.0,967.0,335.0,999.0,4766,0,0,1,Pedestrian
72,255.0,967.0,335.0,999.0,4767,0,0,1,Pedestrian
72,258.0,967.0,338.0,999.0,4768,0,0,1,Pedestrian
72,258.0,967.0,338.0,999.0,4769,0,0,1,Pedestrian
72,261.0,967.0,341.0,999.0,4770,0,0,1,Pedestrian
72,264.0,967.0,343.0,999.0,4771,0,0,1,Pedestrian
72,264.0,967.0,343.0,999.0,4772,0,0,1,Pedestrian
72,266.0,967.0,346.0,999.0,4773,0,0,1,Pedestrian
72,266.0,967.0,346.0,999.0,4774,0,0,1,Pedestrian
72,269.0,967.0,349.0,1001.0,4775,0,0,1,Pedestrian
72,269.0,967.0,349.0,1001.0,4776,0,0,1,Pedestrian
72,272.0,967.0,352.0,1001.0,4777,0,0,1,Pedestrian
72,272.0,967.0,352.0,1001.0,4778,0,0,1,Pedestrian
72,275.0,967.0,354.0,1001.0,4779,0,0,1,Pedestrian
72,275.0,967.0,354.0,1001.0,4780,0,0,1,Pedestrian
72,277.0,967.0,357.0,1001.0,4781,0,0,1,Pedestrian
72,280.0,967.0,360.0,1001.0,4782,0,0,1,Pedestrian
72,280.0,967.0,360.0,1001.0,4783,0,0,1,Pedestrian
72,283.0,967.0,363.0,1001.0,4784,0,0,1,Pedestrian
72,283.0,967.0,363.0,1001.0,4785,0,0,1,Pedestrian
72,286.0,967.0,365.0,1001.0,4786,0,0,1,Pedestrian
72,286.0,967.0,365.0,1001.0,4787,0,0,1,Pedestrian
72,288.0,967.0,368.0,1001.0,4788,0,0,1,Pedestrian
72,288.0,967.0,368.0,1001.0,4789,0,0,1,Pedestrian
72,291.0,967.0,371.0,1001.0,4790,0,0,1,Pedestrian
72,294.0,970.0,374.0,1001.0,4791,0,0,1,Pedestrian
72,294.0,970.0,374.0,1001.0,4792,0,0,1,Pedestrian
72,297.0,970.0,376.0,1001.0,4793,0,0,1,Pedestrian
72,297.0,970.0,376.0,1001.0,4794,0,0,1,Pedestrian
72,299.0,970.0,379.0,1001.0,4795,0,0,1,Pedestrian
72,299.0,970.0,379.0,1001.0,4796,0,0,1,Pedestrian
72,302.0,970.0,382.0,1001.0,4797,0,0,1,Pedestrian
72,302.0,970.0,382.0,1001.0,4798,0,0,1,Pedestrian
72,305.0,970.0,385.0,1001.0,4799,0,0,1,Pedestrian
72,305.0,970.0,385.0,1001.0,4800,0,0,1,Pedestrian
72,308.0,970.0,387.0,1001.0,4801,0,0,1,Pedestrian
72,310.0,970.0,390.0,1001.0,4802,0,0,1,Pedestrian
72,310.0,970.0,390.0,1001.0,4803,0,0,1,Pedestrian
72,313.0,970.0,393.0,1001.0,4804,0,0,1,Pedestrian
72,313.0,970.0,393.0,1001.0,4805,0,0,1,Pedestrian
72,316.0,970.0,396.0,1001.0,4806,0,0,1,Pedestrian
72,316.0,970.0,396.0,1004.0,4807,0,0,1,Pedestrian
72,319.0,970.0,398.0,1004.0,4808,0,0,1,Pedestrian
72,319.0,970.0,398.0,1004.0,4809,0,0,1,Pedestrian
72,321.0,970.0,401.0,1004.0,4810,0,0,1,Pedestrian
72,324.0,970.0,404.0,1004.0,4811,0,0,1,Pedestrian
72,324.0,970.0,404.0,1004.0,4812,0,0,1,Pedestrian
72,327.0,970.0,407.0,1004.0,4813,0,0,1,Pedestrian
72,327.0,970.0,407.0,1004.0,4814,0,0,1,Pedestrian
72,330.0,970.0,409.0,1004.0,4815,0,0,1,Pedestrian
72,330.0,970.0,409.0,1004.0,4816,0,0,1,Pedestrian
72,332.0,970.0,412.0,1004.0,4817,0,0,1,Pedestrian
72,332.0,972.0,412.0,1004.0,4818,0,0,1,Pedestrian
72,335.0,972.0,415.0,1004.0,4819,0,0,1,Pedestrian
72,335.0,972.0,415.0,1004.0,4820,0,0,1,Pedestrian
72,338.0,972.0,418.0,1004.0,4821,0,0,1,Pedestrian
72,341.0,972.0,420.0,1004.0,4822,0,0,1,Pedestrian
72,341.0,972.0,420.0,1004.0,4823,0,0,1,Pedestrian
72,343.0,972.0,423.0,1004.0,4824,0,0,1,Pedestrian
72,343.0,972.0,423.0,1004.0,4825,0,0,1,Pedestrian
72,346.0,972.0,426.0,1004.0,4826,0,0,1,Pedestrian
72,346.0,972.0,426.0,1004.0,4827,0,0,1,Pedestrian
72,349.0,972.0,429.0,1004.0,4828,0,0,1,Pedestrian
72,349.0,972.0,429.0,1004.0,4829,0,0,1,Pedestrian
72,352.0,972.0,431.0,1004.0,4830,0,0,1,Pedestrian
72,354.0,972.0,434.0,1004.0,4831,0,0,1,Pedestrian
72,354.0,972.0,434.0,1004.0,4832,0,0,1,Pedestrian
72,357.0,972.0,437.0,1004.0,4833,0,0,1,Pedestrian
72,357.0,972.0,437.0,1004.0,4834,0,0,1,Pedestrian
72,360.0,972.0,440.0,1004.0,4835,0,0,1,Pedestrian
72,360.0,972.0,440.0,1004.0,4836,0,0,1,Pedestrian
72,363.0,972.0,442.0,1004.0,4837,0,0,1,Pedestrian
72,363.0,972.0,442.0,1004.0,4838,0,0,1,Pedestrian
72,365.0,972.0,445.0,1006.0,4839,0,0,1,Pedestrian
72,365.0,972.0,445.0,1006.0,4840,0,0,1,Pedestrian
72,368.0,972.0,448.0,1006.0,4841,0,0,1,Pedestrian
72,371.0,972.0,451.0,1006.0,4842,0,0,1,Pedestrian
72,371.0,972.0,451.0,1006.0,4843,0,0,1,Pedestrian
72,374.0,972.0,453.0,1006.0,4844,0,0,1,Pedestrian
72,374.0,974.0,453.0,1006.0,4845,0,0,1,Pedestrian
72,376.0,974.0,456.0,1006.0,4846,0,0,1,Pedestrian
72,376.0,974.0,456.0,1006.0,4847,0,0,1,Pedestrian
72,379.0,974.0,459.0,1006.0,4848,0,0,1,Pedestrian
72,379.0,974.0,459.0,1006.0,4849,0,0,1,Pedestrian
72,382.0,974.0,462.0,1006.0,4850,0,0,1,Pedestrian
72,385.0,974.0,464.0,1006.0,4851,0,0,1,Pedestrian
72,385.0,974.0,464.0,1006.0,4852,0,0,1,Pedestrian
72,387.0,974.0,467.0,1006.0,4853,0,0,1,Pedestrian
72,387.0,974.0,467.0,1006.0,4854,0,0,1,Pedestrian
72,390.0,974.0,470.0,1006.0,4855,0,0,1,Pedestrian
72,390.0,974.0,470.0,1006.0,4856,0,0,1,Pedestrian
72,393.0,974.0,473.0,1006.0,4857,0,0,1,Pedestrian
72,393.0,974.0,473.0,1006.0,4858,0,0,1,Pedestrian
72,396.0,974.0,475.0,1006.0,4859,0,0,1,Pedestrian
72,396.0,974.0,475.0,1006.0,4860,0,0,1,Pedestrian
72,398.0,974.0,478.0,1006.0,4861,0,0,1,Pedestrian
72,401.0,974.0,481.0,1006.0,4862,0,0,1,Pedestrian
72,401.0,974.0,481.0,1006.0,4863,0,0,1,Pedestrian
72,404.0,974.0,484.0,1006.0,4864,0,0,1,Pedestrian
72,404.0,974.0,484.0,1006.0,4865,0,0,1,Pedestrian
72,407.0,974.0,486.0,1006.0,4866,0,0,1,Pedestrian
72,407.0,974.0,486.0,1006.0,4867,0,0,1,Pedestrian
72,409.0,974.0,489.0,1006.0,4868,0,0,1,Pedestrian
72,409.0,974.0,489.0,1006.0,4869,0,0,1,Pedestrian
72,412.0,974.0,492.0,1006.0,4870,0,0,1,Pedestrian
72,415.0,976.0,495.0,1008.0,4871,0,0,0,Pedestrian
72,415.0,974.0,495.0,1006.0,4872,0,0,1,Pedestrian
72,415.0,974.0,495.0,1006.0,4873,0,0,1,Pedestrian
72,418.0,974.0,497.0,1006.0,4874,0,0,1,Pedestrian
72,418.0,974.0,497.0,1006.0,4875,0,0,1,Pedestrian
72,420.0,974.0,500.0,1006.0,4876,0,0,1,Pedestrian
72,420.0,974.0,500.0,1006.0,4877,0,0,1,Pedestrian
72,423.0,974.0,503.0,1006.0,4878,0,0,1,Pedestrian
72,423.0,974.0,503.0,1006.0,4879,0,0,1,Pedestrian
72,426.0,974.0,506.0,1006.0,4880,0,0,1,Pedestrian
72,426.0,974.0,506.0,1006.0,4881,0,0,1,Pedestrian
72,429.0,974.0,508.0,1006.0,4882,0,0,1,Pedestrian
72,429.0,974.0,508.0,1006.0,4883,0,0,1,Pedestrian
72,431.0,974.0,511.0,1006.0,4884,0,0,1,Pedestrian
72,431.0,974.0,511.0,1006.0,4885,0,0,1,Pedestrian
72,434.0,974.0,514.0,1006.0,4886,0,0,1,Pedestrian
72,434.0,974.0,514.0,1006.0,4887,0,0,1,Pedestrian
72,437.0,974.0,517.0,1006.0,4888,0,0,1,Pedestrian
72,437.0,974.0,517.0,1006.0,4889,0,0,1,Pedestrian
72,440.0,972.0,519.0,1004.0,4890,0,0,1,Pedestrian
72,440.0,972.0,519.0,1004.0,4891,0,0,1,Pedestrian
72,442.0,972.0,522.0,1004.0,4892,0,0,1,Pedestrian
72,442.0,972.0,522.0,1004.0,4893,0,0,1,Pedestrian
72,445.0,972.0,525.0,1004.0,4894,0,0,1,Pedestrian
72,445.0,972.0,525.0,1004.0,4895,0,0,1,Pedestrian
72,448.0,972.0,528.0,1004.0,4896,0,0,1,Pedestrian
72,448.0,972.0,528.0,1004.0,4897,0,0,1,Pedestrian
72,451.0,972.0,530.0,1004.0,4898,0,0,1,Pedestrian
72,451.0,972.0,530.0,1004.0,4899,0,0,1,Pedestrian
72,453.0,972.0,533.0,1004.0,4900,0,0,1,Pedestrian
72,453.0,972.0,533.0,1004.0,4901,0,0,1,Pedestrian
72,456.0,972.0,536.0,1004.0,4902,0,0,1,Pedestrian
72,456.0,972.0,536.0,1004.0,4903,0,0,1,Pedestrian
72,459.0,972.0,539.0,1004.0,4904,0,0,1,Pedestrian
72,459.0,972.0,539.0,1004.0,4905,0,0,1,Pedestrian
72,462.0,972.0,541.0,1004.0,4906,0,0,1,Pedestrian
72,462.0,972.0,541.0,1004.0,4907,0,0,1,Pedestrian
72,464.0,970.0,544.0,1001.0,4908,0,0,1,Pedestrian
72,464.0,970.0,544.0,1001.0,4909,0,0,1,Pedestrian
72,467.0,970.0,547.0,1001.0,4910,0,0,1,Pedestrian
72,467.0,970.0,547.0,1001.0,4911,0,0,1,Pedestrian
72,470.0,970.0,550.0,1001.0,4912,0,0,1,Pedestrian
72,470.0,970.0,550.0,1001.0,4913,0,0,1,Pedestrian
72,473.0,970.0,552.0,1001.0,4914,0,0,1,Pedestrian
72,473.0,970.0,552.0,1001.0,4915,0,0,1,Pedestrian
72,475.0,970.0,555.0,1001.0,4916,0,0,1,Pedestrian
72,475.0,970.0,555.0,1001.0,4917,0,0,1,Pedestrian
72,478.0,970.0,558.0,1001.0,4918,0,0,1,Pedestrian
72,478.0,970.0,558.0,1001.0,4919,0,0,1,Pedestrian
72,481.0,970.0,561.0,1001.0,4920,0,0,1,Pedestrian
72,481.0,970.0,561.0,1001.0,4921,0,0,1,Pedestrian
72,484.0,970.0,563.0,1001.0,4922,0,0,1,Pedestrian
72,484.0,970.0,563.0,1001.0,4923,0,0,1,Pedestrian
72,486.0,970.0,566.0,1001.0,4924,0,0,1,Pedestrian
72,486.0,970.0,566.0,1001.0,4925,0,0,1,Pedestrian
72,489.0,970.0,569.0,1001.0,4926,0,0,1,Pedestrian
72,489.0,967.0,569.0,999.0,4927,0,0,1,Pedestrian
72,492.0,967.0,572.0,999.0,4928,0,0,1,Pedestrian
72,492.0,967.0,572.0,999.0,4929,0,0,1,Pedestrian
72,495.0,967.0,574.0,999.0,4930,0,0,1,Pedestrian
72,495.0,967.0,574.0,999.0,4931,0,0,1,Pedestrian
72,497.0,967.0,577.0,999.0,4932,0,0,1,Pedestrian
72,497.0,967.0,577.0,999.0,4933,0,0,1,Pedestrian
72,500.0,967.0,580.0,999.0,4934,0,0,1,Pedestrian
72,500.0,967.0,580.0,999.0,4935,0,0,1,Pedestrian
72,503.0,967.0,583.0,999.0,4936,0,0,1,Pedestrian
72,503.0,967.0,583.0,999.0,4937,0,0,1,Pedestrian
72,506.0,967.0,585.0,999.0,4938,0,0,1,Pedestrian
72,506.0,967.0,585.0,999.0,4939,0,0,1,Pedestrian
72,508.0,967.0,588.0,999.0,4940,0,0,1,Pedestrian
72,508.0,967.0,588.0,999.0,4941,0,0,1,Pedestrian
72,511.0,967.0,591.0,999.0,4942,0,0,1,Pedestrian
72,511.0,967.0,591.0,999.0,4943,0,0,1,Pedestrian
72,514.0,967.0,594.0,999.0,4944,0,0,1,Pedestrian
72,514.0,965.0,594.0,997.0,4945,0,0,1,Pedestrian
72,517.0,965.0,596.0,997.0,4946,0,0,1,Pedestrian
72,517.0,965.0,596.0,997.0,4947,0,0,1,Pedestrian
72,519.0,965.0,599.0,997.0,4948,0,0,1,Pedestrian
72,519.0,965.0,599.0,997.0,4949,0,0,1,Pedestrian
72,522.0,965.0,602.0,997.0,4950,0,0,1,Pedestrian
72,522.0,965.0,602.0,997.0,4951,0,0,1,Pedestrian
72,525.0,965.0,605.0,997.0,4952,0,0,1,Pedestrian
72,525.0,965.0,605.0,997.0,4953,0,0,1,Pedestrian
72,528.0,965.0,607.0,997.0,4954,0,0,1,Pedestrian
72,528.0,965.0,607.0,997.0,4955,0,0,1,Pedestrian
72,530.0,965.0,610.0,997.0,4956,0,0,1,Pedestrian
72,530.0,965.0,610.0,997.0,4957,0,0,1,Pedestrian
72,533.0,965.0,613.0,997.0,4958,0,0,1,Pedestrian
72,533.0,965.0,613.0,997.0,4959,0,0,1,Pedestrian
72,536.0,965.0,616.0,997.0,4960,0,0,1,Pedestrian
72,536.0,965.0,616.0,997.0,4961,0,0,1,Pedestrian
72,539.0,965.0,618.0,997.0,4962,0,0,1,Pedestrian
72,539.0,965.0,618.0,997.0,4963,0,0,1,Pedestrian
72,541.0,963.0,621.0,995.0,4964,0,0,1,Pedestrian
72,541.0,963.0,621.0,995.0,4965,0,0,1,Pedestrian
72,544.0,963.0,624.0,995.0,4966,0,0,1,Pedestrian
72,544.0,963.0,624.0,995.0,4967,0,0,1,Pedestrian
72,547.0,963.0,627.0,995.0,4968,0,0,1,Pedestrian
72,547.0,963.0,627.0,995.0,4969,0,0,1,Pedestrian
72,550.0,963.0,629.0,995.0,4970,0,0,1,Pedestrian
72,550.0,963.0,629.0,995.0,4971,0,0,1,Pedestrian
72,552.0,963.0,632.0,995.0,4972,0,0,1,Pedestrian
72,552.0,963.0,632.0,995.0,4973,0,0,1,Pedestrian
72,555.0,963.0,635.0,995.0,4974,0,0,1,Pedestrian
72,555.0,963.0,635.0,995.0,4975,0,0,1,Pedestrian
72,558.0,963.0,638.0,995.0,4976,0,0,1,Pedestrian
72,558.0,963.0,638.0,995.0,4977,0,0,1,Pedestrian
72,561.0,963.0,640.0,995.0,4978,0,0,1,Pedestrian
72,561.0,963.0,640.0,995.0,4979,0,0,1,Pedestrian
72,563.0,963.0,643.0,995.0,4980,0,0,1,Pedestrian
72,563.0,963.0,643.0,995.0,4981,0,0,1,Pedestrian
72,566.0,960.0,646.0,992.0,4982,0,0,1,Pedestrian
72,566.0,960.0,646.0,992.0,4983,0,0,1,Pedestrian
72,569.0,960.0,649.0,992.0,4984,0,0,1,Pedestrian
72,569.0,960.0,649.0,992.0,4985,0,0,1,Pedestrian
72,572.0,960.0,651.0,992.0,4986,0,0,1,Pedestrian
72,572.0,960.0,651.0,992.0,4987,0,0,1,Pedestrian
72,574.0,960.0,654.0,992.0,4988,0,0,1,Pedestrian
72,574.0,960.0,654.0,992.0,4989,0,0,1,Pedestrian
72,577.0,960.0,657.0,992.0,4990,0,0,1,Pedestrian
72,577.0,960.0,657.0,992.0,4991,0,0,1,Pedestrian
72,580.0,960.0,660.0,992.0,4992,0,0,1,Pedestrian
72,580.0,960.0,660.0,992.0,4993,0,0,1,Pedestrian
72,583.0,960.0,662.0,992.0,4994,0,0,1,Pedestrian
72,583.0,960.0,662.0,992.0,4995,0,0,1,Pedestrian
72,585.0,960.0,665.0,992.0,4996,0,0,1,Pedestrian
72,585.0,960.0,665.0,992.0,4997,0,0,1,Pedestrian
72,588.0,960.0,668.0,992.0,4998,0,0,1,Pedestrian
72,588.0,960.0,668.0,992.0,4999,0,0,1,Pedestrian
72,591.0,960.0,671.0,992.0,5000,0,0,0,Pedestrian
72,591.0,958.0,671.0,992.0,5001,0,0,1,Pedestrian
72,591.0,958.0,673.0,992.0,5002,0,0,1,Pedestrian
72,594.0,958.0,676.0,992.0,5003,0,0,1,Pedestrian
72,594.0,958.0,679.0,992.0,5004,0,0,1,Pedestrian
72,596.0,958.0,679.0,992.0,5005,0,0,1,Pedestrian
72,596.0,958.0,682.0,992.0,5006,0,0,1,Pedestrian
72,599.0,958.0,684.0,995.0,5007,0,0,1,Pedestrian
72,599.0,958.0,687.0,995.0,5008,0,0,1,Pedestrian
72,602.0,956.0,687.0,995.0,5009,0,0,1,Pedestrian
72,602.0,956.0,690.0,995.0,5010,0,0,1,Pedestrian
72,605.0,956.0,693.0,995.0,5011,0,0,1,Pedestrian
72,605.0,956.0,695.0,995.0,5012,0,0,1,Pedestrian
72,607.0,956.0,695.0,997.0,5013,0,0,1,Pedestrian
72,607.0,956.0,698.0,997.0,5014,0,0,1,Pedestrian
72,610.0,956.0,701.0,997.0,5015,0,0,1,Pedestrian
72,610.0,956.0,704.0,997.0,5016,0,0,1,Pedestrian
72,613.0,954.0,704.0,997.0,5017,0,0,1,Pedestrian
72,613.0,954.0,706.0,997.0,5018,0,0,1,Pedestrian
72,616.0,954.0,709.0,999.0,5019,0,0,1,Pedestrian
72,616.0,954.0,712.0,999.0,5020,0,0,1,Pedestrian
72,618.0,954.0,712.0,999.0,5021,0,0,1,Pedestrian
72,618.0,954.0,715.0,999.0,5022,0,0,1,Pedestrian
72,621.0,954.0,717.0,999.0,5023,0,0,1,Pedestrian
72,621.0,954.0,720.0,999.0,5024,0,0,1,Pedestrian
72,624.0,954.0,723.0,1001.0,5025,0,0,1,Pedestrian
72,624.0,951.0,723.0,1001.0,5026,0,0,1,Pedestrian
72,624.0,951.0,726.0,1001.0,5027,0,0,1,Pedestrian
72,627.0,951.0,728.0,1001.0,5028,0,0,1,Pedestrian
72,627.0,951.0,731.0,1001.0,5029,0,0,1,Pedestrian
72,629.0,951.0,731.0,1001.0,5030,0,0,1,Pedestrian
72,629.0,951.0,734.0,1001.0,5031,0,0,1,Pedestrian
72,632.0,951.0,737.0,1004.0,5032,0,0,1,Pedestrian
72,632.0,951.0,739.0,1004.0,5033,0,0,1,Pedestrian
72,635.0,949.0,739.0,1004.0,5034,0,0,1,Pedestrian
72,635.0,949.0,742.0,1004.0,5035,0,0,1,Pedestrian
72,638.0,949.0,745.0,1004.0,5036,0,0,1,Pedestrian
72,638.0,949.0,748.0,1004.0,5037,0,0,1,Pedestrian
72,640.0,949.0,748.0,1006.0,5038,0,0,1,Pedestrian
72,640.0,949.0,750.0,1006.0,5039,0,0,1,Pedestrian
72,643.0,949.0,753.0,1006.0,5040,0,0,1,Pedestrian
72,643.0,949.0,756.0,1006.0,5041,0,0,1,Pedestrian
72,646.0,947.0,756.0,1006.0,5042,0,0,1,Pedestrian
72,646.0,947.0,759.0,1006.0,5043,0,0,1,Pedestrian
72,649.0,947.0,761.0,1008.0,5044,0,0,1,Pedestrian
72,649.0,947.0,764.0,1008.0,5045,0,0,1,Pedestrian
72,651.0,947.0,764.0,1008.0,5046,0,0,1,Pedestrian
72,651.0,947.0,767.0,1008.0,5047,0,0,1,Pedestrian
72,654.0,947.0,770.0,1008.0,5048,0,0,1,Pedestrian
72,654.0,947.0,772.0,1008.0,5049,0,0,1,Pedestrian
72,657.0,947.0,775.0,1011.0,5050,0,0,0,Pedestrian
72,657.0,944.0,775.0,1008.0,5051,0,0,1,Pedestrian
72,660.0,944.0,778.0,1008.0,5052,0,0,1,Pedestrian
72,660.0,944.0,778.0,1008.0,5053,0,0,1,Pedestrian
72,662.0,944.0,781.0,1008.0,5054,0,0,1,Pedestrian
72,662.0,944.0,781.0,1008.0,5055,0,0,1,Pedestrian
72,665.0,944.0,783.0,1008.0,5056,0,0,1,Pedestrian
72,665.0,944.0,783.0,1008.0,5057,0,0,1,Pedestrian
72,668.0,944.0,786.0,1006.0,5058,0,0,1,Pedestrian
72,668.0,944.0,786.0,1006.0,5059,0,0,1,Pedestrian
72,671.0,944.0,789.0,1006.0,5060,0,0,1,Pedestrian
72,671.0,942.0,789.0,1006.0,5061,0,0,1,Pedestrian
72,673.0,942.0,792.0,1006.0,5062,0,0,1,Pedestrian
72,673.0,942.0,792.0,1006.0,5063,0,0,1,Pedestrian
72,676.0,942.0,794.0,1006.0,5064,0,0,1,Pedestrian
72,679.0,942.0,797.0,1006.0,5065,0,0,1,Pedestrian
72,679.0,942.0,797.0,1004.0,5066,0,0,1,Pedestrian
72,682.0,942.0,800.0,1004.0,5067,0,0,1,Pedestrian
72,682.0,942.0,800.0,1004.0,5068,0,0,1,Pedestrian
72,684.0,942.0,803.0,1004.0,5069,0,0,1,Pedestrian
72,684.0,942.0,803.0,1004.0,5070,0,0,1,Pedestrian
72,687.0,940.0,805.0,1004.0,5071,0,0,1,Pedestrian
72,687.0,940.0,805.0,1004.0,5072,0,0,1,Pedestrian
72,690.0,940.0,808.0,1001.0,5073,0,0,1,Pedestrian
72,690.0,940.0,808.0,1001.0,5074,0,0,1,Pedestrian
72,693.0,940.0,811.0,1001.0,5075,0,0,1,Pedestrian
72,693.0,940.0,811.0,1001.0,5076,0,0,1,Pedestrian
72,695.0,940.0,814.0,1001.0,5077,0,0,1,Pedestrian
72,695.0,940.0,814.0,1001.0,5078,0,0,1,Pedestrian
72,698.0,940.0,816.0,1001.0,5079,0,0,1,Pedestrian
72,701.0,940.0,819.0,1001.0,5080,0,0,1,Pedestrian
72,701.0,938.0,819.0,999.0,5081,0,0,1,Pedestrian
72,704.0,938.0,822.0,999.0,5082,0,0,1,Pedestrian
72,704.0,938.0,822.0,999.0,5083,0,0,1,Pedestrian
72,706.0,938.0,825.0,999.0,5084,0,0,1,Pedestrian
72,706.0,938.0,825.0,999.0,5085,0,0,1,Pedestrian
72,709.0,938.0,827.0,999.0,5086,0,0,1,Pedestrian
72,709.0,938.0,827.0,999.0,5087,0,0,1,Pedestrian
72,712.0,938.0,830.0,997.0,5088,0,0,1,Pedestrian
72,712.0,938.0,830.0,997.0,5089,0,0,1,Pedestrian
72,715.0,938.0,833.0,997.0,5090,0,0,1,Pedestrian
72,715.0,935.0,833.0,997.0,5091,0,0,1,Pedestrian
72,717.0,935.0,836.0,997.0,5092,0,0,1,Pedestrian
72,717.0,935.0,836.0,997.0,5093,0,0,1,Pedestrian
72,720.0,935.0,838.0,997.0,5094,0,0,1,Pedestrian
72,723.0,935.0,841.0,997.0,5095,0,0,1,Pedestrian
72,723.0,935.0,841.0,995.0,5096,0,0,1,Pedestrian
72,726.0,935.0,844.0,995.0,5097,0,0,1,Pedestrian
72,726.0,935.0,844.0,995.0,5098,0,0,1,Pedestrian
72,728.0,935.0,847.0,995.0,5099,0,0,1,Pedestrian
72,728.0,935.0,847.0,995.0,5100,0,0,1,Pedestrian
72,731.0,933.0,849.0,995.0,5101,0,0,1,Pedestrian
72,731.0,933.0,849.0,995.0,5102,0,0,1,Pedestrian
72,734.0,933.0,852.0,992.0,5103,0,0,1,Pedestrian
72,734.0,933.0,852.0,992.0,5104,0,0,1,Pedestrian
72,737.0,933.0,855.0,992.0,5105,0,0,1,Pedestrian
72,737.0,933.0,855.0,992.0,5106,0,0,1,Pedestrian
72,739.0,933.0,858.0,992.0,5107,0,0,1,Pedestrian
72,739.0,933.0,858.0,992.0,5108,0,0,1,Pedestrian
72,742.0,933.0,860.0,992.0,5109,0,0,1,Pedestrian
72,745.0,933.0,863.0,992.0,5110,0,0,0,Pedestrian
72,745.0,931.0,863.0,990.0,5111,0,0,1,Pedestrian
72,745.0,931.0,863.0,990.0,5112,0,0,1,Pedestrian
72,745.0,931.0,866.0,990.0,5113,0,0,1,Pedestrian
72,748.0,931.0,866.0,990.0,5114,0,0,1,Pedestrian
72,748.0,931.0,866.0,990.0,5115,0,0,1,Pedestrian
72,748.0,931.0,869.0,990.0,5116,0,0,1,Pedestrian
72,750.0,929.0,869.0,988.0,5117,0,0,1,Pedestrian
72,750.0,929.0,871.0,988.0,5118,0,0,1,Pedestrian
72,750.0,929.0,871.0,988.0,5119,0,0,1,Pedestrian
72,753.0,929.0,871.0,988.0,5120,0,0,1,Pedestrian
72,753.0,929.0,874.0,988.0,5121,0,0,1,Pedestrian
72,753.0,929.0,874.0,988.0,5122,0,0,1,Pedestrian
72,756.0,929.0,874.0,988.0,5123,0,0,1,Pedestrian
72,756.0,926.0,877.0,985.0,5124,0,0,1,Pedestrian
72,756.0,926.0,877.0,985.0,5125,0,0,1,Pedestrian
72,759.0,926.0,880.0,985.0,5126,0,0,1,Pedestrian
72,759.0,926.0,880.0,985.0,5127,0,0,1,Pedestrian
72,759.0,926.0,880.0,985.0,5128,0,0,1,Pedestrian
72,761.0,926.0,882.0,985.0,5129,0,0,1,Pedestrian
72,761.0,926.0,882.0,985.0,5130,0,0,1,Pedestrian
72,761.0,924.0,882.0,983.0,5131,0,0,1,Pedestrian
72,764.0,924.0,885.0,983.0,5132,0,0,1,Pedestrian
72,764.0,924.0,885.0,983.0,5133,0,0,1,Pedestrian
72,764.0,924.0,888.0,983.0,5134,0,0,1,Pedestrian
72,767.0,924.0,888.0,983.0,5135,0,0,1,Pedestrian
72,767.0,924.0,888.0,983.0,5136,0,0,1,Pedestrian
72,767.0,922.0,891.0,981.0,5137,0,0,1,Pedestrian
72,770.0,922.0,891.0,981.0,5138,0,0,1,Pedestrian
72,770.0,922.0,891.0,981.0,5139,0,0,1,Pedestrian
72,770.0,922.0,893.0,981.0,5140,0,0,1,Pedestrian
72,772.0,922.0,893.0,981.0,5141,0,0,1,Pedestrian
72,772.0,922.0,896.0,981.0,5142,0,0,1,Pedestrian
72,772.0,922.0,896.0,981.0,5143,0,0,1,Pedestrian
72,775.0,919.0,896.0,979.0,5144,0,0,1,Pedestrian
72,775.0,919.0,899.0,979.0,5145,0,0,1,Pedestrian
72,775.0,919.0,899.0,979.0,5146,0,0,1,Pedestrian
72,778.0,919.0,899.0,979.0,5147,0,0,1,Pedestrian
72,778.0,919.0,902.0,979.0,5148,0,0,1,Pedestrian
72,778.0,919.0,902.0,979.0,5149,0,0,1,Pedestrian
72,781.0,919.0,904.0,979.0,5150,0,0,0,Pedestrian
72,781.0,917.0,904.0,976.0,5151,0,0,1,Pedestrian
72,781.0,917.0,904.0,976.0,5152,0,0,1,Pedestrian
72,783.0,917.0,904.0,976.0,5153,0,0,1,Pedestrian
72,783.0,917.0,907.0,976.0,5154,0,0,1,Pedestrian
72,783.0,917.0,907.0,976.0,5155,0,0,1,Pedestrian
72,786.0,917.0,907.0,976.0,5156,0,0,1,Pedestrian
72,786.0,917.0,910.0,974.0,5157,0,0,1,Pedestrian
72,786.0,917.0,910.0,974.0,5158,0,0,1,Pedestrian
72,789.0,917.0,910.0,974.0,5159,0,0,1,Pedestrian
72,789.0,917.0,913.0,974.0,5160,0,0,1,Pedestrian
72,789.0,915.0,913.0,974.0,5161,0,0,1,Pedestrian
72,792.0,915.0,913.0,974.0,5162,0,0,1,Pedestrian
72,792.0,915.0,915.0,974.0,5163,0,0,1,Pedestrian
72,792.0,915.0,915.0,972.0,5164,0,0,1,Pedestrian
72,794.0,915.0,915.0,972.0,5165,0,0,1,Pedestrian
72,794.0,915.0,918.0,972.0,5166,0,0,1,Pedestrian
72,794.0,915.0,918.0,972.0,5167,0,0,1,Pedestrian
72,797.0,915.0,918.0,972.0,5168,0,0,1,Pedestrian
72,797.0,915.0,921.0,972.0,5169,0,0,1,Pedestrian
72,800.0,915.0,921.0,972.0,5170,0,0,1,Pedestrian
72,800.0,913.0,921.0,970.0,5171,0,0,1,Pedestrian
72,800.0,913.0,924.0,970.0,5172,0,0,1,Pedestrian
72,803.0,913.0,924.0,970.0,5173,0,0,1,Pedestrian
72,803.0,913.0,924.0,970.0,5174,0,0,1,Pedestrian
72,803.0,913.0,926.0,970.0,5175,0,0,1,Pedestrian
72,805.0,913.0,926.0,970.0,5176,0,0,1,Pedestrian
72,805.0,913.0,926.0,967.0,5177,0,0,1,Pedestrian
72,805.0,913.0,929.0,967.0,5178,0,0,1,Pedestrian
72,808.0,913.0,929.0,967.0,5179,0,0,1,Pedestrian
72,808.0,913.0,929.0,967.0,5180,0,0,1,Pedestrian
72,808.0,910.0,932.0,967.0,5181,0,0,1,Pedestrian
72,811.0,910.0,932.0,967.0,5182,0,0,1,Pedestrian
72,811.0,910.0,932.0,967.0,5183,0,0,1,Pedestrian
72,811.0,910.0,935.0,965.0,5184,0,0,1,Pedestrian
72,814.0,910.0,935.0,965.0,5185,0,0,1,Pedestrian
72,814.0,910.0,935.0,965.0,5186,0,0,1,Pedestrian
72,814.0,910.0,937.0,965.0,5187,0,0,1,Pedestrian
72,816.0,910.0,937.0,965.0,5188,0,0,1,Pedestrian
72,816.0,910.0,937.0,965.0,5189,0,0,1,Pedestrian
72,819.0,910.0,940.0,965.0,5190,0,0,0,Pedestrian
72,819.0,910.0,940.0,965.0,5191,0,0,1,Pedestrian
72,819.0,910.0,940.0,965.0,5192,0,0,1,Pedestrian
72,819.0,910.0,940.0,965.0,5193,0,0,1,Pedestrian
72,819.0,910.0,940.0,965.0,5194,0,0,1,Pedestrian
72,819.0,910.0,940.0,965.0,5195,0,0,1,Pedestrian
72,819.0,910.0,940.0,965.0,5196,0,0,1,Pedestrian
72,819.0,910.0,940.0,965.0,5197,0,0,1,Pedestrian
72,819.0,910.0,940.0,965.0,5198,0,0,1,Pedestrian
72,819.0,910.0,940.0,965.0,5199,0,0,1,Pedestrian
72,819.0,910.0,940.0,965.0,5200,0,0,1,Pedestrian
72,819.0,910.0,940.0,965.0,5201,0,0,1,Pedestrian
72,819.0,910.0,940.0,965.0,5202,0,0,1,Pedestrian
72,819.0,910.0,940.0,965.0,5203,0,0,1,Pedestrian
72,819.0,913.0,940.0,967.0,5204,0,0,1,Pedestrian
72,819.0,913.0,940.0,967.0,5205,0,0,1,Pedestrian
72,819.0,913.0,940.0,967.0,5206,0,0,1,Pedestrian
72,819.0,913.0,940.0,967.0,5207,0,0,1,Pedestrian
72,819.0,913.0,940.0,967.0,5208,0,0,1,Pedestrian
72,819.0,913.0,940.0,967.0,5209,0,0,1,Pedestrian
72,822.0,913.0,943.0,967.0,5210,0,0,1,Pedestrian
72,822.0,913.0,943.0,967.0,5211,0,0,1,Pedestrian
72,822.0,913.0,943.0,967.0,5212,0,0,1,Pedestrian
72,822.0,913.0,943.0,967.0,5213,0,0,1,Pedestrian
72,822.0,913.0,943.0,967.0,5214,0,0,1,Pedestrian
72,822.0,913.0,943.0,967.0,5215,0,0,1,Pedestrian
72,822.0,913.0,943.0,967.0,5216,0,0,1,Pedestrian
72,822.0,915.0,943.0,970.0,5217,0,0,1,Pedestrian
72,822.0,915.0,943.0,970.0,5218,0,0,1,Pedestrian
72,822.0,915.0,943.0,970.0,5219,0,0,1,Pedestrian
72,822.0,915.0,943.0,970.0,5220,0,0,1,Pedestrian
72,822.0,915.0,943.0,970.0,5221,0,0,1,Pedestrian
72,822.0,915.0,943.0,970.0,5222,0,0,1,Pedestrian
72,822.0,915.0,943.0,970.0,5223,0,0,1,Pedestrian
72,822.0,915.0,943.0,970.0,5224,0,0,1,Pedestrian
72,822.0,915.0,943.0,970.0,5225,0,0,1,Pedestrian
72,822.0,915.0,943.0,970.0,5226,0,0,1,Pedestrian
72,822.0,915.0,943.0,970.0,5227,0,0,1,Pedestrian
72,822.0,915.0,943.0,970.0,5228,0,0,1,Pedestrian
72,822.0,915.0,943.0,970.0,5229,0,0,1,Pedestrian
72,825.0,917.0,946.0,972.0,5230,0,0,0,Pedestrian
72,825.0,917.0,946.0,972.0,5231,0,0,1,Pedestrian
72,825.0,919.0,946.0,974.0,5232,0,0,1,Pedestrian
72,825.0,919.0,946.0,974.0,5233,0,0,1,Pedestrian
72,825.0,922.0,946.0,976.0,5234,0,0,1,Pedestrian
72,825.0,922.0,946.0,976.0,5235,0,0,1,Pedestrian
72,825.0,924.0,946.0,979.0,5236,0,0,1,Pedestrian
72,825.0,924.0,946.0,979.0,5237,0,0,1,Pedestrian
72,825.0,926.0,946.0,981.0,5238,0,0,1,Pedestrian
72,825.0,926.0,946.0,981.0,5239,0,0,1,Pedestrian
72,825.0,929.0,946.0,983.0,5240,0,0,1,Pedestrian
72,825.0,929.0,946.0,983.0,5241,0,0,1,Pedestrian
72,825.0,931.0,946.0,985.0,5242,0,0,1,Pedestrian
72,825.0,931.0,946.0,985.0,5243,0,0,1,Pedestrian
72,825.0,933.0,946.0,988.0,5244,0,0,1,Pedestrian
72,827.0,935.0,948.0,990.0,5245,0,0,1,Pedestrian
72,827.0,935.0,948.0,990.0,5246,0,0,1,Pedestrian
72,827.0,938.0,948.0,992.0,5247,0,0,1,Pedestrian
72,827.0,938.0,948.0,992.0,5248,0,0,1,Pedestrian
72,827.0,940.0,948.0,995.0,5249,0,0,1,Pedestrian
72,827.0,940.0,948.0,995.0,5250,0,0,1,Pedestrian
72,827.0,942.0,948.0,997.0,5251,0,0,1,Pedestrian
72,827.0,942.0,948.0,997.0,5252,0,0,1,Pedestrian
72,827.0,944.0,948.0,999.0,5253,0,0,1,Pedestrian
72,827.0,944.0,948.0,999.0,5254,0,0,1,Pedestrian
72,827.0,947.0,948.0,1001.0,5255,0,0,1,Pedestrian
72,827.0,947.0,948.0,1001.0,5256,0,0,1,Pedestrian
72,827.0,949.0,948.0,1004.0,5257,0,0,1,Pedestrian
72,827.0,949.0,948.0,1004.0,5258,0,0,1,Pedestrian
72,827.0,951.0,948.0,1006.0,5259,0,0,1,Pedestrian
72,830.0,954.0,951.0,1008.0,5260,0,0,0,Pedestrian
72,827.0,954.0,948.0,1008.0,5261,0,0,1,Pedestrian
72,827.0,956.0,948.0,1011.0,5262,0,0,1,Pedestrian
72,825.0,956.0,946.0,1011.0,5263,0,0,1,Pedestrian
72,825.0,958.0,946.0,1013.0,5264,0,0,1,Pedestrian
72,825.0,958.0,946.0,1013.0,5265,0,0,1,Pedestrian
72,822.0,960.0,943.0,1015.0,5266,0,0,1,Pedestrian
72,822.0,960.0,943.0,1015.0,5267,0,0,1,Pedestrian
72,819.0,963.0,940.0,1017.0,5268,0,0,1,Pedestrian
72,819.0,963.0,940.0,1017.0,5269,0,0,1,Pedestrian
72,819.0,965.0,940.0,1020.0,5270,0,0,1,Pedestrian
72,816.0,965.0,937.0,1020.0,5271,0,0,1,Pedestrian
72,816.0,967.0,937.0,1022.0,5272,0,0,1,Pedestrian
72,814.0,967.0,935.0,1022.0,5273,0,0,1,Pedestrian
72,814.0,970.0,935.0,1024.0,5274,0,0,1,Pedestrian
72,814.0,972.0,935.0,1026.0,5275,0,0,1,Pedestrian
72,811.0,972.0,932.0,1026.0,5276,0,0,1,Pedestrian
72,811.0,974.0,932.0,1029.0,5277,0,0,1,Pedestrian
72,808.0,974.0,929.0,1029.0,5278,0,0,1,Pedestrian
72,808.0,976.0,929.0,1031.0,5279,0,0,1,Pedestrian
72,808.0,976.0,929.0,1031.0,5280,0,0,1,Pedestrian
72,805.0,979.0,926.0,1033.0,5281,0,0,1,Pedestrian
72,805.0,979.0,926.0,1033.0,5282,0,0,1,Pedestrian
72,803.0,981.0,924.0,1036.0,5283,0,0,1,Pedestrian
72,803.0,981.0,924.0,1036.0,5284,0,0,1,Pedestrian
72,803.0,983.0,924.0,1038.0,5285,0,0,1,Pedestrian
72,800.0,983.0,921.0,1038.0,5286,0,0,1,Pedestrian
72,800.0,985.0,921.0,1040.0,5287,0,0,1,Pedestrian
72,797.0,985.0,918.0,1040.0,5288,0,0,1,Pedestrian
72,797.0,988.0,918.0,1042.0,5289,0,0,1,Pedestrian
72,797.0,990.0,918.0,1045.0,5290,0,0,0,Pedestrian
72,794.0,990.0,915.0,1045.0,5291,0,0,1,Pedestrian
72,794.0,992.0,915.0,1047.0,5292,0,0,1,Pedestrian
72,792.0,992.0,913.0,1047.0,5293,0,0,1,Pedestrian
72,792.0,995.0,913.0,1049.0,5294,0,0,1,Pedestrian
72,789.0,997.0,910.0,1052.0,5295,0,0,1,Pedestrian
72,789.0,997.0,910.0,1052.0,5296,0,0,1,Pedestrian
72,786.0,999.0,907.0,1054.0,5297,0,0,1,Pedestrian
72,786.0,1001.0,907.0,1056.0,5298,0,0,1,Pedestrian
72,783.0,1001.0,904.0,1056.0,5299,0,0,1,Pedestrian
72,783.0,1004.0,904.0,1058.0,5300,0,0,1,Pedestrian
72,781.0,1004.0,902.0,1058.0,5301,0,0,1,Pedestrian
72,781.0,1006.0,902.0,1061.0,5302,0,0,1,Pedestrian
72,778.0,1008.0,899.0,1063.0,5303,0,0,1,Pedestrian
72,778.0,1008.0,899.0,1063.0,5304,0,0,1,Pedestrian
72,775.0,1011.0,896.0,1065.0,5305,0,0,1,Pedestrian
72,775.0,1013.0,896.0,1067.0,5306,0,0,1,Pedestrian
72,772.0,1013.0,893.0,1067.0,5307,0,0,1,Pedestrian
72,772.0,1015.0,893.0,1070.0,5308,0,0,1,Pedestrian
72,770.0,1017.0,891.0,1072.0,5309,0,0,1,Pedestrian
72,770.0,1017.0,891.0,1072.0,5310,0,0,1,Pedestrian
72,767.0,1020.0,888.0,1074.0,5311,0,0,1,Pedestrian
72,767.0,1020.0,888.0,1074.0,5312,0,0,1,Pedestrian
72,764.0,1022.0,885.0,1077.0,5313,0,0,1,Pedestrian
72,764.0,1024.0,885.0,1079.0,5314,0,0,1,Pedestrian
72,761.0,1024.0,882.0,1079.0,5315,0,0,1,Pedestrian
72,761.0,1026.0,882.0,1081.0,5316,0,0,1,Pedestrian
72,759.0,1029.0,880.0,1083.0,5317,0,0,1,Pedestrian
72,759.0,1029.0,880.0,1083.0,5318,0,0,1,Pedestrian
72,756.0,1031.0,877.0,1086.0,5319,0,0,1,Pedestrian
72,756.0,1033.0,877.0,1088.0,5320,0,0,0,Pedestrian
72,753.0,1033.0,874.0,1088.0,5321,0,0,1,Pedestrian
72,753.0,1036.0,874.0,1088.0,5322,0,0,1,Pedestrian
72,753.0,1036.0,874.0,1088.0,5323,0,0,1,Pedestrian
72,750.0,1038.0,871.0,1088.0,5324,0,0,1,Pedestrian
72,750.0,1038.0,871.0,1088.0,5325,0,0,1,Pedestrian
72,750.0,1040.0,871.0,1088.0,5326,0,0,1,Pedestrian
72,750.0,1040.0,871.0,1088.0,5327,0,0,1,Pedestrian
72,748.0,1042.0,869.0,1088.0,5328,0,0,1,Pedestrian
72,748.0,1042.0,869.0,1088.0,5329,0,0,1,Pedestrian
72,748.0,1045.0,869.0,1088.0,5330,0,0,1,Pedestrian
72,748.0,1045.0,869.0,1088.0,5331,0,0,1,Pedestrian
72,745.0,1047.0,866.0,1088.0,5332,0,0,1,Pedestrian
72,745.0,1047.0,866.0,1088.0,5333,0,0,1,Pedestrian
72,745.0,1049.0,866.0,1088.0,5334,0,0,1,Pedestrian
72,745.0,1049.0,866.0,1088.0,5335,0,0,1,Pedestrian
72,742.0,1052.0,863.0,1088.0,5336,0,0,1,Pedestrian
72,742.0,1052.0,863.0,1088.0,5337,0,0,1,Pedestrian
72,742.0,1054.0,863.0,1088.0,5338,0,0,1,Pedestrian
72,739.0,1054.0,860.0,1088.0,5339,0,0,1,Pedestrian
72,739.0,1056.0,860.0,1088.0,5340,0,0,1,Pedestrian
72,739.0,1056.0,860.0,1088.0,5341,0,0,1,Pedestrian
72,739.0,1058.0,860.0,1088.0,5342,0,0,1,Pedestrian
72,737.0,1058.0,858.0,1088.0,5343,0,0,1,Pedestrian
72,737.0,1061.0,858.0,1088.0,5344,0,0,1,Pedestrian
72,737.0,1061.0,858.0,1088.0,5345,0,0,1,Pedestrian
72,737.0,1063.0,858.0,1088.0,5346,0,0,1,Pedestrian
72,734.0,1063.0,855.0,1088.0,5347,0,0,1,Pedestrian
72,734.0,1065.0,855.0,1088.0,5348,0,0,1,Pedestrian
72,734.0,1065.0,855.0,1088.0,5349,0,0,1,Pedestrian
72,734.0,1067.0,855.0,1090.0,5350,1,0,0,Pedestrian
72,731.0,1067.0,852.0,1090.0,5351,1,0,1,Pedestrian
72,731.0,1070.0,852.0,1090.0,5352,1,0,1,Pedestrian
72,728.0,1072.0,849.0,1090.0,5353,1,0,1,Pedestrian
72,728.0,1074.0,849.0,1093.0,5354,1,0,1,Pedestrian
72,726.0,1077.0,847.0,1093.0,5355,1,0,1,Pedestrian
72,726.0,1079.0,847.0,1093.0,5356,1,0,1,Pedestrian
72,723.0,1081.0,844.0,1095.0,5357,1,0,1,Pedestrian
72,723.0,1083.0,844.0,1095.0,5358,1,0,1,Pedestrian
72,720.0,1086.0,841.0,1095.0,5359,1,0,1,Pedestrian
72,720.0,1088.0,841.0,1097.0,5360,1,0,0,Pedestrian
72,720.0,1088.0,841.0,1097.0,5361,1,0,1,Pedestrian
72,720.0,1088.0,841.0,1097.0,5362,1,0,1,Pedestrian
72,720.0,1088.0,841.0,1097.0,5363,1,0,1,Pedestrian
72,720.0,1088.0,841.0,1097.0,5364,1,0,1,Pedestrian
72,720.0,1088.0,841.0,1097.0,5365,1,0,1,Pedestrian
72,720.0,1088.0,841.0,1097.0,5366,1,0,1,Pedestrian
72,720.0,1088.0,841.0,1097.0,5367,1,0,1,Pedestrian
72,720.0,1088.0,841.0,1097.0,5368,1,0,1,Pedestrian
72,720.0,1088.0,841.0,1097.0,5369,1,0,1,Pedestrian
72,720.0,1088.0,841.0,1097.0,5370,1,0,1,Pedestrian
72,720.0,1088.0,841.0,1097.0,5371,1,0,1,Pedestrian
72,720.0,1088.0,841.0,1097.0,5372,1,0,1,Pedestrian
72,720.0,1088.0,841.0,1097.0,5373,1,0,1,Pedestrian
72,720.0,1088.0,841.0,1097.0,5374,1,0,1,Pedestrian
72,720.0,1088.0,841.0,1097.0,5375,1,0,1,Pedestrian
72,720.0,1088.0,841.0,1097.0,5376,1,0,1,Pedestrian
72,720.0,1088.0,841.0,1097.0,5377,1,0,1,Pedestrian
72,720.0,1088.0,841.0,1097.0,5378,1,0,1,Pedestrian
72,720.0,1088.0,841.0,1097.0,5379,1,0,1,Pedestrian
72,720.0,1088.0,841.0,1097.0,5380,1,0,1,Pedestrian
72,720.0,1088.0,841.0,1097.0,5381,1,0,1,Pedestrian
72,720.0,1088.0,841.0,1097.0,5382,1,0,1,Pedestrian
72,720.0,1088.0,841.0,1097.0,5383,1,0,1,Pedestrian
72,720.0,1088.0,841.0,1097.0,5384,1,0,1,Pedestrian
72,720.0,1088.0,841.0,1097.0,5385,1,0,1,Pedestrian
72,720.0,1088.0,841.0,1097.0,5386,1,0,1,Pedestrian
72,720.0,1088.0,841.0,1097.0,5387,1,0,1,Pedestrian
72,720.0,1088.0,841.0,1097.0,5388,1,0,1,Pedestrian
72,720.0,1088.0,841.0,1097.0,5389,1,0,1,Pedestrian
72,720.0,1088.0,841.0,1097.0,5390,1,0,1,Pedestrian
72,720.0,1088.0,841.0,1097.0,5391,1,0,1,Pedestrian
72,720.0,1088.0,841.0,1097.0,5392,1,0,1,Pedestrian
72,720.0,1088.0,841.0,1097.0,5393,1,0,1,Pedestrian
72,720.0,1088.0,841.0,1097.0,5394,1,0,1,Pedestrian
72,720.0,1088.0,841.0,1097.0,5395,1,0,1,Pedestrian
72,720.0,1088.0,841.0,1097.0,5396,1,0,1,Pedestrian
72,720.0,1088.0,841.0,1097.0,5397,1,0,1,Pedestrian
72,720.0,1088.0,841.0,1097.0,5398,1,0,1,Pedestrian
72,720.0,1088.0,841.0,1097.0,5399,1,0,1,Pedestrian
72,720.0,1088.0,841.0,1097.0,5400,1,0,1,Pedestrian
72,720.0,1088.0,841.0,1097.0,5401,1,0,1,Pedestrian
72,720.0,1088.0,841.0,1097.0,5402,1,0,1,Pedestrian
72,720.0,1088.0,841.0,1097.0,5403,1,0,1,Pedestrian
72,720.0,1088.0,841.0,1097.0,5404,1,0,1,Pedestrian
72,720.0,1088.0,841.0,1097.0,5405,1,0,1,Pedestrian
72,720.0,1088.0,841.0,1097.0,5406,1,0,1,Pedestrian
72,720.0,1088.0,841.0,1097.0,5407,1,0,1,Pedestrian
72,720.0,1088.0,841.0,1097.0,5408,1,0,1,Pedestrian
72,720.0,1088.0,841.0,1097.0,5409,1,0,1,Pedestrian
72,720.0,1088.0,841.0,1097.0,5410,1,0,1,Pedestrian
72,720.0,1088.0,841.0,1097.0,5411,1,0,1,Pedestrian
72,720.0,1088.0,841.0,1097.0,5412,1,0,1,Pedestrian
72,720.0,1088.0,841.0,1097.0,5413,1,0,1,Pedestrian
72,720.0,1088.0,841.0,1097.0,5414,1,0,1,Pedestrian
72,720.0,1088.0,841.0,1097.0,5415,1,0,1,Pedestrian
72,720.0,1088.0,841.0,1097.0,5416,1,0,1,Pedestrian
72,720.0,1088.0,841.0,1097.0,5417,1,0,1,Pedestrian
72,720.0,1088.0,841.0,1097.0,5418,1,0,1,Pedestrian
72,720.0,1088.0,841.0,1097.0,5419,1,0,1,Pedestrian
72,720.0,1088.0,841.0,1097.0,5420,1,0,1,Pedestrian
72,720.0,1088.0,841.0,1097.0,5421,1,0,1,Pedestrian
72,720.0,1088.0,841.0,1097.0,5422,1,0,1,Pedestrian
72,720.0,1088.0,841.0,1097.0,5423,1,0,1,Pedestrian
72,720.0,1088.0,841.0,1097.0,5424,1,0,1,Pedestrian
72,720.0,1088.0,841.0,1097.0,5425,1,0,1,Pedestrian
72,720.0,1088.0,841.0,1097.0,5426,1,0,1,Pedestrian
72,720.0,1088.0,841.0,1097.0,5427,1,0,1,Pedestrian
72,720.0,1088.0,841.0,1097.0,5428,1,0,1,Pedestrian
72,720.0,1088.0,841.0,1097.0,5429,1,0,1,Pedestrian
72,720.0,1088.0,841.0,1097.0,5430,1,0,1,Pedestrian
72,720.0,1088.0,841.0,1097.0,5431,1,0,1,Pedestrian
72,720.0,1088.0,841.0,1097.0,5432,1,0,1,Pedestrian
72,720.0,1088.0,841.0,1097.0,5433,1,0,1,Pedestrian
72,720.0,1088.0,841.0,1097.0,5434,1,0,1,Pedestrian
72,720.0,1088.0,841.0,1097.0,5435,1,0,1,Pedestrian
72,720.0,1088.0,841.0,1097.0,5436,1,0,1,Pedestrian
72,720.0,1088.0,841.0,1097.0,5437,1,0,1,Pedestrian
72,720.0,1088.0,841.0,1097.0,5438,1,0,1,Pedestrian
72,720.0,1088.0,841.0,1097.0,5439,1,0,1,Pedestrian
72,720.0,1088.0,841.0,1097.0,5440,1,0,1,Pedestrian
72,720.0,1088.0,841.0,1097.0,5441,1,0,1,Pedestrian
72,720.0,1088.0,841.0,1097.0,5442,1,0,1,Pedestrian
72,720.0,1088.0,841.0,1097.0,5443,1,0,1,Pedestrian
72,720.0,1088.0,841.0,1097.0,5444,1,0,1,Pedestrian
72,720.0,1088.0,841.0,1097.0,5445,1,0,1,Pedestrian
72,720.0,1088.0,841.0,1097.0,5446,1,0,1,Pedestrian
72,720.0,1088.0,841.0,1097.0,5447,1,0,1,Pedestrian
72,720.0,1088.0,841.0,1097.0,5448,1,0,1,Pedestrian
72,720.0,1088.0,841.0,1097.0,5449,1,0,1,Pedestrian
72,720.0,1088.0,841.0,1097.0,5450,1,0,1,Pedestrian
72,720.0,1088.0,841.0,1097.0,5451,1,0,1,Pedestrian
72,720.0,1088.0,841.0,1097.0,5452,1,0,1,Pedestrian
72,720.0,1088.0,841.0,1097.0,5453,1,0,1,Pedestrian
72,720.0,1088.0,841.0,1097.0,5454,1,0,1,Pedestrian
72,720.0,1088.0,841.0,1097.0,5455,1,0,1,Pedestrian
72,720.0,1088.0,841.0,1097.0,5456,1,0,1,Pedestrian
72,720.0,1088.0,841.0,1097.0,5457,1,0,1,Pedestrian
72,720.0,1088.0,841.0,1097.0,5458,1,0,1,Pedestrian
72,720.0,1088.0,841.0,1097.0,5459,1,0,1,Pedestrian
72,720.0,1088.0,841.0,1097.0,5460,1,0,1,Pedestrian
72,720.0,1088.0,841.0,1097.0,5461,1,0,1,Pedestrian
72,720.0,1088.0,841.0,1097.0,5462,1,0,1,Pedestrian
72,720.0,1088.0,841.0,1097.0,5463,1,0,1,Pedestrian
72,720.0,1088.0,841.0,1097.0,5464,1,0,1,Pedestrian
72,720.0,1088.0,841.0,1097.0,5465,1,0,1,Pedestrian
72,720.0,1088.0,841.0,1097.0,5466,1,0,1,Pedestrian
72,720.0,1088.0,841.0,1097.0,5467,1,0,1,Pedestrian
72,720.0,1088.0,841.0,1097.0,5468,1,0,1,Pedestrian
72,720.0,1088.0,841.0,1097.0,5469,1,0,1,Pedestrian
72,720.0,1088.0,841.0,1097.0,5470,1,0,1,Pedestrian
72,720.0,1088.0,841.0,1097.0,5471,1,0,1,Pedestrian
72,720.0,1088.0,841.0,1097.0,5472,1,0,1,Pedestrian
72,720.0,1088.0,841.0,1097.0,5473,1,0,1,Pedestrian
72,720.0,1088.0,841.0,1097.0,5474,1,0,1,Pedestrian
72,720.0,1088.0,841.0,1097.0,5475,1,0,1,Pedestrian
72,720.0,1088.0,841.0,1097.0,5476,1,0,1,Pedestrian
72,720.0,1088.0,841.0,1097.0,5477,1,0,1,Pedestrian
72,720.0,1088.0,841.0,1097.0,5478,1,0,1,Pedestrian
72,720.0,1088.0,841.0,1097.0,5479,1,0,1,Pedestrian
72,720.0,1088.0,841.0,1097.0,5480,1,0,1,Pedestrian
72,720.0,1088.0,841.0,1097.0,5481,1,0,1,Pedestrian
72,720.0,1088.0,841.0,1097.0,5482,1,0,1,Pedestrian
72,720.0,1088.0,841.0,1097.0,5483,1,0,1,Pedestrian
72,720.0,1088.0,841.0,1097.0,5484,1,0,1,Pedestrian
72,720.0,1088.0,841.0,1097.0,5485,1,0,1,Pedestrian
72,720.0,1088.0,841.0,1097.0,5486,1,0,1,Pedestrian
72,720.0,1088.0,841.0,1097.0,5487,1,0,1,Pedestrian
72,720.0,1088.0,841.0,1097.0,5488,1,0,1,Pedestrian
72,720.0,1088.0,841.0,1097.0,5489,1,0,1,Pedestrian
72,720.0,1088.0,841.0,1097.0,5490,1,0,1,Pedestrian
72,720.0,1088.0,841.0,1097.0,5491,1,0,1,Pedestrian
72,720.0,1088.0,841.0,1097.0,5492,1,0,1,Pedestrian
72,720.0,1088.0,841.0,1097.0,5493,1,0,1,Pedestrian
72,720.0,1088.0,841.0,1097.0,5494,1,0,1,Pedestrian
72,720.0,1088.0,841.0,1097.0,5495,1,0,1,Pedestrian
72,720.0,1088.0,841.0,1097.0,5496,1,0,1,Pedestrian
72,720.0,1088.0,841.0,1097.0,5497,1,0,1,Pedestrian
72,720.0,1088.0,841.0,1097.0,5498,1,0,1,Pedestrian
72,720.0,1088.0,841.0,1097.0,5499,1,0,1,Pedestrian
72,720.0,1088.0,841.0,1097.0,5500,1,0,1,Pedestrian
72,720.0,1088.0,841.0,1097.0,5501,1,0,1,Pedestrian
72,720.0,1088.0,841.0,1097.0,5502,1,0,1,Pedestrian
72,720.0,1088.0,841.0,1097.0,5503,1,0,1,Pedestrian
72,720.0,1088.0,841.0,1097.0,5504,1,0,1,Pedestrian
72,720.0,1088.0,841.0,1097.0,5505,1,0,1,Pedestrian
72,720.0,1088.0,841.0,1097.0,5506,1,0,1,Pedestrian
72,720.0,1088.0,841.0,1097.0,5507,1,0,1,Pedestrian
72,720.0,1088.0,841.0,1097.0,5508,1,0,1,Pedestrian
72,720.0,1088.0,841.0,1097.0,5509,1,0,1,Pedestrian
72,720.0,1088.0,841.0,1097.0,5510,1,0,1,Pedestrian
72,720.0,1088.0,841.0,1097.0,5511,1,0,1,Pedestrian
72,720.0,1088.0,841.0,1097.0,5512,1,0,1,Pedestrian
72,720.0,1088.0,841.0,1097.0,5513,1,0,1,Pedestrian
72,720.0,1088.0,841.0,1097.0,5514,1,0,1,Pedestrian
72,720.0,1088.0,841.0,1097.0,5515,1,0,1,Pedestrian
72,720.0,1088.0,841.0,1097.0,5516,1,0,1,Pedestrian
72,720.0,1088.0,841.0,1097.0,5517,1,0,1,Pedestrian
72,720.0,1088.0,841.0,1097.0,5518,1,0,1,Pedestrian
72,720.0,1088.0,841.0,1097.0,5519,1,0,1,Pedestrian
72,720.0,1088.0,841.0,1097.0,5520,1,0,1,Pedestrian
72,720.0,1088.0,841.0,1097.0,5521,1,0,1,Pedestrian
72,720.0,1088.0,841.0,1097.0,5522,1,0,1,Pedestrian
72,720.0,1088.0,841.0,1097.0,5523,1,0,1,Pedestrian
72,720.0,1088.0,841.0,1097.0,5524,1,0,1,Pedestrian
72,720.0,1088.0,841.0,1097.0,5525,1,0,1,Pedestrian
72,720.0,1088.0,841.0,1097.0,5526,1,0,1,Pedestrian
72,720.0,1088.0,841.0,1097.0,5527,1,0,1,Pedestrian
72,720.0,1088.0,841.0,1097.0,5528,1,0,1,Pedestrian
72,720.0,1088.0,841.0,1097.0,5529,1,0,1,Pedestrian
72,720.0,1088.0,841.0,1097.0,5530,1,0,1,Pedestrian
72,720.0,1088.0,841.0,1097.0,5531,1,0,0,Pedestrian
73,0.0,744.0,88.0,828.0,5000,0,0,0,Pedestrian
73,0.0,744.0,85.0,828.0,5001,0,0,1,Pedestrian
73,0.0,744.0,82.0,828.0,5002,0,0,1,Pedestrian
73,0.0,744.0,82.0,828.0,5003,0,0,1,Pedestrian
73,0.0,744.0,79.0,828.0,5004,0,0,1,Pedestrian
73,0.0,744.0,79.0,828.0,5005,0,0,1,Pedestrian
73,0.0,744.0,77.0,828.0,5006,0,0,1,Pedestrian
73,0.0,744.0,74.0,828.0,5007,0,0,1,Pedestrian
73,0.0,744.0,74.0,828.0,5008,0,0,1,Pedestrian
73,0.0,744.0,71.0,828.0,5009,0,0,1,Pedestrian
73,0.0,744.0,71.0,828.0,5010,0,0,0,Pedestrian
73,0.0,744.0,68.0,828.0,5011,0,0,1,Pedestrian
73,0.0,744.0,66.0,828.0,5012,0,0,1,Pedestrian
73,0.0,744.0,63.0,828.0,5013,0,0,1,Pedestrian
73,0.0,744.0,60.0,828.0,5014,0,0,1,Pedestrian
73,0.0,744.0,57.0,828.0,5015,0,0,1,Pedestrian
73,0.0,744.0,55.0,828.0,5016,0,0,1,Pedestrian
73,0.0,744.0,52.0,828.0,5017,0,0,1,Pedestrian
73,0.0,744.0,49.0,828.0,5018,0,0,1,Pedestrian
73,0.0,744.0,46.0,828.0,5019,0,0,1,Pedestrian
73,0.0,744.0,46.0,828.0,5020,0,0,0,Pedestrian
73,0.0,744.0,44.0,828.0,5021,0,0,1,Pedestrian
73,0.0,744.0,41.0,828.0,5022,0,0,1,Pedestrian
73,0.0,746.0,38.0,828.0,5023,0,0,1,Pedestrian
73,0.0,746.0,35.0,828.0,5024,0,0,1,Pedestrian
73,0.0,749.0,33.0,831.0,5025,0,0,1,Pedestrian
73,0.0,749.0,30.0,831.0,5026,0,0,1,Pedestrian
73,0.0,749.0,27.0,831.0,5027,0,0,1,Pedestrian
73,0.0,751.0,24.0,831.0,5028,0,0,1,Pedestrian
73,0.0,751.0,22.0,831.0,5029,0,0,1,Pedestrian
73,0.0,753.0,22.0,833.0,5030,1,0,0,Pedestrian
73,0.0,753.0,22.0,833.0,5031,1,0,1,Pedestrian
73,0.0,753.0,22.0,833.0,5032,1,0,1,Pedestrian
73,0.0,753.0,22.0,833.0,5033,1,0,1,Pedestrian
73,0.0,753.0,22.0,833.0,5034,1,0,1,Pedestrian
73,0.0,753.0,22.0,833.0,5035,1,0,1,Pedestrian
73,0.0,753.0,22.0,833.0,5036,1,0,1,Pedestrian
73,0.0,753.0,22.0,833.0,5037,1,0,1,Pedestrian
73,0.0,753.0,22.0,833.0,5038,1,0,1,Pedestrian
73,0.0,753.0,22.0,833.0,5039,1,0,1,Pedestrian
73,0.0,753.0,22.0,833.0,5040,1,0,0,Pedestrian
73,0.0,753.0,22.0,833.0,5041,1,0,1,Pedestrian
73,0.0,753.0,22.0,833.0,5042,1,0,1,Pedestrian
73,0.0,753.0,22.0,833.0,5043,1,0,1,Pedestrian
73,0.0,753.0,22.0,833.0,5044,1,0,1,Pedestrian
73,0.0,753.0,22.0,833.0,5045,1,0,1,Pedestrian
73,0.0,753.0,22.0,833.0,5046,1,0,1,Pedestrian
73,0.0,753.0,22.0,833.0,5047,1,0,1,Pedestrian
73,0.0,753.0,22.0,833.0,5048,1,0,1,Pedestrian
73,0.0,753.0,22.0,833.0,5049,1,0,1,Pedestrian
73,0.0,753.0,22.0,833.0,5050,1,0,1,Pedestrian
73,0.0,753.0,22.0,833.0,5051,1,0,1,Pedestrian
73,0.0,753.0,22.0,833.0,5052,1,0,1,Pedestrian
73,0.0,753.0,22.0,833.0,5053,1,0,1,Pedestrian
73,0.0,753.0,22.0,833.0,5054,1,0,1,Pedestrian
73,0.0,753.0,22.0,833.0,5055,1,0,1,Pedestrian
73,0.0,753.0,22.0,833.0,5056,1,0,1,Pedestrian
73,0.0,753.0,22.0,833.0,5057,1,0,1,Pedestrian
73,0.0,753.0,22.0,833.0,5058,1,0,1,Pedestrian
73,0.0,753.0,22.0,833.0,5059,1,0,1,Pedestrian
73,0.0,753.0,22.0,833.0,5060,1,0,1,Pedestrian
73,0.0,753.0,22.0,833.0,5061,1,0,1,Pedestrian
73,0.0,753.0,22.0,833.0,5062,1,0,1,Pedestrian
73,0.0,753.0,22.0,833.0,5063,1,0,1,Pedestrian
73,0.0,753.0,22.0,833.0,5064,1,0,1,Pedestrian
73,0.0,753.0,22.0,833.0,5065,1,0,1,Pedestrian
73,0.0,753.0,22.0,833.0,5066,1,0,1,Pedestrian
73,0.0,753.0,22.0,833.0,5067,1,0,1,Pedestrian
73,0.0,753.0,22.0,833.0,5068,1,0,1,Pedestrian
73,0.0,753.0,22.0,833.0,5069,1,0,1,Pedestrian
73,0.0,753.0,22.0,833.0,5070,1,0,1,Pedestrian
73,0.0,753.0,22.0,833.0,5071,1,0,1,Pedestrian
73,0.0,753.0,22.0,833.0,5072,1,0,1,Pedestrian
73,0.0,753.0,22.0,833.0,5073,1,0,1,Pedestrian
73,0.0,753.0,22.0,833.0,5074,1,0,1,Pedestrian
73,0.0,753.0,22.0,833.0,5075,1,0,1,Pedestrian
73,0.0,753.0,22.0,833.0,5076,1,0,1,Pedestrian
73,0.0,753.0,22.0,833.0,5077,1,0,1,Pedestrian
73,0.0,753.0,22.0,833.0,5078,1,0,1,Pedestrian
73,0.0,753.0,22.0,833.0,5079,1,0,1,Pedestrian
73,0.0,753.0,22.0,833.0,5080,1,0,1,Pedestrian
73,0.0,753.0,22.0,833.0,5081,1,0,1,Pedestrian
73,0.0,753.0,22.0,833.0,5082,1,0,1,Pedestrian
73,0.0,753.0,22.0,833.0,5083,1,0,1,Pedestrian
73,0.0,753.0,22.0,833.0,5084,1,0,1,Pedestrian
73,0.0,753.0,22.0,833.0,5085,1,0,1,Pedestrian
73,0.0,753.0,22.0,833.0,5086,1,0,1,Pedestrian
73,0.0,753.0,22.0,833.0,5087,1,0,1,Pedestrian
73,0.0,753.0,22.0,833.0,5088,1,0,1,Pedestrian
73,0.0,753.0,22.0,833.0,5089,1,0,1,Pedestrian
73,0.0,753.0,22.0,833.0,5090,1,0,1,Pedestrian
73,0.0,753.0,22.0,833.0,5091,1,0,1,Pedestrian
73,0.0,753.0,22.0,833.0,5092,1,0,1,Pedestrian
73,0.0,753.0,22.0,833.0,5093,1,0,1,Pedestrian
73,0.0,753.0,22.0,833.0,5094,1,0,1,Pedestrian
73,0.0,753.0,22.0,833.0,5095,1,0,1,Pedestrian
73,0.0,753.0,22.0,833.0,5096,1,0,1,Pedestrian
73,0.0,753.0,22.0,833.0,5097,1,0,1,Pedestrian
73,0.0,753.0,22.0,833.0,5098,1,0,1,Pedestrian
73,0.0,753.0,22.0,833.0,5099,1,0,1,Pedestrian
73,0.0,753.0,22.0,833.0,5100,1,0,1,Pedestrian
73,0.0,753.0,22.0,833.0,5101,1,0,1,Pedestrian
73,0.0,753.0,22.0,833.0,5102,1,0,1,Pedestrian
73,0.0,753.0,22.0,833.0,5103,1,0,1,Pedestrian
73,0.0,753.0,22.0,833.0,5104,1,0,1,Pedestrian
73,0.0,753.0,22.0,833.0,5105,1,0,1,Pedestrian
73,0.0,753.0,22.0,833.0,5106,1,0,1,Pedestrian
73,0.0,753.0,22.0,833.0,5107,1,0,1,Pedestrian
73,0.0,753.0,22.0,833.0,5108,1,0,1,Pedestrian
73,0.0,753.0,22.0,833.0,5109,1,0,1,Pedestrian
73,0.0,753.0,22.0,833.0,5110,1,0,1,Pedestrian
73,0.0,753.0,22.0,833.0,5111,1,0,1,Pedestrian
73,0.0,753.0,22.0,833.0,5112,1,0,1,Pedestrian
73,0.0,753.0,22.0,833.0,5113,1,0,1,Pedestrian
73,0.0,753.0,22.0,833.0,5114,1,0,1,Pedestrian
73,0.0,753.0,22.0,833.0,5115,1,0,1,Pedestrian
73,0.0,753.0,22.0,833.0,5116,1,0,1,Pedestrian
73,0.0,753.0,22.0,833.0,5117,1,0,1,Pedestrian
73,0.0,753.0,22.0,833.0,5118,1,0,1,Pedestrian
73,0.0,753.0,22.0,833.0,5119,1,0,1,Pedestrian
73,0.0,753.0,22.0,833.0,5120,1,0,1,Pedestrian
73,0.0,753.0,22.0,833.0,5121,1,0,1,Pedestrian
73,0.0,753.0,22.0,833.0,5122,1,0,1,Pedestrian
73,0.0,753.0,22.0,833.0,5123,1,0,1,Pedestrian
73,0.0,753.0,22.0,833.0,5124,1,0,1,Pedestrian
73,0.0,753.0,22.0,833.0,5125,1,0,1,Pedestrian
73,0.0,753.0,22.0,833.0,5126,1,0,1,Pedestrian
73,0.0,753.0,22.0,833.0,5127,1,0,1,Pedestrian
73,0.0,753.0,22.0,833.0,5128,1,0,1,Pedestrian
73,0.0,753.0,22.0,833.0,5129,1,0,1,Pedestrian
73,0.0,753.0,22.0,833.0,5130,1,0,1,Pedestrian
73,0.0,753.0,22.0,833.0,5131,1,0,1,Pedestrian
73,0.0,753.0,22.0,833.0,5132,1,0,1,Pedestrian
73,0.0,753.0,22.0,833.0,5133,1,0,1,Pedestrian
73,0.0,753.0,22.0,833.0,5134,1,0,1,Pedestrian
73,0.0,753.0,22.0,833.0,5135,1,0,1,Pedestrian
73,0.0,753.0,22.0,833.0,5136,1,0,1,Pedestrian
73,0.0,753.0,22.0,833.0,5137,1,0,1,Pedestrian
73,0.0,753.0,22.0,833.0,5138,1,0,1,Pedestrian
73,0.0,753.0,22.0,833.0,5139,1,0,1,Pedestrian
73,0.0,753.0,22.0,833.0,5140,1,0,1,Pedestrian
73,0.0,753.0,22.0,833.0,5141,1,0,1,Pedestrian
73,0.0,753.0,22.0,833.0,5142,1,0,1,Pedestrian
73,0.0,753.0,22.0,833.0,5143,1,0,1,Pedestrian
73,0.0,753.0,22.0,833.0,5144,1,0,1,Pedestrian
73,0.0,753.0,22.0,833.0,5145,1,0,1,Pedestrian
73,0.0,753.0,22.0,833.0,5146,1,0,1,Pedestrian
73,0.0,753.0,22.0,833.0,5147,1,0,1,Pedestrian
73,0.0,753.0,22.0,833.0,5148,1,0,1,Pedestrian
73,0.0,753.0,22.0,833.0,5149,1,0,1,Pedestrian
73,0.0,753.0,22.0,833.0,5150,1,0,1,Pedestrian
73,0.0,753.0,22.0,833.0,5151,1,0,1,Pedestrian
73,0.0,753.0,22.0,833.0,5152,1,0,1,Pedestrian
73,0.0,753.0,22.0,833.0,5153,1,0,1,Pedestrian
73,0.0,753.0,22.0,833.0,5154,1,0,1,Pedestrian
73,0.0,753.0,22.0,833.0,5155,1,0,1,Pedestrian
73,0.0,753.0,22.0,833.0,5156,1,0,1,Pedestrian
73,0.0,753.0,22.0,833.0,5157,1,0,1,Pedestrian
73,0.0,753.0,22.0,833.0,5158,1,0,1,Pedestrian
73,0.0,753.0,22.0,833.0,5159,1,0,1,Pedestrian
73,0.0,753.0,22.0,833.0,5160,1,0,1,Pedestrian
73,0.0,753.0,22.0,833.0,5161,1,0,1,Pedestrian
73,0.0,753.0,22.0,833.0,5162,1,0,1,Pedestrian
73,0.0,753.0,22.0,833.0,5163,1,0,1,Pedestrian
73,0.0,753.0,22.0,833.0,5164,1,0,1,Pedestrian
73,0.0,753.0,22.0,833.0,5165,1,0,1,Pedestrian
73,0.0,753.0,22.0,833.0,5166,1,0,1,Pedestrian
73,0.0,753.0,22.0,833.0,5167,1,0,1,Pedestrian
73,0.0,753.0,22.0,833.0,5168,1,0,1,Pedestrian
73,0.0,753.0,22.0,833.0,5169,1,0,1,Pedestrian
73,0.0,753.0,22.0,833.0,5170,1,0,1,Pedestrian
73,0.0,753.0,22.0,833.0,5171,1,0,1,Pedestrian
73,0.0,753.0,22.0,833.0,5172,1,0,1,Pedestrian
73,0.0,753.0,22.0,833.0,5173,1,0,1,Pedestrian
73,0.0,753.0,22.0,833.0,5174,1,0,1,Pedestrian
73,0.0,753.0,22.0,833.0,5175,1,0,1,Pedestrian
73,0.0,753.0,22.0,833.0,5176,1,0,1,Pedestrian
73,0.0,753.0,22.0,833.0,5177,1,0,1,Pedestrian
73,0.0,753.0,22.0,833.0,5178,1,0,1,Pedestrian
73,0.0,753.0,22.0,833.0,5179,1,0,1,Pedestrian
73,0.0,753.0,22.0,833.0,5180,1,0,1,Pedestrian
73,0.0,753.0,22.0,833.0,5181,1,0,1,Pedestrian
73,0.0,753.0,22.0,833.0,5182,1,0,1,Pedestrian
73,0.0,753.0,22.0,833.0,5183,1,0,1,Pedestrian
73,0.0,753.0,22.0,833.0,5184,1,0,1,Pedestrian
73,0.0,753.0,22.0,833.0,5185,1,0,1,Pedestrian
73,0.0,753.0,22.0,833.0,5186,1,0,1,Pedestrian
73,0.0,753.0,22.0,833.0,5187,1,0,1,Pedestrian
73,0.0,753.0,22.0,833.0,5188,1,0,1,Pedestrian
73,0.0,753.0,22.0,833.0,5189,1,0,1,Pedestrian
73,0.0,753.0,22.0,833.0,5190,1,0,1,Pedestrian
73,0.0,753.0,22.0,833.0,5191,1,0,1,Pedestrian
73,0.0,753.0,22.0,833.0,5192,1,0,1,Pedestrian
73,0.0,753.0,22.0,833.0,5193,1,0,1,Pedestrian
73,0.0,753.0,22.0,833.0,5194,1,0,1,Pedestrian
73,0.0,753.0,22.0,833.0,5195,1,0,1,Pedestrian
73,0.0,753.0,22.0,833.0,5196,1,0,1,Pedestrian
73,0.0,753.0,22.0,833.0,5197,1,0,1,Pedestrian
73,0.0,753.0,22.0,833.0,5198,1,0,1,Pedestrian
73,0.0,753.0,22.0,833.0,5199,1,0,1,Pedestrian
73,0.0,753.0,22.0,833.0,5200,1,0,1,Pedestrian
73,0.0,753.0,22.0,833.0,5201,1,0,1,Pedestrian
73,0.0,753.0,22.0,833.0,5202,1,0,1,Pedestrian
73,0.0,753.0,22.0,833.0,5203,1,0,1,Pedestrian
73,0.0,753.0,22.0,833.0,5204,1,0,1,Pedestrian
73,0.0,753.0,22.0,833.0,5205,1,0,1,Pedestrian
73,0.0,753.0,22.0,833.0,5206,1,0,1,Pedestrian
73,0.0,753.0,22.0,833.0,5207,1,0,1,Pedestrian
73,0.0,753.0,22.0,833.0,5208,1,0,1,Pedestrian
73,0.0,753.0,22.0,833.0,5209,1,0,1,Pedestrian
73,0.0,753.0,22.0,833.0,5210,1,0,1,Pedestrian
73,0.0,753.0,22.0,833.0,5211,1,0,1,Pedestrian
73,0.0,753.0,22.0,833.0,5212,1,0,1,Pedestrian
73,0.0,753.0,22.0,833.0,5213,1,0,1,Pedestrian
73,0.0,753.0,22.0,833.0,5214,1,0,1,Pedestrian
73,0.0,753.0,22.0,833.0,5215,1,0,1,Pedestrian
73,0.0,753.0,22.0,833.0,5216,1,0,1,Pedestrian
73,0.0,753.0,22.0,833.0,5217,1,0,1,Pedestrian
73,0.0,753.0,22.0,833.0,5218,1,0,1,Pedestrian
73,0.0,753.0,22.0,833.0,5219,1,0,1,Pedestrian
73,0.0,753.0,22.0,833.0,5220,1,0,1,Pedestrian
73,0.0,753.0,22.0,833.0,5221,1,0,1,Pedestrian
73,0.0,753.0,22.0,833.0,5222,1,0,1,Pedestrian
73,0.0,753.0,22.0,833.0,5223,1,0,1,Pedestrian
73,0.0,753.0,22.0,833.0,5224,1,0,1,Pedestrian
73,0.0,753.0,22.0,833.0,5225,1,0,1,Pedestrian
73,0.0,753.0,22.0,833.0,5226,1,0,1,Pedestrian
73,0.0,753.0,22.0,833.0,5227,1,0,1,Pedestrian
73,0.0,753.0,22.0,833.0,5228,1,0,1,Pedestrian
73,0.0,753.0,22.0,833.0,5229,1,0,1,Pedestrian
73,0.0,753.0,22.0,833.0,5230,1,0,1,Pedestrian
73,0.0,753.0,22.0,833.0,5231,1,0,1,Pedestrian
73,0.0,753.0,22.0,833.0,5232,1,0,1,Pedestrian
73,0.0,753.0,22.0,833.0,5233,1,0,1,Pedestrian
73,0.0,753.0,22.0,833.0,5234,1,0,1,Pedestrian
73,0.0,753.0,22.0,833.0,5235,1,0,1,Pedestrian
73,0.0,753.0,22.0,833.0,5236,1,0,1,Pedestrian
73,0.0,753.0,22.0,833.0,5237,1,0,1,Pedestrian
73,0.0,753.0,22.0,833.0,5238,1,0,1,Pedestrian
73,0.0,753.0,22.0,833.0,5239,1,0,1,Pedestrian
73,0.0,753.0,22.0,833.0,5240,1,0,1,Pedestrian
73,0.0,753.0,22.0,833.0,5241,1,0,1,Pedestrian
73,0.0,753.0,22.0,833.0,5242,1,0,1,Pedestrian
73,0.0,753.0,22.0,833.0,5243,1,0,1,Pedestrian
73,0.0,753.0,22.0,833.0,5244,1,0,1,Pedestrian
73,0.0,753.0,22.0,833.0,5245,1,0,1,Pedestrian
73,0.0,753.0,22.0,833.0,5246,1,0,1,Pedestrian
73,0.0,753.0,22.0,833.0,5247,1,0,1,Pedestrian
73,0.0,753.0,22.0,833.0,5248,1,0,1,Pedestrian
73,0.0,753.0,22.0,833.0,5249,1,0,1,Pedestrian
73,0.0,753.0,22.0,833.0,5250,1,0,1,Pedestrian
73,0.0,753.0,22.0,833.0,5251,1,0,1,Pedestrian
73,0.0,753.0,22.0,833.0,5252,1,0,1,Pedestrian
73,0.0,753.0,22.0,833.0,5253,1,0,1,Pedestrian
73,0.0,753.0,22.0,833.0,5254,1,0,1,Pedestrian
73,0.0,753.0,22.0,833.0,5255,1,0,1,Pedestrian
73,0.0,753.0,22.0,833.0,5256,1,0,1,Pedestrian
73,0.0,753.0,22.0,833.0,5257,1,0,1,Pedestrian
73,0.0,753.0,22.0,833.0,5258,1,0,1,Pedestrian
73,0.0,753.0,22.0,833.0,5259,1,0,1,Pedestrian
73,0.0,753.0,22.0,833.0,5260,1,0,1,Pedestrian
73,0.0,753.0,22.0,833.0,5261,1,0,1,Pedestrian
73,0.0,753.0,22.0,833.0,5262,1,0,1,Pedestrian
73,0.0,753.0,22.0,833.0,5263,1,0,1,Pedestrian
73,0.0,753.0,22.0,833.0,5264,1,0,1,Pedestrian
73,0.0,753.0,22.0,833.0,5265,1,0,1,Pedestrian
73,0.0,753.0,22.0,833.0,5266,1,0,1,Pedestrian
73,0.0,753.0,22.0,833.0,5267,1,0,1,Pedestrian
73,0.0,753.0,22.0,833.0,5268,1,0,1,Pedestrian
73,0.0,753.0,22.0,833.0,5269,1,0,1,Pedestrian
73,0.0,753.0,22.0,833.0,5270,1,0,1,Pedestrian
73,0.0,753.0,22.0,833.0,5271,1,0,1,Pedestrian
73,0.0,753.0,22.0,833.0,5272,1,0,1,Pedestrian
73,0.0,753.0,22.0,833.0,5273,1,0,1,Pedestrian
73,0.0,753.0,22.0,833.0,5274,1,0,1,Pedestrian
73,0.0,753.0,22.0,833.0,5275,1,0,1,Pedestrian
73,0.0,753.0,22.0,833.0,5276,1,0,1,Pedestrian
73,0.0,753.0,22.0,833.0,5277,1,0,1,Pedestrian
73,0.0,753.0,22.0,833.0,5278,1,0,1,Pedestrian
73,0.0,753.0,22.0,833.0,5279,1,0,1,Pedestrian
73,0.0,753.0,22.0,833.0,5280,1,0,1,Pedestrian
73,0.0,753.0,22.0,833.0,5281,1,0,1,Pedestrian
73,0.0,753.0,22.0,833.0,5282,1,0,1,Pedestrian
73,0.0,753.0,22.0,833.0,5283,1,0,1,Pedestrian
73,0.0,753.0,22.0,833.0,5284,1,0,1,Pedestrian
73,0.0,753.0,22.0,833.0,5285,1,0,1,Pedestrian
73,0.0,753.0,22.0,833.0,5286,1,0,1,Pedestrian
73,0.0,753.0,22.0,833.0,5287,1,0,1,Pedestrian
73,0.0,753.0,22.0,833.0,5288,1,0,1,Pedestrian
73,0.0,753.0,22.0,833.0,5289,1,0,1,Pedestrian
73,0.0,753.0,22.0,833.0,5290,1,0,1,Pedestrian
73,0.0,753.0,22.0,833.0,5291,1,0,1,Pedestrian
73,0.0,753.0,22.0,833.0,5292,1,0,1,Pedestrian
73,0.0,753.0,22.0,833.0,5293,1,0,1,Pedestrian
73,0.0,753.0,22.0,833.0,5294,1,0,1,Pedestrian
73,0.0,753.0,22.0,833.0,5295,1,0,1,Pedestrian
73,0.0,753.0,22.0,833.0,5296,1,0,1,Pedestrian
73,0.0,753.0,22.0,833.0,5297,1,0,1,Pedestrian
73,0.0,753.0,22.0,833.0,5298,1,0,1,Pedestrian
73,0.0,753.0,22.0,833.0,5299,1,0,1,Pedestrian
73,0.0,753.0,22.0,833.0,5300,1,0,1,Pedestrian
73,0.0,753.0,22.0,833.0,5301,1,0,1,Pedestrian
73,0.0,753.0,22.0,833.0,5302,1,0,1,Pedestrian
73,0.0,753.0,22.0,833.0,5303,1,0,1,Pedestrian
73,0.0,753.0,22.0,833.0,5304,1,0,1,Pedestrian
73,0.0,753.0,22.0,833.0,5305,1,0,1,Pedestrian
73,0.0,753.0,22.0,833.0,5306,1,0,1,Pedestrian
73,0.0,753.0,22.0,833.0,5307,1,0,1,Pedestrian
73,0.0,753.0,22.0,833.0,5308,1,0,1,Pedestrian
73,0.0,753.0,22.0,833.0,5309,1,0,1,Pedestrian
73,0.0,753.0,22.0,833.0,5310,1,0,1,Pedestrian
73,0.0,753.0,22.0,833.0,5311,1,0,1,Pedestrian
73,0.0,753.0,22.0,833.0,5312,1,0,1,Pedestrian
73,0.0,753.0,22.0,833.0,5313,1,0,1,Pedestrian
73,0.0,753.0,22.0,833.0,5314,1,0,1,Pedestrian
73,0.0,753.0,22.0,833.0,5315,1,0,1,Pedestrian
73,0.0,753.0,22.0,833.0,5316,1,0,1,Pedestrian
73,0.0,753.0,22.0,833.0,5317,1,0,1,Pedestrian
73,0.0,753.0,22.0,833.0,5318,1,0,1,Pedestrian
73,0.0,753.0,22.0,833.0,5319,1,0,1,Pedestrian
73,0.0,753.0,22.0,833.0,5320,1,0,1,Pedestrian
73,0.0,753.0,22.0,833.0,5321,1,0,1,Pedestrian
73,0.0,753.0,22.0,833.0,5322,1,0,1,Pedestrian
73,0.0,753.0,22.0,833.0,5323,1,0,1,Pedestrian
73,0.0,753.0,22.0,833.0,5324,1,0,1,Pedestrian
73,0.0,753.0,22.0,833.0,5325,1,0,1,Pedestrian
73,0.0,753.0,22.0,833.0,5326,1,0,1,Pedestrian
73,0.0,753.0,22.0,833.0,5327,1,0,1,Pedestrian
73,0.0,753.0,22.0,833.0,5328,1,0,1,Pedestrian
73,0.0,753.0,22.0,833.0,5329,1,0,1,Pedestrian
73,0.0,753.0,22.0,833.0,5330,1,0,1,Pedestrian
73,0.0,753.0,22.0,833.0,5331,1,0,1,Pedestrian
73,0.0,753.0,22.0,833.0,5332,1,0,1,Pedestrian
73,0.0,753.0,22.0,833.0,5333,1,0,1,Pedestrian
73,0.0,753.0,22.0,833.0,5334,1,0,1,Pedestrian
73,0.0,753.0,22.0,833.0,5335,1,0,1,Pedestrian
73,0.0,753.0,22.0,833.0,5336,1,0,1,Pedestrian
73,0.0,753.0,22.0,833.0,5337,1,0,1,Pedestrian
73,0.0,753.0,22.0,833.0,5338,1,0,1,Pedestrian
73,0.0,753.0,22.0,833.0,5339,1,0,1,Pedestrian
73,0.0,753.0,22.0,833.0,5340,1,0,1,Pedestrian
73,0.0,753.0,22.0,833.0,5341,1,0,1,Pedestrian
73,0.0,753.0,22.0,833.0,5342,1,0,1,Pedestrian
73,0.0,753.0,22.0,833.0,5343,1,0,1,Pedestrian
73,0.0,753.0,22.0,833.0,5344,1,0,1,Pedestrian
73,0.0,753.0,22.0,833.0,5345,1,0,1,Pedestrian
73,0.0,753.0,22.0,833.0,5346,1,0,1,Pedestrian
73,0.0,753.0,22.0,833.0,5347,1,0,1,Pedestrian
73,0.0,753.0,22.0,833.0,5348,1,0,1,Pedestrian
73,0.0,753.0,22.0,833.0,5349,1,0,1,Pedestrian
73,0.0,753.0,22.0,833.0,5350,1,0,1,Pedestrian
73,0.0,753.0,22.0,833.0,5351,1,0,1,Pedestrian
73,0.0,753.0,22.0,833.0,5352,1,0,1,Pedestrian
73,0.0,753.0,22.0,833.0,5353,1,0,1,Pedestrian
73,0.0,753.0,22.0,833.0,5354,1,0,1,Pedestrian
73,0.0,753.0,22.0,833.0,5355,1,0,1,Pedestrian
73,0.0,753.0,22.0,833.0,5356,1,0,1,Pedestrian
73,0.0,753.0,22.0,833.0,5357,1,0,1,Pedestrian
73,0.0,753.0,22.0,833.0,5358,1,0,1,Pedestrian
73,0.0,753.0,22.0,833.0,5359,1,0,1,Pedestrian
73,0.0,753.0,22.0,833.0,5360,1,0,1,Pedestrian
73,0.0,753.0,22.0,833.0,5361,1,0,1,Pedestrian
73,0.0,753.0,22.0,833.0,5362,1,0,1,Pedestrian
73,0.0,753.0,22.0,833.0,5363,1,0,1,Pedestrian
73,0.0,753.0,22.0,833.0,5364,1,0,1,Pedestrian
73,0.0,753.0,22.0,833.0,5365,1,0,1,Pedestrian
73,0.0,753.0,22.0,833.0,5366,1,0,1,Pedestrian
73,0.0,753.0,22.0,833.0,5367,1,0,1,Pedestrian
73,0.0,753.0,22.0,833.0,5368,1,0,1,Pedestrian
73,0.0,753.0,22.0,833.0,5369,1,0,1,Pedestrian
73,0.0,753.0,22.0,833.0,5370,1,0,1,Pedestrian
73,0.0,753.0,22.0,833.0,5371,1,0,1,Pedestrian
73,0.0,753.0,22.0,833.0,5372,1,0,1,Pedestrian
73,0.0,753.0,22.0,833.0,5373,1,0,1,Pedestrian
73,0.0,753.0,22.0,833.0,5374,1,0,1,Pedestrian
73,0.0,753.0,22.0,833.0,5375,1,0,1,Pedestrian
73,0.0,753.0,22.0,833.0,5376,1,0,1,Pedestrian
73,0.0,753.0,22.0,833.0,5377,1,0,1,Pedestrian
73,0.0,753.0,22.0,833.0,5378,1,0,1,Pedestrian
73,0.0,753.0,22.0,833.0,5379,1,0,1,Pedestrian
73,0.0,753.0,22.0,833.0,5380,1,0,1,Pedestrian
73,0.0,753.0,22.0,833.0,5381,1,0,1,Pedestrian
73,0.0,753.0,22.0,833.0,5382,1,0,1,Pedestrian
73,0.0,753.0,22.0,833.0,5383,1,0,1,Pedestrian
73,0.0,753.0,22.0,833.0,5384,1,0,1,Pedestrian
73,0.0,753.0,22.0,833.0,5385,1,0,1,Pedestrian
73,0.0,753.0,22.0,833.0,5386,1,0,1,Pedestrian
73,0.0,753.0,22.0,833.0,5387,1,0,1,Pedestrian
73,0.0,753.0,22.0,833.0,5388,1,0,1,Pedestrian
73,0.0,753.0,22.0,833.0,5389,1,0,1,Pedestrian
73,0.0,753.0,22.0,833.0,5390,1,0,1,Pedestrian
73,0.0,753.0,22.0,833.0,5391,1,0,1,Pedestrian
73,0.0,753.0,22.0,833.0,5392,1,0,1,Pedestrian
73,0.0,753.0,22.0,833.0,5393,1,0,1,Pedestrian
73,0.0,753.0,22.0,833.0,5394,1,0,1,Pedestrian
73,0.0,753.0,22.0,833.0,5395,1,0,1,Pedestrian
73,0.0,753.0,22.0,833.0,5396,1,0,1,Pedestrian
73,0.0,753.0,22.0,833.0,5397,1,0,1,Pedestrian
73,0.0,753.0,22.0,833.0,5398,1,0,1,Pedestrian
73,0.0,753.0,22.0,833.0,5399,1,0,1,Pedestrian
73,0.0,753.0,22.0,833.0,5400,1,0,1,Pedestrian
73,0.0,753.0,22.0,833.0,5401,1,0,1,Pedestrian
73,0.0,753.0,22.0,833.0,5402,1,0,1,Pedestrian
73,0.0,753.0,22.0,833.0,5403,1,0,1,Pedestrian
73,0.0,753.0,22.0,833.0,5404,1,0,1,Pedestrian
73,0.0,753.0,22.0,833.0,5405,1,0,1,Pedestrian
73,0.0,753.0,22.0,833.0,5406,1,0,1,Pedestrian
73,0.0,753.0,22.0,833.0,5407,1,0,1,Pedestrian
73,0.0,753.0,22.0,833.0,5408,1,0,1,Pedestrian
73,0.0,753.0,22.0,833.0,5409,1,0,1,Pedestrian
73,0.0,753.0,22.0,833.0,5410,1,0,1,Pedestrian
73,0.0,753.0,22.0,833.0,5411,1,0,1,Pedestrian
73,0.0,753.0,22.0,833.0,5412,1,0,1,Pedestrian
73,0.0,753.0,22.0,833.0,5413,1,0,1,Pedestrian
73,0.0,753.0,22.0,833.0,5414,1,0,1,Pedestrian
73,0.0,753.0,22.0,833.0,5415,1,0,1,Pedestrian
73,0.0,753.0,22.0,833.0,5416,1,0,1,Pedestrian
73,0.0,753.0,22.0,833.0,5417,1,0,1,Pedestrian
73,0.0,753.0,22.0,833.0,5418,1,0,1,Pedestrian
73,0.0,753.0,22.0,833.0,5419,1,0,1,Pedestrian
73,0.0,753.0,22.0,833.0,5420,1,0,1,Pedestrian
73,0.0,753.0,22.0,833.0,5421,1,0,1,Pedestrian
73,0.0,753.0,22.0,833.0,5422,1,0,1,Pedestrian
73,0.0,753.0,22.0,833.0,5423,1,0,1,Pedestrian
73,0.0,753.0,22.0,833.0,5424,1,0,1,Pedestrian
73,0.0,753.0,22.0,833.0,5425,1,0,1,Pedestrian
73,0.0,753.0,22.0,833.0,5426,1,0,1,Pedestrian
73,0.0,753.0,22.0,833.0,5427,1,0,1,Pedestrian
73,0.0,753.0,22.0,833.0,5428,1,0,1,Pedestrian
73,0.0,753.0,22.0,833.0,5429,1,0,1,Pedestrian
73,0.0,753.0,22.0,833.0,5430,1,0,1,Pedestrian
73,0.0,753.0,22.0,833.0,5431,1,0,1,Pedestrian
73,0.0,753.0,22.0,833.0,5432,1,0,1,Pedestrian
73,0.0,753.0,22.0,833.0,5433,1,0,1,Pedestrian
73,0.0,753.0,22.0,833.0,5434,1,0,1,Pedestrian
73,0.0,753.0,22.0,833.0,5435,1,0,1,Pedestrian
73,0.0,753.0,22.0,833.0,5436,1,0,1,Pedestrian
73,0.0,753.0,22.0,833.0,5437,1,0,1,Pedestrian
73,0.0,753.0,22.0,833.0,5438,1,0,1,Pedestrian
73,0.0,753.0,22.0,833.0,5439,1,0,1,Pedestrian
73,0.0,753.0,22.0,833.0,5440,1,0,1,Pedestrian
73,0.0,753.0,22.0,833.0,5441,1,0,1,Pedestrian
73,0.0,753.0,22.0,833.0,5442,1,0,1,Pedestrian
73,0.0,753.0,22.0,833.0,5443,1,0,1,Pedestrian
73,0.0,753.0,22.0,833.0,5444,1,0,1,Pedestrian
73,0.0,753.0,22.0,833.0,5445,1,0,1,Pedestrian
73,0.0,753.0,22.0,833.0,5446,1,0,1,Pedestrian
73,0.0,753.0,22.0,833.0,5447,1,0,1,Pedestrian
73,0.0,753.0,22.0,833.0,5448,1,0,1,Pedestrian
73,0.0,753.0,22.0,833.0,5449,1,0,1,Pedestrian
73,0.0,753.0,22.0,833.0,5450,1,0,1,Pedestrian
73,0.0,753.0,22.0,833.0,5451,1,0,1,Pedestrian
73,0.0,753.0,22.0,833.0,5452,1,0,1,Pedestrian
73,0.0,753.0,22.0,833.0,5453,1,0,1,Pedestrian
73,0.0,753.0,22.0,833.0,5454,1,0,1,Pedestrian
73,0.0,753.0,22.0,833.0,5455,1,0,1,Pedestrian
73,0.0,753.0,22.0,833.0,5456,1,0,1,Pedestrian
73,0.0,753.0,22.0,833.0,5457,1,0,1,Pedestrian
73,0.0,753.0,22.0,833.0,5458,1,0,1,Pedestrian
73,0.0,753.0,22.0,833.0,5459,1,0,1,Pedestrian
73,0.0,753.0,22.0,833.0,5460,1,0,1,Pedestrian
73,0.0,753.0,22.0,833.0,5461,1,0,1,Pedestrian
73,0.0,753.0,22.0,833.0,5462,1,0,1,Pedestrian
73,0.0,753.0,22.0,833.0,5463,1,0,1,Pedestrian
73,0.0,753.0,22.0,833.0,5464,1,0,1,Pedestrian
73,0.0,753.0,22.0,833.0,5465,1,0,1,Pedestrian
73,0.0,753.0,22.0,833.0,5466,1,0,1,Pedestrian
73,0.0,753.0,22.0,833.0,5467,1,0,1,Pedestrian
73,0.0,753.0,22.0,833.0,5468,1,0,1,Pedestrian
73,0.0,753.0,22.0,833.0,5469,1,0,1,Pedestrian
73,0.0,753.0,22.0,833.0,5470,1,0,1,Pedestrian
73,0.0,753.0,22.0,833.0,5471,1,0,1,Pedestrian
73,0.0,753.0,22.0,833.0,5472,1,0,1,Pedestrian
73,0.0,753.0,22.0,833.0,5473,1,0,1,Pedestrian
73,0.0,753.0,22.0,833.0,5474,1,0,1,Pedestrian
73,0.0,753.0,22.0,833.0,5475,1,0,1,Pedestrian
73,0.0,753.0,22.0,833.0,5476,1,0,1,Pedestrian
73,0.0,753.0,22.0,833.0,5477,1,0,1,Pedestrian
73,0.0,753.0,22.0,833.0,5478,1,0,1,Pedestrian
73,0.0,753.0,22.0,833.0,5479,1,0,1,Pedestrian
73,0.0,753.0,22.0,833.0,5480,1,0,1,Pedestrian
73,0.0,753.0,22.0,833.0,5481,1,0,1,Pedestrian
73,0.0,753.0,22.0,833.0,5482,1,0,1,Pedestrian
73,0.0,753.0,22.0,833.0,5483,1,0,1,Pedestrian
73,0.0,753.0,22.0,833.0,5484,1,0,1,Pedestrian
73,0.0,753.0,22.0,833.0,5485,1,0,1,Pedestrian
73,0.0,753.0,22.0,833.0,5486,1,0,1,Pedestrian
73,0.0,753.0,22.0,833.0,5487,1,0,1,Pedestrian
73,0.0,753.0,22.0,833.0,5488,1,0,1,Pedestrian
73,0.0,753.0,22.0,833.0,5489,1,0,1,Pedestrian
73,0.0,753.0,22.0,833.0,5490,1,0,1,Pedestrian
73,0.0,753.0,22.0,833.0,5491,1,0,1,Pedestrian
73,0.0,753.0,22.0,833.0,5492,1,0,1,Pedestrian
73,0.0,753.0,22.0,833.0,5493,1,0,1,Pedestrian
73,0.0,753.0,22.0,833.0,5494,1,0,1,Pedestrian
73,0.0,753.0,22.0,833.0,5495,1,0,1,Pedestrian
73,0.0,753.0,22.0,833.0,5496,1,0,1,Pedestrian
73,0.0,753.0,22.0,833.0,5497,1,0,1,Pedestrian
73,0.0,753.0,22.0,833.0,5498,1,0,1,Pedestrian
73,0.0,753.0,22.0,833.0,5499,1,0,1,Pedestrian
73,0.0,753.0,22.0,833.0,5500,1,0,1,Pedestrian
73,0.0,753.0,22.0,833.0,5501,1,0,1,Pedestrian
73,0.0,753.0,22.0,833.0,5502,1,0,1,Pedestrian
73,0.0,753.0,22.0,833.0,5503,1,0,1,Pedestrian
73,0.0,753.0,22.0,833.0,5504,1,0,1,Pedestrian
73,0.0,753.0,22.0,833.0,5505,1,0,1,Pedestrian
73,0.0,753.0,22.0,833.0,5506,1,0,1,Pedestrian
73,0.0,753.0,22.0,833.0,5507,1,0,1,Pedestrian
73,0.0,753.0,22.0,833.0,5508,1,0,1,Pedestrian
73,0.0,753.0,22.0,833.0,5509,1,0,1,Pedestrian
73,0.0,753.0,22.0,833.0,5510,1,0,1,Pedestrian
73,0.0,753.0,22.0,833.0,5511,1,0,1,Pedestrian
73,0.0,753.0,22.0,833.0,5512,1,0,1,Pedestrian
73,0.0,753.0,22.0,833.0,5513,1,0,1,Pedestrian
73,0.0,753.0,22.0,833.0,5514,1,0,1,Pedestrian
73,0.0,753.0,22.0,833.0,5515,1,0,1,Pedestrian
73,0.0,753.0,22.0,833.0,5516,1,0,1,Pedestrian
73,0.0,753.0,22.0,833.0,5517,1,0,1,Pedestrian
73,0.0,753.0,22.0,833.0,5518,1,0,1,Pedestrian
73,0.0,753.0,22.0,833.0,5519,1,0,1,Pedestrian
73,0.0,753.0,22.0,833.0,5520,1,0,1,Pedestrian
73,0.0,753.0,22.0,833.0,5521,1,0,1,Pedestrian
73,0.0,753.0,22.0,833.0,5522,1,0,1,Pedestrian
73,0.0,753.0,22.0,833.0,5523,1,0,1,Pedestrian
73,0.0,753.0,22.0,833.0,5524,1,0,1,Pedestrian
73,0.0,753.0,22.0,833.0,5525,1,0,1,Pedestrian
73,0.0,753.0,22.0,833.0,5526,1,0,1,Pedestrian
73,0.0,753.0,22.0,833.0,5527,1,0,1,Pedestrian
73,0.0,753.0,22.0,833.0,5528,1,0,1,Pedestrian
73,0.0,753.0,22.0,833.0,5529,1,0,1,Pedestrian
73,0.0,753.0,22.0,833.0,5530,1,0,1,Pedestrian
73,0.0,753.0,22.0,833.0,5531,1,0,0,Pedestrian
74,11.0,910.0,82.0,972.0,4500,1,0,0,Biker
74,8.0,910.0,79.0,972.0,4501,1,0,1,Biker
74,8.0,910.0,79.0,972.0,4502,1,0,1,Biker
74,8.0,910.0,79.0,972.0,4503,1,0,1,Biker
74,8.0,910.0,79.0,972.0,4504,1,0,1,Biker
74,8.0,910.0,79.0,972.0,4505,1,0,1,Biker
74,8.0,910.0,79.0,972.0,4506,1,0,1,Biker
74,8.0,910.0,79.0,972.0,4507,1,0,1,Biker
74,8.0,910.0,79.0,972.0,4508,1,0,1,Biker
74,8.0,910.0,79.0,972.0,4509,1,0,1,Biker
74,8.0,910.0,79.0,972.0,4510,1,0,1,Biker
74,8.0,910.0,79.0,972.0,4511,1,0,1,Biker
74,8.0,910.0,79.0,972.0,4512,1,0,1,Biker
74,8.0,910.0,79.0,972.0,4513,1,0,1,Biker
74,8.0,910.0,79.0,972.0,4514,1,0,1,Biker
74,8.0,910.0,79.0,972.0,4515,1,0,1,Biker
74,8.0,910.0,79.0,972.0,4516,1,0,1,Biker
74,8.0,910.0,79.0,972.0,4517,1,0,1,Biker
74,8.0,910.0,79.0,972.0,4518,1,0,1,Biker
74,8.0,910.0,79.0,972.0,4519,1,0,1,Biker
74,8.0,910.0,79.0,972.0,4520,1,0,1,Biker
74,8.0,910.0,79.0,972.0,4521,1,0,1,Biker
74,8.0,910.0,79.0,972.0,4522,1,0,1,Biker
74,8.0,910.0,79.0,972.0,4523,1,0,1,Biker
74,8.0,910.0,79.0,972.0,4524,1,0,1,Biker
74,8.0,910.0,79.0,972.0,4525,1,0,1,Biker
74,8.0,910.0,79.0,972.0,4526,1,0,1,Biker
74,8.0,910.0,79.0,972.0,4527,1,0,1,Biker
74,8.0,910.0,79.0,972.0,4528,1,0,1,Biker
74,8.0,910.0,79.0,972.0,4529,1,0,1,Biker
74,8.0,910.0,79.0,972.0,4530,1,0,1,Biker
74,8.0,910.0,79.0,972.0,4531,1,0,1,Biker
74,8.0,910.0,79.0,972.0,4532,1,0,1,Biker
74,8.0,910.0,79.0,972.0,4533,1,0,1,Biker
74,8.0,910.0,79.0,972.0,4534,1,0,1,Biker
74,8.0,910.0,79.0,972.0,4535,1,0,1,Biker
74,8.0,910.0,79.0,972.0,4536,1,0,1,Biker
74,8.0,910.0,79.0,972.0,4537,1,0,1,Biker
74,8.0,910.0,79.0,972.0,4538,1,0,1,Biker
74,8.0,910.0,79.0,972.0,4539,1,0,1,Biker
74,8.0,910.0,79.0,972.0,4540,1,0,1,Biker
74,8.0,910.0,79.0,972.0,4541,1,0,1,Biker
74,8.0,910.0,79.0,972.0,4542,1,0,1,Biker
74,8.0,910.0,79.0,972.0,4543,1,0,1,Biker
74,8.0,910.0,79.0,972.0,4544,1,0,1,Biker
74,8.0,910.0,79.0,972.0,4545,1,0,1,Biker
74,8.0,910.0,79.0,972.0,4546,1,0,1,Biker
74,8.0,910.0,79.0,972.0,4547,1,0,1,Biker
74,8.0,910.0,79.0,972.0,4548,1,0,1,Biker
74,8.0,910.0,79.0,972.0,4549,1,0,1,Biker
74,8.0,910.0,79.0,972.0,4550,1,0,1,Biker
74,8.0,910.0,79.0,972.0,4551,1,0,1,Biker
74,8.0,910.0,79.0,972.0,4552,1,0,1,Biker
74,8.0,910.0,79.0,972.0,4553,1,0,1,Biker
74,8.0,910.0,79.0,972.0,4554,1,0,1,Biker
74,8.0,910.0,79.0,972.0,4555,1,0,1,Biker
74,8.0,910.0,79.0,972.0,4556,1,0,1,Biker
74,8.0,910.0,79.0,972.0,4557,1,0,1,Biker
74,8.0,910.0,79.0,972.0,4558,1,0,1,Biker
74,8.0,910.0,79.0,972.0,4559,1,0,1,Biker
74,8.0,910.0,79.0,972.0,4560,1,0,1,Biker
74,8.0,910.0,79.0,972.0,4561,1,0,1,Biker
74,8.0,910.0,79.0,972.0,4562,1,0,1,Biker
74,8.0,910.0,79.0,972.0,4563,1,0,1,Biker
74,8.0,910.0,79.0,972.0,4564,1,0,1,Biker
74,8.0,910.0,79.0,972.0,4565,1,0,1,Biker
74,8.0,910.0,79.0,972.0,4566,1,0,1,Biker
74,8.0,910.0,79.0,972.0,4567,1,0,1,Biker
74,8.0,910.0,79.0,972.0,4568,1,0,1,Biker
74,8.0,910.0,79.0,972.0,4569,1,0,1,Biker
74,8.0,910.0,79.0,972.0,4570,1,0,1,Biker
74,8.0,910.0,79.0,972.0,4571,1,0,1,Biker
74,8.0,910.0,79.0,972.0,4572,1,0,1,Biker
74,8.0,910.0,79.0,972.0,4573,1,0,1,Biker
74,8.0,910.0,79.0,972.0,4574,1,0,1,Biker
74,8.0,910.0,79.0,972.0,4575,1,0,1,Biker
74,8.0,910.0,79.0,972.0,4576,1,0,1,Biker
74,8.0,910.0,79.0,972.0,4577,1,0,1,Biker
74,8.0,910.0,79.0,972.0,4578,1,0,1,Biker
74,8.0,910.0,79.0,972.0,4579,1,0,1,Biker
74,8.0,910.0,79.0,972.0,4580,1,0,1,Biker
74,8.0,910.0,79.0,972.0,4581,1,0,1,Biker
74,8.0,910.0,79.0,972.0,4582,1,0,1,Biker
74,8.0,910.0,79.0,972.0,4583,1,0,1,Biker
74,8.0,910.0,79.0,972.0,4584,1,0,1,Biker
74,8.0,910.0,79.0,972.0,4585,1,0,1,Biker
74,8.0,910.0,79.0,972.0,4586,1,0,1,Biker
74,8.0,910.0,79.0,972.0,4587,1,0,1,Biker
74,8.0,910.0,79.0,972.0,4588,1,0,1,Biker
74,8.0,910.0,79.0,972.0,4589,1,0,1,Biker
74,8.0,910.0,79.0,972.0,4590,1,0,1,Biker
74,8.0,910.0,79.0,972.0,4591,1,0,1,Biker
74,8.0,910.0,79.0,972.0,4592,1,0,1,Biker
74,8.0,910.0,79.0,972.0,4593,1,0,1,Biker
74,8.0,910.0,79.0,972.0,4594,1,0,1,Biker
74,8.0,910.0,79.0,972.0,4595,1,0,1,Biker
74,8.0,910.0,79.0,972.0,4596,1,0,1,Biker
74,8.0,910.0,79.0,972.0,4597,1,0,1,Biker
74,8.0,910.0,79.0,972.0,4598,1,0,1,Biker
74,8.0,910.0,79.0,972.0,4599,1,0,1,Biker
74,8.0,910.0,79.0,972.0,4600,1,0,1,Biker
74,8.0,910.0,79.0,972.0,4601,1,0,1,Biker
74,8.0,910.0,79.0,972.0,4602,1,0,1,Biker
74,8.0,910.0,79.0,972.0,4603,1,0,1,Biker
74,8.0,910.0,79.0,972.0,4604,1,0,1,Biker
74,8.0,910.0,79.0,972.0,4605,1,0,1,Biker
74,8.0,910.0,79.0,972.0,4606,1,0,1,Biker
74,8.0,910.0,79.0,972.0,4607,1,0,1,Biker
74,8.0,910.0,79.0,972.0,4608,1,0,1,Biker
74,8.0,910.0,79.0,972.0,4609,1,0,1,Biker
74,8.0,910.0,79.0,972.0,4610,1,0,1,Biker
74,8.0,910.0,79.0,972.0,4611,1,0,1,Biker
74,8.0,910.0,79.0,972.0,4612,1,0,1,Biker
74,8.0,910.0,79.0,972.0,4613,1,0,1,Biker
74,8.0,910.0,79.0,972.0,4614,1,0,1,Biker
74,8.0,910.0,79.0,972.0,4615,1,0,1,Biker
74,8.0,910.0,79.0,972.0,4616,1,0,1,Biker
74,8.0,910.0,79.0,972.0,4617,1,0,1,Biker
74,8.0,910.0,79.0,972.0,4618,1,0,1,Biker
74,8.0,910.0,79.0,972.0,4619,1,0,1,Biker
74,8.0,910.0,79.0,972.0,4620,1,0,1,Biker
74,8.0,910.0,79.0,972.0,4621,1,0,1,Biker
74,5.0,913.0,77.0,974.0,4622,1,0,1,Biker
74,5.0,913.0,77.0,974.0,4623,1,0,1,Biker
74,5.0,913.0,77.0,974.0,4624,1,0,1,Biker
74,5.0,913.0,77.0,974.0,4625,1,0,1,Biker
74,5.0,913.0,77.0,974.0,4626,1,0,1,Biker
74,5.0,913.0,77.0,974.0,4627,1,0,1,Biker
74,5.0,913.0,77.0,974.0,4628,1,0,1,Biker
74,5.0,913.0,77.0,974.0,4629,1,0,1,Biker
74,5.0,913.0,77.0,974.0,4630,1,0,1,Biker
74,5.0,913.0,77.0,974.0,4631,1,0,1,Biker
74,5.0,913.0,77.0,974.0,4632,1,0,1,Biker
74,5.0,913.0,77.0,974.0,4633,1,0,1,Biker
74,5.0,913.0,77.0,974.0,4634,1,0,1,Biker
74,5.0,913.0,77.0,974.0,4635,1,0,1,Biker
74,5.0,913.0,77.0,974.0,4636,1,0,1,Biker
74,5.0,913.0,77.0,974.0,4637,1,0,1,Biker
74,5.0,913.0,77.0,974.0,4638,1,0,1,Biker
74,5.0,913.0,77.0,974.0,4639,1,0,1,Biker
74,5.0,913.0,77.0,974.0,4640,1,0,1,Biker
74,5.0,913.0,77.0,974.0,4641,1,0,1,Biker
74,5.0,913.0,77.0,974.0,4642,1,0,1,Biker
74,5.0,913.0,77.0,974.0,4643,1,0,1,Biker
74,5.0,913.0,77.0,974.0,4644,1,0,1,Biker
74,5.0,913.0,77.0,974.0,4645,1,0,1,Biker
74,5.0,913.0,77.0,974.0,4646,1,0,1,Biker
74,5.0,913.0,77.0,974.0,4647,1,0,1,Biker
74,5.0,913.0,77.0,974.0,4648,1,0,1,Biker
74,5.0,913.0,77.0,974.0,4649,1,0,1,Biker
74,5.0,913.0,77.0,974.0,4650,1,0,1,Biker
74,5.0,913.0,77.0,974.0,4651,1,0,1,Biker
74,5.0,913.0,77.0,974.0,4652,1,0,1,Biker
74,5.0,913.0,77.0,974.0,4653,1,0,1,Biker
74,5.0,913.0,77.0,974.0,4654,1,0,1,Biker
74,5.0,913.0,77.0,974.0,4655,1,0,1,Biker
74,5.0,913.0,77.0,974.0,4656,1,0,1,Biker
74,5.0,913.0,77.0,974.0,4657,1,0,1,Biker
74,5.0,913.0,77.0,974.0,4658,1,0,1,Biker
74,5.0,913.0,77.0,974.0,4659,1,0,1,Biker
74,5.0,913.0,77.0,974.0,4660,1,0,1,Biker
74,5.0,913.0,77.0,974.0,4661,1,0,1,Biker
74,5.0,913.0,77.0,974.0,4662,1,0,1,Biker
74,5.0,913.0,77.0,974.0,4663,1,0,1,Biker
74,5.0,913.0,77.0,974.0,4664,1,0,1,Biker
74,5.0,913.0,77.0,974.0,4665,1,0,1,Biker
74,5.0,913.0,77.0,974.0,4666,1,0,1,Biker
74,5.0,913.0,77.0,974.0,4667,1,0,1,Biker
74,5.0,913.0,77.0,974.0,4668,1,0,1,Biker
74,5.0,913.0,77.0,974.0,4669,1,0,1,Biker
74,5.0,913.0,77.0,974.0,4670,1,0,1,Biker
74,5.0,913.0,77.0,974.0,4671,1,0,1,Biker
74,5.0,913.0,77.0,974.0,4672,1,0,1,Biker
74,5.0,913.0,77.0,974.0,4673,1,0,1,Biker
74,5.0,913.0,77.0,974.0,4674,1,0,1,Biker
74,5.0,913.0,77.0,974.0,4675,1,0,1,Biker
74,5.0,913.0,77.0,974.0,4676,1,0,1,Biker
74,5.0,913.0,77.0,974.0,4677,1,0,1,Biker
74,5.0,913.0,77.0,974.0,4678,1,0,1,Biker
74,5.0,913.0,77.0,974.0,4679,1,0,1,Biker
74,5.0,913.0,77.0,974.0,4680,1,0,1,Biker
74,5.0,913.0,77.0,974.0,4681,1,0,1,Biker
74,5.0,913.0,77.0,974.0,4682,1,0,1,Biker
74,5.0,913.0,77.0,974.0,4683,1,0,1,Biker
74,5.0,913.0,77.0,974.0,4684,1,0,1,Biker
74,5.0,913.0,77.0,974.0,4685,1,0,1,Biker
74,5.0,913.0,77.0,974.0,4686,1,0,1,Biker
74,5.0,913.0,77.0,974.0,4687,1,0,1,Biker
74,5.0,913.0,77.0,974.0,4688,1,0,1,Biker
74,5.0,913.0,77.0,974.0,4689,1,0,1,Biker
74,5.0,913.0,77.0,974.0,4690,1,0,1,Biker
74,5.0,913.0,77.0,974.0,4691,1,0,1,Biker
74,5.0,913.0,77.0,974.0,4692,1,0,1,Biker
74,5.0,913.0,77.0,974.0,4693,1,0,1,Biker
74,5.0,913.0,77.0,974.0,4694,1,0,1,Biker
74,5.0,913.0,77.0,974.0,4695,1,0,1,Biker
74,5.0,913.0,77.0,974.0,4696,1,0,1,Biker
74,5.0,913.0,77.0,974.0,4697,1,0,1,Biker
74,5.0,913.0,77.0,974.0,4698,1,0,1,Biker
74,5.0,913.0,77.0,974.0,4699,1,0,1,Biker
74,5.0,913.0,77.0,974.0,4700,1,0,1,Biker
74,5.0,913.0,77.0,974.0,4701,1,0,1,Biker
74,5.0,913.0,77.0,974.0,4702,1,0,1,Biker
74,5.0,913.0,77.0,974.0,4703,1,0,1,Biker
74,5.0,913.0,77.0,974.0,4704,1,0,1,Biker
74,5.0,913.0,77.0,974.0,4705,1,0,1,Biker
74,5.0,913.0,77.0,974.0,4706,1,0,1,Biker
74,5.0,913.0,77.0,974.0,4707,1,0,1,Biker
74,5.0,913.0,77.0,974.0,4708,1,0,1,Biker
74,5.0,913.0,77.0,974.0,4709,1,0,1,Biker
74,5.0,913.0,77.0,974.0,4710,1,0,1,Biker
74,5.0,913.0,77.0,974.0,4711,1,0,1,Biker
74,5.0,913.0,77.0,974.0,4712,1,0,1,Biker
74,5.0,913.0,77.0,974.0,4713,1,0,1,Biker
74,5.0,913.0,77.0,974.0,4714,1,0,1,Biker
74,5.0,913.0,77.0,974.0,4715,1,0,1,Biker
74,5.0,913.0,77.0,974.0,4716,1,0,1,Biker
74,5.0,913.0,77.0,974.0,4717,1,0,1,Biker
74,5.0,913.0,77.0,974.0,4718,1,0,1,Biker
74,5.0,913.0,77.0,974.0,4719,1,0,1,Biker
74,5.0,913.0,77.0,974.0,4720,1,0,1,Biker
74,5.0,913.0,77.0,974.0,4721,1,0,1,Biker
74,5.0,913.0,77.0,974.0,4722,1,0,1,Biker
74,5.0,913.0,77.0,974.0,4723,1,0,1,Biker
74,5.0,913.0,77.0,974.0,4724,1,0,1,Biker
74,5.0,913.0,77.0,974.0,4725,1,0,1,Biker
74,5.0,913.0,77.0,974.0,4726,1,0,1,Biker
74,5.0,913.0,77.0,974.0,4727,1,0,1,Biker
74,5.0,913.0,77.0,974.0,4728,1,0,1,Biker
74,5.0,913.0,77.0,974.0,4729,1,0,1,Biker
74,5.0,913.0,77.0,974.0,4730,1,0,1,Biker
74,5.0,913.0,77.0,974.0,4731,1,0,1,Biker
74,5.0,913.0,77.0,974.0,4732,1,0,1,Biker
74,5.0,913.0,77.0,974.0,4733,1,0,1,Biker
74,5.0,913.0,77.0,974.0,4734,1,0,1,Biker
74,5.0,913.0,77.0,974.0,4735,1,0,1,Biker
74,5.0,913.0,77.0,974.0,4736,1,0,1,Biker
74,5.0,913.0,77.0,974.0,4737,1,0,1,Biker
74,5.0,913.0,77.0,974.0,4738,1,0,1,Biker
74,5.0,913.0,77.0,974.0,4739,1,0,1,Biker
74,5.0,913.0,77.0,974.0,4740,1,0,1,Biker
74,5.0,913.0,77.0,974.0,4741,1,0,1,Biker
74,5.0,913.0,77.0,974.0,4742,1,0,1,Biker
74,2.0,915.0,74.0,976.0,4743,1,0,1,Biker
74,2.0,915.0,74.0,976.0,4744,1,0,1,Biker
74,2.0,915.0,74.0,976.0,4745,1,0,1,Biker
74,2.0,915.0,74.0,976.0,4746,1,0,1,Biker
74,2.0,915.0,74.0,976.0,4747,1,0,1,Biker
74,2.0,915.0,74.0,976.0,4748,1,0,1,Biker
74,2.0,915.0,74.0,976.0,4749,1,0,1,Biker
74,2.0,915.0,74.0,976.0,4750,1,0,1,Biker
74,2.0,915.0,74.0,976.0,4751,1,0,1,Biker
74,2.0,915.0,74.0,976.0,4752,1,0,1,Biker
74,2.0,915.0,74.0,976.0,4753,1,0,1,Biker
74,2.0,915.0,74.0,976.0,4754,1,0,1,Biker
74,2.0,915.0,74.0,976.0,4755,1,0,1,Biker
74,2.0,915.0,74.0,976.0,4756,1,0,1,Biker
74,2.0,915.0,74.0,976.0,4757,1,0,1,Biker
74,2.0,915.0,74.0,976.0,4758,1,0,1,Biker
74,2.0,915.0,74.0,976.0,4759,1,0,1,Biker
74,2.0,915.0,74.0,976.0,4760,1,0,1,Biker
74,2.0,915.0,74.0,976.0,4761,1,0,1,Biker
74,2.0,915.0,74.0,976.0,4762,1,0,1,Biker
74,2.0,915.0,74.0,976.0,4763,1,0,1,Biker
74,2.0,915.0,74.0,976.0,4764,1,0,1,Biker
74,2.0,915.0,74.0,976.0,4765,1,0,1,Biker
74,2.0,915.0,74.0,976.0,4766,1,0,1,Biker
74,2.0,915.0,74.0,976.0,4767,1,0,1,Biker
74,2.0,915.0,74.0,976.0,4768,1,0,1,Biker
74,2.0,915.0,74.0,976.0,4769,1,0,1,Biker
74,2.0,915.0,74.0,976.0,4770,1,0,1,Biker
74,2.0,915.0,74.0,976.0,4771,1,0,1,Biker
74,2.0,915.0,74.0,976.0,4772,1,0,1,Biker
74,2.0,915.0,74.0,976.0,4773,1,0,1,Biker
74,2.0,915.0,74.0,976.0,4774,1,0,1,Biker
74,2.0,915.0,74.0,976.0,4775,1,0,1,Biker
74,2.0,915.0,74.0,976.0,4776,1,0,1,Biker
74,2.0,915.0,74.0,976.0,4777,1,0,1,Biker
74,2.0,915.0,74.0,976.0,4778,1,0,1,Biker
74,2.0,915.0,74.0,976.0,4779,1,0,1,Biker
74,2.0,915.0,74.0,976.0,4780,1,0,1,Biker
74,2.0,915.0,74.0,976.0,4781,1,0,1,Biker
74,2.0,915.0,74.0,976.0,4782,1,0,1,Biker
74,2.0,915.0,74.0,976.0,4783,1,0,1,Biker
74,2.0,915.0,74.0,976.0,4784,1,0,1,Biker
74,2.0,915.0,74.0,976.0,4785,1,0,1,Biker
74,2.0,915.0,74.0,976.0,4786,1,0,1,Biker
74,2.0,915.0,74.0,976.0,4787,1,0,1,Biker
74,2.0,915.0,74.0,976.0,4788,1,0,1,Biker
74,2.0,915.0,74.0,976.0,4789,1,0,1,Biker
74,2.0,915.0,74.0,976.0,4790,1,0,1,Biker
74,2.0,915.0,74.0,976.0,4791,1,0,1,Biker
74,2.0,915.0,74.0,976.0,4792,1,0,1,Biker
74,2.0,915.0,74.0,976.0,4793,1,0,1,Biker
74,2.0,915.0,74.0,976.0,4794,1,0,1,Biker
74,2.0,915.0,74.0,976.0,4795,1,0,1,Biker
74,2.0,915.0,74.0,976.0,4796,1,0,1,Biker
74,2.0,915.0,74.0,976.0,4797,1,0,1,Biker
74,2.0,915.0,74.0,976.0,4798,1,0,1,Biker
74,2.0,915.0,74.0,976.0,4799,1,0,1,Biker
74,2.0,915.0,74.0,976.0,4800,1,0,1,Biker
74,2.0,915.0,74.0,976.0,4801,1,0,1,Biker
74,2.0,915.0,74.0,976.0,4802,1,0,1,Biker
74,2.0,915.0,74.0,976.0,4803,1,0,1,Biker
74,2.0,915.0,74.0,976.0,4804,1,0,1,Biker
74,2.0,915.0,74.0,976.0,4805,1,0,1,Biker
74,2.0,915.0,74.0,976.0,4806,1,0,1,Biker
74,2.0,915.0,74.0,976.0,4807,1,0,1,Biker
74,2.0,915.0,74.0,976.0,4808,1,0,1,Biker
74,2.0,915.0,74.0,976.0,4809,1,0,1,Biker
74,2.0,915.0,74.0,976.0,4810,1,0,1,Biker
74,2.0,915.0,74.0,976.0,4811,1,0,1,Biker
74,2.0,915.0,74.0,976.0,4812,1,0,1,Biker
74,2.0,915.0,74.0,976.0,4813,1,0,1,Biker
74,2.0,915.0,74.0,976.0,4814,1,0,1,Biker
74,2.0,915.0,74.0,976.0,4815,1,0,1,Biker
74,2.0,915.0,74.0,976.0,4816,1,0,1,Biker
74,2.0,915.0,74.0,976.0,4817,1,0,1,Biker
74,2.0,915.0,74.0,976.0,4818,1,0,1,Biker
74,2.0,915.0,74.0,976.0,4819,1,0,1,Biker
74,2.0,915.0,74.0,976.0,4820,1,0,1,Biker
74,2.0,915.0,74.0,976.0,4821,1,0,1,Biker
74,2.0,915.0,74.0,976.0,4822,1,0,1,Biker
74,2.0,915.0,74.0,976.0,4823,1,0,1,Biker
74,2.0,915.0,74.0,976.0,4824,1,0,1,Biker
74,2.0,915.0,74.0,976.0,4825,1,0,1,Biker
74,2.0,915.0,74.0,976.0,4826,1,0,1,Biker
74,2.0,915.0,74.0,976.0,4827,1,0,1,Biker
74,2.0,915.0,74.0,976.0,4828,1,0,1,Biker
74,2.0,915.0,74.0,976.0,4829,1,0,1,Biker
74,2.0,915.0,74.0,976.0,4830,1,0,1,Biker
74,2.0,915.0,74.0,976.0,4831,1,0,1,Biker
74,2.0,915.0,74.0,976.0,4832,1,0,1,Biker
74,2.0,915.0,74.0,976.0,4833,1,0,1,Biker
74,2.0,915.0,74.0,976.0,4834,1,0,1,Biker
74,2.0,915.0,74.0,976.0,4835,1,0,1,Biker
74,2.0,915.0,74.0,976.0,4836,1,0,1,Biker
74,2.0,915.0,74.0,976.0,4837,1,0,1,Biker
74,2.0,915.0,74.0,976.0,4838,1,0,1,Biker
74,2.0,915.0,74.0,976.0,4839,1,0,1,Biker
74,2.0,915.0,74.0,976.0,4840,1,0,1,Biker
74,2.0,915.0,74.0,976.0,4841,1,0,1,Biker
74,2.0,915.0,74.0,976.0,4842,1,0,1,Biker
74,2.0,915.0,74.0,976.0,4843,1,0,1,Biker
74,2.0,915.0,74.0,976.0,4844,1,0,1,Biker
74,2.0,915.0,74.0,976.0,4845,1,0,1,Biker
74,2.0,915.0,74.0,976.0,4846,1,0,1,Biker
74,2.0,915.0,74.0,976.0,4847,1,0,1,Biker
74,2.0,915.0,74.0,976.0,4848,1,0,1,Biker
74,2.0,915.0,74.0,976.0,4849,1,0,1,Biker
74,2.0,915.0,74.0,976.0,4850,1,0,1,Biker
74,2.0,915.0,74.0,976.0,4851,1,0,1,Biker
74,2.0,915.0,74.0,976.0,4852,1,0,1,Biker
74,2.0,915.0,74.0,976.0,4853,1,0,1,Biker
74,2.0,915.0,74.0,976.0,4854,1,0,1,Biker
74,2.0,915.0,74.0,976.0,4855,1,0,1,Biker
74,2.0,915.0,74.0,976.0,4856,1,0,1,Biker
74,2.0,915.0,74.0,976.0,4857,1,0,1,Biker
74,2.0,915.0,74.0,976.0,4858,1,0,1,Biker
74,2.0,915.0,74.0,976.0,4859,1,0,1,Biker
74,2.0,915.0,74.0,976.0,4860,1,0,1,Biker
74,2.0,915.0,74.0,976.0,4861,1,0,1,Biker
74,2.0,915.0,74.0,976.0,4862,1,0,1,Biker
74,2.0,915.0,74.0,976.0,4863,1,0,1,Biker
74,2.0,917.0,74.0,979.0,4864,0,0,0,Biker
74,5.0,915.0,77.0,976.0,4865,0,0,1,Biker
74,11.0,915.0,82.0,976.0,4866,0,0,1,Biker
74,13.0,915.0,85.0,976.0,4867,0,0,1,Biker
74,19.0,915.0,90.0,976.0,4868,0,0,1,Biker
74,22.0,915.0,93.0,976.0,4869,0,0,1,Biker
74,27.0,915.0,99.0,976.0,4870,0,0,1,Biker
74,30.0,915.0,101.0,976.0,4871,0,0,1,Biker
74,35.0,915.0,107.0,976.0,4872,0,0,1,Biker
74,38.0,915.0,110.0,976.0,4873,0,0,1,Biker
74,44.0,915.0,115.0,976.0,4874,0,0,1,Biker
74,46.0,913.0,118.0,974.0,4875,0,0,1,Biker
74,52.0,913.0,123.0,974.0,4876,0,0,1,Biker
74,55.0,913.0,126.0,974.0,4877,0,0,1,Biker
74,60.0,913.0,132.0,974.0,4878,0,0,1,Biker
74,63.0,913.0,134.0,974.0,4879,0,0,1,Biker
74,68.0,913.0,140.0,974.0,4880,0,0,1,Biker
74,71.0,913.0,143.0,974.0,4881,0,0,1,Biker
74,77.0,913.0,148.0,974.0,4882,0,0,1,Biker
74,79.0,913.0,151.0,974.0,4883,0,0,1,Biker
74,85.0,913.0,156.0,974.0,4884,0,0,1,Biker
74,88.0,910.0,159.0,972.0,4885,0,0,1,Biker
74,93.0,910.0,165.0,972.0,4886,0,0,1,Biker
74,96.0,910.0,167.0,972.0,4887,0,0,1,Biker
74,101.0,910.0,173.0,972.0,4888,0,0,1,Biker
74,104.0,910.0,176.0,972.0,4889,0,0,1,Biker
74,110.0,910.0,181.0,972.0,4890,0,0,1,Biker
74,112.0,910.0,184.0,972.0,4891,0,0,1,Biker
74,118.0,910.0,189.0,972.0,4892,0,0,1,Biker
74,121.0,910.0,192.0,972.0,4893,0,0,1,Biker
74,126.0,910.0,198.0,972.0,4894,0,0,0,Biker
74,129.0,908.0,200.0,970.0,4895,0,0,1,Biker
74,134.0,908.0,206.0,970.0,4896,0,0,1,Biker
74,140.0,908.0,211.0,970.0,4897,0,0,1,Biker
74,143.0,908.0,214.0,970.0,4898,0,0,1,Biker
74,148.0,908.0,220.0,970.0,4899,0,0,1,Biker
74,154.0,908.0,225.0,970.0,4900,0,0,1,Biker
74,159.0,908.0,231.0,970.0,4901,0,0,1,Biker
74,162.0,908.0,233.0,970.0,4902,0,0,1,Biker
74,167.0,908.0,239.0,970.0,4903,0,0,1,Biker
74,173.0,908.0,244.0,970.0,4904,0,0,1,Biker
74,178.0,908.0,250.0,970.0,4905,0,0,1,Biker
74,181.0,908.0,253.0,970.0,4906,0,0,1,Biker
74,187.0,908.0,258.0,970.0,4907,0,0,1,Biker
74,192.0,908.0,264.0,970.0,4908,0,0,1,Biker
74,198.0,908.0,269.0,970.0,4909,0,0,1,Biker
74,200.0,906.0,272.0,967.0,4910,0,0,1,Biker
74,206.0,906.0,277.0,967.0,4911,0,0,1,Biker
74,211.0,906.0,283.0,967.0,4912,0,0,1,Biker
74,214.0,906.0,286.0,967.0,4913,0,0,1,Biker
74,220.0,906.0,291.0,967.0,4914,0,0,1,Biker
74,225.0,906.0,297.0,967.0,4915,0,0,1,Biker
74,231.0,906.0,302.0,967.0,4916,0,0,1,Biker
74,233.0,906.0,305.0,967.0,4917,0,0,1,Biker
74,239.0,906.0,310.0,967.0,4918,0,0,1,Biker
74,244.0,906.0,316.0,967.0,4919,0,0,1,Biker
74,250.0,906.0,321.0,967.0,4920,0,0,1,Biker
74,253.0,906.0,324.0,967.0,4921,0,0,1,Biker
74,258.0,906.0,330.0,967.0,4922,0,0,1,Biker
74,264.0,906.0,335.0,967.0,4923,0,0,1,Biker
74,269.0,906.0,341.0,967.0,4924,0,0,0,Biker
74,272.0,904.0,343.0,965.0,4925,0,0,1,Biker
74,275.0,904.0,346.0,965.0,4926,0,0,1,Biker
74,280.0,904.0,352.0,965.0,4927,0,0,1,Biker
74,283.0,904.0,354.0,963.0,4928,0,0,1,Biker
74,288.0,901.0,360.0,963.0,4929,0,0,1,Biker
74,291.0,901.0,363.0,963.0,4930,0,0,1,Biker
74,297.0,901.0,368.0,960.0,4931,0,0,1,Biker
74,299.0,901.0,371.0,960.0,4932,0,0,1,Biker
74,305.0,899.0,376.0,960.0,4933,0,0,1,Biker
74,308.0,899.0,379.0,960.0,4934,0,0,1,Biker
74,310.0,899.0,382.0,958.0,4935,0,0,1,Biker
74,316.0,899.0,387.0,958.0,4936,0,0,1,Biker
74,319.0,897.0,390.0,958.0,4937,0,0,1,Biker
74,324.0,897.0,396.0,956.0,4938,0,0,1,Biker
74,327.0,897.0,398.0,956.0,4939,0,0,1,Biker
74,332.0,897.0,404.0,956.0,4940,0,0,1,Biker
74,335.0,894.0,407.0,954.0,4941,0,0,1,Biker
74,341.0,894.0,412.0,954.0,4942,0,0,1,Biker
74,343.0,894.0,415.0,954.0,4943,0,0,1,Biker
74,349.0,894.0,420.0,954.0,4944,0,0,0,Biker
74,352.0,892.0,423.0,951.0,4945,0,0,1,Biker
74,354.0,892.0,426.0,951.0,4946,0,0,1,Biker
74,357.0,890.0,429.0,949.0,4947,0,0,1,Biker
74,363.0,890.0,434.0,949.0,4948,0,0,1,Biker
74,365.0,888.0,437.0,947.0,4949,0,0,1,Biker
74,368.0,888.0,440.0,947.0,4950,0,0,1,Biker
74,374.0,885.0,445.0,944.0,4951,0,0,1,Biker
74,376.0,885.0,448.0,944.0,4952,0,0,1,Biker
74,379.0,883.0,451.0,942.0,4953,0,0,1,Biker
74,385.0,883.0,456.0,942.0,4954,0,0,1,Biker
74,387.0,881.0,459.0,940.0,4955,0,0,1,Biker
74,390.0,881.0,462.0,940.0,4956,0,0,1,Biker
74,393.0,878.0,464.0,938.0,4957,0,0,1,Biker
74,398.0,878.0,470.0,938.0,4958,0,0,1,Biker
74,401.0,876.0,473.0,935.0,4959,0,0,1,Biker
74,404.0,876.0,475.0,935.0,4960,0,0,1,Biker
74,409.0,874.0,481.0,933.0,4961,0,0,1,Biker
74,412.0,874.0,484.0,933.0,4962,0,0,1,Biker
74,415.0,872.0,486.0,931.0,4963,0,0,1,Biker
74,420.0,872.0,492.0,931.0,4964,0,0,0,Biker
74,420.0,867.0,492.0,926.0,4965,0,0,1,Biker
74,423.0,865.0,495.0,924.0,4966,0,0,1,Biker
74,426.0,860.0,497.0,919.0,4967,0,0,1,Biker
74,429.0,858.0,500.0,917.0,4968,0,0,1,Biker
74,431.0,856.0,503.0,915.0,4969,0,0,1,Biker
74,431.0,851.0,503.0,910.0,4970,0,0,1,Biker
74,434.0,849.0,506.0,908.0,4971,0,0,1,Biker
74,437.0,844.0,508.0,904.0,4972,0,0,1,Biker
74,440.0,842.0,511.0,901.0,4973,0,0,1,Biker
74,442.0,840.0,514.0,899.0,4974,0,0,0,Biker
74,445.0,837.0,517.0,897.0,4975,0,0,1,Biker
74,448.0,835.0,519.0,894.0,4976,0,0,1,Biker
74,451.0,833.0,522.0,892.0,4977,0,0,1,Biker
74,456.0,831.0,528.0,890.0,4978,0,0,1,Biker
74,459.0,828.0,530.0,888.0,4979,0,0,1,Biker
74,462.0,826.0,533.0,885.0,4980,0,0,1,Biker
74,467.0,824.0,539.0,883.0,4981,0,0,1,Biker
74,470.0,822.0,541.0,881.0,4982,0,0,1,Biker
74,473.0,819.0,544.0,878.0,4983,0,0,1,Biker
74,478.0,817.0,550.0,876.0,4984,0,0,0,Biker
74,478.0,812.0,550.0,872.0,4985,0,0,1,Biker
74,481.0,808.0,552.0,867.0,4986,0,0,1,Biker
74,481.0,803.0,552.0,863.0,4987,0,0,1,Biker
74,484.0,801.0,555.0,860.0,4988,0,0,1,Biker
74,484.0,796.0,555.0,856.0,4989,0,0,1,Biker
74,486.0,792.0,558.0,851.0,4990,0,0,1,Biker
74,486.0,790.0,558.0,849.0,4991,0,0,1,Biker
74,489.0,785.0,561.0,844.0,4992,0,0,1,Biker
74,489.0,781.0,561.0,840.0,4993,0,0,1,Biker
74,492.0,778.0,563.0,837.0,4994,0,0,1,Biker
74,492.0,774.0,563.0,833.0,4995,0,0,1,Biker
74,495.0,769.0,566.0,828.0,4996,0,0,1,Biker
74,495.0,767.0,566.0,826.0,4997,0,0,1,Biker
74,497.0,762.0,569.0,822.0,4998,0,0,1,Biker
74,497.0,758.0,569.0,817.0,4999,0,0,1,Biker
74,500.0,755.0,572.0,815.0,5000,0,0,0,Biker
74,500.0,749.0,572.0,810.0,5001,0,0,1,Biker
74,500.0,744.0,574.0,808.0,5002,0,0,1,Biker
74,500.0,740.0,577.0,803.0,5003,0,0,1,Biker
74,503.0,735.0,580.0,801.0,5004,0,0,1,Biker
74,503.0,728.0,583.0,799.0,5005,0,0,1,Biker
74,503.0,724.0,585.0,794.0,5006,0,0,1,Biker
74,503.0,719.0,588.0,792.0,5007,0,0,1,Biker
74,506.0,715.0,591.0,787.0,5008,0,0,1,Biker
74,506.0,708.0,594.0,785.0,5009,0,0,1,Biker
74,506.0,703.0,596.0,783.0,5010,0,0,1,Biker
74,506.0,699.0,599.0,778.0,5011,0,0,1,Biker
74,508.0,694.0,602.0,776.0,5012,0,0,1,Biker
74,508.0,687.0,605.0,771.0,5013,0,0,1,Biker
74,508.0,683.0,607.0,769.0,5014,0,0,1,Biker
74,511.0,678.0,610.0,767.0,5015,0,0,1,Biker
74,511.0,674.0,613.0,762.0,5016,0,0,1,Biker
74,511.0,669.0,616.0,760.0,5017,0,0,1,Biker
74,511.0,662.0,618.0,755.0,5018,0,0,1,Biker
74,514.0,658.0,621.0,753.0,5019,0,0,1,Biker
74,514.0,653.0,624.0,751.0,5020,0,0,1,Biker
74,514.0,648.0,627.0,746.0,5021,0,0,1,Biker
74,514.0,642.0,629.0,744.0,5022,0,0,1,Biker
74,517.0,637.0,632.0,740.0,5023,0,0,1,Biker
74,517.0,633.0,635.0,737.0,5024,0,0,1,Biker
74,517.0,628.0,638.0,735.0,5025,0,0,1,Biker
74,517.0,621.0,640.0,730.0,5026,0,0,1,Biker
74,519.0,617.0,643.0,728.0,5027,0,0,1,Biker
74,519.0,612.0,646.0,724.0,5028,0,0,1,Biker
74,519.0,607.0,649.0,721.0,5029,0,0,1,Biker
74,522.0,603.0,651.0,719.0,5030,0,0,0,Biker
74,522.0,598.0,651.0,715.0,5031,0,0,1,Biker
74,522.0,594.0,651.0,710.0,5032,0,0,1,Biker
74,522.0,589.0,651.0,705.0,5033,0,0,1,Biker
74,522.0,585.0,651.0,701.0,5034,0,0,1,Biker
74,522.0,580.0,651.0,696.0,5035,0,0,1,Biker
74,522.0,576.0,651.0,692.0,5036,0,0,1,Biker
74,522.0,571.0,651.0,687.0,5037,0,0,1,Biker
74,525.0,566.0,654.0,683.0,5038,0,0,1,Biker
74,525.0,562.0,654.0,678.0,5039,0,0,1,Biker
74,525.0,557.0,654.0,674.0,5040,0,0,1,Biker
74,525.0,553.0,654.0,669.0,5041,0,0,1,Biker
74,525.0,548.0,654.0,664.0,5042,0,0,1,Biker
74,525.0,544.0,654.0,660.0,5043,0,0,1,Biker
74,525.0,539.0,654.0,655.0,5044,0,0,1,Biker
74,528.0,537.0,657.0,653.0,5045,0,0,1,Biker
74,528.0,532.0,657.0,648.0,5046,0,0,1,Biker
74,528.0,528.0,657.0,644.0,5047,0,0,1,Biker
74,528.0,523.0,657.0,639.0,5048,0,0,1,Biker
74,528.0,519.0,657.0,635.0,5049,0,0,1,Biker
74,528.0,514.0,657.0,630.0,5050,0,0,1,Biker
74,528.0,510.0,657.0,626.0,5051,0,0,1,Biker
74,528.0,505.0,657.0,621.0,5052,0,0,1,Biker
74,530.0,500.0,660.0,617.0,5053,0,0,1,Biker
74,530.0,496.0,660.0,612.0,5054,0,0,1,Biker
74,530.0,491.0,660.0,607.0,5055,0,0,1,Biker
74,530.0,487.0,660.0,603.0,5056,0,0,1,Biker
74,530.0,482.0,660.0,598.0,5057,0,0,1,Biker
74,530.0,478.0,660.0,594.0,5058,0,0,1,Biker
74,530.0,473.0,660.0,589.0,5059,0,0,1,Biker
74,533.0,471.0,662.0,587.0,5060,0,0,0,Biker
74,533.0,464.0,662.0,580.0,5061,0,0,1,Biker
74,536.0,457.0,665.0,573.0,5062,0,0,1,Biker
74,539.0,450.0,668.0,566.0,5063,0,0,1,Biker
74,541.0,446.0,671.0,562.0,5064,0,0,1,Biker
74,544.0,439.0,673.0,555.0,5065,0,0,1,Biker
74,547.0,432.0,676.0,548.0,5066,0,0,1,Biker
74,550.0,428.0,679.0,544.0,5067,0,0,1,Biker
74,552.0,421.0,682.0,537.0,5068,0,0,1,Biker
74,555.0,414.0,684.0,530.0,5069,0,0,1,Biker
74,558.0,409.0,687.0,526.0,5070,0,0,1,Biker
74,558.0,403.0,687.0,519.0,5071,0,0,1,Biker
74,561.0,396.0,690.0,512.0,5072,0,0,1,Biker
74,563.0,389.0,693.0,505.0,5073,0,0,1,Biker
74,566.0,384.0,695.0,500.0,5074,0,0,1,Biker
74,569.0,377.0,698.0,494.0,5075,0,0,1,Biker
74,572.0,371.0,701.0,487.0,5076,0,0,1,Biker
74,574.0,366.0,704.0,482.0,5077,0,0,1,Biker
74,577.0,359.0,706.0,475.0,5078,0,0,1,Biker
74,580.0,352.0,709.0,469.0,5079,0,0,1,Biker
74,583.0,348.0,712.0,464.0,5080,0,0,0,Biker
74,583.0,343.0,712.0,459.0,5081,0,0,1,Biker
74,583.0,339.0,712.0,455.0,5082,0,0,1,Biker
74,583.0,337.0,712.0,453.0,5083,0,0,1,Biker
74,583.0,332.0,712.0,448.0,5084,0,0,1,Biker
74,583.0,327.0,712.0,444.0,5085,0,0,1,Biker
74,583.0,325.0,712.0,441.0,5086,0,0,1,Biker
74,583.0,321.0,712.0,437.0,5087,0,0,1,Biker
74,583.0,316.0,712.0,432.0,5088,0,0,1,Biker
74,583.0,314.0,712.0,430.0,5089,0,0,1,Biker
74,585.0,309.0,712.0,425.0,5090,0,0,1,Biker
74,585.0,307.0,712.0,423.0,5091,0,0,1,Biker
74,585.0,302.0,712.0,418.0,5092,0,0,1,Biker
74,585.0,298.0,712.0,414.0,5093,0,0,1,Biker
74,585.0,296.0,712.0,412.0,5094,0,0,1,Biker
74,585.0,291.0,712.0,407.0,5095,0,0,1,Biker
74,585.0,286.0,712.0,403.0,5096,0,0,1,Biker
74,585.0,284.0,712.0,400.0,5097,0,0,1,Biker
74,585.0,280.0,712.0,396.0,5098,0,0,1,Biker
74,585.0,275.0,712.0,391.0,5099,0,0,1,Biker
74,588.0,273.0,712.0,389.0,5100,0,0,1,Biker
74,588.0,268.0,712.0,384.0,5101,0,0,1,Biker
74,588.0,266.0,712.0,382.0,5102,0,0,1,Biker
74,588.0,261.0,712.0,377.0,5103,0,0,1,Biker
74,588.0,257.0,712.0,373.0,5104,0,0,1,Biker
74,588.0,255.0,712.0,371.0,5105,0,0,1,Biker
74,588.0,250.0,712.0,366.0,5106,0,0,1,Biker
74,588.0,245.0,712.0,362.0,5107,0,0,1,Biker
74,588.0,243.0,712.0,359.0,5108,0,0,1,Biker
74,588.0,239.0,712.0,355.0,5109,0,0,1,Biker
74,591.0,236.0,715.0,352.0,5110,0,0,0,Biker
74,591.0,229.0,715.0,346.0,5111,0,0,1,Biker
74,591.0,225.0,715.0,341.0,5112,0,0,1,Biker
74,594.0,220.0,717.0,337.0,5113,0,0,1,Biker
74,594.0,216.0,717.0,332.0,5114,0,0,1,Biker
74,594.0,211.0,717.0,327.0,5115,0,0,1,Biker
74,596.0,207.0,720.0,323.0,5116,0,0,1,Biker
74,596.0,200.0,720.0,316.0,5117,0,0,1,Biker
74,596.0,195.0,720.0,311.0,5118,0,0,1,Biker
74,599.0,191.0,723.0,307.0,5119,0,0,1,Biker
74,599.0,186.0,723.0,302.0,5120,0,0,1,Biker
74,599.0,182.0,723.0,298.0,5121,0,0,1,Biker
74,602.0,177.0,726.0,293.0,5122,0,0,1,Biker
74,602.0,173.0,726.0,289.0,5123,0,0,1,Biker
74,602.0,166.0,726.0,282.0,5124,0,0,1,Biker
74,605.0,161.0,728.0,277.0,5125,0,0,1,Biker
74,605.0,157.0,728.0,273.0,5126,0,0,1,Biker
74,605.0,152.0,728.0,268.0,5127,0,0,1,Biker
74,607.0,148.0,731.0,264.0,5128,0,0,1,Biker
74,607.0,143.0,731.0,259.0,5129,0,0,1,Biker
74,610.0,138.0,734.0,255.0,5130,0,0,0,Biker
74,610.0,134.0,734.0,250.0,5131,0,0,1,Biker
74,610.0,132.0,734.0,248.0,5132,0,0,1,Biker
74,613.0,127.0,737.0,243.0,5133,0,0,1,Biker
74,613.0,125.0,737.0,241.0,5134,0,0,1,Biker
74,616.0,120.0,739.0,236.0,5135,0,0,1,Biker
74,616.0,118.0,739.0,234.0,5136,0,0,1,Biker
74,616.0,113.0,739.0,229.0,5137,0,0,1,Biker
74,618.0,111.0,742.0,227.0,5138,0,0,1,Biker
74,618.0,107.0,742.0,223.0,5139,0,0,1,Biker
74,621.0,104.0,745.0,220.0,5140,0,0,1,Biker
74,621.0,100.0,745.0,216.0,5141,0,0,1,Biker
74,621.0,97.0,745.0,214.0,5142,0,0,1,Biker
74,624.0,93.0,748.0,209.0,5143,0,0,1,Biker
74,624.0,91.0,748.0,207.0,5144,0,0,1,Biker
74,627.0,86.0,750.0,202.0,5145,0,0,1,Biker
74,627.0,84.0,750.0,200.0,5146,0,0,1,Biker
74,627.0,79.0,750.0,195.0,5147,0,0,1,Biker
74,629.0,77.0,753.0,193.0,5148,0,0,1,Biker
74,629.0,72.0,753.0,188.0,5149,0,0,1,Biker
74,632.0,70.0,756.0,186.0,5150,0,0,0,Biker
74,632.0,63.0,756.0,179.0,5151,0,0,1,Biker
74,632.0,59.0,756.0,175.0,5152,0,0,1,Biker
74,632.0,52.0,756.0,168.0,5153,0,0,1,Biker
74,635.0,47.0,756.0,163.0,5154,0,0,1,Biker
74,635.0,40.0,759.0,157.0,5155,0,0,1,Biker
74,635.0,36.0,759.0,152.0,5156,0,0,1,Biker
74,638.0,29.0,759.0,145.0,5157,0,0,1,Biker
74,638.0,25.0,759.0,141.0,5158,0,0,1,Biker
74,638.0,18.0,759.0,134.0,5159,0,0,1,Biker
74,640.0,13.0,761.0,129.0,5160,0,0,0,Biker
74,640.0,11.0,761.0,122.0,5161,0,0,1,Biker
74,640.0,9.0,761.0,118.0,5162,0,0,1,Biker
74,643.0,9.0,764.0,113.0,5163,0,0,1,Biker
74,643.0,6.0,764.0,107.0,5164,0,0,1,Biker
74,646.0,6.0,767.0,102.0,5165,0,0,1,Biker
74,646.0,4.0,767.0,97.0,5166,0,0,1,Biker
74,646.0,2.0,767.0,91.0,5167,0,0,1,Biker
74,649.0,2.0,770.0,86.0,5168,0,0,1,Biker
74,649.0,0.0,770.0,81.0,5169,0,0,1,Biker
74,651.0,0.0,772.0,77.0,5170,0,0,0,Biker
74,651.0,0.0,772.0,72.0,5171,0,0,1,Biker
74,651.0,0.0,772.0,70.0,5172,0,0,1,Biker
74,651.0,0.0,772.0,66.0,5173,0,0,1,Biker
74,654.0,0.0,775.0,63.0,5174,0,0,1,Biker
74,654.0,0.0,775.0,61.0,5175,0,0,1,Biker
74,654.0,0.0,775.0,56.0,5176,0,0,1,Biker
74,657.0,0.0,778.0,54.0,5177,0,0,1,Biker
74,657.0,0.0,778.0,50.0,5178,0,0,1,Biker
74,657.0,0.0,778.0,47.0,5179,0,0,1,Biker
74,660.0,0.0,781.0,45.0,5180,1,0,0,Biker
74,660.0,0.0,781.0,40.0,5181,1,0,1,Biker
74,662.0,0.0,783.0,38.0,5182,1,0,1,Biker
74,662.0,0.0,783.0,34.0,5183,1,0,1,Biker
74,665.0,0.0,786.0,31.0,5184,1,0,1,Biker
74,668.0,0.0,789.0,27.0,5185,1,0,1,Biker
74,668.0,0.0,789.0,25.0,5186,1,0,1,Biker
74,671.0,0.0,792.0,20.0,5187,1,0,1,Biker
74,671.0,0.0,792.0,18.0,5188,1,0,1,Biker
74,673.0,0.0,794.0,13.0,5189,1,0,1,Biker
74,676.0,0.0,797.0,11.0,5190,1,0,0,Biker
74,676.0,0.0,797.0,11.0,5191,1,0,1,Biker
74,676.0,0.0,797.0,11.0,5192,1,0,1,Biker
74,676.0,0.0,797.0,11.0,5193,1,0,1,Biker
74,676.0,0.0,797.0,11.0,5194,1,0,1,Biker
74,676.0,0.0,797.0,11.0,5195,1,0,1,Biker
74,676.0,0.0,797.0,11.0,5196,1,0,1,Biker
74,676.0,0.0,797.0,11.0,5197,1,0,1,Biker
74,676.0,0.0,797.0,11.0,5198,1,0,1,Biker
74,676.0,0.0,797.0,11.0,5199,1,0,1,Biker
74,676.0,0.0,797.0,11.0,5200,1,0,1,Biker
74,676.0,0.0,797.0,11.0,5201,1,0,1,Biker
74,676.0,0.0,797.0,11.0,5202,1,0,1,Biker
74,676.0,0.0,797.0,11.0,5203,1,0,1,Biker
74,676.0,0.0,797.0,11.0,5204,1,0,1,Biker
74,676.0,0.0,797.0,11.0,5205,1,0,1,Biker
74,676.0,0.0,797.0,11.0,5206,1,0,1,Biker
74,676.0,0.0,797.0,11.0,5207,1,0,1,Biker
74,676.0,0.0,797.0,11.0,5208,1,0,1,Biker
74,676.0,0.0,797.0,11.0,5209,1,0,1,Biker
74,676.0,0.0,797.0,11.0,5210,1,0,1,Biker
74,676.0,0.0,797.0,11.0,5211,1,0,1,Biker
74,676.0,0.0,797.0,11.0,5212,1,0,1,Biker
74,676.0,0.0,797.0,11.0,5213,1,0,1,Biker
74,676.0,0.0,797.0,11.0,5214,1,0,1,Biker
74,676.0,0.0,797.0,11.0,5215,1,0,1,Biker
74,676.0,0.0,797.0,11.0,5216,1,0,1,Biker
74,676.0,0.0,797.0,11.0,5217,1,0,1,Biker
74,676.0,0.0,797.0,11.0,5218,1,0,1,Biker
74,676.0,0.0,797.0,11.0,5219,1,0,1,Biker
74,676.0,0.0,797.0,11.0,5220,1,0,1,Biker
74,676.0,0.0,797.0,11.0,5221,1,0,1,Biker
74,676.0,0.0,797.0,11.0,5222,1,0,1,Biker
74,676.0,0.0,797.0,11.0,5223,1,0,1,Biker
74,676.0,0.0,797.0,11.0,5224,1,0,1,Biker
74,676.0,0.0,797.0,11.0,5225,1,0,1,Biker
74,676.0,0.0,797.0,11.0,5226,1,0,1,Biker
74,676.0,0.0,797.0,11.0,5227,1,0,1,Biker
74,676.0,0.0,797.0,11.0,5228,1,0,1,Biker
74,676.0,0.0,797.0,11.0,5229,1,0,1,Biker
74,676.0,0.0,797.0,11.0,5230,1,0,1,Biker
74,676.0,0.0,797.0,11.0,5231,1,0,1,Biker
74,676.0,0.0,797.0,11.0,5232,1,0,1,Biker
74,676.0,0.0,797.0,11.0,5233,1,0,1,Biker
74,676.0,0.0,797.0,11.0,5234,1,0,1,Biker
74,676.0,0.0,797.0,11.0,5235,1,0,1,Biker
74,676.0,0.0,797.0,11.0,5236,1,0,1,Biker
74,676.0,0.0,797.0,11.0,5237,1,0,1,Biker
74,676.0,0.0,797.0,11.0,5238,1,0,1,Biker
74,676.0,0.0,797.0,11.0,5239,1,0,1,Biker
74,676.0,0.0,797.0,11.0,5240,1,0,1,Biker
74,676.0,0.0,797.0,11.0,5241,1,0,1,Biker
74,676.0,0.0,797.0,11.0,5242,1,0,1,Biker
74,676.0,0.0,797.0,11.0,5243,1,0,1,Biker
74,676.0,0.0,797.0,11.0,5244,1,0,1,Biker
74,676.0,0.0,797.0,11.0,5245,1,0,1,Biker
74,676.0,0.0,797.0,11.0,5246,1,0,1,Biker
74,676.0,0.0,797.0,11.0,5247,1,0,1,Biker
74,676.0,0.0,797.0,11.0,5248,1,0,1,Biker
74,676.0,0.0,797.0,11.0,5249,1,0,1,Biker
74,676.0,0.0,797.0,11.0,5250,1,0,1,Biker
74,676.0,0.0,797.0,11.0,5251,1,0,1,Biker
74,676.0,0.0,797.0,11.0,5252,1,0,1,Biker
74,676.0,0.0,797.0,11.0,5253,1,0,1,Biker
74,676.0,0.0,797.0,11.0,5254,1,0,1,Biker
74,676.0,0.0,797.0,11.0,5255,1,0,1,Biker
74,676.0,0.0,797.0,11.0,5256,1,0,1,Biker
74,676.0,0.0,797.0,11.0,5257,1,0,1,Biker
74,676.0,0.0,797.0,11.0,5258,1,0,1,Biker
74,676.0,0.0,797.0,11.0,5259,1,0,1,Biker
74,676.0,0.0,797.0,11.0,5260,1,0,1,Biker
74,676.0,0.0,797.0,11.0,5261,1,0,1,Biker
74,676.0,0.0,797.0,11.0,5262,1,0,1,Biker
74,676.0,0.0,797.0,11.0,5263,1,0,1,Biker
74,676.0,0.0,797.0,11.0,5264,1,0,1,Biker
74,676.0,0.0,797.0,11.0,5265,1,0,1,Biker
74,676.0,0.0,797.0,11.0,5266,1,0,1,Biker
74,676.0,0.0,797.0,11.0,5267,1,0,1,Biker
74,676.0,0.0,797.0,11.0,5268,1,0,1,Biker
74,676.0,0.0,797.0,11.0,5269,1,0,1,Biker
74,676.0,0.0,797.0,11.0,5270,1,0,1,Biker
74,676.0,0.0,797.0,11.0,5271,1,0,1,Biker
74,676.0,0.0,797.0,11.0,5272,1,0,1,Biker
74,676.0,0.0,797.0,11.0,5273,1,0,1,Biker
74,676.0,0.0,797.0,11.0,5274,1,0,1,Biker
74,676.0,0.0,797.0,11.0,5275,1,0,1,Biker
74,676.0,0.0,797.0,11.0,5276,1,0,1,Biker
74,676.0,0.0,797.0,11.0,5277,1,0,1,Biker
74,676.0,0.0,797.0,11.0,5278,1,0,1,Biker
74,676.0,0.0,797.0,11.0,5279,1,0,1,Biker
74,676.0,0.0,797.0,11.0,5280,1,0,1,Biker
74,676.0,0.0,797.0,11.0,5281,1,0,1,Biker
74,676.0,0.0,797.0,11.0,5282,1,0,1,Biker
74,676.0,0.0,797.0,11.0,5283,1,0,1,Biker
74,676.0,0.0,797.0,11.0,5284,1,0,1,Biker
74,676.0,0.0,797.0,11.0,5285,1,0,1,Biker
74,676.0,0.0,797.0,11.0,5286,1,0,1,Biker
74,676.0,0.0,797.0,11.0,5287,1,0,1,Biker
74,676.0,0.0,797.0,11.0,5288,1,0,1,Biker
74,676.0,0.0,797.0,11.0,5289,1,0,1,Biker
74,676.0,0.0,797.0,11.0,5290,1,0,1,Biker
74,676.0,0.0,797.0,11.0,5291,1,0,1,Biker
74,676.0,0.0,797.0,11.0,5292,1,0,1,Biker
74,676.0,0.0,797.0,11.0,5293,1,0,1,Biker
74,676.0,0.0,797.0,11.0,5294,1,0,1,Biker
74,676.0,0.0,797.0,11.0,5295,1,0,1,Biker
74,676.0,0.0,797.0,11.0,5296,1,0,1,Biker
74,676.0,0.0,797.0,11.0,5297,1,0,1,Biker
74,676.0,0.0,797.0,11.0,5298,1,0,1,Biker
74,676.0,0.0,797.0,11.0,5299,1,0,1,Biker
74,676.0,0.0,797.0,11.0,5300,1,0,1,Biker
74,676.0,0.0,797.0,11.0,5301,1,0,1,Biker
74,676.0,0.0,797.0,11.0,5302,1,0,1,Biker
74,676.0,0.0,797.0,11.0,5303,1,0,1,Biker
74,676.0,0.0,797.0,11.0,5304,1,0,1,Biker
74,676.0,0.0,797.0,11.0,5305,1,0,1,Biker
74,676.0,0.0,797.0,11.0,5306,1,0,1,Biker
74,676.0,0.0,797.0,11.0,5307,1,0,1,Biker
74,676.0,0.0,797.0,11.0,5308,1,0,1,Biker
74,676.0,0.0,797.0,11.0,5309,1,0,1,Biker
74,676.0,0.0,797.0,11.0,5310,1,0,1,Biker
74,676.0,0.0,797.0,11.0,5311,1,0,1,Biker
74,676.0,0.0,797.0,11.0,5312,1,0,1,Biker
74,676.0,0.0,797.0,11.0,5313,1,0,1,Biker
74,676.0,0.0,797.0,11.0,5314,1,0,1,Biker
74,676.0,0.0,797.0,11.0,5315,1,0,1,Biker
74,676.0,0.0,797.0,11.0,5316,1,0,1,Biker
74,676.0,0.0,797.0,11.0,5317,1,0,1,Biker
74,676.0,0.0,797.0,11.0,5318,1,0,1,Biker
74,676.0,0.0,797.0,11.0,5319,1,0,1,Biker
74,676.0,0.0,797.0,11.0,5320,1,0,1,Biker
74,676.0,0.0,797.0,11.0,5321,1,0,1,Biker
74,676.0,0.0,797.0,11.0,5322,1,0,1,Biker
74,676.0,0.0,797.0,11.0,5323,1,0,1,Biker
74,676.0,0.0,797.0,11.0,5324,1,0,1,Biker
74,676.0,0.0,797.0,11.0,5325,1,0,1,Biker
74,676.0,0.0,797.0,11.0,5326,1,0,1,Biker
74,676.0,0.0,797.0,11.0,5327,1,0,1,Biker
74,676.0,0.0,797.0,11.0,5328,1,0,1,Biker
74,676.0,0.0,797.0,11.0,5329,1,0,1,Biker
74,676.0,0.0,797.0,11.0,5330,1,0,1,Biker
74,676.0,0.0,797.0,11.0,5331,1,0,1,Biker
74,676.0,0.0,797.0,11.0,5332,1,0,1,Biker
74,676.0,0.0,797.0,11.0,5333,1,0,1,Biker
74,676.0,0.0,797.0,11.0,5334,1,0,1,Biker
74,676.0,0.0,797.0,11.0,5335,1,0,1,Biker
74,676.0,0.0,797.0,11.0,5336,1,0,1,Biker
74,676.0,0.0,797.0,11.0,5337,1,0,1,Biker
74,676.0,0.0,797.0,11.0,5338,1,0,1,Biker
74,676.0,0.0,797.0,11.0,5339,1,0,1,Biker
74,676.0,0.0,797.0,11.0,5340,1,0,1,Biker
74,676.0,0.0,797.0,11.0,5341,1,0,1,Biker
74,676.0,0.0,797.0,11.0,5342,1,0,1,Biker
74,676.0,0.0,797.0,11.0,5343,1,0,1,Biker
74,676.0,0.0,797.0,11.0,5344,1,0,1,Biker
74,676.0,0.0,797.0,11.0,5345,1,0,1,Biker
74,676.0,0.0,797.0,11.0,5346,1,0,1,Biker
74,676.0,0.0,797.0,11.0,5347,1,0,1,Biker
74,676.0,0.0,797.0,11.0,5348,1,0,1,Biker
74,676.0,0.0,797.0,11.0,5349,1,0,1,Biker
74,676.0,0.0,797.0,11.0,5350,1,0,1,Biker
74,676.0,0.0,797.0,11.0,5351,1,0,1,Biker
74,676.0,0.0,797.0,11.0,5352,1,0,1,Biker
74,676.0,0.0,797.0,11.0,5353,1,0,1,Biker
74,676.0,0.0,797.0,11.0,5354,1,0,1,Biker
74,676.0,0.0,797.0,11.0,5355,1,0,1,Biker
74,676.0,0.0,797.0,11.0,5356,1,0,1,Biker
74,676.0,0.0,797.0,11.0,5357,1,0,1,Biker
74,676.0,0.0,797.0,11.0,5358,1,0,1,Biker
74,676.0,0.0,797.0,11.0,5359,1,0,1,Biker
74,676.0,0.0,797.0,11.0,5360,1,0,1,Biker
74,676.0,0.0,797.0,11.0,5361,1,0,1,Biker
74,676.0,0.0,797.0,11.0,5362,1,0,1,Biker
74,676.0,0.0,797.0,11.0,5363,1,0,1,Biker
74,676.0,0.0,797.0,11.0,5364,1,0,1,Biker
74,676.0,0.0,797.0,11.0,5365,1,0,1,Biker
74,676.0,0.0,797.0,11.0,5366,1,0,1,Biker
74,676.0,0.0,797.0,11.0,5367,1,0,1,Biker
74,676.0,0.0,797.0,11.0,5368,1,0,1,Biker
74,676.0,0.0,797.0,11.0,5369,1,0,1,Biker
74,676.0,0.0,797.0,11.0,5370,1,0,1,Biker
74,676.0,0.0,797.0,11.0,5371,1,0,1,Biker
74,676.0,0.0,797.0,11.0,5372,1,0,1,Biker
74,676.0,0.0,797.0,11.0,5373,1,0,1,Biker
74,676.0,0.0,797.0,11.0,5374,1,0,1,Biker
74,676.0,0.0,797.0,11.0,5375,1,0,1,Biker
74,676.0,0.0,797.0,11.0,5376,1,0,1,Biker
74,676.0,0.0,797.0,11.0,5377,1,0,1,Biker
74,676.0,0.0,797.0,11.0,5378,1,0,1,Biker
74,676.0,0.0,797.0,11.0,5379,1,0,1,Biker
74,676.0,0.0,797.0,11.0,5380,1,0,1,Biker
74,676.0,0.0,797.0,11.0,5381,1,0,1,Biker
74,676.0,0.0,797.0,11.0,5382,1,0,1,Biker
74,676.0,0.0,797.0,11.0,5383,1,0,1,Biker
74,676.0,0.0,797.0,11.0,5384,1,0,1,Biker
74,676.0,0.0,797.0,11.0,5385,1,0,1,Biker
74,676.0,0.0,797.0,11.0,5386,1,0,1,Biker
74,676.0,0.0,797.0,11.0,5387,1,0,1,Biker
74,676.0,0.0,797.0,11.0,5388,1,0,1,Biker
74,676.0,0.0,797.0,11.0,5389,1,0,1,Biker
74,676.0,0.0,797.0,11.0,5390,1,0,1,Biker
74,676.0,0.0,797.0,11.0,5391,1,0,1,Biker
74,676.0,0.0,797.0,11.0,5392,1,0,1,Biker
74,676.0,0.0,797.0,11.0,5393,1,0,1,Biker
74,676.0,0.0,797.0,11.0,5394,1,0,1,Biker
74,676.0,0.0,797.0,11.0,5395,1,0,1,Biker
74,676.0,0.0,797.0,11.0,5396,1,0,1,Biker
74,676.0,0.0,797.0,11.0,5397,1,0,1,Biker
74,676.0,0.0,797.0,11.0,5398,1,0,1,Biker
74,676.0,0.0,797.0,11.0,5399,1,0,1,Biker
74,676.0,0.0,797.0,11.0,5400,1,0,1,Biker
74,676.0,0.0,797.0,11.0,5401,1,0,1,Biker
74,676.0,0.0,797.0,11.0,5402,1,0,1,Biker
74,676.0,0.0,797.0,11.0,5403,1,0,1,Biker
74,676.0,0.0,797.0,11.0,5404,1,0,1,Biker
74,676.0,0.0,797.0,11.0,5405,1,0,1,Biker
74,676.0,0.0,797.0,11.0,5406,1,0,1,Biker
74,676.0,0.0,797.0,11.0,5407,1,0,1,Biker
74,676.0,0.0,797.0,11.0,5408,1,0,1,Biker
74,676.0,0.0,797.0,11.0,5409,1,0,1,Biker
74,676.0,0.0,797.0,11.0,5410,1,0,1,Biker
74,676.0,0.0,797.0,11.0,5411,1,0,1,Biker
74,676.0,0.0,797.0,11.0,5412,1,0,1,Biker
74,676.0,0.0,797.0,11.0,5413,1,0,1,Biker
74,676.0,0.0,797.0,11.0,5414,1,0,1,Biker
74,676.0,0.0,797.0,11.0,5415,1,0,1,Biker
74,676.0,0.0,797.0,11.0,5416,1,0,1,Biker
74,676.0,0.0,797.0,11.0,5417,1,0,1,Biker
74,676.0,0.0,797.0,11.0,5418,1,0,1,Biker
74,676.0,0.0,797.0,11.0,5419,1,0,1,Biker
74,676.0,0.0,797.0,11.0,5420,1,0,1,Biker
74,676.0,0.0,797.0,11.0,5421,1,0,1,Biker
74,676.0,0.0,797.0,11.0,5422,1,0,1,Biker
74,676.0,0.0,797.0,11.0,5423,1,0,1,Biker
74,676.0,0.0,797.0,11.0,5424,1,0,1,Biker
74,676.0,0.0,797.0,11.0,5425,1,0,1,Biker
74,676.0,0.0,797.0,11.0,5426,1,0,1,Biker
74,676.0,0.0,797.0,11.0,5427,1,0,1,Biker
74,676.0,0.0,797.0,11.0,5428,1,0,1,Biker
74,676.0,0.0,797.0,11.0,5429,1,0,1,Biker
74,676.0,0.0,797.0,11.0,5430,1,0,1,Biker
74,676.0,0.0,797.0,11.0,5431,1,0,1,Biker
74,676.0,0.0,797.0,11.0,5432,1,0,1,Biker
74,676.0,0.0,797.0,11.0,5433,1,0,1,Biker
74,676.0,0.0,797.0,11.0,5434,1,0,1,Biker
74,676.0,0.0,797.0,11.0,5435,1,0,1,Biker
74,676.0,0.0,797.0,11.0,5436,1,0,1,Biker
74,676.0,0.0,797.0,11.0,5437,1,0,1,Biker
74,676.0,0.0,797.0,11.0,5438,1,0,1,Biker
74,676.0,0.0,797.0,11.0,5439,1,0,1,Biker
74,676.0,0.0,797.0,11.0,5440,1,0,1,Biker
74,676.0,0.0,797.0,11.0,5441,1,0,1,Biker
74,676.0,0.0,797.0,11.0,5442,1,0,1,Biker
74,676.0,0.0,797.0,11.0,5443,1,0,1,Biker
74,676.0,0.0,797.0,11.0,5444,1,0,1,Biker
74,676.0,0.0,797.0,11.0,5445,1,0,1,Biker
74,676.0,0.0,797.0,11.0,5446,1,0,1,Biker
74,676.0,0.0,797.0,11.0,5447,1,0,1,Biker
74,676.0,0.0,797.0,11.0,5448,1,0,1,Biker
74,676.0,0.0,797.0,11.0,5449,1,0,1,Biker
74,676.0,0.0,797.0,11.0,5450,1,0,1,Biker
74,676.0,0.0,797.0,11.0,5451,1,0,1,Biker
74,676.0,0.0,797.0,11.0,5452,1,0,1,Biker
74,676.0,0.0,797.0,11.0,5453,1,0,1,Biker
74,676.0,0.0,797.0,11.0,5454,1,0,1,Biker
74,676.0,0.0,797.0,11.0,5455,1,0,1,Biker
74,676.0,0.0,797.0,11.0,5456,1,0,1,Biker
74,676.0,0.0,797.0,11.0,5457,1,0,1,Biker
74,676.0,0.0,797.0,11.0,5458,1,0,1,Biker
74,676.0,0.0,797.0,11.0,5459,1,0,1,Biker
74,676.0,0.0,797.0,11.0,5460,1,0,1,Biker
74,676.0,0.0,797.0,11.0,5461,1,0,1,Biker
74,676.0,0.0,797.0,11.0,5462,1,0,1,Biker
74,676.0,0.0,797.0,11.0,5463,1,0,1,Biker
74,676.0,0.0,797.0,11.0,5464,1,0,1,Biker
74,676.0,0.0,797.0,11.0,5465,1,0,1,Biker
74,676.0,0.0,797.0,11.0,5466,1,0,1,Biker
74,676.0,0.0,797.0,11.0,5467,1,0,1,Biker
74,676.0,0.0,797.0,11.0,5468,1,0,1,Biker
74,676.0,0.0,797.0,11.0,5469,1,0,1,Biker
74,676.0,0.0,797.0,11.0,5470,1,0,1,Biker
74,676.0,0.0,797.0,11.0,5471,1,0,1,Biker
74,676.0,0.0,797.0,11.0,5472,1,0,1,Biker
74,676.0,0.0,797.0,11.0,5473,1,0,1,Biker
74,676.0,0.0,797.0,11.0,5474,1,0,1,Biker
74,676.0,0.0,797.0,11.0,5475,1,0,1,Biker
74,676.0,0.0,797.0,11.0,5476,1,0,1,Biker
74,676.0,0.0,797.0,11.0,5477,1,0,1,Biker
74,676.0,0.0,797.0,11.0,5478,1,0,1,Biker
74,676.0,0.0,797.0,11.0,5479,1,0,1,Biker
74,676.0,0.0,797.0,11.0,5480,1,0,1,Biker
74,676.0,0.0,797.0,11.0,5481,1,0,1,Biker
74,676.0,0.0,797.0,11.0,5482,1,0,1,Biker
74,676.0,0.0,797.0,11.0,5483,1,0,1,Biker
74,676.0,0.0,797.0,11.0,5484,1,0,1,Biker
74,676.0,0.0,797.0,11.0,5485,1,0,1,Biker
74,676.0,0.0,797.0,11.0,5486,1,0,1,Biker
74,676.0,0.0,797.0,11.0,5487,1,0,1,Biker
74,676.0,0.0,797.0,11.0,5488,1,0,1,Biker
74,676.0,0.0,797.0,11.0,5489,1,0,1,Biker
74,676.0,0.0,797.0,11.0,5490,1,0,1,Biker
74,676.0,0.0,797.0,11.0,5491,1,0,1,Biker
74,676.0,0.0,797.0,11.0,5492,1,0,1,Biker
74,676.0,0.0,797.0,11.0,5493,1,0,1,Biker
74,676.0,0.0,797.0,11.0,5494,1,0,1,Biker
74,676.0,0.0,797.0,11.0,5495,1,0,1,Biker
74,676.0,0.0,797.0,11.0,5496,1,0,1,Biker
74,676.0,0.0,797.0,11.0,5497,1,0,1,Biker
74,676.0,0.0,797.0,11.0,5498,1,0,1,Biker
74,676.0,0.0,797.0,11.0,5499,1,0,1,Biker
74,676.0,0.0,797.0,11.0,5500,1,0,1,Biker
74,676.0,0.0,797.0,11.0,5501,1,0,1,Biker
74,676.0,0.0,797.0,11.0,5502,1,0,1,Biker
74,676.0,0.0,797.0,11.0,5503,1,0,1,Biker
74,676.0,0.0,797.0,11.0,5504,1,0,1,Biker
74,676.0,0.0,797.0,11.0,5505,1,0,1,Biker
74,676.0,0.0,797.0,11.0,5506,1,0,1,Biker
74,676.0,0.0,797.0,11.0,5507,1,0,1,Biker
74,676.0,0.0,797.0,11.0,5508,1,0,1,Biker
74,676.0,0.0,797.0,11.0,5509,1,0,1,Biker
74,676.0,0.0,797.0,11.0,5510,1,0,1,Biker
74,676.0,0.0,797.0,11.0,5511,1,0,1,Biker
74,676.0,0.0,797.0,11.0,5512,1,0,1,Biker
74,676.0,0.0,797.0,11.0,5513,1,0,1,Biker
74,676.0,0.0,797.0,11.0,5514,1,0,1,Biker
74,676.0,0.0,797.0,11.0,5515,1,0,1,Biker
74,676.0,0.0,797.0,11.0,5516,1,0,1,Biker
74,676.0,0.0,797.0,11.0,5517,1,0,1,Biker
74,676.0,0.0,797.0,11.0,5518,1,0,1,Biker
74,676.0,0.0,797.0,11.0,5519,1,0,1,Biker
74,676.0,0.0,797.0,11.0,5520,1,0,1,Biker
74,676.0,0.0,797.0,11.0,5521,1,0,1,Biker
74,676.0,0.0,797.0,11.0,5522,1,0,1,Biker
74,676.0,0.0,797.0,11.0,5523,1,0,1,Biker
74,676.0,0.0,797.0,11.0,5524,1,0,1,Biker
74,676.0,0.0,797.0,11.0,5525,1,0,1,Biker
74,676.0,0.0,797.0,11.0,5526,1,0,1,Biker
74,676.0,0.0,797.0,11.0,5527,1,0,1,Biker
74,676.0,0.0,797.0,11.0,5528,1,0,1,Biker
74,676.0,0.0,797.0,11.0,5529,1,0,1,Biker
74,676.0,0.0,797.0,11.0,5530,1,0,1,Biker
74,676.0,0.0,797.0,11.0,5531,1,0,0,Biker
75,643.0,6.0,693.0,40.0,9000,1,0,0,Pedestrian
75,643.0,4.0,693.0,38.0,9001,1,0,1,Pedestrian
75,643.0,4.0,693.0,38.0,9002,1,0,1,Pedestrian
75,643.0,4.0,693.0,38.0,9003,1,0,1,Pedestrian
75,643.0,4.0,693.0,38.0,9004,1,0,1,Pedestrian
75,643.0,4.0,693.0,38.0,9005,1,0,1,Pedestrian
75,643.0,4.0,693.0,38.0,9006,1,0,1,Pedestrian
75,643.0,4.0,693.0,38.0,9007,1,0,1,Pedestrian
75,643.0,4.0,693.0,38.0,9008,1,0,1,Pedestrian
75,643.0,4.0,693.0,38.0,9009,1,0,1,Pedestrian
75,643.0,4.0,693.0,38.0,9010,1,0,1,Pedestrian
75,643.0,4.0,693.0,38.0,9011,1,0,1,Pedestrian
75,643.0,4.0,693.0,38.0,9012,1,0,1,Pedestrian
75,643.0,4.0,693.0,38.0,9013,1,0,1,Pedestrian
75,643.0,4.0,693.0,38.0,9014,1,0,1,Pedestrian
75,643.0,4.0,693.0,38.0,9015,1,0,1,Pedestrian
75,643.0,4.0,693.0,38.0,9016,1,0,1,Pedestrian
75,643.0,4.0,693.0,38.0,9017,1,0,1,Pedestrian
75,643.0,4.0,693.0,38.0,9018,1,0,1,Pedestrian
75,643.0,4.0,693.0,38.0,9019,1,0,1,Pedestrian
75,643.0,4.0,693.0,38.0,9020,1,0,1,Pedestrian
75,643.0,4.0,693.0,38.0,9021,1,0,1,Pedestrian
75,643.0,4.0,693.0,38.0,9022,1,0,1,Pedestrian
75,643.0,4.0,693.0,38.0,9023,1,0,1,Pedestrian
75,643.0,4.0,693.0,38.0,9024,1,0,1,Pedestrian
75,643.0,4.0,693.0,38.0,9025,1,0,1,Pedestrian
75,643.0,4.0,693.0,38.0,9026,1,0,1,Pedestrian
75,643.0,4.0,693.0,38.0,9027,1,0,1,Pedestrian
75,643.0,4.0,693.0,38.0,9028,1,0,1,Pedestrian
75,643.0,4.0,693.0,38.0,9029,1,0,1,Pedestrian
75,643.0,4.0,693.0,38.0,9030,1,0,1,Pedestrian
75,643.0,4.0,693.0,38.0,9031,1,0,1,Pedestrian
75,643.0,4.0,693.0,38.0,9032,1,0,1,Pedestrian
75,643.0,4.0,693.0,38.0,9033,1,0,1,Pedestrian
75,643.0,4.0,693.0,38.0,9034,1,0,1,Pedestrian
75,643.0,4.0,693.0,36.0,9035,1,0,1,Pedestrian
75,643.0,4.0,693.0,36.0,9036,1,0,1,Pedestrian
75,643.0,4.0,693.0,36.0,9037,1,0,1,Pedestrian
75,643.0,4.0,693.0,36.0,9038,1,0,1,Pedestrian
75,643.0,4.0,693.0,36.0,9039,1,0,1,Pedestrian
75,643.0,4.0,693.0,36.0,9040,1,0,1,Pedestrian
75,643.0,4.0,693.0,36.0,9041,1,0,1,Pedestrian
75,643.0,4.0,693.0,36.0,9042,1,0,1,Pedestrian
75,643.0,4.0,693.0,36.0,9043,1,0,1,Pedestrian
75,643.0,4.0,693.0,36.0,9044,1,0,1,Pedestrian
75,643.0,4.0,693.0,36.0,9045,1,0,1,Pedestrian
75,643.0,4.0,693.0,36.0,9046,1,0,1,Pedestrian
75,643.0,2.0,693.0,36.0,9047,1,0,1,Pedestrian
75,643.0,2.0,693.0,36.0,9048,1,0,1,Pedestrian
75,643.0,2.0,693.0,36.0,9049,1,0,1,Pedestrian
75,643.0,2.0,693.0,36.0,9050,1,0,1,Pedestrian
75,643.0,2.0,693.0,36.0,9051,1,0,1,Pedestrian
75,643.0,2.0,693.0,36.0,9052,1,0,1,Pedestrian
75,643.0,2.0,693.0,36.0,9053,1,0,1,Pedestrian
75,643.0,2.0,693.0,36.0,9054,1,0,1,Pedestrian
75,643.0,2.0,693.0,36.0,9055,1,0,1,Pedestrian
75,643.0,2.0,693.0,36.0,9056,1,0,1,Pedestrian
75,643.0,2.0,693.0,36.0,9057,1,0,1,Pedestrian
75,643.0,2.0,693.0,36.0,9058,1,0,1,Pedestrian
75,643.0,2.0,693.0,36.0,9059,1,0,1,Pedestrian
75,643.0,2.0,693.0,36.0,9060,1,0,1,Pedestrian
75,643.0,2.0,693.0,36.0,9061,1,0,1,Pedestrian
75,643.0,2.0,693.0,36.0,9062,1,0,1,Pedestrian
75,643.0,2.0,693.0,36.0,9063,1,0,1,Pedestrian
75,643.0,2.0,693.0,36.0,9064,1,0,1,Pedestrian
75,643.0,2.0,693.0,36.0,9065,1,0,1,Pedestrian
75,643.0,2.0,693.0,36.0,9066,1,0,1,Pedestrian
75,643.0,2.0,693.0,36.0,9067,1,0,1,Pedestrian
75,643.0,2.0,693.0,36.0,9068,1,0,1,Pedestrian
75,643.0,2.0,693.0,36.0,9069,1,0,1,Pedestrian
75,643.0,2.0,693.0,34.0,9070,1,0,1,Pedestrian
75,643.0,2.0,693.0,34.0,9071,1,0,1,Pedestrian
75,643.0,2.0,693.0,34.0,9072,1,0,1,Pedestrian
75,643.0,2.0,693.0,34.0,9073,1,0,1,Pedestrian
75,643.0,2.0,693.0,34.0,9074,1,0,1,Pedestrian
75,643.0,2.0,693.0,34.0,9075,1,0,1,Pedestrian
75,643.0,2.0,693.0,34.0,9076,1,0,1,Pedestrian
75,643.0,2.0,693.0,34.0,9077,1,0,1,Pedestrian
75,643.0,2.0,693.0,34.0,9078,1,0,1,Pedestrian
75,643.0,2.0,693.0,34.0,9079,1,0,1,Pedestrian
75,643.0,2.0,693.0,34.0,9080,1,0,1,Pedestrian
75,643.0,2.0,693.0,34.0,9081,1,0,1,Pedestrian
75,643.0,2.0,693.0,34.0,9082,1,0,1,Pedestrian
75,643.0,2.0,693.0,34.0,9083,1,0,1,Pedestrian
75,643.0,2.0,693.0,34.0,9084,1,0,1,Pedestrian
75,643.0,2.0,693.0,34.0,9085,1,0,1,Pedestrian
75,643.0,2.0,693.0,34.0,9086,1,0,1,Pedestrian
75,643.0,2.0,693.0,34.0,9087,1,0,1,Pedestrian
75,643.0,2.0,693.0,34.0,9088,1,0,1,Pedestrian
75,643.0,2.0,693.0,34.0,9089,1,0,1,Pedestrian
75,643.0,2.0,693.0,34.0,9090,1,0,1,Pedestrian
75,643.0,2.0,693.0,34.0,9091,1,0,1,Pedestrian
75,643.0,2.0,693.0,34.0,9092,1,0,1,Pedestrian
75,643.0,0.0,693.0,34.0,9093,1,0,1,Pedestrian
75,643.0,0.0,693.0,34.0,9094,1,0,1,Pedestrian
75,643.0,0.0,693.0,34.0,9095,1,0,1,Pedestrian
75,643.0,0.0,693.0,34.0,9096,1,0,1,Pedestrian
75,643.0,0.0,693.0,34.0,9097,1,0,1,Pedestrian
75,643.0,0.0,693.0,34.0,9098,1,0,1,Pedestrian
75,643.0,0.0,693.0,34.0,9099,1,0,1,Pedestrian
75,643.0,0.0,693.0,34.0,9100,1,0,1,Pedestrian
75,643.0,0.0,693.0,34.0,9101,1,0,1,Pedestrian
75,643.0,0.0,693.0,34.0,9102,1,0,1,Pedestrian
75,643.0,0.0,693.0,34.0,9103,1,0,1,Pedestrian
75,643.0,0.0,693.0,31.0,9104,1,0,1,Pedestrian
75,643.0,0.0,693.0,31.0,9105,1,0,1,Pedestrian
75,643.0,0.0,693.0,31.0,9106,1,0,1,Pedestrian
75,643.0,0.0,693.0,31.0,9107,1,0,1,Pedestrian
75,643.0,0.0,693.0,31.0,9108,1,0,1,Pedestrian
75,643.0,0.0,693.0,31.0,9109,1,0,1,Pedestrian
75,643.0,0.0,693.0,31.0,9110,1,0,1,Pedestrian
75,643.0,0.0,693.0,31.0,9111,1,0,1,Pedestrian
75,643.0,0.0,693.0,31.0,9112,1,0,1,Pedestrian
75,643.0,0.0,693.0,31.0,9113,1,0,1,Pedestrian
75,643.0,0.0,693.0,31.0,9114,1,0,1,Pedestrian
75,643.0,0.0,693.0,31.0,9115,1,0,1,Pedestrian
75,643.0,0.0,693.0,31.0,9116,1,0,1,Pedestrian
75,643.0,0.0,693.0,31.0,9117,1,0,1,Pedestrian
75,643.0,0.0,693.0,31.0,9118,1,0,1,Pedestrian
75,643.0,0.0,693.0,31.0,9119,1,0,1,Pedestrian
75,643.0,0.0,693.0,31.0,9120,1,0,1,Pedestrian
75,643.0,0.0,693.0,31.0,9121,1,0,1,Pedestrian
75,643.0,0.0,693.0,31.0,9122,1,0,1,Pedestrian
75,643.0,0.0,693.0,31.0,9123,1,0,1,Pedestrian
75,643.0,0.0,693.0,31.0,9124,1,0,1,Pedestrian
75,643.0,0.0,693.0,31.0,9125,1,0,1,Pedestrian
75,643.0,0.0,693.0,31.0,9126,1,0,1,Pedestrian
75,643.0,0.0,693.0,31.0,9127,1,0,1,Pedestrian
75,643.0,0.0,693.0,31.0,9128,1,0,1,Pedestrian
75,643.0,0.0,693.0,31.0,9129,1,0,1,Pedestrian
75,643.0,0.0,693.0,31.0,9130,1,0,1,Pedestrian
75,643.0,0.0,693.0,31.0,9131,1,0,1,Pedestrian
75,643.0,0.0,693.0,31.0,9132,1,0,1,Pedestrian
75,643.0,0.0,693.0,31.0,9133,1,0,1,Pedestrian
75,643.0,0.0,693.0,31.0,9134,1,0,1,Pedestrian
75,643.0,0.0,693.0,31.0,9135,1,0,1,Pedestrian
75,643.0,0.0,693.0,31.0,9136,1,0,1,Pedestrian
75,643.0,0.0,693.0,31.0,9137,1,0,1,Pedestrian
75,643.0,0.0,693.0,31.0,9138,0,0,0,Pedestrian
75,643.0,0.0,693.0,31.0,9139,0,0,1,Pedestrian
75,643.0,2.0,693.0,34.0,9140,0,0,1,Pedestrian
75,643.0,2.0,693.0,34.0,9141,0,0,1,Pedestrian
75,643.0,4.0,693.0,36.0,9142,0,0,1,Pedestrian
75,643.0,4.0,693.0,36.0,9143,0,0,1,Pedestrian
75,643.0,6.0,693.0,38.0,9144,0,0,1,Pedestrian
75,643.0,6.0,693.0,38.0,9145,0,0,1,Pedestrian
75,643.0,9.0,693.0,40.0,9146,0,0,1,Pedestrian
75,646.0,9.0,695.0,40.0,9147,0,0,1,Pedestrian
75,646.0,11.0,695.0,43.0,9148,0,0,1,Pedestrian
75,646.0,13.0,695.0,45.0,9149,0,0,1,Pedestrian
75,646.0,13.0,695.0,45.0,9150,0,0,1,Pedestrian
75,646.0,15.0,695.0,47.0,9151,0,0,1,Pedestrian
75,646.0,15.0,695.0,47.0,9152,0,0,1,Pedestrian
75,646.0,18.0,695.0,50.0,9153,0,0,1,Pedestrian
75,646.0,18.0,695.0,50.0,9154,0,0,1,Pedestrian
75,649.0,20.0,698.0,52.0,9155,0,0,1,Pedestrian
75,649.0,20.0,698.0,52.0,9156,0,0,1,Pedestrian
75,649.0,22.0,698.0,54.0,9157,0,0,1,Pedestrian
75,649.0,25.0,698.0,56.0,9158,0,0,1,Pedestrian
75,649.0,25.0,698.0,56.0,9159,0,0,1,Pedestrian
75,649.0,27.0,698.0,59.0,9160,0,0,1,Pedestrian
75,649.0,27.0,698.0,59.0,9161,0,0,1,Pedestrian
75,649.0,29.0,698.0,61.0,9162,0,0,1,Pedestrian
75,649.0,29.0,698.0,61.0,9163,0,0,1,Pedestrian
75,651.0,31.0,701.0,63.0,9164,0,0,1,Pedestrian
75,651.0,31.0,701.0,63.0,9165,0,0,1,Pedestrian
75,651.0,34.0,701.0,66.0,9166,0,0,1,Pedestrian
75,651.0,34.0,701.0,66.0,9167,0,0,1,Pedestrian
75,651.0,36.0,701.0,68.0,9168,0,0,1,Pedestrian
75,651.0,38.0,701.0,70.0,9169,0,0,1,Pedestrian
75,651.0,38.0,701.0,70.0,9170,0,0,1,Pedestrian
75,651.0,40.0,701.0,72.0,9171,0,0,1,Pedestrian
75,654.0,40.0,704.0,72.0,9172,0,0,1,Pedestrian
75,654.0,43.0,704.0,75.0,9173,0,0,1,Pedestrian
75,654.0,43.0,704.0,75.0,9174,0,0,1,Pedestrian
75,654.0,45.0,704.0,77.0,9175,0,0,1,Pedestrian
75,654.0,45.0,704.0,77.0,9176,0,0,1,Pedestrian
75,654.0,47.0,704.0,79.0,9177,0,0,1,Pedestrian
75,654.0,50.0,704.0,81.0,9178,0,0,1,Pedestrian
75,654.0,50.0,704.0,81.0,9179,0,0,1,Pedestrian
75,657.0,52.0,706.0,84.0,9180,0,0,1,Pedestrian
75,657.0,52.0,706.0,84.0,9181,0,0,1,Pedestrian
75,657.0,54.0,706.0,86.0,9182,0,0,1,Pedestrian
75,657.0,54.0,706.0,86.0,9183,0,0,1,Pedestrian
75,657.0,56.0,706.0,88.0,9184,0,0,1,Pedestrian
75,657.0,56.0,706.0,88.0,9185,0,0,1,Pedestrian
75,657.0,59.0,706.0,91.0,9186,0,0,1,Pedestrian
75,657.0,59.0,706.0,91.0,9187,0,0,1,Pedestrian
75,657.0,61.0,706.0,93.0,9188,0,0,1,Pedestrian
75,660.0,63.0,709.0,95.0,9189,0,0,1,Pedestrian
75,660.0,63.0,709.0,95.0,9190,0,0,1,Pedestrian
75,660.0,66.0,709.0,97.0,9191,0,0,1,Pedestrian
75,660.0,66.0,709.0,97.0,9192,0,0,1,Pedestrian
75,660.0,68.0,709.0,100.0,9193,0,0,1,Pedestrian
75,660.0,68.0,709.0,100.0,9194,0,0,1,Pedestrian
75,660.0,70.0,709.0,102.0,9195,0,0,1,Pedestrian
75,660.0,70.0,709.0,102.0,9196,0,0,1,Pedestrian
75,662.0,72.0,712.0,104.0,9197,0,0,1,Pedestrian
75,662.0,75.0,712.0,107.0,9198,0,0,1,Pedestrian
75,662.0,75.0,712.0,107.0,9199,0,0,1,Pedestrian
75,662.0,77.0,712.0,109.0,9200,0,0,1,Pedestrian
75,662.0,77.0,712.0,109.0,9201,0,0,1,Pedestrian
75,662.0,79.0,712.0,111.0,9202,0,0,1,Pedestrian
75,662.0,79.0,712.0,111.0,9203,0,0,1,Pedestrian
75,662.0,81.0,712.0,113.0,9204,0,0,1,Pedestrian
75,662.0,81.0,712.0,113.0,9205,0,0,1,Pedestrian
75,665.0,84.0,715.0,116.0,9206,0,0,1,Pedestrian
75,665.0,84.0,715.0,116.0,9207,0,0,1,Pedestrian
75,665.0,86.0,715.0,118.0,9208,0,0,1,Pedestrian
75,665.0,88.0,715.0,120.0,9209,0,0,1,Pedestrian
75,665.0,88.0,715.0,120.0,9210,0,0,1,Pedestrian
75,665.0,91.0,715.0,122.0,9211,0,0,1,Pedestrian
75,665.0,91.0,715.0,122.0,9212,0,0,1,Pedestrian
75,665.0,93.0,715.0,125.0,9213,0,0,1,Pedestrian
75,668.0,93.0,717.0,125.0,9214,0,0,1,Pedestrian
75,668.0,95.0,717.0,127.0,9215,0,0,1,Pedestrian
75,668.0,95.0,717.0,127.0,9216,0,0,1,Pedestrian
75,668.0,97.0,717.0,129.0,9217,0,0,1,Pedestrian
75,668.0,100.0,717.0,132.0,9218,0,0,1,Pedestrian
75,668.0,100.0,717.0,132.0,9219,0,0,1,Pedestrian
75,668.0,102.0,717.0,134.0,9220,0,0,1,Pedestrian
75,668.0,102.0,717.0,134.0,9221,0,0,1,Pedestrian
75,671.0,104.0,720.0,136.0,9222,0,0,1,Pedestrian
75,671.0,104.0,720.0,136.0,9223,0,0,1,Pedestrian
75,671.0,107.0,720.0,138.0,9224,0,0,1,Pedestrian
75,671.0,107.0,720.0,138.0,9225,0,0,1,Pedestrian
75,671.0,109.0,720.0,141.0,9226,0,0,1,Pedestrian
75,671.0,109.0,720.0,141.0,9227,0,0,1,Pedestrian
75,671.0,111.0,720.0,143.0,9228,0,0,1,Pedestrian
75,671.0,113.0,720.0,145.0,9229,0,0,1,Pedestrian
75,671.0,113.0,720.0,145.0,9230,0,0,1,Pedestrian
75,673.0,116.0,723.0,148.0,9231,0,0,1,Pedestrian
75,673.0,116.0,723.0,148.0,9232,0,0,1,Pedestrian
75,673.0,118.0,723.0,150.0,9233,0,0,1,Pedestrian
75,673.0,118.0,723.0,150.0,9234,0,0,1,Pedestrian
75,673.0,120.0,723.0,152.0,9235,0,0,1,Pedestrian
75,673.0,120.0,723.0,152.0,9236,0,0,1,Pedestrian
75,673.0,122.0,723.0,154.0,9237,0,0,1,Pedestrian
75,673.0,125.0,723.0,157.0,9238,0,0,1,Pedestrian
75,676.0,125.0,726.0,157.0,9239,0,0,1,Pedestrian
75,676.0,127.0,726.0,159.0,9240,0,0,1,Pedestrian
75,676.0,127.0,726.0,159.0,9241,0,0,1,Pedestrian
75,676.0,129.0,726.0,161.0,9242,0,0,1,Pedestrian
75,676.0,129.0,726.0,161.0,9243,0,0,1,Pedestrian
75,676.0,132.0,726.0,163.0,9244,0,0,1,Pedestrian
75,676.0,132.0,726.0,163.0,9245,0,0,1,Pedestrian
75,676.0,134.0,726.0,166.0,9246,0,0,1,Pedestrian
75,679.0,136.0,728.0,168.0,9247,0,0,0,Pedestrian
75,679.0,136.0,728.0,168.0,9248,0,0,1,Pedestrian
75,679.0,138.0,728.0,170.0,9249,0,0,1,Pedestrian
75,679.0,138.0,728.0,170.0,9250,0,0,1,Pedestrian
75,679.0,141.0,728.0,173.0,9251,0,0,1,Pedestrian
75,679.0,143.0,728.0,175.0,9252,0,0,1,Pedestrian
75,679.0,143.0,728.0,175.0,9253,0,0,1,Pedestrian
75,679.0,145.0,728.0,177.0,9254,0,0,1,Pedestrian
75,682.0,148.0,731.0,179.0,9255,0,0,1,Pedestrian
75,682.0,148.0,731.0,179.0,9256,0,0,1,Pedestrian
75,682.0,150.0,731.0,182.0,9257,0,0,1,Pedestrian
75,682.0,150.0,731.0,182.0,9258,0,0,1,Pedestrian
75,682.0,152.0,731.0,184.0,9259,0,0,1,Pedestrian
75,682.0,154.0,731.0,186.0,9260,0,0,1,Pedestrian
75,682.0,154.0,731.0,186.0,9261,0,0,1,Pedestrian
75,684.0,157.0,734.0,188.0,9262,0,0,1,Pedestrian
75,684.0,159.0,734.0,191.0,9263,0,0,1,Pedestrian
75,684.0,159.0,734.0,191.0,9264,0,0,1,Pedestrian
75,684.0,161.0,734.0,193.0,9265,0,0,1,Pedestrian
75,684.0,163.0,734.0,195.0,9266,0,0,1,Pedestrian
75,684.0,163.0,734.0,195.0,9267,0,0,1,Pedestrian
75,684.0,166.0,734.0,198.0,9268,0,0,1,Pedestrian
75,687.0,166.0,737.0,198.0,9269,0,0,1,Pedestrian
75,687.0,168.0,737.0,200.0,9270,0,0,1,Pedestrian
75,687.0,170.0,737.0,202.0,9271,0,0,1,Pedestrian
75,687.0,170.0,737.0,202.0,9272,0,0,1,Pedestrian
75,687.0,173.0,737.0,204.0,9273,0,0,1,Pedestrian
75,687.0,175.0,737.0,207.0,9274,0,0,1,Pedestrian
75,687.0,175.0,737.0,207.0,9275,0,0,1,Pedestrian
75,687.0,177.0,737.0,209.0,9276,0,0,1,Pedestrian
75,690.0,177.0,739.0,209.0,9277,0,0,1,Pedestrian
75,690.0,179.0,739.0,211.0,9278,0,0,1,Pedestrian
75,690.0,182.0,739.0,214.0,9279,0,0,1,Pedestrian
75,690.0,182.0,739.0,214.0,9280,0,0,1,Pedestrian
75,690.0,184.0,739.0,216.0,9281,0,0,1,Pedestrian
75,690.0,186.0,739.0,218.0,9282,0,0,1,Pedestrian
75,690.0,186.0,739.0,218.0,9283,0,0,1,Pedestrian
75,693.0,188.0,742.0,220.0,9284,0,0,1,Pedestrian
75,693.0,191.0,742.0,223.0,9285,0,0,1,Pedestrian
75,693.0,191.0,742.0,223.0,9286,0,0,1,Pedestrian
75,693.0,193.0,742.0,225.0,9287,0,0,1,Pedestrian
75,693.0,193.0,742.0,225.0,9288,0,0,1,Pedestrian
75,693.0,195.0,742.0,227.0,9289,0,0,1,Pedestrian
75,693.0,198.0,742.0,229.0,9290,0,0,1,Pedestrian
75,695.0,198.0,745.0,229.0,9291,0,0,1,Pedestrian
75,695.0,200.0,745.0,232.0,9292,0,0,1,Pedestrian
75,695.0,202.0,745.0,234.0,9293,0,0,1,Pedestrian
75,695.0,202.0,745.0,234.0,9294,0,0,1,Pedestrian
75,695.0,204.0,745.0,236.0,9295,0,0,1,Pedestrian
75,695.0,204.0,745.0,236.0,9296,0,0,1,Pedestrian
75,695.0,207.0,745.0,239.0,9297,0,0,1,Pedestrian
75,695.0,209.0,745.0,241.0,9298,0,0,1,Pedestrian
75,698.0,209.0,748.0,241.0,9299,0,0,1,Pedestrian
75,698.0,211.0,748.0,243.0,9300,0,0,1,Pedestrian
75,698.0,214.0,748.0,245.0,9301,0,0,1,Pedestrian
75,698.0,214.0,748.0,245.0,9302,0,0,1,Pedestrian
75,698.0,216.0,748.0,248.0,9303,0,0,1,Pedestrian
75,698.0,218.0,748.0,250.0,9304,0,0,1,Pedestrian
75,698.0,218.0,748.0,250.0,9305,0,0,1,Pedestrian
75,701.0,220.0,750.0,252.0,9306,0,0,1,Pedestrian
75,701.0,220.0,750.0,252.0,9307,0,0,1,Pedestrian
75,701.0,223.0,750.0,255.0,9308,0,0,1,Pedestrian
75,701.0,225.0,750.0,257.0,9309,0,0,1,Pedestrian
75,701.0,225.0,750.0,257.0,9310,0,0,1,Pedestrian
75,701.0,227.0,750.0,259.0,9311,0,0,1,Pedestrian
75,701.0,229.0,750.0,261.0,9312,0,0,1,Pedestrian
75,704.0,229.0,753.0,261.0,9313,0,0,1,Pedestrian
75,704.0,232.0,753.0,264.0,9314,0,0,1,Pedestrian
75,704.0,234.0,753.0,266.0,9315,0,0,1,Pedestrian
75,704.0,234.0,753.0,266.0,9316,0,0,1,Pedestrian
75,704.0,236.0,753.0,268.0,9317,0,0,1,Pedestrian
75,704.0,236.0,753.0,268.0,9318,0,0,1,Pedestrian
75,704.0,239.0,753.0,270.0,9319,0,0,1,Pedestrian
75,704.0,241.0,753.0,273.0,9320,0,0,1,Pedestrian
75,706.0,241.0,756.0,273.0,9321,0,0,1,Pedestrian
75,706.0,243.0,756.0,275.0,9322,0,0,1,Pedestrian
75,706.0,245.0,756.0,277.0,9323,0,0,1,Pedestrian
75,706.0,245.0,756.0,277.0,9324,0,0,1,Pedestrian
75,706.0,248.0,756.0,280.0,9325,0,0,1,Pedestrian
75,706.0,248.0,756.0,280.0,9326,0,0,1,Pedestrian
75,706.0,250.0,756.0,282.0,9327,0,0,1,Pedestrian
75,709.0,252.0,759.0,284.0,9328,0,0,1,Pedestrian
75,709.0,252.0,759.0,284.0,9329,0,0,1,Pedestrian
75,709.0,255.0,759.0,286.0,9330,0,0,1,Pedestrian
75,709.0,257.0,759.0,289.0,9331,0,0,1,Pedestrian
75,709.0,257.0,759.0,289.0,9332,0,0,1,Pedestrian
75,709.0,259.0,759.0,291.0,9333,0,0,1,Pedestrian
75,709.0,261.0,759.0,293.0,9334,0,0,1,Pedestrian
75,712.0,261.0,761.0,293.0,9335,0,0,1,Pedestrian
75,712.0,264.0,761.0,296.0,9336,0,0,1,Pedestrian
75,712.0,264.0,761.0,296.0,9337,0,0,1,Pedestrian
75,712.0,266.0,761.0,298.0,9338,0,0,1,Pedestrian
75,712.0,268.0,761.0,300.0,9339,0,0,1,Pedestrian
75,712.0,268.0,761.0,300.0,9340,0,0,1,Pedestrian
75,712.0,270.0,761.0,302.0,9341,0,0,1,Pedestrian
75,712.0,273.0,761.0,305.0,9342,0,0,1,Pedestrian
75,715.0,273.0,764.0,305.0,9343,0,0,1,Pedestrian
75,715.0,275.0,764.0,307.0,9344,0,0,1,Pedestrian
75,715.0,275.0,764.0,307.0,9345,0,0,1,Pedestrian
75,715.0,277.0,764.0,309.0,9346,0,0,1,Pedestrian
75,715.0,280.0,764.0,311.0,9347,0,0,1,Pedestrian
75,715.0,280.0,764.0,311.0,9348,0,0,1,Pedestrian
75,715.0,282.0,764.0,314.0,9349,0,0,1,Pedestrian
75,717.0,284.0,767.0,316.0,9350,0,0,1,Pedestrian
75,717.0,284.0,767.0,316.0,9351,0,0,1,Pedestrian
75,717.0,286.0,767.0,318.0,9352,0,0,1,Pedestrian
75,717.0,289.0,767.0,321.0,9353,0,0,1,Pedestrian
75,717.0,289.0,767.0,321.0,9354,0,0,1,Pedestrian
75,717.0,291.0,767.0,323.0,9355,0,0,1,Pedestrian
75,717.0,291.0,767.0,323.0,9356,0,0,1,Pedestrian
75,720.0,293.0,770.0,325.0,9357,0,0,1,Pedestrian
75,720.0,296.0,770.0,327.0,9358,0,0,1,Pedestrian
75,720.0,296.0,770.0,327.0,9359,0,0,1,Pedestrian
75,720.0,298.0,770.0,330.0,9360,0,0,1,Pedestrian
75,720.0,300.0,770.0,332.0,9361,0,0,1,Pedestrian
75,720.0,300.0,770.0,332.0,9362,0,0,1,Pedestrian
75,720.0,302.0,770.0,334.0,9363,0,0,1,Pedestrian
75,723.0,305.0,772.0,337.0,9364,0,0,0,Pedestrian
75,723.0,305.0,772.0,337.0,9365,0,0,1,Pedestrian
75,723.0,307.0,772.0,339.0,9366,0,0,1,Pedestrian
75,723.0,307.0,772.0,339.0,9367,0,0,1,Pedestrian
75,723.0,309.0,772.0,341.0,9368,0,0,1,Pedestrian
75,723.0,309.0,772.0,341.0,9369,0,0,1,Pedestrian
75,723.0,311.0,772.0,343.0,9370,0,0,1,Pedestrian
75,726.0,311.0,775.0,343.0,9371,0,0,1,Pedestrian
75,726.0,314.0,775.0,346.0,9372,0,0,1,Pedestrian
75,726.0,316.0,775.0,348.0,9373,0,0,1,Pedestrian
75,726.0,316.0,775.0,348.0,9374,0,0,1,Pedestrian
75,726.0,318.0,775.0,350.0,9375,0,0,1,Pedestrian
75,726.0,318.0,775.0,350.0,9376,0,0,1,Pedestrian
75,728.0,321.0,778.0,352.0,9377,0,0,1,Pedestrian
75,728.0,321.0,778.0,352.0,9378,0,0,1,Pedestrian
75,728.0,323.0,778.0,355.0,9379,0,0,1,Pedestrian
75,728.0,323.0,778.0,355.0,9380,0,0,1,Pedestrian
75,728.0,325.0,778.0,357.0,9381,0,0,1,Pedestrian
75,728.0,327.0,778.0,359.0,9382,0,0,1,Pedestrian
75,731.0,327.0,781.0,359.0,9383,0,0,1,Pedestrian
75,731.0,330.0,781.0,362.0,9384,0,0,1,Pedestrian
75,731.0,330.0,781.0,362.0,9385,0,0,1,Pedestrian
75,731.0,332.0,781.0,364.0,9386,0,0,1,Pedestrian
75,731.0,332.0,781.0,364.0,9387,0,0,1,Pedestrian
75,731.0,334.0,781.0,366.0,9388,0,0,1,Pedestrian
75,734.0,337.0,783.0,368.0,9389,0,0,1,Pedestrian
75,734.0,337.0,783.0,368.0,9390,0,0,1,Pedestrian
75,734.0,339.0,783.0,371.0,9391,0,0,1,Pedestrian
75,734.0,339.0,783.0,371.0,9392,0,0,1,Pedestrian
75,734.0,341.0,783.0,373.0,9393,0,0,1,Pedestrian
75,734.0,341.0,783.0,373.0,9394,0,0,1,Pedestrian
75,737.0,343.0,786.0,375.0,9395,0,0,1,Pedestrian
75,737.0,343.0,786.0,375.0,9396,0,0,1,Pedestrian
75,737.0,346.0,786.0,377.0,9397,0,0,1,Pedestrian
75,737.0,348.0,786.0,380.0,9398,0,0,1,Pedestrian
75,737.0,348.0,786.0,380.0,9399,0,0,1,Pedestrian
75,737.0,350.0,786.0,382.0,9400,0,0,1,Pedestrian
75,737.0,350.0,786.0,382.0,9401,0,0,1,Pedestrian
75,739.0,352.0,789.0,384.0,9402,0,0,1,Pedestrian
75,739.0,352.0,789.0,384.0,9403,0,0,1,Pedestrian
75,739.0,355.0,789.0,387.0,9404,0,0,1,Pedestrian
75,739.0,357.0,789.0,389.0,9405,0,0,1,Pedestrian
75,739.0,357.0,789.0,389.0,9406,0,0,1,Pedestrian
75,739.0,359.0,789.0,391.0,9407,0,0,1,Pedestrian
75,742.0,359.0,792.0,391.0,9408,0,0,1,Pedestrian
75,742.0,362.0,792.0,393.0,9409,0,0,1,Pedestrian
75,742.0,362.0,792.0,393.0,9410,0,0,1,Pedestrian
75,742.0,364.0,792.0,396.0,9411,0,0,1,Pedestrian
75,742.0,364.0,792.0,396.0,9412,0,0,1,Pedestrian
75,742.0,366.0,792.0,398.0,9413,0,0,1,Pedestrian
75,745.0,368.0,794.0,400.0,9414,0,0,1,Pedestrian
75,745.0,368.0,794.0,400.0,9415,0,0,1,Pedestrian
75,745.0,371.0,794.0,403.0,9416,0,0,1,Pedestrian
75,745.0,371.0,794.0,403.0,9417,0,0,1,Pedestrian
75,745.0,373.0,794.0,405.0,9418,0,0,1,Pedestrian
75,745.0,373.0,794.0,405.0,9419,0,0,1,Pedestrian
75,748.0,375.0,797.0,407.0,9420,0,0,1,Pedestrian
75,748.0,377.0,797.0,409.0,9421,0,0,1,Pedestrian
75,748.0,377.0,797.0,409.0,9422,0,0,1,Pedestrian
75,748.0,380.0,797.0,412.0,9423,0,0,1,Pedestrian
75,748.0,380.0,797.0,412.0,9424,0,0,1,Pedestrian
75,748.0,382.0,797.0,414.0,9425,0,0,1,Pedestrian
75,750.0,382.0,800.0,414.0,9426,0,0,1,Pedestrian
75,750.0,384.0,800.0,416.0,9427,0,0,1,Pedestrian
75,750.0,384.0,800.0,416.0,9428,0,0,1,Pedestrian
75,750.0,387.0,800.0,418.0,9429,0,0,1,Pedestrian
75,750.0,389.0,800.0,421.0,9430,0,0,1,Pedestrian
75,750.0,389.0,800.0,421.0,9431,0,0,1,Pedestrian
75,750.0,391.0,800.0,423.0,9432,0,0,1,Pedestrian
75,753.0,391.0,803.0,423.0,9433,0,0,1,Pedestrian
75,753.0,393.0,803.0,425.0,9434,0,0,1,Pedestrian
75,753.0,393.0,803.0,425.0,9435,0,0,1,Pedestrian
75,753.0,396.0,803.0,428.0,9436,0,0,1,Pedestrian
75,753.0,396.0,803.0,428.0,9437,0,0,1,Pedestrian
75,753.0,398.0,803.0,430.0,9438,0,0,1,Pedestrian
75,756.0,400.0,805.0,432.0,9439,0,0,1,Pedestrian
75,756.0,400.0,805.0,432.0,9440,0,0,1,Pedestrian
75,756.0,403.0,805.0,434.0,9441,0,0,1,Pedestrian
75,756.0,403.0,805.0,434.0,9442,0,0,1,Pedestrian
75,756.0,405.0,805.0,437.0,9443,0,0,1,Pedestrian
75,756.0,405.0,805.0,437.0,9444,0,0,1,Pedestrian
75,759.0,407.0,808.0,439.0,9445,0,0,1,Pedestrian
75,759.0,409.0,808.0,441.0,9446,0,0,1,Pedestrian
75,759.0,409.0,808.0,441.0,9447,0,0,1,Pedestrian
75,759.0,412.0,808.0,444.0,9448,0,0,1,Pedestrian
75,759.0,412.0,808.0,444.0,9449,0,0,1,Pedestrian
75,759.0,414.0,808.0,446.0,9450,0,0,1,Pedestrian
75,761.0,414.0,811.0,446.0,9451,0,0,1,Pedestrian
75,761.0,416.0,811.0,448.0,9452,0,0,1,Pedestrian
75,761.0,416.0,811.0,448.0,9453,0,0,1,Pedestrian
75,761.0,418.0,811.0,450.0,9454,0,0,1,Pedestrian
75,761.0,421.0,811.0,453.0,9455,0,0,1,Pedestrian
75,761.0,421.0,811.0,453.0,9456,0,0,1,Pedestrian
75,764.0,423.0,814.0,455.0,9457,0,0,1,Pedestrian
75,764.0,423.0,814.0,455.0,9458,0,0,1,Pedestrian
75,764.0,425.0,814.0,457.0,9459,0,0,1,Pedestrian
75,764.0,425.0,814.0,457.0,9460,0,0,1,Pedestrian
75,764.0,428.0,814.0,459.0,9461,0,0,1,Pedestrian
75,764.0,430.0,814.0,462.0,9462,0,0,1,Pedestrian
75,764.0,430.0,814.0,462.0,9463,0,0,1,Pedestrian
75,767.0,432.0,816.0,464.0,9464,0,0,1,Pedestrian
75,767.0,432.0,816.0,464.0,9465,0,0,1,Pedestrian
75,767.0,434.0,816.0,466.0,9466,0,0,1,Pedestrian
75,767.0,434.0,816.0,466.0,9467,0,0,1,Pedestrian
75,767.0,437.0,816.0,469.0,9468,0,0,1,Pedestrian
75,767.0,437.0,816.0,469.0,9469,0,0,1,Pedestrian
75,770.0,439.0,819.0,471.0,9470,0,0,1,Pedestrian
75,770.0,441.0,819.0,473.0,9471,0,0,1,Pedestrian
75,770.0,441.0,819.0,473.0,9472,0,0,1,Pedestrian
75,770.0,444.0,819.0,475.0,9473,0,0,1,Pedestrian
75,770.0,444.0,819.0,475.0,9474,0,0,1,Pedestrian
75,770.0,446.0,819.0,478.0,9475,0,0,1,Pedestrian
75,772.0,446.0,822.0,478.0,9476,0,0,1,Pedestrian
75,772.0,448.0,822.0,480.0,9477,0,0,1,Pedestrian
75,772.0,450.0,822.0,482.0,9478,0,0,1,Pedestrian
75,772.0,450.0,822.0,482.0,9479,0,0,1,Pedestrian
75,772.0,453.0,822.0,485.0,9480,0,0,1,Pedestrian
75,772.0,453.0,822.0,485.0,9481,0,0,1,Pedestrian
75,775.0,455.0,825.0,487.0,9482,0,0,1,Pedestrian
75,775.0,455.0,825.0,487.0,9483,0,0,1,Pedestrian
75,775.0,457.0,825.0,489.0,9484,0,0,1,Pedestrian
75,775.0,457.0,825.0,489.0,9485,0,0,1,Pedestrian
75,775.0,459.0,825.0,491.0,9486,0,0,1,Pedestrian
75,775.0,462.0,825.0,494.0,9487,0,0,1,Pedestrian
75,778.0,462.0,827.0,494.0,9488,0,0,1,Pedestrian
75,778.0,464.0,827.0,496.0,9489,0,0,1,Pedestrian
75,778.0,464.0,827.0,496.0,9490,0,0,1,Pedestrian
75,778.0,466.0,827.0,498.0,9491,0,0,1,Pedestrian
75,778.0,466.0,827.0,498.0,9492,0,0,1,Pedestrian
75,778.0,469.0,827.0,500.0,9493,0,0,1,Pedestrian
75,781.0,471.0,830.0,503.0,9494,0,0,0,Pedestrian
75,781.0,471.0,830.0,503.0,9495,0,0,1,Pedestrian
75,781.0,473.0,830.0,505.0,9496,0,0,1,Pedestrian
75,781.0,473.0,830.0,505.0,9497,0,0,1,Pedestrian
75,781.0,475.0,830.0,507.0,9498,0,0,1,Pedestrian
75,781.0,475.0,830.0,507.0,9499,0,0,1,Pedestrian
75,783.0,478.0,833.0,510.0,9500,0,0,0,Pedestrian
75,783.0,478.0,833.0,510.0,9501,0,0,1,Pedestrian
75,783.0,480.0,833.0,512.0,9502,0,0,1,Pedestrian
75,783.0,480.0,833.0,514.0,9503,0,0,1,Pedestrian
75,783.0,482.0,836.0,514.0,9504,0,0,1,Pedestrian
75,783.0,482.0,836.0,516.0,9505,0,0,1,Pedestrian
75,783.0,485.0,836.0,519.0,9506,0,0,1,Pedestrian
75,783.0,485.0,836.0,521.0,9507,0,0,1,Pedestrian
75,783.0,487.0,838.0,521.0,9508,0,0,1,Pedestrian
75,783.0,487.0,838.0,523.0,9509,0,0,1,Pedestrian
75,783.0,489.0,838.0,526.0,9510,0,0,1,Pedestrian
75,783.0,489.0,838.0,526.0,9511,0,0,1,Pedestrian
75,783.0,491.0,841.0,528.0,9512,0,0,1,Pedestrian
75,783.0,491.0,841.0,530.0,9513,0,0,1,Pedestrian
75,786.0,494.0,841.0,532.0,9514,0,0,1,Pedestrian
75,786.0,494.0,841.0,532.0,9515,0,0,1,Pedestrian
75,786.0,496.0,844.0,535.0,9516,0,0,1,Pedestrian
75,786.0,496.0,844.0,537.0,9517,0,0,1,Pedestrian
75,786.0,498.0,844.0,539.0,9518,0,0,1,Pedestrian
75,786.0,498.0,844.0,539.0,9519,0,0,1,Pedestrian
75,786.0,500.0,847.0,541.0,9520,0,0,1,Pedestrian
75,786.0,500.0,847.0,544.0,9521,0,0,1,Pedestrian
75,786.0,503.0,847.0,544.0,9522,0,0,1,Pedestrian
75,786.0,503.0,847.0,546.0,9523,0,0,1,Pedestrian
75,786.0,505.0,849.0,548.0,9524,0,0,1,Pedestrian
75,786.0,505.0,849.0,551.0,9525,0,0,1,Pedestrian
75,786.0,507.0,849.0,551.0,9526,0,0,1,Pedestrian
75,789.0,507.0,849.0,553.0,9527,0,0,1,Pedestrian
75,789.0,510.0,852.0,555.0,9528,0,0,1,Pedestrian
75,789.0,510.0,852.0,557.0,9529,0,0,1,Pedestrian
75,789.0,512.0,852.0,557.0,9530,0,0,1,Pedestrian
75,789.0,512.0,852.0,560.0,9531,0,0,1,Pedestrian
75,789.0,514.0,855.0,562.0,9532,0,0,1,Pedestrian
75,789.0,514.0,855.0,562.0,9533,0,0,1,Pedestrian
75,789.0,516.0,855.0,564.0,9534,0,0,1,Pedestrian
75,789.0,516.0,855.0,566.0,9535,0,0,1,Pedestrian
75,789.0,519.0,858.0,569.0,9536,0,0,1,Pedestrian
75,789.0,519.0,858.0,569.0,9537,0,0,1,Pedestrian
75,789.0,521.0,858.0,571.0,9538,0,0,1,Pedestrian
75,789.0,521.0,858.0,573.0,9539,0,0,1,Pedestrian
75,792.0,523.0,860.0,576.0,9540,0,0,0,Pedestrian
75,789.0,523.0,858.0,576.0,9541,0,0,1,Pedestrian
75,789.0,526.0,858.0,578.0,9542,0,0,1,Pedestrian
75,789.0,526.0,858.0,578.0,9543,0,0,1,Pedestrian
75,789.0,528.0,858.0,580.0,9544,0,0,1,Pedestrian
75,789.0,530.0,858.0,582.0,9545,0,0,1,Pedestrian
75,789.0,530.0,858.0,582.0,9546,0,0,1,Pedestrian
75,789.0,532.0,858.0,585.0,9547,0,0,1,Pedestrian
75,789.0,535.0,858.0,587.0,9548,0,0,1,Pedestrian
75,789.0,535.0,858.0,587.0,9549,0,0,1,Pedestrian
75,789.0,537.0,858.0,589.0,9550,0,0,1,Pedestrian
75,789.0,537.0,858.0,589.0,9551,0,0,1,Pedestrian
75,789.0,539.0,858.0,592.0,9552,0,0,1,Pedestrian
75,789.0,541.0,858.0,594.0,9553,0,0,1,Pedestrian
75,789.0,541.0,858.0,594.0,9554,0,0,1,Pedestrian
75,789.0,544.0,858.0,596.0,9555,0,0,1,Pedestrian
75,789.0,546.0,858.0,598.0,9556,0,0,1,Pedestrian
75,789.0,546.0,858.0,598.0,9557,0,0,1,Pedestrian
75,789.0,548.0,858.0,601.0,9558,0,0,1,Pedestrian
75,789.0,551.0,858.0,603.0,9559,0,0,1,Pedestrian
75,789.0,551.0,858.0,603.0,9560,0,0,1,Pedestrian
75,789.0,553.0,858.0,605.0,9561,0,0,1,Pedestrian
75,789.0,553.0,858.0,605.0,9562,0,0,1,Pedestrian
75,789.0,555.0,858.0,607.0,9563,0,0,1,Pedestrian
75,789.0,557.0,858.0,610.0,9564,0,0,1,Pedestrian
75,789.0,557.0,858.0,610.0,9565,0,0,1,Pedestrian
75,789.0,560.0,858.0,612.0,9566,0,0,1,Pedestrian
75,789.0,562.0,858.0,614.0,9567,0,0,1,Pedestrian
75,789.0,562.0,858.0,614.0,9568,0,0,1,Pedestrian
75,789.0,564.0,858.0,617.0,9569,0,0,1,Pedestrian
75,789.0,566.0,858.0,619.0,9570,0,0,1,Pedestrian
75,789.0,566.0,858.0,619.0,9571,0,0,1,Pedestrian
75,789.0,569.0,858.0,621.0,9572,0,0,1,Pedestrian
75,789.0,569.0,858.0,621.0,9573,0,0,1,Pedestrian
75,789.0,571.0,858.0,623.0,9574,0,0,1,Pedestrian
75,789.0,573.0,858.0,626.0,9575,0,0,1,Pedestrian
75,789.0,573.0,858.0,626.0,9576,0,0,1,Pedestrian
75,789.0,576.0,858.0,628.0,9577,0,0,1,Pedestrian
75,789.0,578.0,858.0,630.0,9578,0,0,1,Pedestrian
75,789.0,578.0,858.0,630.0,9579,0,0,1,Pedestrian
75,789.0,580.0,858.0,633.0,9580,0,0,1,Pedestrian
75,789.0,580.0,858.0,633.0,9581,0,0,1,Pedestrian
75,789.0,582.0,858.0,635.0,9582,0,0,1,Pedestrian
75,789.0,585.0,858.0,637.0,9583,0,0,1,Pedestrian
75,789.0,585.0,858.0,637.0,9584,0,0,1,Pedestrian
75,789.0,587.0,858.0,639.0,9585,0,0,1,Pedestrian
75,789.0,589.0,858.0,642.0,9586,0,0,1,Pedestrian
75,789.0,589.0,858.0,642.0,9587,0,0,1,Pedestrian
75,789.0,592.0,858.0,644.0,9588,0,0,1,Pedestrian
75,789.0,594.0,858.0,646.0,9589,0,0,1,Pedestrian
75,789.0,594.0,858.0,646.0,9590,0,0,1,Pedestrian
75,789.0,596.0,858.0,648.0,9591,0,0,1,Pedestrian
75,789.0,596.0,858.0,648.0,9592,0,0,1,Pedestrian
75,789.0,598.0,858.0,651.0,9593,0,0,1,Pedestrian
75,789.0,601.0,858.0,653.0,9594,0,0,1,Pedestrian
75,789.0,601.0,858.0,653.0,9595,0,0,1,Pedestrian
75,789.0,603.0,858.0,655.0,9596,0,0,1,Pedestrian
75,789.0,605.0,858.0,658.0,9597,0,0,1,Pedestrian
75,789.0,605.0,858.0,658.0,9598,0,0,1,Pedestrian
75,789.0,607.0,858.0,660.0,9599,0,0,1,Pedestrian
75,789.0,610.0,858.0,662.0,9600,0,0,0,Pedestrian
75,786.0,610.0,855.0,662.0,9601,0,0,1,Pedestrian
75,786.0,612.0,855.0,664.0,9602,0,0,1,Pedestrian
75,786.0,614.0,855.0,667.0,9603,0,0,1,Pedestrian
75,786.0,614.0,855.0,667.0,9604,0,0,1,Pedestrian
75,786.0,617.0,855.0,669.0,9605,0,0,1,Pedestrian
75,786.0,619.0,855.0,671.0,9606,0,0,1,Pedestrian
75,786.0,619.0,855.0,671.0,9607,0,0,1,Pedestrian
75,786.0,621.0,855.0,674.0,9608,0,0,1,Pedestrian
75,786.0,623.0,855.0,676.0,9609,0,0,1,Pedestrian
75,786.0,623.0,855.0,676.0,9610,0,0,1,Pedestrian
75,786.0,626.0,855.0,678.0,9611,0,0,1,Pedestrian
75,786.0,628.0,855.0,680.0,9612,0,0,1,Pedestrian
75,786.0,628.0,855.0,680.0,9613,0,0,1,Pedestrian
75,786.0,630.0,855.0,683.0,9614,0,0,1,Pedestrian
75,786.0,633.0,855.0,685.0,9615,0,0,1,Pedestrian
75,786.0,635.0,855.0,687.0,9616,0,0,1,Pedestrian
75,783.0,635.0,855.0,687.0,9617,0,0,1,Pedestrian
75,783.0,637.0,855.0,689.0,9618,0,0,1,Pedestrian
75,783.0,639.0,855.0,692.0,9619,0,0,1,Pedestrian
75,783.0,639.0,855.0,692.0,9620,0,0,1,Pedestrian
75,783.0,642.0,852.0,694.0,9621,0,0,1,Pedestrian
75,783.0,644.0,852.0,696.0,9622,0,0,1,Pedestrian
75,783.0,644.0,852.0,696.0,9623,0,0,1,Pedestrian
75,783.0,646.0,852.0,699.0,9624,0,0,1,Pedestrian
75,783.0,648.0,852.0,701.0,9625,0,0,1,Pedestrian
75,783.0,648.0,852.0,701.0,9626,0,0,1,Pedestrian
75,783.0,651.0,852.0,703.0,9627,0,0,1,Pedestrian
75,783.0,653.0,852.0,705.0,9628,0,0,1,Pedestrian
75,783.0,653.0,852.0,705.0,9629,0,0,1,Pedestrian
75,783.0,655.0,852.0,708.0,9630,0,0,1,Pedestrian
75,783.0,658.0,852.0,710.0,9631,0,0,1,Pedestrian
75,783.0,660.0,852.0,712.0,9632,0,0,1,Pedestrian
75,781.0,660.0,852.0,712.0,9633,0,0,1,Pedestrian
75,781.0,662.0,852.0,715.0,9634,0,0,1,Pedestrian
75,781.0,664.0,852.0,717.0,9635,0,0,1,Pedestrian
75,781.0,664.0,852.0,717.0,9636,0,0,1,Pedestrian
75,781.0,667.0,852.0,719.0,9637,0,0,1,Pedestrian
75,781.0,669.0,852.0,721.0,9638,0,0,1,Pedestrian
75,781.0,669.0,852.0,721.0,9639,0,0,1,Pedestrian
75,781.0,671.0,852.0,724.0,9640,0,0,1,Pedestrian
75,781.0,674.0,849.0,726.0,9641,0,0,1,Pedestrian
75,781.0,674.0,849.0,726.0,9642,0,0,1,Pedestrian
75,781.0,676.0,849.0,728.0,9643,0,0,1,Pedestrian
75,781.0,678.0,849.0,730.0,9644,0,0,1,Pedestrian
75,781.0,678.0,849.0,730.0,9645,0,0,1,Pedestrian
75,781.0,680.0,849.0,733.0,9646,0,0,1,Pedestrian
75,781.0,683.0,849.0,735.0,9647,0,0,1,Pedestrian
75,781.0,685.0,849.0,737.0,9648,0,0,1,Pedestrian
75,778.0,685.0,849.0,737.0,9649,0,0,1,Pedestrian
75,778.0,687.0,849.0,740.0,9650,0,0,1,Pedestrian
75,778.0,689.0,849.0,742.0,9651,0,0,1,Pedestrian
75,778.0,689.0,849.0,742.0,9652,0,0,1,Pedestrian
75,778.0,692.0,849.0,744.0,9653,0,0,1,Pedestrian
75,778.0,694.0,849.0,746.0,9654,0,0,1,Pedestrian
75,778.0,694.0,849.0,746.0,9655,0,0,1,Pedestrian
75,778.0,696.0,849.0,749.0,9656,0,0,1,Pedestrian
75,778.0,699.0,849.0,751.0,9657,0,0,1,Pedestrian
75,778.0,699.0,849.0,751.0,9658,0,0,1,Pedestrian
75,778.0,701.0,849.0,753.0,9659,0,0,1,Pedestrian
75,778.0,703.0,849.0,755.0,9660,0,0,1,Pedestrian
75,778.0,703.0,847.0,755.0,9661,0,0,1,Pedestrian
75,778.0,705.0,847.0,758.0,9662,0,0,1,Pedestrian
75,778.0,708.0,847.0,760.0,9663,0,0,1,Pedestrian
75,778.0,710.0,847.0,762.0,9664,0,0,1,Pedestrian
75,775.0,710.0,847.0,762.0,9665,0,0,1,Pedestrian
75,775.0,712.0,847.0,765.0,9666,0,0,1,Pedestrian
75,775.0,715.0,847.0,767.0,9667,0,0,1,Pedestrian
75,775.0,715.0,847.0,767.0,9668,0,0,1,Pedestrian
75,775.0,717.0,847.0,769.0,9669,0,0,1,Pedestrian
75,775.0,719.0,847.0,771.0,9670,0,0,1,Pedestrian
75,775.0,719.0,847.0,771.0,9671,0,0,1,Pedestrian
75,775.0,721.0,847.0,774.0,9672,0,0,1,Pedestrian
75,775.0,724.0,847.0,776.0,9673,0,0,1,Pedestrian
75,775.0,724.0,847.0,776.0,9674,0,0,1,Pedestrian
75,775.0,726.0,847.0,778.0,9675,0,0,1,Pedestrian
75,775.0,728.0,847.0,781.0,9676,0,0,1,Pedestrian
75,775.0,728.0,847.0,781.0,9677,0,0,1,Pedestrian
75,775.0,730.0,847.0,783.0,9678,0,0,1,Pedestrian
75,775.0,733.0,847.0,785.0,9679,0,0,1,Pedestrian
75,775.0,735.0,847.0,787.0,9680,0,0,0,Pedestrian
75,772.0,735.0,844.0,787.0,9681,0,0,1,Pedestrian
75,772.0,737.0,844.0,790.0,9682,0,0,1,Pedestrian
75,772.0,737.0,844.0,790.0,9683,0,0,1,Pedestrian
75,772.0,740.0,844.0,792.0,9684,0,0,1,Pedestrian
75,772.0,740.0,844.0,792.0,9685,0,0,1,Pedestrian
75,772.0,742.0,844.0,794.0,9686,0,0,1,Pedestrian
75,772.0,744.0,844.0,796.0,9687,0,0,1,Pedestrian
75,772.0,744.0,844.0,796.0,9688,0,0,1,Pedestrian
75,772.0,746.0,844.0,799.0,9689,0,0,1,Pedestrian
75,772.0,746.0,844.0,799.0,9690,0,0,1,Pedestrian
75,772.0,749.0,844.0,801.0,9691,0,0,1,Pedestrian
75,770.0,751.0,841.0,803.0,9692,0,0,1,Pedestrian
75,770.0,751.0,841.0,803.0,9693,0,0,1,Pedestrian
75,770.0,753.0,841.0,806.0,9694,0,0,1,Pedestrian
75,770.0,753.0,841.0,806.0,9695,0,0,1,Pedestrian
75,770.0,755.0,841.0,808.0,9696,0,0,1,Pedestrian
75,770.0,755.0,841.0,808.0,9697,0,0,1,Pedestrian
75,770.0,758.0,841.0,810.0,9698,0,0,1,Pedestrian
75,770.0,760.0,841.0,812.0,9699,0,0,1,Pedestrian
75,770.0,760.0,841.0,812.0,9700,0,0,1,Pedestrian
75,770.0,762.0,841.0,815.0,9701,0,0,1,Pedestrian
75,770.0,762.0,841.0,815.0,9702,0,0,1,Pedestrian
75,770.0,765.0,841.0,817.0,9703,0,0,1,Pedestrian
75,767.0,767.0,838.0,819.0,9704,0,0,1,Pedestrian
75,767.0,767.0,838.0,819.0,9705,0,0,1,Pedestrian
75,767.0,769.0,838.0,822.0,9706,0,0,1,Pedestrian
75,767.0,769.0,838.0,822.0,9707,0,0,1,Pedestrian
75,767.0,771.0,838.0,824.0,9708,0,0,1,Pedestrian
75,767.0,771.0,838.0,824.0,9709,0,0,1,Pedestrian
75,767.0,774.0,838.0,826.0,9710,0,0,1,Pedestrian
75,767.0,776.0,838.0,828.0,9711,0,0,1,Pedestrian
75,767.0,776.0,838.0,828.0,9712,0,0,1,Pedestrian
75,767.0,778.0,838.0,831.0,9713,0,0,1,Pedestrian
75,767.0,778.0,838.0,831.0,9714,0,0,1,Pedestrian
75,767.0,781.0,838.0,833.0,9715,0,0,1,Pedestrian
75,764.0,783.0,836.0,835.0,9716,0,0,1,Pedestrian
75,764.0,783.0,836.0,835.0,9717,0,0,1,Pedestrian
75,764.0,785.0,836.0,837.0,9718,0,0,1,Pedestrian
75,764.0,785.0,836.0,837.0,9719,0,0,1,Pedestrian
75,764.0,787.0,836.0,840.0,9720,0,0,1,Pedestrian
75,764.0,790.0,836.0,842.0,9721,0,0,1,Pedestrian
75,764.0,790.0,836.0,842.0,9722,0,0,1,Pedestrian
75,764.0,792.0,836.0,844.0,9723,0,0,1,Pedestrian
75,764.0,792.0,836.0,844.0,9724,0,0,1,Pedestrian
75,764.0,794.0,836.0,847.0,9725,0,0,1,Pedestrian
75,764.0,794.0,836.0,847.0,9726,0,0,1,Pedestrian
75,761.0,796.0,833.0,849.0,9727,0,0,1,Pedestrian
75,761.0,799.0,833.0,851.0,9728,0,0,1,Pedestrian
75,761.0,799.0,833.0,851.0,9729,0,0,1,Pedestrian
75,761.0,801.0,833.0,853.0,9730,0,0,1,Pedestrian
75,761.0,801.0,833.0,853.0,9731,0,0,1,Pedestrian
75,761.0,803.0,833.0,856.0,9732,0,0,1,Pedestrian
75,761.0,806.0,833.0,858.0,9733,0,0,1,Pedestrian
75,761.0,806.0,833.0,858.0,9734,0,0,1,Pedestrian
75,761.0,808.0,833.0,860.0,9735,0,0,1,Pedestrian
75,761.0,808.0,833.0,860.0,9736,0,0,1,Pedestrian
75,761.0,810.0,833.0,863.0,9737,0,0,1,Pedestrian
75,761.0,810.0,833.0,863.0,9738,0,0,1,Pedestrian
75,759.0,812.0,830.0,865.0,9739,0,0,1,Pedestrian
75,759.0,815.0,830.0,867.0,9740,0,0,1,Pedestrian
75,759.0,815.0,830.0,867.0,9741,0,0,1,Pedestrian
75,759.0,817.0,830.0,869.0,9742,0,0,1,Pedestrian
75,759.0,817.0,830.0,869.0,9743,0,0,1,Pedestrian
75,759.0,819.0,830.0,872.0,9744,0,0,1,Pedestrian
75,759.0,822.0,830.0,874.0,9745,0,0,1,Pedestrian
75,759.0,822.0,830.0,874.0,9746,0,0,1,Pedestrian
75,759.0,824.0,830.0,876.0,9747,0,0,1,Pedestrian
75,759.0,824.0,830.0,876.0,9748,0,0,1,Pedestrian
75,759.0,826.0,830.0,878.0,9749,0,0,1,Pedestrian
75,759.0,828.0,830.0,881.0,9750,0,0,0,Pedestrian
75,759.0,828.0,830.0,881.0,9751,0,0,1,Pedestrian
75,759.0,831.0,830.0,883.0,9752,0,0,1,Pedestrian
75,759.0,833.0,830.0,885.0,9753,0,0,1,Pedestrian
75,759.0,833.0,830.0,885.0,9754,0,0,1,Pedestrian
75,759.0,835.0,830.0,888.0,9755,0,0,1,Pedestrian
75,759.0,837.0,830.0,890.0,9756,0,0,1,Pedestrian
75,759.0,837.0,830.0,890.0,9757,0,0,1,Pedestrian
75,759.0,840.0,830.0,892.0,9758,0,0,1,Pedestrian
75,759.0,842.0,830.0,894.0,9759,0,0,1,Pedestrian
75,759.0,842.0,830.0,894.0,9760,0,0,1,Pedestrian
75,759.0,844.0,830.0,897.0,9761,0,0,1,Pedestrian
75,759.0,847.0,830.0,899.0,9762,0,0,1,Pedestrian
75,759.0,847.0,830.0,899.0,9763,0,0,1,Pedestrian
75,759.0,849.0,830.0,901.0,9764,0,0,1,Pedestrian
75,759.0,851.0,830.0,904.0,9765,0,0,1,Pedestrian
75,759.0,851.0,830.0,904.0,9766,0,0,1,Pedestrian
75,759.0,853.0,830.0,906.0,9767,0,0,1,Pedestrian
75,759.0,856.0,830.0,908.0,9768,0,0,1,Pedestrian
75,759.0,856.0,830.0,908.0,9769,0,0,1,Pedestrian
75,759.0,858.0,830.0,910.0,9770,0,0,1,Pedestrian
75,759.0,860.0,830.0,913.0,9771,0,0,1,Pedestrian
75,759.0,860.0,830.0,913.0,9772,0,0,1,Pedestrian
75,759.0,863.0,830.0,915.0,9773,0,0,1,Pedestrian
75,759.0,865.0,830.0,917.0,9774,0,0,1,Pedestrian
75,759.0,865.0,830.0,917.0,9775,0,0,1,Pedestrian
75,759.0,867.0,830.0,919.0,9776,0,0,1,Pedestrian
75,759.0,869.0,830.0,922.0,9777,0,0,1,Pedestrian
75,759.0,869.0,830.0,922.0,9778,0,0,1,Pedestrian
75,759.0,872.0,830.0,924.0,9779,0,0,1,Pedestrian
75,759.0,874.0,830.0,926.0,9780,0,0,1,Pedestrian
75,759.0,874.0,830.0,926.0,9781,0,0,1,Pedestrian
75,759.0,876.0,830.0,929.0,9782,0,0,1,Pedestrian
75,759.0,878.0,830.0,931.0,9783,0,0,1,Pedestrian
75,759.0,878.0,830.0,931.0,9784,0,0,1,Pedestrian
75,759.0,881.0,830.0,933.0,9785,0,0,1,Pedestrian
75,759.0,883.0,830.0,935.0,9786,0,0,1,Pedestrian
75,759.0,883.0,830.0,935.0,9787,0,0,1,Pedestrian
75,759.0,885.0,830.0,938.0,9788,0,0,1,Pedestrian
75,759.0,888.0,830.0,940.0,9789,0,0,1,Pedestrian
75,759.0,890.0,830.0,942.0,9790,0,0,0,Pedestrian
75,756.0,890.0,827.0,942.0,9791,0,0,1,Pedestrian
75,756.0,892.0,827.0,944.0,9792,0,0,1,Pedestrian
75,756.0,894.0,827.0,947.0,9793,0,0,1,Pedestrian
75,756.0,894.0,827.0,947.0,9794,0,0,1,Pedestrian
75,756.0,897.0,827.0,949.0,9795,0,0,1,Pedestrian
75,756.0,899.0,827.0,951.0,9796,0,0,1,Pedestrian
75,753.0,901.0,825.0,954.0,9797,0,0,1,Pedestrian
75,753.0,901.0,825.0,954.0,9798,0,0,1,Pedestrian
75,753.0,904.0,825.0,956.0,9799,0,0,1,Pedestrian
75,753.0,906.0,825.0,958.0,9800,0,0,1,Pedestrian
75,753.0,906.0,825.0,958.0,9801,0,0,1,Pedestrian
75,753.0,908.0,825.0,960.0,9802,0,0,1,Pedestrian
75,753.0,910.0,825.0,963.0,9803,0,0,1,Pedestrian
75,750.0,913.0,822.0,965.0,9804,0,0,1,Pedestrian
75,750.0,913.0,822.0,965.0,9805,0,0,1,Pedestrian
75,750.0,915.0,822.0,967.0,9806,0,0,1,Pedestrian
75,750.0,917.0,822.0,970.0,9807,0,0,1,Pedestrian
75,750.0,917.0,822.0,970.0,9808,0,0,1,Pedestrian
75,750.0,919.0,822.0,972.0,9809,0,0,1,Pedestrian
75,750.0,922.0,822.0,974.0,9810,0,0,1,Pedestrian
75,748.0,924.0,819.0,976.0,9811,0,0,1,Pedestrian
75,748.0,924.0,819.0,976.0,9812,0,0,1,Pedestrian
75,748.0,926.0,819.0,979.0,9813,0,0,1,Pedestrian
75,748.0,929.0,819.0,981.0,9814,0,0,1,Pedestrian
75,748.0,929.0,819.0,981.0,9815,0,0,1,Pedestrian
75,748.0,931.0,819.0,983.0,9816,0,0,1,Pedestrian
75,745.0,933.0,816.0,985.0,9817,0,0,1,Pedestrian
75,745.0,935.0,816.0,988.0,9818,0,0,1,Pedestrian
75,745.0,935.0,816.0,988.0,9819,0,0,1,Pedestrian
75,745.0,938.0,816.0,990.0,9820,0,0,1,Pedestrian
75,745.0,940.0,816.0,992.0,9821,0,0,1,Pedestrian
75,745.0,940.0,816.0,992.0,9822,0,0,1,Pedestrian
75,745.0,942.0,816.0,995.0,9823,0,0,1,Pedestrian
75,742.0,944.0,814.0,997.0,9824,0,0,1,Pedestrian
75,742.0,947.0,814.0,999.0,9825,0,0,1,Pedestrian
75,742.0,947.0,814.0,999.0,9826,0,0,1,Pedestrian
75,742.0,949.0,814.0,1001.0,9827,0,0,1,Pedestrian
75,742.0,951.0,814.0,1004.0,9828,0,0,1,Pedestrian
75,742.0,951.0,814.0,1004.0,9829,0,0,1,Pedestrian
75,742.0,954.0,814.0,1006.0,9830,0,0,1,Pedestrian
75,739.0,956.0,811.0,1008.0,9831,0,0,1,Pedestrian
75,739.0,958.0,811.0,1011.0,9832,0,0,1,Pedestrian
75,739.0,958.0,811.0,1011.0,9833,0,0,1,Pedestrian
75,739.0,960.0,811.0,1013.0,9834,0,0,1,Pedestrian
75,739.0,963.0,811.0,1015.0,9835,0,0,1,Pedestrian
75,739.0,963.0,811.0,1015.0,9836,0,0,1,Pedestrian
75,737.0,965.0,808.0,1017.0,9837,0,0,1,Pedestrian
75,737.0,967.0,808.0,1020.0,9838,0,0,1,Pedestrian
75,737.0,970.0,808.0,1022.0,9839,0,0,1,Pedestrian
75,737.0,970.0,808.0,1022.0,9840,0,0,1,Pedestrian
75,737.0,972.0,808.0,1024.0,9841,0,0,1,Pedestrian
75,737.0,974.0,808.0,1026.0,9842,0,0,1,Pedestrian
75,737.0,974.0,808.0,1026.0,9843,0,0,1,Pedestrian
75,734.0,976.0,805.0,1029.0,9844,0,0,1,Pedestrian
75,734.0,979.0,805.0,1031.0,9845,0,0,1,Pedestrian
75,734.0,981.0,805.0,1033.0,9846,0,0,1,Pedestrian
75,734.0,981.0,805.0,1033.0,9847,0,0,1,Pedestrian
75,734.0,983.0,805.0,1036.0,9848,0,0,1,Pedestrian
75,734.0,985.0,805.0,1038.0,9849,0,0,1,Pedestrian
75,734.0,988.0,805.0,1040.0,9850,0,0,0,Pedestrian
75,731.0,988.0,803.0,1040.0,9851,0,0,1,Pedestrian
75,731.0,990.0,803.0,1042.0,9852,0,0,1,Pedestrian
75,731.0,990.0,803.0,1042.0,9853,0,0,1,Pedestrian
75,731.0,992.0,803.0,1045.0,9854,0,0,1,Pedestrian
75,731.0,992.0,803.0,1045.0,9855,0,0,1,Pedestrian
75,731.0,995.0,803.0,1047.0,9856,0,0,1,Pedestrian
75,731.0,997.0,803.0,1047.0,9857,0,0,1,Pedestrian
75,731.0,997.0,803.0,1049.0,9858,0,0,1,Pedestrian
75,731.0,999.0,803.0,1049.0,9859,0,0,1,Pedestrian
75,731.0,999.0,803.0,1052.0,9860,0,0,1,Pedestrian
75,731.0,1001.0,803.0,1054.0,9861,0,0,1,Pedestrian
75,731.0,1001.0,803.0,1054.0,9862,0,0,1,Pedestrian
75,731.0,1004.0,803.0,1056.0,9863,0,0,1,Pedestrian
75,731.0,1006.0,803.0,1056.0,9864,0,0,1,Pedestrian
75,731.0,1006.0,803.0,1058.0,9865,0,0,1,Pedestrian
75,731.0,1008.0,803.0,1058.0,9866,0,0,1,Pedestrian
75,731.0,1008.0,803.0,1061.0,9867,0,0,1,Pedestrian
75,731.0,1011.0,803.0,1061.0,9868,0,0,1,Pedestrian
75,731.0,1011.0,803.0,1063.0,9869,0,0,1,Pedestrian
75,731.0,1013.0,803.0,1065.0,9870,0,0,1,Pedestrian
75,731.0,1015.0,803.0,1065.0,9871,0,0,1,Pedestrian
75,731.0,1015.0,803.0,1067.0,9872,0,0,1,Pedestrian
75,731.0,1017.0,803.0,1067.0,9873,0,0,1,Pedestrian
75,731.0,1017.0,803.0,1070.0,9874,0,0,1,Pedestrian
75,731.0,1020.0,803.0,1070.0,9875,0,0,1,Pedestrian
75,731.0,1020.0,803.0,1072.0,9876,0,0,1,Pedestrian
75,731.0,1022.0,803.0,1072.0,9877,0,0,1,Pedestrian
75,731.0,1024.0,803.0,1074.0,9878,0,0,1,Pedestrian
75,731.0,1024.0,803.0,1074.0,9879,0,0,1,Pedestrian
75,731.0,1026.0,803.0,1077.0,9880,0,0,1,Pedestrian
75,731.0,1026.0,803.0,1079.0,9881,0,0,1,Pedestrian
75,731.0,1029.0,803.0,1079.0,9882,0,0,1,Pedestrian
75,731.0,1029.0,803.0,1081.0,9883,0,0,1,Pedestrian
75,731.0,1031.0,803.0,1081.0,9884,0,0,1,Pedestrian
75,731.0,1033.0,803.0,1083.0,9885,0,0,1,Pedestrian
75,731.0,1033.0,803.0,1083.0,9886,0,0,1,Pedestrian
75,731.0,1036.0,803.0,1086.0,9887,0,0,1,Pedestrian
75,731.0,1036.0,803.0,1086.0,9888,0,0,1,Pedestrian
75,731.0,1038.0,803.0,1088.0,9889,0,0,1,Pedestrian
75,731.0,1040.0,803.0,1090.0,9890,0,0,0,Pedestrian
75,734.0,1040.0,800.0,1090.0,9891,0,0,1,Pedestrian
75,737.0,1042.0,797.0,1090.0,9892,0,0,1,Pedestrian
75,739.0,1042.0,794.0,1090.0,9893,0,0,1,Pedestrian
75,742.0,1045.0,794.0,1090.0,9894,0,0,0,Pedestrian
75,742.0,1045.0,794.0,1090.0,9895,0,0,1,Pedestrian
75,742.0,1047.0,794.0,1090.0,9896,0,0,1,Pedestrian
75,742.0,1049.0,794.0,1090.0,9897,0,0,1,Pedestrian
75,742.0,1052.0,794.0,1090.0,9898,0,0,1,Pedestrian
75,742.0,1054.0,797.0,1090.0,9899,0,0,1,Pedestrian
75,742.0,1056.0,797.0,1090.0,9900,0,0,1,Pedestrian
75,742.0,1058.0,797.0,1090.0,9901,0,0,1,Pedestrian
75,742.0,1061.0,797.0,1090.0,9902,0,0,1,Pedestrian
75,742.0,1063.0,797.0,1090.0,9903,0,0,1,Pedestrian
75,745.0,1065.0,800.0,1090.0,9904,0,0,0,Pedestrian
75,745.0,1065.0,800.0,1090.0,9905,0,0,1,Pedestrian
75,745.0,1065.0,800.0,1090.0,9906,0,0,1,Pedestrian
75,745.0,1065.0,800.0,1090.0,9907,0,0,1,Pedestrian
75,745.0,1065.0,800.0,1090.0,9908,0,0,1,Pedestrian
75,745.0,1065.0,800.0,1090.0,9909,0,0,1,Pedestrian
75,745.0,1065.0,800.0,1090.0,9910,0,0,1,Pedestrian
75,745.0,1065.0,800.0,1090.0,9911,0,0,1,Pedestrian
75,745.0,1065.0,800.0,1090.0,9912,0,0,1,Pedestrian
75,745.0,1065.0,800.0,1090.0,9913,0,0,1,Pedestrian
75,745.0,1065.0,800.0,1090.0,9914,1,0,0,Pedestrian
75,745.0,1065.0,800.0,1090.0,9915,1,0,1,Pedestrian
75,745.0,1065.0,800.0,1090.0,9916,1,0,1,Pedestrian
75,745.0,1065.0,800.0,1090.0,9917,1,0,1,Pedestrian
75,745.0,1065.0,800.0,1090.0,9918,1,0,1,Pedestrian
75,745.0,1065.0,800.0,1090.0,9919,1,0,1,Pedestrian
75,745.0,1065.0,800.0,1090.0,9920,1,0,1,Pedestrian
75,745.0,1065.0,800.0,1090.0,9921,1,0,1,Pedestrian
75,745.0,1065.0,800.0,1090.0,9922,1,0,1,Pedestrian
75,745.0,1065.0,800.0,1090.0,9923,1,0,1,Pedestrian
75,745.0,1065.0,800.0,1090.0,9924,1,0,1,Pedestrian
75,745.0,1065.0,800.0,1090.0,9925,1,0,1,Pedestrian
75,745.0,1065.0,800.0,1090.0,9926,1,0,1,Pedestrian
75,745.0,1065.0,800.0,1090.0,9927,1,0,1,Pedestrian
75,745.0,1065.0,800.0,1090.0,9928,1,0,1,Pedestrian
75,745.0,1065.0,800.0,1090.0,9929,1,0,1,Pedestrian
75,745.0,1065.0,800.0,1090.0,9930,1,0,1,Pedestrian
75,745.0,1065.0,800.0,1090.0,9931,1,0,1,Pedestrian
75,745.0,1065.0,800.0,1090.0,9932,1,0,1,Pedestrian
75,745.0,1065.0,800.0,1090.0,9933,1,0,1,Pedestrian
75,745.0,1065.0,800.0,1090.0,9934,1,0,1,Pedestrian
75,745.0,1065.0,800.0,1090.0,9935,1,0,1,Pedestrian
75,745.0,1065.0,800.0,1090.0,9936,1,0,1,Pedestrian
75,745.0,1065.0,800.0,1090.0,9937,1,0,1,Pedestrian
75,745.0,1065.0,800.0,1090.0,9938,1,0,1,Pedestrian
75,745.0,1065.0,800.0,1090.0,9939,1,0,1,Pedestrian
75,745.0,1065.0,800.0,1090.0,9940,1,0,1,Pedestrian
75,745.0,1065.0,800.0,1090.0,9941,1,0,1,Pedestrian
75,745.0,1065.0,800.0,1090.0,9942,1,0,1,Pedestrian
75,745.0,1065.0,800.0,1090.0,9943,1,0,1,Pedestrian
75,745.0,1065.0,800.0,1090.0,9944,1,0,1,Pedestrian
75,745.0,1065.0,800.0,1090.0,9945,1,0,1,Pedestrian
75,745.0,1065.0,800.0,1090.0,9946,1,0,1,Pedestrian
75,745.0,1065.0,800.0,1090.0,9947,1,0,1,Pedestrian
75,745.0,1065.0,800.0,1090.0,9948,1,0,1,Pedestrian
75,745.0,1065.0,800.0,1090.0,9949,1,0,1,Pedestrian
75,745.0,1065.0,800.0,1090.0,9950,1,0,1,Pedestrian
75,745.0,1065.0,800.0,1090.0,9951,1,0,1,Pedestrian
75,745.0,1065.0,800.0,1090.0,9952,1,0,1,Pedestrian
75,745.0,1065.0,800.0,1090.0,9953,1,0,1,Pedestrian
75,745.0,1065.0,800.0,1090.0,9954,1,0,1,Pedestrian
75,745.0,1065.0,800.0,1090.0,9955,1,0,1,Pedestrian
75,745.0,1065.0,800.0,1090.0,9956,1,0,1,Pedestrian
75,745.0,1065.0,800.0,1090.0,9957,1,0,1,Pedestrian
75,745.0,1065.0,800.0,1090.0,9958,1,0,1,Pedestrian
75,745.0,1065.0,800.0,1090.0,9959,1,0,1,Pedestrian
75,745.0,1065.0,800.0,1090.0,9960,1,0,1,Pedestrian
75,745.0,1065.0,800.0,1090.0,9961,1,0,1,Pedestrian
75,745.0,1065.0,800.0,1090.0,9962,1,0,1,Pedestrian
75,745.0,1065.0,800.0,1090.0,9963,1,0,1,Pedestrian
75,745.0,1065.0,800.0,1090.0,9964,1,0,1,Pedestrian
75,745.0,1065.0,800.0,1090.0,9965,1,0,1,Pedestrian
75,745.0,1065.0,800.0,1090.0,9966,1,0,1,Pedestrian
75,745.0,1065.0,800.0,1090.0,9967,1,0,1,Pedestrian
75,745.0,1065.0,800.0,1090.0,9968,1,0,1,Pedestrian
75,745.0,1065.0,800.0,1090.0,9969,1,0,1,Pedestrian
75,745.0,1065.0,800.0,1090.0,9970,1,0,1,Pedestrian
75,745.0,1065.0,800.0,1090.0,9971,1,0,1,Pedestrian
75,745.0,1065.0,800.0,1090.0,9972,1,0,1,Pedestrian
75,745.0,1065.0,800.0,1090.0,9973,1,0,1,Pedestrian
75,745.0,1065.0,800.0,1090.0,9974,1,0,1,Pedestrian
75,745.0,1065.0,800.0,1090.0,9975,1,0,1,Pedestrian
75,745.0,1065.0,800.0,1090.0,9976,1,0,1,Pedestrian
75,745.0,1065.0,800.0,1090.0,9977,1,0,1,Pedestrian
75,745.0,1065.0,800.0,1090.0,9978,1,0,1,Pedestrian
75,745.0,1065.0,800.0,1090.0,9979,1,0,1,Pedestrian
75,745.0,1065.0,800.0,1090.0,9980,1,0,1,Pedestrian
75,745.0,1065.0,800.0,1090.0,9981,1,0,1,Pedestrian
75,745.0,1065.0,800.0,1090.0,9982,1,0,1,Pedestrian
75,745.0,1065.0,800.0,1090.0,9983,1,0,1,Pedestrian
75,745.0,1065.0,800.0,1090.0,9984,1,0,1,Pedestrian
75,745.0,1065.0,800.0,1090.0,9985,1,0,1,Pedestrian
75,745.0,1065.0,800.0,1090.0,9986,1,0,1,Pedestrian
75,745.0,1065.0,800.0,1090.0,9987,1,0,1,Pedestrian
75,745.0,1065.0,800.0,1090.0,9988,1,0,1,Pedestrian
75,745.0,1065.0,800.0,1090.0,9989,1,0,1,Pedestrian
75,745.0,1065.0,800.0,1090.0,9990,1,0,1,Pedestrian
75,745.0,1065.0,800.0,1090.0,9991,1,0,1,Pedestrian
75,745.0,1065.0,800.0,1090.0,9992,1,0,1,Pedestrian
75,745.0,1065.0,800.0,1090.0,9993,1,0,1,Pedestrian
75,745.0,1065.0,800.0,1090.0,9994,1,0,1,Pedestrian
75,745.0,1065.0,800.0,1090.0,9995,1,0,1,Pedestrian
75,745.0,1065.0,800.0,1090.0,9996,1,0,1,Pedestrian
75,745.0,1065.0,800.0,1090.0,9997,1,0,1,Pedestrian
75,745.0,1065.0,800.0,1090.0,9998,1,0,1,Pedestrian
75,745.0,1065.0,800.0,1090.0,9999,1,0,1,Pedestrian
75,745.0,1065.0,800.0,1090.0,10000,1,0,1,Pedestrian
75,745.0,1065.0,800.0,1090.0,10001,1,0,1,Pedestrian
75,745.0,1065.0,800.0,1090.0,10002,1,0,1,Pedestrian
75,745.0,1065.0,800.0,1090.0,10003,1,0,1,Pedestrian
75,745.0,1065.0,800.0,1090.0,10004,1,0,1,Pedestrian
75,745.0,1065.0,800.0,1090.0,10005,1,0,1,Pedestrian
75,745.0,1065.0,800.0,1090.0,10006,1,0,1,Pedestrian
75,745.0,1065.0,800.0,1090.0,10007,1,0,1,Pedestrian
75,745.0,1065.0,800.0,1090.0,10008,1,0,1,Pedestrian
75,745.0,1065.0,800.0,1090.0,10009,1,0,1,Pedestrian
75,745.0,1065.0,800.0,1090.0,10010,1,0,1,Pedestrian
75,745.0,1065.0,800.0,1090.0,10011,1,0,1,Pedestrian
75,745.0,1065.0,800.0,1090.0,10012,1,0,1,Pedestrian
75,745.0,1065.0,800.0,1090.0,10013,1,0,1,Pedestrian
75,745.0,1065.0,800.0,1090.0,10014,1,0,1,Pedestrian
75,745.0,1065.0,800.0,1090.0,10015,1,0,1,Pedestrian
75,745.0,1065.0,800.0,1090.0,10016,1,0,1,Pedestrian
75,745.0,1065.0,800.0,1090.0,10017,1,0,1,Pedestrian
75,745.0,1065.0,800.0,1090.0,10018,1,0,1,Pedestrian
75,745.0,1065.0,800.0,1090.0,10019,1,0,1,Pedestrian
75,745.0,1065.0,800.0,1090.0,10020,1,0,1,Pedestrian
75,745.0,1065.0,800.0,1090.0,10021,1,0,1,Pedestrian
75,745.0,1065.0,800.0,1090.0,10022,1,0,1,Pedestrian
75,745.0,1065.0,800.0,1090.0,10023,1,0,1,Pedestrian
75,745.0,1065.0,800.0,1090.0,10024,1,0,1,Pedestrian
75,745.0,1065.0,800.0,1090.0,10025,1,0,1,Pedestrian
75,745.0,1065.0,800.0,1090.0,10026,1,0,1,Pedestrian
75,745.0,1065.0,800.0,1090.0,10027,1,0,1,Pedestrian
75,745.0,1065.0,800.0,1090.0,10028,1,0,1,Pedestrian
75,745.0,1065.0,800.0,1090.0,10029,1,0,1,Pedestrian
75,745.0,1065.0,800.0,1090.0,10030,1,0,1,Pedestrian
75,745.0,1065.0,800.0,1090.0,10031,1,0,0,Pedestrian
76,591.0,6.0,640.0,45.0,9000,1,0,0,Pedestrian
76,588.0,6.0,638.0,43.0,9001,1,0,1,Pedestrian
76,588.0,6.0,638.0,43.0,9002,1,0,1,Pedestrian
76,588.0,6.0,638.0,43.0,9003,1,0,1,Pedestrian
76,588.0,6.0,638.0,43.0,9004,1,0,1,Pedestrian
76,588.0,6.0,638.0,43.0,9005,1,0,1,Pedestrian
76,588.0,6.0,638.0,43.0,9006,1,0,1,Pedestrian
76,588.0,6.0,638.0,43.0,9007,1,0,1,Pedestrian
76,588.0,6.0,638.0,43.0,9008,1,0,1,Pedestrian
76,588.0,6.0,638.0,43.0,9009,1,0,1,Pedestrian
76,588.0,6.0,638.0,43.0,9010,1,0,1,Pedestrian
76,588.0,6.0,638.0,43.0,9011,1,0,1,Pedestrian
76,588.0,6.0,638.0,43.0,9012,1,0,1,Pedestrian
76,588.0,6.0,638.0,43.0,9013,1,0,1,Pedestrian
76,588.0,6.0,638.0,43.0,9014,1,0,1,Pedestrian
76,588.0,6.0,638.0,43.0,9015,1,0,1,Pedestrian
76,588.0,6.0,638.0,43.0,9016,1,0,1,Pedestrian
76,588.0,6.0,638.0,43.0,9017,1,0,1,Pedestrian
76,588.0,6.0,638.0,43.0,9018,1,0,1,Pedestrian
76,588.0,6.0,638.0,43.0,9019,1,0,1,Pedestrian
76,588.0,6.0,638.0,43.0,9020,1,0,1,Pedestrian
76,588.0,6.0,638.0,43.0,9021,1,0,1,Pedestrian
76,588.0,6.0,638.0,43.0,9022,1,0,1,Pedestrian
76,588.0,6.0,638.0,43.0,9023,1,0,1,Pedestrian
76,588.0,6.0,638.0,43.0,9024,1,0,1,Pedestrian
76,588.0,6.0,638.0,43.0,9025,1,0,1,Pedestrian
76,588.0,6.0,638.0,43.0,9026,1,0,1,Pedestrian
76,588.0,6.0,638.0,43.0,9027,1,0,1,Pedestrian
76,588.0,6.0,638.0,43.0,9028,1,0,1,Pedestrian
76,588.0,6.0,638.0,43.0,9029,1,0,1,Pedestrian
76,588.0,6.0,638.0,43.0,9030,1,0,1,Pedestrian
76,588.0,6.0,638.0,43.0,9031,1,0,1,Pedestrian
76,588.0,6.0,638.0,43.0,9032,1,0,1,Pedestrian
76,588.0,6.0,638.0,43.0,9033,1,0,1,Pedestrian
76,588.0,6.0,638.0,43.0,9034,1,0,1,Pedestrian
76,588.0,6.0,638.0,43.0,9035,1,0,1,Pedestrian
76,588.0,6.0,638.0,43.0,9036,1,0,1,Pedestrian
76,588.0,6.0,638.0,43.0,9037,1,0,1,Pedestrian
76,588.0,6.0,638.0,43.0,9038,1,0,1,Pedestrian
76,588.0,6.0,638.0,43.0,9039,1,0,1,Pedestrian
76,588.0,6.0,638.0,43.0,9040,1,0,1,Pedestrian
76,588.0,6.0,638.0,43.0,9041,1,0,1,Pedestrian
76,588.0,6.0,638.0,43.0,9042,1,0,1,Pedestrian
76,588.0,6.0,638.0,43.0,9043,1,0,1,Pedestrian
76,588.0,6.0,638.0,43.0,9044,1,0,1,Pedestrian
76,588.0,6.0,638.0,43.0,9045,1,0,1,Pedestrian
76,588.0,6.0,638.0,43.0,9046,1,0,1,Pedestrian
76,588.0,6.0,638.0,43.0,9047,1,0,1,Pedestrian
76,588.0,6.0,638.0,43.0,9048,1,0,1,Pedestrian
76,588.0,6.0,638.0,43.0,9049,1,0,1,Pedestrian
76,588.0,6.0,638.0,43.0,9050,1,0,1,Pedestrian
76,588.0,6.0,638.0,43.0,9051,1,0,1,Pedestrian
76,588.0,6.0,638.0,43.0,9052,1,0,1,Pedestrian
76,588.0,6.0,638.0,43.0,9053,1,0,1,Pedestrian
76,588.0,6.0,638.0,43.0,9054,1,0,1,Pedestrian
76,588.0,6.0,638.0,43.0,9055,1,0,1,Pedestrian
76,588.0,6.0,638.0,43.0,9056,1,0,1,Pedestrian
76,588.0,6.0,638.0,43.0,9057,1,0,1,Pedestrian
76,588.0,6.0,638.0,43.0,9058,1,0,1,Pedestrian
76,588.0,6.0,638.0,43.0,9059,1,0,1,Pedestrian
76,588.0,6.0,638.0,43.0,9060,1,0,1,Pedestrian
76,588.0,6.0,638.0,43.0,9061,1,0,1,Pedestrian
76,588.0,6.0,638.0,43.0,9062,1,0,1,Pedestrian
76,588.0,6.0,638.0,43.0,9063,1,0,1,Pedestrian
76,588.0,6.0,638.0,43.0,9064,1,0,1,Pedestrian
76,588.0,6.0,638.0,43.0,9065,1,0,1,Pedestrian
76,588.0,6.0,638.0,43.0,9066,1,0,1,Pedestrian
76,588.0,6.0,638.0,43.0,9067,1,0,1,Pedestrian
76,588.0,6.0,638.0,43.0,9068,1,0,1,Pedestrian
76,588.0,6.0,638.0,43.0,9069,1,0,1,Pedestrian
76,588.0,6.0,638.0,43.0,9070,1,0,1,Pedestrian
76,588.0,6.0,638.0,43.0,9071,1,0,1,Pedestrian
76,588.0,6.0,638.0,43.0,9072,1,0,1,Pedestrian
76,588.0,6.0,638.0,43.0,9073,1,0,1,Pedestrian
76,588.0,6.0,638.0,43.0,9074,1,0,1,Pedestrian
76,588.0,6.0,638.0,43.0,9075,1,0,1,Pedestrian
76,588.0,6.0,638.0,43.0,9076,1,0,1,Pedestrian
76,588.0,6.0,638.0,43.0,9077,1,0,1,Pedestrian
76,588.0,6.0,638.0,43.0,9078,1,0,1,Pedestrian
76,588.0,6.0,638.0,43.0,9079,1,0,1,Pedestrian
76,588.0,6.0,638.0,43.0,9080,1,0,1,Pedestrian
76,588.0,6.0,638.0,43.0,9081,1,0,1,Pedestrian
76,588.0,6.0,638.0,43.0,9082,1,0,1,Pedestrian
76,588.0,6.0,638.0,43.0,9083,1,0,1,Pedestrian
76,588.0,6.0,638.0,43.0,9084,1,0,1,Pedestrian
76,588.0,6.0,638.0,43.0,9085,1,0,1,Pedestrian
76,588.0,6.0,638.0,43.0,9086,1,0,1,Pedestrian
76,588.0,6.0,638.0,43.0,9087,1,0,1,Pedestrian
76,588.0,6.0,638.0,43.0,9088,1,0,1,Pedestrian
76,588.0,6.0,638.0,43.0,9089,1,0,1,Pedestrian
76,588.0,6.0,638.0,43.0,9090,1,0,1,Pedestrian
76,588.0,6.0,638.0,43.0,9091,1,0,1,Pedestrian
76,588.0,6.0,638.0,43.0,9092,1,0,1,Pedestrian
76,588.0,6.0,638.0,43.0,9093,1,0,1,Pedestrian
76,588.0,6.0,638.0,43.0,9094,1,0,1,Pedestrian
76,588.0,6.0,638.0,43.0,9095,1,0,1,Pedestrian
76,588.0,6.0,638.0,43.0,9096,1,0,1,Pedestrian
76,588.0,6.0,638.0,43.0,9097,1,0,1,Pedestrian
76,588.0,6.0,638.0,43.0,9098,1,0,1,Pedestrian
76,588.0,6.0,638.0,43.0,9099,1,0,1,Pedestrian
76,588.0,6.0,638.0,43.0,9100,1,0,1,Pedestrian
76,588.0,6.0,638.0,43.0,9101,1,0,1,Pedestrian
76,588.0,6.0,638.0,43.0,9102,1,0,1,Pedestrian
76,588.0,6.0,638.0,43.0,9103,1,0,1,Pedestrian
76,588.0,6.0,638.0,43.0,9104,1,0,1,Pedestrian
76,588.0,6.0,638.0,43.0,9105,1,0,1,Pedestrian
76,588.0,6.0,638.0,43.0,9106,1,0,1,Pedestrian
76,588.0,6.0,638.0,43.0,9107,1,0,1,Pedestrian
76,588.0,6.0,638.0,43.0,9108,1,0,1,Pedestrian
76,588.0,6.0,638.0,43.0,9109,1,0,1,Pedestrian
76,588.0,6.0,638.0,43.0,9110,1,0,1,Pedestrian
76,588.0,6.0,638.0,43.0,9111,1,0,1,Pedestrian
76,588.0,6.0,638.0,43.0,9112,1,0,1,Pedestrian
76,588.0,6.0,638.0,43.0,9113,1,0,1,Pedestrian
76,588.0,6.0,638.0,43.0,9114,1,0,1,Pedestrian
76,588.0,6.0,638.0,43.0,9115,1,0,1,Pedestrian
76,588.0,6.0,638.0,43.0,9116,1,0,1,Pedestrian
76,588.0,6.0,638.0,43.0,9117,0,0,0,Pedestrian
76,594.0,4.0,643.0,40.0,9118,0,0,1,Pedestrian
76,599.0,2.0,649.0,38.0,9119,0,0,1,Pedestrian
76,607.0,0.0,657.0,38.0,9120,0,0,0,Pedestrian
76,605.0,0.0,654.0,38.0,9121,0,0,1,Pedestrian
76,605.0,0.0,651.0,40.0,9122,0,0,1,Pedestrian
76,602.0,0.0,651.0,43.0,9123,0,0,1,Pedestrian
76,602.0,0.0,649.0,45.0,9124,0,0,1,Pedestrian
76,599.0,0.0,649.0,45.0,9125,0,0,1,Pedestrian
76,599.0,0.0,646.0,47.0,9126,0,0,1,Pedestrian
76,596.0,0.0,646.0,50.0,9127,0,0,1,Pedestrian
76,596.0,0.0,643.0,52.0,9128,0,0,1,Pedestrian
76,596.0,0.0,643.0,54.0,9129,0,0,0,Pedestrian
76,594.0,0.0,640.0,52.0,9130,0,0,1,Pedestrian
76,594.0,0.0,640.0,52.0,9131,0,0,1,Pedestrian
76,594.0,2.0,640.0,50.0,9132,0,0,1,Pedestrian
76,594.0,2.0,640.0,50.0,9133,0,0,1,Pedestrian
76,591.0,2.0,640.0,47.0,9134,0,0,1,Pedestrian
76,591.0,4.0,640.0,47.0,9135,0,0,1,Pedestrian
76,591.0,4.0,640.0,45.0,9136,0,0,1,Pedestrian
76,591.0,4.0,640.0,45.0,9137,0,0,1,Pedestrian
76,591.0,6.0,640.0,45.0,9138,0,0,0,Pedestrian
76,591.0,6.0,640.0,45.0,9139,0,0,1,Pedestrian
76,591.0,9.0,640.0,47.0,9140,0,0,1,Pedestrian
76,591.0,9.0,640.0,47.0,9141,0,0,1,Pedestrian
76,591.0,11.0,640.0,50.0,9142,0,0,1,Pedestrian
76,591.0,13.0,640.0,52.0,9143,0,0,1,Pedestrian
76,591.0,13.0,640.0,52.0,9144,0,0,1,Pedestrian
76,594.0,15.0,643.0,54.0,9145,0,0,1,Pedestrian
76,594.0,15.0,643.0,54.0,9146,0,0,1,Pedestrian
76,594.0,18.0,643.0,56.0,9147,0,0,1,Pedestrian
76,594.0,20.0,643.0,59.0,9148,0,0,1,Pedestrian
76,594.0,20.0,643.0,59.0,9149,0,0,1,Pedestrian
76,594.0,22.0,643.0,61.0,9150,0,0,1,Pedestrian
76,596.0,22.0,646.0,61.0,9151,0,0,1,Pedestrian
76,596.0,25.0,646.0,63.0,9152,0,0,1,Pedestrian
76,596.0,27.0,646.0,66.0,9153,0,0,1,Pedestrian
76,596.0,27.0,646.0,66.0,9154,0,0,1,Pedestrian
76,596.0,29.0,646.0,68.0,9155,0,0,1,Pedestrian
76,596.0,29.0,646.0,68.0,9156,0,0,1,Pedestrian
76,599.0,31.0,649.0,70.0,9157,0,0,1,Pedestrian
76,599.0,34.0,649.0,72.0,9158,0,0,1,Pedestrian
76,599.0,34.0,649.0,72.0,9159,0,0,1,Pedestrian
76,599.0,36.0,649.0,75.0,9160,0,0,1,Pedestrian
76,599.0,36.0,649.0,75.0,9161,0,0,1,Pedestrian
76,599.0,38.0,649.0,77.0,9162,0,0,1,Pedestrian
76,602.0,40.0,651.0,79.0,9163,0,0,1,Pedestrian
76,602.0,40.0,651.0,79.0,9164,0,0,1,Pedestrian
76,602.0,43.0,651.0,81.0,9165,0,0,1,Pedestrian
76,602.0,43.0,651.0,81.0,9166,0,0,1,Pedestrian
76,602.0,45.0,651.0,84.0,9167,0,0,1,Pedestrian
76,602.0,47.0,651.0,86.0,9168,0,0,1,Pedestrian
76,605.0,47.0,654.0,86.0,9169,0,0,1,Pedestrian
76,605.0,50.0,654.0,88.0,9170,0,0,1,Pedestrian
76,605.0,50.0,654.0,88.0,9171,0,0,1,Pedestrian
76,605.0,52.0,654.0,91.0,9172,0,0,1,Pedestrian
76,605.0,54.0,654.0,93.0,9173,0,0,1,Pedestrian
76,605.0,54.0,654.0,93.0,9174,0,0,1,Pedestrian
76,607.0,56.0,657.0,95.0,9175,0,0,1,Pedestrian
76,607.0,59.0,657.0,97.0,9176,0,0,1,Pedestrian
76,607.0,59.0,657.0,97.0,9177,0,0,1,Pedestrian
76,607.0,61.0,657.0,100.0,9178,0,0,1,Pedestrian
76,607.0,61.0,657.0,100.0,9179,0,0,1,Pedestrian
76,607.0,63.0,657.0,102.0,9180,0,0,1,Pedestrian
76,610.0,66.0,660.0,104.0,9181,0,0,1,Pedestrian
76,610.0,66.0,660.0,104.0,9182,0,0,1,Pedestrian
76,610.0,68.0,660.0,107.0,9183,0,0,1,Pedestrian
76,610.0,68.0,660.0,107.0,9184,0,0,1,Pedestrian
76,610.0,70.0,660.0,109.0,9185,0,0,1,Pedestrian
76,610.0,72.0,660.0,111.0,9186,0,0,1,Pedestrian
76,613.0,72.0,662.0,111.0,9187,0,0,1,Pedestrian
76,613.0,75.0,662.0,113.0,9188,0,0,1,Pedestrian
76,613.0,75.0,662.0,113.0,9189,0,0,1,Pedestrian
76,613.0,77.0,662.0,116.0,9190,0,0,1,Pedestrian
76,613.0,79.0,662.0,118.0,9191,0,0,1,Pedestrian
76,613.0,79.0,662.0,118.0,9192,0,0,1,Pedestrian
76,616.0,81.0,665.0,120.0,9193,0,0,1,Pedestrian
76,616.0,81.0,665.0,120.0,9194,0,0,1,Pedestrian
76,616.0,84.0,665.0,122.0,9195,0,0,1,Pedestrian
76,616.0,86.0,665.0,125.0,9196,0,0,1,Pedestrian
76,616.0,86.0,665.0,125.0,9197,0,0,1,Pedestrian
76,616.0,88.0,665.0,127.0,9198,0,0,1,Pedestrian
76,618.0,88.0,668.0,127.0,9199,0,0,1,Pedestrian
76,618.0,91.0,668.0,129.0,9200,0,0,1,Pedestrian
76,618.0,93.0,668.0,132.0,9201,0,0,1,Pedestrian
76,618.0,93.0,668.0,132.0,9202,0,0,1,Pedestrian
76,618.0,95.0,668.0,134.0,9203,0,0,1,Pedestrian
76,618.0,95.0,668.0,134.0,9204,0,0,1,Pedestrian
76,621.0,97.0,671.0,136.0,9205,0,0,1,Pedestrian
76,621.0,100.0,671.0,138.0,9206,0,0,1,Pedestrian
76,621.0,100.0,671.0,138.0,9207,0,0,1,Pedestrian
76,621.0,102.0,671.0,141.0,9208,0,0,1,Pedestrian
76,621.0,102.0,671.0,141.0,9209,0,0,1,Pedestrian
76,621.0,104.0,671.0,143.0,9210,0,0,1,Pedestrian
76,624.0,107.0,673.0,145.0,9211,0,0,1,Pedestrian
76,624.0,107.0,673.0,145.0,9212,0,0,1,Pedestrian
76,624.0,109.0,673.0,148.0,9213,0,0,1,Pedestrian
76,624.0,111.0,673.0,150.0,9214,0,0,1,Pedestrian
76,624.0,111.0,673.0,150.0,9215,0,0,1,Pedestrian
76,624.0,113.0,673.0,152.0,9216,0,0,1,Pedestrian
76,627.0,113.0,676.0,152.0,9217,0,0,1,Pedestrian
76,627.0,116.0,676.0,154.0,9218,0,0,1,Pedestrian
76,627.0,118.0,676.0,157.0,9219,0,0,1,Pedestrian
76,627.0,118.0,676.0,157.0,9220,0,0,1,Pedestrian
76,627.0,120.0,676.0,159.0,9221,0,0,1,Pedestrian
76,627.0,120.0,676.0,159.0,9222,0,0,1,Pedestrian
76,629.0,122.0,679.0,161.0,9223,0,0,1,Pedestrian
76,629.0,125.0,679.0,163.0,9224,0,0,1,Pedestrian
76,629.0,125.0,679.0,163.0,9225,0,0,1,Pedestrian
76,629.0,127.0,679.0,166.0,9226,0,0,1,Pedestrian
76,629.0,127.0,679.0,166.0,9227,0,0,1,Pedestrian
76,629.0,129.0,679.0,168.0,9228,0,0,1,Pedestrian
76,632.0,132.0,682.0,170.0,9229,0,0,1,Pedestrian
76,632.0,132.0,682.0,170.0,9230,0,0,1,Pedestrian
76,632.0,134.0,682.0,173.0,9231,0,0,1,Pedestrian
76,632.0,134.0,682.0,173.0,9232,0,0,1,Pedestrian
76,632.0,136.0,682.0,175.0,9233,0,0,1,Pedestrian
76,632.0,138.0,682.0,177.0,9234,0,0,1,Pedestrian
76,635.0,138.0,684.0,177.0,9235,0,0,1,Pedestrian
76,635.0,141.0,684.0,179.0,9236,0,0,1,Pedestrian
76,635.0,141.0,684.0,179.0,9237,0,0,1,Pedestrian
76,635.0,143.0,684.0,182.0,9238,0,0,1,Pedestrian
76,635.0,145.0,684.0,184.0,9239,0,0,1,Pedestrian
76,635.0,145.0,684.0,184.0,9240,0,0,1,Pedestrian
76,638.0,148.0,687.0,186.0,9241,0,0,1,Pedestrian
76,638.0,148.0,687.0,186.0,9242,0,0,1,Pedestrian
76,638.0,150.0,687.0,188.0,9243,0,0,1,Pedestrian
76,638.0,152.0,687.0,191.0,9244,0,0,1,Pedestrian
76,638.0,152.0,687.0,191.0,9245,0,0,1,Pedestrian
76,638.0,154.0,687.0,193.0,9246,0,0,1,Pedestrian
76,640.0,157.0,690.0,195.0,9247,0,0,0,Pedestrian
76,640.0,157.0,690.0,195.0,9248,0,0,1,Pedestrian
76,640.0,159.0,690.0,198.0,9249,0,0,1,Pedestrian
76,640.0,159.0,690.0,198.0,9250,0,0,1,Pedestrian
76,640.0,161.0,690.0,200.0,9251,0,0,1,Pedestrian
76,640.0,161.0,690.0,200.0,9252,0,0,1,Pedestrian
76,640.0,163.0,690.0,202.0,9253,0,0,1,Pedestrian
76,640.0,166.0,690.0,204.0,9254,0,0,1,Pedestrian
76,640.0,166.0,690.0,204.0,9255,0,0,1,Pedestrian
76,643.0,168.0,693.0,207.0,9256,0,0,1,Pedestrian
76,643.0,168.0,693.0,207.0,9257,0,0,1,Pedestrian
76,643.0,170.0,693.0,209.0,9258,0,0,1,Pedestrian
76,643.0,170.0,693.0,209.0,9259,0,0,1,Pedestrian
76,643.0,173.0,693.0,211.0,9260,0,0,1,Pedestrian
76,643.0,175.0,693.0,214.0,9261,0,0,1,Pedestrian
76,643.0,175.0,693.0,214.0,9262,0,0,1,Pedestrian
76,643.0,177.0,693.0,216.0,9263,0,0,1,Pedestrian
76,646.0,177.0,695.0,216.0,9264,0,0,1,Pedestrian
76,646.0,179.0,695.0,218.0,9265,0,0,1,Pedestrian
76,646.0,182.0,695.0,220.0,9266,0,0,1,Pedestrian
76,646.0,182.0,695.0,220.0,9267,0,0,1,Pedestrian
76,646.0,184.0,695.0,223.0,9268,0,0,1,Pedestrian
76,646.0,184.0,695.0,223.0,9269,0,0,1,Pedestrian
76,646.0,186.0,695.0,225.0,9270,0,0,1,Pedestrian
76,646.0,186.0,695.0,225.0,9271,0,0,1,Pedestrian
76,646.0,188.0,695.0,227.0,9272,0,0,1,Pedestrian
76,649.0,191.0,698.0,229.0,9273,0,0,1,Pedestrian
76,649.0,191.0,698.0,229.0,9274,0,0,1,Pedestrian
76,649.0,193.0,698.0,232.0,9275,0,0,1,Pedestrian
76,649.0,193.0,698.0,232.0,9276,0,0,1,Pedestrian
76,649.0,195.0,698.0,234.0,9277,0,0,1,Pedestrian
76,649.0,198.0,698.0,236.0,9278,0,0,1,Pedestrian
76,649.0,198.0,698.0,236.0,9279,0,0,1,Pedestrian
76,649.0,200.0,698.0,239.0,9280,0,0,1,Pedestrian
76,651.0,200.0,701.0,239.0,9281,0,0,1,Pedestrian
76,651.0,202.0,701.0,241.0,9282,0,0,1,Pedestrian
76,651.0,202.0,701.0,241.0,9283,0,0,1,Pedestrian
76,651.0,204.0,701.0,243.0,9284,0,0,1,Pedestrian
76,651.0,207.0,701.0,245.0,9285,0,0,1,Pedestrian
76,651.0,207.0,701.0,245.0,9286,0,0,1,Pedestrian
76,651.0,209.0,701.0,248.0,9287,0,0,1,Pedestrian
76,651.0,209.0,701.0,248.0,9288,0,0,1,Pedestrian
76,654.0,211.0,704.0,250.0,9289,0,0,1,Pedestrian
76,654.0,211.0,704.0,250.0,9290,0,0,1,Pedestrian
76,654.0,214.0,704.0,252.0,9291,0,0,1,Pedestrian
76,654.0,216.0,704.0,255.0,9292,0,0,1,Pedestrian
76,654.0,216.0,704.0,255.0,9293,0,0,1,Pedestrian
76,654.0,218.0,704.0,257.0,9294,0,0,1,Pedestrian
76,654.0,218.0,704.0,257.0,9295,0,0,1,Pedestrian
76,654.0,220.0,704.0,259.0,9296,0,0,1,Pedestrian
76,654.0,223.0,704.0,261.0,9297,0,0,1,Pedestrian
76,657.0,223.0,706.0,261.0,9298,0,0,1,Pedestrian
76,657.0,225.0,706.0,264.0,9299,0,0,1,Pedestrian
76,657.0,225.0,706.0,264.0,9300,0,0,1,Pedestrian
76,657.0,227.0,706.0,266.0,9301,0,0,1,Pedestrian
76,657.0,227.0,706.0,266.0,9302,0,0,1,Pedestrian
76,657.0,229.0,706.0,268.0,9303,0,0,1,Pedestrian
76,657.0,232.0,706.0,270.0,9304,0,0,1,Pedestrian
76,657.0,232.0,706.0,270.0,9305,0,0,1,Pedestrian
76,660.0,234.0,709.0,273.0,9306,0,0,1,Pedestrian
76,660.0,234.0,709.0,273.0,9307,0,0,1,Pedestrian
76,660.0,236.0,709.0,275.0,9308,0,0,1,Pedestrian
76,660.0,239.0,709.0,277.0,9309,0,0,1,Pedestrian
76,660.0,239.0,709.0,277.0,9310,0,0,1,Pedestrian
76,660.0,241.0,709.0,280.0,9311,0,0,1,Pedestrian
76,660.0,241.0,709.0,280.0,9312,0,0,1,Pedestrian
76,660.0,243.0,709.0,282.0,9313,0,0,1,Pedestrian
76,662.0,243.0,712.0,282.0,9314,0,0,1,Pedestrian
76,662.0,245.0,712.0,284.0,9315,0,0,1,Pedestrian
76,662.0,248.0,712.0,286.0,9316,0,0,1,Pedestrian
76,662.0,248.0,712.0,286.0,9317,0,0,1,Pedestrian
76,662.0,250.0,712.0,289.0,9318,0,0,1,Pedestrian
76,662.0,250.0,712.0,289.0,9319,0,0,1,Pedestrian
76,662.0,252.0,712.0,291.0,9320,0,0,1,Pedestrian
76,662.0,255.0,712.0,293.0,9321,0,0,1,Pedestrian
76,662.0,255.0,712.0,293.0,9322,0,0,1,Pedestrian
76,665.0,257.0,715.0,296.0,9323,0,0,1,Pedestrian
76,665.0,257.0,715.0,296.0,9324,0,0,1,Pedestrian
76,665.0,259.0,715.0,298.0,9325,0,0,1,Pedestrian
76,665.0,259.0,715.0,298.0,9326,0,0,1,Pedestrian
76,665.0,261.0,715.0,300.0,9327,0,0,1,Pedestrian
76,665.0,264.0,715.0,302.0,9328,0,0,1,Pedestrian
76,665.0,264.0,715.0,302.0,9329,0,0,1,Pedestrian
76,665.0,266.0,715.0,305.0,9330,0,0,1,Pedestrian
76,668.0,266.0,717.0,305.0,9331,0,0,1,Pedestrian
76,668.0,268.0,717.0,307.0,9332,0,0,1,Pedestrian
76,668.0,268.0,717.0,307.0,9333,0,0,1,Pedestrian
76,668.0,270.0,717.0,309.0,9334,0,0,1,Pedestrian
76,668.0,273.0,717.0,311.0,9335,0,0,1,Pedestrian
76,668.0,273.0,717.0,311.0,9336,0,0,1,Pedestrian
76,668.0,275.0,717.0,314.0,9337,0,0,1,Pedestrian
76,668.0,275.0,717.0,314.0,9338,0,0,1,Pedestrian
76,671.0,277.0,720.0,316.0,9339,0,0,1,Pedestrian
76,671.0,280.0,720.0,318.0,9340,0,0,1,Pedestrian
76,671.0,280.0,720.0,318.0,9341,0,0,1,Pedestrian
76,671.0,282.0,720.0,321.0,9342,0,0,1,Pedestrian
76,671.0,282.0,720.0,321.0,9343,0,0,1,Pedestrian
76,671.0,284.0,720.0,323.0,9344,0,0,1,Pedestrian
76,671.0,284.0,720.0,323.0,9345,0,0,1,Pedestrian
76,671.0,286.0,720.0,325.0,9346,0,0,1,Pedestrian
76,671.0,289.0,720.0,327.0,9347,0,0,1,Pedestrian
76,673.0,289.0,723.0,327.0,9348,0,0,1,Pedestrian
76,673.0,291.0,723.0,330.0,9349,0,0,1,Pedestrian
76,673.0,291.0,723.0,330.0,9350,0,0,1,Pedestrian
76,673.0,293.0,723.0,332.0,9351,0,0,1,Pedestrian
76,673.0,296.0,723.0,334.0,9352,0,0,1,Pedestrian
76,673.0,296.0,723.0,334.0,9353,0,0,1,Pedestrian
76,673.0,298.0,723.0,337.0,9354,0,0,1,Pedestrian
76,673.0,298.0,723.0,337.0,9355,0,0,1,Pedestrian
76,676.0,300.0,726.0,339.0,9356,0,0,1,Pedestrian
76,676.0,300.0,726.0,339.0,9357,0,0,1,Pedestrian
76,676.0,302.0,726.0,341.0,9358,0,0,1,Pedestrian
76,676.0,305.0,726.0,343.0,9359,0,0,1,Pedestrian
76,676.0,305.0,726.0,343.0,9360,0,0,1,Pedestrian
76,676.0,307.0,726.0,346.0,9361,0,0,1,Pedestrian
76,676.0,307.0,726.0,346.0,9362,0,0,1,Pedestrian
76,676.0,309.0,726.0,348.0,9363,0,0,1,Pedestrian
76,679.0,311.0,728.0,350.0,9364,0,0,0,Pedestrian
76,679.0,311.0,728.0,350.0,9365,0,0,1,Pedestrian
76,679.0,314.0,728.0,352.0,9366,0,0,1,Pedestrian
76,679.0,314.0,728.0,352.0,9367,0,0,1,Pedestrian
76,679.0,316.0,728.0,355.0,9368,0,0,1,Pedestrian
76,679.0,316.0,728.0,355.0,9369,0,0,1,Pedestrian
76,682.0,318.0,731.0,357.0,9370,0,0,1,Pedestrian
76,682.0,321.0,731.0,359.0,9371,0,0,1,Pedestrian
76,682.0,321.0,731.0,359.0,9372,0,0,1,Pedestrian
76,682.0,323.0,731.0,362.0,9373,0,0,1,Pedestrian
76,682.0,323.0,731.0,362.0,9374,0,0,1,Pedestrian
76,682.0,325.0,731.0,364.0,9375,0,0,1,Pedestrian
76,684.0,325.0,734.0,364.0,9376,0,0,1,Pedestrian
76,684.0,327.0,734.0,366.0,9377,0,0,1,Pedestrian
76,684.0,330.0,734.0,368.0,9378,0,0,1,Pedestrian
76,684.0,330.0,734.0,368.0,9379,0,0,1,Pedestrian
76,684.0,332.0,734.0,371.0,9380,0,0,1,Pedestrian
76,684.0,332.0,734.0,371.0,9381,0,0,1,Pedestrian
76,687.0,334.0,737.0,373.0,9382,0,0,1,Pedestrian
76,687.0,334.0,737.0,373.0,9383,0,0,1,Pedestrian
76,687.0,337.0,737.0,375.0,9384,0,0,1,Pedestrian
76,687.0,339.0,737.0,377.0,9385,0,0,1,Pedestrian
76,687.0,339.0,737.0,377.0,9386,0,0,1,Pedestrian
76,687.0,341.0,737.0,380.0,9387,0,0,1,Pedestrian
76,690.0,341.0,739.0,380.0,9388,0,0,1,Pedestrian
76,690.0,343.0,739.0,382.0,9389,0,0,1,Pedestrian
76,690.0,346.0,739.0,384.0,9390,0,0,1,Pedestrian
76,690.0,346.0,739.0,384.0,9391,0,0,1,Pedestrian
76,690.0,348.0,739.0,387.0,9392,0,0,1,Pedestrian
76,690.0,348.0,739.0,387.0,9393,0,0,1,Pedestrian
76,693.0,350.0,742.0,389.0,9394,0,0,1,Pedestrian
76,693.0,350.0,742.0,389.0,9395,0,0,1,Pedestrian
76,693.0,352.0,742.0,391.0,9396,0,0,1,Pedestrian
76,693.0,355.0,742.0,393.0,9397,0,0,1,Pedestrian
76,693.0,355.0,742.0,393.0,9398,0,0,1,Pedestrian
76,693.0,357.0,742.0,396.0,9399,0,0,1,Pedestrian
76,695.0,357.0,745.0,396.0,9400,0,0,1,Pedestrian
76,695.0,359.0,745.0,398.0,9401,0,0,1,Pedestrian
76,695.0,359.0,745.0,398.0,9402,0,0,1,Pedestrian
76,695.0,362.0,745.0,400.0,9403,0,0,1,Pedestrian
76,695.0,364.0,745.0,403.0,9404,0,0,1,Pedestrian
76,695.0,364.0,745.0,403.0,9405,0,0,1,Pedestrian
76,698.0,366.0,748.0,405.0,9406,0,0,1,Pedestrian
76,698.0,366.0,748.0,405.0,9407,0,0,1,Pedestrian
76,698.0,368.0,748.0,407.0,9408,0,0,1,Pedestrian
76,698.0,368.0,748.0,407.0,9409,0,0,1,Pedestrian
76,698.0,371.0,748.0,409.0,9410,0,0,1,Pedestrian
76,698.0,373.0,748.0,412.0,9411,0,0,1,Pedestrian
76,701.0,373.0,750.0,412.0,9412,0,0,1,Pedestrian
76,701.0,375.0,750.0,414.0,9413,0,0,1,Pedestrian
76,701.0,375.0,750.0,414.0,9414,0,0,1,Pedestrian
76,701.0,377.0,750.0,416.0,9415,0,0,1,Pedestrian
76,701.0,380.0,750.0,418.0,9416,0,0,1,Pedestrian
76,701.0,380.0,750.0,418.0,9417,0,0,1,Pedestrian
76,704.0,382.0,753.0,421.0,9418,0,0,1,Pedestrian
76,704.0,382.0,753.0,421.0,9419,0,0,1,Pedestrian
76,704.0,384.0,753.0,423.0,9420,0,0,1,Pedestrian
76,704.0,384.0,753.0,423.0,9421,0,0,1,Pedestrian
76,704.0,387.0,753.0,425.0,9422,0,0,1,Pedestrian
76,704.0,389.0,753.0,428.0,9423,0,0,1,Pedestrian
76,706.0,389.0,756.0,428.0,9424,0,0,1,Pedestrian
76,706.0,391.0,756.0,430.0,9425,0,0,1,Pedestrian
76,706.0,391.0,756.0,430.0,9426,0,0,1,Pedestrian
76,706.0,393.0,756.0,432.0,9427,0,0,1,Pedestrian
76,706.0,393.0,756.0,432.0,9428,0,0,1,Pedestrian
76,709.0,396.0,759.0,434.0,9429,0,0,1,Pedestrian
76,709.0,398.0,759.0,437.0,9430,0,0,1,Pedestrian
76,709.0,398.0,759.0,437.0,9431,0,0,1,Pedestrian
76,709.0,400.0,759.0,439.0,9432,0,0,1,Pedestrian
76,709.0,400.0,759.0,439.0,9433,0,0,1,Pedestrian
76,709.0,403.0,759.0,441.0,9434,0,0,1,Pedestrian
76,712.0,403.0,761.0,441.0,9435,0,0,1,Pedestrian
76,712.0,405.0,761.0,444.0,9436,0,0,1,Pedestrian
76,712.0,407.0,761.0,446.0,9437,0,0,1,Pedestrian
76,712.0,407.0,761.0,446.0,9438,0,0,1,Pedestrian
76,712.0,409.0,761.0,448.0,9439,0,0,1,Pedestrian
76,712.0,409.0,761.0,448.0,9440,0,0,1,Pedestrian
76,715.0,412.0,764.0,450.0,9441,0,0,1,Pedestrian
76,715.0,414.0,764.0,453.0,9442,0,0,1,Pedestrian
76,715.0,414.0,764.0,453.0,9443,0,0,1,Pedestrian
76,715.0,416.0,764.0,455.0,9444,0,0,1,Pedestrian
76,715.0,416.0,764.0,455.0,9445,0,0,1,Pedestrian
76,715.0,418.0,764.0,457.0,9446,0,0,1,Pedestrian
76,717.0,418.0,767.0,457.0,9447,0,0,1,Pedestrian
76,717.0,421.0,767.0,459.0,9448,0,0,1,Pedestrian
76,717.0,423.0,767.0,462.0,9449,0,0,1,Pedestrian
76,717.0,423.0,767.0,462.0,9450,0,0,1,Pedestrian
76,717.0,425.0,767.0,464.0,9451,0,0,1,Pedestrian
76,717.0,425.0,767.0,464.0,9452,0,0,1,Pedestrian
76,720.0,428.0,770.0,466.0,9453,0,0,1,Pedestrian
76,720.0,428.0,770.0,466.0,9454,0,0,1,Pedestrian
76,720.0,430.0,770.0,469.0,9455,0,0,1,Pedestrian
76,720.0,432.0,770.0,471.0,9456,0,0,1,Pedestrian
76,720.0,432.0,770.0,471.0,9457,0,0,1,Pedestrian
76,720.0,434.0,770.0,473.0,9458,0,0,1,Pedestrian
76,723.0,434.0,772.0,473.0,9459,0,0,1,Pedestrian
76,723.0,437.0,772.0,475.0,9460,0,0,1,Pedestrian
76,723.0,437.0,772.0,475.0,9461,0,0,1,Pedestrian
76,723.0,439.0,772.0,478.0,9462,0,0,1,Pedestrian
76,723.0,441.0,772.0,480.0,9463,0,0,1,Pedestrian
76,723.0,441.0,772.0,480.0,9464,0,0,1,Pedestrian
76,726.0,444.0,775.0,482.0,9465,0,0,1,Pedestrian
76,726.0,444.0,775.0,482.0,9466,0,0,1,Pedestrian
76,726.0,446.0,775.0,485.0,9467,0,0,1,Pedestrian
76,726.0,448.0,775.0,487.0,9468,0,0,1,Pedestrian
76,726.0,448.0,775.0,487.0,9469,0,0,1,Pedestrian
76,726.0,450.0,775.0,489.0,9470,0,0,1,Pedestrian
76,728.0,450.0,778.0,489.0,9471,0,0,1,Pedestrian
76,728.0,453.0,778.0,491.0,9472,0,0,1,Pedestrian
76,728.0,453.0,778.0,491.0,9473,0,0,1,Pedestrian
76,728.0,455.0,778.0,494.0,9474,0,0,1,Pedestrian
76,728.0,457.0,778.0,496.0,9475,0,0,1,Pedestrian
76,728.0,457.0,778.0,496.0,9476,0,0,1,Pedestrian
76,731.0,459.0,781.0,498.0,9477,0,0,1,Pedestrian
76,731.0,459.0,781.0,498.0,9478,0,0,1,Pedestrian
76,731.0,462.0,781.0,500.0,9479,0,0,1,Pedestrian
76,731.0,462.0,781.0,500.0,9480,0,0,1,Pedestrian
76,731.0,464.0,781.0,503.0,9481,0,0,1,Pedestrian
76,731.0,466.0,781.0,505.0,9482,0,0,1,Pedestrian
76,734.0,466.0,783.0,505.0,9483,0,0,1,Pedestrian
76,734.0,469.0,783.0,507.0,9484,0,0,1,Pedestrian
76,734.0,469.0,783.0,507.0,9485,0,0,1,Pedestrian
76,734.0,471.0,783.0,510.0,9486,0,0,1,Pedestrian
76,734.0,471.0,783.0,510.0,9487,0,0,1,Pedestrian
76,734.0,473.0,783.0,512.0,9488,0,0,1,Pedestrian
76,737.0,475.0,786.0,514.0,9489,0,0,1,Pedestrian
76,737.0,475.0,786.0,514.0,9490,0,0,1,Pedestrian
76,737.0,478.0,786.0,516.0,9491,0,0,1,Pedestrian
76,737.0,478.0,786.0,516.0,9492,0,0,1,Pedestrian
76,737.0,480.0,786.0,519.0,9493,0,0,1,Pedestrian
76,739.0,482.0,789.0,521.0,9494,0,0,0,Pedestrian
76,739.0,482.0,789.0,521.0,9495,0,0,1,Pedestrian
76,739.0,485.0,789.0,523.0,9496,0,0,1,Pedestrian
76,739.0,487.0,789.0,526.0,9497,0,0,1,Pedestrian
76,739.0,487.0,789.0,526.0,9498,0,0,1,Pedestrian
76,739.0,489.0,789.0,528.0,9499,0,0,1,Pedestrian
76,742.0,491.0,792.0,530.0,9500,0,0,0,Pedestrian
76,739.0,491.0,789.0,530.0,9501,0,0,1,Pedestrian
76,739.0,494.0,789.0,532.0,9502,0,0,1,Pedestrian
76,739.0,494.0,789.0,535.0,9503,0,0,1,Pedestrian
76,739.0,496.0,789.0,537.0,9504,0,0,1,Pedestrian
76,739.0,498.0,789.0,539.0,9505,0,0,1,Pedestrian
76,737.0,498.0,789.0,539.0,9506,0,0,1,Pedestrian
76,737.0,500.0,789.0,541.0,9507,0,0,1,Pedestrian
76,737.0,500.0,789.0,544.0,9508,0,0,1,Pedestrian
76,737.0,503.0,789.0,546.0,9509,0,0,1,Pedestrian
76,737.0,505.0,789.0,548.0,9510,0,0,1,Pedestrian
76,734.0,505.0,789.0,551.0,9511,0,0,1,Pedestrian
76,734.0,507.0,789.0,551.0,9512,0,0,1,Pedestrian
76,734.0,507.0,789.0,553.0,9513,0,0,1,Pedestrian
76,734.0,510.0,789.0,555.0,9514,0,0,1,Pedestrian
76,734.0,512.0,789.0,557.0,9515,0,0,1,Pedestrian
76,731.0,512.0,789.0,560.0,9516,0,0,1,Pedestrian
76,731.0,514.0,789.0,562.0,9517,0,0,1,Pedestrian
76,731.0,514.0,789.0,562.0,9518,0,0,1,Pedestrian
76,731.0,516.0,789.0,564.0,9519,0,0,1,Pedestrian
76,731.0,519.0,789.0,566.0,9520,0,0,1,Pedestrian
76,728.0,519.0,786.0,569.0,9521,0,0,1,Pedestrian
76,728.0,521.0,786.0,571.0,9522,0,0,1,Pedestrian
76,728.0,521.0,786.0,571.0,9523,0,0,1,Pedestrian
76,728.0,523.0,786.0,573.0,9524,0,0,1,Pedestrian
76,728.0,526.0,786.0,576.0,9525,0,0,1,Pedestrian
76,726.0,526.0,786.0,578.0,9526,0,0,1,Pedestrian
76,726.0,528.0,786.0,580.0,9527,0,0,1,Pedestrian
76,726.0,528.0,786.0,582.0,9528,0,0,1,Pedestrian
76,726.0,530.0,786.0,582.0,9529,0,0,1,Pedestrian
76,726.0,532.0,786.0,585.0,9530,0,0,1,Pedestrian
76,723.0,532.0,786.0,587.0,9531,0,0,1,Pedestrian
76,723.0,535.0,786.0,589.0,9532,0,0,1,Pedestrian
76,723.0,535.0,786.0,592.0,9533,0,0,1,Pedestrian
76,723.0,537.0,786.0,594.0,9534,0,0,1,Pedestrian
76,723.0,539.0,786.0,594.0,9535,0,0,1,Pedestrian
76,720.0,539.0,786.0,596.0,9536,0,0,1,Pedestrian
76,720.0,541.0,786.0,598.0,9537,0,0,1,Pedestrian
76,720.0,541.0,786.0,601.0,9538,0,0,1,Pedestrian
76,720.0,544.0,786.0,603.0,9539,0,0,1,Pedestrian
76,720.0,546.0,786.0,605.0,9540,0,0,0,Pedestrian
76,720.0,546.0,786.0,605.0,9541,0,0,1,Pedestrian
76,720.0,548.0,786.0,607.0,9542,0,0,1,Pedestrian
76,720.0,548.0,786.0,607.0,9543,0,0,1,Pedestrian
76,720.0,551.0,786.0,610.0,9544,0,0,1,Pedestrian
76,720.0,551.0,786.0,610.0,9545,0,0,1,Pedestrian
76,720.0,553.0,786.0,612.0,9546,0,0,1,Pedestrian
76,720.0,555.0,786.0,614.0,9547,0,0,1,Pedestrian
76,720.0,555.0,786.0,614.0,9548,0,0,1,Pedestrian
76,720.0,557.0,786.0,617.0,9549,0,0,1,Pedestrian
76,720.0,557.0,786.0,617.0,9550,0,0,1,Pedestrian
76,720.0,560.0,786.0,619.0,9551,0,0,1,Pedestrian
76,723.0,562.0,789.0,621.0,9552,0,0,1,Pedestrian
76,723.0,562.0,789.0,621.0,9553,0,0,1,Pedestrian
76,723.0,564.0,789.0,623.0,9554,0,0,1,Pedestrian
76,723.0,564.0,789.0,623.0,9555,0,0,1,Pedestrian
76,723.0,566.0,789.0,626.0,9556,0,0,1,Pedestrian
76,723.0,566.0,789.0,626.0,9557,0,0,1,Pedestrian
76,723.0,569.0,789.0,628.0,9558,0,0,1,Pedestrian
76,723.0,571.0,789.0,630.0,9559,0,0,1,Pedestrian
76,723.0,571.0,789.0,630.0,9560,0,0,1,Pedestrian
76,723.0,573.0,789.0,633.0,9561,0,0,1,Pedestrian
76,723.0,573.0,789.0,633.0,9562,0,0,1,Pedestrian
76,726.0,576.0,792.0,635.0,9563,0,0,1,Pedestrian
76,726.0,578.0,792.0,637.0,9564,0,0,1,Pedestrian
76,726.0,578.0,792.0,637.0,9565,0,0,1,Pedestrian
76,726.0,580.0,792.0,639.0,9566,0,0,1,Pedestrian
76,726.0,580.0,792.0,639.0,9567,0,0,1,Pedestrian
76,726.0,582.0,792.0,642.0,9568,0,0,1,Pedestrian
76,726.0,585.0,792.0,644.0,9569,0,0,1,Pedestrian
76,726.0,585.0,792.0,644.0,9570,0,0,1,Pedestrian
76,726.0,587.0,792.0,646.0,9571,0,0,1,Pedestrian
76,726.0,587.0,792.0,646.0,9572,0,0,1,Pedestrian
76,726.0,589.0,792.0,648.0,9573,0,0,1,Pedestrian
76,726.0,589.0,792.0,648.0,9574,0,0,1,Pedestrian
76,728.0,592.0,794.0,651.0,9575,0,0,1,Pedestrian
76,728.0,594.0,794.0,653.0,9576,0,0,1,Pedestrian
76,728.0,594.0,794.0,653.0,9577,0,0,1,Pedestrian
76,728.0,596.0,794.0,655.0,9578,0,0,1,Pedestrian
76,728.0,596.0,794.0,655.0,9579,0,0,1,Pedestrian
76,728.0,598.0,794.0,658.0,9580,0,0,1,Pedestrian
76,728.0,601.0,794.0,660.0,9581,0,0,1,Pedestrian
76,728.0,601.0,794.0,660.0,9582,0,0,1,Pedestrian
76,728.0,603.0,794.0,662.0,9583,0,0,1,Pedestrian
76,728.0,603.0,794.0,662.0,9584,0,0,1,Pedestrian
76,728.0,605.0,794.0,664.0,9585,0,0,1,Pedestrian
76,731.0,607.0,797.0,667.0,9586,0,0,1,Pedestrian
76,731.0,607.0,797.0,667.0,9587,0,0,1,Pedestrian
76,731.0,610.0,797.0,669.0,9588,0,0,1,Pedestrian
76,731.0,610.0,797.0,669.0,9589,0,0,1,Pedestrian
76,731.0,612.0,797.0,671.0,9590,0,0,1,Pedestrian
76,731.0,612.0,797.0,671.0,9591,0,0,1,Pedestrian
76,731.0,614.0,797.0,674.0,9592,0,0,1,Pedestrian
76,731.0,617.0,797.0,676.0,9593,0,0,1,Pedestrian
76,731.0,617.0,797.0,676.0,9594,0,0,1,Pedestrian
76,731.0,619.0,797.0,678.0,9595,0,0,1,Pedestrian
76,731.0,619.0,797.0,678.0,9596,0,0,1,Pedestrian
76,731.0,621.0,797.0,680.0,9597,0,0,1,Pedestrian
76,734.0,623.0,800.0,683.0,9598,0,0,1,Pedestrian
76,734.0,623.0,800.0,683.0,9599,0,0,1,Pedestrian
76,734.0,626.0,800.0,685.0,9600,0,0,1,Pedestrian
76,734.0,626.0,800.0,685.0,9601,0,0,1,Pedestrian
76,734.0,628.0,800.0,687.0,9602,0,0,1,Pedestrian
76,734.0,630.0,800.0,689.0,9603,0,0,1,Pedestrian
76,734.0,630.0,800.0,689.0,9604,0,0,1,Pedestrian
76,734.0,633.0,800.0,692.0,9605,0,0,1,Pedestrian
76,734.0,633.0,800.0,692.0,9606,0,0,1,Pedestrian
76,734.0,635.0,800.0,694.0,9607,0,0,1,Pedestrian
76,734.0,635.0,800.0,694.0,9608,0,0,1,Pedestrian
76,737.0,637.0,803.0,696.0,9609,0,0,1,Pedestrian
76,737.0,639.0,803.0,699.0,9610,0,0,1,Pedestrian
76,737.0,639.0,803.0,699.0,9611,0,0,1,Pedestrian
76,737.0,642.0,803.0,701.0,9612,0,0,1,Pedestrian
76,737.0,642.0,803.0,701.0,9613,0,0,1,Pedestrian
76,737.0,644.0,803.0,703.0,9614,0,0,1,Pedestrian
76,737.0,646.0,803.0,705.0,9615,0,0,1,Pedestrian
76,737.0,646.0,803.0,705.0,9616,0,0,1,Pedestrian
76,737.0,648.0,803.0,708.0,9617,0,0,1,Pedestrian
76,737.0,648.0,803.0,708.0,9618,0,0,1,Pedestrian
76,737.0,651.0,803.0,710.0,9619,0,0,1,Pedestrian
76,739.0,653.0,805.0,712.0,9620,0,0,0,Pedestrian
76,737.0,653.0,803.0,712.0,9621,0,0,1,Pedestrian
76,737.0,655.0,803.0,715.0,9622,0,0,1,Pedestrian
76,737.0,655.0,803.0,715.0,9623,0,0,1,Pedestrian
76,737.0,658.0,803.0,717.0,9624,0,0,1,Pedestrian
76,737.0,660.0,803.0,719.0,9625,0,0,1,Pedestrian
76,737.0,660.0,803.0,719.0,9626,0,0,1,Pedestrian
76,737.0,662.0,803.0,721.0,9627,0,0,1,Pedestrian
76,737.0,662.0,803.0,721.0,9628,0,0,1,Pedestrian
76,737.0,664.0,803.0,724.0,9629,0,0,1,Pedestrian
76,737.0,667.0,803.0,726.0,9630,0,0,1,Pedestrian
76,737.0,667.0,803.0,726.0,9631,0,0,1,Pedestrian
76,737.0,669.0,803.0,728.0,9632,0,0,1,Pedestrian
76,734.0,669.0,800.0,728.0,9633,0,0,1,Pedestrian
76,734.0,671.0,800.0,730.0,9634,0,0,1,Pedestrian
76,734.0,674.0,800.0,733.0,9635,0,0,1,Pedestrian
76,734.0,674.0,800.0,733.0,9636,0,0,1,Pedestrian
76,734.0,676.0,800.0,735.0,9637,0,0,1,Pedestrian
76,734.0,676.0,800.0,735.0,9638,0,0,1,Pedestrian
76,734.0,678.0,800.0,737.0,9639,0,0,1,Pedestrian
76,734.0,680.0,800.0,740.0,9640,0,0,1,Pedestrian
76,734.0,680.0,800.0,740.0,9641,0,0,1,Pedestrian
76,734.0,683.0,800.0,742.0,9642,0,0,1,Pedestrian
76,734.0,683.0,800.0,742.0,9643,0,0,1,Pedestrian
76,734.0,685.0,800.0,744.0,9644,0,0,1,Pedestrian
76,734.0,687.0,800.0,746.0,9645,0,0,1,Pedestrian
76,731.0,687.0,797.0,746.0,9646,0,0,1,Pedestrian
76,731.0,689.0,797.0,749.0,9647,0,0,1,Pedestrian
76,731.0,689.0,797.0,749.0,9648,0,0,1,Pedestrian
76,731.0,692.0,797.0,751.0,9649,0,0,1,Pedestrian
76,731.0,694.0,797.0,753.0,9650,0,0,1,Pedestrian
76,731.0,694.0,797.0,753.0,9651,0,0,1,Pedestrian
76,731.0,696.0,797.0,755.0,9652,0,0,1,Pedestrian
76,731.0,696.0,797.0,755.0,9653,0,0,1,Pedestrian
76,731.0,699.0,797.0,758.0,9654,0,0,1,Pedestrian
76,731.0,701.0,797.0,760.0,9655,0,0,1,Pedestrian
76,731.0,701.0,797.0,760.0,9656,0,0,1,Pedestrian
76,731.0,703.0,797.0,762.0,9657,0,0,1,Pedestrian
76,728.0,703.0,794.0,762.0,9658,0,0,1,Pedestrian
76,728.0,705.0,794.0,765.0,9659,0,0,1,Pedestrian
76,728.0,708.0,794.0,767.0,9660,0,0,1,Pedestrian
76,728.0,708.0,794.0,767.0,9661,0,0,1,Pedestrian
76,728.0,710.0,794.0,769.0,9662,0,0,1,Pedestrian
76,728.0,710.0,794.0,769.0,9663,0,0,1,Pedestrian
76,728.0,712.0,794.0,771.0,9664,0,0,1,Pedestrian
76,728.0,715.0,794.0,774.0,9665,0,0,1,Pedestrian
76,728.0,715.0,794.0,774.0,9666,0,0,1,Pedestrian
76,728.0,717.0,794.0,776.0,9667,0,0,1,Pedestrian
76,728.0,717.0,794.0,776.0,9668,0,0,1,Pedestrian
76,728.0,719.0,794.0,778.0,9669,0,0,1,Pedestrian
76,728.0,721.0,794.0,781.0,9670,0,0,0,Pedestrian
76,726.0,721.0,792.0,781.0,9671,0,0,1,Pedestrian
76,726.0,724.0,792.0,783.0,9672,0,0,1,Pedestrian
76,726.0,724.0,792.0,783.0,9673,0,0,1,Pedestrian
76,726.0,726.0,792.0,785.0,9674,0,0,1,Pedestrian
76,726.0,726.0,792.0,785.0,9675,0,0,1,Pedestrian
76,726.0,728.0,792.0,787.0,9676,0,0,1,Pedestrian
76,726.0,728.0,792.0,787.0,9677,0,0,1,Pedestrian
76,726.0,730.0,792.0,790.0,9678,0,0,1,Pedestrian
76,726.0,733.0,792.0,792.0,9679,0,0,1,Pedestrian
76,726.0,733.0,792.0,792.0,9680,0,0,1,Pedestrian
76,726.0,735.0,792.0,794.0,9681,0,0,1,Pedestrian
76,726.0,735.0,792.0,794.0,9682,0,0,1,Pedestrian
76,723.0,737.0,789.0,796.0,9683,0,0,1,Pedestrian
76,723.0,737.0,789.0,796.0,9684,0,0,1,Pedestrian
76,723.0,740.0,789.0,799.0,9685,0,0,1,Pedestrian
76,723.0,740.0,789.0,799.0,9686,0,0,1,Pedestrian
76,723.0,742.0,789.0,801.0,9687,0,0,1,Pedestrian
76,723.0,744.0,789.0,803.0,9688,0,0,1,Pedestrian
76,723.0,744.0,789.0,803.0,9689,0,0,1,Pedestrian
76,723.0,746.0,789.0,806.0,9690,0,0,1,Pedestrian
76,723.0,746.0,789.0,806.0,9691,0,0,1,Pedestrian
76,723.0,749.0,789.0,808.0,9692,0,0,1,Pedestrian
76,723.0,749.0,789.0,808.0,9693,0,0,1,Pedestrian
76,723.0,751.0,789.0,810.0,9694,0,0,1,Pedestrian
76,723.0,753.0,789.0,812.0,9695,0,0,1,Pedestrian
76,720.0,753.0,786.0,812.0,9696,0,0,1,Pedestrian
76,720.0,755.0,786.0,815.0,9697,0,0,1,Pedestrian
76,720.0,755.0,786.0,815.0,9698,0,0,1,Pedestrian
76,720.0,758.0,786.0,817.0,9699,0,0,1,Pedestrian
76,720.0,758.0,786.0,817.0,9700,0,0,1,Pedestrian
76,720.0,760.0,786.0,819.0,9701,0,0,1,Pedestrian
76,720.0,760.0,786.0,819.0,9702,0,0,1,Pedestrian
76,720.0,762.0,786.0,822.0,9703,0,0,1,Pedestrian
76,720.0,765.0,786.0,824.0,9704,0,0,1,Pedestrian
76,720.0,765.0,786.0,824.0,9705,0,0,1,Pedestrian
76,720.0,767.0,786.0,826.0,9706,0,0,1,Pedestrian
76,720.0,767.0,786.0,826.0,9707,0,0,1,Pedestrian
76,717.0,769.0,783.0,828.0,9708,0,0,1,Pedestrian
76,717.0,769.0,783.0,828.0,9709,0,0,1,Pedestrian
76,717.0,771.0,783.0,831.0,9710,0,0,1,Pedestrian
76,717.0,771.0,783.0,831.0,9711,0,0,1,Pedestrian
76,717.0,774.0,783.0,833.0,9712,0,0,1,Pedestrian
76,717.0,776.0,783.0,835.0,9713,0,0,1,Pedestrian
76,717.0,776.0,783.0,835.0,9714,0,0,1,Pedestrian
76,717.0,778.0,783.0,837.0,9715,0,0,1,Pedestrian
76,717.0,778.0,783.0,837.0,9716,0,0,1,Pedestrian
76,717.0,781.0,783.0,840.0,9717,0,0,1,Pedestrian
76,717.0,781.0,783.0,840.0,9718,0,0,1,Pedestrian
76,717.0,783.0,783.0,842.0,9719,0,0,1,Pedestrian
76,717.0,785.0,783.0,844.0,9720,0,0,0,Pedestrian
76,715.0,785.0,781.0,844.0,9721,0,0,1,Pedestrian
76,715.0,787.0,781.0,847.0,9722,0,0,1,Pedestrian
76,715.0,790.0,781.0,849.0,9723,0,0,1,Pedestrian
76,715.0,792.0,781.0,851.0,9724,0,0,1,Pedestrian
76,715.0,792.0,781.0,851.0,9725,0,0,1,Pedestrian
76,715.0,794.0,781.0,853.0,9726,0,0,1,Pedestrian
76,715.0,796.0,781.0,856.0,9727,0,0,1,Pedestrian
76,715.0,799.0,781.0,858.0,9728,0,0,1,Pedestrian
76,715.0,801.0,781.0,860.0,9729,0,0,1,Pedestrian
76,715.0,801.0,781.0,860.0,9730,0,0,1,Pedestrian
76,712.0,803.0,778.0,863.0,9731,0,0,1,Pedestrian
76,712.0,806.0,778.0,865.0,9732,0,0,1,Pedestrian
76,712.0,808.0,778.0,867.0,9733,0,0,1,Pedestrian
76,712.0,808.0,778.0,867.0,9734,0,0,1,Pedestrian
76,712.0,810.0,778.0,869.0,9735,0,0,1,Pedestrian
76,712.0,812.0,778.0,872.0,9736,0,0,1,Pedestrian
76,712.0,815.0,778.0,874.0,9737,0,0,1,Pedestrian
76,712.0,817.0,778.0,876.0,9738,0,0,1,Pedestrian
76,712.0,817.0,778.0,876.0,9739,0,0,1,Pedestrian
76,712.0,819.0,778.0,878.0,9740,0,0,1,Pedestrian
76,709.0,822.0,775.0,881.0,9741,0,0,1,Pedestrian
76,709.0,824.0,775.0,883.0,9742,0,0,1,Pedestrian
76,709.0,824.0,775.0,883.0,9743,0,0,1,Pedestrian
76,709.0,826.0,775.0,885.0,9744,0,0,1,Pedestrian
76,709.0,828.0,775.0,888.0,9745,0,0,1,Pedestrian
76,709.0,831.0,775.0,890.0,9746,0,0,1,Pedestrian
76,709.0,833.0,775.0,892.0,9747,0,0,1,Pedestrian
76,709.0,833.0,775.0,892.0,9748,0,0,1,Pedestrian
76,709.0,835.0,775.0,894.0,9749,0,0,1,Pedestrian
76,709.0,837.0,775.0,897.0,9750,0,0,1,Pedestrian
76,706.0,840.0,772.0,899.0,9751,0,0,1,Pedestrian
76,706.0,840.0,772.0,899.0,9752,0,0,1,Pedestrian
76,706.0,842.0,772.0,901.0,9753,0,0,1,Pedestrian
76,706.0,844.0,772.0,904.0,9754,0,0,1,Pedestrian
76,706.0,847.0,772.0,906.0,9755,0,0,1,Pedestrian
76,706.0,849.0,772.0,908.0,9756,0,0,1,Pedestrian
76,706.0,849.0,772.0,908.0,9757,0,0,1,Pedestrian
76,706.0,851.0,772.0,910.0,9758,0,0,1,Pedestrian
76,706.0,853.0,772.0,913.0,9759,0,0,1,Pedestrian
76,706.0,856.0,772.0,915.0,9760,0,0,1,Pedestrian
76,704.0,856.0,770.0,915.0,9761,0,0,1,Pedestrian
76,704.0,858.0,770.0,917.0,9762,0,0,1,Pedestrian
76,704.0,860.0,770.0,919.0,9763,0,0,1,Pedestrian
76,704.0,863.0,770.0,922.0,9764,0,0,1,Pedestrian
76,704.0,865.0,770.0,924.0,9765,0,0,1,Pedestrian
76,704.0,865.0,770.0,924.0,9766,0,0,1,Pedestrian
76,704.0,867.0,770.0,926.0,9767,0,0,1,Pedestrian
76,704.0,869.0,770.0,929.0,9768,0,0,1,Pedestrian
76,704.0,872.0,770.0,931.0,9769,0,0,1,Pedestrian
76,704.0,874.0,770.0,933.0,9770,0,0,0,Pedestrian
76,704.0,874.0,770.0,933.0,9771,0,0,1,Pedestrian
76,704.0,876.0,770.0,935.0,9772,0,0,1,Pedestrian
76,704.0,876.0,770.0,935.0,9773,0,0,1,Pedestrian
76,704.0,878.0,770.0,938.0,9774,0,0,1,Pedestrian
76,704.0,878.0,770.0,938.0,9775,0,0,1,Pedestrian
76,704.0,881.0,770.0,940.0,9776,0,0,1,Pedestrian
76,704.0,883.0,770.0,942.0,9777,0,0,1,Pedestrian
76,704.0,883.0,770.0,942.0,9778,0,0,1,Pedestrian
76,704.0,885.0,770.0,944.0,9779,0,0,1,Pedestrian
76,704.0,885.0,770.0,944.0,9780,0,0,1,Pedestrian
76,704.0,888.0,770.0,947.0,9781,0,0,1,Pedestrian
76,704.0,890.0,770.0,949.0,9782,0,0,1,Pedestrian
76,704.0,890.0,770.0,949.0,9783,0,0,1,Pedestrian
76,704.0,892.0,770.0,951.0,9784,0,0,1,Pedestrian
76,704.0,892.0,770.0,951.0,9785,0,0,1,Pedestrian
76,704.0,894.0,770.0,954.0,9786,0,0,1,Pedestrian
76,704.0,894.0,770.0,954.0,9787,0,0,1,Pedestrian
76,704.0,897.0,770.0,956.0,9788,0,0,1,Pedestrian
76,704.0,899.0,770.0,958.0,9789,0,0,1,Pedestrian
76,704.0,899.0,770.0,958.0,9790,0,0,1,Pedestrian
76,704.0,901.0,770.0,960.0,9791,0,0,1,Pedestrian
76,704.0,901.0,770.0,960.0,9792,0,0,1,Pedestrian
76,704.0,904.0,770.0,963.0,9793,0,0,1,Pedestrian
76,704.0,906.0,770.0,965.0,9794,0,0,1,Pedestrian
76,704.0,906.0,770.0,965.0,9795,0,0,1,Pedestrian
76,704.0,908.0,770.0,967.0,9796,0,0,1,Pedestrian
76,704.0,908.0,770.0,967.0,9797,0,0,1,Pedestrian
76,704.0,910.0,770.0,970.0,9798,0,0,1,Pedestrian
76,704.0,910.0,770.0,970.0,9799,0,0,1,Pedestrian
76,704.0,913.0,770.0,972.0,9800,0,0,1,Pedestrian
76,704.0,915.0,770.0,974.0,9801,0,0,1,Pedestrian
76,704.0,915.0,770.0,974.0,9802,0,0,1,Pedestrian
76,704.0,917.0,770.0,976.0,9803,0,0,1,Pedestrian
76,704.0,917.0,770.0,976.0,9804,0,0,1,Pedestrian
76,704.0,919.0,770.0,979.0,9805,0,0,1,Pedestrian
76,704.0,922.0,770.0,981.0,9806,0,0,1,Pedestrian
76,704.0,922.0,770.0,981.0,9807,0,0,1,Pedestrian
76,704.0,924.0,770.0,983.0,9808,0,0,1,Pedestrian
76,704.0,924.0,770.0,983.0,9809,0,0,1,Pedestrian
76,704.0,926.0,770.0,985.0,9810,0,0,1,Pedestrian
76,704.0,929.0,770.0,988.0,9811,0,0,1,Pedestrian
76,704.0,929.0,770.0,988.0,9812,0,0,1,Pedestrian
76,704.0,931.0,770.0,990.0,9813,0,0,1,Pedestrian
76,704.0,931.0,770.0,990.0,9814,0,0,1,Pedestrian
76,704.0,933.0,770.0,992.0,9815,0,0,1,Pedestrian
76,704.0,933.0,770.0,992.0,9816,0,0,1,Pedestrian
76,704.0,935.0,770.0,995.0,9817,0,0,1,Pedestrian
76,704.0,938.0,770.0,997.0,9818,0,0,1,Pedestrian
76,704.0,938.0,770.0,997.0,9819,0,0,1,Pedestrian
76,704.0,940.0,770.0,999.0,9820,0,0,1,Pedestrian
76,704.0,940.0,770.0,999.0,9821,0,0,1,Pedestrian
76,704.0,942.0,770.0,1001.0,9822,0,0,1,Pedestrian
76,704.0,944.0,770.0,1004.0,9823,0,0,1,Pedestrian
76,704.0,944.0,770.0,1004.0,9824,0,0,1,Pedestrian
76,704.0,947.0,770.0,1006.0,9825,0,0,1,Pedestrian
76,704.0,947.0,770.0,1006.0,9826,0,0,1,Pedestrian
76,704.0,949.0,770.0,1008.0,9827,0,0,1,Pedestrian
76,704.0,949.0,770.0,1008.0,9828,0,0,1,Pedestrian
76,704.0,951.0,770.0,1011.0,9829,0,0,1,Pedestrian
76,704.0,954.0,770.0,1013.0,9830,0,0,1,Pedestrian
76,704.0,954.0,770.0,1013.0,9831,0,0,1,Pedestrian
76,704.0,956.0,770.0,1015.0,9832,0,0,1,Pedestrian
76,704.0,956.0,770.0,1015.0,9833,0,0,1,Pedestrian
76,704.0,958.0,770.0,1017.0,9834,0,0,1,Pedestrian
76,704.0,960.0,770.0,1020.0,9835,0,0,1,Pedestrian
76,704.0,960.0,770.0,1020.0,9836,0,0,1,Pedestrian
76,704.0,963.0,770.0,1022.0,9837,0,0,1,Pedestrian
76,704.0,963.0,770.0,1022.0,9838,0,0,1,Pedestrian
76,704.0,965.0,770.0,1024.0,9839,0,0,1,Pedestrian
76,704.0,967.0,770.0,1026.0,9840,0,0,0,Pedestrian
76,701.0,967.0,767.0,1026.0,9841,0,0,1,Pedestrian
76,701.0,967.0,767.0,1026.0,9842,0,0,1,Pedestrian
76,701.0,970.0,767.0,1029.0,9843,0,0,1,Pedestrian
76,701.0,970.0,767.0,1029.0,9844,0,0,1,Pedestrian
76,701.0,972.0,767.0,1031.0,9845,0,0,1,Pedestrian
76,698.0,972.0,764.0,1031.0,9846,0,0,1,Pedestrian
76,698.0,972.0,764.0,1031.0,9847,0,0,1,Pedestrian
76,698.0,974.0,764.0,1033.0,9848,0,0,1,Pedestrian
76,698.0,974.0,764.0,1033.0,9849,0,0,1,Pedestrian
76,698.0,976.0,764.0,1036.0,9850,0,0,0,Pedestrian
76,698.0,976.0,764.0,1036.0,9851,0,0,1,Pedestrian
76,698.0,979.0,764.0,1038.0,9852,0,0,1,Pedestrian
76,698.0,979.0,764.0,1038.0,9853,0,0,1,Pedestrian
76,698.0,981.0,764.0,1040.0,9854,0,0,1,Pedestrian
76,698.0,981.0,764.0,1040.0,9855,0,0,1,Pedestrian
76,698.0,983.0,764.0,1042.0,9856,0,0,1,Pedestrian
76,698.0,983.0,764.0,1042.0,9857,0,0,1,Pedestrian
76,698.0,985.0,764.0,1045.0,9858,0,0,1,Pedestrian
76,698.0,985.0,764.0,1045.0,9859,0,0,1,Pedestrian
76,698.0,988.0,764.0,1047.0,9860,0,0,1,Pedestrian
76,698.0,988.0,764.0,1047.0,9861,0,0,1,Pedestrian
76,698.0,990.0,764.0,1049.0,9862,0,0,1,Pedestrian
76,698.0,990.0,764.0,1049.0,9863,0,0,1,Pedestrian
76,698.0,992.0,764.0,1052.0,9864,0,0,1,Pedestrian
76,698.0,992.0,764.0,1052.0,9865,0,0,1,Pedestrian
76,698.0,995.0,764.0,1054.0,9866,0,0,1,Pedestrian
76,698.0,995.0,764.0,1054.0,9867,0,0,1,Pedestrian
76,698.0,997.0,764.0,1056.0,9868,0,0,1,Pedestrian
76,698.0,997.0,764.0,1056.0,9869,0,0,1,Pedestrian
76,698.0,999.0,764.0,1058.0,9870,0,0,1,Pedestrian
76,698.0,999.0,764.0,1058.0,9871,0,0,1,Pedestrian
76,698.0,1001.0,764.0,1061.0,9872,0,0,1,Pedestrian
76,698.0,1001.0,764.0,1061.0,9873,0,0,1,Pedestrian
76,698.0,1004.0,764.0,1063.0,9874,0,0,1,Pedestrian
76,698.0,1004.0,764.0,1063.0,9875,0,0,1,Pedestrian
76,698.0,1006.0,764.0,1065.0,9876,0,0,1,Pedestrian
76,698.0,1006.0,764.0,1065.0,9877,0,0,1,Pedestrian
76,698.0,1008.0,764.0,1067.0,9878,0,0,1,Pedestrian
76,698.0,1008.0,764.0,1067.0,9879,0,0,1,Pedestrian
76,698.0,1011.0,764.0,1070.0,9880,0,0,0,Pedestrian
76,695.0,1011.0,761.0,1070.0,9881,0,0,1,Pedestrian
76,695.0,1013.0,761.0,1072.0,9882,0,0,1,Pedestrian
76,695.0,1015.0,761.0,1074.0,9883,0,0,1,Pedestrian
76,693.0,1015.0,759.0,1074.0,9884,0,0,1,Pedestrian
76,693.0,1017.0,759.0,1077.0,9885,0,0,1,Pedestrian
76,693.0,1020.0,759.0,1079.0,9886,0,0,1,Pedestrian
76,690.0,1020.0,756.0,1079.0,9887,0,0,1,Pedestrian
76,690.0,1022.0,756.0,1081.0,9888,0,0,1,Pedestrian
76,690.0,1024.0,756.0,1083.0,9889,0,0,1,Pedestrian
76,690.0,1026.0,756.0,1086.0,9890,0,0,0,Pedestrian
76,690.0,1026.0,756.0,1086.0,9891,0,0,1,Pedestrian
76,690.0,1029.0,756.0,1086.0,9892,0,0,1,Pedestrian
76,690.0,1031.0,756.0,1086.0,9893,0,0,1,Pedestrian
76,690.0,1033.0,756.0,1086.0,9894,0,0,1,Pedestrian
76,693.0,1036.0,759.0,1088.0,9895,0,0,1,Pedestrian
76,693.0,1036.0,759.0,1088.0,9896,0,0,1,Pedestrian
76,693.0,1038.0,759.0,1088.0,9897,0,0,1,Pedestrian
76,693.0,1040.0,759.0,1088.0,9898,0,0,1,Pedestrian
76,693.0,1042.0,759.0,1088.0,9899,0,0,1,Pedestrian
76,695.0,1045.0,761.0,1090.0,9900,0,0,0,Pedestrian
76,695.0,1045.0,761.0,1090.0,9901,0,0,1,Pedestrian
76,695.0,1045.0,761.0,1090.0,9902,0,0,1,Pedestrian
76,695.0,1045.0,761.0,1090.0,9903,0,0,0,Pedestrian
76,695.0,1045.0,761.0,1090.0,9904,0,0,1,Pedestrian
76,695.0,1045.0,761.0,1090.0,9905,0,0,1,Pedestrian
76,695.0,1045.0,761.0,1090.0,9906,0,0,1,Pedestrian
76,695.0,1045.0,761.0,1090.0,9907,0,0,1,Pedestrian
76,695.0,1045.0,761.0,1090.0,9908,0,0,1,Pedestrian
76,695.0,1045.0,761.0,1090.0,9909,0,0,1,Pedestrian
76,695.0,1045.0,761.0,1090.0,9910,0,0,1,Pedestrian
76,695.0,1045.0,761.0,1090.0,9911,0,0,1,Pedestrian
76,695.0,1045.0,761.0,1090.0,9912,0,0,1,Pedestrian
76,695.0,1045.0,761.0,1090.0,9913,0,0,0,Pedestrian
76,695.0,1045.0,761.0,1090.0,9914,0,0,1,Pedestrian
76,695.0,1045.0,761.0,1090.0,9915,0,0,1,Pedestrian
76,695.0,1045.0,761.0,1090.0,9916,0,0,1,Pedestrian
76,695.0,1045.0,761.0,1090.0,9917,0,0,1,Pedestrian
76,695.0,1045.0,761.0,1090.0,9918,0,0,1,Pedestrian
76,695.0,1045.0,761.0,1090.0,9919,0,0,1,Pedestrian
76,695.0,1045.0,761.0,1090.0,9920,0,0,1,Pedestrian
76,695.0,1045.0,761.0,1090.0,9921,0,0,1,Pedestrian
76,695.0,1045.0,761.0,1090.0,9922,0,0,1,Pedestrian
76,695.0,1045.0,761.0,1090.0,9923,1,0,0,Pedestrian
76,695.0,1045.0,761.0,1090.0,9924,1,0,1,Pedestrian
76,695.0,1045.0,761.0,1090.0,9925,1,0,1,Pedestrian
76,695.0,1045.0,761.0,1090.0,9926,1,0,0,Pedestrian
76,695.0,1045.0,761.0,1090.0,9927,1,0,1,Pedestrian
76,695.0,1045.0,761.0,1090.0,9928,1,0,1,Pedestrian
76,695.0,1045.0,761.0,1090.0,9929,1,0,1,Pedestrian
76,695.0,1045.0,761.0,1090.0,9930,1,0,1,Pedestrian
76,695.0,1045.0,761.0,1090.0,9931,1,0,1,Pedestrian
76,695.0,1045.0,761.0,1090.0,9932,1,0,1,Pedestrian
76,695.0,1045.0,761.0,1090.0,9933,1,0,1,Pedestrian
76,695.0,1045.0,761.0,1090.0,9934,1,0,1,Pedestrian
76,695.0,1045.0,761.0,1090.0,9935,1,0,1,Pedestrian
76,695.0,1045.0,761.0,1090.0,9936,1,0,1,Pedestrian
76,695.0,1045.0,761.0,1090.0,9937,1,0,1,Pedestrian
76,695.0,1045.0,761.0,1090.0,9938,1,0,1,Pedestrian
76,695.0,1045.0,761.0,1090.0,9939,1,0,1,Pedestrian
76,695.0,1045.0,761.0,1090.0,9940,1,0,1,Pedestrian
76,695.0,1045.0,761.0,1090.0,9941,1,0,1,Pedestrian
76,695.0,1045.0,761.0,1090.0,9942,1,0,1,Pedestrian
76,695.0,1045.0,761.0,1090.0,9943,1,0,1,Pedestrian
76,695.0,1045.0,761.0,1090.0,9944,1,0,1,Pedestrian
76,695.0,1045.0,761.0,1090.0,9945,1,0,1,Pedestrian
76,695.0,1045.0,761.0,1090.0,9946,1,0,1,Pedestrian
76,695.0,1045.0,761.0,1090.0,9947,1,0,1,Pedestrian
76,695.0,1045.0,761.0,1090.0,9948,1,0,1,Pedestrian
76,695.0,1045.0,761.0,1090.0,9949,1,0,1,Pedestrian
76,695.0,1045.0,761.0,1090.0,9950,1,0,1,Pedestrian
76,695.0,1045.0,761.0,1090.0,9951,1,0,1,Pedestrian
76,695.0,1045.0,761.0,1090.0,9952,1,0,1,Pedestrian
76,695.0,1045.0,761.0,1090.0,9953,1,0,1,Pedestrian
76,695.0,1045.0,761.0,1090.0,9954,1,0,1,Pedestrian
76,695.0,1045.0,761.0,1090.0,9955,1,0,1,Pedestrian
76,695.0,1045.0,761.0,1090.0,9956,1,0,1,Pedestrian
76,695.0,1045.0,761.0,1090.0,9957,1,0,1,Pedestrian
76,695.0,1045.0,761.0,1090.0,9958,1,0,1,Pedestrian
76,695.0,1045.0,761.0,1090.0,9959,1,0,1,Pedestrian
76,695.0,1045.0,761.0,1090.0,9960,1,0,1,Pedestrian
76,695.0,1045.0,761.0,1090.0,9961,1,0,1,Pedestrian
76,695.0,1045.0,761.0,1090.0,9962,1,0,1,Pedestrian
76,695.0,1045.0,761.0,1090.0,9963,1,0,1,Pedestrian
76,695.0,1045.0,761.0,1090.0,9964,1,0,1,Pedestrian
76,695.0,1045.0,761.0,1090.0,9965,1,0,1,Pedestrian
76,695.0,1045.0,761.0,1090.0,9966,1,0,1,Pedestrian
76,695.0,1045.0,761.0,1090.0,9967,1,0,1,Pedestrian
76,695.0,1045.0,761.0,1090.0,9968,1,0,1,Pedestrian
76,695.0,1045.0,761.0,1090.0,9969,1,0,1,Pedestrian
76,695.0,1045.0,761.0,1090.0,9970,1,0,1,Pedestrian
76,695.0,1045.0,761.0,1090.0,9971,1,0,1,Pedestrian
76,695.0,1045.0,761.0,1090.0,9972,1,0,1,Pedestrian
76,695.0,1045.0,761.0,1090.0,9973,1,0,1,Pedestrian
76,695.0,1045.0,761.0,1090.0,9974,1,0,1,Pedestrian
76,695.0,1045.0,761.0,1090.0,9975,1,0,1,Pedestrian
76,695.0,1045.0,761.0,1090.0,9976,1,0,1,Pedestrian
76,695.0,1045.0,761.0,1090.0,9977,1,0,1,Pedestrian
76,695.0,1045.0,761.0,1090.0,9978,1,0,1,Pedestrian
76,695.0,1045.0,761.0,1090.0,9979,1,0,1,Pedestrian
76,695.0,1045.0,761.0,1090.0,9980,1,0,1,Pedestrian
76,695.0,1045.0,761.0,1090.0,9981,1,0,1,Pedestrian
76,695.0,1045.0,761.0,1090.0,9982,1,0,1,Pedestrian
76,695.0,1045.0,761.0,1090.0,9983,1,0,1,Pedestrian
76,695.0,1045.0,761.0,1090.0,9984,1,0,1,Pedestrian
76,695.0,1045.0,761.0,1090.0,9985,1,0,1,Pedestrian
76,695.0,1045.0,761.0,1090.0,9986,1,0,1,Pedestrian
76,695.0,1045.0,761.0,1090.0,9987,1,0,1,Pedestrian
76,695.0,1045.0,761.0,1090.0,9988,1,0,1,Pedestrian
76,695.0,1045.0,761.0,1090.0,9989,1,0,1,Pedestrian
76,695.0,1045.0,761.0,1090.0,9990,1,0,1,Pedestrian
76,695.0,1045.0,761.0,1090.0,9991,1,0,1,Pedestrian
76,695.0,1045.0,761.0,1090.0,9992,1,0,1,Pedestrian
76,695.0,1045.0,761.0,1090.0,9993,1,0,1,Pedestrian
76,695.0,1045.0,761.0,1090.0,9994,1,0,1,Pedestrian
76,695.0,1045.0,761.0,1090.0,9995,1,0,1,Pedestrian
76,695.0,1045.0,761.0,1090.0,9996,1,0,1,Pedestrian
76,695.0,1045.0,761.0,1090.0,9997,1,0,1,Pedestrian
76,695.0,1045.0,761.0,1090.0,9998,1,0,1,Pedestrian
76,695.0,1045.0,761.0,1090.0,9999,1,0,1,Pedestrian
76,695.0,1045.0,761.0,1090.0,10000,1,0,1,Pedestrian
76,695.0,1045.0,761.0,1090.0,10001,1,0,1,Pedestrian
76,695.0,1045.0,761.0,1090.0,10002,1,0,1,Pedestrian
76,695.0,1045.0,761.0,1090.0,10003,1,0,1,Pedestrian
76,695.0,1045.0,761.0,1090.0,10004,1,0,1,Pedestrian
76,695.0,1045.0,761.0,1090.0,10005,1,0,1,Pedestrian
76,695.0,1045.0,761.0,1090.0,10006,1,0,1,Pedestrian
76,695.0,1045.0,761.0,1090.0,10007,1,0,1,Pedestrian
76,695.0,1045.0,761.0,1090.0,10008,1,0,1,Pedestrian
76,695.0,1045.0,761.0,1090.0,10009,1,0,1,Pedestrian
76,695.0,1045.0,761.0,1090.0,10010,1,0,1,Pedestrian
76,695.0,1045.0,761.0,1090.0,10011,1,0,1,Pedestrian
76,695.0,1045.0,761.0,1090.0,10012,1,0,1,Pedestrian
76,695.0,1045.0,761.0,1090.0,10013,1,0,1,Pedestrian
76,695.0,1045.0,761.0,1090.0,10014,1,0,1,Pedestrian
76,695.0,1045.0,761.0,1090.0,10015,1,0,1,Pedestrian
76,695.0,1045.0,761.0,1090.0,10016,1,0,1,Pedestrian
76,695.0,1045.0,761.0,1090.0,10017,1,0,1,Pedestrian
76,695.0,1045.0,761.0,1090.0,10018,1,0,1,Pedestrian
76,695.0,1045.0,761.0,1090.0,10019,1,0,1,Pedestrian
76,695.0,1045.0,761.0,1090.0,10020,1,0,1,Pedestrian
76,695.0,1045.0,761.0,1090.0,10021,1,0,1,Pedestrian
76,695.0,1045.0,761.0,1090.0,10022,1,0,1,Pedestrian
76,695.0,1045.0,761.0,1090.0,10023,1,0,1,Pedestrian
76,695.0,1045.0,761.0,1090.0,10024,1,0,1,Pedestrian
76,695.0,1045.0,761.0,1090.0,10025,1,0,1,Pedestrian
76,695.0,1045.0,761.0,1090.0,10026,1,0,1,Pedestrian
76,695.0,1045.0,761.0,1090.0,10027,1,0,1,Pedestrian
76,695.0,1045.0,761.0,1090.0,10028,1,0,1,Pedestrian
76,695.0,1045.0,761.0,1090.0,10029,1,0,1,Pedestrian
76,695.0,1045.0,761.0,1090.0,10030,1,0,1,Pedestrian
76,695.0,1045.0,761.0,1090.0,10031,1,0,0,Pedestrian
77,1784.0,890.0,1815.0,958.0,5000,0,0,0,Pedestrian
77,1782.0,888.0,1815.0,956.0,5001,0,0,1,Pedestrian
77,1782.0,888.0,1815.0,956.0,5002,0,0,1,Pedestrian
77,1782.0,888.0,1815.0,956.0,5003,0,0,1,Pedestrian
77,1782.0,888.0,1815.0,956.0,5004,0,0,1,Pedestrian
77,1782.0,888.0,1815.0,956.0,5005,0,0,1,Pedestrian
77,1782.0,888.0,1815.0,956.0,5006,0,0,1,Pedestrian
77,1782.0,888.0,1815.0,956.0,5007,0,0,1,Pedestrian
77,1782.0,888.0,1815.0,956.0,5008,0,0,1,Pedestrian
77,1782.0,888.0,1815.0,956.0,5009,0,0,1,Pedestrian
77,1782.0,888.0,1815.0,956.0,5010,0,0,1,Pedestrian
77,1782.0,888.0,1815.0,956.0,5011,0,0,1,Pedestrian
77,1782.0,888.0,1815.0,956.0,5012,0,0,1,Pedestrian
77,1782.0,888.0,1815.0,956.0,5013,0,0,1,Pedestrian
77,1782.0,888.0,1815.0,956.0,5014,0,0,1,Pedestrian
77,1782.0,888.0,1815.0,956.0,5015,0,0,1,Pedestrian
77,1782.0,888.0,1815.0,956.0,5016,0,0,1,Pedestrian
77,1782.0,888.0,1815.0,956.0,5017,0,0,1,Pedestrian
77,1782.0,888.0,1815.0,956.0,5018,0,0,1,Pedestrian
77,1782.0,888.0,1815.0,956.0,5019,0,0,1,Pedestrian
77,1782.0,888.0,1815.0,956.0,5020,0,0,1,Pedestrian
77,1782.0,888.0,1815.0,956.0,5021,0,0,1,Pedestrian
77,1782.0,888.0,1815.0,956.0,5022,0,0,1,Pedestrian
77,1782.0,888.0,1815.0,956.0,5023,0,0,1,Pedestrian
77,1782.0,888.0,1815.0,956.0,5024,0,0,1,Pedestrian
77,1782.0,888.0,1815.0,956.0,5025,0,0,1,Pedestrian
77,1782.0,888.0,1815.0,956.0,5026,0,0,1,Pedestrian
77,1782.0,888.0,1815.0,956.0,5027,0,0,1,Pedestrian
77,1782.0,888.0,1815.0,956.0,5028,0,0,1,Pedestrian
77,1782.0,888.0,1815.0,956.0,5029,0,0,1,Pedestrian
77,1782.0,888.0,1815.0,956.0,5030,0,0,1,Pedestrian
77,1782.0,888.0,1815.0,956.0,5031,0,0,1,Pedestrian
77,1782.0,888.0,1815.0,956.0,5032,0,0,1,Pedestrian
77,1782.0,888.0,1815.0,956.0,5033,0,0,1,Pedestrian
77,1782.0,888.0,1815.0,956.0,5034,0,0,1,Pedestrian
77,1782.0,888.0,1815.0,956.0,5035,0,0,1,Pedestrian
77,1782.0,888.0,1815.0,956.0,5036,0,0,1,Pedestrian
77,1782.0,888.0,1815.0,956.0,5037,0,0,1,Pedestrian
77,1782.0,888.0,1815.0,956.0,5038,0,0,1,Pedestrian
77,1782.0,888.0,1815.0,956.0,5039,0,0,1,Pedestrian
77,1782.0,888.0,1815.0,956.0,5040,0,0,1,Pedestrian
77,1782.0,888.0,1815.0,956.0,5041,0,0,1,Pedestrian
77,1782.0,888.0,1815.0,956.0,5042,0,0,1,Pedestrian
77,1782.0,888.0,1815.0,956.0,5043,0,0,1,Pedestrian
77,1782.0,888.0,1815.0,956.0,5044,0,0,1,Pedestrian
77,1782.0,888.0,1815.0,956.0,5045,0,0,1,Pedestrian
77,1782.0,888.0,1815.0,956.0,5046,0,0,1,Pedestrian
77,1779.0,888.0,1815.0,956.0,5047,0,0,1,Pedestrian
77,1779.0,888.0,1815.0,956.0,5048,0,0,1,Pedestrian
77,1779.0,888.0,1815.0,956.0,5049,0,0,1,Pedestrian
77,1779.0,888.0,1815.0,956.0,5050,0,0,1,Pedestrian
77,1779.0,888.0,1815.0,956.0,5051,0,0,1,Pedestrian
77,1779.0,888.0,1815.0,956.0,5052,0,0,1,Pedestrian
77,1779.0,888.0,1815.0,956.0,5053,0,0,1,Pedestrian
77,1779.0,888.0,1815.0,956.0,5054,0,0,1,Pedestrian
77,1779.0,888.0,1815.0,956.0,5055,0,0,1,Pedestrian
77,1779.0,888.0,1815.0,956.0,5056,0,0,1,Pedestrian
77,1779.0,888.0,1815.0,956.0,5057,0,0,1,Pedestrian
77,1779.0,888.0,1815.0,956.0,5058,0,0,1,Pedestrian
77,1779.0,888.0,1815.0,956.0,5059,0,0,1,Pedestrian
77,1779.0,888.0,1815.0,956.0,5060,0,0,1,Pedestrian
77,1779.0,888.0,1815.0,956.0,5061,0,0,1,Pedestrian
77,1779.0,888.0,1815.0,956.0,5062,0,0,1,Pedestrian
77,1779.0,888.0,1815.0,956.0,5063,0,0,1,Pedestrian
77,1779.0,888.0,1815.0,956.0,5064,0,0,1,Pedestrian
77,1779.0,888.0,1815.0,956.0,5065,0,0,1,Pedestrian
77,1779.0,888.0,1815.0,956.0,5066,0,0,1,Pedestrian
77,1779.0,888.0,1815.0,956.0,5067,0,0,1,Pedestrian
77,1779.0,888.0,1815.0,956.0,5068,0,0,1,Pedestrian
77,1779.0,888.0,1815.0,956.0,5069,0,0,1,Pedestrian
77,1779.0,888.0,1815.0,956.0,5070,0,0,1,Pedestrian
77,1779.0,888.0,1815.0,954.0,5071,0,0,1,Pedestrian
77,1779.0,888.0,1815.0,954.0,5072,0,0,1,Pedestrian
77,1779.0,888.0,1815.0,954.0,5073,0,0,1,Pedestrian
77,1779.0,888.0,1815.0,954.0,5074,0,0,1,Pedestrian
77,1779.0,888.0,1815.0,954.0,5075,0,0,1,Pedestrian
77,1779.0,888.0,1815.0,954.0,5076,0,0,1,Pedestrian
77,1779.0,888.0,1815.0,954.0,5077,0,0,1,Pedestrian
77,1779.0,888.0,1815.0,954.0,5078,0,0,1,Pedestrian
77,1779.0,888.0,1815.0,954.0,5079,0,0,1,Pedestrian
77,1779.0,888.0,1815.0,954.0,5080,0,0,1,Pedestrian
77,1779.0,888.0,1815.0,954.0,5081,0,0,1,Pedestrian
77,1779.0,888.0,1815.0,954.0,5082,0,0,1,Pedestrian
77,1779.0,888.0,1815.0,954.0,5083,0,0,1,Pedestrian
77,1779.0,888.0,1815.0,954.0,5084,0,0,1,Pedestrian
77,1779.0,888.0,1815.0,954.0,5085,0,0,1,Pedestrian
77,1779.0,888.0,1815.0,954.0,5086,0,0,1,Pedestrian
77,1779.0,888.0,1815.0,954.0,5087,0,0,1,Pedestrian
77,1779.0,888.0,1815.0,954.0,5088,0,0,1,Pedestrian
77,1779.0,888.0,1815.0,954.0,5089,0,0,1,Pedestrian
77,1779.0,888.0,1815.0,954.0,5090,0,0,1,Pedestrian
77,1779.0,888.0,1815.0,954.0,5091,0,0,1,Pedestrian
77,1779.0,888.0,1815.0,954.0,5092,0,0,1,Pedestrian
77,1779.0,888.0,1815.0,954.0,5093,0,0,1,Pedestrian
77,1776.0,888.0,1815.0,954.0,5094,0,0,1,Pedestrian
77,1776.0,888.0,1815.0,954.0,5095,0,0,1,Pedestrian
77,1776.0,888.0,1815.0,954.0,5096,0,0,1,Pedestrian
77,1776.0,888.0,1815.0,954.0,5097,0,0,1,Pedestrian
77,1776.0,888.0,1815.0,954.0,5098,0,0,1,Pedestrian
77,1776.0,888.0,1815.0,954.0,5099,0,0,1,Pedestrian
77,1776.0,888.0,1815.0,954.0,5100,0,0,1,Pedestrian
77,1776.0,888.0,1815.0,954.0,5101,0,0,1,Pedestrian
77,1776.0,888.0,1815.0,954.0,5102,0,0,1,Pedestrian
77,1776.0,888.0,1815.0,954.0,5103,0,0,1,Pedestrian
77,1776.0,888.0,1815.0,954.0,5104,0,0,1,Pedestrian
77,1776.0,888.0,1815.0,954.0,5105,0,0,1,Pedestrian
77,1776.0,888.0,1815.0,954.0,5106,0,0,1,Pedestrian
77,1776.0,888.0,1815.0,954.0,5107,0,0,1,Pedestrian
77,1776.0,888.0,1815.0,954.0,5108,0,0,1,Pedestrian
77,1776.0,888.0,1815.0,954.0,5109,0,0,1,Pedestrian
77,1776.0,888.0,1815.0,954.0,5110,0,0,1,Pedestrian
77,1776.0,888.0,1815.0,954.0,5111,0,0,1,Pedestrian
77,1776.0,888.0,1815.0,954.0,5112,0,0,1,Pedestrian
77,1776.0,888.0,1815.0,954.0,5113,0,0,1,Pedestrian
77,1776.0,888.0,1815.0,954.0,5114,0,0,1,Pedestrian
77,1776.0,888.0,1815.0,954.0,5115,0,0,1,Pedestrian
77,1776.0,888.0,1815.0,954.0,5116,0,0,1,Pedestrian
77,1776.0,888.0,1815.0,954.0,5117,0,0,1,Pedestrian
77,1776.0,888.0,1815.0,954.0,5118,0,0,1,Pedestrian
77,1776.0,888.0,1815.0,954.0,5119,0,0,1,Pedestrian
77,1776.0,888.0,1815.0,954.0,5120,0,0,1,Pedestrian
77,1776.0,888.0,1815.0,954.0,5121,0,0,1,Pedestrian
77,1776.0,888.0,1815.0,954.0,5122,0,0,1,Pedestrian
77,1776.0,888.0,1815.0,954.0,5123,0,0,1,Pedestrian
77,1776.0,888.0,1815.0,954.0,5124,0,0,1,Pedestrian
77,1776.0,888.0,1815.0,954.0,5125,0,0,1,Pedestrian
77,1776.0,888.0,1815.0,954.0,5126,0,0,1,Pedestrian
77,1776.0,888.0,1815.0,954.0,5127,0,0,1,Pedestrian
77,1776.0,888.0,1815.0,954.0,5128,0,0,1,Pedestrian
77,1776.0,888.0,1815.0,954.0,5129,0,0,1,Pedestrian
77,1776.0,888.0,1815.0,954.0,5130,0,0,1,Pedestrian
77,1776.0,888.0,1815.0,954.0,5131,0,0,1,Pedestrian
77,1776.0,888.0,1815.0,954.0,5132,0,0,1,Pedestrian
77,1776.0,888.0,1815.0,954.0,5133,0,0,1,Pedestrian
77,1776.0,888.0,1815.0,954.0,5134,0,0,1,Pedestrian
77,1776.0,888.0,1815.0,954.0,5135,0,0,1,Pedestrian
77,1776.0,888.0,1815.0,954.0,5136,0,0,1,Pedestrian
77,1776.0,888.0,1815.0,954.0,5137,0,0,1,Pedestrian
77,1776.0,888.0,1815.0,954.0,5138,0,0,1,Pedestrian
77,1776.0,888.0,1815.0,954.0,5139,0,0,1,Pedestrian
77,1776.0,888.0,1815.0,954.0,5140,0,0,0,Pedestrian
77,1776.0,888.0,1815.0,954.0,5141,0,0,1,Pedestrian
77,1776.0,888.0,1815.0,954.0,5142,0,0,1,Pedestrian
77,1776.0,888.0,1815.0,954.0,5143,0,0,1,Pedestrian
77,1776.0,888.0,1815.0,954.0,5144,0,0,1,Pedestrian
77,1776.0,888.0,1815.0,954.0,5145,0,0,1,Pedestrian
77,1776.0,888.0,1815.0,954.0,5146,0,0,1,Pedestrian
77,1776.0,888.0,1815.0,954.0,5147,0,0,1,Pedestrian
77,1776.0,888.0,1815.0,954.0,5148,0,0,1,Pedestrian
77,1776.0,888.0,1815.0,954.0,5149,0,0,1,Pedestrian
77,1776.0,888.0,1815.0,954.0,5150,0,0,1,Pedestrian
77,1776.0,888.0,1815.0,954.0,5151,0,0,1,Pedestrian
77,1776.0,888.0,1815.0,954.0,5152,0,0,1,Pedestrian
77,1776.0,888.0,1815.0,954.0,5153,0,0,1,Pedestrian
77,1776.0,888.0,1815.0,954.0,5154,0,0,1,Pedestrian
77,1776.0,888.0,1815.0,954.0,5155,0,0,1,Pedestrian
77,1776.0,888.0,1815.0,954.0,5156,0,0,1,Pedestrian
77,1776.0,888.0,1815.0,954.0,5157,0,0,1,Pedestrian
77,1776.0,888.0,1815.0,954.0,5158,0,0,1,Pedestrian
77,1776.0,888.0,1815.0,954.0,5159,0,0,1,Pedestrian
77,1776.0,888.0,1817.0,954.0,5160,0,0,1,Pedestrian
77,1776.0,888.0,1817.0,954.0,5161,0,0,1,Pedestrian
77,1776.0,888.0,1817.0,954.0,5162,0,0,1,Pedestrian
77,1779.0,888.0,1817.0,954.0,5163,0,0,1,Pedestrian
77,1779.0,888.0,1817.0,954.0,5164,0,0,1,Pedestrian
77,1779.0,888.0,1817.0,954.0,5165,0,0,1,Pedestrian
77,1779.0,888.0,1817.0,954.0,5166,0,0,1,Pedestrian
77,1779.0,888.0,1817.0,954.0,5167,0,0,1,Pedestrian
77,1779.0,888.0,1817.0,954.0,5168,0,0,1,Pedestrian
77,1779.0,888.0,1817.0,954.0,5169,0,0,1,Pedestrian
77,1779.0,888.0,1817.0,954.0,5170,0,0,1,Pedestrian
77,1779.0,888.0,1817.0,954.0,5171,0,0,1,Pedestrian
77,1779.0,888.0,1817.0,954.0,5172,0,0,1,Pedestrian
77,1779.0,888.0,1817.0,954.0,5173,0,0,1,Pedestrian
77,1779.0,888.0,1817.0,954.0,5174,0,0,1,Pedestrian
77,1779.0,888.0,1817.0,954.0,5175,0,0,1,Pedestrian
77,1779.0,888.0,1817.0,954.0,5176,0,0,1,Pedestrian
77,1779.0,888.0,1817.0,954.0,5177,0,0,1,Pedestrian
77,1779.0,888.0,1817.0,954.0,5178,0,0,1,Pedestrian
77,1779.0,888.0,1817.0,954.0,5179,0,0,1,Pedestrian
77,1779.0,888.0,1820.0,954.0,5180,0,0,1,Pedestrian
77,1779.0,888.0,1820.0,954.0,5181,0,0,1,Pedestrian
77,1779.0,888.0,1820.0,954.0,5182,0,0,1,Pedestrian
77,1779.0,888.0,1820.0,954.0,5183,0,0,1,Pedestrian
77,1779.0,888.0,1820.0,954.0,5184,0,0,1,Pedestrian
77,1782.0,888.0,1820.0,954.0,5185,0,0,1,Pedestrian
77,1782.0,888.0,1820.0,954.0,5186,0,0,1,Pedestrian
77,1782.0,888.0,1820.0,954.0,5187,0,0,1,Pedestrian
77,1782.0,888.0,1820.0,954.0,5188,0,0,1,Pedestrian
77,1782.0,888.0,1820.0,954.0,5189,0,0,1,Pedestrian
77,1782.0,888.0,1820.0,954.0,5190,0,0,1,Pedestrian
77,1782.0,888.0,1820.0,954.0,5191,0,0,1,Pedestrian
77,1782.0,888.0,1820.0,954.0,5192,0,0,1,Pedestrian
77,1782.0,888.0,1820.0,954.0,5193,0,0,1,Pedestrian
77,1782.0,888.0,1820.0,954.0,5194,0,0,1,Pedestrian
77,1782.0,888.0,1820.0,954.0,5195,0,0,1,Pedestrian
77,1782.0,888.0,1820.0,954.0,5196,0,0,1,Pedestrian
77,1782.0,888.0,1820.0,954.0,5197,0,0,1,Pedestrian
77,1782.0,888.0,1820.0,954.0,5198,0,0,1,Pedestrian
77,1782.0,888.0,1820.0,954.0,5199,0,0,1,Pedestrian
77,1782.0,888.0,1823.0,954.0,5200,0,0,1,Pedestrian
77,1782.0,888.0,1823.0,954.0,5201,0,0,1,Pedestrian
77,1782.0,888.0,1823.0,954.0,5202,0,0,1,Pedestrian
77,1782.0,888.0,1823.0,954.0,5203,0,0,1,Pedestrian
77,1782.0,888.0,1823.0,954.0,5204,0,0,1,Pedestrian
77,1782.0,888.0,1823.0,954.0,5205,0,0,1,Pedestrian
77,1782.0,888.0,1823.0,954.0,5206,0,0,1,Pedestrian
77,1782.0,888.0,1823.0,954.0,5207,0,0,1,Pedestrian
77,1784.0,888.0,1823.0,954.0,5208,0,0,1,Pedestrian
77,1784.0,888.0,1823.0,954.0,5209,0,0,1,Pedestrian
77,1784.0,888.0,1823.0,954.0,5210,0,0,1,Pedestrian
77,1784.0,888.0,1823.0,954.0,5211,0,0,1,Pedestrian
77,1784.0,888.0,1823.0,954.0,5212,0,0,1,Pedestrian
77,1784.0,888.0,1823.0,954.0,5213,0,0,1,Pedestrian
77,1784.0,888.0,1823.0,954.0,5214,0,0,1,Pedestrian
77,1784.0,888.0,1823.0,954.0,5215,0,0,1,Pedestrian
77,1784.0,888.0,1823.0,954.0,5216,0,0,1,Pedestrian
77,1784.0,888.0,1823.0,954.0,5217,0,0,1,Pedestrian
77,1784.0,888.0,1823.0,954.0,5218,0,0,1,Pedestrian
77,1784.0,888.0,1823.0,954.0,5219,0,0,1,Pedestrian
77,1784.0,888.0,1826.0,954.0,5220,0,0,1,Pedestrian
77,1784.0,888.0,1826.0,954.0,5221,0,0,1,Pedestrian
77,1784.0,888.0,1826.0,954.0,5222,0,0,1,Pedestrian
77,1784.0,888.0,1826.0,954.0,5223,0,0,1,Pedestrian
77,1784.0,888.0,1826.0,954.0,5224,0,0,1,Pedestrian
77,1784.0,888.0,1826.0,954.0,5225,0,0,1,Pedestrian
77,1784.0,888.0,1826.0,954.0,5226,0,0,1,Pedestrian
77,1784.0,888.0,1826.0,954.0,5227,0,0,1,Pedestrian
77,1784.0,888.0,1826.0,954.0,5228,0,0,1,Pedestrian
77,1784.0,888.0,1826.0,954.0,5229,0,0,1,Pedestrian
77,1787.0,888.0,1826.0,954.0,5230,0,0,1,Pedestrian
77,1787.0,888.0,1826.0,954.0,5231,0,0,1,Pedestrian
77,1787.0,888.0,1826.0,954.0,5232,0,0,1,Pedestrian
77,1787.0,888.0,1826.0,954.0,5233,0,0,1,Pedestrian
77,1787.0,888.0,1826.0,954.0,5234,0,0,1,Pedestrian
77,1787.0,888.0,1826.0,954.0,5235,0,0,1,Pedestrian
77,1787.0,888.0,1826.0,954.0,5236,0,0,1,Pedestrian
77,1787.0,888.0,1826.0,954.0,5237,0,0,1,Pedestrian
77,1787.0,888.0,1826.0,954.0,5238,0,0,1,Pedestrian
77,1787.0,888.0,1826.0,954.0,5239,0,0,1,Pedestrian
77,1787.0,888.0,1828.0,954.0,5240,0,0,1,Pedestrian
77,1787.0,888.0,1828.0,954.0,5241,0,0,1,Pedestrian
77,1787.0,888.0,1828.0,954.0,5242,0,0,1,Pedestrian
77,1787.0,888.0,1828.0,954.0,5243,0,0,1,Pedestrian
77,1787.0,888.0,1828.0,954.0,5244,0,0,1,Pedestrian
77,1787.0,888.0,1828.0,954.0,5245,0,0,1,Pedestrian
77,1787.0,888.0,1828.0,954.0,5246,0,0,1,Pedestrian
77,1787.0,888.0,1828.0,954.0,5247,0,0,1,Pedestrian
77,1787.0,888.0,1828.0,954.0,5248,0,0,1,Pedestrian
77,1787.0,888.0,1828.0,954.0,5249,0,0,1,Pedestrian
77,1787.0,888.0,1828.0,954.0,5250,0,0,1,Pedestrian
77,1787.0,888.0,1828.0,954.0,5251,0,0,1,Pedestrian
77,1787.0,888.0,1828.0,954.0,5252,0,0,1,Pedestrian
77,1790.0,888.0,1828.0,954.0,5253,0,0,1,Pedestrian
77,1790.0,888.0,1828.0,954.0,5254,0,0,1,Pedestrian
77,1790.0,888.0,1828.0,954.0,5255,0,0,1,Pedestrian
77,1790.0,888.0,1828.0,954.0,5256,0,0,1,Pedestrian
77,1790.0,888.0,1828.0,954.0,5257,0,0,1,Pedestrian
77,1790.0,888.0,1828.0,954.0,5258,0,0,1,Pedestrian
77,1790.0,888.0,1828.0,954.0,5259,0,0,1,Pedestrian
77,1790.0,888.0,1831.0,954.0,5260,0,0,1,Pedestrian
77,1790.0,888.0,1831.0,954.0,5261,0,0,1,Pedestrian
77,1790.0,888.0,1831.0,954.0,5262,0,0,1,Pedestrian
77,1790.0,888.0,1831.0,954.0,5263,0,0,1,Pedestrian
77,1790.0,888.0,1831.0,954.0,5264,0,0,1,Pedestrian
77,1790.0,888.0,1831.0,954.0,5265,0,0,1,Pedestrian
77,1790.0,888.0,1831.0,954.0,5266,0,0,1,Pedestrian
77,1790.0,888.0,1831.0,954.0,5267,0,0,1,Pedestrian
77,1790.0,888.0,1831.0,954.0,5268,0,0,1,Pedestrian
77,1790.0,888.0,1831.0,954.0,5269,0,0,1,Pedestrian
77,1790.0,888.0,1831.0,954.0,5270,0,0,1,Pedestrian
77,1790.0,888.0,1831.0,954.0,5271,0,0,1,Pedestrian
77,1790.0,888.0,1831.0,954.0,5272,0,0,1,Pedestrian
77,1790.0,888.0,1831.0,954.0,5273,0,0,1,Pedestrian
77,1790.0,888.0,1831.0,954.0,5274,0,0,1,Pedestrian
77,1793.0,888.0,1831.0,954.0,5275,0,0,1,Pedestrian
77,1793.0,888.0,1831.0,954.0,5276,0,0,1,Pedestrian
77,1793.0,888.0,1831.0,954.0,5277,0,0,1,Pedestrian
77,1793.0,888.0,1831.0,954.0,5278,0,0,1,Pedestrian
77,1793.0,888.0,1831.0,954.0,5279,0,0,1,Pedestrian
77,1793.0,888.0,1834.0,954.0,5280,0,0,1,Pedestrian
77,1793.0,888.0,1834.0,954.0,5281,0,0,1,Pedestrian
77,1793.0,888.0,1834.0,954.0,5282,0,0,1,Pedestrian
77,1793.0,888.0,1834.0,954.0,5283,0,0,1,Pedestrian
77,1793.0,888.0,1834.0,954.0,5284,0,0,1,Pedestrian
77,1793.0,888.0,1834.0,954.0,5285,0,0,1,Pedestrian
77,1793.0,888.0,1834.0,954.0,5286,0,0,1,Pedestrian
77,1793.0,888.0,1834.0,954.0,5287,0,0,1,Pedestrian
77,1793.0,888.0,1834.0,954.0,5288,0,0,1,Pedestrian
77,1793.0,888.0,1834.0,954.0,5289,0,0,1,Pedestrian
77,1793.0,888.0,1834.0,954.0,5290,0,0,1,Pedestrian
77,1793.0,888.0,1834.0,954.0,5291,0,0,1,Pedestrian
77,1793.0,888.0,1834.0,954.0,5292,0,0,1,Pedestrian
77,1793.0,888.0,1834.0,954.0,5293,0,0,1,Pedestrian
77,1793.0,888.0,1834.0,954.0,5294,0,0,1,Pedestrian
77,1793.0,888.0,1834.0,954.0,5295,0,0,1,Pedestrian
77,1793.0,888.0,1834.0,954.0,5296,0,0,1,Pedestrian
77,1793.0,888.0,1834.0,954.0,5297,0,0,1,Pedestrian
77,1795.0,888.0,1834.0,954.0,5298,0,0,1,Pedestrian
77,1795.0,888.0,1834.0,954.0,5299,0,0,1,Pedestrian
77,1795.0,888.0,1837.0,954.0,5300,0,0,1,Pedestrian
77,1795.0,888.0,1837.0,954.0,5301,0,0,1,Pedestrian
77,1795.0,888.0,1837.0,954.0,5302,0,0,1,Pedestrian
77,1795.0,888.0,1837.0,954.0,5303,0,0,1,Pedestrian
77,1795.0,888.0,1837.0,954.0,5304,0,0,1,Pedestrian
77,1795.0,888.0,1837.0,954.0,5305,0,0,1,Pedestrian
77,1795.0,888.0,1837.0,954.0,5306,0,0,1,Pedestrian
77,1795.0,888.0,1837.0,954.0,5307,0,0,1,Pedestrian
77,1795.0,888.0,1837.0,954.0,5308,0,0,1,Pedestrian
77,1795.0,888.0,1837.0,954.0,5309,0,0,1,Pedestrian
77,1795.0,888.0,1837.0,954.0,5310,0,0,1,Pedestrian
77,1795.0,888.0,1837.0,954.0,5311,0,0,1,Pedestrian
77,1795.0,888.0,1837.0,954.0,5312,0,0,1,Pedestrian
77,1795.0,888.0,1837.0,954.0,5313,0,0,1,Pedestrian
77,1795.0,888.0,1837.0,954.0,5314,0,0,1,Pedestrian
77,1795.0,888.0,1837.0,954.0,5315,0,0,1,Pedestrian
77,1795.0,888.0,1837.0,954.0,5316,0,0,1,Pedestrian
77,1795.0,888.0,1837.0,954.0,5317,0,0,1,Pedestrian
77,1795.0,888.0,1837.0,954.0,5318,0,0,1,Pedestrian
77,1795.0,888.0,1837.0,954.0,5319,0,0,1,Pedestrian
77,1798.0,890.0,1839.0,956.0,5320,0,0,0,Pedestrian
77,1798.0,890.0,1839.0,956.0,5321,0,0,1,Pedestrian
77,1798.0,890.0,1839.0,956.0,5322,0,0,1,Pedestrian
77,1798.0,890.0,1839.0,956.0,5323,0,0,1,Pedestrian
77,1801.0,890.0,1842.0,956.0,5324,0,0,1,Pedestrian
77,1801.0,890.0,1842.0,956.0,5325,0,0,1,Pedestrian
77,1801.0,890.0,1842.0,956.0,5326,0,0,1,Pedestrian
77,1804.0,890.0,1845.0,956.0,5327,0,0,1,Pedestrian
77,1804.0,890.0,1845.0,956.0,5328,0,0,1,Pedestrian
77,1804.0,890.0,1845.0,956.0,5329,0,0,1,Pedestrian
77,1806.0,890.0,1848.0,956.0,5330,0,0,1,Pedestrian
77,1806.0,890.0,1848.0,956.0,5331,0,0,1,Pedestrian
77,1806.0,890.0,1848.0,956.0,5332,0,0,1,Pedestrian
77,1806.0,890.0,1848.0,956.0,5333,0,0,1,Pedestrian
77,1809.0,890.0,1850.0,956.0,5334,0,0,1,Pedestrian
77,1809.0,890.0,1850.0,956.0,5335,0,0,1,Pedestrian
77,1809.0,890.0,1850.0,956.0,5336,0,0,1,Pedestrian
77,1812.0,890.0,1853.0,956.0,5337,0,0,1,Pedestrian
77,1812.0,890.0,1853.0,956.0,5338,0,0,1,Pedestrian
77,1812.0,890.0,1853.0,956.0,5339,0,0,1,Pedestrian
77,1815.0,890.0,1856.0,956.0,5340,0,0,0,Pedestrian
77,1815.0,890.0,1856.0,956.0,5341,0,0,1,Pedestrian
77,1817.0,890.0,1859.0,956.0,5342,0,0,1,Pedestrian
77,1817.0,890.0,1859.0,956.0,5343,0,0,1,Pedestrian
77,1820.0,890.0,1861.0,956.0,5344,0,0,1,Pedestrian
77,1823.0,890.0,1864.0,956.0,5345,0,0,1,Pedestrian
77,1823.0,890.0,1864.0,956.0,5346,0,0,1,Pedestrian
77,1826.0,890.0,1867.0,956.0,5347,0,0,1,Pedestrian
77,1826.0,890.0,1867.0,956.0,5348,0,0,1,Pedestrian
77,1828.0,890.0,1870.0,956.0,5349,0,0,1,Pedestrian
77,1831.0,890.0,1872.0,956.0,5350,0,0,0,Pedestrian
77,1831.0,888.0,1872.0,954.0,5351,0,0,1,Pedestrian
77,1831.0,888.0,1872.0,954.0,5352,0,0,1,Pedestrian
77,1834.0,888.0,1875.0,954.0,5353,0,0,1,Pedestrian
77,1834.0,888.0,1875.0,954.0,5354,0,0,1,Pedestrian
77,1837.0,888.0,1878.0,954.0,5355,0,0,1,Pedestrian
77,1837.0,888.0,1878.0,954.0,5356,0,0,1,Pedestrian
77,1839.0,888.0,1878.0,954.0,5357,0,0,1,Pedestrian
77,1839.0,888.0,1881.0,954.0,5358,0,0,1,Pedestrian
77,1842.0,888.0,1881.0,954.0,5359,0,0,1,Pedestrian
77,1842.0,888.0,1883.0,954.0,5360,0,0,1,Pedestrian
77,1842.0,888.0,1883.0,954.0,5361,0,0,1,Pedestrian
77,1845.0,888.0,1883.0,954.0,5362,0,0,1,Pedestrian
77,1845.0,888.0,1886.0,954.0,5363,0,0,1,Pedestrian
77,1848.0,888.0,1886.0,954.0,5364,0,0,1,Pedestrian
77,1848.0,888.0,1889.0,954.0,5365,0,0,1,Pedestrian
77,1850.0,888.0,1889.0,954.0,5366,0,0,1,Pedestrian
77,1850.0,888.0,1889.0,954.0,5367,0,0,1,Pedestrian
77,1853.0,888.0,1892.0,954.0,5368,0,0,1,Pedestrian
77,1853.0,888.0,1892.0,954.0,5369,0,0,1,Pedestrian
77,1856.0,888.0,1894.0,954.0,5370,0,0,0,Pedestrian
77,1856.0,888.0,1894.0,954.0,5371,0,0,1,Pedestrian
77,1856.0,888.0,1894.0,954.0,5372,0,0,1,Pedestrian
77,1856.0,888.0,1894.0,954.0,5373,0,0,1,Pedestrian
77,1856.0,888.0,1894.0,954.0,5374,0,0,1,Pedestrian
77,1859.0,888.0,1897.0,954.0,5375,0,0,1,Pedestrian
77,1859.0,888.0,1897.0,954.0,5376,0,0,1,Pedestrian
77,1859.0,888.0,1897.0,954.0,5377,0,0,1,Pedestrian
77,1859.0,888.0,1897.0,954.0,5378,0,0,1,Pedestrian
77,1859.0,888.0,1897.0,954.0,5379,0,0,1,Pedestrian
77,1861.0,888.0,1900.0,954.0,5380,0,0,0,Pedestrian
77,1861.0,885.0,1900.0,951.0,5381,0,0,1,Pedestrian
77,1861.0,885.0,1900.0,951.0,5382,0,0,1,Pedestrian
77,1861.0,885.0,1900.0,951.0,5383,0,0,1,Pedestrian
77,1861.0,885.0,1900.0,951.0,5384,0,0,1,Pedestrian
77,1861.0,885.0,1900.0,951.0,5385,0,0,1,Pedestrian
77,1861.0,883.0,1900.0,949.0,5386,0,0,1,Pedestrian
77,1861.0,883.0,1900.0,949.0,5387,0,0,1,Pedestrian
77,1861.0,883.0,1900.0,949.0,5388,0,0,1,Pedestrian
77,1861.0,883.0,1900.0,949.0,5389,0,0,1,Pedestrian
77,1864.0,883.0,1903.0,949.0,5390,0,0,0,Pedestrian
77,1864.0,881.0,1903.0,947.0,5391,0,0,1,Pedestrian
77,1864.0,881.0,1903.0,947.0,5392,0,0,1,Pedestrian
77,1867.0,881.0,1905.0,947.0,5393,0,0,1,Pedestrian
77,1867.0,878.0,1905.0,944.0,5394,0,0,1,Pedestrian
77,1870.0,878.0,1908.0,944.0,5395,0,0,1,Pedestrian
77,1870.0,878.0,1908.0,944.0,5396,0,0,1,Pedestrian
77,1870.0,876.0,1908.0,942.0,5397,0,0,1,Pedestrian
77,1872.0,876.0,1911.0,942.0,5398,0,0,1,Pedestrian
77,1872.0,876.0,1911.0,942.0,5399,0,0,1,Pedestrian
77,1875.0,876.0,1914.0,942.0,5400,0,0,0,Pedestrian
77,1875.0,874.0,1914.0,940.0,5401,0,0,1,Pedestrian
77,1875.0,874.0,1914.0,940.0,5402,0,0,1,Pedestrian
77,1878.0,874.0,1916.0,940.0,5403,0,0,1,Pedestrian
77,1878.0,872.0,1916.0,938.0,5404,0,0,1,Pedestrian
77,1881.0,872.0,1919.0,938.0,5405,0,0,1,Pedestrian
77,1881.0,872.0,1919.0,938.0,5406,0,0,1,Pedestrian
77,1881.0,869.0,1919.0,935.0,5407,0,0,1,Pedestrian
77,1883.0,869.0,1922.0,935.0,5408,0,0,1,Pedestrian
77,1883.0,869.0,1922.0,935.0,5409,0,0,1,Pedestrian
77,1886.0,869.0,1925.0,935.0,5410,0,0,0,Pedestrian
77,1886.0,867.0,1925.0,933.0,5411,0,0,1,Pedestrian
77,1886.0,867.0,1925.0,933.0,5412,0,0,1,Pedestrian
77,1889.0,865.0,1927.0,931.0,5413,0,0,1,Pedestrian
77,1889.0,865.0,1927.0,931.0,5414,0,0,1,Pedestrian
77,1892.0,865.0,1930.0,931.0,5415,0,0,1,Pedestrian
77,1892.0,863.0,1930.0,929.0,5416,0,0,1,Pedestrian
77,1892.0,863.0,1930.0,929.0,5417,0,0,1,Pedestrian
77,1894.0,860.0,1933.0,926.0,5418,0,0,1,Pedestrian
77,1894.0,860.0,1933.0,926.0,5419,0,0,1,Pedestrian
77,1897.0,860.0,1936.0,926.0,5420,0,0,0,Pedestrian
77,1897.0,858.0,1936.0,924.0,5421,0,0,1,Pedestrian
77,1897.0,858.0,1936.0,924.0,5422,0,0,1,Pedestrian
77,1897.0,858.0,1936.0,924.0,5423,0,0,1,Pedestrian
77,1900.0,858.0,1938.0,924.0,5424,0,0,1,Pedestrian
77,1900.0,858.0,1938.0,924.0,5425,0,0,1,Pedestrian
77,1900.0,858.0,1938.0,924.0,5426,0,0,1,Pedestrian
77,1900.0,856.0,1938.0,922.0,5427,0,0,1,Pedestrian
77,1903.0,856.0,1941.0,922.0,5428,0,0,1,Pedestrian
77,1903.0,856.0,1941.0,922.0,5429,0,0,1,Pedestrian
77,1903.0,856.0,1941.0,922.0,5430,0,0,1,Pedestrian
77,1903.0,856.0,1941.0,922.0,5431,0,0,1,Pedestrian
77,1905.0,856.0,1944.0,922.0,5432,0,0,1,Pedestrian
77,1905.0,856.0,1944.0,922.0,5433,0,0,1,Pedestrian
77,1905.0,853.0,1944.0,919.0,5434,0,0,1,Pedestrian
77,1905.0,853.0,1944.0,919.0,5435,0,0,1,Pedestrian
77,1908.0,853.0,1947.0,919.0,5436,0,0,1,Pedestrian
77,1908.0,853.0,1947.0,919.0,5437,0,0,1,Pedestrian
77,1908.0,853.0,1947.0,919.0,5438,0,0,1,Pedestrian
77,1908.0,853.0,1947.0,919.0,5439,0,0,1,Pedestrian
77,1911.0,853.0,1949.0,919.0,5440,0,0,1,Pedestrian
77,1911.0,851.0,1949.0,917.0,5441,0,0,1,Pedestrian
77,1911.0,851.0,1949.0,917.0,5442,0,0,1,Pedestrian
77,1911.0,851.0,1949.0,917.0,5443,0,0,1,Pedestrian
77,1914.0,851.0,1952.0,917.0,5444,0,0,1,Pedestrian
77,1914.0,851.0,1952.0,917.0,5445,0,0,1,Pedestrian
77,1914.0,851.0,1952.0,917.0,5446,0,0,1,Pedestrian
77,1914.0,849.0,1952.0,915.0,5447,0,0,1,Pedestrian
77,1916.0,849.0,1955.0,915.0,5448,0,0,1,Pedestrian
77,1916.0,849.0,1955.0,915.0,5449,0,0,1,Pedestrian
77,1916.0,849.0,1955.0,915.0,5450,0,0,1,Pedestrian
77,1916.0,849.0,1955.0,915.0,5451,0,0,1,Pedestrian
77,1919.0,849.0,1958.0,915.0,5452,0,0,1,Pedestrian
77,1919.0,849.0,1958.0,915.0,5453,0,0,1,Pedestrian
77,1919.0,847.0,1958.0,913.0,5454,0,0,1,Pedestrian
77,1919.0,847.0,1958.0,913.0,5455,0,0,1,Pedestrian
77,1922.0,847.0,1960.0,913.0,5456,0,0,1,Pedestrian
77,1922.0,847.0,1960.0,913.0,5457,0,0,1,Pedestrian
77,1922.0,847.0,1960.0,913.0,5458,0,0,1,Pedestrian
77,1922.0,847.0,1960.0,913.0,5459,0,0,1,Pedestrian
77,1925.0,847.0,1963.0,913.0,5460,0,0,0,Pedestrian
77,1925.0,844.0,1963.0,910.0,5461,0,0,1,Pedestrian
77,1925.0,844.0,1963.0,910.0,5462,0,0,1,Pedestrian
77,1927.0,844.0,1963.0,910.0,5463,0,0,1,Pedestrian
77,1927.0,844.0,1963.0,910.0,5464,0,0,1,Pedestrian
77,1927.0,842.0,1966.0,908.0,5465,0,0,1,Pedestrian
77,1930.0,842.0,1966.0,908.0,5466,0,0,1,Pedestrian
77,1930.0,842.0,1966.0,908.0,5467,0,0,1,Pedestrian
77,1930.0,842.0,1966.0,908.0,5468,0,0,1,Pedestrian
77,1933.0,840.0,1966.0,906.0,5469,0,0,1,Pedestrian
77,1933.0,840.0,1969.0,906.0,5470,0,0,1,Pedestrian
77,1933.0,840.0,1969.0,906.0,5471,0,0,1,Pedestrian
77,1936.0,840.0,1969.0,906.0,5472,0,0,1,Pedestrian
77,1936.0,837.0,1969.0,904.0,5473,0,0,1,Pedestrian
77,1936.0,837.0,1969.0,904.0,5474,0,0,1,Pedestrian
77,1938.0,837.0,1971.0,904.0,5475,0,0,1,Pedestrian
77,1938.0,837.0,1971.0,904.0,5476,0,0,1,Pedestrian
77,1938.0,835.0,1971.0,901.0,5477,0,0,1,Pedestrian
77,1941.0,835.0,1971.0,901.0,5478,0,0,1,Pedestrian
77,1941.0,835.0,1971.0,901.0,5479,0,0,1,Pedestrian
77,1944.0,835.0,1974.0,901.0,5480,0,0,0,Pedestrian
77,1944.0,833.0,1974.0,899.0,5481,0,0,1,Pedestrian
77,1947.0,833.0,1974.0,899.0,5482,0,0,1,Pedestrian
77,1947.0,833.0,1974.0,899.0,5483,0,0,1,Pedestrian
77,1949.0,833.0,1974.0,899.0,5484,0,0,1,Pedestrian
77,1952.0,833.0,1974.0,899.0,5485,0,0,1,Pedestrian
77,1952.0,833.0,1974.0,899.0,5486,0,0,1,Pedestrian
77,1955.0,833.0,1974.0,899.0,5487,0,0,1,Pedestrian
77,1955.0,833.0,1974.0,899.0,5488,0,0,1,Pedestrian
77,1958.0,833.0,1974.0,899.0,5489,0,0,1,Pedestrian
77,1960.0,833.0,1974.0,899.0,5490,1,0,0,Pedestrian
77,1960.0,833.0,1974.0,899.0,5491,1,0,1,Pedestrian
77,1960.0,833.0,1974.0,899.0,5492,1,0,1,Pedestrian
77,1960.0,833.0,1974.0,899.0,5493,1,0,1,Pedestrian
77,1960.0,833.0,1974.0,899.0,5494,1,0,1,Pedestrian
77,1960.0,833.0,1974.0,899.0,5495,1,0,1,Pedestrian
77,1960.0,833.0,1974.0,899.0,5496,1,0,1,Pedestrian
77,1960.0,833.0,1974.0,899.0,5497,1,0,1,Pedestrian
77,1960.0,833.0,1974.0,899.0,5498,1,0,1,Pedestrian
77,1960.0,833.0,1974.0,899.0,5499,1,0,1,Pedestrian
77,1960.0,833.0,1974.0,899.0,5500,1,0,0,Pedestrian
77,1960.0,833.0,1974.0,899.0,5501,1,0,1,Pedestrian
77,1960.0,833.0,1974.0,899.0,5502,1,0,1,Pedestrian
77,1960.0,833.0,1974.0,899.0,5503,1,0,1,Pedestrian
77,1960.0,833.0,1974.0,899.0,5504,1,0,1,Pedestrian
77,1960.0,833.0,1974.0,899.0,5505,1,0,1,Pedestrian
77,1960.0,833.0,1974.0,899.0,5506,1,0,1,Pedestrian
77,1960.0,833.0,1974.0,899.0,5507,1,0,1,Pedestrian
77,1960.0,833.0,1974.0,899.0,5508,1,0,1,Pedestrian
77,1960.0,833.0,1974.0,899.0,5509,1,0,1,Pedestrian
77,1960.0,833.0,1974.0,899.0,5510,1,0,1,Pedestrian
77,1960.0,833.0,1974.0,899.0,5511,1,0,1,Pedestrian
77,1960.0,833.0,1974.0,899.0,5512,1,0,1,Pedestrian
77,1960.0,833.0,1974.0,899.0,5513,1,0,1,Pedestrian
77,1960.0,833.0,1974.0,899.0,5514,1,0,1,Pedestrian
77,1960.0,833.0,1974.0,899.0,5515,1,0,1,Pedestrian
77,1960.0,833.0,1974.0,899.0,5516,1,0,1,Pedestrian
77,1960.0,833.0,1974.0,899.0,5517,1,0,1,Pedestrian
77,1960.0,833.0,1974.0,899.0,5518,1,0,1,Pedestrian
77,1960.0,833.0,1974.0,899.0,5519,1,0,1,Pedestrian
77,1960.0,833.0,1974.0,899.0,5520,1,0,1,Pedestrian
77,1960.0,833.0,1974.0,899.0,5521,1,0,1,Pedestrian
77,1960.0,833.0,1974.0,899.0,5522,1,0,1,Pedestrian
77,1960.0,833.0,1974.0,899.0,5523,1,0,1,Pedestrian
77,1960.0,833.0,1974.0,899.0,5524,1,0,1,Pedestrian
77,1960.0,833.0,1974.0,899.0,5525,1,0,1,Pedestrian
77,1960.0,833.0,1974.0,899.0,5526,1,0,1,Pedestrian
77,1960.0,833.0,1974.0,899.0,5527,1,0,1,Pedestrian
77,1960.0,833.0,1974.0,899.0,5528,1,0,1,Pedestrian
77,1960.0,833.0,1974.0,899.0,5529,1,0,1,Pedestrian
77,1960.0,833.0,1974.0,899.0,5530,1,0,1,Pedestrian
77,1960.0,833.0,1974.0,899.0,5531,1,0,0,Pedestrian
78,1936.0,660.0,1938.0,662.0,8000,1,0,0,Biker
78,1933.0,658.0,1938.0,662.0,8001,1,0,1,Biker
78,1933.0,658.0,1938.0,662.0,8002,1,0,1,Biker
78,1933.0,658.0,1938.0,662.0,8003,1,0,1,Biker
78,1933.0,658.0,1938.0,662.0,8004,1,0,1,Biker
78,1933.0,658.0,1938.0,662.0,8005,1,0,1,Biker
78,1933.0,658.0,1938.0,662.0,8006,1,0,1,Biker
78,1933.0,658.0,1938.0,664.0,8007,1,0,1,Biker
78,1933.0,658.0,1938.0,664.0,8008,1,0,1,Biker
78,1933.0,658.0,1938.0,664.0,8009,1,0,1,Biker
78,1933.0,658.0,1938.0,664.0,8010,1,0,1,Biker
78,1930.0,658.0,1938.0,664.0,8011,1,0,1,Biker
78,1930.0,658.0,1938.0,664.0,8012,1,0,1,Biker
78,1930.0,658.0,1941.0,667.0,8013,1,0,1,Biker
78,1930.0,655.0,1941.0,667.0,8014,1,0,1,Biker
78,1930.0,655.0,1941.0,667.0,8015,1,0,1,Biker
78,1930.0,655.0,1941.0,667.0,8016,1,0,1,Biker
78,1930.0,655.0,1941.0,667.0,8017,1,0,1,Biker
78,1930.0,655.0,1941.0,667.0,8018,1,0,1,Biker
78,1930.0,655.0,1941.0,669.0,8019,1,0,1,Biker
78,1930.0,655.0,1941.0,669.0,8020,1,0,1,Biker
78,1930.0,655.0,1941.0,669.0,8021,1,0,1,Biker
78,1927.0,655.0,1941.0,669.0,8022,1,0,1,Biker
78,1927.0,655.0,1941.0,669.0,8023,1,0,1,Biker
78,1927.0,655.0,1941.0,669.0,8024,1,0,1,Biker
78,1927.0,655.0,1944.0,669.0,8025,1,0,1,Biker
78,1927.0,655.0,1944.0,671.0,8026,1,0,1,Biker
78,1927.0,653.0,1944.0,671.0,8027,1,0,1,Biker
78,1927.0,653.0,1944.0,671.0,8028,1,0,1,Biker
78,1927.0,653.0,1944.0,671.0,8029,1,0,1,Biker
78,1927.0,653.0,1944.0,671.0,8030,1,0,1,Biker
78,1927.0,653.0,1944.0,671.0,8031,1,0,1,Biker
78,1925.0,653.0,1944.0,674.0,8032,1,0,1,Biker
78,1925.0,653.0,1944.0,674.0,8033,1,0,1,Biker
78,1925.0,653.0,1944.0,674.0,8034,1,0,1,Biker
78,1925.0,653.0,1944.0,674.0,8035,1,0,1,Biker
78,1925.0,653.0,1944.0,674.0,8036,1,0,1,Biker
78,1925.0,653.0,1947.0,674.0,8037,1,0,1,Biker
78,1925.0,653.0,1947.0,676.0,8038,1,0,1,Biker
78,1925.0,653.0,1947.0,676.0,8039,1,0,1,Biker
78,1925.0,651.0,1947.0,676.0,8040,1,0,1,Biker
78,1925.0,651.0,1947.0,676.0,8041,1,0,1,Biker
78,1925.0,651.0,1947.0,676.0,8042,1,0,1,Biker
78,1922.0,651.0,1947.0,676.0,8043,1,0,1,Biker
78,1922.0,651.0,1947.0,676.0,8044,1,0,1,Biker
78,1922.0,651.0,1947.0,678.0,8045,1,0,1,Biker
78,1922.0,651.0,1947.0,678.0,8046,1,0,1,Biker
78,1922.0,651.0,1947.0,678.0,8047,1,0,1,Biker
78,1922.0,651.0,1947.0,678.0,8048,1,0,1,Biker
78,1922.0,651.0,1949.0,678.0,8049,1,0,1,Biker
78,1922.0,651.0,1949.0,678.0,8050,1,0,1,Biker
78,1922.0,651.0,1949.0,680.0,8051,1,0,1,Biker
78,1922.0,651.0,1949.0,680.0,8052,1,0,1,Biker
78,1922.0,648.0,1949.0,680.0,8053,1,0,1,Biker
78,1919.0,648.0,1949.0,680.0,8054,1,0,1,Biker
78,1919.0,648.0,1949.0,680.0,8055,1,0,1,Biker
78,1919.0,648.0,1949.0,680.0,8056,1,0,1,Biker
78,1919.0,648.0,1949.0,683.0,8057,1,0,1,Biker
78,1919.0,648.0,1949.0,683.0,8058,1,0,1,Biker
78,1919.0,648.0,1949.0,683.0,8059,1,0,1,Biker
78,1919.0,648.0,1949.0,683.0,8060,1,0,1,Biker
78,1919.0,648.0,1952.0,683.0,8061,1,0,1,Biker
78,1919.0,648.0,1952.0,683.0,8062,1,0,1,Biker
78,1919.0,648.0,1952.0,685.0,8063,1,0,1,Biker
78,1916.0,648.0,1952.0,685.0,8064,1,0,1,Biker
78,1916.0,648.0,1952.0,685.0,8065,1,0,1,Biker
78,1916.0,646.0,1952.0,685.0,8066,1,0,1,Biker
78,1916.0,646.0,1952.0,685.0,8067,1,0,1,Biker
78,1916.0,646.0,1952.0,685.0,8068,1,0,1,Biker
78,1916.0,646.0,1952.0,685.0,8069,1,0,1,Biker
78,1916.0,646.0,1952.0,687.0,8070,1,0,1,Biker
78,1916.0,646.0,1952.0,687.0,8071,1,0,1,Biker
78,1916.0,646.0,1952.0,687.0,8072,1,0,1,Biker
78,1916.0,646.0,1955.0,687.0,8073,1,0,1,Biker
78,1916.0,646.0,1955.0,687.0,8074,1,0,1,Biker
78,1914.0,646.0,1955.0,687.0,8075,1,0,1,Biker
78,1914.0,646.0,1955.0,689.0,8076,1,0,1,Biker
78,1914.0,646.0,1955.0,689.0,8077,1,0,1,Biker
78,1914.0,646.0,1955.0,689.0,8078,1,0,1,Biker
78,1914.0,644.0,1955.0,689.0,8079,1,0,1,Biker
78,1914.0,644.0,1955.0,689.0,8080,1,0,1,Biker
78,1914.0,644.0,1955.0,689.0,8081,1,0,1,Biker
78,1914.0,644.0,1955.0,692.0,8082,1,0,1,Biker
78,1914.0,644.0,1955.0,692.0,8083,1,0,1,Biker
78,1914.0,644.0,1955.0,692.0,8084,1,0,1,Biker
78,1914.0,644.0,1958.0,692.0,8085,1,0,1,Biker
78,1911.0,644.0,1958.0,692.0,8086,1,0,1,Biker
78,1911.0,644.0,1958.0,692.0,8087,1,0,1,Biker
78,1911.0,644.0,1958.0,692.0,8088,1,0,1,Biker
78,1911.0,644.0,1958.0,694.0,8089,1,0,1,Biker
78,1911.0,644.0,1958.0,694.0,8090,1,0,1,Biker
78,1911.0,644.0,1958.0,694.0,8091,1,0,1,Biker
78,1911.0,642.0,1958.0,694.0,8092,1,0,1,Biker
78,1911.0,642.0,1958.0,694.0,8093,1,0,1,Biker
78,1911.0,642.0,1958.0,694.0,8094,1,0,1,Biker
78,1911.0,642.0,1958.0,696.0,8095,1,0,1,Biker
78,1908.0,642.0,1958.0,696.0,8096,1,0,1,Biker
78,1908.0,642.0,1958.0,696.0,8097,1,0,1,Biker
78,1908.0,642.0,1960.0,696.0,8098,1,0,1,Biker
78,1908.0,642.0,1960.0,696.0,8099,1,0,1,Biker
78,1908.0,642.0,1960.0,696.0,8100,1,0,1,Biker
78,1908.0,642.0,1960.0,699.0,8101,1,0,1,Biker
78,1908.0,642.0,1960.0,699.0,8102,1,0,1,Biker
78,1908.0,642.0,1960.0,699.0,8103,1,0,1,Biker
78,1908.0,642.0,1960.0,699.0,8104,1,0,1,Biker
78,1908.0,639.0,1960.0,699.0,8105,1,0,1,Biker
78,1908.0,639.0,1960.0,699.0,8106,1,0,1,Biker
78,1905.0,639.0,1960.0,699.0,8107,1,0,1,Biker
78,1905.0,639.0,1960.0,701.0,8108,1,0,1,Biker
78,1905.0,639.0,1960.0,701.0,8109,1,0,1,Biker
78,1905.0,639.0,1963.0,701.0,8110,1,0,1,Biker
78,1905.0,639.0,1963.0,701.0,8111,1,0,1,Biker
78,1905.0,639.0,1963.0,701.0,8112,1,0,1,Biker
78,1905.0,639.0,1963.0,701.0,8113,1,0,1,Biker
78,1905.0,639.0,1963.0,703.0,8114,1,0,1,Biker
78,1905.0,639.0,1963.0,703.0,8115,1,0,1,Biker
78,1905.0,639.0,1963.0,703.0,8116,1,0,1,Biker
78,1903.0,639.0,1963.0,703.0,8117,1,0,1,Biker
78,1903.0,637.0,1963.0,703.0,8118,1,0,1,Biker
78,1903.0,637.0,1963.0,703.0,8119,1,0,1,Biker
78,1903.0,637.0,1963.0,705.0,8120,1,0,1,Biker
78,1903.0,637.0,1963.0,705.0,8121,1,0,1,Biker
78,1903.0,637.0,1966.0,705.0,8122,1,0,1,Biker
78,1903.0,637.0,1966.0,705.0,8123,1,0,1,Biker
78,1903.0,637.0,1966.0,705.0,8124,1,0,1,Biker
78,1903.0,637.0,1966.0,705.0,8125,1,0,1,Biker
78,1903.0,637.0,1966.0,708.0,8126,1,0,1,Biker
78,1903.0,637.0,1966.0,708.0,8127,1,0,1,Biker
78,1900.0,637.0,1966.0,708.0,8128,1,0,1,Biker
78,1900.0,637.0,1966.0,708.0,8129,1,0,1,Biker
78,1900.0,637.0,1966.0,708.0,8130,1,0,1,Biker
78,1900.0,635.0,1966.0,708.0,8131,1,0,1,Biker
78,1900.0,635.0,1966.0,708.0,8132,1,0,1,Biker
78,1900.0,635.0,1966.0,710.0,8133,1,0,1,Biker
78,1900.0,635.0,1969.0,710.0,8134,1,0,1,Biker
78,1900.0,635.0,1969.0,710.0,8135,1,0,1,Biker
78,1900.0,635.0,1969.0,710.0,8136,1,0,1,Biker
78,1900.0,635.0,1969.0,710.0,8137,1,0,1,Biker
78,1900.0,635.0,1969.0,710.0,8138,1,0,1,Biker
78,1897.0,635.0,1969.0,712.0,8139,1,0,1,Biker
78,1897.0,635.0,1969.0,712.0,8140,1,0,1,Biker
78,1897.0,635.0,1969.0,712.0,8141,1,0,1,Biker
78,1897.0,635.0,1969.0,712.0,8142,1,0,1,Biker
78,1897.0,635.0,1969.0,712.0,8143,1,0,1,Biker
78,1897.0,633.0,1969.0,712.0,8144,1,0,1,Biker
78,1897.0,633.0,1969.0,715.0,8145,1,0,1,Biker
78,1897.0,633.0,1971.0,715.0,8146,1,0,1,Biker
78,1897.0,633.0,1971.0,715.0,8147,1,0,1,Biker
78,1897.0,633.0,1971.0,715.0,8148,1,0,1,Biker
78,1894.0,633.0,1971.0,715.0,8149,1,0,1,Biker
78,1894.0,633.0,1971.0,715.0,8150,1,0,1,Biker
78,1894.0,633.0,1971.0,715.0,8151,1,0,1,Biker
78,1894.0,633.0,1971.0,717.0,8152,1,0,1,Biker
78,1894.0,633.0,1971.0,717.0,8153,1,0,1,Biker
78,1894.0,633.0,1971.0,717.0,8154,1,0,1,Biker
78,1894.0,633.0,1971.0,717.0,8155,1,0,1,Biker
78,1894.0,633.0,1971.0,717.0,8156,1,0,1,Biker
78,1894.0,630.0,1971.0,717.0,8157,1,0,1,Biker
78,1894.0,630.0,1974.0,719.0,8158,1,0,1,Biker
78,1894.0,630.0,1974.0,719.0,8159,1,0,1,Biker
78,1892.0,630.0,1974.0,719.0,8160,1,0,1,Biker
78,1892.0,630.0,1974.0,719.0,8161,1,0,1,Biker
78,1892.0,630.0,1974.0,719.0,8162,1,0,1,Biker
78,1892.0,630.0,1974.0,719.0,8163,1,0,1,Biker
78,1892.0,630.0,1974.0,721.0,8164,1,0,1,Biker
78,1892.0,630.0,1974.0,721.0,8165,1,0,1,Biker
78,1892.0,630.0,1974.0,721.0,8166,1,0,1,Biker
78,1892.0,630.0,1974.0,721.0,8167,1,0,1,Biker
78,1892.0,630.0,1974.0,721.0,8168,1,0,1,Biker
78,1892.0,630.0,1974.0,721.0,8169,1,0,1,Biker
78,1892.0,630.0,1977.0,724.0,8170,0,0,0,Biker
78,1892.0,628.0,1977.0,721.0,8171,0,0,1,Biker
78,1892.0,628.0,1977.0,721.0,8172,0,0,1,Biker
78,1892.0,628.0,1977.0,721.0,8173,0,0,1,Biker
78,1892.0,626.0,1977.0,719.0,8174,0,0,1,Biker
78,1892.0,626.0,1977.0,719.0,8175,0,0,1,Biker
78,1892.0,626.0,1977.0,719.0,8176,0,0,1,Biker
78,1892.0,623.0,1977.0,717.0,8177,0,0,1,Biker
78,1892.0,623.0,1977.0,717.0,8178,0,0,1,Biker
78,1892.0,623.0,1977.0,717.0,8179,0,0,1,Biker
78,1894.0,623.0,1977.0,717.0,8180,0,0,0,Biker
78,1892.0,621.0,1977.0,715.0,8181,0,0,1,Biker
78,1892.0,621.0,1977.0,715.0,8182,0,0,1,Biker
78,1892.0,621.0,1977.0,715.0,8183,0,0,1,Biker
78,1892.0,621.0,1977.0,715.0,8184,0,0,1,Biker
78,1892.0,621.0,1977.0,715.0,8185,0,0,1,Biker
78,1889.0,621.0,1977.0,715.0,8186,0,0,1,Biker
78,1889.0,621.0,1977.0,715.0,8187,0,0,1,Biker
78,1889.0,621.0,1977.0,715.0,8188,0,0,1,Biker
78,1889.0,621.0,1977.0,715.0,8189,0,0,1,Biker
78,1889.0,621.0,1977.0,715.0,8190,0,0,0,Biker
78,1886.0,621.0,1974.0,715.0,8191,0,0,1,Biker
78,1886.0,621.0,1974.0,715.0,8192,0,0,1,Biker
78,1886.0,621.0,1974.0,715.0,8193,0,0,1,Biker
78,1883.0,621.0,1974.0,715.0,8194,0,0,1,Biker
78,1883.0,621.0,1974.0,715.0,8195,0,0,1,Biker
78,1883.0,621.0,1971.0,715.0,8196,0,0,1,Biker
78,1881.0,621.0,1971.0,715.0,8197,0,0,1,Biker
78,1881.0,621.0,1971.0,715.0,8198,0,0,1,Biker
78,1881.0,621.0,1971.0,715.0,8199,0,0,1,Biker
78,1881.0,621.0,1971.0,715.0,8200,0,0,0,Biker
78,1875.0,621.0,1966.0,715.0,8201,0,0,1,Biker
78,1872.0,621.0,1963.0,715.0,8202,0,0,1,Biker
78,1870.0,621.0,1960.0,715.0,8203,0,0,1,Biker
78,1867.0,621.0,1958.0,715.0,8204,0,0,1,Biker
78,1864.0,621.0,1955.0,715.0,8205,0,0,1,Biker
78,1861.0,621.0,1952.0,717.0,8206,0,0,1,Biker
78,1859.0,623.0,1949.0,717.0,8207,0,0,1,Biker
78,1856.0,623.0,1947.0,717.0,8208,0,0,1,Biker
78,1853.0,623.0,1944.0,717.0,8209,0,0,1,Biker
78,1848.0,623.0,1938.0,717.0,8210,0,0,1,Biker
78,1845.0,623.0,1936.0,717.0,8211,0,0,1,Biker
78,1842.0,623.0,1933.0,719.0,8212,0,0,1,Biker
78,1839.0,623.0,1930.0,719.0,8213,0,0,1,Biker
78,1837.0,626.0,1927.0,719.0,8214,0,0,1,Biker
78,1834.0,626.0,1925.0,719.0,8215,0,0,1,Biker
78,1831.0,626.0,1922.0,719.0,8216,0,0,1,Biker
78,1828.0,626.0,1919.0,719.0,8217,0,0,1,Biker
78,1826.0,626.0,1916.0,721.0,8218,0,0,1,Biker
78,1823.0,626.0,1914.0,721.0,8219,0,0,1,Biker
78,1817.0,626.0,1908.0,721.0,8220,0,0,1,Biker
78,1815.0,628.0,1905.0,721.0,8221,0,0,1,Biker
78,1812.0,628.0,1903.0,721.0,8222,0,0,1,Biker
78,1809.0,628.0,1900.0,721.0,8223,0,0,1,Biker
78,1806.0,628.0,1897.0,724.0,8224,0,0,1,Biker
78,1804.0,628.0,1894.0,724.0,8225,0,0,1,Biker
78,1801.0,628.0,1892.0,724.0,8226,0,0,1,Biker
78,1798.0,628.0,1889.0,724.0,8227,0,0,1,Biker
78,1795.0,630.0,1886.0,724.0,8228,0,0,1,Biker
78,1790.0,630.0,1881.0,724.0,8229,0,0,1,Biker
78,1787.0,630.0,1878.0,726.0,8230,0,0,1,Biker
78,1784.0,630.0,1875.0,726.0,8231,0,0,1,Biker
78,1782.0,630.0,1872.0,726.0,8232,0,0,1,Biker
78,1779.0,630.0,1870.0,726.0,8233,0,0,1,Biker
78,1776.0,630.0,1867.0,726.0,8234,0,0,1,Biker
78,1773.0,633.0,1864.0,726.0,8235,0,0,1,Biker
78,1771.0,633.0,1861.0,728.0,8236,0,0,1,Biker
78,1768.0,633.0,1859.0,728.0,8237,0,0,1,Biker
78,1765.0,633.0,1856.0,728.0,8238,0,0,1,Biker
78,1760.0,633.0,1850.0,728.0,8239,0,0,1,Biker
78,1757.0,633.0,1848.0,728.0,8240,0,0,1,Biker
78,1754.0,633.0,1845.0,728.0,8241,0,0,1,Biker
78,1751.0,635.0,1842.0,730.0,8242,0,0,1,Biker
78,1749.0,635.0,1839.0,730.0,8243,0,0,1,Biker
78,1746.0,635.0,1837.0,730.0,8244,0,0,1,Biker
78,1743.0,635.0,1834.0,730.0,8245,0,0,1,Biker
78,1740.0,635.0,1831.0,730.0,8246,0,0,1,Biker
78,1738.0,635.0,1828.0,730.0,8247,0,0,1,Biker
78,1735.0,637.0,1826.0,733.0,8248,0,0,0,Biker
78,1729.0,637.0,1820.0,733.0,8249,0,0,1,Biker
78,1727.0,637.0,1817.0,733.0,8250,0,0,1,Biker
78,1724.0,637.0,1815.0,733.0,8251,0,0,1,Biker
78,1721.0,637.0,1812.0,733.0,8252,0,0,1,Biker
78,1718.0,637.0,1809.0,733.0,8253,0,0,1,Biker
78,1716.0,637.0,1806.0,733.0,8254,0,0,1,Biker
78,1713.0,637.0,1804.0,733.0,8255,0,0,1,Biker
78,1707.0,637.0,1798.0,733.0,8256,0,0,1,Biker
78,1705.0,637.0,1795.0,733.0,8257,0,0,1,Biker
78,1702.0,637.0,1793.0,733.0,8258,0,0,1,Biker
78,1699.0,637.0,1790.0,733.0,8259,0,0,1,Biker
78,1696.0,637.0,1787.0,733.0,8260,0,0,1,Biker
78,1694.0,637.0,1784.0,733.0,8261,0,0,1,Biker
78,1691.0,637.0,1782.0,733.0,8262,0,0,1,Biker
78,1685.0,637.0,1776.0,733.0,8263,0,0,1,Biker
78,1683.0,637.0,1773.0,733.0,8264,0,0,1,Biker
78,1680.0,637.0,1771.0,733.0,8265,0,0,1,Biker
78,1677.0,637.0,1768.0,733.0,8266,0,0,1,Biker
78,1674.0,637.0,1765.0,733.0,8267,0,0,1,Biker
78,1672.0,639.0,1762.0,735.0,8268,0,0,1,Biker
78,1669.0,639.0,1760.0,735.0,8269,0,0,1,Biker
78,1666.0,639.0,1757.0,735.0,8270,0,0,1,Biker
78,1661.0,639.0,1751.0,735.0,8271,0,0,1,Biker
78,1658.0,639.0,1749.0,735.0,8272,0,0,1,Biker
78,1655.0,639.0,1746.0,735.0,8273,0,0,1,Biker
78,1652.0,639.0,1743.0,735.0,8274,0,0,1,Biker
78,1650.0,639.0,1740.0,735.0,8275,0,0,1,Biker
78,1647.0,639.0,1738.0,735.0,8276,0,0,1,Biker
78,1644.0,639.0,1735.0,735.0,8277,0,0,1,Biker
78,1639.0,639.0,1729.0,735.0,8278,0,0,1,Biker
78,1636.0,639.0,1727.0,735.0,8279,0,0,1,Biker
78,1633.0,639.0,1724.0,735.0,8280,0,0,1,Biker
78,1630.0,639.0,1721.0,735.0,8281,0,0,1,Biker
78,1628.0,639.0,1718.0,735.0,8282,0,0,1,Biker
78,1625.0,639.0,1716.0,735.0,8283,0,0,1,Biker
78,1622.0,639.0,1713.0,735.0,8284,0,0,1,Biker
78,1617.0,639.0,1707.0,735.0,8285,0,0,1,Biker
78,1614.0,639.0,1705.0,735.0,8286,0,0,1,Biker
78,1611.0,639.0,1702.0,735.0,8287,0,0,1,Biker
78,1608.0,642.0,1699.0,737.0,8288,0,0,1,Biker
78,1606.0,642.0,1696.0,737.0,8289,0,0,1,Biker
78,1603.0,642.0,1694.0,737.0,8290,0,0,1,Biker
78,1600.0,642.0,1691.0,737.0,8291,0,0,1,Biker
78,1597.0,642.0,1688.0,737.0,8292,0,0,1,Biker
78,1592.0,642.0,1683.0,737.0,8293,0,0,1,Biker
78,1589.0,642.0,1680.0,737.0,8294,0,0,1,Biker
78,1586.0,642.0,1677.0,737.0,8295,0,0,1,Biker
78,1584.0,642.0,1674.0,737.0,8296,0,0,1,Biker
78,1581.0,642.0,1672.0,737.0,8297,0,0,1,Biker
78,1578.0,642.0,1669.0,737.0,8298,0,0,1,Biker
78,1575.0,642.0,1666.0,737.0,8299,0,0,1,Biker
78,1570.0,642.0,1661.0,737.0,8300,0,0,1,Biker
78,1567.0,642.0,1658.0,737.0,8301,0,0,1,Biker
78,1564.0,642.0,1655.0,737.0,8302,0,0,1,Biker
78,1562.0,642.0,1652.0,737.0,8303,0,0,1,Biker
78,1559.0,642.0,1650.0,737.0,8304,0,0,1,Biker
78,1556.0,642.0,1647.0,737.0,8305,0,0,1,Biker
78,1553.0,642.0,1644.0,737.0,8306,0,0,1,Biker
78,1551.0,644.0,1641.0,740.0,8307,0,0,0,Biker
78,1545.0,644.0,1636.0,740.0,8308,0,0,1,Biker
78,1542.0,644.0,1633.0,740.0,8309,0,0,1,Biker
78,1540.0,644.0,1630.0,740.0,8310,0,0,1,Biker
78,1534.0,646.0,1625.0,742.0,8311,0,0,1,Biker
78,1531.0,646.0,1622.0,742.0,8312,0,0,1,Biker
78,1529.0,646.0,1619.0,742.0,8313,0,0,1,Biker
78,1523.0,646.0,1614.0,742.0,8314,0,0,1,Biker
78,1520.0,648.0,1611.0,744.0,8315,0,0,1,Biker
78,1518.0,648.0,1608.0,744.0,8316,0,0,1,Biker
78,1512.0,648.0,1603.0,744.0,8317,0,0,1,Biker
78,1509.0,648.0,1600.0,744.0,8318,0,0,1,Biker
78,1507.0,651.0,1597.0,746.0,8319,0,0,1,Biker
78,1501.0,651.0,1592.0,746.0,8320,0,0,1,Biker
78,1498.0,651.0,1589.0,746.0,8321,0,0,1,Biker
78,1496.0,653.0,1586.0,749.0,8322,0,0,1,Biker
78,1490.0,653.0,1581.0,749.0,8323,0,0,1,Biker
78,1487.0,653.0,1578.0,749.0,8324,0,0,1,Biker
78,1485.0,653.0,1575.0,749.0,8325,0,0,1,Biker
78,1479.0,655.0,1570.0,751.0,8326,0,0,1,Biker
78,1476.0,655.0,1567.0,751.0,8327,0,0,1,Biker
78,1474.0,655.0,1564.0,751.0,8328,0,0,1,Biker
78,1471.0,655.0,1562.0,751.0,8329,0,0,1,Biker
78,1465.0,658.0,1556.0,753.0,8330,0,0,1,Biker
78,1463.0,658.0,1553.0,753.0,8331,0,0,1,Biker
78,1460.0,658.0,1551.0,753.0,8332,0,0,1,Biker
78,1454.0,658.0,1545.0,753.0,8333,0,0,1,Biker
78,1452.0,660.0,1542.0,755.0,8334,0,0,1,Biker
78,1449.0,660.0,1540.0,755.0,8335,0,0,1,Biker
78,1443.0,660.0,1534.0,755.0,8336,0,0,1,Biker
78,1441.0,662.0,1531.0,758.0,8337,0,0,1,Biker
78,1438.0,662.0,1529.0,758.0,8338,0,0,1,Biker
78,1432.0,662.0,1523.0,758.0,8339,0,0,1,Biker
78,1430.0,662.0,1520.0,758.0,8340,0,0,1,Biker
78,1427.0,664.0,1518.0,760.0,8341,0,0,1,Biker
78,1421.0,664.0,1512.0,760.0,8342,0,0,1,Biker
78,1419.0,664.0,1509.0,760.0,8343,0,0,1,Biker
78,1416.0,664.0,1507.0,760.0,8344,0,0,1,Biker
78,1410.0,667.0,1501.0,762.0,8345,0,0,1,Biker
78,1408.0,667.0,1498.0,762.0,8346,0,0,1,Biker
78,1405.0,667.0,1496.0,762.0,8347,0,0,1,Biker
78,1402.0,667.0,1493.0,762.0,8348,0,0,1,Biker
78,1397.0,669.0,1487.0,765.0,8349,0,0,1,Biker
78,1394.0,669.0,1485.0,765.0,8350,0,0,1,Biker
78,1391.0,669.0,1482.0,765.0,8351,0,0,1,Biker
78,1386.0,671.0,1476.0,767.0,8352,0,0,1,Biker
78,1383.0,671.0,1474.0,767.0,8353,0,0,1,Biker
78,1380.0,671.0,1471.0,767.0,8354,0,0,1,Biker
78,1375.0,671.0,1465.0,767.0,8355,0,0,1,Biker
78,1372.0,674.0,1463.0,769.0,8356,0,0,1,Biker
78,1369.0,674.0,1460.0,769.0,8357,0,0,1,Biker
78,1364.0,674.0,1454.0,769.0,8358,0,0,1,Biker
78,1361.0,674.0,1452.0,769.0,8359,0,0,1,Biker
78,1358.0,676.0,1449.0,771.0,8360,0,0,1,Biker
78,1353.0,676.0,1443.0,771.0,8361,0,0,1,Biker
78,1350.0,676.0,1441.0,771.0,8362,0,0,1,Biker
78,1347.0,676.0,1438.0,771.0,8363,0,0,1,Biker
78,1342.0,678.0,1432.0,774.0,8364,0,0,1,Biker
78,1339.0,678.0,1430.0,774.0,8365,0,0,1,Biker
78,1336.0,678.0,1427.0,774.0,8366,0,0,1,Biker
78,1333.0,680.0,1424.0,776.0,8367,0,0,0,Biker
78,1328.0,680.0,1419.0,776.0,8368,0,0,1,Biker
78,1325.0,680.0,1416.0,776.0,8369,0,0,1,Biker
78,1320.0,683.0,1410.0,778.0,8370,0,0,1,Biker
78,1317.0,683.0,1408.0,778.0,8371,0,0,1,Biker
78,1311.0,685.0,1402.0,781.0,8372,0,0,1,Biker
78,1309.0,685.0,1399.0,781.0,8373,0,0,1,Biker
78,1303.0,685.0,1394.0,781.0,8374,0,0,1,Biker
78,1300.0,687.0,1391.0,783.0,8375,0,0,1,Biker
78,1298.0,687.0,1388.0,783.0,8376,0,0,1,Biker
78,1292.0,689.0,1383.0,785.0,8377,0,0,1,Biker
78,1289.0,689.0,1380.0,785.0,8378,0,0,1,Biker
78,1284.0,692.0,1375.0,787.0,8379,0,0,1,Biker
78,1281.0,692.0,1372.0,787.0,8380,0,0,1,Biker
78,1276.0,692.0,1366.0,787.0,8381,0,0,1,Biker
78,1273.0,694.0,1364.0,790.0,8382,0,0,1,Biker
78,1267.0,694.0,1358.0,790.0,8383,0,0,1,Biker
78,1265.0,696.0,1355.0,792.0,8384,0,0,1,Biker
78,1262.0,696.0,1353.0,792.0,8385,0,0,1,Biker
78,1256.0,699.0,1347.0,794.0,8386,0,0,1,Biker
78,1254.0,699.0,1344.0,794.0,8387,0,0,1,Biker
78,1248.0,699.0,1339.0,794.0,8388,0,0,1,Biker
78,1245.0,701.0,1336.0,796.0,8389,0,0,1,Biker
78,1240.0,701.0,1331.0,796.0,8390,0,0,1,Biker
78,1237.0,703.0,1328.0,799.0,8391,0,0,1,Biker
78,1232.0,703.0,1322.0,799.0,8392,0,0,1,Biker
78,1229.0,705.0,1320.0,801.0,8393,0,0,1,Biker
78,1226.0,705.0,1317.0,801.0,8394,0,0,1,Biker
78,1221.0,705.0,1311.0,801.0,8395,0,0,1,Biker
78,1218.0,708.0,1309.0,803.0,8396,0,0,1,Biker
78,1212.0,708.0,1303.0,803.0,8397,0,0,1,Biker
78,1210.0,710.0,1300.0,806.0,8398,0,0,1,Biker
78,1204.0,710.0,1295.0,806.0,8399,0,0,1,Biker
78,1201.0,712.0,1292.0,808.0,8400,0,0,1,Biker
78,1196.0,712.0,1287.0,808.0,8401,0,0,1,Biker
78,1193.0,712.0,1284.0,808.0,8402,0,0,1,Biker
78,1190.0,715.0,1281.0,810.0,8403,0,0,1,Biker
78,1185.0,715.0,1276.0,810.0,8404,0,0,1,Biker
78,1182.0,717.0,1273.0,812.0,8405,0,0,1,Biker
78,1177.0,717.0,1267.0,812.0,8406,0,0,1,Biker
78,1174.0,719.0,1265.0,815.0,8407,0,0,1,Biker
78,1168.0,719.0,1259.0,815.0,8408,0,0,1,Biker
78,1166.0,719.0,1256.0,815.0,8409,0,0,1,Biker
78,1160.0,721.0,1251.0,817.0,8410,0,0,1,Biker
78,1157.0,721.0,1248.0,817.0,8411,0,0,1,Biker
78,1155.0,724.0,1245.0,819.0,8412,0,0,1,Biker
78,1149.0,724.0,1240.0,819.0,8413,0,0,1,Biker
78,1146.0,726.0,1237.0,822.0,8414,0,0,1,Biker
78,1141.0,726.0,1232.0,822.0,8415,0,0,1,Biker
78,1138.0,726.0,1229.0,822.0,8416,0,0,1,Biker
78,1133.0,728.0,1223.0,824.0,8417,0,0,1,Biker
78,1130.0,728.0,1221.0,824.0,8418,0,0,1,Biker
78,1124.0,730.0,1215.0,826.0,8419,0,0,1,Biker
78,1122.0,730.0,1212.0,826.0,8420,0,0,1,Biker
78,1119.0,733.0,1210.0,828.0,8421,0,0,0,Biker
78,1113.0,733.0,1204.0,828.0,8422,0,0,1,Biker
78,1111.0,733.0,1201.0,828.0,8423,0,0,1,Biker
78,1108.0,735.0,1199.0,831.0,8424,0,0,1,Biker
78,1102.0,735.0,1193.0,831.0,8425,0,0,1,Biker
78,1100.0,735.0,1190.0,831.0,8426,0,0,1,Biker
78,1097.0,737.0,1188.0,833.0,8427,0,0,1,Biker
78,1094.0,737.0,1185.0,833.0,8428,0,0,1,Biker
78,1089.0,740.0,1179.0,835.0,8429,0,0,1,Biker
78,1086.0,740.0,1177.0,835.0,8430,0,0,1,Biker
78,1083.0,740.0,1174.0,835.0,8431,0,0,1,Biker
78,1078.0,742.0,1171.0,837.0,8432,0,0,1,Biker
78,1075.0,742.0,1166.0,837.0,8433,0,0,1,Biker
78,1072.0,744.0,1163.0,840.0,8434,0,0,1,Biker
78,1069.0,744.0,1160.0,840.0,8435,0,0,1,Biker
78,1064.0,744.0,1157.0,840.0,8436,0,0,1,Biker
78,1061.0,746.0,1152.0,842.0,8437,0,0,1,Biker
78,1058.0,746.0,1149.0,842.0,8438,0,0,1,Biker
78,1056.0,749.0,1146.0,844.0,8439,0,0,1,Biker
78,1050.0,749.0,1144.0,844.0,8440,0,0,1,Biker
78,1047.0,749.0,1138.0,844.0,8441,0,0,1,Biker
78,1045.0,751.0,1135.0,847.0,8442,0,0,1,Biker
78,1039.0,751.0,1133.0,847.0,8443,0,0,1,Biker
78,1036.0,751.0,1130.0,847.0,8444,0,0,1,Biker
78,1034.0,753.0,1124.0,849.0,8445,0,0,1,Biker
78,1031.0,753.0,1122.0,849.0,8446,0,0,1,Biker
78,1025.0,755.0,1119.0,851.0,8447,0,0,1,Biker
78,1023.0,755.0,1116.0,851.0,8448,0,0,1,Biker
78,1020.0,755.0,1111.0,851.0,8449,0,0,1,Biker
78,1014.0,758.0,1108.0,853.0,8450,0,0,1,Biker
78,1012.0,758.0,1105.0,853.0,8451,0,0,1,Biker
78,1009.0,760.0,1100.0,856.0,8452,0,0,1,Biker
78,1006.0,760.0,1097.0,856.0,8453,0,0,1,Biker
78,1001.0,760.0,1094.0,856.0,8454,0,0,1,Biker
78,998.0,762.0,1091.0,858.0,8455,0,0,1,Biker
78,995.0,762.0,1086.0,858.0,8456,0,0,1,Biker
78,992.0,765.0,1083.0,860.0,8457,0,0,1,Biker
78,987.0,765.0,1080.0,860.0,8458,0,0,1,Biker
78,984.0,765.0,1078.0,860.0,8459,0,0,1,Biker
78,981.0,767.0,1072.0,863.0,8460,0,0,1,Biker
78,976.0,767.0,1069.0,863.0,8461,0,0,1,Biker
78,973.0,767.0,1067.0,863.0,8462,0,0,1,Biker
78,970.0,769.0,1064.0,865.0,8463,0,0,1,Biker
78,968.0,769.0,1058.0,865.0,8464,0,0,1,Biker
78,962.0,771.0,1056.0,867.0,8465,0,0,1,Biker
78,959.0,771.0,1053.0,867.0,8466,0,0,1,Biker
78,957.0,771.0,1050.0,867.0,8467,0,0,1,Biker
78,951.0,774.0,1045.0,869.0,8468,0,0,1,Biker
78,948.0,774.0,1042.0,869.0,8469,0,0,1,Biker
78,946.0,776.0,1039.0,872.0,8470,0,0,1,Biker
78,943.0,776.0,1036.0,872.0,8471,0,0,1,Biker
78,937.0,776.0,1031.0,872.0,8472,0,0,1,Biker
78,935.0,778.0,1028.0,874.0,8473,0,0,1,Biker
78,932.0,778.0,1025.0,874.0,8474,0,0,1,Biker
78,929.0,781.0,1023.0,876.0,8475,0,0,0,Biker
78,924.0,781.0,1017.0,876.0,8476,0,0,1,Biker
78,921.0,781.0,1014.0,876.0,8477,0,0,1,Biker
78,915.0,781.0,1009.0,876.0,8478,0,0,1,Biker
78,913.0,783.0,1006.0,878.0,8479,0,0,1,Biker
78,907.0,783.0,1001.0,878.0,8480,0,0,1,Biker
78,904.0,783.0,998.0,878.0,8481,0,0,1,Biker
78,899.0,785.0,992.0,881.0,8482,0,0,1,Biker
78,896.0,785.0,990.0,881.0,8483,0,0,1,Biker
78,893.0,785.0,987.0,881.0,8484,0,0,1,Biker
78,888.0,787.0,981.0,883.0,8485,0,0,1,Biker
78,885.0,787.0,979.0,883.0,8486,0,0,1,Biker
78,880.0,787.0,973.0,883.0,8487,0,0,1,Biker
78,877.0,790.0,970.0,885.0,8488,0,0,1,Biker
78,871.0,790.0,965.0,885.0,8489,0,0,1,Biker
78,869.0,790.0,962.0,885.0,8490,0,0,1,Biker
78,863.0,792.0,957.0,888.0,8491,0,0,1,Biker
78,860.0,792.0,954.0,888.0,8492,0,0,1,Biker
78,858.0,792.0,951.0,888.0,8493,0,0,1,Biker
78,852.0,794.0,946.0,890.0,8494,0,0,1,Biker
78,849.0,794.0,943.0,890.0,8495,0,0,1,Biker
78,844.0,794.0,937.0,890.0,8496,0,0,1,Biker
78,841.0,796.0,935.0,892.0,8497,0,0,1,Biker
78,836.0,796.0,929.0,892.0,8498,0,0,1,Biker
78,833.0,796.0,926.0,892.0,8499,0,0,1,Biker
78,830.0,799.0,924.0,894.0,8500,0,0,0,Biker
78,825.0,799.0,918.0,892.0,8501,0,0,1,Biker
78,822.0,799.0,915.0,892.0,8502,0,0,1,Biker
78,819.0,801.0,910.0,892.0,8503,0,0,1,Biker
78,816.0,801.0,907.0,892.0,8504,0,0,1,Biker
78,811.0,803.0,902.0,892.0,8505,0,0,1,Biker
78,808.0,803.0,899.0,892.0,8506,0,0,1,Biker
78,805.0,803.0,893.0,892.0,8507,0,0,1,Biker
78,803.0,806.0,891.0,890.0,8508,0,0,1,Biker
78,797.0,806.0,885.0,890.0,8509,0,0,1,Biker
78,794.0,808.0,882.0,890.0,8510,0,0,1,Biker
78,792.0,808.0,877.0,890.0,8511,0,0,1,Biker
78,789.0,808.0,874.0,890.0,8512,0,0,1,Biker
78,783.0,810.0,869.0,890.0,8513,0,0,1,Biker
78,781.0,810.0,866.0,890.0,8514,0,0,1,Biker
78,778.0,812.0,863.0,890.0,8515,0,0,1,Biker
78,775.0,812.0,858.0,888.0,8516,0,0,1,Biker
78,772.0,812.0,855.0,888.0,8517,0,0,1,Biker
78,767.0,815.0,849.0,888.0,8518,0,0,1,Biker
78,764.0,815.0,847.0,888.0,8519,0,0,1,Biker
78,761.0,817.0,841.0,888.0,8520,0,0,1,Biker
78,759.0,817.0,838.0,888.0,8521,0,0,1,Biker
78,753.0,817.0,833.0,888.0,8522,0,0,1,Biker
78,750.0,819.0,830.0,885.0,8523,0,0,1,Biker
78,748.0,819.0,825.0,885.0,8524,0,0,1,Biker
78,745.0,822.0,822.0,885.0,8525,0,0,1,Biker
78,739.0,822.0,816.0,885.0,8526,0,0,1,Biker
78,737.0,822.0,814.0,885.0,8527,0,0,1,Biker
78,734.0,824.0,808.0,885.0,8528,0,0,1,Biker
78,731.0,824.0,805.0,885.0,8529,0,0,1,Biker
78,728.0,826.0,803.0,885.0,8530,0,0,0,Biker
78,723.0,826.0,797.0,885.0,8531,0,0,1,Biker
78,717.0,826.0,792.0,885.0,8532,0,0,1,Biker
78,715.0,826.0,789.0,885.0,8533,0,0,1,Biker
78,709.0,826.0,783.0,885.0,8534,0,0,1,Biker
78,704.0,828.0,778.0,888.0,8535,0,0,1,Biker
78,701.0,828.0,775.0,888.0,8536,0,0,1,Biker
78,695.0,828.0,770.0,888.0,8537,0,0,1,Biker
78,690.0,828.0,764.0,888.0,8538,0,0,1,Biker
78,687.0,831.0,761.0,890.0,8539,0,0,1,Biker
78,682.0,831.0,756.0,890.0,8540,0,0,1,Biker
78,676.0,831.0,750.0,890.0,8541,0,0,1,Biker
78,673.0,831.0,748.0,890.0,8542,0,0,1,Biker
78,668.0,833.0,742.0,892.0,8543,0,0,1,Biker
78,662.0,833.0,737.0,892.0,8544,0,0,1,Biker
78,660.0,833.0,734.0,892.0,8545,0,0,1,Biker
78,654.0,833.0,728.0,892.0,8546,0,0,1,Biker
78,649.0,833.0,723.0,892.0,8547,0,0,1,Biker
78,646.0,835.0,720.0,894.0,8548,0,0,1,Biker
78,640.0,835.0,715.0,894.0,8549,0,0,1,Biker
78,635.0,835.0,709.0,894.0,8550,0,0,1,Biker
78,632.0,835.0,706.0,894.0,8551,0,0,1,Biker
78,627.0,837.0,701.0,897.0,8552,0,0,1,Biker
78,621.0,837.0,695.0,897.0,8553,0,0,1,Biker
78,618.0,837.0,693.0,897.0,8554,0,0,1,Biker
78,613.0,837.0,687.0,897.0,8555,0,0,1,Biker
78,607.0,840.0,682.0,899.0,8556,0,0,1,Biker
78,605.0,840.0,679.0,899.0,8557,0,0,1,Biker
78,599.0,840.0,673.0,899.0,8558,0,0,1,Biker
78,594.0,840.0,668.0,899.0,8559,0,0,1,Biker
78,591.0,842.0,665.0,901.0,8560,0,0,0,Biker
78,585.0,842.0,660.0,901.0,8561,0,0,1,Biker
78,580.0,842.0,654.0,901.0,8562,0,0,1,Biker
78,574.0,842.0,649.0,901.0,8563,0,0,1,Biker
78,572.0,842.0,646.0,901.0,8564,0,0,1,Biker
78,566.0,842.0,640.0,901.0,8565,0,0,1,Biker
78,561.0,842.0,635.0,901.0,8566,0,0,1,Biker
78,558.0,842.0,632.0,901.0,8567,0,0,1,Biker
78,552.0,842.0,627.0,901.0,8568,0,0,1,Biker
78,547.0,842.0,621.0,901.0,8569,0,0,1,Biker
78,544.0,842.0,618.0,901.0,8570,0,0,1,Biker
78,539.0,842.0,613.0,901.0,8571,0,0,1,Biker
78,533.0,842.0,607.0,901.0,8572,0,0,1,Biker
78,528.0,842.0,602.0,901.0,8573,0,0,1,Biker
78,525.0,842.0,599.0,901.0,8574,0,0,1,Biker
78,519.0,842.0,594.0,901.0,8575,0,0,1,Biker
78,514.0,842.0,588.0,901.0,8576,0,0,1,Biker
78,511.0,842.0,585.0,901.0,8577,0,0,1,Biker
78,506.0,842.0,580.0,901.0,8578,0,0,1,Biker
78,500.0,842.0,574.0,901.0,8579,0,0,1,Biker
78,497.0,842.0,572.0,901.0,8580,0,0,1,Biker
78,492.0,842.0,566.0,901.0,8581,0,0,1,Biker
78,486.0,842.0,561.0,901.0,8582,0,0,1,Biker
78,481.0,842.0,555.0,901.0,8583,0,0,1,Biker
78,478.0,842.0,552.0,901.0,8584,0,0,1,Biker
78,473.0,842.0,547.0,901.0,8585,0,0,1,Biker
78,467.0,842.0,541.0,901.0,8586,0,0,1,Biker
78,464.0,842.0,539.0,901.0,8587,0,0,1,Biker
78,459.0,842.0,533.0,901.0,8588,0,0,1,Biker
78,453.0,842.0,528.0,901.0,8589,0,0,1,Biker
78,451.0,844.0,525.0,904.0,8590,0,0,0,Biker
78,445.0,842.0,519.0,901.0,8591,0,0,1,Biker
78,442.0,842.0,517.0,901.0,8592,0,0,1,Biker
78,437.0,842.0,511.0,901.0,8593,0,0,1,Biker
78,434.0,842.0,508.0,901.0,8594,0,0,1,Biker
78,431.0,842.0,506.0,901.0,8595,0,0,1,Biker
78,426.0,842.0,500.0,901.0,8596,0,0,1,Biker
78,423.0,842.0,497.0,901.0,8597,0,0,1,Biker
78,418.0,842.0,492.0,901.0,8598,0,0,1,Biker
78,415.0,842.0,489.0,901.0,8599,0,0,1,Biker
78,412.0,842.0,486.0,901.0,8600,0,0,1,Biker
78,407.0,840.0,481.0,899.0,8601,0,0,1,Biker
78,404.0,840.0,478.0,899.0,8602,0,0,1,Biker
78,398.0,840.0,473.0,899.0,8603,0,0,1,Biker
78,396.0,840.0,470.0,899.0,8604,0,0,1,Biker
78,393.0,840.0,467.0,899.0,8605,0,0,1,Biker
78,387.0,840.0,462.0,899.0,8606,0,0,1,Biker
78,385.0,840.0,459.0,899.0,8607,0,0,1,Biker
78,379.0,840.0,453.0,899.0,8608,0,0,1,Biker
78,376.0,840.0,451.0,899.0,8609,0,0,1,Biker
78,374.0,840.0,448.0,899.0,8610,0,0,0,Biker
78,368.0,837.0,442.0,897.0,8611,0,0,1,Biker
78,365.0,837.0,440.0,897.0,8612,0,0,1,Biker
78,360.0,837.0,434.0,897.0,8613,0,0,1,Biker
78,357.0,837.0,431.0,897.0,8614,0,0,1,Biker
78,352.0,835.0,426.0,894.0,8615,0,0,1,Biker
78,349.0,835.0,423.0,894.0,8616,0,0,1,Biker
78,343.0,835.0,418.0,894.0,8617,0,0,1,Biker
78,341.0,835.0,415.0,894.0,8618,0,0,1,Biker
78,335.0,833.0,409.0,892.0,8619,0,0,1,Biker
78,332.0,833.0,407.0,892.0,8620,0,0,1,Biker
78,327.0,833.0,401.0,892.0,8621,0,0,1,Biker
78,324.0,833.0,398.0,892.0,8622,0,0,1,Biker
78,319.0,831.0,393.0,890.0,8623,0,0,1,Biker
78,316.0,831.0,390.0,890.0,8624,0,0,1,Biker
78,310.0,831.0,385.0,890.0,8625,0,0,1,Biker
78,308.0,831.0,382.0,890.0,8626,0,0,1,Biker
78,302.0,828.0,376.0,888.0,8627,0,0,1,Biker
78,299.0,828.0,374.0,888.0,8628,0,0,1,Biker
78,294.0,828.0,368.0,888.0,8629,0,0,1,Biker
78,291.0,828.0,365.0,888.0,8630,0,0,0,Biker
78,286.0,828.0,360.0,888.0,8631,0,0,1,Biker
78,280.0,828.0,354.0,888.0,8632,0,0,1,Biker
78,275.0,828.0,349.0,888.0,8633,0,0,1,Biker
78,272.0,828.0,346.0,888.0,8634,0,0,1,Biker
78,266.0,831.0,341.0,890.0,8635,0,0,1,Biker
78,261.0,831.0,335.0,890.0,8636,0,0,1,Biker
78,258.0,831.0,332.0,890.0,8637,0,0,1,Biker
78,253.0,831.0,327.0,890.0,8638,0,0,1,Biker
78,247.0,831.0,321.0,890.0,8639,0,0,1,Biker
78,244.0,833.0,319.0,892.0,8640,0,0,1,Biker
78,239.0,833.0,313.0,892.0,8641,0,0,1,Biker
78,233.0,833.0,308.0,892.0,8642,0,0,1,Biker
78,228.0,833.0,302.0,892.0,8643,0,0,1,Biker
78,225.0,833.0,299.0,892.0,8644,0,0,1,Biker
78,220.0,835.0,294.0,894.0,8645,0,0,1,Biker
78,214.0,835.0,288.0,894.0,8646,0,0,1,Biker
78,211.0,835.0,286.0,894.0,8647,0,0,1,Biker
78,206.0,835.0,280.0,894.0,8648,0,0,1,Biker
78,200.0,835.0,275.0,894.0,8649,0,0,1,Biker
78,198.0,837.0,272.0,897.0,8650,0,0,0,Biker
78,192.0,837.0,266.0,897.0,8651,0,0,1,Biker
78,189.0,837.0,264.0,897.0,8652,0,0,1,Biker
78,187.0,837.0,261.0,897.0,8653,0,0,1,Biker
78,184.0,837.0,258.0,897.0,8654,0,0,1,Biker
78,181.0,837.0,255.0,897.0,8655,0,0,1,Biker
78,178.0,837.0,253.0,897.0,8656,0,0,1,Biker
78,173.0,837.0,247.0,897.0,8657,0,0,1,Biker
78,170.0,837.0,244.0,897.0,8658,0,0,1,Biker
78,167.0,837.0,242.0,897.0,8659,0,0,1,Biker
78,165.0,837.0,239.0,897.0,8660,0,0,1,Biker
78,162.0,837.0,236.0,897.0,8661,0,0,1,Biker
78,159.0,837.0,233.0,897.0,8662,0,0,1,Biker
78,156.0,837.0,231.0,897.0,8663,0,0,1,Biker
78,151.0,837.0,225.0,897.0,8664,0,0,1,Biker
78,148.0,837.0,222.0,897.0,8665,0,0,1,Biker
78,145.0,837.0,220.0,897.0,8666,0,0,1,Biker
78,143.0,837.0,217.0,897.0,8667,0,0,1,Biker
78,140.0,837.0,214.0,897.0,8668,0,0,1,Biker
78,137.0,837.0,211.0,897.0,8669,0,0,1,Biker
78,134.0,837.0,209.0,897.0,8670,0,0,0,Biker
78,129.0,837.0,203.0,897.0,8671,0,0,1,Biker
78,126.0,837.0,200.0,897.0,8672,0,0,1,Biker
78,123.0,837.0,198.0,897.0,8673,0,0,1,Biker
78,121.0,837.0,195.0,897.0,8674,0,0,1,Biker
78,115.0,840.0,189.0,899.0,8675,0,0,1,Biker
78,112.0,840.0,187.0,899.0,8676,0,0,1,Biker
78,110.0,840.0,184.0,899.0,8677,0,0,1,Biker
78,107.0,840.0,181.0,899.0,8678,0,0,1,Biker
78,101.0,840.0,176.0,899.0,8679,0,0,1,Biker
78,99.0,842.0,173.0,901.0,8680,0,0,1,Biker
78,96.0,842.0,170.0,901.0,8681,0,0,1,Biker
78,93.0,842.0,167.0,901.0,8682,0,0,1,Biker
78,88.0,842.0,162.0,901.0,8683,0,0,1,Biker
78,85.0,842.0,159.0,901.0,8684,0,0,1,Biker
78,82.0,844.0,156.0,904.0,8685,0,0,1,Biker
78,79.0,844.0,154.0,904.0,8686,0,0,1,Biker
78,74.0,844.0,148.0,904.0,8687,0,0,1,Biker
78,71.0,844.0,145.0,904.0,8688,0,0,1,Biker
78,68.0,844.0,143.0,904.0,8689,0,0,1,Biker
78,66.0,847.0,140.0,906.0,8690,0,0,0,Biker
78,63.0,844.0,137.0,904.0,8691,0,0,1,Biker
78,60.0,844.0,134.0,904.0,8692,0,0,1,Biker
78,57.0,844.0,132.0,904.0,8693,0,0,1,Biker
78,55.0,842.0,129.0,901.0,8694,0,0,1,Biker
78,52.0,842.0,126.0,901.0,8695,0,0,1,Biker
78,49.0,842.0,123.0,901.0,8696,0,0,1,Biker
78,46.0,840.0,121.0,899.0,8697,0,0,1,Biker
78,44.0,840.0,118.0,899.0,8698,0,0,1,Biker
78,41.0,840.0,115.0,899.0,8699,0,0,1,Biker
78,38.0,840.0,112.0,899.0,8700,0,0,1,Biker
78,35.0,837.0,110.0,897.0,8701,0,0,1,Biker
78,33.0,837.0,107.0,897.0,8702,0,0,1,Biker
78,30.0,837.0,104.0,897.0,8703,0,0,1,Biker
78,27.0,835.0,101.0,894.0,8704,0,0,1,Biker
78,24.0,835.0,99.0,894.0,8705,0,0,1,Biker
78,22.0,835.0,96.0,894.0,8706,0,0,1,Biker
78,19.0,833.0,93.0,892.0,8707,0,0,1,Biker
78,16.0,833.0,90.0,892.0,8708,0,0,1,Biker
78,13.0,833.0,88.0,892.0,8709,0,0,1,Biker
78,11.0,833.0,85.0,892.0,8710,0,0,0,Biker
78,8.0,833.0,79.0,892.0,8711,0,0,1,Biker
78,8.0,833.0,77.0,892.0,8712,0,0,1,Biker
78,5.0,833.0,74.0,892.0,8713,0,0,1,Biker
78,5.0,833.0,71.0,892.0,8714,0,0,1,Biker
78,5.0,833.0,68.0,892.0,8715,0,0,1,Biker
78,2.0,833.0,66.0,892.0,8716,0,0,1,Biker
78,2.0,833.0,63.0,892.0,8717,0,0,1,Biker
78,0.0,833.0,60.0,892.0,8718,0,0,1,Biker
78,0.0,833.0,57.0,892.0,8719,0,0,1,Biker
78,0.0,833.0,55.0,892.0,8720,0,0,0,Biker
78,0.0,835.0,49.0,894.0,8721,0,0,1,Biker
78,0.0,837.0,46.0,897.0,8722,0,0,1,Biker
78,0.0,840.0,44.0,899.0,8723,0,0,1,Biker
78,0.0,842.0,41.0,901.0,8724,0,0,1,Biker
78,0.0,844.0,38.0,904.0,8725,0,0,1,Biker
78,0.0,847.0,33.0,906.0,8726,0,0,1,Biker
78,0.0,849.0,30.0,908.0,8727,0,0,1,Biker
78,0.0,851.0,27.0,910.0,8728,0,0,1,Biker
78,0.0,853.0,24.0,913.0,8729,0,0,1,Biker
78,0.0,856.0,22.0,915.0,8730,1,0,0,Biker
78,0.0,856.0,22.0,915.0,8731,1,0,1,Biker
78,0.0,856.0,22.0,915.0,8732,1,0,1,Biker
78,0.0,856.0,22.0,915.0,8733,1,0,1,Biker
78,0.0,856.0,22.0,915.0,8734,1,0,1,Biker
78,0.0,856.0,22.0,915.0,8735,1,0,1,Biker
78,0.0,856.0,22.0,915.0,8736,1,0,0,Biker
78,0.0,856.0,22.0,915.0,8737,1,0,1,Biker
78,0.0,856.0,22.0,915.0,8738,1,0,1,Biker
78,0.0,856.0,22.0,915.0,8739,1,0,1,Biker
78,0.0,856.0,22.0,915.0,8740,1,0,1,Biker
78,0.0,856.0,22.0,915.0,8741,1,0,1,Biker
78,0.0,856.0,22.0,915.0,8742,1,0,1,Biker
78,0.0,856.0,22.0,915.0,8743,1,0,1,Biker
78,0.0,856.0,22.0,915.0,8744,1,0,1,Biker
78,0.0,856.0,22.0,915.0,8745,1,0,1,Biker
78,0.0,856.0,22.0,915.0,8746,1,0,1,Biker
78,0.0,856.0,22.0,915.0,8747,1,0,1,Biker
78,0.0,856.0,22.0,915.0,8748,1,0,1,Biker
78,0.0,856.0,22.0,915.0,8749,1,0,1,Biker
78,0.0,856.0,22.0,915.0,8750,1,0,1,Biker
78,0.0,856.0,22.0,915.0,8751,1,0,1,Biker
78,0.0,856.0,22.0,915.0,8752,1,0,1,Biker
78,0.0,856.0,22.0,915.0,8753,1,0,1,Biker
78,0.0,856.0,22.0,915.0,8754,1,0,1,Biker
78,0.0,856.0,22.0,915.0,8755,1,0,1,Biker
78,0.0,856.0,22.0,915.0,8756,1,0,1,Biker
78,0.0,856.0,22.0,915.0,8757,1,0,1,Biker
78,0.0,856.0,22.0,915.0,8758,1,0,1,Biker
78,0.0,856.0,22.0,915.0,8759,1,0,1,Biker
78,0.0,856.0,22.0,915.0,8760,1,0,1,Biker
78,0.0,856.0,22.0,915.0,8761,1,0,1,Biker
78,0.0,856.0,22.0,915.0,8762,1,0,1,Biker
78,0.0,856.0,22.0,915.0,8763,1,0,1,Biker
78,0.0,856.0,22.0,915.0,8764,1,0,1,Biker
78,0.0,856.0,22.0,915.0,8765,1,0,1,Biker
78,0.0,856.0,22.0,915.0,8766,1,0,1,Biker
78,0.0,856.0,22.0,915.0,8767,1,0,1,Biker
78,0.0,856.0,22.0,915.0,8768,1,0,1,Biker
78,0.0,856.0,22.0,915.0,8769,1,0,1,Biker
78,0.0,856.0,22.0,915.0,8770,1,0,1,Biker
78,0.0,856.0,22.0,915.0,8771,1,0,1,Biker
78,0.0,856.0,22.0,915.0,8772,1,0,1,Biker
78,0.0,856.0,22.0,915.0,8773,1,0,1,Biker
78,0.0,856.0,22.0,915.0,8774,1,0,1,Biker
78,0.0,856.0,22.0,915.0,8775,1,0,1,Biker
78,0.0,856.0,22.0,915.0,8776,1,0,1,Biker
78,0.0,856.0,22.0,915.0,8777,1,0,1,Biker
78,0.0,856.0,22.0,915.0,8778,1,0,1,Biker
78,0.0,856.0,22.0,915.0,8779,1,0,1,Biker
78,0.0,856.0,22.0,915.0,8780,1,0,1,Biker
78,0.0,856.0,22.0,915.0,8781,1,0,1,Biker
78,0.0,856.0,22.0,915.0,8782,1,0,1,Biker
78,0.0,856.0,22.0,915.0,8783,1,0,1,Biker
78,0.0,856.0,22.0,915.0,8784,1,0,1,Biker
78,0.0,856.0,22.0,915.0,8785,1,0,1,Biker
78,0.0,856.0,22.0,915.0,8786,1,0,1,Biker
78,0.0,856.0,22.0,915.0,8787,1,0,1,Biker
78,0.0,856.0,22.0,915.0,8788,1,0,1,Biker
78,0.0,856.0,22.0,915.0,8789,1,0,1,Biker
78,0.0,856.0,22.0,915.0,8790,1,0,1,Biker
78,0.0,856.0,22.0,915.0,8791,1,0,1,Biker
78,0.0,856.0,22.0,915.0,8792,1,0,1,Biker
78,0.0,856.0,22.0,915.0,8793,1,0,1,Biker
78,0.0,856.0,22.0,915.0,8794,1,0,1,Biker
78,0.0,856.0,22.0,915.0,8795,1,0,1,Biker
78,0.0,856.0,22.0,915.0,8796,1,0,1,Biker
78,0.0,856.0,22.0,915.0,8797,1,0,1,Biker
78,0.0,856.0,22.0,915.0,8798,1,0,1,Biker
78,0.0,856.0,22.0,915.0,8799,1,0,1,Biker
78,0.0,856.0,22.0,915.0,8800,1,0,1,Biker
78,0.0,856.0,22.0,915.0,8801,1,0,1,Biker
78,0.0,856.0,22.0,915.0,8802,1,0,1,Biker
78,0.0,856.0,22.0,915.0,8803,1,0,1,Biker
78,0.0,856.0,22.0,915.0,8804,1,0,1,Biker
78,0.0,856.0,22.0,915.0,8805,1,0,1,Biker
78,0.0,856.0,22.0,915.0,8806,1,0,1,Biker
78,0.0,856.0,22.0,915.0,8807,1,0,1,Biker
78,0.0,856.0,22.0,915.0,8808,1,0,1,Biker
78,0.0,856.0,22.0,915.0,8809,1,0,1,Biker
78,0.0,856.0,22.0,915.0,8810,1,0,1,Biker
78,0.0,856.0,22.0,915.0,8811,1,0,1,Biker
78,0.0,856.0,22.0,915.0,8812,1,0,1,Biker
78,0.0,856.0,22.0,915.0,8813,1,0,1,Biker
78,0.0,856.0,22.0,915.0,8814,1,0,1,Biker
78,0.0,856.0,22.0,915.0,8815,1,0,1,Biker
78,0.0,856.0,22.0,915.0,8816,1,0,1,Biker
78,0.0,856.0,22.0,915.0,8817,1,0,1,Biker
78,0.0,856.0,22.0,915.0,8818,1,0,1,Biker
78,0.0,856.0,22.0,915.0,8819,1,0,1,Biker
78,0.0,856.0,22.0,915.0,8820,1,0,1,Biker
78,0.0,856.0,22.0,915.0,8821,1,0,1,Biker
78,0.0,856.0,22.0,915.0,8822,1,0,1,Biker
78,0.0,856.0,22.0,915.0,8823,1,0,1,Biker
78,0.0,856.0,22.0,915.0,8824,1,0,1,Biker
78,0.0,856.0,22.0,915.0,8825,1,0,1,Biker
78,0.0,856.0,22.0,915.0,8826,1,0,1,Biker
78,0.0,856.0,22.0,915.0,8827,1,0,1,Biker
78,0.0,856.0,22.0,915.0,8828,1,0,1,Biker
78,0.0,856.0,22.0,915.0,8829,1,0,1,Biker
78,0.0,856.0,22.0,915.0,8830,1,0,1,Biker
78,0.0,856.0,22.0,915.0,8831,1,0,1,Biker
78,0.0,856.0,22.0,915.0,8832,1,0,1,Biker
78,0.0,856.0,22.0,915.0,8833,1,0,1,Biker
78,0.0,856.0,22.0,915.0,8834,1,0,1,Biker
78,0.0,856.0,22.0,915.0,8835,1,0,1,Biker
78,0.0,856.0,22.0,915.0,8836,1,0,1,Biker
78,0.0,856.0,22.0,915.0,8837,1,0,1,Biker
78,0.0,856.0,22.0,915.0,8838,1,0,1,Biker
78,0.0,856.0,22.0,915.0,8839,1,0,1,Biker
78,0.0,856.0,22.0,915.0,8840,1,0,1,Biker
78,0.0,856.0,22.0,915.0,8841,1,0,1,Biker
78,0.0,856.0,22.0,915.0,8842,1,0,1,Biker
78,0.0,856.0,22.0,915.0,8843,1,0,1,Biker
78,0.0,856.0,22.0,915.0,8844,1,0,1,Biker
78,0.0,856.0,22.0,915.0,8845,1,0,1,Biker
78,0.0,856.0,22.0,915.0,8846,1,0,1,Biker
78,0.0,856.0,22.0,915.0,8847,1,0,1,Biker
78,0.0,856.0,22.0,915.0,8848,1,0,1,Biker
78,0.0,856.0,22.0,915.0,8849,1,0,1,Biker
78,0.0,856.0,22.0,915.0,8850,1,0,1,Biker
78,0.0,856.0,22.0,915.0,8851,1,0,1,Biker
78,0.0,856.0,22.0,915.0,8852,1,0,1,Biker
78,0.0,856.0,22.0,915.0,8853,1,0,1,Biker
78,0.0,856.0,22.0,915.0,8854,1,0,1,Biker
78,0.0,856.0,22.0,915.0,8855,1,0,1,Biker
78,0.0,856.0,22.0,915.0,8856,1,0,1,Biker
78,0.0,856.0,22.0,915.0,8857,1,0,1,Biker
78,0.0,856.0,22.0,915.0,8858,1,0,1,Biker
78,0.0,856.0,22.0,915.0,8859,1,0,1,Biker
78,0.0,856.0,22.0,915.0,8860,1,0,1,Biker
78,0.0,856.0,22.0,915.0,8861,1,0,1,Biker
78,0.0,856.0,22.0,915.0,8862,1,0,1,Biker
78,0.0,856.0,22.0,915.0,8863,1,0,1,Biker
78,0.0,856.0,22.0,915.0,8864,1,0,1,Biker
78,0.0,856.0,22.0,915.0,8865,1,0,1,Biker
78,0.0,856.0,22.0,915.0,8866,1,0,1,Biker
78,0.0,856.0,22.0,915.0,8867,1,0,1,Biker
78,0.0,856.0,22.0,915.0,8868,1,0,1,Biker
78,0.0,856.0,22.0,915.0,8869,1,0,1,Biker
78,0.0,856.0,22.0,915.0,8870,1,0,1,Biker
78,0.0,856.0,22.0,915.0,8871,1,0,1,Biker
78,0.0,856.0,22.0,915.0,8872,1,0,1,Biker
78,0.0,856.0,22.0,915.0,8873,1,0,1,Biker
78,0.0,856.0,22.0,915.0,8874,1,0,1,Biker
78,0.0,856.0,22.0,915.0,8875,1,0,1,Biker
78,0.0,856.0,22.0,915.0,8876,1,0,1,Biker
78,0.0,856.0,22.0,915.0,8877,1,0,1,Biker
78,0.0,856.0,22.0,915.0,8878,1,0,1,Biker
78,0.0,856.0,22.0,915.0,8879,1,0,1,Biker
78,0.0,856.0,22.0,915.0,8880,1,0,1,Biker
78,0.0,856.0,22.0,915.0,8881,1,0,1,Biker
78,0.0,856.0,22.0,915.0,8882,1,0,1,Biker
78,0.0,856.0,22.0,915.0,8883,1,0,1,Biker
78,0.0,856.0,22.0,915.0,8884,1,0,1,Biker
78,0.0,856.0,22.0,915.0,8885,1,0,1,Biker
78,0.0,856.0,22.0,915.0,8886,1,0,1,Biker
78,0.0,856.0,22.0,915.0,8887,1,0,1,Biker
78,0.0,856.0,22.0,915.0,8888,1,0,1,Biker
78,0.0,856.0,22.0,915.0,8889,1,0,1,Biker
78,0.0,856.0,22.0,915.0,8890,1,0,1,Biker
78,0.0,856.0,22.0,915.0,8891,1,0,1,Biker
78,0.0,856.0,22.0,915.0,8892,1,0,1,Biker
78,0.0,856.0,22.0,915.0,8893,1,0,1,Biker
78,0.0,856.0,22.0,915.0,8894,1,0,1,Biker
78,0.0,856.0,22.0,915.0,8895,1,0,1,Biker
78,0.0,856.0,22.0,915.0,8896,1,0,1,Biker
78,0.0,856.0,22.0,915.0,8897,1,0,1,Biker
78,0.0,856.0,22.0,915.0,8898,1,0,1,Biker
78,0.0,856.0,22.0,915.0,8899,1,0,1,Biker
78,0.0,856.0,22.0,915.0,8900,1,0,1,Biker
78,0.0,856.0,22.0,915.0,8901,1,0,1,Biker
78,0.0,856.0,22.0,915.0,8902,1,0,1,Biker
78,0.0,856.0,22.0,915.0,8903,1,0,1,Biker
78,0.0,856.0,22.0,915.0,8904,1,0,1,Biker
78,0.0,856.0,22.0,915.0,8905,1,0,1,Biker
78,0.0,856.0,22.0,915.0,8906,1,0,1,Biker
78,0.0,856.0,22.0,915.0,8907,1,0,1,Biker
78,0.0,856.0,22.0,915.0,8908,1,0,1,Biker
78,0.0,856.0,22.0,915.0,8909,1,0,1,Biker
78,0.0,856.0,22.0,915.0,8910,1,0,1,Biker
78,0.0,856.0,22.0,915.0,8911,1,0,1,Biker
78,0.0,856.0,22.0,915.0,8912,1,0,1,Biker
78,0.0,856.0,22.0,915.0,8913,1,0,1,Biker
78,0.0,856.0,22.0,915.0,8914,1,0,1,Biker
78,0.0,856.0,22.0,915.0,8915,1,0,1,Biker
78,0.0,856.0,22.0,915.0,8916,1,0,1,Biker
78,0.0,856.0,22.0,915.0,8917,1,0,1,Biker
78,0.0,856.0,22.0,915.0,8918,1,0,1,Biker
78,0.0,856.0,22.0,915.0,8919,1,0,1,Biker
78,0.0,856.0,22.0,915.0,8920,1,0,1,Biker
78,0.0,856.0,22.0,915.0,8921,1,0,1,Biker
78,0.0,856.0,22.0,915.0,8922,1,0,1,Biker
78,0.0,856.0,22.0,915.0,8923,1,0,1,Biker
78,0.0,856.0,22.0,915.0,8924,1,0,1,Biker
78,0.0,856.0,22.0,915.0,8925,1,0,1,Biker
78,0.0,856.0,22.0,915.0,8926,1,0,1,Biker
78,0.0,856.0,22.0,915.0,8927,1,0,1,Biker
78,0.0,856.0,22.0,915.0,8928,1,0,1,Biker
78,0.0,856.0,22.0,915.0,8929,1,0,1,Biker
78,0.0,856.0,22.0,915.0,8930,1,0,1,Biker
78,0.0,856.0,22.0,915.0,8931,1,0,1,Biker
78,0.0,856.0,22.0,915.0,8932,1,0,1,Biker
78,0.0,856.0,22.0,915.0,8933,1,0,1,Biker
78,0.0,856.0,22.0,915.0,8934,1,0,1,Biker
78,0.0,856.0,22.0,915.0,8935,1,0,1,Biker
78,0.0,856.0,22.0,915.0,8936,1,0,1,Biker
78,0.0,856.0,22.0,915.0,8937,1,0,1,Biker
78,0.0,856.0,22.0,915.0,8938,1,0,1,Biker
78,0.0,856.0,22.0,915.0,8939,1,0,1,Biker
78,0.0,856.0,22.0,915.0,8940,1,0,1,Biker
78,0.0,856.0,22.0,915.0,8941,1,0,1,Biker
78,0.0,856.0,22.0,915.0,8942,1,0,1,Biker
78,0.0,856.0,22.0,915.0,8943,1,0,1,Biker
78,0.0,856.0,22.0,915.0,8944,1,0,1,Biker
78,0.0,856.0,22.0,915.0,8945,1,0,1,Biker
78,0.0,856.0,22.0,915.0,8946,1,0,1,Biker
78,0.0,856.0,22.0,915.0,8947,1,0,1,Biker
78,0.0,856.0,22.0,915.0,8948,1,0,1,Biker
78,0.0,856.0,22.0,915.0,8949,1,0,1,Biker
78,0.0,856.0,22.0,915.0,8950,1,0,1,Biker
78,0.0,856.0,22.0,915.0,8951,1,0,1,Biker
78,0.0,856.0,22.0,915.0,8952,1,0,1,Biker
78,0.0,856.0,22.0,915.0,8953,1,0,1,Biker
78,0.0,856.0,22.0,915.0,8954,1,0,1,Biker
78,0.0,856.0,22.0,915.0,8955,1,0,1,Biker
78,0.0,856.0,22.0,915.0,8956,1,0,1,Biker
78,0.0,856.0,22.0,915.0,8957,1,0,1,Biker
78,0.0,856.0,22.0,915.0,8958,1,0,1,Biker
78,0.0,856.0,22.0,915.0,8959,1,0,1,Biker
78,0.0,856.0,22.0,915.0,8960,1,0,1,Biker
78,0.0,856.0,22.0,915.0,8961,1,0,1,Biker
78,0.0,856.0,22.0,915.0,8962,1,0,1,Biker
78,0.0,856.0,22.0,915.0,8963,1,0,1,Biker
78,0.0,856.0,22.0,915.0,8964,1,0,1,Biker
78,0.0,856.0,22.0,915.0,8965,1,0,1,Biker
78,0.0,856.0,22.0,915.0,8966,1,0,1,Biker
78,0.0,856.0,22.0,915.0,8967,1,0,1,Biker
78,0.0,856.0,22.0,915.0,8968,1,0,1,Biker
78,0.0,856.0,22.0,915.0,8969,1,0,1,Biker
78,0.0,856.0,22.0,915.0,8970,1,0,1,Biker
78,0.0,856.0,22.0,915.0,8971,1,0,1,Biker
78,0.0,856.0,22.0,915.0,8972,1,0,1,Biker
78,0.0,856.0,22.0,915.0,8973,1,0,1,Biker
78,0.0,856.0,22.0,915.0,8974,1,0,1,Biker
78,0.0,856.0,22.0,915.0,8975,1,0,1,Biker
78,0.0,856.0,22.0,915.0,8976,1,0,1,Biker
78,0.0,856.0,22.0,915.0,8977,1,0,1,Biker
78,0.0,856.0,22.0,915.0,8978,1,0,1,Biker
78,0.0,856.0,22.0,915.0,8979,1,0,1,Biker
78,0.0,856.0,22.0,915.0,8980,1,0,1,Biker
78,0.0,856.0,22.0,915.0,8981,1,0,1,Biker
78,0.0,856.0,22.0,915.0,8982,1,0,1,Biker
78,0.0,856.0,22.0,915.0,8983,1,0,1,Biker
78,0.0,856.0,22.0,915.0,8984,1,0,1,Biker
78,0.0,856.0,22.0,915.0,8985,1,0,1,Biker
78,0.0,856.0,22.0,915.0,8986,1,0,1,Biker
78,0.0,856.0,22.0,915.0,8987,1,0,1,Biker
78,0.0,856.0,22.0,915.0,8988,1,0,1,Biker
78,0.0,856.0,22.0,915.0,8989,1,0,1,Biker
78,0.0,856.0,22.0,915.0,8990,1,0,1,Biker
78,0.0,856.0,22.0,915.0,8991,1,0,1,Biker
78,0.0,856.0,22.0,915.0,8992,1,0,1,Biker
78,0.0,856.0,22.0,915.0,8993,1,0,1,Biker
78,0.0,856.0,22.0,915.0,8994,1,0,1,Biker
78,0.0,856.0,22.0,915.0,8995,1,0,1,Biker
78,0.0,856.0,22.0,915.0,8996,1,0,1,Biker
78,0.0,856.0,22.0,915.0,8997,1,0,1,Biker
78,0.0,856.0,22.0,915.0,8998,1,0,1,Biker
78,0.0,856.0,22.0,915.0,8999,1,0,1,Biker
78,0.0,856.0,22.0,915.0,9000,1,0,0,Biker
78,0.0,856.0,22.0,915.0,9001,1,0,1,Biker
78,0.0,856.0,22.0,915.0,9002,1,0,1,Biker
78,0.0,856.0,22.0,915.0,9003,1,0,1,Biker
78,0.0,856.0,22.0,915.0,9004,1,0,1,Biker
78,0.0,856.0,22.0,915.0,9005,1,0,1,Biker
78,0.0,856.0,22.0,915.0,9006,1,0,1,Biker
78,0.0,856.0,22.0,915.0,9007,1,0,1,Biker
78,0.0,856.0,22.0,915.0,9008,1,0,1,Biker
78,0.0,856.0,22.0,915.0,9009,1,0,1,Biker
78,0.0,856.0,22.0,915.0,9010,1,0,1,Biker
78,0.0,856.0,22.0,915.0,9011,1,0,1,Biker
78,0.0,856.0,22.0,915.0,9012,1,0,1,Biker
78,0.0,856.0,22.0,915.0,9013,1,0,1,Biker
78,0.0,856.0,22.0,915.0,9014,1,0,1,Biker
78,0.0,856.0,22.0,915.0,9015,1,0,1,Biker
78,0.0,856.0,22.0,915.0,9016,1,0,1,Biker
78,0.0,856.0,22.0,915.0,9017,1,0,1,Biker
78,0.0,856.0,22.0,915.0,9018,1,0,1,Biker
78,0.0,856.0,24.0,915.0,9019,1,0,1,Biker
78,0.0,856.0,24.0,915.0,9020,1,0,1,Biker
78,0.0,856.0,24.0,915.0,9021,1,0,1,Biker
78,0.0,856.0,24.0,915.0,9022,1,0,1,Biker
78,0.0,856.0,24.0,915.0,9023,1,0,1,Biker
78,0.0,856.0,24.0,915.0,9024,1,0,1,Biker
78,0.0,856.0,24.0,915.0,9025,1,0,1,Biker
78,0.0,856.0,24.0,915.0,9026,1,0,1,Biker
78,0.0,856.0,24.0,915.0,9027,1,0,1,Biker
78,0.0,856.0,24.0,915.0,9028,1,0,1,Biker
78,0.0,856.0,24.0,915.0,9029,1,0,1,Biker
78,0.0,856.0,24.0,915.0,9030,1,0,1,Biker
78,0.0,856.0,24.0,915.0,9031,1,0,1,Biker
78,0.0,856.0,24.0,915.0,9032,1,0,1,Biker
78,0.0,856.0,24.0,915.0,9033,1,0,1,Biker
78,0.0,856.0,24.0,915.0,9034,1,0,1,Biker
78,0.0,856.0,24.0,915.0,9035,1,0,1,Biker
78,0.0,856.0,24.0,915.0,9036,1,0,1,Biker
78,0.0,856.0,27.0,915.0,9037,1,0,1,Biker
78,0.0,856.0,27.0,915.0,9038,1,0,1,Biker
78,0.0,856.0,27.0,915.0,9039,1,0,1,Biker
78,0.0,856.0,27.0,915.0,9040,1,0,1,Biker
78,0.0,856.0,27.0,915.0,9041,1,0,1,Biker
78,0.0,856.0,27.0,915.0,9042,1,0,1,Biker
78,0.0,856.0,27.0,915.0,9043,1,0,1,Biker
78,0.0,856.0,27.0,915.0,9044,1,0,1,Biker
78,0.0,856.0,27.0,915.0,9045,1,0,1,Biker
78,0.0,856.0,27.0,915.0,9046,1,0,1,Biker
78,0.0,856.0,27.0,915.0,9047,1,0,1,Biker
78,0.0,856.0,27.0,915.0,9048,1,0,1,Biker
78,0.0,856.0,27.0,915.0,9049,1,0,1,Biker
78,0.0,856.0,27.0,915.0,9050,1,0,1,Biker
78,0.0,856.0,27.0,915.0,9051,1,0,1,Biker
78,0.0,856.0,27.0,917.0,9052,1,0,1,Biker
78,0.0,856.0,27.0,917.0,9053,1,0,1,Biker
78,0.0,856.0,27.0,917.0,9054,1,0,1,Biker
78,0.0,856.0,30.0,917.0,9055,1,0,1,Biker
78,0.0,856.0,30.0,917.0,9056,1,0,1,Biker
78,0.0,856.0,30.0,917.0,9057,1,0,1,Biker
78,0.0,856.0,30.0,917.0,9058,1,0,1,Biker
78,0.0,856.0,30.0,917.0,9059,1,0,1,Biker
78,0.0,856.0,30.0,917.0,9060,1,0,1,Biker
78,0.0,856.0,30.0,917.0,9061,1,0,1,Biker
78,0.0,856.0,30.0,917.0,9062,1,0,1,Biker
78,0.0,856.0,30.0,917.0,9063,1,0,1,Biker
78,0.0,856.0,30.0,917.0,9064,1,0,1,Biker
78,0.0,856.0,30.0,917.0,9065,1,0,1,Biker
78,0.0,856.0,30.0,917.0,9066,1,0,1,Biker
78,0.0,856.0,30.0,917.0,9067,1,0,1,Biker
78,0.0,856.0,30.0,917.0,9068,1,0,1,Biker
78,0.0,856.0,30.0,917.0,9069,1,0,1,Biker
78,0.0,856.0,30.0,917.0,9070,1,0,1,Biker
78,0.0,856.0,30.0,917.0,9071,1,0,1,Biker
78,0.0,856.0,30.0,917.0,9072,1,0,1,Biker
78,0.0,856.0,33.0,917.0,9073,1,0,1,Biker
78,0.0,856.0,33.0,917.0,9074,1,0,1,Biker
78,0.0,856.0,33.0,917.0,9075,1,0,1,Biker
78,0.0,856.0,33.0,917.0,9076,1,0,1,Biker
78,0.0,856.0,33.0,917.0,9077,1,0,1,Biker
78,0.0,856.0,33.0,917.0,9078,1,0,1,Biker
78,0.0,856.0,33.0,917.0,9079,1,0,1,Biker
78,0.0,856.0,33.0,917.0,9080,1,0,1,Biker
78,0.0,856.0,33.0,917.0,9081,1,0,1,Biker
78,0.0,856.0,33.0,917.0,9082,1,0,1,Biker
78,0.0,856.0,33.0,917.0,9083,1,0,1,Biker
78,0.0,856.0,33.0,917.0,9084,1,0,1,Biker
78,0.0,856.0,33.0,917.0,9085,1,0,1,Biker
78,0.0,856.0,33.0,917.0,9086,1,0,1,Biker
78,0.0,856.0,33.0,917.0,9087,1,0,1,Biker
78,0.0,856.0,33.0,917.0,9088,1,0,1,Biker
78,0.0,856.0,33.0,917.0,9089,1,0,1,Biker
78,0.0,856.0,33.0,917.0,9090,1,0,1,Biker
78,0.0,856.0,35.0,917.0,9091,1,0,1,Biker
78,0.0,856.0,35.0,917.0,9092,1,0,1,Biker
78,0.0,856.0,35.0,917.0,9093,1,0,1,Biker
78,0.0,856.0,35.0,917.0,9094,1,0,1,Biker
78,0.0,856.0,35.0,917.0,9095,1,0,1,Biker
78,0.0,856.0,35.0,917.0,9096,1,0,1,Biker
78,0.0,856.0,35.0,917.0,9097,1,0,1,Biker
78,0.0,856.0,35.0,917.0,9098,1,0,1,Biker
78,0.0,856.0,35.0,917.0,9099,1,0,1,Biker
78,0.0,856.0,35.0,917.0,9100,1,0,1,Biker
78,0.0,856.0,35.0,917.0,9101,1,0,1,Biker
78,0.0,856.0,35.0,917.0,9102,1,0,1,Biker
78,0.0,856.0,35.0,917.0,9103,1,0,1,Biker
78,0.0,856.0,35.0,919.0,9104,1,0,1,Biker
78,0.0,856.0,35.0,919.0,9105,1,0,1,Biker
78,0.0,856.0,35.0,919.0,9106,1,0,1,Biker
78,0.0,856.0,35.0,919.0,9107,1,0,1,Biker
78,0.0,856.0,35.0,919.0,9108,1,0,1,Biker
78,0.0,856.0,38.0,919.0,9109,1,0,1,Biker
78,0.0,856.0,38.0,919.0,9110,1,0,1,Biker
78,0.0,856.0,38.0,919.0,9111,1,0,1,Biker
78,0.0,856.0,38.0,919.0,9112,1,0,1,Biker
78,0.0,856.0,38.0,919.0,9113,1,0,1,Biker
78,0.0,856.0,38.0,919.0,9114,1,0,1,Biker
78,0.0,856.0,38.0,919.0,9115,1,0,1,Biker
78,0.0,856.0,38.0,919.0,9116,1,0,1,Biker
78,0.0,856.0,38.0,919.0,9117,1,0,1,Biker
78,0.0,856.0,38.0,919.0,9118,1,0,1,Biker
78,0.0,856.0,38.0,919.0,9119,1,0,1,Biker
78,0.0,856.0,38.0,919.0,9120,1,0,1,Biker
78,0.0,858.0,38.0,919.0,9121,1,0,1,Biker
78,0.0,858.0,38.0,919.0,9122,1,0,1,Biker
78,0.0,858.0,38.0,919.0,9123,1,0,1,Biker
78,0.0,858.0,38.0,919.0,9124,1,0,1,Biker
78,0.0,858.0,38.0,919.0,9125,1,0,1,Biker
78,0.0,858.0,38.0,919.0,9126,1,0,1,Biker
78,0.0,858.0,41.0,919.0,9127,1,0,1,Biker
78,0.0,858.0,41.0,919.0,9128,1,0,1,Biker
78,0.0,858.0,41.0,919.0,9129,1,0,1,Biker
78,0.0,858.0,41.0,919.0,9130,1,0,1,Biker
78,0.0,858.0,41.0,919.0,9131,1,0,1,Biker
78,0.0,858.0,41.0,919.0,9132,1,0,1,Biker
78,0.0,858.0,41.0,919.0,9133,1,0,1,Biker
78,0.0,858.0,41.0,919.0,9134,1,0,1,Biker
78,0.0,858.0,41.0,919.0,9135,1,0,1,Biker
78,0.0,858.0,41.0,919.0,9136,1,0,1,Biker
78,0.0,858.0,41.0,919.0,9137,1,0,1,Biker
78,0.0,858.0,41.0,919.0,9138,1,0,1,Biker
78,0.0,858.0,41.0,919.0,9139,1,0,1,Biker
78,0.0,858.0,41.0,919.0,9140,1,0,1,Biker
78,0.0,858.0,41.0,919.0,9141,1,0,1,Biker
78,0.0,858.0,41.0,919.0,9142,1,0,1,Biker
78,0.0,858.0,41.0,919.0,9143,1,0,1,Biker
78,0.0,858.0,41.0,919.0,9144,1,0,1,Biker
78,0.0,858.0,44.0,919.0,9145,1,0,1,Biker
78,0.0,858.0,44.0,919.0,9146,1,0,1,Biker
78,0.0,858.0,44.0,919.0,9147,1,0,1,Biker
78,0.0,858.0,44.0,919.0,9148,1,0,1,Biker
78,0.0,858.0,44.0,919.0,9149,1,0,1,Biker
78,0.0,858.0,44.0,919.0,9150,1,0,1,Biker
78,0.0,858.0,44.0,919.0,9151,1,0,1,Biker
78,0.0,858.0,44.0,919.0,9152,1,0,1,Biker
78,0.0,858.0,44.0,919.0,9153,1,0,1,Biker
78,0.0,858.0,44.0,919.0,9154,1,0,1,Biker
78,0.0,858.0,44.0,922.0,9155,1,0,1,Biker
78,0.0,858.0,44.0,922.0,9156,1,0,1,Biker
78,0.0,858.0,44.0,922.0,9157,1,0,1,Biker
78,0.0,858.0,44.0,922.0,9158,1,0,1,Biker
78,0.0,858.0,44.0,922.0,9159,1,0,1,Biker
78,0.0,858.0,44.0,922.0,9160,1,0,1,Biker
78,0.0,858.0,44.0,922.0,9161,1,0,1,Biker
78,0.0,858.0,44.0,922.0,9162,1,0,1,Biker
78,0.0,858.0,46.0,922.0,9163,1,0,1,Biker
78,0.0,858.0,46.0,922.0,9164,1,0,1,Biker
78,0.0,858.0,46.0,922.0,9165,1,0,1,Biker
78,0.0,858.0,46.0,922.0,9166,1,0,1,Biker
78,0.0,858.0,46.0,922.0,9167,1,0,1,Biker
78,0.0,858.0,46.0,922.0,9168,1,0,1,Biker
78,0.0,858.0,46.0,922.0,9169,1,0,1,Biker
78,0.0,858.0,46.0,922.0,9170,1,0,1,Biker
78,0.0,858.0,46.0,922.0,9171,1,0,1,Biker
78,0.0,858.0,46.0,922.0,9172,1,0,1,Biker
78,0.0,858.0,46.0,922.0,9173,1,0,1,Biker
78,0.0,858.0,46.0,922.0,9174,1,0,1,Biker
78,0.0,858.0,46.0,922.0,9175,1,0,1,Biker
78,0.0,858.0,46.0,922.0,9176,1,0,1,Biker
78,0.0,858.0,46.0,922.0,9177,1,0,1,Biker
78,0.0,858.0,46.0,922.0,9178,1,0,1,Biker
78,0.0,858.0,46.0,922.0,9179,1,0,1,Biker
78,0.0,858.0,46.0,922.0,9180,1,0,1,Biker
78,0.0,858.0,49.0,922.0,9181,1,0,1,Biker
78,0.0,858.0,49.0,922.0,9182,1,0,1,Biker
78,0.0,858.0,49.0,922.0,9183,1,0,1,Biker
78,0.0,858.0,49.0,922.0,9184,1,0,1,Biker
78,0.0,858.0,49.0,922.0,9185,1,0,1,Biker
78,0.0,858.0,49.0,922.0,9186,1,0,1,Biker
78,0.0,858.0,49.0,922.0,9187,1,0,1,Biker
78,0.0,858.0,49.0,922.0,9188,1,0,1,Biker
78,0.0,858.0,49.0,922.0,9189,1,0,1,Biker
78,0.0,858.0,49.0,922.0,9190,1,0,1,Biker
78,0.0,858.0,49.0,922.0,9191,1,0,1,Biker
78,0.0,858.0,49.0,922.0,9192,1,0,1,Biker
78,0.0,858.0,49.0,922.0,9193,1,0,1,Biker
78,0.0,858.0,49.0,922.0,9194,1,0,1,Biker
78,0.0,858.0,49.0,922.0,9195,1,0,1,Biker
78,0.0,858.0,49.0,922.0,9196,1,0,1,Biker
78,0.0,858.0,49.0,922.0,9197,1,0,1,Biker
78,0.0,858.0,49.0,922.0,9198,1,0,1,Biker
78,0.0,858.0,52.0,922.0,9199,1,0,1,Biker
78,0.0,858.0,52.0,922.0,9200,1,0,1,Biker
78,0.0,858.0,52.0,922.0,9201,1,0,1,Biker
78,0.0,858.0,52.0,922.0,9202,1,0,1,Biker
78,0.0,858.0,52.0,922.0,9203,1,0,1,Biker
78,0.0,858.0,52.0,922.0,9204,1,0,1,Biker
78,0.0,858.0,52.0,922.0,9205,1,0,1,Biker
78,0.0,858.0,52.0,922.0,9206,1,0,1,Biker
78,0.0,858.0,52.0,924.0,9207,1,0,1,Biker
78,0.0,858.0,52.0,924.0,9208,1,0,1,Biker
78,0.0,858.0,52.0,924.0,9209,1,0,1,Biker
78,0.0,858.0,52.0,924.0,9210,1,0,1,Biker
78,0.0,858.0,52.0,924.0,9211,1,0,1,Biker
78,0.0,858.0,52.0,924.0,9212,1,0,1,Biker
78,0.0,858.0,52.0,924.0,9213,1,0,1,Biker
78,0.0,858.0,52.0,924.0,9214,1,0,1,Biker
78,0.0,858.0,52.0,924.0,9215,1,0,1,Biker
78,0.0,858.0,52.0,924.0,9216,1,0,1,Biker
78,0.0,858.0,55.0,924.0,9217,1,0,1,Biker
78,0.0,858.0,55.0,924.0,9218,1,0,1,Biker
78,0.0,858.0,55.0,924.0,9219,1,0,1,Biker
78,0.0,858.0,55.0,924.0,9220,1,0,1,Biker
78,0.0,858.0,55.0,924.0,9221,1,0,1,Biker
78,0.0,858.0,55.0,924.0,9222,1,0,1,Biker
78,0.0,858.0,55.0,924.0,9223,1,0,1,Biker
78,0.0,858.0,55.0,924.0,9224,1,0,1,Biker
78,0.0,858.0,55.0,924.0,9225,1,0,1,Biker
78,0.0,858.0,55.0,924.0,9226,1,0,1,Biker
78,0.0,858.0,55.0,924.0,9227,1,0,1,Biker
78,0.0,858.0,55.0,924.0,9228,1,0,1,Biker
78,0.0,858.0,55.0,924.0,9229,1,0,1,Biker
78,0.0,858.0,55.0,924.0,9230,1,0,1,Biker
78,0.0,858.0,55.0,924.0,9231,1,0,1,Biker
78,0.0,858.0,55.0,924.0,9232,1,0,1,Biker
78,0.0,858.0,55.0,924.0,9233,1,0,1,Biker
78,0.0,858.0,55.0,924.0,9234,1,0,1,Biker
78,0.0,858.0,57.0,924.0,9235,1,0,1,Biker
78,0.0,858.0,57.0,924.0,9236,1,0,1,Biker
78,0.0,858.0,57.0,924.0,9237,1,0,1,Biker
78,0.0,858.0,57.0,924.0,9238,1,0,1,Biker
78,0.0,858.0,57.0,924.0,9239,1,0,1,Biker
78,0.0,858.0,57.0,924.0,9240,1,0,1,Biker
78,0.0,860.0,57.0,924.0,9241,1,0,1,Biker
78,0.0,860.0,57.0,924.0,9242,1,0,1,Biker
78,0.0,860.0,57.0,924.0,9243,1,0,1,Biker
78,0.0,860.0,57.0,924.0,9244,1,0,1,Biker
78,0.0,860.0,57.0,924.0,9245,1,0,1,Biker
78,0.0,860.0,57.0,924.0,9246,1,0,1,Biker
78,0.0,860.0,57.0,924.0,9247,1,0,1,Biker
78,0.0,860.0,57.0,924.0,9248,1,0,1,Biker
78,0.0,860.0,57.0,924.0,9249,1,0,1,Biker
78,0.0,860.0,57.0,924.0,9250,1,0,1,Biker
78,0.0,860.0,57.0,924.0,9251,1,0,1,Biker
78,0.0,860.0,57.0,924.0,9252,1,0,1,Biker
78,0.0,860.0,60.0,924.0,9253,1,0,1,Biker
78,0.0,860.0,60.0,924.0,9254,1,0,1,Biker
78,0.0,860.0,60.0,924.0,9255,1,0,1,Biker
78,0.0,860.0,60.0,924.0,9256,1,0,1,Biker
78,0.0,860.0,60.0,924.0,9257,1,0,1,Biker
78,0.0,860.0,60.0,926.0,9258,1,0,1,Biker
78,0.0,860.0,60.0,926.0,9259,1,0,1,Biker
78,0.0,860.0,60.0,926.0,9260,1,0,1,Biker
78,0.0,860.0,60.0,926.0,9261,1,0,1,Biker
78,0.0,860.0,60.0,926.0,9262,1,0,1,Biker
78,0.0,860.0,60.0,926.0,9263,1,0,1,Biker
78,0.0,860.0,60.0,926.0,9264,1,0,1,Biker
78,0.0,860.0,60.0,926.0,9265,1,0,1,Biker
78,0.0,860.0,60.0,926.0,9266,1,0,1,Biker
78,0.0,860.0,60.0,926.0,9267,1,0,1,Biker
78,0.0,860.0,60.0,926.0,9268,1,0,1,Biker
78,0.0,860.0,60.0,926.0,9269,1,0,1,Biker
78,0.0,860.0,60.0,926.0,9270,1,0,1,Biker
78,0.0,860.0,63.0,926.0,9271,1,0,1,Biker
78,0.0,860.0,63.0,926.0,9272,1,0,1,Biker
78,0.0,860.0,63.0,926.0,9273,1,0,1,Biker
78,0.0,860.0,63.0,926.0,9274,1,0,1,Biker
78,0.0,860.0,63.0,926.0,9275,1,0,1,Biker
78,0.0,860.0,63.0,926.0,9276,1,0,1,Biker
78,0.0,860.0,63.0,926.0,9277,1,0,1,Biker
78,0.0,860.0,63.0,926.0,9278,1,0,1,Biker
78,0.0,860.0,63.0,926.0,9279,1,0,1,Biker
78,0.0,860.0,63.0,926.0,9280,1,0,1,Biker
78,0.0,860.0,63.0,926.0,9281,1,0,1,Biker
78,0.0,860.0,63.0,926.0,9282,1,0,1,Biker
78,0.0,860.0,63.0,926.0,9283,1,0,1,Biker
78,0.0,860.0,63.0,926.0,9284,1,0,1,Biker
78,0.0,860.0,63.0,926.0,9285,1,0,1,Biker
78,0.0,860.0,63.0,926.0,9286,1,0,1,Biker
78,0.0,860.0,63.0,926.0,9287,1,0,1,Biker
78,0.0,860.0,63.0,926.0,9288,1,0,1,Biker
78,0.0,860.0,66.0,926.0,9289,1,0,1,Biker
78,0.0,860.0,66.0,926.0,9290,1,0,1,Biker
78,0.0,860.0,66.0,926.0,9291,1,0,1,Biker
78,0.0,860.0,66.0,926.0,9292,1,0,1,Biker
78,0.0,860.0,66.0,926.0,9293,1,0,1,Biker
78,0.0,860.0,66.0,926.0,9294,1,0,1,Biker
78,0.0,860.0,66.0,926.0,9295,1,0,1,Biker
78,0.0,860.0,66.0,926.0,9296,1,0,1,Biker
78,0.0,860.0,66.0,926.0,9297,1,0,1,Biker
78,0.0,860.0,66.0,926.0,9298,1,0,1,Biker
78,0.0,860.0,66.0,926.0,9299,1,0,1,Biker
78,0.0,860.0,66.0,926.0,9300,1,0,1,Biker
78,0.0,860.0,66.0,926.0,9301,1,0,1,Biker
78,0.0,860.0,66.0,926.0,9302,1,0,1,Biker
78,0.0,860.0,66.0,926.0,9303,1,0,1,Biker
78,0.0,860.0,66.0,926.0,9304,1,0,1,Biker
78,0.0,860.0,66.0,926.0,9305,1,0,1,Biker
78,0.0,860.0,66.0,926.0,9306,1,0,1,Biker
78,0.0,860.0,68.0,926.0,9307,1,0,1,Biker
78,0.0,860.0,68.0,926.0,9308,1,0,1,Biker
78,0.0,860.0,68.0,926.0,9309,1,0,1,Biker
78,0.0,860.0,68.0,929.0,9310,1,0,1,Biker
78,0.0,860.0,68.0,929.0,9311,1,0,1,Biker
78,0.0,860.0,68.0,929.0,9312,1,0,1,Biker
78,0.0,860.0,68.0,929.0,9313,1,0,1,Biker
78,0.0,860.0,68.0,929.0,9314,1,0,1,Biker
78,0.0,860.0,68.0,929.0,9315,1,0,1,Biker
78,0.0,860.0,68.0,929.0,9316,1,0,1,Biker
78,0.0,860.0,68.0,929.0,9317,1,0,1,Biker
78,0.0,860.0,68.0,929.0,9318,1,0,1,Biker
78,0.0,860.0,68.0,929.0,9319,1,0,1,Biker
78,0.0,860.0,68.0,929.0,9320,1,0,1,Biker
78,0.0,860.0,68.0,929.0,9321,1,0,1,Biker
78,0.0,860.0,68.0,929.0,9322,1,0,1,Biker
78,0.0,860.0,68.0,929.0,9323,1,0,1,Biker
78,0.0,860.0,68.0,929.0,9324,1,0,1,Biker
78,0.0,860.0,71.0,929.0,9325,1,0,1,Biker
78,0.0,860.0,71.0,929.0,9326,1,0,1,Biker
78,0.0,860.0,71.0,929.0,9327,1,0,1,Biker
78,0.0,860.0,71.0,929.0,9328,1,0,1,Biker
78,0.0,860.0,71.0,929.0,9329,1,0,1,Biker
78,0.0,860.0,71.0,929.0,9330,1,0,1,Biker
78,0.0,860.0,71.0,929.0,9331,1,0,1,Biker
78,0.0,860.0,71.0,929.0,9332,1,0,1,Biker
78,0.0,860.0,71.0,929.0,9333,1,0,1,Biker
78,0.0,860.0,71.0,929.0,9334,1,0,1,Biker
78,0.0,860.0,71.0,929.0,9335,1,0,1,Biker
78,0.0,860.0,71.0,929.0,9336,1,0,1,Biker
78,0.0,860.0,71.0,929.0,9337,1,0,1,Biker
78,0.0,860.0,71.0,929.0,9338,1,0,1,Biker
78,0.0,860.0,71.0,929.0,9339,1,0,1,Biker
78,0.0,860.0,71.0,929.0,9340,1,0,1,Biker
78,0.0,860.0,71.0,929.0,9341,1,0,1,Biker
78,0.0,860.0,71.0,929.0,9342,1,0,1,Biker
78,0.0,860.0,74.0,929.0,9343,1,0,1,Biker
78,0.0,860.0,74.0,929.0,9344,1,0,1,Biker
78,0.0,860.0,74.0,929.0,9345,1,0,1,Biker
78,0.0,860.0,74.0,929.0,9346,1,0,1,Biker
78,0.0,860.0,74.0,929.0,9347,1,0,1,Biker
78,0.0,860.0,74.0,929.0,9348,1,0,1,Biker
78,0.0,860.0,74.0,929.0,9349,1,0,1,Biker
78,0.0,860.0,74.0,929.0,9350,1,0,1,Biker
78,0.0,860.0,74.0,929.0,9351,1,0,1,Biker
78,0.0,860.0,74.0,929.0,9352,1,0,1,Biker
78,0.0,860.0,74.0,929.0,9353,1,0,1,Biker
78,0.0,860.0,74.0,929.0,9354,1,0,1,Biker
78,0.0,860.0,74.0,929.0,9355,1,0,1,Biker
78,0.0,860.0,74.0,929.0,9356,1,0,1,Biker
78,0.0,860.0,74.0,929.0,9357,1,0,1,Biker
78,0.0,860.0,74.0,929.0,9358,1,0,1,Biker
78,0.0,860.0,74.0,929.0,9359,1,0,1,Biker
78,0.0,860.0,74.0,929.0,9360,1,0,1,Biker
78,0.0,863.0,77.0,931.0,9361,0,0,0,Biker
78,0.0,863.0,74.0,929.0,9362,0,0,1,Biker
78,0.0,863.0,71.0,929.0,9363,0,0,1,Biker
78,0.0,863.0,68.0,929.0,9364,0,0,1,Biker
78,0.0,863.0,66.0,929.0,9365,0,0,1,Biker
78,0.0,863.0,66.0,929.0,9366,0,0,1,Biker
78,0.0,863.0,63.0,929.0,9367,0,0,1,Biker
78,0.0,863.0,60.0,929.0,9368,0,0,1,Biker
78,0.0,863.0,57.0,929.0,9369,0,0,1,Biker
78,0.0,863.0,55.0,929.0,9370,0,0,1,Biker
78,2.0,865.0,55.0,929.0,9371,0,0,0,Biker
78,2.0,863.0,55.0,926.0,9372,0,0,1,Biker
78,2.0,863.0,57.0,926.0,9373,0,0,1,Biker
78,2.0,863.0,60.0,926.0,9374,0,0,1,Biker
78,5.0,863.0,63.0,926.0,9375,0,0,1,Biker
78,5.0,863.0,66.0,926.0,9376,0,0,1,Biker
78,5.0,860.0,68.0,924.0,9377,0,0,1,Biker
78,8.0,860.0,71.0,924.0,9378,0,0,1,Biker
78,8.0,860.0,74.0,924.0,9379,0,0,1,Biker
78,8.0,860.0,77.0,924.0,9380,0,0,1,Biker
78,11.0,860.0,79.0,924.0,9381,0,0,0,Biker
78,13.0,858.0,82.0,922.0,9382,0,0,1,Biker
78,19.0,856.0,88.0,922.0,9383,0,0,1,Biker
78,22.0,853.0,93.0,922.0,9384,0,0,1,Biker
78,27.0,853.0,96.0,919.0,9385,0,0,1,Biker
78,30.0,851.0,101.0,919.0,9386,0,0,1,Biker
78,35.0,849.0,107.0,919.0,9387,0,0,1,Biker
78,38.0,849.0,110.0,917.0,9388,0,0,1,Biker
78,44.0,847.0,115.0,917.0,9389,0,0,1,Biker
78,46.0,844.0,121.0,917.0,9390,0,0,1,Biker
78,52.0,844.0,126.0,917.0,9391,0,0,0,Biker
78,55.0,842.0,132.0,917.0,9392,0,0,1,Biker
78,60.0,840.0,137.0,917.0,9393,0,0,1,Biker
78,63.0,837.0,143.0,917.0,9394,0,0,1,Biker
78,68.0,837.0,148.0,917.0,9395,0,0,1,Biker
78,71.0,835.0,154.0,919.0,9396,0,0,1,Biker
78,77.0,833.0,159.0,919.0,9397,0,0,1,Biker
78,79.0,833.0,165.0,919.0,9398,0,0,1,Biker
78,85.0,831.0,170.0,919.0,9399,0,0,1,Biker
78,88.0,828.0,176.0,919.0,9400,0,0,1,Biker
78,93.0,828.0,184.0,922.0,9401,0,0,0,Biker
78,96.0,826.0,187.0,919.0,9402,0,0,1,Biker
78,101.0,824.0,192.0,917.0,9403,0,0,1,Biker
78,104.0,822.0,198.0,915.0,9404,0,0,1,Biker
78,110.0,822.0,203.0,913.0,9405,0,0,1,Biker
78,112.0,819.0,209.0,910.0,9406,0,0,1,Biker
78,118.0,817.0,211.0,908.0,9407,0,0,1,Biker
78,121.0,817.0,217.0,906.0,9408,0,0,1,Biker
78,126.0,815.0,222.0,904.0,9409,0,0,1,Biker
78,129.0,812.0,228.0,901.0,9410,0,0,1,Biker
78,134.0,812.0,233.0,901.0,9411,0,0,0,Biker
78,137.0,810.0,236.0,897.0,9412,0,0,1,Biker
78,143.0,808.0,242.0,892.0,9413,0,0,1,Biker
78,145.0,806.0,244.0,890.0,9414,0,0,1,Biker
78,151.0,803.0,250.0,885.0,9415,0,0,1,Biker
78,154.0,803.0,253.0,883.0,9416,0,0,1,Biker
78,159.0,801.0,258.0,878.0,9417,0,0,1,Biker
78,162.0,799.0,261.0,874.0,9418,0,0,1,Biker
78,167.0,796.0,266.0,872.0,9419,0,0,1,Biker
78,170.0,794.0,269.0,867.0,9420,0,0,1,Biker
78,176.0,794.0,275.0,865.0,9421,0,0,0,Biker
78,178.0,790.0,277.0,860.0,9422,0,0,1,Biker
78,184.0,785.0,283.0,858.0,9423,0,0,1,Biker
78,189.0,781.0,288.0,856.0,9424,0,0,1,Biker
78,192.0,776.0,294.0,853.0,9425,0,0,1,Biker
78,198.0,774.0,299.0,851.0,9426,0,0,1,Biker
78,203.0,769.0,305.0,849.0,9427,0,0,1,Biker
78,206.0,765.0,310.0,847.0,9428,0,0,1,Biker
78,211.0,760.0,316.0,844.0,9429,0,0,1,Biker
78,217.0,755.0,321.0,842.0,9430,0,0,1,Biker
78,222.0,753.0,327.0,840.0,9431,0,0,0,Biker
78,225.0,749.0,330.0,833.0,9432,0,0,1,Biker
78,231.0,744.0,335.0,828.0,9433,0,0,1,Biker
78,236.0,740.0,341.0,822.0,9434,0,0,1,Biker
78,242.0,735.0,346.0,817.0,9435,0,0,1,Biker
78,247.0,733.0,352.0,812.0,9436,0,0,1,Biker
78,250.0,728.0,354.0,806.0,9437,0,0,1,Biker
78,255.0,724.0,360.0,801.0,9438,0,0,1,Biker
78,261.0,719.0,365.0,794.0,9439,0,0,1,Biker
78,266.0,715.0,371.0,790.0,9440,0,0,1,Biker
78,272.0,712.0,376.0,785.0,9441,0,0,0,Biker
78,277.0,708.0,360.0,771.0,9442,0,0,1,Biker
78,283.0,703.0,346.0,758.0,9443,0,0,1,Biker
78,288.0,701.0,332.0,746.0,9444,0,0,0,Biker
78,288.0,696.0,341.0,744.0,9445,0,0,1,Biker
78,291.0,692.0,349.0,744.0,9446,0,0,1,Biker
78,294.0,687.0,357.0,744.0,9447,0,0,1,Biker
78,297.0,683.0,365.0,744.0,9448,0,0,1,Biker
78,299.0,678.0,374.0,744.0,9449,0,0,1,Biker
78,302.0,674.0,382.0,744.0,9450,0,0,1,Biker
78,305.0,669.0,390.0,744.0,9451,0,0,0,Biker
78,305.0,664.0,390.0,740.0,9452,0,0,1,Biker
78,308.0,660.0,390.0,737.0,9453,0,0,1,Biker
78,310.0,655.0,390.0,735.0,9454,0,0,1,Biker
78,313.0,651.0,393.0,730.0,9455,0,0,1,Biker
78,316.0,646.0,393.0,728.0,9456,0,0,1,Biker
78,319.0,642.0,393.0,726.0,9457,0,0,1,Biker
78,321.0,637.0,396.0,721.0,9458,0,0,1,Biker
78,324.0,633.0,396.0,719.0,9459,0,0,1,Biker
78,327.0,628.0,396.0,717.0,9460,0,0,1,Biker
78,330.0,626.0,398.0,715.0,9461,0,0,0,Biker
78,330.0,621.0,398.0,708.0,9462,0,0,1,Biker
78,330.0,617.0,401.0,701.0,9463,0,0,1,Biker
78,330.0,612.0,401.0,694.0,9464,0,0,1,Biker
78,332.0,607.0,404.0,687.0,9465,0,0,1,Biker
78,332.0,603.0,407.0,680.0,9466,0,0,1,Biker
78,332.0,598.0,407.0,674.0,9467,0,0,1,Biker
78,335.0,594.0,409.0,667.0,9468,0,0,1,Biker
78,335.0,589.0,409.0,660.0,9469,0,0,1,Biker
78,335.0,585.0,412.0,653.0,9470,0,0,1,Biker
78,338.0,582.0,415.0,648.0,9471,0,0,0,Biker
78,338.0,578.0,415.0,644.0,9472,0,0,1,Biker
78,338.0,573.0,415.0,639.0,9473,0,0,1,Biker
78,341.0,569.0,418.0,635.0,9474,0,0,1,Biker
78,341.0,564.0,418.0,630.0,9475,0,0,1,Biker
78,343.0,560.0,420.0,628.0,9476,0,0,1,Biker
78,343.0,555.0,420.0,623.0,9477,0,0,1,Biker
78,343.0,551.0,420.0,619.0,9478,0,0,1,Biker
78,346.0,546.0,423.0,614.0,9479,0,0,1,Biker
78,346.0,541.0,423.0,610.0,9480,0,0,1,Biker
78,349.0,539.0,426.0,607.0,9481,0,0,0,Biker
78,349.0,532.0,431.0,601.0,9482,0,0,1,Biker
78,352.0,528.0,437.0,596.0,9483,0,0,1,Biker
78,354.0,523.0,442.0,592.0,9484,0,0,1,Biker
78,357.0,519.0,448.0,587.0,9485,0,0,1,Biker
78,360.0,514.0,453.0,582.0,9486,0,0,1,Biker
78,360.0,507.0,459.0,578.0,9487,0,0,1,Biker
78,363.0,503.0,464.0,573.0,9488,0,0,1,Biker
78,365.0,498.0,470.0,569.0,9489,0,0,1,Biker
78,368.0,494.0,475.0,564.0,9490,0,0,1,Biker
78,371.0,489.0,481.0,560.0,9491,0,0,0,Biker
78,371.0,482.0,481.0,555.0,9492,0,0,1,Biker
78,374.0,478.0,481.0,551.0,9493,0,0,1,Biker
78,376.0,473.0,481.0,546.0,9494,0,0,1,Biker
78,379.0,466.0,481.0,541.0,9495,0,0,1,Biker
78,382.0,462.0,481.0,537.0,9496,0,0,1,Biker
78,385.0,457.0,481.0,532.0,9497,0,0,1,Biker
78,387.0,450.0,481.0,528.0,9498,0,0,1,Biker
78,390.0,446.0,481.0,523.0,9499,0,0,1,Biker
78,393.0,441.0,484.0,519.0,9500,0,0,0,Biker
78,393.0,437.0,484.0,512.0,9501,0,0,1,Biker
78,396.0,432.0,486.0,507.0,9502,0,0,1,Biker
78,398.0,428.0,489.0,503.0,9503,0,0,1,Biker
78,401.0,423.0,489.0,498.0,9504,0,0,1,Biker
78,404.0,418.0,492.0,494.0,9505,0,0,1,Biker
78,404.0,414.0,495.0,489.0,9506,0,0,1,Biker
78,407.0,409.0,495.0,485.0,9507,0,0,1,Biker
78,409.0,405.0,497.0,480.0,9508,0,0,1,Biker
78,412.0,400.0,500.0,475.0,9509,0,0,1,Biker
78,415.0,396.0,500.0,471.0,9510,0,0,1,Biker
78,415.0,391.0,503.0,466.0,9511,0,0,1,Biker
78,418.0,387.0,506.0,462.0,9512,0,0,1,Biker
78,420.0,382.0,506.0,457.0,9513,0,0,1,Biker
78,423.0,377.0,508.0,453.0,9514,0,0,1,Biker
78,426.0,373.0,511.0,448.0,9515,0,0,1,Biker
78,426.0,368.0,511.0,441.0,9516,0,0,1,Biker
78,429.0,364.0,514.0,437.0,9517,0,0,1,Biker
78,431.0,359.0,517.0,432.0,9518,0,0,1,Biker
78,434.0,355.0,517.0,428.0,9519,0,0,1,Biker
78,437.0,350.0,519.0,423.0,9520,0,0,1,Biker
78,437.0,346.0,522.0,418.0,9521,0,0,1,Biker
78,440.0,341.0,522.0,414.0,9522,0,0,1,Biker
78,442.0,337.0,525.0,409.0,9523,0,0,1,Biker
78,445.0,332.0,528.0,405.0,9524,0,0,1,Biker
78,448.0,327.0,528.0,400.0,9525,0,0,1,Biker
78,448.0,323.0,530.0,396.0,9526,0,0,1,Biker
78,451.0,318.0,533.0,391.0,9527,0,0,1,Biker
78,453.0,314.0,533.0,387.0,9528,0,0,1,Biker
78,456.0,309.0,536.0,382.0,9529,0,0,1,Biker
78,459.0,305.0,539.0,377.0,9530,0,0,0,Biker
78,459.0,300.0,539.0,373.0,9531,0,0,1,Biker
78,459.0,296.0,539.0,368.0,9532,0,0,1,Biker
78,459.0,291.0,541.0,364.0,9533,0,0,1,Biker
78,462.0,289.0,541.0,362.0,9534,0,0,1,Biker
78,462.0,284.0,541.0,357.0,9535,0,0,1,Biker
78,462.0,280.0,544.0,352.0,9536,0,0,1,Biker
78,464.0,277.0,544.0,350.0,9537,0,0,1,Biker
78,464.0,273.0,544.0,346.0,9538,0,0,1,Biker
78,464.0,268.0,547.0,341.0,9539,0,0,1,Biker
78,467.0,266.0,547.0,339.0,9540,0,0,1,Biker
78,467.0,261.0,547.0,334.0,9541,0,0,1,Biker
78,467.0,257.0,550.0,330.0,9542,0,0,1,Biker
78,470.0,252.0,550.0,325.0,9543,0,0,1,Biker
78,470.0,250.0,550.0,323.0,9544,0,0,1,Biker
78,470.0,245.0,552.0,318.0,9545,0,0,1,Biker
78,473.0,241.0,552.0,314.0,9546,0,0,1,Biker
78,473.0,239.0,552.0,311.0,9547,0,0,1,Biker
78,473.0,234.0,555.0,307.0,9548,0,0,1,Biker
78,475.0,229.0,555.0,302.0,9549,0,0,1,Biker
78,475.0,227.0,555.0,300.0,9550,0,0,1,Biker
78,475.0,223.0,558.0,296.0,9551,0,0,1,Biker
78,478.0,218.0,558.0,291.0,9552,0,0,1,Biker
78,478.0,214.0,558.0,286.0,9553,0,0,1,Biker
78,478.0,211.0,561.0,284.0,9554,0,0,1,Biker
78,481.0,207.0,561.0,280.0,9555,0,0,1,Biker
78,481.0,202.0,561.0,275.0,9556,0,0,1,Biker
78,481.0,200.0,563.0,273.0,9557,0,0,1,Biker
78,484.0,195.0,563.0,268.0,9558,0,0,1,Biker
78,484.0,191.0,563.0,264.0,9559,0,0,1,Biker
78,484.0,188.0,566.0,261.0,9560,0,0,1,Biker
78,486.0,184.0,566.0,257.0,9561,0,0,1,Biker
78,486.0,179.0,566.0,252.0,9562,0,0,1,Biker
78,486.0,175.0,569.0,248.0,9563,0,0,1,Biker
78,489.0,173.0,569.0,245.0,9564,0,0,1,Biker
78,489.0,168.0,572.0,241.0,9565,0,0,1,Biker
78,489.0,163.0,572.0,236.0,9566,0,0,1,Biker
78,492.0,161.0,572.0,234.0,9567,0,0,1,Biker
78,492.0,157.0,574.0,229.0,9568,0,0,1,Biker
78,492.0,152.0,574.0,225.0,9569,0,0,1,Biker
78,495.0,150.0,574.0,223.0,9570,0,0,1,Biker
78,495.0,145.0,577.0,218.0,9571,0,0,1,Biker
78,495.0,141.0,577.0,214.0,9572,0,0,1,Biker
78,497.0,136.0,577.0,209.0,9573,0,0,1,Biker
78,497.0,134.0,580.0,207.0,9574,0,0,1,Biker
78,497.0,129.0,580.0,202.0,9575,0,0,1,Biker
78,500.0,125.0,580.0,198.0,9576,0,0,1,Biker
78,500.0,122.0,583.0,195.0,9577,0,0,1,Biker
78,500.0,118.0,583.0,191.0,9578,0,0,1,Biker
78,503.0,113.0,583.0,186.0,9579,0,0,1,Biker
78,503.0,111.0,585.0,184.0,9580,0,0,1,Biker
78,503.0,107.0,585.0,179.0,9581,0,0,1,Biker
78,506.0,102.0,585.0,175.0,9582,0,0,1,Biker
78,506.0,97.0,588.0,170.0,9583,0,0,1,Biker
78,506.0,95.0,588.0,168.0,9584,0,0,1,Biker
78,508.0,91.0,588.0,163.0,9585,0,0,1,Biker
78,508.0,86.0,591.0,159.0,9586,0,0,1,Biker
78,508.0,84.0,591.0,157.0,9587,0,0,1,Biker
78,511.0,79.0,591.0,152.0,9588,0,0,1,Biker
78,511.0,75.0,594.0,148.0,9589,0,0,1,Biker
78,511.0,72.0,594.0,145.0,9590,0,0,1,Biker
78,514.0,68.0,594.0,141.0,9591,0,0,1,Biker
78,514.0,63.0,596.0,136.0,9592,0,0,1,Biker
78,514.0,59.0,596.0,132.0,9593,0,0,1,Biker
78,517.0,56.0,596.0,129.0,9594,0,0,1,Biker
78,517.0,52.0,599.0,125.0,9595,0,0,1,Biker
78,517.0,47.0,599.0,120.0,9596,0,0,1,Biker
78,519.0,45.0,599.0,118.0,9597,0,0,1,Biker
78,519.0,40.0,602.0,113.0,9598,0,0,1,Biker
78,519.0,36.0,602.0,109.0,9599,0,0,1,Biker
78,522.0,34.0,605.0,107.0,9600,0,0,0,Biker
78,525.0,31.0,607.0,104.0,9601,0,0,1,Biker
78,528.0,29.0,610.0,102.0,9602,0,0,1,Biker
78,530.0,27.0,613.0,100.0,9603,0,0,1,Biker
78,533.0,27.0,616.0,97.0,9604,0,0,1,Biker
78,536.0,25.0,618.0,95.0,9605,0,0,1,Biker
78,539.0,22.0,624.0,93.0,9606,0,0,1,Biker
78,541.0,22.0,627.0,91.0,9607,0,0,1,Biker
78,544.0,20.0,629.0,88.0,9608,0,0,1,Biker
78,547.0,18.0,632.0,86.0,9609,0,0,1,Biker
78,550.0,15.0,635.0,84.0,9610,0,0,1,Biker
78,552.0,15.0,640.0,81.0,9611,0,0,1,Biker
78,555.0,13.0,643.0,79.0,9612,0,0,1,Biker
78,558.0,11.0,646.0,77.0,9613,0,0,1,Biker
78,561.0,11.0,649.0,75.0,9614,0,0,1,Biker
78,563.0,9.0,651.0,72.0,9615,0,0,1,Biker
78,566.0,6.0,657.0,70.0,9616,0,0,1,Biker
78,569.0,4.0,660.0,68.0,9617,0,0,1,Biker
78,572.0,4.0,662.0,66.0,9618,0,0,1,Biker
78,574.0,2.0,665.0,63.0,9619,0,0,1,Biker
78,577.0,0.0,668.0,61.0,9620,0,0,1,Biker
78,580.0,0.0,673.0,61.0,9621,0,0,0,Biker
78,580.0,0.0,673.0,61.0,9622,0,0,1,Biker
78,580.0,0.0,673.0,61.0,9623,0,0,1,Biker
78,580.0,0.0,673.0,61.0,9624,0,0,1,Biker
78,580.0,0.0,673.0,61.0,9625,0,0,1,Biker
78,580.0,0.0,673.0,61.0,9626,0,0,1,Biker
78,580.0,0.0,673.0,61.0,9627,0,0,1,Biker
78,580.0,0.0,673.0,61.0,9628,0,0,1,Biker
78,580.0,0.0,673.0,61.0,9629,0,0,1,Biker
78,580.0,0.0,673.0,61.0,9630,0,0,1,Biker
78,580.0,0.0,673.0,61.0,9631,1,0,0,Biker
78,580.0,0.0,673.0,61.0,9632,1,0,1,Biker
78,580.0,0.0,673.0,61.0,9633,1,0,1,Biker
78,580.0,0.0,673.0,61.0,9634,1,0,1,Biker
78,580.0,0.0,673.0,61.0,9635,1,0,1,Biker
78,580.0,0.0,673.0,61.0,9636,1,0,1,Biker
78,580.0,0.0,673.0,61.0,9637,1,0,1,Biker
78,580.0,0.0,673.0,61.0,9638,1,0,1,Biker
78,580.0,0.0,673.0,61.0,9639,1,0,1,Biker
78,580.0,0.0,673.0,61.0,9640,1,0,1,Biker
78,580.0,0.0,673.0,61.0,9641,1,0,0,Biker
78,580.0,0.0,673.0,61.0,9642,1,0,1,Biker
78,580.0,0.0,673.0,61.0,9643,1,0,1,Biker
78,580.0,0.0,673.0,61.0,9644,1,0,1,Biker
78,580.0,0.0,673.0,61.0,9645,1,0,1,Biker
78,580.0,0.0,673.0,61.0,9646,1,0,1,Biker
78,580.0,0.0,673.0,61.0,9647,1,0,1,Biker
78,580.0,0.0,673.0,61.0,9648,1,0,1,Biker
78,580.0,0.0,673.0,61.0,9649,1,0,1,Biker
78,580.0,0.0,673.0,61.0,9650,1,0,1,Biker
78,580.0,0.0,673.0,61.0,9651,1,0,1,Biker
78,580.0,0.0,673.0,61.0,9652,1,0,1,Biker
78,580.0,0.0,673.0,61.0,9653,1,0,1,Biker
78,580.0,0.0,673.0,61.0,9654,1,0,1,Biker
78,580.0,0.0,673.0,61.0,9655,1,0,1,Biker
78,580.0,0.0,673.0,61.0,9656,1,0,1,Biker
78,580.0,0.0,673.0,61.0,9657,1,0,1,Biker
78,580.0,0.0,673.0,61.0,9658,1,0,1,Biker
78,580.0,0.0,673.0,61.0,9659,1,0,1,Biker
78,580.0,0.0,673.0,61.0,9660,1,0,1,Biker
78,580.0,0.0,673.0,61.0,9661,1,0,1,Biker
78,580.0,0.0,673.0,61.0,9662,1,0,1,Biker
78,580.0,0.0,673.0,61.0,9663,1,0,1,Biker
78,580.0,0.0,673.0,61.0,9664,1,0,1,Biker
78,580.0,0.0,673.0,61.0,9665,1,0,1,Biker
78,580.0,0.0,673.0,61.0,9666,1,0,1,Biker
78,580.0,0.0,673.0,61.0,9667,1,0,1,Biker
78,580.0,0.0,673.0,61.0,9668,1,0,1,Biker
78,580.0,0.0,673.0,61.0,9669,1,0,1,Biker
78,580.0,0.0,673.0,61.0,9670,1,0,1,Biker
78,580.0,0.0,673.0,61.0,9671,1,0,1,Biker
78,580.0,0.0,673.0,61.0,9672,1,0,1,Biker
78,580.0,0.0,673.0,61.0,9673,1,0,1,Biker
78,580.0,0.0,673.0,61.0,9674,1,0,1,Biker
78,580.0,0.0,673.0,61.0,9675,1,0,1,Biker
78,580.0,0.0,673.0,61.0,9676,1,0,1,Biker
78,580.0,0.0,673.0,61.0,9677,1,0,1,Biker
78,580.0,0.0,673.0,61.0,9678,1,0,1,Biker
78,580.0,0.0,673.0,61.0,9679,1,0,1,Biker
78,580.0,0.0,673.0,61.0,9680,1,0,1,Biker
78,580.0,0.0,673.0,61.0,9681,1,0,1,Biker
78,580.0,0.0,673.0,61.0,9682,1,0,1,Biker
78,580.0,0.0,673.0,61.0,9683,1,0,1,Biker
78,580.0,0.0,673.0,61.0,9684,1,0,1,Biker
78,580.0,0.0,673.0,61.0,9685,1,0,1,Biker
78,580.0,0.0,673.0,61.0,9686,1,0,1,Biker
78,580.0,0.0,673.0,61.0,9687,1,0,1,Biker
78,580.0,0.0,673.0,61.0,9688,1,0,1,Biker
78,580.0,0.0,673.0,61.0,9689,1,0,1,Biker
78,580.0,0.0,673.0,61.0,9690,1,0,1,Biker
78,580.0,0.0,673.0,61.0,9691,1,0,1,Biker
78,580.0,0.0,673.0,61.0,9692,1,0,1,Biker
78,580.0,0.0,673.0,61.0,9693,1,0,1,Biker
78,580.0,0.0,673.0,61.0,9694,1,0,1,Biker
78,580.0,0.0,673.0,61.0,9695,1,0,1,Biker
78,580.0,0.0,673.0,61.0,9696,1,0,1,Biker
78,580.0,0.0,673.0,61.0,9697,1,0,1,Biker
78,580.0,0.0,673.0,61.0,9698,1,0,1,Biker
78,580.0,0.0,673.0,61.0,9699,1,0,1,Biker
78,580.0,0.0,673.0,61.0,9700,1,0,1,Biker
78,580.0,0.0,673.0,61.0,9701,1,0,1,Biker
78,580.0,0.0,673.0,61.0,9702,1,0,1,Biker
78,580.0,0.0,673.0,61.0,9703,1,0,1,Biker
78,580.0,0.0,673.0,61.0,9704,1,0,1,Biker
78,580.0,0.0,673.0,61.0,9705,1,0,1,Biker
78,580.0,0.0,673.0,61.0,9706,1,0,1,Biker
78,580.0,0.0,673.0,61.0,9707,1,0,1,Biker
78,580.0,0.0,673.0,61.0,9708,1,0,1,Biker
78,580.0,0.0,673.0,61.0,9709,1,0,1,Biker
78,580.0,0.0,673.0,61.0,9710,1,0,1,Biker
78,580.0,0.0,673.0,61.0,9711,1,0,1,Biker
78,580.0,0.0,673.0,61.0,9712,1,0,1,Biker
78,580.0,0.0,673.0,61.0,9713,1,0,1,Biker
78,580.0,0.0,673.0,61.0,9714,1,0,1,Biker
78,580.0,0.0,673.0,61.0,9715,1,0,1,Biker
78,580.0,0.0,673.0,61.0,9716,1,0,1,Biker
78,580.0,0.0,673.0,61.0,9717,1,0,1,Biker
78,580.0,0.0,673.0,61.0,9718,1,0,1,Biker
78,580.0,0.0,673.0,61.0,9719,1,0,1,Biker
78,580.0,0.0,673.0,61.0,9720,1,0,1,Biker
78,580.0,0.0,673.0,61.0,9721,1,0,1,Biker
78,580.0,0.0,673.0,61.0,9722,1,0,1,Biker
78,580.0,0.0,673.0,61.0,9723,1,0,1,Biker
78,580.0,0.0,673.0,61.0,9724,1,0,1,Biker
78,580.0,0.0,673.0,61.0,9725,1,0,1,Biker
78,580.0,0.0,673.0,61.0,9726,1,0,1,Biker
78,580.0,0.0,673.0,61.0,9727,1,0,1,Biker
78,580.0,0.0,673.0,61.0,9728,1,0,1,Biker
78,580.0,0.0,673.0,61.0,9729,1,0,1,Biker
78,580.0,0.0,673.0,61.0,9730,1,0,1,Biker
78,580.0,0.0,673.0,61.0,9731,1,0,1,Biker
78,580.0,0.0,673.0,61.0,9732,1,0,1,Biker
78,580.0,0.0,673.0,61.0,9733,1,0,1,Biker
78,580.0,0.0,673.0,61.0,9734,1,0,1,Biker
78,580.0,0.0,673.0,61.0,9735,1,0,1,Biker
78,580.0,0.0,673.0,61.0,9736,1,0,1,Biker
78,580.0,0.0,673.0,61.0,9737,1,0,1,Biker
78,580.0,0.0,673.0,61.0,9738,1,0,1,Biker
78,580.0,0.0,673.0,61.0,9739,1,0,1,Biker
78,580.0,0.0,673.0,61.0,9740,1,0,1,Biker
78,580.0,0.0,673.0,61.0,9741,1,0,1,Biker
78,580.0,0.0,673.0,61.0,9742,1,0,1,Biker
78,580.0,0.0,673.0,61.0,9743,1,0,1,Biker
78,580.0,0.0,673.0,61.0,9744,1,0,1,Biker
78,580.0,0.0,673.0,61.0,9745,1,0,1,Biker
78,580.0,0.0,673.0,61.0,9746,1,0,1,Biker
78,580.0,0.0,673.0,61.0,9747,1,0,1,Biker
78,580.0,0.0,673.0,61.0,9748,1,0,1,Biker
78,580.0,0.0,673.0,61.0,9749,1,0,1,Biker
78,580.0,0.0,673.0,61.0,9750,1,0,1,Biker
78,580.0,0.0,673.0,61.0,9751,1,0,1,Biker
78,580.0,0.0,673.0,61.0,9752,1,0,1,Biker
78,580.0,0.0,673.0,61.0,9753,1,0,1,Biker
78,580.0,0.0,673.0,61.0,9754,1,0,1,Biker
78,580.0,0.0,673.0,61.0,9755,1,0,1,Biker
78,580.0,0.0,673.0,61.0,9756,1,0,1,Biker
78,580.0,0.0,673.0,61.0,9757,1,0,1,Biker
78,580.0,0.0,673.0,61.0,9758,1,0,1,Biker
78,580.0,0.0,673.0,61.0,9759,1,0,1,Biker
78,580.0,0.0,673.0,61.0,9760,1,0,1,Biker
78,580.0,0.0,673.0,61.0,9761,1,0,1,Biker
78,580.0,0.0,673.0,61.0,9762,1,0,1,Biker
78,580.0,0.0,673.0,61.0,9763,1,0,1,Biker
78,580.0,0.0,673.0,61.0,9764,1,0,1,Biker
78,580.0,0.0,673.0,61.0,9765,1,0,1,Biker
78,580.0,0.0,673.0,61.0,9766,1,0,1,Biker
78,580.0,0.0,673.0,61.0,9767,1,0,1,Biker
78,580.0,0.0,673.0,61.0,9768,1,0,1,Biker
78,580.0,0.0,673.0,61.0,9769,1,0,1,Biker
78,580.0,0.0,673.0,61.0,9770,1,0,1,Biker
78,580.0,0.0,673.0,61.0,9771,1,0,1,Biker
78,580.0,0.0,673.0,61.0,9772,1,0,1,Biker
78,580.0,0.0,673.0,61.0,9773,1,0,1,Biker
78,580.0,0.0,673.0,61.0,9774,1,0,1,Biker
78,580.0,0.0,673.0,61.0,9775,1,0,1,Biker
78,580.0,0.0,673.0,61.0,9776,1,0,1,Biker
78,580.0,0.0,673.0,61.0,9777,1,0,1,Biker
78,580.0,0.0,673.0,61.0,9778,1,0,1,Biker
78,580.0,0.0,673.0,61.0,9779,1,0,1,Biker
78,580.0,0.0,673.0,61.0,9780,1,0,1,Biker
78,580.0,0.0,673.0,61.0,9781,1,0,1,Biker
78,580.0,0.0,673.0,61.0,9782,1,0,1,Biker
78,580.0,0.0,673.0,61.0,9783,1,0,1,Biker
78,580.0,0.0,673.0,61.0,9784,1,0,1,Biker
78,580.0,0.0,673.0,61.0,9785,1,0,1,Biker
78,580.0,0.0,673.0,61.0,9786,1,0,1,Biker
78,580.0,0.0,673.0,61.0,9787,1,0,1,Biker
78,580.0,0.0,673.0,61.0,9788,1,0,1,Biker
78,580.0,0.0,673.0,61.0,9789,1,0,1,Biker
78,580.0,0.0,673.0,61.0,9790,1,0,1,Biker
78,580.0,0.0,673.0,61.0,9791,1,0,1,Biker
78,580.0,0.0,673.0,61.0,9792,1,0,1,Biker
78,580.0,0.0,673.0,61.0,9793,1,0,1,Biker
78,580.0,0.0,673.0,61.0,9794,1,0,1,Biker
78,580.0,0.0,673.0,61.0,9795,1,0,1,Biker
78,580.0,0.0,673.0,61.0,9796,1,0,1,Biker
78,580.0,0.0,673.0,61.0,9797,1,0,1,Biker
78,580.0,0.0,673.0,61.0,9798,1,0,1,Biker
78,580.0,0.0,673.0,61.0,9799,1,0,1,Biker
78,580.0,0.0,673.0,61.0,9800,1,0,1,Biker
78,580.0,0.0,673.0,61.0,9801,1,0,1,Biker
78,580.0,0.0,673.0,61.0,9802,1,0,1,Biker
78,580.0,0.0,673.0,61.0,9803,1,0,1,Biker
78,580.0,0.0,673.0,61.0,9804,1,0,1,Biker
78,580.0,0.0,673.0,61.0,9805,1,0,1,Biker
78,580.0,0.0,673.0,61.0,9806,1,0,1,Biker
78,580.0,0.0,673.0,61.0,9807,1,0,1,Biker
78,580.0,0.0,673.0,61.0,9808,1,0,1,Biker
78,580.0,0.0,673.0,61.0,9809,1,0,1,Biker
78,580.0,0.0,673.0,61.0,9810,1,0,1,Biker
78,580.0,0.0,673.0,61.0,9811,1,0,1,Biker
78,580.0,0.0,673.0,61.0,9812,1,0,1,Biker
78,580.0,0.0,673.0,61.0,9813,1,0,1,Biker
78,580.0,0.0,673.0,61.0,9814,1,0,1,Biker
78,580.0,0.0,673.0,61.0,9815,1,0,1,Biker
78,580.0,0.0,673.0,61.0,9816,1,0,1,Biker
78,580.0,0.0,673.0,61.0,9817,1,0,1,Biker
78,580.0,0.0,673.0,61.0,9818,1,0,1,Biker
78,580.0,0.0,673.0,61.0,9819,1,0,1,Biker
78,580.0,0.0,673.0,61.0,9820,1,0,1,Biker
78,580.0,0.0,673.0,61.0,9821,1,0,1,Biker
78,580.0,0.0,673.0,61.0,9822,1,0,1,Biker
78,580.0,0.0,673.0,61.0,9823,1,0,1,Biker
78,580.0,0.0,673.0,61.0,9824,1,0,1,Biker
78,580.0,0.0,673.0,61.0,9825,1,0,1,Biker
78,580.0,0.0,673.0,61.0,9826,1,0,1,Biker
78,580.0,0.0,673.0,61.0,9827,1,0,1,Biker
78,580.0,0.0,673.0,61.0,9828,1,0,1,Biker
78,580.0,0.0,673.0,61.0,9829,1,0,1,Biker
78,580.0,0.0,673.0,61.0,9830,1,0,1,Biker
78,580.0,0.0,673.0,61.0,9831,1,0,1,Biker
78,580.0,0.0,673.0,61.0,9832,1,0,1,Biker
78,580.0,0.0,673.0,61.0,9833,1,0,1,Biker
78,580.0,0.0,673.0,61.0,9834,1,0,1,Biker
78,580.0,0.0,673.0,61.0,9835,1,0,1,Biker
78,580.0,0.0,673.0,61.0,9836,1,0,1,Biker
78,580.0,0.0,673.0,61.0,9837,1,0,1,Biker
78,580.0,0.0,673.0,61.0,9838,1,0,1,Biker
78,580.0,0.0,673.0,61.0,9839,1,0,1,Biker
78,580.0,0.0,673.0,61.0,9840,1,0,1,Biker
78,580.0,0.0,673.0,61.0,9841,1,0,1,Biker
78,580.0,0.0,673.0,61.0,9842,1,0,1,Biker
78,580.0,0.0,673.0,61.0,9843,1,0,1,Biker
78,580.0,0.0,673.0,61.0,9844,1,0,1,Biker
78,580.0,0.0,673.0,61.0,9845,1,0,1,Biker
78,580.0,0.0,673.0,61.0,9846,1,0,1,Biker
78,580.0,0.0,673.0,61.0,9847,1,0,1,Biker
78,580.0,0.0,673.0,61.0,9848,1,0,1,Biker
78,580.0,0.0,673.0,61.0,9849,1,0,1,Biker
78,580.0,0.0,673.0,61.0,9850,1,0,1,Biker
78,580.0,0.0,673.0,61.0,9851,1,0,1,Biker
78,580.0,0.0,673.0,61.0,9852,1,0,1,Biker
78,580.0,0.0,673.0,61.0,9853,1,0,1,Biker
78,580.0,0.0,673.0,61.0,9854,1,0,1,Biker
78,580.0,0.0,673.0,61.0,9855,1,0,1,Biker
78,580.0,0.0,673.0,61.0,9856,1,0,1,Biker
78,580.0,0.0,673.0,61.0,9857,1,0,1,Biker
78,580.0,0.0,673.0,61.0,9858,1,0,1,Biker
78,580.0,0.0,673.0,61.0,9859,1,0,1,Biker
78,580.0,0.0,673.0,61.0,9860,1,0,1,Biker
78,580.0,0.0,673.0,61.0,9861,1,0,1,Biker
78,580.0,0.0,673.0,61.0,9862,1,0,1,Biker
78,580.0,0.0,673.0,61.0,9863,1,0,1,Biker
78,580.0,0.0,673.0,61.0,9864,1,0,1,Biker
78,580.0,0.0,673.0,61.0,9865,1,0,1,Biker
78,580.0,0.0,673.0,61.0,9866,1,0,1,Biker
78,580.0,0.0,673.0,61.0,9867,1,0,1,Biker
78,580.0,0.0,673.0,61.0,9868,1,0,1,Biker
78,580.0,0.0,673.0,61.0,9869,1,0,1,Biker
78,580.0,0.0,673.0,61.0,9870,1,0,1,Biker
78,580.0,0.0,673.0,61.0,9871,1,0,1,Biker
78,580.0,0.0,673.0,61.0,9872,1,0,1,Biker
78,580.0,0.0,673.0,61.0,9873,1,0,1,Biker
78,580.0,0.0,673.0,61.0,9874,1,0,1,Biker
78,580.0,0.0,673.0,61.0,9875,1,0,1,Biker
78,580.0,0.0,673.0,61.0,9876,1,0,1,Biker
78,580.0,0.0,673.0,61.0,9877,1,0,1,Biker
78,580.0,0.0,673.0,61.0,9878,1,0,1,Biker
78,580.0,0.0,673.0,61.0,9879,1,0,1,Biker
78,580.0,0.0,673.0,61.0,9880,1,0,1,Biker
78,580.0,0.0,673.0,61.0,9881,1,0,1,Biker
78,580.0,0.0,673.0,61.0,9882,1,0,1,Biker
78,580.0,0.0,673.0,61.0,9883,1,0,1,Biker
78,580.0,0.0,673.0,61.0,9884,1,0,1,Biker
78,580.0,0.0,673.0,61.0,9885,1,0,1,Biker
78,580.0,0.0,673.0,61.0,9886,1,0,1,Biker
78,580.0,0.0,673.0,61.0,9887,1,0,1,Biker
78,580.0,0.0,673.0,61.0,9888,1,0,1,Biker
78,580.0,0.0,673.0,61.0,9889,1,0,1,Biker
78,580.0,0.0,673.0,61.0,9890,1,0,1,Biker
78,580.0,0.0,673.0,61.0,9891,1,0,1,Biker
78,580.0,0.0,673.0,61.0,9892,1,0,1,Biker
78,580.0,0.0,673.0,61.0,9893,1,0,1,Biker
78,580.0,0.0,673.0,61.0,9894,1,0,1,Biker
78,580.0,0.0,673.0,61.0,9895,1,0,1,Biker
78,580.0,0.0,673.0,61.0,9896,1,0,1,Biker
78,580.0,0.0,673.0,61.0,9897,1,0,1,Biker
78,580.0,0.0,673.0,61.0,9898,1,0,1,Biker
78,580.0,0.0,673.0,61.0,9899,1,0,1,Biker
78,580.0,0.0,673.0,61.0,9900,1,0,1,Biker
78,580.0,0.0,673.0,61.0,9901,1,0,1,Biker
78,580.0,0.0,673.0,61.0,9902,1,0,1,Biker
78,580.0,0.0,673.0,61.0,9903,1,0,1,Biker
78,580.0,0.0,673.0,61.0,9904,1,0,1,Biker
78,580.0,0.0,673.0,61.0,9905,1,0,1,Biker
78,580.0,0.0,673.0,61.0,9906,1,0,1,Biker
78,580.0,0.0,673.0,61.0,9907,1,0,1,Biker
78,580.0,0.0,673.0,61.0,9908,1,0,1,Biker
78,580.0,0.0,673.0,61.0,9909,1,0,1,Biker
78,580.0,0.0,673.0,61.0,9910,1,0,1,Biker
78,580.0,0.0,673.0,61.0,9911,1,0,1,Biker
78,580.0,0.0,673.0,61.0,9912,1,0,1,Biker
78,580.0,0.0,673.0,61.0,9913,1,0,1,Biker
78,580.0,0.0,673.0,61.0,9914,1,0,1,Biker
78,580.0,0.0,673.0,61.0,9915,1,0,1,Biker
78,580.0,0.0,673.0,61.0,9916,1,0,1,Biker
78,580.0,0.0,673.0,61.0,9917,1,0,1,Biker
78,580.0,0.0,673.0,61.0,9918,1,0,1,Biker
78,580.0,0.0,673.0,61.0,9919,1,0,1,Biker
78,580.0,0.0,673.0,61.0,9920,1,0,1,Biker
78,580.0,0.0,673.0,61.0,9921,1,0,1,Biker
78,580.0,0.0,673.0,61.0,9922,1,0,1,Biker
78,580.0,0.0,673.0,61.0,9923,1,0,1,Biker
78,580.0,0.0,673.0,61.0,9924,1,0,1,Biker
78,580.0,0.0,673.0,61.0,9925,1,0,1,Biker
78,580.0,0.0,673.0,61.0,9926,1,0,1,Biker
78,580.0,0.0,673.0,61.0,9927,1,0,1,Biker
78,580.0,0.0,673.0,61.0,9928,1,0,1,Biker
78,580.0,0.0,673.0,61.0,9929,1,0,1,Biker
78,580.0,0.0,673.0,61.0,9930,1,0,1,Biker
78,580.0,0.0,673.0,61.0,9931,1,0,1,Biker
78,580.0,0.0,673.0,61.0,9932,1,0,1,Biker
78,580.0,0.0,673.0,61.0,9933,1,0,1,Biker
78,580.0,0.0,673.0,61.0,9934,1,0,1,Biker
78,580.0,0.0,673.0,61.0,9935,1,0,1,Biker
78,580.0,0.0,673.0,61.0,9936,1,0,1,Biker
78,580.0,0.0,673.0,61.0,9937,1,0,1,Biker
78,580.0,0.0,673.0,61.0,9938,1,0,1,Biker
78,580.0,0.0,673.0,61.0,9939,1,0,1,Biker
78,580.0,0.0,673.0,61.0,9940,1,0,1,Biker
78,580.0,0.0,673.0,61.0,9941,1,0,1,Biker
78,580.0,0.0,673.0,61.0,9942,1,0,1,Biker
78,580.0,0.0,673.0,61.0,9943,1,0,1,Biker
78,580.0,0.0,673.0,61.0,9944,1,0,1,Biker
78,580.0,0.0,673.0,61.0,9945,1,0,1,Biker
78,580.0,0.0,673.0,61.0,9946,1,0,1,Biker
78,580.0,0.0,673.0,61.0,9947,1,0,1,Biker
78,580.0,0.0,673.0,61.0,9948,1,0,1,Biker
78,580.0,0.0,673.0,61.0,9949,1,0,1,Biker
78,580.0,0.0,673.0,61.0,9950,1,0,1,Biker
78,580.0,0.0,673.0,61.0,9951,1,0,1,Biker
78,580.0,0.0,673.0,61.0,9952,1,0,1,Biker
78,580.0,0.0,673.0,61.0,9953,1,0,1,Biker
78,580.0,0.0,673.0,61.0,9954,1,0,1,Biker
78,580.0,0.0,673.0,61.0,9955,1,0,1,Biker
78,580.0,0.0,673.0,61.0,9956,1,0,1,Biker
78,580.0,0.0,673.0,61.0,9957,1,0,1,Biker
78,580.0,0.0,673.0,61.0,9958,1,0,1,Biker
78,580.0,0.0,673.0,61.0,9959,1,0,1,Biker
78,580.0,0.0,673.0,61.0,9960,1,0,1,Biker
78,580.0,0.0,673.0,61.0,9961,1,0,1,Biker
78,580.0,0.0,673.0,61.0,9962,1,0,1,Biker
78,580.0,0.0,673.0,61.0,9963,1,0,1,Biker
78,580.0,0.0,673.0,61.0,9964,1,0,1,Biker
78,580.0,0.0,673.0,61.0,9965,1,0,1,Biker
78,580.0,0.0,673.0,61.0,9966,1,0,1,Biker
78,580.0,0.0,673.0,61.0,9967,1,0,1,Biker
78,580.0,0.0,673.0,61.0,9968,1,0,1,Biker
78,580.0,0.0,673.0,61.0,9969,1,0,1,Biker
78,580.0,0.0,673.0,61.0,9970,1,0,1,Biker
78,580.0,0.0,673.0,61.0,9971,1,0,1,Biker
78,580.0,0.0,673.0,61.0,9972,1,0,1,Biker
78,580.0,0.0,673.0,61.0,9973,1,0,1,Biker
78,580.0,0.0,673.0,61.0,9974,1,0,1,Biker
78,580.0,0.0,673.0,61.0,9975,1,0,1,Biker
78,580.0,0.0,673.0,61.0,9976,1,0,1,Biker
78,580.0,0.0,673.0,61.0,9977,1,0,1,Biker
78,580.0,0.0,673.0,61.0,9978,1,0,1,Biker
78,580.0,0.0,673.0,61.0,9979,1,0,1,Biker
78,580.0,0.0,673.0,61.0,9980,1,0,1,Biker
78,580.0,0.0,673.0,61.0,9981,1,0,1,Biker
78,580.0,0.0,673.0,61.0,9982,1,0,1,Biker
78,580.0,0.0,673.0,61.0,9983,1,0,1,Biker
78,580.0,0.0,673.0,61.0,9984,1,0,1,Biker
78,580.0,0.0,673.0,61.0,9985,1,0,1,Biker
78,580.0,0.0,673.0,61.0,9986,1,0,1,Biker
78,580.0,0.0,673.0,61.0,9987,1,0,1,Biker
78,580.0,0.0,673.0,61.0,9988,1,0,1,Biker
78,580.0,0.0,673.0,61.0,9989,1,0,1,Biker
78,580.0,0.0,673.0,61.0,9990,1,0,1,Biker
78,580.0,0.0,673.0,61.0,9991,1,0,1,Biker
78,580.0,0.0,673.0,61.0,9992,1,0,1,Biker
78,580.0,0.0,673.0,61.0,9993,1,0,1,Biker
78,580.0,0.0,673.0,61.0,9994,1,0,1,Biker
78,580.0,0.0,673.0,61.0,9995,1,0,1,Biker
78,580.0,0.0,673.0,61.0,9996,1,0,1,Biker
78,580.0,0.0,673.0,61.0,9997,1,0,1,Biker
78,580.0,0.0,673.0,61.0,9998,1,0,1,Biker
78,580.0,0.0,673.0,61.0,9999,1,0,1,Biker
78,580.0,0.0,673.0,61.0,10000,1,0,1,Biker
78,580.0,0.0,673.0,61.0,10001,1,0,1,Biker
78,580.0,0.0,673.0,61.0,10002,1,0,1,Biker
78,580.0,0.0,673.0,61.0,10003,1,0,1,Biker
78,580.0,0.0,673.0,61.0,10004,1,0,1,Biker
78,580.0,0.0,673.0,61.0,10005,1,0,1,Biker
78,580.0,0.0,673.0,61.0,10006,1,0,1,Biker
78,580.0,0.0,673.0,61.0,10007,1,0,1,Biker
78,580.0,0.0,673.0,61.0,10008,1,0,1,Biker
78,580.0,0.0,673.0,61.0,10009,1,0,1,Biker
78,580.0,0.0,673.0,61.0,10010,1,0,1,Biker
78,580.0,0.0,673.0,61.0,10011,1,0,1,Biker
78,580.0,0.0,673.0,61.0,10012,1,0,1,Biker
78,580.0,0.0,673.0,61.0,10013,1,0,1,Biker
78,580.0,0.0,673.0,61.0,10014,1,0,1,Biker
78,580.0,0.0,673.0,61.0,10015,1,0,1,Biker
78,580.0,0.0,673.0,61.0,10016,1,0,1,Biker
78,580.0,0.0,673.0,61.0,10017,1,0,1,Biker
78,580.0,0.0,673.0,61.0,10018,1,0,1,Biker
78,580.0,0.0,673.0,61.0,10019,1,0,1,Biker
78,580.0,0.0,673.0,61.0,10020,1,0,1,Biker
78,580.0,0.0,673.0,61.0,10021,1,0,1,Biker
78,580.0,0.0,673.0,61.0,10022,1,0,1,Biker
78,580.0,0.0,673.0,61.0,10023,1,0,1,Biker
78,580.0,0.0,673.0,61.0,10024,1,0,1,Biker
78,580.0,0.0,673.0,61.0,10025,1,0,1,Biker
78,580.0,0.0,673.0,61.0,10026,1,0,1,Biker
78,580.0,0.0,673.0,61.0,10027,1,0,1,Biker
78,580.0,0.0,673.0,61.0,10028,1,0,1,Biker
78,580.0,0.0,673.0,61.0,10029,1,0,1,Biker
78,580.0,0.0,673.0,61.0,10030,1,0,1,Biker
78,580.0,0.0,673.0,61.0,10031,1,0,0,Biker
79,1850.0,963.0,1941.0,1040.0,5000,1,0,0,Pedestrian
79,1850.0,960.0,1941.0,1038.0,5001,1,0,1,Pedestrian
79,1850.0,960.0,1941.0,1038.0,5002,1,0,1,Pedestrian
79,1850.0,960.0,1941.0,1038.0,5003,1,0,1,Pedestrian
79,1850.0,960.0,1941.0,1038.0,5004,1,0,1,Pedestrian
79,1850.0,960.0,1941.0,1038.0,5005,1,0,1,Pedestrian
79,1850.0,960.0,1941.0,1038.0,5006,1,0,1,Pedestrian
79,1850.0,960.0,1941.0,1038.0,5007,1,0,1,Pedestrian
79,1850.0,960.0,1941.0,1038.0,5008,1,0,1,Pedestrian
79,1850.0,960.0,1941.0,1038.0,5009,1,0,1,Pedestrian
79,1850.0,960.0,1941.0,1038.0,5010,1,0,1,Pedestrian
79,1850.0,960.0,1941.0,1038.0,5011,1,0,1,Pedestrian
79,1850.0,960.0,1941.0,1038.0,5012,1,0,1,Pedestrian
79,1850.0,960.0,1941.0,1038.0,5013,1,0,1,Pedestrian
79,1850.0,960.0,1941.0,1038.0,5014,1,0,1,Pedestrian
79,1850.0,960.0,1941.0,1038.0,5015,1,0,1,Pedestrian
79,1850.0,960.0,1941.0,1038.0,5016,1,0,1,Pedestrian
79,1850.0,960.0,1941.0,1038.0,5017,1,0,1,Pedestrian
79,1850.0,960.0,1941.0,1038.0,5018,1,0,1,Pedestrian
79,1850.0,960.0,1941.0,1038.0,5019,1,0,1,Pedestrian
79,1850.0,960.0,1941.0,1038.0,5020,1,0,1,Pedestrian
79,1850.0,960.0,1941.0,1038.0,5021,1,0,1,Pedestrian
79,1850.0,960.0,1941.0,1038.0,5022,1,0,1,Pedestrian
79,1850.0,960.0,1941.0,1038.0,5023,1,0,1,Pedestrian
79,1850.0,960.0,1941.0,1038.0,5024,1,0,1,Pedestrian
79,1850.0,960.0,1941.0,1038.0,5025,1,0,1,Pedestrian
79,1850.0,960.0,1941.0,1038.0,5026,1,0,1,Pedestrian
79,1850.0,960.0,1941.0,1038.0,5027,1,0,1,Pedestrian
79,1853.0,960.0,1941.0,1038.0,5028,1,0,1,Pedestrian
79,1853.0,960.0,1941.0,1038.0,5029,1,0,1,Pedestrian
79,1853.0,960.0,1941.0,1038.0,5030,1,0,1,Pedestrian
79,1853.0,960.0,1941.0,1038.0,5031,1,0,1,Pedestrian
79,1853.0,960.0,1941.0,1038.0,5032,1,0,1,Pedestrian
79,1853.0,960.0,1941.0,1038.0,5033,1,0,1,Pedestrian
79,1853.0,960.0,1944.0,1038.0,5034,1,0,1,Pedestrian
79,1853.0,960.0,1944.0,1038.0,5035,1,0,1,Pedestrian
79,1853.0,960.0,1944.0,1038.0,5036,1,0,1,Pedestrian
79,1853.0,960.0,1944.0,1038.0,5037,1,0,1,Pedestrian
79,1853.0,960.0,1944.0,1038.0,5038,1,0,1,Pedestrian
79,1853.0,960.0,1944.0,1038.0,5039,1,0,1,Pedestrian
79,1853.0,960.0,1944.0,1038.0,5040,1,0,1,Pedestrian
79,1853.0,960.0,1944.0,1038.0,5041,1,0,1,Pedestrian
79,1853.0,960.0,1944.0,1038.0,5042,1,0,1,Pedestrian
79,1853.0,960.0,1944.0,1038.0,5043,1,0,1,Pedestrian
79,1853.0,960.0,1944.0,1038.0,5044,1,0,1,Pedestrian
79,1853.0,960.0,1944.0,1038.0,5045,1,0,1,Pedestrian
79,1853.0,960.0,1944.0,1038.0,5046,1,0,1,Pedestrian
79,1853.0,960.0,1944.0,1038.0,5047,1,0,1,Pedestrian
79,1853.0,960.0,1944.0,1038.0,5048,1,0,1,Pedestrian
79,1853.0,960.0,1944.0,1038.0,5049,1,0,1,Pedestrian
79,1853.0,960.0,1944.0,1038.0,5050,1,0,1,Pedestrian
79,1853.0,960.0,1944.0,1038.0,5051,1,0,1,Pedestrian
79,1853.0,960.0,1944.0,1038.0,5052,1,0,1,Pedestrian
79,1853.0,960.0,1944.0,1038.0,5053,1,0,1,Pedestrian
79,1853.0,960.0,1944.0,1038.0,5054,1,0,1,Pedestrian
79,1856.0,960.0,1944.0,1038.0,5055,1,0,1,Pedestrian
79,1856.0,960.0,1944.0,1038.0,5056,1,0,1,Pedestrian
79,1856.0,960.0,1944.0,1038.0,5057,1,0,1,Pedestrian
79,1856.0,960.0,1944.0,1038.0,5058,1,0,1,Pedestrian
79,1856.0,960.0,1944.0,1038.0,5059,1,0,1,Pedestrian
79,1856.0,960.0,1944.0,1038.0,5060,1,0,1,Pedestrian
79,1856.0,960.0,1944.0,1038.0,5061,1,0,1,Pedestrian
79,1856.0,960.0,1944.0,1038.0,5062,1,0,1,Pedestrian
79,1856.0,960.0,1944.0,1038.0,5063,1,0,1,Pedestrian
79,1856.0,960.0,1944.0,1038.0,5064,1,0,1,Pedestrian
79,1856.0,960.0,1944.0,1038.0,5065,1,0,1,Pedestrian
79,1856.0,960.0,1944.0,1038.0,5066,1,0,1,Pedestrian
79,1856.0,960.0,1944.0,1038.0,5067,1,0,1,Pedestrian
79,1856.0,960.0,1947.0,1038.0,5068,1,0,1,Pedestrian
79,1856.0,960.0,1947.0,1038.0,5069,1,0,1,Pedestrian
79,1856.0,960.0,1947.0,1038.0,5070,1,0,1,Pedestrian
79,1856.0,960.0,1947.0,1038.0,5071,1,0,1,Pedestrian
79,1856.0,960.0,1947.0,1038.0,5072,1,0,1,Pedestrian
79,1856.0,960.0,1947.0,1038.0,5073,1,0,1,Pedestrian
79,1856.0,960.0,1947.0,1038.0,5074,1,0,1,Pedestrian
79,1856.0,960.0,1947.0,1038.0,5075,1,0,1,Pedestrian
79,1856.0,960.0,1947.0,1038.0,5076,1,0,1,Pedestrian
79,1856.0,960.0,1947.0,1038.0,5077,1,0,1,Pedestrian
79,1856.0,960.0,1947.0,1038.0,5078,1,0,1,Pedestrian
79,1856.0,960.0,1947.0,1038.0,5079,1,0,1,Pedestrian
79,1856.0,960.0,1947.0,1038.0,5080,1,0,1,Pedestrian
79,1856.0,960.0,1947.0,1038.0,5081,1,0,1,Pedestrian
79,1859.0,960.0,1947.0,1038.0,5082,1,0,1,Pedestrian
79,1859.0,960.0,1947.0,1038.0,5083,1,0,1,Pedestrian
79,1859.0,960.0,1947.0,1038.0,5084,1,0,1,Pedestrian
79,1859.0,960.0,1947.0,1038.0,5085,1,0,1,Pedestrian
79,1859.0,960.0,1947.0,1038.0,5086,1,0,1,Pedestrian
79,1859.0,960.0,1947.0,1038.0,5087,1,0,1,Pedestrian
79,1859.0,960.0,1947.0,1038.0,5088,1,0,1,Pedestrian
79,1859.0,960.0,1947.0,1038.0,5089,1,0,1,Pedestrian
79,1859.0,960.0,1947.0,1038.0,5090,1,0,1,Pedestrian
79,1859.0,960.0,1947.0,1038.0,5091,1,0,1,Pedestrian
79,1859.0,960.0,1947.0,1038.0,5092,1,0,1,Pedestrian
79,1859.0,960.0,1947.0,1038.0,5093,1,0,1,Pedestrian
79,1859.0,960.0,1947.0,1038.0,5094,1,0,1,Pedestrian
79,1859.0,960.0,1947.0,1038.0,5095,1,0,1,Pedestrian
79,1859.0,960.0,1947.0,1038.0,5096,1,0,1,Pedestrian
79,1859.0,960.0,1947.0,1038.0,5097,1,0,1,Pedestrian
79,1859.0,960.0,1947.0,1038.0,5098,1,0,1,Pedestrian
79,1859.0,960.0,1947.0,1038.0,5099,1,0,1,Pedestrian
79,1859.0,960.0,1947.0,1038.0,5100,1,0,1,Pedestrian
79,1859.0,960.0,1949.0,1038.0,5101,1,0,1,Pedestrian
79,1859.0,960.0,1949.0,1038.0,5102,1,0,1,Pedestrian
79,1859.0,960.0,1949.0,1038.0,5103,1,0,1,Pedestrian
79,1859.0,960.0,1949.0,1038.0,5104,1,0,1,Pedestrian
79,1859.0,960.0,1949.0,1038.0,5105,1,0,1,Pedestrian
79,1859.0,960.0,1949.0,1038.0,5106,1,0,1,Pedestrian
79,1859.0,960.0,1949.0,1038.0,5107,1,0,1,Pedestrian
79,1859.0,960.0,1949.0,1038.0,5108,1,0,1,Pedestrian
79,1859.0,960.0,1949.0,1038.0,5109,1,0,1,Pedestrian
79,1861.0,960.0,1949.0,1038.0,5110,1,0,1,Pedestrian
79,1861.0,960.0,1949.0,1038.0,5111,1,0,1,Pedestrian
79,1861.0,960.0,1949.0,1038.0,5112,1,0,1,Pedestrian
79,1861.0,960.0,1949.0,1038.0,5113,1,0,1,Pedestrian
79,1861.0,960.0,1949.0,1038.0,5114,1,0,1,Pedestrian
79,1861.0,960.0,1949.0,1038.0,5115,1,0,1,Pedestrian
79,1861.0,960.0,1949.0,1038.0,5116,1,0,1,Pedestrian
79,1861.0,960.0,1949.0,1038.0,5117,1,0,1,Pedestrian
79,1861.0,960.0,1949.0,1038.0,5118,1,0,1,Pedestrian
79,1861.0,960.0,1949.0,1038.0,5119,1,0,1,Pedestrian
79,1861.0,960.0,1949.0,1038.0,5120,1,0,1,Pedestrian
79,1861.0,960.0,1949.0,1038.0,5121,1,0,1,Pedestrian
79,1861.0,960.0,1949.0,1038.0,5122,1,0,1,Pedestrian
79,1861.0,960.0,1949.0,1038.0,5123,1,0,1,Pedestrian
79,1861.0,960.0,1949.0,1038.0,5124,1,0,1,Pedestrian
79,1861.0,960.0,1949.0,1038.0,5125,1,0,1,Pedestrian
79,1861.0,960.0,1949.0,1038.0,5126,1,0,1,Pedestrian
79,1861.0,960.0,1949.0,1038.0,5127,1,0,1,Pedestrian
79,1861.0,960.0,1949.0,1038.0,5128,1,0,1,Pedestrian
79,1861.0,960.0,1949.0,1038.0,5129,1,0,1,Pedestrian
79,1861.0,960.0,1949.0,1038.0,5130,1,0,1,Pedestrian
79,1861.0,960.0,1949.0,1038.0,5131,1,0,1,Pedestrian
79,1861.0,960.0,1949.0,1038.0,5132,1,0,1,Pedestrian
79,1861.0,960.0,1949.0,1038.0,5133,1,0,1,Pedestrian
79,1861.0,960.0,1949.0,1038.0,5134,1,0,1,Pedestrian
79,1861.0,960.0,1952.0,1038.0,5135,1,0,1,Pedestrian
79,1861.0,960.0,1952.0,1038.0,5136,1,0,1,Pedestrian
79,1864.0,960.0,1952.0,1038.0,5137,1,0,1,Pedestrian
79,1864.0,960.0,1952.0,1038.0,5138,1,0,1,Pedestrian
79,1864.0,960.0,1952.0,1038.0,5139,1,0,1,Pedestrian
79,1864.0,960.0,1952.0,1038.0,5140,1,0,1,Pedestrian
79,1864.0,960.0,1952.0,1038.0,5141,1,0,1,Pedestrian
79,1864.0,960.0,1952.0,1038.0,5142,1,0,1,Pedestrian
79,1864.0,960.0,1952.0,1038.0,5143,1,0,1,Pedestrian
79,1864.0,960.0,1952.0,1038.0,5144,1,0,1,Pedestrian
79,1864.0,960.0,1952.0,1038.0,5145,1,0,1,Pedestrian
79,1864.0,960.0,1952.0,1038.0,5146,1,0,1,Pedestrian
79,1864.0,960.0,1952.0,1038.0,5147,1,0,1,Pedestrian
79,1864.0,960.0,1952.0,1038.0,5148,1,0,1,Pedestrian
79,1864.0,960.0,1952.0,1038.0,5149,1,0,1,Pedestrian
79,1864.0,960.0,1952.0,1038.0,5150,1,0,1,Pedestrian
79,1864.0,960.0,1952.0,1038.0,5151,1,0,1,Pedestrian
79,1864.0,960.0,1952.0,1038.0,5152,1,0,1,Pedestrian
79,1864.0,960.0,1952.0,1038.0,5153,1,0,1,Pedestrian
79,1864.0,960.0,1952.0,1038.0,5154,1,0,1,Pedestrian
79,1864.0,960.0,1952.0,1038.0,5155,1,0,1,Pedestrian
79,1864.0,960.0,1952.0,1038.0,5156,1,0,1,Pedestrian
79,1864.0,960.0,1952.0,1038.0,5157,1,0,1,Pedestrian
79,1864.0,960.0,1952.0,1038.0,5158,1,0,1,Pedestrian
79,1864.0,960.0,1952.0,1038.0,5159,1,0,1,Pedestrian
79,1864.0,960.0,1952.0,1038.0,5160,1,0,1,Pedestrian
79,1864.0,960.0,1952.0,1038.0,5161,1,0,1,Pedestrian
79,1864.0,960.0,1952.0,1038.0,5162,1,0,1,Pedestrian
79,1864.0,960.0,1952.0,1038.0,5163,1,0,1,Pedestrian
79,1867.0,960.0,1952.0,1038.0,5164,1,0,1,Pedestrian
79,1867.0,960.0,1952.0,1038.0,5165,1,0,1,Pedestrian
79,1867.0,960.0,1952.0,1038.0,5166,1,0,1,Pedestrian
79,1867.0,960.0,1952.0,1038.0,5167,1,0,1,Pedestrian
79,1867.0,960.0,1952.0,1038.0,5168,1,0,1,Pedestrian
79,1867.0,960.0,1955.0,1038.0,5169,1,0,1,Pedestrian
79,1867.0,960.0,1955.0,1038.0,5170,1,0,1,Pedestrian
79,1867.0,960.0,1955.0,1038.0,5171,1,0,1,Pedestrian
79,1867.0,960.0,1955.0,1038.0,5172,1,0,1,Pedestrian
79,1867.0,960.0,1955.0,1038.0,5173,1,0,1,Pedestrian
79,1867.0,960.0,1955.0,1038.0,5174,1,0,1,Pedestrian
79,1867.0,960.0,1955.0,1038.0,5175,1,0,1,Pedestrian
79,1867.0,960.0,1955.0,1038.0,5176,1,0,1,Pedestrian
79,1867.0,960.0,1955.0,1038.0,5177,1,0,1,Pedestrian
79,1867.0,960.0,1955.0,1038.0,5178,1,0,1,Pedestrian
79,1867.0,960.0,1955.0,1038.0,5179,1,0,1,Pedestrian
79,1867.0,960.0,1955.0,1038.0,5180,1,0,1,Pedestrian
79,1867.0,960.0,1955.0,1038.0,5181,1,0,1,Pedestrian
79,1867.0,960.0,1955.0,1038.0,5182,1,0,1,Pedestrian
79,1867.0,960.0,1955.0,1038.0,5183,1,0,1,Pedestrian
79,1867.0,960.0,1955.0,1038.0,5184,1,0,1,Pedestrian
79,1867.0,960.0,1955.0,1038.0,5185,1,0,1,Pedestrian
79,1867.0,960.0,1955.0,1038.0,5186,1,0,1,Pedestrian
79,1867.0,960.0,1955.0,1038.0,5187,1,0,1,Pedestrian
79,1867.0,960.0,1955.0,1038.0,5188,1,0,1,Pedestrian
79,1867.0,960.0,1955.0,1038.0,5189,1,0,1,Pedestrian
79,1867.0,960.0,1955.0,1038.0,5190,1,0,1,Pedestrian
79,1867.0,960.0,1955.0,1038.0,5191,1,0,1,Pedestrian
79,1870.0,960.0,1955.0,1038.0,5192,1,0,1,Pedestrian
79,1870.0,960.0,1955.0,1038.0,5193,1,0,1,Pedestrian
79,1870.0,960.0,1955.0,1038.0,5194,1,0,1,Pedestrian
79,1870.0,960.0,1955.0,1038.0,5195,1,0,1,Pedestrian
79,1870.0,960.0,1955.0,1038.0,5196,1,0,1,Pedestrian
79,1870.0,960.0,1955.0,1038.0,5197,1,0,1,Pedestrian
79,1870.0,960.0,1955.0,1038.0,5198,1,0,1,Pedestrian
79,1870.0,960.0,1955.0,1038.0,5199,1,0,1,Pedestrian
79,1870.0,960.0,1955.0,1038.0,5200,1,0,1,Pedestrian
79,1870.0,960.0,1955.0,1038.0,5201,1,0,1,Pedestrian
79,1870.0,960.0,1958.0,1038.0,5202,1,0,1,Pedestrian
79,1870.0,960.0,1958.0,1038.0,5203,1,0,1,Pedestrian
79,1870.0,960.0,1958.0,1038.0,5204,1,0,1,Pedestrian
79,1870.0,960.0,1958.0,1038.0,5205,1,0,1,Pedestrian
79,1870.0,960.0,1958.0,1038.0,5206,1,0,1,Pedestrian
79,1870.0,960.0,1958.0,1038.0,5207,1,0,1,Pedestrian
79,1870.0,960.0,1958.0,1038.0,5208,1,0,1,Pedestrian
79,1870.0,960.0,1958.0,1038.0,5209,1,0,1,Pedestrian
79,1870.0,960.0,1958.0,1038.0,5210,1,0,1,Pedestrian
79,1870.0,960.0,1958.0,1038.0,5211,1,0,1,Pedestrian
79,1870.0,960.0,1958.0,1038.0,5212,1,0,1,Pedestrian
79,1870.0,960.0,1958.0,1038.0,5213,1,0,1,Pedestrian
79,1870.0,960.0,1958.0,1038.0,5214,1,0,1,Pedestrian
79,1870.0,960.0,1958.0,1038.0,5215,1,0,1,Pedestrian
79,1870.0,960.0,1958.0,1038.0,5216,1,0,1,Pedestrian
79,1870.0,960.0,1958.0,1038.0,5217,1,0,1,Pedestrian
79,1870.0,960.0,1958.0,1038.0,5218,1,0,1,Pedestrian
79,1872.0,960.0,1958.0,1038.0,5219,1,0,1,Pedestrian
79,1872.0,960.0,1958.0,1038.0,5220,1,0,1,Pedestrian
79,1872.0,960.0,1958.0,1038.0,5221,1,0,1,Pedestrian
79,1872.0,960.0,1958.0,1038.0,5222,1,0,1,Pedestrian
79,1872.0,960.0,1958.0,1038.0,5223,1,0,1,Pedestrian
79,1872.0,960.0,1958.0,1038.0,5224,1,0,1,Pedestrian
79,1872.0,960.0,1958.0,1038.0,5225,1,0,1,Pedestrian
79,1872.0,960.0,1958.0,1038.0,5226,1,0,1,Pedestrian
79,1872.0,960.0,1958.0,1038.0,5227,1,0,1,Pedestrian
79,1872.0,960.0,1958.0,1038.0,5228,1,0,1,Pedestrian
79,1872.0,960.0,1958.0,1038.0,5229,1,0,1,Pedestrian
79,1872.0,960.0,1958.0,1038.0,5230,1,0,1,Pedestrian
79,1872.0,960.0,1958.0,1038.0,5231,1,0,1,Pedestrian
79,1872.0,960.0,1958.0,1038.0,5232,1,0,1,Pedestrian
79,1872.0,960.0,1958.0,1038.0,5233,1,0,1,Pedestrian
79,1872.0,960.0,1958.0,1038.0,5234,1,0,1,Pedestrian
79,1872.0,960.0,1958.0,1038.0,5235,1,0,1,Pedestrian
79,1872.0,960.0,1960.0,1038.0,5236,1,0,1,Pedestrian
79,1872.0,960.0,1960.0,1038.0,5237,1,0,1,Pedestrian
79,1872.0,960.0,1960.0,1038.0,5238,1,0,1,Pedestrian
79,1872.0,960.0,1960.0,1038.0,5239,1,0,1,Pedestrian
79,1872.0,960.0,1960.0,1038.0,5240,1,0,1,Pedestrian
79,1872.0,960.0,1960.0,1038.0,5241,1,0,1,Pedestrian
79,1872.0,960.0,1960.0,1038.0,5242,1,0,1,Pedestrian
79,1872.0,960.0,1960.0,1038.0,5243,1,0,1,Pedestrian
79,1872.0,960.0,1960.0,1038.0,5244,1,0,1,Pedestrian
79,1872.0,960.0,1960.0,1038.0,5245,1,0,1,Pedestrian
79,1875.0,960.0,1960.0,1038.0,5246,1,0,1,Pedestrian
79,1875.0,960.0,1960.0,1038.0,5247,1,0,1,Pedestrian
79,1875.0,960.0,1960.0,1038.0,5248,1,0,1,Pedestrian
79,1875.0,960.0,1960.0,1038.0,5249,1,0,1,Pedestrian
79,1875.0,960.0,1960.0,1038.0,5250,1,0,1,Pedestrian
79,1875.0,960.0,1960.0,1038.0,5251,1,0,1,Pedestrian
79,1875.0,960.0,1960.0,1038.0,5252,1,0,1,Pedestrian
79,1875.0,960.0,1960.0,1038.0,5253,1,0,1,Pedestrian
79,1875.0,960.0,1960.0,1038.0,5254,1,0,1,Pedestrian
79,1875.0,960.0,1960.0,1038.0,5255,1,0,1,Pedestrian
79,1875.0,960.0,1960.0,1038.0,5256,1,0,1,Pedestrian
79,1875.0,960.0,1960.0,1038.0,5257,1,0,1,Pedestrian
79,1875.0,960.0,1960.0,1038.0,5258,1,0,1,Pedestrian
79,1875.0,960.0,1960.0,1038.0,5259,1,0,1,Pedestrian
79,1875.0,960.0,1960.0,1038.0,5260,1,0,1,Pedestrian
79,1875.0,960.0,1960.0,1038.0,5261,1,0,1,Pedestrian
79,1875.0,960.0,1960.0,1038.0,5262,1,0,1,Pedestrian
79,1875.0,960.0,1960.0,1038.0,5263,1,0,1,Pedestrian
79,1875.0,960.0,1960.0,1038.0,5264,1,0,1,Pedestrian
79,1875.0,960.0,1960.0,1038.0,5265,1,0,1,Pedestrian
79,1875.0,960.0,1960.0,1038.0,5266,1,0,1,Pedestrian
79,1875.0,960.0,1960.0,1038.0,5267,1,0,1,Pedestrian
79,1875.0,960.0,1960.0,1038.0,5268,1,0,1,Pedestrian
79,1875.0,960.0,1963.0,1038.0,5269,1,0,1,Pedestrian
79,1875.0,960.0,1963.0,1038.0,5270,1,0,1,Pedestrian
79,1875.0,960.0,1963.0,1038.0,5271,1,0,1,Pedestrian
79,1875.0,960.0,1963.0,1038.0,5272,1,0,1,Pedestrian
79,1875.0,960.0,1963.0,1038.0,5273,1,0,1,Pedestrian
79,1878.0,960.0,1963.0,1038.0,5274,1,0,1,Pedestrian
79,1878.0,960.0,1963.0,1038.0,5275,1,0,1,Pedestrian
79,1878.0,960.0,1963.0,1038.0,5276,1,0,1,Pedestrian
79,1878.0,960.0,1963.0,1038.0,5277,1,0,1,Pedestrian
79,1878.0,960.0,1963.0,1038.0,5278,1,0,1,Pedestrian
79,1878.0,960.0,1963.0,1038.0,5279,1,0,1,Pedestrian
79,1878.0,960.0,1963.0,1038.0,5280,1,0,1,Pedestrian
79,1878.0,960.0,1963.0,1038.0,5281,1,0,1,Pedestrian
79,1878.0,960.0,1963.0,1038.0,5282,1,0,1,Pedestrian
79,1878.0,960.0,1963.0,1038.0,5283,1,0,1,Pedestrian
79,1878.0,960.0,1963.0,1038.0,5284,1,0,1,Pedestrian
79,1878.0,960.0,1963.0,1038.0,5285,1,0,1,Pedestrian
79,1878.0,960.0,1963.0,1038.0,5286,1,0,1,Pedestrian
79,1878.0,960.0,1963.0,1038.0,5287,1,0,1,Pedestrian
79,1878.0,960.0,1963.0,1038.0,5288,1,0,1,Pedestrian
79,1878.0,960.0,1963.0,1038.0,5289,1,0,1,Pedestrian
79,1878.0,960.0,1963.0,1038.0,5290,1,0,1,Pedestrian
79,1878.0,960.0,1963.0,1038.0,5291,1,0,1,Pedestrian
79,1878.0,960.0,1963.0,1038.0,5292,1,0,1,Pedestrian
79,1878.0,960.0,1963.0,1038.0,5293,1,0,1,Pedestrian
79,1878.0,960.0,1963.0,1038.0,5294,1,0,1,Pedestrian
79,1878.0,960.0,1963.0,1038.0,5295,1,0,1,Pedestrian
79,1878.0,960.0,1963.0,1038.0,5296,1,0,1,Pedestrian
79,1878.0,960.0,1963.0,1038.0,5297,1,0,1,Pedestrian
79,1878.0,960.0,1963.0,1038.0,5298,1,0,1,Pedestrian
79,1878.0,960.0,1963.0,1038.0,5299,1,0,1,Pedestrian
79,1878.0,960.0,1963.0,1038.0,5300,1,0,1,Pedestrian
79,1881.0,960.0,1963.0,1038.0,5301,1,0,1,Pedestrian
79,1881.0,960.0,1963.0,1038.0,5302,1,0,1,Pedestrian
79,1881.0,960.0,1966.0,1038.0,5303,1,0,1,Pedestrian
79,1881.0,960.0,1966.0,1038.0,5304,1,0,1,Pedestrian
79,1881.0,960.0,1966.0,1038.0,5305,1,0,1,Pedestrian
79,1881.0,960.0,1966.0,1038.0,5306,1,0,1,Pedestrian
79,1881.0,960.0,1966.0,1038.0,5307,1,0,1,Pedestrian
79,1881.0,960.0,1966.0,1038.0,5308,1,0,1,Pedestrian
79,1881.0,960.0,1966.0,1038.0,5309,1,0,1,Pedestrian
79,1881.0,960.0,1966.0,1038.0,5310,1,0,1,Pedestrian
79,1881.0,960.0,1966.0,1038.0,5311,1,0,1,Pedestrian
79,1881.0,960.0,1966.0,1038.0,5312,1,0,1,Pedestrian
79,1881.0,960.0,1966.0,1038.0,5313,1,0,1,Pedestrian
79,1881.0,960.0,1966.0,1038.0,5314,1,0,1,Pedestrian
79,1881.0,960.0,1966.0,1038.0,5315,1,0,1,Pedestrian
79,1881.0,960.0,1966.0,1038.0,5316,1,0,1,Pedestrian
79,1881.0,960.0,1966.0,1038.0,5317,1,0,1,Pedestrian
79,1881.0,960.0,1966.0,1038.0,5318,1,0,1,Pedestrian
79,1881.0,960.0,1966.0,1038.0,5319,1,0,1,Pedestrian
79,1881.0,960.0,1966.0,1038.0,5320,1,0,1,Pedestrian
79,1881.0,960.0,1966.0,1038.0,5321,1,0,1,Pedestrian
79,1881.0,960.0,1966.0,1038.0,5322,1,0,1,Pedestrian
79,1881.0,960.0,1966.0,1038.0,5323,1,0,1,Pedestrian
79,1881.0,960.0,1966.0,1038.0,5324,1,0,1,Pedestrian
79,1881.0,960.0,1966.0,1038.0,5325,1,0,1,Pedestrian
79,1881.0,960.0,1966.0,1038.0,5326,1,0,1,Pedestrian
79,1881.0,960.0,1966.0,1038.0,5327,1,0,1,Pedestrian
79,1883.0,960.0,1966.0,1038.0,5328,1,0,1,Pedestrian
79,1883.0,960.0,1966.0,1038.0,5329,1,0,1,Pedestrian
79,1883.0,960.0,1966.0,1038.0,5330,1,0,1,Pedestrian
79,1883.0,960.0,1966.0,1038.0,5331,1,0,1,Pedestrian
79,1883.0,960.0,1966.0,1038.0,5332,1,0,1,Pedestrian
79,1883.0,960.0,1966.0,1038.0,5333,1,0,1,Pedestrian
79,1883.0,960.0,1966.0,1038.0,5334,1,0,1,Pedestrian
79,1883.0,960.0,1966.0,1038.0,5335,1,0,1,Pedestrian
79,1883.0,960.0,1966.0,1038.0,5336,1,0,1,Pedestrian
79,1883.0,960.0,1969.0,1038.0,5337,1,0,1,Pedestrian
79,1883.0,960.0,1969.0,1038.0,5338,1,0,1,Pedestrian
79,1883.0,960.0,1969.0,1038.0,5339,1,0,1,Pedestrian
79,1883.0,960.0,1969.0,1038.0,5340,1,0,1,Pedestrian
79,1883.0,960.0,1969.0,1038.0,5341,1,0,1,Pedestrian
79,1883.0,960.0,1969.0,1038.0,5342,1,0,1,Pedestrian
79,1883.0,960.0,1969.0,1038.0,5343,1,0,1,Pedestrian
79,1883.0,960.0,1969.0,1038.0,5344,1,0,1,Pedestrian
79,1883.0,960.0,1969.0,1038.0,5345,1,0,1,Pedestrian
79,1883.0,960.0,1969.0,1038.0,5346,1,0,1,Pedestrian
79,1883.0,960.0,1969.0,1038.0,5347,1,0,1,Pedestrian
79,1883.0,960.0,1969.0,1038.0,5348,1,0,1,Pedestrian
79,1883.0,960.0,1969.0,1038.0,5349,1,0,1,Pedestrian
79,1883.0,960.0,1969.0,1038.0,5350,1,0,1,Pedestrian
79,1883.0,960.0,1969.0,1038.0,5351,1,0,1,Pedestrian
79,1883.0,960.0,1969.0,1038.0,5352,1,0,1,Pedestrian
79,1883.0,960.0,1969.0,1038.0,5353,1,0,1,Pedestrian
79,1883.0,960.0,1969.0,1038.0,5354,1,0,1,Pedestrian
79,1883.0,960.0,1969.0,1038.0,5355,1,0,1,Pedestrian
79,1886.0,960.0,1969.0,1038.0,5356,1,0,1,Pedestrian
79,1886.0,960.0,1969.0,1038.0,5357,1,0,1,Pedestrian
79,1886.0,960.0,1969.0,1038.0,5358,1,0,1,Pedestrian
79,1886.0,960.0,1969.0,1038.0,5359,1,0,1,Pedestrian
79,1886.0,960.0,1969.0,1038.0,5360,1,0,1,Pedestrian
79,1886.0,960.0,1969.0,1038.0,5361,1,0,1,Pedestrian
79,1886.0,960.0,1969.0,1038.0,5362,1,0,1,Pedestrian
79,1886.0,960.0,1969.0,1038.0,5363,1,0,1,Pedestrian
79,1886.0,960.0,1969.0,1038.0,5364,1,0,1,Pedestrian
79,1886.0,960.0,1969.0,1038.0,5365,1,0,1,Pedestrian
79,1886.0,960.0,1969.0,1038.0,5366,1,0,1,Pedestrian
79,1886.0,960.0,1969.0,1038.0,5367,1,0,1,Pedestrian
79,1886.0,960.0,1969.0,1038.0,5368,1,0,1,Pedestrian
79,1886.0,960.0,1969.0,1038.0,5369,1,0,1,Pedestrian
79,1886.0,960.0,1971.0,1038.0,5370,1,0,1,Pedestrian
79,1886.0,960.0,1971.0,1038.0,5371,1,0,1,Pedestrian
79,1886.0,960.0,1971.0,1038.0,5372,1,0,1,Pedestrian
79,1886.0,960.0,1971.0,1038.0,5373,1,0,1,Pedestrian
79,1886.0,960.0,1971.0,1038.0,5374,1,0,1,Pedestrian
79,1886.0,960.0,1971.0,1038.0,5375,1,0,1,Pedestrian
79,1886.0,960.0,1971.0,1038.0,5376,1,0,1,Pedestrian
79,1886.0,960.0,1971.0,1038.0,5377,1,0,1,Pedestrian
79,1886.0,960.0,1971.0,1038.0,5378,1,0,1,Pedestrian
79,1886.0,960.0,1971.0,1038.0,5379,1,0,1,Pedestrian
79,1886.0,960.0,1971.0,1038.0,5380,1,0,1,Pedestrian
79,1886.0,960.0,1971.0,1038.0,5381,1,0,1,Pedestrian
79,1886.0,960.0,1971.0,1038.0,5382,1,0,1,Pedestrian
79,1889.0,960.0,1971.0,1038.0,5383,1,0,1,Pedestrian
79,1889.0,960.0,1971.0,1038.0,5384,1,0,1,Pedestrian
79,1889.0,960.0,1971.0,1038.0,5385,1,0,1,Pedestrian
79,1889.0,960.0,1971.0,1038.0,5386,1,0,1,Pedestrian
79,1889.0,960.0,1971.0,1038.0,5387,1,0,1,Pedestrian
79,1889.0,960.0,1971.0,1038.0,5388,1,0,1,Pedestrian
79,1889.0,960.0,1971.0,1038.0,5389,1,0,1,Pedestrian
79,1889.0,960.0,1971.0,1038.0,5390,1,0,1,Pedestrian
79,1889.0,960.0,1971.0,1038.0,5391,1,0,1,Pedestrian
79,1889.0,960.0,1971.0,1038.0,5392,1,0,1,Pedestrian
79,1889.0,960.0,1971.0,1038.0,5393,1,0,1,Pedestrian
79,1889.0,960.0,1971.0,1038.0,5394,1,0,1,Pedestrian
79,1889.0,960.0,1971.0,1038.0,5395,1,0,1,Pedestrian
79,1889.0,960.0,1971.0,1038.0,5396,1,0,1,Pedestrian
79,1889.0,960.0,1971.0,1038.0,5397,1,0,1,Pedestrian
79,1889.0,960.0,1971.0,1038.0,5398,1,0,1,Pedestrian
79,1889.0,960.0,1971.0,1038.0,5399,1,0,1,Pedestrian
79,1889.0,960.0,1971.0,1038.0,5400,1,0,1,Pedestrian
79,1889.0,960.0,1971.0,1038.0,5401,1,0,1,Pedestrian
79,1889.0,960.0,1971.0,1038.0,5402,1,0,1,Pedestrian
79,1889.0,960.0,1971.0,1038.0,5403,1,0,1,Pedestrian
79,1889.0,960.0,1974.0,1038.0,5404,1,0,1,Pedestrian
79,1889.0,960.0,1974.0,1038.0,5405,1,0,1,Pedestrian
79,1889.0,960.0,1974.0,1038.0,5406,1,0,1,Pedestrian
79,1889.0,960.0,1974.0,1038.0,5407,1,0,1,Pedestrian
79,1889.0,960.0,1974.0,1038.0,5408,1,0,1,Pedestrian
79,1889.0,960.0,1974.0,1038.0,5409,1,0,1,Pedestrian
79,1892.0,960.0,1974.0,1038.0,5410,1,0,1,Pedestrian
79,1892.0,960.0,1974.0,1038.0,5411,1,0,1,Pedestrian
79,1892.0,960.0,1974.0,1038.0,5412,1,0,1,Pedestrian
79,1892.0,960.0,1974.0,1038.0,5413,1,0,1,Pedestrian
79,1892.0,960.0,1974.0,1038.0,5414,1,0,1,Pedestrian
79,1892.0,960.0,1974.0,1038.0,5415,1,0,1,Pedestrian
79,1892.0,960.0,1974.0,1038.0,5416,1,0,1,Pedestrian
79,1892.0,960.0,1974.0,1038.0,5417,1,0,1,Pedestrian
79,1892.0,960.0,1974.0,1038.0,5418,1,0,1,Pedestrian
79,1892.0,960.0,1974.0,1038.0,5419,1,0,1,Pedestrian
79,1892.0,960.0,1974.0,1038.0,5420,1,0,1,Pedestrian
79,1892.0,960.0,1974.0,1038.0,5421,1,0,1,Pedestrian
79,1892.0,960.0,1974.0,1038.0,5422,1,0,1,Pedestrian
79,1892.0,960.0,1974.0,1038.0,5423,1,0,1,Pedestrian
79,1892.0,960.0,1974.0,1038.0,5424,1,0,1,Pedestrian
79,1892.0,960.0,1974.0,1038.0,5425,1,0,1,Pedestrian
79,1892.0,960.0,1974.0,1038.0,5426,1,0,1,Pedestrian
79,1892.0,960.0,1974.0,1038.0,5427,1,0,1,Pedestrian
79,1892.0,960.0,1974.0,1038.0,5428,1,0,1,Pedestrian
79,1892.0,960.0,1974.0,1038.0,5429,1,0,1,Pedestrian
79,1892.0,960.0,1974.0,1038.0,5430,1,0,1,Pedestrian
79,1892.0,960.0,1974.0,1038.0,5431,1,0,1,Pedestrian
79,1892.0,960.0,1974.0,1038.0,5432,1,0,1,Pedestrian
79,1892.0,960.0,1974.0,1038.0,5433,1,0,1,Pedestrian
79,1892.0,960.0,1974.0,1038.0,5434,1,0,1,Pedestrian
79,1892.0,960.0,1974.0,1038.0,5435,1,0,1,Pedestrian
79,1892.0,960.0,1974.0,1038.0,5436,1,0,1,Pedestrian
79,1894.0,960.0,1977.0,1038.0,5437,0,0,0,Pedestrian
79,1892.0,960.0,1974.0,1038.0,5438,0,0,1,Pedestrian
79,1892.0,960.0,1974.0,1038.0,5439,0,0,1,Pedestrian
79,1892.0,960.0,1974.0,1038.0,5440,0,0,1,Pedestrian
79,1892.0,960.0,1974.0,1038.0,5441,0,0,1,Pedestrian
79,1892.0,960.0,1974.0,1038.0,5442,0,0,1,Pedestrian
79,1892.0,963.0,1974.0,1040.0,5443,0,0,1,Pedestrian
79,1892.0,963.0,1974.0,1040.0,5444,0,0,1,Pedestrian
79,1892.0,963.0,1974.0,1040.0,5445,0,0,1,Pedestrian
79,1892.0,963.0,1974.0,1040.0,5446,0,0,1,Pedestrian
79,1892.0,963.0,1974.0,1040.0,5447,0,0,1,Pedestrian
79,1889.0,963.0,1971.0,1040.0,5448,0,0,1,Pedestrian
79,1889.0,965.0,1971.0,1042.0,5449,0,0,1,Pedestrian
79,1889.0,965.0,1971.0,1042.0,5450,0,0,1,Pedestrian
79,1889.0,965.0,1971.0,1042.0,5451,0,0,1,Pedestrian
79,1889.0,965.0,1971.0,1042.0,5452,0,0,1,Pedestrian
79,1889.0,965.0,1971.0,1042.0,5453,0,0,1,Pedestrian
79,1889.0,965.0,1971.0,1042.0,5454,0,0,1,Pedestrian
79,1889.0,967.0,1971.0,1045.0,5455,0,0,1,Pedestrian
79,1889.0,967.0,1971.0,1045.0,5456,0,0,1,Pedestrian
79,1889.0,967.0,1971.0,1045.0,5457,0,0,1,Pedestrian
79,1886.0,967.0,1969.0,1045.0,5458,0,0,1,Pedestrian
79,1886.0,967.0,1969.0,1045.0,5459,0,0,1,Pedestrian
79,1886.0,967.0,1969.0,1045.0,5460,0,0,1,Pedestrian
79,1886.0,970.0,1969.0,1047.0,5461,0,0,1,Pedestrian
79,1886.0,970.0,1969.0,1047.0,5462,0,0,1,Pedestrian
79,1886.0,970.0,1969.0,1047.0,5463,0,0,1,Pedestrian
79,1886.0,970.0,1969.0,1047.0,5464,0,0,1,Pedestrian
79,1886.0,970.0,1969.0,1047.0,5465,0,0,1,Pedestrian
79,1886.0,970.0,1969.0,1047.0,5466,0,0,1,Pedestrian
79,1886.0,972.0,1969.0,1049.0,5467,0,0,1,Pedestrian
79,1883.0,972.0,1966.0,1049.0,5468,0,0,1,Pedestrian
79,1883.0,972.0,1966.0,1049.0,5469,0,0,1,Pedestrian
79,1883.0,972.0,1966.0,1049.0,5470,0,0,1,Pedestrian
79,1883.0,972.0,1966.0,1049.0,5471,0,0,1,Pedestrian
79,1883.0,972.0,1966.0,1049.0,5472,0,0,1,Pedestrian
79,1883.0,974.0,1966.0,1052.0,5473,0,0,1,Pedestrian
79,1883.0,974.0,1966.0,1052.0,5474,0,0,1,Pedestrian
79,1883.0,974.0,1966.0,1052.0,5475,0,0,1,Pedestrian
79,1883.0,974.0,1966.0,1052.0,5476,0,0,1,Pedestrian
79,1883.0,974.0,1966.0,1052.0,5477,0,0,1,Pedestrian
79,1881.0,974.0,1963.0,1052.0,5478,0,0,1,Pedestrian
79,1881.0,976.0,1963.0,1054.0,5479,0,0,1,Pedestrian
79,1881.0,976.0,1963.0,1054.0,5480,0,0,1,Pedestrian
79,1881.0,976.0,1963.0,1054.0,5481,0,0,1,Pedestrian
79,1881.0,976.0,1963.0,1054.0,5482,0,0,1,Pedestrian
79,1881.0,976.0,1963.0,1054.0,5483,0,0,1,Pedestrian
79,1881.0,976.0,1963.0,1054.0,5484,0,0,1,Pedestrian
79,1881.0,979.0,1963.0,1056.0,5485,0,0,1,Pedestrian
79,1881.0,979.0,1963.0,1056.0,5486,0,0,1,Pedestrian
79,1881.0,979.0,1963.0,1056.0,5487,0,0,1,Pedestrian
79,1878.0,979.0,1960.0,1056.0,5488,0,0,1,Pedestrian
79,1878.0,979.0,1960.0,1056.0,5489,0,0,1,Pedestrian
79,1878.0,979.0,1960.0,1056.0,5490,0,0,1,Pedestrian
79,1878.0,981.0,1960.0,1058.0,5491,0,0,1,Pedestrian
79,1878.0,981.0,1960.0,1058.0,5492,0,0,1,Pedestrian
79,1878.0,981.0,1960.0,1058.0,5493,0,0,1,Pedestrian
79,1878.0,981.0,1960.0,1058.0,5494,0,0,1,Pedestrian
79,1878.0,981.0,1960.0,1058.0,5495,0,0,1,Pedestrian
79,1878.0,981.0,1960.0,1058.0,5496,0,0,1,Pedestrian
79,1878.0,983.0,1960.0,1061.0,5497,0,0,0,Pedestrian
79,1875.0,983.0,1958.0,1061.0,5498,0,0,1,Pedestrian
79,1875.0,983.0,1958.0,1061.0,5499,0,0,1,Pedestrian
79,1872.0,983.0,1955.0,1061.0,5500,0,0,1,Pedestrian
79,1872.0,983.0,1955.0,1061.0,5501,0,0,1,Pedestrian
79,1872.0,983.0,1955.0,1061.0,5502,0,0,1,Pedestrian
79,1870.0,983.0,1952.0,1061.0,5503,0,0,1,Pedestrian
79,1870.0,983.0,1952.0,1061.0,5504,0,0,1,Pedestrian
79,1867.0,983.0,1949.0,1061.0,5505,0,0,1,Pedestrian
79,1867.0,983.0,1949.0,1061.0,5506,0,0,1,Pedestrian
79,1867.0,983.0,1949.0,1061.0,5507,0,0,0,Pedestrian
79,1864.0,983.0,1947.0,1061.0,5508,0,0,1,Pedestrian
79,1861.0,983.0,1944.0,1061.0,5509,0,0,1,Pedestrian
79,1859.0,983.0,1941.0,1061.0,5510,0,0,1,Pedestrian
79,1856.0,983.0,1938.0,1061.0,5511,0,0,1,Pedestrian
79,1853.0,983.0,1936.0,1061.0,5512,0,0,1,Pedestrian
79,1850.0,983.0,1933.0,1061.0,5513,0,0,1,Pedestrian
79,1848.0,983.0,1930.0,1061.0,5514,0,0,1,Pedestrian
79,1845.0,983.0,1927.0,1061.0,5515,0,0,1,Pedestrian
79,1842.0,983.0,1925.0,1061.0,5516,0,0,1,Pedestrian
79,1842.0,983.0,1925.0,1061.0,5517,0,0,0,Pedestrian
79,1839.0,983.0,1922.0,1061.0,5518,0,0,1,Pedestrian
79,1839.0,983.0,1922.0,1061.0,5519,0,0,1,Pedestrian
79,1839.0,983.0,1922.0,1061.0,5520,0,0,1,Pedestrian
79,1839.0,983.0,1919.0,1061.0,5521,0,0,1,Pedestrian
79,1839.0,983.0,1919.0,1061.0,5522,0,0,1,Pedestrian
79,1837.0,983.0,1919.0,1061.0,5523,0,0,1,Pedestrian
79,1837.0,983.0,1916.0,1061.0,5524,0,0,1,Pedestrian
79,1837.0,983.0,1916.0,1061.0,5525,0,0,1,Pedestrian
79,1837.0,983.0,1916.0,1061.0,5526,0,0,1,Pedestrian
79,1837.0,985.0,1916.0,1063.0,5527,0,0,0,Pedestrian
79,1834.0,985.0,1914.0,1063.0,5528,0,0,1,Pedestrian
79,1831.0,985.0,1911.0,1063.0,5529,0,0,1,Pedestrian
79,1828.0,985.0,1908.0,1063.0,5530,0,0,1,Pedestrian
79,1826.0,985.0,1905.0,1063.0,5531,0,0,0,Pedestrian
80,1925.0,794.0,1971.0,860.0,7000,1,0,0,Biker
80,1925.0,794.0,1971.0,860.0,7001,1,0,1,Biker
80,1925.0,794.0,1971.0,860.0,7002,1,0,1,Biker
80,1925.0,794.0,1971.0,860.0,7003,1,0,1,Biker
80,1925.0,794.0,1971.0,860.0,7004,1,0,1,Biker
80,1925.0,794.0,1971.0,860.0,7005,1,0,1,Biker
80,1925.0,794.0,1971.0,860.0,7006,1,0,1,Biker
80,1925.0,794.0,1971.0,860.0,7007,1,0,1,Biker
80,1925.0,794.0,1971.0,860.0,7008,1,0,1,Biker
80,1925.0,794.0,1971.0,860.0,7009,1,0,1,Biker
80,1925.0,794.0,1971.0,860.0,7010,1,0,1,Biker
80,1925.0,794.0,1971.0,860.0,7011,1,0,1,Biker
80,1925.0,794.0,1971.0,860.0,7012,1,0,1,Biker
80,1925.0,794.0,1971.0,860.0,7013,1,0,1,Biker
80,1925.0,794.0,1971.0,860.0,7014,1,0,1,Biker
80,1925.0,794.0,1971.0,860.0,7015,1,0,1,Biker
80,1925.0,794.0,1971.0,860.0,7016,1,0,1,Biker
80,1925.0,794.0,1971.0,860.0,7017,1,0,1,Biker
80,1925.0,794.0,1971.0,860.0,7018,1,0,1,Biker
80,1925.0,794.0,1971.0,860.0,7019,1,0,1,Biker
80,1925.0,794.0,1971.0,860.0,7020,1,0,1,Biker
80,1925.0,794.0,1971.0,860.0,7021,1,0,1,Biker
80,1925.0,794.0,1971.0,860.0,7022,1,0,1,Biker
80,1925.0,794.0,1971.0,860.0,7023,1,0,1,Biker
80,1925.0,794.0,1971.0,860.0,7024,1,0,1,Biker
80,1925.0,794.0,1971.0,860.0,7025,1,0,1,Biker
80,1925.0,794.0,1971.0,860.0,7026,1,0,1,Biker
80,1925.0,794.0,1971.0,860.0,7027,1,0,1,Biker
80,1925.0,794.0,1971.0,860.0,7028,1,0,1,Biker
80,1925.0,794.0,1971.0,860.0,7029,1,0,1,Biker
80,1925.0,794.0,1971.0,860.0,7030,1,0,1,Biker
80,1925.0,794.0,1971.0,860.0,7031,1,0,1,Biker
80,1925.0,794.0,1971.0,860.0,7032,1,0,1,Biker
80,1925.0,794.0,1971.0,860.0,7033,1,0,1,Biker
80,1925.0,794.0,1971.0,860.0,7034,1,0,1,Biker
80,1925.0,794.0,1971.0,860.0,7035,1,0,1,Biker
80,1925.0,794.0,1971.0,860.0,7036,1,0,1,Biker
80,1925.0,794.0,1971.0,860.0,7037,1,0,1,Biker
80,1925.0,794.0,1971.0,860.0,7038,1,0,1,Biker
80,1925.0,794.0,1971.0,860.0,7039,1,0,1,Biker
80,1925.0,794.0,1971.0,860.0,7040,1,0,1,Biker
80,1925.0,794.0,1971.0,860.0,7041,1,0,1,Biker
80,1925.0,794.0,1971.0,860.0,7042,1,0,1,Biker
80,1925.0,794.0,1971.0,860.0,7043,1,0,1,Biker
80,1925.0,794.0,1971.0,860.0,7044,1,0,1,Biker
80,1925.0,794.0,1971.0,860.0,7045,1,0,1,Biker
80,1925.0,794.0,1971.0,860.0,7046,1,0,1,Biker
80,1925.0,794.0,1971.0,860.0,7047,1,0,1,Biker
80,1925.0,794.0,1971.0,860.0,7048,1,0,1,Biker
80,1925.0,794.0,1971.0,860.0,7049,1,0,1,Biker
80,1925.0,794.0,1971.0,860.0,7050,1,0,1,Biker
80,1925.0,794.0,1971.0,860.0,7051,1,0,1,Biker
80,1925.0,794.0,1971.0,860.0,7052,1,0,1,Biker
80,1925.0,794.0,1971.0,860.0,7053,1,0,1,Biker
80,1925.0,794.0,1971.0,860.0,7054,1,0,1,Biker
80,1925.0,794.0,1971.0,860.0,7055,1,0,1,Biker
80,1925.0,794.0,1971.0,860.0,7056,1,0,1,Biker
80,1925.0,794.0,1971.0,860.0,7057,1,0,1,Biker
80,1925.0,794.0,1971.0,860.0,7058,1,0,1,Biker
80,1925.0,794.0,1971.0,860.0,7059,1,0,1,Biker
80,1925.0,794.0,1971.0,860.0,7060,1,0,1,Biker
80,1925.0,794.0,1971.0,860.0,7061,1,0,1,Biker
80,1925.0,794.0,1971.0,860.0,7062,1,0,1,Biker
80,1925.0,794.0,1971.0,860.0,7063,1,0,1,Biker
80,1925.0,794.0,1971.0,860.0,7064,1,0,1,Biker
80,1925.0,794.0,1971.0,860.0,7065,1,0,1,Biker
80,1925.0,794.0,1971.0,860.0,7066,1,0,1,Biker
80,1925.0,794.0,1971.0,860.0,7067,1,0,1,Biker
80,1925.0,794.0,1971.0,860.0,7068,1,0,1,Biker
80,1925.0,794.0,1971.0,860.0,7069,1,0,1,Biker
80,1925.0,794.0,1971.0,860.0,7070,1,0,1,Biker
80,1925.0,794.0,1971.0,860.0,7071,1,0,1,Biker
80,1925.0,794.0,1971.0,860.0,7072,1,0,1,Biker
80,1925.0,794.0,1971.0,860.0,7073,1,0,1,Biker
80,1925.0,794.0,1971.0,860.0,7074,1,0,1,Biker
80,1925.0,794.0,1971.0,860.0,7075,1,0,1,Biker
80,1925.0,794.0,1971.0,860.0,7076,1,0,1,Biker
80,1925.0,794.0,1971.0,860.0,7077,1,0,1,Biker
80,1925.0,794.0,1971.0,860.0,7078,1,0,1,Biker
80,1925.0,794.0,1971.0,860.0,7079,1,0,1,Biker
80,1925.0,794.0,1971.0,860.0,7080,1,0,1,Biker
80,1925.0,794.0,1971.0,860.0,7081,1,0,1,Biker
80,1925.0,794.0,1971.0,860.0,7082,1,0,1,Biker
80,1925.0,794.0,1971.0,860.0,7083,1,0,1,Biker
80,1925.0,794.0,1971.0,860.0,7084,1,0,1,Biker
80,1925.0,794.0,1971.0,860.0,7085,1,0,1,Biker
80,1925.0,794.0,1971.0,860.0,7086,1,0,1,Biker
80,1925.0,794.0,1971.0,860.0,7087,1,0,1,Biker
80,1925.0,794.0,1971.0,860.0,7088,1,0,1,Biker
80,1925.0,794.0,1971.0,860.0,7089,1,0,1,Biker
80,1925.0,794.0,1971.0,860.0,7090,1,0,1,Biker
80,1925.0,794.0,1971.0,860.0,7091,1,0,1,Biker
80,1925.0,794.0,1971.0,860.0,7092,1,0,1,Biker
80,1925.0,794.0,1971.0,860.0,7093,1,0,1,Biker
80,1925.0,794.0,1971.0,860.0,7094,1,0,1,Biker
80,1925.0,794.0,1971.0,860.0,7095,1,0,1,Biker
80,1925.0,794.0,1971.0,860.0,7096,1,0,1,Biker
80,1925.0,794.0,1971.0,860.0,7097,1,0,1,Biker
80,1925.0,794.0,1971.0,860.0,7098,1,0,1,Biker
80,1925.0,794.0,1971.0,860.0,7099,1,0,1,Biker
80,1925.0,794.0,1971.0,860.0,7100,1,0,1,Biker
80,1925.0,794.0,1971.0,860.0,7101,1,0,1,Biker
80,1925.0,794.0,1971.0,860.0,7102,1,0,1,Biker
80,1925.0,794.0,1971.0,860.0,7103,1,0,1,Biker
80,1925.0,794.0,1971.0,860.0,7104,1,0,1,Biker
80,1925.0,794.0,1971.0,860.0,7105,1,0,1,Biker
80,1925.0,794.0,1971.0,860.0,7106,1,0,1,Biker
80,1925.0,794.0,1971.0,860.0,7107,1,0,1,Biker
80,1925.0,794.0,1971.0,860.0,7108,1,0,1,Biker
80,1925.0,794.0,1971.0,860.0,7109,1,0,1,Biker
80,1925.0,794.0,1971.0,860.0,7110,1,0,1,Biker
80,1925.0,794.0,1971.0,860.0,7111,1,0,1,Biker
80,1925.0,794.0,1971.0,860.0,7112,1,0,1,Biker
80,1925.0,794.0,1971.0,860.0,7113,1,0,1,Biker
80,1925.0,794.0,1971.0,860.0,7114,1,0,1,Biker
80,1925.0,794.0,1971.0,860.0,7115,1,0,1,Biker
80,1925.0,794.0,1971.0,860.0,7116,1,0,1,Biker
80,1925.0,794.0,1971.0,860.0,7117,1,0,1,Biker
80,1925.0,794.0,1971.0,860.0,7118,1,0,1,Biker
80,1925.0,794.0,1971.0,860.0,7119,1,0,1,Biker
80,1925.0,794.0,1971.0,860.0,7120,1,0,1,Biker
80,1925.0,794.0,1971.0,860.0,7121,1,0,1,Biker
80,1925.0,794.0,1971.0,860.0,7122,1,0,1,Biker
80,1925.0,794.0,1971.0,860.0,7123,1,0,1,Biker
80,1925.0,794.0,1971.0,860.0,7124,1,0,1,Biker
80,1925.0,794.0,1971.0,860.0,7125,1,0,1,Biker
80,1925.0,794.0,1971.0,860.0,7126,1,0,1,Biker
80,1925.0,794.0,1971.0,860.0,7127,1,0,1,Biker
80,1925.0,794.0,1971.0,860.0,7128,1,0,1,Biker
80,1925.0,794.0,1971.0,860.0,7129,1,0,1,Biker
80,1925.0,794.0,1971.0,860.0,7130,1,0,1,Biker
80,1925.0,794.0,1971.0,860.0,7131,1,0,1,Biker
80,1925.0,794.0,1971.0,860.0,7132,1,0,1,Biker
80,1925.0,794.0,1971.0,860.0,7133,1,0,1,Biker
80,1925.0,794.0,1971.0,860.0,7134,1,0,1,Biker
80,1925.0,794.0,1971.0,860.0,7135,1,0,1,Biker
80,1925.0,794.0,1971.0,860.0,7136,1,0,1,Biker
80,1925.0,794.0,1971.0,860.0,7137,1,0,1,Biker
80,1925.0,794.0,1971.0,860.0,7138,1,0,1,Biker
80,1925.0,794.0,1971.0,860.0,7139,1,0,1,Biker
80,1925.0,794.0,1971.0,860.0,7140,1,0,1,Biker
80,1925.0,794.0,1971.0,860.0,7141,1,0,1,Biker
80,1925.0,794.0,1971.0,860.0,7142,1,0,1,Biker
80,1925.0,794.0,1971.0,860.0,7143,1,0,1,Biker
80,1925.0,794.0,1971.0,860.0,7144,1,0,1,Biker
80,1925.0,794.0,1971.0,860.0,7145,1,0,1,Biker
80,1925.0,794.0,1971.0,860.0,7146,1,0,1,Biker
80,1925.0,794.0,1971.0,860.0,7147,1,0,1,Biker
80,1925.0,794.0,1971.0,860.0,7148,1,0,1,Biker
80,1925.0,794.0,1971.0,860.0,7149,1,0,1,Biker
80,1925.0,794.0,1971.0,860.0,7150,1,0,1,Biker
80,1925.0,794.0,1971.0,860.0,7151,1,0,1,Biker
80,1925.0,794.0,1971.0,860.0,7152,1,0,1,Biker
80,1925.0,794.0,1971.0,860.0,7153,1,0,1,Biker
80,1925.0,794.0,1971.0,860.0,7154,1,0,1,Biker
80,1925.0,794.0,1971.0,860.0,7155,1,0,1,Biker
80,1925.0,794.0,1971.0,860.0,7156,1,0,1,Biker
80,1925.0,794.0,1971.0,860.0,7157,1,0,1,Biker
80,1925.0,794.0,1971.0,860.0,7158,1,0,1,Biker
80,1925.0,794.0,1971.0,860.0,7159,1,0,1,Biker
80,1925.0,794.0,1971.0,860.0,7160,1,0,1,Biker
80,1925.0,794.0,1971.0,860.0,7161,1,0,1,Biker
80,1925.0,794.0,1971.0,860.0,7162,1,0,1,Biker
80,1925.0,794.0,1971.0,860.0,7163,1,0,1,Biker
80,1925.0,794.0,1971.0,860.0,7164,1,0,1,Biker
80,1925.0,794.0,1971.0,860.0,7165,1,0,1,Biker
80,1925.0,794.0,1971.0,860.0,7166,1,0,1,Biker
80,1925.0,794.0,1971.0,860.0,7167,1,0,1,Biker
80,1925.0,794.0,1971.0,860.0,7168,1,0,1,Biker
80,1925.0,794.0,1971.0,860.0,7169,1,0,1,Biker
80,1925.0,794.0,1971.0,860.0,7170,1,0,1,Biker
80,1925.0,794.0,1971.0,860.0,7171,1,0,1,Biker
80,1925.0,794.0,1971.0,860.0,7172,1,0,1,Biker
80,1925.0,794.0,1971.0,860.0,7173,1,0,1,Biker
80,1925.0,794.0,1971.0,860.0,7174,1,0,1,Biker
80,1925.0,794.0,1971.0,860.0,7175,1,0,1,Biker
80,1925.0,794.0,1971.0,860.0,7176,1,0,1,Biker
80,1925.0,794.0,1971.0,860.0,7177,1,0,1,Biker
80,1925.0,794.0,1971.0,860.0,7178,1,0,1,Biker
80,1925.0,794.0,1971.0,860.0,7179,1,0,1,Biker
80,1925.0,794.0,1971.0,860.0,7180,1,0,1,Biker
80,1925.0,794.0,1971.0,860.0,7181,1,0,1,Biker
80,1925.0,794.0,1971.0,860.0,7182,1,0,1,Biker
80,1925.0,794.0,1971.0,860.0,7183,1,0,1,Biker
80,1925.0,794.0,1971.0,860.0,7184,1,0,1,Biker
80,1925.0,794.0,1971.0,860.0,7185,1,0,1,Biker
80,1925.0,794.0,1971.0,860.0,7186,1,0,1,Biker
80,1925.0,794.0,1971.0,860.0,7187,1,0,1,Biker
80,1925.0,794.0,1971.0,860.0,7188,1,0,1,Biker
80,1925.0,794.0,1971.0,860.0,7189,1,0,1,Biker
80,1925.0,794.0,1971.0,860.0,7190,1,0,1,Biker
80,1925.0,794.0,1971.0,860.0,7191,1,0,1,Biker
80,1925.0,794.0,1971.0,860.0,7192,1,0,1,Biker
80,1925.0,794.0,1971.0,860.0,7193,1,0,1,Biker
80,1925.0,794.0,1971.0,860.0,7194,1,0,1,Biker
80,1925.0,794.0,1971.0,860.0,7195,1,0,1,Biker
80,1925.0,794.0,1971.0,860.0,7196,1,0,1,Biker
80,1925.0,794.0,1971.0,860.0,7197,1,0,1,Biker
80,1925.0,794.0,1971.0,860.0,7198,1,0,1,Biker
80,1925.0,794.0,1971.0,860.0,7199,1,0,1,Biker
80,1925.0,794.0,1971.0,860.0,7200,1,0,1,Biker
80,1925.0,794.0,1971.0,860.0,7201,1,0,1,Biker
80,1925.0,794.0,1971.0,860.0,7202,1,0,1,Biker
80,1925.0,794.0,1971.0,860.0,7203,1,0,1,Biker
80,1925.0,794.0,1971.0,860.0,7204,1,0,1,Biker
80,1925.0,794.0,1971.0,860.0,7205,1,0,1,Biker
80,1925.0,794.0,1971.0,860.0,7206,1,0,1,Biker
80,1925.0,794.0,1971.0,860.0,7207,1,0,1,Biker
80,1925.0,794.0,1971.0,860.0,7208,1,0,1,Biker
80,1925.0,794.0,1971.0,860.0,7209,1,0,1,Biker
80,1925.0,794.0,1971.0,860.0,7210,1,0,1,Biker
80,1925.0,794.0,1971.0,860.0,7211,1,0,1,Biker
80,1925.0,794.0,1971.0,860.0,7212,1,0,1,Biker
80,1925.0,794.0,1971.0,860.0,7213,1,0,1,Biker
80,1925.0,794.0,1971.0,860.0,7214,1,0,1,Biker
80,1925.0,794.0,1971.0,860.0,7215,1,0,1,Biker
80,1925.0,794.0,1971.0,860.0,7216,1,0,1,Biker
80,1925.0,794.0,1971.0,860.0,7217,1,0,1,Biker
80,1925.0,794.0,1971.0,860.0,7218,1,0,1,Biker
80,1925.0,794.0,1971.0,860.0,7219,1,0,1,Biker
80,1925.0,794.0,1971.0,860.0,7220,1,0,1,Biker
80,1925.0,794.0,1971.0,860.0,7221,1,0,1,Biker
80,1925.0,794.0,1971.0,860.0,7222,1,0,1,Biker
80,1925.0,794.0,1971.0,860.0,7223,1,0,1,Biker
80,1925.0,794.0,1971.0,860.0,7224,1,0,1,Biker
80,1925.0,794.0,1971.0,860.0,7225,1,0,1,Biker
80,1925.0,794.0,1971.0,860.0,7226,1,0,1,Biker
80,1925.0,794.0,1971.0,860.0,7227,1,0,1,Biker
80,1925.0,794.0,1971.0,860.0,7228,1,0,1,Biker
80,1925.0,794.0,1971.0,860.0,7229,1,0,1,Biker
80,1925.0,794.0,1971.0,860.0,7230,1,0,1,Biker
80,1925.0,794.0,1971.0,860.0,7231,1,0,1,Biker
80,1925.0,794.0,1971.0,860.0,7232,1,0,1,Biker
80,1925.0,794.0,1971.0,860.0,7233,1,0,1,Biker
80,1925.0,794.0,1971.0,860.0,7234,1,0,1,Biker
80,1925.0,794.0,1971.0,860.0,7235,1,0,1,Biker
80,1925.0,794.0,1971.0,860.0,7236,1,0,1,Biker
80,1925.0,794.0,1971.0,860.0,7237,1,0,1,Biker
80,1925.0,794.0,1971.0,860.0,7238,1,0,1,Biker
80,1925.0,794.0,1971.0,860.0,7239,1,0,1,Biker
80,1925.0,794.0,1971.0,860.0,7240,1,0,1,Biker
80,1925.0,794.0,1971.0,860.0,7241,1,0,1,Biker
80,1925.0,794.0,1971.0,860.0,7242,1,0,1,Biker
80,1925.0,794.0,1971.0,860.0,7243,1,0,1,Biker
80,1925.0,794.0,1971.0,860.0,7244,1,0,1,Biker
80,1925.0,794.0,1971.0,860.0,7245,1,0,1,Biker
80,1925.0,794.0,1971.0,860.0,7246,1,0,1,Biker
80,1925.0,794.0,1971.0,860.0,7247,1,0,1,Biker
80,1925.0,794.0,1971.0,860.0,7248,1,0,1,Biker
80,1925.0,794.0,1971.0,860.0,7249,1,0,1,Biker
80,1925.0,794.0,1971.0,860.0,7250,1,0,1,Biker
80,1925.0,794.0,1971.0,860.0,7251,1,0,1,Biker
80,1925.0,794.0,1971.0,860.0,7252,1,0,1,Biker
80,1925.0,794.0,1971.0,860.0,7253,1,0,1,Biker
80,1925.0,794.0,1971.0,860.0,7254,1,0,1,Biker
80,1925.0,794.0,1971.0,860.0,7255,1,0,1,Biker
80,1925.0,794.0,1971.0,860.0,7256,1,0,1,Biker
80,1925.0,794.0,1971.0,860.0,7257,1,0,1,Biker
80,1925.0,794.0,1971.0,860.0,7258,1,0,1,Biker
80,1925.0,794.0,1971.0,860.0,7259,1,0,1,Biker
80,1925.0,794.0,1971.0,860.0,7260,1,0,1,Biker
80,1925.0,794.0,1971.0,860.0,7261,1,0,1,Biker
80,1925.0,794.0,1971.0,860.0,7262,1,0,1,Biker
80,1925.0,794.0,1971.0,860.0,7263,1,0,1,Biker
80,1925.0,794.0,1971.0,860.0,7264,1,0,1,Biker
80,1925.0,794.0,1971.0,860.0,7265,1,0,1,Biker
80,1925.0,794.0,1971.0,860.0,7266,1,0,1,Biker
80,1925.0,794.0,1971.0,860.0,7267,1,0,1,Biker
80,1925.0,794.0,1971.0,860.0,7268,1,0,1,Biker
80,1925.0,794.0,1971.0,860.0,7269,1,0,1,Biker
80,1925.0,794.0,1971.0,860.0,7270,1,0,1,Biker
80,1925.0,794.0,1971.0,860.0,7271,1,0,1,Biker
80,1925.0,794.0,1971.0,860.0,7272,1,0,1,Biker
80,1925.0,794.0,1971.0,860.0,7273,1,0,1,Biker
80,1925.0,794.0,1971.0,860.0,7274,1,0,1,Biker
80,1925.0,794.0,1971.0,860.0,7275,1,0,1,Biker
80,1925.0,794.0,1971.0,860.0,7276,1,0,1,Biker
80,1925.0,794.0,1971.0,860.0,7277,1,0,1,Biker
80,1925.0,794.0,1971.0,860.0,7278,1,0,1,Biker
80,1925.0,794.0,1971.0,860.0,7279,1,0,1,Biker
80,1925.0,794.0,1971.0,860.0,7280,1,0,1,Biker
80,1925.0,794.0,1971.0,860.0,7281,1,0,1,Biker
80,1925.0,794.0,1971.0,860.0,7282,1,0,1,Biker
80,1925.0,794.0,1971.0,860.0,7283,1,0,1,Biker
80,1925.0,794.0,1971.0,860.0,7284,1,0,1,Biker
80,1925.0,794.0,1971.0,860.0,7285,1,0,1,Biker
80,1925.0,794.0,1971.0,860.0,7286,1,0,1,Biker
80,1925.0,794.0,1971.0,860.0,7287,1,0,1,Biker
80,1925.0,794.0,1971.0,860.0,7288,1,0,1,Biker
80,1925.0,794.0,1971.0,860.0,7289,1,0,1,Biker
80,1925.0,794.0,1971.0,860.0,7290,1,0,1,Biker
80,1925.0,794.0,1971.0,860.0,7291,1,0,1,Biker
80,1925.0,794.0,1971.0,860.0,7292,1,0,1,Biker
80,1925.0,794.0,1971.0,860.0,7293,1,0,1,Biker
80,1925.0,794.0,1971.0,860.0,7294,1,0,1,Biker
80,1925.0,794.0,1971.0,860.0,7295,1,0,1,Biker
80,1925.0,794.0,1971.0,860.0,7296,1,0,1,Biker
80,1925.0,794.0,1971.0,860.0,7297,1,0,1,Biker
80,1925.0,794.0,1971.0,860.0,7298,1,0,1,Biker
80,1925.0,794.0,1971.0,860.0,7299,1,0,1,Biker
80,1925.0,794.0,1971.0,860.0,7300,1,0,1,Biker
80,1925.0,794.0,1971.0,860.0,7301,1,0,1,Biker
80,1925.0,794.0,1971.0,860.0,7302,1,0,1,Biker
80,1925.0,794.0,1971.0,860.0,7303,1,0,1,Biker
80,1925.0,794.0,1971.0,860.0,7304,1,0,1,Biker
80,1925.0,794.0,1971.0,860.0,7305,1,0,1,Biker
80,1925.0,794.0,1971.0,860.0,7306,1,0,1,Biker
80,1925.0,794.0,1971.0,860.0,7307,1,0,1,Biker
80,1925.0,794.0,1971.0,860.0,7308,1,0,1,Biker
80,1925.0,794.0,1971.0,860.0,7309,1,0,1,Biker
80,1925.0,794.0,1971.0,860.0,7310,1,0,1,Biker
80,1925.0,794.0,1971.0,860.0,7311,1,0,1,Biker
80,1925.0,794.0,1971.0,860.0,7312,1,0,1,Biker
80,1925.0,794.0,1971.0,860.0,7313,1,0,1,Biker
80,1925.0,794.0,1971.0,860.0,7314,1,0,1,Biker
80,1925.0,794.0,1971.0,860.0,7315,1,0,1,Biker
80,1925.0,794.0,1971.0,860.0,7316,1,0,1,Biker
80,1925.0,794.0,1971.0,860.0,7317,1,0,1,Biker
80,1925.0,794.0,1971.0,860.0,7318,1,0,1,Biker
80,1925.0,794.0,1971.0,860.0,7319,1,0,1,Biker
80,1925.0,794.0,1971.0,860.0,7320,1,0,1,Biker
80,1925.0,794.0,1971.0,860.0,7321,1,0,1,Biker
80,1925.0,794.0,1971.0,860.0,7322,1,0,1,Biker
80,1925.0,794.0,1971.0,860.0,7323,1,0,1,Biker
80,1925.0,794.0,1971.0,860.0,7324,1,0,1,Biker
80,1925.0,794.0,1971.0,860.0,7325,1,0,1,Biker
80,1925.0,794.0,1971.0,860.0,7326,1,0,1,Biker
80,1925.0,794.0,1971.0,860.0,7327,1,0,1,Biker
80,1925.0,794.0,1971.0,860.0,7328,1,0,1,Biker
80,1925.0,794.0,1971.0,860.0,7329,1,0,1,Biker
80,1925.0,794.0,1971.0,860.0,7330,1,0,1,Biker
80,1925.0,794.0,1971.0,860.0,7331,1,0,1,Biker
80,1925.0,794.0,1971.0,860.0,7332,1,0,1,Biker
80,1925.0,794.0,1971.0,860.0,7333,1,0,1,Biker
80,1925.0,794.0,1971.0,860.0,7334,1,0,1,Biker
80,1925.0,794.0,1971.0,860.0,7335,1,0,1,Biker
80,1925.0,794.0,1971.0,860.0,7336,1,0,1,Biker
80,1925.0,794.0,1971.0,860.0,7337,1,0,1,Biker
80,1925.0,794.0,1971.0,860.0,7338,1,0,1,Biker
80,1925.0,794.0,1971.0,860.0,7339,1,0,1,Biker
80,1925.0,794.0,1971.0,860.0,7340,1,0,1,Biker
80,1925.0,794.0,1971.0,860.0,7341,0,0,0,Biker
80,1919.0,792.0,1966.0,858.0,7342,0,0,1,Biker
80,1914.0,792.0,1960.0,858.0,7343,0,0,1,Biker
80,1908.0,792.0,1955.0,858.0,7344,0,0,1,Biker
80,1905.0,792.0,1952.0,858.0,7345,0,0,1,Biker
80,1900.0,792.0,1947.0,858.0,7346,0,0,1,Biker
80,1894.0,792.0,1941.0,858.0,7347,0,0,1,Biker
80,1892.0,792.0,1938.0,858.0,7348,0,0,1,Biker
80,1886.0,792.0,1933.0,858.0,7349,0,0,1,Biker
80,1881.0,792.0,1927.0,858.0,7350,0,0,1,Biker
80,1875.0,792.0,1922.0,858.0,7351,0,0,1,Biker
80,1872.0,792.0,1919.0,858.0,7352,0,0,1,Biker
80,1867.0,792.0,1914.0,858.0,7353,0,0,1,Biker
80,1861.0,792.0,1908.0,858.0,7354,0,0,1,Biker
80,1859.0,792.0,1905.0,858.0,7355,0,0,1,Biker
80,1853.0,792.0,1900.0,858.0,7356,0,0,1,Biker
80,1848.0,790.0,1894.0,856.0,7357,0,0,1,Biker
80,1845.0,790.0,1892.0,856.0,7358,0,0,1,Biker
80,1839.0,790.0,1886.0,856.0,7359,0,0,1,Biker
80,1834.0,790.0,1881.0,856.0,7360,0,0,1,Biker
80,1828.0,790.0,1875.0,856.0,7361,0,0,1,Biker
80,1826.0,790.0,1872.0,856.0,7362,0,0,1,Biker
80,1820.0,790.0,1867.0,856.0,7363,0,0,1,Biker
80,1815.0,790.0,1861.0,856.0,7364,0,0,1,Biker
80,1812.0,790.0,1859.0,856.0,7365,0,0,1,Biker
80,1806.0,790.0,1853.0,856.0,7366,0,0,1,Biker
80,1801.0,790.0,1848.0,856.0,7367,0,0,1,Biker
80,1795.0,790.0,1842.0,856.0,7368,0,0,1,Biker
80,1793.0,790.0,1839.0,856.0,7369,0,0,1,Biker
80,1787.0,790.0,1834.0,856.0,7370,0,0,1,Biker
80,1782.0,790.0,1828.0,856.0,7371,0,0,1,Biker
80,1779.0,790.0,1826.0,856.0,7372,0,0,1,Biker
80,1773.0,787.0,1820.0,853.0,7373,0,0,1,Biker
80,1768.0,787.0,1815.0,853.0,7374,0,0,1,Biker
80,1765.0,787.0,1812.0,853.0,7375,0,0,1,Biker
80,1760.0,787.0,1806.0,853.0,7376,0,0,1,Biker
80,1754.0,787.0,1801.0,853.0,7377,0,0,1,Biker
80,1749.0,787.0,1795.0,853.0,7378,0,0,1,Biker
80,1746.0,787.0,1793.0,853.0,7379,0,0,1,Biker
80,1740.0,787.0,1787.0,853.0,7380,0,0,1,Biker
80,1735.0,787.0,1782.0,853.0,7381,0,0,1,Biker
80,1732.0,787.0,1779.0,853.0,7382,0,0,1,Biker
80,1727.0,787.0,1773.0,853.0,7383,0,0,1,Biker
80,1721.0,787.0,1768.0,853.0,7384,0,0,1,Biker
80,1718.0,787.0,1765.0,853.0,7385,0,0,1,Biker
80,1713.0,787.0,1760.0,853.0,7386,0,0,1,Biker
80,1707.0,787.0,1754.0,853.0,7387,0,0,1,Biker
80,1702.0,785.0,1749.0,851.0,7388,0,0,1,Biker
80,1699.0,785.0,1746.0,851.0,7389,0,0,1,Biker
80,1694.0,785.0,1740.0,851.0,7390,0,0,1,Biker
80,1688.0,785.0,1735.0,851.0,7391,0,0,1,Biker
80,1685.0,785.0,1732.0,851.0,7392,0,0,1,Biker
80,1680.0,785.0,1727.0,851.0,7393,0,0,1,Biker
80,1674.0,785.0,1721.0,851.0,7394,0,0,1,Biker
80,1669.0,785.0,1716.0,851.0,7395,0,0,1,Biker
80,1666.0,785.0,1713.0,851.0,7396,0,0,1,Biker
80,1661.0,785.0,1707.0,851.0,7397,0,0,1,Biker
80,1655.0,785.0,1702.0,851.0,7398,0,0,1,Biker
80,1652.0,785.0,1699.0,851.0,7399,0,0,1,Biker
80,1647.0,785.0,1694.0,851.0,7400,0,0,1,Biker
80,1641.0,785.0,1688.0,851.0,7401,0,0,1,Biker
80,1639.0,785.0,1685.0,851.0,7402,0,0,1,Biker
80,1633.0,785.0,1680.0,851.0,7403,0,0,1,Biker
80,1628.0,783.0,1674.0,849.0,7404,0,0,1,Biker
80,1622.0,783.0,1669.0,849.0,7405,0,0,1,Biker
80,1619.0,783.0,1666.0,849.0,7406,0,0,1,Biker
80,1614.0,783.0,1661.0,849.0,7407,0,0,1,Biker
80,1608.0,783.0,1655.0,849.0,7408,0,0,1,Biker
80,1606.0,783.0,1652.0,849.0,7409,0,0,1,Biker
80,1600.0,783.0,1647.0,849.0,7410,0,0,1,Biker
80,1595.0,783.0,1641.0,849.0,7411,0,0,1,Biker
80,1592.0,783.0,1639.0,849.0,7412,0,0,1,Biker
80,1586.0,783.0,1633.0,849.0,7413,0,0,1,Biker
80,1581.0,783.0,1628.0,849.0,7414,0,0,1,Biker
80,1575.0,783.0,1622.0,849.0,7415,0,0,1,Biker
80,1573.0,783.0,1619.0,849.0,7416,0,0,1,Biker
80,1567.0,783.0,1614.0,849.0,7417,0,0,1,Biker
80,1562.0,783.0,1608.0,849.0,7418,0,0,1,Biker
80,1559.0,783.0,1606.0,849.0,7419,0,0,1,Biker
80,1553.0,781.0,1600.0,847.0,7420,0,0,1,Biker
80,1548.0,781.0,1595.0,847.0,7421,0,0,1,Biker
80,1542.0,781.0,1589.0,847.0,7422,0,0,1,Biker
80,1540.0,781.0,1586.0,847.0,7423,0,0,1,Biker
80,1534.0,781.0,1581.0,847.0,7424,0,0,1,Biker
80,1529.0,781.0,1575.0,847.0,7425,0,0,1,Biker
80,1526.0,781.0,1573.0,847.0,7426,0,0,1,Biker
80,1520.0,781.0,1567.0,847.0,7427,0,0,1,Biker
80,1515.0,781.0,1562.0,847.0,7428,0,0,1,Biker
80,1512.0,781.0,1559.0,847.0,7429,0,0,1,Biker
80,1507.0,781.0,1553.0,847.0,7430,0,0,1,Biker
80,1501.0,781.0,1548.0,847.0,7431,0,0,1,Biker
80,1496.0,781.0,1542.0,847.0,7432,0,0,1,Biker
80,1493.0,781.0,1540.0,847.0,7433,0,0,1,Biker
80,1487.0,781.0,1534.0,847.0,7434,0,0,1,Biker
80,1482.0,778.0,1529.0,844.0,7435,0,0,1,Biker
80,1479.0,778.0,1526.0,844.0,7436,0,0,1,Biker
80,1474.0,778.0,1520.0,844.0,7437,0,0,1,Biker
80,1468.0,778.0,1515.0,844.0,7438,0,0,1,Biker
80,1465.0,778.0,1512.0,844.0,7439,0,0,1,Biker
80,1460.0,778.0,1507.0,844.0,7440,0,0,1,Biker
80,1454.0,778.0,1501.0,844.0,7441,0,0,1,Biker
80,1449.0,778.0,1496.0,844.0,7442,0,0,1,Biker
80,1446.0,778.0,1493.0,844.0,7443,0,0,1,Biker
80,1441.0,778.0,1487.0,844.0,7444,0,0,1,Biker
80,1435.0,778.0,1482.0,844.0,7445,0,0,1,Biker
80,1432.0,778.0,1479.0,844.0,7446,0,0,1,Biker
80,1427.0,778.0,1474.0,844.0,7447,0,0,1,Biker
80,1421.0,778.0,1468.0,844.0,7448,0,0,1,Biker
80,1416.0,778.0,1463.0,844.0,7449,0,0,1,Biker
80,1413.0,778.0,1460.0,844.0,7450,0,0,1,Biker
80,1408.0,776.0,1454.0,842.0,7451,0,0,1,Biker
80,1402.0,776.0,1449.0,842.0,7452,0,0,1,Biker
80,1399.0,776.0,1446.0,842.0,7453,0,0,1,Biker
80,1394.0,776.0,1441.0,842.0,7454,0,0,1,Biker
80,1388.0,776.0,1435.0,842.0,7455,0,0,1,Biker
80,1386.0,776.0,1432.0,842.0,7456,0,0,1,Biker
80,1380.0,776.0,1427.0,842.0,7457,0,0,1,Biker
80,1375.0,776.0,1421.0,842.0,7458,0,0,1,Biker
80,1369.0,776.0,1416.0,842.0,7459,0,0,1,Biker
80,1366.0,776.0,1413.0,842.0,7460,0,0,1,Biker
80,1361.0,776.0,1408.0,842.0,7461,0,0,1,Biker
80,1355.0,776.0,1402.0,842.0,7462,0,0,1,Biker
80,1353.0,776.0,1399.0,842.0,7463,0,0,1,Biker
80,1347.0,776.0,1394.0,842.0,7464,0,0,1,Biker
80,1342.0,776.0,1388.0,842.0,7465,0,0,1,Biker
80,1339.0,776.0,1386.0,842.0,7466,0,0,0,Biker
80,1333.0,774.0,1380.0,840.0,7467,0,0,1,Biker
80,1328.0,774.0,1375.0,840.0,7468,0,0,1,Biker
80,1322.0,774.0,1369.0,840.0,7469,0,0,1,Biker
80,1317.0,774.0,1364.0,840.0,7470,0,0,1,Biker
80,1311.0,774.0,1358.0,840.0,7471,0,0,1,Biker
80,1306.0,774.0,1353.0,840.0,7472,0,0,1,Biker
80,1300.0,774.0,1347.0,840.0,7473,0,0,1,Biker
80,1295.0,774.0,1342.0,840.0,7474,0,0,1,Biker
80,1289.0,774.0,1336.0,840.0,7475,0,0,1,Biker
80,1284.0,774.0,1331.0,840.0,7476,0,0,1,Biker
80,1278.0,774.0,1325.0,840.0,7477,0,0,1,Biker
80,1273.0,774.0,1320.0,840.0,7478,0,0,1,Biker
80,1267.0,774.0,1314.0,840.0,7479,0,0,1,Biker
80,1262.0,774.0,1309.0,840.0,7480,0,0,1,Biker
80,1256.0,774.0,1303.0,840.0,7481,0,0,1,Biker
80,1251.0,774.0,1298.0,840.0,7482,0,0,1,Biker
80,1245.0,774.0,1292.0,840.0,7483,0,0,1,Biker
80,1240.0,774.0,1287.0,840.0,7484,0,0,1,Biker
80,1234.0,774.0,1281.0,840.0,7485,0,0,1,Biker
80,1229.0,774.0,1276.0,840.0,7486,0,0,1,Biker
80,1223.0,774.0,1270.0,840.0,7487,0,0,1,Biker
80,1218.0,774.0,1265.0,840.0,7488,0,0,1,Biker
80,1212.0,774.0,1259.0,840.0,7489,0,0,1,Biker
80,1207.0,774.0,1254.0,840.0,7490,0,0,1,Biker
80,1201.0,774.0,1248.0,840.0,7491,0,0,1,Biker
80,1196.0,774.0,1243.0,840.0,7492,0,0,1,Biker
80,1190.0,774.0,1237.0,840.0,7493,0,0,1,Biker
80,1185.0,774.0,1232.0,840.0,7494,0,0,1,Biker
80,1179.0,774.0,1226.0,840.0,7495,0,0,1,Biker
80,1174.0,774.0,1221.0,840.0,7496,0,0,1,Biker
80,1168.0,774.0,1215.0,840.0,7497,0,0,1,Biker
80,1163.0,774.0,1210.0,840.0,7498,0,0,1,Biker
80,1157.0,774.0,1204.0,840.0,7499,0,0,1,Biker
80,1152.0,774.0,1199.0,840.0,7500,0,0,0,Biker
80,1144.0,774.0,1193.0,840.0,7501,0,0,1,Biker
80,1138.0,774.0,1188.0,840.0,7502,0,0,1,Biker
80,1133.0,774.0,1182.0,840.0,7503,0,0,1,Biker
80,1127.0,774.0,1177.0,840.0,7504,0,0,1,Biker
80,1122.0,774.0,1171.0,840.0,7505,0,0,1,Biker
80,1116.0,774.0,1166.0,840.0,7506,0,0,1,Biker
80,1111.0,774.0,1160.0,840.0,7507,0,0,1,Biker
80,1105.0,774.0,1155.0,840.0,7508,0,0,1,Biker
80,1100.0,774.0,1149.0,840.0,7509,0,0,1,Biker
80,1091.0,774.0,1144.0,840.0,7510,0,0,1,Biker
80,1086.0,774.0,1138.0,840.0,7511,0,0,1,Biker
80,1080.0,774.0,1133.0,840.0,7512,0,0,1,Biker
80,1075.0,774.0,1127.0,840.0,7513,0,0,1,Biker
80,1069.0,774.0,1122.0,840.0,7514,0,0,1,Biker
80,1064.0,774.0,1116.0,840.0,7515,0,0,1,Biker
80,1058.0,774.0,1111.0,840.0,7516,0,0,1,Biker
80,1053.0,774.0,1105.0,840.0,7517,0,0,1,Biker
80,1047.0,774.0,1100.0,840.0,7518,0,0,1,Biker
80,1039.0,774.0,1094.0,840.0,7519,0,0,1,Biker
80,1034.0,774.0,1089.0,840.0,7520,0,0,1,Biker
80,1028.0,774.0,1083.0,840.0,7521,0,0,1,Biker
80,1023.0,774.0,1078.0,840.0,7522,0,0,1,Biker
80,1017.0,774.0,1072.0,840.0,7523,0,0,1,Biker
80,1012.0,774.0,1067.0,840.0,7524,0,0,1,Biker
80,1006.0,774.0,1061.0,840.0,7525,0,0,1,Biker
80,1001.0,774.0,1056.0,840.0,7526,0,0,1,Biker
80,995.0,774.0,1050.0,840.0,7527,0,0,1,Biker
80,987.0,774.0,1045.0,840.0,7528,0,0,1,Biker
80,981.0,774.0,1039.0,840.0,7529,0,0,1,Biker
80,976.0,774.0,1034.0,840.0,7530,0,0,1,Biker
80,970.0,774.0,1028.0,840.0,7531,0,0,1,Biker
80,965.0,774.0,1023.0,840.0,7532,0,0,1,Biker
80,959.0,774.0,1017.0,840.0,7533,0,0,1,Biker
80,954.0,774.0,1012.0,840.0,7534,0,0,1,Biker
80,948.0,774.0,1006.0,840.0,7535,0,0,1,Biker
80,943.0,774.0,1001.0,840.0,7536,0,0,1,Biker
80,937.0,774.0,995.0,842.0,7537,0,0,1,Biker
80,929.0,774.0,990.0,842.0,7538,0,0,1,Biker
80,924.0,774.0,984.0,842.0,7539,0,0,1,Biker
80,918.0,774.0,979.0,842.0,7540,0,0,1,Biker
80,913.0,774.0,973.0,842.0,7541,0,0,1,Biker
80,907.0,774.0,968.0,842.0,7542,0,0,1,Biker
80,902.0,774.0,962.0,842.0,7543,0,0,1,Biker
80,896.0,774.0,957.0,842.0,7544,0,0,1,Biker
80,891.0,774.0,951.0,842.0,7545,0,0,1,Biker
80,885.0,774.0,946.0,842.0,7546,0,0,1,Biker
80,877.0,774.0,940.0,842.0,7547,0,0,1,Biker
80,871.0,774.0,935.0,842.0,7548,0,0,1,Biker
80,866.0,774.0,929.0,842.0,7549,0,0,1,Biker
80,860.0,774.0,924.0,842.0,7550,0,0,1,Biker
80,855.0,774.0,918.0,842.0,7551,0,0,1,Biker
80,849.0,774.0,913.0,842.0,7552,0,0,1,Biker
80,844.0,774.0,907.0,842.0,7553,0,0,1,Biker
80,838.0,774.0,902.0,842.0,7554,0,0,1,Biker
80,833.0,774.0,896.0,842.0,7555,0,0,1,Biker
80,825.0,776.0,891.0,842.0,7556,0,0,1,Biker
80,819.0,776.0,885.0,842.0,7557,0,0,1,Biker
80,814.0,776.0,880.0,842.0,7558,0,0,1,Biker
80,808.0,776.0,874.0,842.0,7559,0,0,1,Biker
80,803.0,776.0,869.0,842.0,7560,0,0,1,Biker
80,797.0,776.0,863.0,842.0,7561,0,0,1,Biker
80,792.0,776.0,858.0,842.0,7562,0,0,1,Biker
80,786.0,776.0,852.0,842.0,7563,0,0,1,Biker
80,781.0,776.0,847.0,842.0,7564,0,0,1,Biker
80,772.0,776.0,841.0,842.0,7565,0,0,1,Biker
80,767.0,776.0,836.0,842.0,7566,0,0,1,Biker
80,761.0,776.0,830.0,842.0,7567,0,0,1,Biker
80,756.0,776.0,825.0,842.0,7568,0,0,1,Biker
80,750.0,776.0,819.0,842.0,7569,0,0,1,Biker
80,745.0,776.0,814.0,842.0,7570,0,0,1,Biker
80,739.0,776.0,808.0,842.0,7571,0,0,1,Biker
80,734.0,776.0,803.0,842.0,7572,0,0,1,Biker
80,728.0,776.0,797.0,842.0,7573,0,0,1,Biker
80,723.0,776.0,792.0,844.0,7574,0,0,1,Biker
80,715.0,776.0,786.0,844.0,7575,0,0,1,Biker
80,709.0,776.0,781.0,844.0,7576,0,0,1,Biker
80,704.0,776.0,775.0,844.0,7577,0,0,1,Biker
80,698.0,776.0,770.0,844.0,7578,0,0,1,Biker
80,693.0,776.0,764.0,844.0,7579,0,0,1,Biker
80,687.0,776.0,759.0,844.0,7580,0,0,1,Biker
80,682.0,776.0,753.0,844.0,7581,0,0,1,Biker
80,676.0,776.0,748.0,844.0,7582,0,0,1,Biker
80,671.0,776.0,742.0,844.0,7583,0,0,1,Biker
80,662.0,776.0,737.0,844.0,7584,0,0,1,Biker
80,657.0,776.0,731.0,844.0,7585,0,0,1,Biker
80,651.0,776.0,726.0,844.0,7586,0,0,1,Biker
80,646.0,776.0,720.0,844.0,7587,0,0,1,Biker
80,640.0,776.0,715.0,844.0,7588,0,0,1,Biker
80,635.0,776.0,709.0,844.0,7589,0,0,1,Biker
80,629.0,776.0,704.0,844.0,7590,0,0,1,Biker
80,624.0,776.0,698.0,844.0,7591,0,0,1,Biker
80,618.0,776.0,693.0,844.0,7592,0,0,1,Biker
80,610.0,776.0,687.0,844.0,7593,0,0,1,Biker
80,605.0,776.0,682.0,844.0,7594,0,0,1,Biker
80,599.0,776.0,676.0,844.0,7595,0,0,1,Biker
80,594.0,776.0,671.0,844.0,7596,0,0,1,Biker
80,588.0,776.0,665.0,844.0,7597,0,0,1,Biker
80,583.0,776.0,660.0,844.0,7598,0,0,1,Biker
80,577.0,776.0,654.0,844.0,7599,0,0,1,Biker
80,572.0,776.0,649.0,844.0,7600,0,0,1,Biker
80,566.0,776.0,643.0,844.0,7601,0,0,1,Biker
80,558.0,776.0,638.0,844.0,7602,0,0,1,Biker
80,552.0,776.0,632.0,844.0,7603,0,0,1,Biker
80,547.0,776.0,627.0,844.0,7604,0,0,1,Biker
80,541.0,776.0,621.0,844.0,7605,0,0,1,Biker
80,536.0,776.0,616.0,844.0,7606,0,0,1,Biker
80,530.0,776.0,610.0,844.0,7607,0,0,1,Biker
80,525.0,776.0,605.0,844.0,7608,0,0,1,Biker
80,519.0,776.0,599.0,844.0,7609,0,0,1,Biker
80,514.0,776.0,594.0,844.0,7610,0,0,1,Biker
80,508.0,778.0,591.0,847.0,7611,0,0,0,Biker
80,503.0,778.0,585.0,847.0,7612,0,0,1,Biker
80,497.0,778.0,580.0,847.0,7613,0,0,1,Biker
80,492.0,778.0,574.0,847.0,7614,0,0,1,Biker
80,486.0,778.0,569.0,847.0,7615,0,0,1,Biker
80,481.0,778.0,563.0,847.0,7616,0,0,1,Biker
80,475.0,778.0,558.0,847.0,7617,0,0,1,Biker
80,470.0,778.0,552.0,847.0,7618,0,0,1,Biker
80,464.0,778.0,547.0,847.0,7619,0,0,1,Biker
80,459.0,778.0,541.0,847.0,7620,0,0,1,Biker
80,453.0,778.0,536.0,847.0,7621,0,0,1,Biker
80,448.0,778.0,530.0,847.0,7622,0,0,1,Biker
80,445.0,778.0,528.0,847.0,7623,0,0,1,Biker
80,440.0,778.0,522.0,847.0,7624,0,0,1,Biker
80,434.0,778.0,517.0,847.0,7625,0,0,1,Biker
80,429.0,778.0,511.0,847.0,7626,0,0,1,Biker
80,423.0,778.0,506.0,847.0,7627,0,0,1,Biker
80,418.0,781.0,500.0,849.0,7628,0,0,1,Biker
80,412.0,781.0,495.0,849.0,7629,0,0,1,Biker
80,407.0,781.0,489.0,849.0,7630,0,0,1,Biker
80,401.0,781.0,484.0,849.0,7631,0,0,1,Biker
80,396.0,781.0,478.0,849.0,7632,0,0,1,Biker
80,390.0,781.0,473.0,849.0,7633,0,0,1,Biker
80,387.0,781.0,470.0,849.0,7634,0,0,1,Biker
80,382.0,781.0,464.0,849.0,7635,0,0,1,Biker
80,376.0,781.0,459.0,849.0,7636,0,0,1,Biker
80,371.0,781.0,453.0,849.0,7637,0,0,1,Biker
80,365.0,781.0,448.0,849.0,7638,0,0,1,Biker
80,360.0,781.0,442.0,849.0,7639,0,0,1,Biker
80,354.0,781.0,437.0,849.0,7640,0,0,1,Biker
80,349.0,781.0,431.0,849.0,7641,0,0,1,Biker
80,343.0,781.0,426.0,849.0,7642,0,0,1,Biker
80,338.0,781.0,420.0,849.0,7643,0,0,1,Biker
80,332.0,781.0,415.0,849.0,7644,0,0,1,Biker
80,330.0,783.0,412.0,851.0,7645,0,0,0,Biker
80,324.0,783.0,407.0,851.0,7646,0,0,1,Biker
80,319.0,783.0,401.0,851.0,7647,0,0,1,Biker
80,313.0,783.0,396.0,851.0,7648,0,0,1,Biker
80,308.0,785.0,390.0,853.0,7649,0,0,1,Biker
80,302.0,785.0,385.0,853.0,7650,0,0,1,Biker
80,297.0,785.0,379.0,853.0,7651,0,0,1,Biker
80,291.0,785.0,374.0,853.0,7652,0,0,1,Biker
80,286.0,787.0,368.0,856.0,7653,0,0,1,Biker
80,280.0,787.0,363.0,856.0,7654,0,0,1,Biker
80,275.0,787.0,357.0,856.0,7655,0,0,1,Biker
80,269.0,787.0,352.0,856.0,7656,0,0,1,Biker
80,264.0,790.0,346.0,858.0,7657,0,0,1,Biker
80,258.0,790.0,341.0,858.0,7658,0,0,1,Biker
80,253.0,790.0,335.0,858.0,7659,0,0,1,Biker
80,247.0,790.0,330.0,858.0,7660,0,0,1,Biker
80,244.0,792.0,324.0,860.0,7661,0,0,1,Biker
80,239.0,792.0,319.0,860.0,7662,0,0,1,Biker
80,233.0,792.0,313.0,860.0,7663,0,0,1,Biker
80,228.0,792.0,308.0,860.0,7664,0,0,1,Biker
80,222.0,794.0,302.0,863.0,7665,0,0,1,Biker
80,217.0,794.0,297.0,863.0,7666,0,0,1,Biker
80,211.0,794.0,291.0,863.0,7667,0,0,1,Biker
80,206.0,794.0,286.0,863.0,7668,0,0,1,Biker
80,200.0,796.0,280.0,865.0,7669,0,0,1,Biker
80,195.0,796.0,275.0,865.0,7670,0,0,1,Biker
80,189.0,796.0,269.0,865.0,7671,0,0,1,Biker
80,184.0,796.0,264.0,865.0,7672,0,0,1,Biker
80,178.0,799.0,258.0,867.0,7673,0,0,1,Biker
80,173.0,799.0,253.0,867.0,7674,0,0,1,Biker
80,167.0,799.0,247.0,867.0,7675,0,0,1,Biker
80,165.0,801.0,242.0,869.0,7676,0,0,1,Biker
80,159.0,801.0,236.0,869.0,7677,0,0,1,Biker
80,154.0,801.0,231.0,869.0,7678,0,0,1,Biker
80,148.0,801.0,225.0,869.0,7679,0,0,1,Biker
80,143.0,803.0,220.0,872.0,7680,0,0,1,Biker
80,137.0,803.0,214.0,872.0,7681,0,0,1,Biker
80,132.0,803.0,209.0,872.0,7682,0,0,1,Biker
80,126.0,803.0,203.0,872.0,7683,0,0,1,Biker
80,121.0,806.0,198.0,874.0,7684,0,0,1,Biker
80,115.0,806.0,192.0,874.0,7685,0,0,1,Biker
80,110.0,806.0,187.0,874.0,7686,0,0,1,Biker
80,104.0,806.0,181.0,874.0,7687,0,0,1,Biker
80,99.0,808.0,176.0,876.0,7688,0,0,1,Biker
80,93.0,808.0,170.0,876.0,7689,0,0,1,Biker
80,88.0,808.0,165.0,876.0,7690,0,0,1,Biker
80,82.0,808.0,159.0,876.0,7691,0,0,1,Biker
80,79.0,810.0,154.0,878.0,7692,0,0,1,Biker
80,74.0,810.0,148.0,878.0,7693,0,0,1,Biker
80,68.0,810.0,143.0,878.0,7694,0,0,1,Biker
80,63.0,810.0,137.0,878.0,7695,0,0,1,Biker
80,57.0,812.0,132.0,881.0,7696,0,0,1,Biker
80,52.0,812.0,126.0,881.0,7697,0,0,1,Biker
80,46.0,812.0,121.0,881.0,7698,0,0,1,Biker
80,41.0,812.0,115.0,881.0,7699,0,0,1,Biker
80,35.0,815.0,110.0,883.0,7700,0,0,1,Biker
80,30.0,815.0,104.0,883.0,7701,0,0,1,Biker
80,24.0,815.0,99.0,883.0,7702,0,0,1,Biker
80,19.0,815.0,93.0,883.0,7703,0,0,1,Biker
80,13.0,817.0,88.0,885.0,7704,0,0,1,Biker
80,8.0,817.0,82.0,885.0,7705,0,0,1,Biker
80,2.0,817.0,77.0,885.0,7706,0,0,1,Biker
80,0.0,819.0,74.0,888.0,7707,1,0,0,Biker
80,0.0,819.0,74.0,888.0,7708,1,0,1,Biker
80,0.0,819.0,74.0,888.0,7709,1,0,1,Biker
80,0.0,819.0,74.0,888.0,7710,1,0,1,Biker
80,0.0,819.0,74.0,888.0,7711,1,0,1,Biker
80,0.0,819.0,74.0,888.0,7712,1,0,1,Biker
80,0.0,819.0,74.0,888.0,7713,1,0,1,Biker
80,0.0,819.0,74.0,888.0,7714,1,0,1,Biker
80,0.0,819.0,74.0,888.0,7715,1,0,1,Biker
80,0.0,819.0,74.0,888.0,7716,1,0,1,Biker
80,0.0,819.0,74.0,888.0,7717,1,0,1,Biker
80,0.0,819.0,74.0,888.0,7718,1,0,1,Biker
80,0.0,819.0,74.0,888.0,7719,1,0,1,Biker
80,0.0,819.0,74.0,888.0,7720,1,0,1,Biker
80,0.0,819.0,74.0,888.0,7721,1,0,1,Biker
80,0.0,819.0,74.0,888.0,7722,1,0,1,Biker
80,0.0,819.0,74.0,888.0,7723,1,0,1,Biker
80,0.0,819.0,74.0,888.0,7724,1,0,1,Biker
80,0.0,819.0,74.0,888.0,7725,1,0,1,Biker
80,0.0,819.0,74.0,888.0,7726,1,0,1,Biker
80,0.0,819.0,74.0,888.0,7727,1,0,1,Biker
80,0.0,819.0,74.0,888.0,7728,1,0,1,Biker
80,0.0,819.0,74.0,888.0,7729,1,0,1,Biker
80,0.0,819.0,74.0,888.0,7730,1,0,1,Biker
80,0.0,819.0,74.0,888.0,7731,1,0,1,Biker
80,0.0,819.0,74.0,888.0,7732,1,0,1,Biker
80,0.0,819.0,74.0,888.0,7733,1,0,1,Biker
80,0.0,819.0,74.0,888.0,7734,1,0,1,Biker
80,0.0,819.0,74.0,888.0,7735,1,0,1,Biker
80,0.0,819.0,74.0,888.0,7736,1,0,1,Biker
80,0.0,819.0,74.0,888.0,7737,1,0,1,Biker
80,0.0,819.0,74.0,888.0,7738,1,0,0,Biker
80,0.0,819.0,74.0,888.0,7739,1,0,1,Biker
80,0.0,819.0,74.0,888.0,7740,1,0,1,Biker
80,0.0,819.0,74.0,888.0,7741,1,0,1,Biker
80,0.0,819.0,74.0,888.0,7742,1,0,1,Biker
80,0.0,819.0,74.0,888.0,7743,1,0,1,Biker
80,0.0,819.0,74.0,888.0,7744,1,0,1,Biker
80,0.0,819.0,74.0,888.0,7745,1,0,1,Biker
80,0.0,819.0,74.0,888.0,7746,1,0,1,Biker
80,0.0,819.0,74.0,888.0,7747,1,0,1,Biker
80,0.0,819.0,74.0,888.0,7748,1,0,1,Biker
80,0.0,819.0,74.0,888.0,7749,1,0,1,Biker
80,0.0,819.0,74.0,888.0,7750,1,0,1,Biker
80,0.0,819.0,74.0,888.0,7751,1,0,1,Biker
80,0.0,819.0,74.0,888.0,7752,1,0,1,Biker
80,0.0,819.0,74.0,888.0,7753,1,0,1,Biker
80,0.0,819.0,74.0,888.0,7754,1,0,1,Biker
80,0.0,819.0,74.0,888.0,7755,1,0,1,Biker
80,0.0,819.0,74.0,888.0,7756,1,0,1,Biker
80,0.0,819.0,74.0,888.0,7757,1,0,1,Biker
80,0.0,819.0,74.0,888.0,7758,1,0,1,Biker
80,0.0,819.0,74.0,888.0,7759,1,0,1,Biker
80,0.0,819.0,74.0,888.0,7760,1,0,1,Biker
80,0.0,819.0,74.0,888.0,7761,1,0,1,Biker
80,0.0,819.0,74.0,888.0,7762,1,0,1,Biker
80,0.0,819.0,74.0,888.0,7763,1,0,1,Biker
80,0.0,819.0,74.0,888.0,7764,1,0,1,Biker
80,0.0,819.0,74.0,888.0,7765,1,0,1,Biker
80,0.0,819.0,74.0,888.0,7766,1,0,1,Biker
80,0.0,819.0,74.0,888.0,7767,1,0,1,Biker
80,0.0,819.0,74.0,888.0,7768,1,0,1,Biker
80,0.0,819.0,74.0,888.0,7769,1,0,1,Biker
80,0.0,819.0,74.0,888.0,7770,1,0,1,Biker
80,0.0,819.0,74.0,888.0,7771,1,0,1,Biker
80,0.0,819.0,74.0,888.0,7772,1,0,1,Biker
80,0.0,819.0,74.0,888.0,7773,1,0,1,Biker
80,0.0,819.0,74.0,888.0,7774,1,0,1,Biker
80,0.0,819.0,74.0,888.0,7775,1,0,1,Biker
80,0.0,819.0,74.0,888.0,7776,1,0,1,Biker
80,0.0,819.0,74.0,888.0,7777,1,0,1,Biker
80,0.0,819.0,74.0,888.0,7778,1,0,1,Biker
80,0.0,819.0,74.0,888.0,7779,1,0,1,Biker
80,0.0,819.0,74.0,888.0,7780,1,0,1,Biker
80,0.0,819.0,74.0,888.0,7781,1,0,1,Biker
80,0.0,819.0,74.0,888.0,7782,1,0,1,Biker
80,0.0,819.0,74.0,888.0,7783,1,0,1,Biker
80,0.0,819.0,74.0,888.0,7784,1,0,1,Biker
80,0.0,819.0,74.0,888.0,7785,1,0,1,Biker
80,0.0,819.0,74.0,888.0,7786,1,0,1,Biker
80,0.0,819.0,74.0,888.0,7787,1,0,1,Biker
80,0.0,819.0,74.0,888.0,7788,1,0,1,Biker
80,0.0,819.0,74.0,888.0,7789,1,0,1,Biker
80,0.0,819.0,74.0,888.0,7790,1,0,1,Biker
80,0.0,819.0,74.0,888.0,7791,1,0,1,Biker
80,0.0,819.0,74.0,888.0,7792,1,0,1,Biker
80,0.0,819.0,74.0,888.0,7793,1,0,1,Biker
80,0.0,819.0,74.0,888.0,7794,1,0,1,Biker
80,0.0,819.0,74.0,888.0,7795,1,0,1,Biker
80,0.0,819.0,74.0,888.0,7796,1,0,1,Biker
80,0.0,819.0,74.0,888.0,7797,1,0,1,Biker
80,0.0,819.0,74.0,888.0,7798,1,0,1,Biker
80,0.0,819.0,74.0,888.0,7799,1,0,1,Biker
80,0.0,819.0,74.0,888.0,7800,1,0,1,Biker
80,0.0,819.0,74.0,888.0,7801,1,0,1,Biker
80,0.0,819.0,74.0,888.0,7802,1,0,1,Biker
80,0.0,819.0,74.0,888.0,7803,1,0,1,Biker
80,0.0,819.0,74.0,888.0,7804,1,0,1,Biker
80,0.0,819.0,74.0,888.0,7805,1,0,1,Biker
80,0.0,819.0,74.0,888.0,7806,1,0,1,Biker
80,0.0,819.0,74.0,888.0,7807,1,0,1,Biker
80,0.0,819.0,74.0,888.0,7808,1,0,1,Biker
80,0.0,819.0,74.0,888.0,7809,1,0,1,Biker
80,0.0,819.0,74.0,888.0,7810,1,0,1,Biker
80,0.0,819.0,74.0,888.0,7811,1,0,1,Biker
80,0.0,819.0,74.0,888.0,7812,1,0,1,Biker
80,0.0,819.0,74.0,888.0,7813,1,0,1,Biker
80,0.0,819.0,74.0,888.0,7814,1,0,1,Biker
80,0.0,819.0,74.0,888.0,7815,1,0,1,Biker
80,0.0,819.0,74.0,888.0,7816,1,0,1,Biker
80,0.0,819.0,74.0,888.0,7817,1,0,1,Biker
80,0.0,819.0,74.0,888.0,7818,1,0,1,Biker
80,0.0,819.0,74.0,888.0,7819,1,0,1,Biker
80,0.0,819.0,74.0,888.0,7820,1,0,1,Biker
80,0.0,819.0,74.0,888.0,7821,1,0,1,Biker
80,0.0,819.0,74.0,888.0,7822,1,0,1,Biker
80,0.0,819.0,74.0,888.0,7823,1,0,1,Biker
80,0.0,819.0,74.0,888.0,7824,1,0,1,Biker
80,0.0,819.0,74.0,888.0,7825,1,0,1,Biker
80,0.0,819.0,74.0,888.0,7826,1,0,1,Biker
80,0.0,819.0,74.0,888.0,7827,1,0,1,Biker
80,0.0,819.0,74.0,888.0,7828,1,0,1,Biker
80,0.0,819.0,74.0,888.0,7829,1,0,1,Biker
80,0.0,819.0,74.0,888.0,7830,1,0,1,Biker
80,0.0,819.0,74.0,888.0,7831,1,0,1,Biker
80,0.0,819.0,74.0,888.0,7832,1,0,1,Biker
80,0.0,819.0,74.0,888.0,7833,1,0,1,Biker
80,0.0,819.0,74.0,888.0,7834,1,0,1,Biker
80,0.0,819.0,74.0,888.0,7835,1,0,1,Biker
80,0.0,819.0,74.0,888.0,7836,1,0,1,Biker
80,0.0,819.0,74.0,888.0,7837,1,0,1,Biker
80,0.0,819.0,74.0,888.0,7838,1,0,1,Biker
80,0.0,819.0,74.0,888.0,7839,1,0,1,Biker
80,0.0,819.0,74.0,888.0,7840,1,0,1,Biker
80,0.0,819.0,74.0,888.0,7841,1,0,1,Biker
80,0.0,819.0,74.0,888.0,7842,1,0,1,Biker
80,0.0,819.0,74.0,888.0,7843,1,0,1,Biker
80,0.0,819.0,74.0,888.0,7844,1,0,1,Biker
80,0.0,819.0,74.0,888.0,7845,1,0,1,Biker
80,0.0,819.0,74.0,888.0,7846,1,0,1,Biker
80,0.0,819.0,74.0,888.0,7847,1,0,1,Biker
80,0.0,819.0,74.0,888.0,7848,1,0,1,Biker
80,0.0,819.0,74.0,888.0,7849,1,0,1,Biker
80,0.0,819.0,74.0,888.0,7850,1,0,1,Biker
80,0.0,819.0,74.0,888.0,7851,1,0,1,Biker
80,0.0,819.0,74.0,888.0,7852,1,0,1,Biker
80,0.0,819.0,74.0,888.0,7853,1,0,1,Biker
80,0.0,819.0,74.0,888.0,7854,1,0,1,Biker
80,0.0,819.0,74.0,888.0,7855,1,0,1,Biker
80,0.0,819.0,74.0,888.0,7856,1,0,1,Biker
80,0.0,819.0,74.0,888.0,7857,1,0,1,Biker
80,0.0,819.0,74.0,888.0,7858,1,0,1,Biker
80,0.0,819.0,74.0,888.0,7859,1,0,1,Biker
80,0.0,819.0,74.0,888.0,7860,1,0,1,Biker
80,0.0,819.0,74.0,888.0,7861,1,0,1,Biker
80,0.0,819.0,74.0,888.0,7862,1,0,1,Biker
80,0.0,819.0,74.0,888.0,7863,1,0,1,Biker
80,0.0,819.0,74.0,888.0,7864,1,0,1,Biker
80,0.0,819.0,74.0,888.0,7865,1,0,1,Biker
80,0.0,819.0,74.0,888.0,7866,1,0,1,Biker
80,0.0,819.0,74.0,888.0,7867,1,0,1,Biker
80,0.0,819.0,74.0,888.0,7868,1,0,1,Biker
80,0.0,819.0,74.0,888.0,7869,1,0,1,Biker
80,0.0,819.0,74.0,888.0,7870,1,0,1,Biker
80,0.0,819.0,74.0,888.0,7871,1,0,1,Biker
80,0.0,819.0,74.0,888.0,7872,1,0,1,Biker
80,0.0,819.0,74.0,888.0,7873,1,0,1,Biker
80,0.0,819.0,74.0,888.0,7874,1,0,1,Biker
80,0.0,819.0,74.0,888.0,7875,1,0,1,Biker
80,0.0,819.0,74.0,888.0,7876,1,0,1,Biker
80,0.0,819.0,74.0,888.0,7877,1,0,1,Biker
80,0.0,819.0,74.0,888.0,7878,1,0,1,Biker
80,0.0,819.0,74.0,888.0,7879,1,0,1,Biker
80,0.0,819.0,74.0,888.0,7880,1,0,1,Biker
80,0.0,819.0,74.0,888.0,7881,1,0,1,Biker
80,0.0,819.0,74.0,888.0,7882,1,0,1,Biker
80,0.0,819.0,74.0,888.0,7883,1,0,1,Biker
80,0.0,819.0,74.0,888.0,7884,1,0,1,Biker
80,0.0,819.0,74.0,888.0,7885,1,0,1,Biker
80,0.0,819.0,74.0,888.0,7886,1,0,1,Biker
80,0.0,819.0,74.0,888.0,7887,1,0,1,Biker
80,0.0,819.0,74.0,888.0,7888,1,0,1,Biker
80,0.0,819.0,74.0,888.0,7889,1,0,1,Biker
80,0.0,819.0,74.0,888.0,7890,1,0,1,Biker
80,0.0,819.0,74.0,888.0,7891,1,0,1,Biker
80,0.0,819.0,74.0,888.0,7892,1,0,1,Biker
80,0.0,819.0,74.0,888.0,7893,1,0,1,Biker
80,0.0,819.0,74.0,888.0,7894,1,0,1,Biker
80,0.0,819.0,74.0,888.0,7895,1,0,1,Biker
80,0.0,819.0,74.0,888.0,7896,1,0,1,Biker
80,0.0,819.0,74.0,888.0,7897,1,0,1,Biker
80,0.0,819.0,74.0,888.0,7898,1,0,1,Biker
80,0.0,819.0,74.0,888.0,7899,1,0,1,Biker
80,0.0,819.0,74.0,888.0,7900,1,0,1,Biker
80,0.0,819.0,74.0,888.0,7901,1,0,1,Biker
80,0.0,819.0,74.0,888.0,7902,1,0,1,Biker
80,0.0,819.0,74.0,888.0,7903,1,0,1,Biker
80,0.0,819.0,74.0,888.0,7904,1,0,1,Biker
80,0.0,819.0,74.0,888.0,7905,1,0,1,Biker
80,0.0,819.0,74.0,888.0,7906,1,0,1,Biker
80,0.0,819.0,74.0,888.0,7907,1,0,1,Biker
80,0.0,819.0,74.0,888.0,7908,1,0,1,Biker
80,0.0,819.0,74.0,888.0,7909,1,0,1,Biker
80,0.0,819.0,74.0,888.0,7910,1,0,1,Biker
80,0.0,819.0,74.0,888.0,7911,1,0,1,Biker
80,0.0,819.0,74.0,888.0,7912,1,0,1,Biker
80,0.0,819.0,74.0,888.0,7913,1,0,1,Biker
80,0.0,819.0,74.0,888.0,7914,1,0,1,Biker
80,0.0,819.0,74.0,888.0,7915,1,0,1,Biker
80,0.0,819.0,74.0,888.0,7916,1,0,1,Biker
80,0.0,819.0,74.0,888.0,7917,1,0,1,Biker
80,0.0,819.0,74.0,888.0,7918,1,0,1,Biker
80,0.0,819.0,74.0,888.0,7919,1,0,1,Biker
80,0.0,819.0,74.0,888.0,7920,1,0,1,Biker
80,0.0,819.0,74.0,888.0,7921,1,0,1,Biker
80,0.0,819.0,74.0,888.0,7922,1,0,1,Biker
80,0.0,819.0,74.0,888.0,7923,1,0,1,Biker
80,0.0,819.0,74.0,888.0,7924,1,0,1,Biker
80,0.0,819.0,74.0,888.0,7925,1,0,1,Biker
80,0.0,819.0,74.0,888.0,7926,1,0,1,Biker
80,0.0,819.0,74.0,888.0,7927,1,0,1,Biker
80,0.0,819.0,74.0,888.0,7928,1,0,1,Biker
80,0.0,819.0,74.0,888.0,7929,1,0,1,Biker
80,0.0,819.0,74.0,888.0,7930,1,0,1,Biker
80,0.0,819.0,74.0,888.0,7931,1,0,1,Biker
80,0.0,819.0,74.0,888.0,7932,1,0,1,Biker
80,0.0,819.0,74.0,888.0,7933,1,0,1,Biker
80,0.0,819.0,74.0,888.0,7934,1,0,1,Biker
80,0.0,819.0,74.0,888.0,7935,1,0,1,Biker
80,0.0,819.0,74.0,888.0,7936,1,0,1,Biker
80,0.0,819.0,74.0,888.0,7937,1,0,1,Biker
80,0.0,819.0,74.0,888.0,7938,1,0,1,Biker
80,0.0,819.0,74.0,888.0,7939,1,0,1,Biker
80,0.0,819.0,74.0,888.0,7940,1,0,1,Biker
80,0.0,819.0,74.0,888.0,7941,1,0,1,Biker
80,0.0,819.0,74.0,888.0,7942,1,0,1,Biker
80,0.0,819.0,74.0,888.0,7943,1,0,1,Biker
80,0.0,819.0,74.0,888.0,7944,1,0,1,Biker
80,0.0,819.0,74.0,888.0,7945,1,0,1,Biker
80,0.0,819.0,74.0,888.0,7946,1,0,1,Biker
80,0.0,819.0,74.0,888.0,7947,1,0,1,Biker
80,0.0,819.0,74.0,888.0,7948,1,0,1,Biker
80,0.0,819.0,74.0,888.0,7949,1,0,1,Biker
80,0.0,819.0,74.0,888.0,7950,1,0,1,Biker
80,0.0,819.0,74.0,888.0,7951,1,0,1,Biker
80,0.0,819.0,74.0,888.0,7952,1,0,1,Biker
80,0.0,819.0,74.0,888.0,7953,1,0,1,Biker
80,0.0,819.0,74.0,888.0,7954,1,0,1,Biker
80,0.0,819.0,74.0,888.0,7955,1,0,1,Biker
80,0.0,819.0,74.0,888.0,7956,1,0,1,Biker
80,0.0,819.0,74.0,888.0,7957,1,0,1,Biker
80,0.0,819.0,74.0,888.0,7958,1,0,1,Biker
80,0.0,819.0,74.0,888.0,7959,1,0,1,Biker
80,0.0,819.0,74.0,888.0,7960,1,0,1,Biker
80,0.0,819.0,74.0,888.0,7961,1,0,1,Biker
80,0.0,819.0,74.0,888.0,7962,1,0,1,Biker
80,0.0,819.0,74.0,888.0,7963,1,0,1,Biker
80,0.0,819.0,74.0,888.0,7964,1,0,1,Biker
80,0.0,819.0,74.0,888.0,7965,1,0,1,Biker
80,0.0,819.0,74.0,888.0,7966,1,0,1,Biker
80,0.0,819.0,74.0,888.0,7967,1,0,1,Biker
80,0.0,819.0,74.0,888.0,7968,1,0,1,Biker
80,0.0,819.0,74.0,888.0,7969,1,0,1,Biker
80,0.0,819.0,74.0,888.0,7970,1,0,1,Biker
80,0.0,819.0,74.0,888.0,7971,1,0,1,Biker
80,0.0,819.0,74.0,888.0,7972,1,0,1,Biker
80,0.0,819.0,74.0,888.0,7973,1,0,1,Biker
80,0.0,819.0,74.0,888.0,7974,1,0,1,Biker
80,0.0,819.0,74.0,888.0,7975,1,0,1,Biker
80,0.0,819.0,74.0,888.0,7976,1,0,1,Biker
80,0.0,819.0,74.0,888.0,7977,1,0,1,Biker
80,0.0,819.0,74.0,888.0,7978,1,0,1,Biker
80,0.0,819.0,74.0,888.0,7979,1,0,1,Biker
80,0.0,819.0,74.0,888.0,7980,1,0,1,Biker
80,0.0,819.0,74.0,888.0,7981,1,0,1,Biker
80,0.0,819.0,74.0,888.0,7982,1,0,1,Biker
80,0.0,819.0,74.0,888.0,7983,1,0,1,Biker
80,0.0,819.0,74.0,888.0,7984,1,0,1,Biker
80,0.0,819.0,74.0,888.0,7985,1,0,1,Biker
80,0.0,819.0,74.0,888.0,7986,1,0,1,Biker
80,0.0,819.0,74.0,888.0,7987,1,0,1,Biker
80,0.0,819.0,74.0,888.0,7988,1,0,1,Biker
80,0.0,819.0,74.0,888.0,7989,1,0,1,Biker
80,0.0,819.0,74.0,888.0,7990,1,0,1,Biker
80,0.0,819.0,74.0,888.0,7991,1,0,1,Biker
80,0.0,819.0,74.0,888.0,7992,1,0,1,Biker
80,0.0,819.0,74.0,888.0,7993,1,0,1,Biker
80,0.0,819.0,74.0,888.0,7994,1,0,1,Biker
80,0.0,819.0,74.0,888.0,7995,1,0,1,Biker
80,0.0,819.0,74.0,888.0,7996,1,0,1,Biker
80,0.0,819.0,74.0,888.0,7997,1,0,1,Biker
80,0.0,819.0,74.0,888.0,7998,1,0,1,Biker
80,0.0,819.0,74.0,888.0,7999,1,0,1,Biker
80,0.0,819.0,74.0,888.0,8000,1,0,1,Biker
80,0.0,819.0,74.0,888.0,8001,1,0,1,Biker
80,0.0,819.0,74.0,888.0,8002,1,0,1,Biker
80,0.0,819.0,74.0,888.0,8003,1,0,1,Biker
80,0.0,819.0,74.0,888.0,8004,1,0,1,Biker
80,0.0,819.0,74.0,888.0,8005,1,0,1,Biker
80,0.0,819.0,74.0,888.0,8006,1,0,1,Biker
80,0.0,819.0,74.0,888.0,8007,1,0,1,Biker
80,0.0,819.0,74.0,888.0,8008,1,0,1,Biker
80,0.0,819.0,74.0,888.0,8009,1,0,1,Biker
80,0.0,819.0,74.0,888.0,8010,1,0,1,Biker
80,0.0,819.0,74.0,888.0,8011,1,0,1,Biker
80,0.0,819.0,74.0,888.0,8012,1,0,1,Biker
80,0.0,819.0,74.0,888.0,8013,1,0,1,Biker
80,0.0,819.0,74.0,888.0,8014,1,0,1,Biker
80,0.0,819.0,74.0,888.0,8015,1,0,1,Biker
80,0.0,819.0,74.0,888.0,8016,1,0,1,Biker
80,0.0,819.0,74.0,888.0,8017,1,0,1,Biker
80,0.0,819.0,74.0,888.0,8018,1,0,1,Biker
80,0.0,819.0,74.0,888.0,8019,1,0,1,Biker
80,0.0,819.0,74.0,888.0,8020,1,0,1,Biker
80,0.0,819.0,74.0,888.0,8021,1,0,1,Biker
80,0.0,819.0,74.0,888.0,8022,1,0,1,Biker
80,0.0,819.0,74.0,888.0,8023,1,0,1,Biker
80,0.0,819.0,74.0,888.0,8024,1,0,1,Biker
80,0.0,819.0,74.0,888.0,8025,1,0,1,Biker
80,0.0,819.0,74.0,888.0,8026,1,0,1,Biker
80,0.0,819.0,74.0,888.0,8027,1,0,1,Biker
80,0.0,819.0,74.0,888.0,8028,1,0,1,Biker
80,0.0,819.0,74.0,888.0,8029,1,0,1,Biker
80,0.0,819.0,74.0,888.0,8030,1,0,1,Biker
80,0.0,819.0,74.0,888.0,8031,1,0,0,Biker
81,2.0,917.0,38.0,988.0,6500,1,0,0,Pedestrian
81,2.0,917.0,38.0,988.0,6501,1,0,1,Pedestrian
81,2.0,917.0,38.0,988.0,6502,1,0,1,Pedestrian
81,2.0,917.0,38.0,988.0,6503,1,0,1,Pedestrian
81,2.0,917.0,38.0,988.0,6504,1,0,1,Pedestrian
81,2.0,917.0,38.0,988.0,6505,1,0,1,Pedestrian
81,2.0,917.0,38.0,988.0,6506,1,0,1,Pedestrian
81,2.0,917.0,38.0,988.0,6507,1,0,1,Pedestrian
81,2.0,917.0,38.0,988.0,6508,1,0,1,Pedestrian
81,2.0,917.0,38.0,988.0,6509,1,0,1,Pedestrian
81,2.0,917.0,38.0,988.0,6510,1,0,1,Pedestrian
81,2.0,917.0,38.0,988.0,6511,1,0,1,Pedestrian
81,2.0,917.0,38.0,988.0,6512,1,0,1,Pedestrian
81,2.0,917.0,38.0,988.0,6513,1,0,1,Pedestrian
81,2.0,917.0,38.0,988.0,6514,1,0,1,Pedestrian
81,2.0,917.0,38.0,988.0,6515,1,0,1,Pedestrian
81,2.0,917.0,38.0,988.0,6516,1,0,1,Pedestrian
81,2.0,917.0,38.0,988.0,6517,1,0,1,Pedestrian
81,2.0,917.0,38.0,988.0,6518,1,0,1,Pedestrian
81,2.0,917.0,38.0,988.0,6519,1,0,1,Pedestrian
81,2.0,917.0,38.0,988.0,6520,1,0,1,Pedestrian
81,2.0,917.0,38.0,988.0,6521,1,0,1,Pedestrian
81,2.0,917.0,38.0,988.0,6522,1,0,1,Pedestrian
81,2.0,917.0,38.0,988.0,6523,1,0,1,Pedestrian
81,2.0,917.0,38.0,988.0,6524,1,0,1,Pedestrian
81,2.0,917.0,38.0,988.0,6525,1,0,1,Pedestrian
81,2.0,917.0,38.0,988.0,6526,1,0,1,Pedestrian
81,2.0,917.0,38.0,988.0,6527,1,0,1,Pedestrian
81,2.0,917.0,38.0,988.0,6528,1,0,1,Pedestrian
81,2.0,917.0,38.0,988.0,6529,1,0,1,Pedestrian
81,2.0,917.0,38.0,988.0,6530,1,0,1,Pedestrian
81,2.0,917.0,38.0,988.0,6531,1,0,1,Pedestrian
81,2.0,917.0,38.0,988.0,6532,1,0,1,Pedestrian
81,2.0,917.0,38.0,988.0,6533,1,0,1,Pedestrian
81,2.0,917.0,38.0,988.0,6534,1,0,1,Pedestrian
81,2.0,917.0,38.0,988.0,6535,1,0,1,Pedestrian
81,2.0,917.0,38.0,988.0,6536,1,0,1,Pedestrian
81,2.0,917.0,38.0,988.0,6537,1,0,1,Pedestrian
81,2.0,917.0,38.0,988.0,6538,1,0,1,Pedestrian
81,2.0,917.0,38.0,988.0,6539,1,0,1,Pedestrian
81,2.0,917.0,38.0,988.0,6540,1,0,1,Pedestrian
81,2.0,917.0,38.0,988.0,6541,1,0,1,Pedestrian
81,2.0,917.0,38.0,988.0,6542,1,0,1,Pedestrian
81,2.0,917.0,38.0,988.0,6543,1,0,1,Pedestrian
81,2.0,917.0,38.0,988.0,6544,1,0,1,Pedestrian
81,2.0,917.0,38.0,988.0,6545,1,0,1,Pedestrian
81,2.0,917.0,38.0,988.0,6546,1,0,1,Pedestrian
81,2.0,917.0,38.0,988.0,6547,1,0,1,Pedestrian
81,2.0,917.0,38.0,988.0,6548,1,0,1,Pedestrian
81,2.0,917.0,38.0,988.0,6549,1,0,1,Pedestrian
81,2.0,917.0,38.0,988.0,6550,1,0,1,Pedestrian
81,2.0,917.0,38.0,988.0,6551,1,0,1,Pedestrian
81,2.0,917.0,38.0,988.0,6552,1,0,1,Pedestrian
81,2.0,917.0,38.0,988.0,6553,1,0,1,Pedestrian
81,2.0,917.0,38.0,988.0,6554,1,0,1,Pedestrian
81,2.0,917.0,38.0,988.0,6555,1,0,1,Pedestrian
81,2.0,917.0,38.0,988.0,6556,1,0,1,Pedestrian
81,2.0,917.0,38.0,988.0,6557,1,0,1,Pedestrian
81,2.0,917.0,38.0,988.0,6558,1,0,1,Pedestrian
81,2.0,917.0,38.0,988.0,6559,1,0,1,Pedestrian
81,2.0,917.0,38.0,988.0,6560,1,0,1,Pedestrian
81,2.0,917.0,38.0,988.0,6561,1,0,1,Pedestrian
81,2.0,917.0,38.0,988.0,6562,1,0,1,Pedestrian
81,2.0,917.0,38.0,988.0,6563,1,0,1,Pedestrian
81,2.0,917.0,38.0,988.0,6564,1,0,1,Pedestrian
81,2.0,917.0,38.0,988.0,6565,1,0,1,Pedestrian
81,2.0,917.0,38.0,988.0,6566,1,0,1,Pedestrian
81,2.0,917.0,38.0,988.0,6567,1,0,1,Pedestrian
81,2.0,917.0,38.0,988.0,6568,1,0,1,Pedestrian
81,2.0,917.0,38.0,988.0,6569,1,0,1,Pedestrian
81,2.0,917.0,38.0,988.0,6570,1,0,1,Pedestrian
81,2.0,917.0,38.0,988.0,6571,1,0,1,Pedestrian
81,2.0,917.0,38.0,988.0,6572,1,0,1,Pedestrian
81,2.0,917.0,38.0,988.0,6573,1,0,1,Pedestrian
81,2.0,917.0,38.0,988.0,6574,1,0,1,Pedestrian
81,2.0,917.0,38.0,988.0,6575,1,0,1,Pedestrian
81,2.0,917.0,38.0,988.0,6576,1,0,1,Pedestrian
81,2.0,917.0,38.0,988.0,6577,1,0,1,Pedestrian
81,2.0,917.0,38.0,988.0,6578,1,0,1,Pedestrian
81,2.0,917.0,38.0,988.0,6579,1,0,1,Pedestrian
81,2.0,917.0,38.0,988.0,6580,1,0,1,Pedestrian
81,2.0,917.0,38.0,988.0,6581,1,0,1,Pedestrian
81,2.0,917.0,38.0,988.0,6582,1,0,1,Pedestrian
81,2.0,917.0,38.0,988.0,6583,1,0,1,Pedestrian
81,2.0,917.0,38.0,988.0,6584,1,0,1,Pedestrian
81,2.0,917.0,38.0,988.0,6585,1,0,1,Pedestrian
81,2.0,917.0,38.0,988.0,6586,1,0,1,Pedestrian
81,2.0,917.0,38.0,988.0,6587,1,0,1,Pedestrian
81,2.0,917.0,38.0,988.0,6588,1,0,1,Pedestrian
81,2.0,917.0,38.0,988.0,6589,1,0,1,Pedestrian
81,2.0,917.0,38.0,988.0,6590,1,0,1,Pedestrian
81,2.0,917.0,38.0,988.0,6591,1,0,1,Pedestrian
81,2.0,917.0,38.0,988.0,6592,1,0,1,Pedestrian
81,2.0,917.0,38.0,988.0,6593,1,0,1,Pedestrian
81,2.0,917.0,38.0,988.0,6594,1,0,1,Pedestrian
81,2.0,917.0,38.0,988.0,6595,1,0,1,Pedestrian
81,2.0,917.0,38.0,988.0,6596,1,0,1,Pedestrian
81,2.0,917.0,38.0,988.0,6597,1,0,1,Pedestrian
81,2.0,917.0,38.0,988.0,6598,1,0,1,Pedestrian
81,2.0,917.0,38.0,988.0,6599,1,0,1,Pedestrian
81,2.0,917.0,38.0,988.0,6600,1,0,1,Pedestrian
81,2.0,917.0,38.0,988.0,6601,1,0,1,Pedestrian
81,2.0,917.0,38.0,988.0,6602,1,0,1,Pedestrian
81,2.0,917.0,38.0,988.0,6603,1,0,1,Pedestrian
81,2.0,917.0,38.0,988.0,6604,1,0,1,Pedestrian
81,2.0,917.0,38.0,988.0,6605,1,0,1,Pedestrian
81,2.0,917.0,38.0,988.0,6606,1,0,1,Pedestrian
81,2.0,917.0,38.0,988.0,6607,1,0,1,Pedestrian
81,2.0,917.0,38.0,988.0,6608,1,0,1,Pedestrian
81,2.0,917.0,38.0,988.0,6609,1,0,1,Pedestrian
81,2.0,917.0,38.0,988.0,6610,1,0,1,Pedestrian
81,2.0,917.0,38.0,988.0,6611,1,0,1,Pedestrian
81,2.0,917.0,38.0,988.0,6612,1,0,1,Pedestrian
81,2.0,917.0,38.0,988.0,6613,1,0,1,Pedestrian
81,2.0,917.0,38.0,988.0,6614,1,0,1,Pedestrian
81,2.0,917.0,38.0,988.0,6615,1,0,1,Pedestrian
81,2.0,917.0,38.0,988.0,6616,1,0,1,Pedestrian
81,2.0,917.0,38.0,988.0,6617,1,0,1,Pedestrian
81,2.0,917.0,38.0,988.0,6618,1,0,1,Pedestrian
81,2.0,917.0,38.0,988.0,6619,1,0,1,Pedestrian
81,2.0,917.0,38.0,988.0,6620,1,0,1,Pedestrian
81,2.0,917.0,38.0,988.0,6621,1,0,1,Pedestrian
81,2.0,917.0,38.0,988.0,6622,1,0,1,Pedestrian
81,2.0,917.0,38.0,988.0,6623,1,0,1,Pedestrian
81,2.0,917.0,38.0,988.0,6624,1,0,1,Pedestrian
81,2.0,917.0,38.0,988.0,6625,1,0,1,Pedestrian
81,2.0,917.0,38.0,988.0,6626,1,0,1,Pedestrian
81,2.0,917.0,38.0,988.0,6627,1,0,1,Pedestrian
81,2.0,917.0,38.0,988.0,6628,1,0,1,Pedestrian
81,2.0,917.0,38.0,988.0,6629,1,0,1,Pedestrian
81,2.0,917.0,38.0,988.0,6630,1,0,1,Pedestrian
81,2.0,917.0,38.0,988.0,6631,1,0,1,Pedestrian
81,2.0,917.0,38.0,988.0,6632,1,0,1,Pedestrian
81,2.0,917.0,38.0,988.0,6633,1,0,1,Pedestrian
81,2.0,917.0,38.0,988.0,6634,1,0,1,Pedestrian
81,2.0,917.0,38.0,988.0,6635,1,0,1,Pedestrian
81,2.0,917.0,38.0,988.0,6636,1,0,1,Pedestrian
81,2.0,917.0,38.0,988.0,6637,1,0,1,Pedestrian
81,2.0,917.0,38.0,988.0,6638,1,0,1,Pedestrian
81,2.0,917.0,38.0,988.0,6639,1,0,1,Pedestrian
81,2.0,917.0,38.0,988.0,6640,1,0,1,Pedestrian
81,2.0,917.0,38.0,988.0,6641,1,0,1,Pedestrian
81,2.0,917.0,38.0,988.0,6642,1,0,1,Pedestrian
81,2.0,917.0,38.0,988.0,6643,1,0,1,Pedestrian
81,2.0,917.0,38.0,988.0,6644,1,0,1,Pedestrian
81,2.0,917.0,38.0,988.0,6645,1,0,1,Pedestrian
81,2.0,917.0,38.0,988.0,6646,1,0,1,Pedestrian
81,2.0,917.0,38.0,988.0,6647,1,0,1,Pedestrian
81,2.0,917.0,38.0,988.0,6648,1,0,1,Pedestrian
81,2.0,917.0,38.0,988.0,6649,1,0,1,Pedestrian
81,2.0,917.0,38.0,988.0,6650,1,0,1,Pedestrian
81,2.0,917.0,38.0,988.0,6651,1,0,1,Pedestrian
81,2.0,917.0,38.0,988.0,6652,1,0,1,Pedestrian
81,2.0,917.0,38.0,988.0,6653,1,0,1,Pedestrian
81,2.0,917.0,38.0,988.0,6654,1,0,1,Pedestrian
81,2.0,917.0,38.0,988.0,6655,1,0,1,Pedestrian
81,2.0,917.0,38.0,988.0,6656,1,0,1,Pedestrian
81,2.0,917.0,38.0,988.0,6657,1,0,1,Pedestrian
81,2.0,917.0,38.0,988.0,6658,1,0,1,Pedestrian
81,2.0,917.0,38.0,988.0,6659,1,0,1,Pedestrian
81,2.0,917.0,38.0,988.0,6660,1,0,1,Pedestrian
81,2.0,917.0,38.0,988.0,6661,1,0,1,Pedestrian
81,2.0,917.0,38.0,988.0,6662,1,0,1,Pedestrian
81,2.0,917.0,38.0,988.0,6663,1,0,1,Pedestrian
81,2.0,917.0,38.0,988.0,6664,1,0,1,Pedestrian
81,2.0,917.0,38.0,988.0,6665,1,0,1,Pedestrian
81,2.0,917.0,38.0,988.0,6666,1,0,1,Pedestrian
81,2.0,917.0,38.0,988.0,6667,1,0,1,Pedestrian
81,2.0,917.0,38.0,988.0,6668,1,0,1,Pedestrian
81,2.0,917.0,38.0,988.0,6669,1,0,1,Pedestrian
81,2.0,917.0,38.0,988.0,6670,1,0,1,Pedestrian
81,2.0,917.0,38.0,988.0,6671,1,0,1,Pedestrian
81,2.0,917.0,38.0,988.0,6672,1,0,1,Pedestrian
81,2.0,917.0,38.0,988.0,6673,1,0,1,Pedestrian
81,2.0,917.0,38.0,988.0,6674,1,0,1,Pedestrian
81,2.0,917.0,38.0,988.0,6675,1,0,1,Pedestrian
81,2.0,917.0,38.0,988.0,6676,1,0,1,Pedestrian
81,2.0,917.0,38.0,988.0,6677,1,0,1,Pedestrian
81,2.0,917.0,38.0,988.0,6678,1,0,1,Pedestrian
81,2.0,917.0,38.0,988.0,6679,1,0,1,Pedestrian
81,2.0,917.0,38.0,988.0,6680,1,0,1,Pedestrian
81,2.0,917.0,38.0,988.0,6681,1,0,1,Pedestrian
81,2.0,917.0,38.0,988.0,6682,1,0,1,Pedestrian
81,2.0,917.0,38.0,988.0,6683,1,0,1,Pedestrian
81,2.0,917.0,38.0,988.0,6684,1,0,1,Pedestrian
81,2.0,917.0,38.0,988.0,6685,1,0,1,Pedestrian
81,2.0,917.0,38.0,988.0,6686,1,0,1,Pedestrian
81,2.0,917.0,38.0,988.0,6687,1,0,1,Pedestrian
81,2.0,917.0,38.0,988.0,6688,1,0,1,Pedestrian
81,2.0,917.0,38.0,988.0,6689,1,0,1,Pedestrian
81,2.0,917.0,38.0,988.0,6690,1,0,1,Pedestrian
81,2.0,917.0,38.0,988.0,6691,1,0,1,Pedestrian
81,2.0,917.0,38.0,988.0,6692,1,0,1,Pedestrian
81,2.0,917.0,38.0,988.0,6693,1,0,1,Pedestrian
81,2.0,917.0,38.0,988.0,6694,1,0,1,Pedestrian
81,2.0,917.0,38.0,988.0,6695,1,0,1,Pedestrian
81,2.0,917.0,38.0,988.0,6696,1,0,1,Pedestrian
81,2.0,917.0,38.0,988.0,6697,1,0,1,Pedestrian
81,2.0,917.0,38.0,988.0,6698,1,0,1,Pedestrian
81,2.0,917.0,38.0,988.0,6699,1,0,1,Pedestrian
81,2.0,917.0,38.0,988.0,6700,1,0,1,Pedestrian
81,2.0,917.0,38.0,988.0,6701,1,0,1,Pedestrian
81,2.0,917.0,38.0,988.0,6702,1,0,1,Pedestrian
81,2.0,917.0,38.0,988.0,6703,1,0,1,Pedestrian
81,2.0,917.0,38.0,988.0,6704,1,0,1,Pedestrian
81,2.0,917.0,38.0,988.0,6705,1,0,1,Pedestrian
81,2.0,917.0,38.0,988.0,6706,1,0,1,Pedestrian
81,2.0,917.0,38.0,988.0,6707,1,0,1,Pedestrian
81,2.0,917.0,38.0,988.0,6708,1,0,1,Pedestrian
81,2.0,917.0,38.0,988.0,6709,1,0,1,Pedestrian
81,2.0,917.0,38.0,988.0,6710,1,0,1,Pedestrian
81,2.0,917.0,38.0,988.0,6711,1,0,1,Pedestrian
81,2.0,917.0,38.0,988.0,6712,1,0,1,Pedestrian
81,2.0,917.0,38.0,988.0,6713,1,0,1,Pedestrian
81,2.0,917.0,38.0,988.0,6714,1,0,1,Pedestrian
81,2.0,917.0,38.0,988.0,6715,1,0,1,Pedestrian
81,2.0,917.0,38.0,988.0,6716,1,0,1,Pedestrian
81,2.0,917.0,38.0,988.0,6717,1,0,1,Pedestrian
81,2.0,917.0,38.0,988.0,6718,1,0,1,Pedestrian
81,2.0,917.0,38.0,988.0,6719,1,0,1,Pedestrian
81,2.0,917.0,38.0,988.0,6720,1,0,1,Pedestrian
81,2.0,917.0,38.0,988.0,6721,1,0,1,Pedestrian
81,2.0,917.0,38.0,988.0,6722,1,0,1,Pedestrian
81,2.0,917.0,38.0,988.0,6723,1,0,1,Pedestrian
81,2.0,917.0,38.0,988.0,6724,1,0,1,Pedestrian
81,2.0,917.0,38.0,988.0,6725,1,0,1,Pedestrian
81,2.0,917.0,38.0,988.0,6726,1,0,1,Pedestrian
81,2.0,917.0,38.0,988.0,6727,1,0,1,Pedestrian
81,2.0,917.0,38.0,988.0,6728,1,0,1,Pedestrian
81,2.0,917.0,38.0,988.0,6729,1,0,1,Pedestrian
81,2.0,917.0,38.0,988.0,6730,1,0,1,Pedestrian
81,2.0,917.0,38.0,988.0,6731,1,0,1,Pedestrian
81,2.0,917.0,38.0,988.0,6732,1,0,1,Pedestrian
81,2.0,917.0,38.0,988.0,6733,1,0,1,Pedestrian
81,2.0,917.0,38.0,988.0,6734,1,0,1,Pedestrian
81,2.0,917.0,38.0,988.0,6735,1,0,1,Pedestrian
81,2.0,917.0,38.0,988.0,6736,1,0,1,Pedestrian
81,2.0,917.0,38.0,988.0,6737,1,0,1,Pedestrian
81,2.0,917.0,38.0,988.0,6738,1,0,1,Pedestrian
81,2.0,917.0,38.0,988.0,6739,1,0,1,Pedestrian
81,2.0,917.0,38.0,988.0,6740,1,0,1,Pedestrian
81,2.0,917.0,38.0,988.0,6741,1,0,1,Pedestrian
81,2.0,917.0,38.0,988.0,6742,1,0,1,Pedestrian
81,2.0,917.0,38.0,988.0,6743,1,0,1,Pedestrian
81,2.0,917.0,38.0,988.0,6744,1,0,1,Pedestrian
81,2.0,917.0,38.0,988.0,6745,1,0,1,Pedestrian
81,2.0,917.0,38.0,988.0,6746,1,0,1,Pedestrian
81,2.0,917.0,38.0,988.0,6747,1,0,1,Pedestrian
81,2.0,917.0,38.0,988.0,6748,1,0,1,Pedestrian
81,2.0,917.0,38.0,988.0,6749,1,0,1,Pedestrian
81,2.0,917.0,38.0,988.0,6750,1,0,1,Pedestrian
81,2.0,917.0,38.0,988.0,6751,1,0,1,Pedestrian
81,2.0,917.0,38.0,988.0,6752,1,0,1,Pedestrian
81,2.0,917.0,38.0,988.0,6753,1,0,1,Pedestrian
81,2.0,917.0,38.0,988.0,6754,1,0,1,Pedestrian
81,2.0,917.0,38.0,988.0,6755,1,0,1,Pedestrian
81,2.0,917.0,38.0,988.0,6756,1,0,1,Pedestrian
81,2.0,917.0,38.0,988.0,6757,1,0,1,Pedestrian
81,2.0,917.0,38.0,988.0,6758,1,0,1,Pedestrian
81,2.0,917.0,38.0,988.0,6759,1,0,1,Pedestrian
81,2.0,917.0,38.0,988.0,6760,1,0,1,Pedestrian
81,2.0,917.0,38.0,988.0,6761,1,0,1,Pedestrian
81,2.0,917.0,38.0,988.0,6762,1,0,1,Pedestrian
81,2.0,917.0,38.0,988.0,6763,1,0,1,Pedestrian
81,2.0,917.0,38.0,988.0,6764,1,0,1,Pedestrian
81,2.0,917.0,38.0,988.0,6765,1,0,1,Pedestrian
81,2.0,917.0,38.0,988.0,6766,1,0,1,Pedestrian
81,2.0,917.0,38.0,988.0,6767,1,0,1,Pedestrian
81,2.0,917.0,38.0,988.0,6768,1,0,1,Pedestrian
81,2.0,917.0,38.0,988.0,6769,1,0,1,Pedestrian
81,2.0,917.0,38.0,988.0,6770,1,0,1,Pedestrian
81,2.0,917.0,38.0,988.0,6771,1,0,1,Pedestrian
81,2.0,917.0,38.0,988.0,6772,1,0,1,Pedestrian
81,2.0,917.0,38.0,988.0,6773,1,0,1,Pedestrian
81,2.0,917.0,38.0,988.0,6774,1,0,1,Pedestrian
81,2.0,917.0,38.0,988.0,6775,1,0,1,Pedestrian
81,2.0,917.0,38.0,988.0,6776,1,0,1,Pedestrian
81,2.0,917.0,38.0,988.0,6777,1,0,1,Pedestrian
81,2.0,917.0,38.0,988.0,6778,1,0,1,Pedestrian
81,2.0,917.0,38.0,988.0,6779,1,0,1,Pedestrian
81,2.0,917.0,38.0,988.0,6780,1,0,1,Pedestrian
81,2.0,917.0,38.0,988.0,6781,1,0,1,Pedestrian
81,2.0,917.0,38.0,988.0,6782,1,0,1,Pedestrian
81,2.0,917.0,38.0,988.0,6783,1,0,1,Pedestrian
81,2.0,917.0,38.0,988.0,6784,1,0,1,Pedestrian
81,2.0,917.0,38.0,988.0,6785,1,0,1,Pedestrian
81,2.0,917.0,38.0,988.0,6786,1,0,1,Pedestrian
81,2.0,917.0,38.0,988.0,6787,1,0,1,Pedestrian
81,2.0,917.0,38.0,988.0,6788,1,0,1,Pedestrian
81,2.0,917.0,38.0,988.0,6789,1,0,1,Pedestrian
81,2.0,917.0,38.0,988.0,6790,1,0,1,Pedestrian
81,2.0,917.0,38.0,988.0,6791,1,0,1,Pedestrian
81,2.0,917.0,38.0,988.0,6792,1,0,1,Pedestrian
81,2.0,917.0,38.0,988.0,6793,1,0,1,Pedestrian
81,2.0,917.0,38.0,988.0,6794,1,0,1,Pedestrian
81,2.0,917.0,38.0,988.0,6795,1,0,1,Pedestrian
81,2.0,917.0,38.0,988.0,6796,1,0,1,Pedestrian
81,2.0,917.0,38.0,988.0,6797,1,0,1,Pedestrian
81,2.0,917.0,38.0,988.0,6798,1,0,1,Pedestrian
81,2.0,917.0,38.0,988.0,6799,1,0,1,Pedestrian
81,2.0,917.0,38.0,988.0,6800,1,0,1,Pedestrian
81,2.0,917.0,38.0,988.0,6801,1,0,1,Pedestrian
81,2.0,917.0,38.0,988.0,6802,1,0,1,Pedestrian
81,2.0,917.0,38.0,988.0,6803,1,0,1,Pedestrian
81,2.0,917.0,38.0,988.0,6804,1,0,1,Pedestrian
81,2.0,917.0,38.0,988.0,6805,1,0,1,Pedestrian
81,2.0,917.0,38.0,988.0,6806,1,0,1,Pedestrian
81,2.0,917.0,38.0,988.0,6807,1,0,1,Pedestrian
81,2.0,917.0,38.0,988.0,6808,1,0,1,Pedestrian
81,2.0,917.0,38.0,988.0,6809,1,0,1,Pedestrian
81,2.0,917.0,38.0,988.0,6810,1,0,1,Pedestrian
81,2.0,917.0,38.0,988.0,6811,1,0,1,Pedestrian
81,2.0,917.0,38.0,988.0,6812,1,0,1,Pedestrian
81,2.0,917.0,38.0,988.0,6813,1,0,1,Pedestrian
81,2.0,917.0,38.0,988.0,6814,1,0,1,Pedestrian
81,2.0,917.0,38.0,988.0,6815,1,0,1,Pedestrian
81,2.0,917.0,38.0,988.0,6816,1,0,1,Pedestrian
81,2.0,917.0,38.0,988.0,6817,1,0,1,Pedestrian
81,2.0,917.0,38.0,988.0,6818,1,0,1,Pedestrian
81,2.0,917.0,38.0,988.0,6819,1,0,1,Pedestrian
81,2.0,917.0,38.0,988.0,6820,1,0,1,Pedestrian
81,2.0,917.0,38.0,988.0,6821,1,0,1,Pedestrian
81,2.0,917.0,38.0,988.0,6822,1,0,1,Pedestrian
81,2.0,917.0,38.0,988.0,6823,1,0,1,Pedestrian
81,2.0,917.0,38.0,988.0,6824,1,0,1,Pedestrian
81,2.0,917.0,38.0,988.0,6825,1,0,1,Pedestrian
81,2.0,917.0,38.0,988.0,6826,1,0,1,Pedestrian
81,2.0,917.0,38.0,988.0,6827,1,0,1,Pedestrian
81,2.0,917.0,38.0,988.0,6828,1,0,1,Pedestrian
81,2.0,917.0,38.0,988.0,6829,1,0,1,Pedestrian
81,2.0,917.0,38.0,988.0,6830,1,0,1,Pedestrian
81,2.0,917.0,38.0,988.0,6831,1,0,1,Pedestrian
81,2.0,917.0,38.0,988.0,6832,1,0,1,Pedestrian
81,2.0,917.0,38.0,988.0,6833,1,0,1,Pedestrian
81,2.0,917.0,38.0,988.0,6834,1,0,1,Pedestrian
81,2.0,917.0,38.0,988.0,6835,1,0,1,Pedestrian
81,2.0,917.0,38.0,988.0,6836,1,0,1,Pedestrian
81,2.0,917.0,38.0,988.0,6837,1,0,1,Pedestrian
81,2.0,917.0,38.0,988.0,6838,1,0,1,Pedestrian
81,2.0,917.0,38.0,988.0,6839,1,0,1,Pedestrian
81,2.0,917.0,38.0,988.0,6840,1,0,1,Pedestrian
81,2.0,917.0,38.0,988.0,6841,1,0,1,Pedestrian
81,2.0,917.0,38.0,988.0,6842,1,0,1,Pedestrian
81,2.0,917.0,38.0,988.0,6843,1,0,1,Pedestrian
81,2.0,917.0,38.0,988.0,6844,1,0,1,Pedestrian
81,2.0,917.0,38.0,988.0,6845,1,0,1,Pedestrian
81,2.0,917.0,38.0,988.0,6846,1,0,1,Pedestrian
81,2.0,917.0,38.0,988.0,6847,1,0,1,Pedestrian
81,2.0,917.0,38.0,988.0,6848,1,0,1,Pedestrian
81,2.0,917.0,38.0,988.0,6849,1,0,1,Pedestrian
81,2.0,917.0,38.0,988.0,6850,1,0,1,Pedestrian
81,2.0,917.0,38.0,988.0,6851,1,0,1,Pedestrian
81,2.0,917.0,38.0,988.0,6852,1,0,1,Pedestrian
81,2.0,917.0,38.0,988.0,6853,1,0,1,Pedestrian
81,2.0,917.0,38.0,988.0,6854,1,0,1,Pedestrian
81,2.0,917.0,38.0,988.0,6855,1,0,1,Pedestrian
81,2.0,917.0,38.0,988.0,6856,1,0,1,Pedestrian
81,2.0,917.0,38.0,988.0,6857,1,0,1,Pedestrian
81,2.0,917.0,38.0,988.0,6858,1,0,1,Pedestrian
81,2.0,917.0,38.0,988.0,6859,1,0,1,Pedestrian
81,2.0,917.0,38.0,988.0,6860,1,0,1,Pedestrian
81,2.0,917.0,38.0,988.0,6861,1,0,1,Pedestrian
81,2.0,917.0,38.0,988.0,6862,1,0,1,Pedestrian
81,2.0,917.0,38.0,988.0,6863,1,0,1,Pedestrian
81,2.0,917.0,38.0,988.0,6864,1,0,1,Pedestrian
81,2.0,917.0,38.0,988.0,6865,1,0,1,Pedestrian
81,2.0,917.0,38.0,988.0,6866,1,0,1,Pedestrian
81,2.0,917.0,38.0,988.0,6867,1,0,1,Pedestrian
81,2.0,917.0,38.0,988.0,6868,1,0,1,Pedestrian
81,2.0,917.0,38.0,988.0,6869,1,0,1,Pedestrian
81,2.0,917.0,38.0,988.0,6870,1,0,1,Pedestrian
81,2.0,917.0,38.0,988.0,6871,1,0,1,Pedestrian
81,2.0,917.0,38.0,988.0,6872,1,0,1,Pedestrian
81,2.0,917.0,38.0,988.0,6873,1,0,1,Pedestrian
81,2.0,917.0,38.0,988.0,6874,1,0,1,Pedestrian
81,2.0,917.0,38.0,988.0,6875,1,0,1,Pedestrian
81,2.0,917.0,38.0,988.0,6876,1,0,1,Pedestrian
81,2.0,917.0,38.0,988.0,6877,1,0,1,Pedestrian
81,2.0,917.0,38.0,988.0,6878,1,0,1,Pedestrian
81,2.0,917.0,38.0,988.0,6879,1,0,1,Pedestrian
81,2.0,917.0,38.0,988.0,6880,1,0,1,Pedestrian
81,2.0,917.0,38.0,988.0,6881,1,0,1,Pedestrian
81,2.0,917.0,38.0,988.0,6882,1,0,1,Pedestrian
81,2.0,917.0,38.0,988.0,6883,1,0,1,Pedestrian
81,2.0,917.0,38.0,988.0,6884,1,0,1,Pedestrian
81,2.0,917.0,38.0,988.0,6885,1,0,1,Pedestrian
81,2.0,917.0,38.0,988.0,6886,1,0,1,Pedestrian
81,2.0,917.0,38.0,988.0,6887,1,0,1,Pedestrian
81,2.0,917.0,38.0,988.0,6888,1,0,1,Pedestrian
81,2.0,917.0,38.0,988.0,6889,1,0,1,Pedestrian
81,2.0,917.0,38.0,988.0,6890,1,0,1,Pedestrian
81,2.0,917.0,38.0,988.0,6891,1,0,1,Pedestrian
81,2.0,917.0,38.0,988.0,6892,1,0,1,Pedestrian
81,2.0,917.0,38.0,988.0,6893,1,0,1,Pedestrian
81,2.0,917.0,38.0,988.0,6894,1,0,1,Pedestrian
81,2.0,917.0,38.0,988.0,6895,1,0,1,Pedestrian
81,2.0,917.0,38.0,988.0,6896,1,0,1,Pedestrian
81,2.0,917.0,38.0,988.0,6897,1,0,1,Pedestrian
81,2.0,917.0,38.0,988.0,6898,1,0,1,Pedestrian
81,2.0,917.0,38.0,988.0,6899,1,0,1,Pedestrian
81,2.0,917.0,38.0,988.0,6900,1,0,1,Pedestrian
81,2.0,917.0,38.0,988.0,6901,1,0,1,Pedestrian
81,2.0,917.0,38.0,988.0,6902,1,0,1,Pedestrian
81,2.0,917.0,38.0,988.0,6903,1,0,1,Pedestrian
81,2.0,917.0,38.0,988.0,6904,1,0,1,Pedestrian
81,2.0,917.0,38.0,988.0,6905,1,0,1,Pedestrian
81,2.0,917.0,38.0,988.0,6906,1,0,1,Pedestrian
81,2.0,917.0,38.0,988.0,6907,1,0,1,Pedestrian
81,2.0,917.0,38.0,988.0,6908,1,0,1,Pedestrian
81,2.0,917.0,38.0,988.0,6909,1,0,1,Pedestrian
81,2.0,917.0,38.0,988.0,6910,1,0,1,Pedestrian
81,2.0,917.0,38.0,988.0,6911,1,0,1,Pedestrian
81,2.0,917.0,38.0,988.0,6912,1,0,1,Pedestrian
81,2.0,917.0,38.0,988.0,6913,1,0,1,Pedestrian
81,2.0,917.0,38.0,988.0,6914,1,0,1,Pedestrian
81,2.0,917.0,38.0,988.0,6915,1,0,1,Pedestrian
81,2.0,917.0,38.0,988.0,6916,1,0,1,Pedestrian
81,2.0,917.0,38.0,988.0,6917,1,0,1,Pedestrian
81,2.0,917.0,38.0,988.0,6918,1,0,1,Pedestrian
81,2.0,917.0,38.0,988.0,6919,1,0,1,Pedestrian
81,2.0,917.0,38.0,988.0,6920,1,0,1,Pedestrian
81,2.0,917.0,38.0,988.0,6921,1,0,1,Pedestrian
81,2.0,917.0,38.0,988.0,6922,1,0,1,Pedestrian
81,2.0,917.0,38.0,988.0,6923,1,0,1,Pedestrian
81,2.0,917.0,38.0,988.0,6924,1,0,1,Pedestrian
81,2.0,917.0,38.0,988.0,6925,1,0,1,Pedestrian
81,2.0,917.0,38.0,988.0,6926,1,0,1,Pedestrian
81,2.0,917.0,38.0,988.0,6927,1,0,1,Pedestrian
81,2.0,917.0,38.0,988.0,6928,1,0,1,Pedestrian
81,2.0,917.0,38.0,988.0,6929,1,0,1,Pedestrian
81,2.0,917.0,38.0,988.0,6930,1,0,1,Pedestrian
81,2.0,917.0,38.0,988.0,6931,1,0,1,Pedestrian
81,2.0,917.0,38.0,988.0,6932,1,0,1,Pedestrian
81,2.0,917.0,38.0,988.0,6933,1,0,1,Pedestrian
81,2.0,917.0,38.0,988.0,6934,1,0,1,Pedestrian
81,2.0,917.0,38.0,988.0,6935,1,0,1,Pedestrian
81,2.0,917.0,38.0,988.0,6936,1,0,1,Pedestrian
81,2.0,917.0,38.0,988.0,6937,1,0,1,Pedestrian
81,2.0,917.0,38.0,988.0,6938,1,0,1,Pedestrian
81,2.0,917.0,38.0,988.0,6939,1,0,1,Pedestrian
81,2.0,917.0,38.0,988.0,6940,1,0,1,Pedestrian
81,2.0,917.0,38.0,988.0,6941,1,0,1,Pedestrian
81,2.0,917.0,38.0,988.0,6942,1,0,1,Pedestrian
81,2.0,917.0,38.0,988.0,6943,1,0,1,Pedestrian
81,2.0,917.0,38.0,988.0,6944,1,0,1,Pedestrian
81,2.0,917.0,38.0,988.0,6945,1,0,1,Pedestrian
81,2.0,917.0,38.0,988.0,6946,1,0,1,Pedestrian
81,2.0,917.0,38.0,988.0,6947,1,0,1,Pedestrian
81,2.0,917.0,38.0,988.0,6948,1,0,1,Pedestrian
81,2.0,917.0,38.0,988.0,6949,1,0,1,Pedestrian
81,2.0,917.0,38.0,988.0,6950,1,0,1,Pedestrian
81,2.0,917.0,38.0,988.0,6951,1,0,1,Pedestrian
81,2.0,917.0,38.0,988.0,6952,1,0,1,Pedestrian
81,2.0,917.0,38.0,988.0,6953,1,0,1,Pedestrian
81,2.0,917.0,38.0,988.0,6954,1,0,1,Pedestrian
81,2.0,917.0,38.0,988.0,6955,1,0,1,Pedestrian
81,2.0,917.0,38.0,988.0,6956,1,0,1,Pedestrian
81,2.0,917.0,38.0,988.0,6957,1,0,1,Pedestrian
81,2.0,917.0,38.0,988.0,6958,1,0,1,Pedestrian
81,2.0,917.0,38.0,988.0,6959,1,0,1,Pedestrian
81,2.0,917.0,38.0,988.0,6960,1,0,1,Pedestrian
81,2.0,917.0,38.0,988.0,6961,1,0,1,Pedestrian
81,2.0,917.0,38.0,988.0,6962,1,0,1,Pedestrian
81,2.0,917.0,38.0,988.0,6963,1,0,1,Pedestrian
81,2.0,917.0,38.0,988.0,6964,1,0,1,Pedestrian
81,2.0,917.0,38.0,988.0,6965,1,0,1,Pedestrian
81,2.0,917.0,38.0,988.0,6966,1,0,1,Pedestrian
81,2.0,917.0,38.0,988.0,6967,1,0,1,Pedestrian
81,2.0,917.0,38.0,988.0,6968,1,0,1,Pedestrian
81,2.0,917.0,38.0,988.0,6969,1,0,1,Pedestrian
81,2.0,917.0,38.0,988.0,6970,1,0,1,Pedestrian
81,2.0,917.0,38.0,988.0,6971,1,0,1,Pedestrian
81,2.0,917.0,38.0,988.0,6972,1,0,1,Pedestrian
81,2.0,917.0,38.0,988.0,6973,1,0,1,Pedestrian
81,2.0,917.0,38.0,988.0,6974,1,0,1,Pedestrian
81,2.0,917.0,38.0,988.0,6975,1,0,1,Pedestrian
81,2.0,917.0,38.0,988.0,6976,1,0,1,Pedestrian
81,2.0,917.0,38.0,988.0,6977,1,0,1,Pedestrian
81,2.0,917.0,38.0,988.0,6978,1,0,1,Pedestrian
81,2.0,917.0,38.0,988.0,6979,1,0,1,Pedestrian
81,2.0,917.0,38.0,988.0,6980,1,0,1,Pedestrian
81,2.0,917.0,38.0,988.0,6981,1,0,1,Pedestrian
81,2.0,917.0,38.0,988.0,6982,1,0,1,Pedestrian
81,2.0,917.0,38.0,988.0,6983,1,0,1,Pedestrian
81,2.0,917.0,38.0,988.0,6984,1,0,1,Pedestrian
81,2.0,917.0,38.0,988.0,6985,1,0,1,Pedestrian
81,2.0,917.0,38.0,988.0,6986,1,0,1,Pedestrian
81,2.0,917.0,38.0,988.0,6987,1,0,1,Pedestrian
81,2.0,917.0,38.0,988.0,6988,1,0,1,Pedestrian
81,2.0,917.0,38.0,988.0,6989,1,0,1,Pedestrian
81,2.0,917.0,38.0,988.0,6990,1,0,1,Pedestrian
81,2.0,917.0,38.0,988.0,6991,1,0,1,Pedestrian
81,2.0,917.0,38.0,988.0,6992,1,0,1,Pedestrian
81,2.0,917.0,38.0,988.0,6993,1,0,1,Pedestrian
81,2.0,917.0,38.0,988.0,6994,1,0,1,Pedestrian
81,2.0,917.0,38.0,988.0,6995,1,0,1,Pedestrian
81,2.0,917.0,38.0,988.0,6996,1,0,1,Pedestrian
81,2.0,917.0,38.0,988.0,6997,1,0,1,Pedestrian
81,2.0,917.0,38.0,988.0,6998,1,0,1,Pedestrian
81,2.0,917.0,38.0,988.0,6999,1,0,1,Pedestrian
81,2.0,917.0,38.0,988.0,7000,1,0,0,Pedestrian
81,2.0,915.0,38.0,985.0,7001,1,0,1,Pedestrian
81,2.0,915.0,38.0,985.0,7002,1,0,1,Pedestrian
81,5.0,915.0,41.0,985.0,7003,1,0,1,Pedestrian
81,5.0,915.0,41.0,985.0,7004,1,0,1,Pedestrian
81,8.0,915.0,44.0,985.0,7005,1,0,1,Pedestrian
81,8.0,915.0,44.0,985.0,7006,1,0,1,Pedestrian
81,11.0,915.0,46.0,985.0,7007,1,0,1,Pedestrian
81,11.0,915.0,46.0,983.0,7008,1,0,1,Pedestrian
81,13.0,915.0,49.0,983.0,7009,1,0,1,Pedestrian
81,13.0,915.0,49.0,983.0,7010,1,0,1,Pedestrian
81,16.0,915.0,52.0,983.0,7011,1,0,1,Pedestrian
81,16.0,915.0,52.0,983.0,7012,1,0,1,Pedestrian
81,16.0,915.0,52.0,983.0,7013,1,0,1,Pedestrian
81,19.0,915.0,55.0,983.0,7014,1,0,1,Pedestrian
81,19.0,915.0,55.0,981.0,7015,1,0,1,Pedestrian
81,22.0,915.0,57.0,981.0,7016,1,0,1,Pedestrian
81,22.0,915.0,57.0,981.0,7017,1,0,1,Pedestrian
81,24.0,915.0,60.0,981.0,7018,1,0,1,Pedestrian
81,24.0,915.0,60.0,981.0,7019,1,0,1,Pedestrian
81,27.0,915.0,63.0,981.0,7020,1,0,1,Pedestrian
81,27.0,915.0,63.0,981.0,7021,1,0,1,Pedestrian
81,30.0,915.0,66.0,979.0,7022,1,0,1,Pedestrian
81,30.0,915.0,66.0,979.0,7023,1,0,1,Pedestrian
81,33.0,915.0,68.0,979.0,7024,1,0,1,Pedestrian
81,33.0,913.0,68.0,979.0,7025,1,0,1,Pedestrian
81,33.0,913.0,68.0,979.0,7026,1,0,1,Pedestrian
81,35.0,913.0,71.0,979.0,7027,1,0,1,Pedestrian
81,35.0,913.0,71.0,979.0,7028,1,0,1,Pedestrian
81,38.0,913.0,74.0,976.0,7029,1,0,1,Pedestrian
81,38.0,913.0,74.0,976.0,7030,1,0,1,Pedestrian
81,41.0,913.0,77.0,976.0,7031,1,0,1,Pedestrian
81,41.0,913.0,77.0,976.0,7032,1,0,1,Pedestrian
81,44.0,913.0,79.0,976.0,7033,1,0,1,Pedestrian
81,44.0,913.0,79.0,976.0,7034,1,0,1,Pedestrian
81,46.0,913.0,82.0,976.0,7035,1,0,1,Pedestrian
81,46.0,913.0,82.0,976.0,7036,1,0,1,Pedestrian
81,46.0,913.0,82.0,974.0,7037,1,0,1,Pedestrian
81,49.0,913.0,85.0,974.0,7038,1,0,1,Pedestrian
81,49.0,913.0,85.0,974.0,7039,1,0,1,Pedestrian
81,52.0,913.0,88.0,974.0,7040,1,0,1,Pedestrian
81,52.0,913.0,88.0,974.0,7041,1,0,1,Pedestrian
81,55.0,913.0,90.0,974.0,7042,1,0,1,Pedestrian
81,55.0,913.0,90.0,974.0,7043,1,0,1,Pedestrian
81,57.0,913.0,93.0,972.0,7044,1,0,1,Pedestrian
81,57.0,913.0,93.0,972.0,7045,1,0,1,Pedestrian
81,60.0,913.0,96.0,972.0,7046,1,0,1,Pedestrian
81,60.0,913.0,96.0,972.0,7047,1,0,1,Pedestrian
81,63.0,913.0,99.0,972.0,7048,1,0,1,Pedestrian
81,63.0,910.0,99.0,972.0,7049,1,0,1,Pedestrian
81,63.0,910.0,99.0,972.0,7050,1,0,1,Pedestrian
81,66.0,910.0,101.0,970.0,7051,1,0,1,Pedestrian
81,66.0,910.0,101.0,970.0,7052,1,0,1,Pedestrian
81,68.0,910.0,104.0,970.0,7053,1,0,1,Pedestrian
81,68.0,910.0,104.0,970.0,7054,1,0,1,Pedestrian
81,71.0,910.0,107.0,970.0,7055,1,0,1,Pedestrian
81,71.0,910.0,107.0,970.0,7056,1,0,1,Pedestrian
81,74.0,910.0,110.0,970.0,7057,1,0,1,Pedestrian
81,74.0,910.0,110.0,967.0,7058,1,0,1,Pedestrian
81,77.0,910.0,112.0,967.0,7059,1,0,1,Pedestrian
81,77.0,910.0,112.0,967.0,7060,1,0,1,Pedestrian
81,77.0,910.0,112.0,967.0,7061,1,0,1,Pedestrian
81,79.0,910.0,115.0,967.0,7062,1,0,1,Pedestrian
81,79.0,910.0,115.0,967.0,7063,1,0,1,Pedestrian
81,82.0,910.0,118.0,967.0,7064,1,0,1,Pedestrian
81,82.0,910.0,118.0,965.0,7065,1,0,1,Pedestrian
81,85.0,910.0,121.0,965.0,7066,1,0,1,Pedestrian
81,85.0,910.0,121.0,965.0,7067,1,0,1,Pedestrian
81,88.0,910.0,123.0,965.0,7068,1,0,1,Pedestrian
81,88.0,910.0,123.0,965.0,7069,1,0,1,Pedestrian
81,90.0,910.0,126.0,965.0,7070,1,0,1,Pedestrian
81,90.0,910.0,126.0,965.0,7071,1,0,1,Pedestrian
81,93.0,910.0,129.0,965.0,7072,0,0,0,Pedestrian
81,93.0,908.0,129.0,963.0,7073,0,0,1,Pedestrian
81,96.0,908.0,132.0,963.0,7074,0,0,1,Pedestrian
81,99.0,908.0,134.0,963.0,7075,0,0,1,Pedestrian
81,101.0,908.0,137.0,963.0,7076,0,0,1,Pedestrian
81,104.0,908.0,140.0,963.0,7077,0,0,1,Pedestrian
81,107.0,908.0,143.0,963.0,7078,0,0,1,Pedestrian
81,107.0,908.0,145.0,963.0,7079,0,0,1,Pedestrian
81,110.0,908.0,148.0,963.0,7080,0,0,1,Pedestrian
81,112.0,908.0,148.0,960.0,7081,0,0,1,Pedestrian
81,115.0,906.0,151.0,960.0,7082,0,0,1,Pedestrian
81,118.0,906.0,154.0,960.0,7083,0,0,1,Pedestrian
81,121.0,906.0,156.0,960.0,7084,0,0,1,Pedestrian
81,121.0,906.0,159.0,960.0,7085,0,0,1,Pedestrian
81,123.0,906.0,162.0,960.0,7086,0,0,1,Pedestrian
81,126.0,906.0,165.0,960.0,7087,0,0,1,Pedestrian
81,129.0,906.0,167.0,960.0,7088,0,0,1,Pedestrian
81,132.0,906.0,167.0,958.0,7089,0,0,1,Pedestrian
81,134.0,906.0,170.0,958.0,7090,0,0,1,Pedestrian
81,134.0,904.0,173.0,958.0,7091,0,0,1,Pedestrian
81,137.0,904.0,176.0,958.0,7092,0,0,1,Pedestrian
81,140.0,904.0,178.0,958.0,7093,0,0,1,Pedestrian
81,143.0,904.0,181.0,958.0,7094,0,0,1,Pedestrian
81,145.0,904.0,184.0,958.0,7095,0,0,1,Pedestrian
81,148.0,904.0,187.0,958.0,7096,0,0,1,Pedestrian
81,148.0,904.0,189.0,958.0,7097,0,0,1,Pedestrian
81,151.0,904.0,189.0,956.0,7098,0,0,1,Pedestrian
81,154.0,904.0,192.0,956.0,7099,0,0,1,Pedestrian
81,156.0,901.0,195.0,956.0,7100,0,0,1,Pedestrian
81,159.0,901.0,198.0,956.0,7101,0,0,1,Pedestrian
81,162.0,901.0,200.0,956.0,7102,0,0,1,Pedestrian
81,162.0,901.0,203.0,956.0,7103,0,0,1,Pedestrian
81,165.0,901.0,206.0,956.0,7104,0,0,1,Pedestrian
81,167.0,901.0,209.0,956.0,7105,0,0,1,Pedestrian
81,170.0,901.0,209.0,954.0,7106,0,0,1,Pedestrian
81,173.0,901.0,211.0,954.0,7107,0,0,1,Pedestrian
81,176.0,901.0,214.0,954.0,7108,0,0,1,Pedestrian
81,176.0,899.0,217.0,954.0,7109,0,0,1,Pedestrian
81,178.0,899.0,220.0,954.0,7110,0,0,1,Pedestrian
81,181.0,899.0,222.0,954.0,7111,0,0,1,Pedestrian
81,184.0,899.0,225.0,954.0,7112,0,0,1,Pedestrian
81,187.0,899.0,228.0,954.0,7113,0,0,1,Pedestrian
81,189.0,899.0,228.0,951.0,7114,0,0,1,Pedestrian
81,189.0,899.0,231.0,951.0,7115,0,0,1,Pedestrian
81,192.0,899.0,233.0,951.0,7116,0,0,1,Pedestrian
81,195.0,899.0,236.0,951.0,7117,0,0,1,Pedestrian
81,198.0,897.0,239.0,951.0,7118,0,0,1,Pedestrian
81,200.0,897.0,242.0,951.0,7119,0,0,1,Pedestrian
81,203.0,897.0,244.0,951.0,7120,0,0,1,Pedestrian
81,203.0,897.0,247.0,951.0,7121,0,0,1,Pedestrian
81,206.0,897.0,250.0,951.0,7122,0,0,1,Pedestrian
81,209.0,897.0,250.0,949.0,7123,0,0,1,Pedestrian
81,211.0,897.0,253.0,949.0,7124,0,0,1,Pedestrian
81,214.0,897.0,255.0,949.0,7125,0,0,1,Pedestrian
81,217.0,897.0,258.0,949.0,7126,0,0,1,Pedestrian
81,217.0,894.0,261.0,949.0,7127,0,0,1,Pedestrian
81,220.0,894.0,264.0,949.0,7128,0,0,1,Pedestrian
81,222.0,894.0,266.0,949.0,7129,0,0,1,Pedestrian
81,225.0,894.0,269.0,949.0,7130,0,0,1,Pedestrian
81,228.0,894.0,269.0,947.0,7131,0,0,1,Pedestrian
81,231.0,894.0,272.0,947.0,7132,0,0,1,Pedestrian
81,231.0,894.0,275.0,947.0,7133,0,0,1,Pedestrian
81,233.0,894.0,277.0,947.0,7134,0,0,1,Pedestrian
81,236.0,894.0,280.0,947.0,7135,0,0,1,Pedestrian
81,239.0,892.0,283.0,947.0,7136,0,0,1,Pedestrian
81,242.0,892.0,286.0,947.0,7137,0,0,1,Pedestrian
81,244.0,892.0,288.0,947.0,7138,0,0,1,Pedestrian
81,244.0,892.0,291.0,947.0,7139,0,0,1,Pedestrian
81,247.0,892.0,291.0,944.0,7140,0,0,1,Pedestrian
81,250.0,892.0,294.0,944.0,7141,0,0,1,Pedestrian
81,253.0,892.0,297.0,944.0,7142,0,0,1,Pedestrian
81,255.0,892.0,299.0,944.0,7143,0,0,1,Pedestrian
81,258.0,892.0,302.0,944.0,7144,0,0,1,Pedestrian
81,258.0,890.0,305.0,944.0,7145,0,0,1,Pedestrian
81,261.0,890.0,308.0,944.0,7146,0,0,1,Pedestrian
81,264.0,890.0,310.0,944.0,7147,0,0,1,Pedestrian
81,266.0,890.0,310.0,942.0,7148,0,0,1,Pedestrian
81,269.0,890.0,313.0,942.0,7149,0,0,1,Pedestrian
81,272.0,890.0,316.0,942.0,7150,0,0,1,Pedestrian
81,272.0,890.0,319.0,942.0,7151,0,0,1,Pedestrian
81,275.0,890.0,321.0,942.0,7152,0,0,1,Pedestrian
81,277.0,890.0,324.0,942.0,7153,0,0,1,Pedestrian
81,280.0,888.0,327.0,942.0,7154,0,0,1,Pedestrian
81,283.0,888.0,330.0,942.0,7155,0,0,1,Pedestrian
81,286.0,888.0,330.0,940.0,7156,0,0,1,Pedestrian
81,286.0,888.0,332.0,940.0,7157,0,0,1,Pedestrian
81,288.0,888.0,335.0,940.0,7158,0,0,1,Pedestrian
81,291.0,888.0,338.0,940.0,7159,0,0,1,Pedestrian
81,294.0,888.0,341.0,940.0,7160,0,0,1,Pedestrian
81,297.0,888.0,343.0,940.0,7161,0,0,1,Pedestrian
81,299.0,888.0,346.0,940.0,7162,0,0,1,Pedestrian
81,299.0,885.0,349.0,940.0,7163,0,0,1,Pedestrian
81,302.0,885.0,352.0,940.0,7164,0,0,1,Pedestrian
81,305.0,885.0,352.0,938.0,7165,0,0,1,Pedestrian
81,308.0,885.0,354.0,938.0,7166,0,0,1,Pedestrian
81,310.0,885.0,357.0,938.0,7167,0,0,1,Pedestrian
81,313.0,885.0,360.0,938.0,7168,0,0,1,Pedestrian
81,313.0,885.0,363.0,938.0,7169,0,0,1,Pedestrian
81,316.0,885.0,365.0,938.0,7170,0,0,1,Pedestrian
81,319.0,885.0,368.0,938.0,7171,0,0,1,Pedestrian
81,321.0,883.0,371.0,938.0,7172,0,0,1,Pedestrian
81,324.0,883.0,371.0,935.0,7173,0,0,1,Pedestrian
81,327.0,883.0,374.0,935.0,7174,0,0,1,Pedestrian
81,327.0,883.0,376.0,935.0,7175,0,0,1,Pedestrian
81,330.0,883.0,379.0,935.0,7176,0,0,1,Pedestrian
81,332.0,883.0,382.0,935.0,7177,0,0,1,Pedestrian
81,335.0,883.0,385.0,935.0,7178,0,0,1,Pedestrian
81,338.0,883.0,387.0,935.0,7179,0,0,1,Pedestrian
81,341.0,883.0,390.0,935.0,7180,0,0,1,Pedestrian
81,343.0,883.0,393.0,935.0,7181,0,0,0,Pedestrian
81,343.0,881.0,393.0,933.0,7182,0,0,1,Pedestrian
81,346.0,881.0,396.0,933.0,7183,0,0,1,Pedestrian
81,349.0,881.0,398.0,933.0,7184,0,0,1,Pedestrian
81,352.0,881.0,401.0,933.0,7185,0,0,1,Pedestrian
81,352.0,881.0,401.0,933.0,7186,0,0,1,Pedestrian
81,354.0,881.0,404.0,933.0,7187,0,0,1,Pedestrian
81,357.0,881.0,407.0,933.0,7188,0,0,1,Pedestrian
81,360.0,881.0,409.0,933.0,7189,0,0,1,Pedestrian
81,363.0,881.0,412.0,933.0,7190,0,0,1,Pedestrian
81,363.0,881.0,412.0,933.0,7191,0,0,1,Pedestrian
81,365.0,881.0,415.0,933.0,7192,0,0,1,Pedestrian
81,368.0,881.0,418.0,933.0,7193,0,0,1,Pedestrian
81,371.0,881.0,420.0,933.0,7194,0,0,1,Pedestrian
81,374.0,881.0,423.0,933.0,7195,0,0,1,Pedestrian
81,374.0,881.0,423.0,933.0,7196,0,0,1,Pedestrian
81,376.0,881.0,426.0,933.0,7197,0,0,1,Pedestrian
81,379.0,881.0,429.0,933.0,7198,0,0,1,Pedestrian
81,382.0,881.0,431.0,933.0,7199,0,0,1,Pedestrian
81,385.0,881.0,434.0,933.0,7200,0,0,1,Pedestrian
81,385.0,881.0,434.0,933.0,7201,0,0,1,Pedestrian
81,387.0,881.0,437.0,933.0,7202,0,0,1,Pedestrian
81,390.0,881.0,440.0,933.0,7203,0,0,1,Pedestrian
81,393.0,881.0,442.0,933.0,7204,0,0,1,Pedestrian
81,393.0,881.0,442.0,933.0,7205,0,0,1,Pedestrian
81,396.0,881.0,445.0,933.0,7206,0,0,1,Pedestrian
81,398.0,881.0,448.0,933.0,7207,0,0,1,Pedestrian
81,401.0,881.0,451.0,933.0,7208,0,0,1,Pedestrian
81,404.0,881.0,453.0,933.0,7209,0,0,1,Pedestrian
81,404.0,881.0,453.0,933.0,7210,0,0,1,Pedestrian
81,407.0,881.0,456.0,933.0,7211,0,0,1,Pedestrian
81,409.0,881.0,459.0,933.0,7212,0,0,1,Pedestrian
81,412.0,878.0,462.0,931.0,7213,0,0,1,Pedestrian
81,415.0,878.0,464.0,931.0,7214,0,0,1,Pedestrian
81,415.0,878.0,464.0,931.0,7215,0,0,1,Pedestrian
81,418.0,878.0,467.0,931.0,7216,0,0,1,Pedestrian
81,420.0,878.0,470.0,931.0,7217,0,0,1,Pedestrian
81,423.0,878.0,473.0,931.0,7218,0,0,1,Pedestrian
81,426.0,878.0,475.0,931.0,7219,0,0,1,Pedestrian
81,426.0,878.0,475.0,931.0,7220,0,0,1,Pedestrian
81,429.0,878.0,478.0,931.0,7221,0,0,1,Pedestrian
81,431.0,878.0,481.0,931.0,7222,0,0,1,Pedestrian
81,434.0,878.0,484.0,931.0,7223,0,0,1,Pedestrian
81,434.0,878.0,484.0,931.0,7224,0,0,1,Pedestrian
81,437.0,878.0,486.0,931.0,7225,0,0,1,Pedestrian
81,440.0,878.0,489.0,931.0,7226,0,0,1,Pedestrian
81,442.0,878.0,492.0,931.0,7227,0,0,1,Pedestrian
81,445.0,878.0,495.0,931.0,7228,0,0,1,Pedestrian
81,445.0,878.0,495.0,931.0,7229,0,0,1,Pedestrian
81,448.0,878.0,497.0,931.0,7230,0,0,1,Pedestrian
81,451.0,878.0,500.0,931.0,7231,0,0,1,Pedestrian
81,453.0,878.0,503.0,931.0,7232,0,0,1,Pedestrian
81,456.0,878.0,506.0,931.0,7233,0,0,1,Pedestrian
81,456.0,878.0,506.0,931.0,7234,0,0,1,Pedestrian
81,459.0,878.0,508.0,931.0,7235,0,0,1,Pedestrian
81,462.0,878.0,511.0,931.0,7236,0,0,1,Pedestrian
81,464.0,878.0,514.0,931.0,7237,0,0,1,Pedestrian
81,467.0,878.0,517.0,931.0,7238,0,0,1,Pedestrian
81,467.0,878.0,517.0,931.0,7239,0,0,1,Pedestrian
81,470.0,878.0,519.0,931.0,7240,0,0,1,Pedestrian
81,473.0,878.0,522.0,931.0,7241,0,0,1,Pedestrian
81,475.0,878.0,525.0,931.0,7242,0,0,1,Pedestrian
81,478.0,878.0,528.0,931.0,7243,0,0,1,Pedestrian
81,478.0,876.0,528.0,929.0,7244,0,0,1,Pedestrian
81,481.0,876.0,530.0,929.0,7245,0,0,1,Pedestrian
81,484.0,876.0,533.0,929.0,7246,0,0,1,Pedestrian
81,486.0,876.0,536.0,929.0,7247,0,0,1,Pedestrian
81,486.0,876.0,536.0,929.0,7248,0,0,1,Pedestrian
81,489.0,876.0,539.0,929.0,7249,0,0,1,Pedestrian
81,492.0,876.0,541.0,929.0,7250,0,0,1,Pedestrian
81,495.0,876.0,544.0,929.0,7251,0,0,1,Pedestrian
81,497.0,876.0,547.0,929.0,7252,0,0,1,Pedestrian
81,497.0,876.0,547.0,929.0,7253,0,0,1,Pedestrian
81,500.0,876.0,550.0,929.0,7254,0,0,1,Pedestrian
81,503.0,876.0,552.0,929.0,7255,0,0,1,Pedestrian
81,506.0,876.0,555.0,929.0,7256,0,0,1,Pedestrian
81,508.0,876.0,558.0,929.0,7257,0,0,1,Pedestrian
81,508.0,876.0,558.0,929.0,7258,0,0,1,Pedestrian
81,511.0,876.0,561.0,929.0,7259,0,0,1,Pedestrian
81,514.0,876.0,563.0,929.0,7260,0,0,1,Pedestrian
81,517.0,876.0,566.0,929.0,7261,0,0,1,Pedestrian
81,519.0,876.0,569.0,929.0,7262,0,0,1,Pedestrian
81,519.0,876.0,569.0,929.0,7263,0,0,1,Pedestrian
81,522.0,876.0,572.0,929.0,7264,0,0,1,Pedestrian
81,525.0,876.0,574.0,929.0,7265,0,0,1,Pedestrian
81,528.0,876.0,577.0,929.0,7266,0,0,1,Pedestrian
81,528.0,876.0,577.0,929.0,7267,0,0,1,Pedestrian
81,530.0,876.0,580.0,929.0,7268,0,0,1,Pedestrian
81,533.0,876.0,583.0,929.0,7269,0,0,1,Pedestrian
81,536.0,876.0,585.0,929.0,7270,0,0,1,Pedestrian
81,539.0,876.0,588.0,929.0,7271,0,0,1,Pedestrian
81,539.0,876.0,588.0,929.0,7272,0,0,1,Pedestrian
81,541.0,876.0,591.0,929.0,7273,0,0,1,Pedestrian
81,544.0,876.0,594.0,929.0,7274,0,0,1,Pedestrian
81,547.0,874.0,596.0,926.0,7275,0,0,1,Pedestrian
81,550.0,874.0,599.0,926.0,7276,0,0,1,Pedestrian
81,550.0,874.0,599.0,926.0,7277,0,0,1,Pedestrian
81,552.0,874.0,602.0,926.0,7278,0,0,1,Pedestrian
81,555.0,874.0,605.0,926.0,7279,0,0,1,Pedestrian
81,558.0,874.0,607.0,926.0,7280,0,0,1,Pedestrian
81,561.0,874.0,610.0,926.0,7281,0,0,1,Pedestrian
81,561.0,874.0,610.0,926.0,7282,0,0,1,Pedestrian
81,563.0,874.0,613.0,926.0,7283,0,0,1,Pedestrian
81,566.0,874.0,616.0,926.0,7284,0,0,1,Pedestrian
81,569.0,874.0,618.0,926.0,7285,0,0,1,Pedestrian
81,569.0,874.0,618.0,926.0,7286,0,0,1,Pedestrian
81,572.0,874.0,621.0,926.0,7287,0,0,1,Pedestrian
81,574.0,874.0,624.0,926.0,7288,0,0,1,Pedestrian
81,577.0,874.0,627.0,926.0,7289,0,0,1,Pedestrian
81,580.0,874.0,629.0,926.0,7290,0,0,1,Pedestrian
81,580.0,874.0,629.0,926.0,7291,0,0,1,Pedestrian
81,583.0,874.0,632.0,926.0,7292,0,0,1,Pedestrian
81,585.0,874.0,635.0,926.0,7293,0,0,1,Pedestrian
81,588.0,874.0,638.0,926.0,7294,0,0,1,Pedestrian
81,591.0,874.0,640.0,926.0,7295,0,0,1,Pedestrian
81,591.0,874.0,640.0,926.0,7296,0,0,1,Pedestrian
81,594.0,874.0,643.0,926.0,7297,0,0,1,Pedestrian
81,596.0,874.0,646.0,926.0,7298,0,0,1,Pedestrian
81,599.0,874.0,649.0,926.0,7299,0,0,1,Pedestrian
81,602.0,874.0,651.0,926.0,7300,0,0,1,Pedestrian
81,602.0,874.0,651.0,926.0,7301,0,0,1,Pedestrian
81,605.0,874.0,654.0,926.0,7302,0,0,1,Pedestrian
81,607.0,874.0,657.0,926.0,7303,0,0,1,Pedestrian
81,610.0,874.0,660.0,926.0,7304,0,0,1,Pedestrian
81,613.0,874.0,662.0,926.0,7305,0,0,0,Pedestrian
81,613.0,872.0,662.0,924.0,7306,0,0,1,Pedestrian
81,616.0,872.0,665.0,924.0,7307,0,0,1,Pedestrian
81,618.0,872.0,668.0,924.0,7308,0,0,1,Pedestrian
81,618.0,872.0,668.0,924.0,7309,0,0,1,Pedestrian
81,621.0,872.0,671.0,924.0,7310,0,0,1,Pedestrian
81,624.0,872.0,673.0,924.0,7311,0,0,1,Pedestrian
81,627.0,872.0,676.0,924.0,7312,0,0,1,Pedestrian
81,627.0,872.0,676.0,924.0,7313,0,0,1,Pedestrian
81,629.0,872.0,679.0,924.0,7314,0,0,1,Pedestrian
81,632.0,872.0,682.0,924.0,7315,0,0,1,Pedestrian
81,635.0,872.0,684.0,924.0,7316,0,0,1,Pedestrian
81,635.0,872.0,684.0,924.0,7317,0,0,1,Pedestrian
81,638.0,872.0,687.0,924.0,7318,0,0,1,Pedestrian
81,640.0,872.0,690.0,924.0,7319,0,0,1,Pedestrian
81,643.0,872.0,693.0,924.0,7320,0,0,1,Pedestrian
81,643.0,872.0,693.0,924.0,7321,0,0,1,Pedestrian
81,646.0,872.0,695.0,924.0,7322,0,0,1,Pedestrian
81,649.0,869.0,698.0,922.0,7323,0,0,1,Pedestrian
81,649.0,869.0,698.0,922.0,7324,0,0,1,Pedestrian
81,651.0,869.0,701.0,922.0,7325,0,0,1,Pedestrian
81,654.0,869.0,704.0,922.0,7326,0,0,1,Pedestrian
81,657.0,869.0,706.0,922.0,7327,0,0,1,Pedestrian
81,657.0,869.0,706.0,922.0,7328,0,0,1,Pedestrian
81,660.0,869.0,709.0,922.0,7329,0,0,1,Pedestrian
81,662.0,869.0,712.0,922.0,7330,0,0,1,Pedestrian
81,665.0,869.0,715.0,922.0,7331,0,0,1,Pedestrian
81,665.0,869.0,715.0,922.0,7332,0,0,1,Pedestrian
81,668.0,869.0,717.0,922.0,7333,0,0,1,Pedestrian
81,671.0,869.0,720.0,922.0,7334,0,0,1,Pedestrian
81,673.0,869.0,723.0,922.0,7335,0,0,1,Pedestrian
81,673.0,869.0,723.0,922.0,7336,0,0,1,Pedestrian
81,676.0,869.0,726.0,922.0,7337,0,0,1,Pedestrian
81,679.0,869.0,728.0,922.0,7338,0,0,1,Pedestrian
81,679.0,869.0,728.0,922.0,7339,0,0,1,Pedestrian
81,682.0,869.0,731.0,922.0,7340,0,0,1,Pedestrian
81,684.0,867.0,734.0,919.0,7341,0,0,1,Pedestrian
81,687.0,867.0,737.0,919.0,7342,0,0,1,Pedestrian
81,687.0,867.0,737.0,919.0,7343,0,0,1,Pedestrian
81,690.0,867.0,739.0,919.0,7344,0,0,1,Pedestrian
81,693.0,867.0,742.0,919.0,7345,0,0,1,Pedestrian
81,695.0,867.0,745.0,919.0,7346,0,0,1,Pedestrian
81,695.0,867.0,745.0,919.0,7347,0,0,1,Pedestrian
81,698.0,867.0,748.0,919.0,7348,0,0,1,Pedestrian
81,701.0,867.0,750.0,919.0,7349,0,0,1,Pedestrian
81,704.0,867.0,753.0,919.0,7350,0,0,1,Pedestrian
81,704.0,867.0,753.0,919.0,7351,0,0,1,Pedestrian
81,706.0,867.0,756.0,919.0,7352,0,0,1,Pedestrian
81,709.0,867.0,759.0,919.0,7353,0,0,1,Pedestrian
81,709.0,867.0,759.0,919.0,7354,0,0,1,Pedestrian
81,712.0,867.0,761.0,919.0,7355,0,0,1,Pedestrian
81,715.0,867.0,764.0,919.0,7356,0,0,1,Pedestrian
81,717.0,867.0,767.0,919.0,7357,0,0,1,Pedestrian
81,717.0,867.0,767.0,919.0,7358,0,0,1,Pedestrian
81,720.0,865.0,770.0,917.0,7359,0,0,1,Pedestrian
81,723.0,865.0,772.0,917.0,7360,0,0,1,Pedestrian
81,726.0,865.0,775.0,917.0,7361,0,0,1,Pedestrian
81,726.0,865.0,775.0,917.0,7362,0,0,1,Pedestrian
81,728.0,865.0,778.0,917.0,7363,0,0,1,Pedestrian
81,731.0,865.0,781.0,917.0,7364,0,0,1,Pedestrian
81,734.0,865.0,783.0,917.0,7365,0,0,1,Pedestrian
81,734.0,865.0,783.0,917.0,7366,0,0,1,Pedestrian
81,737.0,865.0,786.0,917.0,7367,0,0,1,Pedestrian
81,739.0,865.0,789.0,917.0,7368,0,0,1,Pedestrian
81,739.0,865.0,789.0,917.0,7369,0,0,1,Pedestrian
81,742.0,865.0,792.0,917.0,7370,0,0,1,Pedestrian
81,745.0,865.0,794.0,917.0,7371,0,0,1,Pedestrian
81,748.0,865.0,797.0,917.0,7372,0,0,1,Pedestrian
81,748.0,865.0,797.0,917.0,7373,0,0,1,Pedestrian
81,750.0,865.0,800.0,917.0,7374,0,0,1,Pedestrian
81,753.0,865.0,803.0,917.0,7375,0,0,1,Pedestrian
81,756.0,863.0,805.0,915.0,7376,0,0,1,Pedestrian
81,756.0,863.0,805.0,915.0,7377,0,0,1,Pedestrian
81,759.0,863.0,808.0,915.0,7378,0,0,1,Pedestrian
81,761.0,863.0,811.0,915.0,7379,0,0,1,Pedestrian
81,764.0,863.0,814.0,915.0,7380,0,0,1,Pedestrian
81,764.0,863.0,814.0,915.0,7381,0,0,1,Pedestrian
81,767.0,863.0,816.0,915.0,7382,0,0,1,Pedestrian
81,770.0,863.0,819.0,915.0,7383,0,0,1,Pedestrian
81,770.0,863.0,819.0,915.0,7384,0,0,1,Pedestrian
81,772.0,863.0,822.0,915.0,7385,0,0,1,Pedestrian
81,775.0,863.0,825.0,915.0,7386,0,0,1,Pedestrian
81,778.0,863.0,827.0,915.0,7387,0,0,1,Pedestrian
81,778.0,863.0,827.0,915.0,7388,0,0,1,Pedestrian
81,781.0,863.0,830.0,915.0,7389,0,0,1,Pedestrian
81,783.0,863.0,833.0,915.0,7390,0,0,1,Pedestrian
81,786.0,863.0,836.0,915.0,7391,0,0,1,Pedestrian
81,786.0,863.0,836.0,915.0,7392,0,0,1,Pedestrian
81,789.0,863.0,838.0,915.0,7393,0,0,1,Pedestrian
81,792.0,860.0,841.0,913.0,7394,0,0,1,Pedestrian
81,794.0,860.0,844.0,913.0,7395,0,0,1,Pedestrian
81,794.0,860.0,844.0,913.0,7396,0,0,1,Pedestrian
81,797.0,860.0,847.0,913.0,7397,0,0,1,Pedestrian
81,800.0,860.0,849.0,913.0,7398,0,0,1,Pedestrian
81,800.0,860.0,849.0,913.0,7399,0,0,1,Pedestrian
81,803.0,860.0,852.0,913.0,7400,0,0,1,Pedestrian
81,805.0,860.0,855.0,913.0,7401,0,0,1,Pedestrian
81,808.0,860.0,858.0,913.0,7402,0,0,1,Pedestrian
81,808.0,860.0,858.0,913.0,7403,0,0,1,Pedestrian
81,811.0,860.0,860.0,913.0,7404,0,0,1,Pedestrian
81,814.0,860.0,863.0,913.0,7405,0,0,1,Pedestrian
81,816.0,860.0,866.0,913.0,7406,0,0,1,Pedestrian
81,816.0,860.0,866.0,913.0,7407,0,0,1,Pedestrian
81,819.0,860.0,869.0,913.0,7408,0,0,1,Pedestrian
81,822.0,860.0,871.0,913.0,7409,0,0,1,Pedestrian
81,825.0,860.0,874.0,913.0,7410,0,0,1,Pedestrian
81,825.0,860.0,874.0,913.0,7411,0,0,1,Pedestrian
81,827.0,858.0,877.0,910.0,7412,0,0,1,Pedestrian
81,830.0,858.0,880.0,910.0,7413,0,0,1,Pedestrian
81,830.0,858.0,880.0,910.0,7414,0,0,1,Pedestrian
81,833.0,858.0,882.0,910.0,7415,0,0,1,Pedestrian
81,836.0,858.0,885.0,910.0,7416,0,0,1,Pedestrian
81,838.0,858.0,888.0,910.0,7417,0,0,1,Pedestrian
81,838.0,858.0,888.0,910.0,7418,0,0,1,Pedestrian
81,841.0,858.0,891.0,910.0,7419,0,0,1,Pedestrian
81,844.0,858.0,893.0,910.0,7420,0,0,1,Pedestrian
81,847.0,858.0,896.0,910.0,7421,0,0,1,Pedestrian
81,847.0,858.0,896.0,910.0,7422,0,0,1,Pedestrian
81,849.0,858.0,899.0,910.0,7423,0,0,1,Pedestrian
81,852.0,858.0,902.0,910.0,7424,0,0,1,Pedestrian
81,855.0,858.0,904.0,910.0,7425,0,0,1,Pedestrian
81,855.0,858.0,904.0,910.0,7426,0,0,1,Pedestrian
81,858.0,858.0,907.0,910.0,7427,0,0,1,Pedestrian
81,860.0,858.0,910.0,910.0,7428,0,0,1,Pedestrian
81,860.0,858.0,910.0,910.0,7429,0,0,1,Pedestrian
81,863.0,856.0,913.0,908.0,7430,0,0,1,Pedestrian
81,866.0,856.0,915.0,908.0,7431,0,0,1,Pedestrian
81,869.0,856.0,918.0,908.0,7432,0,0,1,Pedestrian
81,869.0,856.0,918.0,908.0,7433,0,0,1,Pedestrian
81,871.0,856.0,921.0,908.0,7434,0,0,1,Pedestrian
81,874.0,856.0,924.0,908.0,7435,0,0,1,Pedestrian
81,877.0,856.0,926.0,908.0,7436,0,0,1,Pedestrian
81,877.0,856.0,926.0,908.0,7437,0,0,1,Pedestrian
81,880.0,856.0,929.0,908.0,7438,0,0,1,Pedestrian
81,882.0,856.0,932.0,908.0,7439,0,0,1,Pedestrian
81,885.0,856.0,935.0,908.0,7440,0,0,1,Pedestrian
81,885.0,856.0,935.0,908.0,7441,0,0,1,Pedestrian
81,888.0,856.0,937.0,908.0,7442,0,0,1,Pedestrian
81,891.0,856.0,940.0,908.0,7443,0,0,1,Pedestrian
81,891.0,856.0,940.0,908.0,7444,0,0,1,Pedestrian
81,893.0,856.0,943.0,908.0,7445,0,0,1,Pedestrian
81,896.0,856.0,946.0,908.0,7446,0,0,1,Pedestrian
81,899.0,853.0,948.0,906.0,7447,0,0,1,Pedestrian
81,899.0,853.0,948.0,906.0,7448,0,0,1,Pedestrian
81,902.0,853.0,951.0,906.0,7449,0,0,1,Pedestrian
81,904.0,853.0,954.0,906.0,7450,0,0,1,Pedestrian
81,907.0,853.0,957.0,906.0,7451,0,0,1,Pedestrian
81,907.0,853.0,957.0,906.0,7452,0,0,1,Pedestrian
81,910.0,853.0,959.0,906.0,7453,0,0,1,Pedestrian
81,913.0,853.0,962.0,906.0,7454,0,0,1,Pedestrian
81,915.0,853.0,965.0,906.0,7455,0,0,1,Pedestrian
81,915.0,853.0,965.0,906.0,7456,0,0,1,Pedestrian
81,918.0,853.0,968.0,906.0,7457,0,0,1,Pedestrian
81,921.0,853.0,970.0,906.0,7458,0,0,1,Pedestrian
81,921.0,853.0,970.0,906.0,7459,0,0,1,Pedestrian
81,924.0,853.0,973.0,906.0,7460,0,0,1,Pedestrian
81,926.0,853.0,976.0,906.0,7461,0,0,1,Pedestrian
81,929.0,853.0,979.0,906.0,7462,0,0,1,Pedestrian
81,929.0,853.0,979.0,906.0,7463,0,0,1,Pedestrian
81,932.0,853.0,981.0,906.0,7464,0,0,1,Pedestrian
81,935.0,851.0,984.0,904.0,7465,0,0,1,Pedestrian
81,937.0,851.0,987.0,904.0,7466,0,0,1,Pedestrian
81,937.0,851.0,987.0,904.0,7467,0,0,1,Pedestrian
81,940.0,851.0,990.0,904.0,7468,0,0,1,Pedestrian
81,943.0,851.0,992.0,904.0,7469,0,0,1,Pedestrian
81,946.0,851.0,995.0,904.0,7470,0,0,1,Pedestrian
81,946.0,851.0,995.0,904.0,7471,0,0,1,Pedestrian
81,948.0,851.0,998.0,904.0,7472,0,0,1,Pedestrian
81,951.0,851.0,1001.0,904.0,7473,0,0,1,Pedestrian
81,951.0,851.0,1001.0,904.0,7474,0,0,1,Pedestrian
81,954.0,851.0,1003.0,904.0,7475,0,0,1,Pedestrian
81,957.0,851.0,1006.0,904.0,7476,0,0,1,Pedestrian
81,959.0,851.0,1009.0,904.0,7477,0,0,1,Pedestrian
81,959.0,851.0,1009.0,904.0,7478,0,0,1,Pedestrian
81,962.0,851.0,1012.0,904.0,7479,0,0,1,Pedestrian
81,965.0,851.0,1014.0,904.0,7480,0,0,1,Pedestrian
81,968.0,851.0,1017.0,904.0,7481,0,0,1,Pedestrian
81,968.0,851.0,1017.0,904.0,7482,0,0,1,Pedestrian
81,970.0,849.0,1020.0,901.0,7483,0,0,1,Pedestrian
81,973.0,849.0,1023.0,901.0,7484,0,0,1,Pedestrian
81,976.0,849.0,1025.0,901.0,7485,0,0,1,Pedestrian
81,976.0,849.0,1025.0,901.0,7486,0,0,1,Pedestrian
81,979.0,849.0,1028.0,901.0,7487,0,0,1,Pedestrian
81,981.0,849.0,1031.0,901.0,7488,0,0,1,Pedestrian
81,981.0,849.0,1031.0,901.0,7489,0,0,1,Pedestrian
81,984.0,849.0,1034.0,901.0,7490,0,0,1,Pedestrian
81,987.0,849.0,1036.0,901.0,7491,0,0,1,Pedestrian
81,990.0,849.0,1039.0,901.0,7492,0,0,1,Pedestrian
81,990.0,849.0,1039.0,901.0,7493,0,0,1,Pedestrian
81,992.0,849.0,1042.0,901.0,7494,0,0,1,Pedestrian
81,995.0,849.0,1045.0,901.0,7495,0,0,1,Pedestrian
81,998.0,849.0,1047.0,901.0,7496,0,0,1,Pedestrian
81,998.0,849.0,1047.0,901.0,7497,0,0,1,Pedestrian
81,1001.0,849.0,1050.0,901.0,7498,0,0,1,Pedestrian
81,1003.0,849.0,1053.0,901.0,7499,0,0,1,Pedestrian
81,1006.0,849.0,1056.0,901.0,7500,0,0,0,Pedestrian
81,1006.0,847.0,1056.0,901.0,7501,0,0,1,Pedestrian
81,1009.0,847.0,1058.0,901.0,7502,0,0,1,Pedestrian
81,1012.0,847.0,1061.0,901.0,7503,0,0,1,Pedestrian
81,1014.0,847.0,1064.0,901.0,7504,0,0,1,Pedestrian
81,1017.0,847.0,1067.0,901.0,7505,0,0,1,Pedestrian
81,1017.0,847.0,1069.0,901.0,7506,0,0,1,Pedestrian
81,1020.0,847.0,1072.0,901.0,7507,0,0,1,Pedestrian
81,1023.0,847.0,1075.0,901.0,7508,0,0,1,Pedestrian
81,1025.0,847.0,1078.0,901.0,7509,0,0,1,Pedestrian
81,1028.0,847.0,1078.0,901.0,7510,0,0,1,Pedestrian
81,1028.0,847.0,1080.0,901.0,7511,0,0,1,Pedestrian
81,1031.0,847.0,1083.0,901.0,7512,0,0,1,Pedestrian
81,1034.0,844.0,1086.0,901.0,7513,0,0,1,Pedestrian
81,1036.0,844.0,1089.0,901.0,7514,0,0,1,Pedestrian
81,1039.0,844.0,1091.0,901.0,7515,0,0,1,Pedestrian
81,1039.0,844.0,1094.0,904.0,7516,0,0,1,Pedestrian
81,1042.0,844.0,1097.0,904.0,7517,0,0,1,Pedestrian
81,1045.0,844.0,1100.0,904.0,7518,0,0,1,Pedestrian
81,1047.0,844.0,1100.0,904.0,7519,0,0,1,Pedestrian
81,1050.0,844.0,1102.0,904.0,7520,0,0,1,Pedestrian
81,1053.0,844.0,1105.0,904.0,7521,0,0,1,Pedestrian
81,1053.0,844.0,1108.0,904.0,7522,0,0,1,Pedestrian
81,1056.0,844.0,1111.0,904.0,7523,0,0,1,Pedestrian
81,1058.0,844.0,1113.0,904.0,7524,0,0,1,Pedestrian
81,1061.0,842.0,1116.0,904.0,7525,0,0,1,Pedestrian
81,1064.0,842.0,1119.0,904.0,7526,0,0,1,Pedestrian
81,1064.0,842.0,1122.0,904.0,7527,0,0,1,Pedestrian
81,1067.0,842.0,1122.0,904.0,7528,0,0,1,Pedestrian
81,1069.0,842.0,1124.0,904.0,7529,0,0,1,Pedestrian
81,1072.0,842.0,1127.0,904.0,7530,0,0,1,Pedestrian
81,1075.0,842.0,1130.0,904.0,7531,0,0,1,Pedestrian
81,1075.0,842.0,1133.0,906.0,7532,0,0,1,Pedestrian
81,1078.0,842.0,1135.0,906.0,7533,0,0,1,Pedestrian
81,1080.0,842.0,1138.0,906.0,7534,0,0,1,Pedestrian
81,1083.0,842.0,1141.0,906.0,7535,0,0,1,Pedestrian
81,1086.0,842.0,1144.0,906.0,7536,0,0,1,Pedestrian
81,1089.0,842.0,1146.0,906.0,7537,0,0,1,Pedestrian
81,1089.0,840.0,1146.0,906.0,7538,0,0,1,Pedestrian
81,1091.0,840.0,1149.0,906.0,7539,0,0,1,Pedestrian
81,1094.0,840.0,1152.0,906.0,7540,0,0,1,Pedestrian
81,1097.0,840.0,1155.0,906.0,7541,0,0,1,Pedestrian
81,1100.0,840.0,1157.0,906.0,7542,0,0,1,Pedestrian
81,1100.0,840.0,1160.0,906.0,7543,0,0,1,Pedestrian
81,1102.0,840.0,1163.0,906.0,7544,0,0,1,Pedestrian
81,1105.0,840.0,1166.0,906.0,7545,0,0,1,Pedestrian
81,1108.0,840.0,1168.0,906.0,7546,0,0,1,Pedestrian
81,1111.0,840.0,1168.0,906.0,7547,0,0,1,Pedestrian
81,1111.0,840.0,1171.0,908.0,7548,0,0,1,Pedestrian
81,1113.0,840.0,1174.0,908.0,7549,0,0,1,Pedestrian
81,1116.0,837.0,1177.0,908.0,7550,0,0,1,Pedestrian
81,1119.0,837.0,1179.0,908.0,7551,0,0,1,Pedestrian
81,1122.0,837.0,1182.0,908.0,7552,0,0,1,Pedestrian
81,1122.0,837.0,1185.0,908.0,7553,0,0,1,Pedestrian
81,1124.0,837.0,1188.0,908.0,7554,0,0,1,Pedestrian
81,1127.0,837.0,1190.0,908.0,7555,0,0,1,Pedestrian
81,1130.0,837.0,1190.0,908.0,7556,0,0,1,Pedestrian
81,1133.0,837.0,1193.0,908.0,7557,0,0,1,Pedestrian
81,1135.0,837.0,1196.0,908.0,7558,0,0,1,Pedestrian
81,1135.0,837.0,1199.0,908.0,7559,0,0,1,Pedestrian
81,1138.0,837.0,1201.0,908.0,7560,0,0,1,Pedestrian
81,1141.0,837.0,1204.0,908.0,7561,0,0,1,Pedestrian
81,1144.0,835.0,1207.0,908.0,7562,0,0,1,Pedestrian
81,1146.0,835.0,1210.0,908.0,7563,0,0,1,Pedestrian
81,1146.0,835.0,1212.0,910.0,7564,0,0,1,Pedestrian
81,1149.0,835.0,1212.0,910.0,7565,0,0,1,Pedestrian
81,1152.0,835.0,1215.0,910.0,7566,0,0,1,Pedestrian
81,1155.0,835.0,1218.0,910.0,7567,0,0,1,Pedestrian
81,1157.0,835.0,1221.0,910.0,7568,0,0,1,Pedestrian
81,1157.0,835.0,1223.0,910.0,7569,0,0,1,Pedestrian
81,1160.0,835.0,1226.0,910.0,7570,0,0,1,Pedestrian
81,1163.0,835.0,1229.0,910.0,7571,0,0,1,Pedestrian
81,1166.0,835.0,1232.0,910.0,7572,0,0,1,Pedestrian
81,1168.0,835.0,1234.0,910.0,7573,0,0,1,Pedestrian
81,1171.0,835.0,1237.0,910.0,7574,0,0,1,Pedestrian
81,1171.0,833.0,1237.0,910.0,7575,0,0,1,Pedestrian
81,1174.0,833.0,1240.0,910.0,7576,0,0,1,Pedestrian
81,1177.0,833.0,1243.0,910.0,7577,0,0,1,Pedestrian
81,1179.0,833.0,1245.0,910.0,7578,0,0,1,Pedestrian
81,1182.0,833.0,1248.0,910.0,7579,0,0,1,Pedestrian
81,1182.0,833.0,1251.0,913.0,7580,0,0,1,Pedestrian
81,1185.0,833.0,1254.0,913.0,7581,0,0,1,Pedestrian
81,1188.0,833.0,1256.0,913.0,7582,0,0,1,Pedestrian
81,1190.0,833.0,1259.0,913.0,7583,0,0,1,Pedestrian
81,1193.0,833.0,1259.0,913.0,7584,0,0,1,Pedestrian
81,1193.0,833.0,1262.0,913.0,7585,0,0,1,Pedestrian
81,1196.0,833.0,1265.0,913.0,7586,0,0,1,Pedestrian
81,1199.0,831.0,1267.0,913.0,7587,0,0,1,Pedestrian
81,1201.0,831.0,1270.0,913.0,7588,0,0,1,Pedestrian
81,1204.0,831.0,1273.0,913.0,7589,0,0,1,Pedestrian
81,1204.0,831.0,1276.0,913.0,7590,0,0,1,Pedestrian
81,1207.0,831.0,1278.0,913.0,7591,0,0,1,Pedestrian
81,1210.0,831.0,1281.0,913.0,7592,0,0,1,Pedestrian
81,1212.0,831.0,1281.0,913.0,7593,0,0,1,Pedestrian
81,1215.0,831.0,1284.0,913.0,7594,0,0,1,Pedestrian
81,1218.0,831.0,1287.0,913.0,7595,0,0,1,Pedestrian
81,1218.0,831.0,1289.0,915.0,7596,0,0,1,Pedestrian
81,1221.0,831.0,1292.0,915.0,7597,0,0,1,Pedestrian
81,1223.0,831.0,1295.0,915.0,7598,0,0,1,Pedestrian
81,1226.0,828.0,1298.0,915.0,7599,0,0,1,Pedestrian
81,1229.0,828.0,1300.0,915.0,7600,0,0,1,Pedestrian
81,1229.0,828.0,1303.0,915.0,7601,0,0,1,Pedestrian
81,1232.0,828.0,1303.0,915.0,7602,0,0,1,Pedestrian
81,1234.0,828.0,1306.0,915.0,7603,0,0,1,Pedestrian
81,1237.0,828.0,1309.0,915.0,7604,0,0,1,Pedestrian
81,1240.0,828.0,1311.0,915.0,7605,0,0,1,Pedestrian
81,1240.0,828.0,1314.0,915.0,7606,0,0,1,Pedestrian
81,1243.0,828.0,1317.0,915.0,7607,0,0,1,Pedestrian
81,1245.0,828.0,1320.0,915.0,7608,0,0,1,Pedestrian
81,1248.0,828.0,1322.0,915.0,7609,0,0,1,Pedestrian
81,1251.0,828.0,1325.0,915.0,7610,0,0,1,Pedestrian
81,1254.0,828.0,1328.0,917.0,7611,0,0,0,Pedestrian
81,1254.0,826.0,1328.0,915.0,7612,0,0,1,Pedestrian
81,1256.0,826.0,1331.0,915.0,7613,0,0,1,Pedestrian
81,1259.0,826.0,1333.0,915.0,7614,0,0,1,Pedestrian
81,1259.0,826.0,1333.0,915.0,7615,0,0,1,Pedestrian
81,1262.0,826.0,1336.0,915.0,7616,0,0,1,Pedestrian
81,1265.0,824.0,1339.0,913.0,7617,0,0,1,Pedestrian
81,1267.0,824.0,1342.0,913.0,7618,0,0,1,Pedestrian
81,1267.0,824.0,1342.0,913.0,7619,0,0,1,Pedestrian
81,1270.0,824.0,1344.0,913.0,7620,0,0,1,Pedestrian
81,1273.0,824.0,1347.0,913.0,7621,0,0,1,Pedestrian
81,1276.0,822.0,1350.0,910.0,7622,0,0,1,Pedestrian
81,1276.0,822.0,1350.0,910.0,7623,0,0,1,Pedestrian
81,1278.0,822.0,1353.0,910.0,7624,0,0,1,Pedestrian
81,1281.0,822.0,1355.0,910.0,7625,0,0,1,Pedestrian
81,1281.0,822.0,1355.0,910.0,7626,0,0,1,Pedestrian
81,1284.0,819.0,1358.0,908.0,7627,0,0,1,Pedestrian
81,1287.0,819.0,1361.0,908.0,7628,0,0,1,Pedestrian
81,1289.0,819.0,1364.0,908.0,7629,0,0,1,Pedestrian
81,1289.0,819.0,1364.0,908.0,7630,0,0,1,Pedestrian
81,1292.0,819.0,1366.0,908.0,7631,0,0,1,Pedestrian
81,1295.0,819.0,1369.0,908.0,7632,0,0,1,Pedestrian
81,1298.0,817.0,1372.0,906.0,7633,0,0,1,Pedestrian
81,1298.0,817.0,1372.0,906.0,7634,0,0,1,Pedestrian
81,1300.0,817.0,1375.0,906.0,7635,0,0,1,Pedestrian
81,1303.0,817.0,1377.0,906.0,7636,0,0,1,Pedestrian
81,1303.0,817.0,1377.0,906.0,7637,0,0,1,Pedestrian
81,1306.0,815.0,1380.0,904.0,7638,0,0,1,Pedestrian
81,1309.0,815.0,1383.0,904.0,7639,0,0,1,Pedestrian
81,1311.0,815.0,1386.0,904.0,7640,0,0,1,Pedestrian
81,1311.0,815.0,1386.0,904.0,7641,0,0,1,Pedestrian
81,1314.0,815.0,1388.0,904.0,7642,0,0,1,Pedestrian
81,1317.0,812.0,1391.0,901.0,7643,0,0,1,Pedestrian
81,1320.0,812.0,1394.0,901.0,7644,0,0,1,Pedestrian
81,1320.0,812.0,1394.0,901.0,7645,0,0,1,Pedestrian
81,1322.0,812.0,1397.0,901.0,7646,0,0,1,Pedestrian
81,1325.0,812.0,1399.0,901.0,7647,0,0,1,Pedestrian
81,1325.0,812.0,1399.0,901.0,7648,0,0,1,Pedestrian
81,1328.0,810.0,1402.0,899.0,7649,0,0,1,Pedestrian
81,1331.0,810.0,1405.0,899.0,7650,0,0,1,Pedestrian
81,1333.0,810.0,1408.0,899.0,7651,0,0,1,Pedestrian
81,1333.0,810.0,1408.0,899.0,7652,0,0,1,Pedestrian
81,1336.0,810.0,1410.0,899.0,7653,0,0,1,Pedestrian
81,1339.0,808.0,1413.0,897.0,7654,0,0,1,Pedestrian
81,1342.0,808.0,1416.0,897.0,7655,0,0,1,Pedestrian
81,1342.0,808.0,1416.0,897.0,7656,0,0,1,Pedestrian
81,1344.0,808.0,1419.0,897.0,7657,0,0,1,Pedestrian
81,1347.0,808.0,1421.0,897.0,7658,0,0,1,Pedestrian
81,1350.0,806.0,1424.0,894.0,7659,0,0,1,Pedestrian
81,1350.0,806.0,1424.0,894.0,7660,0,0,1,Pedestrian
81,1353.0,806.0,1427.0,894.0,7661,0,0,1,Pedestrian
81,1355.0,806.0,1430.0,894.0,7662,0,0,1,Pedestrian
81,1355.0,806.0,1430.0,894.0,7663,0,0,1,Pedestrian
81,1358.0,806.0,1432.0,894.0,7664,0,0,1,Pedestrian
81,1361.0,803.0,1435.0,892.0,7665,0,0,1,Pedestrian
81,1364.0,803.0,1438.0,892.0,7666,0,0,1,Pedestrian
81,1364.0,803.0,1438.0,892.0,7667,0,0,1,Pedestrian
81,1366.0,803.0,1441.0,892.0,7668,0,0,1,Pedestrian
81,1369.0,803.0,1443.0,892.0,7669,0,0,1,Pedestrian
81,1372.0,801.0,1446.0,890.0,7670,0,0,1,Pedestrian
81,1372.0,801.0,1446.0,890.0,7671,0,0,1,Pedestrian
81,1375.0,801.0,1449.0,890.0,7672,0,0,1,Pedestrian
81,1377.0,801.0,1452.0,890.0,7673,0,0,1,Pedestrian
81,1377.0,801.0,1452.0,890.0,7674,0,0,1,Pedestrian
81,1380.0,799.0,1454.0,888.0,7675,0,0,1,Pedestrian
81,1383.0,799.0,1457.0,888.0,7676,0,0,1,Pedestrian
81,1386.0,799.0,1460.0,888.0,7677,0,0,1,Pedestrian
81,1386.0,799.0,1460.0,888.0,7678,0,0,1,Pedestrian
81,1388.0,799.0,1463.0,888.0,7679,0,0,1,Pedestrian
81,1391.0,796.0,1465.0,885.0,7680,0,0,1,Pedestrian
81,1394.0,796.0,1468.0,885.0,7681,0,0,1,Pedestrian
81,1394.0,796.0,1468.0,885.0,7682,0,0,1,Pedestrian
81,1397.0,796.0,1471.0,885.0,7683,0,0,1,Pedestrian
81,1399.0,796.0,1474.0,885.0,7684,0,0,1,Pedestrian
81,1399.0,796.0,1474.0,885.0,7685,0,0,1,Pedestrian
81,1402.0,794.0,1476.0,883.0,7686,0,0,1,Pedestrian
81,1405.0,794.0,1479.0,883.0,7687,0,0,1,Pedestrian
81,1408.0,794.0,1482.0,883.0,7688,0,0,1,Pedestrian
81,1408.0,794.0,1482.0,883.0,7689,0,0,1,Pedestrian
81,1410.0,794.0,1485.0,883.0,7690,0,0,1,Pedestrian
81,1413.0,792.0,1487.0,881.0,7691,0,0,1,Pedestrian
81,1416.0,792.0,1490.0,881.0,7692,0,0,1,Pedestrian
81,1416.0,792.0,1490.0,881.0,7693,0,0,1,Pedestrian
81,1419.0,792.0,1493.0,881.0,7694,0,0,1,Pedestrian
81,1421.0,792.0,1496.0,881.0,7695,0,0,1,Pedestrian
81,1424.0,790.0,1498.0,878.0,7696,0,0,1,Pedestrian
81,1424.0,790.0,1498.0,878.0,7697,0,0,1,Pedestrian
81,1427.0,790.0,1501.0,878.0,7698,0,0,1,Pedestrian
81,1430.0,790.0,1504.0,878.0,7699,0,0,1,Pedestrian
81,1430.0,790.0,1504.0,878.0,7700,0,0,1,Pedestrian
81,1432.0,790.0,1507.0,878.0,7701,0,0,1,Pedestrian
81,1435.0,787.0,1509.0,876.0,7702,0,0,1,Pedestrian
81,1438.0,787.0,1512.0,876.0,7703,0,0,1,Pedestrian
81,1438.0,787.0,1512.0,876.0,7704,0,0,1,Pedestrian
81,1441.0,787.0,1515.0,876.0,7705,0,0,1,Pedestrian
81,1443.0,787.0,1518.0,876.0,7706,0,0,1,Pedestrian
81,1446.0,785.0,1520.0,874.0,7707,0,0,1,Pedestrian
81,1446.0,785.0,1520.0,874.0,7708,0,0,1,Pedestrian
81,1449.0,785.0,1523.0,874.0,7709,0,0,1,Pedestrian
81,1452.0,785.0,1526.0,874.0,7710,0,0,1,Pedestrian
81,1452.0,785.0,1526.0,874.0,7711,0,0,1,Pedestrian
81,1454.0,783.0,1529.0,872.0,7712,0,0,1,Pedestrian
81,1457.0,783.0,1531.0,872.0,7713,0,0,1,Pedestrian
81,1460.0,783.0,1534.0,872.0,7714,0,0,1,Pedestrian
81,1460.0,783.0,1534.0,872.0,7715,0,0,1,Pedestrian
81,1463.0,783.0,1537.0,872.0,7716,0,0,1,Pedestrian
81,1465.0,783.0,1540.0,872.0,7717,0,0,1,Pedestrian
81,1468.0,781.0,1542.0,869.0,7718,0,0,1,Pedestrian
81,1468.0,781.0,1542.0,869.0,7719,0,0,1,Pedestrian
81,1471.0,781.0,1545.0,869.0,7720,0,0,1,Pedestrian
81,1474.0,781.0,1548.0,869.0,7721,0,0,1,Pedestrian
81,1474.0,781.0,1548.0,869.0,7722,0,0,1,Pedestrian
81,1476.0,778.0,1551.0,867.0,7723,0,0,1,Pedestrian
81,1479.0,778.0,1553.0,867.0,7724,0,0,1,Pedestrian
81,1482.0,778.0,1556.0,867.0,7725,0,0,1,Pedestrian
81,1482.0,778.0,1556.0,867.0,7726,0,0,1,Pedestrian
81,1485.0,778.0,1559.0,867.0,7727,0,0,1,Pedestrian
81,1487.0,776.0,1562.0,865.0,7728,0,0,1,Pedestrian
81,1490.0,776.0,1564.0,865.0,7729,0,0,1,Pedestrian
81,1490.0,776.0,1564.0,865.0,7730,0,0,1,Pedestrian
81,1493.0,776.0,1567.0,865.0,7731,0,0,1,Pedestrian
81,1496.0,776.0,1570.0,865.0,7732,0,0,1,Pedestrian
81,1498.0,774.0,1573.0,863.0,7733,0,0,1,Pedestrian
81,1498.0,774.0,1573.0,863.0,7734,0,0,1,Pedestrian
81,1501.0,774.0,1575.0,863.0,7735,0,0,1,Pedestrian
81,1504.0,774.0,1578.0,863.0,7736,0,0,1,Pedestrian
81,1504.0,774.0,1578.0,863.0,7737,0,0,1,Pedestrian
81,1507.0,774.0,1581.0,863.0,7738,0,0,1,Pedestrian
81,1509.0,771.0,1584.0,860.0,7739,0,0,1,Pedestrian
81,1512.0,771.0,1586.0,860.0,7740,0,0,1,Pedestrian
81,1512.0,771.0,1586.0,860.0,7741,0,0,1,Pedestrian
81,1515.0,771.0,1589.0,860.0,7742,0,0,1,Pedestrian
81,1518.0,771.0,1592.0,860.0,7743,0,0,1,Pedestrian
81,1520.0,769.0,1595.0,858.0,7744,0,0,1,Pedestrian
81,1520.0,769.0,1595.0,858.0,7745,0,0,1,Pedestrian
81,1523.0,769.0,1597.0,858.0,7746,0,0,1,Pedestrian
81,1526.0,769.0,1600.0,858.0,7747,0,0,1,Pedestrian
81,1526.0,769.0,1600.0,858.0,7748,0,0,1,Pedestrian
81,1529.0,767.0,1603.0,856.0,7749,0,0,1,Pedestrian
81,1531.0,767.0,1606.0,856.0,7750,0,0,1,Pedestrian
81,1534.0,767.0,1608.0,856.0,7751,0,0,1,Pedestrian
81,1534.0,767.0,1608.0,856.0,7752,0,0,1,Pedestrian
81,1537.0,767.0,1611.0,856.0,7753,0,0,1,Pedestrian
81,1540.0,767.0,1614.0,856.0,7754,0,0,1,Pedestrian
81,1542.0,765.0,1617.0,853.0,7755,0,0,1,Pedestrian
81,1542.0,765.0,1617.0,853.0,7756,0,0,1,Pedestrian
81,1545.0,765.0,1619.0,853.0,7757,0,0,1,Pedestrian
81,1548.0,765.0,1622.0,853.0,7758,0,0,1,Pedestrian
81,1548.0,765.0,1622.0,853.0,7759,0,0,1,Pedestrian
81,1551.0,762.0,1625.0,851.0,7760,0,0,1,Pedestrian
81,1553.0,762.0,1628.0,851.0,7761,0,0,1,Pedestrian
81,1556.0,762.0,1630.0,851.0,7762,0,0,1,Pedestrian
81,1556.0,762.0,1630.0,851.0,7763,0,0,1,Pedestrian
81,1559.0,762.0,1633.0,851.0,7764,0,0,1,Pedestrian
81,1562.0,760.0,1636.0,849.0,7765,0,0,1,Pedestrian
81,1564.0,760.0,1639.0,849.0,7766,0,0,1,Pedestrian
81,1564.0,760.0,1639.0,849.0,7767,0,0,1,Pedestrian
81,1567.0,760.0,1641.0,849.0,7768,0,0,1,Pedestrian
81,1570.0,760.0,1644.0,849.0,7769,0,0,1,Pedestrian
81,1573.0,760.0,1647.0,849.0,7770,0,0,0,Pedestrian
81,1573.0,758.0,1647.0,847.0,7771,0,0,1,Pedestrian
81,1575.0,758.0,1650.0,847.0,7772,0,0,1,Pedestrian
81,1578.0,758.0,1652.0,847.0,7773,0,0,1,Pedestrian
81,1578.0,758.0,1652.0,847.0,7774,0,0,1,Pedestrian
81,1581.0,758.0,1655.0,847.0,7775,0,0,1,Pedestrian
81,1584.0,758.0,1658.0,847.0,7776,0,0,1,Pedestrian
81,1586.0,758.0,1661.0,847.0,7777,0,0,1,Pedestrian
81,1586.0,755.0,1661.0,844.0,7778,0,0,1,Pedestrian
81,1589.0,755.0,1663.0,844.0,7779,0,0,1,Pedestrian
81,1592.0,755.0,1666.0,844.0,7780,0,0,1,Pedestrian
81,1595.0,755.0,1666.0,844.0,7781,0,0,1,Pedestrian
81,1595.0,755.0,1669.0,844.0,7782,0,0,1,Pedestrian
81,1597.0,755.0,1672.0,844.0,7783,0,0,1,Pedestrian
81,1600.0,755.0,1674.0,844.0,7784,0,0,1,Pedestrian
81,1603.0,753.0,1674.0,842.0,7785,0,0,1,Pedestrian
81,1603.0,753.0,1677.0,842.0,7786,0,0,1,Pedestrian
81,1606.0,753.0,1680.0,842.0,7787,0,0,1,Pedestrian
81,1608.0,753.0,1683.0,842.0,7788,0,0,1,Pedestrian
81,1608.0,753.0,1683.0,842.0,7789,0,0,1,Pedestrian
81,1611.0,753.0,1685.0,842.0,7790,0,0,1,Pedestrian
81,1614.0,753.0,1688.0,842.0,7791,0,0,1,Pedestrian
81,1617.0,751.0,1688.0,840.0,7792,0,0,1,Pedestrian
81,1617.0,751.0,1691.0,840.0,7793,0,0,1,Pedestrian
81,1619.0,751.0,1694.0,840.0,7794,0,0,1,Pedestrian
81,1622.0,751.0,1696.0,840.0,7795,0,0,1,Pedestrian
81,1625.0,751.0,1696.0,840.0,7796,0,0,1,Pedestrian
81,1625.0,751.0,1699.0,840.0,7797,0,0,1,Pedestrian
81,1628.0,751.0,1702.0,840.0,7798,0,0,1,Pedestrian
81,1630.0,749.0,1705.0,837.0,7799,0,0,1,Pedestrian
81,1633.0,749.0,1705.0,837.0,7800,0,0,1,Pedestrian
81,1633.0,749.0,1707.0,837.0,7801,0,0,1,Pedestrian
81,1636.0,749.0,1710.0,837.0,7802,0,0,1,Pedestrian
81,1639.0,749.0,1710.0,837.0,7803,0,0,1,Pedestrian
81,1639.0,749.0,1713.0,837.0,7804,0,0,1,Pedestrian
81,1641.0,749.0,1716.0,837.0,7805,0,0,1,Pedestrian
81,1644.0,746.0,1718.0,835.0,7806,0,0,1,Pedestrian
81,1647.0,746.0,1718.0,835.0,7807,0,0,1,Pedestrian
81,1647.0,746.0,1721.0,835.0,7808,0,0,1,Pedestrian
81,1650.0,746.0,1724.0,835.0,7809,0,0,1,Pedestrian
81,1652.0,746.0,1727.0,835.0,7810,0,0,1,Pedestrian
81,1655.0,746.0,1727.0,835.0,7811,0,0,1,Pedestrian
81,1655.0,746.0,1729.0,835.0,7812,0,0,1,Pedestrian
81,1658.0,744.0,1732.0,833.0,7813,0,0,1,Pedestrian
81,1661.0,744.0,1732.0,833.0,7814,0,0,1,Pedestrian
81,1663.0,744.0,1735.0,833.0,7815,0,0,1,Pedestrian
81,1663.0,744.0,1738.0,833.0,7816,0,0,1,Pedestrian
81,1666.0,744.0,1740.0,833.0,7817,0,0,1,Pedestrian
81,1669.0,744.0,1740.0,833.0,7818,0,0,1,Pedestrian
81,1669.0,744.0,1743.0,833.0,7819,0,0,1,Pedestrian
81,1672.0,742.0,1746.0,831.0,7820,0,0,1,Pedestrian
81,1674.0,742.0,1749.0,831.0,7821,0,0,1,Pedestrian
81,1677.0,742.0,1749.0,831.0,7822,0,0,1,Pedestrian
81,1677.0,742.0,1751.0,831.0,7823,0,0,1,Pedestrian
81,1680.0,742.0,1754.0,831.0,7824,0,0,1,Pedestrian
81,1683.0,742.0,1754.0,831.0,7825,0,0,1,Pedestrian
81,1685.0,742.0,1757.0,831.0,7826,0,0,1,Pedestrian
81,1685.0,740.0,1760.0,828.0,7827,0,0,1,Pedestrian
81,1688.0,740.0,1762.0,828.0,7828,0,0,1,Pedestrian
81,1691.0,740.0,1762.0,828.0,7829,0,0,1,Pedestrian
81,1694.0,740.0,1765.0,828.0,7830,0,0,1,Pedestrian
81,1694.0,740.0,1768.0,828.0,7831,0,0,1,Pedestrian
81,1696.0,740.0,1768.0,828.0,7832,0,0,1,Pedestrian
81,1699.0,740.0,1771.0,828.0,7833,0,0,1,Pedestrian
81,1702.0,737.0,1773.0,826.0,7834,0,0,1,Pedestrian
81,1702.0,737.0,1776.0,826.0,7835,0,0,1,Pedestrian
81,1705.0,737.0,1776.0,826.0,7836,0,0,1,Pedestrian
81,1707.0,737.0,1779.0,826.0,7837,0,0,1,Pedestrian
81,1707.0,737.0,1782.0,826.0,7838,0,0,1,Pedestrian
81,1710.0,737.0,1784.0,826.0,7839,0,0,1,Pedestrian
81,1713.0,737.0,1784.0,826.0,7840,0,0,1,Pedestrian
81,1716.0,735.0,1787.0,824.0,7841,0,0,1,Pedestrian
81,1716.0,735.0,1790.0,824.0,7842,0,0,1,Pedestrian
81,1718.0,735.0,1790.0,824.0,7843,0,0,1,Pedestrian
81,1721.0,735.0,1793.0,824.0,7844,0,0,1,Pedestrian
81,1724.0,735.0,1795.0,824.0,7845,0,0,1,Pedestrian
81,1724.0,735.0,1798.0,824.0,7846,0,0,1,Pedestrian
81,1727.0,735.0,1798.0,824.0,7847,0,0,1,Pedestrian
81,1729.0,733.0,1801.0,822.0,7848,0,0,1,Pedestrian
81,1732.0,733.0,1804.0,822.0,7849,0,0,1,Pedestrian
81,1732.0,733.0,1806.0,822.0,7850,0,0,1,Pedestrian
81,1735.0,733.0,1806.0,822.0,7851,0,0,1,Pedestrian
81,1738.0,733.0,1809.0,822.0,7852,0,0,1,Pedestrian
81,1738.0,733.0,1812.0,822.0,7853,0,0,1,Pedestrian
81,1740.0,733.0,1812.0,822.0,7854,0,0,1,Pedestrian
81,1743.0,730.0,1815.0,819.0,7855,0,0,1,Pedestrian
81,1746.0,730.0,1817.0,819.0,7856,0,0,1,Pedestrian
81,1746.0,730.0,1820.0,819.0,7857,0,0,1,Pedestrian
81,1749.0,730.0,1820.0,819.0,7858,0,0,1,Pedestrian
81,1751.0,730.0,1823.0,819.0,7859,0,0,1,Pedestrian
81,1754.0,730.0,1826.0,819.0,7860,0,0,1,Pedestrian
81,1754.0,730.0,1828.0,819.0,7861,0,0,1,Pedestrian
81,1757.0,728.0,1828.0,817.0,7862,0,0,1,Pedestrian
81,1760.0,728.0,1831.0,817.0,7863,0,0,1,Pedestrian
81,1762.0,728.0,1834.0,817.0,7864,0,0,1,Pedestrian
81,1762.0,728.0,1834.0,817.0,7865,0,0,1,Pedestrian
81,1765.0,728.0,1837.0,817.0,7866,0,0,1,Pedestrian
81,1768.0,728.0,1839.0,817.0,7867,0,0,1,Pedestrian
81,1768.0,728.0,1842.0,817.0,7868,0,0,1,Pedestrian
81,1771.0,726.0,1842.0,815.0,7869,0,0,1,Pedestrian
81,1773.0,726.0,1845.0,815.0,7870,0,0,1,Pedestrian
81,1776.0,726.0,1848.0,815.0,7871,0,0,1,Pedestrian
81,1776.0,726.0,1850.0,815.0,7872,0,0,1,Pedestrian
81,1779.0,726.0,1850.0,815.0,7873,0,0,1,Pedestrian
81,1782.0,726.0,1853.0,815.0,7874,0,0,1,Pedestrian
81,1784.0,726.0,1856.0,815.0,7875,0,0,1,Pedestrian
81,1784.0,724.0,1856.0,812.0,7876,0,0,1,Pedestrian
81,1787.0,724.0,1859.0,812.0,7877,0,0,1,Pedestrian
81,1790.0,724.0,1861.0,812.0,7878,0,0,1,Pedestrian
81,1793.0,724.0,1864.0,812.0,7879,0,0,1,Pedestrian
81,1793.0,724.0,1864.0,812.0,7880,0,0,1,Pedestrian
81,1795.0,724.0,1867.0,812.0,7881,0,0,1,Pedestrian
81,1798.0,724.0,1870.0,812.0,7882,0,0,1,Pedestrian
81,1801.0,724.0,1872.0,812.0,7883,0,0,0,Pedestrian
81,1801.0,721.0,1872.0,810.0,7884,0,0,1,Pedestrian
81,1801.0,721.0,1872.0,810.0,7885,0,0,1,Pedestrian
81,1804.0,721.0,1875.0,810.0,7886,0,0,1,Pedestrian
81,1804.0,721.0,1875.0,810.0,7887,0,0,1,Pedestrian
81,1806.0,719.0,1878.0,808.0,7888,0,0,1,Pedestrian
81,1806.0,719.0,1878.0,808.0,7889,0,0,1,Pedestrian
81,1809.0,719.0,1881.0,808.0,7890,0,0,1,Pedestrian
81,1809.0,719.0,1881.0,808.0,7891,0,0,1,Pedestrian
81,1812.0,717.0,1883.0,806.0,7892,0,0,1,Pedestrian
81,1812.0,717.0,1883.0,806.0,7893,0,0,1,Pedestrian
81,1815.0,717.0,1886.0,806.0,7894,0,0,1,Pedestrian
81,1815.0,717.0,1886.0,806.0,7895,0,0,1,Pedestrian
81,1817.0,715.0,1889.0,803.0,7896,0,0,1,Pedestrian
81,1817.0,715.0,1889.0,803.0,7897,0,0,1,Pedestrian
81,1817.0,715.0,1889.0,803.0,7898,0,0,1,Pedestrian
81,1820.0,715.0,1892.0,803.0,7899,0,0,1,Pedestrian
81,1820.0,712.0,1892.0,801.0,7900,0,0,1,Pedestrian
81,1823.0,712.0,1894.0,801.0,7901,0,0,1,Pedestrian
81,1823.0,712.0,1894.0,801.0,7902,0,0,1,Pedestrian
81,1826.0,712.0,1897.0,801.0,7903,0,0,1,Pedestrian
81,1826.0,710.0,1897.0,799.0,7904,0,0,1,Pedestrian
81,1828.0,710.0,1900.0,799.0,7905,0,0,1,Pedestrian
81,1828.0,710.0,1900.0,799.0,7906,0,0,1,Pedestrian
81,1831.0,710.0,1903.0,799.0,7907,0,0,1,Pedestrian
81,1831.0,708.0,1903.0,796.0,7908,0,0,1,Pedestrian
81,1834.0,708.0,1905.0,796.0,7909,0,0,1,Pedestrian
81,1834.0,708.0,1905.0,796.0,7910,0,0,1,Pedestrian
81,1834.0,708.0,1905.0,796.0,7911,0,0,1,Pedestrian
81,1837.0,705.0,1908.0,794.0,7912,0,0,1,Pedestrian
81,1837.0,705.0,1908.0,794.0,7913,0,0,1,Pedestrian
81,1839.0,705.0,1911.0,794.0,7914,0,0,1,Pedestrian
81,1839.0,705.0,1911.0,794.0,7915,0,0,1,Pedestrian
81,1842.0,703.0,1914.0,792.0,7916,0,0,1,Pedestrian
81,1842.0,703.0,1914.0,792.0,7917,0,0,1,Pedestrian
81,1845.0,703.0,1916.0,792.0,7918,0,0,1,Pedestrian
81,1845.0,703.0,1916.0,792.0,7919,0,0,1,Pedestrian
81,1848.0,701.0,1919.0,790.0,7920,0,0,1,Pedestrian
81,1848.0,701.0,1919.0,790.0,7921,0,0,1,Pedestrian
81,1850.0,701.0,1922.0,790.0,7922,0,0,1,Pedestrian
81,1850.0,701.0,1922.0,790.0,7923,0,0,1,Pedestrian
81,1850.0,701.0,1922.0,790.0,7924,0,0,1,Pedestrian
81,1853.0,699.0,1925.0,787.0,7925,0,0,1,Pedestrian
81,1853.0,699.0,1925.0,787.0,7926,0,0,1,Pedestrian
81,1856.0,699.0,1927.0,787.0,7927,0,0,1,Pedestrian
81,1856.0,699.0,1927.0,787.0,7928,0,0,1,Pedestrian
81,1859.0,696.0,1930.0,785.0,7929,0,0,1,Pedestrian
81,1859.0,696.0,1930.0,785.0,7930,0,0,1,Pedestrian
81,1861.0,696.0,1933.0,785.0,7931,0,0,1,Pedestrian
81,1861.0,696.0,1933.0,785.0,7932,0,0,1,Pedestrian
81,1864.0,694.0,1936.0,783.0,7933,0,0,1,Pedestrian
81,1864.0,694.0,1936.0,783.0,7934,0,0,1,Pedestrian
81,1867.0,694.0,1938.0,783.0,7935,0,0,1,Pedestrian
81,1867.0,694.0,1938.0,783.0,7936,0,0,1,Pedestrian
81,1867.0,692.0,1938.0,781.0,7937,0,0,1,Pedestrian
81,1870.0,692.0,1941.0,781.0,7938,0,0,1,Pedestrian
81,1870.0,692.0,1941.0,781.0,7939,0,0,1,Pedestrian
81,1872.0,692.0,1944.0,781.0,7940,0,0,1,Pedestrian
81,1872.0,689.0,1944.0,778.0,7941,0,0,1,Pedestrian
81,1875.0,689.0,1947.0,778.0,7942,0,0,1,Pedestrian
81,1875.0,689.0,1947.0,778.0,7943,0,0,1,Pedestrian
81,1878.0,689.0,1949.0,778.0,7944,0,0,1,Pedestrian
81,1878.0,687.0,1949.0,776.0,7945,0,0,1,Pedestrian
81,1881.0,687.0,1952.0,776.0,7946,0,0,1,Pedestrian
81,1881.0,687.0,1952.0,776.0,7947,0,0,1,Pedestrian
81,1883.0,687.0,1955.0,776.0,7948,0,0,1,Pedestrian
81,1883.0,685.0,1955.0,774.0,7949,0,0,1,Pedestrian
81,1883.0,685.0,1955.0,774.0,7950,0,0,1,Pedestrian
81,1886.0,685.0,1958.0,774.0,7951,0,0,1,Pedestrian
81,1886.0,685.0,1958.0,774.0,7952,0,0,1,Pedestrian
81,1889.0,683.0,1960.0,771.0,7953,0,0,1,Pedestrian
81,1889.0,683.0,1960.0,771.0,7954,0,0,1,Pedestrian
81,1892.0,683.0,1963.0,771.0,7955,0,0,1,Pedestrian
81,1892.0,683.0,1963.0,771.0,7956,0,0,1,Pedestrian
81,1894.0,680.0,1966.0,769.0,7957,0,0,1,Pedestrian
81,1894.0,680.0,1966.0,769.0,7958,0,0,1,Pedestrian
81,1897.0,680.0,1969.0,769.0,7959,0,0,1,Pedestrian
81,1897.0,680.0,1969.0,769.0,7960,0,0,1,Pedestrian
81,1900.0,680.0,1971.0,769.0,7961,1,0,0,Pedestrian
81,1900.0,680.0,1971.0,769.0,7962,1,0,1,Pedestrian
81,1900.0,680.0,1971.0,769.0,7963,1,0,1,Pedestrian
81,1900.0,680.0,1971.0,769.0,7964,1,0,1,Pedestrian
81,1900.0,680.0,1971.0,769.0,7965,1,0,1,Pedestrian
81,1900.0,680.0,1971.0,769.0,7966,1,0,1,Pedestrian
81,1900.0,680.0,1971.0,769.0,7967,1,0,1,Pedestrian
81,1900.0,680.0,1971.0,769.0,7968,1,0,1,Pedestrian
81,1900.0,680.0,1971.0,769.0,7969,1,0,1,Pedestrian
81,1900.0,680.0,1971.0,769.0,7970,1,0,1,Pedestrian
81,1900.0,680.0,1971.0,769.0,7971,1,0,1,Pedestrian
81,1900.0,680.0,1971.0,769.0,7972,1,0,1,Pedestrian
81,1900.0,680.0,1971.0,769.0,7973,1,0,1,Pedestrian
81,1900.0,680.0,1971.0,769.0,7974,1,0,1,Pedestrian
81,1900.0,680.0,1971.0,769.0,7975,1,0,0,Pedestrian
81,1900.0,680.0,1971.0,769.0,7976,1,0,1,Pedestrian
81,1900.0,680.0,1971.0,769.0,7977,1,0,1,Pedestrian
81,1900.0,680.0,1971.0,769.0,7978,1,0,1,Pedestrian
81,1900.0,680.0,1971.0,769.0,7979,1,0,1,Pedestrian
81,1900.0,680.0,1971.0,769.0,7980,1,0,1,Pedestrian
81,1900.0,680.0,1971.0,769.0,7981,1,0,1,Pedestrian
81,1900.0,680.0,1971.0,769.0,7982,1,0,1,Pedestrian
81,1900.0,680.0,1971.0,769.0,7983,1,0,1,Pedestrian
81,1900.0,680.0,1971.0,769.0,7984,1,0,1,Pedestrian
81,1900.0,680.0,1971.0,769.0,7985,1,0,1,Pedestrian
81,1900.0,680.0,1971.0,769.0,7986,1,0,1,Pedestrian
81,1900.0,680.0,1971.0,769.0,7987,1,0,1,Pedestrian
81,1900.0,680.0,1971.0,769.0,7988,1,0,1,Pedestrian
81,1900.0,680.0,1971.0,769.0,7989,1,0,1,Pedestrian
81,1900.0,680.0,1971.0,769.0,7990,1,0,1,Pedestrian
81,1900.0,680.0,1971.0,769.0,7991,1,0,1,Pedestrian
81,1900.0,680.0,1971.0,769.0,7992,1,0,1,Pedestrian
81,1900.0,680.0,1971.0,769.0,7993,1,0,1,Pedestrian
81,1900.0,680.0,1971.0,769.0,7994,1,0,1,Pedestrian
81,1900.0,680.0,1971.0,769.0,7995,1,0,1,Pedestrian
81,1900.0,680.0,1971.0,769.0,7996,1,0,1,Pedestrian
81,1900.0,680.0,1971.0,769.0,7997,1,0,1,Pedestrian
81,1900.0,680.0,1971.0,769.0,7998,1,0,1,Pedestrian
81,1900.0,680.0,1971.0,769.0,7999,1,0,1,Pedestrian
81,1900.0,680.0,1971.0,769.0,8000,1,0,1,Pedestrian
81,1900.0,680.0,1971.0,769.0,8001,1,0,1,Pedestrian
81,1900.0,680.0,1971.0,769.0,8002,1,0,1,Pedestrian
81,1900.0,680.0,1971.0,769.0,8003,1,0,1,Pedestrian
81,1900.0,680.0,1971.0,769.0,8004,1,0,1,Pedestrian
81,1900.0,680.0,1971.0,769.0,8005,1,0,1,Pedestrian
81,1900.0,680.0,1971.0,769.0,8006,1,0,1,Pedestrian
81,1900.0,680.0,1971.0,769.0,8007,1,0,1,Pedestrian
81,1900.0,680.0,1971.0,769.0,8008,1,0,1,Pedestrian
81,1900.0,680.0,1971.0,769.0,8009,1,0,1,Pedestrian
81,1900.0,680.0,1971.0,769.0,8010,1,0,1,Pedestrian
81,1900.0,680.0,1971.0,769.0,8011,1,0,1,Pedestrian
81,1900.0,680.0,1971.0,769.0,8012,1,0,1,Pedestrian
81,1900.0,680.0,1971.0,769.0,8013,1,0,1,Pedestrian
81,1900.0,680.0,1971.0,769.0,8014,1,0,1,Pedestrian
81,1900.0,680.0,1971.0,769.0,8015,1,0,1,Pedestrian
81,1900.0,680.0,1971.0,769.0,8016,1,0,1,Pedestrian
81,1900.0,680.0,1971.0,769.0,8017,1,0,1,Pedestrian
81,1900.0,680.0,1971.0,769.0,8018,1,0,1,Pedestrian
81,1900.0,680.0,1971.0,769.0,8019,1,0,1,Pedestrian
81,1900.0,680.0,1971.0,769.0,8020,1,0,1,Pedestrian
81,1900.0,680.0,1971.0,769.0,8021,1,0,1,Pedestrian
81,1900.0,680.0,1971.0,769.0,8022,1,0,1,Pedestrian
81,1900.0,680.0,1971.0,769.0,8023,1,0,1,Pedestrian
81,1900.0,680.0,1971.0,769.0,8024,1,0,1,Pedestrian
81,1900.0,680.0,1971.0,769.0,8025,1,0,1,Pedestrian
81,1900.0,680.0,1971.0,769.0,8026,1,0,1,Pedestrian
81,1900.0,680.0,1971.0,769.0,8027,1,0,1,Pedestrian
81,1900.0,680.0,1971.0,769.0,8028,1,0,1,Pedestrian
81,1900.0,680.0,1971.0,769.0,8029,1,0,1,Pedestrian
81,1900.0,680.0,1971.0,769.0,8030,1,0,1,Pedestrian
81,1900.0,680.0,1971.0,769.0,8031,1,0,0,Pedestrian
82,1916.0,669.0,1971.0,721.0,6000,1,0,0,Pedestrian
82,1916.0,667.0,1971.0,719.0,6001,1,0,1,Pedestrian
82,1916.0,667.0,1971.0,719.0,6002,1,0,1,Pedestrian
82,1916.0,667.0,1971.0,719.0,6003,1,0,1,Pedestrian
82,1916.0,667.0,1971.0,719.0,6004,1,0,1,Pedestrian
82,1916.0,667.0,1971.0,719.0,6005,1,0,1,Pedestrian
82,1916.0,667.0,1971.0,719.0,6006,1,0,1,Pedestrian
82,1916.0,667.0,1971.0,719.0,6007,1,0,1,Pedestrian
82,1916.0,667.0,1971.0,719.0,6008,1,0,1,Pedestrian
82,1916.0,667.0,1971.0,719.0,6009,1,0,1,Pedestrian
82,1916.0,667.0,1971.0,719.0,6010,1,0,1,Pedestrian
82,1916.0,667.0,1971.0,719.0,6011,1,0,1,Pedestrian
82,1916.0,667.0,1971.0,719.0,6012,1,0,1,Pedestrian
82,1916.0,667.0,1971.0,719.0,6013,1,0,1,Pedestrian
82,1916.0,667.0,1971.0,719.0,6014,1,0,1,Pedestrian
82,1916.0,667.0,1971.0,719.0,6015,1,0,1,Pedestrian
82,1916.0,667.0,1971.0,719.0,6016,1,0,1,Pedestrian
82,1916.0,667.0,1971.0,719.0,6017,1,0,1,Pedestrian
82,1916.0,667.0,1971.0,719.0,6018,1,0,1,Pedestrian
82,1916.0,667.0,1971.0,719.0,6019,1,0,1,Pedestrian
82,1916.0,667.0,1971.0,719.0,6020,1,0,1,Pedestrian
82,1916.0,667.0,1971.0,719.0,6021,1,0,1,Pedestrian
82,1916.0,667.0,1971.0,719.0,6022,1,0,1,Pedestrian
82,1916.0,667.0,1971.0,719.0,6023,1,0,1,Pedestrian
82,1916.0,667.0,1971.0,719.0,6024,1,0,1,Pedestrian
82,1916.0,667.0,1971.0,719.0,6025,1,0,1,Pedestrian
82,1916.0,667.0,1971.0,719.0,6026,1,0,1,Pedestrian
82,1916.0,667.0,1971.0,719.0,6027,1,0,1,Pedestrian
82,1916.0,667.0,1971.0,719.0,6028,1,0,1,Pedestrian
82,1916.0,667.0,1971.0,719.0,6029,1,0,1,Pedestrian
82,1916.0,667.0,1971.0,719.0,6030,1,0,1,Pedestrian
82,1916.0,667.0,1971.0,719.0,6031,1,0,1,Pedestrian
82,1916.0,667.0,1971.0,719.0,6032,1,0,1,Pedestrian
82,1916.0,667.0,1971.0,719.0,6033,1,0,1,Pedestrian
82,1916.0,667.0,1971.0,719.0,6034,1,0,1,Pedestrian
82,1916.0,667.0,1971.0,719.0,6035,1,0,1,Pedestrian
82,1916.0,667.0,1971.0,719.0,6036,1,0,1,Pedestrian
82,1916.0,667.0,1971.0,719.0,6037,1,0,1,Pedestrian
82,1916.0,667.0,1971.0,719.0,6038,1,0,1,Pedestrian
82,1916.0,667.0,1971.0,719.0,6039,1,0,1,Pedestrian
82,1916.0,667.0,1971.0,719.0,6040,1,0,1,Pedestrian
82,1916.0,667.0,1971.0,719.0,6041,1,0,1,Pedestrian
82,1916.0,667.0,1971.0,719.0,6042,1,0,1,Pedestrian
82,1916.0,667.0,1971.0,719.0,6043,1,0,1,Pedestrian
82,1916.0,667.0,1971.0,719.0,6044,1,0,1,Pedestrian
82,1916.0,667.0,1971.0,719.0,6045,1,0,1,Pedestrian
82,1916.0,667.0,1971.0,719.0,6046,1,0,1,Pedestrian
82,1916.0,667.0,1971.0,719.0,6047,1,0,1,Pedestrian
82,1916.0,667.0,1971.0,719.0,6048,1,0,1,Pedestrian
82,1916.0,667.0,1971.0,719.0,6049,1,0,1,Pedestrian
82,1916.0,667.0,1971.0,719.0,6050,1,0,1,Pedestrian
82,1916.0,667.0,1971.0,719.0,6051,1,0,1,Pedestrian
82,1916.0,667.0,1971.0,719.0,6052,1,0,1,Pedestrian
82,1916.0,667.0,1971.0,719.0,6053,1,0,1,Pedestrian
82,1916.0,667.0,1971.0,719.0,6054,1,0,1,Pedestrian
82,1916.0,667.0,1971.0,719.0,6055,1,0,1,Pedestrian
82,1916.0,667.0,1971.0,719.0,6056,1,0,1,Pedestrian
82,1916.0,667.0,1971.0,719.0,6057,1,0,1,Pedestrian
82,1916.0,667.0,1971.0,719.0,6058,1,0,1,Pedestrian
82,1916.0,667.0,1971.0,719.0,6059,1,0,1,Pedestrian
82,1916.0,667.0,1971.0,719.0,6060,1,0,1,Pedestrian
82,1916.0,667.0,1971.0,719.0,6061,1,0,1,Pedestrian
82,1916.0,667.0,1971.0,719.0,6062,1,0,1,Pedestrian
82,1916.0,667.0,1971.0,719.0,6063,1,0,1,Pedestrian
82,1916.0,667.0,1971.0,719.0,6064,1,0,1,Pedestrian
82,1916.0,667.0,1971.0,719.0,6065,1,0,1,Pedestrian
82,1916.0,667.0,1971.0,719.0,6066,1,0,1,Pedestrian
82,1916.0,667.0,1971.0,719.0,6067,1,0,1,Pedestrian
82,1916.0,667.0,1971.0,719.0,6068,1,0,1,Pedestrian
82,1916.0,667.0,1971.0,719.0,6069,1,0,1,Pedestrian
82,1916.0,667.0,1971.0,719.0,6070,1,0,1,Pedestrian
82,1916.0,667.0,1971.0,719.0,6071,1,0,1,Pedestrian
82,1916.0,667.0,1971.0,719.0,6072,1,0,1,Pedestrian
82,1916.0,667.0,1971.0,719.0,6073,1,0,1,Pedestrian
82,1916.0,667.0,1971.0,719.0,6074,1,0,1,Pedestrian
82,1916.0,667.0,1971.0,719.0,6075,1,0,1,Pedestrian
82,1916.0,667.0,1971.0,719.0,6076,1,0,1,Pedestrian
82,1916.0,667.0,1971.0,719.0,6077,1,0,1,Pedestrian
82,1916.0,667.0,1971.0,719.0,6078,1,0,1,Pedestrian
82,1916.0,667.0,1971.0,719.0,6079,1,0,1,Pedestrian
82,1916.0,667.0,1971.0,719.0,6080,1,0,1,Pedestrian
82,1916.0,667.0,1971.0,719.0,6081,1,0,1,Pedestrian
82,1916.0,667.0,1971.0,719.0,6082,1,0,1,Pedestrian
82,1916.0,667.0,1971.0,719.0,6083,1,0,1,Pedestrian
82,1916.0,667.0,1971.0,719.0,6084,1,0,1,Pedestrian
82,1916.0,667.0,1971.0,719.0,6085,1,0,1,Pedestrian
82,1916.0,667.0,1971.0,719.0,6086,1,0,1,Pedestrian
82,1916.0,667.0,1971.0,719.0,6087,1,0,1,Pedestrian
82,1916.0,667.0,1971.0,719.0,6088,1,0,1,Pedestrian
82,1916.0,667.0,1971.0,719.0,6089,1,0,1,Pedestrian
82,1916.0,667.0,1971.0,719.0,6090,1,0,1,Pedestrian
82,1916.0,667.0,1971.0,719.0,6091,1,0,1,Pedestrian
82,1916.0,667.0,1971.0,719.0,6092,1,0,1,Pedestrian
82,1916.0,667.0,1971.0,719.0,6093,1,0,1,Pedestrian
82,1916.0,667.0,1971.0,719.0,6094,1,0,1,Pedestrian
82,1916.0,667.0,1971.0,719.0,6095,1,0,1,Pedestrian
82,1916.0,667.0,1971.0,719.0,6096,1,0,1,Pedestrian
82,1916.0,667.0,1971.0,719.0,6097,1,0,1,Pedestrian
82,1916.0,667.0,1971.0,719.0,6098,1,0,1,Pedestrian
82,1916.0,667.0,1971.0,719.0,6099,1,0,1,Pedestrian
82,1916.0,667.0,1971.0,719.0,6100,1,0,1,Pedestrian
82,1916.0,667.0,1971.0,719.0,6101,1,0,1,Pedestrian
82,1916.0,667.0,1971.0,719.0,6102,1,0,1,Pedestrian
82,1916.0,667.0,1971.0,719.0,6103,1,0,1,Pedestrian
82,1916.0,667.0,1971.0,719.0,6104,1,0,1,Pedestrian
82,1916.0,667.0,1971.0,719.0,6105,1,0,1,Pedestrian
82,1916.0,667.0,1971.0,719.0,6106,1,0,1,Pedestrian
82,1916.0,667.0,1971.0,719.0,6107,1,0,1,Pedestrian
82,1916.0,667.0,1971.0,719.0,6108,1,0,1,Pedestrian
82,1916.0,667.0,1971.0,719.0,6109,1,0,1,Pedestrian
82,1916.0,667.0,1971.0,719.0,6110,1,0,1,Pedestrian
82,1916.0,667.0,1971.0,719.0,6111,1,0,1,Pedestrian
82,1916.0,667.0,1971.0,719.0,6112,1,0,1,Pedestrian
82,1916.0,667.0,1971.0,719.0,6113,1,0,1,Pedestrian
82,1916.0,667.0,1971.0,719.0,6114,1,0,1,Pedestrian
82,1916.0,667.0,1971.0,719.0,6115,1,0,1,Pedestrian
82,1916.0,667.0,1971.0,719.0,6116,1,0,1,Pedestrian
82,1916.0,667.0,1971.0,719.0,6117,1,0,1,Pedestrian
82,1916.0,667.0,1971.0,719.0,6118,1,0,1,Pedestrian
82,1916.0,667.0,1971.0,719.0,6119,1,0,1,Pedestrian
82,1916.0,667.0,1971.0,719.0,6120,1,0,1,Pedestrian
82,1916.0,667.0,1971.0,719.0,6121,1,0,1,Pedestrian
82,1916.0,667.0,1971.0,719.0,6122,1,0,1,Pedestrian
82,1916.0,667.0,1971.0,719.0,6123,1,0,1,Pedestrian
82,1916.0,667.0,1971.0,719.0,6124,1,0,1,Pedestrian
82,1919.0,667.0,1971.0,719.0,6125,1,0,1,Pedestrian
82,1919.0,667.0,1971.0,719.0,6126,1,0,1,Pedestrian
82,1919.0,667.0,1971.0,719.0,6127,1,0,1,Pedestrian
82,1919.0,667.0,1971.0,719.0,6128,1,0,1,Pedestrian
82,1919.0,667.0,1971.0,719.0,6129,1,0,1,Pedestrian
82,1919.0,667.0,1971.0,719.0,6130,1,0,1,Pedestrian
82,1919.0,667.0,1971.0,719.0,6131,1,0,1,Pedestrian
82,1919.0,667.0,1971.0,719.0,6132,1,0,1,Pedestrian
82,1919.0,667.0,1971.0,719.0,6133,1,0,1,Pedestrian
82,1919.0,667.0,1971.0,719.0,6134,1,0,1,Pedestrian
82,1919.0,667.0,1971.0,719.0,6135,1,0,1,Pedestrian
82,1919.0,667.0,1971.0,719.0,6136,1,0,1,Pedestrian
82,1919.0,667.0,1971.0,719.0,6137,1,0,1,Pedestrian
82,1919.0,667.0,1971.0,719.0,6138,1,0,1,Pedestrian
82,1919.0,667.0,1971.0,719.0,6139,1,0,1,Pedestrian
82,1919.0,667.0,1971.0,719.0,6140,1,0,1,Pedestrian
82,1919.0,667.0,1971.0,719.0,6141,1,0,1,Pedestrian
82,1919.0,667.0,1971.0,719.0,6142,1,0,1,Pedestrian
82,1919.0,667.0,1971.0,719.0,6143,1,0,1,Pedestrian
82,1919.0,667.0,1971.0,719.0,6144,1,0,1,Pedestrian
82,1919.0,667.0,1971.0,719.0,6145,1,0,1,Pedestrian
82,1919.0,667.0,1971.0,719.0,6146,1,0,1,Pedestrian
82,1919.0,667.0,1971.0,719.0,6147,1,0,1,Pedestrian
82,1919.0,667.0,1971.0,719.0,6148,1,0,1,Pedestrian
82,1919.0,667.0,1971.0,719.0,6149,1,0,1,Pedestrian
82,1919.0,667.0,1971.0,719.0,6150,1,0,1,Pedestrian
82,1919.0,667.0,1971.0,719.0,6151,1,0,1,Pedestrian
82,1919.0,667.0,1971.0,719.0,6152,1,0,1,Pedestrian
82,1919.0,667.0,1971.0,719.0,6153,1,0,1,Pedestrian
82,1919.0,667.0,1971.0,719.0,6154,1,0,1,Pedestrian
82,1919.0,667.0,1971.0,719.0,6155,1,0,1,Pedestrian
82,1919.0,667.0,1971.0,719.0,6156,1,0,1,Pedestrian
82,1919.0,667.0,1971.0,719.0,6157,1,0,1,Pedestrian
82,1919.0,667.0,1971.0,719.0,6158,1,0,1,Pedestrian
82,1919.0,667.0,1971.0,719.0,6159,1,0,1,Pedestrian
82,1919.0,667.0,1971.0,719.0,6160,1,0,1,Pedestrian
82,1919.0,667.0,1971.0,719.0,6161,1,0,1,Pedestrian
82,1919.0,667.0,1971.0,719.0,6162,1,0,1,Pedestrian
82,1919.0,667.0,1971.0,719.0,6163,1,0,1,Pedestrian
82,1919.0,667.0,1971.0,719.0,6164,1,0,1,Pedestrian
82,1919.0,667.0,1971.0,719.0,6165,1,0,1,Pedestrian
82,1919.0,667.0,1971.0,719.0,6166,1,0,1,Pedestrian
82,1919.0,667.0,1971.0,719.0,6167,1,0,1,Pedestrian
82,1919.0,667.0,1971.0,719.0,6168,1,0,1,Pedestrian
82,1919.0,667.0,1971.0,719.0,6169,1,0,1,Pedestrian
82,1919.0,667.0,1971.0,719.0,6170,1,0,1,Pedestrian
82,1919.0,667.0,1971.0,719.0,6171,1,0,1,Pedestrian
82,1919.0,667.0,1971.0,719.0,6172,1,0,1,Pedestrian
82,1919.0,667.0,1971.0,719.0,6173,1,0,1,Pedestrian
82,1919.0,667.0,1971.0,719.0,6174,1,0,1,Pedestrian
82,1919.0,667.0,1971.0,719.0,6175,1,0,1,Pedestrian
82,1919.0,667.0,1971.0,719.0,6176,1,0,1,Pedestrian
82,1919.0,667.0,1971.0,719.0,6177,1,0,1,Pedestrian
82,1919.0,667.0,1971.0,719.0,6178,1,0,1,Pedestrian
82,1919.0,667.0,1971.0,719.0,6179,1,0,1,Pedestrian
82,1919.0,667.0,1971.0,719.0,6180,1,0,1,Pedestrian
82,1919.0,667.0,1971.0,719.0,6181,1,0,1,Pedestrian
82,1919.0,667.0,1971.0,719.0,6182,1,0,1,Pedestrian
82,1919.0,667.0,1971.0,719.0,6183,1,0,1,Pedestrian
82,1919.0,667.0,1971.0,719.0,6184,1,0,1,Pedestrian
82,1919.0,667.0,1971.0,719.0,6185,1,0,1,Pedestrian
82,1919.0,667.0,1971.0,719.0,6186,1,0,1,Pedestrian
82,1919.0,667.0,1971.0,719.0,6187,1,0,1,Pedestrian
82,1919.0,667.0,1971.0,719.0,6188,1,0,1,Pedestrian
82,1919.0,667.0,1971.0,719.0,6189,1,0,1,Pedestrian
82,1919.0,667.0,1971.0,719.0,6190,1,0,1,Pedestrian
82,1919.0,667.0,1971.0,719.0,6191,1,0,1,Pedestrian
82,1919.0,667.0,1971.0,719.0,6192,1,0,1,Pedestrian
82,1919.0,667.0,1971.0,719.0,6193,1,0,1,Pedestrian
82,1919.0,667.0,1971.0,719.0,6194,1,0,1,Pedestrian
82,1919.0,667.0,1971.0,719.0,6195,1,0,1,Pedestrian
82,1919.0,667.0,1971.0,719.0,6196,1,0,1,Pedestrian
82,1919.0,667.0,1971.0,719.0,6197,1,0,1,Pedestrian
82,1919.0,667.0,1971.0,719.0,6198,1,0,1,Pedestrian
82,1919.0,667.0,1971.0,719.0,6199,1,0,1,Pedestrian
82,1919.0,667.0,1971.0,719.0,6200,1,0,1,Pedestrian
82,1919.0,667.0,1971.0,719.0,6201,1,0,1,Pedestrian
82,1919.0,667.0,1971.0,719.0,6202,1,0,1,Pedestrian
82,1919.0,667.0,1971.0,719.0,6203,1,0,1,Pedestrian
82,1919.0,667.0,1971.0,719.0,6204,1,0,1,Pedestrian
82,1919.0,667.0,1971.0,719.0,6205,1,0,1,Pedestrian
82,1919.0,667.0,1971.0,719.0,6206,1,0,1,Pedestrian
82,1919.0,667.0,1971.0,719.0,6207,1,0,1,Pedestrian
82,1919.0,667.0,1971.0,719.0,6208,1,0,1,Pedestrian
82,1919.0,667.0,1971.0,719.0,6209,1,0,1,Pedestrian
82,1919.0,667.0,1971.0,719.0,6210,1,0,1,Pedestrian
82,1919.0,667.0,1971.0,719.0,6211,1,0,1,Pedestrian
82,1919.0,667.0,1971.0,719.0,6212,1,0,1,Pedestrian
82,1919.0,667.0,1971.0,719.0,6213,1,0,1,Pedestrian
82,1919.0,667.0,1971.0,719.0,6214,1,0,1,Pedestrian
82,1919.0,667.0,1971.0,719.0,6215,1,0,1,Pedestrian
82,1919.0,667.0,1971.0,719.0,6216,1,0,1,Pedestrian
82,1919.0,667.0,1971.0,719.0,6217,1,0,1,Pedestrian
82,1919.0,667.0,1971.0,719.0,6218,1,0,1,Pedestrian
82,1919.0,667.0,1971.0,719.0,6219,1,0,1,Pedestrian
82,1919.0,667.0,1971.0,719.0,6220,1,0,1,Pedestrian
82,1919.0,667.0,1971.0,719.0,6221,1,0,1,Pedestrian
82,1919.0,667.0,1971.0,719.0,6222,1,0,1,Pedestrian
82,1919.0,667.0,1971.0,719.0,6223,1,0,1,Pedestrian
82,1919.0,667.0,1971.0,719.0,6224,1,0,1,Pedestrian
82,1919.0,667.0,1971.0,719.0,6225,1,0,1,Pedestrian
82,1919.0,667.0,1971.0,719.0,6226,1,0,1,Pedestrian
82,1919.0,667.0,1971.0,719.0,6227,1,0,1,Pedestrian
82,1919.0,667.0,1971.0,719.0,6228,1,0,1,Pedestrian
82,1919.0,667.0,1971.0,719.0,6229,1,0,1,Pedestrian
82,1919.0,667.0,1971.0,719.0,6230,1,0,1,Pedestrian
82,1919.0,667.0,1971.0,719.0,6231,1,0,1,Pedestrian
82,1919.0,667.0,1971.0,719.0,6232,1,0,1,Pedestrian
82,1919.0,667.0,1971.0,719.0,6233,1,0,1,Pedestrian
82,1919.0,667.0,1971.0,719.0,6234,1,0,1,Pedestrian
82,1919.0,667.0,1971.0,719.0,6235,1,0,1,Pedestrian
82,1919.0,667.0,1971.0,719.0,6236,1,0,1,Pedestrian
82,1919.0,667.0,1971.0,719.0,6237,1,0,1,Pedestrian
82,1919.0,667.0,1971.0,719.0,6238,1,0,1,Pedestrian
82,1919.0,667.0,1971.0,719.0,6239,1,0,1,Pedestrian
82,1919.0,667.0,1971.0,719.0,6240,1,0,1,Pedestrian
82,1919.0,667.0,1971.0,719.0,6241,1,0,1,Pedestrian
82,1919.0,667.0,1971.0,719.0,6242,1,0,1,Pedestrian
82,1919.0,667.0,1971.0,719.0,6243,1,0,1,Pedestrian
82,1919.0,667.0,1971.0,719.0,6244,1,0,1,Pedestrian
82,1919.0,667.0,1971.0,719.0,6245,1,0,1,Pedestrian
82,1919.0,667.0,1971.0,719.0,6246,1,0,1,Pedestrian
82,1919.0,667.0,1971.0,719.0,6247,1,0,1,Pedestrian
82,1919.0,667.0,1971.0,719.0,6248,1,0,1,Pedestrian
82,1919.0,667.0,1971.0,719.0,6249,1,0,1,Pedestrian
82,1922.0,667.0,1971.0,719.0,6250,1,0,1,Pedestrian
82,1922.0,667.0,1971.0,717.0,6251,1,0,1,Pedestrian
82,1922.0,667.0,1971.0,717.0,6252,1,0,1,Pedestrian
82,1922.0,667.0,1971.0,717.0,6253,1,0,1,Pedestrian
82,1922.0,667.0,1971.0,717.0,6254,1,0,1,Pedestrian
82,1922.0,667.0,1971.0,717.0,6255,1,0,1,Pedestrian
82,1922.0,667.0,1971.0,717.0,6256,1,0,1,Pedestrian
82,1922.0,667.0,1971.0,717.0,6257,1,0,1,Pedestrian
82,1922.0,667.0,1971.0,717.0,6258,1,0,1,Pedestrian
82,1922.0,667.0,1971.0,717.0,6259,1,0,1,Pedestrian
82,1922.0,667.0,1971.0,717.0,6260,1,0,1,Pedestrian
82,1922.0,667.0,1971.0,717.0,6261,1,0,1,Pedestrian
82,1922.0,667.0,1971.0,717.0,6262,1,0,1,Pedestrian
82,1922.0,667.0,1971.0,717.0,6263,1,0,1,Pedestrian
82,1922.0,667.0,1971.0,717.0,6264,1,0,1,Pedestrian
82,1922.0,667.0,1971.0,717.0,6265,1,0,1,Pedestrian
82,1922.0,667.0,1971.0,717.0,6266,1,0,1,Pedestrian
82,1922.0,667.0,1971.0,717.0,6267,1,0,1,Pedestrian
82,1922.0,667.0,1971.0,717.0,6268,1,0,1,Pedestrian
82,1922.0,667.0,1971.0,717.0,6269,1,0,1,Pedestrian
82,1922.0,667.0,1971.0,717.0,6270,1,0,1,Pedestrian
82,1922.0,667.0,1971.0,717.0,6271,1,0,1,Pedestrian
82,1922.0,667.0,1971.0,717.0,6272,1,0,1,Pedestrian
82,1922.0,667.0,1971.0,717.0,6273,1,0,1,Pedestrian
82,1922.0,667.0,1971.0,717.0,6274,1,0,1,Pedestrian
82,1922.0,667.0,1971.0,717.0,6275,1,0,1,Pedestrian
82,1922.0,667.0,1971.0,717.0,6276,1,0,1,Pedestrian
82,1922.0,667.0,1971.0,717.0,6277,1,0,1,Pedestrian
82,1922.0,667.0,1971.0,717.0,6278,1,0,1,Pedestrian
82,1922.0,667.0,1971.0,717.0,6279,1,0,1,Pedestrian
82,1922.0,667.0,1971.0,717.0,6280,1,0,1,Pedestrian
82,1922.0,667.0,1971.0,717.0,6281,1,0,1,Pedestrian
82,1922.0,667.0,1971.0,717.0,6282,1,0,1,Pedestrian
82,1922.0,667.0,1971.0,717.0,6283,1,0,1,Pedestrian
82,1922.0,667.0,1971.0,717.0,6284,1,0,1,Pedestrian
82,1922.0,667.0,1971.0,717.0,6285,1,0,1,Pedestrian
82,1922.0,667.0,1971.0,717.0,6286,1,0,1,Pedestrian
82,1922.0,667.0,1971.0,717.0,6287,1,0,1,Pedestrian
82,1922.0,667.0,1971.0,717.0,6288,1,0,1,Pedestrian
82,1922.0,667.0,1971.0,717.0,6289,1,0,1,Pedestrian
82,1922.0,667.0,1971.0,717.0,6290,1,0,1,Pedestrian
82,1922.0,667.0,1971.0,717.0,6291,1,0,1,Pedestrian
82,1922.0,667.0,1971.0,717.0,6292,1,0,1,Pedestrian
82,1922.0,667.0,1971.0,717.0,6293,1,0,1,Pedestrian
82,1922.0,667.0,1971.0,717.0,6294,1,0,1,Pedestrian
82,1922.0,667.0,1971.0,717.0,6295,1,0,1,Pedestrian
82,1922.0,667.0,1971.0,717.0,6296,1,0,1,Pedestrian
82,1922.0,667.0,1971.0,717.0,6297,1,0,1,Pedestrian
82,1922.0,667.0,1971.0,717.0,6298,1,0,1,Pedestrian
82,1922.0,667.0,1971.0,717.0,6299,1,0,1,Pedestrian
82,1922.0,667.0,1971.0,717.0,6300,1,0,1,Pedestrian
82,1922.0,667.0,1971.0,717.0,6301,1,0,1,Pedestrian
82,1922.0,667.0,1971.0,717.0,6302,1,0,1,Pedestrian
82,1922.0,667.0,1971.0,717.0,6303,1,0,1,Pedestrian
82,1922.0,667.0,1971.0,717.0,6304,1,0,1,Pedestrian
82,1922.0,667.0,1971.0,717.0,6305,1,0,1,Pedestrian
82,1922.0,667.0,1971.0,717.0,6306,1,0,1,Pedestrian
82,1922.0,667.0,1971.0,717.0,6307,1,0,1,Pedestrian
82,1922.0,667.0,1971.0,717.0,6308,1,0,1,Pedestrian
82,1922.0,667.0,1971.0,717.0,6309,1,0,1,Pedestrian
82,1922.0,667.0,1971.0,717.0,6310,1,0,1,Pedestrian
82,1922.0,667.0,1971.0,717.0,6311,1,0,1,Pedestrian
82,1922.0,667.0,1971.0,717.0,6312,1,0,1,Pedestrian
82,1922.0,667.0,1971.0,717.0,6313,1,0,1,Pedestrian
82,1922.0,667.0,1971.0,717.0,6314,1,0,1,Pedestrian
82,1922.0,667.0,1971.0,717.0,6315,1,0,1,Pedestrian
82,1922.0,667.0,1971.0,717.0,6316,1,0,1,Pedestrian
82,1922.0,667.0,1971.0,717.0,6317,1,0,1,Pedestrian
82,1922.0,667.0,1971.0,717.0,6318,1,0,1,Pedestrian
82,1922.0,667.0,1971.0,717.0,6319,1,0,1,Pedestrian
82,1922.0,667.0,1971.0,717.0,6320,1,0,1,Pedestrian
82,1922.0,667.0,1971.0,717.0,6321,1,0,1,Pedestrian
82,1922.0,667.0,1971.0,717.0,6322,1,0,1,Pedestrian
82,1922.0,667.0,1971.0,717.0,6323,1,0,1,Pedestrian
82,1922.0,667.0,1971.0,717.0,6324,1,0,1,Pedestrian
82,1922.0,667.0,1971.0,717.0,6325,1,0,1,Pedestrian
82,1922.0,667.0,1971.0,717.0,6326,1,0,1,Pedestrian
82,1922.0,667.0,1971.0,717.0,6327,1,0,1,Pedestrian
82,1922.0,667.0,1971.0,717.0,6328,1,0,1,Pedestrian
82,1922.0,667.0,1971.0,717.0,6329,1,0,1,Pedestrian
82,1922.0,667.0,1971.0,717.0,6330,1,0,1,Pedestrian
82,1922.0,667.0,1971.0,717.0,6331,1,0,1,Pedestrian
82,1922.0,667.0,1971.0,717.0,6332,1,0,1,Pedestrian
82,1922.0,667.0,1971.0,717.0,6333,1,0,1,Pedestrian
82,1922.0,667.0,1971.0,717.0,6334,1,0,1,Pedestrian
82,1922.0,667.0,1971.0,717.0,6335,1,0,1,Pedestrian
82,1922.0,667.0,1971.0,717.0,6336,1,0,1,Pedestrian
82,1922.0,667.0,1971.0,717.0,6337,1,0,1,Pedestrian
82,1922.0,667.0,1971.0,717.0,6338,1,0,1,Pedestrian
82,1922.0,667.0,1971.0,717.0,6339,1,0,1,Pedestrian
82,1922.0,667.0,1971.0,717.0,6340,1,0,1,Pedestrian
82,1922.0,667.0,1971.0,717.0,6341,1,0,1,Pedestrian
82,1922.0,667.0,1971.0,717.0,6342,1,0,1,Pedestrian
82,1922.0,667.0,1971.0,717.0,6343,1,0,1,Pedestrian
82,1922.0,667.0,1971.0,717.0,6344,1,0,1,Pedestrian
82,1922.0,667.0,1971.0,717.0,6345,1,0,1,Pedestrian
82,1922.0,667.0,1971.0,717.0,6346,1,0,1,Pedestrian
82,1922.0,667.0,1971.0,717.0,6347,1,0,1,Pedestrian
82,1922.0,667.0,1971.0,717.0,6348,1,0,1,Pedestrian
82,1922.0,667.0,1971.0,717.0,6349,1,0,1,Pedestrian
82,1922.0,667.0,1971.0,717.0,6350,1,0,1,Pedestrian
82,1922.0,667.0,1971.0,717.0,6351,1,0,1,Pedestrian
82,1922.0,667.0,1971.0,717.0,6352,1,0,1,Pedestrian
82,1922.0,667.0,1971.0,717.0,6353,1,0,1,Pedestrian
82,1922.0,667.0,1971.0,717.0,6354,1,0,1,Pedestrian
82,1922.0,667.0,1971.0,717.0,6355,1,0,1,Pedestrian
82,1922.0,667.0,1971.0,717.0,6356,1,0,1,Pedestrian
82,1922.0,667.0,1971.0,717.0,6357,1,0,1,Pedestrian
82,1922.0,667.0,1971.0,717.0,6358,1,0,1,Pedestrian
82,1922.0,667.0,1971.0,717.0,6359,1,0,1,Pedestrian
82,1922.0,667.0,1971.0,717.0,6360,1,0,1,Pedestrian
82,1922.0,667.0,1971.0,717.0,6361,1,0,1,Pedestrian
82,1922.0,667.0,1971.0,717.0,6362,1,0,1,Pedestrian
82,1922.0,667.0,1971.0,717.0,6363,1,0,1,Pedestrian
82,1922.0,667.0,1971.0,717.0,6364,1,0,1,Pedestrian
82,1922.0,667.0,1971.0,717.0,6365,1,0,1,Pedestrian
82,1922.0,667.0,1971.0,717.0,6366,1,0,1,Pedestrian
82,1922.0,667.0,1971.0,717.0,6367,1,0,1,Pedestrian
82,1922.0,667.0,1971.0,717.0,6368,1,0,1,Pedestrian
82,1922.0,667.0,1971.0,717.0,6369,1,0,1,Pedestrian
82,1922.0,667.0,1971.0,717.0,6370,1,0,1,Pedestrian
82,1922.0,667.0,1971.0,717.0,6371,1,0,1,Pedestrian
82,1922.0,667.0,1971.0,717.0,6372,1,0,1,Pedestrian
82,1922.0,667.0,1971.0,717.0,6373,1,0,1,Pedestrian
82,1922.0,667.0,1971.0,717.0,6374,1,0,1,Pedestrian
82,1925.0,667.0,1971.0,717.0,6375,1,0,1,Pedestrian
82,1925.0,667.0,1971.0,717.0,6376,1,0,1,Pedestrian
82,1925.0,667.0,1971.0,717.0,6377,1,0,1,Pedestrian
82,1925.0,667.0,1971.0,717.0,6378,1,0,1,Pedestrian
82,1925.0,667.0,1971.0,717.0,6379,1,0,1,Pedestrian
82,1925.0,667.0,1971.0,717.0,6380,1,0,1,Pedestrian
82,1925.0,667.0,1971.0,717.0,6381,1,0,1,Pedestrian
82,1925.0,667.0,1971.0,717.0,6382,1,0,1,Pedestrian
82,1925.0,667.0,1971.0,717.0,6383,1,0,1,Pedestrian
82,1925.0,667.0,1971.0,717.0,6384,1,0,1,Pedestrian
82,1925.0,667.0,1971.0,717.0,6385,1,0,1,Pedestrian
82,1925.0,667.0,1971.0,717.0,6386,1,0,1,Pedestrian
82,1925.0,667.0,1971.0,717.0,6387,1,0,1,Pedestrian
82,1925.0,667.0,1971.0,717.0,6388,1,0,1,Pedestrian
82,1925.0,667.0,1971.0,717.0,6389,1,0,1,Pedestrian
82,1925.0,667.0,1971.0,717.0,6390,1,0,1,Pedestrian
82,1925.0,667.0,1971.0,717.0,6391,1,0,1,Pedestrian
82,1925.0,667.0,1971.0,717.0,6392,1,0,1,Pedestrian
82,1925.0,667.0,1971.0,717.0,6393,1,0,1,Pedestrian
82,1925.0,667.0,1971.0,717.0,6394,1,0,1,Pedestrian
82,1925.0,667.0,1971.0,717.0,6395,1,0,1,Pedestrian
82,1925.0,667.0,1971.0,717.0,6396,1,0,1,Pedestrian
82,1925.0,667.0,1971.0,717.0,6397,1,0,1,Pedestrian
82,1925.0,667.0,1971.0,717.0,6398,1,0,1,Pedestrian
82,1925.0,667.0,1971.0,717.0,6399,1,0,1,Pedestrian
82,1925.0,667.0,1971.0,717.0,6400,1,0,1,Pedestrian
82,1925.0,667.0,1971.0,717.0,6401,1,0,1,Pedestrian
82,1925.0,667.0,1971.0,717.0,6402,1,0,1,Pedestrian
82,1925.0,667.0,1971.0,717.0,6403,1,0,1,Pedestrian
82,1925.0,667.0,1971.0,717.0,6404,1,0,1,Pedestrian
82,1925.0,667.0,1971.0,717.0,6405,1,0,1,Pedestrian
82,1925.0,667.0,1971.0,717.0,6406,1,0,1,Pedestrian
82,1925.0,667.0,1971.0,717.0,6407,1,0,1,Pedestrian
82,1925.0,667.0,1971.0,717.0,6408,1,0,1,Pedestrian
82,1925.0,667.0,1971.0,717.0,6409,1,0,1,Pedestrian
82,1925.0,667.0,1971.0,717.0,6410,1,0,1,Pedestrian
82,1925.0,667.0,1971.0,717.0,6411,1,0,1,Pedestrian
82,1925.0,667.0,1971.0,717.0,6412,1,0,1,Pedestrian
82,1925.0,667.0,1971.0,717.0,6413,1,0,1,Pedestrian
82,1925.0,667.0,1971.0,717.0,6414,1,0,1,Pedestrian
82,1925.0,667.0,1971.0,717.0,6415,1,0,1,Pedestrian
82,1925.0,667.0,1971.0,717.0,6416,1,0,1,Pedestrian
82,1925.0,667.0,1971.0,717.0,6417,1,0,1,Pedestrian
82,1925.0,667.0,1971.0,717.0,6418,1,0,1,Pedestrian
82,1925.0,667.0,1971.0,717.0,6419,1,0,1,Pedestrian
82,1925.0,667.0,1971.0,717.0,6420,1,0,1,Pedestrian
82,1925.0,667.0,1971.0,717.0,6421,1,0,1,Pedestrian
82,1925.0,667.0,1971.0,717.0,6422,1,0,1,Pedestrian
82,1925.0,667.0,1971.0,717.0,6423,1,0,1,Pedestrian
82,1925.0,667.0,1971.0,717.0,6424,1,0,1,Pedestrian
82,1925.0,667.0,1971.0,717.0,6425,1,0,1,Pedestrian
82,1925.0,667.0,1971.0,717.0,6426,1,0,1,Pedestrian
82,1925.0,667.0,1971.0,717.0,6427,1,0,1,Pedestrian
82,1925.0,667.0,1971.0,717.0,6428,1,0,1,Pedestrian
82,1925.0,667.0,1971.0,717.0,6429,1,0,1,Pedestrian
82,1925.0,667.0,1971.0,717.0,6430,1,0,1,Pedestrian
82,1925.0,667.0,1971.0,717.0,6431,1,0,1,Pedestrian
82,1925.0,667.0,1971.0,717.0,6432,1,0,1,Pedestrian
82,1925.0,667.0,1971.0,717.0,6433,1,0,1,Pedestrian
82,1925.0,667.0,1971.0,717.0,6434,1,0,1,Pedestrian
82,1925.0,667.0,1971.0,717.0,6435,1,0,1,Pedestrian
82,1925.0,667.0,1971.0,717.0,6436,1,0,1,Pedestrian
82,1925.0,667.0,1971.0,717.0,6437,1,0,1,Pedestrian
82,1925.0,667.0,1971.0,717.0,6438,1,0,1,Pedestrian
82,1925.0,667.0,1971.0,717.0,6439,1,0,1,Pedestrian
82,1925.0,667.0,1971.0,717.0,6440,1,0,1,Pedestrian
82,1925.0,667.0,1971.0,717.0,6441,1,0,1,Pedestrian
82,1925.0,667.0,1971.0,717.0,6442,1,0,1,Pedestrian
82,1925.0,667.0,1971.0,717.0,6443,1,0,1,Pedestrian
82,1925.0,667.0,1971.0,717.0,6444,1,0,1,Pedestrian
82,1925.0,667.0,1971.0,717.0,6445,1,0,1,Pedestrian
82,1925.0,667.0,1971.0,717.0,6446,1,0,1,Pedestrian
82,1925.0,667.0,1971.0,717.0,6447,1,0,1,Pedestrian
82,1925.0,667.0,1971.0,717.0,6448,1,0,1,Pedestrian
82,1925.0,667.0,1971.0,717.0,6449,1,0,1,Pedestrian
82,1925.0,667.0,1971.0,717.0,6450,1,0,1,Pedestrian
82,1925.0,667.0,1971.0,717.0,6451,1,0,1,Pedestrian
82,1925.0,667.0,1971.0,717.0,6452,1,0,1,Pedestrian
82,1925.0,667.0,1971.0,717.0,6453,1,0,1,Pedestrian
82,1925.0,667.0,1971.0,717.0,6454,1,0,1,Pedestrian
82,1925.0,667.0,1971.0,717.0,6455,1,0,1,Pedestrian
82,1925.0,667.0,1971.0,717.0,6456,1,0,1,Pedestrian
82,1925.0,667.0,1971.0,717.0,6457,1,0,1,Pedestrian
82,1925.0,667.0,1971.0,717.0,6458,1,0,1,Pedestrian
82,1925.0,667.0,1971.0,717.0,6459,1,0,1,Pedestrian
82,1925.0,667.0,1971.0,717.0,6460,1,0,1,Pedestrian
82,1925.0,667.0,1971.0,717.0,6461,1,0,1,Pedestrian
82,1925.0,667.0,1971.0,717.0,6462,1,0,1,Pedestrian
82,1925.0,667.0,1971.0,717.0,6463,1,0,1,Pedestrian
82,1925.0,667.0,1971.0,717.0,6464,1,0,1,Pedestrian
82,1925.0,667.0,1971.0,717.0,6465,1,0,1,Pedestrian
82,1925.0,667.0,1971.0,717.0,6466,1,0,1,Pedestrian
82,1925.0,667.0,1971.0,717.0,6467,1,0,1,Pedestrian
82,1925.0,667.0,1971.0,717.0,6468,1,0,1,Pedestrian
82,1925.0,667.0,1971.0,717.0,6469,1,0,1,Pedestrian
82,1925.0,667.0,1971.0,717.0,6470,1,0,1,Pedestrian
82,1925.0,667.0,1971.0,717.0,6471,1,0,1,Pedestrian
82,1925.0,667.0,1971.0,717.0,6472,1,0,1,Pedestrian
82,1925.0,667.0,1971.0,717.0,6473,1,0,1,Pedestrian
82,1925.0,667.0,1971.0,717.0,6474,1,0,1,Pedestrian
82,1925.0,667.0,1971.0,717.0,6475,1,0,1,Pedestrian
82,1925.0,667.0,1971.0,717.0,6476,1,0,1,Pedestrian
82,1925.0,667.0,1971.0,717.0,6477,1,0,1,Pedestrian
82,1925.0,667.0,1971.0,717.0,6478,1,0,1,Pedestrian
82,1925.0,667.0,1971.0,717.0,6479,1,0,1,Pedestrian
82,1925.0,667.0,1971.0,717.0,6480,1,0,1,Pedestrian
82,1925.0,667.0,1971.0,717.0,6481,1,0,1,Pedestrian
82,1925.0,667.0,1971.0,717.0,6482,1,0,1,Pedestrian
82,1925.0,667.0,1971.0,717.0,6483,1,0,1,Pedestrian
82,1925.0,667.0,1971.0,717.0,6484,1,0,1,Pedestrian
82,1925.0,667.0,1971.0,717.0,6485,1,0,1,Pedestrian
82,1925.0,667.0,1971.0,717.0,6486,1,0,1,Pedestrian
82,1925.0,667.0,1971.0,717.0,6487,1,0,1,Pedestrian
82,1925.0,667.0,1971.0,717.0,6488,1,0,1,Pedestrian
82,1925.0,667.0,1971.0,717.0,6489,1,0,1,Pedestrian
82,1925.0,667.0,1971.0,717.0,6490,1,0,1,Pedestrian
82,1925.0,667.0,1971.0,717.0,6491,1,0,1,Pedestrian
82,1925.0,667.0,1971.0,717.0,6492,1,0,1,Pedestrian
82,1925.0,667.0,1971.0,717.0,6493,1,0,1,Pedestrian
82,1925.0,667.0,1971.0,717.0,6494,1,0,1,Pedestrian
82,1925.0,667.0,1971.0,717.0,6495,1,0,1,Pedestrian
82,1925.0,667.0,1971.0,717.0,6496,1,0,1,Pedestrian
82,1925.0,667.0,1971.0,717.0,6497,1,0,1,Pedestrian
82,1925.0,667.0,1971.0,717.0,6498,1,0,1,Pedestrian
82,1925.0,667.0,1971.0,717.0,6499,1,0,1,Pedestrian
82,1927.0,667.0,1974.0,717.0,6500,1,0,0,Pedestrian
82,1927.0,664.0,1974.0,715.0,6501,1,0,1,Pedestrian
82,1927.0,664.0,1974.0,715.0,6502,1,0,1,Pedestrian
82,1927.0,664.0,1974.0,715.0,6503,1,0,1,Pedestrian
82,1927.0,664.0,1974.0,715.0,6504,1,0,1,Pedestrian
82,1927.0,664.0,1974.0,715.0,6505,1,0,1,Pedestrian
82,1927.0,664.0,1974.0,715.0,6506,1,0,1,Pedestrian
82,1927.0,664.0,1974.0,715.0,6507,1,0,1,Pedestrian
82,1927.0,664.0,1974.0,715.0,6508,1,0,1,Pedestrian
82,1927.0,664.0,1974.0,715.0,6509,1,0,1,Pedestrian
82,1927.0,664.0,1974.0,715.0,6510,1,0,1,Pedestrian
82,1927.0,664.0,1974.0,715.0,6511,1,0,1,Pedestrian
82,1927.0,664.0,1974.0,715.0,6512,1,0,1,Pedestrian
82,1927.0,664.0,1974.0,715.0,6513,1,0,1,Pedestrian
82,1927.0,664.0,1974.0,715.0,6514,1,0,1,Pedestrian
82,1930.0,664.0,1974.0,715.0,6515,1,0,1,Pedestrian
82,1930.0,662.0,1974.0,715.0,6516,1,0,1,Pedestrian
82,1930.0,662.0,1974.0,715.0,6517,1,0,1,Pedestrian
82,1930.0,662.0,1974.0,715.0,6518,1,0,1,Pedestrian
82,1930.0,662.0,1974.0,715.0,6519,1,0,1,Pedestrian
82,1930.0,662.0,1974.0,715.0,6520,1,0,1,Pedestrian
82,1930.0,662.0,1974.0,715.0,6521,1,0,1,Pedestrian
82,1930.0,662.0,1974.0,715.0,6522,1,0,1,Pedestrian
82,1930.0,662.0,1974.0,715.0,6523,1,0,1,Pedestrian
82,1930.0,662.0,1974.0,715.0,6524,1,0,1,Pedestrian
82,1930.0,662.0,1974.0,715.0,6525,1,0,1,Pedestrian
82,1930.0,662.0,1974.0,715.0,6526,1,0,1,Pedestrian
82,1930.0,662.0,1974.0,715.0,6527,1,0,1,Pedestrian
82,1930.0,662.0,1974.0,715.0,6528,1,0,1,Pedestrian
82,1930.0,662.0,1974.0,715.0,6529,1,0,1,Pedestrian
82,1933.0,662.0,1977.0,715.0,6530,0,0,0,Pedestrian
82,1930.0,662.0,1974.0,715.0,6531,0,0,1,Pedestrian
82,1927.0,662.0,1971.0,715.0,6532,0,0,1,Pedestrian
82,1925.0,662.0,1969.0,715.0,6533,0,0,1,Pedestrian
82,1925.0,662.0,1969.0,715.0,6534,0,0,1,Pedestrian
82,1922.0,662.0,1966.0,715.0,6535,0,0,1,Pedestrian
82,1919.0,662.0,1963.0,715.0,6536,0,0,1,Pedestrian
82,1919.0,662.0,1963.0,715.0,6537,0,0,1,Pedestrian
82,1916.0,662.0,1960.0,715.0,6538,0,0,1,Pedestrian
82,1914.0,662.0,1958.0,715.0,6539,0,0,1,Pedestrian
82,1914.0,662.0,1958.0,715.0,6540,0,0,1,Pedestrian
82,1911.0,662.0,1955.0,715.0,6541,0,0,1,Pedestrian
82,1908.0,662.0,1952.0,715.0,6542,0,0,1,Pedestrian
82,1905.0,662.0,1949.0,715.0,6543,0,0,1,Pedestrian
82,1905.0,662.0,1949.0,715.0,6544,0,0,1,Pedestrian
82,1903.0,662.0,1947.0,715.0,6545,0,0,1,Pedestrian
82,1900.0,662.0,1944.0,715.0,6546,0,0,1,Pedestrian
82,1900.0,662.0,1944.0,715.0,6547,0,0,1,Pedestrian
82,1897.0,662.0,1941.0,715.0,6548,0,0,1,Pedestrian
82,1894.0,664.0,1938.0,717.0,6549,0,0,1,Pedestrian
82,1894.0,664.0,1938.0,717.0,6550,0,0,1,Pedestrian
82,1892.0,664.0,1936.0,717.0,6551,0,0,1,Pedestrian
82,1889.0,664.0,1933.0,717.0,6552,0,0,1,Pedestrian
82,1886.0,664.0,1930.0,717.0,6553,0,0,1,Pedestrian
82,1886.0,664.0,1930.0,717.0,6554,0,0,1,Pedestrian
82,1883.0,664.0,1927.0,717.0,6555,0,0,1,Pedestrian
82,1881.0,664.0,1925.0,717.0,6556,0,0,1,Pedestrian
82,1881.0,664.0,1925.0,717.0,6557,0,0,1,Pedestrian
82,1878.0,664.0,1922.0,717.0,6558,0,0,1,Pedestrian
82,1875.0,664.0,1919.0,717.0,6559,0,0,1,Pedestrian
82,1875.0,664.0,1919.0,717.0,6560,0,0,1,Pedestrian
82,1872.0,664.0,1916.0,717.0,6561,0,0,1,Pedestrian
82,1870.0,664.0,1914.0,717.0,6562,0,0,1,Pedestrian
82,1870.0,664.0,1914.0,717.0,6563,0,0,1,Pedestrian
82,1867.0,664.0,1911.0,717.0,6564,0,0,1,Pedestrian
82,1864.0,664.0,1908.0,717.0,6565,0,0,1,Pedestrian
82,1861.0,664.0,1905.0,717.0,6566,0,0,1,Pedestrian
82,1861.0,667.0,1905.0,719.0,6567,0,0,1,Pedestrian
82,1859.0,667.0,1903.0,719.0,6568,0,0,1,Pedestrian
82,1856.0,667.0,1900.0,719.0,6569,0,0,1,Pedestrian
82,1856.0,667.0,1900.0,719.0,6570,0,0,1,Pedestrian
82,1853.0,667.0,1897.0,719.0,6571,0,0,1,Pedestrian
82,1850.0,667.0,1894.0,719.0,6572,0,0,1,Pedestrian
82,1850.0,667.0,1894.0,719.0,6573,0,0,1,Pedestrian
82,1848.0,667.0,1892.0,719.0,6574,0,0,1,Pedestrian
82,1845.0,667.0,1889.0,719.0,6575,0,0,1,Pedestrian
82,1842.0,667.0,1886.0,719.0,6576,0,0,1,Pedestrian
82,1842.0,667.0,1886.0,719.0,6577,0,0,1,Pedestrian
82,1839.0,667.0,1883.0,719.0,6578,0,0,1,Pedestrian
82,1837.0,667.0,1881.0,719.0,6579,0,0,1,Pedestrian
82,1837.0,667.0,1881.0,719.0,6580,0,0,1,Pedestrian
82,1834.0,667.0,1878.0,719.0,6581,0,0,1,Pedestrian
82,1831.0,667.0,1875.0,719.0,6582,0,0,1,Pedestrian
82,1831.0,667.0,1875.0,719.0,6583,0,0,1,Pedestrian
82,1828.0,667.0,1872.0,719.0,6584,0,0,1,Pedestrian
82,1826.0,669.0,1870.0,721.0,6585,0,0,1,Pedestrian
82,1826.0,669.0,1870.0,721.0,6586,0,0,1,Pedestrian
82,1823.0,669.0,1867.0,721.0,6587,0,0,1,Pedestrian
82,1820.0,669.0,1864.0,721.0,6588,0,0,1,Pedestrian
82,1817.0,669.0,1861.0,721.0,6589,0,0,1,Pedestrian
82,1817.0,669.0,1861.0,721.0,6590,0,0,1,Pedestrian
82,1815.0,669.0,1859.0,721.0,6591,0,0,1,Pedestrian
82,1812.0,669.0,1856.0,721.0,6592,0,0,1,Pedestrian
82,1812.0,669.0,1856.0,721.0,6593,0,0,1,Pedestrian
82,1809.0,669.0,1853.0,721.0,6594,0,0,1,Pedestrian
82,1806.0,669.0,1850.0,721.0,6595,0,0,1,Pedestrian
82,1806.0,669.0,1850.0,721.0,6596,0,0,1,Pedestrian
82,1804.0,669.0,1848.0,721.0,6597,0,0,1,Pedestrian
82,1801.0,669.0,1845.0,721.0,6598,0,0,1,Pedestrian
82,1798.0,669.0,1842.0,721.0,6599,0,0,1,Pedestrian
82,1798.0,669.0,1842.0,721.0,6600,0,0,1,Pedestrian
82,1795.0,669.0,1839.0,721.0,6601,0,0,1,Pedestrian
82,1793.0,669.0,1837.0,721.0,6602,0,0,1,Pedestrian
82,1793.0,671.0,1837.0,724.0,6603,0,0,1,Pedestrian
82,1790.0,671.0,1834.0,724.0,6604,0,0,1,Pedestrian
82,1787.0,671.0,1831.0,724.0,6605,0,0,1,Pedestrian
82,1787.0,671.0,1831.0,724.0,6606,0,0,1,Pedestrian
82,1784.0,671.0,1828.0,724.0,6607,0,0,1,Pedestrian
82,1782.0,671.0,1826.0,724.0,6608,0,0,1,Pedestrian
82,1782.0,671.0,1826.0,724.0,6609,0,0,1,Pedestrian
82,1779.0,671.0,1823.0,724.0,6610,0,0,1,Pedestrian
82,1776.0,671.0,1820.0,724.0,6611,0,0,1,Pedestrian
82,1773.0,671.0,1817.0,724.0,6612,0,0,1,Pedestrian
82,1773.0,671.0,1817.0,724.0,6613,0,0,1,Pedestrian
82,1771.0,671.0,1815.0,724.0,6614,0,0,1,Pedestrian
82,1768.0,671.0,1812.0,724.0,6615,0,0,1,Pedestrian
82,1768.0,671.0,1812.0,724.0,6616,0,0,1,Pedestrian
82,1765.0,671.0,1809.0,724.0,6617,0,0,1,Pedestrian
82,1762.0,671.0,1806.0,724.0,6618,0,0,1,Pedestrian
82,1762.0,671.0,1806.0,724.0,6619,0,0,1,Pedestrian
82,1760.0,671.0,1804.0,724.0,6620,0,0,1,Pedestrian
82,1757.0,674.0,1801.0,726.0,6621,0,0,1,Pedestrian
82,1754.0,674.0,1798.0,726.0,6622,0,0,1,Pedestrian
82,1754.0,674.0,1798.0,726.0,6623,0,0,1,Pedestrian
82,1751.0,674.0,1795.0,726.0,6624,0,0,1,Pedestrian
82,1749.0,674.0,1793.0,726.0,6625,0,0,1,Pedestrian
82,1749.0,674.0,1793.0,726.0,6626,0,0,1,Pedestrian
82,1746.0,674.0,1790.0,726.0,6627,0,0,1,Pedestrian
82,1743.0,674.0,1787.0,726.0,6628,0,0,1,Pedestrian
82,1743.0,674.0,1787.0,726.0,6629,0,0,1,Pedestrian
82,1740.0,674.0,1784.0,726.0,6630,0,0,1,Pedestrian
82,1738.0,674.0,1782.0,726.0,6631,0,0,1,Pedestrian
82,1735.0,674.0,1779.0,726.0,6632,0,0,1,Pedestrian
82,1735.0,674.0,1779.0,726.0,6633,0,0,1,Pedestrian
82,1732.0,674.0,1776.0,726.0,6634,0,0,1,Pedestrian
82,1729.0,674.0,1773.0,726.0,6635,0,0,1,Pedestrian
82,1729.0,674.0,1773.0,726.0,6636,0,0,1,Pedestrian
82,1727.0,674.0,1771.0,726.0,6637,0,0,1,Pedestrian
82,1724.0,674.0,1768.0,726.0,6638,0,0,1,Pedestrian
82,1724.0,676.0,1768.0,728.0,6639,0,0,1,Pedestrian
82,1721.0,676.0,1765.0,728.0,6640,0,0,1,Pedestrian
82,1718.0,676.0,1762.0,728.0,6641,0,0,1,Pedestrian
82,1718.0,676.0,1762.0,728.0,6642,0,0,1,Pedestrian
82,1716.0,676.0,1760.0,728.0,6643,0,0,1,Pedestrian
82,1713.0,676.0,1757.0,728.0,6644,0,0,1,Pedestrian
82,1710.0,676.0,1754.0,728.0,6645,0,0,1,Pedestrian
82,1710.0,676.0,1754.0,728.0,6646,0,0,1,Pedestrian
82,1707.0,676.0,1751.0,728.0,6647,0,0,1,Pedestrian
82,1705.0,676.0,1749.0,728.0,6648,0,0,1,Pedestrian
82,1705.0,676.0,1749.0,728.0,6649,0,0,1,Pedestrian
82,1702.0,676.0,1746.0,728.0,6650,0,0,1,Pedestrian
82,1699.0,676.0,1743.0,728.0,6651,0,0,1,Pedestrian
82,1699.0,676.0,1743.0,728.0,6652,0,0,1,Pedestrian
82,1696.0,676.0,1740.0,728.0,6653,0,0,1,Pedestrian
82,1694.0,676.0,1738.0,728.0,6654,0,0,1,Pedestrian
82,1691.0,676.0,1735.0,728.0,6655,0,0,1,Pedestrian
82,1691.0,676.0,1735.0,728.0,6656,0,0,1,Pedestrian
82,1688.0,678.0,1732.0,730.0,6657,0,0,1,Pedestrian
82,1685.0,678.0,1729.0,730.0,6658,0,0,1,Pedestrian
82,1685.0,678.0,1729.0,730.0,6659,0,0,1,Pedestrian
82,1683.0,678.0,1727.0,730.0,6660,0,0,1,Pedestrian
82,1680.0,678.0,1724.0,730.0,6661,0,0,1,Pedestrian
82,1680.0,678.0,1724.0,730.0,6662,0,0,1,Pedestrian
82,1677.0,678.0,1721.0,730.0,6663,0,0,1,Pedestrian
82,1674.0,678.0,1718.0,730.0,6664,0,0,1,Pedestrian
82,1674.0,678.0,1718.0,730.0,6665,0,0,1,Pedestrian
82,1672.0,678.0,1716.0,730.0,6666,0,0,1,Pedestrian
82,1669.0,678.0,1713.0,730.0,6667,0,0,1,Pedestrian
82,1666.0,678.0,1710.0,730.0,6668,0,0,1,Pedestrian
82,1666.0,678.0,1710.0,730.0,6669,0,0,1,Pedestrian
82,1663.0,678.0,1707.0,730.0,6670,0,0,1,Pedestrian
82,1661.0,678.0,1705.0,730.0,6671,0,0,1,Pedestrian
82,1661.0,678.0,1705.0,730.0,6672,0,0,1,Pedestrian
82,1658.0,678.0,1702.0,730.0,6673,0,0,1,Pedestrian
82,1655.0,678.0,1699.0,730.0,6674,0,0,1,Pedestrian
82,1655.0,680.0,1699.0,733.0,6675,0,0,1,Pedestrian
82,1652.0,680.0,1696.0,733.0,6676,0,0,1,Pedestrian
82,1650.0,680.0,1694.0,733.0,6677,0,0,1,Pedestrian
82,1647.0,680.0,1691.0,733.0,6678,0,0,1,Pedestrian
82,1647.0,680.0,1691.0,733.0,6679,0,0,1,Pedestrian
82,1644.0,680.0,1688.0,733.0,6680,0,0,1,Pedestrian
82,1641.0,680.0,1685.0,733.0,6681,0,0,1,Pedestrian
82,1641.0,680.0,1685.0,733.0,6682,0,0,1,Pedestrian
82,1639.0,680.0,1683.0,733.0,6683,0,0,1,Pedestrian
82,1636.0,680.0,1680.0,733.0,6684,0,0,1,Pedestrian
82,1636.0,680.0,1680.0,733.0,6685,0,0,1,Pedestrian
82,1633.0,680.0,1677.0,733.0,6686,0,0,1,Pedestrian
82,1630.0,680.0,1674.0,733.0,6687,0,0,1,Pedestrian
82,1630.0,680.0,1674.0,733.0,6688,0,0,1,Pedestrian
82,1628.0,680.0,1672.0,733.0,6689,0,0,1,Pedestrian
82,1625.0,680.0,1669.0,733.0,6690,0,0,1,Pedestrian
82,1622.0,680.0,1666.0,733.0,6691,0,0,1,Pedestrian
82,1622.0,680.0,1666.0,733.0,6692,0,0,1,Pedestrian
82,1619.0,683.0,1663.0,735.0,6693,0,0,1,Pedestrian
82,1617.0,683.0,1661.0,735.0,6694,0,0,1,Pedestrian
82,1617.0,683.0,1661.0,735.0,6695,0,0,1,Pedestrian
82,1614.0,683.0,1658.0,735.0,6696,0,0,1,Pedestrian
82,1611.0,683.0,1655.0,735.0,6697,0,0,1,Pedestrian
82,1611.0,683.0,1655.0,735.0,6698,0,0,1,Pedestrian
82,1608.0,683.0,1652.0,735.0,6699,0,0,1,Pedestrian
82,1606.0,683.0,1650.0,735.0,6700,0,0,1,Pedestrian
82,1603.0,683.0,1647.0,735.0,6701,0,0,1,Pedestrian
82,1603.0,683.0,1647.0,735.0,6702,0,0,1,Pedestrian
82,1600.0,683.0,1644.0,735.0,6703,0,0,1,Pedestrian
82,1597.0,683.0,1641.0,735.0,6704,0,0,1,Pedestrian
82,1597.0,683.0,1641.0,735.0,6705,0,0,1,Pedestrian
82,1595.0,683.0,1639.0,735.0,6706,0,0,1,Pedestrian
82,1592.0,683.0,1636.0,735.0,6707,0,0,1,Pedestrian
82,1592.0,683.0,1636.0,735.0,6708,0,0,1,Pedestrian
82,1589.0,683.0,1633.0,735.0,6709,0,0,1,Pedestrian
82,1586.0,683.0,1630.0,735.0,6710,0,0,1,Pedestrian
82,1586.0,685.0,1630.0,737.0,6711,0,0,0,Pedestrian
82,1584.0,683.0,1628.0,735.0,6712,0,0,1,Pedestrian
82,1581.0,683.0,1625.0,735.0,6713,0,0,1,Pedestrian
82,1578.0,683.0,1622.0,735.0,6714,0,0,1,Pedestrian
82,1578.0,683.0,1622.0,735.0,6715,0,0,1,Pedestrian
82,1575.0,683.0,1619.0,735.0,6716,0,0,1,Pedestrian
82,1573.0,683.0,1617.0,735.0,6717,0,0,1,Pedestrian
82,1573.0,683.0,1617.0,735.0,6718,0,0,1,Pedestrian
82,1570.0,683.0,1614.0,735.0,6719,0,0,1,Pedestrian
82,1567.0,683.0,1611.0,735.0,6720,0,0,1,Pedestrian
82,1564.0,683.0,1608.0,735.0,6721,0,0,1,Pedestrian
82,1564.0,683.0,1608.0,735.0,6722,0,0,1,Pedestrian
82,1562.0,683.0,1606.0,735.0,6723,0,0,1,Pedestrian
82,1559.0,683.0,1603.0,735.0,6724,0,0,1,Pedestrian
82,1559.0,683.0,1603.0,735.0,6725,0,0,1,Pedestrian
82,1556.0,683.0,1600.0,735.0,6726,0,0,1,Pedestrian
82,1553.0,683.0,1597.0,735.0,6727,0,0,1,Pedestrian
82,1551.0,683.0,1595.0,735.0,6728,0,0,1,Pedestrian
82,1551.0,683.0,1595.0,735.0,6729,0,0,1,Pedestrian
82,1548.0,683.0,1592.0,735.0,6730,0,0,1,Pedestrian
82,1545.0,683.0,1589.0,735.0,6731,0,0,1,Pedestrian
82,1545.0,683.0,1589.0,735.0,6732,0,0,1,Pedestrian
82,1542.0,683.0,1586.0,735.0,6733,0,0,1,Pedestrian
82,1540.0,683.0,1584.0,735.0,6734,0,0,1,Pedestrian
82,1537.0,683.0,1581.0,735.0,6735,0,0,1,Pedestrian
82,1537.0,683.0,1581.0,735.0,6736,0,0,1,Pedestrian
82,1534.0,683.0,1578.0,735.0,6737,0,0,1,Pedestrian
82,1531.0,683.0,1575.0,735.0,6738,0,0,1,Pedestrian
82,1531.0,683.0,1575.0,735.0,6739,0,0,1,Pedestrian
82,1529.0,683.0,1573.0,735.0,6740,0,0,1,Pedestrian
82,1526.0,683.0,1570.0,735.0,6741,0,0,1,Pedestrian
82,1526.0,683.0,1570.0,735.0,6742,0,0,1,Pedestrian
82,1523.0,683.0,1567.0,735.0,6743,0,0,1,Pedestrian
82,1520.0,683.0,1564.0,735.0,6744,0,0,1,Pedestrian
82,1518.0,683.0,1562.0,735.0,6745,0,0,1,Pedestrian
82,1518.0,683.0,1562.0,735.0,6746,0,0,1,Pedestrian
82,1515.0,683.0,1559.0,735.0,6747,0,0,1,Pedestrian
82,1512.0,683.0,1556.0,735.0,6748,0,0,1,Pedestrian
82,1512.0,683.0,1556.0,735.0,6749,0,0,1,Pedestrian
82,1509.0,683.0,1553.0,735.0,6750,0,0,1,Pedestrian
82,1507.0,683.0,1551.0,735.0,6751,0,0,1,Pedestrian
82,1504.0,683.0,1548.0,735.0,6752,0,0,1,Pedestrian
82,1504.0,683.0,1548.0,735.0,6753,0,0,1,Pedestrian
82,1501.0,680.0,1545.0,733.0,6754,0,0,1,Pedestrian
82,1498.0,680.0,1542.0,733.0,6755,0,0,1,Pedestrian
82,1498.0,680.0,1542.0,733.0,6756,0,0,1,Pedestrian
82,1496.0,680.0,1540.0,733.0,6757,0,0,1,Pedestrian
82,1493.0,680.0,1537.0,733.0,6758,0,0,1,Pedestrian
82,1490.0,680.0,1534.0,733.0,6759,0,0,1,Pedestrian
82,1490.0,680.0,1534.0,733.0,6760,0,0,1,Pedestrian
82,1487.0,680.0,1531.0,733.0,6761,0,0,1,Pedestrian
82,1485.0,680.0,1529.0,733.0,6762,0,0,1,Pedestrian
82,1485.0,680.0,1529.0,733.0,6763,0,0,1,Pedestrian
82,1482.0,680.0,1526.0,733.0,6764,0,0,1,Pedestrian
82,1479.0,680.0,1523.0,733.0,6765,0,0,1,Pedestrian
82,1479.0,680.0,1523.0,733.0,6766,0,0,1,Pedestrian
82,1476.0,680.0,1520.0,733.0,6767,0,0,1,Pedestrian
82,1474.0,680.0,1518.0,733.0,6768,0,0,1,Pedestrian
82,1471.0,680.0,1515.0,733.0,6769,0,0,1,Pedestrian
82,1471.0,680.0,1515.0,733.0,6770,0,0,1,Pedestrian
82,1468.0,680.0,1512.0,733.0,6771,0,0,1,Pedestrian
82,1465.0,680.0,1509.0,733.0,6772,0,0,1,Pedestrian
82,1465.0,680.0,1509.0,733.0,6773,0,0,1,Pedestrian
82,1463.0,680.0,1507.0,733.0,6774,0,0,1,Pedestrian
82,1460.0,680.0,1504.0,733.0,6775,0,0,1,Pedestrian
82,1457.0,680.0,1501.0,733.0,6776,0,0,1,Pedestrian
82,1457.0,680.0,1501.0,733.0,6777,0,0,1,Pedestrian
82,1454.0,680.0,1498.0,733.0,6778,0,0,1,Pedestrian
82,1452.0,680.0,1496.0,733.0,6779,0,0,1,Pedestrian
82,1452.0,680.0,1496.0,733.0,6780,0,0,1,Pedestrian
82,1449.0,680.0,1493.0,733.0,6781,0,0,1,Pedestrian
82,1446.0,680.0,1490.0,733.0,6782,0,0,1,Pedestrian
82,1443.0,680.0,1487.0,733.0,6783,0,0,1,Pedestrian
82,1443.0,680.0,1487.0,733.0,6784,0,0,1,Pedestrian
82,1441.0,680.0,1485.0,733.0,6785,0,0,1,Pedestrian
82,1438.0,680.0,1482.0,733.0,6786,0,0,1,Pedestrian
82,1438.0,680.0,1482.0,733.0,6787,0,0,1,Pedestrian
82,1435.0,680.0,1479.0,733.0,6788,0,0,1,Pedestrian
82,1432.0,680.0,1476.0,733.0,6789,0,0,1,Pedestrian
82,1430.0,680.0,1474.0,733.0,6790,0,0,1,Pedestrian
82,1430.0,680.0,1474.0,733.0,6791,0,0,1,Pedestrian
82,1427.0,680.0,1471.0,733.0,6792,0,0,1,Pedestrian
82,1424.0,680.0,1468.0,733.0,6793,0,0,1,Pedestrian
82,1424.0,680.0,1468.0,733.0,6794,0,0,1,Pedestrian
82,1421.0,680.0,1465.0,733.0,6795,0,0,1,Pedestrian
82,1419.0,680.0,1463.0,733.0,6796,0,0,1,Pedestrian
82,1419.0,678.0,1463.0,730.0,6797,0,0,1,Pedestrian
82,1416.0,678.0,1460.0,730.0,6798,0,0,1,Pedestrian
82,1413.0,678.0,1457.0,730.0,6799,0,0,1,Pedestrian
82,1410.0,678.0,1454.0,730.0,6800,0,0,1,Pedestrian
82,1410.0,678.0,1454.0,730.0,6801,0,0,1,Pedestrian
82,1408.0,678.0,1452.0,730.0,6802,0,0,1,Pedestrian
82,1405.0,678.0,1449.0,730.0,6803,0,0,1,Pedestrian
82,1405.0,678.0,1449.0,730.0,6804,0,0,1,Pedestrian
82,1402.0,678.0,1446.0,730.0,6805,0,0,1,Pedestrian
82,1399.0,678.0,1443.0,730.0,6806,0,0,1,Pedestrian
82,1397.0,678.0,1441.0,730.0,6807,0,0,1,Pedestrian
82,1397.0,678.0,1441.0,730.0,6808,0,0,1,Pedestrian
82,1394.0,678.0,1438.0,730.0,6809,0,0,1,Pedestrian
82,1391.0,678.0,1435.0,730.0,6810,0,0,1,Pedestrian
82,1391.0,678.0,1435.0,730.0,6811,0,0,1,Pedestrian
82,1388.0,678.0,1432.0,730.0,6812,0,0,1,Pedestrian
82,1386.0,678.0,1430.0,730.0,6813,0,0,1,Pedestrian
82,1383.0,678.0,1427.0,730.0,6814,0,0,1,Pedestrian
82,1383.0,678.0,1427.0,730.0,6815,0,0,1,Pedestrian
82,1380.0,678.0,1424.0,730.0,6816,0,0,1,Pedestrian
82,1377.0,678.0,1421.0,730.0,6817,0,0,1,Pedestrian
82,1377.0,678.0,1421.0,730.0,6818,0,0,1,Pedestrian
82,1375.0,678.0,1419.0,730.0,6819,0,0,1,Pedestrian
82,1372.0,678.0,1416.0,730.0,6820,0,0,1,Pedestrian
82,1372.0,678.0,1416.0,730.0,6821,0,0,1,Pedestrian
82,1369.0,678.0,1413.0,730.0,6822,0,0,1,Pedestrian
82,1366.0,678.0,1410.0,730.0,6823,0,0,1,Pedestrian
82,1364.0,678.0,1408.0,730.0,6824,0,0,1,Pedestrian
82,1364.0,678.0,1408.0,730.0,6825,0,0,1,Pedestrian
82,1361.0,678.0,1405.0,730.0,6826,0,0,1,Pedestrian
82,1358.0,678.0,1402.0,730.0,6827,0,0,1,Pedestrian
82,1358.0,678.0,1402.0,730.0,6828,0,0,1,Pedestrian
82,1355.0,678.0,1399.0,730.0,6829,0,0,1,Pedestrian
82,1353.0,678.0,1397.0,730.0,6830,0,0,1,Pedestrian
82,1350.0,678.0,1394.0,730.0,6831,0,0,1,Pedestrian
82,1350.0,678.0,1394.0,730.0,6832,0,0,1,Pedestrian
82,1347.0,678.0,1391.0,730.0,6833,0,0,1,Pedestrian
82,1344.0,678.0,1388.0,730.0,6834,0,0,1,Pedestrian
82,1344.0,678.0,1388.0,730.0,6835,0,0,1,Pedestrian
82,1342.0,678.0,1386.0,730.0,6836,0,0,1,Pedestrian
82,1339.0,678.0,1383.0,730.0,6837,0,0,1,Pedestrian
82,1336.0,678.0,1380.0,730.0,6838,0,0,1,Pedestrian
82,1336.0,676.0,1380.0,728.0,6839,0,0,1,Pedestrian
82,1333.0,676.0,1377.0,728.0,6840,0,0,1,Pedestrian
82,1331.0,676.0,1375.0,728.0,6841,0,0,1,Pedestrian
82,1331.0,676.0,1375.0,728.0,6842,0,0,1,Pedestrian
82,1328.0,676.0,1372.0,728.0,6843,0,0,1,Pedestrian
82,1325.0,676.0,1369.0,728.0,6844,0,0,1,Pedestrian
82,1325.0,676.0,1369.0,728.0,6845,0,0,1,Pedestrian
82,1322.0,676.0,1366.0,728.0,6846,0,0,1,Pedestrian
82,1320.0,676.0,1364.0,728.0,6847,0,0,1,Pedestrian
82,1317.0,676.0,1361.0,728.0,6848,0,0,1,Pedestrian
82,1317.0,676.0,1361.0,728.0,6849,0,0,1,Pedestrian
82,1314.0,676.0,1358.0,728.0,6850,0,0,1,Pedestrian
82,1311.0,676.0,1355.0,728.0,6851,0,0,1,Pedestrian
82,1311.0,676.0,1355.0,728.0,6852,0,0,1,Pedestrian
82,1309.0,676.0,1353.0,728.0,6853,0,0,1,Pedestrian
82,1306.0,676.0,1350.0,728.0,6854,0,0,1,Pedestrian
82,1303.0,676.0,1347.0,728.0,6855,0,0,1,Pedestrian
82,1303.0,676.0,1347.0,728.0,6856,0,0,1,Pedestrian
82,1300.0,676.0,1344.0,728.0,6857,0,0,1,Pedestrian
82,1298.0,676.0,1342.0,728.0,6858,0,0,1,Pedestrian
82,1298.0,676.0,1342.0,728.0,6859,0,0,1,Pedestrian
82,1295.0,676.0,1339.0,728.0,6860,0,0,1,Pedestrian
82,1292.0,676.0,1336.0,728.0,6861,0,0,1,Pedestrian
82,1289.0,676.0,1333.0,728.0,6862,0,0,1,Pedestrian
82,1289.0,676.0,1333.0,728.0,6863,0,0,1,Pedestrian
82,1287.0,676.0,1331.0,728.0,6864,0,0,1,Pedestrian
82,1284.0,676.0,1328.0,728.0,6865,0,0,1,Pedestrian
82,1284.0,676.0,1328.0,728.0,6866,0,0,1,Pedestrian
82,1281.0,676.0,1325.0,728.0,6867,0,0,1,Pedestrian
82,1278.0,676.0,1322.0,728.0,6868,0,0,1,Pedestrian
82,1276.0,676.0,1320.0,728.0,6869,0,0,1,Pedestrian
82,1276.0,676.0,1320.0,728.0,6870,0,0,1,Pedestrian
82,1273.0,676.0,1317.0,728.0,6871,0,0,1,Pedestrian
82,1270.0,676.0,1314.0,728.0,6872,0,0,1,Pedestrian
82,1270.0,676.0,1314.0,728.0,6873,0,0,1,Pedestrian
82,1267.0,676.0,1311.0,728.0,6874,0,0,1,Pedestrian
82,1265.0,676.0,1309.0,728.0,6875,0,0,1,Pedestrian
82,1265.0,676.0,1309.0,728.0,6876,0,0,1,Pedestrian
82,1262.0,676.0,1306.0,728.0,6877,0,0,1,Pedestrian
82,1259.0,676.0,1303.0,728.0,6878,0,0,1,Pedestrian
82,1256.0,676.0,1300.0,728.0,6879,0,0,1,Pedestrian
82,1256.0,676.0,1300.0,728.0,6880,0,0,1,Pedestrian
82,1254.0,676.0,1298.0,728.0,6881,0,0,1,Pedestrian
82,1251.0,674.0,1295.0,726.0,6882,0,0,1,Pedestrian
82,1251.0,674.0,1295.0,726.0,6883,0,0,1,Pedestrian
82,1248.0,674.0,1292.0,726.0,6884,0,0,1,Pedestrian
82,1245.0,674.0,1289.0,726.0,6885,0,0,1,Pedestrian
82,1243.0,674.0,1287.0,726.0,6886,0,0,1,Pedestrian
82,1243.0,674.0,1287.0,726.0,6887,0,0,1,Pedestrian
82,1240.0,674.0,1284.0,726.0,6888,0,0,1,Pedestrian
82,1237.0,674.0,1281.0,726.0,6889,0,0,1,Pedestrian
82,1237.0,674.0,1281.0,726.0,6890,0,0,1,Pedestrian
82,1234.0,674.0,1278.0,726.0,6891,0,0,1,Pedestrian
82,1232.0,674.0,1276.0,726.0,6892,0,0,1,Pedestrian
82,1229.0,674.0,1273.0,726.0,6893,0,0,1,Pedestrian
82,1229.0,674.0,1273.0,726.0,6894,0,0,1,Pedestrian
82,1226.0,674.0,1270.0,726.0,6895,0,0,1,Pedestrian
82,1223.0,674.0,1267.0,726.0,6896,0,0,1,Pedestrian
82,1223.0,674.0,1267.0,726.0,6897,0,0,1,Pedestrian
82,1221.0,674.0,1265.0,726.0,6898,0,0,1,Pedestrian
82,1218.0,674.0,1262.0,726.0,6899,0,0,1,Pedestrian
82,1218.0,674.0,1262.0,726.0,6900,0,0,1,Pedestrian
82,1215.0,674.0,1259.0,726.0,6901,0,0,1,Pedestrian
82,1212.0,674.0,1256.0,726.0,6902,0,0,1,Pedestrian
82,1210.0,674.0,1254.0,726.0,6903,0,0,1,Pedestrian
82,1210.0,674.0,1254.0,726.0,6904,0,0,1,Pedestrian
82,1207.0,674.0,1251.0,726.0,6905,0,0,1,Pedestrian
82,1204.0,674.0,1248.0,726.0,6906,0,0,1,Pedestrian
82,1204.0,674.0,1248.0,726.0,6907,0,0,1,Pedestrian
82,1201.0,674.0,1245.0,726.0,6908,0,0,1,Pedestrian
82,1199.0,674.0,1243.0,726.0,6909,0,0,1,Pedestrian
82,1196.0,674.0,1240.0,726.0,6910,0,0,1,Pedestrian
82,1196.0,674.0,1240.0,726.0,6911,0,0,1,Pedestrian
82,1193.0,674.0,1237.0,726.0,6912,0,0,1,Pedestrian
82,1190.0,674.0,1234.0,726.0,6913,0,0,1,Pedestrian
82,1190.0,674.0,1234.0,726.0,6914,0,0,1,Pedestrian
82,1188.0,674.0,1232.0,726.0,6915,0,0,1,Pedestrian
82,1185.0,674.0,1229.0,726.0,6916,0,0,1,Pedestrian
82,1182.0,674.0,1226.0,726.0,6917,0,0,1,Pedestrian
82,1182.0,674.0,1226.0,726.0,6918,0,0,1,Pedestrian
82,1179.0,674.0,1223.0,726.0,6919,0,0,1,Pedestrian
82,1177.0,674.0,1221.0,726.0,6920,0,0,1,Pedestrian
82,1177.0,674.0,1221.0,726.0,6921,0,0,1,Pedestrian
82,1174.0,674.0,1218.0,726.0,6922,0,0,1,Pedestrian
82,1171.0,674.0,1215.0,726.0,6923,0,0,1,Pedestrian
82,1171.0,674.0,1215.0,726.0,6924,0,0,0,Pedestrian
82,1168.0,674.0,1212.0,726.0,6925,0,0,1,Pedestrian
82,1166.0,674.0,1210.0,726.0,6926,0,0,1,Pedestrian
82,1163.0,674.0,1207.0,726.0,6927,0,0,1,Pedestrian
82,1163.0,674.0,1207.0,726.0,6928,0,0,1,Pedestrian
82,1160.0,674.0,1204.0,726.0,6929,0,0,1,Pedestrian
82,1157.0,674.0,1201.0,726.0,6930,0,0,1,Pedestrian
82,1155.0,674.0,1199.0,726.0,6931,0,0,1,Pedestrian
82,1155.0,674.0,1199.0,726.0,6932,0,0,1,Pedestrian
82,1152.0,674.0,1196.0,726.0,6933,0,0,1,Pedestrian
82,1149.0,674.0,1193.0,726.0,6934,0,0,1,Pedestrian
82,1149.0,674.0,1193.0,726.0,6935,0,0,1,Pedestrian
82,1146.0,674.0,1190.0,726.0,6936,0,0,1,Pedestrian
82,1144.0,674.0,1188.0,726.0,6937,0,0,1,Pedestrian
82,1141.0,674.0,1185.0,726.0,6938,0,0,1,Pedestrian
82,1141.0,674.0,1185.0,726.0,6939,0,0,1,Pedestrian
82,1138.0,676.0,1182.0,728.0,6940,0,0,1,Pedestrian
82,1135.0,676.0,1179.0,728.0,6941,0,0,1,Pedestrian
82,1133.0,676.0,1177.0,728.0,6942,0,0,1,Pedestrian
82,1133.0,676.0,1177.0,728.0,6943,0,0,1,Pedestrian
82,1130.0,676.0,1174.0,728.0,6944,0,0,1,Pedestrian
82,1127.0,676.0,1171.0,728.0,6945,0,0,1,Pedestrian
82,1127.0,676.0,1171.0,728.0,6946,0,0,1,Pedestrian
82,1124.0,676.0,1168.0,728.0,6947,0,0,1,Pedestrian
82,1122.0,676.0,1166.0,728.0,6948,0,0,1,Pedestrian
82,1119.0,676.0,1163.0,728.0,6949,0,0,1,Pedestrian
82,1119.0,676.0,1163.0,728.0,6950,0,0,1,Pedestrian
82,1116.0,676.0,1160.0,728.0,6951,0,0,1,Pedestrian
82,1113.0,676.0,1157.0,728.0,6952,0,0,1,Pedestrian
82,1113.0,676.0,1157.0,728.0,6953,0,0,1,Pedestrian
82,1111.0,676.0,1155.0,728.0,6954,0,0,1,Pedestrian
82,1108.0,678.0,1152.0,730.0,6955,0,0,1,Pedestrian
82,1105.0,678.0,1149.0,730.0,6956,0,0,1,Pedestrian
82,1105.0,678.0,1149.0,730.0,6957,0,0,1,Pedestrian
82,1102.0,678.0,1146.0,730.0,6958,0,0,1,Pedestrian
82,1100.0,678.0,1144.0,730.0,6959,0,0,1,Pedestrian
82,1097.0,678.0,1141.0,730.0,6960,0,0,1,Pedestrian
82,1097.0,678.0,1141.0,730.0,6961,0,0,1,Pedestrian
82,1094.0,678.0,1138.0,730.0,6962,0,0,1,Pedestrian
82,1091.0,678.0,1135.0,730.0,6963,0,0,1,Pedestrian
82,1091.0,678.0,1135.0,730.0,6964,0,0,1,Pedestrian
82,1089.0,678.0,1133.0,730.0,6965,0,0,1,Pedestrian
82,1086.0,678.0,1130.0,730.0,6966,0,0,1,Pedestrian
82,1083.0,678.0,1127.0,730.0,6967,0,0,1,Pedestrian
82,1083.0,678.0,1127.0,730.0,6968,0,0,1,Pedestrian
82,1080.0,678.0,1124.0,730.0,6969,0,0,1,Pedestrian
82,1078.0,680.0,1122.0,733.0,6970,0,0,1,Pedestrian
82,1075.0,680.0,1119.0,733.0,6971,0,0,1,Pedestrian
82,1075.0,680.0,1119.0,733.0,6972,0,0,1,Pedestrian
82,1072.0,680.0,1116.0,733.0,6973,0,0,1,Pedestrian
82,1069.0,680.0,1113.0,733.0,6974,0,0,1,Pedestrian
82,1069.0,680.0,1113.0,733.0,6975,0,0,1,Pedestrian
82,1067.0,680.0,1111.0,733.0,6976,0,0,1,Pedestrian
82,1064.0,680.0,1108.0,733.0,6977,0,0,1,Pedestrian
82,1061.0,680.0,1105.0,733.0,6978,0,0,1,Pedestrian
82,1061.0,680.0,1105.0,733.0,6979,0,0,1,Pedestrian
82,1058.0,680.0,1102.0,733.0,6980,0,0,1,Pedestrian
82,1056.0,680.0,1100.0,733.0,6981,0,0,1,Pedestrian
82,1056.0,680.0,1100.0,733.0,6982,0,0,1,Pedestrian
82,1053.0,680.0,1097.0,733.0,6983,0,0,1,Pedestrian
82,1050.0,680.0,1094.0,733.0,6984,0,0,1,Pedestrian
82,1047.0,683.0,1091.0,735.0,6985,0,0,1,Pedestrian
82,1047.0,683.0,1091.0,735.0,6986,0,0,1,Pedestrian
82,1045.0,683.0,1089.0,735.0,6987,0,0,1,Pedestrian
82,1042.0,683.0,1086.0,735.0,6988,0,0,1,Pedestrian
82,1039.0,683.0,1083.0,735.0,6989,0,0,1,Pedestrian
82,1039.0,683.0,1083.0,735.0,6990,0,0,1,Pedestrian
82,1036.0,683.0,1080.0,735.0,6991,0,0,1,Pedestrian
82,1034.0,683.0,1078.0,735.0,6992,0,0,1,Pedestrian
82,1034.0,683.0,1078.0,735.0,6993,0,0,1,Pedestrian
82,1031.0,683.0,1075.0,735.0,6994,0,0,1,Pedestrian
82,1028.0,683.0,1072.0,735.0,6995,0,0,1,Pedestrian
82,1025.0,683.0,1069.0,735.0,6996,0,0,1,Pedestrian
82,1025.0,683.0,1069.0,735.0,6997,0,0,1,Pedestrian
82,1023.0,683.0,1067.0,735.0,6998,0,0,1,Pedestrian
82,1020.0,683.0,1064.0,735.0,6999,0,0,1,Pedestrian
82,1020.0,685.0,1064.0,737.0,7000,0,0,0,Pedestrian
82,1017.0,685.0,1061.0,737.0,7001,0,0,1,Pedestrian
82,1014.0,685.0,1058.0,737.0,7002,0,0,1,Pedestrian
82,1012.0,685.0,1056.0,737.0,7003,0,0,1,Pedestrian
82,1009.0,685.0,1056.0,737.0,7004,0,0,1,Pedestrian
82,1009.0,685.0,1053.0,737.0,7005,0,0,1,Pedestrian
82,1006.0,685.0,1050.0,737.0,7006,0,0,1,Pedestrian
82,1003.0,685.0,1047.0,737.0,7007,0,0,1,Pedestrian
82,1001.0,685.0,1047.0,737.0,7008,0,0,1,Pedestrian
82,1001.0,685.0,1045.0,737.0,7009,0,0,1,Pedestrian
82,998.0,685.0,1042.0,737.0,7010,0,0,1,Pedestrian
82,995.0,685.0,1042.0,737.0,7011,0,0,1,Pedestrian
82,992.0,685.0,1039.0,737.0,7012,0,0,1,Pedestrian
82,990.0,687.0,1036.0,737.0,7013,0,0,1,Pedestrian
82,990.0,687.0,1034.0,737.0,7014,0,0,1,Pedestrian
82,987.0,687.0,1034.0,737.0,7015,0,0,1,Pedestrian
82,984.0,687.0,1031.0,737.0,7016,0,0,1,Pedestrian
82,981.0,687.0,1028.0,740.0,7017,0,0,1,Pedestrian
82,981.0,687.0,1028.0,740.0,7018,0,0,1,Pedestrian
82,979.0,687.0,1025.0,740.0,7019,0,0,1,Pedestrian
82,976.0,687.0,1023.0,740.0,7020,0,0,1,Pedestrian
82,973.0,687.0,1020.0,740.0,7021,0,0,1,Pedestrian
82,973.0,687.0,1020.0,740.0,7022,0,0,1,Pedestrian
82,970.0,687.0,1017.0,740.0,7023,0,0,1,Pedestrian
82,968.0,687.0,1014.0,740.0,7024,0,0,1,Pedestrian
82,965.0,687.0,1014.0,740.0,7025,0,0,1,Pedestrian
82,962.0,689.0,1012.0,740.0,7026,0,0,1,Pedestrian
82,962.0,689.0,1009.0,740.0,7027,0,0,1,Pedestrian
82,959.0,689.0,1006.0,740.0,7028,0,0,1,Pedestrian
82,957.0,689.0,1006.0,740.0,7029,0,0,1,Pedestrian
82,954.0,689.0,1003.0,740.0,7030,0,0,1,Pedestrian
82,954.0,689.0,1001.0,740.0,7031,0,0,1,Pedestrian
82,951.0,689.0,1001.0,740.0,7032,0,0,1,Pedestrian
82,948.0,689.0,998.0,740.0,7033,0,0,1,Pedestrian
82,946.0,689.0,995.0,742.0,7034,0,0,1,Pedestrian
82,943.0,689.0,992.0,742.0,7035,0,0,1,Pedestrian
82,943.0,689.0,992.0,742.0,7036,0,0,1,Pedestrian
82,940.0,689.0,990.0,742.0,7037,0,0,1,Pedestrian
82,937.0,689.0,987.0,742.0,7038,0,0,1,Pedestrian
82,935.0,692.0,987.0,742.0,7039,0,0,1,Pedestrian
82,935.0,692.0,984.0,742.0,7040,0,0,1,Pedestrian
82,932.0,692.0,981.0,742.0,7041,0,0,1,Pedestrian
82,929.0,692.0,979.0,742.0,7042,0,0,1,Pedestrian
82,926.0,692.0,979.0,742.0,7043,0,0,1,Pedestrian
82,926.0,692.0,976.0,742.0,7044,0,0,1,Pedestrian
82,924.0,692.0,973.0,742.0,7045,0,0,1,Pedestrian
82,921.0,692.0,973.0,742.0,7046,0,0,1,Pedestrian
82,918.0,692.0,970.0,742.0,7047,0,0,1,Pedestrian
82,915.0,692.0,968.0,742.0,7048,0,0,1,Pedestrian
82,915.0,692.0,965.0,742.0,7049,0,0,1,Pedestrian
82,913.0,692.0,965.0,742.0,7050,0,0,1,Pedestrian
82,910.0,692.0,962.0,744.0,7051,0,0,1,Pedestrian
82,907.0,694.0,959.0,744.0,7052,0,0,1,Pedestrian
82,907.0,694.0,959.0,744.0,7053,0,0,1,Pedestrian
82,904.0,694.0,957.0,744.0,7054,0,0,1,Pedestrian
82,902.0,694.0,954.0,744.0,7055,0,0,1,Pedestrian
82,899.0,694.0,951.0,744.0,7056,0,0,1,Pedestrian
82,899.0,694.0,951.0,744.0,7057,0,0,1,Pedestrian
82,896.0,694.0,948.0,744.0,7058,0,0,1,Pedestrian
82,893.0,694.0,946.0,744.0,7059,0,0,1,Pedestrian
82,891.0,694.0,943.0,744.0,7060,0,0,1,Pedestrian
82,888.0,694.0,943.0,744.0,7061,0,0,1,Pedestrian
82,888.0,694.0,940.0,744.0,7062,0,0,1,Pedestrian
82,885.0,694.0,937.0,744.0,7063,0,0,1,Pedestrian
82,882.0,694.0,937.0,744.0,7064,0,0,1,Pedestrian
82,880.0,696.0,935.0,744.0,7065,0,0,1,Pedestrian
82,880.0,696.0,932.0,744.0,7066,0,0,1,Pedestrian
82,877.0,696.0,929.0,744.0,7067,0,0,1,Pedestrian
82,874.0,696.0,929.0,746.0,7068,0,0,1,Pedestrian
82,871.0,696.0,926.0,746.0,7069,0,0,1,Pedestrian
82,869.0,696.0,924.0,746.0,7070,0,0,1,Pedestrian
82,869.0,696.0,924.0,746.0,7071,0,0,1,Pedestrian
82,866.0,696.0,921.0,746.0,7072,0,0,1,Pedestrian
82,863.0,696.0,918.0,746.0,7073,0,0,1,Pedestrian
82,860.0,696.0,915.0,746.0,7074,0,0,1,Pedestrian
82,860.0,696.0,915.0,746.0,7075,0,0,1,Pedestrian
82,858.0,696.0,913.0,746.0,7076,0,0,1,Pedestrian
82,855.0,696.0,910.0,746.0,7077,0,0,1,Pedestrian
82,852.0,699.0,910.0,746.0,7078,0,0,1,Pedestrian
82,852.0,699.0,907.0,746.0,7079,0,0,1,Pedestrian
82,849.0,699.0,904.0,746.0,7080,0,0,1,Pedestrian
82,847.0,699.0,902.0,746.0,7081,0,0,1,Pedestrian
82,844.0,699.0,902.0,746.0,7082,0,0,1,Pedestrian
82,841.0,699.0,899.0,746.0,7083,0,0,1,Pedestrian
82,841.0,699.0,896.0,746.0,7084,0,0,1,Pedestrian
82,838.0,699.0,896.0,749.0,7085,0,0,1,Pedestrian
82,836.0,699.0,893.0,749.0,7086,0,0,1,Pedestrian
82,833.0,699.0,891.0,749.0,7087,0,0,1,Pedestrian
82,833.0,699.0,888.0,749.0,7088,0,0,1,Pedestrian
82,830.0,699.0,888.0,749.0,7089,0,0,1,Pedestrian
82,827.0,699.0,885.0,749.0,7090,0,0,1,Pedestrian
82,825.0,701.0,882.0,749.0,7091,0,0,1,Pedestrian
82,825.0,701.0,882.0,749.0,7092,0,0,1,Pedestrian
82,822.0,701.0,880.0,749.0,7093,0,0,1,Pedestrian
82,819.0,701.0,877.0,749.0,7094,0,0,1,Pedestrian
82,816.0,701.0,874.0,749.0,7095,0,0,1,Pedestrian
82,814.0,701.0,874.0,749.0,7096,0,0,1,Pedestrian
82,814.0,701.0,871.0,749.0,7097,0,0,1,Pedestrian
82,811.0,701.0,869.0,749.0,7098,0,0,1,Pedestrian
82,808.0,701.0,869.0,749.0,7099,0,0,1,Pedestrian
82,805.0,701.0,866.0,749.0,7100,0,0,1,Pedestrian
82,805.0,701.0,863.0,749.0,7101,0,0,1,Pedestrian
82,803.0,701.0,860.0,751.0,7102,0,0,1,Pedestrian
82,800.0,701.0,860.0,751.0,7103,0,0,1,Pedestrian
82,797.0,703.0,858.0,751.0,7104,0,0,1,Pedestrian
82,794.0,703.0,855.0,751.0,7105,0,0,1,Pedestrian
82,794.0,703.0,855.0,751.0,7106,0,0,1,Pedestrian
82,792.0,703.0,852.0,751.0,7107,0,0,1,Pedestrian
82,789.0,703.0,849.0,751.0,7108,0,0,1,Pedestrian
82,786.0,703.0,847.0,751.0,7109,0,0,1,Pedestrian
82,786.0,703.0,847.0,751.0,7110,0,0,1,Pedestrian
82,783.0,703.0,844.0,751.0,7111,0,0,1,Pedestrian
82,781.0,703.0,841.0,751.0,7112,0,0,1,Pedestrian
82,778.0,703.0,838.0,751.0,7113,0,0,1,Pedestrian
82,778.0,703.0,838.0,751.0,7114,0,0,1,Pedestrian
82,775.0,703.0,836.0,751.0,7115,0,0,1,Pedestrian
82,772.0,705.0,833.0,751.0,7116,0,0,1,Pedestrian
82,770.0,705.0,833.0,751.0,7117,0,0,1,Pedestrian
82,767.0,705.0,830.0,753.0,7118,0,0,1,Pedestrian
82,767.0,705.0,827.0,753.0,7119,0,0,1,Pedestrian
82,764.0,705.0,825.0,753.0,7120,0,0,1,Pedestrian
82,761.0,705.0,825.0,753.0,7121,0,0,1,Pedestrian
82,759.0,705.0,822.0,753.0,7122,0,0,1,Pedestrian
82,759.0,705.0,819.0,753.0,7123,0,0,1,Pedestrian
82,756.0,705.0,819.0,753.0,7124,0,0,1,Pedestrian
82,753.0,705.0,816.0,753.0,7125,0,0,1,Pedestrian
82,750.0,705.0,814.0,753.0,7126,0,0,1,Pedestrian
82,748.0,705.0,811.0,753.0,7127,0,0,1,Pedestrian
82,748.0,705.0,811.0,753.0,7128,0,0,1,Pedestrian
82,745.0,708.0,808.0,753.0,7129,0,0,1,Pedestrian
82,742.0,708.0,805.0,753.0,7130,0,0,1,Pedestrian
82,739.0,708.0,805.0,753.0,7131,0,0,1,Pedestrian
82,739.0,708.0,803.0,753.0,7132,0,0,1,Pedestrian
82,737.0,708.0,800.0,753.0,7133,0,0,1,Pedestrian
82,734.0,708.0,797.0,753.0,7134,0,0,1,Pedestrian
82,731.0,708.0,797.0,755.0,7135,0,0,1,Pedestrian
82,731.0,708.0,794.0,755.0,7136,0,0,1,Pedestrian
82,728.0,708.0,792.0,755.0,7137,0,0,1,Pedestrian
82,726.0,708.0,792.0,755.0,7138,0,0,1,Pedestrian
82,723.0,708.0,789.0,755.0,7139,0,0,1,Pedestrian
82,720.0,708.0,786.0,755.0,7140,0,0,1,Pedestrian
82,720.0,708.0,783.0,755.0,7141,0,0,1,Pedestrian
82,717.0,710.0,783.0,755.0,7142,0,0,1,Pedestrian
82,715.0,710.0,781.0,755.0,7143,0,0,1,Pedestrian
82,712.0,710.0,778.0,755.0,7144,0,0,1,Pedestrian
82,712.0,710.0,778.0,755.0,7145,0,0,1,Pedestrian
82,709.0,710.0,775.0,755.0,7146,0,0,1,Pedestrian
82,706.0,710.0,772.0,755.0,7147,0,0,1,Pedestrian
82,704.0,710.0,770.0,755.0,7148,0,0,1,Pedestrian
82,704.0,710.0,770.0,755.0,7149,0,0,1,Pedestrian
82,701.0,710.0,767.0,755.0,7150,0,0,1,Pedestrian
82,698.0,710.0,764.0,755.0,7151,0,0,1,Pedestrian
82,695.0,710.0,764.0,758.0,7152,0,0,1,Pedestrian
82,693.0,710.0,761.0,758.0,7153,0,0,1,Pedestrian
82,693.0,710.0,759.0,758.0,7154,0,0,1,Pedestrian
82,690.0,712.0,756.0,758.0,7155,0,0,1,Pedestrian
82,687.0,712.0,756.0,758.0,7156,0,0,1,Pedestrian
82,684.0,712.0,753.0,758.0,7157,0,0,1,Pedestrian
82,684.0,712.0,750.0,758.0,7158,0,0,1,Pedestrian
82,682.0,712.0,750.0,758.0,7159,0,0,1,Pedestrian
82,679.0,712.0,748.0,758.0,7160,0,0,1,Pedestrian
82,676.0,712.0,745.0,758.0,7161,0,0,1,Pedestrian
82,673.0,712.0,742.0,758.0,7162,0,0,1,Pedestrian
82,673.0,712.0,742.0,758.0,7163,0,0,1,Pedestrian
82,671.0,712.0,739.0,758.0,7164,0,0,1,Pedestrian
82,668.0,712.0,737.0,758.0,7165,0,0,1,Pedestrian
82,665.0,712.0,734.0,758.0,7166,0,0,1,Pedestrian
82,665.0,712.0,734.0,758.0,7167,0,0,1,Pedestrian
82,662.0,715.0,731.0,758.0,7168,0,0,1,Pedestrian
82,660.0,715.0,728.0,760.0,7169,0,0,1,Pedestrian
82,657.0,715.0,728.0,760.0,7170,0,0,1,Pedestrian
82,657.0,715.0,726.0,760.0,7171,0,0,1,Pedestrian
82,654.0,715.0,723.0,760.0,7172,0,0,1,Pedestrian
82,651.0,715.0,720.0,760.0,7173,0,0,1,Pedestrian
82,649.0,715.0,720.0,760.0,7174,0,0,1,Pedestrian
82,646.0,715.0,717.0,760.0,7175,0,0,1,Pedestrian
82,646.0,715.0,715.0,760.0,7176,0,0,1,Pedestrian
82,643.0,715.0,715.0,760.0,7177,0,0,1,Pedestrian
82,640.0,715.0,712.0,760.0,7178,0,0,1,Pedestrian
82,638.0,715.0,709.0,760.0,7179,0,0,1,Pedestrian
82,638.0,715.0,706.0,760.0,7180,0,0,1,Pedestrian
82,635.0,717.0,706.0,760.0,7181,0,0,1,Pedestrian
82,632.0,717.0,704.0,760.0,7182,0,0,1,Pedestrian
82,629.0,717.0,701.0,760.0,7183,0,0,1,Pedestrian
82,629.0,717.0,701.0,760.0,7184,0,0,1,Pedestrian
82,627.0,717.0,698.0,760.0,7185,0,0,1,Pedestrian
82,624.0,717.0,695.0,762.0,7186,0,0,1,Pedestrian
82,621.0,717.0,693.0,762.0,7187,0,0,1,Pedestrian
82,618.0,717.0,693.0,762.0,7188,0,0,1,Pedestrian
82,618.0,717.0,690.0,762.0,7189,0,0,1,Pedestrian
82,616.0,717.0,687.0,762.0,7190,0,0,1,Pedestrian
82,613.0,717.0,687.0,762.0,7191,0,0,1,Pedestrian
82,610.0,717.0,684.0,762.0,7192,0,0,1,Pedestrian
82,610.0,717.0,682.0,762.0,7193,0,0,1,Pedestrian
82,607.0,719.0,679.0,762.0,7194,0,0,1,Pedestrian
82,605.0,719.0,679.0,762.0,7195,0,0,1,Pedestrian
82,602.0,719.0,676.0,762.0,7196,0,0,1,Pedestrian
82,599.0,719.0,673.0,762.0,7197,0,0,1,Pedestrian
82,599.0,719.0,673.0,762.0,7198,0,0,1,Pedestrian
82,596.0,719.0,671.0,762.0,7199,0,0,1,Pedestrian
82,594.0,719.0,668.0,762.0,7200,0,0,1,Pedestrian
82,591.0,719.0,665.0,762.0,7201,0,0,1,Pedestrian
82,591.0,719.0,665.0,762.0,7202,0,0,1,Pedestrian
82,588.0,719.0,662.0,765.0,7203,0,0,1,Pedestrian
82,585.0,719.0,660.0,765.0,7204,0,0,1,Pedestrian
82,583.0,719.0,660.0,765.0,7205,0,0,1,Pedestrian
82,583.0,719.0,657.0,765.0,7206,0,0,1,Pedestrian
82,580.0,721.0,654.0,765.0,7207,0,0,1,Pedestrian
82,577.0,721.0,651.0,765.0,7208,0,0,1,Pedestrian
82,574.0,721.0,651.0,765.0,7209,0,0,1,Pedestrian
82,572.0,721.0,649.0,765.0,7210,0,0,1,Pedestrian
82,572.0,721.0,646.0,765.0,7211,0,0,1,Pedestrian
82,569.0,721.0,646.0,765.0,7212,0,0,1,Pedestrian
82,566.0,721.0,643.0,765.0,7213,0,0,1,Pedestrian
82,563.0,721.0,640.0,765.0,7214,0,0,1,Pedestrian
82,563.0,721.0,638.0,765.0,7215,0,0,1,Pedestrian
82,561.0,721.0,638.0,765.0,7216,0,0,1,Pedestrian
82,558.0,721.0,635.0,765.0,7217,0,0,1,Pedestrian
82,555.0,721.0,632.0,765.0,7218,0,0,1,Pedestrian
82,555.0,724.0,632.0,767.0,7219,0,0,0,Pedestrian
82,552.0,721.0,629.0,765.0,7220,0,0,1,Pedestrian
82,550.0,721.0,627.0,765.0,7221,0,0,1,Pedestrian
82,547.0,721.0,624.0,765.0,7222,0,0,1,Pedestrian
82,547.0,721.0,624.0,765.0,7223,0,0,1,Pedestrian
82,544.0,721.0,621.0,765.0,7224,0,0,1,Pedestrian
82,541.0,721.0,618.0,765.0,7225,0,0,1,Pedestrian
82,541.0,721.0,616.0,765.0,7226,0,0,1,Pedestrian
82,539.0,721.0,616.0,765.0,7227,0,0,1,Pedestrian
82,536.0,721.0,613.0,765.0,7228,0,0,1,Pedestrian
82,533.0,721.0,610.0,765.0,7229,0,0,1,Pedestrian
82,533.0,721.0,607.0,765.0,7230,0,0,1,Pedestrian
82,530.0,721.0,607.0,765.0,7231,0,0,1,Pedestrian
82,528.0,721.0,605.0,765.0,7232,0,0,1,Pedestrian
82,528.0,721.0,602.0,765.0,7233,0,0,1,Pedestrian
82,525.0,721.0,599.0,765.0,7234,0,0,1,Pedestrian
82,522.0,721.0,599.0,765.0,7235,0,0,1,Pedestrian
82,522.0,721.0,596.0,765.0,7236,0,0,1,Pedestrian
82,519.0,721.0,594.0,765.0,7237,0,0,1,Pedestrian
82,517.0,721.0,591.0,765.0,7238,0,0,1,Pedestrian
82,514.0,721.0,591.0,765.0,7239,0,0,1,Pedestrian
82,514.0,721.0,588.0,765.0,7240,0,0,1,Pedestrian
82,511.0,721.0,585.0,765.0,7241,0,0,1,Pedestrian
82,508.0,721.0,583.0,765.0,7242,0,0,1,Pedestrian
82,508.0,721.0,583.0,765.0,7243,0,0,1,Pedestrian
82,506.0,721.0,580.0,765.0,7244,0,0,1,Pedestrian
82,503.0,721.0,577.0,765.0,7245,0,0,1,Pedestrian
82,500.0,721.0,577.0,765.0,7246,0,0,1,Pedestrian
82,500.0,721.0,574.0,765.0,7247,0,0,1,Pedestrian
82,497.0,721.0,572.0,765.0,7248,0,0,1,Pedestrian
82,495.0,721.0,569.0,765.0,7249,0,0,1,Pedestrian
82,495.0,721.0,569.0,765.0,7250,0,0,1,Pedestrian
82,492.0,721.0,566.0,765.0,7251,0,0,1,Pedestrian
82,489.0,721.0,563.0,765.0,7252,0,0,1,Pedestrian
82,489.0,721.0,561.0,765.0,7253,0,0,1,Pedestrian
82,486.0,721.0,561.0,765.0,7254,0,0,1,Pedestrian
82,484.0,721.0,558.0,765.0,7255,0,0,1,Pedestrian
82,481.0,721.0,555.0,765.0,7256,0,0,1,Pedestrian
82,481.0,721.0,552.0,765.0,7257,0,0,1,Pedestrian
82,478.0,721.0,552.0,765.0,7258,0,0,1,Pedestrian
82,475.0,721.0,550.0,765.0,7259,0,0,1,Pedestrian
82,475.0,721.0,547.0,765.0,7260,0,0,1,Pedestrian
82,473.0,721.0,544.0,765.0,7261,0,0,1,Pedestrian
82,470.0,721.0,544.0,765.0,7262,0,0,1,Pedestrian
82,467.0,721.0,541.0,765.0,7263,0,0,1,Pedestrian
82,467.0,721.0,539.0,765.0,7264,0,0,1,Pedestrian
82,464.0,721.0,536.0,765.0,7265,0,0,1,Pedestrian
82,462.0,721.0,536.0,765.0,7266,0,0,1,Pedestrian
82,462.0,721.0,533.0,765.0,7267,0,0,1,Pedestrian
82,459.0,721.0,530.0,765.0,7268,0,0,1,Pedestrian
82,456.0,721.0,528.0,765.0,7269,0,0,1,Pedestrian
82,456.0,721.0,528.0,765.0,7270,0,0,1,Pedestrian
82,453.0,721.0,525.0,765.0,7271,0,0,1,Pedestrian
82,451.0,721.0,522.0,765.0,7272,0,0,1,Pedestrian
82,448.0,721.0,522.0,765.0,7273,0,0,1,Pedestrian
82,448.0,721.0,519.0,765.0,7274,0,0,1,Pedestrian
82,445.0,721.0,517.0,765.0,7275,0,0,1,Pedestrian
82,442.0,721.0,514.0,765.0,7276,0,0,1,Pedestrian
82,442.0,721.0,514.0,765.0,7277,0,0,1,Pedestrian
82,440.0,721.0,511.0,765.0,7278,0,0,1,Pedestrian
82,437.0,721.0,508.0,765.0,7279,0,0,1,Pedestrian
82,437.0,721.0,506.0,765.0,7280,0,0,1,Pedestrian
82,434.0,721.0,506.0,765.0,7281,0,0,1,Pedestrian
82,431.0,721.0,503.0,765.0,7282,0,0,1,Pedestrian
82,429.0,721.0,500.0,765.0,7283,0,0,1,Pedestrian
82,429.0,721.0,497.0,765.0,7284,0,0,1,Pedestrian
82,426.0,721.0,497.0,765.0,7285,0,0,1,Pedestrian
82,423.0,721.0,495.0,765.0,7286,0,0,1,Pedestrian
82,423.0,721.0,492.0,765.0,7287,0,0,1,Pedestrian
82,420.0,721.0,489.0,765.0,7288,0,0,1,Pedestrian
82,418.0,721.0,489.0,765.0,7289,0,0,1,Pedestrian
82,415.0,721.0,486.0,765.0,7290,0,0,1,Pedestrian
82,415.0,721.0,484.0,765.0,7291,0,0,1,Pedestrian
82,412.0,721.0,481.0,765.0,7292,0,0,1,Pedestrian
82,409.0,721.0,481.0,765.0,7293,0,0,1,Pedestrian
82,409.0,721.0,478.0,765.0,7294,0,0,1,Pedestrian
82,407.0,721.0,475.0,765.0,7295,0,0,1,Pedestrian
82,404.0,721.0,475.0,765.0,7296,0,0,1,Pedestrian
82,404.0,721.0,473.0,765.0,7297,0,0,1,Pedestrian
82,401.0,721.0,470.0,765.0,7298,0,0,1,Pedestrian
82,398.0,721.0,467.0,765.0,7299,0,0,1,Pedestrian
82,396.0,721.0,467.0,765.0,7300,0,0,1,Pedestrian
82,396.0,721.0,464.0,765.0,7301,0,0,1,Pedestrian
82,393.0,721.0,462.0,765.0,7302,0,0,1,Pedestrian
82,390.0,721.0,459.0,765.0,7303,0,0,1,Pedestrian
82,390.0,721.0,459.0,765.0,7304,0,0,1,Pedestrian
82,387.0,721.0,456.0,765.0,7305,0,0,1,Pedestrian
82,385.0,721.0,453.0,765.0,7306,0,0,1,Pedestrian
82,382.0,721.0,451.0,765.0,7307,0,0,1,Pedestrian
82,382.0,721.0,451.0,765.0,7308,0,0,1,Pedestrian
82,379.0,721.0,448.0,765.0,7309,0,0,1,Pedestrian
82,376.0,721.0,445.0,765.0,7310,0,0,1,Pedestrian
82,376.0,721.0,442.0,765.0,7311,0,0,1,Pedestrian
82,374.0,721.0,442.0,765.0,7312,0,0,1,Pedestrian
82,371.0,719.0,440.0,762.0,7313,0,0,1,Pedestrian
82,371.0,719.0,437.0,762.0,7314,0,0,1,Pedestrian
82,368.0,719.0,434.0,762.0,7315,0,0,1,Pedestrian
82,365.0,719.0,434.0,762.0,7316,0,0,1,Pedestrian
82,363.0,719.0,431.0,762.0,7317,0,0,1,Pedestrian
82,363.0,719.0,429.0,762.0,7318,0,0,1,Pedestrian
82,360.0,719.0,426.0,762.0,7319,0,0,1,Pedestrian
82,357.0,719.0,426.0,762.0,7320,0,0,1,Pedestrian
82,357.0,719.0,423.0,762.0,7321,0,0,1,Pedestrian
82,354.0,719.0,420.0,762.0,7322,0,0,1,Pedestrian
82,352.0,719.0,420.0,762.0,7323,0,0,1,Pedestrian
82,352.0,719.0,418.0,762.0,7324,0,0,1,Pedestrian
82,349.0,719.0,415.0,762.0,7325,0,0,1,Pedestrian
82,346.0,719.0,412.0,762.0,7326,0,0,1,Pedestrian
82,343.0,719.0,412.0,762.0,7327,0,0,1,Pedestrian
82,343.0,719.0,409.0,762.0,7328,0,0,1,Pedestrian
82,341.0,719.0,407.0,762.0,7329,0,0,1,Pedestrian
82,338.0,719.0,404.0,762.0,7330,0,0,1,Pedestrian
82,338.0,719.0,404.0,762.0,7331,0,0,1,Pedestrian
82,335.0,719.0,401.0,762.0,7332,0,0,1,Pedestrian
82,332.0,719.0,398.0,762.0,7333,0,0,1,Pedestrian
82,330.0,719.0,396.0,762.0,7334,0,0,1,Pedestrian
82,330.0,719.0,396.0,762.0,7335,0,0,1,Pedestrian
82,327.0,719.0,393.0,762.0,7336,0,0,1,Pedestrian
82,324.0,719.0,390.0,762.0,7337,0,0,1,Pedestrian
82,324.0,719.0,387.0,762.0,7338,0,0,1,Pedestrian
82,321.0,719.0,387.0,762.0,7339,0,0,1,Pedestrian
82,319.0,719.0,385.0,762.0,7340,0,0,1,Pedestrian
82,319.0,719.0,382.0,762.0,7341,0,0,1,Pedestrian
82,316.0,719.0,379.0,762.0,7342,0,0,1,Pedestrian
82,313.0,719.0,379.0,762.0,7343,0,0,1,Pedestrian
82,310.0,719.0,376.0,762.0,7344,0,0,1,Pedestrian
82,310.0,719.0,374.0,762.0,7345,0,0,1,Pedestrian
82,308.0,719.0,371.0,762.0,7346,0,0,1,Pedestrian
82,305.0,719.0,371.0,762.0,7347,0,0,1,Pedestrian
82,305.0,719.0,368.0,762.0,7348,0,0,1,Pedestrian
82,302.0,719.0,365.0,762.0,7349,0,0,1,Pedestrian
82,299.0,719.0,365.0,762.0,7350,0,0,1,Pedestrian
82,297.0,719.0,363.0,762.0,7351,0,0,1,Pedestrian
82,297.0,719.0,360.0,762.0,7352,0,0,1,Pedestrian
82,294.0,719.0,357.0,762.0,7353,0,0,1,Pedestrian
82,291.0,719.0,357.0,762.0,7354,0,0,1,Pedestrian
82,291.0,719.0,354.0,762.0,7355,0,0,1,Pedestrian
82,288.0,719.0,352.0,762.0,7356,0,0,1,Pedestrian
82,286.0,719.0,349.0,762.0,7357,0,0,1,Pedestrian
82,286.0,719.0,349.0,762.0,7358,0,0,1,Pedestrian
82,283.0,719.0,346.0,762.0,7359,0,0,1,Pedestrian
82,280.0,719.0,343.0,762.0,7360,0,0,1,Pedestrian
82,277.0,719.0,341.0,762.0,7361,0,0,1,Pedestrian
82,277.0,719.0,341.0,762.0,7362,0,0,1,Pedestrian
82,275.0,719.0,338.0,762.0,7363,0,0,1,Pedestrian
82,272.0,719.0,335.0,762.0,7364,0,0,1,Pedestrian
82,272.0,719.0,332.0,762.0,7365,0,0,1,Pedestrian
82,269.0,719.0,332.0,762.0,7366,0,0,1,Pedestrian
82,266.0,719.0,330.0,762.0,7367,0,0,1,Pedestrian
82,266.0,719.0,327.0,762.0,7368,0,0,1,Pedestrian
82,264.0,719.0,324.0,762.0,7369,0,0,1,Pedestrian
82,261.0,719.0,324.0,762.0,7370,0,0,1,Pedestrian
82,258.0,719.0,321.0,762.0,7371,0,0,1,Pedestrian
82,258.0,719.0,319.0,762.0,7372,0,0,1,Pedestrian
82,255.0,719.0,319.0,762.0,7373,0,0,1,Pedestrian
82,253.0,719.0,316.0,762.0,7374,0,0,1,Pedestrian
82,253.0,719.0,313.0,762.0,7375,0,0,1,Pedestrian
82,250.0,719.0,310.0,762.0,7376,0,0,1,Pedestrian
82,247.0,719.0,310.0,762.0,7377,0,0,1,Pedestrian
82,244.0,719.0,308.0,762.0,7378,0,0,1,Pedestrian
82,244.0,719.0,305.0,762.0,7379,0,0,1,Pedestrian
82,242.0,719.0,302.0,762.0,7380,0,0,1,Pedestrian
82,239.0,719.0,302.0,762.0,7381,0,0,1,Pedestrian
82,239.0,719.0,299.0,762.0,7382,0,0,1,Pedestrian
82,236.0,719.0,297.0,762.0,7383,0,0,1,Pedestrian
82,233.0,719.0,294.0,762.0,7384,0,0,1,Pedestrian
82,233.0,719.0,294.0,762.0,7385,0,0,1,Pedestrian
82,231.0,719.0,291.0,762.0,7386,0,0,1,Pedestrian
82,228.0,719.0,288.0,762.0,7387,0,0,1,Pedestrian
82,225.0,719.0,286.0,762.0,7388,0,0,1,Pedestrian
82,225.0,719.0,286.0,762.0,7389,0,0,1,Pedestrian
82,222.0,719.0,283.0,762.0,7390,0,0,1,Pedestrian
82,220.0,719.0,280.0,762.0,7391,0,0,1,Pedestrian
82,220.0,719.0,277.0,762.0,7392,0,0,1,Pedestrian
82,217.0,719.0,277.0,762.0,7393,0,0,1,Pedestrian
82,214.0,719.0,275.0,762.0,7394,0,0,1,Pedestrian
82,211.0,719.0,272.0,762.0,7395,0,0,1,Pedestrian
82,211.0,719.0,269.0,762.0,7396,0,0,1,Pedestrian
82,209.0,719.0,269.0,762.0,7397,0,0,1,Pedestrian
82,206.0,719.0,266.0,762.0,7398,0,0,1,Pedestrian
82,206.0,719.0,264.0,762.0,7399,0,0,1,Pedestrian
82,203.0,719.0,264.0,762.0,7400,0,0,1,Pedestrian
82,200.0,719.0,261.0,762.0,7401,0,0,1,Pedestrian
82,200.0,719.0,258.0,762.0,7402,0,0,1,Pedestrian
82,198.0,719.0,255.0,762.0,7403,0,0,1,Pedestrian
82,195.0,719.0,255.0,762.0,7404,0,0,1,Pedestrian
82,192.0,719.0,253.0,762.0,7405,0,0,1,Pedestrian
82,192.0,719.0,250.0,762.0,7406,0,0,1,Pedestrian
82,189.0,717.0,247.0,760.0,7407,0,0,1,Pedestrian
82,187.0,717.0,247.0,760.0,7408,0,0,1,Pedestrian
82,187.0,717.0,244.0,760.0,7409,0,0,1,Pedestrian
82,184.0,717.0,242.0,760.0,7410,0,0,1,Pedestrian
82,181.0,717.0,239.0,760.0,7411,0,0,1,Pedestrian
82,181.0,717.0,239.0,760.0,7412,0,0,1,Pedestrian
82,178.0,717.0,236.0,760.0,7413,0,0,1,Pedestrian
82,176.0,717.0,233.0,760.0,7414,0,0,1,Pedestrian
82,173.0,717.0,231.0,760.0,7415,0,0,1,Pedestrian
82,173.0,717.0,231.0,760.0,7416,0,0,1,Pedestrian
82,170.0,717.0,228.0,760.0,7417,0,0,1,Pedestrian
82,167.0,717.0,225.0,760.0,7418,0,0,1,Pedestrian
82,167.0,717.0,222.0,760.0,7419,0,0,1,Pedestrian
82,165.0,717.0,222.0,760.0,7420,0,0,1,Pedestrian
82,162.0,717.0,220.0,760.0,7421,0,0,1,Pedestrian
82,159.0,717.0,217.0,760.0,7422,0,0,1,Pedestrian
82,159.0,717.0,214.0,760.0,7423,0,0,1,Pedestrian
82,156.0,717.0,214.0,760.0,7424,0,0,1,Pedestrian
82,154.0,717.0,211.0,760.0,7425,0,0,1,Pedestrian
82,154.0,717.0,209.0,760.0,7426,0,0,1,Pedestrian
82,151.0,717.0,209.0,760.0,7427,0,0,1,Pedestrian
82,148.0,717.0,206.0,760.0,7428,0,0,1,Pedestrian
82,148.0,717.0,203.0,760.0,7429,0,0,1,Pedestrian
82,145.0,717.0,200.0,760.0,7430,0,0,1,Pedestrian
82,143.0,717.0,200.0,760.0,7431,0,0,1,Pedestrian
82,140.0,717.0,198.0,760.0,7432,0,0,1,Pedestrian
82,140.0,717.0,195.0,760.0,7433,0,0,1,Pedestrian
82,137.0,717.0,192.0,760.0,7434,0,0,1,Pedestrian
82,134.0,717.0,192.0,760.0,7435,0,0,1,Pedestrian
82,134.0,717.0,189.0,760.0,7436,0,0,1,Pedestrian
82,132.0,717.0,187.0,760.0,7437,0,0,1,Pedestrian
82,129.0,717.0,184.0,760.0,7438,0,0,1,Pedestrian
82,126.0,717.0,184.0,760.0,7439,0,0,1,Pedestrian
82,126.0,717.0,181.0,760.0,7440,0,0,1,Pedestrian
82,123.0,717.0,178.0,760.0,7441,0,0,1,Pedestrian
82,121.0,717.0,176.0,760.0,7442,0,0,1,Pedestrian
82,121.0,717.0,176.0,760.0,7443,0,0,1,Pedestrian
82,118.0,717.0,173.0,760.0,7444,0,0,1,Pedestrian
82,115.0,717.0,170.0,760.0,7445,0,0,1,Pedestrian
82,115.0,717.0,167.0,760.0,7446,0,0,1,Pedestrian
82,112.0,717.0,167.0,760.0,7447,0,0,1,Pedestrian
82,110.0,717.0,165.0,760.0,7448,0,0,1,Pedestrian
82,107.0,717.0,162.0,760.0,7449,0,0,1,Pedestrian
82,107.0,717.0,162.0,760.0,7450,0,0,1,Pedestrian
82,104.0,717.0,159.0,760.0,7451,0,0,1,Pedestrian
82,101.0,717.0,156.0,760.0,7452,0,0,1,Pedestrian
82,101.0,717.0,154.0,760.0,7453,0,0,1,Pedestrian
82,99.0,717.0,154.0,760.0,7454,0,0,1,Pedestrian
82,96.0,717.0,151.0,760.0,7455,0,0,1,Pedestrian
82,96.0,717.0,148.0,760.0,7456,0,0,1,Pedestrian
82,93.0,717.0,145.0,760.0,7457,0,0,1,Pedestrian
82,90.0,717.0,145.0,760.0,7458,0,0,1,Pedestrian
82,88.0,717.0,143.0,760.0,7459,0,0,1,Pedestrian
82,88.0,717.0,140.0,760.0,7460,0,0,1,Pedestrian
82,85.0,717.0,137.0,760.0,7461,0,0,1,Pedestrian
82,82.0,717.0,137.0,760.0,7462,0,0,1,Pedestrian
82,82.0,717.0,134.0,760.0,7463,0,0,1,Pedestrian
82,79.0,717.0,132.0,760.0,7464,0,0,1,Pedestrian
82,77.0,717.0,129.0,760.0,7465,0,0,1,Pedestrian
82,74.0,717.0,129.0,760.0,7466,0,0,1,Pedestrian
82,74.0,717.0,126.0,760.0,7467,0,0,1,Pedestrian
82,71.0,717.0,123.0,760.0,7468,0,0,1,Pedestrian
82,68.0,717.0,121.0,760.0,7469,0,0,1,Pedestrian
82,68.0,717.0,121.0,760.0,7470,0,0,1,Pedestrian
82,66.0,717.0,118.0,760.0,7471,0,0,1,Pedestrian
82,63.0,717.0,115.0,760.0,7472,0,0,1,Pedestrian
82,63.0,717.0,112.0,760.0,7473,0,0,1,Pedestrian
82,60.0,717.0,112.0,760.0,7474,0,0,1,Pedestrian
82,57.0,717.0,110.0,760.0,7475,0,0,1,Pedestrian
82,55.0,717.0,107.0,760.0,7476,0,0,1,Pedestrian
82,55.0,717.0,107.0,760.0,7477,0,0,1,Pedestrian
82,52.0,717.0,104.0,760.0,7478,0,0,1,Pedestrian
82,49.0,717.0,101.0,760.0,7479,0,0,1,Pedestrian
82,49.0,717.0,99.0,760.0,7480,0,0,1,Pedestrian
82,46.0,717.0,99.0,760.0,7481,0,0,1,Pedestrian
82,44.0,717.0,96.0,760.0,7482,0,0,1,Pedestrian
82,41.0,717.0,93.0,760.0,7483,0,0,1,Pedestrian
82,41.0,717.0,90.0,760.0,7484,0,0,1,Pedestrian
82,38.0,717.0,90.0,760.0,7485,0,0,1,Pedestrian
82,35.0,717.0,88.0,760.0,7486,0,0,1,Pedestrian
82,35.0,717.0,85.0,760.0,7487,0,0,1,Pedestrian
82,33.0,717.0,82.0,760.0,7488,0,0,1,Pedestrian
82,30.0,717.0,82.0,760.0,7489,0,0,1,Pedestrian
82,30.0,717.0,79.0,760.0,7490,0,0,1,Pedestrian
82,27.0,717.0,77.0,760.0,7491,0,0,1,Pedestrian
82,24.0,717.0,74.0,760.0,7492,0,0,1,Pedestrian
82,22.0,717.0,74.0,760.0,7493,0,0,1,Pedestrian
82,22.0,717.0,71.0,760.0,7494,0,0,1,Pedestrian
82,19.0,717.0,68.0,760.0,7495,0,0,1,Pedestrian
82,16.0,717.0,66.0,760.0,7496,0,0,1,Pedestrian
82,16.0,717.0,66.0,760.0,7497,0,0,1,Pedestrian
82,13.0,717.0,63.0,760.0,7498,0,0,1,Pedestrian
82,11.0,717.0,60.0,760.0,7499,0,0,1,Pedestrian
82,11.0,717.0,60.0,760.0,7500,0,0,0,Pedestrian
82,8.0,717.0,57.0,760.0,7501,0,0,1,Pedestrian
82,8.0,717.0,57.0,760.0,7502,0,0,1,Pedestrian
82,8.0,717.0,57.0,760.0,7503,0,0,1,Pedestrian
82,8.0,717.0,55.0,762.0,7504,0,0,1,Pedestrian
82,8.0,717.0,55.0,762.0,7505,0,0,1,Pedestrian
82,5.0,717.0,55.0,762.0,7506,0,0,1,Pedestrian
82,5.0,717.0,55.0,762.0,7507,0,0,1,Pedestrian
82,5.0,719.0,52.0,765.0,7508,0,0,1,Pedestrian
82,5.0,719.0,52.0,765.0,7509,0,0,1,Pedestrian
82,5.0,719.0,52.0,765.0,7510,0,0,1,Pedestrian
82,5.0,719.0,52.0,765.0,7511,0,0,1,Pedestrian
82,2.0,719.0,49.0,767.0,7512,0,0,1,Pedestrian
82,2.0,719.0,49.0,767.0,7513,0,0,1,Pedestrian
82,2.0,719.0,49.0,767.0,7514,0,0,1,Pedestrian
82,2.0,719.0,49.0,767.0,7515,0,0,1,Pedestrian
82,2.0,721.0,46.0,769.0,7516,0,0,1,Pedestrian
82,2.0,721.0,46.0,769.0,7517,0,0,1,Pedestrian
82,0.0,721.0,46.0,769.0,7518,0,0,1,Pedestrian
82,0.0,721.0,46.0,769.0,7519,0,0,1,Pedestrian
82,0.0,721.0,44.0,771.0,7520,0,0,1,Pedestrian
82,0.0,721.0,44.0,771.0,7521,0,0,1,Pedestrian
82,0.0,721.0,44.0,771.0,7522,0,0,1,Pedestrian
82,0.0,724.0,44.0,774.0,7523,1,0,0,Pedestrian
82,0.0,724.0,44.0,774.0,7524,1,0,1,Pedestrian
82,0.0,724.0,44.0,774.0,7525,1,0,1,Pedestrian
82,0.0,724.0,44.0,774.0,7526,1,0,1,Pedestrian
82,0.0,724.0,44.0,774.0,7527,1,0,1,Pedestrian
82,0.0,724.0,44.0,774.0,7528,1,0,1,Pedestrian
82,0.0,724.0,44.0,774.0,7529,1,0,1,Pedestrian
82,0.0,724.0,44.0,774.0,7530,1,0,1,Pedestrian
82,0.0,724.0,44.0,774.0,7531,1,0,1,Pedestrian
82,0.0,724.0,44.0,774.0,7532,1,0,1,Pedestrian
82,0.0,724.0,44.0,774.0,7533,1,0,1,Pedestrian
82,0.0,724.0,44.0,774.0,7534,1,0,1,Pedestrian
82,0.0,724.0,44.0,774.0,7535,1,0,1,Pedestrian
82,0.0,724.0,44.0,774.0,7536,1,0,0,Pedestrian
82,0.0,724.0,44.0,774.0,7537,1,0,1,Pedestrian
82,0.0,724.0,44.0,774.0,7538,1,0,1,Pedestrian
82,0.0,724.0,44.0,774.0,7539,1,0,1,Pedestrian
82,0.0,724.0,44.0,774.0,7540,1,0,1,Pedestrian
82,0.0,724.0,44.0,774.0,7541,1,0,1,Pedestrian
82,0.0,724.0,44.0,774.0,7542,1,0,1,Pedestrian
82,0.0,724.0,44.0,774.0,7543,1,0,1,Pedestrian
82,0.0,724.0,44.0,774.0,7544,1,0,1,Pedestrian
82,0.0,724.0,44.0,774.0,7545,1,0,1,Pedestrian
82,0.0,724.0,44.0,774.0,7546,1,0,1,Pedestrian
82,0.0,724.0,44.0,774.0,7547,1,0,1,Pedestrian
82,0.0,724.0,44.0,774.0,7548,1,0,1,Pedestrian
82,0.0,724.0,44.0,774.0,7549,1,0,1,Pedestrian
82,0.0,724.0,44.0,774.0,7550,1,0,1,Pedestrian
82,0.0,724.0,44.0,774.0,7551,1,0,1,Pedestrian
82,0.0,724.0,44.0,774.0,7552,1,0,1,Pedestrian
82,0.0,724.0,44.0,774.0,7553,1,0,1,Pedestrian
82,0.0,724.0,44.0,774.0,7554,1,0,1,Pedestrian
82,0.0,724.0,44.0,774.0,7555,1,0,1,Pedestrian
82,0.0,724.0,44.0,774.0,7556,1,0,1,Pedestrian
82,0.0,724.0,44.0,774.0,7557,1,0,1,Pedestrian
82,0.0,724.0,44.0,774.0,7558,1,0,1,Pedestrian
82,0.0,724.0,44.0,774.0,7559,1,0,1,Pedestrian
82,0.0,724.0,44.0,774.0,7560,1,0,1,Pedestrian
82,0.0,724.0,44.0,774.0,7561,1,0,1,Pedestrian
82,0.0,724.0,44.0,774.0,7562,1,0,1,Pedestrian
82,0.0,724.0,44.0,774.0,7563,1,0,1,Pedestrian
82,0.0,724.0,44.0,774.0,7564,1,0,1,Pedestrian
82,0.0,724.0,44.0,774.0,7565,1,0,1,Pedestrian
82,0.0,724.0,44.0,774.0,7566,1,0,1,Pedestrian
82,0.0,724.0,44.0,774.0,7567,1,0,1,Pedestrian
82,0.0,724.0,44.0,774.0,7568,1,0,1,Pedestrian
82,0.0,724.0,44.0,774.0,7569,1,0,1,Pedestrian
82,0.0,724.0,44.0,774.0,7570,1,0,1,Pedestrian
82,0.0,724.0,44.0,774.0,7571,1,0,1,Pedestrian
82,0.0,724.0,44.0,774.0,7572,1,0,1,Pedestrian
82,0.0,724.0,44.0,774.0,7573,1,0,1,Pedestrian
82,0.0,724.0,44.0,774.0,7574,1,0,1,Pedestrian
82,0.0,724.0,44.0,774.0,7575,1,0,1,Pedestrian
82,0.0,724.0,44.0,774.0,7576,1,0,1,Pedestrian
82,0.0,724.0,44.0,774.0,7577,1,0,1,Pedestrian
82,0.0,724.0,44.0,774.0,7578,1,0,1,Pedestrian
82,0.0,724.0,44.0,774.0,7579,1,0,1,Pedestrian
82,0.0,724.0,44.0,774.0,7580,1,0,1,Pedestrian
82,0.0,724.0,44.0,774.0,7581,1,0,1,Pedestrian
82,0.0,724.0,44.0,774.0,7582,1,0,1,Pedestrian
82,0.0,724.0,44.0,774.0,7583,1,0,1,Pedestrian
82,0.0,724.0,44.0,774.0,7584,1,0,1,Pedestrian
82,0.0,724.0,44.0,774.0,7585,1,0,1,Pedestrian
82,0.0,724.0,44.0,774.0,7586,1,0,1,Pedestrian
82,0.0,724.0,44.0,774.0,7587,1,0,1,Pedestrian
82,0.0,724.0,44.0,774.0,7588,1,0,1,Pedestrian
82,0.0,724.0,44.0,774.0,7589,1,0,1,Pedestrian
82,0.0,724.0,44.0,774.0,7590,1,0,1,Pedestrian
82,0.0,724.0,44.0,774.0,7591,1,0,1,Pedestrian
82,0.0,724.0,44.0,774.0,7592,1,0,1,Pedestrian
82,0.0,724.0,44.0,774.0,7593,1,0,1,Pedestrian
82,0.0,724.0,44.0,774.0,7594,1,0,1,Pedestrian
82,0.0,724.0,44.0,774.0,7595,1,0,1,Pedestrian
82,0.0,724.0,44.0,774.0,7596,1,0,1,Pedestrian
82,0.0,724.0,44.0,774.0,7597,1,0,1,Pedestrian
82,0.0,724.0,44.0,774.0,7598,1,0,1,Pedestrian
82,0.0,724.0,44.0,774.0,7599,1,0,1,Pedestrian
82,0.0,724.0,44.0,774.0,7600,1,0,1,Pedestrian
82,0.0,724.0,44.0,774.0,7601,1,0,1,Pedestrian
82,0.0,724.0,44.0,774.0,7602,1,0,1,Pedestrian
82,0.0,724.0,44.0,774.0,7603,1,0,1,Pedestrian
82,0.0,724.0,44.0,774.0,7604,1,0,1,Pedestrian
82,0.0,724.0,44.0,774.0,7605,1,0,1,Pedestrian
82,0.0,724.0,44.0,774.0,7606,1,0,1,Pedestrian
82,0.0,724.0,44.0,774.0,7607,1,0,1,Pedestrian
82,0.0,724.0,44.0,774.0,7608,1,0,1,Pedestrian
82,0.0,724.0,44.0,774.0,7609,1,0,1,Pedestrian
82,0.0,724.0,44.0,774.0,7610,1,0,1,Pedestrian
82,0.0,724.0,44.0,774.0,7611,1,0,1,Pedestrian
82,0.0,724.0,44.0,774.0,7612,1,0,1,Pedestrian
82,0.0,724.0,44.0,774.0,7613,1,0,1,Pedestrian
82,0.0,724.0,44.0,774.0,7614,1,0,1,Pedestrian
82,0.0,724.0,44.0,774.0,7615,1,0,1,Pedestrian
82,0.0,724.0,44.0,774.0,7616,1,0,1,Pedestrian
82,0.0,724.0,44.0,774.0,7617,1,0,1,Pedestrian
82,0.0,724.0,44.0,774.0,7618,1,0,1,Pedestrian
82,0.0,724.0,44.0,774.0,7619,1,0,1,Pedestrian
82,0.0,724.0,44.0,774.0,7620,1,0,1,Pedestrian
82,0.0,724.0,44.0,774.0,7621,1,0,1,Pedestrian
82,0.0,724.0,44.0,774.0,7622,1,0,1,Pedestrian
82,0.0,724.0,44.0,774.0,7623,1,0,1,Pedestrian
82,0.0,724.0,44.0,774.0,7624,1,0,1,Pedestrian
82,0.0,724.0,44.0,774.0,7625,1,0,1,Pedestrian
82,0.0,724.0,44.0,774.0,7626,1,0,1,Pedestrian
82,0.0,724.0,44.0,774.0,7627,1,0,1,Pedestrian
82,0.0,724.0,44.0,774.0,7628,1,0,1,Pedestrian
82,0.0,724.0,44.0,774.0,7629,1,0,1,Pedestrian
82,0.0,724.0,44.0,774.0,7630,1,0,1,Pedestrian
82,0.0,724.0,44.0,774.0,7631,1,0,1,Pedestrian
82,0.0,724.0,44.0,774.0,7632,1,0,1,Pedestrian
82,0.0,724.0,44.0,774.0,7633,1,0,1,Pedestrian
82,0.0,724.0,44.0,774.0,7634,1,0,1,Pedestrian
82,0.0,724.0,44.0,774.0,7635,1,0,1,Pedestrian
82,0.0,724.0,44.0,774.0,7636,1,0,1,Pedestrian
82,0.0,724.0,44.0,774.0,7637,1,0,1,Pedestrian
82,0.0,724.0,44.0,774.0,7638,1,0,1,Pedestrian
82,0.0,724.0,44.0,774.0,7639,1,0,1,Pedestrian
82,0.0,724.0,44.0,774.0,7640,1,0,1,Pedestrian
82,0.0,724.0,44.0,774.0,7641,1,0,1,Pedestrian
82,0.0,724.0,44.0,774.0,7642,1,0,1,Pedestrian
82,0.0,724.0,44.0,774.0,7643,1,0,1,Pedestrian
82,0.0,724.0,44.0,774.0,7644,1,0,1,Pedestrian
82,0.0,724.0,44.0,774.0,7645,1,0,1,Pedestrian
82,0.0,724.0,44.0,774.0,7646,1,0,1,Pedestrian
82,0.0,724.0,44.0,774.0,7647,1,0,1,Pedestrian
82,0.0,724.0,44.0,774.0,7648,1,0,1,Pedestrian
82,0.0,724.0,44.0,774.0,7649,1,0,1,Pedestrian
82,0.0,724.0,44.0,774.0,7650,1,0,1,Pedestrian
82,0.0,724.0,44.0,774.0,7651,1,0,1,Pedestrian
82,0.0,724.0,44.0,774.0,7652,1,0,1,Pedestrian
82,0.0,724.0,44.0,774.0,7653,1,0,1,Pedestrian
82,0.0,724.0,44.0,774.0,7654,1,0,1,Pedestrian
82,0.0,724.0,44.0,774.0,7655,1,0,1,Pedestrian
82,0.0,724.0,44.0,774.0,7656,1,0,1,Pedestrian
82,0.0,724.0,44.0,774.0,7657,1,0,1,Pedestrian
82,0.0,724.0,44.0,774.0,7658,1,0,1,Pedestrian
82,0.0,724.0,44.0,774.0,7659,1,0,1,Pedestrian
82,0.0,724.0,44.0,774.0,7660,1,0,1,Pedestrian
82,0.0,724.0,44.0,774.0,7661,1,0,1,Pedestrian
82,0.0,724.0,44.0,774.0,7662,1,0,1,Pedestrian
82,0.0,724.0,44.0,774.0,7663,1,0,1,Pedestrian
82,0.0,724.0,44.0,774.0,7664,1,0,1,Pedestrian
82,0.0,724.0,44.0,774.0,7665,1,0,1,Pedestrian
82,0.0,724.0,44.0,774.0,7666,1,0,1,Pedestrian
82,0.0,724.0,44.0,774.0,7667,1,0,1,Pedestrian
82,0.0,724.0,44.0,774.0,7668,1,0,1,Pedestrian
82,0.0,724.0,44.0,774.0,7669,1,0,1,Pedestrian
82,0.0,724.0,44.0,774.0,7670,1,0,1,Pedestrian
82,0.0,724.0,44.0,774.0,7671,1,0,1,Pedestrian
82,0.0,724.0,44.0,774.0,7672,1,0,1,Pedestrian
82,0.0,724.0,44.0,774.0,7673,1,0,1,Pedestrian
82,0.0,724.0,44.0,774.0,7674,1,0,1,Pedestrian
82,0.0,724.0,44.0,774.0,7675,1,0,1,Pedestrian
82,0.0,724.0,44.0,774.0,7676,1,0,1,Pedestrian
82,0.0,724.0,44.0,774.0,7677,1,0,1,Pedestrian
82,0.0,724.0,44.0,774.0,7678,1,0,1,Pedestrian
82,0.0,724.0,44.0,774.0,7679,1,0,1,Pedestrian
82,0.0,724.0,44.0,774.0,7680,1,0,1,Pedestrian
82,0.0,724.0,44.0,774.0,7681,1,0,1,Pedestrian
82,0.0,724.0,44.0,774.0,7682,1,0,1,Pedestrian
82,0.0,724.0,44.0,774.0,7683,1,0,1,Pedestrian
82,0.0,724.0,44.0,774.0,7684,1,0,1,Pedestrian
82,0.0,724.0,44.0,774.0,7685,1,0,1,Pedestrian
82,0.0,724.0,44.0,774.0,7686,1,0,1,Pedestrian
82,0.0,724.0,44.0,774.0,7687,1,0,1,Pedestrian
82,0.0,724.0,44.0,774.0,7688,1,0,1,Pedestrian
82,0.0,724.0,44.0,774.0,7689,1,0,1,Pedestrian
82,0.0,724.0,44.0,774.0,7690,1,0,1,Pedestrian
82,0.0,724.0,44.0,774.0,7691,1,0,1,Pedestrian
82,0.0,724.0,44.0,774.0,7692,1,0,1,Pedestrian
82,0.0,724.0,44.0,774.0,7693,1,0,1,Pedestrian
82,0.0,724.0,44.0,774.0,7694,1,0,1,Pedestrian
82,0.0,724.0,44.0,774.0,7695,1,0,1,Pedestrian
82,0.0,724.0,44.0,774.0,7696,1,0,1,Pedestrian
82,0.0,724.0,44.0,774.0,7697,1,0,1,Pedestrian
82,0.0,724.0,44.0,774.0,7698,1,0,1,Pedestrian
82,0.0,724.0,44.0,774.0,7699,1,0,1,Pedestrian
82,0.0,724.0,44.0,774.0,7700,1,0,1,Pedestrian
82,0.0,724.0,44.0,774.0,7701,1,0,1,Pedestrian
82,0.0,724.0,44.0,774.0,7702,1,0,1,Pedestrian
82,0.0,724.0,44.0,774.0,7703,1,0,1,Pedestrian
82,0.0,724.0,44.0,774.0,7704,1,0,1,Pedestrian
82,0.0,724.0,44.0,774.0,7705,1,0,1,Pedestrian
82,0.0,724.0,44.0,774.0,7706,1,0,1,Pedestrian
82,0.0,724.0,44.0,774.0,7707,1,0,1,Pedestrian
82,0.0,724.0,44.0,774.0,7708,1,0,1,Pedestrian
82,0.0,724.0,44.0,774.0,7709,1,0,1,Pedestrian
82,0.0,724.0,44.0,774.0,7710,1,0,1,Pedestrian
82,0.0,724.0,44.0,774.0,7711,1,0,1,Pedestrian
82,0.0,724.0,44.0,774.0,7712,1,0,1,Pedestrian
82,0.0,724.0,44.0,774.0,7713,1,0,1,Pedestrian
82,0.0,724.0,44.0,774.0,7714,1,0,1,Pedestrian
82,0.0,724.0,44.0,774.0,7715,1,0,1,Pedestrian
82,0.0,724.0,44.0,774.0,7716,1,0,1,Pedestrian
82,0.0,724.0,44.0,774.0,7717,1,0,1,Pedestrian
82,0.0,724.0,44.0,774.0,7718,1,0,1,Pedestrian
82,0.0,724.0,44.0,774.0,7719,1,0,1,Pedestrian
82,0.0,724.0,44.0,774.0,7720,1,0,1,Pedestrian
82,0.0,724.0,44.0,774.0,7721,1,0,1,Pedestrian
82,0.0,724.0,44.0,774.0,7722,1,0,1,Pedestrian
82,0.0,724.0,44.0,774.0,7723,1,0,1,Pedestrian
82,0.0,724.0,44.0,774.0,7724,1,0,1,Pedestrian
82,0.0,724.0,44.0,774.0,7725,1,0,1,Pedestrian
82,0.0,724.0,44.0,774.0,7726,1,0,1,Pedestrian
82,0.0,724.0,44.0,774.0,7727,1,0,1,Pedestrian
82,0.0,724.0,44.0,774.0,7728,1,0,1,Pedestrian
82,0.0,724.0,44.0,774.0,7729,1,0,1,Pedestrian
82,0.0,724.0,44.0,774.0,7730,1,0,1,Pedestrian
82,0.0,724.0,44.0,774.0,7731,1,0,1,Pedestrian
82,0.0,724.0,44.0,774.0,7732,1,0,1,Pedestrian
82,0.0,724.0,44.0,774.0,7733,1,0,1,Pedestrian
82,0.0,724.0,44.0,774.0,7734,1,0,1,Pedestrian
82,0.0,724.0,44.0,774.0,7735,1,0,1,Pedestrian
82,0.0,724.0,44.0,774.0,7736,1,0,1,Pedestrian
82,0.0,724.0,44.0,774.0,7737,1,0,1,Pedestrian
82,0.0,724.0,44.0,774.0,7738,1,0,1,Pedestrian
82,0.0,724.0,44.0,774.0,7739,1,0,1,Pedestrian
82,0.0,724.0,44.0,774.0,7740,1,0,1,Pedestrian
82,0.0,724.0,44.0,774.0,7741,1,0,1,Pedestrian
82,0.0,724.0,44.0,774.0,7742,1,0,1,Pedestrian
82,0.0,724.0,44.0,774.0,7743,1,0,1,Pedestrian
82,0.0,724.0,44.0,774.0,7744,1,0,1,Pedestrian
82,0.0,724.0,44.0,774.0,7745,1,0,1,Pedestrian
82,0.0,724.0,44.0,774.0,7746,1,0,1,Pedestrian
82,0.0,724.0,44.0,774.0,7747,1,0,1,Pedestrian
82,0.0,724.0,44.0,774.0,7748,1,0,1,Pedestrian
82,0.0,724.0,44.0,774.0,7749,1,0,1,Pedestrian
82,0.0,724.0,44.0,774.0,7750,1,0,1,Pedestrian
82,0.0,724.0,44.0,774.0,7751,1,0,1,Pedestrian
82,0.0,724.0,44.0,774.0,7752,1,0,1,Pedestrian
82,0.0,724.0,44.0,774.0,7753,1,0,1,Pedestrian
82,0.0,724.0,44.0,774.0,7754,1,0,1,Pedestrian
82,0.0,724.0,44.0,774.0,7755,1,0,1,Pedestrian
82,0.0,724.0,44.0,774.0,7756,1,0,1,Pedestrian
82,0.0,724.0,44.0,774.0,7757,1,0,1,Pedestrian
82,0.0,724.0,44.0,774.0,7758,1,0,1,Pedestrian
82,0.0,724.0,44.0,774.0,7759,1,0,1,Pedestrian
82,0.0,724.0,44.0,774.0,7760,1,0,1,Pedestrian
82,0.0,724.0,44.0,774.0,7761,1,0,1,Pedestrian
82,0.0,724.0,44.0,774.0,7762,1,0,1,Pedestrian
82,0.0,724.0,44.0,774.0,7763,1,0,1,Pedestrian
82,0.0,724.0,44.0,774.0,7764,1,0,1,Pedestrian
82,0.0,724.0,44.0,774.0,7765,1,0,1,Pedestrian
82,0.0,724.0,44.0,774.0,7766,1,0,1,Pedestrian
82,0.0,724.0,44.0,774.0,7767,1,0,1,Pedestrian
82,0.0,724.0,44.0,774.0,7768,1,0,1,Pedestrian
82,0.0,724.0,44.0,774.0,7769,1,0,1,Pedestrian
82,0.0,724.0,44.0,774.0,7770,1,0,1,Pedestrian
82,0.0,724.0,44.0,774.0,7771,1,0,1,Pedestrian
82,0.0,724.0,44.0,774.0,7772,1,0,1,Pedestrian
82,0.0,724.0,44.0,774.0,7773,1,0,1,Pedestrian
82,0.0,724.0,44.0,774.0,7774,1,0,1,Pedestrian
82,0.0,724.0,44.0,774.0,7775,1,0,1,Pedestrian
82,0.0,724.0,44.0,774.0,7776,1,0,1,Pedestrian
82,0.0,724.0,44.0,774.0,7777,1,0,1,Pedestrian
82,0.0,724.0,44.0,774.0,7778,1,0,1,Pedestrian
82,0.0,724.0,44.0,774.0,7779,1,0,1,Pedestrian
82,0.0,724.0,44.0,774.0,7780,1,0,1,Pedestrian
82,0.0,724.0,44.0,774.0,7781,1,0,1,Pedestrian
82,0.0,724.0,44.0,774.0,7782,1,0,1,Pedestrian
82,0.0,724.0,44.0,774.0,7783,1,0,1,Pedestrian
82,0.0,724.0,44.0,774.0,7784,1,0,1,Pedestrian
82,0.0,724.0,44.0,774.0,7785,1,0,1,Pedestrian
82,0.0,724.0,44.0,774.0,7786,1,0,1,Pedestrian
82,0.0,724.0,44.0,774.0,7787,1,0,1,Pedestrian
82,0.0,724.0,44.0,774.0,7788,1,0,1,Pedestrian
82,0.0,724.0,44.0,774.0,7789,1,0,1,Pedestrian
82,0.0,724.0,44.0,774.0,7790,1,0,1,Pedestrian
82,0.0,724.0,44.0,774.0,7791,1,0,1,Pedestrian
82,0.0,724.0,44.0,774.0,7792,1,0,1,Pedestrian
82,0.0,724.0,44.0,774.0,7793,1,0,1,Pedestrian
82,0.0,724.0,44.0,774.0,7794,1,0,1,Pedestrian
82,0.0,724.0,44.0,774.0,7795,1,0,1,Pedestrian
82,0.0,724.0,44.0,774.0,7796,1,0,1,Pedestrian
82,0.0,724.0,44.0,774.0,7797,1,0,1,Pedestrian
82,0.0,724.0,44.0,774.0,7798,1,0,1,Pedestrian
82,0.0,724.0,44.0,774.0,7799,1,0,1,Pedestrian
82,0.0,724.0,44.0,774.0,7800,1,0,1,Pedestrian
82,0.0,724.0,44.0,774.0,7801,1,0,1,Pedestrian
82,0.0,724.0,44.0,774.0,7802,1,0,1,Pedestrian
82,0.0,724.0,44.0,774.0,7803,1,0,1,Pedestrian
82,0.0,724.0,44.0,774.0,7804,1,0,1,Pedestrian
82,0.0,724.0,44.0,774.0,7805,1,0,1,Pedestrian
82,0.0,724.0,44.0,774.0,7806,1,0,1,Pedestrian
82,0.0,724.0,44.0,774.0,7807,1,0,1,Pedestrian
82,0.0,724.0,44.0,774.0,7808,1,0,1,Pedestrian
82,0.0,724.0,44.0,774.0,7809,1,0,1,Pedestrian
82,0.0,724.0,44.0,774.0,7810,1,0,1,Pedestrian
82,0.0,724.0,44.0,774.0,7811,1,0,1,Pedestrian
82,0.0,724.0,44.0,774.0,7812,1,0,1,Pedestrian
82,0.0,724.0,44.0,774.0,7813,1,0,1,Pedestrian
82,0.0,724.0,44.0,774.0,7814,1,0,1,Pedestrian
82,0.0,724.0,44.0,774.0,7815,1,0,1,Pedestrian
82,0.0,724.0,44.0,774.0,7816,1,0,1,Pedestrian
82,0.0,724.0,44.0,774.0,7817,1,0,1,Pedestrian
82,0.0,724.0,44.0,774.0,7818,1,0,1,Pedestrian
82,0.0,724.0,44.0,774.0,7819,1,0,1,Pedestrian
82,0.0,724.0,44.0,774.0,7820,1,0,1,Pedestrian
82,0.0,724.0,44.0,774.0,7821,1,0,1,Pedestrian
82,0.0,724.0,44.0,774.0,7822,1,0,1,Pedestrian
82,0.0,724.0,44.0,774.0,7823,1,0,1,Pedestrian
82,0.0,724.0,44.0,774.0,7824,1,0,1,Pedestrian
82,0.0,724.0,44.0,774.0,7825,1,0,1,Pedestrian
82,0.0,724.0,44.0,774.0,7826,1,0,1,Pedestrian
82,0.0,724.0,44.0,774.0,7827,1,0,1,Pedestrian
82,0.0,724.0,44.0,774.0,7828,1,0,1,Pedestrian
82,0.0,724.0,44.0,774.0,7829,1,0,1,Pedestrian
82,0.0,724.0,44.0,774.0,7830,1,0,1,Pedestrian
82,0.0,724.0,44.0,774.0,7831,1,0,1,Pedestrian
82,0.0,724.0,44.0,774.0,7832,1,0,1,Pedestrian
82,0.0,724.0,44.0,774.0,7833,1,0,1,Pedestrian
82,0.0,724.0,44.0,774.0,7834,1,0,1,Pedestrian
82,0.0,724.0,44.0,774.0,7835,1,0,1,Pedestrian
82,0.0,724.0,44.0,774.0,7836,1,0,1,Pedestrian
82,0.0,724.0,44.0,774.0,7837,1,0,1,Pedestrian
82,0.0,724.0,44.0,774.0,7838,1,0,1,Pedestrian
82,0.0,724.0,44.0,774.0,7839,1,0,1,Pedestrian
82,0.0,724.0,44.0,774.0,7840,1,0,1,Pedestrian
82,0.0,724.0,44.0,774.0,7841,1,0,1,Pedestrian
82,0.0,724.0,44.0,774.0,7842,1,0,1,Pedestrian
82,0.0,724.0,44.0,774.0,7843,1,0,1,Pedestrian
82,0.0,724.0,44.0,774.0,7844,1,0,1,Pedestrian
82,0.0,724.0,44.0,774.0,7845,1,0,1,Pedestrian
82,0.0,724.0,44.0,774.0,7846,1,0,1,Pedestrian
82,0.0,724.0,44.0,774.0,7847,1,0,1,Pedestrian
82,0.0,724.0,44.0,774.0,7848,1,0,1,Pedestrian
82,0.0,724.0,44.0,774.0,7849,1,0,1,Pedestrian
82,0.0,724.0,44.0,774.0,7850,1,0,1,Pedestrian
82,0.0,724.0,44.0,774.0,7851,1,0,1,Pedestrian
82,0.0,724.0,44.0,774.0,7852,1,0,1,Pedestrian
82,0.0,724.0,44.0,774.0,7853,1,0,1,Pedestrian
82,0.0,724.0,44.0,774.0,7854,1,0,1,Pedestrian
82,0.0,724.0,44.0,774.0,7855,1,0,1,Pedestrian
82,0.0,724.0,44.0,774.0,7856,1,0,1,Pedestrian
82,0.0,724.0,44.0,774.0,7857,1,0,1,Pedestrian
82,0.0,724.0,44.0,774.0,7858,1,0,1,Pedestrian
82,0.0,724.0,44.0,774.0,7859,1,0,1,Pedestrian
82,0.0,724.0,44.0,774.0,7860,1,0,1,Pedestrian
82,0.0,724.0,44.0,774.0,7861,1,0,1,Pedestrian
82,0.0,724.0,44.0,774.0,7862,1,0,1,Pedestrian
82,0.0,724.0,44.0,774.0,7863,1,0,1,Pedestrian
82,0.0,724.0,44.0,774.0,7864,1,0,1,Pedestrian
82,0.0,724.0,44.0,774.0,7865,1,0,1,Pedestrian
82,0.0,724.0,44.0,774.0,7866,1,0,1,Pedestrian
82,0.0,724.0,44.0,774.0,7867,1,0,1,Pedestrian
82,0.0,724.0,44.0,774.0,7868,1,0,1,Pedestrian
82,0.0,724.0,44.0,774.0,7869,1,0,1,Pedestrian
82,0.0,724.0,44.0,774.0,7870,1,0,1,Pedestrian
82,0.0,724.0,44.0,774.0,7871,1,0,1,Pedestrian
82,0.0,724.0,44.0,774.0,7872,1,0,1,Pedestrian
82,0.0,724.0,44.0,774.0,7873,1,0,1,Pedestrian
82,0.0,724.0,44.0,774.0,7874,1,0,1,Pedestrian
82,0.0,724.0,44.0,774.0,7875,1,0,1,Pedestrian
82,0.0,724.0,44.0,774.0,7876,1,0,1,Pedestrian
82,0.0,724.0,44.0,774.0,7877,1,0,1,Pedestrian
82,0.0,724.0,44.0,774.0,7878,1,0,1,Pedestrian
82,0.0,724.0,44.0,774.0,7879,1,0,1,Pedestrian
82,0.0,724.0,44.0,774.0,7880,1,0,1,Pedestrian
82,0.0,724.0,44.0,774.0,7881,1,0,1,Pedestrian
82,0.0,724.0,44.0,774.0,7882,1,0,1,Pedestrian
82,0.0,724.0,44.0,774.0,7883,1,0,1,Pedestrian
82,0.0,724.0,44.0,774.0,7884,1,0,1,Pedestrian
82,0.0,724.0,44.0,774.0,7885,1,0,1,Pedestrian
82,0.0,724.0,44.0,774.0,7886,1,0,1,Pedestrian
82,0.0,724.0,44.0,774.0,7887,1,0,1,Pedestrian
82,0.0,724.0,44.0,774.0,7888,1,0,1,Pedestrian
82,0.0,724.0,44.0,774.0,7889,1,0,1,Pedestrian
82,0.0,724.0,44.0,774.0,7890,1,0,1,Pedestrian
82,0.0,724.0,44.0,774.0,7891,1,0,1,Pedestrian
82,0.0,724.0,44.0,774.0,7892,1,0,1,Pedestrian
82,0.0,724.0,44.0,774.0,7893,1,0,1,Pedestrian
82,0.0,724.0,44.0,774.0,7894,1,0,1,Pedestrian
82,0.0,724.0,44.0,774.0,7895,1,0,1,Pedestrian
82,0.0,724.0,44.0,774.0,7896,1,0,1,Pedestrian
82,0.0,724.0,44.0,774.0,7897,1,0,1,Pedestrian
82,0.0,724.0,44.0,774.0,7898,1,0,1,Pedestrian
82,0.0,724.0,44.0,774.0,7899,1,0,1,Pedestrian
82,0.0,724.0,44.0,774.0,7900,1,0,1,Pedestrian
82,0.0,724.0,44.0,774.0,7901,1,0,1,Pedestrian
82,0.0,724.0,44.0,774.0,7902,1,0,1,Pedestrian
82,0.0,724.0,44.0,774.0,7903,1,0,1,Pedestrian
82,0.0,724.0,44.0,774.0,7904,1,0,1,Pedestrian
82,0.0,724.0,44.0,774.0,7905,1,0,1,Pedestrian
82,0.0,724.0,44.0,774.0,7906,1,0,1,Pedestrian
82,0.0,724.0,44.0,774.0,7907,1,0,1,Pedestrian
82,0.0,724.0,44.0,774.0,7908,1,0,1,Pedestrian
82,0.0,724.0,44.0,774.0,7909,1,0,1,Pedestrian
82,0.0,724.0,44.0,774.0,7910,1,0,1,Pedestrian
82,0.0,724.0,44.0,774.0,7911,1,0,1,Pedestrian
82,0.0,724.0,44.0,774.0,7912,1,0,1,Pedestrian
82,0.0,724.0,44.0,774.0,7913,1,0,1,Pedestrian
82,0.0,724.0,44.0,774.0,7914,1,0,1,Pedestrian
82,0.0,724.0,44.0,774.0,7915,1,0,1,Pedestrian
82,0.0,724.0,44.0,774.0,7916,1,0,1,Pedestrian
82,0.0,724.0,44.0,774.0,7917,1,0,1,Pedestrian
82,0.0,724.0,44.0,774.0,7918,1,0,1,Pedestrian
82,0.0,724.0,44.0,774.0,7919,1,0,1,Pedestrian
82,0.0,724.0,44.0,774.0,7920,1,0,1,Pedestrian
82,0.0,724.0,44.0,774.0,7921,1,0,1,Pedestrian
82,0.0,724.0,44.0,774.0,7922,1,0,1,Pedestrian
82,0.0,724.0,44.0,774.0,7923,1,0,1,Pedestrian
82,0.0,724.0,44.0,774.0,7924,1,0,1,Pedestrian
82,0.0,724.0,44.0,774.0,7925,1,0,1,Pedestrian
82,0.0,724.0,44.0,774.0,7926,1,0,1,Pedestrian
82,0.0,724.0,44.0,774.0,7927,1,0,1,Pedestrian
82,0.0,724.0,44.0,774.0,7928,1,0,1,Pedestrian
82,0.0,724.0,44.0,774.0,7929,1,0,1,Pedestrian
82,0.0,724.0,44.0,774.0,7930,1,0,1,Pedestrian
82,0.0,724.0,44.0,774.0,7931,1,0,1,Pedestrian
82,0.0,724.0,44.0,774.0,7932,1,0,1,Pedestrian
82,0.0,724.0,44.0,774.0,7933,1,0,1,Pedestrian
82,0.0,724.0,44.0,774.0,7934,1,0,1,Pedestrian
82,0.0,724.0,44.0,774.0,7935,1,0,1,Pedestrian
82,0.0,724.0,44.0,774.0,7936,1,0,1,Pedestrian
82,0.0,724.0,44.0,774.0,7937,1,0,1,Pedestrian
82,0.0,724.0,44.0,774.0,7938,1,0,1,Pedestrian
82,0.0,724.0,44.0,774.0,7939,1,0,1,Pedestrian
82,0.0,724.0,44.0,774.0,7940,1,0,1,Pedestrian
82,0.0,724.0,44.0,774.0,7941,1,0,1,Pedestrian
82,0.0,724.0,44.0,774.0,7942,1,0,1,Pedestrian
82,0.0,724.0,44.0,774.0,7943,1,0,1,Pedestrian
82,0.0,724.0,44.0,774.0,7944,1,0,1,Pedestrian
82,0.0,724.0,44.0,774.0,7945,1,0,1,Pedestrian
82,0.0,724.0,44.0,774.0,7946,1,0,1,Pedestrian
82,0.0,724.0,44.0,774.0,7947,1,0,1,Pedestrian
82,0.0,724.0,44.0,774.0,7948,1,0,1,Pedestrian
82,0.0,724.0,44.0,774.0,7949,1,0,1,Pedestrian
82,0.0,724.0,44.0,774.0,7950,1,0,1,Pedestrian
82,0.0,724.0,44.0,774.0,7951,1,0,1,Pedestrian
82,0.0,724.0,44.0,774.0,7952,1,0,1,Pedestrian
82,0.0,724.0,44.0,774.0,7953,1,0,1,Pedestrian
82,0.0,724.0,44.0,774.0,7954,1,0,1,Pedestrian
82,0.0,724.0,44.0,774.0,7955,1,0,1,Pedestrian
82,0.0,724.0,44.0,774.0,7956,1,0,1,Pedestrian
82,0.0,724.0,44.0,774.0,7957,1,0,1,Pedestrian
82,0.0,724.0,44.0,774.0,7958,1,0,1,Pedestrian
82,0.0,724.0,44.0,774.0,7959,1,0,1,Pedestrian
82,0.0,724.0,44.0,774.0,7960,1,0,1,Pedestrian
82,0.0,724.0,44.0,774.0,7961,1,0,1,Pedestrian
82,0.0,724.0,44.0,774.0,7962,1,0,1,Pedestrian
82,0.0,724.0,44.0,774.0,7963,1,0,1,Pedestrian
82,0.0,724.0,44.0,774.0,7964,1,0,1,Pedestrian
82,0.0,724.0,44.0,774.0,7965,1,0,1,Pedestrian
82,0.0,724.0,44.0,774.0,7966,1,0,1,Pedestrian
82,0.0,724.0,44.0,774.0,7967,1,0,1,Pedestrian
82,0.0,724.0,44.0,774.0,7968,1,0,1,Pedestrian
82,0.0,724.0,44.0,774.0,7969,1,0,1,Pedestrian
82,0.0,724.0,44.0,774.0,7970,1,0,1,Pedestrian
82,0.0,724.0,44.0,774.0,7971,1,0,1,Pedestrian
82,0.0,724.0,44.0,774.0,7972,1,0,1,Pedestrian
82,0.0,724.0,44.0,774.0,7973,1,0,1,Pedestrian
82,0.0,724.0,44.0,774.0,7974,1,0,1,Pedestrian
82,0.0,724.0,44.0,774.0,7975,1,0,1,Pedestrian
82,0.0,724.0,44.0,774.0,7976,1,0,1,Pedestrian
82,0.0,724.0,44.0,774.0,7977,1,0,1,Pedestrian
82,0.0,724.0,44.0,774.0,7978,1,0,1,Pedestrian
82,0.0,724.0,44.0,774.0,7979,1,0,1,Pedestrian
82,0.0,724.0,44.0,774.0,7980,1,0,1,Pedestrian
82,0.0,724.0,44.0,774.0,7981,1,0,1,Pedestrian
82,0.0,724.0,44.0,774.0,7982,1,0,1,Pedestrian
82,0.0,724.0,44.0,774.0,7983,1,0,1,Pedestrian
82,0.0,724.0,44.0,774.0,7984,1,0,1,Pedestrian
82,0.0,724.0,44.0,774.0,7985,1,0,1,Pedestrian
82,0.0,724.0,44.0,774.0,7986,1,0,1,Pedestrian
82,0.0,724.0,44.0,774.0,7987,1,0,1,Pedestrian
82,0.0,724.0,44.0,774.0,7988,1,0,1,Pedestrian
82,0.0,724.0,44.0,774.0,7989,1,0,1,Pedestrian
82,0.0,724.0,44.0,774.0,7990,1,0,1,Pedestrian
82,0.0,724.0,44.0,774.0,7991,1,0,1,Pedestrian
82,0.0,724.0,44.0,774.0,7992,1,0,1,Pedestrian
82,0.0,724.0,44.0,774.0,7993,1,0,1,Pedestrian
82,0.0,724.0,44.0,774.0,7994,1,0,1,Pedestrian
82,0.0,724.0,44.0,774.0,7995,1,0,1,Pedestrian
82,0.0,724.0,44.0,774.0,7996,1,0,1,Pedestrian
82,0.0,724.0,44.0,774.0,7997,1,0,1,Pedestrian
82,0.0,724.0,44.0,774.0,7998,1,0,1,Pedestrian
82,0.0,724.0,44.0,774.0,7999,1,0,1,Pedestrian
82,0.0,724.0,44.0,774.0,8000,1,0,1,Pedestrian
82,0.0,724.0,44.0,774.0,8001,1,0,1,Pedestrian
82,0.0,724.0,44.0,774.0,8002,1,0,1,Pedestrian
82,0.0,724.0,44.0,774.0,8003,1,0,1,Pedestrian
82,0.0,724.0,44.0,774.0,8004,1,0,1,Pedestrian
82,0.0,724.0,44.0,774.0,8005,1,0,1,Pedestrian
82,0.0,724.0,44.0,774.0,8006,1,0,1,Pedestrian
82,0.0,724.0,44.0,774.0,8007,1,0,1,Pedestrian
82,0.0,724.0,44.0,774.0,8008,1,0,1,Pedestrian
82,0.0,724.0,44.0,774.0,8009,1,0,1,Pedestrian
82,0.0,724.0,44.0,774.0,8010,1,0,1,Pedestrian
82,0.0,724.0,44.0,774.0,8011,1,0,1,Pedestrian
82,0.0,724.0,44.0,774.0,8012,1,0,1,Pedestrian
82,0.0,724.0,44.0,774.0,8013,1,0,1,Pedestrian
82,0.0,724.0,44.0,774.0,8014,1,0,1,Pedestrian
82,0.0,724.0,44.0,774.0,8015,1,0,1,Pedestrian
82,0.0,724.0,44.0,774.0,8016,1,0,1,Pedestrian
82,0.0,724.0,44.0,774.0,8017,1,0,1,Pedestrian
82,0.0,724.0,44.0,774.0,8018,1,0,1,Pedestrian
82,0.0,724.0,44.0,774.0,8019,1,0,1,Pedestrian
82,0.0,724.0,44.0,774.0,8020,1,0,1,Pedestrian
82,0.0,724.0,44.0,774.0,8021,1,0,1,Pedestrian
82,0.0,724.0,44.0,774.0,8022,1,0,1,Pedestrian
82,0.0,724.0,44.0,774.0,8023,1,0,1,Pedestrian
82,0.0,724.0,44.0,774.0,8024,1,0,1,Pedestrian
82,0.0,724.0,44.0,774.0,8025,1,0,1,Pedestrian
82,0.0,724.0,44.0,774.0,8026,1,0,1,Pedestrian
82,0.0,724.0,44.0,774.0,8027,1,0,1,Pedestrian
82,0.0,724.0,44.0,774.0,8028,1,0,1,Pedestrian
82,0.0,724.0,44.0,774.0,8029,1,0,1,Pedestrian
82,0.0,724.0,44.0,774.0,8030,1,0,1,Pedestrian
82,0.0,724.0,44.0,774.0,8031,1,0,0,Pedestrian
83,646.0,2.0,770.0,100.0,6000,0,0,0,Pedestrian
83,643.0,2.0,767.0,97.0,6001,0,0,1,Pedestrian
83,643.0,2.0,767.0,97.0,6002,0,0,1,Pedestrian
83,643.0,2.0,767.0,97.0,6003,0,0,1,Pedestrian
83,643.0,2.0,764.0,97.0,6004,0,0,1,Pedestrian
83,643.0,2.0,764.0,97.0,6005,0,0,1,Pedestrian
83,643.0,2.0,764.0,97.0,6006,0,0,1,Pedestrian
83,643.0,2.0,761.0,97.0,6007,0,0,1,Pedestrian
83,640.0,2.0,761.0,97.0,6008,0,0,1,Pedestrian
83,640.0,4.0,761.0,97.0,6009,0,0,1,Pedestrian
83,640.0,4.0,761.0,97.0,6010,0,0,1,Pedestrian
83,640.0,4.0,759.0,95.0,6011,0,0,1,Pedestrian
83,640.0,4.0,759.0,95.0,6012,0,0,1,Pedestrian
83,640.0,4.0,759.0,95.0,6013,0,0,1,Pedestrian
83,640.0,4.0,756.0,95.0,6014,0,0,1,Pedestrian
83,638.0,4.0,756.0,95.0,6015,0,0,1,Pedestrian
83,638.0,4.0,756.0,95.0,6016,0,0,1,Pedestrian
83,638.0,4.0,753.0,95.0,6017,0,0,1,Pedestrian
83,638.0,6.0,753.0,95.0,6018,0,0,1,Pedestrian
83,638.0,6.0,753.0,95.0,6019,0,0,1,Pedestrian
83,638.0,6.0,753.0,95.0,6020,0,0,1,Pedestrian
83,638.0,6.0,750.0,93.0,6021,0,0,1,Pedestrian
83,635.0,6.0,750.0,93.0,6022,0,0,1,Pedestrian
83,635.0,6.0,750.0,93.0,6023,0,0,1,Pedestrian
83,635.0,6.0,748.0,93.0,6024,0,0,1,Pedestrian
83,635.0,6.0,748.0,93.0,6025,0,0,1,Pedestrian
83,635.0,6.0,748.0,93.0,6026,0,0,1,Pedestrian
83,635.0,9.0,745.0,93.0,6027,0,0,1,Pedestrian
83,635.0,9.0,745.0,93.0,6028,0,0,1,Pedestrian
83,632.0,9.0,745.0,93.0,6029,0,0,1,Pedestrian
83,632.0,9.0,745.0,93.0,6030,0,0,1,Pedestrian
83,632.0,9.0,742.0,91.0,6031,0,0,1,Pedestrian
83,632.0,9.0,742.0,91.0,6032,0,0,1,Pedestrian
83,632.0,9.0,742.0,91.0,6033,0,0,1,Pedestrian
83,632.0,9.0,739.0,91.0,6034,0,0,1,Pedestrian
83,632.0,11.0,739.0,91.0,6035,0,0,1,Pedestrian
83,629.0,11.0,739.0,91.0,6036,0,0,1,Pedestrian
83,629.0,11.0,737.0,91.0,6037,0,0,1,Pedestrian
83,629.0,11.0,737.0,91.0,6038,0,0,1,Pedestrian
83,629.0,11.0,737.0,91.0,6039,0,0,1,Pedestrian
83,629.0,11.0,737.0,91.0,6040,0,0,1,Pedestrian
83,629.0,11.0,734.0,88.0,6041,0,0,1,Pedestrian
83,629.0,11.0,734.0,88.0,6042,0,0,1,Pedestrian
83,627.0,11.0,734.0,88.0,6043,0,0,1,Pedestrian
83,627.0,13.0,731.0,88.0,6044,0,0,1,Pedestrian
83,627.0,13.0,731.0,88.0,6045,0,0,1,Pedestrian
83,627.0,13.0,731.0,88.0,6046,0,0,1,Pedestrian
83,627.0,13.0,728.0,88.0,6047,0,0,1,Pedestrian
83,627.0,13.0,728.0,88.0,6048,0,0,1,Pedestrian
83,627.0,13.0,728.0,88.0,6049,0,0,1,Pedestrian
83,624.0,13.0,728.0,88.0,6050,0,0,1,Pedestrian
83,624.0,13.0,726.0,86.0,6051,0,0,1,Pedestrian
83,624.0,13.0,726.0,86.0,6052,0,0,1,Pedestrian
83,624.0,15.0,726.0,86.0,6053,0,0,1,Pedestrian
83,624.0,15.0,723.0,86.0,6054,0,0,1,Pedestrian
83,624.0,15.0,723.0,86.0,6055,0,0,1,Pedestrian
83,624.0,15.0,723.0,86.0,6056,0,0,1,Pedestrian
83,621.0,15.0,720.0,86.0,6057,0,0,1,Pedestrian
83,621.0,15.0,720.0,86.0,6058,0,0,1,Pedestrian
83,621.0,15.0,720.0,86.0,6059,0,0,1,Pedestrian
83,621.0,15.0,720.0,86.0,6060,0,0,1,Pedestrian
83,621.0,15.0,717.0,84.0,6061,0,0,1,Pedestrian
83,621.0,18.0,717.0,84.0,6062,0,0,1,Pedestrian
83,621.0,18.0,717.0,84.0,6063,0,0,1,Pedestrian
83,618.0,18.0,715.0,84.0,6064,0,0,1,Pedestrian
83,618.0,18.0,715.0,84.0,6065,0,0,1,Pedestrian
83,618.0,18.0,715.0,84.0,6066,0,0,1,Pedestrian
83,618.0,18.0,712.0,84.0,6067,0,0,1,Pedestrian
83,618.0,18.0,712.0,84.0,6068,0,0,1,Pedestrian
83,618.0,18.0,712.0,84.0,6069,0,0,1,Pedestrian
83,618.0,20.0,712.0,84.0,6070,0,0,0,Pedestrian
83,616.0,20.0,709.0,84.0,6071,0,0,1,Pedestrian
83,616.0,20.0,709.0,84.0,6072,0,0,1,Pedestrian
83,616.0,22.0,709.0,86.0,6073,0,0,1,Pedestrian
83,613.0,22.0,706.0,86.0,6074,0,0,1,Pedestrian
83,613.0,25.0,706.0,88.0,6075,0,0,1,Pedestrian
83,613.0,25.0,706.0,88.0,6076,0,0,1,Pedestrian
83,613.0,27.0,706.0,91.0,6077,0,0,1,Pedestrian
83,610.0,27.0,704.0,91.0,6078,0,0,1,Pedestrian
83,610.0,27.0,704.0,91.0,6079,0,0,1,Pedestrian
83,610.0,29.0,704.0,93.0,6080,0,0,1,Pedestrian
83,610.0,29.0,704.0,93.0,6081,0,0,1,Pedestrian
83,607.0,31.0,701.0,95.0,6082,0,0,1,Pedestrian
83,607.0,31.0,701.0,95.0,6083,0,0,1,Pedestrian
83,607.0,34.0,701.0,97.0,6084,0,0,1,Pedestrian
83,607.0,34.0,701.0,97.0,6085,0,0,1,Pedestrian
83,605.0,36.0,698.0,100.0,6086,0,0,1,Pedestrian
83,605.0,36.0,698.0,100.0,6087,0,0,1,Pedestrian
83,605.0,36.0,698.0,100.0,6088,0,0,1,Pedestrian
83,605.0,38.0,698.0,102.0,6089,0,0,1,Pedestrian
83,602.0,38.0,695.0,102.0,6090,0,0,1,Pedestrian
83,602.0,40.0,695.0,104.0,6091,0,0,1,Pedestrian
83,602.0,40.0,695.0,104.0,6092,0,0,1,Pedestrian
83,602.0,43.0,695.0,107.0,6093,0,0,1,Pedestrian
83,599.0,43.0,693.0,107.0,6094,0,0,1,Pedestrian
83,599.0,43.0,693.0,107.0,6095,0,0,1,Pedestrian
83,599.0,45.0,693.0,109.0,6096,0,0,1,Pedestrian
83,599.0,45.0,693.0,109.0,6097,0,0,1,Pedestrian
83,596.0,47.0,690.0,111.0,6098,0,0,1,Pedestrian
83,596.0,47.0,690.0,111.0,6099,0,0,1,Pedestrian
83,596.0,50.0,690.0,113.0,6100,0,0,1,Pedestrian
83,596.0,50.0,690.0,113.0,6101,0,0,1,Pedestrian
83,594.0,52.0,687.0,116.0,6102,0,0,1,Pedestrian
83,594.0,52.0,687.0,116.0,6103,0,0,1,Pedestrian
83,594.0,52.0,687.0,116.0,6104,0,0,1,Pedestrian
83,594.0,54.0,687.0,118.0,6105,0,0,1,Pedestrian
83,591.0,54.0,684.0,118.0,6106,0,0,1,Pedestrian
83,591.0,56.0,684.0,120.0,6107,0,0,1,Pedestrian
83,591.0,56.0,684.0,120.0,6108,0,0,1,Pedestrian
83,591.0,59.0,684.0,122.0,6109,0,0,1,Pedestrian
83,588.0,59.0,682.0,122.0,6110,0,0,1,Pedestrian
83,588.0,59.0,682.0,122.0,6111,0,0,1,Pedestrian
83,588.0,61.0,682.0,125.0,6112,0,0,1,Pedestrian
83,585.0,61.0,679.0,125.0,6113,0,0,1,Pedestrian
83,585.0,63.0,679.0,127.0,6114,0,0,1,Pedestrian
83,585.0,63.0,679.0,127.0,6115,0,0,1,Pedestrian
83,585.0,66.0,679.0,129.0,6116,0,0,1,Pedestrian
83,583.0,66.0,676.0,129.0,6117,0,0,1,Pedestrian
83,583.0,68.0,676.0,132.0,6118,0,0,1,Pedestrian
83,583.0,68.0,676.0,132.0,6119,0,0,1,Pedestrian
83,583.0,68.0,676.0,132.0,6120,0,0,1,Pedestrian
83,580.0,70.0,673.0,134.0,6121,0,0,1,Pedestrian
83,580.0,70.0,673.0,134.0,6122,0,0,1,Pedestrian
83,580.0,72.0,673.0,136.0,6123,0,0,1,Pedestrian
83,580.0,72.0,673.0,136.0,6124,0,0,1,Pedestrian
83,577.0,75.0,671.0,138.0,6125,0,0,1,Pedestrian
83,577.0,75.0,671.0,138.0,6126,0,0,1,Pedestrian
83,577.0,75.0,671.0,138.0,6127,0,0,1,Pedestrian
83,577.0,77.0,671.0,141.0,6128,0,0,1,Pedestrian
83,574.0,77.0,668.0,141.0,6129,0,0,1,Pedestrian
83,574.0,79.0,668.0,143.0,6130,0,0,1,Pedestrian
83,574.0,79.0,668.0,143.0,6131,0,0,1,Pedestrian
83,574.0,81.0,668.0,145.0,6132,0,0,1,Pedestrian
83,572.0,81.0,665.0,145.0,6133,0,0,1,Pedestrian
83,572.0,84.0,665.0,148.0,6134,0,0,1,Pedestrian
83,572.0,84.0,665.0,148.0,6135,0,0,1,Pedestrian
83,572.0,84.0,665.0,148.0,6136,0,0,1,Pedestrian
83,569.0,86.0,662.0,150.0,6137,0,0,1,Pedestrian
83,569.0,86.0,662.0,150.0,6138,0,0,1,Pedestrian
83,569.0,88.0,662.0,152.0,6139,0,0,1,Pedestrian
83,569.0,88.0,662.0,152.0,6140,0,0,1,Pedestrian
83,566.0,91.0,660.0,154.0,6141,0,0,1,Pedestrian
83,566.0,91.0,660.0,154.0,6142,0,0,1,Pedestrian
83,566.0,91.0,660.0,154.0,6143,0,0,1,Pedestrian
83,566.0,93.0,660.0,157.0,6144,0,0,1,Pedestrian
83,563.0,93.0,657.0,157.0,6145,0,0,1,Pedestrian
83,563.0,95.0,657.0,159.0,6146,0,0,1,Pedestrian
83,563.0,95.0,657.0,159.0,6147,0,0,1,Pedestrian
83,563.0,97.0,657.0,161.0,6148,0,0,1,Pedestrian
83,561.0,97.0,654.0,161.0,6149,0,0,1,Pedestrian
83,561.0,100.0,654.0,163.0,6150,0,0,1,Pedestrian
83,561.0,100.0,654.0,163.0,6151,0,0,1,Pedestrian
83,558.0,100.0,651.0,163.0,6152,0,0,1,Pedestrian
83,558.0,102.0,651.0,166.0,6153,0,0,1,Pedestrian
83,558.0,102.0,651.0,166.0,6154,0,0,1,Pedestrian
83,558.0,104.0,651.0,168.0,6155,0,0,1,Pedestrian
83,555.0,104.0,649.0,168.0,6156,0,0,1,Pedestrian
83,555.0,107.0,649.0,170.0,6157,0,0,1,Pedestrian
83,555.0,107.0,649.0,170.0,6158,0,0,1,Pedestrian
83,555.0,107.0,649.0,170.0,6159,0,0,1,Pedestrian
83,552.0,109.0,646.0,173.0,6160,0,0,1,Pedestrian
83,552.0,109.0,646.0,173.0,6161,0,0,1,Pedestrian
83,552.0,111.0,646.0,175.0,6162,0,0,1,Pedestrian
83,552.0,111.0,646.0,175.0,6163,0,0,1,Pedestrian
83,550.0,113.0,643.0,177.0,6164,0,0,1,Pedestrian
83,550.0,113.0,643.0,177.0,6165,0,0,1,Pedestrian
83,550.0,116.0,643.0,179.0,6166,0,0,1,Pedestrian
83,550.0,116.0,643.0,179.0,6167,0,0,1,Pedestrian
83,547.0,116.0,640.0,179.0,6168,0,0,1,Pedestrian
83,547.0,118.0,640.0,182.0,6169,0,0,1,Pedestrian
83,547.0,118.0,640.0,182.0,6170,0,0,1,Pedestrian
83,547.0,120.0,640.0,184.0,6171,0,0,1,Pedestrian
83,544.0,120.0,638.0,184.0,6172,0,0,1,Pedestrian
83,544.0,122.0,638.0,186.0,6173,0,0,1,Pedestrian
83,544.0,122.0,638.0,186.0,6174,0,0,1,Pedestrian
83,544.0,122.0,638.0,186.0,6175,0,0,1,Pedestrian
83,541.0,125.0,635.0,188.0,6176,0,0,1,Pedestrian
83,541.0,125.0,635.0,188.0,6177,0,0,1,Pedestrian
83,541.0,127.0,635.0,191.0,6178,0,0,1,Pedestrian
83,541.0,127.0,635.0,191.0,6179,0,0,1,Pedestrian
83,539.0,129.0,632.0,193.0,6180,0,0,1,Pedestrian
83,539.0,129.0,632.0,193.0,6181,0,0,1,Pedestrian
83,539.0,132.0,632.0,195.0,6182,0,0,1,Pedestrian
83,539.0,132.0,632.0,195.0,6183,0,0,1,Pedestrian
83,536.0,132.0,629.0,195.0,6184,0,0,1,Pedestrian
83,536.0,134.0,629.0,198.0,6185,0,0,1,Pedestrian
83,536.0,134.0,629.0,198.0,6186,0,0,1,Pedestrian
83,536.0,136.0,629.0,200.0,6187,0,0,1,Pedestrian
83,533.0,136.0,627.0,200.0,6188,0,0,1,Pedestrian
83,533.0,138.0,627.0,202.0,6189,0,0,1,Pedestrian
83,533.0,138.0,627.0,202.0,6190,0,0,1,Pedestrian
83,533.0,141.0,627.0,204.0,6191,0,0,0,Pedestrian
83,530.0,141.0,624.0,204.0,6192,0,0,1,Pedestrian
83,530.0,141.0,624.0,207.0,6193,0,0,1,Pedestrian
83,530.0,143.0,624.0,207.0,6194,0,0,1,Pedestrian
83,530.0,143.0,624.0,209.0,6195,0,0,1,Pedestrian
83,530.0,145.0,621.0,209.0,6196,0,0,1,Pedestrian
83,528.0,145.0,621.0,211.0,6197,0,0,1,Pedestrian
83,528.0,148.0,621.0,211.0,6198,0,0,1,Pedestrian
83,528.0,148.0,621.0,214.0,6199,0,0,1,Pedestrian
83,528.0,150.0,621.0,214.0,6200,0,0,1,Pedestrian
83,528.0,150.0,618.0,216.0,6201,0,0,1,Pedestrian
83,525.0,152.0,618.0,216.0,6202,0,0,1,Pedestrian
83,525.0,152.0,618.0,218.0,6203,0,0,1,Pedestrian
83,525.0,152.0,618.0,218.0,6204,0,0,1,Pedestrian
83,525.0,154.0,618.0,220.0,6205,0,0,1,Pedestrian
83,525.0,154.0,616.0,220.0,6206,0,0,1,Pedestrian
83,522.0,157.0,616.0,223.0,6207,0,0,1,Pedestrian
83,522.0,157.0,616.0,225.0,6208,0,0,1,Pedestrian
83,522.0,159.0,616.0,225.0,6209,0,0,1,Pedestrian
83,522.0,159.0,616.0,227.0,6210,0,0,1,Pedestrian
83,522.0,161.0,613.0,227.0,6211,0,0,1,Pedestrian
83,519.0,161.0,613.0,229.0,6212,0,0,1,Pedestrian
83,519.0,163.0,613.0,229.0,6213,0,0,1,Pedestrian
83,519.0,163.0,613.0,232.0,6214,0,0,1,Pedestrian
83,519.0,166.0,613.0,232.0,6215,0,0,1,Pedestrian
83,519.0,166.0,610.0,234.0,6216,0,0,1,Pedestrian
83,517.0,166.0,610.0,234.0,6217,0,0,1,Pedestrian
83,517.0,168.0,610.0,236.0,6218,0,0,1,Pedestrian
83,517.0,168.0,610.0,236.0,6219,0,0,1,Pedestrian
83,517.0,170.0,610.0,239.0,6220,0,0,1,Pedestrian
83,517.0,170.0,607.0,239.0,6221,0,0,1,Pedestrian
83,514.0,173.0,607.0,241.0,6222,0,0,1,Pedestrian
83,514.0,173.0,607.0,243.0,6223,0,0,1,Pedestrian
83,514.0,175.0,607.0,243.0,6224,0,0,1,Pedestrian
83,514.0,175.0,607.0,245.0,6225,0,0,1,Pedestrian
83,514.0,177.0,605.0,245.0,6226,0,0,1,Pedestrian
83,511.0,177.0,605.0,248.0,6227,0,0,1,Pedestrian
83,511.0,177.0,605.0,248.0,6228,0,0,1,Pedestrian
83,511.0,179.0,605.0,250.0,6229,0,0,1,Pedestrian
83,511.0,179.0,605.0,250.0,6230,0,0,1,Pedestrian
83,511.0,182.0,602.0,252.0,6231,0,0,1,Pedestrian
83,508.0,182.0,602.0,252.0,6232,0,0,1,Pedestrian
83,508.0,184.0,602.0,255.0,6233,0,0,1,Pedestrian
83,508.0,184.0,602.0,255.0,6234,0,0,1,Pedestrian
83,508.0,186.0,602.0,257.0,6235,0,0,1,Pedestrian
83,508.0,186.0,599.0,257.0,6236,0,0,1,Pedestrian
83,506.0,188.0,599.0,259.0,6237,0,0,1,Pedestrian
83,506.0,188.0,599.0,261.0,6238,0,0,1,Pedestrian
83,506.0,191.0,599.0,261.0,6239,0,0,1,Pedestrian
83,506.0,191.0,599.0,264.0,6240,0,0,1,Pedestrian
83,506.0,191.0,596.0,264.0,6241,0,0,1,Pedestrian
83,503.0,193.0,596.0,266.0,6242,0,0,1,Pedestrian
83,503.0,193.0,596.0,266.0,6243,0,0,1,Pedestrian
83,503.0,195.0,596.0,268.0,6244,0,0,1,Pedestrian
83,503.0,195.0,596.0,268.0,6245,0,0,1,Pedestrian
83,503.0,198.0,594.0,270.0,6246,0,0,1,Pedestrian
83,500.0,198.0,594.0,270.0,6247,0,0,1,Pedestrian
83,500.0,200.0,594.0,273.0,6248,0,0,1,Pedestrian
83,500.0,200.0,594.0,273.0,6249,0,0,1,Pedestrian
83,500.0,202.0,594.0,275.0,6250,0,0,1,Pedestrian
83,500.0,202.0,591.0,275.0,6251,0,0,1,Pedestrian
83,497.0,202.0,591.0,277.0,6252,0,0,1,Pedestrian
83,497.0,204.0,591.0,280.0,6253,0,0,1,Pedestrian
83,497.0,204.0,591.0,280.0,6254,0,0,1,Pedestrian
83,497.0,207.0,591.0,282.0,6255,0,0,1,Pedestrian
83,497.0,207.0,588.0,282.0,6256,0,0,1,Pedestrian
83,495.0,209.0,588.0,284.0,6257,0,0,1,Pedestrian
83,495.0,209.0,588.0,284.0,6258,0,0,1,Pedestrian
83,495.0,211.0,588.0,286.0,6259,0,0,1,Pedestrian
83,495.0,211.0,588.0,286.0,6260,0,0,1,Pedestrian
83,495.0,214.0,585.0,289.0,6261,0,0,1,Pedestrian
83,492.0,214.0,585.0,289.0,6262,0,0,1,Pedestrian
83,492.0,216.0,585.0,291.0,6263,0,0,1,Pedestrian
83,492.0,216.0,585.0,291.0,6264,0,0,1,Pedestrian
83,492.0,216.0,585.0,293.0,6265,0,0,1,Pedestrian
83,492.0,218.0,583.0,293.0,6266,0,0,1,Pedestrian
83,489.0,218.0,583.0,296.0,6267,0,0,1,Pedestrian
83,489.0,220.0,583.0,298.0,6268,0,0,1,Pedestrian
83,489.0,220.0,583.0,298.0,6269,0,0,1,Pedestrian
83,489.0,223.0,583.0,300.0,6270,0,0,1,Pedestrian
83,489.0,223.0,580.0,300.0,6271,0,0,1,Pedestrian
83,486.0,225.0,580.0,302.0,6272,0,0,1,Pedestrian
83,486.0,225.0,580.0,302.0,6273,0,0,1,Pedestrian
83,486.0,227.0,580.0,305.0,6274,0,0,1,Pedestrian
83,486.0,227.0,577.0,305.0,6275,0,0,1,Pedestrian
83,486.0,227.0,577.0,307.0,6276,0,0,1,Pedestrian
83,484.0,229.0,577.0,307.0,6277,0,0,1,Pedestrian
83,484.0,229.0,577.0,309.0,6278,0,0,1,Pedestrian
83,484.0,232.0,577.0,309.0,6279,0,0,1,Pedestrian
83,484.0,232.0,574.0,311.0,6280,0,0,1,Pedestrian
83,484.0,234.0,574.0,311.0,6281,0,0,1,Pedestrian
83,481.0,234.0,574.0,314.0,6282,0,0,1,Pedestrian
83,481.0,236.0,574.0,316.0,6283,0,0,1,Pedestrian
83,481.0,236.0,574.0,316.0,6284,0,0,1,Pedestrian
83,481.0,239.0,572.0,318.0,6285,0,0,1,Pedestrian
83,481.0,239.0,572.0,318.0,6286,0,0,1,Pedestrian
83,478.0,241.0,572.0,321.0,6287,0,0,1,Pedestrian
83,478.0,241.0,572.0,321.0,6288,0,0,1,Pedestrian
83,478.0,241.0,572.0,323.0,6289,0,0,1,Pedestrian
83,478.0,243.0,569.0,323.0,6290,0,0,1,Pedestrian
83,478.0,243.0,569.0,325.0,6291,0,0,1,Pedestrian
83,475.0,245.0,569.0,325.0,6292,0,0,1,Pedestrian
83,475.0,245.0,569.0,327.0,6293,0,0,1,Pedestrian
83,475.0,248.0,569.0,327.0,6294,0,0,1,Pedestrian
83,475.0,248.0,566.0,330.0,6295,0,0,1,Pedestrian
83,475.0,250.0,566.0,330.0,6296,0,0,1,Pedestrian
83,473.0,250.0,566.0,332.0,6297,0,0,1,Pedestrian
83,473.0,252.0,566.0,334.0,6298,0,0,1,Pedestrian
83,473.0,252.0,566.0,334.0,6299,0,0,1,Pedestrian
83,473.0,252.0,563.0,337.0,6300,0,0,1,Pedestrian
83,473.0,255.0,563.0,337.0,6301,0,0,1,Pedestrian
83,470.0,255.0,563.0,339.0,6302,0,0,1,Pedestrian
83,470.0,257.0,563.0,339.0,6303,0,0,1,Pedestrian
83,470.0,257.0,563.0,341.0,6304,0,0,1,Pedestrian
83,470.0,259.0,561.0,341.0,6305,0,0,1,Pedestrian
83,470.0,259.0,561.0,343.0,6306,0,0,1,Pedestrian
83,467.0,261.0,561.0,343.0,6307,0,0,1,Pedestrian
83,467.0,261.0,561.0,346.0,6308,0,0,1,Pedestrian
83,467.0,264.0,561.0,346.0,6309,0,0,1,Pedestrian
83,467.0,264.0,558.0,348.0,6310,0,0,1,Pedestrian
83,467.0,266.0,558.0,348.0,6311,0,0,1,Pedestrian
83,467.0,266.0,558.0,350.0,6312,0,0,1,Pedestrian
83,464.0,266.0,558.0,352.0,6313,0,0,1,Pedestrian
83,464.0,268.0,558.0,352.0,6314,0,0,1,Pedestrian
83,464.0,268.0,555.0,355.0,6315,0,0,1,Pedestrian
83,464.0,270.0,555.0,355.0,6316,0,0,1,Pedestrian
83,464.0,270.0,555.0,357.0,6317,0,0,1,Pedestrian
83,462.0,273.0,555.0,357.0,6318,0,0,1,Pedestrian
83,462.0,273.0,555.0,359.0,6319,0,0,1,Pedestrian
83,462.0,275.0,552.0,359.0,6320,0,0,1,Pedestrian
83,462.0,275.0,552.0,362.0,6321,0,0,1,Pedestrian
83,462.0,277.0,552.0,362.0,6322,0,0,1,Pedestrian
83,459.0,277.0,552.0,364.0,6323,0,0,1,Pedestrian
83,459.0,280.0,552.0,364.0,6324,0,0,1,Pedestrian
83,459.0,280.0,550.0,366.0,6325,0,0,1,Pedestrian
83,459.0,280.0,550.0,366.0,6326,0,0,1,Pedestrian
83,459.0,282.0,550.0,368.0,6327,0,0,1,Pedestrian
83,456.0,282.0,550.0,371.0,6328,0,0,1,Pedestrian
83,456.0,284.0,550.0,371.0,6329,0,0,1,Pedestrian
83,456.0,284.0,547.0,373.0,6330,0,0,1,Pedestrian
83,456.0,286.0,547.0,373.0,6331,0,0,1,Pedestrian
83,456.0,286.0,547.0,375.0,6332,0,0,1,Pedestrian
83,453.0,289.0,547.0,375.0,6333,0,0,1,Pedestrian
83,453.0,289.0,547.0,377.0,6334,0,0,1,Pedestrian
83,453.0,291.0,544.0,377.0,6335,0,0,1,Pedestrian
83,453.0,291.0,544.0,380.0,6336,0,0,1,Pedestrian
83,453.0,291.0,544.0,380.0,6337,0,0,1,Pedestrian
83,451.0,293.0,544.0,382.0,6338,0,0,1,Pedestrian
83,451.0,293.0,544.0,382.0,6339,0,0,1,Pedestrian
83,451.0,296.0,541.0,384.0,6340,0,0,1,Pedestrian
83,451.0,296.0,541.0,384.0,6341,0,0,1,Pedestrian
83,451.0,298.0,541.0,387.0,6342,0,0,1,Pedestrian
83,448.0,298.0,541.0,389.0,6343,0,0,1,Pedestrian
83,448.0,300.0,541.0,389.0,6344,0,0,1,Pedestrian
83,448.0,300.0,539.0,391.0,6345,0,0,1,Pedestrian
83,448.0,302.0,539.0,391.0,6346,0,0,1,Pedestrian
83,448.0,302.0,539.0,393.0,6347,0,0,1,Pedestrian
83,445.0,305.0,539.0,393.0,6348,0,0,1,Pedestrian
83,445.0,305.0,539.0,396.0,6349,0,0,1,Pedestrian
83,445.0,305.0,536.0,396.0,6350,0,0,1,Pedestrian
83,445.0,307.0,536.0,398.0,6351,0,0,1,Pedestrian
83,445.0,307.0,536.0,398.0,6352,0,0,1,Pedestrian
83,442.0,309.0,536.0,400.0,6353,0,0,1,Pedestrian
83,442.0,309.0,533.0,400.0,6354,0,0,1,Pedestrian
83,442.0,311.0,533.0,403.0,6355,0,0,1,Pedestrian
83,442.0,311.0,533.0,403.0,6356,0,0,1,Pedestrian
83,442.0,314.0,533.0,405.0,6357,0,0,1,Pedestrian
83,440.0,314.0,533.0,407.0,6358,0,0,1,Pedestrian
83,440.0,316.0,530.0,407.0,6359,0,0,1,Pedestrian
83,440.0,316.0,530.0,409.0,6360,0,0,1,Pedestrian
83,440.0,316.0,530.0,409.0,6361,0,0,1,Pedestrian
83,440.0,318.0,530.0,412.0,6362,0,0,1,Pedestrian
83,437.0,318.0,530.0,412.0,6363,0,0,1,Pedestrian
83,437.0,321.0,528.0,414.0,6364,0,0,1,Pedestrian
83,437.0,321.0,528.0,414.0,6365,0,0,1,Pedestrian
83,437.0,323.0,528.0,416.0,6366,0,0,1,Pedestrian
83,437.0,323.0,528.0,416.0,6367,0,0,1,Pedestrian
83,434.0,325.0,528.0,418.0,6368,0,0,1,Pedestrian
83,434.0,325.0,525.0,418.0,6369,0,0,1,Pedestrian
83,434.0,327.0,525.0,421.0,6370,0,0,1,Pedestrian
83,434.0,327.0,525.0,421.0,6371,0,0,1,Pedestrian
83,434.0,330.0,525.0,423.0,6372,0,0,1,Pedestrian
83,431.0,330.0,525.0,425.0,6373,0,0,1,Pedestrian
83,431.0,330.0,522.0,425.0,6374,0,0,1,Pedestrian
83,431.0,332.0,522.0,428.0,6375,0,0,1,Pedestrian
83,431.0,332.0,522.0,428.0,6376,0,0,1,Pedestrian
83,431.0,334.0,522.0,430.0,6377,0,0,1,Pedestrian
83,429.0,334.0,522.0,430.0,6378,0,0,1,Pedestrian
83,429.0,337.0,519.0,432.0,6379,0,0,1,Pedestrian
83,429.0,337.0,519.0,432.0,6380,0,0,1,Pedestrian
83,429.0,339.0,519.0,434.0,6381,0,0,1,Pedestrian
83,429.0,339.0,519.0,434.0,6382,0,0,1,Pedestrian
83,426.0,341.0,519.0,437.0,6383,0,0,1,Pedestrian
83,426.0,341.0,517.0,437.0,6384,0,0,1,Pedestrian
83,426.0,341.0,517.0,439.0,6385,0,0,1,Pedestrian
83,426.0,343.0,517.0,439.0,6386,0,0,1,Pedestrian
83,426.0,343.0,517.0,441.0,6387,0,0,1,Pedestrian
83,423.0,346.0,517.0,444.0,6388,0,0,1,Pedestrian
83,423.0,346.0,514.0,444.0,6389,0,0,1,Pedestrian
83,423.0,348.0,514.0,446.0,6390,0,0,1,Pedestrian
83,423.0,348.0,514.0,446.0,6391,0,0,1,Pedestrian
83,423.0,350.0,514.0,448.0,6392,0,0,1,Pedestrian
83,420.0,350.0,514.0,448.0,6393,0,0,1,Pedestrian
83,420.0,352.0,511.0,450.0,6394,0,0,1,Pedestrian
83,420.0,352.0,511.0,450.0,6395,0,0,1,Pedestrian
83,420.0,355.0,511.0,453.0,6396,0,0,1,Pedestrian
83,420.0,355.0,511.0,453.0,6397,0,0,1,Pedestrian
83,418.0,355.0,511.0,455.0,6398,0,0,1,Pedestrian
83,418.0,357.0,508.0,455.0,6399,0,0,1,Pedestrian
83,418.0,357.0,508.0,457.0,6400,0,0,1,Pedestrian
83,418.0,359.0,508.0,457.0,6401,0,0,1,Pedestrian
83,418.0,359.0,508.0,459.0,6402,0,0,1,Pedestrian
83,415.0,362.0,508.0,462.0,6403,0,0,1,Pedestrian
83,415.0,362.0,506.0,462.0,6404,0,0,1,Pedestrian
83,415.0,364.0,506.0,464.0,6405,0,0,1,Pedestrian
83,415.0,364.0,506.0,464.0,6406,0,0,1,Pedestrian
83,415.0,366.0,506.0,466.0,6407,0,0,1,Pedestrian
83,412.0,366.0,506.0,466.0,6408,0,0,1,Pedestrian
83,412.0,366.0,503.0,469.0,6409,0,0,1,Pedestrian
83,412.0,368.0,503.0,469.0,6410,0,0,1,Pedestrian
83,412.0,368.0,503.0,471.0,6411,0,0,1,Pedestrian
83,412.0,371.0,503.0,471.0,6412,0,0,1,Pedestrian
83,409.0,371.0,503.0,473.0,6413,0,0,1,Pedestrian
83,409.0,373.0,500.0,473.0,6414,0,0,1,Pedestrian
83,409.0,373.0,500.0,475.0,6415,0,0,1,Pedestrian
83,409.0,375.0,500.0,475.0,6416,0,0,1,Pedestrian
83,409.0,375.0,500.0,478.0,6417,0,0,1,Pedestrian
83,407.0,377.0,500.0,480.0,6418,0,0,1,Pedestrian
83,407.0,377.0,497.0,480.0,6419,0,0,1,Pedestrian
83,407.0,380.0,497.0,482.0,6420,0,0,1,Pedestrian
83,407.0,380.0,497.0,482.0,6421,0,0,1,Pedestrian
83,407.0,380.0,497.0,485.0,6422,0,0,1,Pedestrian
83,404.0,382.0,497.0,485.0,6423,0,0,1,Pedestrian
83,404.0,382.0,495.0,487.0,6424,0,0,1,Pedestrian
83,404.0,384.0,495.0,487.0,6425,0,0,1,Pedestrian
83,404.0,384.0,495.0,489.0,6426,0,0,1,Pedestrian
83,404.0,387.0,495.0,489.0,6427,0,0,1,Pedestrian
83,401.0,387.0,495.0,491.0,6428,0,0,1,Pedestrian
83,401.0,389.0,492.0,491.0,6429,0,0,1,Pedestrian
83,401.0,389.0,492.0,494.0,6430,0,0,1,Pedestrian
83,401.0,391.0,492.0,494.0,6431,0,0,1,Pedestrian
83,401.0,391.0,492.0,496.0,6432,0,0,1,Pedestrian
83,401.0,393.0,492.0,498.0,6433,0,0,0,Pedestrian
83,398.0,393.0,489.0,498.0,6434,0,0,1,Pedestrian
83,398.0,396.0,489.0,500.0,6435,0,0,1,Pedestrian
83,398.0,396.0,489.0,500.0,6436,0,0,1,Pedestrian
83,398.0,398.0,489.0,503.0,6437,0,0,1,Pedestrian
83,398.0,398.0,489.0,503.0,6438,0,0,1,Pedestrian
83,396.0,400.0,486.0,505.0,6439,0,0,1,Pedestrian
83,396.0,403.0,486.0,505.0,6440,0,0,1,Pedestrian
83,396.0,403.0,486.0,507.0,6441,0,0,1,Pedestrian
83,396.0,405.0,486.0,507.0,6442,0,0,1,Pedestrian
83,396.0,405.0,486.0,510.0,6443,0,0,1,Pedestrian
83,393.0,407.0,486.0,510.0,6444,0,0,1,Pedestrian
83,393.0,409.0,484.0,512.0,6445,0,0,1,Pedestrian
83,393.0,409.0,484.0,512.0,6446,0,0,1,Pedestrian
83,393.0,412.0,484.0,514.0,6447,0,0,1,Pedestrian
83,393.0,412.0,484.0,514.0,6448,0,0,1,Pedestrian
83,390.0,414.0,484.0,516.0,6449,0,0,1,Pedestrian
83,390.0,416.0,481.0,516.0,6450,0,0,1,Pedestrian
83,390.0,416.0,481.0,519.0,6451,0,0,1,Pedestrian
83,390.0,418.0,481.0,519.0,6452,0,0,1,Pedestrian
83,390.0,418.0,481.0,521.0,6453,0,0,1,Pedestrian
83,387.0,421.0,481.0,521.0,6454,0,0,1,Pedestrian
83,387.0,423.0,481.0,523.0,6455,0,0,1,Pedestrian
83,387.0,423.0,478.0,526.0,6456,0,0,1,Pedestrian
83,387.0,425.0,478.0,526.0,6457,0,0,1,Pedestrian
83,387.0,425.0,478.0,528.0,6458,0,0,1,Pedestrian
83,385.0,428.0,478.0,528.0,6459,0,0,1,Pedestrian
83,385.0,430.0,478.0,530.0,6460,0,0,1,Pedestrian
83,385.0,430.0,475.0,530.0,6461,0,0,1,Pedestrian
83,385.0,432.0,475.0,532.0,6462,0,0,1,Pedestrian
83,385.0,432.0,475.0,532.0,6463,0,0,1,Pedestrian
83,382.0,434.0,475.0,535.0,6464,0,0,1,Pedestrian
83,382.0,437.0,475.0,535.0,6465,0,0,1,Pedestrian
83,382.0,437.0,475.0,537.0,6466,0,0,1,Pedestrian
83,382.0,439.0,473.0,537.0,6467,0,0,1,Pedestrian
83,382.0,439.0,473.0,539.0,6468,0,0,1,Pedestrian
83,382.0,441.0,473.0,539.0,6469,0,0,1,Pedestrian
83,379.0,444.0,473.0,541.0,6470,0,0,1,Pedestrian
83,379.0,444.0,473.0,541.0,6471,0,0,1,Pedestrian
83,379.0,446.0,473.0,544.0,6472,0,0,1,Pedestrian
83,379.0,446.0,470.0,544.0,6473,0,0,1,Pedestrian
83,379.0,448.0,470.0,546.0,6474,0,0,1,Pedestrian
83,376.0,450.0,470.0,546.0,6475,0,0,1,Pedestrian
83,376.0,450.0,470.0,548.0,6476,0,0,1,Pedestrian
83,376.0,453.0,470.0,548.0,6477,0,0,1,Pedestrian
83,376.0,453.0,467.0,551.0,6478,0,0,1,Pedestrian
83,376.0,455.0,467.0,553.0,6479,0,0,1,Pedestrian
83,374.0,457.0,467.0,553.0,6480,0,0,1,Pedestrian
83,374.0,457.0,467.0,555.0,6481,0,0,1,Pedestrian
83,374.0,459.0,467.0,555.0,6482,0,0,1,Pedestrian
83,374.0,459.0,467.0,557.0,6483,0,0,1,Pedestrian
83,374.0,462.0,464.0,557.0,6484,0,0,1,Pedestrian
83,371.0,464.0,464.0,560.0,6485,0,0,1,Pedestrian
83,371.0,464.0,464.0,560.0,6486,0,0,1,Pedestrian
83,371.0,466.0,464.0,562.0,6487,0,0,1,Pedestrian
83,371.0,466.0,464.0,562.0,6488,0,0,1,Pedestrian
83,371.0,469.0,462.0,564.0,6489,0,0,1,Pedestrian
83,368.0,471.0,462.0,564.0,6490,0,0,1,Pedestrian
83,368.0,471.0,462.0,566.0,6491,0,0,1,Pedestrian
83,368.0,473.0,462.0,566.0,6492,0,0,1,Pedestrian
83,368.0,473.0,462.0,569.0,6493,0,0,1,Pedestrian
83,368.0,475.0,462.0,569.0,6494,0,0,1,Pedestrian
83,365.0,478.0,459.0,571.0,6495,0,0,1,Pedestrian
83,365.0,478.0,459.0,571.0,6496,0,0,1,Pedestrian
83,365.0,480.0,459.0,573.0,6497,0,0,1,Pedestrian
83,365.0,480.0,459.0,573.0,6498,0,0,1,Pedestrian
83,365.0,482.0,459.0,576.0,6499,0,0,1,Pedestrian
83,365.0,485.0,459.0,578.0,6500,0,0,0,Pedestrian
83,363.0,485.0,456.0,578.0,6501,0,0,1,Pedestrian
83,363.0,487.0,456.0,578.0,6502,0,0,1,Pedestrian
83,363.0,487.0,453.0,580.0,6503,0,0,1,Pedestrian
83,363.0,489.0,453.0,580.0,6504,0,0,1,Pedestrian
83,360.0,489.0,453.0,582.0,6505,0,0,1,Pedestrian
83,360.0,491.0,451.0,582.0,6506,0,0,1,Pedestrian
83,360.0,494.0,451.0,582.0,6507,0,0,1,Pedestrian
83,360.0,494.0,451.0,585.0,6508,0,0,1,Pedestrian
83,360.0,496.0,448.0,585.0,6509,0,0,1,Pedestrian
83,357.0,496.0,448.0,587.0,6510,0,0,1,Pedestrian
83,357.0,498.0,448.0,587.0,6511,0,0,1,Pedestrian
83,357.0,500.0,445.0,589.0,6512,0,0,1,Pedestrian
83,357.0,500.0,445.0,589.0,6513,0,0,1,Pedestrian
83,354.0,503.0,445.0,589.0,6514,0,0,1,Pedestrian
83,354.0,503.0,442.0,592.0,6515,0,0,1,Pedestrian
83,354.0,505.0,442.0,592.0,6516,0,0,1,Pedestrian
83,354.0,507.0,442.0,594.0,6517,0,0,1,Pedestrian
83,354.0,507.0,440.0,594.0,6518,0,0,1,Pedestrian
83,352.0,510.0,440.0,594.0,6519,0,0,1,Pedestrian
83,352.0,510.0,440.0,596.0,6520,0,0,1,Pedestrian
83,352.0,512.0,437.0,596.0,6521,0,0,1,Pedestrian
83,352.0,514.0,437.0,598.0,6522,0,0,1,Pedestrian
83,352.0,514.0,437.0,598.0,6523,0,0,1,Pedestrian
83,349.0,516.0,434.0,601.0,6524,0,0,1,Pedestrian
83,349.0,516.0,434.0,601.0,6525,0,0,1,Pedestrian
83,349.0,519.0,434.0,601.0,6526,0,0,1,Pedestrian
83,349.0,521.0,431.0,603.0,6527,0,0,1,Pedestrian
83,346.0,521.0,431.0,603.0,6528,0,0,1,Pedestrian
83,346.0,523.0,431.0,605.0,6529,0,0,1,Pedestrian
83,346.0,523.0,429.0,605.0,6530,0,0,1,Pedestrian
83,346.0,526.0,429.0,607.0,6531,0,0,1,Pedestrian
83,346.0,528.0,429.0,607.0,6532,0,0,1,Pedestrian
83,343.0,528.0,426.0,607.0,6533,0,0,1,Pedestrian
83,343.0,530.0,426.0,610.0,6534,0,0,1,Pedestrian
83,343.0,530.0,426.0,610.0,6535,0,0,1,Pedestrian
83,343.0,532.0,423.0,612.0,6536,0,0,1,Pedestrian
83,343.0,535.0,423.0,612.0,6537,0,0,1,Pedestrian
83,341.0,535.0,423.0,612.0,6538,0,0,1,Pedestrian
83,341.0,537.0,420.0,614.0,6539,0,0,1,Pedestrian
83,341.0,537.0,420.0,614.0,6540,0,0,1,Pedestrian
83,341.0,539.0,420.0,617.0,6541,0,0,1,Pedestrian
83,338.0,541.0,418.0,617.0,6542,0,0,1,Pedestrian
83,338.0,541.0,418.0,619.0,6543,0,0,1,Pedestrian
83,338.0,544.0,418.0,619.0,6544,0,0,1,Pedestrian
83,338.0,544.0,415.0,619.0,6545,0,0,1,Pedestrian
83,338.0,546.0,415.0,621.0,6546,0,0,1,Pedestrian
83,335.0,548.0,415.0,621.0,6547,0,0,1,Pedestrian
83,335.0,548.0,412.0,623.0,6548,0,0,1,Pedestrian
83,335.0,551.0,412.0,623.0,6549,0,0,1,Pedestrian
83,335.0,551.0,412.0,626.0,6550,0,0,1,Pedestrian
83,335.0,553.0,409.0,626.0,6551,0,0,1,Pedestrian
83,332.0,555.0,409.0,626.0,6552,0,0,1,Pedestrian
83,332.0,555.0,409.0,628.0,6553,0,0,1,Pedestrian
83,332.0,557.0,407.0,628.0,6554,0,0,1,Pedestrian
83,332.0,557.0,407.0,630.0,6555,0,0,1,Pedestrian
83,330.0,560.0,407.0,630.0,6556,0,0,1,Pedestrian
83,330.0,562.0,404.0,630.0,6557,0,0,1,Pedestrian
83,330.0,562.0,404.0,633.0,6558,0,0,1,Pedestrian
83,330.0,564.0,404.0,633.0,6559,0,0,1,Pedestrian
83,330.0,564.0,401.0,635.0,6560,0,0,1,Pedestrian
83,327.0,566.0,401.0,635.0,6561,0,0,1,Pedestrian
83,327.0,569.0,401.0,637.0,6562,0,0,1,Pedestrian
83,327.0,569.0,398.0,637.0,6563,0,0,1,Pedestrian
83,327.0,571.0,398.0,637.0,6564,0,0,1,Pedestrian
83,327.0,571.0,398.0,639.0,6565,0,0,1,Pedestrian
83,324.0,573.0,396.0,639.0,6566,0,0,1,Pedestrian
83,324.0,576.0,396.0,642.0,6567,0,0,1,Pedestrian
83,324.0,576.0,396.0,642.0,6568,0,0,1,Pedestrian
83,324.0,578.0,393.0,644.0,6569,0,0,1,Pedestrian
83,321.0,578.0,393.0,644.0,6570,0,0,1,Pedestrian
83,321.0,580.0,393.0,644.0,6571,0,0,1,Pedestrian
83,321.0,582.0,390.0,646.0,6572,0,0,1,Pedestrian
83,321.0,582.0,390.0,646.0,6573,0,0,1,Pedestrian
83,321.0,585.0,390.0,648.0,6574,0,0,1,Pedestrian
83,319.0,585.0,387.0,648.0,6575,0,0,1,Pedestrian
83,319.0,587.0,387.0,648.0,6576,0,0,1,Pedestrian
83,319.0,589.0,387.0,651.0,6577,0,0,1,Pedestrian
83,319.0,589.0,385.0,651.0,6578,0,0,1,Pedestrian
83,319.0,592.0,385.0,653.0,6579,0,0,1,Pedestrian
83,316.0,592.0,385.0,653.0,6580,0,0,1,Pedestrian
83,316.0,594.0,382.0,655.0,6581,0,0,1,Pedestrian
83,316.0,596.0,382.0,655.0,6582,0,0,1,Pedestrian
83,316.0,596.0,382.0,655.0,6583,0,0,1,Pedestrian
83,313.0,598.0,379.0,658.0,6584,0,0,1,Pedestrian
83,313.0,598.0,379.0,658.0,6585,0,0,1,Pedestrian
83,313.0,601.0,379.0,660.0,6586,0,0,1,Pedestrian
83,313.0,603.0,376.0,660.0,6587,0,0,1,Pedestrian
83,313.0,603.0,376.0,662.0,6588,0,0,1,Pedestrian
83,310.0,605.0,376.0,662.0,6589,0,0,1,Pedestrian
83,310.0,605.0,374.0,662.0,6590,0,0,1,Pedestrian
83,310.0,607.0,374.0,664.0,6591,0,0,1,Pedestrian
83,310.0,610.0,374.0,664.0,6592,0,0,1,Pedestrian
83,310.0,610.0,371.0,667.0,6593,0,0,1,Pedestrian
83,308.0,612.0,371.0,667.0,6594,0,0,1,Pedestrian
83,308.0,612.0,371.0,667.0,6595,0,0,1,Pedestrian
83,308.0,614.0,368.0,669.0,6596,0,0,1,Pedestrian
83,308.0,617.0,368.0,669.0,6597,0,0,1,Pedestrian
83,305.0,617.0,368.0,671.0,6598,0,0,1,Pedestrian
83,305.0,619.0,365.0,671.0,6599,0,0,1,Pedestrian
83,305.0,619.0,365.0,674.0,6600,0,0,1,Pedestrian
83,305.0,621.0,365.0,674.0,6601,0,0,1,Pedestrian
83,305.0,623.0,363.0,674.0,6602,0,0,1,Pedestrian
83,302.0,623.0,363.0,676.0,6603,0,0,1,Pedestrian
83,302.0,626.0,363.0,676.0,6604,0,0,1,Pedestrian
83,302.0,626.0,360.0,678.0,6605,0,0,1,Pedestrian
83,302.0,628.0,360.0,678.0,6606,0,0,1,Pedestrian
83,302.0,630.0,360.0,680.0,6607,0,0,0,Pedestrian
83,299.0,630.0,357.0,680.0,6608,0,0,1,Pedestrian
83,299.0,633.0,357.0,680.0,6609,0,0,1,Pedestrian
83,299.0,633.0,354.0,683.0,6610,0,0,1,Pedestrian
83,297.0,635.0,354.0,683.0,6611,0,0,1,Pedestrian
83,297.0,635.0,354.0,685.0,6612,0,0,1,Pedestrian
83,297.0,637.0,352.0,685.0,6613,0,0,1,Pedestrian
83,294.0,637.0,352.0,687.0,6614,0,0,1,Pedestrian
83,294.0,639.0,352.0,687.0,6615,0,0,1,Pedestrian
83,294.0,642.0,349.0,687.0,6616,0,0,1,Pedestrian
83,291.0,642.0,349.0,689.0,6617,0,0,1,Pedestrian
83,291.0,644.0,349.0,689.0,6618,0,0,1,Pedestrian
83,291.0,644.0,346.0,692.0,6619,0,0,1,Pedestrian
83,288.0,646.0,346.0,692.0,6620,0,0,1,Pedestrian
83,288.0,646.0,346.0,694.0,6621,0,0,1,Pedestrian
83,288.0,648.0,343.0,694.0,6622,0,0,1,Pedestrian
83,286.0,648.0,343.0,696.0,6623,0,0,1,Pedestrian
83,286.0,651.0,343.0,696.0,6624,0,0,1,Pedestrian
83,286.0,653.0,341.0,696.0,6625,0,0,1,Pedestrian
83,283.0,653.0,341.0,699.0,6626,0,0,1,Pedestrian
83,283.0,655.0,338.0,699.0,6627,0,0,1,Pedestrian
83,283.0,655.0,338.0,701.0,6628,0,0,1,Pedestrian
83,280.0,658.0,338.0,701.0,6629,0,0,1,Pedestrian
83,280.0,658.0,335.0,703.0,6630,0,0,1,Pedestrian
83,280.0,660.0,335.0,703.0,6631,0,0,1,Pedestrian
83,277.0,662.0,335.0,703.0,6632,0,0,1,Pedestrian
83,277.0,662.0,332.0,705.0,6633,0,0,1,Pedestrian
83,277.0,664.0,332.0,705.0,6634,0,0,1,Pedestrian
83,275.0,664.0,332.0,708.0,6635,0,0,1,Pedestrian
83,275.0,667.0,330.0,708.0,6636,0,0,1,Pedestrian
83,275.0,667.0,330.0,710.0,6637,0,0,1,Pedestrian
83,272.0,669.0,330.0,710.0,6638,0,0,1,Pedestrian
83,272.0,669.0,327.0,712.0,6639,0,0,1,Pedestrian
83,272.0,671.0,327.0,712.0,6640,0,0,1,Pedestrian
83,269.0,674.0,327.0,712.0,6641,0,0,1,Pedestrian
83,269.0,674.0,324.0,715.0,6642,0,0,1,Pedestrian
83,269.0,676.0,324.0,715.0,6643,0,0,1,Pedestrian
83,266.0,676.0,324.0,717.0,6644,0,0,1,Pedestrian
83,266.0,678.0,321.0,717.0,6645,0,0,1,Pedestrian
83,266.0,678.0,321.0,719.0,6646,0,0,1,Pedestrian
83,264.0,680.0,319.0,719.0,6647,0,0,1,Pedestrian
83,264.0,683.0,319.0,719.0,6648,0,0,1,Pedestrian
83,264.0,683.0,319.0,721.0,6649,0,0,1,Pedestrian
83,261.0,685.0,316.0,721.0,6650,0,0,1,Pedestrian
83,261.0,685.0,316.0,724.0,6651,0,0,1,Pedestrian
83,261.0,687.0,316.0,724.0,6652,0,0,1,Pedestrian
83,258.0,687.0,313.0,726.0,6653,0,0,1,Pedestrian
83,258.0,689.0,313.0,726.0,6654,0,0,1,Pedestrian
83,258.0,689.0,313.0,728.0,6655,0,0,1,Pedestrian
83,255.0,692.0,310.0,728.0,6656,0,0,1,Pedestrian
83,255.0,694.0,310.0,728.0,6657,0,0,1,Pedestrian
83,255.0,694.0,310.0,730.0,6658,0,0,1,Pedestrian
83,253.0,696.0,308.0,730.0,6659,0,0,1,Pedestrian
83,253.0,696.0,308.0,733.0,6660,0,0,1,Pedestrian
83,253.0,699.0,308.0,733.0,6661,0,0,1,Pedestrian
83,250.0,699.0,305.0,735.0,6662,0,0,1,Pedestrian
83,250.0,701.0,305.0,735.0,6663,0,0,1,Pedestrian
83,250.0,703.0,305.0,737.0,6664,0,0,0,Pedestrian
83,247.0,703.0,302.0,737.0,6665,0,0,1,Pedestrian
83,247.0,703.0,302.0,737.0,6666,0,0,1,Pedestrian
83,247.0,705.0,302.0,740.0,6667,0,0,1,Pedestrian
83,244.0,705.0,299.0,740.0,6668,0,0,1,Pedestrian
83,244.0,705.0,299.0,742.0,6669,0,0,1,Pedestrian
83,244.0,708.0,299.0,742.0,6670,0,0,1,Pedestrian
83,242.0,708.0,297.0,744.0,6671,0,0,1,Pedestrian
83,242.0,708.0,297.0,744.0,6672,0,0,1,Pedestrian
83,242.0,710.0,297.0,746.0,6673,0,0,1,Pedestrian
83,239.0,710.0,297.0,746.0,6674,0,0,1,Pedestrian
83,239.0,712.0,294.0,749.0,6675,0,0,1,Pedestrian
83,239.0,712.0,294.0,749.0,6676,0,0,1,Pedestrian
83,236.0,712.0,294.0,749.0,6677,0,0,1,Pedestrian
83,236.0,715.0,291.0,751.0,6678,0,0,1,Pedestrian
83,236.0,715.0,291.0,751.0,6679,0,0,1,Pedestrian
83,236.0,715.0,291.0,753.0,6680,0,0,1,Pedestrian
83,233.0,717.0,288.0,753.0,6681,0,0,1,Pedestrian
83,233.0,717.0,288.0,755.0,6682,0,0,1,Pedestrian
83,233.0,717.0,288.0,755.0,6683,0,0,1,Pedestrian
83,231.0,719.0,288.0,758.0,6684,0,0,1,Pedestrian
83,231.0,719.0,286.0,758.0,6685,0,0,1,Pedestrian
83,231.0,721.0,286.0,760.0,6686,0,0,1,Pedestrian
83,228.0,721.0,286.0,760.0,6687,0,0,1,Pedestrian
83,228.0,721.0,283.0,762.0,6688,0,0,1,Pedestrian
83,228.0,724.0,283.0,762.0,6689,0,0,1,Pedestrian
83,225.0,724.0,283.0,762.0,6690,0,0,1,Pedestrian
83,225.0,724.0,280.0,765.0,6691,0,0,1,Pedestrian
83,225.0,726.0,280.0,765.0,6692,0,0,1,Pedestrian
83,222.0,726.0,280.0,767.0,6693,0,0,1,Pedestrian
83,222.0,726.0,280.0,767.0,6694,0,0,1,Pedestrian
83,222.0,728.0,277.0,769.0,6695,0,0,1,Pedestrian
83,222.0,728.0,277.0,769.0,6696,0,0,1,Pedestrian
83,220.0,730.0,277.0,771.0,6697,0,0,1,Pedestrian
83,220.0,730.0,275.0,771.0,6698,0,0,1,Pedestrian
83,220.0,730.0,275.0,774.0,6699,0,0,1,Pedestrian
83,217.0,733.0,275.0,774.0,6700,0,0,1,Pedestrian
83,217.0,733.0,275.0,776.0,6701,0,0,1,Pedestrian
83,217.0,733.0,272.0,776.0,6702,0,0,1,Pedestrian
83,214.0,735.0,272.0,776.0,6703,0,0,1,Pedestrian
83,214.0,735.0,272.0,778.0,6704,0,0,1,Pedestrian
83,214.0,735.0,269.0,778.0,6705,0,0,1,Pedestrian
83,211.0,737.0,269.0,781.0,6706,0,0,1,Pedestrian
83,211.0,737.0,269.0,781.0,6707,0,0,1,Pedestrian
83,211.0,740.0,266.0,783.0,6708,0,0,1,Pedestrian
83,211.0,740.0,266.0,783.0,6709,0,0,1,Pedestrian
83,209.0,740.0,266.0,785.0,6710,0,0,1,Pedestrian
83,209.0,742.0,266.0,785.0,6711,0,0,1,Pedestrian
83,209.0,742.0,264.0,787.0,6712,0,0,1,Pedestrian
83,206.0,742.0,264.0,787.0,6713,0,0,1,Pedestrian
83,206.0,744.0,264.0,787.0,6714,0,0,1,Pedestrian
83,206.0,744.0,261.0,790.0,6715,0,0,1,Pedestrian
83,203.0,744.0,261.0,790.0,6716,0,0,1,Pedestrian
83,203.0,746.0,261.0,792.0,6717,0,0,1,Pedestrian
83,203.0,746.0,258.0,792.0,6718,0,0,1,Pedestrian
83,200.0,749.0,258.0,794.0,6719,0,0,1,Pedestrian
83,200.0,749.0,258.0,794.0,6720,0,0,1,Pedestrian
83,200.0,749.0,258.0,796.0,6721,0,0,1,Pedestrian
83,198.0,751.0,255.0,796.0,6722,0,0,1,Pedestrian
83,198.0,751.0,255.0,799.0,6723,0,0,1,Pedestrian
83,198.0,751.0,255.0,799.0,6724,0,0,1,Pedestrian
83,198.0,753.0,253.0,801.0,6725,0,0,1,Pedestrian
83,195.0,753.0,253.0,801.0,6726,0,0,1,Pedestrian
83,195.0,753.0,253.0,801.0,6727,0,0,1,Pedestrian
83,195.0,755.0,250.0,803.0,6728,0,0,1,Pedestrian
83,192.0,755.0,250.0,803.0,6729,0,0,1,Pedestrian
83,192.0,758.0,250.0,806.0,6730,0,0,1,Pedestrian
83,192.0,758.0,250.0,806.0,6731,0,0,1,Pedestrian
83,189.0,758.0,247.0,808.0,6732,0,0,1,Pedestrian
83,189.0,760.0,247.0,808.0,6733,0,0,1,Pedestrian
83,189.0,760.0,247.0,810.0,6734,0,0,1,Pedestrian
83,187.0,760.0,244.0,810.0,6735,0,0,1,Pedestrian
83,187.0,762.0,244.0,812.0,6736,0,0,1,Pedestrian
83,187.0,762.0,244.0,812.0,6737,0,0,1,Pedestrian
83,187.0,765.0,244.0,815.0,6738,0,0,0,Pedestrian
83,184.0,765.0,242.0,815.0,6739,0,0,1,Pedestrian
83,184.0,765.0,242.0,815.0,6740,0,0,1,Pedestrian
83,184.0,767.0,242.0,817.0,6741,0,0,1,Pedestrian
83,184.0,767.0,242.0,817.0,6742,0,0,1,Pedestrian
83,181.0,767.0,239.0,817.0,6743,0,0,1,Pedestrian
83,181.0,769.0,239.0,819.0,6744,0,0,1,Pedestrian
83,181.0,769.0,239.0,819.0,6745,0,0,1,Pedestrian
83,181.0,771.0,239.0,822.0,6746,0,0,1,Pedestrian
83,178.0,771.0,236.0,822.0,6747,0,0,1,Pedestrian
83,178.0,771.0,236.0,822.0,6748,0,0,1,Pedestrian
83,178.0,774.0,236.0,824.0,6749,0,0,1,Pedestrian
83,178.0,774.0,236.0,824.0,6750,0,0,1,Pedestrian
83,176.0,776.0,233.0,826.0,6751,0,0,1,Pedestrian
83,176.0,776.0,233.0,826.0,6752,0,0,1,Pedestrian
83,176.0,776.0,233.0,826.0,6753,0,0,1,Pedestrian
83,176.0,778.0,233.0,828.0,6754,0,0,1,Pedestrian
83,173.0,778.0,231.0,828.0,6755,0,0,1,Pedestrian
83,173.0,781.0,231.0,831.0,6756,0,0,1,Pedestrian
83,173.0,781.0,231.0,831.0,6757,0,0,1,Pedestrian
83,173.0,781.0,231.0,831.0,6758,0,0,1,Pedestrian
83,170.0,783.0,228.0,833.0,6759,0,0,1,Pedestrian
83,170.0,783.0,228.0,833.0,6760,0,0,1,Pedestrian
83,170.0,783.0,228.0,833.0,6761,0,0,1,Pedestrian
83,170.0,785.0,228.0,835.0,6762,0,0,1,Pedestrian
83,167.0,785.0,225.0,835.0,6763,0,0,1,Pedestrian
83,167.0,787.0,225.0,837.0,6764,0,0,1,Pedestrian
83,167.0,787.0,225.0,837.0,6765,0,0,1,Pedestrian
83,167.0,787.0,225.0,837.0,6766,0,0,1,Pedestrian
83,167.0,790.0,225.0,840.0,6767,0,0,1,Pedestrian
83,165.0,790.0,222.0,840.0,6768,0,0,1,Pedestrian
83,165.0,792.0,222.0,842.0,6769,0,0,1,Pedestrian
83,165.0,792.0,222.0,842.0,6770,0,0,1,Pedestrian
83,165.0,792.0,222.0,842.0,6771,0,0,1,Pedestrian
83,162.0,794.0,220.0,844.0,6772,0,0,1,Pedestrian
83,162.0,794.0,220.0,844.0,6773,0,0,1,Pedestrian
83,162.0,796.0,220.0,847.0,6774,0,0,1,Pedestrian
83,162.0,796.0,220.0,847.0,6775,0,0,1,Pedestrian
83,159.0,796.0,217.0,847.0,6776,0,0,1,Pedestrian
83,159.0,799.0,217.0,849.0,6777,0,0,1,Pedestrian
83,159.0,799.0,217.0,849.0,6778,0,0,1,Pedestrian
83,159.0,801.0,217.0,851.0,6779,0,0,1,Pedestrian
83,156.0,801.0,214.0,851.0,6780,0,0,1,Pedestrian
83,156.0,801.0,214.0,851.0,6781,0,0,1,Pedestrian
83,156.0,803.0,214.0,853.0,6782,0,0,1,Pedestrian
83,156.0,803.0,214.0,853.0,6783,0,0,1,Pedestrian
83,154.0,803.0,211.0,853.0,6784,0,0,1,Pedestrian
83,154.0,806.0,211.0,856.0,6785,0,0,1,Pedestrian
83,154.0,806.0,211.0,856.0,6786,0,0,1,Pedestrian
83,154.0,808.0,211.0,858.0,6787,0,0,1,Pedestrian
83,151.0,808.0,209.0,858.0,6788,0,0,1,Pedestrian
83,151.0,808.0,209.0,858.0,6789,0,0,1,Pedestrian
83,151.0,810.0,209.0,860.0,6790,0,0,1,Pedestrian
83,151.0,810.0,209.0,860.0,6791,0,0,1,Pedestrian
83,148.0,812.0,206.0,863.0,6792,0,0,1,Pedestrian
83,148.0,812.0,206.0,863.0,6793,0,0,1,Pedestrian
83,148.0,812.0,206.0,863.0,6794,0,0,1,Pedestrian
83,148.0,815.0,206.0,865.0,6795,0,0,1,Pedestrian
83,148.0,815.0,206.0,865.0,6796,0,0,1,Pedestrian
83,145.0,817.0,203.0,867.0,6797,0,0,1,Pedestrian
83,145.0,817.0,203.0,867.0,6798,0,0,1,Pedestrian
83,145.0,817.0,203.0,867.0,6799,0,0,1,Pedestrian
83,145.0,819.0,203.0,869.0,6800,0,0,1,Pedestrian
83,143.0,819.0,200.0,869.0,6801,0,0,1,Pedestrian
83,143.0,822.0,200.0,872.0,6802,0,0,1,Pedestrian
83,143.0,822.0,200.0,872.0,6803,0,0,1,Pedestrian
83,143.0,822.0,200.0,872.0,6804,0,0,1,Pedestrian
83,140.0,824.0,198.0,874.0,6805,0,0,1,Pedestrian
83,140.0,824.0,198.0,874.0,6806,0,0,1,Pedestrian
83,140.0,824.0,198.0,874.0,6807,0,0,1,Pedestrian
83,140.0,826.0,198.0,876.0,6808,0,0,1,Pedestrian
83,137.0,826.0,195.0,876.0,6809,0,0,1,Pedestrian
83,137.0,828.0,195.0,878.0,6810,0,0,1,Pedestrian
83,137.0,828.0,195.0,878.0,6811,0,0,1,Pedestrian
83,137.0,828.0,195.0,878.0,6812,0,0,1,Pedestrian
83,134.0,831.0,192.0,881.0,6813,0,0,1,Pedestrian
83,134.0,831.0,192.0,881.0,6814,0,0,1,Pedestrian
83,134.0,833.0,192.0,883.0,6815,0,0,1,Pedestrian
83,134.0,833.0,192.0,883.0,6816,0,0,1,Pedestrian
83,132.0,833.0,189.0,883.0,6817,0,0,1,Pedestrian
83,132.0,835.0,189.0,885.0,6818,0,0,1,Pedestrian
83,132.0,835.0,189.0,885.0,6819,0,0,1,Pedestrian
83,132.0,837.0,189.0,888.0,6820,0,0,1,Pedestrian
83,129.0,837.0,187.0,888.0,6821,0,0,1,Pedestrian
83,129.0,837.0,187.0,888.0,6822,0,0,1,Pedestrian
83,129.0,840.0,187.0,890.0,6823,0,0,1,Pedestrian
83,129.0,840.0,187.0,890.0,6824,0,0,1,Pedestrian
83,129.0,842.0,187.0,892.0,6825,0,0,0,Pedestrian
83,126.0,842.0,184.0,892.0,6826,0,0,1,Pedestrian
83,126.0,844.0,184.0,894.0,6827,0,0,1,Pedestrian
83,123.0,844.0,181.0,894.0,6828,0,0,1,Pedestrian
83,123.0,847.0,181.0,897.0,6829,0,0,1,Pedestrian
83,123.0,847.0,181.0,897.0,6830,0,0,1,Pedestrian
83,121.0,849.0,178.0,899.0,6831,0,0,1,Pedestrian
83,121.0,851.0,178.0,899.0,6832,0,0,1,Pedestrian
83,121.0,851.0,178.0,901.0,6833,0,0,1,Pedestrian
83,118.0,853.0,176.0,904.0,6834,0,0,1,Pedestrian
83,118.0,853.0,176.0,904.0,6835,0,0,1,Pedestrian
83,118.0,856.0,173.0,906.0,6836,0,0,1,Pedestrian
83,115.0,858.0,173.0,906.0,6837,0,0,1,Pedestrian
83,115.0,858.0,173.0,908.0,6838,0,0,1,Pedestrian
83,115.0,860.0,170.0,908.0,6839,0,0,1,Pedestrian
83,112.0,860.0,170.0,910.0,6840,0,0,1,Pedestrian
83,112.0,863.0,170.0,913.0,6841,0,0,1,Pedestrian
83,110.0,865.0,167.0,913.0,6842,0,0,1,Pedestrian
83,110.0,865.0,167.0,915.0,6843,0,0,1,Pedestrian
83,110.0,867.0,167.0,915.0,6844,0,0,1,Pedestrian
83,107.0,867.0,165.0,917.0,6845,0,0,1,Pedestrian
83,107.0,869.0,165.0,917.0,6846,0,0,1,Pedestrian
83,107.0,872.0,162.0,919.0,6847,0,0,1,Pedestrian
83,104.0,872.0,162.0,922.0,6848,0,0,1,Pedestrian
83,104.0,874.0,162.0,922.0,6849,0,0,1,Pedestrian
83,104.0,874.0,159.0,924.0,6850,0,0,1,Pedestrian
83,101.0,876.0,159.0,924.0,6851,0,0,1,Pedestrian
83,101.0,876.0,159.0,926.0,6852,0,0,1,Pedestrian
83,101.0,878.0,156.0,926.0,6853,0,0,1,Pedestrian
83,99.0,881.0,156.0,929.0,6854,0,0,1,Pedestrian
83,99.0,881.0,154.0,929.0,6855,0,0,1,Pedestrian
83,96.0,883.0,154.0,931.0,6856,0,0,1,Pedestrian
83,96.0,883.0,154.0,933.0,6857,0,0,1,Pedestrian
83,96.0,885.0,151.0,933.0,6858,0,0,1,Pedestrian
83,93.0,888.0,151.0,935.0,6859,0,0,1,Pedestrian
83,93.0,888.0,151.0,935.0,6860,0,0,1,Pedestrian
83,93.0,890.0,148.0,938.0,6861,0,0,1,Pedestrian
83,90.0,890.0,148.0,938.0,6862,0,0,1,Pedestrian
83,90.0,892.0,148.0,940.0,6863,0,0,1,Pedestrian
83,90.0,894.0,145.0,942.0,6864,0,0,1,Pedestrian
83,88.0,894.0,145.0,942.0,6865,0,0,1,Pedestrian
83,88.0,897.0,143.0,944.0,6866,0,0,1,Pedestrian
83,88.0,897.0,143.0,944.0,6867,0,0,1,Pedestrian
83,85.0,899.0,143.0,947.0,6868,0,0,1,Pedestrian
83,85.0,901.0,140.0,947.0,6869,0,0,1,Pedestrian
83,85.0,901.0,140.0,949.0,6870,0,0,1,Pedestrian
83,82.0,904.0,140.0,951.0,6871,0,0,1,Pedestrian
83,82.0,904.0,137.0,951.0,6872,0,0,1,Pedestrian
83,79.0,906.0,137.0,954.0,6873,0,0,1,Pedestrian
83,79.0,908.0,134.0,954.0,6874,0,0,1,Pedestrian
83,79.0,908.0,134.0,956.0,6875,0,0,1,Pedestrian
83,77.0,910.0,134.0,956.0,6876,0,0,1,Pedestrian
83,77.0,910.0,132.0,958.0,6877,0,0,1,Pedestrian
83,77.0,913.0,132.0,958.0,6878,0,0,1,Pedestrian
83,74.0,913.0,132.0,960.0,6879,0,0,1,Pedestrian
83,74.0,915.0,129.0,963.0,6880,0,0,1,Pedestrian
83,74.0,917.0,129.0,963.0,6881,0,0,1,Pedestrian
83,71.0,917.0,129.0,965.0,6882,0,0,1,Pedestrian
83,71.0,919.0,126.0,965.0,6883,0,0,1,Pedestrian
83,71.0,919.0,126.0,967.0,6884,0,0,1,Pedestrian
83,68.0,922.0,123.0,967.0,6885,0,0,1,Pedestrian
83,68.0,924.0,123.0,970.0,6886,0,0,1,Pedestrian
83,66.0,924.0,123.0,972.0,6887,0,0,1,Pedestrian
83,66.0,926.0,121.0,972.0,6888,0,0,1,Pedestrian
83,66.0,926.0,121.0,974.0,6889,0,0,1,Pedestrian
83,63.0,929.0,121.0,974.0,6890,0,0,1,Pedestrian
83,63.0,931.0,118.0,976.0,6891,0,0,1,Pedestrian
83,63.0,931.0,118.0,976.0,6892,0,0,1,Pedestrian
83,60.0,933.0,115.0,979.0,6893,0,0,1,Pedestrian
83,60.0,933.0,115.0,981.0,6894,0,0,1,Pedestrian
83,60.0,935.0,115.0,981.0,6895,0,0,1,Pedestrian
83,57.0,938.0,112.0,983.0,6896,0,0,1,Pedestrian
83,57.0,938.0,112.0,983.0,6897,0,0,1,Pedestrian
83,57.0,940.0,112.0,985.0,6898,0,0,1,Pedestrian
83,55.0,940.0,110.0,985.0,6899,0,0,1,Pedestrian
83,55.0,942.0,110.0,988.0,6900,0,0,1,Pedestrian
83,55.0,944.0,110.0,990.0,6901,0,0,0,Pedestrian
83,52.0,944.0,107.0,990.0,6902,0,0,1,Pedestrian
83,52.0,947.0,107.0,992.0,6903,0,0,1,Pedestrian
83,52.0,947.0,107.0,992.0,6904,0,0,1,Pedestrian
83,49.0,949.0,104.0,995.0,6905,0,0,1,Pedestrian
83,49.0,951.0,104.0,997.0,6906,0,0,1,Pedestrian
83,49.0,951.0,104.0,997.0,6907,0,0,1,Pedestrian
83,49.0,954.0,104.0,999.0,6908,0,0,1,Pedestrian
83,46.0,954.0,101.0,999.0,6909,0,0,1,Pedestrian
83,46.0,956.0,101.0,1001.0,6910,0,0,1,Pedestrian
83,46.0,958.0,101.0,1004.0,6911,0,0,1,Pedestrian
83,44.0,958.0,99.0,1004.0,6912,0,0,1,Pedestrian
83,44.0,960.0,99.0,1006.0,6913,0,0,1,Pedestrian
83,44.0,960.0,99.0,1006.0,6914,0,0,1,Pedestrian
83,44.0,963.0,99.0,1008.0,6915,0,0,1,Pedestrian
83,41.0,965.0,96.0,1011.0,6916,0,0,1,Pedestrian
83,41.0,965.0,96.0,1011.0,6917,0,0,1,Pedestrian
83,41.0,967.0,96.0,1013.0,6918,0,0,1,Pedestrian
83,41.0,970.0,96.0,1015.0,6919,0,0,1,Pedestrian
83,38.0,970.0,93.0,1015.0,6920,0,0,1,Pedestrian
83,38.0,972.0,93.0,1017.0,6921,0,0,1,Pedestrian
83,38.0,972.0,93.0,1017.0,6922,0,0,1,Pedestrian
83,35.0,974.0,90.0,1020.0,6923,0,0,1,Pedestrian
83,35.0,976.0,90.0,1022.0,6924,0,0,1,Pedestrian
83,35.0,976.0,90.0,1022.0,6925,0,0,1,Pedestrian
83,35.0,979.0,90.0,1024.0,6926,0,0,1,Pedestrian
83,33.0,979.0,88.0,1024.0,6927,0,0,1,Pedestrian
83,33.0,981.0,88.0,1026.0,6928,0,0,1,Pedestrian
83,33.0,983.0,88.0,1029.0,6929,0,0,1,Pedestrian
83,30.0,983.0,85.0,1029.0,6930,0,0,1,Pedestrian
83,30.0,985.0,85.0,1031.0,6931,0,0,1,Pedestrian
83,30.0,985.0,85.0,1031.0,6932,0,0,1,Pedestrian
83,30.0,988.0,85.0,1033.0,6933,0,0,1,Pedestrian
83,27.0,990.0,82.0,1036.0,6934,0,0,1,Pedestrian
83,27.0,990.0,82.0,1036.0,6935,0,0,1,Pedestrian
83,27.0,992.0,82.0,1038.0,6936,0,0,1,Pedestrian
83,27.0,995.0,82.0,1040.0,6937,0,0,0,Pedestrian
83,24.0,995.0,79.0,1040.0,6938,0,0,1,Pedestrian
83,24.0,997.0,79.0,1042.0,6939,0,0,1,Pedestrian
83,24.0,997.0,79.0,1042.0,6940,0,0,1,Pedestrian
83,22.0,999.0,77.0,1045.0,6941,0,0,1,Pedestrian
83,22.0,999.0,77.0,1045.0,6942,0,0,1,Pedestrian
83,22.0,1001.0,77.0,1047.0,6943,0,0,1,Pedestrian
83,22.0,1001.0,77.0,1047.0,6944,0,0,1,Pedestrian
83,19.0,1004.0,74.0,1049.0,6945,0,0,1,Pedestrian
83,19.0,1004.0,74.0,1049.0,6946,0,0,1,Pedestrian
83,19.0,1006.0,74.0,1052.0,6947,0,0,1,Pedestrian
83,19.0,1006.0,74.0,1052.0,6948,0,0,1,Pedestrian
83,16.0,1008.0,71.0,1054.0,6949,0,0,1,Pedestrian
83,16.0,1008.0,71.0,1054.0,6950,0,0,1,Pedestrian
83,16.0,1011.0,71.0,1056.0,6951,0,0,1,Pedestrian
83,16.0,1011.0,71.0,1056.0,6952,0,0,1,Pedestrian
83,13.0,1013.0,68.0,1058.0,6953,0,0,1,Pedestrian
83,13.0,1015.0,68.0,1061.0,6954,0,0,1,Pedestrian
83,13.0,1015.0,68.0,1061.0,6955,0,0,1,Pedestrian
83,11.0,1017.0,66.0,1063.0,6956,0,0,1,Pedestrian
83,11.0,1017.0,66.0,1063.0,6957,0,0,1,Pedestrian
83,11.0,1020.0,66.0,1065.0,6958,0,0,1,Pedestrian
83,11.0,1020.0,66.0,1065.0,6959,0,0,1,Pedestrian
83,8.0,1022.0,63.0,1067.0,6960,0,0,1,Pedestrian
83,8.0,1022.0,63.0,1067.0,6961,0,0,1,Pedestrian
83,8.0,1024.0,63.0,1070.0,6962,0,0,1,Pedestrian
83,8.0,1024.0,63.0,1070.0,6963,0,0,1,Pedestrian
83,5.0,1026.0,60.0,1072.0,6964,0,0,1,Pedestrian
83,5.0,1026.0,60.0,1072.0,6965,0,0,1,Pedestrian
83,5.0,1029.0,60.0,1074.0,6966,0,0,1,Pedestrian
83,5.0,1029.0,60.0,1074.0,6967,0,0,1,Pedestrian
83,2.0,1031.0,57.0,1077.0,6968,0,0,1,Pedestrian
83,2.0,1031.0,57.0,1077.0,6969,0,0,1,Pedestrian
83,2.0,1033.0,57.0,1079.0,6970,0,0,1,Pedestrian
83,2.0,1036.0,57.0,1081.0,6971,1,0,0,Pedestrian
83,2.0,1036.0,57.0,1081.0,6972,1,0,1,Pedestrian
83,2.0,1036.0,57.0,1081.0,6973,1,0,1,Pedestrian
83,2.0,1036.0,57.0,1081.0,6974,1,0,1,Pedestrian
83,2.0,1036.0,57.0,1081.0,6975,1,0,1,Pedestrian
83,2.0,1036.0,57.0,1081.0,6976,1,0,1,Pedestrian
83,2.0,1036.0,57.0,1081.0,6977,1,0,1,Pedestrian
83,2.0,1036.0,57.0,1081.0,6978,1,0,1,Pedestrian
83,2.0,1036.0,57.0,1081.0,6979,1,0,1,Pedestrian
83,2.0,1036.0,57.0,1081.0,6980,1,0,1,Pedestrian
83,2.0,1036.0,57.0,1081.0,6981,1,0,1,Pedestrian
83,2.0,1036.0,57.0,1081.0,6982,1,0,1,Pedestrian
83,2.0,1036.0,57.0,1081.0,6983,1,0,1,Pedestrian
83,2.0,1036.0,57.0,1081.0,6984,1,0,1,Pedestrian
83,2.0,1036.0,57.0,1081.0,6985,1,0,1,Pedestrian
83,2.0,1036.0,57.0,1081.0,6986,1,0,1,Pedestrian
83,2.0,1036.0,57.0,1081.0,6987,1,0,1,Pedestrian
83,2.0,1036.0,57.0,1081.0,6988,1,0,1,Pedestrian
83,2.0,1036.0,57.0,1081.0,6989,1,0,1,Pedestrian
83,2.0,1036.0,57.0,1081.0,6990,1,0,1,Pedestrian
83,2.0,1036.0,57.0,1081.0,6991,1,0,1,Pedestrian
83,2.0,1036.0,57.0,1081.0,6992,1,0,1,Pedestrian
83,2.0,1036.0,57.0,1081.0,6993,1,0,1,Pedestrian
83,2.0,1036.0,57.0,1081.0,6994,1,0,1,Pedestrian
83,2.0,1036.0,57.0,1081.0,6995,1,0,1,Pedestrian
83,2.0,1036.0,57.0,1081.0,6996,1,0,1,Pedestrian
83,2.0,1036.0,57.0,1081.0,6997,1,0,0,Pedestrian
83,2.0,1036.0,57.0,1081.0,6998,1,0,1,Pedestrian
83,2.0,1036.0,57.0,1081.0,6999,1,0,1,Pedestrian
83,2.0,1036.0,57.0,1081.0,7000,1,0,0,Pedestrian
83,0.0,1033.0,55.0,1079.0,7001,1,0,1,Pedestrian
83,0.0,1033.0,55.0,1079.0,7002,1,0,1,Pedestrian
83,0.0,1033.0,55.0,1079.0,7003,1,0,1,Pedestrian
83,0.0,1033.0,55.0,1079.0,7004,1,0,1,Pedestrian
83,0.0,1033.0,55.0,1079.0,7005,1,0,1,Pedestrian
83,0.0,1033.0,55.0,1079.0,7006,1,0,1,Pedestrian
83,0.0,1033.0,55.0,1079.0,7007,1,0,1,Pedestrian
83,0.0,1033.0,55.0,1079.0,7008,1,0,1,Pedestrian
83,0.0,1033.0,55.0,1079.0,7009,1,0,1,Pedestrian
83,0.0,1033.0,55.0,1079.0,7010,1,0,1,Pedestrian
83,0.0,1033.0,55.0,1079.0,7011,1,0,1,Pedestrian
83,0.0,1033.0,55.0,1079.0,7012,1,0,1,Pedestrian
83,0.0,1033.0,55.0,1079.0,7013,1,0,1,Pedestrian
83,0.0,1033.0,55.0,1079.0,7014,1,0,1,Pedestrian
83,0.0,1033.0,55.0,1079.0,7015,1,0,1,Pedestrian
83,0.0,1033.0,55.0,1079.0,7016,1,0,1,Pedestrian
83,0.0,1033.0,55.0,1079.0,7017,1,0,1,Pedestrian
83,0.0,1033.0,55.0,1079.0,7018,1,0,1,Pedestrian
83,0.0,1033.0,55.0,1079.0,7019,1,0,1,Pedestrian
83,0.0,1033.0,55.0,1079.0,7020,1,0,1,Pedestrian
83,0.0,1033.0,55.0,1079.0,7021,1,0,1,Pedestrian
83,0.0,1033.0,55.0,1079.0,7022,1,0,1,Pedestrian
83,0.0,1033.0,55.0,1079.0,7023,1,0,1,Pedestrian
83,0.0,1033.0,55.0,1079.0,7024,1,0,1,Pedestrian
83,0.0,1033.0,55.0,1079.0,7025,1,0,1,Pedestrian
83,0.0,1033.0,55.0,1079.0,7026,1,0,1,Pedestrian
83,0.0,1033.0,55.0,1079.0,7027,1,0,1,Pedestrian
83,0.0,1033.0,55.0,1077.0,7028,1,0,1,Pedestrian
83,0.0,1033.0,55.0,1077.0,7029,1,0,1,Pedestrian
83,0.0,1033.0,55.0,1077.0,7030,1,0,1,Pedestrian
83,0.0,1033.0,55.0,1077.0,7031,1,0,1,Pedestrian
83,0.0,1033.0,55.0,1077.0,7032,1,0,1,Pedestrian
83,0.0,1033.0,55.0,1077.0,7033,1,0,1,Pedestrian
83,0.0,1033.0,55.0,1077.0,7034,1,0,1,Pedestrian
83,0.0,1033.0,55.0,1077.0,7035,1,0,1,Pedestrian
83,0.0,1033.0,55.0,1077.0,7036,1,0,1,Pedestrian
83,0.0,1031.0,55.0,1077.0,7037,1,0,1,Pedestrian
83,0.0,1031.0,55.0,1077.0,7038,1,0,1,Pedestrian
83,0.0,1031.0,55.0,1077.0,7039,1,0,1,Pedestrian
83,0.0,1031.0,55.0,1077.0,7040,1,0,1,Pedestrian
83,0.0,1031.0,55.0,1077.0,7041,1,0,1,Pedestrian
83,0.0,1031.0,55.0,1077.0,7042,1,0,1,Pedestrian
83,0.0,1031.0,55.0,1077.0,7043,1,0,1,Pedestrian
83,0.0,1031.0,55.0,1077.0,7044,1,0,1,Pedestrian
83,0.0,1031.0,55.0,1077.0,7045,1,0,1,Pedestrian
83,0.0,1031.0,55.0,1077.0,7046,1,0,1,Pedestrian
83,0.0,1031.0,55.0,1077.0,7047,1,0,1,Pedestrian
83,0.0,1031.0,55.0,1077.0,7048,1,0,1,Pedestrian
83,0.0,1031.0,55.0,1077.0,7049,1,0,1,Pedestrian
83,0.0,1031.0,55.0,1077.0,7050,1,0,1,Pedestrian
83,0.0,1031.0,55.0,1077.0,7051,1,0,1,Pedestrian
83,0.0,1031.0,55.0,1077.0,7052,1,0,1,Pedestrian
83,0.0,1031.0,55.0,1077.0,7053,1,0,1,Pedestrian
83,0.0,1031.0,55.0,1077.0,7054,1,0,1,Pedestrian
83,0.0,1031.0,55.0,1077.0,7055,1,0,1,Pedestrian
83,0.0,1031.0,55.0,1074.0,7056,1,0,1,Pedestrian
83,0.0,1031.0,55.0,1074.0,7057,1,0,1,Pedestrian
83,0.0,1031.0,55.0,1074.0,7058,1,0,1,Pedestrian
83,0.0,1031.0,55.0,1074.0,7059,1,0,1,Pedestrian
83,0.0,1031.0,55.0,1074.0,7060,1,0,1,Pedestrian
83,0.0,1031.0,52.0,1074.0,7061,1,0,1,Pedestrian
83,0.0,1031.0,52.0,1074.0,7062,1,0,1,Pedestrian
83,0.0,1031.0,52.0,1074.0,7063,1,0,1,Pedestrian
83,0.0,1031.0,52.0,1074.0,7064,1,0,1,Pedestrian
83,0.0,1031.0,52.0,1074.0,7065,1,0,1,Pedestrian
83,0.0,1031.0,52.0,1074.0,7066,1,0,1,Pedestrian
83,0.0,1031.0,52.0,1074.0,7067,1,0,1,Pedestrian
83,0.0,1031.0,52.0,1074.0,7068,1,0,1,Pedestrian
83,0.0,1031.0,52.0,1074.0,7069,1,0,1,Pedestrian
83,0.0,1031.0,52.0,1074.0,7070,1,0,1,Pedestrian
83,0.0,1031.0,52.0,1074.0,7071,1,0,1,Pedestrian
83,0.0,1031.0,52.0,1074.0,7072,1,0,1,Pedestrian
83,0.0,1029.0,52.0,1074.0,7073,1,0,1,Pedestrian
83,0.0,1029.0,52.0,1074.0,7074,1,0,1,Pedestrian
83,0.0,1029.0,52.0,1074.0,7075,1,0,1,Pedestrian
83,0.0,1029.0,52.0,1074.0,7076,1,0,1,Pedestrian
83,0.0,1029.0,52.0,1074.0,7077,1,0,1,Pedestrian
83,0.0,1029.0,52.0,1074.0,7078,1,0,1,Pedestrian
83,0.0,1029.0,52.0,1074.0,7079,1,0,1,Pedestrian
83,0.0,1029.0,52.0,1074.0,7080,1,0,1,Pedestrian
83,0.0,1029.0,52.0,1074.0,7081,1,0,1,Pedestrian
83,0.0,1029.0,52.0,1074.0,7082,1,0,1,Pedestrian
83,0.0,1029.0,52.0,1074.0,7083,1,0,1,Pedestrian
83,0.0,1029.0,52.0,1072.0,7084,1,0,1,Pedestrian
83,0.0,1029.0,52.0,1072.0,7085,1,0,1,Pedestrian
83,0.0,1029.0,52.0,1072.0,7086,1,0,1,Pedestrian
83,0.0,1029.0,52.0,1072.0,7087,1,0,1,Pedestrian
83,0.0,1029.0,52.0,1072.0,7088,1,0,1,Pedestrian
83,0.0,1029.0,52.0,1072.0,7089,1,0,1,Pedestrian
83,0.0,1029.0,52.0,1072.0,7090,1,0,1,Pedestrian
83,0.0,1029.0,52.0,1072.0,7091,1,0,1,Pedestrian
83,0.0,1029.0,52.0,1072.0,7092,1,0,1,Pedestrian
83,0.0,1029.0,52.0,1072.0,7093,1,0,1,Pedestrian
83,0.0,1029.0,52.0,1072.0,7094,1,0,1,Pedestrian
83,0.0,1029.0,52.0,1072.0,7095,1,0,1,Pedestrian
83,0.0,1029.0,52.0,1072.0,7096,1,0,1,Pedestrian
83,0.0,1029.0,52.0,1072.0,7097,1,0,1,Pedestrian
83,0.0,1029.0,52.0,1072.0,7098,1,0,1,Pedestrian
83,0.0,1029.0,52.0,1072.0,7099,1,0,1,Pedestrian
83,0.0,1029.0,52.0,1072.0,7100,1,0,1,Pedestrian
83,0.0,1029.0,52.0,1072.0,7101,1,0,1,Pedestrian
83,0.0,1029.0,52.0,1072.0,7102,1,0,1,Pedestrian
83,0.0,1029.0,52.0,1072.0,7103,1,0,1,Pedestrian
83,0.0,1029.0,52.0,1072.0,7104,1,0,1,Pedestrian
83,0.0,1029.0,52.0,1072.0,7105,1,0,1,Pedestrian
83,0.0,1029.0,52.0,1072.0,7106,1,0,1,Pedestrian
83,0.0,1029.0,52.0,1072.0,7107,1,0,1,Pedestrian
83,0.0,1029.0,52.0,1072.0,7108,1,0,1,Pedestrian
83,0.0,1026.0,52.0,1072.0,7109,1,0,1,Pedestrian
83,0.0,1026.0,52.0,1072.0,7110,1,0,1,Pedestrian
83,0.0,1026.0,52.0,1072.0,7111,1,0,1,Pedestrian
83,0.0,1026.0,52.0,1070.0,7112,1,0,1,Pedestrian
83,0.0,1026.0,52.0,1070.0,7113,1,0,1,Pedestrian
83,0.0,1026.0,52.0,1070.0,7114,1,0,1,Pedestrian
83,0.0,1026.0,52.0,1070.0,7115,1,0,1,Pedestrian
83,0.0,1026.0,52.0,1070.0,7116,1,0,1,Pedestrian
83,0.0,1026.0,52.0,1070.0,7117,1,0,1,Pedestrian
83,0.0,1026.0,52.0,1070.0,7118,1,0,1,Pedestrian
83,0.0,1026.0,52.0,1070.0,7119,1,0,1,Pedestrian
83,0.0,1026.0,52.0,1070.0,7120,1,0,1,Pedestrian
83,0.0,1026.0,52.0,1070.0,7121,1,0,1,Pedestrian
83,0.0,1026.0,49.0,1070.0,7122,1,0,1,Pedestrian
83,0.0,1026.0,49.0,1070.0,7123,1,0,1,Pedestrian
83,0.0,1026.0,49.0,1070.0,7124,1,0,1,Pedestrian
83,0.0,1026.0,49.0,1070.0,7125,1,0,1,Pedestrian
83,0.0,1026.0,49.0,1070.0,7126,1,0,1,Pedestrian
83,0.0,1026.0,49.0,1070.0,7127,1,0,1,Pedestrian
83,0.0,1026.0,49.0,1070.0,7128,1,0,1,Pedestrian
83,0.0,1026.0,49.0,1070.0,7129,1,0,1,Pedestrian
83,0.0,1026.0,49.0,1070.0,7130,1,0,1,Pedestrian
83,0.0,1026.0,49.0,1070.0,7131,1,0,1,Pedestrian
83,0.0,1026.0,49.0,1070.0,7132,1,0,1,Pedestrian
83,0.0,1026.0,49.0,1070.0,7133,1,0,1,Pedestrian
83,0.0,1026.0,49.0,1070.0,7134,1,0,1,Pedestrian
83,0.0,1026.0,49.0,1070.0,7135,1,0,1,Pedestrian
83,0.0,1026.0,49.0,1070.0,7136,1,0,1,Pedestrian
83,0.0,1026.0,49.0,1070.0,7137,1,0,1,Pedestrian
83,0.0,1026.0,49.0,1070.0,7138,1,0,1,Pedestrian
83,0.0,1026.0,49.0,1070.0,7139,1,0,1,Pedestrian
83,0.0,1026.0,49.0,1067.0,7140,1,0,1,Pedestrian
83,0.0,1026.0,49.0,1067.0,7141,1,0,1,Pedestrian
83,0.0,1026.0,49.0,1067.0,7142,1,0,1,Pedestrian
83,0.0,1026.0,49.0,1067.0,7143,1,0,1,Pedestrian
83,0.0,1026.0,49.0,1067.0,7144,1,0,1,Pedestrian
83,0.0,1026.0,49.0,1067.0,7145,1,0,1,Pedestrian
83,0.0,1024.0,49.0,1067.0,7146,1,0,1,Pedestrian
83,0.0,1024.0,49.0,1067.0,7147,1,0,1,Pedestrian
83,0.0,1024.0,49.0,1067.0,7148,1,0,1,Pedestrian
83,0.0,1024.0,49.0,1067.0,7149,1,0,1,Pedestrian
83,0.0,1024.0,49.0,1067.0,7150,1,0,1,Pedestrian
83,0.0,1024.0,49.0,1067.0,7151,1,0,1,Pedestrian
83,0.0,1024.0,49.0,1067.0,7152,1,0,1,Pedestrian
83,0.0,1024.0,49.0,1067.0,7153,1,0,1,Pedestrian
83,0.0,1024.0,49.0,1067.0,7154,1,0,1,Pedestrian
83,0.0,1024.0,49.0,1067.0,7155,1,0,1,Pedestrian
83,0.0,1024.0,49.0,1067.0,7156,1,0,1,Pedestrian
83,0.0,1024.0,49.0,1067.0,7157,1,0,1,Pedestrian
83,0.0,1024.0,49.0,1067.0,7158,1,0,1,Pedestrian
83,0.0,1024.0,49.0,1067.0,7159,1,0,1,Pedestrian
83,0.0,1024.0,49.0,1067.0,7160,1,0,1,Pedestrian
83,0.0,1024.0,49.0,1067.0,7161,1,0,1,Pedestrian
83,0.0,1024.0,49.0,1067.0,7162,1,0,1,Pedestrian
83,0.0,1024.0,49.0,1067.0,7163,1,0,1,Pedestrian
83,0.0,1024.0,49.0,1067.0,7164,1,0,1,Pedestrian
83,0.0,1024.0,49.0,1067.0,7165,1,0,1,Pedestrian
83,0.0,1024.0,49.0,1067.0,7166,1,0,1,Pedestrian
83,0.0,1024.0,49.0,1067.0,7167,1,0,1,Pedestrian
83,0.0,1024.0,49.0,1065.0,7168,1,0,1,Pedestrian
83,0.0,1024.0,49.0,1065.0,7169,1,0,1,Pedestrian
83,0.0,1024.0,49.0,1065.0,7170,1,0,1,Pedestrian
83,0.0,1024.0,49.0,1065.0,7171,1,0,1,Pedestrian
83,0.0,1024.0,49.0,1065.0,7172,1,0,1,Pedestrian
83,0.0,1024.0,49.0,1065.0,7173,1,0,1,Pedestrian
83,0.0,1024.0,49.0,1065.0,7174,1,0,1,Pedestrian
83,0.0,1024.0,49.0,1065.0,7175,1,0,1,Pedestrian
83,0.0,1024.0,49.0,1065.0,7176,1,0,1,Pedestrian
83,0.0,1024.0,49.0,1065.0,7177,1,0,1,Pedestrian
83,0.0,1024.0,49.0,1065.0,7178,1,0,1,Pedestrian
83,0.0,1024.0,49.0,1065.0,7179,1,0,1,Pedestrian
83,0.0,1024.0,49.0,1065.0,7180,1,0,1,Pedestrian
83,0.0,1024.0,49.0,1065.0,7181,1,0,1,Pedestrian
83,0.0,1022.0,46.0,1065.0,7182,1,0,1,Pedestrian
83,0.0,1022.0,46.0,1065.0,7183,1,0,1,Pedestrian
83,0.0,1022.0,46.0,1065.0,7184,1,0,1,Pedestrian
83,0.0,1022.0,46.0,1065.0,7185,1,0,1,Pedestrian
83,0.0,1022.0,46.0,1065.0,7186,1,0,1,Pedestrian
83,0.0,1022.0,46.0,1065.0,7187,1,0,1,Pedestrian
83,0.0,1022.0,46.0,1065.0,7188,1,0,1,Pedestrian
83,0.0,1022.0,46.0,1065.0,7189,1,0,1,Pedestrian
83,0.0,1022.0,46.0,1065.0,7190,1,0,1,Pedestrian
83,0.0,1022.0,46.0,1065.0,7191,1,0,1,Pedestrian
83,0.0,1022.0,46.0,1065.0,7192,1,0,1,Pedestrian
83,0.0,1022.0,46.0,1065.0,7193,1,0,1,Pedestrian
83,0.0,1022.0,46.0,1065.0,7194,1,0,1,Pedestrian
83,0.0,1022.0,46.0,1065.0,7195,1,0,1,Pedestrian
83,0.0,1022.0,46.0,1063.0,7196,1,0,1,Pedestrian
83,0.0,1022.0,46.0,1063.0,7197,1,0,1,Pedestrian
83,0.0,1022.0,46.0,1063.0,7198,1,0,1,Pedestrian
83,0.0,1022.0,46.0,1063.0,7199,1,0,1,Pedestrian
83,0.0,1022.0,46.0,1063.0,7200,1,0,1,Pedestrian
83,0.0,1022.0,46.0,1063.0,7201,1,0,1,Pedestrian
83,0.0,1022.0,46.0,1063.0,7202,1,0,1,Pedestrian
83,0.0,1022.0,46.0,1063.0,7203,1,0,1,Pedestrian
83,0.0,1022.0,46.0,1063.0,7204,1,0,1,Pedestrian
83,0.0,1022.0,46.0,1063.0,7205,1,0,1,Pedestrian
83,0.0,1022.0,46.0,1063.0,7206,1,0,1,Pedestrian
83,0.0,1022.0,46.0,1063.0,7207,1,0,1,Pedestrian
83,0.0,1022.0,46.0,1063.0,7208,1,0,1,Pedestrian
83,0.0,1022.0,46.0,1063.0,7209,1,0,1,Pedestrian
83,0.0,1022.0,46.0,1063.0,7210,1,0,1,Pedestrian
83,0.0,1022.0,46.0,1063.0,7211,1,0,1,Pedestrian
83,0.0,1022.0,46.0,1063.0,7212,1,0,1,Pedestrian
83,0.0,1022.0,46.0,1063.0,7213,1,0,1,Pedestrian
83,0.0,1022.0,46.0,1063.0,7214,1,0,1,Pedestrian
83,0.0,1022.0,46.0,1063.0,7215,1,0,1,Pedestrian
83,0.0,1022.0,46.0,1063.0,7216,1,0,1,Pedestrian
83,0.0,1022.0,46.0,1063.0,7217,1,0,1,Pedestrian
83,0.0,1020.0,46.0,1063.0,7218,1,0,1,Pedestrian
83,0.0,1020.0,46.0,1063.0,7219,1,0,1,Pedestrian
83,0.0,1020.0,46.0,1063.0,7220,1,0,1,Pedestrian
83,0.0,1020.0,46.0,1063.0,7221,1,0,1,Pedestrian
83,0.0,1020.0,46.0,1063.0,7222,1,0,1,Pedestrian
83,0.0,1020.0,46.0,1063.0,7223,1,0,1,Pedestrian
83,0.0,1020.0,46.0,1061.0,7224,1,0,1,Pedestrian
83,0.0,1020.0,46.0,1061.0,7225,1,0,1,Pedestrian
83,0.0,1020.0,46.0,1061.0,7226,1,0,1,Pedestrian
83,0.0,1020.0,46.0,1061.0,7227,1,0,1,Pedestrian
83,0.0,1020.0,46.0,1061.0,7228,1,0,1,Pedestrian
83,0.0,1020.0,46.0,1061.0,7229,1,0,1,Pedestrian
83,0.0,1020.0,46.0,1061.0,7230,1,0,1,Pedestrian
83,0.0,1020.0,46.0,1061.0,7231,1,0,1,Pedestrian
83,0.0,1020.0,46.0,1061.0,7232,1,0,1,Pedestrian
83,0.0,1020.0,46.0,1061.0,7233,1,0,1,Pedestrian
83,0.0,1020.0,46.0,1061.0,7234,1,0,1,Pedestrian
83,0.0,1020.0,46.0,1061.0,7235,1,0,1,Pedestrian
83,0.0,1020.0,46.0,1061.0,7236,1,0,1,Pedestrian
83,0.0,1020.0,46.0,1061.0,7237,1,0,1,Pedestrian
83,0.0,1020.0,46.0,1061.0,7238,1,0,1,Pedestrian
83,0.0,1020.0,46.0,1061.0,7239,1,0,1,Pedestrian
83,0.0,1020.0,46.0,1061.0,7240,1,0,1,Pedestrian
83,0.0,1020.0,46.0,1061.0,7241,1,0,1,Pedestrian
83,0.0,1020.0,46.0,1061.0,7242,1,0,1,Pedestrian
83,0.0,1020.0,44.0,1061.0,7243,1,0,1,Pedestrian
83,0.0,1020.0,44.0,1061.0,7244,1,0,1,Pedestrian
83,0.0,1020.0,44.0,1061.0,7245,1,0,1,Pedestrian
83,0.0,1020.0,44.0,1061.0,7246,1,0,1,Pedestrian
83,0.0,1020.0,44.0,1061.0,7247,1,0,1,Pedestrian
83,0.0,1020.0,44.0,1061.0,7248,1,0,1,Pedestrian
83,0.0,1020.0,44.0,1061.0,7249,1,0,1,Pedestrian
83,0.0,1020.0,44.0,1061.0,7250,1,0,1,Pedestrian
83,0.0,1020.0,44.0,1061.0,7251,1,0,1,Pedestrian
83,0.0,1020.0,44.0,1058.0,7252,1,0,1,Pedestrian
83,0.0,1020.0,44.0,1058.0,7253,1,0,1,Pedestrian
83,0.0,1020.0,44.0,1058.0,7254,1,0,1,Pedestrian
83,0.0,1017.0,44.0,1058.0,7255,1,0,1,Pedestrian
83,0.0,1017.0,44.0,1058.0,7256,1,0,1,Pedestrian
83,0.0,1017.0,44.0,1058.0,7257,1,0,1,Pedestrian
83,0.0,1017.0,44.0,1058.0,7258,1,0,1,Pedestrian
83,0.0,1017.0,44.0,1058.0,7259,1,0,1,Pedestrian
83,0.0,1017.0,44.0,1058.0,7260,1,0,1,Pedestrian
83,0.0,1017.0,44.0,1058.0,7261,1,0,1,Pedestrian
83,0.0,1017.0,44.0,1058.0,7262,1,0,1,Pedestrian
83,0.0,1017.0,44.0,1058.0,7263,1,0,1,Pedestrian
83,0.0,1017.0,44.0,1058.0,7264,1,0,1,Pedestrian
83,0.0,1017.0,44.0,1058.0,7265,1,0,1,Pedestrian
83,0.0,1017.0,44.0,1058.0,7266,1,0,1,Pedestrian
83,0.0,1017.0,44.0,1058.0,7267,1,0,1,Pedestrian
83,0.0,1017.0,44.0,1058.0,7268,1,0,1,Pedestrian
83,0.0,1017.0,44.0,1058.0,7269,1,0,1,Pedestrian
83,0.0,1017.0,44.0,1058.0,7270,1,0,1,Pedestrian
83,0.0,1017.0,44.0,1058.0,7271,1,0,1,Pedestrian
83,0.0,1017.0,44.0,1058.0,7272,1,0,1,Pedestrian
83,0.0,1017.0,44.0,1058.0,7273,1,0,1,Pedestrian
83,0.0,1017.0,44.0,1058.0,7274,1,0,1,Pedestrian
83,0.0,1017.0,44.0,1058.0,7275,1,0,1,Pedestrian
83,0.0,1017.0,44.0,1058.0,7276,1,0,1,Pedestrian
83,0.0,1017.0,44.0,1058.0,7277,1,0,1,Pedestrian
83,0.0,1017.0,44.0,1058.0,7278,1,0,1,Pedestrian
83,0.0,1017.0,44.0,1058.0,7279,1,0,1,Pedestrian
83,0.0,1017.0,44.0,1056.0,7280,1,0,1,Pedestrian
83,0.0,1017.0,44.0,1056.0,7281,1,0,1,Pedestrian
83,0.0,1017.0,44.0,1056.0,7282,1,0,1,Pedestrian
83,0.0,1017.0,44.0,1056.0,7283,1,0,1,Pedestrian
83,0.0,1017.0,44.0,1056.0,7284,1,0,1,Pedestrian
83,0.0,1017.0,44.0,1056.0,7285,1,0,1,Pedestrian
83,0.0,1017.0,44.0,1056.0,7286,1,0,1,Pedestrian
83,0.0,1017.0,44.0,1056.0,7287,1,0,1,Pedestrian
83,0.0,1017.0,44.0,1056.0,7288,1,0,1,Pedestrian
83,0.0,1017.0,44.0,1056.0,7289,1,0,1,Pedestrian
83,0.0,1017.0,44.0,1056.0,7290,1,0,1,Pedestrian
83,0.0,1015.0,44.0,1056.0,7291,1,0,1,Pedestrian
83,0.0,1015.0,44.0,1056.0,7292,1,0,1,Pedestrian
83,0.0,1015.0,44.0,1056.0,7293,1,0,1,Pedestrian
83,0.0,1015.0,44.0,1056.0,7294,1,0,1,Pedestrian
83,0.0,1015.0,44.0,1056.0,7295,1,0,1,Pedestrian
83,0.0,1015.0,44.0,1056.0,7296,1,0,1,Pedestrian
83,0.0,1015.0,44.0,1056.0,7297,1,0,1,Pedestrian
83,0.0,1015.0,44.0,1056.0,7298,1,0,1,Pedestrian
83,0.0,1015.0,44.0,1056.0,7299,1,0,1,Pedestrian
83,0.0,1015.0,44.0,1056.0,7300,1,0,1,Pedestrian
83,0.0,1015.0,44.0,1056.0,7301,1,0,1,Pedestrian
83,0.0,1015.0,44.0,1056.0,7302,1,0,1,Pedestrian
83,0.0,1015.0,41.0,1056.0,7303,1,0,1,Pedestrian
83,0.0,1015.0,41.0,1056.0,7304,1,0,1,Pedestrian
83,0.0,1015.0,41.0,1056.0,7305,1,0,1,Pedestrian
83,0.0,1015.0,41.0,1056.0,7306,1,0,1,Pedestrian
83,0.0,1015.0,41.0,1056.0,7307,1,0,1,Pedestrian
83,0.0,1015.0,41.0,1054.0,7308,1,0,1,Pedestrian
83,0.0,1015.0,41.0,1054.0,7309,1,0,1,Pedestrian
83,0.0,1015.0,41.0,1054.0,7310,1,0,1,Pedestrian
83,0.0,1015.0,41.0,1054.0,7311,1,0,1,Pedestrian
83,0.0,1015.0,41.0,1054.0,7312,1,0,1,Pedestrian
83,0.0,1015.0,41.0,1054.0,7313,1,0,1,Pedestrian
83,0.0,1015.0,41.0,1054.0,7314,1,0,1,Pedestrian
83,0.0,1015.0,41.0,1054.0,7315,1,0,1,Pedestrian
83,0.0,1015.0,41.0,1054.0,7316,1,0,1,Pedestrian
83,0.0,1015.0,41.0,1054.0,7317,1,0,1,Pedestrian
83,0.0,1015.0,41.0,1054.0,7318,1,0,1,Pedestrian
83,0.0,1015.0,41.0,1054.0,7319,1,0,1,Pedestrian
83,0.0,1015.0,41.0,1054.0,7320,1,0,1,Pedestrian
83,0.0,1015.0,41.0,1054.0,7321,1,0,1,Pedestrian
83,0.0,1015.0,41.0,1054.0,7322,1,0,1,Pedestrian
83,0.0,1015.0,41.0,1054.0,7323,1,0,1,Pedestrian
83,0.0,1015.0,41.0,1054.0,7324,1,0,1,Pedestrian
83,0.0,1015.0,41.0,1054.0,7325,1,0,1,Pedestrian
83,0.0,1015.0,41.0,1054.0,7326,1,0,1,Pedestrian
83,0.0,1013.0,41.0,1054.0,7327,1,0,1,Pedestrian
83,0.0,1013.0,41.0,1054.0,7328,1,0,1,Pedestrian
83,0.0,1013.0,41.0,1054.0,7329,1,0,1,Pedestrian
83,0.0,1013.0,41.0,1054.0,7330,1,0,1,Pedestrian
83,0.0,1013.0,41.0,1054.0,7331,1,0,1,Pedestrian
83,0.0,1013.0,41.0,1054.0,7332,1,0,1,Pedestrian
83,0.0,1013.0,41.0,1054.0,7333,1,0,1,Pedestrian
83,0.0,1013.0,41.0,1054.0,7334,1,0,1,Pedestrian
83,0.0,1013.0,41.0,1054.0,7335,1,0,1,Pedestrian
83,0.0,1013.0,41.0,1052.0,7336,1,0,1,Pedestrian
83,0.0,1013.0,41.0,1052.0,7337,1,0,1,Pedestrian
83,0.0,1013.0,41.0,1052.0,7338,1,0,1,Pedestrian
83,0.0,1013.0,41.0,1052.0,7339,1,0,1,Pedestrian
83,0.0,1013.0,41.0,1052.0,7340,1,0,1,Pedestrian
83,0.0,1013.0,41.0,1052.0,7341,1,0,1,Pedestrian
83,0.0,1013.0,41.0,1052.0,7342,1,0,1,Pedestrian
83,0.0,1013.0,41.0,1052.0,7343,1,0,1,Pedestrian
83,0.0,1013.0,41.0,1052.0,7344,1,0,1,Pedestrian
83,0.0,1013.0,41.0,1052.0,7345,1,0,1,Pedestrian
83,0.0,1013.0,41.0,1052.0,7346,1,0,1,Pedestrian
83,0.0,1013.0,41.0,1052.0,7347,1,0,1,Pedestrian
83,0.0,1013.0,41.0,1052.0,7348,1,0,1,Pedestrian
83,0.0,1013.0,41.0,1052.0,7349,1,0,1,Pedestrian
83,0.0,1013.0,41.0,1052.0,7350,1,0,1,Pedestrian
83,0.0,1013.0,41.0,1052.0,7351,1,0,1,Pedestrian
83,0.0,1013.0,41.0,1052.0,7352,1,0,1,Pedestrian
83,0.0,1013.0,41.0,1052.0,7353,1,0,1,Pedestrian
83,0.0,1013.0,41.0,1052.0,7354,1,0,1,Pedestrian
83,0.0,1013.0,41.0,1052.0,7355,1,0,1,Pedestrian
83,0.0,1013.0,41.0,1052.0,7356,1,0,1,Pedestrian
83,0.0,1013.0,41.0,1052.0,7357,1,0,1,Pedestrian
83,0.0,1013.0,41.0,1052.0,7358,1,0,1,Pedestrian
83,0.0,1013.0,41.0,1052.0,7359,1,0,1,Pedestrian
83,0.0,1013.0,41.0,1052.0,7360,1,0,1,Pedestrian
83,0.0,1013.0,41.0,1052.0,7361,1,0,1,Pedestrian
83,0.0,1013.0,41.0,1052.0,7362,1,0,1,Pedestrian
83,0.0,1013.0,41.0,1052.0,7363,0,0,0,Pedestrian
83,0.0,1013.0,41.0,1052.0,7364,0,0,1,Pedestrian
83,0.0,1013.0,41.0,1052.0,7365,0,0,1,Pedestrian
83,2.0,1013.0,44.0,1052.0,7366,0,0,1,Pedestrian
83,2.0,1013.0,44.0,1052.0,7367,0,0,1,Pedestrian
83,5.0,1013.0,46.0,1052.0,7368,0,0,1,Pedestrian
83,5.0,1013.0,46.0,1052.0,7369,0,0,1,Pedestrian
83,8.0,1013.0,49.0,1052.0,7370,0,0,1,Pedestrian
83,8.0,1013.0,49.0,1052.0,7371,0,0,1,Pedestrian
83,11.0,1013.0,52.0,1052.0,7372,0,0,1,Pedestrian
83,11.0,1013.0,52.0,1052.0,7373,0,0,1,Pedestrian
83,13.0,1013.0,55.0,1052.0,7374,0,0,1,Pedestrian
83,13.0,1013.0,55.0,1052.0,7375,0,0,1,Pedestrian
83,13.0,1013.0,55.0,1052.0,7376,0,0,1,Pedestrian
83,16.0,1013.0,57.0,1052.0,7377,0,0,1,Pedestrian
83,16.0,1013.0,57.0,1052.0,7378,0,0,1,Pedestrian
83,19.0,1013.0,60.0,1052.0,7379,0,0,1,Pedestrian
83,19.0,1013.0,60.0,1052.0,7380,0,0,1,Pedestrian
83,22.0,1013.0,63.0,1052.0,7381,0,0,1,Pedestrian
83,22.0,1013.0,63.0,1052.0,7382,0,0,1,Pedestrian
83,24.0,1013.0,66.0,1052.0,7383,0,0,1,Pedestrian
83,24.0,1013.0,66.0,1052.0,7384,0,0,1,Pedestrian
83,27.0,1013.0,68.0,1052.0,7385,0,0,1,Pedestrian
83,27.0,1015.0,68.0,1054.0,7386,0,0,1,Pedestrian
83,30.0,1015.0,71.0,1054.0,7387,0,0,1,Pedestrian
83,30.0,1015.0,71.0,1054.0,7388,0,0,1,Pedestrian
83,30.0,1015.0,71.0,1054.0,7389,0,0,1,Pedestrian
83,33.0,1015.0,74.0,1054.0,7390,0,0,1,Pedestrian
83,33.0,1015.0,74.0,1054.0,7391,0,0,1,Pedestrian
83,35.0,1015.0,77.0,1054.0,7392,0,0,1,Pedestrian
83,35.0,1015.0,77.0,1054.0,7393,0,0,1,Pedestrian
83,38.0,1015.0,79.0,1054.0,7394,0,0,1,Pedestrian
83,38.0,1015.0,79.0,1054.0,7395,0,0,1,Pedestrian
83,41.0,1015.0,82.0,1054.0,7396,0,0,1,Pedestrian
83,41.0,1015.0,82.0,1054.0,7397,0,0,1,Pedestrian
83,44.0,1015.0,85.0,1054.0,7398,0,0,1,Pedestrian
83,44.0,1015.0,85.0,1054.0,7399,0,0,1,Pedestrian
83,46.0,1015.0,88.0,1054.0,7400,0,0,1,Pedestrian
83,46.0,1015.0,88.0,1054.0,7401,0,0,1,Pedestrian
83,46.0,1015.0,88.0,1054.0,7402,0,0,1,Pedestrian
83,49.0,1015.0,90.0,1054.0,7403,0,0,1,Pedestrian
83,49.0,1015.0,90.0,1054.0,7404,0,0,1,Pedestrian
83,52.0,1015.0,93.0,1054.0,7405,0,0,1,Pedestrian
83,52.0,1015.0,93.0,1054.0,7406,0,0,1,Pedestrian
83,55.0,1015.0,96.0,1054.0,7407,0,0,1,Pedestrian
83,55.0,1015.0,96.0,1054.0,7408,0,0,1,Pedestrian
83,57.0,1017.0,99.0,1056.0,7409,0,0,1,Pedestrian
83,57.0,1017.0,99.0,1056.0,7410,0,0,1,Pedestrian
83,60.0,1017.0,101.0,1056.0,7411,0,0,1,Pedestrian
83,60.0,1017.0,101.0,1056.0,7412,0,0,1,Pedestrian
83,60.0,1017.0,101.0,1056.0,7413,0,0,1,Pedestrian
83,63.0,1017.0,104.0,1056.0,7414,0,0,1,Pedestrian
83,63.0,1017.0,104.0,1056.0,7415,0,0,1,Pedestrian
83,66.0,1017.0,107.0,1056.0,7416,0,0,1,Pedestrian
83,66.0,1017.0,107.0,1056.0,7417,0,0,1,Pedestrian
83,68.0,1017.0,110.0,1056.0,7418,0,0,1,Pedestrian
83,68.0,1017.0,110.0,1056.0,7419,0,0,1,Pedestrian
83,71.0,1017.0,112.0,1056.0,7420,0,0,1,Pedestrian
83,71.0,1017.0,112.0,1056.0,7421,0,0,1,Pedestrian
83,74.0,1017.0,115.0,1056.0,7422,0,0,1,Pedestrian
83,74.0,1017.0,115.0,1056.0,7423,0,0,1,Pedestrian
83,77.0,1017.0,118.0,1056.0,7424,0,0,1,Pedestrian
83,77.0,1017.0,118.0,1056.0,7425,0,0,1,Pedestrian
83,77.0,1017.0,118.0,1056.0,7426,0,0,1,Pedestrian
83,79.0,1017.0,121.0,1056.0,7427,0,0,1,Pedestrian
83,79.0,1017.0,121.0,1056.0,7428,0,0,1,Pedestrian
83,82.0,1017.0,123.0,1056.0,7429,0,0,1,Pedestrian
83,82.0,1017.0,123.0,1056.0,7430,0,0,1,Pedestrian
83,85.0,1017.0,126.0,1056.0,7431,0,0,1,Pedestrian
83,85.0,1020.0,126.0,1058.0,7432,0,0,1,Pedestrian
83,88.0,1020.0,129.0,1058.0,7433,0,0,1,Pedestrian
83,88.0,1020.0,129.0,1058.0,7434,0,0,1,Pedestrian
83,90.0,1020.0,132.0,1058.0,7435,0,0,1,Pedestrian
83,90.0,1020.0,132.0,1058.0,7436,0,0,1,Pedestrian
83,93.0,1020.0,134.0,1058.0,7437,0,0,1,Pedestrian
83,93.0,1020.0,134.0,1058.0,7438,0,0,1,Pedestrian
83,93.0,1020.0,134.0,1058.0,7439,0,0,1,Pedestrian
83,96.0,1020.0,137.0,1058.0,7440,0,0,1,Pedestrian
83,96.0,1020.0,137.0,1058.0,7441,0,0,1,Pedestrian
83,99.0,1020.0,140.0,1058.0,7442,0,0,1,Pedestrian
83,99.0,1020.0,140.0,1058.0,7443,0,0,1,Pedestrian
83,101.0,1020.0,143.0,1058.0,7444,0,0,1,Pedestrian
83,101.0,1020.0,143.0,1058.0,7445,0,0,1,Pedestrian
83,104.0,1020.0,145.0,1058.0,7446,0,0,1,Pedestrian
83,104.0,1020.0,145.0,1058.0,7447,0,0,1,Pedestrian
83,107.0,1020.0,148.0,1058.0,7448,0,0,1,Pedestrian
83,107.0,1020.0,148.0,1058.0,7449,0,0,1,Pedestrian
83,110.0,1020.0,151.0,1058.0,7450,0,0,1,Pedestrian
83,110.0,1020.0,151.0,1058.0,7451,0,0,1,Pedestrian
83,110.0,1020.0,151.0,1058.0,7452,0,0,1,Pedestrian
83,112.0,1020.0,154.0,1058.0,7453,0,0,1,Pedestrian
83,112.0,1020.0,154.0,1058.0,7454,0,0,1,Pedestrian
83,115.0,1022.0,156.0,1061.0,7455,0,0,1,Pedestrian
83,115.0,1022.0,156.0,1061.0,7456,0,0,1,Pedestrian
83,118.0,1022.0,159.0,1061.0,7457,0,0,1,Pedestrian
83,118.0,1022.0,159.0,1061.0,7458,0,0,1,Pedestrian
83,121.0,1022.0,162.0,1061.0,7459,0,0,1,Pedestrian
83,121.0,1022.0,162.0,1061.0,7460,0,0,1,Pedestrian
83,123.0,1022.0,165.0,1061.0,7461,0,0,1,Pedestrian
83,123.0,1022.0,165.0,1061.0,7462,0,0,1,Pedestrian
83,123.0,1022.0,165.0,1061.0,7463,0,0,1,Pedestrian
83,126.0,1022.0,167.0,1061.0,7464,0,0,1,Pedestrian
83,126.0,1022.0,167.0,1061.0,7465,0,0,1,Pedestrian
83,129.0,1022.0,170.0,1061.0,7466,0,0,1,Pedestrian
83,129.0,1022.0,170.0,1061.0,7467,0,0,1,Pedestrian
83,132.0,1022.0,173.0,1061.0,7468,0,0,1,Pedestrian
83,132.0,1022.0,173.0,1061.0,7469,0,0,1,Pedestrian
83,134.0,1022.0,176.0,1061.0,7470,0,0,1,Pedestrian
83,134.0,1022.0,176.0,1061.0,7471,0,0,1,Pedestrian
83,137.0,1022.0,178.0,1061.0,7472,0,0,1,Pedestrian
83,137.0,1022.0,178.0,1061.0,7473,0,0,1,Pedestrian
83,140.0,1022.0,181.0,1061.0,7474,0,0,1,Pedestrian
83,140.0,1022.0,181.0,1061.0,7475,0,0,1,Pedestrian
83,140.0,1022.0,181.0,1061.0,7476,0,0,1,Pedestrian
83,143.0,1022.0,184.0,1061.0,7477,0,0,1,Pedestrian
83,143.0,1024.0,184.0,1063.0,7478,0,0,1,Pedestrian
83,145.0,1024.0,187.0,1063.0,7479,0,0,1,Pedestrian
83,145.0,1024.0,187.0,1063.0,7480,0,0,1,Pedestrian
83,148.0,1024.0,189.0,1063.0,7481,0,0,1,Pedestrian
83,148.0,1024.0,189.0,1063.0,7482,0,0,1,Pedestrian
83,151.0,1024.0,192.0,1063.0,7483,0,0,1,Pedestrian
83,151.0,1024.0,192.0,1063.0,7484,0,0,1,Pedestrian
83,154.0,1024.0,195.0,1063.0,7485,0,0,1,Pedestrian
83,154.0,1024.0,195.0,1063.0,7486,0,0,1,Pedestrian
83,156.0,1024.0,198.0,1063.0,7487,0,0,1,Pedestrian
83,156.0,1024.0,198.0,1063.0,7488,0,0,1,Pedestrian
83,156.0,1024.0,198.0,1063.0,7489,0,0,1,Pedestrian
83,159.0,1024.0,200.0,1063.0,7490,0,0,1,Pedestrian
83,159.0,1024.0,200.0,1063.0,7491,0,0,1,Pedestrian
83,162.0,1024.0,203.0,1063.0,7492,0,0,1,Pedestrian
83,162.0,1024.0,203.0,1063.0,7493,0,0,1,Pedestrian
83,165.0,1024.0,206.0,1063.0,7494,0,0,1,Pedestrian
83,165.0,1024.0,206.0,1063.0,7495,0,0,1,Pedestrian
83,167.0,1024.0,209.0,1063.0,7496,0,0,1,Pedestrian
83,167.0,1024.0,209.0,1063.0,7497,0,0,1,Pedestrian
83,170.0,1024.0,211.0,1063.0,7498,0,0,1,Pedestrian
83,170.0,1024.0,211.0,1063.0,7499,0,0,1,Pedestrian
83,173.0,1026.0,214.0,1065.0,7500,0,0,0,Pedestrian
83,173.0,1026.0,214.0,1065.0,7501,0,0,1,Pedestrian
83,173.0,1026.0,217.0,1067.0,7502,0,0,1,Pedestrian
83,176.0,1026.0,220.0,1067.0,7503,0,0,1,Pedestrian
83,176.0,1026.0,222.0,1070.0,7504,0,0,1,Pedestrian
83,176.0,1026.0,225.0,1070.0,7505,0,0,1,Pedestrian
83,178.0,1029.0,225.0,1072.0,7506,0,0,1,Pedestrian
83,178.0,1029.0,228.0,1072.0,7507,0,0,1,Pedestrian
83,178.0,1029.0,231.0,1074.0,7508,0,0,1,Pedestrian
83,181.0,1029.0,233.0,1074.0,7509,0,0,1,Pedestrian
83,181.0,1029.0,236.0,1077.0,7510,0,0,1,Pedestrian
83,184.0,1031.0,239.0,1077.0,7511,0,0,1,Pedestrian
83,184.0,1031.0,239.0,1079.0,7512,0,0,1,Pedestrian
83,184.0,1031.0,242.0,1079.0,7513,0,0,1,Pedestrian
83,187.0,1031.0,244.0,1081.0,7514,0,0,1,Pedestrian
83,187.0,1031.0,247.0,1081.0,7515,0,0,1,Pedestrian
83,187.0,1031.0,250.0,1083.0,7516,0,0,1,Pedestrian
83,189.0,1033.0,250.0,1083.0,7517,0,0,1,Pedestrian
83,189.0,1033.0,253.0,1086.0,7518,0,0,1,Pedestrian
83,189.0,1033.0,255.0,1086.0,7519,0,0,1,Pedestrian
83,192.0,1033.0,258.0,1088.0,7520,0,0,1,Pedestrian
83,192.0,1033.0,261.0,1088.0,7521,0,0,1,Pedestrian
83,195.0,1036.0,264.0,1090.0,7522,0,0,0,Pedestrian
83,195.0,1036.0,264.0,1088.0,7523,0,0,1,Pedestrian
83,195.0,1036.0,264.0,1088.0,7524,0,0,1,Pedestrian
83,195.0,1038.0,264.0,1088.0,7525,0,0,1,Pedestrian
83,195.0,1038.0,264.0,1086.0,7526,0,0,1,Pedestrian
83,195.0,1040.0,264.0,1086.0,7527,0,0,1,Pedestrian
83,195.0,1040.0,264.0,1086.0,7528,0,0,1,Pedestrian
83,195.0,1042.0,264.0,1083.0,7529,0,0,1,Pedestrian
83,195.0,1042.0,264.0,1083.0,7530,0,0,1,Pedestrian
83,195.0,1045.0,264.0,1083.0,7531,0,0,1,Pedestrian
83,195.0,1045.0,264.0,1081.0,7532,0,0,1,Pedestrian
83,195.0,1047.0,264.0,1081.0,7533,0,0,1,Pedestrian
83,195.0,1047.0,264.0,1081.0,7534,0,0,1,Pedestrian
83,195.0,1049.0,266.0,1081.0,7535,0,0,0,Pedestrian
83,195.0,1049.0,266.0,1081.0,7536,0,0,1,Pedestrian
83,195.0,1052.0,266.0,1083.0,7537,0,0,1,Pedestrian
83,195.0,1052.0,266.0,1083.0,7538,0,0,1,Pedestrian
83,195.0,1054.0,266.0,1086.0,7539,0,0,1,Pedestrian
83,195.0,1054.0,266.0,1086.0,7540,0,0,1,Pedestrian
83,195.0,1056.0,266.0,1088.0,7541,0,0,1,Pedestrian
83,198.0,1058.0,269.0,1090.0,7542,1,0,0,Pedestrian
83,198.0,1058.0,269.0,1090.0,7543,1,0,1,Pedestrian
83,198.0,1058.0,269.0,1090.0,7544,1,0,1,Pedestrian
83,198.0,1058.0,269.0,1090.0,7545,1,0,1,Pedestrian
83,198.0,1058.0,269.0,1090.0,7546,1,0,1,Pedestrian
83,198.0,1058.0,269.0,1090.0,7547,1,0,1,Pedestrian
83,198.0,1058.0,269.0,1090.0,7548,1,0,1,Pedestrian
83,198.0,1058.0,269.0,1090.0,7549,1,0,1,Pedestrian
83,198.0,1058.0,269.0,1090.0,7550,1,0,1,Pedestrian
83,198.0,1058.0,269.0,1090.0,7551,1,0,1,Pedestrian
83,198.0,1058.0,269.0,1090.0,7552,1,0,0,Pedestrian
83,198.0,1058.0,269.0,1090.0,7553,1,0,1,Pedestrian
83,198.0,1058.0,269.0,1090.0,7554,1,0,1,Pedestrian
83,198.0,1058.0,269.0,1090.0,7555,1,0,1,Pedestrian
83,198.0,1058.0,269.0,1090.0,7556,1,0,1,Pedestrian
83,198.0,1058.0,269.0,1090.0,7557,1,0,1,Pedestrian
83,198.0,1058.0,269.0,1090.0,7558,1,0,1,Pedestrian
83,198.0,1058.0,269.0,1090.0,7559,1,0,1,Pedestrian
83,198.0,1058.0,269.0,1090.0,7560,1,0,1,Pedestrian
83,198.0,1058.0,269.0,1090.0,7561,1,0,1,Pedestrian
83,198.0,1058.0,269.0,1090.0,7562,1,0,1,Pedestrian
83,198.0,1058.0,269.0,1090.0,7563,1,0,1,Pedestrian
83,198.0,1058.0,269.0,1090.0,7564,1,0,1,Pedestrian
83,198.0,1058.0,269.0,1090.0,7565,1,0,1,Pedestrian
83,198.0,1058.0,269.0,1090.0,7566,1,0,1,Pedestrian
83,198.0,1058.0,269.0,1090.0,7567,1,0,1,Pedestrian
83,198.0,1058.0,269.0,1090.0,7568,1,0,1,Pedestrian
83,198.0,1058.0,269.0,1090.0,7569,1,0,1,Pedestrian
83,198.0,1058.0,269.0,1090.0,7570,1,0,1,Pedestrian
83,198.0,1058.0,269.0,1090.0,7571,1,0,1,Pedestrian
83,198.0,1058.0,269.0,1090.0,7572,1,0,1,Pedestrian
83,198.0,1058.0,269.0,1090.0,7573,1,0,1,Pedestrian
83,198.0,1058.0,269.0,1090.0,7574,1,0,1,Pedestrian
83,198.0,1058.0,269.0,1090.0,7575,1,0,1,Pedestrian
83,198.0,1058.0,269.0,1090.0,7576,1,0,1,Pedestrian
83,198.0,1058.0,269.0,1090.0,7577,1,0,1,Pedestrian
83,198.0,1058.0,269.0,1090.0,7578,1,0,1,Pedestrian
83,198.0,1058.0,269.0,1090.0,7579,1,0,1,Pedestrian
83,198.0,1058.0,269.0,1090.0,7580,1,0,1,Pedestrian
83,198.0,1058.0,269.0,1090.0,7581,1,0,1,Pedestrian
83,198.0,1058.0,269.0,1090.0,7582,1,0,1,Pedestrian
83,198.0,1058.0,269.0,1090.0,7583,1,0,1,Pedestrian
83,198.0,1058.0,269.0,1090.0,7584,1,0,1,Pedestrian
83,198.0,1058.0,269.0,1090.0,7585,1,0,1,Pedestrian
83,198.0,1058.0,269.0,1090.0,7586,1,0,1,Pedestrian
83,198.0,1058.0,269.0,1090.0,7587,1,0,1,Pedestrian
83,198.0,1058.0,269.0,1090.0,7588,1,0,1,Pedestrian
83,198.0,1058.0,269.0,1090.0,7589,1,0,1,Pedestrian
83,198.0,1058.0,269.0,1090.0,7590,1,0,1,Pedestrian
83,198.0,1058.0,269.0,1090.0,7591,1,0,1,Pedestrian
83,198.0,1058.0,269.0,1090.0,7592,1,0,1,Pedestrian
83,198.0,1058.0,269.0,1090.0,7593,1,0,1,Pedestrian
83,198.0,1058.0,269.0,1090.0,7594,1,0,1,Pedestrian
83,198.0,1058.0,269.0,1090.0,7595,1,0,1,Pedestrian
83,198.0,1058.0,269.0,1090.0,7596,1,0,1,Pedestrian
83,198.0,1058.0,269.0,1090.0,7597,1,0,1,Pedestrian
83,198.0,1058.0,269.0,1090.0,7598,1,0,1,Pedestrian
83,198.0,1058.0,269.0,1090.0,7599,1,0,1,Pedestrian
83,198.0,1058.0,269.0,1090.0,7600,1,0,1,Pedestrian
83,198.0,1058.0,269.0,1090.0,7601,1,0,1,Pedestrian
83,198.0,1058.0,269.0,1090.0,7602,1,0,1,Pedestrian
83,198.0,1058.0,269.0,1090.0,7603,1,0,1,Pedestrian
83,198.0,1058.0,269.0,1090.0,7604,1,0,1,Pedestrian
83,198.0,1058.0,269.0,1090.0,7605,1,0,1,Pedestrian
83,198.0,1058.0,269.0,1090.0,7606,1,0,1,Pedestrian
83,198.0,1058.0,269.0,1090.0,7607,1,0,1,Pedestrian
83,198.0,1058.0,269.0,1090.0,7608,1,0,1,Pedestrian
83,198.0,1058.0,269.0,1090.0,7609,1,0,1,Pedestrian
83,198.0,1058.0,269.0,1090.0,7610,1,0,1,Pedestrian
83,198.0,1058.0,269.0,1090.0,7611,1,0,1,Pedestrian
83,198.0,1058.0,269.0,1090.0,7612,1,0,1,Pedestrian
83,198.0,1058.0,269.0,1090.0,7613,1,0,1,Pedestrian
83,198.0,1058.0,269.0,1090.0,7614,1,0,1,Pedestrian
83,198.0,1058.0,269.0,1090.0,7615,1,0,1,Pedestrian
83,198.0,1058.0,269.0,1090.0,7616,1,0,1,Pedestrian
83,198.0,1058.0,269.0,1090.0,7617,1,0,1,Pedestrian
83,198.0,1058.0,269.0,1090.0,7618,1,0,1,Pedestrian
83,198.0,1058.0,269.0,1090.0,7619,1,0,1,Pedestrian
83,198.0,1058.0,269.0,1090.0,7620,1,0,1,Pedestrian
83,198.0,1058.0,269.0,1090.0,7621,1,0,1,Pedestrian
83,198.0,1058.0,269.0,1090.0,7622,1,0,1,Pedestrian
83,198.0,1058.0,269.0,1090.0,7623,1,0,1,Pedestrian
83,198.0,1058.0,269.0,1090.0,7624,1,0,1,Pedestrian
83,198.0,1058.0,269.0,1090.0,7625,1,0,1,Pedestrian
83,198.0,1058.0,269.0,1090.0,7626,1,0,1,Pedestrian
83,198.0,1058.0,269.0,1090.0,7627,1,0,1,Pedestrian
83,198.0,1058.0,269.0,1090.0,7628,1,0,1,Pedestrian
83,198.0,1058.0,269.0,1090.0,7629,1,0,1,Pedestrian
83,198.0,1058.0,269.0,1090.0,7630,1,0,1,Pedestrian
83,198.0,1058.0,269.0,1090.0,7631,1,0,1,Pedestrian
83,198.0,1058.0,269.0,1090.0,7632,1,0,1,Pedestrian
83,198.0,1058.0,269.0,1090.0,7633,1,0,1,Pedestrian
83,198.0,1058.0,269.0,1090.0,7634,1,0,1,Pedestrian
83,198.0,1058.0,269.0,1090.0,7635,1,0,1,Pedestrian
83,198.0,1058.0,269.0,1090.0,7636,1,0,1,Pedestrian
83,198.0,1058.0,269.0,1090.0,7637,1,0,1,Pedestrian
83,198.0,1058.0,269.0,1090.0,7638,1,0,1,Pedestrian
83,198.0,1058.0,269.0,1090.0,7639,1,0,1,Pedestrian
83,198.0,1058.0,269.0,1090.0,7640,1,0,1,Pedestrian
83,198.0,1058.0,269.0,1090.0,7641,1,0,1,Pedestrian
83,198.0,1058.0,269.0,1090.0,7642,1,0,1,Pedestrian
83,198.0,1058.0,269.0,1090.0,7643,1,0,1,Pedestrian
83,198.0,1058.0,269.0,1090.0,7644,1,0,1,Pedestrian
83,198.0,1058.0,269.0,1090.0,7645,1,0,1,Pedestrian
83,198.0,1058.0,269.0,1090.0,7646,1,0,1,Pedestrian
83,198.0,1058.0,269.0,1090.0,7647,1,0,1,Pedestrian
83,198.0,1058.0,269.0,1090.0,7648,1,0,1,Pedestrian
83,198.0,1058.0,269.0,1090.0,7649,1,0,1,Pedestrian
83,198.0,1058.0,269.0,1090.0,7650,1,0,1,Pedestrian
83,198.0,1058.0,269.0,1090.0,7651,1,0,1,Pedestrian
83,198.0,1058.0,269.0,1090.0,7652,1,0,1,Pedestrian
83,198.0,1058.0,269.0,1090.0,7653,1,0,1,Pedestrian
83,198.0,1058.0,269.0,1090.0,7654,1,0,1,Pedestrian
83,198.0,1058.0,269.0,1090.0,7655,1,0,1,Pedestrian
83,198.0,1058.0,269.0,1090.0,7656,1,0,1,Pedestrian
83,198.0,1058.0,269.0,1090.0,7657,1,0,1,Pedestrian
83,198.0,1058.0,269.0,1090.0,7658,1,0,1,Pedestrian
83,198.0,1058.0,269.0,1090.0,7659,1,0,1,Pedestrian
83,198.0,1058.0,269.0,1090.0,7660,1,0,1,Pedestrian
83,198.0,1058.0,269.0,1090.0,7661,1,0,1,Pedestrian
83,198.0,1058.0,269.0,1090.0,7662,1,0,1,Pedestrian
83,198.0,1058.0,269.0,1090.0,7663,1,0,1,Pedestrian
83,198.0,1058.0,269.0,1090.0,7664,1,0,1,Pedestrian
83,198.0,1058.0,269.0,1090.0,7665,1,0,1,Pedestrian
83,198.0,1058.0,269.0,1090.0,7666,1,0,1,Pedestrian
83,198.0,1058.0,269.0,1090.0,7667,1,0,1,Pedestrian
83,198.0,1058.0,269.0,1090.0,7668,1,0,1,Pedestrian
83,198.0,1058.0,269.0,1090.0,7669,1,0,1,Pedestrian
83,198.0,1058.0,269.0,1090.0,7670,1,0,1,Pedestrian
83,198.0,1058.0,269.0,1090.0,7671,1,0,1,Pedestrian
83,198.0,1058.0,269.0,1090.0,7672,1,0,1,Pedestrian
83,198.0,1058.0,269.0,1090.0,7673,1,0,1,Pedestrian
83,198.0,1058.0,269.0,1090.0,7674,1,0,1,Pedestrian
83,198.0,1058.0,269.0,1090.0,7675,1,0,1,Pedestrian
83,198.0,1058.0,269.0,1090.0,7676,1,0,1,Pedestrian
83,198.0,1058.0,269.0,1090.0,7677,1,0,1,Pedestrian
83,198.0,1058.0,269.0,1090.0,7678,1,0,1,Pedestrian
83,198.0,1058.0,269.0,1090.0,7679,1,0,1,Pedestrian
83,198.0,1058.0,269.0,1090.0,7680,1,0,1,Pedestrian
83,198.0,1058.0,269.0,1090.0,7681,1,0,1,Pedestrian
83,198.0,1058.0,269.0,1090.0,7682,1,0,1,Pedestrian
83,198.0,1058.0,269.0,1090.0,7683,1,0,1,Pedestrian
83,198.0,1058.0,269.0,1090.0,7684,1,0,1,Pedestrian
83,198.0,1058.0,269.0,1090.0,7685,1,0,1,Pedestrian
83,198.0,1058.0,269.0,1090.0,7686,1,0,1,Pedestrian
83,198.0,1058.0,269.0,1090.0,7687,1,0,1,Pedestrian
83,198.0,1058.0,269.0,1090.0,7688,1,0,1,Pedestrian
83,198.0,1058.0,269.0,1090.0,7689,1,0,1,Pedestrian
83,198.0,1058.0,269.0,1090.0,7690,1,0,1,Pedestrian
83,198.0,1058.0,269.0,1090.0,7691,1,0,1,Pedestrian
83,198.0,1058.0,269.0,1090.0,7692,1,0,1,Pedestrian
83,198.0,1058.0,269.0,1090.0,7693,1,0,1,Pedestrian
83,198.0,1058.0,269.0,1090.0,7694,1,0,1,Pedestrian
83,198.0,1058.0,269.0,1090.0,7695,1,0,1,Pedestrian
83,198.0,1058.0,269.0,1090.0,7696,1,0,1,Pedestrian
83,198.0,1058.0,269.0,1090.0,7697,1,0,1,Pedestrian
83,198.0,1058.0,269.0,1090.0,7698,1,0,1,Pedestrian
83,198.0,1058.0,269.0,1090.0,7699,1,0,1,Pedestrian
83,198.0,1058.0,269.0,1090.0,7700,1,0,1,Pedestrian
83,198.0,1058.0,269.0,1090.0,7701,1,0,1,Pedestrian
83,198.0,1058.0,269.0,1090.0,7702,1,0,1,Pedestrian
83,198.0,1058.0,269.0,1090.0,7703,1,0,1,Pedestrian
83,198.0,1058.0,269.0,1090.0,7704,1,0,1,Pedestrian
83,198.0,1058.0,269.0,1090.0,7705,1,0,1,Pedestrian
83,198.0,1058.0,269.0,1090.0,7706,1,0,1,Pedestrian
83,198.0,1058.0,269.0,1090.0,7707,1,0,1,Pedestrian
83,198.0,1058.0,269.0,1090.0,7708,1,0,1,Pedestrian
83,198.0,1058.0,269.0,1090.0,7709,1,0,1,Pedestrian
83,198.0,1058.0,269.0,1090.0,7710,1,0,1,Pedestrian
83,198.0,1058.0,269.0,1090.0,7711,1,0,1,Pedestrian
83,198.0,1058.0,269.0,1090.0,7712,1,0,1,Pedestrian
83,198.0,1058.0,269.0,1090.0,7713,1,0,1,Pedestrian
83,198.0,1058.0,269.0,1090.0,7714,1,0,1,Pedestrian
83,198.0,1058.0,269.0,1090.0,7715,1,0,1,Pedestrian
83,198.0,1058.0,269.0,1090.0,7716,1,0,1,Pedestrian
83,198.0,1058.0,269.0,1090.0,7717,1,0,1,Pedestrian
83,198.0,1058.0,269.0,1090.0,7718,1,0,1,Pedestrian
83,198.0,1058.0,269.0,1090.0,7719,1,0,1,Pedestrian
83,198.0,1058.0,269.0,1090.0,7720,1,0,1,Pedestrian
83,198.0,1058.0,269.0,1090.0,7721,1,0,1,Pedestrian
83,198.0,1058.0,269.0,1090.0,7722,1,0,1,Pedestrian
83,198.0,1058.0,269.0,1090.0,7723,1,0,1,Pedestrian
83,198.0,1058.0,269.0,1090.0,7724,1,0,1,Pedestrian
83,198.0,1058.0,269.0,1090.0,7725,1,0,1,Pedestrian
83,198.0,1058.0,269.0,1090.0,7726,1,0,1,Pedestrian
83,198.0,1058.0,269.0,1090.0,7727,1,0,1,Pedestrian
83,198.0,1058.0,269.0,1090.0,7728,1,0,1,Pedestrian
83,198.0,1058.0,269.0,1090.0,7729,1,0,1,Pedestrian
83,198.0,1058.0,269.0,1090.0,7730,1,0,1,Pedestrian
83,198.0,1058.0,269.0,1090.0,7731,1,0,1,Pedestrian
83,198.0,1058.0,269.0,1090.0,7732,1,0,1,Pedestrian
83,198.0,1058.0,269.0,1090.0,7733,1,0,1,Pedestrian
83,198.0,1058.0,269.0,1090.0,7734,1,0,1,Pedestrian
83,198.0,1058.0,269.0,1090.0,7735,1,0,1,Pedestrian
83,198.0,1058.0,269.0,1090.0,7736,1,0,1,Pedestrian
83,198.0,1058.0,269.0,1090.0,7737,1,0,1,Pedestrian
83,198.0,1058.0,269.0,1090.0,7738,1,0,1,Pedestrian
83,198.0,1058.0,269.0,1090.0,7739,1,0,1,Pedestrian
83,198.0,1058.0,269.0,1090.0,7740,1,0,1,Pedestrian
83,198.0,1058.0,269.0,1090.0,7741,1,0,1,Pedestrian
83,198.0,1058.0,269.0,1090.0,7742,1,0,1,Pedestrian
83,198.0,1058.0,269.0,1090.0,7743,1,0,1,Pedestrian
83,198.0,1058.0,269.0,1090.0,7744,1,0,1,Pedestrian
83,198.0,1058.0,269.0,1090.0,7745,1,0,1,Pedestrian
83,198.0,1058.0,269.0,1090.0,7746,1,0,1,Pedestrian
83,198.0,1058.0,269.0,1090.0,7747,1,0,1,Pedestrian
83,198.0,1058.0,269.0,1090.0,7748,1,0,1,Pedestrian
83,198.0,1058.0,269.0,1090.0,7749,1,0,1,Pedestrian
83,198.0,1058.0,269.0,1090.0,7750,1,0,1,Pedestrian
83,198.0,1058.0,269.0,1090.0,7751,1,0,1,Pedestrian
83,198.0,1058.0,269.0,1090.0,7752,1,0,1,Pedestrian
83,198.0,1058.0,269.0,1090.0,7753,1,0,1,Pedestrian
83,198.0,1058.0,269.0,1090.0,7754,1,0,1,Pedestrian
83,198.0,1058.0,269.0,1090.0,7755,1,0,1,Pedestrian
83,198.0,1058.0,269.0,1090.0,7756,1,0,1,Pedestrian
83,198.0,1058.0,269.0,1090.0,7757,1,0,1,Pedestrian
83,198.0,1058.0,269.0,1090.0,7758,1,0,1,Pedestrian
83,198.0,1058.0,269.0,1090.0,7759,1,0,1,Pedestrian
83,198.0,1058.0,269.0,1090.0,7760,1,0,1,Pedestrian
83,198.0,1058.0,269.0,1090.0,7761,1,0,1,Pedestrian
83,198.0,1058.0,269.0,1090.0,7762,1,0,1,Pedestrian
83,198.0,1058.0,269.0,1090.0,7763,1,0,1,Pedestrian
83,198.0,1058.0,269.0,1090.0,7764,1,0,1,Pedestrian
83,198.0,1058.0,269.0,1090.0,7765,1,0,1,Pedestrian
83,198.0,1058.0,269.0,1090.0,7766,1,0,1,Pedestrian
83,198.0,1058.0,269.0,1090.0,7767,1,0,1,Pedestrian
83,198.0,1058.0,269.0,1090.0,7768,1,0,1,Pedestrian
83,198.0,1058.0,269.0,1090.0,7769,1,0,1,Pedestrian
83,198.0,1058.0,269.0,1090.0,7770,1,0,1,Pedestrian
83,198.0,1058.0,269.0,1090.0,7771,1,0,1,Pedestrian
83,198.0,1058.0,269.0,1090.0,7772,1,0,1,Pedestrian
83,198.0,1058.0,269.0,1090.0,7773,1,0,1,Pedestrian
83,198.0,1058.0,269.0,1090.0,7774,1,0,1,Pedestrian
83,198.0,1058.0,269.0,1090.0,7775,1,0,1,Pedestrian
83,198.0,1058.0,269.0,1090.0,7776,1,0,1,Pedestrian
83,198.0,1058.0,269.0,1090.0,7777,1,0,1,Pedestrian
83,198.0,1058.0,269.0,1090.0,7778,1,0,1,Pedestrian
83,198.0,1058.0,269.0,1090.0,7779,1,0,1,Pedestrian
83,198.0,1058.0,269.0,1090.0,7780,1,0,1,Pedestrian
83,198.0,1058.0,269.0,1090.0,7781,1,0,1,Pedestrian
83,198.0,1058.0,269.0,1090.0,7782,1,0,1,Pedestrian
83,198.0,1058.0,269.0,1090.0,7783,1,0,1,Pedestrian
83,198.0,1058.0,269.0,1090.0,7784,1,0,1,Pedestrian
83,198.0,1058.0,269.0,1090.0,7785,1,0,1,Pedestrian
83,198.0,1058.0,269.0,1090.0,7786,1,0,1,Pedestrian
83,198.0,1058.0,269.0,1090.0,7787,1,0,1,Pedestrian
83,198.0,1058.0,269.0,1090.0,7788,1,0,1,Pedestrian
83,198.0,1058.0,269.0,1090.0,7789,1,0,1,Pedestrian
83,198.0,1058.0,269.0,1090.0,7790,1,0,1,Pedestrian
83,198.0,1058.0,269.0,1090.0,7791,1,0,1,Pedestrian
83,198.0,1058.0,269.0,1090.0,7792,1,0,1,Pedestrian
83,198.0,1058.0,269.0,1090.0,7793,1,0,1,Pedestrian
83,198.0,1058.0,269.0,1090.0,7794,1,0,1,Pedestrian
83,198.0,1058.0,269.0,1090.0,7795,1,0,1,Pedestrian
83,198.0,1058.0,269.0,1090.0,7796,1,0,1,Pedestrian
83,198.0,1058.0,269.0,1090.0,7797,1,0,1,Pedestrian
83,198.0,1058.0,269.0,1090.0,7798,1,0,1,Pedestrian
83,198.0,1058.0,269.0,1090.0,7799,1,0,1,Pedestrian
83,198.0,1058.0,269.0,1090.0,7800,1,0,1,Pedestrian
83,198.0,1058.0,269.0,1090.0,7801,1,0,1,Pedestrian
83,198.0,1058.0,269.0,1090.0,7802,1,0,1,Pedestrian
83,198.0,1058.0,269.0,1090.0,7803,1,0,1,Pedestrian
83,198.0,1058.0,269.0,1090.0,7804,1,0,1,Pedestrian
83,198.0,1058.0,269.0,1090.0,7805,1,0,1,Pedestrian
83,198.0,1058.0,269.0,1090.0,7806,1,0,1,Pedestrian
83,198.0,1058.0,269.0,1090.0,7807,1,0,1,Pedestrian
83,198.0,1058.0,269.0,1090.0,7808,1,0,1,Pedestrian
83,198.0,1058.0,269.0,1090.0,7809,1,0,1,Pedestrian
83,198.0,1058.0,269.0,1090.0,7810,1,0,1,Pedestrian
83,198.0,1058.0,269.0,1090.0,7811,1,0,1,Pedestrian
83,198.0,1058.0,269.0,1090.0,7812,1,0,1,Pedestrian
83,198.0,1058.0,269.0,1090.0,7813,1,0,1,Pedestrian
83,198.0,1058.0,269.0,1090.0,7814,1,0,1,Pedestrian
83,198.0,1058.0,269.0,1090.0,7815,1,0,1,Pedestrian
83,198.0,1058.0,269.0,1090.0,7816,1,0,1,Pedestrian
83,198.0,1058.0,269.0,1090.0,7817,1,0,1,Pedestrian
83,198.0,1058.0,269.0,1090.0,7818,1,0,1,Pedestrian
83,198.0,1058.0,269.0,1090.0,7819,1,0,1,Pedestrian
83,198.0,1058.0,269.0,1090.0,7820,1,0,1,Pedestrian
83,198.0,1058.0,269.0,1090.0,7821,1,0,1,Pedestrian
83,198.0,1058.0,269.0,1090.0,7822,1,0,1,Pedestrian
83,198.0,1058.0,269.0,1090.0,7823,1,0,1,Pedestrian
83,198.0,1058.0,269.0,1090.0,7824,1,0,1,Pedestrian
83,198.0,1058.0,269.0,1090.0,7825,1,0,1,Pedestrian
83,198.0,1058.0,269.0,1090.0,7826,1,0,1,Pedestrian
83,198.0,1058.0,269.0,1090.0,7827,1,0,1,Pedestrian
83,198.0,1058.0,269.0,1090.0,7828,1,0,1,Pedestrian
83,198.0,1058.0,269.0,1090.0,7829,1,0,1,Pedestrian
83,198.0,1058.0,269.0,1090.0,7830,1,0,1,Pedestrian
83,198.0,1058.0,269.0,1090.0,7831,1,0,1,Pedestrian
83,198.0,1058.0,269.0,1090.0,7832,1,0,1,Pedestrian
83,198.0,1058.0,269.0,1090.0,7833,1,0,1,Pedestrian
83,198.0,1058.0,269.0,1090.0,7834,1,0,1,Pedestrian
83,198.0,1058.0,269.0,1090.0,7835,1,0,1,Pedestrian
83,198.0,1058.0,269.0,1090.0,7836,1,0,1,Pedestrian
83,198.0,1058.0,269.0,1090.0,7837,1,0,1,Pedestrian
83,198.0,1058.0,269.0,1090.0,7838,1,0,1,Pedestrian
83,198.0,1058.0,269.0,1090.0,7839,1,0,1,Pedestrian
83,198.0,1058.0,269.0,1090.0,7840,1,0,1,Pedestrian
83,198.0,1058.0,269.0,1090.0,7841,1,0,1,Pedestrian
83,198.0,1058.0,269.0,1090.0,7842,1,0,1,Pedestrian
83,198.0,1058.0,269.0,1090.0,7843,1,0,1,Pedestrian
83,198.0,1058.0,269.0,1090.0,7844,1,0,1,Pedestrian
83,198.0,1058.0,269.0,1090.0,7845,1,0,1,Pedestrian
83,198.0,1058.0,269.0,1090.0,7846,1,0,1,Pedestrian
83,198.0,1058.0,269.0,1090.0,7847,1,0,1,Pedestrian
83,198.0,1058.0,269.0,1090.0,7848,1,0,1,Pedestrian
83,198.0,1058.0,269.0,1090.0,7849,1,0,1,Pedestrian
83,198.0,1058.0,269.0,1090.0,7850,1,0,1,Pedestrian
83,198.0,1058.0,269.0,1090.0,7851,1,0,1,Pedestrian
83,198.0,1058.0,269.0,1090.0,7852,1,0,1,Pedestrian
83,198.0,1058.0,269.0,1090.0,7853,1,0,1,Pedestrian
83,198.0,1058.0,269.0,1090.0,7854,1,0,1,Pedestrian
83,198.0,1058.0,269.0,1090.0,7855,1,0,1,Pedestrian
83,198.0,1058.0,269.0,1090.0,7856,1,0,1,Pedestrian
83,198.0,1058.0,269.0,1090.0,7857,1,0,1,Pedestrian
83,198.0,1058.0,269.0,1090.0,7858,1,0,1,Pedestrian
83,198.0,1058.0,269.0,1090.0,7859,1,0,1,Pedestrian
83,198.0,1058.0,269.0,1090.0,7860,1,0,1,Pedestrian
83,198.0,1058.0,269.0,1090.0,7861,1,0,1,Pedestrian
83,198.0,1058.0,269.0,1090.0,7862,1,0,1,Pedestrian
83,198.0,1058.0,269.0,1090.0,7863,1,0,1,Pedestrian
83,198.0,1058.0,269.0,1090.0,7864,1,0,1,Pedestrian
83,198.0,1058.0,269.0,1090.0,7865,1,0,1,Pedestrian
83,198.0,1058.0,269.0,1090.0,7866,1,0,1,Pedestrian
83,198.0,1058.0,269.0,1090.0,7867,1,0,1,Pedestrian
83,198.0,1058.0,269.0,1090.0,7868,1,0,1,Pedestrian
83,198.0,1058.0,269.0,1090.0,7869,1,0,1,Pedestrian
83,198.0,1058.0,269.0,1090.0,7870,1,0,1,Pedestrian
83,198.0,1058.0,269.0,1090.0,7871,1,0,1,Pedestrian
83,198.0,1058.0,269.0,1090.0,7872,1,0,1,Pedestrian
83,198.0,1058.0,269.0,1090.0,7873,1,0,1,Pedestrian
83,198.0,1058.0,269.0,1090.0,7874,1,0,1,Pedestrian
83,198.0,1058.0,269.0,1090.0,7875,1,0,1,Pedestrian
83,198.0,1058.0,269.0,1090.0,7876,1,0,1,Pedestrian
83,198.0,1058.0,269.0,1090.0,7877,1,0,1,Pedestrian
83,198.0,1058.0,269.0,1090.0,7878,1,0,1,Pedestrian
83,198.0,1058.0,269.0,1090.0,7879,1,0,1,Pedestrian
83,198.0,1058.0,269.0,1090.0,7880,1,0,1,Pedestrian
83,198.0,1058.0,269.0,1090.0,7881,1,0,1,Pedestrian
83,198.0,1058.0,269.0,1090.0,7882,1,0,1,Pedestrian
83,198.0,1058.0,269.0,1090.0,7883,1,0,1,Pedestrian
83,198.0,1058.0,269.0,1090.0,7884,1,0,1,Pedestrian
83,198.0,1058.0,269.0,1090.0,7885,1,0,1,Pedestrian
83,198.0,1058.0,269.0,1090.0,7886,1,0,1,Pedestrian
83,198.0,1058.0,269.0,1090.0,7887,1,0,1,Pedestrian
83,198.0,1058.0,269.0,1090.0,7888,1,0,1,Pedestrian
83,198.0,1058.0,269.0,1090.0,7889,1,0,1,Pedestrian
83,198.0,1058.0,269.0,1090.0,7890,1,0,1,Pedestrian
83,198.0,1058.0,269.0,1090.0,7891,1,0,1,Pedestrian
83,198.0,1058.0,269.0,1090.0,7892,1,0,1,Pedestrian
83,198.0,1058.0,269.0,1090.0,7893,1,0,1,Pedestrian
83,198.0,1058.0,269.0,1090.0,7894,1,0,1,Pedestrian
83,198.0,1058.0,269.0,1090.0,7895,1,0,1,Pedestrian
83,198.0,1058.0,269.0,1090.0,7896,1,0,1,Pedestrian
83,198.0,1058.0,269.0,1090.0,7897,1,0,1,Pedestrian
83,198.0,1058.0,269.0,1090.0,7898,1,0,1,Pedestrian
83,198.0,1058.0,269.0,1090.0,7899,1,0,1,Pedestrian
83,198.0,1058.0,269.0,1090.0,7900,1,0,1,Pedestrian
83,198.0,1058.0,269.0,1090.0,7901,1,0,1,Pedestrian
83,198.0,1058.0,269.0,1090.0,7902,1,0,1,Pedestrian
83,198.0,1058.0,269.0,1090.0,7903,1,0,1,Pedestrian
83,198.0,1058.0,269.0,1090.0,7904,1,0,1,Pedestrian
83,198.0,1058.0,269.0,1090.0,7905,1,0,1,Pedestrian
83,198.0,1058.0,269.0,1090.0,7906,1,0,1,Pedestrian
83,198.0,1058.0,269.0,1090.0,7907,1,0,1,Pedestrian
83,198.0,1058.0,269.0,1090.0,7908,1,0,1,Pedestrian
83,198.0,1058.0,269.0,1090.0,7909,1,0,1,Pedestrian
83,198.0,1058.0,269.0,1090.0,7910,1,0,1,Pedestrian
83,198.0,1058.0,269.0,1090.0,7911,1,0,1,Pedestrian
83,198.0,1058.0,269.0,1090.0,7912,1,0,1,Pedestrian
83,198.0,1058.0,269.0,1090.0,7913,1,0,1,Pedestrian
83,198.0,1058.0,269.0,1090.0,7914,1,0,1,Pedestrian
83,198.0,1058.0,269.0,1090.0,7915,1,0,1,Pedestrian
83,198.0,1058.0,269.0,1090.0,7916,1,0,1,Pedestrian
83,198.0,1058.0,269.0,1090.0,7917,1,0,1,Pedestrian
83,198.0,1058.0,269.0,1090.0,7918,1,0,1,Pedestrian
83,198.0,1058.0,269.0,1090.0,7919,1,0,1,Pedestrian
83,198.0,1058.0,269.0,1090.0,7920,1,0,1,Pedestrian
83,198.0,1058.0,269.0,1090.0,7921,1,0,1,Pedestrian
83,198.0,1058.0,269.0,1090.0,7922,1,0,1,Pedestrian
83,198.0,1058.0,269.0,1090.0,7923,1,0,1,Pedestrian
83,198.0,1058.0,269.0,1090.0,7924,1,0,1,Pedestrian
83,198.0,1058.0,269.0,1090.0,7925,1,0,1,Pedestrian
83,198.0,1058.0,269.0,1090.0,7926,1,0,1,Pedestrian
83,198.0,1058.0,269.0,1090.0,7927,1,0,1,Pedestrian
83,198.0,1058.0,269.0,1090.0,7928,1,0,1,Pedestrian
83,198.0,1058.0,269.0,1090.0,7929,1,0,1,Pedestrian
83,198.0,1058.0,269.0,1090.0,7930,1,0,1,Pedestrian
83,198.0,1058.0,269.0,1090.0,7931,1,0,1,Pedestrian
83,198.0,1058.0,269.0,1090.0,7932,1,0,1,Pedestrian
83,198.0,1058.0,269.0,1090.0,7933,1,0,1,Pedestrian
83,198.0,1058.0,269.0,1090.0,7934,1,0,1,Pedestrian
83,198.0,1058.0,269.0,1090.0,7935,1,0,1,Pedestrian
83,198.0,1058.0,269.0,1090.0,7936,1,0,1,Pedestrian
83,198.0,1058.0,269.0,1090.0,7937,1,0,1,Pedestrian
83,198.0,1058.0,269.0,1090.0,7938,1,0,1,Pedestrian
83,198.0,1058.0,269.0,1090.0,7939,1,0,1,Pedestrian
83,198.0,1058.0,269.0,1090.0,7940,1,0,1,Pedestrian
83,198.0,1058.0,269.0,1090.0,7941,1,0,1,Pedestrian
83,198.0,1058.0,269.0,1090.0,7942,1,0,1,Pedestrian
83,198.0,1058.0,269.0,1090.0,7943,1,0,1,Pedestrian
83,198.0,1058.0,269.0,1090.0,7944,1,0,1,Pedestrian
83,198.0,1058.0,269.0,1090.0,7945,1,0,1,Pedestrian
83,198.0,1058.0,269.0,1090.0,7946,1,0,1,Pedestrian
83,198.0,1058.0,269.0,1090.0,7947,1,0,1,Pedestrian
83,198.0,1058.0,269.0,1090.0,7948,1,0,1,Pedestrian
83,198.0,1058.0,269.0,1090.0,7949,1,0,1,Pedestrian
83,198.0,1058.0,269.0,1090.0,7950,1,0,1,Pedestrian
83,198.0,1058.0,269.0,1090.0,7951,1,0,1,Pedestrian
83,198.0,1058.0,269.0,1090.0,7952,1,0,1,Pedestrian
83,198.0,1058.0,269.0,1090.0,7953,1,0,1,Pedestrian
83,198.0,1058.0,269.0,1090.0,7954,1,0,1,Pedestrian
83,198.0,1058.0,269.0,1090.0,7955,1,0,1,Pedestrian
83,198.0,1058.0,269.0,1090.0,7956,1,0,1,Pedestrian
83,198.0,1058.0,269.0,1090.0,7957,1,0,1,Pedestrian
83,198.0,1058.0,269.0,1090.0,7958,1,0,1,Pedestrian
83,198.0,1058.0,269.0,1090.0,7959,1,0,1,Pedestrian
83,198.0,1058.0,269.0,1090.0,7960,1,0,1,Pedestrian
83,198.0,1058.0,269.0,1090.0,7961,1,0,1,Pedestrian
83,198.0,1058.0,269.0,1090.0,7962,1,0,1,Pedestrian
83,198.0,1058.0,269.0,1090.0,7963,1,0,1,Pedestrian
83,198.0,1058.0,269.0,1090.0,7964,1,0,1,Pedestrian
83,198.0,1058.0,269.0,1090.0,7965,1,0,1,Pedestrian
83,198.0,1058.0,269.0,1090.0,7966,1,0,1,Pedestrian
83,198.0,1058.0,269.0,1090.0,7967,1,0,1,Pedestrian
83,198.0,1058.0,269.0,1090.0,7968,1,0,1,Pedestrian
83,198.0,1058.0,269.0,1090.0,7969,1,0,1,Pedestrian
83,198.0,1058.0,269.0,1090.0,7970,1,0,1,Pedestrian
83,198.0,1058.0,269.0,1090.0,7971,1,0,1,Pedestrian
83,198.0,1058.0,269.0,1090.0,7972,1,0,1,Pedestrian
83,198.0,1058.0,269.0,1090.0,7973,1,0,1,Pedestrian
83,198.0,1058.0,269.0,1090.0,7974,1,0,1,Pedestrian
83,198.0,1058.0,269.0,1090.0,7975,1,0,1,Pedestrian
83,198.0,1058.0,269.0,1090.0,7976,1,0,1,Pedestrian
83,198.0,1058.0,269.0,1090.0,7977,1,0,1,Pedestrian
83,198.0,1058.0,269.0,1090.0,7978,1,0,1,Pedestrian
83,198.0,1058.0,269.0,1090.0,7979,1,0,1,Pedestrian
83,198.0,1058.0,269.0,1090.0,7980,1,0,1,Pedestrian
83,198.0,1058.0,269.0,1090.0,7981,1,0,1,Pedestrian
83,198.0,1058.0,269.0,1090.0,7982,1,0,1,Pedestrian
83,198.0,1058.0,269.0,1090.0,7983,1,0,1,Pedestrian
83,198.0,1058.0,269.0,1090.0,7984,1,0,1,Pedestrian
83,198.0,1058.0,269.0,1090.0,7985,1,0,1,Pedestrian
83,198.0,1058.0,269.0,1090.0,7986,1,0,1,Pedestrian
83,198.0,1058.0,269.0,1090.0,7987,1,0,1,Pedestrian
83,198.0,1058.0,269.0,1090.0,7988,1,0,1,Pedestrian
83,198.0,1058.0,269.0,1090.0,7989,1,0,1,Pedestrian
83,198.0,1058.0,269.0,1090.0,7990,1,0,1,Pedestrian
83,198.0,1058.0,269.0,1090.0,7991,1,0,1,Pedestrian
83,198.0,1058.0,269.0,1090.0,7992,1,0,1,Pedestrian
83,198.0,1058.0,269.0,1090.0,7993,1,0,1,Pedestrian
83,198.0,1058.0,269.0,1090.0,7994,1,0,1,Pedestrian
83,198.0,1058.0,269.0,1090.0,7995,1,0,1,Pedestrian
83,198.0,1058.0,269.0,1090.0,7996,1,0,1,Pedestrian
83,198.0,1058.0,269.0,1090.0,7997,1,0,1,Pedestrian
83,198.0,1058.0,269.0,1090.0,7998,1,0,1,Pedestrian
83,198.0,1058.0,269.0,1090.0,7999,1,0,1,Pedestrian
83,198.0,1058.0,269.0,1090.0,8000,1,0,1,Pedestrian
83,198.0,1058.0,269.0,1090.0,8001,1,0,1,Pedestrian
83,198.0,1058.0,269.0,1090.0,8002,1,0,1,Pedestrian
83,198.0,1058.0,269.0,1090.0,8003,1,0,1,Pedestrian
83,198.0,1058.0,269.0,1090.0,8004,1,0,1,Pedestrian
83,198.0,1058.0,269.0,1090.0,8005,1,0,1,Pedestrian
83,198.0,1058.0,269.0,1090.0,8006,1,0,1,Pedestrian
83,198.0,1058.0,269.0,1090.0,8007,1,0,1,Pedestrian
83,198.0,1058.0,269.0,1090.0,8008,1,0,1,Pedestrian
83,198.0,1058.0,269.0,1090.0,8009,1,0,1,Pedestrian
83,198.0,1058.0,269.0,1090.0,8010,1,0,1,Pedestrian
83,198.0,1058.0,269.0,1090.0,8011,1,0,1,Pedestrian
83,198.0,1058.0,269.0,1090.0,8012,1,0,1,Pedestrian
83,198.0,1058.0,269.0,1090.0,8013,1,0,1,Pedestrian
83,198.0,1058.0,269.0,1090.0,8014,1,0,1,Pedestrian
83,198.0,1058.0,269.0,1090.0,8015,1,0,1,Pedestrian
83,198.0,1058.0,269.0,1090.0,8016,1,0,1,Pedestrian
83,198.0,1058.0,269.0,1090.0,8017,1,0,1,Pedestrian
83,198.0,1058.0,269.0,1090.0,8018,1,0,1,Pedestrian
83,198.0,1058.0,269.0,1090.0,8019,1,0,1,Pedestrian
83,198.0,1058.0,269.0,1090.0,8020,1,0,1,Pedestrian
83,198.0,1058.0,269.0,1090.0,8021,1,0,1,Pedestrian
83,198.0,1058.0,269.0,1090.0,8022,1,0,1,Pedestrian
83,198.0,1058.0,269.0,1090.0,8023,1,0,1,Pedestrian
83,198.0,1058.0,269.0,1090.0,8024,1,0,1,Pedestrian
83,198.0,1058.0,269.0,1090.0,8025,1,0,1,Pedestrian
83,198.0,1058.0,269.0,1090.0,8026,1,0,1,Pedestrian
83,198.0,1058.0,269.0,1090.0,8027,1,0,1,Pedestrian
83,198.0,1058.0,269.0,1090.0,8028,1,0,1,Pedestrian
83,198.0,1058.0,269.0,1090.0,8029,1,0,1,Pedestrian
83,198.0,1058.0,269.0,1090.0,8030,1,0,1,Pedestrian
83,198.0,1058.0,269.0,1090.0,8031,1,0,0,Pedestrian
84,539.0,13.0,651.0,81.0,7500,1,0,0,Biker
84,539.0,11.0,651.0,79.0,7501,1,0,1,Biker
84,539.0,11.0,651.0,79.0,7502,1,0,1,Biker
84,539.0,11.0,651.0,79.0,7503,1,0,1,Biker
84,539.0,11.0,651.0,79.0,7504,1,0,1,Biker
84,539.0,11.0,651.0,79.0,7505,1,0,1,Biker
84,539.0,11.0,651.0,79.0,7506,1,0,1,Biker
84,539.0,11.0,651.0,79.0,7507,1,0,1,Biker
84,539.0,11.0,651.0,79.0,7508,1,0,1,Biker
84,539.0,11.0,651.0,79.0,7509,1,0,1,Biker
84,539.0,11.0,651.0,79.0,7510,1,0,1,Biker
84,539.0,11.0,651.0,79.0,7511,1,0,1,Biker
84,539.0,11.0,651.0,79.0,7512,1,0,1,Biker
84,539.0,11.0,651.0,79.0,7513,1,0,1,Biker
84,539.0,11.0,651.0,79.0,7514,1,0,1,Biker
84,539.0,11.0,651.0,79.0,7515,1,0,1,Biker
84,539.0,11.0,651.0,79.0,7516,1,0,1,Biker
84,539.0,11.0,651.0,79.0,7517,1,0,1,Biker
84,539.0,11.0,651.0,79.0,7518,1,0,1,Biker
84,539.0,11.0,651.0,79.0,7519,1,0,1,Biker
84,541.0,11.0,654.0,79.0,7520,1,0,1,Biker
84,541.0,11.0,654.0,79.0,7521,1,0,1,Biker
84,541.0,11.0,654.0,79.0,7522,1,0,1,Biker
84,541.0,11.0,654.0,79.0,7523,1,0,1,Biker
84,541.0,11.0,654.0,79.0,7524,1,0,1,Biker
84,541.0,11.0,654.0,79.0,7525,1,0,1,Biker
84,541.0,11.0,654.0,79.0,7526,1,0,1,Biker
84,541.0,11.0,654.0,79.0,7527,1,0,1,Biker
84,541.0,11.0,654.0,79.0,7528,1,0,1,Biker
84,541.0,11.0,654.0,79.0,7529,1,0,1,Biker
84,541.0,11.0,654.0,79.0,7530,1,0,1,Biker
84,541.0,11.0,654.0,77.0,7531,1,0,1,Biker
84,541.0,11.0,654.0,77.0,7532,1,0,1,Biker
84,541.0,11.0,654.0,77.0,7533,1,0,1,Biker
84,541.0,11.0,654.0,77.0,7534,1,0,1,Biker
84,541.0,11.0,654.0,77.0,7535,1,0,1,Biker
84,541.0,9.0,654.0,77.0,7536,1,0,1,Biker
84,541.0,9.0,654.0,77.0,7537,1,0,1,Biker
84,541.0,9.0,654.0,77.0,7538,1,0,1,Biker
84,544.0,9.0,657.0,77.0,7539,1,0,1,Biker
84,544.0,9.0,657.0,77.0,7540,1,0,1,Biker
84,544.0,9.0,657.0,77.0,7541,1,0,1,Biker
84,544.0,9.0,657.0,77.0,7542,1,0,1,Biker
84,544.0,9.0,657.0,77.0,7543,1,0,1,Biker
84,544.0,9.0,657.0,77.0,7544,1,0,1,Biker
84,544.0,9.0,657.0,77.0,7545,1,0,1,Biker
84,544.0,9.0,657.0,77.0,7546,1,0,1,Biker
84,544.0,9.0,657.0,77.0,7547,1,0,1,Biker
84,544.0,9.0,657.0,77.0,7548,1,0,1,Biker
84,544.0,9.0,657.0,77.0,7549,1,0,1,Biker
84,544.0,9.0,657.0,77.0,7550,1,0,1,Biker
84,544.0,9.0,657.0,77.0,7551,1,0,1,Biker
84,544.0,9.0,657.0,77.0,7552,1,0,1,Biker
84,544.0,9.0,657.0,77.0,7553,1,0,1,Biker
84,544.0,9.0,657.0,77.0,7554,1,0,1,Biker
84,544.0,9.0,657.0,77.0,7555,1,0,1,Biker
84,544.0,9.0,657.0,77.0,7556,1,0,1,Biker
84,544.0,9.0,657.0,77.0,7557,1,0,1,Biker
84,544.0,9.0,657.0,77.0,7558,1,0,1,Biker
84,547.0,9.0,660.0,77.0,7559,1,0,1,Biker
84,547.0,9.0,660.0,77.0,7560,1,0,1,Biker
84,547.0,9.0,660.0,75.0,7561,1,0,1,Biker
84,547.0,9.0,660.0,75.0,7562,1,0,1,Biker
84,547.0,9.0,660.0,75.0,7563,1,0,1,Biker
84,547.0,9.0,660.0,75.0,7564,1,0,1,Biker
84,547.0,9.0,660.0,75.0,7565,1,0,1,Biker
84,547.0,9.0,660.0,75.0,7566,1,0,1,Biker
84,547.0,9.0,660.0,75.0,7567,1,0,1,Biker
84,547.0,9.0,660.0,75.0,7568,1,0,1,Biker
84,547.0,9.0,660.0,75.0,7569,1,0,1,Biker
84,547.0,9.0,660.0,75.0,7570,1,0,1,Biker
84,547.0,9.0,660.0,75.0,7571,1,0,1,Biker
84,547.0,6.0,660.0,75.0,7572,1,0,1,Biker
84,547.0,6.0,660.0,75.0,7573,1,0,1,Biker
84,547.0,6.0,660.0,75.0,7574,1,0,1,Biker
84,547.0,6.0,660.0,75.0,7575,1,0,1,Biker
84,547.0,6.0,660.0,75.0,7576,1,0,1,Biker
84,547.0,6.0,660.0,75.0,7577,1,0,1,Biker
84,550.0,6.0,662.0,75.0,7578,1,0,1,Biker
84,550.0,6.0,662.0,75.0,7579,1,0,1,Biker
84,550.0,6.0,662.0,75.0,7580,1,0,1,Biker
84,550.0,6.0,662.0,75.0,7581,1,0,1,Biker
84,550.0,6.0,662.0,75.0,7582,1,0,1,Biker
84,550.0,6.0,662.0,75.0,7583,1,0,1,Biker
84,550.0,6.0,662.0,75.0,7584,1,0,1,Biker
84,550.0,6.0,662.0,75.0,7585,1,0,1,Biker
84,550.0,6.0,662.0,75.0,7586,1,0,1,Biker
84,550.0,6.0,662.0,75.0,7587,1,0,1,Biker
84,550.0,6.0,662.0,75.0,7588,1,0,1,Biker
84,550.0,6.0,662.0,75.0,7589,1,0,1,Biker
84,550.0,6.0,662.0,75.0,7590,1,0,1,Biker
84,550.0,6.0,662.0,75.0,7591,1,0,1,Biker
84,550.0,6.0,662.0,72.0,7592,1,0,1,Biker
84,550.0,6.0,662.0,72.0,7593,1,0,1,Biker
84,550.0,6.0,662.0,72.0,7594,1,0,1,Biker
84,550.0,6.0,662.0,72.0,7595,1,0,1,Biker
84,550.0,6.0,662.0,72.0,7596,1,0,1,Biker
84,552.0,6.0,665.0,72.0,7597,1,0,1,Biker
84,552.0,6.0,665.0,72.0,7598,1,0,1,Biker
84,552.0,6.0,665.0,72.0,7599,1,0,1,Biker
84,552.0,6.0,665.0,72.0,7600,1,0,1,Biker
84,552.0,6.0,665.0,72.0,7601,1,0,1,Biker
84,552.0,6.0,665.0,72.0,7602,1,0,1,Biker
84,552.0,6.0,665.0,72.0,7603,1,0,1,Biker
84,552.0,6.0,665.0,72.0,7604,1,0,1,Biker
84,552.0,6.0,665.0,72.0,7605,1,0,1,Biker
84,552.0,6.0,665.0,72.0,7606,1,0,1,Biker
84,552.0,4.0,665.0,72.0,7607,1,0,1,Biker
84,552.0,4.0,665.0,72.0,7608,1,0,1,Biker
84,552.0,4.0,665.0,72.0,7609,1,0,1,Biker
84,552.0,4.0,665.0,72.0,7610,1,0,1,Biker
84,552.0,4.0,665.0,72.0,7611,1,0,1,Biker
84,552.0,4.0,665.0,72.0,7612,1,0,1,Biker
84,552.0,4.0,665.0,72.0,7613,1,0,1,Biker
84,552.0,4.0,665.0,72.0,7614,1,0,1,Biker
84,552.0,4.0,665.0,72.0,7615,1,0,1,Biker
84,552.0,4.0,665.0,72.0,7616,1,0,1,Biker
84,555.0,4.0,668.0,72.0,7617,1,0,1,Biker
84,555.0,4.0,668.0,72.0,7618,1,0,1,Biker
84,555.0,4.0,668.0,72.0,7619,1,0,1,Biker
84,555.0,4.0,668.0,72.0,7620,1,0,1,Biker
84,555.0,4.0,668.0,72.0,7621,1,0,1,Biker
84,555.0,4.0,668.0,70.0,7622,1,0,1,Biker
84,555.0,4.0,668.0,70.0,7623,1,0,1,Biker
84,555.0,4.0,668.0,70.0,7624,1,0,1,Biker
84,555.0,4.0,668.0,70.0,7625,1,0,1,Biker
84,555.0,4.0,668.0,70.0,7626,1,0,1,Biker
84,555.0,4.0,668.0,70.0,7627,1,0,1,Biker
84,555.0,4.0,668.0,70.0,7628,1,0,1,Biker
84,555.0,4.0,668.0,70.0,7629,1,0,1,Biker
84,555.0,4.0,668.0,70.0,7630,1,0,1,Biker
84,555.0,4.0,668.0,70.0,7631,1,0,1,Biker
84,555.0,4.0,668.0,70.0,7632,1,0,1,Biker
84,555.0,4.0,668.0,70.0,7633,1,0,1,Biker
84,555.0,4.0,668.0,70.0,7634,1,0,1,Biker
84,555.0,4.0,668.0,70.0,7635,1,0,1,Biker
84,558.0,4.0,671.0,70.0,7636,1,0,1,Biker
84,558.0,4.0,671.0,70.0,7637,1,0,1,Biker
84,558.0,4.0,671.0,70.0,7638,1,0,1,Biker
84,558.0,4.0,671.0,70.0,7639,1,0,1,Biker
84,558.0,4.0,671.0,70.0,7640,1,0,1,Biker
84,558.0,4.0,671.0,70.0,7641,1,0,1,Biker
84,558.0,4.0,671.0,70.0,7642,1,0,1,Biker
84,558.0,2.0,671.0,70.0,7643,1,0,1,Biker
84,558.0,2.0,671.0,70.0,7644,1,0,1,Biker
84,558.0,2.0,671.0,70.0,7645,1,0,1,Biker
84,558.0,2.0,671.0,70.0,7646,1,0,1,Biker
84,558.0,2.0,671.0,70.0,7647,1,0,1,Biker
84,558.0,2.0,671.0,70.0,7648,1,0,1,Biker
84,558.0,2.0,671.0,70.0,7649,1,0,1,Biker
84,558.0,2.0,671.0,70.0,7650,1,0,1,Biker
84,558.0,2.0,671.0,70.0,7651,1,0,1,Biker
84,558.0,2.0,671.0,70.0,7652,1,0,1,Biker
84,558.0,2.0,671.0,68.0,7653,1,0,1,Biker
84,558.0,2.0,671.0,68.0,7654,1,0,1,Biker
84,561.0,2.0,673.0,68.0,7655,1,0,1,Biker
84,561.0,2.0,673.0,68.0,7656,1,0,1,Biker
84,561.0,2.0,673.0,68.0,7657,1,0,1,Biker
84,561.0,2.0,673.0,68.0,7658,1,0,1,Biker
84,561.0,2.0,673.0,68.0,7659,1,0,1,Biker
84,561.0,2.0,673.0,68.0,7660,1,0,1,Biker
84,561.0,2.0,673.0,68.0,7661,1,0,1,Biker
84,561.0,2.0,673.0,68.0,7662,1,0,1,Biker
84,561.0,2.0,673.0,68.0,7663,1,0,1,Biker
84,561.0,2.0,673.0,68.0,7664,1,0,1,Biker
84,561.0,2.0,673.0,68.0,7665,1,0,1,Biker
84,561.0,2.0,673.0,68.0,7666,1,0,1,Biker
84,561.0,2.0,673.0,68.0,7667,1,0,1,Biker
84,561.0,2.0,673.0,68.0,7668,1,0,1,Biker
84,561.0,2.0,673.0,68.0,7669,1,0,1,Biker
84,561.0,2.0,673.0,68.0,7670,1,0,1,Biker
84,561.0,2.0,673.0,68.0,7671,1,0,1,Biker
84,561.0,2.0,673.0,68.0,7672,1,0,1,Biker
84,561.0,2.0,673.0,68.0,7673,1,0,1,Biker
84,561.0,2.0,673.0,68.0,7674,1,0,1,Biker
84,563.0,2.0,676.0,68.0,7675,1,0,1,Biker
84,563.0,2.0,676.0,68.0,7676,1,0,1,Biker
84,563.0,2.0,676.0,68.0,7677,1,0,1,Biker
84,563.0,0.0,676.0,68.0,7678,1,0,1,Biker
84,563.0,0.0,676.0,68.0,7679,1,0,1,Biker
84,563.0,0.0,676.0,68.0,7680,1,0,1,Biker
84,563.0,0.0,676.0,68.0,7681,1,0,1,Biker
84,563.0,0.0,676.0,68.0,7682,1,0,1,Biker
84,563.0,0.0,676.0,66.0,7683,1,0,1,Biker
84,563.0,0.0,676.0,66.0,7684,1,0,1,Biker
84,563.0,0.0,676.0,66.0,7685,1,0,1,Biker
84,563.0,0.0,676.0,66.0,7686,1,0,1,Biker
84,563.0,0.0,676.0,66.0,7687,1,0,1,Biker
84,563.0,0.0,676.0,66.0,7688,1,0,1,Biker
84,563.0,0.0,676.0,66.0,7689,1,0,1,Biker
84,563.0,0.0,676.0,66.0,7690,1,0,1,Biker
84,563.0,0.0,676.0,66.0,7691,1,0,1,Biker
84,563.0,0.0,676.0,66.0,7692,1,0,1,Biker
84,563.0,0.0,676.0,66.0,7693,1,0,1,Biker
84,566.0,0.0,679.0,66.0,7694,1,0,1,Biker
84,566.0,0.0,679.0,66.0,7695,1,0,1,Biker
84,566.0,0.0,679.0,66.0,7696,1,0,1,Biker
84,566.0,0.0,679.0,66.0,7697,1,0,1,Biker
84,566.0,0.0,679.0,66.0,7698,1,0,1,Biker
84,566.0,0.0,679.0,66.0,7699,1,0,1,Biker
84,566.0,0.0,679.0,66.0,7700,1,0,1,Biker
84,566.0,0.0,679.0,66.0,7701,1,0,1,Biker
84,566.0,0.0,679.0,66.0,7702,1,0,1,Biker
84,566.0,0.0,679.0,66.0,7703,1,0,1,Biker
84,566.0,0.0,679.0,66.0,7704,1,0,1,Biker
84,566.0,0.0,679.0,66.0,7705,1,0,1,Biker
84,566.0,0.0,679.0,66.0,7706,1,0,1,Biker
84,566.0,0.0,679.0,66.0,7707,1,0,1,Biker
84,566.0,0.0,679.0,66.0,7708,1,0,1,Biker
84,566.0,0.0,679.0,66.0,7709,1,0,1,Biker
84,566.0,0.0,679.0,66.0,7710,1,0,1,Biker
84,566.0,0.0,679.0,66.0,7711,1,0,1,Biker
84,566.0,0.0,679.0,66.0,7712,1,0,1,Biker
84,569.0,0.0,682.0,66.0,7713,0,0,0,Biker
84,566.0,0.0,679.0,66.0,7714,0,0,1,Biker
84,563.0,0.0,676.0,66.0,7715,0,0,1,Biker
84,563.0,0.0,676.0,66.0,7716,0,0,1,Biker
84,561.0,0.0,673.0,66.0,7717,0,0,1,Biker
84,561.0,0.0,673.0,66.0,7718,0,0,1,Biker
84,558.0,0.0,671.0,66.0,7719,0,0,1,Biker
84,555.0,0.0,668.0,66.0,7720,0,0,1,Biker
84,555.0,0.0,668.0,66.0,7721,0,0,1,Biker
84,552.0,0.0,665.0,66.0,7722,0,0,1,Biker
84,552.0,0.0,665.0,66.0,7723,0,0,0,Biker
84,550.0,0.0,662.0,66.0,7724,0,0,1,Biker
84,550.0,2.0,662.0,68.0,7725,0,0,1,Biker
84,547.0,2.0,660.0,68.0,7726,0,0,1,Biker
84,547.0,4.0,660.0,70.0,7727,0,0,1,Biker
84,544.0,4.0,657.0,72.0,7728,0,0,1,Biker
84,544.0,6.0,657.0,72.0,7729,0,0,1,Biker
84,541.0,6.0,654.0,75.0,7730,0,0,1,Biker
84,541.0,9.0,654.0,77.0,7731,0,0,1,Biker
84,539.0,9.0,651.0,77.0,7732,0,0,1,Biker
84,539.0,11.0,651.0,79.0,7733,0,0,1,Biker
84,539.0,13.0,651.0,81.0,7734,0,0,0,Biker
84,536.0,15.0,649.0,84.0,7735,0,0,1,Biker
84,533.0,18.0,646.0,86.0,7736,0,0,1,Biker
84,530.0,20.0,643.0,88.0,7737,0,0,1,Biker
84,528.0,22.0,640.0,91.0,7738,0,0,1,Biker
84,525.0,25.0,638.0,93.0,7739,0,0,1,Biker
84,522.0,27.0,635.0,95.0,7740,0,0,1,Biker
84,519.0,29.0,632.0,97.0,7741,0,0,1,Biker
84,517.0,31.0,629.0,100.0,7742,0,0,1,Biker
84,517.0,36.0,629.0,104.0,7743,0,0,0,Biker
84,514.0,38.0,627.0,107.0,7744,0,0,1,Biker
84,511.0,43.0,624.0,111.0,7745,0,0,1,Biker
84,511.0,47.0,624.0,116.0,7746,0,0,1,Biker
84,508.0,52.0,621.0,120.0,7747,0,0,1,Biker
84,506.0,56.0,621.0,125.0,7748,0,0,1,Biker
84,506.0,61.0,618.0,129.0,7749,0,0,1,Biker
84,503.0,66.0,616.0,134.0,7750,0,0,1,Biker
84,503.0,70.0,616.0,138.0,7751,0,0,1,Biker
84,500.0,75.0,613.0,143.0,7752,0,0,1,Biker
84,497.0,79.0,613.0,148.0,7753,0,0,1,Biker
84,497.0,84.0,610.0,152.0,7754,0,0,1,Biker
84,495.0,88.0,607.0,157.0,7755,0,0,1,Biker
84,492.0,93.0,607.0,161.0,7756,0,0,1,Biker
84,492.0,97.0,605.0,166.0,7757,0,0,1,Biker
84,489.0,102.0,605.0,170.0,7758,0,0,1,Biker
84,489.0,104.0,602.0,173.0,7759,0,0,1,Biker
84,486.0,109.0,599.0,177.0,7760,0,0,1,Biker
84,484.0,113.0,599.0,182.0,7761,0,0,1,Biker
84,484.0,118.0,596.0,186.0,7762,0,0,1,Biker
84,481.0,122.0,596.0,191.0,7763,0,0,1,Biker
84,481.0,127.0,594.0,195.0,7764,0,0,1,Biker
84,478.0,132.0,591.0,200.0,7765,0,0,1,Biker
84,475.0,136.0,591.0,204.0,7766,0,0,1,Biker
84,475.0,141.0,588.0,209.0,7767,0,0,1,Biker
84,473.0,145.0,588.0,214.0,7768,0,0,1,Biker
84,470.0,150.0,585.0,218.0,7769,0,0,1,Biker
84,470.0,154.0,583.0,223.0,7770,0,0,1,Biker
84,467.0,159.0,583.0,227.0,7771,0,0,1,Biker
84,467.0,163.0,580.0,232.0,7772,0,0,1,Biker
84,464.0,168.0,580.0,236.0,7773,0,0,1,Biker
84,462.0,173.0,577.0,241.0,7774,0,0,1,Biker
84,462.0,175.0,574.0,243.0,7775,0,0,1,Biker
84,459.0,179.0,574.0,248.0,7776,0,0,1,Biker
84,459.0,184.0,572.0,252.0,7777,0,0,1,Biker
84,456.0,188.0,572.0,257.0,7778,0,0,1,Biker
84,453.0,193.0,569.0,261.0,7779,0,0,1,Biker
84,453.0,198.0,566.0,266.0,7780,0,0,1,Biker
84,451.0,202.0,566.0,270.0,7781,0,0,1,Biker
84,448.0,207.0,563.0,275.0,7782,0,0,1,Biker
84,448.0,211.0,563.0,280.0,7783,0,0,1,Biker
84,445.0,216.0,561.0,284.0,7784,0,0,1,Biker
84,445.0,220.0,558.0,289.0,7785,0,0,1,Biker
84,442.0,225.0,558.0,293.0,7786,0,0,1,Biker
84,440.0,229.0,555.0,298.0,7787,0,0,1,Biker
84,440.0,234.0,555.0,302.0,7788,0,0,1,Biker
84,437.0,239.0,552.0,307.0,7789,0,0,1,Biker
84,437.0,243.0,552.0,311.0,7790,0,0,0,Biker
84,434.0,248.0,550.0,316.0,7791,0,0,1,Biker
84,431.0,252.0,547.0,321.0,7792,0,0,1,Biker
84,429.0,257.0,544.0,325.0,7793,0,0,1,Biker
84,429.0,261.0,544.0,330.0,7794,0,0,1,Biker
84,426.0,266.0,541.0,334.0,7795,0,0,1,Biker
84,423.0,270.0,539.0,339.0,7796,0,0,1,Biker
84,423.0,275.0,539.0,343.0,7797,0,0,1,Biker
84,420.0,280.0,536.0,348.0,7798,0,0,1,Biker
84,418.0,284.0,533.0,352.0,7799,0,0,1,Biker
84,418.0,289.0,533.0,357.0,7800,0,0,1,Biker
84,415.0,293.0,530.0,362.0,7801,0,0,1,Biker
84,412.0,298.0,528.0,366.0,7802,0,0,1,Biker
84,409.0,302.0,525.0,371.0,7803,0,0,1,Biker
84,409.0,307.0,525.0,375.0,7804,0,0,1,Biker
84,407.0,314.0,522.0,382.0,7805,0,0,1,Biker
84,404.0,318.0,519.0,387.0,7806,0,0,1,Biker
84,404.0,323.0,519.0,391.0,7807,0,0,1,Biker
84,401.0,327.0,517.0,396.0,7808,0,0,1,Biker
84,398.0,332.0,514.0,400.0,7809,0,0,1,Biker
84,398.0,337.0,514.0,405.0,7810,0,0,1,Biker
84,396.0,341.0,511.0,409.0,7811,0,0,1,Biker
84,393.0,346.0,508.0,414.0,7812,0,0,1,Biker
84,390.0,350.0,506.0,418.0,7813,0,0,1,Biker
84,390.0,355.0,506.0,423.0,7814,0,0,1,Biker
84,387.0,359.0,503.0,428.0,7815,0,0,1,Biker
84,385.0,364.0,500.0,432.0,7816,0,0,1,Biker
84,385.0,368.0,500.0,437.0,7817,0,0,1,Biker
84,382.0,373.0,497.0,441.0,7818,0,0,1,Biker
84,379.0,377.0,495.0,446.0,7819,0,0,1,Biker
84,379.0,384.0,495.0,453.0,7820,0,0,0,Biker
84,376.0,387.0,492.0,455.0,7821,0,0,1,Biker
84,374.0,389.0,489.0,457.0,7822,0,0,1,Biker
84,371.0,393.0,486.0,462.0,7823,0,0,1,Biker
84,368.0,396.0,484.0,464.0,7824,0,0,1,Biker
84,365.0,398.0,481.0,466.0,7825,0,0,1,Biker
84,363.0,403.0,478.0,471.0,7826,0,0,1,Biker
84,360.0,405.0,475.0,473.0,7827,0,0,1,Biker
84,357.0,407.0,473.0,475.0,7828,0,0,1,Biker
84,354.0,412.0,470.0,480.0,7829,0,0,1,Biker
84,352.0,414.0,467.0,482.0,7830,0,0,1,Biker
84,349.0,416.0,464.0,485.0,7831,0,0,1,Biker
84,346.0,421.0,462.0,489.0,7832,0,0,1,Biker
84,343.0,423.0,459.0,491.0,7833,0,0,1,Biker
84,343.0,428.0,459.0,496.0,7834,0,0,0,Biker
84,341.0,432.0,456.0,500.0,7835,0,0,1,Biker
84,341.0,437.0,453.0,505.0,7836,0,0,1,Biker
84,338.0,441.0,453.0,510.0,7837,0,0,1,Biker
84,338.0,446.0,451.0,514.0,7838,0,0,1,Biker
84,335.0,450.0,448.0,519.0,7839,0,0,1,Biker
84,335.0,455.0,448.0,523.0,7840,0,0,0,Biker
84,332.0,457.0,445.0,526.0,7841,0,0,1,Biker
84,330.0,462.0,442.0,530.0,7842,0,0,1,Biker
84,327.0,464.0,440.0,532.0,7843,0,0,1,Biker
84,324.0,469.0,437.0,537.0,7844,0,0,1,Biker
84,324.0,473.0,434.0,541.0,7845,0,0,1,Biker
84,321.0,475.0,431.0,544.0,7846,0,0,1,Biker
84,319.0,480.0,431.0,548.0,7847,0,0,1,Biker
84,316.0,485.0,429.0,553.0,7848,0,0,1,Biker
84,313.0,487.0,426.0,555.0,7849,0,0,1,Biker
84,313.0,491.0,423.0,560.0,7850,0,0,1,Biker
84,310.0,496.0,420.0,564.0,7851,0,0,1,Biker
84,308.0,498.0,418.0,566.0,7852,0,0,1,Biker
84,305.0,503.0,415.0,571.0,7853,0,0,1,Biker
84,302.0,507.0,415.0,576.0,7854,0,0,1,Biker
84,302.0,510.0,412.0,578.0,7855,0,0,1,Biker
84,299.0,514.0,409.0,582.0,7856,0,0,1,Biker
84,297.0,519.0,407.0,587.0,7857,0,0,1,Biker
84,294.0,521.0,404.0,589.0,7858,0,0,1,Biker
84,291.0,526.0,401.0,594.0,7859,0,0,1,Biker
84,291.0,530.0,401.0,598.0,7860,0,0,0,Biker
84,288.0,532.0,398.0,601.0,7861,0,0,1,Biker
84,286.0,537.0,396.0,605.0,7862,0,0,1,Biker
84,283.0,541.0,393.0,610.0,7863,0,0,1,Biker
84,283.0,546.0,393.0,614.0,7864,0,0,1,Biker
84,280.0,551.0,390.0,619.0,7865,0,0,1,Biker
84,277.0,553.0,387.0,621.0,7866,0,0,1,Biker
84,277.0,557.0,387.0,626.0,7867,0,0,1,Biker
84,275.0,562.0,385.0,630.0,7868,0,0,1,Biker
84,272.0,566.0,382.0,635.0,7869,0,0,1,Biker
84,272.0,571.0,382.0,639.0,7870,0,0,0,Biker
84,266.0,573.0,376.0,642.0,7871,0,0,1,Biker
84,261.0,578.0,371.0,646.0,7872,0,0,1,Biker
84,255.0,582.0,365.0,651.0,7873,0,0,1,Biker
84,250.0,587.0,360.0,655.0,7874,0,0,1,Biker
84,244.0,592.0,354.0,660.0,7875,0,0,1,Biker
84,239.0,596.0,349.0,664.0,7876,0,0,1,Biker
84,233.0,601.0,343.0,669.0,7877,0,0,1,Biker
84,228.0,605.0,338.0,674.0,7878,0,0,1,Biker
84,222.0,610.0,332.0,678.0,7879,0,0,1,Biker
84,220.0,614.0,327.0,683.0,7880,0,0,0,Biker
84,217.0,617.0,324.0,685.0,7881,0,0,1,Biker
84,214.0,619.0,321.0,687.0,7882,0,0,1,Biker
84,211.0,621.0,319.0,689.0,7883,0,0,1,Biker
84,209.0,623.0,316.0,692.0,7884,0,0,1,Biker
84,206.0,626.0,313.0,694.0,7885,0,0,1,Biker
84,203.0,628.0,310.0,696.0,7886,0,0,1,Biker
84,200.0,630.0,308.0,699.0,7887,0,0,1,Biker
84,198.0,633.0,305.0,701.0,7888,0,0,1,Biker
84,195.0,635.0,302.0,703.0,7889,0,0,1,Biker
84,195.0,639.0,302.0,708.0,7890,0,0,0,Biker
84,189.0,642.0,297.0,710.0,7891,0,0,1,Biker
84,184.0,644.0,291.0,712.0,7892,0,0,1,Biker
84,178.0,646.0,286.0,715.0,7893,0,0,1,Biker
84,173.0,648.0,280.0,717.0,7894,0,0,1,Biker
84,167.0,651.0,275.0,719.0,7895,0,0,1,Biker
84,162.0,653.0,269.0,721.0,7896,0,0,1,Biker
84,156.0,655.0,264.0,724.0,7897,0,0,1,Biker
84,151.0,658.0,258.0,726.0,7898,0,0,1,Biker
84,145.0,660.0,253.0,728.0,7899,0,0,1,Biker
84,143.0,662.0,250.0,730.0,7900,0,0,0,Biker
84,137.0,662.0,244.0,730.0,7901,0,0,1,Biker
84,132.0,664.0,239.0,733.0,7902,0,0,1,Biker
84,126.0,667.0,233.0,735.0,7903,0,0,1,Biker
84,121.0,669.0,228.0,737.0,7904,0,0,1,Biker
84,115.0,671.0,222.0,740.0,7905,0,0,1,Biker
84,110.0,671.0,217.0,740.0,7906,0,0,1,Biker
84,107.0,674.0,211.0,742.0,7907,0,0,1,Biker
84,101.0,676.0,206.0,744.0,7908,0,0,1,Biker
84,96.0,678.0,200.0,746.0,7909,0,0,1,Biker
84,90.0,680.0,195.0,749.0,7910,0,0,1,Biker
84,85.0,683.0,189.0,751.0,7911,0,0,1,Biker
84,79.0,683.0,184.0,751.0,7912,0,0,1,Biker
84,74.0,685.0,178.0,753.0,7913,0,0,1,Biker
84,71.0,687.0,173.0,755.0,7914,0,0,1,Biker
84,66.0,689.0,167.0,758.0,7915,0,0,1,Biker
84,60.0,692.0,162.0,760.0,7916,0,0,1,Biker
84,55.0,692.0,156.0,760.0,7917,0,0,1,Biker
84,49.0,694.0,151.0,762.0,7918,0,0,1,Biker
84,44.0,696.0,145.0,765.0,7919,0,0,1,Biker
84,38.0,699.0,140.0,767.0,7920,0,0,1,Biker
84,35.0,701.0,134.0,769.0,7921,0,0,1,Biker
84,30.0,703.0,129.0,771.0,7922,0,0,1,Biker
84,24.0,703.0,123.0,771.0,7923,0,0,1,Biker
84,19.0,705.0,118.0,774.0,7924,0,0,1,Biker
84,13.0,708.0,112.0,776.0,7925,0,0,1,Biker
84,8.0,710.0,107.0,778.0,7926,0,0,1,Biker
84,2.0,712.0,101.0,781.0,7927,0,0,1,Biker
84,0.0,715.0,99.0,783.0,7928,1,0,0,Biker
84,0.0,715.0,99.0,783.0,7929,1,0,1,Biker
84,0.0,715.0,99.0,783.0,7930,1,0,1,Biker
84,0.0,715.0,99.0,783.0,7931,1,0,1,Biker
84,0.0,715.0,99.0,783.0,7932,1,0,1,Biker
84,0.0,715.0,99.0,783.0,7933,1,0,1,Biker
84,0.0,715.0,99.0,783.0,7934,1,0,1,Biker
84,0.0,715.0,99.0,783.0,7935,1,0,1,Biker
84,0.0,715.0,99.0,783.0,7936,1,0,1,Biker
84,0.0,715.0,99.0,783.0,7937,1,0,1,Biker
84,0.0,715.0,99.0,783.0,7938,1,0,1,Biker
84,0.0,715.0,99.0,783.0,7939,1,0,1,Biker
84,0.0,715.0,99.0,783.0,7940,1,0,1,Biker
84,0.0,715.0,99.0,783.0,7941,1,0,1,Biker
84,0.0,715.0,99.0,783.0,7942,1,0,1,Biker
84,0.0,715.0,99.0,783.0,7943,1,0,1,Biker
84,0.0,715.0,99.0,783.0,7944,1,0,1,Biker
84,0.0,715.0,99.0,783.0,7945,1,0,1,Biker
84,0.0,715.0,99.0,783.0,7946,1,0,1,Biker
84,0.0,715.0,99.0,783.0,7947,1,0,1,Biker
84,0.0,715.0,99.0,783.0,7948,1,0,1,Biker
84,0.0,715.0,99.0,783.0,7949,1,0,1,Biker
84,0.0,715.0,99.0,783.0,7950,1,0,1,Biker
84,0.0,715.0,99.0,783.0,7951,1,0,1,Biker
84,0.0,715.0,99.0,783.0,7952,1,0,1,Biker
84,0.0,715.0,99.0,783.0,7953,1,0,1,Biker
84,0.0,715.0,99.0,783.0,7954,1,0,1,Biker
84,0.0,715.0,99.0,783.0,7955,1,0,1,Biker
84,0.0,715.0,99.0,783.0,7956,1,0,1,Biker
84,0.0,715.0,99.0,783.0,7957,1,0,0,Biker
84,0.0,715.0,99.0,783.0,7958,1,0,1,Biker
84,0.0,715.0,99.0,783.0,7959,1,0,1,Biker
84,0.0,715.0,99.0,783.0,7960,1,0,1,Biker
84,0.0,715.0,99.0,783.0,7961,1,0,1,Biker
84,0.0,715.0,99.0,783.0,7962,1,0,1,Biker
84,0.0,715.0,99.0,783.0,7963,1,0,1,Biker
84,0.0,715.0,99.0,783.0,7964,1,0,1,Biker
84,0.0,715.0,99.0,783.0,7965,1,0,1,Biker
84,0.0,715.0,99.0,783.0,7966,1,0,1,Biker
84,0.0,715.0,99.0,783.0,7967,1,0,1,Biker
84,0.0,715.0,99.0,783.0,7968,1,0,1,Biker
84,0.0,715.0,99.0,783.0,7969,1,0,1,Biker
84,0.0,715.0,99.0,783.0,7970,1,0,1,Biker
84,0.0,715.0,99.0,783.0,7971,1,0,1,Biker
84,0.0,715.0,99.0,783.0,7972,1,0,1,Biker
84,0.0,715.0,99.0,783.0,7973,1,0,1,Biker
84,0.0,715.0,99.0,783.0,7974,1,0,1,Biker
84,0.0,715.0,99.0,783.0,7975,1,0,1,Biker
84,0.0,715.0,99.0,783.0,7976,1,0,1,Biker
84,0.0,715.0,99.0,783.0,7977,1,0,1,Biker
84,0.0,715.0,99.0,783.0,7978,1,0,1,Biker
84,0.0,715.0,99.0,783.0,7979,1,0,1,Biker
84,0.0,715.0,99.0,783.0,7980,1,0,1,Biker
84,0.0,715.0,99.0,783.0,7981,1,0,1,Biker
84,0.0,715.0,99.0,783.0,7982,1,0,1,Biker
84,0.0,715.0,99.0,783.0,7983,1,0,1,Biker
84,0.0,715.0,99.0,783.0,7984,1,0,1,Biker
84,0.0,715.0,99.0,783.0,7985,1,0,1,Biker
84,0.0,715.0,99.0,783.0,7986,1,0,1,Biker
84,0.0,715.0,99.0,783.0,7987,1,0,1,Biker
84,0.0,715.0,99.0,783.0,7988,1,0,1,Biker
84,0.0,715.0,99.0,783.0,7989,1,0,1,Biker
84,0.0,715.0,99.0,783.0,7990,1,0,1,Biker
84,0.0,715.0,99.0,783.0,7991,1,0,1,Biker
84,0.0,715.0,99.0,783.0,7992,1,0,1,Biker
84,0.0,715.0,99.0,783.0,7993,1,0,1,Biker
84,0.0,715.0,99.0,783.0,7994,1,0,1,Biker
84,0.0,715.0,99.0,783.0,7995,1,0,1,Biker
84,0.0,715.0,99.0,783.0,7996,1,0,1,Biker
84,0.0,715.0,99.0,783.0,7997,1,0,1,Biker
84,0.0,715.0,99.0,783.0,7998,1,0,1,Biker
84,0.0,715.0,99.0,783.0,7999,1,0,1,Biker
84,0.0,715.0,99.0,783.0,8000,1,0,1,Biker
84,0.0,715.0,99.0,783.0,8001,1,0,1,Biker
84,0.0,715.0,99.0,783.0,8002,1,0,1,Biker
84,0.0,715.0,99.0,783.0,8003,1,0,1,Biker
84,0.0,715.0,99.0,783.0,8004,1,0,1,Biker
84,0.0,715.0,99.0,783.0,8005,1,0,1,Biker
84,0.0,715.0,99.0,783.0,8006,1,0,1,Biker
84,0.0,715.0,99.0,783.0,8007,1,0,1,Biker
84,0.0,715.0,99.0,783.0,8008,1,0,1,Biker
84,0.0,715.0,99.0,783.0,8009,1,0,1,Biker
84,0.0,715.0,99.0,783.0,8010,1,0,1,Biker
84,0.0,715.0,99.0,783.0,8011,1,0,1,Biker
84,0.0,715.0,99.0,783.0,8012,1,0,1,Biker
84,0.0,715.0,99.0,783.0,8013,1,0,1,Biker
84,0.0,715.0,99.0,783.0,8014,1,0,1,Biker
84,0.0,715.0,99.0,783.0,8015,1,0,1,Biker
84,0.0,715.0,99.0,783.0,8016,1,0,1,Biker
84,0.0,715.0,99.0,783.0,8017,1,0,1,Biker
84,0.0,715.0,99.0,783.0,8018,1,0,1,Biker
84,0.0,715.0,99.0,783.0,8019,1,0,1,Biker
84,0.0,715.0,99.0,783.0,8020,1,0,1,Biker
84,0.0,715.0,99.0,783.0,8021,1,0,1,Biker
84,0.0,715.0,99.0,783.0,8022,1,0,1,Biker
84,0.0,715.0,99.0,783.0,8023,1,0,1,Biker
84,0.0,715.0,99.0,783.0,8024,1,0,1,Biker
84,0.0,715.0,99.0,783.0,8025,1,0,1,Biker
84,0.0,715.0,99.0,783.0,8026,1,0,1,Biker
84,0.0,715.0,99.0,783.0,8027,1,0,1,Biker
84,0.0,715.0,99.0,783.0,8028,1,0,1,Biker
84,0.0,715.0,99.0,783.0,8029,1,0,1,Biker
84,0.0,715.0,99.0,783.0,8030,1,0,1,Biker
84,0.0,715.0,99.0,783.0,8031,1,0,0,Biker
85,2.0,890.0,79.0,938.0,7500,1,0,0,Biker
85,2.0,890.0,79.0,938.0,7501,1,0,1,Biker
85,2.0,890.0,79.0,938.0,7502,1,0,1,Biker
85,2.0,890.0,79.0,938.0,7503,1,0,1,Biker
85,2.0,890.0,79.0,938.0,7504,1,0,1,Biker
85,2.0,890.0,79.0,938.0,7505,1,0,1,Biker
85,2.0,890.0,79.0,938.0,7506,1,0,1,Biker
85,2.0,890.0,79.0,938.0,7507,1,0,1,Biker
85,2.0,890.0,79.0,938.0,7508,1,0,1,Biker
85,2.0,890.0,79.0,938.0,7509,1,0,1,Biker
85,2.0,890.0,79.0,938.0,7510,1,0,1,Biker
85,2.0,890.0,79.0,938.0,7511,1,0,1,Biker
85,2.0,890.0,79.0,938.0,7512,1,0,1,Biker
85,2.0,890.0,79.0,938.0,7513,1,0,1,Biker
85,2.0,890.0,79.0,938.0,7514,1,0,1,Biker
85,2.0,890.0,79.0,938.0,7515,1,0,1,Biker
85,2.0,890.0,79.0,938.0,7516,1,0,1,Biker
85,2.0,890.0,79.0,938.0,7517,1,0,1,Biker
85,2.0,890.0,79.0,938.0,7518,1,0,1,Biker
85,2.0,890.0,79.0,938.0,7519,1,0,1,Biker
85,2.0,890.0,79.0,938.0,7520,1,0,1,Biker
85,2.0,890.0,79.0,938.0,7521,1,0,1,Biker
85,2.0,890.0,79.0,938.0,7522,1,0,1,Biker
85,2.0,890.0,79.0,938.0,7523,1,0,1,Biker
85,2.0,890.0,79.0,938.0,7524,1,0,1,Biker
85,2.0,890.0,79.0,938.0,7525,1,0,1,Biker
85,2.0,890.0,79.0,938.0,7526,1,0,1,Biker
85,2.0,890.0,79.0,938.0,7527,1,0,1,Biker
85,2.0,890.0,79.0,938.0,7528,1,0,1,Biker
85,2.0,890.0,79.0,938.0,7529,1,0,1,Biker
85,2.0,890.0,79.0,938.0,7530,1,0,1,Biker
85,2.0,890.0,79.0,938.0,7531,1,0,1,Biker
85,2.0,890.0,79.0,938.0,7532,1,0,1,Biker
85,2.0,890.0,79.0,938.0,7533,1,0,1,Biker
85,2.0,890.0,79.0,938.0,7534,1,0,1,Biker
85,2.0,890.0,79.0,938.0,7535,1,0,1,Biker
85,2.0,890.0,79.0,938.0,7536,1,0,1,Biker
85,2.0,890.0,79.0,938.0,7537,1,0,1,Biker
85,2.0,890.0,79.0,938.0,7538,1,0,1,Biker
85,2.0,890.0,79.0,938.0,7539,1,0,1,Biker
85,2.0,890.0,79.0,938.0,7540,1,0,1,Biker
85,2.0,890.0,79.0,938.0,7541,1,0,1,Biker
85,2.0,890.0,79.0,938.0,7542,1,0,1,Biker
85,2.0,890.0,79.0,938.0,7543,1,0,1,Biker
85,2.0,890.0,79.0,938.0,7544,1,0,1,Biker
85,2.0,890.0,79.0,938.0,7545,1,0,1,Biker
85,2.0,890.0,79.0,938.0,7546,1,0,1,Biker
85,2.0,890.0,79.0,938.0,7547,1,0,1,Biker
85,2.0,890.0,79.0,938.0,7548,1,0,1,Biker
85,2.0,890.0,79.0,938.0,7549,1,0,1,Biker
85,2.0,890.0,79.0,938.0,7550,1,0,1,Biker
85,2.0,890.0,79.0,938.0,7551,1,0,1,Biker
85,2.0,890.0,79.0,938.0,7552,1,0,1,Biker
85,2.0,890.0,79.0,938.0,7553,1,0,1,Biker
85,2.0,890.0,79.0,938.0,7554,1,0,1,Biker
85,2.0,890.0,79.0,938.0,7555,1,0,1,Biker
85,2.0,890.0,79.0,938.0,7556,1,0,1,Biker
85,2.0,890.0,79.0,938.0,7557,1,0,1,Biker
85,2.0,890.0,79.0,938.0,7558,1,0,1,Biker
85,2.0,890.0,79.0,938.0,7559,1,0,1,Biker
85,2.0,890.0,79.0,938.0,7560,1,0,1,Biker
85,2.0,890.0,79.0,938.0,7561,1,0,1,Biker
85,2.0,890.0,79.0,938.0,7562,1,0,1,Biker
85,2.0,890.0,79.0,938.0,7563,1,0,1,Biker
85,2.0,890.0,79.0,938.0,7564,1,0,1,Biker
85,2.0,890.0,79.0,938.0,7565,1,0,1,Biker
85,2.0,890.0,79.0,938.0,7566,1,0,1,Biker
85,2.0,890.0,79.0,938.0,7567,1,0,1,Biker
85,2.0,890.0,79.0,938.0,7568,1,0,1,Biker
85,2.0,890.0,79.0,938.0,7569,1,0,1,Biker
85,2.0,890.0,79.0,938.0,7570,1,0,1,Biker
85,2.0,890.0,79.0,938.0,7571,1,0,1,Biker
85,2.0,890.0,79.0,938.0,7572,1,0,1,Biker
85,2.0,890.0,79.0,938.0,7573,1,0,1,Biker
85,2.0,890.0,79.0,938.0,7574,1,0,1,Biker
85,2.0,890.0,79.0,938.0,7575,1,0,1,Biker
85,2.0,890.0,79.0,938.0,7576,1,0,1,Biker
85,2.0,890.0,79.0,938.0,7577,1,0,1,Biker
85,2.0,890.0,79.0,938.0,7578,1,0,1,Biker
85,2.0,890.0,79.0,938.0,7579,1,0,1,Biker
85,2.0,890.0,79.0,938.0,7580,1,0,1,Biker
85,2.0,890.0,79.0,938.0,7581,1,0,1,Biker
85,2.0,890.0,79.0,938.0,7582,1,0,1,Biker
85,2.0,890.0,79.0,938.0,7583,1,0,1,Biker
85,2.0,890.0,79.0,938.0,7584,1,0,1,Biker
85,2.0,890.0,79.0,938.0,7585,1,0,1,Biker
85,2.0,890.0,79.0,938.0,7586,1,0,1,Biker
85,2.0,890.0,79.0,938.0,7587,1,0,1,Biker
85,2.0,890.0,79.0,938.0,7588,1,0,1,Biker
85,2.0,890.0,79.0,938.0,7589,1,0,1,Biker
85,2.0,890.0,79.0,938.0,7590,1,0,1,Biker
85,2.0,890.0,79.0,938.0,7591,1,0,1,Biker
85,2.0,890.0,79.0,938.0,7592,1,0,1,Biker
85,2.0,890.0,79.0,938.0,7593,1,0,1,Biker
85,2.0,890.0,79.0,938.0,7594,1,0,1,Biker
85,2.0,890.0,79.0,938.0,7595,1,0,1,Biker
85,2.0,890.0,79.0,938.0,7596,1,0,1,Biker
85,2.0,890.0,79.0,938.0,7597,1,0,1,Biker
85,2.0,890.0,79.0,938.0,7598,1,0,1,Biker
85,2.0,890.0,79.0,938.0,7599,1,0,1,Biker
85,2.0,890.0,79.0,938.0,7600,1,0,1,Biker
85,2.0,890.0,79.0,938.0,7601,1,0,1,Biker
85,2.0,890.0,79.0,938.0,7602,1,0,1,Biker
85,2.0,890.0,79.0,938.0,7603,1,0,1,Biker
85,2.0,890.0,79.0,938.0,7604,1,0,1,Biker
85,2.0,890.0,79.0,938.0,7605,1,0,1,Biker
85,2.0,890.0,79.0,938.0,7606,1,0,1,Biker
85,2.0,890.0,79.0,938.0,7607,1,0,1,Biker
85,2.0,890.0,79.0,938.0,7608,1,0,1,Biker
85,2.0,890.0,79.0,938.0,7609,1,0,1,Biker
85,2.0,890.0,79.0,938.0,7610,1,0,1,Biker
85,2.0,890.0,79.0,938.0,7611,1,0,1,Biker
85,2.0,890.0,79.0,938.0,7612,1,0,1,Biker
85,2.0,890.0,79.0,938.0,7613,1,0,1,Biker
85,2.0,890.0,79.0,938.0,7614,1,0,1,Biker
85,2.0,890.0,79.0,938.0,7615,1,0,1,Biker
85,2.0,890.0,79.0,938.0,7616,1,0,1,Biker
85,2.0,890.0,79.0,938.0,7617,1,0,1,Biker
85,2.0,890.0,79.0,938.0,7618,1,0,1,Biker
85,2.0,890.0,79.0,938.0,7619,1,0,1,Biker
85,2.0,890.0,79.0,938.0,7620,1,0,1,Biker
85,2.0,890.0,79.0,938.0,7621,1,0,1,Biker
85,2.0,890.0,79.0,938.0,7622,1,0,1,Biker
85,2.0,890.0,79.0,938.0,7623,1,0,1,Biker
85,2.0,890.0,79.0,938.0,7624,1,0,1,Biker
85,2.0,890.0,79.0,938.0,7625,1,0,1,Biker
85,2.0,890.0,79.0,938.0,7626,1,0,1,Biker
85,2.0,890.0,79.0,938.0,7627,1,0,1,Biker
85,2.0,890.0,79.0,938.0,7628,1,0,1,Biker
85,2.0,890.0,79.0,938.0,7629,1,0,1,Biker
85,2.0,890.0,79.0,938.0,7630,1,0,1,Biker
85,2.0,890.0,79.0,938.0,7631,1,0,1,Biker
85,2.0,890.0,79.0,938.0,7632,1,0,1,Biker
85,2.0,890.0,79.0,938.0,7633,1,0,1,Biker
85,2.0,890.0,79.0,938.0,7634,1,0,1,Biker
85,2.0,890.0,79.0,938.0,7635,1,0,1,Biker
85,2.0,890.0,79.0,938.0,7636,1,0,1,Biker
85,2.0,890.0,79.0,938.0,7637,1,0,1,Biker
85,2.0,890.0,79.0,938.0,7638,1,0,1,Biker
85,2.0,890.0,79.0,938.0,7639,1,0,1,Biker
85,2.0,890.0,79.0,938.0,7640,1,0,1,Biker
85,2.0,890.0,79.0,938.0,7641,1,0,1,Biker
85,2.0,890.0,79.0,938.0,7642,1,0,1,Biker
85,2.0,890.0,79.0,938.0,7643,1,0,1,Biker
85,2.0,890.0,79.0,938.0,7644,1,0,1,Biker
85,2.0,890.0,79.0,938.0,7645,1,0,1,Biker
85,2.0,890.0,79.0,938.0,7646,1,0,1,Biker
85,2.0,890.0,79.0,938.0,7647,1,0,1,Biker
85,2.0,890.0,79.0,938.0,7648,1,0,1,Biker
85,2.0,890.0,79.0,938.0,7649,1,0,1,Biker
85,2.0,890.0,79.0,938.0,7650,1,0,1,Biker
85,2.0,890.0,79.0,938.0,7651,1,0,1,Biker
85,2.0,890.0,79.0,938.0,7652,1,0,1,Biker
85,2.0,890.0,79.0,938.0,7653,1,0,1,Biker
85,2.0,890.0,79.0,938.0,7654,1,0,1,Biker
85,2.0,890.0,79.0,938.0,7655,1,0,1,Biker
85,2.0,890.0,79.0,938.0,7656,1,0,1,Biker
85,2.0,890.0,79.0,938.0,7657,1,0,1,Biker
85,2.0,890.0,79.0,938.0,7658,1,0,1,Biker
85,2.0,890.0,79.0,938.0,7659,1,0,1,Biker
85,2.0,890.0,79.0,938.0,7660,1,0,1,Biker
85,2.0,890.0,79.0,938.0,7661,1,0,1,Biker
85,2.0,890.0,79.0,938.0,7662,1,0,1,Biker
85,2.0,890.0,79.0,938.0,7663,1,0,1,Biker
85,2.0,890.0,79.0,938.0,7664,1,0,1,Biker
85,2.0,890.0,79.0,938.0,7665,1,0,1,Biker
85,2.0,890.0,79.0,938.0,7666,1,0,1,Biker
85,2.0,890.0,79.0,938.0,7667,1,0,1,Biker
85,2.0,890.0,79.0,938.0,7668,1,0,1,Biker
85,2.0,890.0,79.0,938.0,7669,1,0,1,Biker
85,2.0,890.0,79.0,938.0,7670,1,0,1,Biker
85,2.0,890.0,79.0,938.0,7671,1,0,1,Biker
85,2.0,890.0,79.0,938.0,7672,1,0,1,Biker
85,2.0,890.0,79.0,938.0,7673,1,0,1,Biker
85,2.0,890.0,79.0,938.0,7674,1,0,1,Biker
85,2.0,890.0,79.0,938.0,7675,1,0,1,Biker
85,2.0,890.0,79.0,938.0,7676,1,0,1,Biker
85,2.0,890.0,79.0,938.0,7677,1,0,1,Biker
85,2.0,890.0,79.0,938.0,7678,1,0,1,Biker
85,2.0,890.0,79.0,938.0,7679,1,0,1,Biker
85,2.0,890.0,79.0,938.0,7680,1,0,1,Biker
85,2.0,890.0,79.0,938.0,7681,1,0,1,Biker
85,2.0,890.0,79.0,938.0,7682,1,0,1,Biker
85,2.0,890.0,79.0,938.0,7683,1,0,1,Biker
85,2.0,890.0,79.0,938.0,7684,1,0,1,Biker
85,2.0,890.0,79.0,938.0,7685,1,0,1,Biker
85,2.0,890.0,79.0,938.0,7686,1,0,1,Biker
85,2.0,890.0,79.0,938.0,7687,1,0,1,Biker
85,2.0,890.0,79.0,938.0,7688,1,0,1,Biker
85,2.0,890.0,79.0,938.0,7689,1,0,1,Biker
85,2.0,890.0,79.0,938.0,7690,1,0,1,Biker
85,2.0,890.0,79.0,938.0,7691,1,0,1,Biker
85,2.0,890.0,79.0,938.0,7692,1,0,1,Biker
85,2.0,890.0,79.0,938.0,7693,1,0,1,Biker
85,2.0,890.0,79.0,938.0,7694,1,0,1,Biker
85,2.0,890.0,79.0,938.0,7695,1,0,1,Biker
85,2.0,890.0,79.0,938.0,7696,1,0,1,Biker
85,2.0,890.0,79.0,938.0,7697,1,0,1,Biker
85,2.0,890.0,79.0,938.0,7698,1,0,1,Biker
85,2.0,890.0,79.0,938.0,7699,1,0,1,Biker
85,2.0,890.0,79.0,938.0,7700,1,0,1,Biker
85,2.0,890.0,79.0,938.0,7701,1,0,1,Biker
85,2.0,890.0,79.0,938.0,7702,1,0,1,Biker
85,2.0,890.0,79.0,938.0,7703,1,0,1,Biker
85,2.0,890.0,79.0,938.0,7704,1,0,1,Biker
85,2.0,890.0,79.0,938.0,7705,1,0,1,Biker
85,2.0,890.0,79.0,938.0,7706,1,0,1,Biker
85,2.0,890.0,79.0,938.0,7707,1,0,1,Biker
85,2.0,890.0,79.0,938.0,7708,1,0,1,Biker
85,2.0,890.0,79.0,938.0,7709,1,0,1,Biker
85,2.0,890.0,79.0,938.0,7710,1,0,1,Biker
85,2.0,890.0,79.0,938.0,7711,1,0,1,Biker
85,2.0,890.0,79.0,938.0,7712,1,0,1,Biker
85,2.0,890.0,79.0,938.0,7713,1,0,1,Biker
85,2.0,890.0,79.0,938.0,7714,1,0,1,Biker
85,2.0,890.0,79.0,938.0,7715,1,0,1,Biker
85,2.0,890.0,79.0,938.0,7716,1,0,1,Biker
85,2.0,890.0,79.0,938.0,7717,1,0,1,Biker
85,2.0,890.0,79.0,938.0,7718,1,0,1,Biker
85,2.0,890.0,79.0,938.0,7719,1,0,1,Biker
85,2.0,890.0,79.0,938.0,7720,1,0,1,Biker
85,2.0,890.0,79.0,938.0,7721,1,0,1,Biker
85,2.0,890.0,79.0,938.0,7722,1,0,1,Biker
85,2.0,890.0,79.0,938.0,7723,1,0,1,Biker
85,2.0,890.0,79.0,938.0,7724,1,0,1,Biker
85,2.0,890.0,79.0,938.0,7725,1,0,1,Biker
85,2.0,890.0,79.0,938.0,7726,1,0,1,Biker
85,2.0,890.0,79.0,938.0,7727,1,0,1,Biker
85,2.0,890.0,79.0,938.0,7728,1,0,1,Biker
85,2.0,890.0,79.0,938.0,7729,1,0,1,Biker
85,2.0,890.0,79.0,938.0,7730,1,0,1,Biker
85,2.0,890.0,79.0,938.0,7731,1,0,1,Biker
85,2.0,890.0,79.0,938.0,7732,1,0,1,Biker
85,2.0,890.0,79.0,938.0,7733,1,0,1,Biker
85,2.0,890.0,79.0,938.0,7734,1,0,1,Biker
85,2.0,890.0,79.0,938.0,7735,1,0,1,Biker
85,2.0,890.0,79.0,938.0,7736,1,0,1,Biker
85,2.0,890.0,79.0,938.0,7737,1,0,1,Biker
85,2.0,890.0,79.0,938.0,7738,1,0,1,Biker
85,2.0,890.0,79.0,938.0,7739,1,0,1,Biker
85,2.0,890.0,79.0,938.0,7740,1,0,1,Biker
85,2.0,890.0,79.0,938.0,7741,1,0,1,Biker
85,2.0,890.0,79.0,938.0,7742,1,0,1,Biker
85,2.0,890.0,79.0,938.0,7743,1,0,1,Biker
85,2.0,890.0,79.0,938.0,7744,1,0,1,Biker
85,2.0,890.0,79.0,938.0,7745,1,0,1,Biker
85,2.0,890.0,79.0,938.0,7746,1,0,1,Biker
85,2.0,890.0,79.0,938.0,7747,1,0,1,Biker
85,2.0,890.0,79.0,938.0,7748,1,0,1,Biker
85,2.0,890.0,79.0,938.0,7749,1,0,1,Biker
85,2.0,890.0,79.0,938.0,7750,1,0,1,Biker
85,2.0,890.0,79.0,938.0,7751,1,0,1,Biker
85,2.0,890.0,79.0,938.0,7752,1,0,1,Biker
85,2.0,890.0,79.0,938.0,7753,1,0,1,Biker
85,2.0,890.0,79.0,938.0,7754,1,0,1,Biker
85,2.0,890.0,79.0,938.0,7755,1,0,1,Biker
85,2.0,890.0,79.0,938.0,7756,1,0,1,Biker
85,2.0,890.0,79.0,938.0,7757,1,0,1,Biker
85,2.0,890.0,79.0,938.0,7758,1,0,1,Biker
85,2.0,890.0,79.0,938.0,7759,1,0,1,Biker
85,2.0,890.0,79.0,938.0,7760,1,0,1,Biker
85,2.0,890.0,79.0,938.0,7761,1,0,1,Biker
85,2.0,890.0,79.0,938.0,7762,1,0,1,Biker
85,2.0,890.0,79.0,938.0,7763,1,0,1,Biker
85,2.0,890.0,79.0,938.0,7764,1,0,1,Biker
85,2.0,890.0,79.0,938.0,7765,1,0,1,Biker
85,2.0,890.0,79.0,938.0,7766,1,0,1,Biker
85,2.0,890.0,79.0,938.0,7767,0,0,0,Biker
85,8.0,885.0,85.0,933.0,7768,0,0,1,Biker
85,16.0,883.0,93.0,931.0,7769,0,0,1,Biker
85,24.0,881.0,101.0,929.0,7770,0,0,1,Biker
85,33.0,878.0,110.0,926.0,7771,0,0,1,Biker
85,41.0,874.0,118.0,922.0,7772,0,0,1,Biker
85,49.0,872.0,126.0,919.0,7773,0,0,1,Biker
85,57.0,869.0,134.0,917.0,7774,0,0,1,Biker
85,66.0,867.0,143.0,915.0,7775,0,0,1,Biker
85,74.0,863.0,151.0,910.0,7776,0,0,1,Biker
85,82.0,860.0,159.0,908.0,7777,0,0,1,Biker
85,90.0,858.0,167.0,906.0,7778,0,0,1,Biker
85,99.0,856.0,176.0,904.0,7779,0,0,1,Biker
85,107.0,851.0,184.0,899.0,7780,0,0,1,Biker
85,115.0,849.0,192.0,897.0,7781,0,0,1,Biker
85,123.0,847.0,200.0,894.0,7782,0,0,1,Biker
85,132.0,844.0,209.0,892.0,7783,0,0,0,Biker
85,140.0,840.0,217.0,888.0,7784,0,0,1,Biker
85,148.0,835.0,225.0,883.0,7785,0,0,1,Biker
85,156.0,831.0,233.0,878.0,7786,0,0,1,Biker
85,165.0,826.0,242.0,874.0,7787,0,0,1,Biker
85,173.0,822.0,250.0,869.0,7788,0,0,1,Biker
85,181.0,817.0,258.0,865.0,7789,0,0,1,Biker
85,189.0,812.0,266.0,860.0,7790,0,0,1,Biker
85,198.0,808.0,275.0,856.0,7791,0,0,1,Biker
85,206.0,803.0,283.0,851.0,7792,0,0,1,Biker
85,214.0,799.0,291.0,847.0,7793,0,0,0,Biker
85,222.0,794.0,299.0,842.0,7794,0,0,1,Biker
85,231.0,790.0,308.0,837.0,7795,0,0,1,Biker
85,239.0,785.0,316.0,833.0,7796,0,0,1,Biker
85,250.0,781.0,327.0,828.0,7797,0,0,1,Biker
85,258.0,778.0,335.0,826.0,7798,0,0,1,Biker
85,266.0,774.0,343.0,822.0,7799,0,0,1,Biker
85,277.0,769.0,354.0,817.0,7800,0,0,1,Biker
85,286.0,765.0,363.0,812.0,7801,0,0,1,Biker
85,294.0,760.0,371.0,808.0,7802,0,0,1,Biker
85,305.0,758.0,382.0,806.0,7803,0,0,0,Biker
85,308.0,751.0,385.0,799.0,7804,0,0,1,Biker
85,313.0,744.0,390.0,792.0,7805,0,0,1,Biker
85,319.0,737.0,396.0,785.0,7806,0,0,1,Biker
85,324.0,730.0,401.0,778.0,7807,0,0,1,Biker
85,330.0,724.0,407.0,771.0,7808,0,0,1,Biker
85,335.0,717.0,412.0,765.0,7809,0,0,1,Biker
85,341.0,710.0,418.0,758.0,7810,0,0,1,Biker
85,346.0,703.0,423.0,751.0,7811,0,0,1,Biker
85,352.0,696.0,429.0,744.0,7812,0,0,1,Biker
85,357.0,689.0,434.0,737.0,7813,0,0,1,Biker
85,363.0,683.0,440.0,730.0,7814,0,0,1,Biker
85,368.0,676.0,445.0,724.0,7815,0,0,1,Biker
85,374.0,669.0,451.0,717.0,7816,0,0,1,Biker
85,379.0,662.0,456.0,710.0,7817,0,0,1,Biker
85,385.0,655.0,462.0,703.0,7818,0,0,1,Biker
85,387.0,648.0,464.0,696.0,7819,0,0,1,Biker
85,393.0,642.0,470.0,689.0,7820,0,0,1,Biker
85,398.0,635.0,475.0,683.0,7821,0,0,1,Biker
85,404.0,628.0,481.0,676.0,7822,0,0,1,Biker
85,409.0,621.0,486.0,669.0,7823,0,0,1,Biker
85,415.0,614.0,492.0,662.0,7824,0,0,1,Biker
85,420.0,607.0,497.0,655.0,7825,0,0,1,Biker
85,426.0,601.0,503.0,648.0,7826,0,0,1,Biker
85,431.0,594.0,508.0,642.0,7827,0,0,1,Biker
85,437.0,587.0,514.0,635.0,7828,0,0,1,Biker
85,442.0,580.0,519.0,628.0,7829,0,0,1,Biker
85,448.0,573.0,525.0,621.0,7830,0,0,1,Biker
85,453.0,566.0,530.0,614.0,7831,0,0,1,Biker
85,459.0,560.0,536.0,607.0,7832,0,0,1,Biker
85,464.0,553.0,541.0,601.0,7833,0,0,1,Biker
85,470.0,548.0,547.0,596.0,7834,0,0,0,Biker
85,473.0,539.0,550.0,587.0,7835,0,0,1,Biker
85,475.0,532.0,552.0,580.0,7836,0,0,1,Biker
85,481.0,523.0,558.0,571.0,7837,0,0,1,Biker
85,484.0,516.0,561.0,564.0,7838,0,0,1,Biker
85,486.0,507.0,563.0,555.0,7839,0,0,1,Biker
85,492.0,500.0,569.0,548.0,7840,0,0,1,Biker
85,495.0,491.0,572.0,539.0,7841,0,0,1,Biker
85,497.0,485.0,574.0,532.0,7842,0,0,1,Biker
85,503.0,475.0,580.0,523.0,7843,0,0,1,Biker
85,506.0,469.0,583.0,516.0,7844,0,0,1,Biker
85,508.0,459.0,585.0,507.0,7845,0,0,1,Biker
85,514.0,453.0,591.0,500.0,7846,0,0,1,Biker
85,517.0,444.0,594.0,491.0,7847,0,0,1,Biker
85,519.0,437.0,596.0,485.0,7848,0,0,1,Biker
85,525.0,428.0,602.0,475.0,7849,0,0,1,Biker
85,528.0,421.0,605.0,469.0,7850,0,0,1,Biker
85,530.0,412.0,607.0,459.0,7851,0,0,1,Biker
85,536.0,405.0,613.0,453.0,7852,0,0,1,Biker
85,539.0,396.0,616.0,444.0,7853,0,0,1,Biker
85,541.0,389.0,618.0,437.0,7854,0,0,1,Biker
85,547.0,380.0,624.0,428.0,7855,0,0,1,Biker
85,550.0,373.0,627.0,421.0,7856,0,0,1,Biker
85,552.0,364.0,629.0,412.0,7857,0,0,1,Biker
85,558.0,357.0,635.0,405.0,7858,0,0,1,Biker
85,561.0,348.0,638.0,396.0,7859,0,0,1,Biker
85,563.0,341.0,640.0,389.0,7860,0,0,1,Biker
85,569.0,332.0,646.0,380.0,7861,0,0,1,Biker
85,572.0,325.0,649.0,373.0,7862,0,0,1,Biker
85,577.0,318.0,654.0,366.0,7863,0,0,0,Biker
85,580.0,309.0,657.0,357.0,7864,0,0,1,Biker
85,583.0,302.0,660.0,350.0,7865,0,0,1,Biker
85,585.0,293.0,662.0,341.0,7866,0,0,1,Biker
85,588.0,286.0,665.0,334.0,7867,0,0,1,Biker
85,594.0,277.0,671.0,325.0,7868,0,0,1,Biker
85,596.0,270.0,673.0,318.0,7869,0,0,1,Biker
85,599.0,261.0,676.0,309.0,7870,0,0,1,Biker
85,602.0,255.0,679.0,302.0,7871,0,0,1,Biker
85,605.0,245.0,682.0,293.0,7872,0,0,1,Biker
85,610.0,239.0,687.0,286.0,7873,0,0,0,Biker
85,613.0,229.0,690.0,277.0,7874,0,0,1,Biker
85,616.0,220.0,693.0,268.0,7875,0,0,1,Biker
85,618.0,211.0,695.0,259.0,7876,0,0,1,Biker
85,621.0,204.0,698.0,252.0,7877,0,0,1,Biker
85,624.0,195.0,701.0,243.0,7878,0,0,1,Biker
85,627.0,186.0,704.0,234.0,7879,0,0,1,Biker
85,629.0,179.0,706.0,227.0,7880,0,0,1,Biker
85,632.0,170.0,709.0,218.0,7881,0,0,1,Biker
85,635.0,161.0,712.0,209.0,7882,0,0,1,Biker
85,638.0,154.0,715.0,202.0,7883,0,0,0,Biker
85,638.0,143.0,715.0,191.0,7884,0,0,1,Biker
85,638.0,134.0,715.0,182.0,7885,0,0,1,Biker
85,638.0,125.0,715.0,173.0,7886,0,0,1,Biker
85,640.0,116.0,717.0,163.0,7887,0,0,1,Biker
85,640.0,107.0,717.0,154.0,7888,0,0,1,Biker
85,640.0,95.0,717.0,143.0,7889,0,0,1,Biker
85,643.0,86.0,720.0,134.0,7890,0,0,1,Biker
85,643.0,77.0,720.0,125.0,7891,0,0,1,Biker
85,643.0,68.0,720.0,116.0,7892,0,0,1,Biker
85,646.0,59.0,723.0,107.0,7893,0,0,1,Biker
85,646.0,47.0,723.0,95.0,7894,0,0,1,Biker
85,646.0,38.0,723.0,86.0,7895,0,0,1,Biker
85,649.0,29.0,726.0,77.0,7896,0,0,1,Biker
85,649.0,20.0,726.0,68.0,7897,0,0,1,Biker
85,649.0,11.0,726.0,59.0,7898,0,0,1,Biker
85,651.0,2.0,728.0,50.0,7899,1,0,0,Biker
85,651.0,2.0,728.0,50.0,7900,1,0,1,Biker
85,651.0,2.0,728.0,50.0,7901,1,0,1,Biker
85,651.0,2.0,728.0,50.0,7902,1,0,1,Biker
85,651.0,2.0,728.0,50.0,7903,1,0,1,Biker
85,651.0,2.0,728.0,50.0,7904,1,0,1,Biker
85,651.0,2.0,728.0,50.0,7905,1,0,1,Biker
85,651.0,2.0,728.0,50.0,7906,1,0,1,Biker
85,651.0,2.0,728.0,50.0,7907,1,0,1,Biker
85,651.0,2.0,728.0,50.0,7908,1,0,1,Biker
85,651.0,2.0,728.0,50.0,7909,1,0,1,Biker
85,651.0,2.0,728.0,50.0,7910,1,0,1,Biker
85,651.0,2.0,728.0,50.0,7911,1,0,1,Biker
85,651.0,2.0,728.0,50.0,7912,1,0,1,Biker
85,651.0,2.0,728.0,50.0,7913,1,0,1,Biker
85,651.0,2.0,728.0,50.0,7914,1,0,1,Biker
85,651.0,2.0,728.0,50.0,7915,1,0,1,Biker
85,651.0,2.0,728.0,50.0,7916,1,0,0,Biker
85,651.0,2.0,728.0,50.0,7917,1,0,1,Biker
85,651.0,2.0,728.0,50.0,7918,1,0,1,Biker
85,651.0,2.0,728.0,50.0,7919,1,0,1,Biker
85,651.0,2.0,728.0,50.0,7920,1,0,1,Biker
85,651.0,2.0,728.0,50.0,7921,1,0,1,Biker
85,651.0,2.0,728.0,50.0,7922,1,0,1,Biker
85,651.0,2.0,728.0,50.0,7923,1,0,1,Biker
85,651.0,2.0,728.0,50.0,7924,1,0,1,Biker
85,651.0,2.0,728.0,50.0,7925,1,0,1,Biker
85,651.0,2.0,728.0,50.0,7926,1,0,1,Biker
85,651.0,2.0,728.0,50.0,7927,1,0,1,Biker
85,651.0,2.0,728.0,50.0,7928,1,0,1,Biker
85,651.0,2.0,728.0,50.0,7929,1,0,1,Biker
85,651.0,2.0,728.0,50.0,7930,1,0,1,Biker
85,651.0,2.0,728.0,50.0,7931,1,0,1,Biker
85,651.0,2.0,728.0,50.0,7932,1,0,1,Biker
85,651.0,2.0,728.0,50.0,7933,1,0,1,Biker
85,651.0,2.0,728.0,50.0,7934,1,0,1,Biker
85,651.0,2.0,728.0,50.0,7935,1,0,1,Biker
85,651.0,2.0,728.0,50.0,7936,1,0,1,Biker
85,651.0,2.0,728.0,50.0,7937,1,0,1,Biker
85,651.0,2.0,728.0,50.0,7938,1,0,1,Biker
85,651.0,2.0,728.0,50.0,7939,1,0,1,Biker
85,651.0,2.0,728.0,50.0,7940,1,0,1,Biker
85,651.0,2.0,728.0,50.0,7941,1,0,1,Biker
85,651.0,2.0,728.0,50.0,7942,1,0,1,Biker
85,651.0,2.0,728.0,50.0,7943,1,0,1,Biker
85,651.0,2.0,728.0,50.0,7944,1,0,1,Biker
85,651.0,2.0,728.0,50.0,7945,1,0,1,Biker
85,651.0,2.0,728.0,50.0,7946,1,0,1,Biker
85,651.0,2.0,728.0,50.0,7947,1,0,1,Biker
85,651.0,2.0,728.0,50.0,7948,1,0,1,Biker
85,651.0,2.0,728.0,50.0,7949,1,0,1,Biker
85,651.0,2.0,728.0,50.0,7950,1,0,1,Biker
85,651.0,2.0,728.0,50.0,7951,1,0,1,Biker
85,651.0,2.0,728.0,50.0,7952,1,0,1,Biker
85,651.0,2.0,728.0,50.0,7953,1,0,1,Biker
85,651.0,2.0,728.0,50.0,7954,1,0,1,Biker
85,651.0,2.0,728.0,50.0,7955,1,0,1,Biker
85,651.0,2.0,728.0,50.0,7956,1,0,1,Biker
85,651.0,2.0,728.0,50.0,7957,1,0,1,Biker
85,651.0,2.0,728.0,50.0,7958,1,0,1,Biker
85,651.0,2.0,728.0,50.0,7959,1,0,1,Biker
85,651.0,2.0,728.0,50.0,7960,1,0,1,Biker
85,651.0,2.0,728.0,50.0,7961,1,0,1,Biker
85,651.0,2.0,728.0,50.0,7962,1,0,1,Biker
85,651.0,2.0,728.0,50.0,7963,1,0,1,Biker
85,651.0,2.0,728.0,50.0,7964,1,0,1,Biker
85,651.0,2.0,728.0,50.0,7965,1,0,1,Biker
85,651.0,2.0,728.0,50.0,7966,1,0,1,Biker
85,651.0,2.0,728.0,50.0,7967,1,0,1,Biker
85,651.0,2.0,728.0,50.0,7968,1,0,1,Biker
85,651.0,2.0,728.0,50.0,7969,1,0,1,Biker
85,651.0,2.0,728.0,50.0,7970,1,0,1,Biker
85,651.0,2.0,728.0,50.0,7971,1,0,1,Biker
85,651.0,2.0,728.0,50.0,7972,1,0,1,Biker
85,651.0,2.0,728.0,50.0,7973,1,0,1,Biker
85,651.0,2.0,728.0,50.0,7974,1,0,1,Biker
85,651.0,2.0,728.0,50.0,7975,1,0,1,Biker
85,651.0,2.0,728.0,50.0,7976,1,0,1,Biker
85,651.0,2.0,728.0,50.0,7977,1,0,1,Biker
85,651.0,2.0,728.0,50.0,7978,1,0,1,Biker
85,651.0,2.0,728.0,50.0,7979,1,0,1,Biker
85,651.0,2.0,728.0,50.0,7980,1,0,1,Biker
85,651.0,2.0,728.0,50.0,7981,1,0,1,Biker
85,651.0,2.0,728.0,50.0,7982,1,0,1,Biker
85,651.0,2.0,728.0,50.0,7983,1,0,1,Biker
85,651.0,2.0,728.0,50.0,7984,1,0,1,Biker
85,651.0,2.0,728.0,50.0,7985,1,0,1,Biker
85,651.0,2.0,728.0,50.0,7986,1,0,1,Biker
85,651.0,2.0,728.0,50.0,7987,1,0,1,Biker
85,651.0,2.0,728.0,50.0,7988,1,0,1,Biker
85,651.0,2.0,728.0,50.0,7989,1,0,1,Biker
85,651.0,2.0,728.0,50.0,7990,1,0,1,Biker
85,651.0,2.0,728.0,50.0,7991,1,0,1,Biker
85,651.0,2.0,728.0,50.0,7992,1,0,1,Biker
85,651.0,2.0,728.0,50.0,7993,1,0,1,Biker
85,651.0,2.0,728.0,50.0,7994,1,0,1,Biker
85,651.0,2.0,728.0,50.0,7995,1,0,1,Biker
85,651.0,2.0,728.0,50.0,7996,1,0,1,Biker
85,651.0,2.0,728.0,50.0,7997,1,0,1,Biker
85,651.0,2.0,728.0,50.0,7998,1,0,1,Biker
85,651.0,2.0,728.0,50.0,7999,1,0,1,Biker
85,651.0,2.0,728.0,50.0,8000,1,0,1,Biker
85,651.0,2.0,728.0,50.0,8001,1,0,1,Biker
85,651.0,2.0,728.0,50.0,8002,1,0,1,Biker
85,651.0,2.0,728.0,50.0,8003,1,0,1,Biker
85,651.0,2.0,728.0,50.0,8004,1,0,1,Biker
85,651.0,2.0,728.0,50.0,8005,1,0,1,Biker
85,651.0,2.0,728.0,50.0,8006,1,0,1,Biker
85,651.0,2.0,728.0,50.0,8007,1,0,1,Biker
85,651.0,2.0,728.0,50.0,8008,1,0,1,Biker
85,651.0,2.0,728.0,50.0,8009,1,0,1,Biker
85,651.0,2.0,728.0,50.0,8010,1,0,1,Biker
85,651.0,2.0,728.0,50.0,8011,1,0,1,Biker
85,651.0,2.0,728.0,50.0,8012,1,0,1,Biker
85,651.0,2.0,728.0,50.0,8013,1,0,1,Biker
85,651.0,2.0,728.0,50.0,8014,1,0,1,Biker
85,651.0,2.0,728.0,50.0,8015,1,0,1,Biker
85,651.0,2.0,728.0,50.0,8016,1,0,1,Biker
85,651.0,2.0,728.0,50.0,8017,1,0,1,Biker
85,651.0,2.0,728.0,50.0,8018,1,0,1,Biker
85,651.0,2.0,728.0,50.0,8019,1,0,1,Biker
85,651.0,2.0,728.0,50.0,8020,1,0,1,Biker
85,651.0,2.0,728.0,50.0,8021,1,0,1,Biker
85,651.0,2.0,728.0,50.0,8022,1,0,1,Biker
85,651.0,2.0,728.0,50.0,8023,1,0,1,Biker
85,651.0,2.0,728.0,50.0,8024,1,0,1,Biker
85,651.0,2.0,728.0,50.0,8025,1,0,1,Biker
85,651.0,2.0,728.0,50.0,8026,1,0,1,Biker
85,651.0,2.0,728.0,50.0,8027,1,0,1,Biker
85,651.0,2.0,728.0,50.0,8028,1,0,1,Biker
85,651.0,2.0,728.0,50.0,8029,1,0,1,Biker
85,651.0,2.0,728.0,50.0,8030,1,0,1,Biker
85,651.0,2.0,728.0,50.0,8031,1,0,0,Biker
86,1955.0,1001.0,1958.0,1004.0,8000,1,0,0,Pedestrian
86,1952.0,999.0,1958.0,1004.0,8001,1,0,1,Pedestrian
86,1952.0,999.0,1958.0,1004.0,8002,1,0,1,Pedestrian
86,1952.0,999.0,1958.0,1004.0,8003,1,0,1,Pedestrian
86,1952.0,999.0,1958.0,1004.0,8004,1,0,1,Pedestrian
86,1952.0,999.0,1958.0,1004.0,8005,1,0,1,Pedestrian
86,1952.0,999.0,1958.0,1004.0,8006,1,0,1,Pedestrian
86,1952.0,999.0,1958.0,1004.0,8007,1,0,1,Pedestrian
86,1952.0,999.0,1958.0,1006.0,8008,1,0,1,Pedestrian
86,1949.0,999.0,1958.0,1006.0,8009,1,0,1,Pedestrian
86,1949.0,999.0,1958.0,1006.0,8010,1,0,1,Pedestrian
86,1949.0,999.0,1958.0,1006.0,8011,1,0,1,Pedestrian
86,1949.0,999.0,1958.0,1006.0,8012,1,0,1,Pedestrian
86,1949.0,999.0,1958.0,1006.0,8013,1,0,1,Pedestrian
86,1949.0,999.0,1958.0,1006.0,8014,1,0,1,Pedestrian
86,1949.0,999.0,1958.0,1008.0,8015,1,0,1,Pedestrian
86,1949.0,999.0,1958.0,1008.0,8016,1,0,1,Pedestrian
86,1947.0,999.0,1958.0,1008.0,8017,1,0,1,Pedestrian
86,1947.0,999.0,1958.0,1008.0,8018,1,0,1,Pedestrian
86,1947.0,999.0,1958.0,1008.0,8019,1,0,1,Pedestrian
86,1947.0,999.0,1958.0,1008.0,8020,1,0,1,Pedestrian
86,1947.0,999.0,1958.0,1008.0,8021,1,0,1,Pedestrian
86,1947.0,999.0,1958.0,1011.0,8022,1,0,1,Pedestrian
86,1947.0,999.0,1958.0,1011.0,8023,1,0,1,Pedestrian
86,1947.0,999.0,1958.0,1011.0,8024,1,0,1,Pedestrian
86,1944.0,999.0,1958.0,1011.0,8025,1,0,1,Pedestrian
86,1944.0,999.0,1958.0,1011.0,8026,1,0,1,Pedestrian
86,1944.0,999.0,1958.0,1011.0,8027,1,0,1,Pedestrian
86,1944.0,999.0,1960.0,1011.0,8028,1,0,1,Pedestrian
86,1944.0,999.0,1960.0,1013.0,8029,1,0,1,Pedestrian
86,1944.0,999.0,1960.0,1013.0,8030,1,0,1,Pedestrian
86,1944.0,999.0,1960.0,1013.0,8031,1,0,1,Pedestrian
86,1944.0,999.0,1960.0,1013.0,8032,1,0,1,Pedestrian
86,1941.0,997.0,1960.0,1013.0,8033,1,0,1,Pedestrian
86,1941.0,997.0,1960.0,1013.0,8034,1,0,1,Pedestrian
86,1941.0,997.0,1960.0,1013.0,8035,1,0,1,Pedestrian
86,1941.0,997.0,1960.0,1015.0,8036,1,0,1,Pedestrian
86,1941.0,997.0,1960.0,1015.0,8037,1,0,1,Pedestrian
86,1941.0,997.0,1960.0,1015.0,8038,1,0,1,Pedestrian
86,1941.0,997.0,1960.0,1015.0,8039,1,0,1,Pedestrian
86,1941.0,997.0,1960.0,1015.0,8040,1,0,1,Pedestrian
86,1938.0,997.0,1960.0,1015.0,8041,1,0,1,Pedestrian
86,1938.0,997.0,1960.0,1015.0,8042,1,0,1,Pedestrian
86,1938.0,997.0,1960.0,1017.0,8043,1,0,1,Pedestrian
86,1938.0,997.0,1960.0,1017.0,8044,1,0,1,Pedestrian
86,1938.0,997.0,1960.0,1017.0,8045,1,0,1,Pedestrian
86,1938.0,997.0,1960.0,1017.0,8046,1,0,1,Pedestrian
86,1938.0,997.0,1960.0,1017.0,8047,1,0,1,Pedestrian
86,1938.0,997.0,1960.0,1017.0,8048,1,0,1,Pedestrian
86,1936.0,997.0,1960.0,1017.0,8049,1,0,1,Pedestrian
86,1936.0,997.0,1960.0,1017.0,8050,1,0,1,Pedestrian
86,1936.0,997.0,1960.0,1020.0,8051,1,0,1,Pedestrian
86,1936.0,997.0,1960.0,1020.0,8052,1,0,1,Pedestrian
86,1936.0,997.0,1960.0,1020.0,8053,1,0,1,Pedestrian
86,1936.0,997.0,1960.0,1020.0,8054,1,0,1,Pedestrian
86,1936.0,997.0,1960.0,1020.0,8055,1,0,1,Pedestrian
86,1936.0,997.0,1963.0,1020.0,8056,1,0,1,Pedestrian
86,1933.0,997.0,1963.0,1020.0,8057,1,0,1,Pedestrian
86,1933.0,997.0,1963.0,1022.0,8058,1,0,1,Pedestrian
86,1933.0,997.0,1963.0,1022.0,8059,1,0,1,Pedestrian
86,1933.0,997.0,1963.0,1022.0,8060,1,0,1,Pedestrian
86,1933.0,997.0,1963.0,1022.0,8061,1,0,1,Pedestrian
86,1933.0,997.0,1963.0,1022.0,8062,1,0,1,Pedestrian
86,1933.0,997.0,1963.0,1022.0,8063,1,0,1,Pedestrian
86,1933.0,997.0,1963.0,1022.0,8064,1,0,1,Pedestrian
86,1930.0,995.0,1963.0,1024.0,8065,1,0,1,Pedestrian
86,1930.0,995.0,1963.0,1024.0,8066,1,0,1,Pedestrian
86,1930.0,995.0,1963.0,1024.0,8067,1,0,1,Pedestrian
86,1930.0,995.0,1963.0,1024.0,8068,1,0,1,Pedestrian
86,1930.0,995.0,1963.0,1024.0,8069,1,0,1,Pedestrian
86,1930.0,995.0,1963.0,1024.0,8070,1,0,1,Pedestrian
86,1930.0,995.0,1963.0,1024.0,8071,1,0,1,Pedestrian
86,1930.0,995.0,1963.0,1026.0,8072,1,0,1,Pedestrian
86,1927.0,995.0,1963.0,1026.0,8073,1,0,1,Pedestrian
86,1927.0,995.0,1963.0,1026.0,8074,1,0,1,Pedestrian
86,1927.0,995.0,1963.0,1026.0,8075,1,0,1,Pedestrian
86,1927.0,995.0,1963.0,1026.0,8076,1,0,1,Pedestrian
86,1927.0,995.0,1963.0,1026.0,8077,1,0,1,Pedestrian
86,1927.0,995.0,1963.0,1026.0,8078,1,0,1,Pedestrian
86,1927.0,995.0,1963.0,1029.0,8079,1,0,1,Pedestrian
86,1927.0,995.0,1963.0,1029.0,8080,1,0,1,Pedestrian
86,1925.0,995.0,1963.0,1029.0,8081,1,0,1,Pedestrian
86,1925.0,995.0,1963.0,1029.0,8082,1,0,1,Pedestrian
86,1925.0,995.0,1966.0,1029.0,8083,1,0,1,Pedestrian
86,1925.0,995.0,1966.0,1029.0,8084,1,0,1,Pedestrian
86,1925.0,995.0,1966.0,1029.0,8085,1,0,1,Pedestrian
86,1925.0,995.0,1966.0,1031.0,8086,1,0,1,Pedestrian
86,1925.0,995.0,1966.0,1031.0,8087,1,0,1,Pedestrian
86,1925.0,995.0,1966.0,1031.0,8088,1,0,1,Pedestrian
86,1922.0,995.0,1966.0,1031.0,8089,1,0,1,Pedestrian
86,1922.0,995.0,1966.0,1031.0,8090,1,0,1,Pedestrian
86,1922.0,995.0,1966.0,1031.0,8091,1,0,1,Pedestrian
86,1922.0,995.0,1966.0,1031.0,8092,1,0,1,Pedestrian
86,1922.0,995.0,1966.0,1033.0,8093,1,0,1,Pedestrian
86,1922.0,995.0,1966.0,1033.0,8094,1,0,1,Pedestrian
86,1922.0,995.0,1966.0,1033.0,8095,1,0,1,Pedestrian
86,1922.0,995.0,1966.0,1033.0,8096,1,0,1,Pedestrian
86,1919.0,992.0,1966.0,1033.0,8097,1,0,1,Pedestrian
86,1919.0,992.0,1966.0,1033.0,8098,1,0,1,Pedestrian
86,1919.0,992.0,1966.0,1033.0,8099,1,0,1,Pedestrian
86,1919.0,992.0,1966.0,1033.0,8100,1,0,1,Pedestrian
86,1919.0,992.0,1966.0,1036.0,8101,1,0,1,Pedestrian
86,1919.0,992.0,1966.0,1036.0,8102,1,0,1,Pedestrian
86,1919.0,992.0,1966.0,1036.0,8103,1,0,1,Pedestrian
86,1919.0,992.0,1966.0,1036.0,8104,1,0,1,Pedestrian
86,1916.0,992.0,1966.0,1036.0,8105,1,0,1,Pedestrian
86,1916.0,992.0,1966.0,1036.0,8106,1,0,1,Pedestrian
86,1916.0,992.0,1966.0,1036.0,8107,1,0,1,Pedestrian
86,1916.0,992.0,1966.0,1038.0,8108,1,0,1,Pedestrian
86,1916.0,992.0,1966.0,1038.0,8109,1,0,1,Pedestrian
86,1916.0,992.0,1966.0,1038.0,8110,1,0,1,Pedestrian
86,1916.0,992.0,1969.0,1038.0,8111,1,0,1,Pedestrian
86,1916.0,992.0,1969.0,1038.0,8112,1,0,1,Pedestrian
86,1914.0,992.0,1969.0,1038.0,8113,1,0,1,Pedestrian
86,1914.0,992.0,1969.0,1038.0,8114,1,0,1,Pedestrian
86,1914.0,992.0,1969.0,1040.0,8115,1,0,1,Pedestrian
86,1914.0,992.0,1969.0,1040.0,8116,1,0,1,Pedestrian
86,1914.0,992.0,1969.0,1040.0,8117,1,0,1,Pedestrian
86,1914.0,992.0,1969.0,1040.0,8118,1,0,1,Pedestrian
86,1914.0,992.0,1969.0,1040.0,8119,1,0,1,Pedestrian
86,1914.0,992.0,1969.0,1040.0,8120,1,0,1,Pedestrian
86,1911.0,992.0,1969.0,1040.0,8121,1,0,1,Pedestrian
86,1911.0,992.0,1969.0,1042.0,8122,1,0,1,Pedestrian
86,1911.0,992.0,1969.0,1042.0,8123,1,0,1,Pedestrian
86,1911.0,992.0,1969.0,1042.0,8124,1,0,1,Pedestrian
86,1911.0,992.0,1969.0,1042.0,8125,1,0,1,Pedestrian
86,1911.0,992.0,1969.0,1042.0,8126,1,0,1,Pedestrian
86,1911.0,992.0,1969.0,1042.0,8127,1,0,1,Pedestrian
86,1911.0,992.0,1969.0,1042.0,8128,1,0,1,Pedestrian
86,1908.0,990.0,1969.0,1045.0,8129,1,0,1,Pedestrian
86,1908.0,990.0,1969.0,1045.0,8130,1,0,1,Pedestrian
86,1908.0,990.0,1969.0,1045.0,8131,1,0,1,Pedestrian
86,1908.0,990.0,1969.0,1045.0,8132,1,0,1,Pedestrian
86,1908.0,990.0,1969.0,1045.0,8133,1,0,1,Pedestrian
86,1908.0,990.0,1969.0,1045.0,8134,1,0,1,Pedestrian
86,1908.0,990.0,1969.0,1045.0,8135,1,0,1,Pedestrian
86,1908.0,990.0,1969.0,1047.0,8136,1,0,1,Pedestrian
86,1905.0,990.0,1969.0,1047.0,8137,1,0,1,Pedestrian
86,1905.0,990.0,1971.0,1047.0,8138,1,0,1,Pedestrian
86,1905.0,990.0,1971.0,1047.0,8139,1,0,1,Pedestrian
86,1905.0,990.0,1971.0,1047.0,8140,1,0,1,Pedestrian
86,1905.0,990.0,1971.0,1047.0,8141,1,0,1,Pedestrian
86,1905.0,990.0,1971.0,1047.0,8142,1,0,1,Pedestrian
86,1905.0,990.0,1971.0,1049.0,8143,1,0,1,Pedestrian
86,1905.0,990.0,1971.0,1049.0,8144,1,0,1,Pedestrian
86,1903.0,990.0,1971.0,1049.0,8145,1,0,1,Pedestrian
86,1903.0,990.0,1971.0,1049.0,8146,1,0,1,Pedestrian
86,1903.0,990.0,1971.0,1049.0,8147,1,0,1,Pedestrian
86,1903.0,990.0,1971.0,1049.0,8148,1,0,1,Pedestrian
86,1903.0,990.0,1971.0,1049.0,8149,1,0,1,Pedestrian
86,1903.0,990.0,1971.0,1049.0,8150,1,0,1,Pedestrian
86,1903.0,990.0,1971.0,1052.0,8151,1,0,1,Pedestrian
86,1903.0,990.0,1971.0,1052.0,8152,1,0,1,Pedestrian
86,1900.0,990.0,1971.0,1052.0,8153,1,0,1,Pedestrian
86,1900.0,990.0,1971.0,1052.0,8154,1,0,1,Pedestrian
86,1900.0,990.0,1971.0,1052.0,8155,1,0,1,Pedestrian
86,1900.0,990.0,1971.0,1052.0,8156,1,0,1,Pedestrian
86,1900.0,990.0,1971.0,1052.0,8157,1,0,1,Pedestrian
86,1900.0,990.0,1971.0,1054.0,8158,1,0,1,Pedestrian
86,1900.0,990.0,1971.0,1054.0,8159,1,0,1,Pedestrian
86,1900.0,990.0,1971.0,1054.0,8160,1,0,1,Pedestrian
86,1897.0,988.0,1971.0,1054.0,8161,1,0,1,Pedestrian
86,1897.0,988.0,1971.0,1054.0,8162,1,0,1,Pedestrian
86,1897.0,988.0,1971.0,1054.0,8163,1,0,1,Pedestrian
86,1897.0,988.0,1971.0,1054.0,8164,1,0,1,Pedestrian
86,1897.0,988.0,1971.0,1056.0,8165,1,0,1,Pedestrian
86,1897.0,988.0,1974.0,1056.0,8166,1,0,1,Pedestrian
86,1897.0,988.0,1974.0,1056.0,8167,1,0,1,Pedestrian
86,1897.0,988.0,1974.0,1056.0,8168,1,0,1,Pedestrian
86,1894.0,988.0,1974.0,1056.0,8169,1,0,1,Pedestrian
86,1894.0,988.0,1974.0,1056.0,8170,1,0,1,Pedestrian
86,1894.0,988.0,1974.0,1056.0,8171,1,0,1,Pedestrian
86,1894.0,988.0,1974.0,1058.0,8172,1,0,1,Pedestrian
86,1894.0,988.0,1974.0,1058.0,8173,1,0,1,Pedestrian
86,1894.0,988.0,1974.0,1058.0,8174,1,0,1,Pedestrian
86,1894.0,988.0,1974.0,1058.0,8175,1,0,1,Pedestrian
86,1894.0,988.0,1974.0,1058.0,8176,1,0,1,Pedestrian
86,1892.0,988.0,1974.0,1058.0,8177,1,0,1,Pedestrian
86,1892.0,988.0,1974.0,1058.0,8178,1,0,1,Pedestrian
86,1892.0,988.0,1974.0,1061.0,8179,1,0,1,Pedestrian
86,1892.0,988.0,1974.0,1061.0,8180,1,0,1,Pedestrian
86,1892.0,988.0,1974.0,1061.0,8181,1,0,1,Pedestrian
86,1892.0,988.0,1974.0,1061.0,8182,1,0,1,Pedestrian
86,1892.0,988.0,1974.0,1061.0,8183,1,0,1,Pedestrian
86,1892.0,988.0,1974.0,1061.0,8184,1,0,1,Pedestrian
86,1889.0,988.0,1974.0,1061.0,8185,1,0,1,Pedestrian
86,1889.0,988.0,1974.0,1063.0,8186,1,0,1,Pedestrian
86,1889.0,988.0,1974.0,1063.0,8187,1,0,1,Pedestrian
86,1889.0,988.0,1974.0,1063.0,8188,1,0,1,Pedestrian
86,1889.0,988.0,1974.0,1063.0,8189,1,0,1,Pedestrian
86,1889.0,988.0,1974.0,1063.0,8190,1,0,1,Pedestrian
86,1889.0,988.0,1974.0,1063.0,8191,1,0,1,Pedestrian
86,1889.0,988.0,1974.0,1063.0,8192,1,0,1,Pedestrian
86,1889.0,988.0,1977.0,1065.0,8193,0,0,0,Pedestrian
86,1889.0,985.0,1977.0,1063.0,8194,0,0,1,Pedestrian
86,1889.0,985.0,1977.0,1061.0,8195,0,0,1,Pedestrian
86,1892.0,983.0,1977.0,1058.0,8196,0,0,1,Pedestrian
86,1892.0,983.0,1977.0,1058.0,8197,0,0,1,Pedestrian
86,1894.0,981.0,1977.0,1056.0,8198,0,0,1,Pedestrian
86,1894.0,981.0,1977.0,1054.0,8199,0,0,1,Pedestrian
86,1894.0,979.0,1977.0,1054.0,8200,0,0,1,Pedestrian
86,1897.0,979.0,1977.0,1052.0,8201,0,0,1,Pedestrian
86,1897.0,976.0,1977.0,1049.0,8202,0,0,1,Pedestrian
86,1900.0,976.0,1977.0,1049.0,8203,0,0,0,Pedestrian
86,1900.0,974.0,1974.0,1049.0,8204,0,0,1,Pedestrian
86,1903.0,974.0,1974.0,1049.0,8205,0,0,1,Pedestrian
86,1903.0,974.0,1974.0,1049.0,8206,0,0,1,Pedestrian
86,1905.0,974.0,1974.0,1049.0,8207,0,0,1,Pedestrian
86,1905.0,974.0,1974.0,1052.0,8208,0,0,1,Pedestrian
86,1908.0,972.0,1974.0,1052.0,8209,0,0,1,Pedestrian
86,1908.0,972.0,1974.0,1052.0,8210,0,0,1,Pedestrian
86,1911.0,972.0,1974.0,1052.0,8211,0,0,1,Pedestrian
86,1911.0,972.0,1974.0,1052.0,8212,0,0,1,Pedestrian
86,1914.0,972.0,1974.0,1054.0,8213,0,0,0,Pedestrian
86,1911.0,972.0,1971.0,1054.0,8214,0,0,1,Pedestrian
86,1908.0,972.0,1969.0,1054.0,8215,0,0,1,Pedestrian
86,1908.0,972.0,1969.0,1054.0,8216,0,0,1,Pedestrian
86,1905.0,972.0,1966.0,1054.0,8217,0,0,1,Pedestrian
86,1905.0,972.0,1966.0,1054.0,8218,0,0,1,Pedestrian
86,1903.0,972.0,1963.0,1054.0,8219,0,0,1,Pedestrian
86,1903.0,972.0,1963.0,1054.0,8220,0,0,1,Pedestrian
86,1900.0,972.0,1960.0,1054.0,8221,0,0,1,Pedestrian
86,1900.0,972.0,1960.0,1054.0,8222,0,0,1,Pedestrian
86,1897.0,972.0,1958.0,1054.0,8223,0,0,1,Pedestrian
86,1897.0,972.0,1958.0,1054.0,8224,0,0,1,Pedestrian
86,1894.0,972.0,1955.0,1054.0,8225,0,0,1,Pedestrian
86,1894.0,972.0,1955.0,1054.0,8226,0,0,1,Pedestrian
86,1892.0,972.0,1952.0,1054.0,8227,0,0,1,Pedestrian
86,1892.0,972.0,1952.0,1054.0,8228,0,0,1,Pedestrian
86,1889.0,974.0,1949.0,1056.0,8229,0,0,1,Pedestrian
86,1889.0,974.0,1949.0,1056.0,8230,0,0,1,Pedestrian
86,1886.0,974.0,1947.0,1056.0,8231,0,0,1,Pedestrian
86,1886.0,974.0,1947.0,1056.0,8232,0,0,1,Pedestrian
86,1883.0,974.0,1944.0,1056.0,8233,0,0,1,Pedestrian
86,1883.0,974.0,1944.0,1056.0,8234,0,0,1,Pedestrian
86,1881.0,974.0,1941.0,1056.0,8235,0,0,1,Pedestrian
86,1881.0,974.0,1941.0,1056.0,8236,0,0,1,Pedestrian
86,1878.0,974.0,1938.0,1056.0,8237,0,0,1,Pedestrian
86,1878.0,974.0,1938.0,1056.0,8238,0,0,1,Pedestrian
86,1875.0,974.0,1936.0,1056.0,8239,0,0,1,Pedestrian
86,1875.0,974.0,1936.0,1056.0,8240,0,0,1,Pedestrian
86,1872.0,974.0,1933.0,1056.0,8241,0,0,1,Pedestrian
86,1872.0,974.0,1933.0,1056.0,8242,0,0,1,Pedestrian
86,1870.0,974.0,1930.0,1056.0,8243,0,0,1,Pedestrian
86,1870.0,974.0,1930.0,1056.0,8244,0,0,1,Pedestrian
86,1867.0,976.0,1927.0,1058.0,8245,0,0,1,Pedestrian
86,1867.0,976.0,1927.0,1058.0,8246,0,0,1,Pedestrian
86,1864.0,976.0,1925.0,1058.0,8247,0,0,1,Pedestrian
86,1864.0,976.0,1925.0,1058.0,8248,0,0,1,Pedestrian
86,1861.0,976.0,1922.0,1058.0,8249,0,0,1,Pedestrian
86,1861.0,976.0,1922.0,1058.0,8250,0,0,1,Pedestrian
86,1859.0,976.0,1919.0,1058.0,8251,0,0,1,Pedestrian
86,1859.0,976.0,1919.0,1058.0,8252,0,0,1,Pedestrian
86,1856.0,976.0,1916.0,1058.0,8253,0,0,1,Pedestrian
86,1856.0,976.0,1916.0,1058.0,8254,0,0,1,Pedestrian
86,1853.0,976.0,1914.0,1058.0,8255,0,0,1,Pedestrian
86,1853.0,976.0,1914.0,1058.0,8256,0,0,1,Pedestrian
86,1850.0,976.0,1911.0,1058.0,8257,0,0,1,Pedestrian
86,1850.0,976.0,1911.0,1058.0,8258,0,0,1,Pedestrian
86,1848.0,976.0,1908.0,1058.0,8259,0,0,1,Pedestrian
86,1848.0,976.0,1908.0,1058.0,8260,0,0,1,Pedestrian
86,1845.0,979.0,1905.0,1061.0,8261,0,0,1,Pedestrian
86,1845.0,979.0,1905.0,1061.0,8262,0,0,1,Pedestrian
86,1842.0,979.0,1903.0,1061.0,8263,0,0,1,Pedestrian
86,1842.0,979.0,1903.0,1061.0,8264,0,0,1,Pedestrian
86,1839.0,979.0,1900.0,1061.0,8265,0,0,1,Pedestrian
86,1839.0,979.0,1900.0,1061.0,8266,0,0,1,Pedestrian
86,1837.0,979.0,1897.0,1061.0,8267,0,0,1,Pedestrian
86,1837.0,979.0,1897.0,1061.0,8268,0,0,1,Pedestrian
86,1834.0,979.0,1894.0,1061.0,8269,0,0,1,Pedestrian
86,1834.0,979.0,1894.0,1061.0,8270,0,0,1,Pedestrian
86,1831.0,979.0,1892.0,1061.0,8271,0,0,1,Pedestrian
86,1831.0,979.0,1892.0,1061.0,8272,0,0,1,Pedestrian
86,1828.0,979.0,1889.0,1061.0,8273,0,0,1,Pedestrian
86,1828.0,979.0,1889.0,1061.0,8274,0,0,1,Pedestrian
86,1826.0,979.0,1886.0,1061.0,8275,0,0,1,Pedestrian
86,1826.0,981.0,1886.0,1063.0,8276,0,0,1,Pedestrian
86,1823.0,981.0,1883.0,1063.0,8277,0,0,1,Pedestrian
86,1820.0,981.0,1881.0,1063.0,8278,0,0,1,Pedestrian
86,1820.0,981.0,1881.0,1063.0,8279,0,0,1,Pedestrian
86,1817.0,981.0,1878.0,1063.0,8280,0,0,1,Pedestrian
86,1817.0,981.0,1878.0,1063.0,8281,0,0,1,Pedestrian
86,1815.0,981.0,1875.0,1063.0,8282,0,0,1,Pedestrian
86,1815.0,981.0,1875.0,1063.0,8283,0,0,1,Pedestrian
86,1812.0,981.0,1872.0,1063.0,8284,0,0,1,Pedestrian
86,1812.0,981.0,1872.0,1063.0,8285,0,0,1,Pedestrian
86,1809.0,981.0,1870.0,1063.0,8286,0,0,1,Pedestrian
86,1809.0,981.0,1870.0,1063.0,8287,0,0,1,Pedestrian
86,1806.0,981.0,1867.0,1063.0,8288,0,0,1,Pedestrian
86,1806.0,981.0,1867.0,1063.0,8289,0,0,1,Pedestrian
86,1804.0,981.0,1864.0,1063.0,8290,0,0,1,Pedestrian
86,1804.0,981.0,1864.0,1063.0,8291,0,0,1,Pedestrian
86,1801.0,983.0,1861.0,1065.0,8292,0,0,1,Pedestrian
86,1801.0,983.0,1861.0,1065.0,8293,0,0,1,Pedestrian
86,1798.0,983.0,1859.0,1065.0,8294,0,0,1,Pedestrian
86,1798.0,983.0,1859.0,1065.0,8295,0,0,1,Pedestrian
86,1795.0,983.0,1856.0,1065.0,8296,0,0,1,Pedestrian
86,1795.0,983.0,1856.0,1065.0,8297,0,0,1,Pedestrian
86,1793.0,983.0,1853.0,1065.0,8298,0,0,1,Pedestrian
86,1793.0,983.0,1853.0,1065.0,8299,0,0,1,Pedestrian
86,1790.0,983.0,1850.0,1065.0,8300,0,0,1,Pedestrian
86,1790.0,983.0,1850.0,1065.0,8301,0,0,1,Pedestrian
86,1787.0,983.0,1848.0,1065.0,8302,0,0,1,Pedestrian
86,1787.0,983.0,1848.0,1065.0,8303,0,0,1,Pedestrian
86,1784.0,983.0,1845.0,1065.0,8304,0,0,1,Pedestrian
86,1784.0,983.0,1845.0,1065.0,8305,0,0,1,Pedestrian
86,1782.0,983.0,1842.0,1065.0,8306,0,0,1,Pedestrian
86,1782.0,983.0,1842.0,1065.0,8307,0,0,1,Pedestrian
86,1779.0,985.0,1839.0,1067.0,8308,0,0,1,Pedestrian
86,1779.0,985.0,1839.0,1067.0,8309,0,0,1,Pedestrian
86,1776.0,985.0,1837.0,1067.0,8310,0,0,1,Pedestrian
86,1776.0,985.0,1837.0,1067.0,8311,0,0,1,Pedestrian
86,1773.0,985.0,1834.0,1067.0,8312,0,0,1,Pedestrian
86,1773.0,985.0,1834.0,1067.0,8313,0,0,1,Pedestrian
86,1771.0,985.0,1831.0,1067.0,8314,0,0,1,Pedestrian
86,1771.0,985.0,1831.0,1067.0,8315,0,0,1,Pedestrian
86,1768.0,985.0,1828.0,1067.0,8316,0,0,1,Pedestrian
86,1768.0,985.0,1828.0,1067.0,8317,0,0,1,Pedestrian
86,1765.0,985.0,1826.0,1067.0,8318,0,0,1,Pedestrian
86,1765.0,985.0,1826.0,1067.0,8319,0,0,1,Pedestrian
86,1762.0,985.0,1823.0,1067.0,8320,0,0,1,Pedestrian
86,1762.0,985.0,1823.0,1067.0,8321,0,0,1,Pedestrian
86,1760.0,985.0,1820.0,1067.0,8322,0,0,1,Pedestrian
86,1760.0,985.0,1820.0,1067.0,8323,0,0,1,Pedestrian
86,1757.0,988.0,1817.0,1070.0,8324,0,0,1,Pedestrian
86,1757.0,988.0,1817.0,1070.0,8325,0,0,1,Pedestrian
86,1754.0,988.0,1815.0,1070.0,8326,0,0,1,Pedestrian
86,1754.0,988.0,1815.0,1070.0,8327,0,0,1,Pedestrian
86,1751.0,988.0,1812.0,1070.0,8328,0,0,1,Pedestrian
86,1751.0,988.0,1812.0,1070.0,8329,0,0,1,Pedestrian
86,1749.0,988.0,1809.0,1070.0,8330,0,0,1,Pedestrian
86,1749.0,988.0,1809.0,1070.0,8331,0,0,1,Pedestrian
86,1746.0,988.0,1806.0,1070.0,8332,0,0,1,Pedestrian
86,1746.0,988.0,1806.0,1070.0,8333,0,0,1,Pedestrian
86,1743.0,988.0,1804.0,1070.0,8334,0,0,1,Pedestrian
86,1743.0,988.0,1804.0,1070.0,8335,0,0,1,Pedestrian
86,1740.0,988.0,1801.0,1070.0,8336,0,0,1,Pedestrian
86,1740.0,988.0,1801.0,1070.0,8337,0,0,1,Pedestrian
86,1738.0,988.0,1798.0,1070.0,8338,0,0,1,Pedestrian
86,1738.0,990.0,1798.0,1072.0,8339,0,0,0,Pedestrian
86,1735.0,990.0,1795.0,1072.0,8340,0,0,1,Pedestrian
86,1735.0,990.0,1795.0,1072.0,8341,0,0,1,Pedestrian
86,1732.0,990.0,1793.0,1072.0,8342,0,0,1,Pedestrian
86,1732.0,990.0,1793.0,1072.0,8343,0,0,1,Pedestrian
86,1729.0,990.0,1790.0,1072.0,8344,0,0,1,Pedestrian
86,1729.0,990.0,1790.0,1072.0,8345,0,0,1,Pedestrian
86,1727.0,990.0,1787.0,1072.0,8346,0,0,1,Pedestrian
86,1727.0,990.0,1787.0,1072.0,8347,0,0,1,Pedestrian
86,1724.0,990.0,1784.0,1072.0,8348,0,0,1,Pedestrian
86,1724.0,990.0,1784.0,1072.0,8349,0,0,1,Pedestrian
86,1721.0,990.0,1782.0,1072.0,8350,0,0,1,Pedestrian
86,1721.0,990.0,1782.0,1072.0,8351,0,0,1,Pedestrian
86,1718.0,990.0,1779.0,1072.0,8352,0,0,1,Pedestrian
86,1718.0,990.0,1779.0,1072.0,8353,0,0,1,Pedestrian
86,1716.0,992.0,1776.0,1074.0,8354,0,0,1,Pedestrian
86,1716.0,992.0,1776.0,1074.0,8355,0,0,1,Pedestrian
86,1713.0,992.0,1773.0,1074.0,8356,0,0,1,Pedestrian
86,1713.0,992.0,1773.0,1074.0,8357,0,0,1,Pedestrian
86,1710.0,992.0,1771.0,1074.0,8358,0,0,1,Pedestrian
86,1710.0,992.0,1771.0,1074.0,8359,0,0,1,Pedestrian
86,1707.0,992.0,1768.0,1074.0,8360,0,0,1,Pedestrian
86,1707.0,992.0,1768.0,1074.0,8361,0,0,1,Pedestrian
86,1705.0,992.0,1765.0,1074.0,8362,0,0,1,Pedestrian
86,1705.0,992.0,1765.0,1074.0,8363,0,0,1,Pedestrian
86,1705.0,992.0,1765.0,1074.0,8364,0,0,1,Pedestrian
86,1702.0,992.0,1762.0,1074.0,8365,0,0,1,Pedestrian
86,1702.0,992.0,1762.0,1074.0,8366,0,0,1,Pedestrian
86,1699.0,992.0,1760.0,1074.0,8367,0,0,1,Pedestrian
86,1699.0,992.0,1760.0,1074.0,8368,0,0,1,Pedestrian
86,1696.0,995.0,1757.0,1077.0,8369,0,0,1,Pedestrian
86,1696.0,995.0,1757.0,1077.0,8370,0,0,1,Pedestrian
86,1694.0,995.0,1754.0,1077.0,8371,0,0,1,Pedestrian
86,1694.0,995.0,1754.0,1077.0,8372,0,0,1,Pedestrian
86,1691.0,995.0,1751.0,1077.0,8373,0,0,1,Pedestrian
86,1691.0,995.0,1751.0,1077.0,8374,0,0,1,Pedestrian
86,1688.0,995.0,1749.0,1077.0,8375,0,0,1,Pedestrian
86,1688.0,995.0,1749.0,1077.0,8376,0,0,1,Pedestrian
86,1685.0,995.0,1746.0,1077.0,8377,0,0,1,Pedestrian
86,1685.0,995.0,1746.0,1077.0,8378,0,0,1,Pedestrian
86,1683.0,995.0,1743.0,1077.0,8379,0,0,1,Pedestrian
86,1683.0,995.0,1743.0,1077.0,8380,0,0,1,Pedestrian
86,1680.0,995.0,1740.0,1077.0,8381,0,0,1,Pedestrian
86,1680.0,995.0,1740.0,1077.0,8382,0,0,1,Pedestrian
86,1677.0,997.0,1738.0,1079.0,8383,0,0,1,Pedestrian
86,1677.0,997.0,1738.0,1079.0,8384,0,0,1,Pedestrian
86,1674.0,997.0,1735.0,1079.0,8385,0,0,1,Pedestrian
86,1674.0,997.0,1735.0,1079.0,8386,0,0,1,Pedestrian
86,1672.0,997.0,1732.0,1079.0,8387,0,0,1,Pedestrian
86,1672.0,997.0,1732.0,1079.0,8388,0,0,1,Pedestrian
86,1672.0,997.0,1732.0,1079.0,8389,0,0,1,Pedestrian
86,1669.0,997.0,1729.0,1079.0,8390,0,0,1,Pedestrian
86,1669.0,997.0,1729.0,1079.0,8391,0,0,1,Pedestrian
86,1666.0,997.0,1727.0,1079.0,8392,0,0,1,Pedestrian
86,1666.0,997.0,1727.0,1079.0,8393,0,0,1,Pedestrian
86,1663.0,997.0,1724.0,1079.0,8394,0,0,1,Pedestrian
86,1663.0,997.0,1724.0,1079.0,8395,0,0,1,Pedestrian
86,1661.0,997.0,1721.0,1079.0,8396,0,0,1,Pedestrian
86,1661.0,997.0,1721.0,1079.0,8397,0,0,1,Pedestrian
86,1658.0,999.0,1718.0,1081.0,8398,0,0,1,Pedestrian
86,1658.0,999.0,1718.0,1081.0,8399,0,0,1,Pedestrian
86,1655.0,999.0,1716.0,1081.0,8400,0,0,1,Pedestrian
86,1655.0,999.0,1716.0,1081.0,8401,0,0,1,Pedestrian
86,1652.0,999.0,1713.0,1081.0,8402,0,0,1,Pedestrian
86,1652.0,999.0,1713.0,1081.0,8403,0,0,1,Pedestrian
86,1650.0,999.0,1710.0,1081.0,8404,0,0,1,Pedestrian
86,1650.0,999.0,1710.0,1081.0,8405,0,0,1,Pedestrian
86,1647.0,999.0,1707.0,1081.0,8406,0,0,1,Pedestrian
86,1647.0,999.0,1707.0,1081.0,8407,0,0,1,Pedestrian
86,1644.0,999.0,1705.0,1081.0,8408,0,0,1,Pedestrian
86,1644.0,999.0,1705.0,1081.0,8409,0,0,1,Pedestrian
86,1641.0,999.0,1702.0,1081.0,8410,0,0,1,Pedestrian
86,1641.0,999.0,1702.0,1081.0,8411,0,0,1,Pedestrian
86,1641.0,1001.0,1702.0,1083.0,8412,0,0,0,Pedestrian
86,1639.0,999.0,1699.0,1081.0,8413,0,0,1,Pedestrian
86,1639.0,999.0,1699.0,1081.0,8414,0,0,1,Pedestrian
86,1636.0,999.0,1696.0,1081.0,8415,0,0,1,Pedestrian
86,1636.0,999.0,1696.0,1079.0,8416,0,0,1,Pedestrian
86,1633.0,997.0,1694.0,1079.0,8417,0,0,1,Pedestrian
86,1633.0,997.0,1694.0,1079.0,8418,0,0,1,Pedestrian
86,1630.0,997.0,1691.0,1079.0,8419,0,0,1,Pedestrian
86,1630.0,997.0,1691.0,1077.0,8420,0,0,1,Pedestrian
86,1628.0,995.0,1688.0,1077.0,8421,0,0,1,Pedestrian
86,1628.0,995.0,1688.0,1077.0,8422,0,0,1,Pedestrian
86,1625.0,995.0,1685.0,1074.0,8423,0,0,1,Pedestrian
86,1625.0,995.0,1685.0,1074.0,8424,0,0,1,Pedestrian
86,1622.0,992.0,1683.0,1074.0,8425,0,0,1,Pedestrian
86,1622.0,992.0,1683.0,1074.0,8426,0,0,1,Pedestrian
86,1619.0,992.0,1680.0,1072.0,8427,0,0,1,Pedestrian
86,1619.0,992.0,1680.0,1072.0,8428,0,0,1,Pedestrian
86,1619.0,992.0,1677.0,1072.0,8429,0,0,1,Pedestrian
86,1617.0,990.0,1677.0,1072.0,8430,0,0,1,Pedestrian
86,1617.0,990.0,1674.0,1070.0,8431,0,0,1,Pedestrian
86,1614.0,990.0,1674.0,1070.0,8432,0,0,1,Pedestrian
86,1614.0,990.0,1672.0,1070.0,8433,0,0,1,Pedestrian
86,1611.0,988.0,1672.0,1067.0,8434,0,0,1,Pedestrian
86,1611.0,988.0,1669.0,1067.0,8435,0,0,1,Pedestrian
86,1608.0,988.0,1669.0,1067.0,8436,0,0,1,Pedestrian
86,1608.0,988.0,1666.0,1067.0,8437,0,0,1,Pedestrian
86,1606.0,985.0,1666.0,1065.0,8438,0,0,1,Pedestrian
86,1606.0,985.0,1663.0,1065.0,8439,0,0,1,Pedestrian
86,1603.0,985.0,1663.0,1065.0,8440,0,0,1,Pedestrian
86,1603.0,985.0,1661.0,1063.0,8441,0,0,1,Pedestrian
86,1600.0,983.0,1661.0,1063.0,8442,0,0,1,Pedestrian
86,1600.0,983.0,1658.0,1063.0,8443,0,0,1,Pedestrian
86,1600.0,983.0,1658.0,1063.0,8444,0,0,1,Pedestrian
86,1597.0,983.0,1655.0,1061.0,8445,0,0,1,Pedestrian
86,1597.0,983.0,1655.0,1061.0,8446,0,0,1,Pedestrian
86,1595.0,981.0,1652.0,1061.0,8447,0,0,1,Pedestrian
86,1595.0,981.0,1652.0,1061.0,8448,0,0,1,Pedestrian
86,1592.0,981.0,1650.0,1058.0,8449,0,0,1,Pedestrian
86,1592.0,981.0,1650.0,1058.0,8450,0,0,1,Pedestrian
86,1589.0,979.0,1647.0,1058.0,8451,0,0,1,Pedestrian
86,1589.0,979.0,1647.0,1056.0,8452,0,0,1,Pedestrian
86,1586.0,979.0,1644.0,1056.0,8453,0,0,1,Pedestrian
86,1586.0,979.0,1644.0,1056.0,8454,0,0,1,Pedestrian
86,1584.0,976.0,1641.0,1056.0,8455,0,0,1,Pedestrian
86,1584.0,976.0,1641.0,1054.0,8456,0,0,1,Pedestrian
86,1581.0,976.0,1639.0,1054.0,8457,0,0,1,Pedestrian
86,1581.0,976.0,1639.0,1054.0,8458,0,0,1,Pedestrian
86,1581.0,976.0,1639.0,1054.0,8459,0,0,0,Pedestrian
86,1578.0,974.0,1636.0,1052.0,8460,0,0,1,Pedestrian
86,1575.0,974.0,1633.0,1052.0,8461,0,0,1,Pedestrian
86,1575.0,972.0,1633.0,1049.0,8462,0,0,1,Pedestrian
86,1573.0,972.0,1630.0,1049.0,8463,0,0,1,Pedestrian
86,1573.0,972.0,1630.0,1049.0,8464,0,0,1,Pedestrian
86,1570.0,970.0,1628.0,1047.0,8465,0,0,1,Pedestrian
86,1570.0,970.0,1628.0,1047.0,8466,0,0,1,Pedestrian
86,1567.0,967.0,1625.0,1045.0,8467,0,0,1,Pedestrian
86,1567.0,967.0,1625.0,1045.0,8468,0,0,1,Pedestrian
86,1564.0,967.0,1622.0,1045.0,8469,0,0,1,Pedestrian
86,1564.0,965.0,1622.0,1042.0,8470,0,0,1,Pedestrian
86,1562.0,965.0,1619.0,1042.0,8471,0,0,1,Pedestrian
86,1562.0,963.0,1619.0,1040.0,8472,0,0,1,Pedestrian
86,1559.0,963.0,1617.0,1040.0,8473,0,0,1,Pedestrian
86,1556.0,963.0,1614.0,1040.0,8474,0,0,1,Pedestrian
86,1556.0,960.0,1614.0,1038.0,8475,0,0,1,Pedestrian
86,1553.0,960.0,1611.0,1038.0,8476,0,0,1,Pedestrian
86,1553.0,958.0,1611.0,1036.0,8477,0,0,1,Pedestrian
86,1551.0,958.0,1608.0,1036.0,8478,0,0,1,Pedestrian
86,1551.0,958.0,1608.0,1036.0,8479,0,0,1,Pedestrian
86,1548.0,956.0,1606.0,1033.0,8480,0,0,1,Pedestrian
86,1548.0,956.0,1606.0,1033.0,8481,0,0,1,Pedestrian
86,1545.0,956.0,1603.0,1033.0,8482,0,0,1,Pedestrian
86,1545.0,954.0,1603.0,1031.0,8483,0,0,1,Pedestrian
86,1542.0,954.0,1600.0,1031.0,8484,0,0,1,Pedestrian
86,1542.0,951.0,1600.0,1029.0,8485,0,0,1,Pedestrian
86,1540.0,951.0,1597.0,1029.0,8486,0,0,1,Pedestrian
86,1537.0,951.0,1595.0,1029.0,8487,0,0,1,Pedestrian
86,1537.0,949.0,1595.0,1026.0,8488,0,0,1,Pedestrian
86,1534.0,949.0,1592.0,1026.0,8489,0,0,1,Pedestrian
86,1534.0,947.0,1592.0,1024.0,8490,0,0,1,Pedestrian
86,1531.0,947.0,1589.0,1024.0,8491,0,0,1,Pedestrian
86,1531.0,947.0,1589.0,1024.0,8492,0,0,1,Pedestrian
86,1529.0,944.0,1586.0,1022.0,8493,0,0,1,Pedestrian
86,1529.0,944.0,1586.0,1022.0,8494,0,0,1,Pedestrian
86,1526.0,942.0,1584.0,1020.0,8495,0,0,1,Pedestrian
86,1526.0,942.0,1584.0,1020.0,8496,0,0,1,Pedestrian
86,1523.0,942.0,1581.0,1020.0,8497,0,0,1,Pedestrian
86,1523.0,940.0,1581.0,1017.0,8498,0,0,1,Pedestrian
86,1520.0,940.0,1578.0,1017.0,8499,0,0,1,Pedestrian
86,1520.0,940.0,1578.0,1017.0,8500,0,0,0,Pedestrian
86,1518.0,938.0,1575.0,1015.0,8501,0,0,1,Pedestrian
86,1515.0,938.0,1575.0,1015.0,8502,0,0,1,Pedestrian
86,1515.0,938.0,1573.0,1015.0,8503,0,0,1,Pedestrian
86,1512.0,938.0,1573.0,1015.0,8504,0,0,1,Pedestrian
86,1512.0,938.0,1570.0,1013.0,8505,0,0,1,Pedestrian
86,1509.0,935.0,1570.0,1013.0,8506,0,0,1,Pedestrian
86,1509.0,935.0,1567.0,1013.0,8507,0,0,1,Pedestrian
86,1507.0,935.0,1567.0,1013.0,8508,0,0,1,Pedestrian
86,1507.0,935.0,1564.0,1011.0,8509,0,0,1,Pedestrian
86,1504.0,935.0,1564.0,1011.0,8510,0,0,1,Pedestrian
86,1504.0,935.0,1562.0,1011.0,8511,0,0,1,Pedestrian
86,1501.0,933.0,1562.0,1011.0,8512,0,0,1,Pedestrian
86,1498.0,933.0,1559.0,1008.0,8513,0,0,1,Pedestrian
86,1498.0,933.0,1559.0,1008.0,8514,0,0,1,Pedestrian
86,1496.0,933.0,1556.0,1008.0,8515,0,0,1,Pedestrian
86,1496.0,933.0,1556.0,1008.0,8516,0,0,1,Pedestrian
86,1493.0,931.0,1553.0,1006.0,8517,0,0,1,Pedestrian
86,1493.0,931.0,1553.0,1006.0,8518,0,0,1,Pedestrian
86,1490.0,931.0,1551.0,1006.0,8519,0,0,1,Pedestrian
86,1490.0,931.0,1551.0,1006.0,8520,0,0,1,Pedestrian
86,1487.0,931.0,1548.0,1004.0,8521,0,0,1,Pedestrian
86,1487.0,931.0,1548.0,1004.0,8522,0,0,1,Pedestrian
86,1485.0,929.0,1545.0,1004.0,8523,0,0,1,Pedestrian
86,1485.0,929.0,1545.0,1004.0,8524,0,0,1,Pedestrian
86,1482.0,929.0,1545.0,1004.0,8525,0,0,1,Pedestrian
86,1479.0,929.0,1542.0,1001.0,8526,0,0,1,Pedestrian
86,1479.0,929.0,1542.0,1001.0,8527,0,0,1,Pedestrian
86,1476.0,926.0,1540.0,1001.0,8528,0,0,1,Pedestrian
86,1476.0,926.0,1540.0,1001.0,8529,0,0,1,Pedestrian
86,1474.0,926.0,1537.0,999.0,8530,0,0,1,Pedestrian
86,1474.0,926.0,1537.0,999.0,8531,0,0,1,Pedestrian
86,1471.0,926.0,1534.0,999.0,8532,0,0,1,Pedestrian
86,1471.0,926.0,1534.0,999.0,8533,0,0,1,Pedestrian
86,1468.0,924.0,1531.0,997.0,8534,0,0,1,Pedestrian
86,1468.0,924.0,1531.0,997.0,8535,0,0,1,Pedestrian
86,1465.0,924.0,1529.0,997.0,8536,0,0,1,Pedestrian
86,1465.0,924.0,1529.0,997.0,8537,0,0,1,Pedestrian
86,1463.0,924.0,1526.0,995.0,8538,0,0,1,Pedestrian
86,1460.0,922.0,1526.0,995.0,8539,0,0,1,Pedestrian
86,1460.0,922.0,1523.0,995.0,8540,0,0,1,Pedestrian
86,1457.0,922.0,1523.0,995.0,8541,0,0,1,Pedestrian
86,1457.0,922.0,1520.0,992.0,8542,0,0,1,Pedestrian
86,1454.0,922.0,1520.0,992.0,8543,0,0,1,Pedestrian
86,1454.0,922.0,1518.0,992.0,8544,0,0,1,Pedestrian
86,1452.0,919.0,1518.0,992.0,8545,0,0,1,Pedestrian
86,1452.0,919.0,1515.0,990.0,8546,0,0,1,Pedestrian
86,1449.0,919.0,1515.0,990.0,8547,0,0,1,Pedestrian
86,1449.0,919.0,1512.0,990.0,8548,0,0,1,Pedestrian
86,1446.0,919.0,1512.0,990.0,8549,0,0,1,Pedestrian
86,1446.0,919.0,1512.0,990.0,8550,0,0,0,Pedestrian
86,1443.0,917.0,1509.0,988.0,8551,0,0,1,Pedestrian
86,1443.0,917.0,1509.0,988.0,8552,0,0,1,Pedestrian
86,1441.0,915.0,1507.0,985.0,8553,0,0,1,Pedestrian
86,1441.0,915.0,1507.0,985.0,8554,0,0,1,Pedestrian
86,1438.0,913.0,1504.0,983.0,8555,0,0,1,Pedestrian
86,1438.0,913.0,1504.0,983.0,8556,0,0,1,Pedestrian
86,1435.0,910.0,1501.0,981.0,8557,0,0,1,Pedestrian
86,1435.0,910.0,1501.0,981.0,8558,0,0,1,Pedestrian
86,1432.0,908.0,1498.0,979.0,8559,0,0,1,Pedestrian
86,1432.0,908.0,1498.0,979.0,8560,0,0,1,Pedestrian
86,1430.0,908.0,1496.0,979.0,8561,0,0,1,Pedestrian
86,1430.0,906.0,1496.0,976.0,8562,0,0,1,Pedestrian
86,1427.0,906.0,1493.0,976.0,8563,0,0,1,Pedestrian
86,1427.0,904.0,1493.0,974.0,8564,0,0,1,Pedestrian
86,1424.0,904.0,1490.0,974.0,8565,0,0,1,Pedestrian
86,1424.0,901.0,1490.0,972.0,8566,0,0,1,Pedestrian
86,1421.0,901.0,1487.0,972.0,8567,0,0,1,Pedestrian
86,1421.0,899.0,1487.0,970.0,8568,0,0,1,Pedestrian
86,1419.0,899.0,1485.0,970.0,8569,0,0,1,Pedestrian
86,1419.0,899.0,1485.0,970.0,8570,0,0,1,Pedestrian
86,1419.0,897.0,1485.0,967.0,8571,0,0,1,Pedestrian
86,1416.0,897.0,1482.0,967.0,8572,0,0,1,Pedestrian
86,1416.0,894.0,1482.0,965.0,8573,0,0,1,Pedestrian
86,1413.0,894.0,1479.0,965.0,8574,0,0,1,Pedestrian
86,1413.0,892.0,1479.0,963.0,8575,0,0,1,Pedestrian
86,1410.0,892.0,1476.0,963.0,8576,0,0,1,Pedestrian
86,1410.0,890.0,1476.0,960.0,8577,0,0,1,Pedestrian
86,1408.0,890.0,1474.0,960.0,8578,0,0,1,Pedestrian
86,1408.0,888.0,1474.0,958.0,8579,0,0,1,Pedestrian
86,1405.0,888.0,1471.0,958.0,8580,0,0,1,Pedestrian
86,1405.0,888.0,1471.0,958.0,8581,0,0,1,Pedestrian
86,1402.0,885.0,1468.0,956.0,8582,0,0,1,Pedestrian
86,1402.0,885.0,1468.0,956.0,8583,0,0,1,Pedestrian
86,1399.0,883.0,1465.0,954.0,8584,0,0,1,Pedestrian
86,1399.0,883.0,1465.0,954.0,8585,0,0,1,Pedestrian
86,1397.0,881.0,1463.0,951.0,8586,0,0,1,Pedestrian
86,1397.0,881.0,1463.0,951.0,8587,0,0,1,Pedestrian
86,1394.0,878.0,1460.0,949.0,8588,0,0,1,Pedestrian
86,1394.0,878.0,1460.0,949.0,8589,0,0,1,Pedestrian
86,1394.0,878.0,1460.0,949.0,8590,0,0,0,Pedestrian
86,1391.0,876.0,1457.0,947.0,8591,0,0,1,Pedestrian
86,1388.0,876.0,1454.0,947.0,8592,0,0,1,Pedestrian
86,1386.0,876.0,1454.0,947.0,8593,0,0,1,Pedestrian
86,1386.0,876.0,1452.0,947.0,8594,0,0,1,Pedestrian
86,1383.0,876.0,1452.0,947.0,8595,0,0,1,Pedestrian
86,1380.0,876.0,1449.0,944.0,8596,0,0,1,Pedestrian
86,1377.0,874.0,1449.0,944.0,8597,0,0,1,Pedestrian
86,1377.0,874.0,1446.0,944.0,8598,0,0,1,Pedestrian
86,1375.0,874.0,1446.0,944.0,8599,0,0,1,Pedestrian
86,1372.0,874.0,1443.0,944.0,8600,0,0,1,Pedestrian
86,1369.0,874.0,1441.0,942.0,8601,0,0,1,Pedestrian
86,1369.0,874.0,1441.0,942.0,8602,0,0,1,Pedestrian
86,1366.0,874.0,1438.0,942.0,8603,0,0,1,Pedestrian
86,1364.0,872.0,1438.0,942.0,8604,0,0,1,Pedestrian
86,1361.0,872.0,1435.0,942.0,8605,0,0,1,Pedestrian
86,1361.0,872.0,1435.0,940.0,8606,0,0,1,Pedestrian
86,1358.0,872.0,1432.0,940.0,8607,0,0,1,Pedestrian
86,1355.0,872.0,1432.0,940.0,8608,0,0,1,Pedestrian
86,1353.0,872.0,1430.0,940.0,8609,0,0,1,Pedestrian
86,1353.0,872.0,1430.0,940.0,8610,0,0,0,Pedestrian
86,1350.0,869.0,1427.0,938.0,8611,0,0,1,Pedestrian
86,1350.0,869.0,1427.0,938.0,8612,0,0,1,Pedestrian
86,1347.0,869.0,1424.0,938.0,8613,0,0,1,Pedestrian
86,1347.0,869.0,1424.0,938.0,8614,0,0,1,Pedestrian
86,1347.0,869.0,1424.0,938.0,8615,0,0,1,Pedestrian
86,1344.0,869.0,1421.0,938.0,8616,0,0,1,Pedestrian
86,1344.0,869.0,1421.0,938.0,8617,0,0,1,Pedestrian
86,1344.0,869.0,1421.0,938.0,8618,0,0,1,Pedestrian
86,1342.0,869.0,1419.0,938.0,8619,0,0,1,Pedestrian
86,1342.0,869.0,1419.0,938.0,8620,0,0,1,Pedestrian
86,1339.0,867.0,1416.0,935.0,8621,0,0,1,Pedestrian
86,1339.0,867.0,1416.0,935.0,8622,0,0,1,Pedestrian
86,1339.0,867.0,1416.0,935.0,8623,0,0,1,Pedestrian
86,1336.0,867.0,1413.0,935.0,8624,0,0,1,Pedestrian
86,1336.0,867.0,1413.0,935.0,8625,0,0,1,Pedestrian
86,1336.0,867.0,1413.0,935.0,8626,0,0,1,Pedestrian
86,1333.0,867.0,1410.0,935.0,8627,0,0,1,Pedestrian
86,1333.0,867.0,1410.0,935.0,8628,0,0,1,Pedestrian
86,1333.0,867.0,1410.0,935.0,8629,0,0,1,Pedestrian
86,1331.0,867.0,1408.0,935.0,8630,0,0,1,Pedestrian
86,1331.0,865.0,1408.0,933.0,8631,0,0,1,Pedestrian
86,1328.0,865.0,1405.0,933.0,8632,0,0,1,Pedestrian
86,1328.0,865.0,1405.0,933.0,8633,0,0,1,Pedestrian
86,1328.0,865.0,1405.0,933.0,8634,0,0,1,Pedestrian
86,1325.0,865.0,1402.0,933.0,8635,0,0,1,Pedestrian
86,1325.0,865.0,1402.0,933.0,8636,0,0,1,Pedestrian
86,1325.0,865.0,1402.0,933.0,8637,0,0,1,Pedestrian
86,1322.0,865.0,1399.0,933.0,8638,0,0,1,Pedestrian
86,1322.0,865.0,1399.0,933.0,8639,0,0,1,Pedestrian
86,1322.0,865.0,1399.0,933.0,8640,0,0,0,Pedestrian
86,1320.0,863.0,1397.0,931.0,8641,0,0,1,Pedestrian
86,1317.0,863.0,1394.0,931.0,8642,0,0,1,Pedestrian
86,1314.0,860.0,1391.0,929.0,8643,0,0,1,Pedestrian
86,1311.0,860.0,1388.0,929.0,8644,0,0,1,Pedestrian
86,1309.0,858.0,1386.0,926.0,8645,0,0,1,Pedestrian
86,1306.0,858.0,1383.0,926.0,8646,0,0,1,Pedestrian
86,1303.0,856.0,1380.0,924.0,8647,0,0,1,Pedestrian
86,1300.0,856.0,1377.0,924.0,8648,0,0,1,Pedestrian
86,1298.0,853.0,1375.0,922.0,8649,0,0,1,Pedestrian
86,1298.0,853.0,1375.0,922.0,8650,0,0,0,Pedestrian
86,1295.0,851.0,1372.0,919.0,8651,0,0,1,Pedestrian
86,1295.0,851.0,1372.0,919.0,8652,0,0,1,Pedestrian
86,1292.0,851.0,1369.0,919.0,8653,0,0,1,Pedestrian
86,1292.0,849.0,1369.0,917.0,8654,0,0,1,Pedestrian
86,1289.0,849.0,1366.0,917.0,8655,0,0,1,Pedestrian
86,1289.0,849.0,1366.0,917.0,8656,0,0,1,Pedestrian
86,1287.0,847.0,1364.0,915.0,8657,0,0,1,Pedestrian
86,1287.0,847.0,1364.0,915.0,8658,0,0,1,Pedestrian
86,1284.0,847.0,1361.0,915.0,8659,0,0,1,Pedestrian
86,1284.0,847.0,1361.0,915.0,8660,0,0,1,Pedestrian
86,1284.0,844.0,1361.0,913.0,8661,0,0,1,Pedestrian
86,1281.0,844.0,1358.0,913.0,8662,0,0,1,Pedestrian
86,1281.0,844.0,1358.0,913.0,8663,0,0,1,Pedestrian
86,1278.0,842.0,1355.0,910.0,8664,0,0,1,Pedestrian
86,1278.0,842.0,1355.0,910.0,8665,0,0,1,Pedestrian
86,1276.0,842.0,1353.0,910.0,8666,0,0,1,Pedestrian
86,1276.0,840.0,1353.0,908.0,8667,0,0,1,Pedestrian
86,1273.0,840.0,1350.0,908.0,8668,0,0,1,Pedestrian
86,1273.0,840.0,1350.0,908.0,8669,0,0,1,Pedestrian
86,1273.0,840.0,1350.0,908.0,8670,0,0,0,Pedestrian
86,1270.0,837.0,1347.0,906.0,8671,0,0,1,Pedestrian
86,1267.0,837.0,1344.0,906.0,8672,0,0,1,Pedestrian
86,1267.0,837.0,1344.0,906.0,8673,0,0,1,Pedestrian
86,1265.0,837.0,1342.0,906.0,8674,0,0,1,Pedestrian
86,1265.0,837.0,1342.0,906.0,8675,0,0,1,Pedestrian
86,1262.0,837.0,1339.0,906.0,8676,0,0,1,Pedestrian
86,1262.0,835.0,1339.0,904.0,8677,0,0,1,Pedestrian
86,1259.0,835.0,1336.0,904.0,8678,0,0,1,Pedestrian
86,1259.0,835.0,1336.0,904.0,8679,0,0,1,Pedestrian
86,1256.0,835.0,1333.0,904.0,8680,0,0,1,Pedestrian
86,1256.0,835.0,1333.0,904.0,8681,0,0,1,Pedestrian
86,1254.0,835.0,1331.0,904.0,8682,0,0,1,Pedestrian
86,1254.0,835.0,1331.0,904.0,8683,0,0,1,Pedestrian
86,1251.0,833.0,1328.0,901.0,8684,0,0,1,Pedestrian
86,1251.0,833.0,1328.0,901.0,8685,0,0,1,Pedestrian
86,1248.0,833.0,1325.0,901.0,8686,0,0,1,Pedestrian
86,1248.0,833.0,1325.0,901.0,8687,0,0,1,Pedestrian
86,1245.0,833.0,1322.0,901.0,8688,0,0,1,Pedestrian
86,1245.0,833.0,1322.0,901.0,8689,0,0,1,Pedestrian
86,1243.0,833.0,1320.0,901.0,8690,0,0,1,Pedestrian
86,1240.0,831.0,1317.0,899.0,8691,0,0,1,Pedestrian
86,1240.0,831.0,1317.0,899.0,8692,0,0,1,Pedestrian
86,1237.0,831.0,1314.0,899.0,8693,0,0,1,Pedestrian
86,1237.0,831.0,1314.0,899.0,8694,0,0,1,Pedestrian
86,1234.0,831.0,1311.0,899.0,8695,0,0,1,Pedestrian
86,1234.0,831.0,1311.0,899.0,8696,0,0,1,Pedestrian
86,1232.0,828.0,1309.0,897.0,8697,0,0,1,Pedestrian
86,1232.0,828.0,1309.0,897.0,8698,0,0,1,Pedestrian
86,1229.0,828.0,1306.0,897.0,8699,0,0,1,Pedestrian
86,1229.0,828.0,1306.0,897.0,8700,0,0,1,Pedestrian
86,1226.0,828.0,1303.0,897.0,8701,0,0,1,Pedestrian
86,1226.0,828.0,1303.0,897.0,8702,0,0,1,Pedestrian
86,1223.0,828.0,1300.0,897.0,8703,0,0,1,Pedestrian
86,1223.0,826.0,1300.0,894.0,8704,0,0,1,Pedestrian
86,1221.0,826.0,1298.0,894.0,8705,0,0,1,Pedestrian
86,1221.0,826.0,1298.0,894.0,8706,0,0,1,Pedestrian
86,1218.0,826.0,1295.0,894.0,8707,0,0,1,Pedestrian
86,1218.0,826.0,1295.0,894.0,8708,0,0,1,Pedestrian
86,1215.0,826.0,1292.0,894.0,8709,0,0,1,Pedestrian
86,1215.0,826.0,1292.0,894.0,8710,0,0,0,Pedestrian
86,1210.0,826.0,1287.0,894.0,8711,0,0,1,Pedestrian
86,1207.0,826.0,1284.0,894.0,8712,0,0,1,Pedestrian
86,1204.0,826.0,1281.0,894.0,8713,0,0,1,Pedestrian
86,1199.0,826.0,1276.0,894.0,8714,0,0,1,Pedestrian
86,1196.0,828.0,1273.0,897.0,8715,0,0,1,Pedestrian
86,1193.0,828.0,1270.0,897.0,8716,0,0,1,Pedestrian
86,1188.0,828.0,1265.0,897.0,8717,0,0,1,Pedestrian
86,1185.0,828.0,1262.0,897.0,8718,0,0,1,Pedestrian
86,1182.0,828.0,1259.0,897.0,8719,0,0,1,Pedestrian
86,1179.0,831.0,1256.0,899.0,8720,0,0,0,Pedestrian
86,1177.0,828.0,1254.0,897.0,8721,0,0,1,Pedestrian
86,1177.0,828.0,1254.0,897.0,8722,0,0,1,Pedestrian
86,1174.0,828.0,1251.0,897.0,8723,0,0,1,Pedestrian
86,1174.0,826.0,1251.0,894.0,8724,0,0,1,Pedestrian
86,1174.0,826.0,1251.0,894.0,8725,0,0,1,Pedestrian
86,1171.0,826.0,1248.0,894.0,8726,0,0,1,Pedestrian
86,1171.0,824.0,1248.0,892.0,8727,0,0,1,Pedestrian
86,1168.0,824.0,1245.0,892.0,8728,0,0,1,Pedestrian
86,1168.0,824.0,1245.0,892.0,8729,0,0,1,Pedestrian
86,1168.0,824.0,1245.0,892.0,8730,0,0,0,Pedestrian
86,1166.0,824.0,1243.0,892.0,8731,0,0,1,Pedestrian
86,1166.0,824.0,1243.0,892.0,8732,0,0,1,Pedestrian
86,1163.0,824.0,1240.0,892.0,8733,0,0,1,Pedestrian
86,1163.0,824.0,1240.0,892.0,8734,0,0,1,Pedestrian
86,1160.0,824.0,1237.0,892.0,8735,0,0,1,Pedestrian
86,1160.0,824.0,1237.0,892.0,8736,0,0,0,Pedestrian
86,1157.0,822.0,1234.0,890.0,8737,0,0,1,Pedestrian
86,1157.0,822.0,1234.0,890.0,8738,0,0,1,Pedestrian
86,1155.0,822.0,1232.0,890.0,8739,0,0,1,Pedestrian
86,1155.0,822.0,1232.0,890.0,8740,0,0,1,Pedestrian
86,1155.0,822.0,1232.0,890.0,8741,0,0,1,Pedestrian
86,1152.0,819.0,1229.0,888.0,8742,0,0,1,Pedestrian
86,1152.0,819.0,1229.0,888.0,8743,0,0,1,Pedestrian
86,1149.0,819.0,1226.0,888.0,8744,0,0,1,Pedestrian
86,1149.0,819.0,1226.0,888.0,8745,0,0,1,Pedestrian
86,1149.0,819.0,1226.0,888.0,8746,0,0,1,Pedestrian
86,1146.0,817.0,1223.0,885.0,8747,0,0,1,Pedestrian
86,1146.0,817.0,1223.0,885.0,8748,0,0,1,Pedestrian
86,1144.0,817.0,1221.0,885.0,8749,0,0,1,Pedestrian
86,1144.0,817.0,1221.0,885.0,8750,0,0,1,Pedestrian
86,1144.0,817.0,1221.0,885.0,8751,0,0,1,Pedestrian
86,1141.0,815.0,1218.0,883.0,8752,0,0,1,Pedestrian
86,1141.0,815.0,1218.0,883.0,8753,0,0,1,Pedestrian
86,1138.0,815.0,1215.0,883.0,8754,0,0,1,Pedestrian
86,1138.0,815.0,1215.0,883.0,8755,0,0,1,Pedestrian
86,1138.0,815.0,1215.0,883.0,8756,0,0,0,Pedestrian
86,1135.0,812.0,1212.0,881.0,8757,0,0,1,Pedestrian
86,1133.0,812.0,1210.0,881.0,8758,0,0,1,Pedestrian
86,1133.0,812.0,1210.0,881.0,8759,0,0,1,Pedestrian
86,1130.0,812.0,1207.0,881.0,8760,0,0,1,Pedestrian
86,1130.0,812.0,1207.0,881.0,8761,0,0,1,Pedestrian
86,1127.0,812.0,1204.0,881.0,8762,0,0,1,Pedestrian
86,1124.0,812.0,1201.0,881.0,8763,0,0,1,Pedestrian
86,1124.0,812.0,1201.0,881.0,8764,0,0,1,Pedestrian
86,1122.0,812.0,1199.0,881.0,8765,0,0,1,Pedestrian
86,1122.0,812.0,1199.0,881.0,8766,0,0,1,Pedestrian
86,1119.0,810.0,1196.0,878.0,8767,0,0,1,Pedestrian
86,1119.0,810.0,1196.0,878.0,8768,0,0,1,Pedestrian
86,1116.0,810.0,1193.0,878.0,8769,0,0,1,Pedestrian
86,1113.0,810.0,1190.0,878.0,8770,0,0,1,Pedestrian
86,1113.0,810.0,1190.0,878.0,8771,0,0,1,Pedestrian
86,1111.0,810.0,1188.0,878.0,8772,0,0,1,Pedestrian
86,1111.0,810.0,1188.0,878.0,8773,0,0,1,Pedestrian
86,1108.0,810.0,1185.0,878.0,8774,0,0,1,Pedestrian
86,1105.0,810.0,1182.0,878.0,8775,0,0,1,Pedestrian
86,1105.0,810.0,1182.0,878.0,8776,0,0,1,Pedestrian
86,1102.0,808.0,1179.0,876.0,8777,0,0,1,Pedestrian
86,1102.0,808.0,1179.0,876.0,8778,0,0,1,Pedestrian
86,1100.0,808.0,1177.0,876.0,8779,0,0,1,Pedestrian
86,1100.0,808.0,1177.0,876.0,8780,0,0,1,Pedestrian
86,1097.0,808.0,1174.0,876.0,8781,0,0,1,Pedestrian
86,1094.0,808.0,1171.0,876.0,8782,0,0,1,Pedestrian
86,1094.0,808.0,1171.0,876.0,8783,0,0,1,Pedestrian
86,1091.0,808.0,1168.0,876.0,8784,0,0,1,Pedestrian
86,1091.0,808.0,1168.0,876.0,8785,0,0,1,Pedestrian
86,1089.0,808.0,1166.0,876.0,8786,0,0,1,Pedestrian
86,1089.0,806.0,1166.0,874.0,8787,0,0,1,Pedestrian
86,1086.0,806.0,1163.0,874.0,8788,0,0,1,Pedestrian
86,1083.0,806.0,1160.0,874.0,8789,0,0,1,Pedestrian
86,1083.0,806.0,1160.0,874.0,8790,0,0,1,Pedestrian
86,1080.0,806.0,1157.0,874.0,8791,0,0,1,Pedestrian
86,1080.0,806.0,1157.0,874.0,8792,0,0,1,Pedestrian
86,1078.0,806.0,1155.0,874.0,8793,0,0,1,Pedestrian
86,1075.0,806.0,1152.0,874.0,8794,0,0,1,Pedestrian
86,1075.0,806.0,1152.0,874.0,8795,0,0,1,Pedestrian
86,1072.0,806.0,1149.0,874.0,8796,0,0,1,Pedestrian
86,1072.0,803.0,1149.0,872.0,8797,0,0,1,Pedestrian
86,1069.0,803.0,1146.0,872.0,8798,0,0,1,Pedestrian
86,1069.0,803.0,1146.0,872.0,8799,0,0,1,Pedestrian
86,1067.0,803.0,1144.0,872.0,8800,0,0,1,Pedestrian
86,1064.0,803.0,1141.0,872.0,8801,0,0,1,Pedestrian
86,1064.0,803.0,1141.0,872.0,8802,0,0,1,Pedestrian
86,1061.0,803.0,1138.0,872.0,8803,0,0,1,Pedestrian
86,1061.0,803.0,1138.0,872.0,8804,0,0,1,Pedestrian
86,1058.0,803.0,1135.0,872.0,8805,0,0,1,Pedestrian
86,1058.0,803.0,1135.0,872.0,8806,0,0,0,Pedestrian
86,1056.0,801.0,1133.0,869.0,8807,0,0,1,Pedestrian
86,1056.0,801.0,1133.0,869.0,8808,0,0,1,Pedestrian
86,1053.0,801.0,1130.0,869.0,8809,0,0,1,Pedestrian
86,1053.0,801.0,1130.0,869.0,8810,0,0,1,Pedestrian
86,1050.0,801.0,1127.0,869.0,8811,0,0,1,Pedestrian
86,1050.0,801.0,1127.0,869.0,8812,0,0,1,Pedestrian
86,1047.0,799.0,1124.0,867.0,8813,0,0,1,Pedestrian
86,1047.0,799.0,1124.0,867.0,8814,0,0,1,Pedestrian
86,1045.0,799.0,1122.0,867.0,8815,0,0,1,Pedestrian
86,1045.0,799.0,1122.0,867.0,8816,0,0,1,Pedestrian
86,1042.0,799.0,1119.0,867.0,8817,0,0,1,Pedestrian
86,1042.0,799.0,1119.0,867.0,8818,0,0,1,Pedestrian
86,1039.0,796.0,1116.0,865.0,8819,0,0,1,Pedestrian
86,1039.0,796.0,1116.0,865.0,8820,0,0,1,Pedestrian
86,1036.0,796.0,1113.0,865.0,8821,0,0,1,Pedestrian
86,1036.0,796.0,1113.0,865.0,8822,0,0,1,Pedestrian
86,1034.0,796.0,1111.0,865.0,8823,0,0,1,Pedestrian
86,1034.0,796.0,1111.0,865.0,8824,0,0,1,Pedestrian
86,1031.0,794.0,1108.0,863.0,8825,0,0,1,Pedestrian
86,1031.0,794.0,1108.0,863.0,8826,0,0,1,Pedestrian
86,1028.0,794.0,1105.0,863.0,8827,0,0,1,Pedestrian
86,1028.0,794.0,1105.0,863.0,8828,0,0,1,Pedestrian
86,1025.0,794.0,1102.0,863.0,8829,0,0,1,Pedestrian
86,1025.0,794.0,1102.0,863.0,8830,0,0,1,Pedestrian
86,1023.0,792.0,1100.0,860.0,8831,0,0,1,Pedestrian
86,1023.0,792.0,1100.0,860.0,8832,0,0,1,Pedestrian
86,1020.0,792.0,1097.0,860.0,8833,0,0,1,Pedestrian
86,1020.0,792.0,1097.0,860.0,8834,0,0,1,Pedestrian
86,1017.0,792.0,1094.0,860.0,8835,0,0,1,Pedestrian
86,1017.0,792.0,1094.0,860.0,8836,0,0,0,Pedestrian
86,1014.0,790.0,1091.0,858.0,8837,0,0,1,Pedestrian
86,1012.0,790.0,1089.0,858.0,8838,0,0,1,Pedestrian
86,1012.0,790.0,1089.0,858.0,8839,0,0,1,Pedestrian
86,1009.0,790.0,1086.0,858.0,8840,0,0,1,Pedestrian
86,1006.0,790.0,1083.0,858.0,8841,0,0,1,Pedestrian
86,1006.0,790.0,1083.0,858.0,8842,0,0,1,Pedestrian
86,1003.0,787.0,1080.0,856.0,8843,0,0,1,Pedestrian
86,1001.0,787.0,1078.0,856.0,8844,0,0,1,Pedestrian
86,1001.0,787.0,1078.0,856.0,8845,0,0,1,Pedestrian
86,998.0,787.0,1075.0,856.0,8846,0,0,1,Pedestrian
86,995.0,787.0,1072.0,856.0,8847,0,0,1,Pedestrian
86,995.0,787.0,1072.0,856.0,8848,0,0,1,Pedestrian
86,992.0,785.0,1069.0,853.0,8849,0,0,1,Pedestrian
86,990.0,785.0,1067.0,853.0,8850,0,0,1,Pedestrian
86,990.0,785.0,1067.0,853.0,8851,0,0,1,Pedestrian
86,987.0,785.0,1064.0,853.0,8852,0,0,1,Pedestrian
86,984.0,785.0,1061.0,853.0,8853,0,0,1,Pedestrian
86,984.0,785.0,1061.0,853.0,8854,0,0,1,Pedestrian
86,981.0,783.0,1058.0,851.0,8855,0,0,1,Pedestrian
86,979.0,783.0,1056.0,851.0,8856,0,0,1,Pedestrian
86,979.0,783.0,1056.0,851.0,8857,0,0,1,Pedestrian
86,976.0,783.0,1053.0,851.0,8858,0,0,1,Pedestrian
86,973.0,783.0,1050.0,851.0,8859,0,0,1,Pedestrian
86,973.0,783.0,1050.0,851.0,8860,0,0,1,Pedestrian
86,970.0,781.0,1047.0,849.0,8861,0,0,1,Pedestrian
86,968.0,781.0,1045.0,849.0,8862,0,0,1,Pedestrian
86,968.0,781.0,1045.0,849.0,8863,0,0,1,Pedestrian
86,965.0,781.0,1042.0,849.0,8864,0,0,1,Pedestrian
86,962.0,781.0,1039.0,849.0,8865,0,0,1,Pedestrian
86,962.0,781.0,1039.0,849.0,8866,0,0,0,Pedestrian
86,959.0,778.0,1036.0,847.0,8867,0,0,1,Pedestrian
86,957.0,778.0,1034.0,847.0,8868,0,0,1,Pedestrian
86,957.0,778.0,1034.0,847.0,8869,0,0,1,Pedestrian
86,954.0,778.0,1031.0,847.0,8870,0,0,1,Pedestrian
86,954.0,778.0,1031.0,847.0,8871,0,0,1,Pedestrian
86,951.0,776.0,1028.0,844.0,8872,0,0,1,Pedestrian
86,948.0,776.0,1025.0,844.0,8873,0,0,1,Pedestrian
86,948.0,776.0,1025.0,844.0,8874,0,0,1,Pedestrian
86,946.0,776.0,1023.0,844.0,8875,0,0,1,Pedestrian
86,946.0,776.0,1023.0,844.0,8876,0,0,1,Pedestrian
86,943.0,774.0,1020.0,842.0,8877,0,0,1,Pedestrian
86,940.0,774.0,1017.0,842.0,8878,0,0,1,Pedestrian
86,940.0,774.0,1017.0,842.0,8879,0,0,1,Pedestrian
86,937.0,774.0,1014.0,842.0,8880,0,0,1,Pedestrian
86,937.0,774.0,1014.0,842.0,8881,0,0,1,Pedestrian
86,935.0,771.0,1012.0,840.0,8882,0,0,1,Pedestrian
86,932.0,771.0,1009.0,840.0,8883,0,0,1,Pedestrian
86,932.0,771.0,1009.0,840.0,8884,0,0,1,Pedestrian
86,929.0,771.0,1006.0,840.0,8885,0,0,1,Pedestrian
86,929.0,771.0,1006.0,840.0,8886,0,0,1,Pedestrian
86,926.0,769.0,1003.0,837.0,8887,0,0,1,Pedestrian
86,924.0,769.0,1001.0,837.0,8888,0,0,1,Pedestrian
86,924.0,769.0,1001.0,837.0,8889,0,0,1,Pedestrian
86,921.0,769.0,998.0,837.0,8890,0,0,1,Pedestrian
86,921.0,769.0,998.0,837.0,8891,0,0,1,Pedestrian
86,918.0,767.0,995.0,835.0,8892,0,0,1,Pedestrian
86,915.0,767.0,992.0,835.0,8893,0,0,1,Pedestrian
86,915.0,767.0,992.0,835.0,8894,0,0,1,Pedestrian
86,913.0,767.0,990.0,835.0,8895,0,0,1,Pedestrian
86,913.0,767.0,990.0,835.0,8896,0,0,0,Pedestrian
86,910.0,767.0,987.0,835.0,8897,0,0,1,Pedestrian
86,907.0,767.0,984.0,835.0,8898,0,0,1,Pedestrian
86,907.0,767.0,984.0,835.0,8899,0,0,1,Pedestrian
86,904.0,767.0,981.0,835.0,8900,0,0,1,Pedestrian
86,904.0,767.0,981.0,835.0,8901,0,0,1,Pedestrian
86,902.0,767.0,979.0,835.0,8902,0,0,1,Pedestrian
86,902.0,767.0,979.0,835.0,8903,0,0,1,Pedestrian
86,899.0,767.0,976.0,835.0,8904,0,0,1,Pedestrian
86,899.0,767.0,976.0,835.0,8905,0,0,1,Pedestrian
86,896.0,767.0,973.0,835.0,8906,0,0,1,Pedestrian
86,896.0,767.0,973.0,835.0,8907,0,0,1,Pedestrian
86,893.0,767.0,970.0,835.0,8908,0,0,1,Pedestrian
86,893.0,767.0,970.0,835.0,8909,0,0,1,Pedestrian
86,891.0,767.0,968.0,835.0,8910,0,0,1,Pedestrian
86,891.0,767.0,968.0,835.0,8911,0,0,1,Pedestrian
86,888.0,767.0,965.0,835.0,8912,0,0,1,Pedestrian
86,885.0,767.0,962.0,835.0,8913,0,0,1,Pedestrian
86,885.0,767.0,962.0,835.0,8914,0,0,1,Pedestrian
86,882.0,767.0,959.0,835.0,8915,0,0,1,Pedestrian
86,882.0,767.0,959.0,835.0,8916,0,0,1,Pedestrian
86,880.0,767.0,957.0,835.0,8917,0,0,1,Pedestrian
86,880.0,767.0,957.0,835.0,8918,0,0,1,Pedestrian
86,877.0,767.0,954.0,835.0,8919,0,0,1,Pedestrian
86,877.0,767.0,954.0,835.0,8920,0,0,1,Pedestrian
86,874.0,767.0,951.0,835.0,8921,0,0,1,Pedestrian
86,874.0,767.0,951.0,835.0,8922,0,0,1,Pedestrian
86,871.0,767.0,948.0,835.0,8923,0,0,1,Pedestrian
86,871.0,767.0,948.0,835.0,8924,0,0,1,Pedestrian
86,869.0,767.0,946.0,835.0,8925,0,0,1,Pedestrian
86,869.0,767.0,946.0,835.0,8926,0,0,0,Pedestrian
86,866.0,765.0,943.0,833.0,8927,0,0,1,Pedestrian
86,863.0,762.0,940.0,831.0,8928,0,0,1,Pedestrian
86,860.0,760.0,937.0,828.0,8929,0,0,1,Pedestrian
86,858.0,760.0,935.0,828.0,8930,0,0,1,Pedestrian
86,855.0,758.0,932.0,826.0,8931,0,0,1,Pedestrian
86,852.0,755.0,929.0,824.0,8932,0,0,1,Pedestrian
86,849.0,755.0,926.0,824.0,8933,0,0,1,Pedestrian
86,847.0,753.0,924.0,822.0,8934,0,0,1,Pedestrian
86,844.0,751.0,921.0,819.0,8935,0,0,1,Pedestrian
86,844.0,751.0,921.0,819.0,8936,0,0,0,Pedestrian
86,841.0,751.0,918.0,819.0,8937,0,0,1,Pedestrian
86,841.0,751.0,918.0,819.0,8938,0,0,1,Pedestrian
86,841.0,751.0,918.0,819.0,8939,0,0,1,Pedestrian
86,841.0,751.0,918.0,819.0,8940,0,0,1,Pedestrian
86,841.0,751.0,918.0,819.0,8941,0,0,1,Pedestrian
86,838.0,751.0,915.0,819.0,8942,0,0,1,Pedestrian
86,838.0,751.0,915.0,819.0,8943,0,0,1,Pedestrian
86,838.0,751.0,915.0,819.0,8944,0,0,1,Pedestrian
86,838.0,751.0,915.0,819.0,8945,0,0,1,Pedestrian
86,838.0,751.0,915.0,819.0,8946,0,0,1,Pedestrian
86,836.0,751.0,913.0,819.0,8947,0,0,1,Pedestrian
86,836.0,751.0,913.0,819.0,8948,0,0,1,Pedestrian
86,836.0,751.0,913.0,819.0,8949,0,0,1,Pedestrian
86,836.0,751.0,913.0,819.0,8950,0,0,1,Pedestrian
86,836.0,753.0,913.0,822.0,8951,0,0,1,Pedestrian
86,833.0,753.0,910.0,822.0,8952,0,0,1,Pedestrian
86,833.0,753.0,910.0,822.0,8953,0,0,1,Pedestrian
86,833.0,753.0,910.0,822.0,8954,0,0,1,Pedestrian
86,833.0,753.0,910.0,822.0,8955,0,0,1,Pedestrian
86,833.0,753.0,910.0,822.0,8956,0,0,1,Pedestrian
86,830.0,753.0,907.0,822.0,8957,0,0,1,Pedestrian
86,830.0,753.0,907.0,822.0,8958,0,0,1,Pedestrian
86,830.0,753.0,907.0,822.0,8959,0,0,1,Pedestrian
86,830.0,753.0,907.0,822.0,8960,0,0,1,Pedestrian
86,830.0,753.0,907.0,822.0,8961,0,0,1,Pedestrian
86,827.0,753.0,904.0,822.0,8962,0,0,1,Pedestrian
86,827.0,753.0,904.0,822.0,8963,0,0,1,Pedestrian
86,827.0,753.0,904.0,822.0,8964,0,0,1,Pedestrian
86,827.0,753.0,904.0,822.0,8965,0,0,1,Pedestrian
86,827.0,755.0,904.0,824.0,8966,0,0,0,Pedestrian
86,825.0,753.0,902.0,822.0,8967,0,0,1,Pedestrian
86,822.0,753.0,899.0,822.0,8968,0,0,1,Pedestrian
86,819.0,751.0,896.0,819.0,8969,0,0,1,Pedestrian
86,816.0,751.0,893.0,819.0,8970,0,0,1,Pedestrian
86,814.0,749.0,891.0,817.0,8971,0,0,1,Pedestrian
86,811.0,749.0,888.0,817.0,8972,0,0,1,Pedestrian
86,808.0,746.0,885.0,815.0,8973,0,0,1,Pedestrian
86,805.0,746.0,882.0,815.0,8974,0,0,1,Pedestrian
86,803.0,744.0,880.0,812.0,8975,0,0,1,Pedestrian
86,800.0,744.0,877.0,812.0,8976,0,0,1,Pedestrian
86,797.0,744.0,874.0,812.0,8977,0,0,1,Pedestrian
86,794.0,742.0,871.0,810.0,8978,0,0,1,Pedestrian
86,792.0,742.0,869.0,810.0,8979,0,0,1,Pedestrian
86,789.0,740.0,866.0,808.0,8980,0,0,1,Pedestrian
86,786.0,740.0,863.0,808.0,8981,0,0,1,Pedestrian
86,783.0,737.0,860.0,806.0,8982,0,0,1,Pedestrian
86,781.0,737.0,858.0,806.0,8983,0,0,1,Pedestrian
86,778.0,735.0,855.0,803.0,8984,0,0,1,Pedestrian
86,775.0,735.0,852.0,803.0,8985,0,0,1,Pedestrian
86,775.0,735.0,852.0,803.0,8986,0,0,0,Pedestrian
86,772.0,733.0,849.0,801.0,8987,0,0,1,Pedestrian
86,772.0,733.0,849.0,801.0,8988,0,0,1,Pedestrian
86,770.0,733.0,847.0,801.0,8989,0,0,1,Pedestrian
86,770.0,730.0,847.0,799.0,8990,0,0,1,Pedestrian
86,767.0,730.0,844.0,799.0,8991,0,0,1,Pedestrian
86,767.0,730.0,844.0,799.0,8992,0,0,1,Pedestrian
86,767.0,730.0,844.0,799.0,8993,0,0,1,Pedestrian
86,764.0,728.0,841.0,796.0,8994,0,0,1,Pedestrian
86,764.0,728.0,841.0,796.0,8995,0,0,1,Pedestrian
86,761.0,728.0,838.0,796.0,8996,0,0,1,Pedestrian
86,761.0,726.0,838.0,794.0,8997,0,0,1,Pedestrian
86,759.0,726.0,836.0,794.0,8998,0,0,1,Pedestrian
86,759.0,726.0,836.0,794.0,8999,0,0,1,Pedestrian
86,759.0,726.0,836.0,794.0,9000,0,0,0,Pedestrian
86,756.0,724.0,833.0,792.0,9001,0,0,1,Pedestrian
86,753.0,724.0,830.0,792.0,9002,0,0,1,Pedestrian
86,753.0,724.0,827.0,792.0,9003,0,0,1,Pedestrian
86,750.0,724.0,825.0,792.0,9004,0,0,1,Pedestrian
86,750.0,724.0,825.0,792.0,9005,0,0,1,Pedestrian
86,748.0,724.0,822.0,790.0,9006,0,0,1,Pedestrian
86,748.0,724.0,819.0,790.0,9007,0,0,1,Pedestrian
86,745.0,724.0,816.0,790.0,9008,0,0,1,Pedestrian
86,742.0,724.0,816.0,790.0,9009,0,0,1,Pedestrian
86,742.0,724.0,814.0,790.0,9010,0,0,1,Pedestrian
86,739.0,724.0,811.0,790.0,9011,0,0,1,Pedestrian
86,739.0,724.0,808.0,787.0,9012,0,0,1,Pedestrian
86,737.0,724.0,805.0,787.0,9013,0,0,1,Pedestrian
86,737.0,724.0,805.0,787.0,9014,0,0,1,Pedestrian
86,734.0,721.0,803.0,787.0,9015,0,0,1,Pedestrian
86,731.0,721.0,800.0,787.0,9016,0,0,1,Pedestrian
86,731.0,721.0,797.0,785.0,9017,0,0,1,Pedestrian
86,728.0,721.0,797.0,785.0,9018,0,0,1,Pedestrian
86,728.0,721.0,794.0,785.0,9019,0,0,1,Pedestrian
86,726.0,721.0,792.0,785.0,9020,0,0,1,Pedestrian
86,726.0,721.0,789.0,785.0,9021,0,0,1,Pedestrian
86,723.0,721.0,789.0,785.0,9022,0,0,1,Pedestrian
86,720.0,721.0,786.0,783.0,9023,0,0,1,Pedestrian
86,720.0,721.0,783.0,783.0,9024,0,0,1,Pedestrian
86,717.0,721.0,781.0,783.0,9025,0,0,1,Pedestrian
86,717.0,721.0,778.0,783.0,9026,0,0,1,Pedestrian
86,715.0,721.0,778.0,783.0,9027,0,0,1,Pedestrian
86,715.0,721.0,775.0,781.0,9028,0,0,1,Pedestrian
86,712.0,721.0,772.0,781.0,9029,0,0,1,Pedestrian
86,709.0,719.0,770.0,781.0,9030,0,0,1,Pedestrian
86,709.0,719.0,770.0,781.0,9031,0,0,1,Pedestrian
86,706.0,719.0,767.0,781.0,9032,0,0,1,Pedestrian
86,706.0,719.0,764.0,781.0,9033,0,0,1,Pedestrian
86,704.0,719.0,761.0,778.0,9034,0,0,1,Pedestrian
86,704.0,719.0,759.0,778.0,9035,0,0,1,Pedestrian
86,701.0,719.0,759.0,778.0,9036,0,0,1,Pedestrian
86,698.0,719.0,756.0,778.0,9037,0,0,1,Pedestrian
86,698.0,719.0,753.0,778.0,9038,0,0,1,Pedestrian
86,695.0,719.0,750.0,776.0,9039,0,0,1,Pedestrian
86,695.0,719.0,750.0,776.0,9040,0,0,1,Pedestrian
86,693.0,719.0,748.0,776.0,9041,0,0,1,Pedestrian
86,693.0,719.0,745.0,776.0,9042,0,0,1,Pedestrian
86,690.0,719.0,742.0,776.0,9043,0,0,1,Pedestrian
86,690.0,719.0,742.0,776.0,9044,0,0,0,Pedestrian
86,687.0,719.0,739.0,776.0,9045,0,0,1,Pedestrian
86,684.0,719.0,737.0,776.0,9046,0,0,1,Pedestrian
86,684.0,719.0,737.0,776.0,9047,0,0,1,Pedestrian
86,682.0,719.0,734.0,776.0,9048,0,0,1,Pedestrian
86,682.0,719.0,734.0,776.0,9049,0,0,1,Pedestrian
86,679.0,719.0,731.0,776.0,9050,0,0,1,Pedestrian
86,676.0,719.0,728.0,776.0,9051,0,0,1,Pedestrian
86,676.0,719.0,728.0,776.0,9052,0,0,1,Pedestrian
86,673.0,719.0,726.0,776.0,9053,0,0,1,Pedestrian
86,673.0,719.0,726.0,776.0,9054,0,0,1,Pedestrian
86,671.0,719.0,723.0,776.0,9055,0,0,1,Pedestrian
86,668.0,719.0,720.0,776.0,9056,0,0,1,Pedestrian
86,668.0,719.0,720.0,776.0,9057,0,0,1,Pedestrian
86,665.0,719.0,717.0,776.0,9058,0,0,1,Pedestrian
86,665.0,719.0,717.0,776.0,9059,0,0,1,Pedestrian
86,662.0,719.0,715.0,776.0,9060,0,0,1,Pedestrian
86,660.0,719.0,712.0,776.0,9061,0,0,1,Pedestrian
86,660.0,719.0,712.0,776.0,9062,0,0,1,Pedestrian
86,657.0,719.0,709.0,776.0,9063,0,0,1,Pedestrian
86,657.0,719.0,709.0,776.0,9064,0,0,1,Pedestrian
86,654.0,719.0,706.0,776.0,9065,0,0,1,Pedestrian
86,654.0,719.0,706.0,776.0,9066,0,0,1,Pedestrian
86,651.0,719.0,704.0,776.0,9067,0,0,1,Pedestrian
86,649.0,719.0,701.0,776.0,9068,0,0,1,Pedestrian
86,649.0,719.0,701.0,776.0,9069,0,0,1,Pedestrian
86,646.0,719.0,698.0,776.0,9070,0,0,1,Pedestrian
86,646.0,719.0,698.0,776.0,9071,0,0,1,Pedestrian
86,643.0,719.0,695.0,776.0,9072,0,0,1,Pedestrian
86,640.0,719.0,693.0,776.0,9073,0,0,1,Pedestrian
86,640.0,719.0,693.0,776.0,9074,0,0,1,Pedestrian
86,638.0,721.0,690.0,778.0,9075,0,0,1,Pedestrian
86,638.0,721.0,690.0,778.0,9076,0,0,1,Pedestrian
86,635.0,721.0,687.0,778.0,9077,0,0,1,Pedestrian
86,632.0,721.0,684.0,778.0,9078,0,0,1,Pedestrian
86,632.0,721.0,684.0,778.0,9079,0,0,1,Pedestrian
86,629.0,721.0,682.0,778.0,9080,0,0,1,Pedestrian
86,629.0,721.0,682.0,778.0,9081,0,0,1,Pedestrian
86,627.0,721.0,679.0,778.0,9082,0,0,1,Pedestrian
86,627.0,721.0,679.0,778.0,9083,0,0,1,Pedestrian
86,624.0,721.0,676.0,778.0,9084,0,0,1,Pedestrian
86,621.0,721.0,673.0,778.0,9085,0,0,1,Pedestrian
86,621.0,721.0,673.0,778.0,9086,0,0,1,Pedestrian
86,618.0,721.0,671.0,778.0,9087,0,0,1,Pedestrian
86,618.0,721.0,671.0,778.0,9088,0,0,1,Pedestrian
86,616.0,721.0,668.0,778.0,9089,0,0,1,Pedestrian
86,613.0,721.0,665.0,778.0,9090,0,0,1,Pedestrian
86,613.0,721.0,665.0,778.0,9091,0,0,1,Pedestrian
86,610.0,721.0,662.0,778.0,9092,0,0,1,Pedestrian
86,610.0,721.0,662.0,778.0,9093,0,0,1,Pedestrian
86,607.0,721.0,660.0,778.0,9094,0,0,1,Pedestrian
86,605.0,721.0,657.0,778.0,9095,0,0,1,Pedestrian
86,605.0,721.0,657.0,778.0,9096,0,0,1,Pedestrian
86,602.0,721.0,654.0,778.0,9097,0,0,1,Pedestrian
86,602.0,721.0,654.0,778.0,9098,0,0,1,Pedestrian
86,599.0,721.0,651.0,778.0,9099,0,0,1,Pedestrian
86,599.0,721.0,651.0,778.0,9100,0,0,1,Pedestrian
86,596.0,721.0,649.0,778.0,9101,0,0,1,Pedestrian
86,594.0,721.0,646.0,778.0,9102,0,0,1,Pedestrian
86,594.0,721.0,646.0,778.0,9103,0,0,1,Pedestrian
86,591.0,721.0,643.0,778.0,9104,0,0,1,Pedestrian
86,591.0,721.0,643.0,778.0,9105,0,0,1,Pedestrian
86,588.0,724.0,640.0,781.0,9106,0,0,1,Pedestrian
86,585.0,724.0,638.0,781.0,9107,0,0,1,Pedestrian
86,585.0,724.0,638.0,781.0,9108,0,0,1,Pedestrian
86,583.0,724.0,635.0,781.0,9109,0,0,1,Pedestrian
86,583.0,724.0,635.0,781.0,9110,0,0,1,Pedestrian
86,580.0,724.0,632.0,781.0,9111,0,0,1,Pedestrian
86,577.0,724.0,629.0,781.0,9112,0,0,1,Pedestrian
86,577.0,724.0,629.0,781.0,9113,0,0,1,Pedestrian
86,574.0,724.0,627.0,781.0,9114,0,0,1,Pedestrian
86,574.0,724.0,627.0,781.0,9115,0,0,1,Pedestrian
86,572.0,724.0,624.0,781.0,9116,0,0,1,Pedestrian
86,572.0,724.0,624.0,781.0,9117,0,0,1,Pedestrian
86,569.0,724.0,621.0,781.0,9118,0,0,1,Pedestrian
86,566.0,724.0,618.0,781.0,9119,0,0,1,Pedestrian
86,566.0,724.0,618.0,781.0,9120,0,0,1,Pedestrian
86,563.0,724.0,616.0,781.0,9121,0,0,1,Pedestrian
86,563.0,724.0,616.0,781.0,9122,0,0,1,Pedestrian
86,561.0,724.0,613.0,781.0,9123,0,0,1,Pedestrian
86,558.0,724.0,610.0,781.0,9124,0,0,1,Pedestrian
86,558.0,724.0,610.0,781.0,9125,0,0,1,Pedestrian
86,555.0,724.0,607.0,781.0,9126,0,0,1,Pedestrian
86,555.0,724.0,607.0,781.0,9127,0,0,1,Pedestrian
86,552.0,724.0,605.0,781.0,9128,0,0,1,Pedestrian
86,550.0,724.0,602.0,781.0,9129,0,0,1,Pedestrian
86,550.0,724.0,602.0,781.0,9130,0,0,1,Pedestrian
86,547.0,724.0,599.0,781.0,9131,0,0,1,Pedestrian
86,547.0,724.0,599.0,781.0,9132,0,0,1,Pedestrian
86,544.0,724.0,596.0,781.0,9133,0,0,1,Pedestrian
86,544.0,724.0,596.0,781.0,9134,0,0,1,Pedestrian
86,541.0,724.0,594.0,781.0,9135,0,0,1,Pedestrian
86,539.0,726.0,591.0,783.0,9136,0,0,1,Pedestrian
86,539.0,726.0,591.0,783.0,9137,0,0,1,Pedestrian
86,536.0,726.0,588.0,783.0,9138,0,0,1,Pedestrian
86,536.0,726.0,588.0,783.0,9139,0,0,1,Pedestrian
86,533.0,726.0,585.0,783.0,9140,0,0,1,Pedestrian
86,530.0,726.0,583.0,783.0,9141,0,0,1,Pedestrian
86,530.0,726.0,583.0,783.0,9142,0,0,1,Pedestrian
86,528.0,726.0,580.0,783.0,9143,0,0,1,Pedestrian
86,528.0,726.0,580.0,783.0,9144,0,0,1,Pedestrian
86,525.0,726.0,577.0,783.0,9145,0,0,1,Pedestrian
86,522.0,726.0,574.0,783.0,9146,0,0,1,Pedestrian
86,522.0,726.0,574.0,783.0,9147,0,0,1,Pedestrian
86,519.0,726.0,572.0,783.0,9148,0,0,1,Pedestrian
86,519.0,726.0,572.0,783.0,9149,0,0,1,Pedestrian
86,517.0,726.0,569.0,783.0,9150,0,0,1,Pedestrian
86,517.0,726.0,569.0,783.0,9151,0,0,1,Pedestrian
86,514.0,726.0,566.0,783.0,9152,0,0,1,Pedestrian
86,511.0,726.0,563.0,783.0,9153,0,0,1,Pedestrian
86,511.0,726.0,563.0,783.0,9154,0,0,1,Pedestrian
86,508.0,726.0,561.0,783.0,9155,0,0,1,Pedestrian
86,508.0,726.0,561.0,783.0,9156,0,0,1,Pedestrian
86,506.0,726.0,558.0,783.0,9157,0,0,1,Pedestrian
86,503.0,726.0,555.0,783.0,9158,0,0,1,Pedestrian
86,503.0,726.0,555.0,783.0,9159,0,0,1,Pedestrian
86,500.0,726.0,552.0,783.0,9160,0,0,1,Pedestrian
86,500.0,726.0,552.0,783.0,9161,0,0,1,Pedestrian
86,497.0,726.0,550.0,783.0,9162,0,0,1,Pedestrian
86,495.0,726.0,547.0,783.0,9163,0,0,1,Pedestrian
86,495.0,726.0,547.0,783.0,9164,0,0,1,Pedestrian
86,492.0,726.0,544.0,783.0,9165,0,0,1,Pedestrian
86,492.0,726.0,544.0,783.0,9166,0,0,1,Pedestrian
86,489.0,728.0,541.0,785.0,9167,0,0,1,Pedestrian
86,489.0,728.0,541.0,785.0,9168,0,0,1,Pedestrian
86,486.0,728.0,539.0,785.0,9169,0,0,1,Pedestrian
86,484.0,728.0,536.0,785.0,9170,0,0,1,Pedestrian
86,484.0,728.0,536.0,785.0,9171,0,0,1,Pedestrian
86,481.0,728.0,533.0,785.0,9172,0,0,1,Pedestrian
86,481.0,728.0,533.0,785.0,9173,0,0,1,Pedestrian
86,478.0,728.0,530.0,785.0,9174,0,0,1,Pedestrian
86,475.0,728.0,528.0,785.0,9175,0,0,1,Pedestrian
86,475.0,728.0,528.0,785.0,9176,0,0,1,Pedestrian
86,473.0,728.0,525.0,785.0,9177,0,0,1,Pedestrian
86,473.0,728.0,525.0,785.0,9178,0,0,1,Pedestrian
86,470.0,728.0,522.0,785.0,9179,0,0,1,Pedestrian
86,467.0,728.0,519.0,785.0,9180,0,0,1,Pedestrian
86,467.0,728.0,519.0,785.0,9181,0,0,1,Pedestrian
86,464.0,728.0,517.0,785.0,9182,0,0,1,Pedestrian
86,464.0,728.0,517.0,785.0,9183,0,0,1,Pedestrian
86,462.0,728.0,514.0,785.0,9184,0,0,1,Pedestrian
86,462.0,728.0,514.0,785.0,9185,0,0,1,Pedestrian
86,459.0,728.0,511.0,785.0,9186,0,0,1,Pedestrian
86,456.0,728.0,508.0,785.0,9187,0,0,1,Pedestrian
86,456.0,728.0,508.0,785.0,9188,0,0,1,Pedestrian
86,453.0,728.0,506.0,785.0,9189,0,0,1,Pedestrian
86,453.0,728.0,506.0,785.0,9190,0,0,1,Pedestrian
86,451.0,728.0,503.0,785.0,9191,0,0,1,Pedestrian
86,448.0,728.0,500.0,785.0,9192,0,0,1,Pedestrian
86,448.0,728.0,500.0,785.0,9193,0,0,1,Pedestrian
86,445.0,728.0,497.0,785.0,9194,0,0,1,Pedestrian
86,445.0,728.0,497.0,785.0,9195,0,0,1,Pedestrian
86,442.0,728.0,495.0,785.0,9196,0,0,1,Pedestrian
86,440.0,730.0,492.0,787.0,9197,0,0,1,Pedestrian
86,440.0,730.0,492.0,787.0,9198,0,0,1,Pedestrian
86,437.0,730.0,489.0,787.0,9199,0,0,1,Pedestrian
86,437.0,730.0,489.0,787.0,9200,0,0,1,Pedestrian
86,434.0,730.0,486.0,787.0,9201,0,0,1,Pedestrian
86,434.0,730.0,486.0,787.0,9202,0,0,1,Pedestrian
86,431.0,730.0,484.0,787.0,9203,0,0,1,Pedestrian
86,429.0,730.0,481.0,787.0,9204,0,0,1,Pedestrian
86,429.0,730.0,481.0,787.0,9205,0,0,1,Pedestrian
86,426.0,730.0,478.0,787.0,9206,0,0,1,Pedestrian
86,426.0,730.0,478.0,787.0,9207,0,0,1,Pedestrian
86,423.0,730.0,475.0,787.0,9208,0,0,1,Pedestrian
86,420.0,730.0,473.0,787.0,9209,0,0,1,Pedestrian
86,420.0,730.0,473.0,787.0,9210,0,0,1,Pedestrian
86,418.0,730.0,470.0,787.0,9211,0,0,1,Pedestrian
86,418.0,730.0,470.0,787.0,9212,0,0,1,Pedestrian
86,415.0,730.0,467.0,787.0,9213,0,0,1,Pedestrian
86,412.0,730.0,464.0,787.0,9214,0,0,1,Pedestrian
86,412.0,730.0,464.0,787.0,9215,0,0,1,Pedestrian
86,409.0,730.0,462.0,787.0,9216,0,0,1,Pedestrian
86,409.0,730.0,462.0,787.0,9217,0,0,1,Pedestrian
86,407.0,730.0,459.0,787.0,9218,0,0,1,Pedestrian
86,407.0,730.0,459.0,787.0,9219,0,0,1,Pedestrian
86,404.0,730.0,456.0,787.0,9220,0,0,1,Pedestrian
86,401.0,730.0,453.0,787.0,9221,0,0,1,Pedestrian
86,401.0,730.0,453.0,787.0,9222,0,0,1,Pedestrian
86,398.0,730.0,451.0,787.0,9223,0,0,1,Pedestrian
86,398.0,730.0,451.0,787.0,9224,0,0,1,Pedestrian
86,396.0,730.0,448.0,787.0,9225,0,0,1,Pedestrian
86,393.0,730.0,445.0,787.0,9226,0,0,1,Pedestrian
86,393.0,730.0,445.0,787.0,9227,0,0,1,Pedestrian
86,390.0,733.0,442.0,790.0,9228,0,0,1,Pedestrian
86,390.0,733.0,442.0,790.0,9229,0,0,1,Pedestrian
86,387.0,733.0,440.0,790.0,9230,0,0,1,Pedestrian
86,385.0,733.0,437.0,790.0,9231,0,0,1,Pedestrian
86,385.0,733.0,437.0,790.0,9232,0,0,1,Pedestrian
86,382.0,733.0,434.0,790.0,9233,0,0,1,Pedestrian
86,382.0,733.0,434.0,790.0,9234,0,0,1,Pedestrian
86,379.0,733.0,431.0,790.0,9235,0,0,1,Pedestrian
86,376.0,733.0,429.0,790.0,9236,0,0,1,Pedestrian
86,376.0,733.0,429.0,790.0,9237,0,0,1,Pedestrian
86,374.0,733.0,426.0,790.0,9238,0,0,1,Pedestrian
86,374.0,733.0,426.0,790.0,9239,0,0,1,Pedestrian
86,371.0,733.0,423.0,790.0,9240,0,0,1,Pedestrian
86,371.0,733.0,423.0,790.0,9241,0,0,1,Pedestrian
86,368.0,733.0,420.0,790.0,9242,0,0,1,Pedestrian
86,365.0,733.0,418.0,790.0,9243,0,0,1,Pedestrian
86,365.0,733.0,418.0,790.0,9244,0,0,1,Pedestrian
86,363.0,733.0,415.0,790.0,9245,0,0,1,Pedestrian
86,363.0,733.0,415.0,790.0,9246,0,0,1,Pedestrian
86,360.0,733.0,412.0,790.0,9247,0,0,1,Pedestrian
86,357.0,733.0,409.0,790.0,9248,0,0,1,Pedestrian
86,357.0,733.0,409.0,790.0,9249,0,0,1,Pedestrian
86,354.0,733.0,407.0,790.0,9250,0,0,1,Pedestrian
86,354.0,733.0,407.0,790.0,9251,0,0,1,Pedestrian
86,352.0,733.0,404.0,790.0,9252,0,0,1,Pedestrian
86,349.0,733.0,401.0,790.0,9253,0,0,1,Pedestrian
86,349.0,733.0,401.0,790.0,9254,0,0,1,Pedestrian
86,346.0,733.0,398.0,790.0,9255,0,0,1,Pedestrian
86,346.0,733.0,398.0,790.0,9256,0,0,1,Pedestrian
86,343.0,733.0,396.0,790.0,9257,0,0,1,Pedestrian
86,343.0,733.0,396.0,790.0,9258,0,0,1,Pedestrian
86,341.0,735.0,393.0,792.0,9259,0,0,1,Pedestrian
86,338.0,735.0,390.0,792.0,9260,0,0,1,Pedestrian
86,338.0,735.0,390.0,792.0,9261,0,0,1,Pedestrian
86,335.0,735.0,387.0,792.0,9262,0,0,1,Pedestrian
86,335.0,735.0,387.0,792.0,9263,0,0,1,Pedestrian
86,332.0,735.0,385.0,792.0,9264,0,0,1,Pedestrian
86,330.0,735.0,382.0,792.0,9265,0,0,1,Pedestrian
86,330.0,735.0,382.0,792.0,9266,0,0,1,Pedestrian
86,327.0,735.0,379.0,792.0,9267,0,0,1,Pedestrian
86,327.0,735.0,379.0,792.0,9268,0,0,1,Pedestrian
86,324.0,735.0,376.0,792.0,9269,0,0,1,Pedestrian
86,321.0,735.0,374.0,792.0,9270,0,0,1,Pedestrian
86,321.0,735.0,374.0,792.0,9271,0,0,1,Pedestrian
86,319.0,735.0,371.0,792.0,9272,0,0,1,Pedestrian
86,319.0,735.0,371.0,792.0,9273,0,0,1,Pedestrian
86,316.0,735.0,368.0,792.0,9274,0,0,1,Pedestrian
86,316.0,735.0,368.0,792.0,9275,0,0,1,Pedestrian
86,313.0,735.0,365.0,792.0,9276,0,0,1,Pedestrian
86,310.0,735.0,363.0,792.0,9277,0,0,1,Pedestrian
86,310.0,735.0,363.0,792.0,9278,0,0,1,Pedestrian
86,308.0,735.0,360.0,792.0,9279,0,0,1,Pedestrian
86,308.0,735.0,360.0,792.0,9280,0,0,1,Pedestrian
86,305.0,735.0,357.0,792.0,9281,0,0,1,Pedestrian
86,302.0,735.0,354.0,792.0,9282,0,0,1,Pedestrian
86,302.0,735.0,354.0,792.0,9283,0,0,1,Pedestrian
86,299.0,735.0,352.0,792.0,9284,0,0,1,Pedestrian
86,299.0,735.0,352.0,792.0,9285,0,0,1,Pedestrian
86,297.0,735.0,349.0,792.0,9286,0,0,1,Pedestrian
86,294.0,735.0,346.0,792.0,9287,0,0,1,Pedestrian
86,294.0,735.0,346.0,792.0,9288,0,0,1,Pedestrian
86,291.0,737.0,343.0,794.0,9289,0,0,1,Pedestrian
86,291.0,737.0,343.0,794.0,9290,0,0,1,Pedestrian
86,288.0,737.0,341.0,794.0,9291,0,0,1,Pedestrian
86,288.0,737.0,341.0,794.0,9292,0,0,1,Pedestrian
86,286.0,737.0,338.0,794.0,9293,0,0,1,Pedestrian
86,283.0,737.0,335.0,794.0,9294,0,0,1,Pedestrian
86,283.0,737.0,335.0,794.0,9295,0,0,1,Pedestrian
86,280.0,737.0,332.0,794.0,9296,0,0,1,Pedestrian
86,280.0,737.0,332.0,794.0,9297,0,0,1,Pedestrian
86,277.0,737.0,330.0,794.0,9298,0,0,1,Pedestrian
86,275.0,737.0,327.0,794.0,9299,0,0,1,Pedestrian
86,275.0,737.0,327.0,794.0,9300,0,0,1,Pedestrian
86,272.0,737.0,324.0,794.0,9301,0,0,1,Pedestrian
86,272.0,737.0,324.0,794.0,9302,0,0,1,Pedestrian
86,269.0,737.0,321.0,794.0,9303,0,0,1,Pedestrian
86,266.0,737.0,319.0,794.0,9304,0,0,1,Pedestrian
86,266.0,737.0,319.0,794.0,9305,0,0,1,Pedestrian
86,264.0,737.0,316.0,794.0,9306,0,0,1,Pedestrian
86,264.0,737.0,316.0,794.0,9307,0,0,1,Pedestrian
86,261.0,737.0,313.0,794.0,9308,0,0,1,Pedestrian
86,261.0,737.0,313.0,794.0,9309,0,0,1,Pedestrian
86,258.0,737.0,310.0,794.0,9310,0,0,1,Pedestrian
86,255.0,737.0,308.0,794.0,9311,0,0,1,Pedestrian
86,255.0,737.0,308.0,794.0,9312,0,0,1,Pedestrian
86,253.0,737.0,305.0,794.0,9313,0,0,1,Pedestrian
86,253.0,737.0,305.0,794.0,9314,0,0,1,Pedestrian
86,250.0,737.0,302.0,794.0,9315,0,0,1,Pedestrian
86,247.0,737.0,299.0,794.0,9316,0,0,1,Pedestrian
86,247.0,737.0,299.0,794.0,9317,0,0,1,Pedestrian
86,244.0,737.0,297.0,794.0,9318,0,0,1,Pedestrian
86,244.0,737.0,297.0,794.0,9319,0,0,1,Pedestrian
86,242.0,740.0,294.0,796.0,9320,0,0,1,Pedestrian
86,239.0,740.0,291.0,796.0,9321,0,0,1,Pedestrian
86,239.0,740.0,291.0,796.0,9322,0,0,1,Pedestrian
86,236.0,740.0,288.0,796.0,9323,0,0,1,Pedestrian
86,236.0,740.0,288.0,796.0,9324,0,0,1,Pedestrian
86,233.0,740.0,286.0,796.0,9325,0,0,1,Pedestrian
86,233.0,740.0,286.0,796.0,9326,0,0,1,Pedestrian
86,231.0,740.0,283.0,796.0,9327,0,0,1,Pedestrian
86,228.0,740.0,280.0,796.0,9328,0,0,1,Pedestrian
86,228.0,740.0,280.0,796.0,9329,0,0,1,Pedestrian
86,225.0,740.0,277.0,796.0,9330,0,0,1,Pedestrian
86,225.0,740.0,277.0,796.0,9331,0,0,1,Pedestrian
86,222.0,740.0,275.0,796.0,9332,0,0,1,Pedestrian
86,220.0,740.0,272.0,796.0,9333,0,0,1,Pedestrian
86,220.0,740.0,272.0,796.0,9334,0,0,1,Pedestrian
86,217.0,740.0,269.0,796.0,9335,0,0,1,Pedestrian
86,217.0,740.0,269.0,796.0,9336,0,0,1,Pedestrian
86,214.0,740.0,266.0,796.0,9337,0,0,1,Pedestrian
86,211.0,740.0,264.0,796.0,9338,0,0,1,Pedestrian
86,211.0,740.0,264.0,796.0,9339,0,0,1,Pedestrian
86,209.0,740.0,261.0,796.0,9340,0,0,1,Pedestrian
86,209.0,740.0,261.0,796.0,9341,0,0,1,Pedestrian
86,206.0,740.0,258.0,796.0,9342,0,0,1,Pedestrian
86,206.0,740.0,258.0,796.0,9343,0,0,1,Pedestrian
86,203.0,740.0,255.0,796.0,9344,0,0,1,Pedestrian
86,200.0,740.0,253.0,796.0,9345,0,0,1,Pedestrian
86,200.0,740.0,253.0,796.0,9346,0,0,1,Pedestrian
86,198.0,740.0,250.0,796.0,9347,0,0,1,Pedestrian
86,198.0,740.0,250.0,796.0,9348,0,0,1,Pedestrian
86,195.0,740.0,247.0,796.0,9349,0,0,1,Pedestrian
86,192.0,742.0,244.0,799.0,9350,0,0,1,Pedestrian
86,192.0,742.0,244.0,799.0,9351,0,0,1,Pedestrian
86,189.0,742.0,242.0,799.0,9352,0,0,1,Pedestrian
86,189.0,742.0,242.0,799.0,9353,0,0,1,Pedestrian
86,187.0,742.0,239.0,799.0,9354,0,0,1,Pedestrian
86,184.0,742.0,236.0,799.0,9355,0,0,1,Pedestrian
86,184.0,742.0,236.0,799.0,9356,0,0,1,Pedestrian
86,181.0,742.0,233.0,799.0,9357,0,0,1,Pedestrian
86,181.0,742.0,233.0,799.0,9358,0,0,1,Pedestrian
86,178.0,742.0,231.0,799.0,9359,0,0,1,Pedestrian
86,178.0,742.0,231.0,799.0,9360,0,0,1,Pedestrian
86,176.0,742.0,228.0,799.0,9361,0,0,1,Pedestrian
86,173.0,742.0,225.0,799.0,9362,0,0,1,Pedestrian
86,173.0,742.0,225.0,799.0,9363,0,0,1,Pedestrian
86,170.0,742.0,222.0,799.0,9364,0,0,1,Pedestrian
86,170.0,742.0,222.0,799.0,9365,0,0,1,Pedestrian
86,167.0,742.0,220.0,799.0,9366,0,0,1,Pedestrian
86,165.0,742.0,217.0,799.0,9367,0,0,1,Pedestrian
86,165.0,742.0,217.0,799.0,9368,0,0,1,Pedestrian
86,162.0,742.0,214.0,799.0,9369,0,0,1,Pedestrian
86,162.0,742.0,214.0,799.0,9370,0,0,1,Pedestrian
86,159.0,742.0,211.0,799.0,9371,0,0,1,Pedestrian
86,156.0,742.0,209.0,799.0,9372,0,0,1,Pedestrian
86,156.0,742.0,209.0,799.0,9373,0,0,1,Pedestrian
86,154.0,742.0,206.0,799.0,9374,0,0,1,Pedestrian
86,154.0,742.0,206.0,799.0,9375,0,0,1,Pedestrian
86,151.0,742.0,203.0,799.0,9376,0,0,1,Pedestrian
86,151.0,742.0,203.0,799.0,9377,0,0,1,Pedestrian
86,148.0,742.0,200.0,799.0,9378,0,0,1,Pedestrian
86,145.0,742.0,198.0,799.0,9379,0,0,1,Pedestrian
86,145.0,742.0,198.0,799.0,9380,0,0,1,Pedestrian
86,143.0,744.0,195.0,801.0,9381,0,0,1,Pedestrian
86,143.0,744.0,195.0,801.0,9382,0,0,1,Pedestrian
86,140.0,744.0,192.0,801.0,9383,0,0,1,Pedestrian
86,137.0,744.0,189.0,801.0,9384,0,0,1,Pedestrian
86,137.0,744.0,189.0,801.0,9385,0,0,1,Pedestrian
86,134.0,744.0,187.0,801.0,9386,0,0,1,Pedestrian
86,134.0,744.0,187.0,801.0,9387,0,0,1,Pedestrian
86,132.0,744.0,184.0,801.0,9388,0,0,1,Pedestrian
86,129.0,744.0,181.0,801.0,9389,0,0,1,Pedestrian
86,129.0,744.0,181.0,801.0,9390,0,0,1,Pedestrian
86,126.0,744.0,178.0,801.0,9391,0,0,1,Pedestrian
86,126.0,744.0,178.0,801.0,9392,0,0,1,Pedestrian
86,123.0,744.0,176.0,801.0,9393,0,0,1,Pedestrian
86,123.0,744.0,176.0,801.0,9394,0,0,1,Pedestrian
86,121.0,744.0,173.0,801.0,9395,0,0,1,Pedestrian
86,118.0,744.0,170.0,801.0,9396,0,0,1,Pedestrian
86,118.0,744.0,170.0,801.0,9397,0,0,1,Pedestrian
86,115.0,744.0,167.0,801.0,9398,0,0,1,Pedestrian
86,115.0,744.0,167.0,801.0,9399,0,0,1,Pedestrian
86,112.0,744.0,165.0,801.0,9400,0,0,1,Pedestrian
86,110.0,744.0,162.0,801.0,9401,0,0,1,Pedestrian
86,110.0,744.0,162.0,801.0,9402,0,0,1,Pedestrian
86,107.0,744.0,159.0,801.0,9403,0,0,1,Pedestrian
86,107.0,744.0,159.0,801.0,9404,0,0,1,Pedestrian
86,104.0,744.0,156.0,801.0,9405,0,0,1,Pedestrian
86,101.0,744.0,154.0,801.0,9406,0,0,1,Pedestrian
86,101.0,744.0,154.0,801.0,9407,0,0,1,Pedestrian
86,99.0,744.0,151.0,801.0,9408,0,0,1,Pedestrian
86,99.0,744.0,151.0,801.0,9409,0,0,1,Pedestrian
86,96.0,744.0,148.0,801.0,9410,0,0,1,Pedestrian
86,96.0,746.0,148.0,803.0,9411,0,0,0,Pedestrian
86,93.0,746.0,145.0,803.0,9412,0,0,1,Pedestrian
86,93.0,746.0,145.0,803.0,9413,0,0,1,Pedestrian
86,90.0,746.0,143.0,803.0,9414,0,0,1,Pedestrian
86,90.0,746.0,143.0,803.0,9415,0,0,1,Pedestrian
86,88.0,746.0,140.0,803.0,9416,0,0,1,Pedestrian
86,88.0,746.0,140.0,803.0,9417,0,0,1,Pedestrian
86,88.0,746.0,137.0,803.0,9418,0,0,1,Pedestrian
86,85.0,746.0,137.0,803.0,9419,0,0,1,Pedestrian
86,85.0,746.0,134.0,803.0,9420,0,0,1,Pedestrian
86,82.0,746.0,134.0,803.0,9421,0,0,1,Pedestrian
86,82.0,746.0,132.0,803.0,9422,0,0,1,Pedestrian
86,82.0,746.0,132.0,803.0,9423,0,0,1,Pedestrian
86,79.0,746.0,129.0,803.0,9424,0,0,1,Pedestrian
86,79.0,746.0,129.0,803.0,9425,0,0,1,Pedestrian
86,77.0,746.0,126.0,803.0,9426,0,0,1,Pedestrian
86,77.0,746.0,126.0,803.0,9427,0,0,1,Pedestrian
86,77.0,746.0,123.0,803.0,9428,0,0,1,Pedestrian
86,74.0,746.0,123.0,803.0,9429,0,0,1,Pedestrian
86,74.0,746.0,121.0,803.0,9430,0,0,1,Pedestrian
86,71.0,746.0,121.0,803.0,9431,0,0,1,Pedestrian
86,71.0,746.0,118.0,803.0,9432,0,0,1,Pedestrian
86,71.0,746.0,118.0,803.0,9433,0,0,1,Pedestrian
86,68.0,746.0,115.0,803.0,9434,0,0,1,Pedestrian
86,68.0,746.0,115.0,803.0,9435,0,0,1,Pedestrian
86,66.0,746.0,112.0,803.0,9436,0,0,1,Pedestrian
86,66.0,746.0,112.0,803.0,9437,0,0,1,Pedestrian
86,66.0,746.0,110.0,803.0,9438,0,0,1,Pedestrian
86,63.0,746.0,110.0,803.0,9439,0,0,1,Pedestrian
86,63.0,749.0,107.0,806.0,9440,0,0,1,Pedestrian
86,60.0,749.0,107.0,806.0,9441,0,0,1,Pedestrian
86,60.0,749.0,104.0,806.0,9442,0,0,1,Pedestrian
86,60.0,749.0,104.0,806.0,9443,0,0,1,Pedestrian
86,57.0,749.0,101.0,806.0,9444,0,0,1,Pedestrian
86,57.0,749.0,101.0,806.0,9445,0,0,1,Pedestrian
86,55.0,749.0,99.0,806.0,9446,0,0,1,Pedestrian
86,55.0,749.0,99.0,806.0,9447,0,0,1,Pedestrian
86,55.0,749.0,96.0,806.0,9448,0,0,1,Pedestrian
86,52.0,749.0,96.0,806.0,9449,0,0,1,Pedestrian
86,52.0,749.0,93.0,806.0,9450,0,0,1,Pedestrian
86,49.0,749.0,93.0,806.0,9451,0,0,1,Pedestrian
86,49.0,749.0,90.0,806.0,9452,0,0,1,Pedestrian
86,49.0,749.0,90.0,806.0,9453,0,0,1,Pedestrian
86,46.0,749.0,88.0,806.0,9454,0,0,1,Pedestrian
86,46.0,749.0,88.0,806.0,9455,0,0,1,Pedestrian
86,44.0,749.0,85.0,806.0,9456,0,0,1,Pedestrian
86,44.0,749.0,85.0,806.0,9457,0,0,1,Pedestrian
86,44.0,749.0,82.0,806.0,9458,0,0,1,Pedestrian
86,41.0,749.0,82.0,806.0,9459,0,0,1,Pedestrian
86,41.0,749.0,79.0,806.0,9460,0,0,1,Pedestrian
86,38.0,749.0,79.0,806.0,9461,0,0,1,Pedestrian
86,38.0,749.0,77.0,806.0,9462,0,0,1,Pedestrian
86,38.0,749.0,77.0,806.0,9463,0,0,1,Pedestrian
86,35.0,749.0,74.0,806.0,9464,0,0,1,Pedestrian
86,35.0,749.0,74.0,806.0,9465,0,0,1,Pedestrian
86,33.0,749.0,71.0,806.0,9466,0,0,1,Pedestrian
86,33.0,749.0,71.0,806.0,9467,0,0,1,Pedestrian
86,33.0,749.0,68.0,806.0,9468,0,0,1,Pedestrian
86,30.0,751.0,68.0,808.0,9469,0,0,1,Pedestrian
86,30.0,751.0,66.0,808.0,9470,0,0,1,Pedestrian
86,27.0,751.0,66.0,808.0,9471,0,0,1,Pedestrian
86,27.0,751.0,63.0,808.0,9472,0,0,1,Pedestrian
86,27.0,751.0,63.0,808.0,9473,0,0,1,Pedestrian
86,24.0,751.0,60.0,808.0,9474,0,0,1,Pedestrian
86,24.0,751.0,60.0,808.0,9475,0,0,1,Pedestrian
86,22.0,751.0,57.0,808.0,9476,0,0,1,Pedestrian
86,22.0,751.0,57.0,808.0,9477,0,0,1,Pedestrian
86,22.0,751.0,55.0,808.0,9478,0,0,1,Pedestrian
86,19.0,751.0,55.0,808.0,9479,0,0,1,Pedestrian
86,19.0,751.0,52.0,808.0,9480,0,0,1,Pedestrian
86,16.0,751.0,52.0,808.0,9481,0,0,1,Pedestrian
86,16.0,751.0,49.0,808.0,9482,0,0,1,Pedestrian
86,16.0,751.0,49.0,808.0,9483,0,0,1,Pedestrian
86,13.0,751.0,46.0,808.0,9484,0,0,1,Pedestrian
86,13.0,751.0,46.0,808.0,9485,0,0,1,Pedestrian
86,11.0,751.0,44.0,808.0,9486,0,0,1,Pedestrian
86,11.0,751.0,44.0,808.0,9487,0,0,1,Pedestrian
86,11.0,751.0,41.0,808.0,9488,0,0,1,Pedestrian
86,8.0,751.0,41.0,808.0,9489,0,0,1,Pedestrian
86,8.0,751.0,38.0,808.0,9490,0,0,1,Pedestrian
86,5.0,751.0,38.0,808.0,9491,0,0,1,Pedestrian
86,5.0,751.0,35.0,808.0,9492,0,0,1,Pedestrian
86,5.0,751.0,35.0,808.0,9493,0,0,1,Pedestrian
86,2.0,751.0,33.0,808.0,9494,0,0,1,Pedestrian
86,2.0,751.0,33.0,808.0,9495,0,0,1,Pedestrian
86,0.0,751.0,30.0,808.0,9496,0,0,1,Pedestrian
86,0.0,751.0,30.0,808.0,9497,0,0,1,Pedestrian
86,0.0,753.0,30.0,810.0,9498,1,0,0,Pedestrian
86,0.0,753.0,30.0,810.0,9499,1,0,1,Pedestrian
86,0.0,753.0,30.0,810.0,9500,1,0,0,Pedestrian
86,0.0,753.0,33.0,810.0,9501,1,0,1,Pedestrian
86,0.0,753.0,35.0,810.0,9502,1,0,1,Pedestrian
86,0.0,755.0,38.0,810.0,9503,1,0,1,Pedestrian
86,0.0,755.0,41.0,810.0,9504,1,0,1,Pedestrian
86,0.0,758.0,44.0,810.0,9505,1,0,1,Pedestrian
86,0.0,758.0,46.0,810.0,9506,1,0,1,Pedestrian
86,0.0,758.0,49.0,810.0,9507,1,0,1,Pedestrian
86,0.0,760.0,52.0,810.0,9508,1,0,1,Pedestrian
86,0.0,760.0,55.0,810.0,9509,1,0,1,Pedestrian
86,0.0,762.0,60.0,810.0,9510,0,0,0,Pedestrian
86,0.0,762.0,60.0,810.0,9511,0,0,1,Pedestrian
86,0.0,762.0,60.0,810.0,9512,0,0,1,Pedestrian
86,0.0,762.0,60.0,810.0,9513,0,0,1,Pedestrian
86,0.0,762.0,60.0,810.0,9514,0,0,1,Pedestrian
86,0.0,762.0,60.0,810.0,9515,0,0,1,Pedestrian
86,0.0,762.0,60.0,810.0,9516,0,0,1,Pedestrian
86,0.0,762.0,60.0,810.0,9517,0,0,1,Pedestrian
86,0.0,762.0,60.0,810.0,9518,0,0,1,Pedestrian
86,0.0,762.0,60.0,810.0,9519,0,0,1,Pedestrian
86,0.0,762.0,60.0,810.0,9520,1,0,0,Pedestrian
86,0.0,762.0,60.0,810.0,9521,1,0,1,Pedestrian
86,0.0,762.0,60.0,810.0,9522,1,0,1,Pedestrian
86,0.0,762.0,60.0,810.0,9523,1,0,1,Pedestrian
86,0.0,762.0,60.0,810.0,9524,1,0,1,Pedestrian
86,0.0,762.0,60.0,810.0,9525,1,0,1,Pedestrian
86,0.0,762.0,60.0,810.0,9526,1,0,1,Pedestrian
86,0.0,762.0,60.0,810.0,9527,1,0,1,Pedestrian
86,0.0,762.0,60.0,810.0,9528,1,0,0,Pedestrian
86,0.0,762.0,60.0,810.0,9529,1,0,1,Pedestrian
86,0.0,762.0,60.0,810.0,9530,1,0,1,Pedestrian
86,0.0,762.0,60.0,810.0,9531,1,0,1,Pedestrian
86,0.0,762.0,60.0,810.0,9532,1,0,1,Pedestrian
86,0.0,762.0,60.0,810.0,9533,1,0,1,Pedestrian
86,0.0,762.0,60.0,810.0,9534,1,0,1,Pedestrian
86,0.0,762.0,60.0,810.0,9535,1,0,1,Pedestrian
86,0.0,762.0,60.0,810.0,9536,1,0,1,Pedestrian
86,0.0,762.0,60.0,810.0,9537,1,0,1,Pedestrian
86,0.0,762.0,60.0,810.0,9538,1,0,1,Pedestrian
86,0.0,762.0,60.0,810.0,9539,1,0,1,Pedestrian
86,0.0,762.0,60.0,810.0,9540,1,0,1,Pedestrian
86,0.0,762.0,60.0,810.0,9541,1,0,1,Pedestrian
86,0.0,762.0,60.0,810.0,9542,1,0,1,Pedestrian
86,0.0,762.0,60.0,810.0,9543,1,0,1,Pedestrian
86,0.0,762.0,60.0,810.0,9544,1,0,1,Pedestrian
86,0.0,762.0,60.0,810.0,9545,1,0,1,Pedestrian
86,0.0,762.0,60.0,810.0,9546,1,0,1,Pedestrian
86,0.0,762.0,60.0,810.0,9547,1,0,1,Pedestrian
86,0.0,762.0,60.0,810.0,9548,1,0,1,Pedestrian
86,0.0,762.0,60.0,810.0,9549,1,0,1,Pedestrian
86,0.0,762.0,60.0,810.0,9550,1,0,1,Pedestrian
86,0.0,762.0,60.0,810.0,9551,1,0,1,Pedestrian
86,0.0,762.0,60.0,810.0,9552,1,0,1,Pedestrian
86,0.0,762.0,60.0,810.0,9553,1,0,1,Pedestrian
86,0.0,762.0,60.0,810.0,9554,1,0,1,Pedestrian
86,0.0,762.0,60.0,810.0,9555,1,0,1,Pedestrian
86,0.0,762.0,60.0,810.0,9556,1,0,1,Pedestrian
86,0.0,762.0,60.0,810.0,9557,1,0,1,Pedestrian
86,0.0,762.0,60.0,810.0,9558,1,0,1,Pedestrian
86,0.0,762.0,60.0,810.0,9559,1,0,1,Pedestrian
86,0.0,762.0,60.0,810.0,9560,1,0,1,Pedestrian
86,0.0,762.0,60.0,810.0,9561,1,0,1,Pedestrian
86,0.0,762.0,60.0,810.0,9562,1,0,1,Pedestrian
86,0.0,762.0,60.0,810.0,9563,1,0,1,Pedestrian
86,0.0,762.0,60.0,810.0,9564,1,0,1,Pedestrian
86,0.0,762.0,60.0,810.0,9565,1,0,1,Pedestrian
86,0.0,762.0,60.0,810.0,9566,1,0,1,Pedestrian
86,0.0,762.0,60.0,810.0,9567,1,0,1,Pedestrian
86,0.0,762.0,60.0,810.0,9568,1,0,1,Pedestrian
86,0.0,762.0,60.0,810.0,9569,1,0,1,Pedestrian
86,0.0,762.0,60.0,810.0,9570,1,0,1,Pedestrian
86,0.0,762.0,60.0,810.0,9571,1,0,1,Pedestrian
86,0.0,762.0,60.0,810.0,9572,1,0,1,Pedestrian
86,0.0,762.0,60.0,810.0,9573,1,0,1,Pedestrian
86,0.0,762.0,60.0,810.0,9574,1,0,1,Pedestrian
86,0.0,762.0,60.0,810.0,9575,1,0,1,Pedestrian
86,0.0,762.0,60.0,810.0,9576,1,0,1,Pedestrian
86,0.0,762.0,60.0,810.0,9577,1,0,1,Pedestrian
86,0.0,762.0,60.0,810.0,9578,1,0,1,Pedestrian
86,0.0,762.0,60.0,810.0,9579,1,0,1,Pedestrian
86,0.0,762.0,60.0,810.0,9580,1,0,1,Pedestrian
86,0.0,762.0,60.0,810.0,9581,1,0,1,Pedestrian
86,0.0,762.0,60.0,810.0,9582,1,0,1,Pedestrian
86,0.0,762.0,60.0,810.0,9583,1,0,1,Pedestrian
86,0.0,762.0,60.0,810.0,9584,1,0,1,Pedestrian
86,0.0,762.0,60.0,810.0,9585,1,0,1,Pedestrian
86,0.0,762.0,60.0,810.0,9586,1,0,1,Pedestrian
86,0.0,762.0,60.0,810.0,9587,1,0,1,Pedestrian
86,0.0,762.0,60.0,810.0,9588,1,0,1,Pedestrian
86,0.0,762.0,60.0,810.0,9589,1,0,1,Pedestrian
86,0.0,762.0,60.0,810.0,9590,1,0,1,Pedestrian
86,0.0,762.0,60.0,810.0,9591,1,0,1,Pedestrian
86,0.0,762.0,60.0,810.0,9592,1,0,1,Pedestrian
86,0.0,762.0,60.0,810.0,9593,1,0,1,Pedestrian
86,0.0,762.0,60.0,810.0,9594,1,0,1,Pedestrian
86,0.0,762.0,60.0,810.0,9595,1,0,1,Pedestrian
86,0.0,762.0,60.0,810.0,9596,1,0,1,Pedestrian
86,0.0,762.0,60.0,810.0,9597,1,0,1,Pedestrian
86,0.0,762.0,60.0,810.0,9598,1,0,1,Pedestrian
86,0.0,762.0,60.0,810.0,9599,1,0,1,Pedestrian
86,0.0,762.0,60.0,810.0,9600,1,0,1,Pedestrian
86,0.0,762.0,60.0,810.0,9601,1,0,1,Pedestrian
86,0.0,762.0,60.0,810.0,9602,1,0,1,Pedestrian
86,0.0,762.0,60.0,810.0,9603,1,0,1,Pedestrian
86,0.0,762.0,60.0,810.0,9604,1,0,1,Pedestrian
86,0.0,762.0,60.0,810.0,9605,1,0,1,Pedestrian
86,0.0,762.0,60.0,810.0,9606,1,0,1,Pedestrian
86,0.0,762.0,60.0,810.0,9607,1,0,1,Pedestrian
86,0.0,762.0,60.0,810.0,9608,1,0,1,Pedestrian
86,0.0,762.0,60.0,810.0,9609,1,0,1,Pedestrian
86,0.0,762.0,60.0,810.0,9610,1,0,1,Pedestrian
86,0.0,762.0,60.0,810.0,9611,1,0,1,Pedestrian
86,0.0,762.0,60.0,810.0,9612,1,0,1,Pedestrian
86,0.0,762.0,60.0,810.0,9613,1,0,1,Pedestrian
86,0.0,762.0,60.0,810.0,9614,1,0,1,Pedestrian
86,0.0,762.0,60.0,810.0,9615,1,0,1,Pedestrian
86,0.0,762.0,60.0,810.0,9616,1,0,1,Pedestrian
86,0.0,762.0,60.0,810.0,9617,1,0,1,Pedestrian
86,0.0,762.0,60.0,810.0,9618,1,0,1,Pedestrian
86,0.0,762.0,60.0,810.0,9619,1,0,1,Pedestrian
86,0.0,762.0,60.0,810.0,9620,1,0,1,Pedestrian
86,0.0,762.0,60.0,810.0,9621,1,0,1,Pedestrian
86,0.0,762.0,60.0,810.0,9622,1,0,1,Pedestrian
86,0.0,762.0,60.0,810.0,9623,1,0,1,Pedestrian
86,0.0,762.0,60.0,810.0,9624,1,0,1,Pedestrian
86,0.0,762.0,60.0,810.0,9625,1,0,1,Pedestrian
86,0.0,762.0,60.0,810.0,9626,1,0,1,Pedestrian
86,0.0,762.0,60.0,810.0,9627,1,0,1,Pedestrian
86,0.0,762.0,60.0,810.0,9628,1,0,1,Pedestrian
86,0.0,762.0,60.0,810.0,9629,1,0,1,Pedestrian
86,0.0,762.0,60.0,810.0,9630,1,0,1,Pedestrian
86,0.0,762.0,60.0,810.0,9631,1,0,1,Pedestrian
86,0.0,762.0,60.0,810.0,9632,1,0,1,Pedestrian
86,0.0,762.0,60.0,810.0,9633,1,0,1,Pedestrian
86,0.0,762.0,60.0,810.0,9634,1,0,1,Pedestrian
86,0.0,762.0,60.0,810.0,9635,1,0,1,Pedestrian
86,0.0,762.0,60.0,810.0,9636,1,0,1,Pedestrian
86,0.0,762.0,60.0,810.0,9637,1,0,1,Pedestrian
86,0.0,762.0,60.0,810.0,9638,1,0,1,Pedestrian
86,0.0,762.0,60.0,810.0,9639,1,0,1,Pedestrian
86,0.0,762.0,60.0,810.0,9640,1,0,1,Pedestrian
86,0.0,762.0,60.0,810.0,9641,1,0,1,Pedestrian
86,0.0,762.0,60.0,810.0,9642,1,0,1,Pedestrian
86,0.0,762.0,60.0,810.0,9643,1,0,1,Pedestrian
86,0.0,762.0,60.0,810.0,9644,1,0,1,Pedestrian
86,0.0,762.0,60.0,810.0,9645,1,0,1,Pedestrian
86,0.0,762.0,60.0,810.0,9646,1,0,1,Pedestrian
86,0.0,762.0,60.0,810.0,9647,1,0,1,Pedestrian
86,0.0,762.0,60.0,810.0,9648,1,0,1,Pedestrian
86,0.0,762.0,60.0,810.0,9649,1,0,1,Pedestrian
86,0.0,762.0,60.0,810.0,9650,1,0,1,Pedestrian
86,0.0,762.0,60.0,810.0,9651,1,0,1,Pedestrian
86,0.0,762.0,60.0,810.0,9652,1,0,1,Pedestrian
86,0.0,762.0,60.0,810.0,9653,1,0,1,Pedestrian
86,0.0,762.0,60.0,810.0,9654,1,0,1,Pedestrian
86,0.0,762.0,60.0,810.0,9655,1,0,1,Pedestrian
86,0.0,762.0,60.0,810.0,9656,1,0,1,Pedestrian
86,0.0,762.0,60.0,810.0,9657,1,0,1,Pedestrian
86,0.0,762.0,60.0,810.0,9658,1,0,1,Pedestrian
86,0.0,762.0,60.0,810.0,9659,1,0,1,Pedestrian
86,0.0,762.0,60.0,810.0,9660,1,0,1,Pedestrian
86,0.0,762.0,60.0,810.0,9661,1,0,1,Pedestrian
86,0.0,762.0,60.0,810.0,9662,1,0,1,Pedestrian
86,0.0,762.0,60.0,810.0,9663,1,0,1,Pedestrian
86,0.0,762.0,60.0,810.0,9664,1,0,1,Pedestrian
86,0.0,762.0,60.0,810.0,9665,1,0,1,Pedestrian
86,0.0,762.0,60.0,810.0,9666,1,0,1,Pedestrian
86,0.0,762.0,60.0,810.0,9667,1,0,1,Pedestrian
86,0.0,762.0,60.0,810.0,9668,1,0,1,Pedestrian
86,0.0,762.0,60.0,810.0,9669,1,0,1,Pedestrian
86,0.0,762.0,60.0,810.0,9670,1,0,1,Pedestrian
86,0.0,762.0,60.0,810.0,9671,1,0,1,Pedestrian
86,0.0,762.0,60.0,810.0,9672,1,0,1,Pedestrian
86,0.0,762.0,60.0,810.0,9673,1,0,1,Pedestrian
86,0.0,762.0,60.0,810.0,9674,1,0,1,Pedestrian
86,0.0,762.0,60.0,810.0,9675,1,0,1,Pedestrian
86,0.0,762.0,60.0,810.0,9676,1,0,1,Pedestrian
86,0.0,762.0,60.0,810.0,9677,1,0,1,Pedestrian
86,0.0,762.0,60.0,810.0,9678,1,0,1,Pedestrian
86,0.0,762.0,60.0,810.0,9679,1,0,1,Pedestrian
86,0.0,762.0,60.0,810.0,9680,1,0,1,Pedestrian
86,0.0,762.0,60.0,810.0,9681,1,0,1,Pedestrian
86,0.0,762.0,60.0,810.0,9682,1,0,1,Pedestrian
86,0.0,762.0,60.0,810.0,9683,1,0,1,Pedestrian
86,0.0,762.0,60.0,810.0,9684,1,0,1,Pedestrian
86,0.0,762.0,60.0,810.0,9685,1,0,1,Pedestrian
86,0.0,762.0,60.0,810.0,9686,1,0,1,Pedestrian
86,0.0,762.0,60.0,810.0,9687,1,0,1,Pedestrian
86,0.0,762.0,60.0,810.0,9688,1,0,1,Pedestrian
86,0.0,762.0,60.0,810.0,9689,1,0,1,Pedestrian
86,0.0,762.0,60.0,810.0,9690,1,0,1,Pedestrian
86,0.0,762.0,60.0,810.0,9691,1,0,1,Pedestrian
86,0.0,762.0,60.0,810.0,9692,1,0,1,Pedestrian
86,0.0,762.0,60.0,810.0,9693,1,0,1,Pedestrian
86,0.0,762.0,60.0,810.0,9694,1,0,1,Pedestrian
86,0.0,762.0,60.0,810.0,9695,1,0,1,Pedestrian
86,0.0,762.0,60.0,810.0,9696,1,0,1,Pedestrian
86,0.0,762.0,60.0,810.0,9697,1,0,1,Pedestrian
86,0.0,762.0,60.0,810.0,9698,1,0,1,Pedestrian
86,0.0,762.0,60.0,810.0,9699,1,0,1,Pedestrian
86,0.0,762.0,60.0,810.0,9700,1,0,1,Pedestrian
86,0.0,762.0,60.0,810.0,9701,1,0,1,Pedestrian
86,0.0,762.0,60.0,810.0,9702,1,0,1,Pedestrian
86,0.0,762.0,60.0,810.0,9703,1,0,1,Pedestrian
86,0.0,762.0,60.0,810.0,9704,1,0,1,Pedestrian
86,0.0,762.0,60.0,810.0,9705,1,0,1,Pedestrian
86,0.0,762.0,60.0,810.0,9706,1,0,1,Pedestrian
86,0.0,762.0,60.0,810.0,9707,1,0,1,Pedestrian
86,0.0,762.0,60.0,810.0,9708,1,0,1,Pedestrian
86,0.0,762.0,60.0,810.0,9709,1,0,1,Pedestrian
86,0.0,762.0,60.0,810.0,9710,1,0,1,Pedestrian
86,0.0,762.0,60.0,810.0,9711,1,0,1,Pedestrian
86,0.0,762.0,60.0,810.0,9712,1,0,1,Pedestrian
86,0.0,762.0,60.0,810.0,9713,1,0,1,Pedestrian
86,0.0,762.0,60.0,810.0,9714,1,0,1,Pedestrian
86,0.0,762.0,60.0,810.0,9715,1,0,1,Pedestrian
86,0.0,762.0,60.0,810.0,9716,1,0,1,Pedestrian
86,0.0,762.0,60.0,810.0,9717,1,0,1,Pedestrian
86,0.0,762.0,60.0,810.0,9718,1,0,1,Pedestrian
86,0.0,762.0,60.0,810.0,9719,1,0,1,Pedestrian
86,0.0,762.0,60.0,810.0,9720,1,0,1,Pedestrian
86,0.0,762.0,60.0,810.0,9721,1,0,1,Pedestrian
86,0.0,762.0,60.0,810.0,9722,1,0,1,Pedestrian
86,0.0,762.0,60.0,810.0,9723,1,0,1,Pedestrian
86,0.0,762.0,60.0,810.0,9724,1,0,1,Pedestrian
86,0.0,762.0,60.0,810.0,9725,1,0,1,Pedestrian
86,0.0,762.0,60.0,810.0,9726,1,0,1,Pedestrian
86,0.0,762.0,60.0,810.0,9727,1,0,1,Pedestrian
86,0.0,762.0,60.0,810.0,9728,1,0,1,Pedestrian
86,0.0,762.0,60.0,810.0,9729,1,0,1,Pedestrian
86,0.0,762.0,60.0,810.0,9730,1,0,1,Pedestrian
86,0.0,762.0,60.0,810.0,9731,1,0,1,Pedestrian
86,0.0,762.0,60.0,810.0,9732,1,0,1,Pedestrian
86,0.0,762.0,60.0,810.0,9733,1,0,1,Pedestrian
86,0.0,762.0,60.0,810.0,9734,1,0,1,Pedestrian
86,0.0,762.0,60.0,810.0,9735,1,0,1,Pedestrian
86,0.0,762.0,60.0,810.0,9736,1,0,1,Pedestrian
86,0.0,762.0,60.0,810.0,9737,1,0,1,Pedestrian
86,0.0,762.0,60.0,810.0,9738,1,0,1,Pedestrian
86,0.0,762.0,60.0,810.0,9739,1,0,1,Pedestrian
86,0.0,762.0,60.0,810.0,9740,1,0,1,Pedestrian
86,0.0,762.0,60.0,810.0,9741,1,0,1,Pedestrian
86,0.0,762.0,60.0,810.0,9742,1,0,1,Pedestrian
86,0.0,762.0,60.0,810.0,9743,1,0,1,Pedestrian
86,0.0,762.0,60.0,810.0,9744,1,0,1,Pedestrian
86,0.0,762.0,60.0,810.0,9745,1,0,1,Pedestrian
86,0.0,762.0,60.0,810.0,9746,1,0,1,Pedestrian
86,0.0,762.0,60.0,810.0,9747,1,0,1,Pedestrian
86,0.0,762.0,60.0,810.0,9748,1,0,1,Pedestrian
86,0.0,762.0,60.0,810.0,9749,1,0,1,Pedestrian
86,0.0,762.0,60.0,810.0,9750,1,0,1,Pedestrian
86,0.0,762.0,60.0,810.0,9751,1,0,1,Pedestrian
86,0.0,762.0,60.0,810.0,9752,1,0,1,Pedestrian
86,0.0,762.0,60.0,810.0,9753,1,0,1,Pedestrian
86,0.0,762.0,60.0,810.0,9754,1,0,1,Pedestrian
86,0.0,762.0,60.0,810.0,9755,1,0,1,Pedestrian
86,0.0,762.0,60.0,810.0,9756,1,0,1,Pedestrian
86,0.0,762.0,60.0,810.0,9757,1,0,1,Pedestrian
86,0.0,762.0,60.0,810.0,9758,1,0,1,Pedestrian
86,0.0,762.0,60.0,810.0,9759,1,0,1,Pedestrian
86,0.0,762.0,60.0,810.0,9760,1,0,1,Pedestrian
86,0.0,762.0,60.0,810.0,9761,1,0,1,Pedestrian
86,0.0,762.0,60.0,810.0,9762,1,0,1,Pedestrian
86,0.0,762.0,60.0,810.0,9763,1,0,1,Pedestrian
86,0.0,762.0,60.0,810.0,9764,1,0,1,Pedestrian
86,0.0,762.0,60.0,810.0,9765,1,0,1,Pedestrian
86,0.0,762.0,60.0,810.0,9766,1,0,1,Pedestrian
86,0.0,762.0,60.0,810.0,9767,1,0,1,Pedestrian
86,0.0,762.0,60.0,810.0,9768,1,0,1,Pedestrian
86,0.0,762.0,60.0,810.0,9769,1,0,1,Pedestrian
86,0.0,762.0,60.0,810.0,9770,1,0,1,Pedestrian
86,0.0,762.0,60.0,810.0,9771,1,0,1,Pedestrian
86,0.0,762.0,60.0,810.0,9772,1,0,1,Pedestrian
86,0.0,762.0,60.0,810.0,9773,1,0,1,Pedestrian
86,0.0,762.0,60.0,810.0,9774,1,0,1,Pedestrian
86,0.0,762.0,60.0,810.0,9775,1,0,1,Pedestrian
86,0.0,762.0,60.0,810.0,9776,1,0,1,Pedestrian
86,0.0,762.0,60.0,810.0,9777,1,0,1,Pedestrian
86,0.0,762.0,60.0,810.0,9778,1,0,1,Pedestrian
86,0.0,762.0,60.0,810.0,9779,1,0,1,Pedestrian
86,0.0,762.0,60.0,810.0,9780,1,0,1,Pedestrian
86,0.0,762.0,60.0,810.0,9781,1,0,1,Pedestrian
86,0.0,762.0,60.0,810.0,9782,1,0,1,Pedestrian
86,0.0,762.0,60.0,810.0,9783,1,0,1,Pedestrian
86,0.0,762.0,60.0,810.0,9784,1,0,1,Pedestrian
86,0.0,762.0,60.0,810.0,9785,1,0,1,Pedestrian
86,0.0,762.0,60.0,810.0,9786,1,0,1,Pedestrian
86,0.0,762.0,60.0,810.0,9787,1,0,1,Pedestrian
86,0.0,762.0,60.0,810.0,9788,1,0,1,Pedestrian
86,0.0,762.0,60.0,810.0,9789,1,0,1,Pedestrian
86,0.0,762.0,60.0,810.0,9790,1,0,1,Pedestrian
86,0.0,762.0,60.0,810.0,9791,1,0,1,Pedestrian
86,0.0,762.0,60.0,810.0,9792,1,0,1,Pedestrian
86,0.0,762.0,60.0,810.0,9793,1,0,1,Pedestrian
86,0.0,762.0,60.0,810.0,9794,1,0,1,Pedestrian
86,0.0,762.0,60.0,810.0,9795,1,0,1,Pedestrian
86,0.0,762.0,60.0,810.0,9796,1,0,1,Pedestrian
86,0.0,762.0,60.0,810.0,9797,1,0,1,Pedestrian
86,0.0,762.0,60.0,810.0,9798,1,0,1,Pedestrian
86,0.0,762.0,60.0,810.0,9799,1,0,1,Pedestrian
86,0.0,762.0,60.0,810.0,9800,1,0,1,Pedestrian
86,0.0,762.0,60.0,810.0,9801,1,0,1,Pedestrian
86,0.0,762.0,60.0,810.0,9802,1,0,1,Pedestrian
86,0.0,762.0,60.0,810.0,9803,1,0,1,Pedestrian
86,0.0,762.0,60.0,810.0,9804,1,0,1,Pedestrian
86,0.0,762.0,60.0,810.0,9805,1,0,1,Pedestrian
86,0.0,762.0,60.0,810.0,9806,1,0,1,Pedestrian
86,0.0,762.0,60.0,810.0,9807,1,0,1,Pedestrian
86,0.0,762.0,60.0,810.0,9808,1,0,1,Pedestrian
86,0.0,762.0,60.0,810.0,9809,1,0,1,Pedestrian
86,0.0,762.0,60.0,810.0,9810,1,0,1,Pedestrian
86,0.0,762.0,60.0,810.0,9811,1,0,1,Pedestrian
86,0.0,762.0,60.0,810.0,9812,1,0,1,Pedestrian
86,0.0,762.0,60.0,810.0,9813,1,0,1,Pedestrian
86,0.0,762.0,60.0,810.0,9814,1,0,1,Pedestrian
86,0.0,762.0,60.0,810.0,9815,1,0,1,Pedestrian
86,0.0,762.0,60.0,810.0,9816,1,0,1,Pedestrian
86,0.0,762.0,60.0,810.0,9817,1,0,1,Pedestrian
86,0.0,762.0,60.0,810.0,9818,1,0,1,Pedestrian
86,0.0,762.0,60.0,810.0,9819,1,0,1,Pedestrian
86,0.0,762.0,60.0,810.0,9820,1,0,1,Pedestrian
86,0.0,762.0,60.0,810.0,9821,1,0,1,Pedestrian
86,0.0,762.0,60.0,810.0,9822,1,0,1,Pedestrian
86,0.0,762.0,60.0,810.0,9823,1,0,1,Pedestrian
86,0.0,762.0,60.0,810.0,9824,1,0,1,Pedestrian
86,0.0,762.0,60.0,810.0,9825,1,0,1,Pedestrian
86,0.0,762.0,60.0,810.0,9826,1,0,1,Pedestrian
86,0.0,762.0,60.0,810.0,9827,1,0,1,Pedestrian
86,0.0,762.0,60.0,810.0,9828,1,0,1,Pedestrian
86,0.0,762.0,60.0,810.0,9829,1,0,1,Pedestrian
86,0.0,762.0,60.0,810.0,9830,1,0,1,Pedestrian
86,0.0,762.0,60.0,810.0,9831,1,0,1,Pedestrian
86,0.0,762.0,60.0,810.0,9832,1,0,1,Pedestrian
86,0.0,762.0,60.0,810.0,9833,1,0,1,Pedestrian
86,0.0,762.0,60.0,810.0,9834,1,0,1,Pedestrian
86,0.0,762.0,60.0,810.0,9835,1,0,1,Pedestrian
86,0.0,762.0,60.0,810.0,9836,1,0,1,Pedestrian
86,0.0,762.0,60.0,810.0,9837,1,0,1,Pedestrian
86,0.0,762.0,60.0,810.0,9838,1,0,1,Pedestrian
86,0.0,762.0,60.0,810.0,9839,1,0,1,Pedestrian
86,0.0,762.0,60.0,810.0,9840,1,0,1,Pedestrian
86,0.0,762.0,60.0,810.0,9841,1,0,1,Pedestrian
86,0.0,762.0,60.0,810.0,9842,1,0,1,Pedestrian
86,0.0,762.0,60.0,810.0,9843,1,0,1,Pedestrian
86,0.0,762.0,60.0,810.0,9844,1,0,1,Pedestrian
86,0.0,762.0,60.0,810.0,9845,1,0,1,Pedestrian
86,0.0,762.0,60.0,810.0,9846,1,0,1,Pedestrian
86,0.0,762.0,60.0,810.0,9847,1,0,1,Pedestrian
86,0.0,762.0,60.0,810.0,9848,1,0,1,Pedestrian
86,0.0,762.0,60.0,810.0,9849,1,0,1,Pedestrian
86,0.0,762.0,60.0,810.0,9850,1,0,1,Pedestrian
86,0.0,762.0,60.0,810.0,9851,1,0,1,Pedestrian
86,0.0,762.0,60.0,810.0,9852,1,0,1,Pedestrian
86,0.0,762.0,60.0,810.0,9853,1,0,1,Pedestrian
86,0.0,762.0,60.0,810.0,9854,1,0,1,Pedestrian
86,0.0,762.0,60.0,810.0,9855,1,0,1,Pedestrian
86,0.0,762.0,60.0,810.0,9856,1,0,1,Pedestrian
86,0.0,762.0,60.0,810.0,9857,1,0,1,Pedestrian
86,0.0,762.0,60.0,810.0,9858,1,0,1,Pedestrian
86,0.0,762.0,60.0,810.0,9859,1,0,1,Pedestrian
86,0.0,762.0,60.0,810.0,9860,1,0,1,Pedestrian
86,0.0,762.0,60.0,810.0,9861,1,0,1,Pedestrian
86,0.0,762.0,60.0,810.0,9862,1,0,1,Pedestrian
86,0.0,762.0,60.0,810.0,9863,1,0,1,Pedestrian
86,0.0,762.0,60.0,810.0,9864,1,0,1,Pedestrian
86,0.0,762.0,60.0,810.0,9865,1,0,1,Pedestrian
86,0.0,762.0,60.0,810.0,9866,1,0,1,Pedestrian
86,0.0,762.0,60.0,810.0,9867,1,0,1,Pedestrian
86,0.0,762.0,60.0,810.0,9868,1,0,1,Pedestrian
86,0.0,762.0,60.0,810.0,9869,1,0,1,Pedestrian
86,0.0,762.0,60.0,810.0,9870,1,0,1,Pedestrian
86,0.0,762.0,60.0,810.0,9871,1,0,1,Pedestrian
86,0.0,762.0,60.0,810.0,9872,1,0,1,Pedestrian
86,0.0,762.0,60.0,810.0,9873,1,0,1,Pedestrian
86,0.0,762.0,60.0,810.0,9874,1,0,1,Pedestrian
86,0.0,762.0,60.0,810.0,9875,1,0,1,Pedestrian
86,0.0,762.0,60.0,810.0,9876,1,0,1,Pedestrian
86,0.0,762.0,60.0,810.0,9877,1,0,1,Pedestrian
86,0.0,762.0,60.0,810.0,9878,1,0,1,Pedestrian
86,0.0,762.0,60.0,810.0,9879,1,0,1,Pedestrian
86,0.0,762.0,60.0,810.0,9880,1,0,1,Pedestrian
86,0.0,762.0,60.0,810.0,9881,1,0,1,Pedestrian
86,0.0,762.0,60.0,810.0,9882,1,0,1,Pedestrian
86,0.0,762.0,60.0,810.0,9883,1,0,1,Pedestrian
86,0.0,762.0,60.0,810.0,9884,1,0,1,Pedestrian
86,0.0,762.0,60.0,810.0,9885,1,0,1,Pedestrian
86,0.0,762.0,60.0,810.0,9886,1,0,1,Pedestrian
86,0.0,762.0,60.0,810.0,9887,1,0,1,Pedestrian
86,0.0,762.0,60.0,810.0,9888,1,0,1,Pedestrian
86,0.0,762.0,60.0,810.0,9889,1,0,1,Pedestrian
86,0.0,762.0,60.0,810.0,9890,1,0,1,Pedestrian
86,0.0,762.0,60.0,810.0,9891,1,0,1,Pedestrian
86,0.0,762.0,60.0,810.0,9892,1,0,1,Pedestrian
86,0.0,762.0,60.0,810.0,9893,1,0,1,Pedestrian
86,0.0,762.0,60.0,810.0,9894,1,0,1,Pedestrian
86,0.0,762.0,60.0,810.0,9895,1,0,1,Pedestrian
86,0.0,762.0,60.0,810.0,9896,1,0,1,Pedestrian
86,0.0,762.0,60.0,810.0,9897,1,0,1,Pedestrian
86,0.0,762.0,60.0,810.0,9898,1,0,1,Pedestrian
86,0.0,762.0,60.0,810.0,9899,1,0,1,Pedestrian
86,0.0,762.0,60.0,810.0,9900,1,0,1,Pedestrian
86,0.0,762.0,60.0,810.0,9901,1,0,1,Pedestrian
86,0.0,762.0,60.0,810.0,9902,1,0,1,Pedestrian
86,0.0,762.0,60.0,810.0,9903,1,0,1,Pedestrian
86,0.0,762.0,60.0,810.0,9904,1,0,1,Pedestrian
86,0.0,762.0,60.0,810.0,9905,1,0,1,Pedestrian
86,0.0,762.0,60.0,810.0,9906,1,0,1,Pedestrian
86,0.0,762.0,60.0,810.0,9907,1,0,1,Pedestrian
86,0.0,762.0,60.0,810.0,9908,1,0,1,Pedestrian
86,0.0,762.0,60.0,810.0,9909,1,0,1,Pedestrian
86,0.0,762.0,60.0,810.0,9910,1,0,1,Pedestrian
86,0.0,762.0,60.0,810.0,9911,1,0,1,Pedestrian
86,0.0,762.0,60.0,810.0,9912,1,0,1,Pedestrian
86,0.0,762.0,60.0,810.0,9913,1,0,1,Pedestrian
86,0.0,762.0,60.0,810.0,9914,1,0,1,Pedestrian
86,0.0,762.0,60.0,810.0,9915,1,0,1,Pedestrian
86,0.0,762.0,60.0,810.0,9916,1,0,1,Pedestrian
86,0.0,762.0,60.0,810.0,9917,1,0,1,Pedestrian
86,0.0,762.0,60.0,810.0,9918,1,0,1,Pedestrian
86,0.0,762.0,60.0,810.0,9919,1,0,1,Pedestrian
86,0.0,762.0,60.0,810.0,9920,1,0,1,Pedestrian
86,0.0,762.0,60.0,810.0,9921,1,0,1,Pedestrian
86,0.0,762.0,60.0,810.0,9922,1,0,1,Pedestrian
86,0.0,762.0,60.0,810.0,9923,1,0,1,Pedestrian
86,0.0,762.0,60.0,810.0,9924,1,0,1,Pedestrian
86,0.0,762.0,60.0,810.0,9925,1,0,1,Pedestrian
86,0.0,762.0,60.0,810.0,9926,1,0,1,Pedestrian
86,0.0,762.0,60.0,810.0,9927,1,0,1,Pedestrian
86,0.0,762.0,60.0,810.0,9928,1,0,1,Pedestrian
86,0.0,762.0,60.0,810.0,9929,1,0,1,Pedestrian
86,0.0,762.0,60.0,810.0,9930,1,0,1,Pedestrian
86,0.0,762.0,60.0,810.0,9931,1,0,1,Pedestrian
86,0.0,762.0,60.0,810.0,9932,1,0,1,Pedestrian
86,0.0,762.0,60.0,810.0,9933,1,0,1,Pedestrian
86,0.0,762.0,60.0,810.0,9934,1,0,1,Pedestrian
86,0.0,762.0,60.0,810.0,9935,1,0,1,Pedestrian
86,0.0,762.0,60.0,810.0,9936,1,0,1,Pedestrian
86,0.0,762.0,60.0,810.0,9937,1,0,1,Pedestrian
86,0.0,762.0,60.0,810.0,9938,1,0,1,Pedestrian
86,0.0,762.0,60.0,810.0,9939,1,0,1,Pedestrian
86,0.0,762.0,60.0,810.0,9940,1,0,1,Pedestrian
86,0.0,762.0,60.0,810.0,9941,1,0,1,Pedestrian
86,0.0,762.0,60.0,810.0,9942,1,0,1,Pedestrian
86,0.0,762.0,60.0,810.0,9943,1,0,1,Pedestrian
86,0.0,762.0,60.0,810.0,9944,1,0,1,Pedestrian
86,0.0,762.0,60.0,810.0,9945,1,0,1,Pedestrian
86,0.0,762.0,60.0,810.0,9946,1,0,1,Pedestrian
86,0.0,762.0,60.0,810.0,9947,1,0,1,Pedestrian
86,0.0,762.0,60.0,810.0,9948,1,0,1,Pedestrian
86,0.0,762.0,60.0,810.0,9949,1,0,1,Pedestrian
86,0.0,762.0,60.0,810.0,9950,1,0,1,Pedestrian
86,0.0,762.0,60.0,810.0,9951,1,0,1,Pedestrian
86,0.0,762.0,60.0,810.0,9952,1,0,1,Pedestrian
86,0.0,762.0,60.0,810.0,9953,1,0,1,Pedestrian
86,0.0,762.0,60.0,810.0,9954,1,0,1,Pedestrian
86,0.0,762.0,60.0,810.0,9955,1,0,1,Pedestrian
86,0.0,762.0,60.0,810.0,9956,1,0,1,Pedestrian
86,0.0,762.0,60.0,810.0,9957,1,0,1,Pedestrian
86,0.0,762.0,60.0,810.0,9958,1,0,1,Pedestrian
86,0.0,762.0,60.0,810.0,9959,1,0,1,Pedestrian
86,0.0,762.0,60.0,810.0,9960,1,0,1,Pedestrian
86,0.0,762.0,60.0,810.0,9961,1,0,1,Pedestrian
86,0.0,762.0,60.0,810.0,9962,1,0,1,Pedestrian
86,0.0,762.0,60.0,810.0,9963,1,0,1,Pedestrian
86,0.0,762.0,60.0,810.0,9964,1,0,1,Pedestrian
86,0.0,762.0,60.0,810.0,9965,1,0,1,Pedestrian
86,0.0,762.0,60.0,810.0,9966,1,0,1,Pedestrian
86,0.0,762.0,60.0,810.0,9967,1,0,1,Pedestrian
86,0.0,762.0,60.0,810.0,9968,1,0,1,Pedestrian
86,0.0,762.0,60.0,810.0,9969,1,0,1,Pedestrian
86,0.0,762.0,60.0,810.0,9970,1,0,1,Pedestrian
86,0.0,762.0,60.0,810.0,9971,1,0,1,Pedestrian
86,0.0,762.0,60.0,810.0,9972,1,0,1,Pedestrian
86,0.0,762.0,60.0,810.0,9973,1,0,1,Pedestrian
86,0.0,762.0,60.0,810.0,9974,1,0,1,Pedestrian
86,0.0,762.0,60.0,810.0,9975,1,0,1,Pedestrian
86,0.0,762.0,60.0,810.0,9976,1,0,1,Pedestrian
86,0.0,762.0,60.0,810.0,9977,1,0,1,Pedestrian
86,0.0,762.0,60.0,810.0,9978,1,0,1,Pedestrian
86,0.0,762.0,60.0,810.0,9979,1,0,1,Pedestrian
86,0.0,762.0,60.0,810.0,9980,1,0,1,Pedestrian
86,0.0,762.0,60.0,810.0,9981,1,0,1,Pedestrian
86,0.0,762.0,60.0,810.0,9982,1,0,1,Pedestrian
86,0.0,762.0,60.0,810.0,9983,1,0,1,Pedestrian
86,0.0,762.0,60.0,810.0,9984,1,0,1,Pedestrian
86,0.0,762.0,60.0,810.0,9985,1,0,1,Pedestrian
86,0.0,762.0,60.0,810.0,9986,1,0,1,Pedestrian
86,0.0,762.0,60.0,810.0,9987,1,0,1,Pedestrian
86,0.0,762.0,60.0,810.0,9988,1,0,1,Pedestrian
86,0.0,762.0,60.0,810.0,9989,1,0,1,Pedestrian
86,0.0,762.0,60.0,810.0,9990,1,0,1,Pedestrian
86,0.0,762.0,60.0,810.0,9991,1,0,1,Pedestrian
86,0.0,762.0,60.0,810.0,9992,1,0,1,Pedestrian
86,0.0,762.0,60.0,810.0,9993,1,0,1,Pedestrian
86,0.0,762.0,60.0,810.0,9994,1,0,1,Pedestrian
86,0.0,762.0,60.0,810.0,9995,1,0,1,Pedestrian
86,0.0,762.0,60.0,810.0,9996,1,0,1,Pedestrian
86,0.0,762.0,60.0,810.0,9997,1,0,1,Pedestrian
86,0.0,762.0,60.0,810.0,9998,1,0,1,Pedestrian
86,0.0,762.0,60.0,810.0,9999,1,0,1,Pedestrian
86,0.0,762.0,60.0,810.0,10000,1,0,1,Pedestrian
86,0.0,762.0,60.0,810.0,10001,1,0,1,Pedestrian
86,0.0,762.0,60.0,810.0,10002,1,0,1,Pedestrian
86,0.0,762.0,60.0,810.0,10003,1,0,1,Pedestrian
86,0.0,762.0,60.0,810.0,10004,1,0,1,Pedestrian
86,0.0,762.0,60.0,810.0,10005,1,0,1,Pedestrian
86,0.0,762.0,60.0,810.0,10006,1,0,1,Pedestrian
86,0.0,762.0,60.0,810.0,10007,1,0,1,Pedestrian
86,0.0,762.0,60.0,810.0,10008,1,0,1,Pedestrian
86,0.0,762.0,60.0,810.0,10009,1,0,1,Pedestrian
86,0.0,762.0,60.0,810.0,10010,1,0,1,Pedestrian
86,0.0,762.0,60.0,810.0,10011,1,0,1,Pedestrian
86,0.0,762.0,60.0,810.0,10012,1,0,1,Pedestrian
86,0.0,762.0,60.0,810.0,10013,1,0,1,Pedestrian
86,0.0,762.0,60.0,810.0,10014,1,0,1,Pedestrian
86,0.0,762.0,60.0,810.0,10015,1,0,1,Pedestrian
86,0.0,762.0,60.0,810.0,10016,1,0,1,Pedestrian
86,0.0,762.0,60.0,810.0,10017,1,0,1,Pedestrian
86,0.0,762.0,60.0,810.0,10018,1,0,1,Pedestrian
86,0.0,762.0,60.0,810.0,10019,1,0,1,Pedestrian
86,0.0,762.0,60.0,810.0,10020,1,0,1,Pedestrian
86,0.0,762.0,60.0,810.0,10021,1,0,1,Pedestrian
86,0.0,762.0,60.0,810.0,10022,1,0,1,Pedestrian
86,0.0,762.0,60.0,810.0,10023,1,0,1,Pedestrian
86,0.0,762.0,60.0,810.0,10024,1,0,1,Pedestrian
86,0.0,762.0,60.0,810.0,10025,1,0,1,Pedestrian
86,0.0,762.0,60.0,810.0,10026,1,0,1,Pedestrian
86,0.0,762.0,60.0,810.0,10027,1,0,1,Pedestrian
86,0.0,762.0,60.0,810.0,10028,1,0,1,Pedestrian
86,0.0,762.0,60.0,810.0,10029,1,0,1,Pedestrian
86,0.0,762.0,60.0,810.0,10030,1,0,1,Pedestrian
86,0.0,762.0,60.0,810.0,10031,1,0,0,Pedestrian
87,1914.0,803.0,1963.0,844.0,2500,1,0,0,Pedestrian
87,1914.0,801.0,1963.0,842.0,2501,1,0,1,Pedestrian
87,1914.0,801.0,1963.0,842.0,2502,1,0,1,Pedestrian
87,1914.0,801.0,1963.0,842.0,2503,1,0,1,Pedestrian
87,1914.0,801.0,1963.0,842.0,2504,1,0,1,Pedestrian
87,1914.0,801.0,1963.0,842.0,2505,1,0,1,Pedestrian
87,1914.0,801.0,1963.0,842.0,2506,1,0,1,Pedestrian
87,1914.0,801.0,1963.0,842.0,2507,1,0,1,Pedestrian
87,1914.0,801.0,1963.0,842.0,2508,1,0,1,Pedestrian
87,1914.0,801.0,1963.0,842.0,2509,1,0,1,Pedestrian
87,1914.0,801.0,1963.0,842.0,2510,1,0,1,Pedestrian
87,1914.0,801.0,1963.0,842.0,2511,1,0,1,Pedestrian
87,1914.0,801.0,1963.0,842.0,2512,1,0,1,Pedestrian
87,1914.0,801.0,1963.0,842.0,2513,1,0,1,Pedestrian
87,1914.0,801.0,1963.0,842.0,2514,1,0,1,Pedestrian
87,1914.0,801.0,1963.0,842.0,2515,1,0,1,Pedestrian
87,1914.0,801.0,1963.0,842.0,2516,1,0,1,Pedestrian
87,1914.0,801.0,1963.0,842.0,2517,1,0,1,Pedestrian
87,1914.0,801.0,1963.0,842.0,2518,1,0,1,Pedestrian
87,1914.0,801.0,1963.0,842.0,2519,1,0,1,Pedestrian
87,1914.0,801.0,1963.0,842.0,2520,1,0,1,Pedestrian
87,1914.0,801.0,1963.0,842.0,2521,1,0,1,Pedestrian
87,1914.0,801.0,1963.0,842.0,2522,1,0,1,Pedestrian
87,1914.0,801.0,1963.0,842.0,2523,1,0,1,Pedestrian
87,1914.0,801.0,1963.0,842.0,2524,1,0,1,Pedestrian
87,1914.0,801.0,1963.0,842.0,2525,1,0,1,Pedestrian
87,1914.0,801.0,1963.0,842.0,2526,1,0,1,Pedestrian
87,1914.0,801.0,1963.0,842.0,2527,1,0,1,Pedestrian
87,1914.0,801.0,1963.0,842.0,2528,1,0,1,Pedestrian
87,1914.0,801.0,1963.0,842.0,2529,1,0,1,Pedestrian
87,1914.0,801.0,1963.0,842.0,2530,1,0,1,Pedestrian
87,1914.0,801.0,1963.0,842.0,2531,1,0,1,Pedestrian
87,1914.0,801.0,1963.0,842.0,2532,1,0,1,Pedestrian
87,1914.0,801.0,1963.0,842.0,2533,1,0,1,Pedestrian
87,1914.0,801.0,1963.0,842.0,2534,1,0,1,Pedestrian
87,1914.0,801.0,1963.0,842.0,2535,1,0,1,Pedestrian
87,1914.0,801.0,1963.0,842.0,2536,1,0,1,Pedestrian
87,1914.0,801.0,1963.0,842.0,2537,1,0,1,Pedestrian
87,1914.0,801.0,1963.0,842.0,2538,0,0,0,Pedestrian
87,1911.0,799.0,1960.0,840.0,2539,0,0,1,Pedestrian
87,1911.0,799.0,1960.0,840.0,2540,0,0,1,Pedestrian
87,1908.0,799.0,1958.0,840.0,2541,0,0,1,Pedestrian
87,1908.0,799.0,1958.0,840.0,2542,0,0,1,Pedestrian
87,1905.0,799.0,1955.0,840.0,2543,0,0,1,Pedestrian
87,1905.0,799.0,1955.0,840.0,2544,0,0,1,Pedestrian
87,1903.0,799.0,1952.0,840.0,2545,0,0,1,Pedestrian
87,1903.0,799.0,1952.0,840.0,2546,0,0,1,Pedestrian
87,1900.0,799.0,1949.0,840.0,2547,0,0,1,Pedestrian
87,1900.0,799.0,1949.0,840.0,2548,0,0,1,Pedestrian
87,1897.0,799.0,1947.0,840.0,2549,0,0,1,Pedestrian
87,1897.0,799.0,1947.0,840.0,2550,0,0,1,Pedestrian
87,1894.0,799.0,1944.0,840.0,2551,0,0,1,Pedestrian
87,1894.0,799.0,1944.0,840.0,2552,0,0,1,Pedestrian
87,1892.0,799.0,1941.0,840.0,2553,0,0,1,Pedestrian
87,1892.0,799.0,1941.0,840.0,2554,0,0,1,Pedestrian
87,1889.0,799.0,1938.0,840.0,2555,0,0,1,Pedestrian
87,1889.0,799.0,1938.0,840.0,2556,0,0,1,Pedestrian
87,1889.0,799.0,1938.0,840.0,2557,0,0,1,Pedestrian
87,1886.0,799.0,1936.0,840.0,2558,0,0,1,Pedestrian
87,1886.0,799.0,1936.0,840.0,2559,0,0,1,Pedestrian
87,1883.0,799.0,1933.0,840.0,2560,0,0,1,Pedestrian
87,1883.0,799.0,1933.0,840.0,2561,0,0,1,Pedestrian
87,1881.0,799.0,1930.0,840.0,2562,0,0,1,Pedestrian
87,1881.0,799.0,1930.0,840.0,2563,0,0,1,Pedestrian
87,1878.0,799.0,1927.0,840.0,2564,0,0,1,Pedestrian
87,1878.0,799.0,1927.0,840.0,2565,0,0,1,Pedestrian
87,1875.0,799.0,1925.0,840.0,2566,0,0,1,Pedestrian
87,1875.0,799.0,1925.0,840.0,2567,0,0,1,Pedestrian
87,1872.0,799.0,1922.0,840.0,2568,0,0,1,Pedestrian
87,1872.0,799.0,1922.0,840.0,2569,0,0,1,Pedestrian
87,1870.0,799.0,1919.0,840.0,2570,0,0,1,Pedestrian
87,1870.0,799.0,1919.0,840.0,2571,0,0,1,Pedestrian
87,1867.0,799.0,1916.0,840.0,2572,0,0,1,Pedestrian
87,1867.0,799.0,1916.0,840.0,2573,0,0,1,Pedestrian
87,1864.0,799.0,1914.0,840.0,2574,0,0,1,Pedestrian
87,1864.0,799.0,1914.0,840.0,2575,0,0,1,Pedestrian
87,1864.0,799.0,1914.0,840.0,2576,0,0,1,Pedestrian
87,1861.0,799.0,1911.0,840.0,2577,0,0,1,Pedestrian
87,1861.0,799.0,1911.0,840.0,2578,0,0,1,Pedestrian
87,1859.0,799.0,1908.0,840.0,2579,0,0,1,Pedestrian
87,1859.0,799.0,1908.0,840.0,2580,0,0,1,Pedestrian
87,1856.0,799.0,1905.0,840.0,2581,0,0,1,Pedestrian
87,1856.0,799.0,1905.0,840.0,2582,0,0,1,Pedestrian
87,1853.0,799.0,1903.0,840.0,2583,0,0,1,Pedestrian
87,1853.0,799.0,1903.0,840.0,2584,0,0,1,Pedestrian
87,1850.0,799.0,1900.0,840.0,2585,0,0,1,Pedestrian
87,1850.0,799.0,1900.0,840.0,2586,0,0,1,Pedestrian
87,1848.0,799.0,1897.0,840.0,2587,0,0,1,Pedestrian
87,1848.0,799.0,1897.0,840.0,2588,0,0,1,Pedestrian
87,1845.0,799.0,1894.0,840.0,2589,0,0,1,Pedestrian
87,1845.0,799.0,1894.0,840.0,2590,0,0,1,Pedestrian
87,1842.0,799.0,1892.0,840.0,2591,0,0,1,Pedestrian
87,1842.0,799.0,1892.0,840.0,2592,0,0,1,Pedestrian
87,1839.0,799.0,1889.0,840.0,2593,0,0,1,Pedestrian
87,1839.0,799.0,1889.0,840.0,2594,0,0,1,Pedestrian
87,1839.0,799.0,1889.0,840.0,2595,0,0,1,Pedestrian
87,1837.0,799.0,1886.0,840.0,2596,0,0,1,Pedestrian
87,1837.0,799.0,1886.0,840.0,2597,0,0,1,Pedestrian
87,1834.0,799.0,1883.0,840.0,2598,0,0,1,Pedestrian
87,1834.0,799.0,1883.0,840.0,2599,0,0,1,Pedestrian
87,1831.0,799.0,1881.0,840.0,2600,0,0,1,Pedestrian
87,1831.0,799.0,1881.0,840.0,2601,0,0,1,Pedestrian
87,1828.0,799.0,1878.0,840.0,2602,0,0,1,Pedestrian
87,1828.0,799.0,1878.0,840.0,2603,0,0,1,Pedestrian
87,1826.0,799.0,1875.0,840.0,2604,0,0,1,Pedestrian
87,1826.0,799.0,1875.0,840.0,2605,0,0,1,Pedestrian
87,1823.0,799.0,1872.0,840.0,2606,0,0,1,Pedestrian
87,1823.0,799.0,1872.0,840.0,2607,0,0,1,Pedestrian
87,1820.0,799.0,1870.0,840.0,2608,0,0,1,Pedestrian
87,1820.0,799.0,1870.0,840.0,2609,0,0,1,Pedestrian
87,1817.0,799.0,1867.0,840.0,2610,0,0,1,Pedestrian
87,1817.0,799.0,1867.0,840.0,2611,0,0,1,Pedestrian
87,1815.0,799.0,1864.0,840.0,2612,0,0,1,Pedestrian
87,1815.0,799.0,1864.0,840.0,2613,0,0,1,Pedestrian
87,1815.0,799.0,1864.0,840.0,2614,0,0,1,Pedestrian
87,1812.0,799.0,1861.0,840.0,2615,0,0,1,Pedestrian
87,1812.0,799.0,1861.0,840.0,2616,0,0,1,Pedestrian
87,1809.0,799.0,1859.0,840.0,2617,0,0,1,Pedestrian
87,1809.0,799.0,1859.0,840.0,2618,0,0,1,Pedestrian
87,1806.0,799.0,1856.0,840.0,2619,0,0,1,Pedestrian
87,1806.0,799.0,1856.0,840.0,2620,0,0,1,Pedestrian
87,1804.0,799.0,1853.0,840.0,2621,0,0,1,Pedestrian
87,1804.0,799.0,1853.0,840.0,2622,0,0,1,Pedestrian
87,1801.0,799.0,1850.0,840.0,2623,0,0,1,Pedestrian
87,1801.0,799.0,1850.0,840.0,2624,0,0,1,Pedestrian
87,1798.0,799.0,1848.0,840.0,2625,0,0,1,Pedestrian
87,1798.0,799.0,1848.0,840.0,2626,0,0,1,Pedestrian
87,1795.0,799.0,1845.0,840.0,2627,0,0,1,Pedestrian
87,1795.0,799.0,1845.0,840.0,2628,0,0,1,Pedestrian
87,1793.0,799.0,1842.0,840.0,2629,0,0,1,Pedestrian
87,1793.0,799.0,1842.0,840.0,2630,0,0,1,Pedestrian
87,1790.0,799.0,1839.0,840.0,2631,0,0,1,Pedestrian
87,1790.0,799.0,1839.0,840.0,2632,0,0,1,Pedestrian
87,1790.0,799.0,1839.0,840.0,2633,0,0,1,Pedestrian
87,1787.0,799.0,1837.0,840.0,2634,0,0,1,Pedestrian
87,1787.0,799.0,1837.0,840.0,2635,0,0,1,Pedestrian
87,1784.0,799.0,1834.0,840.0,2636,0,0,1,Pedestrian
87,1784.0,799.0,1834.0,840.0,2637,0,0,1,Pedestrian
87,1782.0,799.0,1831.0,840.0,2638,0,0,1,Pedestrian
87,1782.0,799.0,1831.0,840.0,2639,0,0,1,Pedestrian
87,1779.0,799.0,1828.0,840.0,2640,0,0,1,Pedestrian
87,1779.0,799.0,1828.0,840.0,2641,0,0,1,Pedestrian
87,1776.0,796.0,1826.0,837.0,2642,0,0,1,Pedestrian
87,1776.0,796.0,1826.0,837.0,2643,0,0,1,Pedestrian
87,1773.0,796.0,1823.0,837.0,2644,0,0,1,Pedestrian
87,1773.0,796.0,1823.0,837.0,2645,0,0,1,Pedestrian
87,1771.0,796.0,1820.0,837.0,2646,0,0,1,Pedestrian
87,1771.0,796.0,1820.0,837.0,2647,0,0,1,Pedestrian
87,1768.0,796.0,1817.0,837.0,2648,0,0,1,Pedestrian
87,1768.0,796.0,1817.0,837.0,2649,0,0,1,Pedestrian
87,1765.0,796.0,1815.0,837.0,2650,0,0,1,Pedestrian
87,1765.0,796.0,1815.0,837.0,2651,0,0,1,Pedestrian
87,1765.0,796.0,1815.0,837.0,2652,0,0,1,Pedestrian
87,1762.0,796.0,1812.0,837.0,2653,0,0,1,Pedestrian
87,1762.0,796.0,1812.0,837.0,2654,0,0,1,Pedestrian
87,1760.0,796.0,1809.0,837.0,2655,0,0,1,Pedestrian
87,1760.0,796.0,1809.0,837.0,2656,0,0,1,Pedestrian
87,1757.0,796.0,1806.0,837.0,2657,0,0,1,Pedestrian
87,1757.0,796.0,1806.0,837.0,2658,0,0,1,Pedestrian
87,1754.0,796.0,1804.0,837.0,2659,0,0,1,Pedestrian
87,1754.0,796.0,1804.0,837.0,2660,0,0,1,Pedestrian
87,1751.0,796.0,1801.0,837.0,2661,0,0,1,Pedestrian
87,1751.0,796.0,1801.0,837.0,2662,0,0,1,Pedestrian
87,1749.0,796.0,1798.0,837.0,2663,0,0,1,Pedestrian
87,1749.0,796.0,1798.0,837.0,2664,0,0,1,Pedestrian
87,1746.0,796.0,1795.0,837.0,2665,0,0,1,Pedestrian
87,1746.0,796.0,1795.0,837.0,2666,0,0,1,Pedestrian
87,1743.0,796.0,1793.0,837.0,2667,0,0,1,Pedestrian
87,1743.0,796.0,1793.0,837.0,2668,0,0,1,Pedestrian
87,1740.0,796.0,1790.0,837.0,2669,0,0,1,Pedestrian
87,1740.0,796.0,1790.0,837.0,2670,0,0,1,Pedestrian
87,1740.0,796.0,1790.0,837.0,2671,0,0,1,Pedestrian
87,1738.0,796.0,1787.0,837.0,2672,0,0,1,Pedestrian
87,1738.0,796.0,1787.0,837.0,2673,0,0,1,Pedestrian
87,1735.0,796.0,1784.0,837.0,2674,0,0,1,Pedestrian
87,1735.0,796.0,1784.0,837.0,2675,0,0,1,Pedestrian
87,1732.0,796.0,1782.0,837.0,2676,0,0,1,Pedestrian
87,1732.0,796.0,1782.0,837.0,2677,0,0,1,Pedestrian
87,1729.0,796.0,1779.0,837.0,2678,0,0,1,Pedestrian
87,1729.0,796.0,1779.0,837.0,2679,0,0,1,Pedestrian
87,1727.0,796.0,1776.0,837.0,2680,0,0,1,Pedestrian
87,1727.0,796.0,1776.0,837.0,2681,0,0,1,Pedestrian
87,1724.0,796.0,1773.0,837.0,2682,0,0,1,Pedestrian
87,1724.0,796.0,1773.0,837.0,2683,0,0,1,Pedestrian
87,1721.0,796.0,1771.0,837.0,2684,0,0,1,Pedestrian
87,1721.0,796.0,1771.0,837.0,2685,0,0,1,Pedestrian
87,1718.0,796.0,1768.0,837.0,2686,0,0,1,Pedestrian
87,1718.0,796.0,1768.0,837.0,2687,0,0,1,Pedestrian
87,1716.0,796.0,1765.0,837.0,2688,0,0,1,Pedestrian
87,1716.0,796.0,1765.0,837.0,2689,0,0,1,Pedestrian
87,1716.0,796.0,1765.0,837.0,2690,0,0,1,Pedestrian
87,1713.0,796.0,1762.0,837.0,2691,0,0,1,Pedestrian
87,1713.0,796.0,1762.0,837.0,2692,0,0,1,Pedestrian
87,1710.0,796.0,1760.0,837.0,2693,0,0,1,Pedestrian
87,1710.0,796.0,1760.0,837.0,2694,0,0,1,Pedestrian
87,1707.0,796.0,1757.0,837.0,2695,0,0,1,Pedestrian
87,1707.0,796.0,1757.0,837.0,2696,0,0,1,Pedestrian
87,1705.0,796.0,1754.0,837.0,2697,0,0,1,Pedestrian
87,1705.0,796.0,1754.0,837.0,2698,0,0,1,Pedestrian
87,1702.0,796.0,1751.0,837.0,2699,0,0,1,Pedestrian
87,1702.0,796.0,1751.0,837.0,2700,0,0,1,Pedestrian
87,1699.0,796.0,1749.0,837.0,2701,0,0,1,Pedestrian
87,1699.0,796.0,1749.0,837.0,2702,0,0,1,Pedestrian
87,1696.0,796.0,1746.0,837.0,2703,0,0,1,Pedestrian
87,1696.0,796.0,1746.0,837.0,2704,0,0,1,Pedestrian
87,1694.0,796.0,1743.0,837.0,2705,0,0,1,Pedestrian
87,1694.0,796.0,1743.0,837.0,2706,0,0,1,Pedestrian
87,1691.0,796.0,1740.0,837.0,2707,0,0,1,Pedestrian
87,1691.0,796.0,1740.0,837.0,2708,0,0,1,Pedestrian
87,1691.0,796.0,1740.0,837.0,2709,0,0,1,Pedestrian
87,1688.0,796.0,1738.0,837.0,2710,0,0,1,Pedestrian
87,1688.0,796.0,1738.0,837.0,2711,0,0,1,Pedestrian
87,1685.0,796.0,1735.0,837.0,2712,0,0,1,Pedestrian
87,1685.0,796.0,1735.0,837.0,2713,0,0,1,Pedestrian
87,1683.0,796.0,1732.0,837.0,2714,0,0,1,Pedestrian
87,1683.0,796.0,1732.0,837.0,2715,0,0,1,Pedestrian
87,1680.0,796.0,1729.0,837.0,2716,0,0,1,Pedestrian
87,1680.0,796.0,1729.0,837.0,2717,0,0,1,Pedestrian
87,1677.0,796.0,1727.0,837.0,2718,0,0,1,Pedestrian
87,1677.0,796.0,1727.0,837.0,2719,0,0,1,Pedestrian
87,1674.0,796.0,1724.0,837.0,2720,0,0,1,Pedestrian
87,1674.0,796.0,1724.0,837.0,2721,0,0,1,Pedestrian
87,1672.0,796.0,1721.0,837.0,2722,0,0,1,Pedestrian
87,1672.0,796.0,1721.0,837.0,2723,0,0,1,Pedestrian
87,1669.0,796.0,1718.0,837.0,2724,0,0,1,Pedestrian
87,1669.0,796.0,1718.0,837.0,2725,0,0,1,Pedestrian
87,1666.0,796.0,1716.0,837.0,2726,0,0,1,Pedestrian
87,1666.0,796.0,1716.0,837.0,2727,0,0,1,Pedestrian
87,1666.0,796.0,1716.0,837.0,2728,0,0,1,Pedestrian
87,1663.0,796.0,1713.0,837.0,2729,0,0,1,Pedestrian
87,1663.0,796.0,1713.0,837.0,2730,0,0,1,Pedestrian
87,1661.0,796.0,1710.0,837.0,2731,0,0,1,Pedestrian
87,1661.0,796.0,1710.0,837.0,2732,0,0,1,Pedestrian
87,1658.0,796.0,1707.0,837.0,2733,0,0,1,Pedestrian
87,1658.0,796.0,1707.0,837.0,2734,0,0,1,Pedestrian
87,1655.0,796.0,1705.0,837.0,2735,0,0,1,Pedestrian
87,1655.0,796.0,1705.0,837.0,2736,0,0,1,Pedestrian
87,1652.0,796.0,1702.0,837.0,2737,0,0,1,Pedestrian
87,1652.0,796.0,1702.0,837.0,2738,0,0,1,Pedestrian
87,1650.0,796.0,1699.0,837.0,2739,0,0,1,Pedestrian
87,1650.0,796.0,1699.0,837.0,2740,0,0,1,Pedestrian
87,1647.0,796.0,1696.0,837.0,2741,0,0,1,Pedestrian
87,1647.0,796.0,1696.0,837.0,2742,0,0,1,Pedestrian
87,1644.0,796.0,1694.0,837.0,2743,0,0,1,Pedestrian
87,1644.0,796.0,1694.0,837.0,2744,0,0,1,Pedestrian
87,1644.0,796.0,1694.0,837.0,2745,0,0,0,Pedestrian
87,1641.0,796.0,1691.0,837.0,2746,0,0,1,Pedestrian
87,1639.0,796.0,1688.0,837.0,2747,0,0,1,Pedestrian
87,1639.0,796.0,1688.0,837.0,2748,0,0,1,Pedestrian
87,1636.0,796.0,1685.0,837.0,2749,0,0,1,Pedestrian
87,1636.0,796.0,1685.0,837.0,2750,0,0,1,Pedestrian
87,1633.0,796.0,1683.0,837.0,2751,0,0,1,Pedestrian
87,1633.0,796.0,1683.0,837.0,2752,0,0,1,Pedestrian
87,1630.0,796.0,1680.0,837.0,2753,0,0,1,Pedestrian
87,1630.0,796.0,1680.0,837.0,2754,0,0,1,Pedestrian
87,1628.0,796.0,1677.0,837.0,2755,0,0,1,Pedestrian
87,1628.0,796.0,1677.0,837.0,2756,0,0,1,Pedestrian
87,1625.0,796.0,1674.0,837.0,2757,0,0,1,Pedestrian
87,1625.0,796.0,1674.0,837.0,2758,0,0,1,Pedestrian
87,1622.0,796.0,1672.0,837.0,2759,0,0,1,Pedestrian
87,1622.0,796.0,1672.0,837.0,2760,0,0,1,Pedestrian
87,1619.0,796.0,1669.0,837.0,2761,0,0,1,Pedestrian
87,1619.0,796.0,1669.0,837.0,2762,0,0,1,Pedestrian
87,1617.0,796.0,1666.0,837.0,2763,0,0,1,Pedestrian
87,1617.0,796.0,1666.0,837.0,2764,0,0,1,Pedestrian
87,1614.0,796.0,1663.0,837.0,2765,0,0,1,Pedestrian
87,1614.0,796.0,1663.0,837.0,2766,0,0,1,Pedestrian
87,1611.0,796.0,1661.0,837.0,2767,0,0,1,Pedestrian
87,1611.0,796.0,1661.0,837.0,2768,0,0,1,Pedestrian
87,1608.0,796.0,1658.0,837.0,2769,0,0,1,Pedestrian
87,1608.0,796.0,1658.0,837.0,2770,0,0,1,Pedestrian
87,1606.0,796.0,1655.0,837.0,2771,0,0,1,Pedestrian
87,1606.0,796.0,1655.0,837.0,2772,0,0,1,Pedestrian
87,1603.0,796.0,1652.0,837.0,2773,0,0,1,Pedestrian
87,1603.0,796.0,1652.0,837.0,2774,0,0,1,Pedestrian
87,1600.0,796.0,1650.0,837.0,2775,0,0,1,Pedestrian
87,1600.0,796.0,1650.0,837.0,2776,0,0,1,Pedestrian
87,1597.0,796.0,1647.0,837.0,2777,0,0,1,Pedestrian
87,1597.0,796.0,1647.0,837.0,2778,0,0,1,Pedestrian
87,1595.0,796.0,1644.0,837.0,2779,0,0,1,Pedestrian
87,1595.0,796.0,1644.0,837.0,2780,0,0,1,Pedestrian
87,1592.0,796.0,1641.0,837.0,2781,0,0,1,Pedestrian
87,1592.0,796.0,1641.0,837.0,2782,0,0,1,Pedestrian
87,1589.0,796.0,1639.0,837.0,2783,0,0,1,Pedestrian
87,1589.0,796.0,1639.0,837.0,2784,0,0,1,Pedestrian
87,1586.0,796.0,1636.0,837.0,2785,0,0,1,Pedestrian
87,1586.0,796.0,1636.0,837.0,2786,0,0,1,Pedestrian
87,1584.0,796.0,1633.0,837.0,2787,0,0,1,Pedestrian
87,1584.0,796.0,1633.0,837.0,2788,0,0,1,Pedestrian
87,1581.0,796.0,1630.0,837.0,2789,0,0,1,Pedestrian
87,1581.0,796.0,1630.0,837.0,2790,0,0,1,Pedestrian
87,1578.0,796.0,1628.0,837.0,2791,0,0,1,Pedestrian
87,1578.0,796.0,1628.0,837.0,2792,0,0,1,Pedestrian
87,1575.0,796.0,1625.0,837.0,2793,0,0,1,Pedestrian
87,1575.0,796.0,1625.0,837.0,2794,0,0,1,Pedestrian
87,1573.0,796.0,1622.0,837.0,2795,0,0,1,Pedestrian
87,1573.0,796.0,1622.0,837.0,2796,0,0,1,Pedestrian
87,1570.0,796.0,1619.0,837.0,2797,0,0,1,Pedestrian
87,1570.0,796.0,1619.0,837.0,2798,0,0,1,Pedestrian
87,1567.0,796.0,1617.0,837.0,2799,0,0,1,Pedestrian
87,1567.0,796.0,1617.0,837.0,2800,0,0,1,Pedestrian
87,1564.0,796.0,1614.0,837.0,2801,0,0,1,Pedestrian
87,1564.0,796.0,1614.0,837.0,2802,0,0,1,Pedestrian
87,1562.0,796.0,1611.0,837.0,2803,0,0,1,Pedestrian
87,1562.0,796.0,1611.0,837.0,2804,0,0,1,Pedestrian
87,1559.0,796.0,1608.0,837.0,2805,0,0,1,Pedestrian
87,1559.0,796.0,1608.0,837.0,2806,0,0,1,Pedestrian
87,1556.0,796.0,1606.0,837.0,2807,0,0,1,Pedestrian
87,1556.0,796.0,1606.0,837.0,2808,0,0,1,Pedestrian
87,1553.0,796.0,1603.0,837.0,2809,0,0,1,Pedestrian
87,1553.0,796.0,1603.0,837.0,2810,0,0,1,Pedestrian
87,1551.0,796.0,1600.0,837.0,2811,0,0,1,Pedestrian
87,1551.0,796.0,1600.0,837.0,2812,0,0,1,Pedestrian
87,1548.0,796.0,1597.0,837.0,2813,0,0,1,Pedestrian
87,1548.0,796.0,1597.0,837.0,2814,0,0,1,Pedestrian
87,1545.0,796.0,1595.0,837.0,2815,0,0,1,Pedestrian
87,1545.0,796.0,1595.0,837.0,2816,0,0,1,Pedestrian
87,1542.0,796.0,1592.0,837.0,2817,0,0,1,Pedestrian
87,1542.0,796.0,1592.0,837.0,2818,0,0,1,Pedestrian
87,1540.0,796.0,1589.0,837.0,2819,0,0,1,Pedestrian
87,1540.0,796.0,1589.0,837.0,2820,0,0,1,Pedestrian
87,1537.0,796.0,1586.0,837.0,2821,0,0,1,Pedestrian
87,1537.0,796.0,1586.0,837.0,2822,0,0,1,Pedestrian
87,1534.0,796.0,1584.0,837.0,2823,0,0,1,Pedestrian
87,1534.0,796.0,1584.0,837.0,2824,0,0,1,Pedestrian
87,1531.0,796.0,1581.0,837.0,2825,0,0,1,Pedestrian
87,1531.0,796.0,1581.0,837.0,2826,0,0,1,Pedestrian
87,1529.0,796.0,1578.0,837.0,2827,0,0,1,Pedestrian
87,1529.0,796.0,1578.0,837.0,2828,0,0,1,Pedestrian
87,1526.0,796.0,1575.0,837.0,2829,0,0,1,Pedestrian
87,1526.0,796.0,1575.0,837.0,2830,0,0,1,Pedestrian
87,1523.0,796.0,1573.0,837.0,2831,0,0,1,Pedestrian
87,1523.0,796.0,1573.0,837.0,2832,0,0,1,Pedestrian
87,1520.0,796.0,1570.0,837.0,2833,0,0,1,Pedestrian
87,1520.0,796.0,1570.0,837.0,2834,0,0,1,Pedestrian
87,1518.0,796.0,1567.0,837.0,2835,0,0,1,Pedestrian
87,1518.0,796.0,1567.0,837.0,2836,0,0,1,Pedestrian
87,1515.0,796.0,1564.0,837.0,2837,0,0,1,Pedestrian
87,1515.0,796.0,1564.0,837.0,2838,0,0,1,Pedestrian
87,1512.0,796.0,1562.0,837.0,2839,0,0,1,Pedestrian
87,1512.0,796.0,1562.0,837.0,2840,0,0,1,Pedestrian
87,1509.0,796.0,1559.0,837.0,2841,0,0,1,Pedestrian
87,1509.0,796.0,1559.0,837.0,2842,0,0,1,Pedestrian
87,1507.0,796.0,1556.0,837.0,2843,0,0,1,Pedestrian
87,1507.0,796.0,1556.0,837.0,2844,0,0,1,Pedestrian
87,1504.0,796.0,1553.0,837.0,2845,0,0,1,Pedestrian
87,1504.0,796.0,1553.0,837.0,2846,0,0,1,Pedestrian
87,1501.0,796.0,1551.0,837.0,2847,0,0,1,Pedestrian
87,1501.0,796.0,1551.0,837.0,2848,0,0,1,Pedestrian
87,1498.0,796.0,1548.0,837.0,2849,0,0,1,Pedestrian
87,1498.0,796.0,1548.0,837.0,2850,0,0,1,Pedestrian
87,1496.0,796.0,1545.0,837.0,2851,0,0,1,Pedestrian
87,1496.0,796.0,1545.0,837.0,2852,0,0,1,Pedestrian
87,1493.0,796.0,1542.0,837.0,2853,0,0,1,Pedestrian
87,1493.0,796.0,1542.0,837.0,2854,0,0,1,Pedestrian
87,1490.0,796.0,1540.0,837.0,2855,0,0,1,Pedestrian
87,1490.0,796.0,1540.0,837.0,2856,0,0,1,Pedestrian
87,1487.0,796.0,1537.0,837.0,2857,0,0,1,Pedestrian
87,1487.0,796.0,1537.0,837.0,2858,0,0,1,Pedestrian
87,1485.0,796.0,1534.0,837.0,2859,0,0,1,Pedestrian
87,1485.0,796.0,1534.0,837.0,2860,0,0,1,Pedestrian
87,1482.0,796.0,1531.0,837.0,2861,0,0,1,Pedestrian
87,1482.0,796.0,1531.0,837.0,2862,0,0,1,Pedestrian
87,1479.0,796.0,1529.0,837.0,2863,0,0,1,Pedestrian
87,1479.0,796.0,1529.0,837.0,2864,0,0,1,Pedestrian
87,1476.0,796.0,1526.0,837.0,2865,0,0,1,Pedestrian
87,1476.0,796.0,1526.0,837.0,2866,0,0,1,Pedestrian
87,1474.0,796.0,1523.0,837.0,2867,0,0,1,Pedestrian
87,1474.0,796.0,1523.0,837.0,2868,0,0,1,Pedestrian
87,1471.0,796.0,1520.0,837.0,2869,0,0,1,Pedestrian
87,1471.0,796.0,1520.0,837.0,2870,0,0,1,Pedestrian
87,1468.0,796.0,1518.0,837.0,2871,0,0,1,Pedestrian
87,1468.0,796.0,1518.0,837.0,2872,0,0,1,Pedestrian
87,1465.0,796.0,1515.0,837.0,2873,0,0,1,Pedestrian
87,1465.0,796.0,1515.0,837.0,2874,0,0,1,Pedestrian
87,1463.0,796.0,1512.0,837.0,2875,0,0,1,Pedestrian
87,1463.0,796.0,1512.0,837.0,2876,0,0,1,Pedestrian
87,1460.0,796.0,1509.0,837.0,2877,0,0,1,Pedestrian
87,1460.0,796.0,1509.0,837.0,2878,0,0,1,Pedestrian
87,1457.0,796.0,1507.0,837.0,2879,0,0,1,Pedestrian
87,1457.0,796.0,1507.0,837.0,2880,0,0,1,Pedestrian
87,1454.0,796.0,1504.0,837.0,2881,0,0,1,Pedestrian
87,1454.0,796.0,1504.0,837.0,2882,0,0,1,Pedestrian
87,1452.0,796.0,1501.0,837.0,2883,0,0,1,Pedestrian
87,1452.0,796.0,1501.0,837.0,2884,0,0,1,Pedestrian
87,1449.0,796.0,1498.0,837.0,2885,0,0,1,Pedestrian
87,1449.0,796.0,1498.0,837.0,2886,0,0,1,Pedestrian
87,1446.0,796.0,1496.0,837.0,2887,0,0,1,Pedestrian
87,1446.0,796.0,1496.0,837.0,2888,0,0,1,Pedestrian
87,1443.0,796.0,1493.0,837.0,2889,0,0,1,Pedestrian
87,1443.0,796.0,1493.0,837.0,2890,0,0,1,Pedestrian
87,1441.0,796.0,1490.0,837.0,2891,0,0,1,Pedestrian
87,1441.0,796.0,1490.0,837.0,2892,0,0,1,Pedestrian
87,1438.0,796.0,1487.0,837.0,2893,0,0,1,Pedestrian
87,1438.0,796.0,1487.0,837.0,2894,0,0,1,Pedestrian
87,1435.0,796.0,1485.0,837.0,2895,0,0,1,Pedestrian
87,1435.0,796.0,1485.0,837.0,2896,0,0,1,Pedestrian
87,1432.0,796.0,1482.0,837.0,2897,0,0,1,Pedestrian
87,1432.0,796.0,1482.0,837.0,2898,0,0,1,Pedestrian
87,1430.0,796.0,1479.0,837.0,2899,0,0,1,Pedestrian
87,1430.0,796.0,1479.0,837.0,2900,0,0,1,Pedestrian
87,1427.0,796.0,1476.0,837.0,2901,0,0,1,Pedestrian
87,1427.0,796.0,1476.0,837.0,2902,0,0,1,Pedestrian
87,1424.0,796.0,1474.0,837.0,2903,0,0,1,Pedestrian
87,1424.0,796.0,1474.0,837.0,2904,0,0,1,Pedestrian
87,1421.0,796.0,1471.0,837.0,2905,0,0,1,Pedestrian
87,1421.0,796.0,1471.0,837.0,2906,0,0,1,Pedestrian
87,1419.0,796.0,1468.0,837.0,2907,0,0,1,Pedestrian
87,1419.0,796.0,1468.0,837.0,2908,0,0,1,Pedestrian
87,1416.0,796.0,1465.0,837.0,2909,0,0,1,Pedestrian
87,1416.0,796.0,1465.0,837.0,2910,0,0,1,Pedestrian
87,1413.0,796.0,1463.0,837.0,2911,0,0,1,Pedestrian
87,1413.0,796.0,1463.0,837.0,2912,0,0,1,Pedestrian
87,1410.0,796.0,1460.0,837.0,2913,0,0,1,Pedestrian
87,1410.0,796.0,1460.0,837.0,2914,0,0,1,Pedestrian
87,1408.0,796.0,1457.0,837.0,2915,0,0,1,Pedestrian
87,1408.0,796.0,1457.0,837.0,2916,0,0,1,Pedestrian
87,1405.0,796.0,1454.0,837.0,2917,0,0,1,Pedestrian
87,1405.0,796.0,1454.0,837.0,2918,0,0,1,Pedestrian
87,1402.0,796.0,1452.0,837.0,2919,0,0,1,Pedestrian
87,1402.0,796.0,1452.0,837.0,2920,0,0,1,Pedestrian
87,1399.0,796.0,1449.0,837.0,2921,0,0,1,Pedestrian
87,1399.0,796.0,1449.0,837.0,2922,0,0,1,Pedestrian
87,1397.0,796.0,1446.0,837.0,2923,0,0,1,Pedestrian
87,1397.0,796.0,1446.0,837.0,2924,0,0,1,Pedestrian
87,1394.0,796.0,1443.0,837.0,2925,0,0,1,Pedestrian
87,1394.0,796.0,1443.0,837.0,2926,0,0,1,Pedestrian
87,1391.0,796.0,1441.0,837.0,2927,0,0,1,Pedestrian
87,1391.0,796.0,1441.0,837.0,2928,0,0,1,Pedestrian
87,1388.0,796.0,1438.0,837.0,2929,0,0,1,Pedestrian
87,1388.0,796.0,1438.0,837.0,2930,0,0,1,Pedestrian
87,1386.0,796.0,1435.0,837.0,2931,0,0,1,Pedestrian
87,1386.0,796.0,1435.0,837.0,2932,0,0,1,Pedestrian
87,1383.0,796.0,1432.0,837.0,2933,0,0,1,Pedestrian
87,1383.0,796.0,1432.0,837.0,2934,0,0,1,Pedestrian
87,1380.0,796.0,1430.0,837.0,2935,0,0,1,Pedestrian
87,1380.0,796.0,1430.0,837.0,2936,0,0,1,Pedestrian
87,1377.0,796.0,1427.0,837.0,2937,0,0,1,Pedestrian
87,1377.0,796.0,1427.0,837.0,2938,0,0,1,Pedestrian
87,1375.0,796.0,1424.0,837.0,2939,0,0,1,Pedestrian
87,1375.0,796.0,1424.0,837.0,2940,0,0,1,Pedestrian
87,1372.0,796.0,1421.0,837.0,2941,0,0,1,Pedestrian
87,1372.0,799.0,1421.0,840.0,2942,0,0,0,Pedestrian
87,1369.0,799.0,1419.0,840.0,2943,0,0,1,Pedestrian
87,1369.0,799.0,1419.0,840.0,2944,0,0,1,Pedestrian
87,1366.0,799.0,1416.0,840.0,2945,0,0,1,Pedestrian
87,1366.0,799.0,1416.0,840.0,2946,0,0,1,Pedestrian
87,1364.0,799.0,1413.0,840.0,2947,0,0,1,Pedestrian
87,1364.0,799.0,1413.0,840.0,2948,0,0,1,Pedestrian
87,1361.0,799.0,1410.0,840.0,2949,0,0,1,Pedestrian
87,1361.0,799.0,1410.0,840.0,2950,0,0,1,Pedestrian
87,1358.0,799.0,1408.0,840.0,2951,0,0,1,Pedestrian
87,1358.0,799.0,1408.0,840.0,2952,0,0,1,Pedestrian
87,1355.0,799.0,1405.0,840.0,2953,0,0,1,Pedestrian
87,1355.0,799.0,1405.0,840.0,2954,0,0,1,Pedestrian
87,1353.0,799.0,1402.0,840.0,2955,0,0,1,Pedestrian
87,1353.0,799.0,1402.0,840.0,2956,0,0,1,Pedestrian
87,1350.0,799.0,1399.0,840.0,2957,0,0,1,Pedestrian
87,1350.0,799.0,1399.0,840.0,2958,0,0,1,Pedestrian
87,1347.0,799.0,1397.0,840.0,2959,0,0,1,Pedestrian
87,1347.0,799.0,1397.0,840.0,2960,0,0,1,Pedestrian
87,1344.0,799.0,1394.0,840.0,2961,0,0,1,Pedestrian
87,1344.0,799.0,1394.0,840.0,2962,0,0,1,Pedestrian
87,1342.0,799.0,1391.0,840.0,2963,0,0,1,Pedestrian
87,1342.0,799.0,1391.0,840.0,2964,0,0,1,Pedestrian
87,1339.0,799.0,1388.0,840.0,2965,0,0,1,Pedestrian
87,1339.0,799.0,1388.0,840.0,2966,0,0,1,Pedestrian
87,1336.0,799.0,1386.0,840.0,2967,0,0,1,Pedestrian
87,1336.0,799.0,1386.0,840.0,2968,0,0,1,Pedestrian
87,1333.0,799.0,1383.0,840.0,2969,0,0,1,Pedestrian
87,1333.0,799.0,1383.0,840.0,2970,0,0,1,Pedestrian
87,1331.0,799.0,1380.0,840.0,2971,0,0,1,Pedestrian
87,1331.0,799.0,1380.0,840.0,2972,0,0,1,Pedestrian
87,1328.0,799.0,1377.0,840.0,2973,0,0,1,Pedestrian
87,1328.0,799.0,1377.0,840.0,2974,0,0,1,Pedestrian
87,1325.0,799.0,1375.0,840.0,2975,0,0,1,Pedestrian
87,1325.0,799.0,1375.0,840.0,2976,0,0,1,Pedestrian
87,1322.0,799.0,1372.0,840.0,2977,0,0,1,Pedestrian
87,1322.0,799.0,1372.0,840.0,2978,0,0,1,Pedestrian
87,1320.0,799.0,1369.0,840.0,2979,0,0,1,Pedestrian
87,1320.0,799.0,1369.0,840.0,2980,0,0,1,Pedestrian
87,1317.0,799.0,1366.0,840.0,2981,0,0,1,Pedestrian
87,1317.0,799.0,1366.0,840.0,2982,0,0,1,Pedestrian
87,1314.0,799.0,1364.0,840.0,2983,0,0,1,Pedestrian
87,1314.0,799.0,1364.0,840.0,2984,0,0,1,Pedestrian
87,1311.0,799.0,1361.0,840.0,2985,0,0,1,Pedestrian
87,1311.0,799.0,1361.0,840.0,2986,0,0,1,Pedestrian
87,1309.0,799.0,1358.0,840.0,2987,0,0,1,Pedestrian
87,1309.0,799.0,1358.0,840.0,2988,0,0,1,Pedestrian
87,1306.0,799.0,1355.0,840.0,2989,0,0,1,Pedestrian
87,1306.0,799.0,1355.0,840.0,2990,0,0,1,Pedestrian
87,1303.0,799.0,1353.0,840.0,2991,0,0,1,Pedestrian
87,1303.0,799.0,1353.0,840.0,2992,0,0,1,Pedestrian
87,1300.0,799.0,1350.0,840.0,2993,0,0,1,Pedestrian
87,1300.0,799.0,1350.0,840.0,2994,0,0,1,Pedestrian
87,1298.0,799.0,1347.0,840.0,2995,0,0,1,Pedestrian
87,1298.0,799.0,1347.0,840.0,2996,0,0,1,Pedestrian
87,1295.0,799.0,1344.0,840.0,2997,0,0,1,Pedestrian
87,1295.0,799.0,1344.0,840.0,2998,0,0,1,Pedestrian
87,1292.0,799.0,1342.0,840.0,2999,0,0,1,Pedestrian
87,1292.0,799.0,1342.0,840.0,3000,0,0,0,Pedestrian
87,1289.0,796.0,1339.0,837.0,3001,0,0,1,Pedestrian
87,1287.0,796.0,1339.0,837.0,3002,0,0,1,Pedestrian
87,1287.0,796.0,1336.0,837.0,3003,0,0,1,Pedestrian
87,1284.0,796.0,1336.0,837.0,3004,0,0,1,Pedestrian
87,1284.0,796.0,1333.0,837.0,3005,0,0,1,Pedestrian
87,1281.0,796.0,1333.0,837.0,3006,0,0,1,Pedestrian
87,1278.0,796.0,1331.0,837.0,3007,0,0,1,Pedestrian
87,1278.0,796.0,1331.0,837.0,3008,0,0,1,Pedestrian
87,1276.0,796.0,1328.0,837.0,3009,0,0,1,Pedestrian
87,1276.0,796.0,1328.0,837.0,3010,0,0,1,Pedestrian
87,1273.0,796.0,1325.0,837.0,3011,0,0,1,Pedestrian
87,1273.0,796.0,1325.0,837.0,3012,0,0,1,Pedestrian
87,1270.0,796.0,1322.0,837.0,3013,0,0,1,Pedestrian
87,1267.0,796.0,1322.0,835.0,3014,0,0,1,Pedestrian
87,1267.0,796.0,1320.0,835.0,3015,0,0,1,Pedestrian
87,1265.0,796.0,1320.0,835.0,3016,0,0,1,Pedestrian
87,1265.0,796.0,1317.0,835.0,3017,0,0,1,Pedestrian
87,1262.0,796.0,1317.0,835.0,3018,0,0,1,Pedestrian
87,1262.0,796.0,1314.0,835.0,3019,0,0,1,Pedestrian
87,1259.0,796.0,1314.0,835.0,3020,0,0,1,Pedestrian
87,1256.0,796.0,1314.0,835.0,3021,0,0,1,Pedestrian
87,1256.0,796.0,1311.0,835.0,3022,0,0,1,Pedestrian
87,1254.0,796.0,1311.0,835.0,3023,0,0,1,Pedestrian
87,1254.0,796.0,1309.0,835.0,3024,0,0,1,Pedestrian
87,1251.0,796.0,1309.0,835.0,3025,0,0,1,Pedestrian
87,1251.0,796.0,1306.0,835.0,3026,0,0,1,Pedestrian
87,1248.0,796.0,1306.0,833.0,3027,0,0,1,Pedestrian
87,1245.0,796.0,1303.0,833.0,3028,0,0,1,Pedestrian
87,1245.0,796.0,1303.0,833.0,3029,0,0,1,Pedestrian
87,1243.0,796.0,1300.0,833.0,3030,0,0,1,Pedestrian
87,1243.0,796.0,1300.0,833.0,3031,0,0,1,Pedestrian
87,1240.0,796.0,1298.0,833.0,3032,0,0,1,Pedestrian
87,1240.0,796.0,1298.0,833.0,3033,0,0,1,Pedestrian
87,1237.0,796.0,1295.0,833.0,3034,0,0,1,Pedestrian
87,1234.0,796.0,1295.0,833.0,3035,0,0,1,Pedestrian
87,1234.0,796.0,1292.0,833.0,3036,0,0,1,Pedestrian
87,1232.0,796.0,1292.0,833.0,3037,0,0,1,Pedestrian
87,1232.0,796.0,1289.0,833.0,3038,0,0,1,Pedestrian
87,1229.0,796.0,1289.0,833.0,3039,0,0,1,Pedestrian
87,1229.0,796.0,1289.0,833.0,3040,0,0,0,Pedestrian
87,1226.0,796.0,1287.0,833.0,3041,0,0,1,Pedestrian
87,1226.0,796.0,1287.0,833.0,3042,0,0,1,Pedestrian
87,1223.0,796.0,1284.0,833.0,3043,0,0,1,Pedestrian
87,1223.0,796.0,1284.0,833.0,3044,0,0,1,Pedestrian
87,1221.0,796.0,1281.0,833.0,3045,0,0,1,Pedestrian
87,1221.0,796.0,1281.0,833.0,3046,0,0,1,Pedestrian
87,1218.0,796.0,1278.0,833.0,3047,0,0,1,Pedestrian
87,1218.0,796.0,1278.0,833.0,3048,0,0,1,Pedestrian
87,1215.0,796.0,1276.0,833.0,3049,0,0,1,Pedestrian
87,1215.0,796.0,1276.0,833.0,3050,0,0,1,Pedestrian
87,1212.0,796.0,1273.0,833.0,3051,0,0,1,Pedestrian
87,1212.0,796.0,1273.0,833.0,3052,0,0,1,Pedestrian
87,1210.0,796.0,1270.0,833.0,3053,0,0,1,Pedestrian
87,1210.0,796.0,1270.0,833.0,3054,0,0,1,Pedestrian
87,1207.0,796.0,1267.0,833.0,3055,0,0,1,Pedestrian
87,1207.0,796.0,1267.0,833.0,3056,0,0,1,Pedestrian
87,1204.0,796.0,1265.0,833.0,3057,0,0,1,Pedestrian
87,1204.0,796.0,1265.0,833.0,3058,0,0,1,Pedestrian
87,1201.0,796.0,1262.0,833.0,3059,0,0,1,Pedestrian
87,1201.0,799.0,1262.0,833.0,3060,0,0,1,Pedestrian
87,1201.0,799.0,1262.0,833.0,3061,0,0,1,Pedestrian
87,1199.0,799.0,1259.0,833.0,3062,0,0,1,Pedestrian
87,1199.0,799.0,1259.0,833.0,3063,0,0,1,Pedestrian
87,1196.0,799.0,1256.0,833.0,3064,0,0,1,Pedestrian
87,1196.0,799.0,1256.0,833.0,3065,0,0,1,Pedestrian
87,1193.0,799.0,1254.0,833.0,3066,0,0,1,Pedestrian
87,1193.0,799.0,1254.0,833.0,3067,0,0,1,Pedestrian
87,1190.0,799.0,1251.0,833.0,3068,0,0,1,Pedestrian
87,1190.0,799.0,1251.0,833.0,3069,0,0,1,Pedestrian
87,1188.0,799.0,1248.0,833.0,3070,0,0,1,Pedestrian
87,1188.0,799.0,1248.0,833.0,3071,0,0,1,Pedestrian
87,1185.0,799.0,1245.0,833.0,3072,0,0,1,Pedestrian
87,1185.0,799.0,1245.0,833.0,3073,0,0,1,Pedestrian
87,1182.0,799.0,1243.0,833.0,3074,0,0,1,Pedestrian
87,1182.0,799.0,1243.0,833.0,3075,0,0,1,Pedestrian
87,1179.0,799.0,1240.0,833.0,3076,0,0,1,Pedestrian
87,1179.0,799.0,1240.0,833.0,3077,0,0,1,Pedestrian
87,1177.0,799.0,1237.0,833.0,3078,0,0,1,Pedestrian
87,1177.0,799.0,1237.0,833.0,3079,0,0,1,Pedestrian
87,1177.0,801.0,1237.0,833.0,3080,0,0,0,Pedestrian
87,1174.0,799.0,1234.0,831.0,3081,0,0,1,Pedestrian
87,1174.0,799.0,1234.0,831.0,3082,0,0,1,Pedestrian
87,1171.0,799.0,1232.0,831.0,3083,0,0,1,Pedestrian
87,1171.0,799.0,1232.0,831.0,3084,0,0,1,Pedestrian
87,1168.0,799.0,1229.0,831.0,3085,0,0,1,Pedestrian
87,1168.0,799.0,1229.0,831.0,3086,0,0,1,Pedestrian
87,1166.0,799.0,1226.0,831.0,3087,0,0,1,Pedestrian
87,1166.0,799.0,1226.0,831.0,3088,0,0,1,Pedestrian
87,1163.0,799.0,1223.0,831.0,3089,0,0,1,Pedestrian
87,1163.0,799.0,1223.0,831.0,3090,0,0,1,Pedestrian
87,1160.0,799.0,1221.0,831.0,3091,0,0,1,Pedestrian
87,1160.0,799.0,1221.0,831.0,3092,0,0,1,Pedestrian
87,1157.0,799.0,1218.0,831.0,3093,0,0,1,Pedestrian
87,1157.0,799.0,1218.0,831.0,3094,0,0,1,Pedestrian
87,1155.0,799.0,1215.0,831.0,3095,0,0,1,Pedestrian
87,1155.0,799.0,1215.0,831.0,3096,0,0,1,Pedestrian
87,1152.0,799.0,1212.0,831.0,3097,0,0,1,Pedestrian
87,1152.0,799.0,1212.0,831.0,3098,0,0,1,Pedestrian
87,1149.0,799.0,1210.0,831.0,3099,0,0,1,Pedestrian
87,1149.0,799.0,1210.0,831.0,3100,0,0,1,Pedestrian
87,1146.0,799.0,1207.0,831.0,3101,0,0,1,Pedestrian
87,1146.0,799.0,1207.0,831.0,3102,0,0,1,Pedestrian
87,1144.0,799.0,1204.0,831.0,3103,0,0,1,Pedestrian
87,1144.0,799.0,1204.0,831.0,3104,0,0,1,Pedestrian
87,1144.0,799.0,1204.0,831.0,3105,0,0,1,Pedestrian
87,1141.0,796.0,1201.0,828.0,3106,0,0,1,Pedestrian
87,1141.0,796.0,1201.0,828.0,3107,0,0,1,Pedestrian
87,1138.0,796.0,1199.0,828.0,3108,0,0,1,Pedestrian
87,1138.0,796.0,1199.0,828.0,3109,0,0,1,Pedestrian
87,1135.0,796.0,1196.0,828.0,3110,0,0,1,Pedestrian
87,1135.0,796.0,1196.0,828.0,3111,0,0,1,Pedestrian
87,1133.0,796.0,1193.0,828.0,3112,0,0,1,Pedestrian
87,1133.0,796.0,1193.0,828.0,3113,0,0,1,Pedestrian
87,1130.0,796.0,1190.0,828.0,3114,0,0,1,Pedestrian
87,1130.0,796.0,1190.0,828.0,3115,0,0,1,Pedestrian
87,1127.0,796.0,1188.0,828.0,3116,0,0,1,Pedestrian
87,1127.0,796.0,1188.0,828.0,3117,0,0,1,Pedestrian
87,1124.0,796.0,1185.0,828.0,3118,0,0,1,Pedestrian
87,1124.0,796.0,1185.0,828.0,3119,0,0,1,Pedestrian
87,1122.0,796.0,1182.0,828.0,3120,0,0,1,Pedestrian
87,1122.0,796.0,1182.0,828.0,3121,0,0,1,Pedestrian
87,1119.0,796.0,1179.0,828.0,3122,0,0,1,Pedestrian
87,1119.0,796.0,1179.0,828.0,3123,0,0,1,Pedestrian
87,1116.0,796.0,1177.0,828.0,3124,0,0,1,Pedestrian
87,1116.0,796.0,1177.0,828.0,3125,0,0,1,Pedestrian
87,1113.0,796.0,1174.0,828.0,3126,0,0,1,Pedestrian
87,1113.0,796.0,1174.0,828.0,3127,0,0,1,Pedestrian
87,1111.0,796.0,1171.0,828.0,3128,0,0,1,Pedestrian
87,1111.0,796.0,1171.0,828.0,3129,0,0,1,Pedestrian
87,1111.0,796.0,1171.0,828.0,3130,0,0,0,Pedestrian
87,1108.0,796.0,1168.0,828.0,3131,0,0,1,Pedestrian
87,1108.0,796.0,1168.0,828.0,3132,0,0,1,Pedestrian
87,1105.0,796.0,1166.0,828.0,3133,0,0,1,Pedestrian
87,1105.0,796.0,1166.0,828.0,3134,0,0,1,Pedestrian
87,1102.0,796.0,1163.0,828.0,3135,0,0,1,Pedestrian
87,1102.0,796.0,1163.0,828.0,3136,0,0,1,Pedestrian
87,1100.0,796.0,1160.0,828.0,3137,0,0,1,Pedestrian
87,1100.0,796.0,1160.0,828.0,3138,0,0,1,Pedestrian
87,1097.0,796.0,1157.0,828.0,3139,0,0,1,Pedestrian
87,1097.0,796.0,1157.0,828.0,3140,0,0,1,Pedestrian
87,1094.0,796.0,1155.0,828.0,3141,0,0,1,Pedestrian
87,1094.0,796.0,1155.0,828.0,3142,0,0,1,Pedestrian
87,1091.0,796.0,1152.0,828.0,3143,0,0,1,Pedestrian
87,1091.0,796.0,1152.0,828.0,3144,0,0,1,Pedestrian
87,1089.0,796.0,1149.0,828.0,3145,0,0,1,Pedestrian
87,1089.0,796.0,1149.0,828.0,3146,0,0,1,Pedestrian
87,1086.0,796.0,1146.0,828.0,3147,0,0,1,Pedestrian
87,1086.0,796.0,1146.0,828.0,3148,0,0,1,Pedestrian
87,1083.0,796.0,1144.0,828.0,3149,0,0,1,Pedestrian
87,1083.0,796.0,1144.0,828.0,3150,0,0,1,Pedestrian
87,1080.0,796.0,1141.0,828.0,3151,0,0,1,Pedestrian
87,1080.0,796.0,1141.0,828.0,3152,0,0,1,Pedestrian
87,1078.0,796.0,1138.0,828.0,3153,0,0,1,Pedestrian
87,1078.0,796.0,1138.0,828.0,3154,0,0,1,Pedestrian
87,1075.0,796.0,1135.0,828.0,3155,0,0,1,Pedestrian
87,1075.0,796.0,1135.0,828.0,3156,0,0,1,Pedestrian
87,1072.0,796.0,1133.0,828.0,3157,0,0,1,Pedestrian
87,1072.0,796.0,1133.0,828.0,3158,0,0,1,Pedestrian
87,1069.0,796.0,1130.0,828.0,3159,0,0,1,Pedestrian
87,1069.0,799.0,1130.0,831.0,3160,0,0,1,Pedestrian
87,1069.0,799.0,1127.0,831.0,3161,0,0,1,Pedestrian
87,1067.0,799.0,1127.0,831.0,3162,0,0,1,Pedestrian
87,1067.0,799.0,1124.0,831.0,3163,0,0,1,Pedestrian
87,1064.0,799.0,1124.0,831.0,3164,0,0,1,Pedestrian
87,1064.0,799.0,1122.0,831.0,3165,0,0,1,Pedestrian
87,1061.0,799.0,1122.0,831.0,3166,0,0,1,Pedestrian
87,1061.0,799.0,1119.0,831.0,3167,0,0,1,Pedestrian
87,1058.0,799.0,1119.0,831.0,3168,0,0,1,Pedestrian
87,1058.0,799.0,1116.0,831.0,3169,0,0,1,Pedestrian
87,1056.0,799.0,1116.0,831.0,3170,0,0,1,Pedestrian
87,1056.0,799.0,1113.0,831.0,3171,0,0,1,Pedestrian
87,1053.0,799.0,1113.0,831.0,3172,0,0,1,Pedestrian
87,1053.0,799.0,1111.0,831.0,3173,0,0,1,Pedestrian
87,1050.0,799.0,1111.0,831.0,3174,0,0,1,Pedestrian
87,1050.0,799.0,1108.0,831.0,3175,0,0,1,Pedestrian
87,1047.0,799.0,1108.0,831.0,3176,0,0,1,Pedestrian
87,1047.0,799.0,1105.0,831.0,3177,0,0,1,Pedestrian
87,1045.0,799.0,1105.0,831.0,3178,0,0,1,Pedestrian
87,1045.0,799.0,1102.0,831.0,3179,0,0,1,Pedestrian
87,1042.0,799.0,1102.0,831.0,3180,0,0,1,Pedestrian
87,1042.0,799.0,1100.0,831.0,3181,0,0,1,Pedestrian
87,1039.0,799.0,1100.0,831.0,3182,0,0,1,Pedestrian
87,1039.0,799.0,1097.0,831.0,3183,0,0,1,Pedestrian
87,1036.0,799.0,1097.0,831.0,3184,0,0,1,Pedestrian
87,1036.0,799.0,1094.0,831.0,3185,0,0,1,Pedestrian
87,1034.0,799.0,1094.0,831.0,3186,0,0,1,Pedestrian
87,1034.0,799.0,1091.0,831.0,3187,0,0,1,Pedestrian
87,1031.0,799.0,1091.0,831.0,3188,0,0,1,Pedestrian
87,1031.0,799.0,1089.0,831.0,3189,0,0,1,Pedestrian
87,1031.0,801.0,1089.0,833.0,3190,0,0,0,Pedestrian
87,1028.0,801.0,1086.0,833.0,3191,0,0,1,Pedestrian
87,1028.0,801.0,1086.0,833.0,3192,0,0,1,Pedestrian
87,1025.0,801.0,1083.0,833.0,3193,0,0,1,Pedestrian
87,1025.0,801.0,1083.0,833.0,3194,0,0,1,Pedestrian
87,1023.0,801.0,1080.0,833.0,3195,0,0,1,Pedestrian
87,1023.0,801.0,1080.0,833.0,3196,0,0,1,Pedestrian
87,1020.0,801.0,1078.0,833.0,3197,0,0,1,Pedestrian
87,1020.0,801.0,1078.0,833.0,3198,0,0,1,Pedestrian
87,1017.0,801.0,1078.0,833.0,3199,0,0,1,Pedestrian
87,1017.0,801.0,1075.0,833.0,3200,0,0,1,Pedestrian
87,1014.0,801.0,1075.0,833.0,3201,0,0,1,Pedestrian
87,1014.0,801.0,1072.0,833.0,3202,0,0,1,Pedestrian
87,1012.0,803.0,1072.0,835.0,3203,0,0,1,Pedestrian
87,1012.0,803.0,1069.0,835.0,3204,0,0,1,Pedestrian
87,1009.0,803.0,1069.0,835.0,3205,0,0,1,Pedestrian
87,1009.0,803.0,1067.0,835.0,3206,0,0,1,Pedestrian
87,1006.0,803.0,1067.0,835.0,3207,0,0,1,Pedestrian
87,1006.0,803.0,1067.0,835.0,3208,0,0,1,Pedestrian
87,1003.0,803.0,1064.0,835.0,3209,0,0,1,Pedestrian
87,1003.0,803.0,1064.0,835.0,3210,0,0,1,Pedestrian
87,1001.0,803.0,1061.0,835.0,3211,0,0,1,Pedestrian
87,1001.0,803.0,1061.0,835.0,3212,0,0,1,Pedestrian
87,998.0,803.0,1058.0,835.0,3213,0,0,1,Pedestrian
87,998.0,803.0,1058.0,835.0,3214,0,0,1,Pedestrian
87,998.0,806.0,1058.0,837.0,3215,0,0,1,Pedestrian
87,995.0,806.0,1056.0,837.0,3216,0,0,1,Pedestrian
87,995.0,806.0,1056.0,837.0,3217,0,0,1,Pedestrian
87,992.0,806.0,1053.0,837.0,3218,0,0,1,Pedestrian
87,992.0,806.0,1053.0,837.0,3219,0,0,1,Pedestrian
87,990.0,806.0,1050.0,837.0,3220,0,0,1,Pedestrian
87,990.0,806.0,1050.0,837.0,3221,0,0,1,Pedestrian
87,987.0,806.0,1047.0,837.0,3222,0,0,1,Pedestrian
87,987.0,806.0,1047.0,837.0,3223,0,0,1,Pedestrian
87,984.0,806.0,1047.0,837.0,3224,0,0,1,Pedestrian
87,984.0,806.0,1045.0,837.0,3225,0,0,1,Pedestrian
87,981.0,806.0,1045.0,837.0,3226,0,0,1,Pedestrian
87,981.0,806.0,1042.0,837.0,3227,0,0,1,Pedestrian
87,979.0,808.0,1042.0,840.0,3228,0,0,1,Pedestrian
87,979.0,808.0,1039.0,840.0,3229,0,0,1,Pedestrian
87,976.0,808.0,1039.0,840.0,3230,0,0,1,Pedestrian
87,976.0,808.0,1036.0,840.0,3231,0,0,1,Pedestrian
87,973.0,808.0,1036.0,840.0,3232,0,0,1,Pedestrian
87,973.0,808.0,1036.0,840.0,3233,0,0,1,Pedestrian
87,970.0,808.0,1034.0,840.0,3234,0,0,1,Pedestrian
87,970.0,808.0,1034.0,840.0,3235,0,0,1,Pedestrian
87,968.0,808.0,1031.0,840.0,3236,0,0,1,Pedestrian
87,968.0,808.0,1031.0,840.0,3237,0,0,1,Pedestrian
87,965.0,808.0,1028.0,840.0,3238,0,0,1,Pedestrian
87,965.0,808.0,1028.0,840.0,3239,0,0,1,Pedestrian
87,965.0,810.0,1028.0,842.0,3240,0,0,0,Pedestrian
87,962.0,810.0,1025.0,842.0,3241,0,0,1,Pedestrian
87,959.0,810.0,1023.0,842.0,3242,0,0,1,Pedestrian
87,959.0,810.0,1023.0,842.0,3243,0,0,1,Pedestrian
87,957.0,810.0,1020.0,842.0,3244,0,0,1,Pedestrian
87,957.0,810.0,1020.0,842.0,3245,0,0,1,Pedestrian
87,954.0,810.0,1017.0,842.0,3246,0,0,1,Pedestrian
87,954.0,810.0,1017.0,842.0,3247,0,0,1,Pedestrian
87,951.0,810.0,1014.0,842.0,3248,0,0,1,Pedestrian
87,951.0,810.0,1014.0,842.0,3249,0,0,1,Pedestrian
87,948.0,810.0,1012.0,842.0,3250,0,0,1,Pedestrian
87,948.0,810.0,1012.0,842.0,3251,0,0,1,Pedestrian
87,946.0,810.0,1009.0,842.0,3252,0,0,1,Pedestrian
87,943.0,810.0,1006.0,842.0,3253,0,0,1,Pedestrian
87,943.0,810.0,1006.0,842.0,3254,0,0,1,Pedestrian
87,940.0,810.0,1003.0,842.0,3255,0,0,1,Pedestrian
87,940.0,810.0,1003.0,842.0,3256,0,0,1,Pedestrian
87,937.0,812.0,1001.0,844.0,3257,0,0,1,Pedestrian
87,937.0,812.0,1001.0,844.0,3258,0,0,1,Pedestrian
87,935.0,812.0,998.0,844.0,3259,0,0,1,Pedestrian
87,935.0,812.0,998.0,844.0,3260,0,0,1,Pedestrian
87,932.0,812.0,995.0,844.0,3261,0,0,1,Pedestrian
87,932.0,812.0,995.0,844.0,3262,0,0,1,Pedestrian
87,929.0,812.0,992.0,844.0,3263,0,0,1,Pedestrian
87,929.0,812.0,992.0,844.0,3264,0,0,1,Pedestrian
87,926.0,812.0,990.0,844.0,3265,0,0,1,Pedestrian
87,924.0,812.0,987.0,844.0,3266,0,0,1,Pedestrian
87,924.0,812.0,987.0,844.0,3267,0,0,1,Pedestrian
87,921.0,812.0,984.0,844.0,3268,0,0,1,Pedestrian
87,921.0,812.0,984.0,844.0,3269,0,0,1,Pedestrian
87,918.0,812.0,981.0,844.0,3270,0,0,1,Pedestrian
87,918.0,812.0,981.0,844.0,3271,0,0,1,Pedestrian
87,915.0,812.0,979.0,844.0,3272,0,0,1,Pedestrian
87,915.0,812.0,979.0,844.0,3273,0,0,1,Pedestrian
87,913.0,815.0,976.0,847.0,3274,0,0,1,Pedestrian
87,913.0,815.0,976.0,847.0,3275,0,0,1,Pedestrian
87,910.0,815.0,973.0,847.0,3276,0,0,1,Pedestrian
87,910.0,815.0,973.0,847.0,3277,0,0,1,Pedestrian
87,907.0,815.0,970.0,847.0,3278,0,0,1,Pedestrian
87,904.0,815.0,968.0,847.0,3279,0,0,1,Pedestrian
87,904.0,815.0,968.0,847.0,3280,0,0,1,Pedestrian
87,902.0,815.0,965.0,847.0,3281,0,0,1,Pedestrian
87,902.0,815.0,965.0,847.0,3282,0,0,1,Pedestrian
87,899.0,815.0,962.0,847.0,3283,0,0,1,Pedestrian
87,899.0,815.0,962.0,847.0,3284,0,0,1,Pedestrian
87,896.0,815.0,959.0,847.0,3285,0,0,1,Pedestrian
87,896.0,815.0,959.0,847.0,3286,0,0,1,Pedestrian
87,893.0,815.0,957.0,847.0,3287,0,0,1,Pedestrian
87,893.0,815.0,957.0,847.0,3288,0,0,1,Pedestrian
87,891.0,815.0,954.0,847.0,3289,0,0,1,Pedestrian
87,891.0,817.0,954.0,849.0,3290,0,0,0,Pedestrian
87,888.0,817.0,951.0,849.0,3291,0,0,1,Pedestrian
87,885.0,817.0,948.0,849.0,3292,0,0,1,Pedestrian
87,885.0,817.0,948.0,849.0,3293,0,0,1,Pedestrian
87,882.0,817.0,946.0,849.0,3294,0,0,1,Pedestrian
87,882.0,817.0,946.0,849.0,3295,0,0,1,Pedestrian
87,880.0,817.0,943.0,849.0,3296,0,0,1,Pedestrian
87,880.0,817.0,943.0,849.0,3297,0,0,1,Pedestrian
87,877.0,817.0,940.0,849.0,3298,0,0,1,Pedestrian
87,877.0,817.0,940.0,849.0,3299,0,0,1,Pedestrian
87,874.0,817.0,937.0,849.0,3300,0,0,1,Pedestrian
87,874.0,817.0,937.0,849.0,3301,0,0,1,Pedestrian
87,871.0,817.0,935.0,849.0,3302,0,0,1,Pedestrian
87,871.0,817.0,935.0,849.0,3303,0,0,1,Pedestrian
87,869.0,817.0,932.0,849.0,3304,0,0,1,Pedestrian
87,869.0,817.0,932.0,849.0,3305,0,0,1,Pedestrian
87,866.0,817.0,929.0,849.0,3306,0,0,1,Pedestrian
87,866.0,817.0,929.0,849.0,3307,0,0,1,Pedestrian
87,863.0,817.0,926.0,849.0,3308,0,0,1,Pedestrian
87,863.0,817.0,926.0,849.0,3309,0,0,1,Pedestrian
87,860.0,817.0,924.0,849.0,3310,0,0,1,Pedestrian
87,860.0,817.0,924.0,849.0,3311,0,0,1,Pedestrian
87,858.0,817.0,921.0,849.0,3312,0,0,1,Pedestrian
87,858.0,817.0,921.0,849.0,3313,0,0,1,Pedestrian
87,855.0,817.0,918.0,849.0,3314,0,0,1,Pedestrian
87,855.0,819.0,918.0,851.0,3315,0,0,1,Pedestrian
87,852.0,819.0,915.0,851.0,3316,0,0,1,Pedestrian
87,849.0,819.0,913.0,851.0,3317,0,0,1,Pedestrian
87,849.0,819.0,913.0,851.0,3318,0,0,1,Pedestrian
87,847.0,819.0,910.0,851.0,3319,0,0,1,Pedestrian
87,847.0,819.0,910.0,851.0,3320,0,0,1,Pedestrian
87,844.0,819.0,907.0,851.0,3321,0,0,1,Pedestrian
87,844.0,819.0,907.0,851.0,3322,0,0,1,Pedestrian
87,841.0,819.0,904.0,851.0,3323,0,0,1,Pedestrian
87,841.0,819.0,904.0,851.0,3324,0,0,1,Pedestrian
87,838.0,819.0,902.0,851.0,3325,0,0,1,Pedestrian
87,838.0,819.0,902.0,851.0,3326,0,0,1,Pedestrian
87,836.0,819.0,899.0,851.0,3327,0,0,1,Pedestrian
87,836.0,819.0,899.0,851.0,3328,0,0,1,Pedestrian
87,833.0,819.0,896.0,851.0,3329,0,0,1,Pedestrian
87,833.0,819.0,896.0,851.0,3330,0,0,1,Pedestrian
87,830.0,819.0,893.0,851.0,3331,0,0,1,Pedestrian
87,830.0,819.0,893.0,851.0,3332,0,0,1,Pedestrian
87,827.0,819.0,891.0,851.0,3333,0,0,1,Pedestrian
87,827.0,819.0,891.0,851.0,3334,0,0,1,Pedestrian
87,825.0,819.0,888.0,851.0,3335,0,0,1,Pedestrian
87,825.0,819.0,888.0,851.0,3336,0,0,1,Pedestrian
87,822.0,819.0,885.0,851.0,3337,0,0,1,Pedestrian
87,822.0,819.0,885.0,851.0,3338,0,0,1,Pedestrian
87,819.0,819.0,882.0,851.0,3339,0,0,1,Pedestrian
87,819.0,822.0,882.0,853.0,3340,0,0,0,Pedestrian
87,816.0,822.0,880.0,853.0,3341,0,0,1,Pedestrian
87,816.0,822.0,880.0,853.0,3342,0,0,1,Pedestrian
87,814.0,822.0,877.0,853.0,3343,0,0,1,Pedestrian
87,814.0,822.0,877.0,853.0,3344,0,0,1,Pedestrian
87,811.0,822.0,874.0,853.0,3345,0,0,1,Pedestrian
87,811.0,822.0,874.0,853.0,3346,0,0,1,Pedestrian
87,808.0,822.0,871.0,853.0,3347,0,0,1,Pedestrian
87,808.0,822.0,871.0,853.0,3348,0,0,1,Pedestrian
87,805.0,822.0,869.0,853.0,3349,0,0,1,Pedestrian
87,805.0,822.0,869.0,853.0,3350,0,0,1,Pedestrian
87,803.0,822.0,866.0,853.0,3351,0,0,1,Pedestrian
87,803.0,822.0,866.0,853.0,3352,0,0,1,Pedestrian
87,800.0,822.0,863.0,853.0,3353,0,0,1,Pedestrian
87,800.0,822.0,863.0,853.0,3354,0,0,1,Pedestrian
87,797.0,822.0,860.0,853.0,3355,0,0,1,Pedestrian
87,797.0,822.0,860.0,853.0,3356,0,0,1,Pedestrian
87,794.0,822.0,858.0,853.0,3357,0,0,1,Pedestrian
87,794.0,822.0,858.0,853.0,3358,0,0,1,Pedestrian
87,792.0,822.0,855.0,853.0,3359,0,0,1,Pedestrian
87,792.0,822.0,855.0,853.0,3360,0,0,1,Pedestrian
87,789.0,822.0,852.0,853.0,3361,0,0,1,Pedestrian
87,789.0,822.0,852.0,853.0,3362,0,0,1,Pedestrian
87,786.0,822.0,849.0,853.0,3363,0,0,1,Pedestrian
87,786.0,822.0,849.0,853.0,3364,0,0,1,Pedestrian
87,783.0,822.0,847.0,853.0,3365,0,0,1,Pedestrian
87,783.0,822.0,847.0,853.0,3366,0,0,1,Pedestrian
87,781.0,822.0,844.0,853.0,3367,0,0,1,Pedestrian
87,781.0,822.0,844.0,853.0,3368,0,0,1,Pedestrian
87,778.0,822.0,841.0,853.0,3369,0,0,1,Pedestrian
87,778.0,822.0,841.0,853.0,3370,0,0,1,Pedestrian
87,775.0,822.0,838.0,853.0,3371,0,0,1,Pedestrian
87,775.0,822.0,838.0,853.0,3372,0,0,1,Pedestrian
87,772.0,822.0,836.0,853.0,3373,0,0,1,Pedestrian
87,772.0,822.0,836.0,853.0,3374,0,0,1,Pedestrian
87,770.0,822.0,833.0,853.0,3375,0,0,1,Pedestrian
87,770.0,822.0,833.0,853.0,3376,0,0,1,Pedestrian
87,767.0,822.0,830.0,853.0,3377,0,0,1,Pedestrian
87,767.0,822.0,830.0,853.0,3378,0,0,1,Pedestrian
87,764.0,822.0,827.0,853.0,3379,0,0,1,Pedestrian
87,764.0,822.0,827.0,853.0,3380,0,0,1,Pedestrian
87,761.0,822.0,825.0,853.0,3381,0,0,1,Pedestrian
87,761.0,822.0,825.0,853.0,3382,0,0,1,Pedestrian
87,759.0,822.0,822.0,853.0,3383,0,0,1,Pedestrian
87,759.0,822.0,822.0,853.0,3384,0,0,1,Pedestrian
87,756.0,822.0,819.0,853.0,3385,0,0,1,Pedestrian
87,756.0,822.0,819.0,853.0,3386,0,0,1,Pedestrian
87,753.0,822.0,816.0,853.0,3387,0,0,1,Pedestrian
87,753.0,822.0,816.0,853.0,3388,0,0,1,Pedestrian
87,750.0,822.0,814.0,853.0,3389,0,0,1,Pedestrian
87,750.0,822.0,814.0,853.0,3390,0,0,1,Pedestrian
87,748.0,822.0,811.0,853.0,3391,0,0,1,Pedestrian
87,748.0,822.0,811.0,853.0,3392,0,0,1,Pedestrian
87,745.0,822.0,808.0,853.0,3393,0,0,1,Pedestrian
87,745.0,822.0,808.0,853.0,3394,0,0,1,Pedestrian
87,742.0,822.0,805.0,853.0,3395,0,0,1,Pedestrian
87,742.0,822.0,805.0,853.0,3396,0,0,1,Pedestrian
87,739.0,822.0,803.0,853.0,3397,0,0,1,Pedestrian
87,739.0,822.0,803.0,853.0,3398,0,0,1,Pedestrian
87,737.0,822.0,800.0,853.0,3399,0,0,1,Pedestrian
87,737.0,822.0,800.0,853.0,3400,0,0,1,Pedestrian
87,734.0,822.0,797.0,853.0,3401,0,0,1,Pedestrian
87,734.0,822.0,797.0,853.0,3402,0,0,1,Pedestrian
87,731.0,822.0,794.0,853.0,3403,0,0,1,Pedestrian
87,731.0,822.0,794.0,853.0,3404,0,0,1,Pedestrian
87,728.0,822.0,792.0,853.0,3405,0,0,1,Pedestrian
87,728.0,822.0,792.0,853.0,3406,0,0,1,Pedestrian
87,726.0,822.0,789.0,853.0,3407,0,0,1,Pedestrian
87,726.0,822.0,789.0,853.0,3408,0,0,1,Pedestrian
87,723.0,822.0,786.0,853.0,3409,0,0,1,Pedestrian
87,723.0,822.0,786.0,853.0,3410,0,0,0,Pedestrian
87,720.0,819.0,783.0,851.0,3411,0,0,1,Pedestrian
87,720.0,819.0,783.0,851.0,3412,0,0,1,Pedestrian
87,717.0,819.0,781.0,851.0,3413,0,0,1,Pedestrian
87,717.0,819.0,781.0,851.0,3414,0,0,1,Pedestrian
87,715.0,819.0,778.0,851.0,3415,0,0,1,Pedestrian
87,715.0,819.0,778.0,851.0,3416,0,0,1,Pedestrian
87,712.0,819.0,778.0,851.0,3417,0,0,1,Pedestrian
87,712.0,819.0,775.0,851.0,3418,0,0,1,Pedestrian
87,709.0,819.0,775.0,851.0,3419,0,0,1,Pedestrian
87,709.0,819.0,772.0,851.0,3420,0,0,1,Pedestrian
87,706.0,819.0,772.0,851.0,3421,0,0,1,Pedestrian
87,706.0,819.0,770.0,851.0,3422,0,0,1,Pedestrian
87,706.0,819.0,770.0,851.0,3423,0,0,1,Pedestrian
87,704.0,819.0,770.0,851.0,3424,0,0,1,Pedestrian
87,704.0,819.0,767.0,851.0,3425,0,0,1,Pedestrian
87,701.0,819.0,767.0,851.0,3426,0,0,1,Pedestrian
87,701.0,819.0,764.0,851.0,3427,0,0,1,Pedestrian
87,698.0,819.0,764.0,851.0,3428,0,0,1,Pedestrian
87,698.0,819.0,761.0,851.0,3429,0,0,1,Pedestrian
87,695.0,819.0,761.0,851.0,3430,0,0,1,Pedestrian
87,695.0,819.0,761.0,851.0,3431,0,0,1,Pedestrian
87,693.0,819.0,759.0,851.0,3432,0,0,1,Pedestrian
87,693.0,819.0,759.0,851.0,3433,0,0,1,Pedestrian
87,693.0,819.0,756.0,851.0,3434,0,0,1,Pedestrian
87,690.0,819.0,756.0,851.0,3435,0,0,1,Pedestrian
87,690.0,819.0,753.0,851.0,3436,0,0,1,Pedestrian
87,687.0,819.0,753.0,851.0,3437,0,0,1,Pedestrian
87,687.0,819.0,753.0,851.0,3438,0,0,1,Pedestrian
87,684.0,819.0,750.0,851.0,3439,0,0,1,Pedestrian
87,684.0,819.0,750.0,851.0,3440,0,0,1,Pedestrian
87,682.0,819.0,748.0,851.0,3441,0,0,1,Pedestrian
87,682.0,819.0,748.0,851.0,3442,0,0,1,Pedestrian
87,679.0,819.0,745.0,851.0,3443,0,0,1,Pedestrian
87,679.0,819.0,745.0,851.0,3444,0,0,1,Pedestrian
87,679.0,819.0,745.0,851.0,3445,0,0,1,Pedestrian
87,676.0,817.0,742.0,849.0,3446,0,0,1,Pedestrian
87,676.0,817.0,742.0,849.0,3447,0,0,1,Pedestrian
87,673.0,817.0,739.0,849.0,3448,0,0,1,Pedestrian
87,673.0,817.0,739.0,849.0,3449,0,0,1,Pedestrian
87,671.0,817.0,737.0,849.0,3450,0,0,1,Pedestrian
87,671.0,817.0,737.0,849.0,3451,0,0,1,Pedestrian
87,668.0,817.0,737.0,849.0,3452,0,0,1,Pedestrian
87,668.0,817.0,734.0,849.0,3453,0,0,1,Pedestrian
87,665.0,817.0,734.0,849.0,3454,0,0,1,Pedestrian
87,665.0,817.0,731.0,849.0,3455,0,0,1,Pedestrian
87,662.0,817.0,731.0,849.0,3456,0,0,1,Pedestrian
87,662.0,817.0,728.0,849.0,3457,0,0,1,Pedestrian
87,662.0,817.0,728.0,849.0,3458,0,0,1,Pedestrian
87,660.0,817.0,728.0,849.0,3459,0,0,1,Pedestrian
87,660.0,817.0,726.0,849.0,3460,0,0,1,Pedestrian
87,657.0,817.0,726.0,849.0,3461,0,0,1,Pedestrian
87,657.0,817.0,723.0,849.0,3462,0,0,1,Pedestrian
87,654.0,817.0,723.0,849.0,3463,0,0,1,Pedestrian
87,654.0,817.0,720.0,849.0,3464,0,0,1,Pedestrian
87,651.0,817.0,720.0,849.0,3465,0,0,1,Pedestrian
87,651.0,817.0,720.0,849.0,3466,0,0,1,Pedestrian
87,649.0,817.0,717.0,849.0,3467,0,0,1,Pedestrian
87,649.0,817.0,717.0,849.0,3468,0,0,1,Pedestrian
87,649.0,817.0,715.0,849.0,3469,0,0,1,Pedestrian
87,646.0,817.0,715.0,849.0,3470,0,0,1,Pedestrian
87,646.0,817.0,712.0,849.0,3471,0,0,1,Pedestrian
87,643.0,817.0,712.0,849.0,3472,0,0,1,Pedestrian
87,643.0,817.0,712.0,849.0,3473,0,0,1,Pedestrian
87,640.0,817.0,709.0,849.0,3474,0,0,1,Pedestrian
87,640.0,817.0,709.0,849.0,3475,0,0,1,Pedestrian
87,638.0,817.0,706.0,849.0,3476,0,0,1,Pedestrian
87,638.0,817.0,706.0,849.0,3477,0,0,1,Pedestrian
87,635.0,817.0,704.0,849.0,3478,0,0,1,Pedestrian
87,635.0,817.0,704.0,849.0,3479,0,0,1,Pedestrian
87,635.0,817.0,704.0,849.0,3480,0,0,0,Pedestrian
87,632.0,817.0,701.0,849.0,3481,0,0,1,Pedestrian
87,629.0,817.0,698.0,849.0,3482,0,0,1,Pedestrian
87,629.0,817.0,698.0,849.0,3483,0,0,1,Pedestrian
87,627.0,817.0,695.0,849.0,3484,0,0,1,Pedestrian
87,627.0,817.0,695.0,849.0,3485,0,0,1,Pedestrian
87,624.0,817.0,693.0,849.0,3486,0,0,1,Pedestrian
87,624.0,817.0,693.0,849.0,3487,0,0,1,Pedestrian
87,621.0,817.0,690.0,849.0,3488,0,0,1,Pedestrian
87,621.0,817.0,690.0,849.0,3489,0,0,1,Pedestrian
87,618.0,817.0,687.0,849.0,3490,0,0,1,Pedestrian
87,616.0,817.0,684.0,849.0,3491,0,0,1,Pedestrian
87,616.0,817.0,684.0,849.0,3492,0,0,1,Pedestrian
87,613.0,817.0,682.0,849.0,3493,0,0,1,Pedestrian
87,613.0,817.0,682.0,849.0,3494,0,0,1,Pedestrian
87,610.0,817.0,679.0,849.0,3495,0,0,1,Pedestrian
87,610.0,817.0,679.0,849.0,3496,0,0,1,Pedestrian
87,607.0,817.0,676.0,849.0,3497,0,0,1,Pedestrian
87,607.0,817.0,676.0,849.0,3498,0,0,1,Pedestrian
87,605.0,817.0,673.0,849.0,3499,0,0,1,Pedestrian
87,605.0,817.0,673.0,849.0,3500,0,0,0,Pedestrian
87,602.0,815.0,671.0,849.0,3501,0,0,1,Pedestrian
87,599.0,815.0,668.0,849.0,3502,0,0,1,Pedestrian
87,599.0,815.0,668.0,849.0,3503,0,0,1,Pedestrian
87,596.0,815.0,665.0,849.0,3504,0,0,1,Pedestrian
87,596.0,815.0,665.0,849.0,3505,0,0,1,Pedestrian
87,594.0,815.0,662.0,849.0,3506,0,0,1,Pedestrian
87,594.0,815.0,662.0,849.0,3507,0,0,1,Pedestrian
87,591.0,815.0,660.0,849.0,3508,0,0,1,Pedestrian
87,591.0,815.0,660.0,849.0,3509,0,0,1,Pedestrian
87,588.0,815.0,657.0,849.0,3510,0,0,1,Pedestrian
87,585.0,815.0,657.0,849.0,3511,0,0,1,Pedestrian
87,585.0,815.0,654.0,849.0,3512,0,0,1,Pedestrian
87,583.0,815.0,651.0,849.0,3513,0,0,1,Pedestrian
87,583.0,815.0,651.0,849.0,3514,0,0,1,Pedestrian
87,580.0,815.0,649.0,849.0,3515,0,0,1,Pedestrian
87,580.0,815.0,649.0,849.0,3516,0,0,1,Pedestrian
87,577.0,815.0,646.0,849.0,3517,0,0,1,Pedestrian
87,577.0,815.0,646.0,849.0,3518,0,0,1,Pedestrian
87,574.0,815.0,643.0,849.0,3519,0,0,1,Pedestrian
87,574.0,815.0,643.0,849.0,3520,0,0,1,Pedestrian
87,572.0,815.0,640.0,849.0,3521,0,0,1,Pedestrian
87,569.0,815.0,640.0,849.0,3522,0,0,1,Pedestrian
87,569.0,815.0,638.0,849.0,3523,0,0,1,Pedestrian
87,566.0,815.0,635.0,849.0,3524,0,0,1,Pedestrian
87,566.0,815.0,635.0,849.0,3525,0,0,1,Pedestrian
87,563.0,815.0,632.0,849.0,3526,0,0,1,Pedestrian
87,563.0,815.0,632.0,849.0,3527,0,0,1,Pedestrian
87,561.0,815.0,629.0,849.0,3528,0,0,1,Pedestrian
87,561.0,815.0,629.0,849.0,3529,0,0,1,Pedestrian
87,558.0,815.0,627.0,849.0,3530,0,0,1,Pedestrian
87,555.0,815.0,627.0,849.0,3531,0,0,1,Pedestrian
87,555.0,812.0,624.0,849.0,3532,0,0,1,Pedestrian
87,552.0,812.0,624.0,849.0,3533,0,0,1,Pedestrian
87,552.0,812.0,621.0,849.0,3534,0,0,1,Pedestrian
87,550.0,812.0,618.0,849.0,3535,0,0,1,Pedestrian
87,550.0,812.0,618.0,849.0,3536,0,0,1,Pedestrian
87,547.0,812.0,616.0,849.0,3537,0,0,1,Pedestrian
87,547.0,812.0,616.0,849.0,3538,0,0,1,Pedestrian
87,544.0,812.0,613.0,849.0,3539,0,0,1,Pedestrian
87,544.0,812.0,613.0,849.0,3540,0,0,1,Pedestrian
87,541.0,812.0,610.0,849.0,3541,0,0,1,Pedestrian
87,539.0,812.0,610.0,849.0,3542,0,0,1,Pedestrian
87,539.0,812.0,607.0,849.0,3543,0,0,1,Pedestrian
87,536.0,812.0,607.0,849.0,3544,0,0,1,Pedestrian
87,536.0,812.0,605.0,849.0,3545,0,0,1,Pedestrian
87,533.0,812.0,602.0,849.0,3546,0,0,1,Pedestrian
87,533.0,812.0,602.0,849.0,3547,0,0,1,Pedestrian
87,530.0,812.0,599.0,849.0,3548,0,0,1,Pedestrian
87,530.0,812.0,599.0,849.0,3549,0,0,1,Pedestrian
87,528.0,812.0,596.0,849.0,3550,0,0,1,Pedestrian
87,525.0,812.0,596.0,849.0,3551,0,0,1,Pedestrian
87,525.0,812.0,594.0,849.0,3552,0,0,1,Pedestrian
87,522.0,812.0,594.0,849.0,3553,0,0,1,Pedestrian
87,522.0,812.0,591.0,849.0,3554,0,0,1,Pedestrian
87,519.0,812.0,591.0,849.0,3555,0,0,1,Pedestrian
87,519.0,812.0,588.0,849.0,3556,0,0,1,Pedestrian
87,517.0,812.0,585.0,849.0,3557,0,0,1,Pedestrian
87,517.0,812.0,585.0,849.0,3558,0,0,1,Pedestrian
87,514.0,812.0,583.0,849.0,3559,0,0,1,Pedestrian
87,514.0,812.0,583.0,849.0,3560,0,0,1,Pedestrian
87,511.0,812.0,580.0,849.0,3561,0,0,1,Pedestrian
87,508.0,812.0,580.0,849.0,3562,0,0,1,Pedestrian
87,508.0,812.0,577.0,849.0,3563,0,0,1,Pedestrian
87,506.0,810.0,577.0,849.0,3564,0,0,1,Pedestrian
87,506.0,810.0,574.0,849.0,3565,0,0,1,Pedestrian
87,503.0,810.0,574.0,849.0,3566,0,0,1,Pedestrian
87,503.0,810.0,572.0,849.0,3567,0,0,1,Pedestrian
87,500.0,810.0,569.0,849.0,3568,0,0,1,Pedestrian
87,500.0,810.0,569.0,849.0,3569,0,0,1,Pedestrian
87,497.0,810.0,566.0,849.0,3570,0,0,1,Pedestrian
87,495.0,810.0,566.0,849.0,3571,0,0,1,Pedestrian
87,495.0,810.0,563.0,849.0,3572,0,0,1,Pedestrian
87,492.0,810.0,563.0,849.0,3573,0,0,1,Pedestrian
87,492.0,810.0,561.0,849.0,3574,0,0,1,Pedestrian
87,489.0,810.0,561.0,849.0,3575,0,0,1,Pedestrian
87,489.0,810.0,558.0,849.0,3576,0,0,1,Pedestrian
87,486.0,810.0,558.0,849.0,3577,0,0,1,Pedestrian
87,486.0,810.0,555.0,849.0,3578,0,0,1,Pedestrian
87,484.0,810.0,552.0,849.0,3579,0,0,1,Pedestrian
87,484.0,810.0,552.0,849.0,3580,0,0,1,Pedestrian
87,481.0,810.0,550.0,849.0,3581,0,0,1,Pedestrian
87,478.0,810.0,550.0,849.0,3582,0,0,1,Pedestrian
87,478.0,810.0,547.0,849.0,3583,0,0,1,Pedestrian
87,475.0,810.0,547.0,849.0,3584,0,0,1,Pedestrian
87,475.0,810.0,544.0,849.0,3585,0,0,1,Pedestrian
87,473.0,810.0,544.0,849.0,3586,0,0,1,Pedestrian
87,473.0,810.0,541.0,849.0,3587,0,0,1,Pedestrian
87,470.0,810.0,541.0,849.0,3588,0,0,1,Pedestrian
87,470.0,810.0,539.0,849.0,3589,0,0,1,Pedestrian
87,467.0,810.0,536.0,849.0,3590,0,0,1,Pedestrian
87,464.0,810.0,536.0,849.0,3591,0,0,1,Pedestrian
87,464.0,810.0,533.0,849.0,3592,0,0,1,Pedestrian
87,462.0,810.0,533.0,849.0,3593,0,0,1,Pedestrian
87,462.0,810.0,530.0,849.0,3594,0,0,1,Pedestrian
87,459.0,810.0,530.0,849.0,3595,0,0,1,Pedestrian
87,459.0,808.0,528.0,849.0,3596,0,0,1,Pedestrian
87,456.0,808.0,528.0,849.0,3597,0,0,1,Pedestrian
87,456.0,808.0,525.0,849.0,3598,0,0,1,Pedestrian
87,453.0,808.0,525.0,849.0,3599,0,0,1,Pedestrian
87,453.0,808.0,522.0,849.0,3600,0,0,1,Pedestrian
87,451.0,808.0,522.0,849.0,3601,0,0,1,Pedestrian
87,448.0,808.0,519.0,849.0,3602,0,0,1,Pedestrian
87,448.0,808.0,517.0,849.0,3603,0,0,1,Pedestrian
87,445.0,808.0,517.0,849.0,3604,0,0,1,Pedestrian
87,445.0,808.0,514.0,849.0,3605,0,0,1,Pedestrian
87,442.0,808.0,514.0,849.0,3606,0,0,1,Pedestrian
87,442.0,808.0,511.0,849.0,3607,0,0,1,Pedestrian
87,440.0,808.0,511.0,849.0,3608,0,0,1,Pedestrian
87,440.0,808.0,508.0,849.0,3609,0,0,1,Pedestrian
87,437.0,808.0,508.0,849.0,3610,0,0,1,Pedestrian
87,434.0,808.0,506.0,849.0,3611,0,0,1,Pedestrian
87,434.0,808.0,506.0,849.0,3612,0,0,1,Pedestrian
87,431.0,808.0,503.0,849.0,3613,0,0,1,Pedestrian
87,431.0,808.0,500.0,849.0,3614,0,0,1,Pedestrian
87,429.0,808.0,500.0,849.0,3615,0,0,1,Pedestrian
87,429.0,808.0,497.0,849.0,3616,0,0,1,Pedestrian
87,426.0,808.0,497.0,849.0,3617,0,0,1,Pedestrian
87,426.0,808.0,495.0,849.0,3618,0,0,1,Pedestrian
87,423.0,808.0,495.0,849.0,3619,0,0,1,Pedestrian
87,423.0,808.0,492.0,849.0,3620,0,0,1,Pedestrian
87,420.0,808.0,492.0,849.0,3621,0,0,1,Pedestrian
87,418.0,808.0,489.0,849.0,3622,0,0,1,Pedestrian
87,418.0,808.0,489.0,849.0,3623,0,0,1,Pedestrian
87,415.0,808.0,486.0,849.0,3624,0,0,1,Pedestrian
87,415.0,808.0,484.0,849.0,3625,0,0,1,Pedestrian
87,412.0,808.0,484.0,849.0,3626,0,0,1,Pedestrian
87,412.0,808.0,481.0,849.0,3627,0,0,1,Pedestrian
87,409.0,806.0,481.0,849.0,3628,0,0,1,Pedestrian
87,409.0,806.0,478.0,849.0,3629,0,0,1,Pedestrian
87,407.0,806.0,478.0,849.0,3630,0,0,1,Pedestrian
87,404.0,806.0,475.0,849.0,3631,0,0,1,Pedestrian
87,404.0,806.0,475.0,849.0,3632,0,0,1,Pedestrian
87,401.0,806.0,473.0,849.0,3633,0,0,1,Pedestrian
87,401.0,806.0,473.0,849.0,3634,0,0,1,Pedestrian
87,398.0,806.0,470.0,849.0,3635,0,0,1,Pedestrian
87,398.0,806.0,467.0,849.0,3636,0,0,1,Pedestrian
87,396.0,806.0,467.0,849.0,3637,0,0,1,Pedestrian
87,396.0,806.0,464.0,849.0,3638,0,0,1,Pedestrian
87,393.0,806.0,464.0,849.0,3639,0,0,1,Pedestrian
87,393.0,806.0,462.0,849.0,3640,0,0,1,Pedestrian
87,390.0,806.0,462.0,849.0,3641,0,0,1,Pedestrian
87,387.0,806.0,459.0,849.0,3642,0,0,1,Pedestrian
87,387.0,806.0,459.0,849.0,3643,0,0,1,Pedestrian
87,385.0,806.0,456.0,849.0,3644,0,0,1,Pedestrian
87,385.0,806.0,456.0,849.0,3645,0,0,1,Pedestrian
87,382.0,806.0,453.0,849.0,3646,0,0,1,Pedestrian
87,382.0,806.0,451.0,849.0,3647,0,0,1,Pedestrian
87,379.0,806.0,451.0,849.0,3648,0,0,1,Pedestrian
87,379.0,806.0,448.0,849.0,3649,0,0,1,Pedestrian
87,376.0,806.0,448.0,849.0,3650,0,0,1,Pedestrian
87,374.0,806.0,445.0,849.0,3651,0,0,1,Pedestrian
87,374.0,806.0,445.0,849.0,3652,0,0,1,Pedestrian
87,371.0,806.0,442.0,849.0,3653,0,0,1,Pedestrian
87,371.0,806.0,442.0,849.0,3654,0,0,1,Pedestrian
87,368.0,806.0,440.0,849.0,3655,0,0,1,Pedestrian
87,368.0,806.0,440.0,849.0,3656,0,0,1,Pedestrian
87,365.0,806.0,437.0,849.0,3657,0,0,1,Pedestrian
87,365.0,806.0,434.0,849.0,3658,0,0,1,Pedestrian
87,363.0,806.0,434.0,849.0,3659,0,0,1,Pedestrian
87,363.0,803.0,431.0,849.0,3660,0,0,1,Pedestrian
87,360.0,803.0,431.0,849.0,3661,0,0,1,Pedestrian
87,357.0,803.0,429.0,849.0,3662,0,0,1,Pedestrian
87,357.0,803.0,429.0,849.0,3663,0,0,1,Pedestrian
87,354.0,803.0,426.0,849.0,3664,0,0,1,Pedestrian
87,354.0,803.0,426.0,849.0,3665,0,0,1,Pedestrian
87,352.0,803.0,423.0,849.0,3666,0,0,1,Pedestrian
87,352.0,803.0,423.0,849.0,3667,0,0,1,Pedestrian
87,349.0,803.0,420.0,849.0,3668,0,0,1,Pedestrian
87,349.0,803.0,418.0,849.0,3669,0,0,1,Pedestrian
87,346.0,803.0,418.0,849.0,3670,0,0,1,Pedestrian
87,343.0,803.0,415.0,849.0,3671,0,0,1,Pedestrian
87,343.0,803.0,415.0,849.0,3672,0,0,1,Pedestrian
87,341.0,803.0,412.0,849.0,3673,0,0,1,Pedestrian
87,341.0,803.0,412.0,849.0,3674,0,0,1,Pedestrian
87,338.0,803.0,409.0,849.0,3675,0,0,1,Pedestrian
87,338.0,803.0,409.0,849.0,3676,0,0,1,Pedestrian
87,335.0,803.0,407.0,849.0,3677,0,0,1,Pedestrian
87,335.0,803.0,407.0,849.0,3678,0,0,1,Pedestrian
87,332.0,803.0,404.0,849.0,3679,0,0,1,Pedestrian
87,332.0,803.0,401.0,849.0,3680,0,0,1,Pedestrian
87,330.0,803.0,401.0,849.0,3681,0,0,1,Pedestrian
87,327.0,803.0,398.0,849.0,3682,0,0,1,Pedestrian
87,327.0,803.0,398.0,849.0,3683,0,0,1,Pedestrian
87,324.0,803.0,396.0,849.0,3684,0,0,1,Pedestrian
87,324.0,803.0,396.0,849.0,3685,0,0,1,Pedestrian
87,321.0,803.0,393.0,849.0,3686,0,0,1,Pedestrian
87,321.0,803.0,393.0,849.0,3687,0,0,1,Pedestrian
87,319.0,803.0,390.0,849.0,3688,0,0,1,Pedestrian
87,319.0,803.0,390.0,849.0,3689,0,0,1,Pedestrian
87,316.0,803.0,387.0,849.0,3690,0,0,1,Pedestrian
87,316.0,803.0,387.0,849.0,3691,0,0,0,Pedestrian
87,313.0,801.0,385.0,847.0,3692,0,0,1,Pedestrian
87,310.0,801.0,382.0,847.0,3693,0,0,1,Pedestrian
87,310.0,801.0,382.0,847.0,3694,0,0,1,Pedestrian
87,308.0,801.0,379.0,847.0,3695,0,0,1,Pedestrian
87,308.0,801.0,379.0,847.0,3696,0,0,1,Pedestrian
87,305.0,801.0,376.0,847.0,3697,0,0,1,Pedestrian
87,305.0,801.0,376.0,847.0,3698,0,0,1,Pedestrian
87,302.0,801.0,374.0,847.0,3699,0,0,1,Pedestrian
87,302.0,801.0,374.0,847.0,3700,0,0,1,Pedestrian
87,299.0,801.0,371.0,847.0,3701,0,0,1,Pedestrian
87,299.0,801.0,371.0,847.0,3702,0,0,1,Pedestrian
87,297.0,801.0,368.0,847.0,3703,0,0,1,Pedestrian
87,297.0,801.0,368.0,847.0,3704,0,0,1,Pedestrian
87,294.0,801.0,365.0,847.0,3705,0,0,1,Pedestrian
87,294.0,801.0,365.0,847.0,3706,0,0,1,Pedestrian
87,291.0,801.0,363.0,847.0,3707,0,0,1,Pedestrian
87,291.0,801.0,363.0,847.0,3708,0,0,1,Pedestrian
87,288.0,801.0,360.0,847.0,3709,0,0,1,Pedestrian
87,288.0,801.0,360.0,847.0,3710,0,0,1,Pedestrian
87,286.0,801.0,357.0,847.0,3711,0,0,1,Pedestrian
87,286.0,801.0,357.0,847.0,3712,0,0,1,Pedestrian
87,283.0,801.0,354.0,847.0,3713,0,0,1,Pedestrian
87,283.0,801.0,354.0,847.0,3714,0,0,1,Pedestrian
87,280.0,801.0,352.0,847.0,3715,0,0,1,Pedestrian
87,280.0,801.0,352.0,847.0,3716,0,0,1,Pedestrian
87,277.0,801.0,349.0,847.0,3717,0,0,1,Pedestrian
87,277.0,801.0,349.0,847.0,3718,0,0,1,Pedestrian
87,275.0,801.0,346.0,847.0,3719,0,0,1,Pedestrian
87,275.0,801.0,346.0,847.0,3720,0,0,1,Pedestrian
87,272.0,801.0,343.0,847.0,3721,0,0,1,Pedestrian
87,272.0,801.0,343.0,847.0,3722,0,0,1,Pedestrian
87,269.0,801.0,341.0,847.0,3723,0,0,1,Pedestrian
87,269.0,801.0,341.0,847.0,3724,0,0,1,Pedestrian
87,266.0,801.0,338.0,847.0,3725,0,0,1,Pedestrian
87,266.0,801.0,338.0,847.0,3726,0,0,1,Pedestrian
87,264.0,801.0,335.0,847.0,3727,0,0,1,Pedestrian
87,264.0,801.0,335.0,847.0,3728,0,0,1,Pedestrian
87,261.0,801.0,332.0,847.0,3729,0,0,1,Pedestrian
87,261.0,801.0,332.0,847.0,3730,0,0,1,Pedestrian
87,258.0,801.0,330.0,847.0,3731,0,0,1,Pedestrian
87,258.0,801.0,330.0,847.0,3732,0,0,1,Pedestrian
87,255.0,801.0,327.0,847.0,3733,0,0,1,Pedestrian
87,255.0,801.0,327.0,847.0,3734,0,0,1,Pedestrian
87,253.0,801.0,324.0,847.0,3735,0,0,1,Pedestrian
87,253.0,801.0,324.0,847.0,3736,0,0,1,Pedestrian
87,250.0,801.0,321.0,847.0,3737,0,0,1,Pedestrian
87,250.0,801.0,321.0,847.0,3738,0,0,1,Pedestrian
87,247.0,801.0,319.0,847.0,3739,0,0,1,Pedestrian
87,247.0,801.0,319.0,847.0,3740,0,0,1,Pedestrian
87,244.0,801.0,316.0,847.0,3741,0,0,1,Pedestrian
87,244.0,801.0,316.0,847.0,3742,0,0,1,Pedestrian
87,242.0,801.0,313.0,847.0,3743,0,0,1,Pedestrian
87,242.0,801.0,313.0,847.0,3744,0,0,1,Pedestrian
87,239.0,801.0,310.0,847.0,3745,0,0,1,Pedestrian
87,239.0,801.0,310.0,847.0,3746,0,0,1,Pedestrian
87,236.0,801.0,308.0,847.0,3747,0,0,1,Pedestrian
87,236.0,801.0,308.0,847.0,3748,0,0,1,Pedestrian
87,233.0,801.0,305.0,847.0,3749,0,0,1,Pedestrian
87,233.0,801.0,305.0,847.0,3750,0,0,1,Pedestrian
87,231.0,801.0,302.0,847.0,3751,0,0,1,Pedestrian
87,231.0,801.0,302.0,847.0,3752,0,0,1,Pedestrian
87,228.0,801.0,299.0,847.0,3753,0,0,1,Pedestrian
87,228.0,801.0,299.0,847.0,3754,0,0,1,Pedestrian
87,225.0,801.0,297.0,847.0,3755,0,0,1,Pedestrian
87,225.0,801.0,297.0,847.0,3756,0,0,1,Pedestrian
87,222.0,801.0,294.0,847.0,3757,0,0,1,Pedestrian
87,222.0,801.0,294.0,847.0,3758,0,0,1,Pedestrian
87,220.0,801.0,291.0,847.0,3759,0,0,1,Pedestrian
87,220.0,801.0,291.0,847.0,3760,0,0,1,Pedestrian
87,217.0,801.0,288.0,847.0,3761,0,0,1,Pedestrian
87,217.0,801.0,288.0,847.0,3762,0,0,1,Pedestrian
87,214.0,801.0,286.0,847.0,3763,0,0,1,Pedestrian
87,214.0,801.0,286.0,847.0,3764,0,0,1,Pedestrian
87,211.0,801.0,283.0,847.0,3765,0,0,1,Pedestrian
87,211.0,801.0,283.0,847.0,3766,0,0,1,Pedestrian
87,209.0,801.0,280.0,847.0,3767,0,0,1,Pedestrian
87,209.0,801.0,280.0,847.0,3768,0,0,1,Pedestrian
87,206.0,801.0,277.0,847.0,3769,0,0,1,Pedestrian
87,206.0,801.0,277.0,847.0,3770,0,0,1,Pedestrian
87,203.0,801.0,275.0,847.0,3771,0,0,1,Pedestrian
87,203.0,801.0,275.0,847.0,3772,0,0,1,Pedestrian
87,200.0,801.0,272.0,847.0,3773,0,0,1,Pedestrian
87,200.0,801.0,272.0,847.0,3774,0,0,1,Pedestrian
87,198.0,801.0,269.0,847.0,3775,0,0,1,Pedestrian
87,198.0,801.0,269.0,847.0,3776,0,0,1,Pedestrian
87,195.0,801.0,266.0,847.0,3777,0,0,1,Pedestrian
87,195.0,801.0,266.0,847.0,3778,0,0,1,Pedestrian
87,192.0,801.0,264.0,847.0,3779,0,0,1,Pedestrian
87,192.0,801.0,264.0,847.0,3780,0,0,1,Pedestrian
87,189.0,801.0,261.0,847.0,3781,0,0,1,Pedestrian
87,189.0,801.0,261.0,847.0,3782,0,0,1,Pedestrian
87,187.0,801.0,258.0,847.0,3783,0,0,1,Pedestrian
87,187.0,801.0,258.0,847.0,3784,0,0,1,Pedestrian
87,184.0,801.0,255.0,847.0,3785,0,0,1,Pedestrian
87,184.0,801.0,255.0,847.0,3786,0,0,1,Pedestrian
87,181.0,801.0,253.0,847.0,3787,0,0,1,Pedestrian
87,181.0,801.0,253.0,847.0,3788,0,0,1,Pedestrian
87,178.0,801.0,250.0,847.0,3789,0,0,1,Pedestrian
87,178.0,801.0,250.0,847.0,3790,0,0,1,Pedestrian
87,176.0,801.0,247.0,847.0,3791,0,0,1,Pedestrian
87,176.0,801.0,247.0,847.0,3792,0,0,1,Pedestrian
87,173.0,801.0,244.0,847.0,3793,0,0,1,Pedestrian
87,173.0,801.0,244.0,847.0,3794,0,0,1,Pedestrian
87,170.0,801.0,242.0,847.0,3795,0,0,1,Pedestrian
87,170.0,801.0,242.0,847.0,3796,0,0,1,Pedestrian
87,167.0,801.0,239.0,847.0,3797,0,0,1,Pedestrian
87,167.0,801.0,239.0,847.0,3798,0,0,1,Pedestrian
87,165.0,801.0,236.0,847.0,3799,0,0,1,Pedestrian
87,165.0,801.0,236.0,847.0,3800,0,0,1,Pedestrian
87,162.0,801.0,233.0,847.0,3801,0,0,1,Pedestrian
87,162.0,801.0,233.0,847.0,3802,0,0,1,Pedestrian
87,159.0,801.0,231.0,847.0,3803,0,0,1,Pedestrian
87,159.0,801.0,231.0,847.0,3804,0,0,0,Pedestrian
87,156.0,801.0,228.0,847.0,3805,0,0,1,Pedestrian
87,156.0,801.0,225.0,847.0,3806,0,0,1,Pedestrian
87,154.0,801.0,225.0,847.0,3807,0,0,1,Pedestrian
87,154.0,801.0,222.0,847.0,3808,0,0,1,Pedestrian
87,151.0,801.0,222.0,847.0,3809,0,0,1,Pedestrian
87,151.0,801.0,220.0,847.0,3810,0,0,1,Pedestrian
87,148.0,801.0,220.0,847.0,3811,0,0,1,Pedestrian
87,148.0,801.0,217.0,847.0,3812,0,0,1,Pedestrian
87,148.0,801.0,217.0,847.0,3813,0,0,1,Pedestrian
87,145.0,801.0,214.0,847.0,3814,0,0,1,Pedestrian
87,145.0,801.0,214.0,847.0,3815,0,0,1,Pedestrian
87,143.0,801.0,211.0,847.0,3816,0,0,1,Pedestrian
87,143.0,801.0,211.0,847.0,3817,0,0,1,Pedestrian
87,140.0,801.0,209.0,847.0,3818,0,0,1,Pedestrian
87,140.0,801.0,209.0,847.0,3819,0,0,1,Pedestrian
87,137.0,801.0,206.0,847.0,3820,0,0,1,Pedestrian
87,137.0,801.0,206.0,847.0,3821,0,0,1,Pedestrian
87,137.0,801.0,203.0,847.0,3822,0,0,1,Pedestrian
87,134.0,801.0,203.0,847.0,3823,0,0,1,Pedestrian
87,134.0,801.0,200.0,847.0,3824,0,0,1,Pedestrian
87,132.0,801.0,200.0,847.0,3825,0,0,1,Pedestrian
87,132.0,801.0,198.0,847.0,3826,0,0,1,Pedestrian
87,129.0,801.0,198.0,847.0,3827,0,0,1,Pedestrian
87,129.0,801.0,195.0,847.0,3828,0,0,1,Pedestrian
87,129.0,801.0,195.0,847.0,3829,0,0,1,Pedestrian
87,126.0,801.0,192.0,847.0,3830,0,0,1,Pedestrian
87,126.0,801.0,192.0,847.0,3831,0,0,1,Pedestrian
87,123.0,801.0,189.0,847.0,3832,0,0,1,Pedestrian
87,123.0,801.0,189.0,847.0,3833,0,0,1,Pedestrian
87,121.0,801.0,187.0,847.0,3834,0,0,1,Pedestrian
87,121.0,801.0,187.0,847.0,3835,0,0,1,Pedestrian
87,118.0,801.0,184.0,847.0,3836,0,0,1,Pedestrian
87,118.0,801.0,184.0,847.0,3837,0,0,1,Pedestrian
87,118.0,801.0,181.0,847.0,3838,0,0,1,Pedestrian
87,115.0,801.0,181.0,847.0,3839,0,0,1,Pedestrian
87,115.0,801.0,178.0,847.0,3840,0,0,1,Pedestrian
87,112.0,801.0,178.0,847.0,3841,0,0,1,Pedestrian
87,112.0,801.0,176.0,847.0,3842,0,0,1,Pedestrian
87,110.0,801.0,176.0,847.0,3843,0,0,1,Pedestrian
87,110.0,801.0,173.0,847.0,3844,0,0,1,Pedestrian
87,107.0,801.0,173.0,847.0,3845,0,0,1,Pedestrian
87,107.0,801.0,170.0,847.0,3846,0,0,1,Pedestrian
87,107.0,801.0,170.0,847.0,3847,0,0,1,Pedestrian
87,104.0,803.0,167.0,849.0,3848,0,0,1,Pedestrian
87,104.0,803.0,167.0,849.0,3849,0,0,1,Pedestrian
87,101.0,803.0,165.0,849.0,3850,0,0,1,Pedestrian
87,101.0,803.0,165.0,849.0,3851,0,0,1,Pedestrian
87,99.0,803.0,162.0,849.0,3852,0,0,1,Pedestrian
87,99.0,803.0,162.0,849.0,3853,0,0,1,Pedestrian
87,99.0,803.0,159.0,849.0,3854,0,0,1,Pedestrian
87,96.0,803.0,159.0,849.0,3855,0,0,1,Pedestrian
87,96.0,803.0,156.0,849.0,3856,0,0,1,Pedestrian
87,93.0,803.0,156.0,849.0,3857,0,0,1,Pedestrian
87,93.0,803.0,154.0,849.0,3858,0,0,1,Pedestrian
87,90.0,803.0,154.0,849.0,3859,0,0,1,Pedestrian
87,90.0,803.0,151.0,849.0,3860,0,0,1,Pedestrian
87,88.0,803.0,151.0,849.0,3861,0,0,1,Pedestrian
87,88.0,803.0,148.0,849.0,3862,0,0,1,Pedestrian
87,88.0,803.0,148.0,849.0,3863,0,0,1,Pedestrian
87,85.0,803.0,145.0,849.0,3864,0,0,1,Pedestrian
87,85.0,803.0,145.0,849.0,3865,0,0,1,Pedestrian
87,82.0,803.0,143.0,849.0,3866,0,0,1,Pedestrian
87,82.0,803.0,143.0,849.0,3867,0,0,1,Pedestrian
87,79.0,803.0,140.0,849.0,3868,0,0,1,Pedestrian
87,79.0,803.0,140.0,849.0,3869,0,0,1,Pedestrian
87,79.0,803.0,137.0,849.0,3870,0,0,1,Pedestrian
87,77.0,803.0,134.0,849.0,3871,0,0,1,Pedestrian
87,77.0,803.0,134.0,849.0,3872,0,0,1,Pedestrian
87,74.0,803.0,132.0,849.0,3873,0,0,1,Pedestrian
87,74.0,803.0,132.0,849.0,3874,0,0,1,Pedestrian
87,71.0,803.0,129.0,849.0,3875,0,0,1,Pedestrian
87,71.0,803.0,129.0,849.0,3876,0,0,1,Pedestrian
87,68.0,803.0,126.0,849.0,3877,0,0,1,Pedestrian
87,68.0,803.0,126.0,849.0,3878,0,0,1,Pedestrian
87,68.0,803.0,123.0,849.0,3879,0,0,1,Pedestrian
87,66.0,803.0,123.0,849.0,3880,0,0,1,Pedestrian
87,66.0,803.0,121.0,849.0,3881,0,0,1,Pedestrian
87,63.0,803.0,121.0,849.0,3882,0,0,1,Pedestrian
87,63.0,803.0,118.0,849.0,3883,0,0,1,Pedestrian
87,60.0,803.0,118.0,849.0,3884,0,0,1,Pedestrian
87,60.0,803.0,115.0,849.0,3885,0,0,1,Pedestrian
87,57.0,803.0,115.0,849.0,3886,0,0,1,Pedestrian
87,57.0,803.0,112.0,849.0,3887,0,0,1,Pedestrian
87,57.0,803.0,112.0,849.0,3888,0,0,1,Pedestrian
87,55.0,803.0,110.0,849.0,3889,0,0,1,Pedestrian
87,55.0,803.0,110.0,849.0,3890,0,0,1,Pedestrian
87,52.0,803.0,107.0,849.0,3891,0,0,1,Pedestrian
87,52.0,806.0,107.0,851.0,3892,0,0,1,Pedestrian
87,49.0,806.0,104.0,851.0,3893,0,0,1,Pedestrian
87,49.0,806.0,104.0,851.0,3894,0,0,1,Pedestrian
87,49.0,806.0,101.0,851.0,3895,0,0,1,Pedestrian
87,46.0,806.0,101.0,851.0,3896,0,0,1,Pedestrian
87,46.0,806.0,99.0,851.0,3897,0,0,1,Pedestrian
87,44.0,806.0,99.0,851.0,3898,0,0,1,Pedestrian
87,44.0,806.0,96.0,851.0,3899,0,0,1,Pedestrian
87,41.0,806.0,96.0,851.0,3900,0,0,1,Pedestrian
87,41.0,806.0,93.0,851.0,3901,0,0,1,Pedestrian
87,38.0,806.0,93.0,851.0,3902,0,0,1,Pedestrian
87,38.0,806.0,90.0,851.0,3903,0,0,1,Pedestrian
87,38.0,806.0,90.0,851.0,3904,0,0,1,Pedestrian
87,35.0,806.0,88.0,851.0,3905,0,0,1,Pedestrian
87,35.0,806.0,88.0,851.0,3906,0,0,1,Pedestrian
87,33.0,806.0,85.0,851.0,3907,0,0,1,Pedestrian
87,33.0,806.0,85.0,851.0,3908,0,0,1,Pedestrian
87,30.0,806.0,82.0,851.0,3909,0,0,1,Pedestrian
87,30.0,806.0,82.0,851.0,3910,0,0,1,Pedestrian
87,27.0,806.0,79.0,851.0,3911,0,0,1,Pedestrian
87,27.0,806.0,79.0,851.0,3912,0,0,1,Pedestrian
87,27.0,806.0,77.0,851.0,3913,0,0,1,Pedestrian
87,24.0,806.0,77.0,851.0,3914,0,0,1,Pedestrian
87,24.0,806.0,74.0,851.0,3915,0,0,1,Pedestrian
87,22.0,806.0,74.0,851.0,3916,0,0,1,Pedestrian
87,22.0,806.0,71.0,851.0,3917,0,0,1,Pedestrian
87,19.0,806.0,71.0,851.0,3918,0,0,1,Pedestrian
87,19.0,806.0,68.0,851.0,3919,0,0,1,Pedestrian
87,19.0,806.0,68.0,851.0,3920,0,0,1,Pedestrian
87,16.0,806.0,66.0,851.0,3921,0,0,1,Pedestrian
87,16.0,806.0,66.0,851.0,3922,0,0,1,Pedestrian
87,13.0,806.0,63.0,851.0,3923,0,0,1,Pedestrian
87,13.0,806.0,63.0,851.0,3924,0,0,1,Pedestrian
87,11.0,806.0,60.0,851.0,3925,0,0,1,Pedestrian
87,11.0,806.0,60.0,851.0,3926,0,0,1,Pedestrian
87,8.0,806.0,57.0,851.0,3927,0,0,1,Pedestrian
87,8.0,806.0,57.0,851.0,3928,0,0,1,Pedestrian
87,8.0,806.0,55.0,851.0,3929,0,0,1,Pedestrian
87,5.0,806.0,55.0,851.0,3930,0,0,1,Pedestrian
87,5.0,806.0,52.0,851.0,3931,0,0,1,Pedestrian
87,2.0,806.0,52.0,851.0,3932,0,0,1,Pedestrian
87,2.0,806.0,49.0,851.0,3933,0,0,1,Pedestrian
87,0.0,806.0,49.0,851.0,3934,0,0,1,Pedestrian
87,0.0,806.0,46.0,851.0,3935,0,0,1,Pedestrian
87,0.0,808.0,46.0,853.0,3936,0,0,0,Pedestrian
87,0.0,808.0,46.0,853.0,3937,0,0,1,Pedestrian
87,0.0,808.0,46.0,853.0,3938,0,0,1,Pedestrian
87,0.0,808.0,46.0,853.0,3939,0,0,1,Pedestrian
87,0.0,808.0,46.0,853.0,3940,0,0,1,Pedestrian
87,0.0,808.0,46.0,853.0,3941,0,0,1,Pedestrian
87,0.0,808.0,46.0,853.0,3942,0,0,1,Pedestrian
87,0.0,808.0,46.0,853.0,3943,0,0,1,Pedestrian
87,0.0,808.0,46.0,853.0,3944,0,0,1,Pedestrian
87,0.0,808.0,46.0,853.0,3945,0,0,1,Pedestrian
87,0.0,808.0,46.0,853.0,3946,0,0,0,Pedestrian
87,0.0,808.0,44.0,853.0,3947,0,0,1,Pedestrian
87,0.0,810.0,44.0,856.0,3948,0,0,1,Pedestrian
87,0.0,812.0,41.0,858.0,3949,0,0,1,Pedestrian
87,0.0,812.0,41.0,858.0,3950,0,0,1,Pedestrian
87,0.0,815.0,38.0,860.0,3951,0,0,1,Pedestrian
87,0.0,817.0,38.0,863.0,3952,0,0,1,Pedestrian
87,0.0,817.0,35.0,863.0,3953,0,0,1,Pedestrian
87,0.0,819.0,35.0,865.0,3954,0,0,1,Pedestrian
87,0.0,822.0,33.0,867.0,3955,0,0,1,Pedestrian
87,0.0,824.0,33.0,869.0,3956,1,0,0,Pedestrian
87,0.0,824.0,33.0,869.0,3957,1,0,1,Pedestrian
87,0.0,824.0,33.0,869.0,3958,1,0,1,Pedestrian
87,0.0,824.0,33.0,869.0,3959,1,0,1,Pedestrian
87,0.0,824.0,33.0,869.0,3960,1,0,1,Pedestrian
87,0.0,824.0,33.0,869.0,3961,1,0,1,Pedestrian
87,0.0,826.0,35.0,872.0,3962,1,0,0,Pedestrian
87,0.0,826.0,35.0,872.0,3963,1,0,1,Pedestrian
87,0.0,826.0,35.0,872.0,3964,1,0,1,Pedestrian
87,0.0,826.0,35.0,872.0,3965,1,0,1,Pedestrian
87,0.0,828.0,38.0,874.0,3966,1,0,0,Pedestrian
87,0.0,828.0,38.0,874.0,3967,1,0,1,Pedestrian
87,0.0,828.0,38.0,874.0,3968,1,0,1,Pedestrian
87,0.0,828.0,38.0,874.0,3969,1,0,1,Pedestrian
87,0.0,828.0,41.0,874.0,3970,1,0,1,Pedestrian
87,0.0,828.0,41.0,874.0,3971,1,0,1,Pedestrian
87,0.0,828.0,41.0,874.0,3972,1,0,1,Pedestrian
87,0.0,828.0,44.0,874.0,3973,1,0,1,Pedestrian
87,0.0,828.0,44.0,874.0,3974,1,0,1,Pedestrian
87,0.0,828.0,44.0,874.0,3975,1,0,1,Pedestrian
87,0.0,828.0,46.0,874.0,3976,1,0,0,Pedestrian
87,0.0,826.0,46.0,872.0,3977,1,0,1,Pedestrian
87,0.0,826.0,46.0,872.0,3978,1,0,1,Pedestrian
87,0.0,826.0,46.0,872.0,3979,1,0,1,Pedestrian
87,0.0,826.0,46.0,872.0,3980,1,0,1,Pedestrian
87,0.0,826.0,46.0,872.0,3981,1,0,1,Pedestrian
87,0.0,826.0,46.0,872.0,3982,1,0,1,Pedestrian
87,0.0,824.0,46.0,869.0,3983,1,0,1,Pedestrian
87,0.0,824.0,46.0,869.0,3984,1,0,1,Pedestrian
87,0.0,824.0,46.0,869.0,3985,1,0,1,Pedestrian
87,0.0,824.0,46.0,869.0,3986,1,0,1,Pedestrian
87,0.0,824.0,46.0,869.0,3987,1,0,1,Pedestrian
87,0.0,824.0,46.0,869.0,3988,1,0,1,Pedestrian
87,0.0,822.0,46.0,867.0,3989,1,0,1,Pedestrian
87,0.0,822.0,46.0,867.0,3990,1,0,1,Pedestrian
87,0.0,822.0,46.0,867.0,3991,1,0,1,Pedestrian
87,0.0,822.0,46.0,867.0,3992,1,0,1,Pedestrian
87,0.0,822.0,46.0,867.0,3993,1,0,1,Pedestrian
87,0.0,822.0,46.0,867.0,3994,1,0,1,Pedestrian
87,0.0,819.0,46.0,865.0,3995,1,0,1,Pedestrian
87,0.0,819.0,46.0,865.0,3996,1,0,1,Pedestrian
87,0.0,819.0,46.0,865.0,3997,1,0,1,Pedestrian
87,0.0,819.0,46.0,865.0,3998,1,0,1,Pedestrian
87,0.0,819.0,46.0,865.0,3999,1,0,1,Pedestrian
87,0.0,819.0,46.0,865.0,4000,1,0,1,Pedestrian
87,0.0,817.0,46.0,863.0,4001,1,0,1,Pedestrian
87,0.0,817.0,46.0,863.0,4002,1,0,1,Pedestrian
87,0.0,817.0,46.0,863.0,4003,1,0,1,Pedestrian
87,0.0,817.0,46.0,863.0,4004,1,0,1,Pedestrian
87,0.0,817.0,46.0,863.0,4005,1,0,1,Pedestrian
87,0.0,817.0,46.0,863.0,4006,1,0,1,Pedestrian
87,0.0,815.0,46.0,860.0,4007,1,0,1,Pedestrian
87,0.0,815.0,46.0,860.0,4008,1,0,1,Pedestrian
87,0.0,815.0,46.0,860.0,4009,1,0,1,Pedestrian
87,0.0,815.0,46.0,860.0,4010,1,0,1,Pedestrian
87,0.0,815.0,46.0,860.0,4011,1,0,1,Pedestrian
87,0.0,815.0,46.0,860.0,4012,1,0,1,Pedestrian
87,0.0,812.0,46.0,858.0,4013,1,0,1,Pedestrian
87,0.0,812.0,46.0,858.0,4014,1,0,1,Pedestrian
87,0.0,812.0,46.0,858.0,4015,1,0,1,Pedestrian
87,0.0,812.0,46.0,858.0,4016,1,0,1,Pedestrian
87,0.0,812.0,46.0,858.0,4017,1,0,1,Pedestrian
87,0.0,812.0,46.0,858.0,4018,1,0,1,Pedestrian
87,0.0,810.0,46.0,856.0,4019,1,0,1,Pedestrian
87,0.0,810.0,46.0,856.0,4020,1,0,1,Pedestrian
87,0.0,810.0,46.0,856.0,4021,1,0,1,Pedestrian
87,0.0,810.0,46.0,856.0,4022,1,0,1,Pedestrian
87,0.0,810.0,46.0,856.0,4023,1,0,1,Pedestrian
87,0.0,810.0,46.0,856.0,4024,1,0,1,Pedestrian
87,0.0,808.0,46.0,853.0,4025,1,0,1,Pedestrian
87,0.0,808.0,46.0,853.0,4026,1,0,1,Pedestrian
87,0.0,808.0,46.0,853.0,4027,1,0,1,Pedestrian
87,0.0,808.0,46.0,853.0,4028,1,0,1,Pedestrian
87,0.0,808.0,46.0,853.0,4029,1,0,1,Pedestrian
87,0.0,808.0,46.0,853.0,4030,1,0,1,Pedestrian
87,0.0,808.0,46.0,853.0,4031,1,0,0,Pedestrian
88,1927.0,571.0,1977.0,669.0,0,1,0,0,Pedestrian
88,1927.0,571.0,1977.0,667.0,1,1,0,1,Pedestrian
88,1927.0,571.0,1977.0,667.0,2,1,0,1,Pedestrian
88,1927.0,571.0,1977.0,667.0,3,1,0,1,Pedestrian
88,1927.0,571.0,1977.0,667.0,4,1,0,1,Pedestrian
88,1927.0,571.0,1977.0,667.0,5,1,0,1,Pedestrian
88,1927.0,571.0,1977.0,667.0,6,1,0,1,Pedestrian
88,1927.0,571.0,1977.0,667.0,7,1,0,1,Pedestrian
88,1927.0,571.0,1977.0,667.0,8,1,0,1,Pedestrian
88,1927.0,571.0,1977.0,667.0,9,1,0,1,Pedestrian
88,1927.0,571.0,1977.0,667.0,10,1,0,1,Pedestrian
88,1927.0,571.0,1977.0,667.0,11,1,0,1,Pedestrian
88,1927.0,571.0,1977.0,667.0,12,1,0,1,Pedestrian
88,1927.0,571.0,1977.0,667.0,13,1,0,1,Pedestrian
88,1927.0,571.0,1977.0,667.0,14,1,0,1,Pedestrian
88,1927.0,571.0,1977.0,667.0,15,1,0,1,Pedestrian
88,1927.0,571.0,1977.0,667.0,16,1,0,1,Pedestrian
88,1927.0,571.0,1977.0,667.0,17,1,0,1,Pedestrian
88,1927.0,571.0,1977.0,667.0,18,1,0,1,Pedestrian
88,1927.0,571.0,1977.0,667.0,19,1,0,1,Pedestrian
88,1927.0,571.0,1977.0,667.0,20,1,0,1,Pedestrian
88,1927.0,571.0,1977.0,667.0,21,1,0,1,Pedestrian
88,1927.0,571.0,1977.0,667.0,22,1,0,1,Pedestrian
88,1927.0,571.0,1977.0,667.0,23,1,0,1,Pedestrian
88,1927.0,571.0,1977.0,667.0,24,1,0,1,Pedestrian
88,1927.0,571.0,1977.0,667.0,25,1,0,1,Pedestrian
88,1927.0,571.0,1977.0,667.0,26,1,0,1,Pedestrian
88,1927.0,571.0,1977.0,667.0,27,1,0,1,Pedestrian
88,1927.0,571.0,1977.0,667.0,28,1,0,1,Pedestrian
88,1927.0,571.0,1977.0,667.0,29,1,0,1,Pedestrian
88,1927.0,571.0,1977.0,667.0,30,1,0,1,Pedestrian
88,1927.0,571.0,1977.0,667.0,31,1,0,1,Pedestrian
88,1927.0,571.0,1977.0,667.0,32,1,0,1,Pedestrian
88,1927.0,571.0,1977.0,667.0,33,1,0,1,Pedestrian
88,1927.0,571.0,1977.0,667.0,34,1,0,1,Pedestrian
88,1927.0,571.0,1977.0,667.0,35,1,0,1,Pedestrian
88,1927.0,571.0,1977.0,667.0,36,1,0,1,Pedestrian
88,1927.0,571.0,1977.0,667.0,37,1,0,1,Pedestrian
88,1927.0,571.0,1977.0,667.0,38,1,0,1,Pedestrian
88,1927.0,571.0,1977.0,667.0,39,1,0,1,Pedestrian
88,1927.0,571.0,1977.0,667.0,40,1,0,1,Pedestrian
88,1927.0,571.0,1977.0,667.0,41,1,0,1,Pedestrian
88,1927.0,571.0,1977.0,667.0,42,1,0,1,Pedestrian
88,1927.0,571.0,1977.0,667.0,43,1,0,1,Pedestrian
88,1927.0,571.0,1977.0,667.0,44,1,0,1,Pedestrian
88,1927.0,571.0,1977.0,667.0,45,1,0,1,Pedestrian
88,1927.0,571.0,1977.0,667.0,46,1,0,1,Pedestrian
88,1927.0,571.0,1977.0,667.0,47,1,0,1,Pedestrian
88,1927.0,571.0,1977.0,667.0,48,1,0,1,Pedestrian
88,1927.0,571.0,1977.0,667.0,49,1,0,1,Pedestrian
88,1927.0,571.0,1977.0,667.0,50,1,0,1,Pedestrian
88,1927.0,571.0,1977.0,667.0,51,1,0,1,Pedestrian
88,1927.0,571.0,1977.0,667.0,52,1,0,1,Pedestrian
88,1927.0,571.0,1977.0,667.0,53,1,0,1,Pedestrian
88,1927.0,571.0,1977.0,667.0,54,1,0,1,Pedestrian
88,1927.0,571.0,1977.0,667.0,55,1,0,1,Pedestrian
88,1927.0,571.0,1977.0,667.0,56,1,0,1,Pedestrian
88,1927.0,571.0,1977.0,667.0,57,1,0,1,Pedestrian
88,1927.0,571.0,1977.0,667.0,58,1,0,1,Pedestrian
88,1927.0,571.0,1977.0,667.0,59,1,0,1,Pedestrian
88,1927.0,571.0,1977.0,667.0,60,1,0,1,Pedestrian
88,1927.0,571.0,1977.0,667.0,61,1,0,1,Pedestrian
88,1927.0,571.0,1977.0,667.0,62,1,0,1,Pedestrian
88,1930.0,571.0,1977.0,667.0,63,1,0,1,Pedestrian
88,1930.0,571.0,1977.0,667.0,64,1,0,1,Pedestrian
88,1930.0,571.0,1977.0,667.0,65,1,0,1,Pedestrian
88,1930.0,571.0,1977.0,667.0,66,1,0,1,Pedestrian
88,1930.0,571.0,1977.0,667.0,67,1,0,1,Pedestrian
88,1930.0,571.0,1977.0,667.0,68,1,0,1,Pedestrian
88,1930.0,571.0,1977.0,667.0,69,1,0,1,Pedestrian
88,1930.0,571.0,1977.0,667.0,70,1,0,1,Pedestrian
88,1930.0,571.0,1977.0,667.0,71,1,0,1,Pedestrian
88,1930.0,571.0,1977.0,667.0,72,1,0,1,Pedestrian
88,1930.0,571.0,1977.0,667.0,73,1,0,1,Pedestrian
88,1930.0,571.0,1977.0,667.0,74,1,0,1,Pedestrian
88,1930.0,571.0,1977.0,667.0,75,1,0,1,Pedestrian
88,1930.0,571.0,1977.0,667.0,76,1,0,1,Pedestrian
88,1930.0,571.0,1977.0,667.0,77,1,0,1,Pedestrian
88,1930.0,571.0,1977.0,667.0,78,1,0,1,Pedestrian
88,1930.0,571.0,1977.0,667.0,79,1,0,1,Pedestrian
88,1930.0,571.0,1977.0,667.0,80,1,0,1,Pedestrian
88,1930.0,571.0,1977.0,667.0,81,1,0,1,Pedestrian
88,1930.0,571.0,1977.0,667.0,82,1,0,1,Pedestrian
88,1930.0,571.0,1977.0,667.0,83,1,0,1,Pedestrian
88,1930.0,571.0,1977.0,667.0,84,1,0,1,Pedestrian
88,1930.0,571.0,1977.0,667.0,85,1,0,1,Pedestrian
88,1930.0,571.0,1977.0,667.0,86,1,0,1,Pedestrian
88,1930.0,571.0,1977.0,667.0,87,1,0,1,Pedestrian
88,1930.0,571.0,1977.0,667.0,88,1,0,1,Pedestrian
88,1930.0,571.0,1977.0,667.0,89,1,0,1,Pedestrian
88,1930.0,571.0,1977.0,667.0,90,1,0,1,Pedestrian
88,1930.0,571.0,1977.0,667.0,91,1,0,1,Pedestrian
88,1930.0,571.0,1977.0,667.0,92,1,0,1,Pedestrian
88,1930.0,571.0,1977.0,667.0,93,1,0,1,Pedestrian
88,1930.0,571.0,1977.0,667.0,94,1,0,1,Pedestrian
88,1930.0,571.0,1977.0,667.0,95,1,0,1,Pedestrian
88,1930.0,571.0,1977.0,667.0,96,1,0,1,Pedestrian
88,1930.0,571.0,1977.0,667.0,97,1,0,1,Pedestrian
88,1930.0,571.0,1977.0,667.0,98,1,0,1,Pedestrian
88,1930.0,571.0,1977.0,667.0,99,1,0,1,Pedestrian
88,1930.0,571.0,1977.0,667.0,100,1,0,1,Pedestrian
88,1930.0,571.0,1977.0,667.0,101,1,0,1,Pedestrian
88,1930.0,571.0,1977.0,667.0,102,1,0,1,Pedestrian
88,1930.0,571.0,1977.0,667.0,103,1,0,1,Pedestrian
88,1930.0,571.0,1977.0,667.0,104,1,0,1,Pedestrian
88,1930.0,571.0,1977.0,667.0,105,1,0,1,Pedestrian
88,1930.0,571.0,1977.0,667.0,106,1,0,1,Pedestrian
88,1930.0,571.0,1977.0,667.0,107,1,0,1,Pedestrian
88,1930.0,571.0,1977.0,667.0,108,1,0,1,Pedestrian
88,1930.0,571.0,1977.0,667.0,109,1,0,1,Pedestrian
88,1930.0,571.0,1977.0,667.0,110,1,0,1,Pedestrian
88,1930.0,571.0,1977.0,667.0,111,1,0,1,Pedestrian
88,1930.0,571.0,1977.0,667.0,112,1,0,1,Pedestrian
88,1930.0,571.0,1977.0,667.0,113,1,0,1,Pedestrian
88,1930.0,571.0,1977.0,667.0,114,1,0,1,Pedestrian
88,1930.0,571.0,1977.0,667.0,115,1,0,1,Pedestrian
88,1930.0,571.0,1977.0,667.0,116,1,0,1,Pedestrian
88,1930.0,571.0,1977.0,667.0,117,1,0,1,Pedestrian
88,1930.0,571.0,1977.0,667.0,118,1,0,1,Pedestrian
88,1930.0,571.0,1977.0,667.0,119,1,0,1,Pedestrian
88,1930.0,571.0,1977.0,667.0,120,1,0,1,Pedestrian
88,1930.0,571.0,1977.0,667.0,121,1,0,1,Pedestrian
88,1930.0,571.0,1977.0,667.0,122,1,0,1,Pedestrian
88,1930.0,571.0,1977.0,667.0,123,1,0,1,Pedestrian
88,1930.0,571.0,1977.0,667.0,124,1,0,1,Pedestrian
88,1933.0,571.0,1977.0,667.0,125,1,0,1,Pedestrian
88,1933.0,571.0,1977.0,667.0,126,1,0,1,Pedestrian
88,1933.0,571.0,1977.0,667.0,127,1,0,1,Pedestrian
88,1933.0,571.0,1977.0,667.0,128,1,0,1,Pedestrian
88,1933.0,571.0,1977.0,667.0,129,1,0,1,Pedestrian
88,1933.0,571.0,1977.0,667.0,130,1,0,1,Pedestrian
88,1933.0,571.0,1977.0,667.0,131,1,0,1,Pedestrian
88,1933.0,571.0,1977.0,667.0,132,1,0,1,Pedestrian
88,1933.0,571.0,1977.0,667.0,133,1,0,1,Pedestrian
88,1933.0,571.0,1977.0,667.0,134,1,0,1,Pedestrian
88,1933.0,571.0,1977.0,667.0,135,1,0,1,Pedestrian
88,1933.0,571.0,1977.0,667.0,136,1,0,1,Pedestrian
88,1933.0,571.0,1977.0,667.0,137,1,0,1,Pedestrian
88,1933.0,571.0,1977.0,667.0,138,1,0,1,Pedestrian
88,1933.0,571.0,1977.0,667.0,139,1,0,1,Pedestrian
88,1933.0,571.0,1977.0,667.0,140,1,0,1,Pedestrian
88,1933.0,571.0,1977.0,667.0,141,1,0,1,Pedestrian
88,1933.0,571.0,1977.0,667.0,142,1,0,1,Pedestrian
88,1933.0,571.0,1977.0,667.0,143,1,0,1,Pedestrian
88,1933.0,571.0,1977.0,667.0,144,1,0,1,Pedestrian
88,1933.0,571.0,1977.0,667.0,145,1,0,1,Pedestrian
88,1933.0,571.0,1977.0,667.0,146,1,0,1,Pedestrian
88,1933.0,571.0,1977.0,667.0,147,1,0,1,Pedestrian
88,1933.0,571.0,1977.0,667.0,148,1,0,1,Pedestrian
88,1933.0,571.0,1977.0,667.0,149,1,0,1,Pedestrian
88,1933.0,571.0,1977.0,667.0,150,1,0,1,Pedestrian
88,1933.0,571.0,1977.0,667.0,151,1,0,1,Pedestrian
88,1933.0,571.0,1977.0,667.0,152,1,0,1,Pedestrian
88,1933.0,571.0,1977.0,667.0,153,1,0,1,Pedestrian
88,1933.0,571.0,1977.0,667.0,154,1,0,1,Pedestrian
88,1933.0,571.0,1977.0,667.0,155,1,0,1,Pedestrian
88,1933.0,571.0,1977.0,667.0,156,1,0,1,Pedestrian
88,1933.0,571.0,1977.0,667.0,157,1,0,1,Pedestrian
88,1933.0,571.0,1977.0,667.0,158,1,0,1,Pedestrian
88,1933.0,571.0,1977.0,667.0,159,1,0,1,Pedestrian
88,1933.0,571.0,1977.0,667.0,160,1,0,1,Pedestrian
88,1933.0,571.0,1977.0,667.0,161,1,0,1,Pedestrian
88,1933.0,571.0,1977.0,667.0,162,1,0,1,Pedestrian
88,1933.0,571.0,1977.0,667.0,163,1,0,1,Pedestrian
88,1933.0,571.0,1977.0,667.0,164,1,0,1,Pedestrian
88,1933.0,571.0,1977.0,667.0,165,1,0,1,Pedestrian
88,1933.0,571.0,1977.0,667.0,166,1,0,1,Pedestrian
88,1933.0,571.0,1977.0,667.0,167,1,0,1,Pedestrian
88,1933.0,571.0,1977.0,667.0,168,1,0,1,Pedestrian
88,1933.0,571.0,1977.0,667.0,169,1,0,1,Pedestrian
88,1933.0,571.0,1977.0,667.0,170,1,0,1,Pedestrian
88,1933.0,571.0,1977.0,667.0,171,1,0,1,Pedestrian
88,1933.0,571.0,1977.0,667.0,172,1,0,1,Pedestrian
88,1933.0,571.0,1977.0,667.0,173,1,0,1,Pedestrian
88,1933.0,571.0,1977.0,667.0,174,1,0,1,Pedestrian
88,1933.0,571.0,1977.0,667.0,175,1,0,1,Pedestrian
88,1933.0,571.0,1977.0,667.0,176,1,0,1,Pedestrian
88,1933.0,571.0,1977.0,667.0,177,1,0,1,Pedestrian
88,1933.0,571.0,1977.0,667.0,178,1,0,1,Pedestrian
88,1933.0,571.0,1977.0,667.0,179,1,0,1,Pedestrian
88,1933.0,571.0,1977.0,667.0,180,1,0,1,Pedestrian
88,1933.0,571.0,1977.0,667.0,181,1,0,1,Pedestrian
88,1933.0,571.0,1977.0,667.0,182,1,0,1,Pedestrian
88,1933.0,571.0,1977.0,667.0,183,1,0,1,Pedestrian
88,1933.0,571.0,1977.0,667.0,184,1,0,1,Pedestrian
88,1933.0,571.0,1977.0,667.0,185,1,0,1,Pedestrian
88,1933.0,571.0,1977.0,667.0,186,1,0,1,Pedestrian
88,1933.0,571.0,1977.0,667.0,187,1,0,1,Pedestrian
88,1936.0,571.0,1977.0,667.0,188,1,0,1,Pedestrian
88,1936.0,571.0,1977.0,667.0,189,1,0,1,Pedestrian
88,1936.0,571.0,1977.0,667.0,190,1,0,1,Pedestrian
88,1936.0,571.0,1977.0,667.0,191,1,0,1,Pedestrian
88,1936.0,571.0,1977.0,667.0,192,1,0,1,Pedestrian
88,1936.0,571.0,1977.0,667.0,193,1,0,1,Pedestrian
88,1936.0,571.0,1977.0,667.0,194,1,0,1,Pedestrian
88,1936.0,571.0,1977.0,667.0,195,1,0,1,Pedestrian
88,1936.0,571.0,1977.0,667.0,196,1,0,1,Pedestrian
88,1936.0,571.0,1977.0,667.0,197,1,0,1,Pedestrian
88,1936.0,571.0,1977.0,667.0,198,1,0,1,Pedestrian
88,1936.0,571.0,1977.0,667.0,199,1,0,1,Pedestrian
88,1936.0,571.0,1977.0,667.0,200,1,0,1,Pedestrian
88,1936.0,571.0,1977.0,667.0,201,1,0,1,Pedestrian
88,1936.0,571.0,1977.0,667.0,202,1,0,1,Pedestrian
88,1936.0,571.0,1977.0,667.0,203,1,0,1,Pedestrian
88,1936.0,571.0,1977.0,667.0,204,1,0,1,Pedestrian
88,1936.0,571.0,1977.0,667.0,205,1,0,1,Pedestrian
88,1936.0,571.0,1977.0,667.0,206,1,0,1,Pedestrian
88,1936.0,571.0,1977.0,667.0,207,1,0,1,Pedestrian
88,1936.0,571.0,1977.0,667.0,208,1,0,1,Pedestrian
88,1936.0,571.0,1977.0,667.0,209,1,0,1,Pedestrian
88,1936.0,571.0,1977.0,667.0,210,1,0,1,Pedestrian
88,1936.0,571.0,1977.0,667.0,211,1,0,1,Pedestrian
88,1936.0,571.0,1977.0,667.0,212,1,0,1,Pedestrian
88,1936.0,571.0,1977.0,667.0,213,1,0,1,Pedestrian
88,1936.0,571.0,1977.0,667.0,214,1,0,1,Pedestrian
88,1936.0,571.0,1977.0,667.0,215,1,0,1,Pedestrian
88,1936.0,571.0,1977.0,667.0,216,1,0,1,Pedestrian
88,1936.0,571.0,1977.0,667.0,217,1,0,1,Pedestrian
88,1936.0,571.0,1977.0,667.0,218,1,0,1,Pedestrian
88,1936.0,571.0,1977.0,667.0,219,1,0,1,Pedestrian
88,1936.0,571.0,1977.0,667.0,220,1,0,1,Pedestrian
88,1936.0,571.0,1977.0,667.0,221,1,0,1,Pedestrian
88,1936.0,571.0,1977.0,667.0,222,1,0,1,Pedestrian
88,1936.0,571.0,1977.0,667.0,223,1,0,1,Pedestrian
88,1936.0,571.0,1977.0,667.0,224,1,0,1,Pedestrian
88,1936.0,571.0,1977.0,667.0,225,1,0,1,Pedestrian
88,1936.0,571.0,1977.0,667.0,226,1,0,1,Pedestrian
88,1936.0,571.0,1977.0,667.0,227,1,0,1,Pedestrian
88,1936.0,571.0,1977.0,667.0,228,1,0,1,Pedestrian
88,1936.0,571.0,1977.0,667.0,229,1,0,1,Pedestrian
88,1936.0,571.0,1977.0,667.0,230,1,0,1,Pedestrian
88,1936.0,571.0,1977.0,667.0,231,1,0,1,Pedestrian
88,1936.0,571.0,1977.0,667.0,232,1,0,1,Pedestrian
88,1936.0,571.0,1977.0,667.0,233,1,0,1,Pedestrian
88,1936.0,571.0,1977.0,667.0,234,1,0,1,Pedestrian
88,1936.0,571.0,1977.0,667.0,235,1,0,1,Pedestrian
88,1936.0,571.0,1977.0,667.0,236,1,0,1,Pedestrian
88,1936.0,571.0,1977.0,667.0,237,1,0,1,Pedestrian
88,1936.0,571.0,1977.0,667.0,238,1,0,1,Pedestrian
88,1936.0,571.0,1977.0,667.0,239,1,0,1,Pedestrian
88,1936.0,571.0,1977.0,667.0,240,1,0,1,Pedestrian
88,1936.0,571.0,1977.0,667.0,241,1,0,1,Pedestrian
88,1936.0,571.0,1977.0,667.0,242,1,0,1,Pedestrian
88,1936.0,571.0,1977.0,667.0,243,1,0,1,Pedestrian
88,1936.0,571.0,1977.0,667.0,244,1,0,1,Pedestrian
88,1936.0,571.0,1977.0,667.0,245,1,0,1,Pedestrian
88,1936.0,571.0,1977.0,667.0,246,1,0,1,Pedestrian
88,1936.0,571.0,1977.0,667.0,247,1,0,1,Pedestrian
88,1936.0,571.0,1977.0,667.0,248,1,0,1,Pedestrian
88,1936.0,571.0,1977.0,667.0,249,1,0,1,Pedestrian
88,1938.0,571.0,1977.0,667.0,250,1,0,1,Pedestrian
88,1938.0,571.0,1977.0,667.0,251,1,0,1,Pedestrian
88,1938.0,571.0,1977.0,667.0,252,1,0,1,Pedestrian
88,1938.0,571.0,1977.0,667.0,253,1,0,1,Pedestrian
88,1938.0,571.0,1977.0,667.0,254,1,0,1,Pedestrian
88,1938.0,571.0,1977.0,667.0,255,1,0,1,Pedestrian
88,1938.0,571.0,1977.0,667.0,256,1,0,1,Pedestrian
88,1938.0,571.0,1977.0,667.0,257,1,0,1,Pedestrian
88,1938.0,571.0,1977.0,667.0,258,1,0,1,Pedestrian
88,1938.0,571.0,1977.0,667.0,259,1,0,1,Pedestrian
88,1938.0,571.0,1977.0,667.0,260,1,0,1,Pedestrian
88,1938.0,571.0,1977.0,667.0,261,1,0,1,Pedestrian
88,1938.0,571.0,1977.0,667.0,262,1,0,1,Pedestrian
88,1938.0,571.0,1977.0,667.0,263,1,0,1,Pedestrian
88,1938.0,571.0,1977.0,667.0,264,1,0,1,Pedestrian
88,1938.0,571.0,1977.0,667.0,265,1,0,1,Pedestrian
88,1938.0,571.0,1977.0,667.0,266,1,0,1,Pedestrian
88,1938.0,571.0,1977.0,667.0,267,1,0,1,Pedestrian
88,1938.0,571.0,1977.0,667.0,268,1,0,1,Pedestrian
88,1938.0,571.0,1977.0,667.0,269,1,0,1,Pedestrian
88,1938.0,571.0,1977.0,667.0,270,1,0,1,Pedestrian
88,1938.0,571.0,1977.0,667.0,271,1,0,1,Pedestrian
88,1938.0,571.0,1977.0,667.0,272,1,0,1,Pedestrian
88,1938.0,571.0,1977.0,667.0,273,1,0,1,Pedestrian
88,1938.0,571.0,1977.0,667.0,274,1,0,1,Pedestrian
88,1938.0,571.0,1977.0,667.0,275,1,0,1,Pedestrian
88,1938.0,571.0,1977.0,667.0,276,1,0,1,Pedestrian
88,1938.0,571.0,1977.0,667.0,277,1,0,1,Pedestrian
88,1938.0,571.0,1977.0,667.0,278,1,0,1,Pedestrian
88,1938.0,571.0,1977.0,667.0,279,1,0,1,Pedestrian
88,1938.0,571.0,1977.0,667.0,280,1,0,1,Pedestrian
88,1938.0,571.0,1977.0,667.0,281,1,0,1,Pedestrian
88,1938.0,571.0,1977.0,667.0,282,1,0,1,Pedestrian
88,1938.0,571.0,1977.0,667.0,283,1,0,1,Pedestrian
88,1938.0,571.0,1977.0,667.0,284,1,0,1,Pedestrian
88,1938.0,571.0,1977.0,667.0,285,1,0,1,Pedestrian
88,1938.0,571.0,1977.0,667.0,286,1,0,1,Pedestrian
88,1938.0,571.0,1977.0,667.0,287,1,0,1,Pedestrian
88,1938.0,571.0,1977.0,667.0,288,1,0,1,Pedestrian
88,1938.0,571.0,1977.0,667.0,289,1,0,1,Pedestrian
88,1938.0,571.0,1977.0,667.0,290,1,0,1,Pedestrian
88,1938.0,571.0,1977.0,667.0,291,1,0,1,Pedestrian
88,1938.0,571.0,1977.0,667.0,292,1,0,1,Pedestrian
88,1938.0,571.0,1977.0,667.0,293,1,0,1,Pedestrian
88,1938.0,571.0,1977.0,667.0,294,1,0,1,Pedestrian
88,1938.0,571.0,1977.0,667.0,295,1,0,1,Pedestrian
88,1938.0,571.0,1977.0,667.0,296,1,0,1,Pedestrian
88,1938.0,571.0,1977.0,667.0,297,1,0,1,Pedestrian
88,1938.0,571.0,1977.0,667.0,298,1,0,1,Pedestrian
88,1938.0,571.0,1977.0,667.0,299,1,0,1,Pedestrian
88,1938.0,571.0,1977.0,667.0,300,1,0,1,Pedestrian
88,1938.0,571.0,1977.0,667.0,301,1,0,1,Pedestrian
88,1938.0,571.0,1977.0,667.0,302,1,0,1,Pedestrian
88,1938.0,571.0,1977.0,667.0,303,1,0,1,Pedestrian
88,1938.0,571.0,1977.0,667.0,304,1,0,1,Pedestrian
88,1938.0,571.0,1977.0,667.0,305,1,0,1,Pedestrian
88,1938.0,571.0,1977.0,667.0,306,1,0,1,Pedestrian
88,1938.0,571.0,1977.0,667.0,307,1,0,1,Pedestrian
88,1938.0,571.0,1977.0,667.0,308,1,0,1,Pedestrian
88,1938.0,571.0,1977.0,667.0,309,1,0,1,Pedestrian
88,1938.0,571.0,1977.0,667.0,310,1,0,1,Pedestrian
88,1938.0,571.0,1977.0,667.0,311,1,0,1,Pedestrian
88,1938.0,571.0,1977.0,667.0,312,1,0,1,Pedestrian
88,1941.0,571.0,1977.0,667.0,313,1,0,1,Pedestrian
88,1941.0,571.0,1977.0,667.0,314,1,0,1,Pedestrian
88,1941.0,571.0,1977.0,667.0,315,1,0,1,Pedestrian
88,1941.0,571.0,1977.0,667.0,316,1,0,1,Pedestrian
88,1941.0,571.0,1977.0,667.0,317,1,0,1,Pedestrian
88,1941.0,571.0,1977.0,667.0,318,1,0,1,Pedestrian
88,1941.0,571.0,1977.0,667.0,319,1,0,1,Pedestrian
88,1941.0,571.0,1977.0,667.0,320,1,0,1,Pedestrian
88,1941.0,571.0,1977.0,667.0,321,1,0,1,Pedestrian
88,1941.0,571.0,1977.0,667.0,322,1,0,1,Pedestrian
88,1941.0,571.0,1977.0,667.0,323,1,0,1,Pedestrian
88,1941.0,571.0,1977.0,667.0,324,1,0,1,Pedestrian
88,1941.0,571.0,1977.0,667.0,325,1,0,1,Pedestrian
88,1941.0,571.0,1977.0,667.0,326,1,0,1,Pedestrian
88,1941.0,571.0,1977.0,667.0,327,1,0,1,Pedestrian
88,1941.0,571.0,1977.0,667.0,328,1,0,1,Pedestrian
88,1941.0,571.0,1977.0,667.0,329,1,0,1,Pedestrian
88,1941.0,571.0,1977.0,667.0,330,1,0,1,Pedestrian
88,1941.0,571.0,1977.0,667.0,331,1,0,1,Pedestrian
88,1941.0,571.0,1977.0,667.0,332,1,0,1,Pedestrian
88,1941.0,571.0,1977.0,667.0,333,1,0,1,Pedestrian
88,1941.0,571.0,1977.0,667.0,334,1,0,1,Pedestrian
88,1941.0,571.0,1977.0,667.0,335,1,0,1,Pedestrian
88,1941.0,571.0,1977.0,667.0,336,1,0,1,Pedestrian
88,1941.0,571.0,1977.0,667.0,337,1,0,1,Pedestrian
88,1941.0,571.0,1977.0,667.0,338,1,0,1,Pedestrian
88,1941.0,571.0,1977.0,667.0,339,1,0,1,Pedestrian
88,1941.0,571.0,1977.0,667.0,340,1,0,1,Pedestrian
88,1941.0,571.0,1977.0,667.0,341,1,0,1,Pedestrian
88,1941.0,571.0,1977.0,667.0,342,1,0,1,Pedestrian
88,1941.0,571.0,1977.0,667.0,343,1,0,1,Pedestrian
88,1941.0,571.0,1977.0,667.0,344,1,0,1,Pedestrian
88,1941.0,571.0,1977.0,667.0,345,1,0,1,Pedestrian
88,1941.0,571.0,1977.0,667.0,346,1,0,1,Pedestrian
88,1941.0,571.0,1977.0,667.0,347,1,0,1,Pedestrian
88,1941.0,571.0,1977.0,667.0,348,1,0,1,Pedestrian
88,1941.0,571.0,1977.0,667.0,349,1,0,1,Pedestrian
88,1941.0,571.0,1977.0,667.0,350,1,0,1,Pedestrian
88,1941.0,571.0,1977.0,667.0,351,1,0,1,Pedestrian
88,1941.0,571.0,1977.0,667.0,352,1,0,1,Pedestrian
88,1941.0,571.0,1977.0,667.0,353,1,0,1,Pedestrian
88,1941.0,571.0,1977.0,667.0,354,1,0,1,Pedestrian
88,1941.0,571.0,1977.0,667.0,355,1,0,1,Pedestrian
88,1941.0,571.0,1977.0,667.0,356,1,0,1,Pedestrian
88,1941.0,571.0,1977.0,667.0,357,1,0,1,Pedestrian
88,1941.0,571.0,1977.0,667.0,358,1,0,1,Pedestrian
88,1941.0,571.0,1977.0,667.0,359,1,0,1,Pedestrian
88,1941.0,571.0,1977.0,667.0,360,1,0,1,Pedestrian
88,1941.0,571.0,1977.0,667.0,361,1,0,1,Pedestrian
88,1941.0,571.0,1977.0,667.0,362,1,0,1,Pedestrian
88,1941.0,571.0,1977.0,667.0,363,1,0,1,Pedestrian
88,1941.0,571.0,1977.0,667.0,364,1,0,1,Pedestrian
88,1941.0,571.0,1977.0,667.0,365,1,0,1,Pedestrian
88,1941.0,571.0,1977.0,667.0,366,1,0,1,Pedestrian
88,1941.0,571.0,1977.0,667.0,367,1,0,1,Pedestrian
88,1941.0,571.0,1977.0,667.0,368,1,0,1,Pedestrian
88,1941.0,571.0,1977.0,667.0,369,1,0,1,Pedestrian
88,1941.0,571.0,1977.0,667.0,370,1,0,1,Pedestrian
88,1941.0,571.0,1977.0,667.0,371,1,0,1,Pedestrian
88,1941.0,571.0,1977.0,667.0,372,1,0,1,Pedestrian
88,1941.0,571.0,1977.0,667.0,373,1,0,1,Pedestrian
88,1941.0,571.0,1977.0,667.0,374,1,0,1,Pedestrian
88,1944.0,571.0,1977.0,667.0,375,1,0,1,Pedestrian
88,1944.0,571.0,1977.0,667.0,376,1,0,1,Pedestrian
88,1944.0,571.0,1977.0,667.0,377,1,0,1,Pedestrian
88,1944.0,571.0,1977.0,667.0,378,1,0,1,Pedestrian
88,1944.0,571.0,1977.0,667.0,379,1,0,1,Pedestrian
88,1944.0,571.0,1977.0,667.0,380,1,0,1,Pedestrian
88,1944.0,571.0,1977.0,667.0,381,1,0,1,Pedestrian
88,1944.0,571.0,1977.0,667.0,382,1,0,1,Pedestrian
88,1944.0,571.0,1977.0,667.0,383,1,0,1,Pedestrian
88,1944.0,571.0,1977.0,667.0,384,1,0,1,Pedestrian
88,1944.0,571.0,1977.0,667.0,385,1,0,1,Pedestrian
88,1944.0,571.0,1977.0,667.0,386,1,0,1,Pedestrian
88,1944.0,571.0,1977.0,667.0,387,1,0,1,Pedestrian
88,1944.0,571.0,1977.0,667.0,388,1,0,1,Pedestrian
88,1944.0,571.0,1977.0,667.0,389,1,0,1,Pedestrian
88,1944.0,571.0,1977.0,667.0,390,1,0,1,Pedestrian
88,1944.0,571.0,1977.0,667.0,391,1,0,1,Pedestrian
88,1944.0,571.0,1977.0,667.0,392,1,0,1,Pedestrian
88,1944.0,571.0,1977.0,667.0,393,1,0,1,Pedestrian
88,1944.0,571.0,1977.0,667.0,394,1,0,1,Pedestrian
88,1944.0,571.0,1977.0,667.0,395,1,0,1,Pedestrian
88,1944.0,571.0,1977.0,667.0,396,1,0,1,Pedestrian
88,1944.0,571.0,1977.0,667.0,397,1,0,1,Pedestrian
88,1944.0,571.0,1977.0,667.0,398,1,0,1,Pedestrian
88,1944.0,571.0,1977.0,667.0,399,1,0,1,Pedestrian
88,1944.0,571.0,1977.0,667.0,400,1,0,1,Pedestrian
88,1944.0,571.0,1977.0,667.0,401,1,0,1,Pedestrian
88,1944.0,571.0,1977.0,667.0,402,1,0,1,Pedestrian
88,1944.0,571.0,1977.0,667.0,403,1,0,1,Pedestrian
88,1944.0,571.0,1977.0,667.0,404,1,0,1,Pedestrian
88,1944.0,571.0,1977.0,667.0,405,1,0,1,Pedestrian
88,1944.0,571.0,1977.0,667.0,406,1,0,1,Pedestrian
88,1944.0,571.0,1977.0,667.0,407,1,0,1,Pedestrian
88,1944.0,571.0,1977.0,667.0,408,1,0,1,Pedestrian
88,1944.0,571.0,1977.0,667.0,409,1,0,1,Pedestrian
88,1944.0,571.0,1977.0,667.0,410,1,0,1,Pedestrian
88,1944.0,571.0,1977.0,667.0,411,1,0,1,Pedestrian
88,1944.0,571.0,1977.0,667.0,412,1,0,1,Pedestrian
88,1944.0,571.0,1977.0,667.0,413,1,0,1,Pedestrian
88,1944.0,571.0,1977.0,667.0,414,1,0,1,Pedestrian
88,1944.0,571.0,1977.0,667.0,415,1,0,1,Pedestrian
88,1944.0,571.0,1977.0,667.0,416,1,0,1,Pedestrian
88,1944.0,571.0,1977.0,667.0,417,1,0,1,Pedestrian
88,1944.0,571.0,1977.0,667.0,418,1,0,1,Pedestrian
88,1944.0,571.0,1977.0,667.0,419,1,0,1,Pedestrian
88,1944.0,571.0,1977.0,667.0,420,1,0,1,Pedestrian
88,1944.0,571.0,1977.0,667.0,421,1,0,1,Pedestrian
88,1944.0,571.0,1977.0,667.0,422,1,0,1,Pedestrian
88,1944.0,571.0,1977.0,667.0,423,1,0,1,Pedestrian
88,1944.0,571.0,1977.0,667.0,424,1,0,1,Pedestrian
88,1944.0,571.0,1977.0,667.0,425,1,0,1,Pedestrian
88,1944.0,571.0,1977.0,667.0,426,1,0,1,Pedestrian
88,1944.0,571.0,1977.0,667.0,427,1,0,1,Pedestrian
88,1944.0,571.0,1977.0,667.0,428,1,0,1,Pedestrian
88,1944.0,571.0,1977.0,667.0,429,1,0,1,Pedestrian
88,1944.0,571.0,1977.0,667.0,430,1,0,1,Pedestrian
88,1944.0,571.0,1977.0,667.0,431,1,0,1,Pedestrian
88,1944.0,571.0,1977.0,667.0,432,1,0,1,Pedestrian
88,1944.0,571.0,1977.0,667.0,433,1,0,1,Pedestrian
88,1944.0,571.0,1977.0,667.0,434,1,0,1,Pedestrian
88,1944.0,571.0,1977.0,667.0,435,1,0,1,Pedestrian
88,1944.0,571.0,1977.0,667.0,436,1,0,1,Pedestrian
88,1944.0,571.0,1977.0,667.0,437,1,0,1,Pedestrian
88,1947.0,571.0,1977.0,667.0,438,1,0,1,Pedestrian
88,1947.0,571.0,1977.0,667.0,439,1,0,1,Pedestrian
88,1947.0,571.0,1977.0,667.0,440,1,0,1,Pedestrian
88,1947.0,571.0,1977.0,667.0,441,1,0,1,Pedestrian
88,1947.0,571.0,1977.0,667.0,442,1,0,1,Pedestrian
88,1947.0,571.0,1977.0,667.0,443,1,0,1,Pedestrian
88,1947.0,571.0,1977.0,667.0,444,1,0,1,Pedestrian
88,1947.0,571.0,1977.0,667.0,445,1,0,1,Pedestrian
88,1947.0,571.0,1977.0,667.0,446,1,0,1,Pedestrian
88,1947.0,571.0,1977.0,667.0,447,1,0,1,Pedestrian
88,1947.0,571.0,1977.0,667.0,448,1,0,1,Pedestrian
88,1947.0,571.0,1977.0,667.0,449,1,0,1,Pedestrian
88,1947.0,571.0,1977.0,667.0,450,1,0,1,Pedestrian
88,1947.0,571.0,1977.0,667.0,451,1,0,1,Pedestrian
88,1947.0,571.0,1977.0,667.0,452,1,0,1,Pedestrian
88,1947.0,571.0,1977.0,667.0,453,1,0,1,Pedestrian
88,1947.0,571.0,1977.0,667.0,454,1,0,1,Pedestrian
88,1947.0,571.0,1977.0,667.0,455,1,0,1,Pedestrian
88,1947.0,571.0,1977.0,667.0,456,1,0,1,Pedestrian
88,1947.0,571.0,1977.0,667.0,457,1,0,1,Pedestrian
88,1947.0,571.0,1977.0,667.0,458,1,0,1,Pedestrian
88,1947.0,571.0,1977.0,667.0,459,1,0,1,Pedestrian
88,1947.0,571.0,1977.0,667.0,460,1,0,1,Pedestrian
88,1947.0,571.0,1977.0,667.0,461,1,0,1,Pedestrian
88,1947.0,571.0,1977.0,667.0,462,1,0,1,Pedestrian
88,1947.0,571.0,1977.0,667.0,463,1,0,1,Pedestrian
88,1947.0,571.0,1977.0,667.0,464,1,0,1,Pedestrian
88,1947.0,571.0,1977.0,667.0,465,1,0,1,Pedestrian
88,1947.0,571.0,1977.0,667.0,466,1,0,1,Pedestrian
88,1947.0,571.0,1977.0,667.0,467,1,0,1,Pedestrian
88,1947.0,571.0,1977.0,667.0,468,1,0,1,Pedestrian
88,1947.0,571.0,1977.0,667.0,469,1,0,1,Pedestrian
88,1947.0,571.0,1977.0,667.0,470,1,0,1,Pedestrian
88,1947.0,571.0,1977.0,667.0,471,1,0,1,Pedestrian
88,1947.0,571.0,1977.0,667.0,472,1,0,1,Pedestrian
88,1947.0,571.0,1977.0,667.0,473,1,0,1,Pedestrian
88,1947.0,571.0,1977.0,667.0,474,1,0,1,Pedestrian
88,1947.0,571.0,1977.0,667.0,475,1,0,1,Pedestrian
88,1947.0,571.0,1977.0,667.0,476,1,0,1,Pedestrian
88,1947.0,571.0,1977.0,667.0,477,1,0,1,Pedestrian
88,1947.0,571.0,1977.0,667.0,478,1,0,1,Pedestrian
88,1947.0,571.0,1977.0,667.0,479,1,0,1,Pedestrian
88,1947.0,571.0,1977.0,667.0,480,1,0,1,Pedestrian
88,1947.0,571.0,1977.0,667.0,481,1,0,1,Pedestrian
88,1947.0,571.0,1977.0,667.0,482,1,0,1,Pedestrian
88,1947.0,571.0,1977.0,667.0,483,1,0,1,Pedestrian
88,1947.0,571.0,1977.0,667.0,484,1,0,1,Pedestrian
88,1947.0,571.0,1977.0,667.0,485,1,0,1,Pedestrian
88,1947.0,571.0,1977.0,667.0,486,1,0,1,Pedestrian
88,1947.0,571.0,1977.0,667.0,487,1,0,1,Pedestrian
88,1947.0,571.0,1977.0,667.0,488,1,0,1,Pedestrian
88,1947.0,571.0,1977.0,667.0,489,1,0,1,Pedestrian
88,1947.0,571.0,1977.0,667.0,490,1,0,1,Pedestrian
88,1947.0,571.0,1977.0,667.0,491,1,0,1,Pedestrian
88,1947.0,571.0,1977.0,667.0,492,1,0,1,Pedestrian
88,1947.0,571.0,1977.0,667.0,493,1,0,1,Pedestrian
88,1947.0,571.0,1977.0,667.0,494,1,0,1,Pedestrian
88,1947.0,571.0,1977.0,667.0,495,1,0,1,Pedestrian
88,1947.0,571.0,1977.0,667.0,496,1,0,1,Pedestrian
88,1947.0,571.0,1977.0,667.0,497,1,0,1,Pedestrian
88,1947.0,571.0,1977.0,667.0,498,1,0,1,Pedestrian
88,1947.0,571.0,1977.0,667.0,499,1,0,1,Pedestrian
88,1949.0,571.0,1977.0,667.0,500,1,0,0,Pedestrian
88,1947.0,571.0,1977.0,664.0,501,1,0,1,Pedestrian
88,1947.0,571.0,1977.0,664.0,502,1,0,1,Pedestrian
88,1944.0,571.0,1977.0,664.0,503,1,0,1,Pedestrian
88,1944.0,573.0,1977.0,662.0,504,1,0,1,Pedestrian
88,1944.0,573.0,1977.0,662.0,505,1,0,1,Pedestrian
88,1941.0,573.0,1977.0,662.0,506,1,0,1,Pedestrian
88,1941.0,573.0,1977.0,660.0,507,1,0,1,Pedestrian
88,1941.0,576.0,1977.0,660.0,508,1,0,1,Pedestrian
88,1938.0,576.0,1977.0,660.0,509,1,0,1,Pedestrian
88,1938.0,576.0,1977.0,660.0,510,1,0,1,Pedestrian
88,1936.0,576.0,1977.0,658.0,511,1,0,1,Pedestrian
88,1936.0,578.0,1977.0,658.0,512,1,0,1,Pedestrian
88,1936.0,578.0,1977.0,658.0,513,1,0,1,Pedestrian
88,1933.0,578.0,1977.0,655.0,514,1,0,1,Pedestrian
88,1933.0,580.0,1977.0,655.0,515,1,0,1,Pedestrian
88,1933.0,580.0,1977.0,655.0,516,1,0,1,Pedestrian
88,1930.0,580.0,1977.0,653.0,517,1,0,1,Pedestrian
88,1930.0,580.0,1977.0,653.0,518,1,0,1,Pedestrian
88,1930.0,582.0,1977.0,653.0,519,1,0,1,Pedestrian
88,1927.0,582.0,1977.0,653.0,520,1,0,1,Pedestrian
88,1927.0,582.0,1977.0,651.0,521,1,0,1,Pedestrian
88,1925.0,582.0,1977.0,651.0,522,1,0,1,Pedestrian
88,1925.0,585.0,1977.0,651.0,523,1,0,1,Pedestrian
88,1925.0,585.0,1977.0,648.0,524,1,0,1,Pedestrian
88,1922.0,585.0,1977.0,648.0,525,1,0,1,Pedestrian
88,1922.0,585.0,1977.0,648.0,526,1,0,1,Pedestrian
88,1922.0,587.0,1977.0,646.0,527,1,0,1,Pedestrian
88,1919.0,587.0,1977.0,646.0,528,1,0,1,Pedestrian
88,1919.0,587.0,1977.0,646.0,529,1,0,1,Pedestrian
88,1919.0,589.0,1977.0,646.0,530,0,0,0,Pedestrian
88,1916.0,587.0,1974.0,644.0,531,0,0,1,Pedestrian
88,1914.0,587.0,1971.0,644.0,532,0,0,1,Pedestrian
88,1914.0,587.0,1971.0,644.0,533,0,0,1,Pedestrian
88,1911.0,587.0,1969.0,644.0,534,0,0,1,Pedestrian
88,1911.0,587.0,1969.0,644.0,535,0,0,1,Pedestrian
88,1908.0,587.0,1966.0,644.0,536,0,0,1,Pedestrian
88,1905.0,587.0,1966.0,644.0,537,0,0,1,Pedestrian
88,1905.0,587.0,1963.0,644.0,538,0,0,1,Pedestrian
88,1903.0,587.0,1960.0,644.0,539,0,0,1,Pedestrian
88,1903.0,587.0,1960.0,644.0,540,0,0,1,Pedestrian
88,1900.0,587.0,1958.0,644.0,541,0,0,1,Pedestrian
88,1897.0,587.0,1958.0,644.0,542,0,0,1,Pedestrian
88,1897.0,587.0,1955.0,644.0,543,0,0,1,Pedestrian
88,1894.0,587.0,1955.0,644.0,544,0,0,1,Pedestrian
88,1894.0,587.0,1952.0,644.0,545,0,0,1,Pedestrian
88,1892.0,587.0,1949.0,644.0,546,0,0,1,Pedestrian
88,1892.0,587.0,1949.0,644.0,547,0,0,1,Pedestrian
88,1889.0,587.0,1947.0,644.0,548,0,0,1,Pedestrian
88,1886.0,587.0,1947.0,644.0,549,0,0,1,Pedestrian
88,1886.0,587.0,1944.0,644.0,550,0,0,1,Pedestrian
88,1883.0,587.0,1944.0,644.0,551,0,0,1,Pedestrian
88,1883.0,587.0,1941.0,644.0,552,0,0,1,Pedestrian
88,1881.0,587.0,1938.0,644.0,553,0,0,1,Pedestrian
88,1878.0,587.0,1938.0,644.0,554,0,0,1,Pedestrian
88,1878.0,587.0,1936.0,644.0,555,0,0,1,Pedestrian
88,1875.0,587.0,1936.0,644.0,556,0,0,1,Pedestrian
88,1875.0,587.0,1933.0,644.0,557,0,0,1,Pedestrian
88,1872.0,587.0,1933.0,644.0,558,0,0,1,Pedestrian
88,1872.0,587.0,1930.0,644.0,559,0,0,1,Pedestrian
88,1870.0,587.0,1927.0,644.0,560,0,0,1,Pedestrian
88,1867.0,587.0,1927.0,644.0,561,0,0,1,Pedestrian
88,1867.0,587.0,1925.0,644.0,562,0,0,1,Pedestrian
88,1864.0,587.0,1925.0,644.0,563,0,0,1,Pedestrian
88,1864.0,587.0,1922.0,644.0,564,0,0,1,Pedestrian
88,1861.0,587.0,1922.0,644.0,565,0,0,1,Pedestrian
88,1859.0,585.0,1919.0,642.0,566,0,0,1,Pedestrian
88,1859.0,585.0,1916.0,642.0,567,0,0,1,Pedestrian
88,1856.0,585.0,1916.0,642.0,568,0,0,1,Pedestrian
88,1856.0,585.0,1914.0,642.0,569,0,0,1,Pedestrian
88,1853.0,585.0,1914.0,642.0,570,0,0,1,Pedestrian
88,1850.0,585.0,1911.0,642.0,571,0,0,1,Pedestrian
88,1850.0,585.0,1911.0,642.0,572,0,0,1,Pedestrian
88,1848.0,585.0,1908.0,642.0,573,0,0,1,Pedestrian
88,1848.0,585.0,1905.0,642.0,574,0,0,1,Pedestrian
88,1845.0,585.0,1905.0,642.0,575,0,0,1,Pedestrian
88,1845.0,585.0,1903.0,642.0,576,0,0,1,Pedestrian
88,1842.0,585.0,1903.0,642.0,577,0,0,1,Pedestrian
88,1839.0,585.0,1900.0,642.0,578,0,0,1,Pedestrian
88,1839.0,585.0,1900.0,642.0,579,0,0,1,Pedestrian
88,1837.0,585.0,1897.0,642.0,580,0,0,1,Pedestrian
88,1837.0,585.0,1894.0,642.0,581,0,0,1,Pedestrian
88,1834.0,585.0,1894.0,642.0,582,0,0,1,Pedestrian
88,1831.0,585.0,1892.0,642.0,583,0,0,1,Pedestrian
88,1831.0,585.0,1892.0,642.0,584,0,0,1,Pedestrian
88,1828.0,585.0,1889.0,642.0,585,0,0,1,Pedestrian
88,1828.0,585.0,1889.0,642.0,586,0,0,1,Pedestrian
88,1826.0,585.0,1886.0,642.0,587,0,0,1,Pedestrian
88,1826.0,585.0,1883.0,642.0,588,0,0,1,Pedestrian
88,1823.0,585.0,1883.0,642.0,589,0,0,1,Pedestrian
88,1820.0,585.0,1881.0,642.0,590,0,0,1,Pedestrian
88,1820.0,585.0,1881.0,642.0,591,0,0,1,Pedestrian
88,1817.0,585.0,1878.0,642.0,592,0,0,1,Pedestrian
88,1817.0,585.0,1878.0,642.0,593,0,0,1,Pedestrian
88,1815.0,585.0,1875.0,642.0,594,0,0,1,Pedestrian
88,1812.0,585.0,1872.0,642.0,595,0,0,1,Pedestrian
88,1812.0,585.0,1872.0,642.0,596,0,0,1,Pedestrian
88,1809.0,585.0,1870.0,642.0,597,0,0,1,Pedestrian
88,1809.0,585.0,1870.0,642.0,598,0,0,1,Pedestrian
88,1806.0,585.0,1867.0,642.0,599,0,0,1,Pedestrian
88,1806.0,585.0,1867.0,642.0,600,0,0,0,Pedestrian
88,1804.0,585.0,1864.0,642.0,601,0,0,1,Pedestrian
88,1801.0,585.0,1861.0,642.0,602,0,0,1,Pedestrian
88,1801.0,585.0,1861.0,642.0,603,0,0,1,Pedestrian
88,1798.0,585.0,1859.0,642.0,604,0,0,1,Pedestrian
88,1795.0,585.0,1856.0,642.0,605,0,0,1,Pedestrian
88,1795.0,585.0,1856.0,642.0,606,0,0,1,Pedestrian
88,1793.0,585.0,1853.0,642.0,607,0,0,1,Pedestrian
88,1790.0,587.0,1850.0,644.0,608,0,0,1,Pedestrian
88,1790.0,587.0,1850.0,644.0,609,0,0,1,Pedestrian
88,1787.0,587.0,1848.0,644.0,610,0,0,1,Pedestrian
88,1784.0,587.0,1845.0,644.0,611,0,0,1,Pedestrian
88,1784.0,587.0,1845.0,644.0,612,0,0,1,Pedestrian
88,1782.0,587.0,1842.0,644.0,613,0,0,1,Pedestrian
88,1779.0,587.0,1839.0,644.0,614,0,0,1,Pedestrian
88,1779.0,587.0,1839.0,644.0,615,0,0,1,Pedestrian
88,1776.0,589.0,1837.0,646.0,616,0,0,1,Pedestrian
88,1773.0,589.0,1834.0,646.0,617,0,0,1,Pedestrian
88,1773.0,589.0,1834.0,646.0,618,0,0,1,Pedestrian
88,1771.0,589.0,1831.0,646.0,619,0,0,1,Pedestrian
88,1771.0,589.0,1831.0,646.0,620,0,0,1,Pedestrian
88,1768.0,589.0,1828.0,646.0,621,0,0,1,Pedestrian
88,1765.0,589.0,1826.0,646.0,622,0,0,1,Pedestrian
88,1765.0,589.0,1826.0,646.0,623,0,0,1,Pedestrian
88,1762.0,592.0,1823.0,648.0,624,0,0,1,Pedestrian
88,1760.0,592.0,1820.0,648.0,625,0,0,1,Pedestrian
88,1760.0,592.0,1820.0,648.0,626,0,0,1,Pedestrian
88,1757.0,592.0,1817.0,648.0,627,0,0,1,Pedestrian
88,1754.0,592.0,1815.0,648.0,628,0,0,1,Pedestrian
88,1754.0,592.0,1815.0,648.0,629,0,0,1,Pedestrian
88,1751.0,592.0,1812.0,648.0,630,0,0,1,Pedestrian
88,1749.0,592.0,1809.0,648.0,631,0,0,1,Pedestrian
88,1749.0,594.0,1809.0,651.0,632,0,0,1,Pedestrian
88,1746.0,594.0,1806.0,651.0,633,0,0,1,Pedestrian
88,1743.0,594.0,1804.0,651.0,634,0,0,1,Pedestrian
88,1743.0,594.0,1804.0,651.0,635,0,0,1,Pedestrian
88,1740.0,594.0,1801.0,651.0,636,0,0,1,Pedestrian
88,1738.0,594.0,1798.0,651.0,637,0,0,1,Pedestrian
88,1738.0,594.0,1798.0,651.0,638,0,0,1,Pedestrian
88,1735.0,594.0,1795.0,651.0,639,0,0,1,Pedestrian
88,1735.0,596.0,1795.0,653.0,640,0,0,0,Pedestrian
88,1732.0,596.0,1793.0,653.0,641,0,0,1,Pedestrian
88,1732.0,596.0,1793.0,653.0,642,0,0,1,Pedestrian
88,1729.0,596.0,1790.0,653.0,643,0,0,1,Pedestrian
88,1729.0,596.0,1790.0,653.0,644,0,0,1,Pedestrian
88,1727.0,596.0,1787.0,653.0,645,0,0,1,Pedestrian
88,1727.0,596.0,1787.0,653.0,646,0,0,1,Pedestrian
88,1724.0,596.0,1784.0,653.0,647,0,0,1,Pedestrian
88,1724.0,598.0,1784.0,655.0,648,0,0,1,Pedestrian
88,1721.0,598.0,1782.0,655.0,649,0,0,1,Pedestrian
88,1721.0,598.0,1782.0,655.0,650,0,0,1,Pedestrian
88,1721.0,598.0,1782.0,655.0,651,0,0,1,Pedestrian
88,1718.0,598.0,1779.0,655.0,652,0,0,1,Pedestrian
88,1718.0,598.0,1779.0,655.0,653,0,0,1,Pedestrian
88,1716.0,598.0,1776.0,655.0,654,0,0,1,Pedestrian
88,1716.0,598.0,1776.0,655.0,655,0,0,1,Pedestrian
88,1713.0,601.0,1773.0,658.0,656,0,0,1,Pedestrian
88,1713.0,601.0,1773.0,658.0,657,0,0,1,Pedestrian
88,1710.0,601.0,1771.0,658.0,658,0,0,1,Pedestrian
88,1710.0,601.0,1771.0,658.0,659,0,0,1,Pedestrian
88,1710.0,601.0,1771.0,658.0,660,0,0,1,Pedestrian
88,1707.0,601.0,1768.0,658.0,661,0,0,1,Pedestrian
88,1707.0,601.0,1768.0,658.0,662,0,0,1,Pedestrian
88,1705.0,601.0,1765.0,658.0,663,0,0,1,Pedestrian
88,1705.0,603.0,1765.0,660.0,664,0,0,1,Pedestrian
88,1702.0,603.0,1762.0,660.0,665,0,0,1,Pedestrian
88,1702.0,603.0,1762.0,660.0,666,0,0,1,Pedestrian
88,1699.0,603.0,1760.0,660.0,667,0,0,1,Pedestrian
88,1699.0,603.0,1760.0,660.0,668,0,0,1,Pedestrian
88,1696.0,603.0,1757.0,660.0,669,0,0,1,Pedestrian
88,1696.0,603.0,1757.0,660.0,670,0,0,1,Pedestrian
88,1696.0,603.0,1757.0,660.0,671,0,0,1,Pedestrian
88,1694.0,605.0,1754.0,662.0,672,0,0,1,Pedestrian
88,1694.0,605.0,1754.0,662.0,673,0,0,1,Pedestrian
88,1691.0,605.0,1751.0,662.0,674,0,0,1,Pedestrian
88,1691.0,605.0,1751.0,662.0,675,0,0,1,Pedestrian
88,1688.0,605.0,1749.0,662.0,676,0,0,1,Pedestrian
88,1688.0,605.0,1749.0,662.0,677,0,0,1,Pedestrian
88,1685.0,605.0,1746.0,662.0,678,0,0,1,Pedestrian
88,1685.0,605.0,1746.0,662.0,679,0,0,1,Pedestrian
88,1685.0,607.0,1746.0,664.0,680,0,0,0,Pedestrian
88,1683.0,607.0,1743.0,664.0,681,0,0,1,Pedestrian
88,1680.0,607.0,1740.0,664.0,682,0,0,1,Pedestrian
88,1677.0,607.0,1738.0,664.0,683,0,0,1,Pedestrian
88,1677.0,610.0,1738.0,667.0,684,0,0,1,Pedestrian
88,1674.0,610.0,1735.0,667.0,685,0,0,1,Pedestrian
88,1672.0,610.0,1732.0,667.0,686,0,0,1,Pedestrian
88,1672.0,612.0,1732.0,669.0,687,0,0,1,Pedestrian
88,1669.0,612.0,1729.0,669.0,688,0,0,1,Pedestrian
88,1666.0,612.0,1727.0,669.0,689,0,0,1,Pedestrian
88,1666.0,614.0,1727.0,671.0,690,0,0,0,Pedestrian
88,1663.0,614.0,1724.0,671.0,691,0,0,1,Pedestrian
88,1661.0,614.0,1721.0,671.0,692,0,0,1,Pedestrian
88,1661.0,614.0,1721.0,671.0,693,0,0,1,Pedestrian
88,1658.0,614.0,1718.0,671.0,694,0,0,1,Pedestrian
88,1658.0,614.0,1718.0,671.0,695,0,0,1,Pedestrian
88,1655.0,614.0,1716.0,671.0,696,0,0,1,Pedestrian
88,1655.0,614.0,1716.0,674.0,697,0,0,1,Pedestrian
88,1652.0,614.0,1713.0,674.0,698,0,0,1,Pedestrian
88,1652.0,614.0,1713.0,674.0,699,0,0,1,Pedestrian
88,1650.0,617.0,1710.0,674.0,700,0,0,1,Pedestrian
88,1647.0,617.0,1707.0,674.0,701,0,0,1,Pedestrian
88,1647.0,617.0,1707.0,674.0,702,0,0,1,Pedestrian
88,1644.0,617.0,1705.0,674.0,703,0,0,1,Pedestrian
88,1644.0,617.0,1705.0,676.0,704,0,0,1,Pedestrian
88,1641.0,617.0,1702.0,676.0,705,0,0,1,Pedestrian
88,1641.0,617.0,1702.0,676.0,706,0,0,1,Pedestrian
88,1639.0,617.0,1699.0,676.0,707,0,0,1,Pedestrian
88,1639.0,617.0,1699.0,676.0,708,0,0,1,Pedestrian
88,1636.0,617.0,1696.0,676.0,709,0,0,1,Pedestrian
88,1636.0,619.0,1696.0,678.0,710,0,0,0,Pedestrian
88,1633.0,619.0,1694.0,678.0,711,0,0,1,Pedestrian
88,1630.0,619.0,1691.0,678.0,712,0,0,1,Pedestrian
88,1630.0,619.0,1691.0,680.0,713,0,0,1,Pedestrian
88,1628.0,621.0,1688.0,680.0,714,0,0,1,Pedestrian
88,1625.0,621.0,1688.0,683.0,715,0,0,1,Pedestrian
88,1625.0,621.0,1685.0,683.0,716,0,0,1,Pedestrian
88,1622.0,623.0,1685.0,685.0,717,0,0,1,Pedestrian
88,1622.0,623.0,1683.0,685.0,718,0,0,1,Pedestrian
88,1619.0,623.0,1683.0,687.0,719,0,0,1,Pedestrian
88,1617.0,626.0,1680.0,687.0,720,0,0,1,Pedestrian
88,1617.0,626.0,1680.0,689.0,721,0,0,1,Pedestrian
88,1614.0,626.0,1677.0,689.0,722,0,0,1,Pedestrian
88,1614.0,628.0,1677.0,692.0,723,0,0,1,Pedestrian
88,1611.0,628.0,1674.0,692.0,724,0,0,1,Pedestrian
88,1608.0,628.0,1672.0,692.0,725,0,0,1,Pedestrian
88,1608.0,630.0,1672.0,694.0,726,0,0,1,Pedestrian
88,1606.0,630.0,1669.0,694.0,727,0,0,1,Pedestrian
88,1606.0,630.0,1669.0,696.0,728,0,0,1,Pedestrian
88,1603.0,633.0,1666.0,696.0,729,0,0,1,Pedestrian
88,1600.0,633.0,1666.0,699.0,730,0,0,1,Pedestrian
88,1600.0,633.0,1663.0,699.0,731,0,0,1,Pedestrian
88,1597.0,633.0,1663.0,701.0,732,0,0,1,Pedestrian
88,1595.0,635.0,1661.0,701.0,733,0,0,1,Pedestrian
88,1595.0,635.0,1661.0,703.0,734,0,0,1,Pedestrian
88,1592.0,635.0,1658.0,703.0,735,0,0,1,Pedestrian
88,1592.0,637.0,1658.0,705.0,736,0,0,1,Pedestrian
88,1589.0,637.0,1655.0,705.0,737,0,0,1,Pedestrian
88,1586.0,637.0,1652.0,705.0,738,0,0,1,Pedestrian
88,1586.0,639.0,1652.0,708.0,739,0,0,1,Pedestrian
88,1584.0,639.0,1650.0,708.0,740,0,0,1,Pedestrian
88,1584.0,639.0,1650.0,710.0,741,0,0,1,Pedestrian
88,1581.0,642.0,1647.0,710.0,742,0,0,1,Pedestrian
88,1578.0,642.0,1647.0,712.0,743,0,0,1,Pedestrian
88,1578.0,642.0,1644.0,712.0,744,0,0,1,Pedestrian
88,1575.0,644.0,1644.0,715.0,745,0,0,1,Pedestrian
88,1575.0,644.0,1641.0,715.0,746,0,0,1,Pedestrian
88,1573.0,644.0,1641.0,717.0,747,0,0,1,Pedestrian
88,1570.0,646.0,1639.0,717.0,748,0,0,1,Pedestrian
88,1570.0,646.0,1639.0,719.0,749,0,0,1,Pedestrian
88,1567.0,646.0,1636.0,719.0,750,0,0,1,Pedestrian
88,1567.0,648.0,1636.0,721.0,751,0,0,0,Pedestrian
88,1564.0,648.0,1633.0,721.0,752,0,0,1,Pedestrian
88,1564.0,648.0,1633.0,721.0,753,0,0,1,Pedestrian
88,1562.0,648.0,1630.0,721.0,754,0,0,1,Pedestrian
88,1562.0,651.0,1630.0,721.0,755,0,0,1,Pedestrian
88,1562.0,651.0,1628.0,721.0,756,0,0,1,Pedestrian
88,1559.0,651.0,1628.0,721.0,757,0,0,1,Pedestrian
88,1559.0,653.0,1625.0,724.0,758,0,0,1,Pedestrian
88,1556.0,653.0,1625.0,724.0,759,0,0,1,Pedestrian
88,1556.0,653.0,1622.0,724.0,760,0,0,1,Pedestrian
88,1556.0,655.0,1622.0,724.0,761,0,0,1,Pedestrian
88,1553.0,655.0,1619.0,724.0,762,0,0,1,Pedestrian
88,1553.0,655.0,1619.0,724.0,763,0,0,1,Pedestrian
88,1553.0,658.0,1619.0,726.0,764,0,0,1,Pedestrian
88,1551.0,658.0,1617.0,726.0,765,0,0,1,Pedestrian
88,1551.0,658.0,1617.0,726.0,766,0,0,1,Pedestrian
88,1548.0,658.0,1614.0,726.0,767,0,0,1,Pedestrian
88,1548.0,660.0,1614.0,726.0,768,0,0,1,Pedestrian
88,1548.0,660.0,1611.0,726.0,769,0,0,1,Pedestrian
88,1545.0,660.0,1611.0,726.0,770,0,0,1,Pedestrian
88,1545.0,662.0,1608.0,728.0,771,0,0,1,Pedestrian
88,1542.0,662.0,1608.0,728.0,772,0,0,1,Pedestrian
88,1542.0,662.0,1606.0,728.0,773,0,0,1,Pedestrian
88,1542.0,664.0,1606.0,728.0,774,0,0,1,Pedestrian
88,1540.0,664.0,1603.0,728.0,775,0,0,1,Pedestrian
88,1540.0,664.0,1603.0,728.0,776,0,0,1,Pedestrian
88,1540.0,667.0,1603.0,730.0,777,0,0,1,Pedestrian
88,1537.0,667.0,1600.0,730.0,778,0,0,1,Pedestrian
88,1537.0,667.0,1600.0,730.0,779,0,0,1,Pedestrian
88,1534.0,667.0,1597.0,730.0,780,0,0,1,Pedestrian
88,1534.0,669.0,1597.0,730.0,781,0,0,1,Pedestrian
88,1534.0,669.0,1595.0,730.0,782,0,0,1,Pedestrian
88,1531.0,669.0,1595.0,730.0,783,0,0,1,Pedestrian
88,1531.0,671.0,1592.0,733.0,784,0,0,1,Pedestrian
88,1529.0,671.0,1592.0,733.0,785,0,0,1,Pedestrian
88,1529.0,671.0,1589.0,733.0,786,0,0,1,Pedestrian
88,1529.0,674.0,1589.0,733.0,787,0,0,1,Pedestrian
88,1526.0,674.0,1586.0,733.0,788,0,0,1,Pedestrian
88,1526.0,674.0,1586.0,733.0,789,0,0,1,Pedestrian
88,1526.0,676.0,1586.0,735.0,790,0,0,0,Pedestrian
88,1523.0,676.0,1584.0,735.0,791,0,0,1,Pedestrian
88,1520.0,676.0,1581.0,735.0,792,0,0,1,Pedestrian
88,1520.0,676.0,1581.0,735.0,793,0,0,1,Pedestrian
88,1518.0,676.0,1578.0,735.0,794,0,0,1,Pedestrian
88,1515.0,676.0,1575.0,735.0,795,0,0,1,Pedestrian
88,1515.0,676.0,1575.0,735.0,796,0,0,1,Pedestrian
88,1512.0,676.0,1573.0,735.0,797,0,0,1,Pedestrian
88,1509.0,676.0,1570.0,735.0,798,0,0,1,Pedestrian
88,1509.0,676.0,1570.0,735.0,799,0,0,1,Pedestrian
88,1507.0,676.0,1567.0,735.0,800,0,0,1,Pedestrian
88,1504.0,676.0,1564.0,735.0,801,0,0,1,Pedestrian
88,1504.0,676.0,1564.0,735.0,802,0,0,1,Pedestrian
88,1501.0,676.0,1562.0,735.0,803,0,0,1,Pedestrian
88,1498.0,676.0,1559.0,735.0,804,0,0,1,Pedestrian
88,1498.0,676.0,1559.0,735.0,805,0,0,1,Pedestrian
88,1496.0,676.0,1556.0,735.0,806,0,0,1,Pedestrian
88,1493.0,676.0,1553.0,735.0,807,0,0,1,Pedestrian
88,1493.0,676.0,1553.0,735.0,808,0,0,1,Pedestrian
88,1490.0,676.0,1551.0,735.0,809,0,0,1,Pedestrian
88,1487.0,676.0,1548.0,735.0,810,0,0,1,Pedestrian
88,1487.0,676.0,1548.0,735.0,811,0,0,1,Pedestrian
88,1485.0,676.0,1545.0,735.0,812,0,0,1,Pedestrian
88,1482.0,676.0,1542.0,735.0,813,0,0,1,Pedestrian
88,1482.0,676.0,1542.0,735.0,814,0,0,1,Pedestrian
88,1479.0,676.0,1540.0,735.0,815,0,0,1,Pedestrian
88,1476.0,676.0,1537.0,735.0,816,0,0,1,Pedestrian
88,1476.0,676.0,1537.0,735.0,817,0,0,1,Pedestrian
88,1474.0,676.0,1534.0,735.0,818,0,0,1,Pedestrian
88,1471.0,676.0,1531.0,735.0,819,0,0,1,Pedestrian
88,1471.0,678.0,1531.0,737.0,820,0,0,0,Pedestrian
88,1468.0,678.0,1529.0,737.0,821,0,0,1,Pedestrian
88,1465.0,678.0,1526.0,737.0,822,0,0,1,Pedestrian
88,1465.0,678.0,1526.0,737.0,823,0,0,1,Pedestrian
88,1463.0,678.0,1523.0,737.0,824,0,0,1,Pedestrian
88,1463.0,678.0,1523.0,737.0,825,0,0,1,Pedestrian
88,1460.0,678.0,1520.0,737.0,826,0,0,1,Pedestrian
88,1457.0,678.0,1518.0,737.0,827,0,0,1,Pedestrian
88,1457.0,678.0,1518.0,737.0,828,0,0,1,Pedestrian
88,1454.0,678.0,1515.0,737.0,829,0,0,1,Pedestrian
88,1454.0,678.0,1515.0,737.0,830,0,0,1,Pedestrian
88,1452.0,678.0,1512.0,737.0,831,0,0,1,Pedestrian
88,1449.0,678.0,1509.0,737.0,832,0,0,1,Pedestrian
88,1449.0,678.0,1509.0,737.0,833,0,0,1,Pedestrian
88,1446.0,678.0,1507.0,737.0,834,0,0,1,Pedestrian
88,1446.0,678.0,1507.0,737.0,835,0,0,1,Pedestrian
88,1443.0,678.0,1504.0,737.0,836,0,0,1,Pedestrian
88,1441.0,678.0,1501.0,737.0,837,0,0,1,Pedestrian
88,1441.0,678.0,1501.0,737.0,838,0,0,1,Pedestrian
88,1438.0,678.0,1498.0,737.0,839,0,0,1,Pedestrian
88,1438.0,680.0,1498.0,740.0,840,0,0,0,Pedestrian
88,1435.0,678.0,1496.0,737.0,841,0,0,1,Pedestrian
88,1435.0,678.0,1496.0,737.0,842,0,0,1,Pedestrian
88,1432.0,678.0,1493.0,737.0,843,0,0,1,Pedestrian
88,1432.0,678.0,1493.0,737.0,844,0,0,1,Pedestrian
88,1432.0,678.0,1493.0,737.0,845,0,0,1,Pedestrian
88,1430.0,678.0,1490.0,737.0,846,0,0,1,Pedestrian
88,1430.0,678.0,1490.0,737.0,847,0,0,1,Pedestrian
88,1427.0,678.0,1487.0,737.0,848,0,0,1,Pedestrian
88,1427.0,678.0,1487.0,737.0,849,0,0,1,Pedestrian
88,1427.0,678.0,1487.0,737.0,850,0,0,1,Pedestrian
88,1424.0,678.0,1485.0,737.0,851,0,0,1,Pedestrian
88,1424.0,678.0,1485.0,737.0,852,0,0,1,Pedestrian
88,1421.0,678.0,1482.0,737.0,853,0,0,1,Pedestrian
88,1421.0,678.0,1482.0,737.0,854,0,0,1,Pedestrian
88,1421.0,678.0,1482.0,737.0,855,0,0,1,Pedestrian
88,1419.0,678.0,1479.0,737.0,856,0,0,1,Pedestrian
88,1419.0,678.0,1479.0,737.0,857,0,0,1,Pedestrian
88,1416.0,678.0,1476.0,737.0,858,0,0,1,Pedestrian
88,1416.0,678.0,1476.0,737.0,859,0,0,1,Pedestrian
88,1416.0,678.0,1476.0,737.0,860,0,0,0,Pedestrian
88,1413.0,676.0,1474.0,737.0,861,0,0,1,Pedestrian
88,1413.0,676.0,1471.0,740.0,862,0,0,1,Pedestrian
88,1410.0,676.0,1471.0,740.0,863,0,0,1,Pedestrian
88,1410.0,676.0,1468.0,742.0,864,0,0,1,Pedestrian
88,1408.0,676.0,1468.0,744.0,865,0,0,1,Pedestrian
88,1408.0,676.0,1465.0,744.0,866,0,0,1,Pedestrian
88,1405.0,676.0,1465.0,746.0,867,0,0,1,Pedestrian
88,1405.0,676.0,1463.0,749.0,868,0,0,1,Pedestrian
88,1402.0,676.0,1463.0,749.0,869,0,0,1,Pedestrian
88,1402.0,676.0,1460.0,751.0,870,0,0,1,Pedestrian
88,1402.0,676.0,1460.0,753.0,871,0,0,0,Pedestrian
88,1399.0,676.0,1457.0,753.0,872,0,0,1,Pedestrian
88,1399.0,678.0,1457.0,755.0,873,0,0,1,Pedestrian
88,1397.0,680.0,1454.0,755.0,874,0,0,1,Pedestrian
88,1397.0,680.0,1454.0,758.0,875,0,0,1,Pedestrian
88,1394.0,683.0,1452.0,760.0,876,0,0,1,Pedestrian
88,1394.0,685.0,1452.0,760.0,877,0,0,1,Pedestrian
88,1391.0,685.0,1449.0,762.0,878,0,0,1,Pedestrian
88,1391.0,687.0,1449.0,762.0,879,0,0,1,Pedestrian
88,1388.0,689.0,1446.0,765.0,880,0,0,1,Pedestrian
88,1388.0,692.0,1446.0,767.0,881,0,0,0,Pedestrian
88,1386.0,689.0,1443.0,765.0,882,0,0,1,Pedestrian
88,1383.0,689.0,1441.0,765.0,883,0,0,1,Pedestrian
88,1383.0,689.0,1441.0,762.0,884,0,0,1,Pedestrian
88,1380.0,689.0,1438.0,762.0,885,0,0,1,Pedestrian
88,1380.0,689.0,1438.0,762.0,886,0,0,1,Pedestrian
88,1377.0,687.0,1435.0,760.0,887,0,0,1,Pedestrian
88,1375.0,687.0,1432.0,760.0,888,0,0,1,Pedestrian
88,1375.0,687.0,1432.0,760.0,889,0,0,1,Pedestrian
88,1372.0,687.0,1430.0,758.0,890,0,0,1,Pedestrian
88,1372.0,687.0,1430.0,758.0,891,0,0,1,Pedestrian
88,1369.0,685.0,1427.0,758.0,892,0,0,1,Pedestrian
88,1366.0,685.0,1424.0,755.0,893,0,0,1,Pedestrian
88,1366.0,685.0,1424.0,755.0,894,0,0,1,Pedestrian
88,1364.0,685.0,1421.0,753.0,895,0,0,1,Pedestrian
88,1364.0,685.0,1421.0,753.0,896,0,0,1,Pedestrian
88,1361.0,683.0,1419.0,753.0,897,0,0,1,Pedestrian
88,1358.0,683.0,1416.0,751.0,898,0,0,1,Pedestrian
88,1358.0,683.0,1416.0,751.0,899,0,0,1,Pedestrian
88,1355.0,683.0,1413.0,751.0,900,0,0,1,Pedestrian
88,1355.0,683.0,1413.0,749.0,901,0,0,1,Pedestrian
88,1353.0,683.0,1410.0,749.0,902,0,0,1,Pedestrian
88,1350.0,680.0,1408.0,749.0,903,0,0,1,Pedestrian
88,1350.0,680.0,1408.0,746.0,904,0,0,1,Pedestrian
88,1347.0,680.0,1405.0,746.0,905,0,0,1,Pedestrian
88,1347.0,680.0,1405.0,744.0,906,0,0,1,Pedestrian
88,1344.0,680.0,1402.0,744.0,907,0,0,1,Pedestrian
88,1342.0,678.0,1399.0,744.0,908,0,0,1,Pedestrian
88,1342.0,678.0,1399.0,742.0,909,0,0,1,Pedestrian
88,1339.0,678.0,1397.0,742.0,910,0,0,1,Pedestrian
88,1339.0,678.0,1397.0,742.0,911,0,0,1,Pedestrian
88,1336.0,678.0,1394.0,740.0,912,0,0,1,Pedestrian
88,1333.0,676.0,1391.0,740.0,913,0,0,1,Pedestrian
88,1333.0,676.0,1391.0,740.0,914,0,0,1,Pedestrian
88,1331.0,676.0,1388.0,737.0,915,0,0,1,Pedestrian
88,1331.0,676.0,1388.0,737.0,916,0,0,1,Pedestrian
88,1328.0,676.0,1386.0,735.0,917,0,0,1,Pedestrian
88,1328.0,676.0,1386.0,735.0,918,0,0,1,Pedestrian
88,1325.0,674.0,1383.0,735.0,919,0,0,1,Pedestrian
88,1322.0,674.0,1380.0,733.0,920,0,0,1,Pedestrian
88,1322.0,674.0,1380.0,733.0,921,0,0,1,Pedestrian
88,1320.0,674.0,1377.0,733.0,922,0,0,1,Pedestrian
88,1320.0,674.0,1377.0,730.0,923,0,0,1,Pedestrian
88,1317.0,671.0,1375.0,730.0,924,0,0,1,Pedestrian
88,1314.0,671.0,1372.0,730.0,925,0,0,1,Pedestrian
88,1314.0,671.0,1372.0,728.0,926,0,0,1,Pedestrian
88,1311.0,671.0,1369.0,728.0,927,0,0,1,Pedestrian
88,1311.0,671.0,1369.0,726.0,928,0,0,1,Pedestrian
88,1309.0,669.0,1366.0,726.0,929,0,0,1,Pedestrian
88,1306.0,669.0,1364.0,726.0,930,0,0,1,Pedestrian
88,1306.0,669.0,1364.0,724.0,931,0,0,1,Pedestrian
88,1303.0,669.0,1361.0,724.0,932,0,0,1,Pedestrian
88,1303.0,669.0,1361.0,724.0,933,0,0,1,Pedestrian
88,1300.0,669.0,1358.0,721.0,934,0,0,1,Pedestrian
88,1298.0,667.0,1355.0,721.0,935,0,0,1,Pedestrian
88,1298.0,667.0,1355.0,721.0,936,0,0,1,Pedestrian
88,1295.0,667.0,1353.0,719.0,937,0,0,1,Pedestrian
88,1295.0,667.0,1353.0,719.0,938,0,0,1,Pedestrian
88,1292.0,667.0,1350.0,717.0,939,0,0,1,Pedestrian
88,1289.0,664.0,1347.0,717.0,940,0,0,1,Pedestrian
88,1289.0,664.0,1347.0,717.0,941,0,0,1,Pedestrian
88,1287.0,664.0,1344.0,715.0,942,0,0,1,Pedestrian
88,1287.0,664.0,1344.0,715.0,943,0,0,1,Pedestrian
88,1284.0,664.0,1342.0,715.0,944,0,0,1,Pedestrian
88,1281.0,662.0,1339.0,712.0,945,0,0,1,Pedestrian
88,1281.0,662.0,1339.0,712.0,946,0,0,1,Pedestrian
88,1278.0,662.0,1336.0,712.0,947,0,0,1,Pedestrian
88,1278.0,662.0,1336.0,710.0,948,0,0,1,Pedestrian
88,1276.0,662.0,1333.0,710.0,949,0,0,1,Pedestrian
88,1276.0,662.0,1333.0,710.0,950,0,0,0,Pedestrian
88,1273.0,660.0,1331.0,708.0,951,0,0,1,Pedestrian
88,1273.0,660.0,1331.0,708.0,952,0,0,1,Pedestrian
88,1273.0,658.0,1331.0,708.0,953,0,0,1,Pedestrian
88,1270.0,658.0,1331.0,708.0,954,0,0,1,Pedestrian
88,1270.0,658.0,1331.0,708.0,955,0,0,1,Pedestrian
88,1270.0,655.0,1328.0,705.0,956,0,0,1,Pedestrian
88,1267.0,655.0,1328.0,705.0,957,0,0,1,Pedestrian
88,1267.0,653.0,1328.0,705.0,958,0,0,1,Pedestrian
88,1267.0,653.0,1328.0,705.0,959,0,0,1,Pedestrian
88,1265.0,653.0,1328.0,705.0,960,0,0,1,Pedestrian
88,1265.0,651.0,1325.0,705.0,961,0,0,1,Pedestrian
88,1265.0,651.0,1325.0,703.0,962,0,0,1,Pedestrian
88,1262.0,648.0,1325.0,703.0,963,0,0,1,Pedestrian
88,1262.0,648.0,1325.0,703.0,964,0,0,1,Pedestrian
88,1262.0,648.0,1325.0,703.0,965,0,0,1,Pedestrian
88,1259.0,646.0,1322.0,703.0,966,0,0,1,Pedestrian
88,1259.0,646.0,1322.0,703.0,967,0,0,1,Pedestrian
88,1259.0,644.0,1322.0,701.0,968,0,0,1,Pedestrian
88,1256.0,644.0,1322.0,701.0,969,0,0,1,Pedestrian
88,1256.0,644.0,1322.0,701.0,970,0,0,1,Pedestrian
88,1256.0,642.0,1320.0,701.0,971,0,0,1,Pedestrian
88,1256.0,642.0,1320.0,701.0,972,0,0,1,Pedestrian
88,1254.0,642.0,1320.0,701.0,973,0,0,1,Pedestrian
88,1254.0,639.0,1320.0,699.0,974,0,0,1,Pedestrian
88,1254.0,639.0,1320.0,699.0,975,0,0,1,Pedestrian
88,1251.0,637.0,1317.0,699.0,976,0,0,1,Pedestrian
88,1251.0,637.0,1317.0,699.0,977,0,0,1,Pedestrian
88,1251.0,637.0,1317.0,699.0,978,0,0,1,Pedestrian
88,1248.0,635.0,1317.0,699.0,979,0,0,1,Pedestrian
88,1248.0,635.0,1317.0,696.0,980,0,0,1,Pedestrian
88,1248.0,633.0,1314.0,696.0,981,0,0,1,Pedestrian
88,1245.0,633.0,1314.0,696.0,982,0,0,1,Pedestrian
88,1245.0,633.0,1314.0,696.0,983,0,0,1,Pedestrian
88,1245.0,630.0,1314.0,696.0,984,0,0,1,Pedestrian
88,1243.0,630.0,1314.0,696.0,985,0,0,1,Pedestrian
88,1243.0,628.0,1311.0,694.0,986,0,0,1,Pedestrian
88,1243.0,628.0,1311.0,694.0,987,0,0,1,Pedestrian
88,1240.0,628.0,1311.0,694.0,988,0,0,1,Pedestrian
88,1240.0,626.0,1311.0,694.0,989,0,0,1,Pedestrian
88,1240.0,626.0,1311.0,694.0,990,0,0,1,Pedestrian
88,1240.0,626.0,1311.0,694.0,991,0,0,0,Pedestrian
88,1237.0,626.0,1306.0,694.0,992,0,0,1,Pedestrian
88,1234.0,626.0,1303.0,694.0,993,0,0,1,Pedestrian
88,1232.0,626.0,1300.0,694.0,994,0,0,1,Pedestrian
88,1229.0,626.0,1295.0,694.0,995,0,0,1,Pedestrian
88,1226.0,626.0,1292.0,694.0,996,0,0,1,Pedestrian
88,1223.0,626.0,1289.0,694.0,997,0,0,1,Pedestrian
88,1221.0,626.0,1284.0,694.0,998,0,0,1,Pedestrian
88,1218.0,626.0,1281.0,694.0,999,0,0,1,Pedestrian
88,1218.0,626.0,1278.0,696.0,1000,0,0,0,Pedestrian
88,1215.0,623.0,1276.0,694.0,1001,0,0,1,Pedestrian
88,1212.0,623.0,1276.0,694.0,1002,0,0,1,Pedestrian
88,1212.0,621.0,1273.0,694.0,1003,0,0,1,Pedestrian
88,1210.0,621.0,1273.0,692.0,1004,0,0,1,Pedestrian
88,1210.0,621.0,1273.0,692.0,1005,0,0,1,Pedestrian
88,1207.0,619.0,1270.0,692.0,1006,0,0,1,Pedestrian
88,1207.0,619.0,1270.0,689.0,1007,0,0,1,Pedestrian
88,1204.0,619.0,1270.0,689.0,1008,0,0,1,Pedestrian
88,1204.0,617.0,1267.0,689.0,1009,0,0,1,Pedestrian
88,1201.0,617.0,1267.0,687.0,1010,0,0,1,Pedestrian
88,1201.0,617.0,1265.0,687.0,1011,0,0,1,Pedestrian
88,1199.0,614.0,1265.0,687.0,1012,0,0,1,Pedestrian
88,1199.0,614.0,1265.0,685.0,1013,0,0,1,Pedestrian
88,1196.0,614.0,1262.0,685.0,1014,0,0,1,Pedestrian
88,1196.0,612.0,1262.0,685.0,1015,0,0,1,Pedestrian
88,1193.0,612.0,1262.0,683.0,1016,0,0,1,Pedestrian
88,1193.0,612.0,1259.0,683.0,1017,0,0,1,Pedestrian
88,1190.0,610.0,1259.0,683.0,1018,0,0,1,Pedestrian
88,1190.0,610.0,1256.0,680.0,1019,0,0,1,Pedestrian
88,1188.0,610.0,1256.0,680.0,1020,0,0,1,Pedestrian
88,1185.0,607.0,1256.0,680.0,1021,0,0,1,Pedestrian
88,1185.0,607.0,1254.0,678.0,1022,0,0,1,Pedestrian
88,1182.0,605.0,1254.0,678.0,1023,0,0,1,Pedestrian
88,1182.0,605.0,1254.0,678.0,1024,0,0,1,Pedestrian
88,1179.0,605.0,1251.0,676.0,1025,0,0,1,Pedestrian
88,1179.0,603.0,1251.0,676.0,1026,0,0,1,Pedestrian
88,1177.0,603.0,1248.0,676.0,1027,0,0,1,Pedestrian
88,1177.0,603.0,1248.0,674.0,1028,0,0,1,Pedestrian
88,1174.0,601.0,1248.0,674.0,1029,0,0,1,Pedestrian
88,1174.0,601.0,1245.0,674.0,1030,0,0,1,Pedestrian
88,1171.0,601.0,1245.0,671.0,1031,0,0,1,Pedestrian
88,1171.0,598.0,1245.0,671.0,1032,0,0,1,Pedestrian
88,1168.0,598.0,1243.0,671.0,1033,0,0,1,Pedestrian
88,1168.0,598.0,1243.0,669.0,1034,0,0,1,Pedestrian
88,1166.0,596.0,1240.0,669.0,1035,0,0,1,Pedestrian
88,1166.0,596.0,1240.0,669.0,1036,0,0,1,Pedestrian
88,1163.0,596.0,1240.0,667.0,1037,0,0,1,Pedestrian
88,1163.0,594.0,1237.0,667.0,1038,0,0,1,Pedestrian
88,1160.0,594.0,1237.0,667.0,1039,0,0,1,Pedestrian
88,1160.0,594.0,1237.0,667.0,1040,0,0,0,Pedestrian
88,1157.0,592.0,1234.0,664.0,1041,0,0,1,Pedestrian
88,1157.0,592.0,1234.0,664.0,1042,0,0,1,Pedestrian
88,1155.0,589.0,1232.0,662.0,1043,0,0,1,Pedestrian
88,1155.0,589.0,1232.0,662.0,1044,0,0,1,Pedestrian
88,1155.0,587.0,1232.0,660.0,1045,0,0,1,Pedestrian
88,1152.0,587.0,1229.0,660.0,1046,0,0,1,Pedestrian
88,1152.0,585.0,1229.0,658.0,1047,0,0,1,Pedestrian
88,1152.0,585.0,1229.0,658.0,1048,0,0,1,Pedestrian
88,1149.0,582.0,1226.0,655.0,1049,0,0,1,Pedestrian
88,1149.0,582.0,1226.0,655.0,1050,0,0,1,Pedestrian
88,1146.0,580.0,1223.0,653.0,1051,0,0,1,Pedestrian
88,1146.0,580.0,1223.0,653.0,1052,0,0,1,Pedestrian
88,1146.0,578.0,1223.0,651.0,1053,0,0,1,Pedestrian
88,1144.0,578.0,1221.0,651.0,1054,0,0,1,Pedestrian
88,1144.0,576.0,1221.0,648.0,1055,0,0,1,Pedestrian
88,1144.0,576.0,1221.0,648.0,1056,0,0,1,Pedestrian
88,1141.0,573.0,1218.0,646.0,1057,0,0,1,Pedestrian
88,1141.0,573.0,1218.0,646.0,1058,0,0,1,Pedestrian
88,1141.0,571.0,1218.0,644.0,1059,0,0,1,Pedestrian
88,1138.0,571.0,1215.0,644.0,1060,0,0,1,Pedestrian
88,1138.0,569.0,1215.0,642.0,1061,0,0,1,Pedestrian
88,1135.0,569.0,1212.0,642.0,1062,0,0,1,Pedestrian
88,1135.0,566.0,1212.0,639.0,1063,0,0,1,Pedestrian
88,1135.0,566.0,1212.0,639.0,1064,0,0,1,Pedestrian
88,1133.0,564.0,1210.0,637.0,1065,0,0,1,Pedestrian
88,1133.0,564.0,1210.0,637.0,1066,0,0,1,Pedestrian
88,1133.0,562.0,1210.0,635.0,1067,0,0,1,Pedestrian
88,1130.0,562.0,1207.0,635.0,1068,0,0,1,Pedestrian
88,1130.0,560.0,1207.0,633.0,1069,0,0,1,Pedestrian
88,1130.0,560.0,1207.0,633.0,1070,0,0,1,Pedestrian
88,1127.0,560.0,1204.0,633.0,1071,0,0,1,Pedestrian
88,1127.0,557.0,1204.0,630.0,1072,0,0,1,Pedestrian
88,1124.0,557.0,1201.0,630.0,1073,0,0,1,Pedestrian
88,1124.0,555.0,1201.0,628.0,1074,0,0,1,Pedestrian
88,1124.0,555.0,1201.0,628.0,1075,0,0,1,Pedestrian
88,1122.0,553.0,1199.0,626.0,1076,0,0,1,Pedestrian
88,1122.0,553.0,1199.0,626.0,1077,0,0,1,Pedestrian
88,1122.0,551.0,1199.0,623.0,1078,0,0,1,Pedestrian
88,1119.0,551.0,1196.0,623.0,1079,0,0,1,Pedestrian
88,1119.0,548.0,1196.0,621.0,1080,0,0,1,Pedestrian
88,1116.0,548.0,1193.0,621.0,1081,0,0,1,Pedestrian
88,1116.0,546.0,1193.0,619.0,1082,0,0,1,Pedestrian
88,1116.0,546.0,1193.0,619.0,1083,0,0,1,Pedestrian
88,1113.0,544.0,1190.0,617.0,1084,0,0,1,Pedestrian
88,1113.0,544.0,1190.0,617.0,1085,0,0,1,Pedestrian
88,1113.0,541.0,1190.0,614.0,1086,0,0,1,Pedestrian
88,1111.0,541.0,1188.0,614.0,1087,0,0,1,Pedestrian
88,1111.0,539.0,1188.0,612.0,1088,0,0,1,Pedestrian
88,1111.0,539.0,1188.0,612.0,1089,0,0,1,Pedestrian
88,1108.0,537.0,1185.0,610.0,1090,0,0,1,Pedestrian
88,1108.0,537.0,1185.0,610.0,1091,0,0,1,Pedestrian
88,1105.0,535.0,1182.0,607.0,1092,0,0,1,Pedestrian
88,1105.0,535.0,1182.0,607.0,1093,0,0,1,Pedestrian
88,1105.0,532.0,1182.0,605.0,1094,0,0,1,Pedestrian
88,1102.0,532.0,1179.0,605.0,1095,0,0,1,Pedestrian
88,1102.0,530.0,1179.0,603.0,1096,0,0,1,Pedestrian
88,1102.0,530.0,1179.0,603.0,1097,0,0,1,Pedestrian
88,1100.0,528.0,1177.0,601.0,1098,0,0,1,Pedestrian
88,1100.0,528.0,1177.0,601.0,1099,0,0,1,Pedestrian
88,1100.0,528.0,1177.0,601.0,1100,0,0,0,Pedestrian
88,1097.0,526.0,1174.0,598.0,1101,0,0,1,Pedestrian
88,1097.0,526.0,1174.0,598.0,1102,0,0,1,Pedestrian
88,1097.0,523.0,1174.0,596.0,1103,0,0,1,Pedestrian
88,1097.0,523.0,1174.0,596.0,1104,0,0,1,Pedestrian
88,1097.0,521.0,1174.0,594.0,1105,0,0,1,Pedestrian
88,1097.0,521.0,1174.0,594.0,1106,0,0,1,Pedestrian
88,1094.0,519.0,1171.0,592.0,1107,0,0,1,Pedestrian
88,1094.0,519.0,1171.0,592.0,1108,0,0,1,Pedestrian
88,1094.0,516.0,1171.0,589.0,1109,0,0,1,Pedestrian
88,1094.0,516.0,1171.0,589.0,1110,0,0,1,Pedestrian
88,1094.0,514.0,1171.0,587.0,1111,0,0,1,Pedestrian
88,1094.0,514.0,1171.0,587.0,1112,0,0,1,Pedestrian
88,1094.0,512.0,1171.0,585.0,1113,0,0,1,Pedestrian
88,1091.0,512.0,1168.0,585.0,1114,0,0,1,Pedestrian
88,1091.0,510.0,1168.0,582.0,1115,0,0,1,Pedestrian
88,1091.0,510.0,1168.0,582.0,1116,0,0,1,Pedestrian
88,1091.0,507.0,1168.0,580.0,1117,0,0,1,Pedestrian
88,1091.0,507.0,1168.0,580.0,1118,0,0,1,Pedestrian
88,1091.0,505.0,1168.0,578.0,1119,0,0,1,Pedestrian
88,1091.0,505.0,1168.0,578.0,1120,0,0,1,Pedestrian
88,1089.0,505.0,1166.0,578.0,1121,0,0,1,Pedestrian
88,1089.0,503.0,1166.0,576.0,1122,0,0,1,Pedestrian
88,1089.0,503.0,1166.0,576.0,1123,0,0,1,Pedestrian
88,1089.0,500.0,1166.0,573.0,1124,0,0,1,Pedestrian
88,1089.0,500.0,1166.0,573.0,1125,0,0,1,Pedestrian
88,1089.0,498.0,1166.0,571.0,1126,0,0,1,Pedestrian
88,1086.0,498.0,1163.0,571.0,1127,0,0,1,Pedestrian
88,1086.0,496.0,1163.0,569.0,1128,0,0,1,Pedestrian
88,1086.0,496.0,1163.0,569.0,1129,0,0,1,Pedestrian
88,1086.0,494.0,1163.0,566.0,1130,0,0,1,Pedestrian
88,1086.0,494.0,1163.0,566.0,1131,0,0,1,Pedestrian
88,1086.0,491.0,1163.0,564.0,1132,0,0,1,Pedestrian
88,1086.0,491.0,1163.0,564.0,1133,0,0,1,Pedestrian
88,1083.0,489.0,1160.0,562.0,1134,0,0,1,Pedestrian
88,1083.0,489.0,1160.0,562.0,1135,0,0,1,Pedestrian
88,1083.0,487.0,1160.0,560.0,1136,0,0,1,Pedestrian
88,1083.0,487.0,1160.0,560.0,1137,0,0,1,Pedestrian
88,1083.0,485.0,1160.0,557.0,1138,0,0,1,Pedestrian
88,1083.0,485.0,1160.0,557.0,1139,0,0,1,Pedestrian
88,1083.0,485.0,1160.0,557.0,1140,0,0,0,Pedestrian
88,1080.0,482.0,1157.0,555.0,1141,0,0,1,Pedestrian
88,1080.0,482.0,1157.0,555.0,1142,0,0,1,Pedestrian
88,1080.0,480.0,1157.0,553.0,1143,0,0,1,Pedestrian
88,1080.0,480.0,1157.0,553.0,1144,0,0,1,Pedestrian
88,1080.0,478.0,1157.0,551.0,1145,0,0,1,Pedestrian
88,1080.0,478.0,1157.0,551.0,1146,0,0,1,Pedestrian
88,1078.0,475.0,1155.0,548.0,1147,0,0,1,Pedestrian
88,1078.0,475.0,1155.0,548.0,1148,0,0,1,Pedestrian
88,1078.0,473.0,1155.0,546.0,1149,0,0,1,Pedestrian
88,1078.0,473.0,1155.0,546.0,1150,0,0,1,Pedestrian
88,1078.0,471.0,1155.0,544.0,1151,0,0,1,Pedestrian
88,1078.0,471.0,1155.0,544.0,1152,0,0,1,Pedestrian
88,1075.0,469.0,1152.0,541.0,1153,0,0,1,Pedestrian
88,1075.0,469.0,1152.0,541.0,1154,0,0,1,Pedestrian
88,1075.0,466.0,1152.0,539.0,1155,0,0,1,Pedestrian
88,1075.0,466.0,1152.0,539.0,1156,0,0,1,Pedestrian
88,1075.0,464.0,1152.0,537.0,1157,0,0,1,Pedestrian
88,1075.0,464.0,1152.0,537.0,1158,0,0,1,Pedestrian
88,1072.0,462.0,1149.0,535.0,1159,0,0,1,Pedestrian
88,1072.0,462.0,1149.0,535.0,1160,0,0,1,Pedestrian
88,1072.0,459.0,1149.0,532.0,1161,0,0,1,Pedestrian
88,1072.0,459.0,1149.0,532.0,1162,0,0,1,Pedestrian
88,1072.0,457.0,1149.0,530.0,1163,0,0,1,Pedestrian
88,1072.0,457.0,1149.0,530.0,1164,0,0,1,Pedestrian
88,1069.0,455.0,1146.0,528.0,1165,0,0,1,Pedestrian
88,1069.0,455.0,1146.0,528.0,1166,0,0,1,Pedestrian
88,1069.0,453.0,1146.0,526.0,1167,0,0,1,Pedestrian
88,1069.0,453.0,1146.0,526.0,1168,0,0,1,Pedestrian
88,1069.0,450.0,1146.0,523.0,1169,0,0,1,Pedestrian
88,1069.0,450.0,1146.0,523.0,1170,0,0,0,Pedestrian
88,1067.0,448.0,1144.0,521.0,1171,0,0,1,Pedestrian
88,1067.0,448.0,1144.0,521.0,1172,0,0,1,Pedestrian
88,1067.0,448.0,1144.0,521.0,1173,0,0,1,Pedestrian
88,1067.0,448.0,1144.0,521.0,1174,0,0,1,Pedestrian
88,1067.0,448.0,1144.0,521.0,1175,0,0,1,Pedestrian
88,1067.0,448.0,1144.0,521.0,1176,0,0,1,Pedestrian
88,1067.0,446.0,1144.0,519.0,1177,0,0,1,Pedestrian
88,1064.0,446.0,1141.0,519.0,1178,0,0,1,Pedestrian
88,1064.0,446.0,1141.0,519.0,1179,0,0,1,Pedestrian
88,1064.0,446.0,1141.0,519.0,1180,0,0,1,Pedestrian
88,1064.0,446.0,1141.0,519.0,1181,0,0,1,Pedestrian
88,1064.0,446.0,1141.0,519.0,1182,0,0,1,Pedestrian
88,1064.0,444.0,1141.0,516.0,1183,0,0,1,Pedestrian
88,1064.0,444.0,1141.0,516.0,1184,0,0,1,Pedestrian
88,1064.0,444.0,1141.0,516.0,1185,0,0,1,Pedestrian
88,1061.0,444.0,1138.0,516.0,1186,0,0,1,Pedestrian
88,1061.0,444.0,1138.0,516.0,1187,0,0,1,Pedestrian
88,1061.0,444.0,1138.0,516.0,1188,0,0,1,Pedestrian
88,1061.0,441.0,1138.0,514.0,1189,0,0,1,Pedestrian
88,1061.0,441.0,1138.0,514.0,1190,0,0,1,Pedestrian
88,1061.0,441.0,1138.0,514.0,1191,0,0,1,Pedestrian
88,1061.0,441.0,1138.0,514.0,1192,0,0,1,Pedestrian
88,1058.0,441.0,1135.0,514.0,1193,0,0,1,Pedestrian
88,1058.0,441.0,1135.0,514.0,1194,0,0,1,Pedestrian
88,1058.0,439.0,1135.0,512.0,1195,0,0,1,Pedestrian
88,1058.0,439.0,1135.0,512.0,1196,0,0,1,Pedestrian
88,1058.0,439.0,1135.0,512.0,1197,0,0,1,Pedestrian
88,1058.0,439.0,1135.0,512.0,1198,0,0,1,Pedestrian
88,1058.0,439.0,1135.0,512.0,1199,0,0,1,Pedestrian
88,1058.0,439.0,1135.0,512.0,1200,0,0,0,Pedestrian
88,1058.0,437.0,1135.0,510.0,1201,0,0,1,Pedestrian
88,1058.0,437.0,1135.0,510.0,1202,0,0,1,Pedestrian
88,1058.0,437.0,1135.0,510.0,1203,0,0,1,Pedestrian
88,1058.0,437.0,1135.0,510.0,1204,0,0,1,Pedestrian
88,1058.0,437.0,1135.0,510.0,1205,0,0,1,Pedestrian
88,1058.0,434.0,1135.0,507.0,1206,0,0,1,Pedestrian
88,1058.0,434.0,1135.0,507.0,1207,0,0,1,Pedestrian
88,1058.0,434.0,1135.0,507.0,1208,0,0,1,Pedestrian
88,1058.0,434.0,1135.0,507.0,1209,0,0,1,Pedestrian
88,1058.0,434.0,1135.0,507.0,1210,0,0,1,Pedestrian
88,1058.0,432.0,1135.0,505.0,1211,0,0,1,Pedestrian
88,1058.0,432.0,1135.0,505.0,1212,0,0,1,Pedestrian
88,1058.0,432.0,1135.0,505.0,1213,0,0,1,Pedestrian
88,1058.0,432.0,1135.0,505.0,1214,0,0,1,Pedestrian
88,1058.0,432.0,1135.0,505.0,1215,0,0,1,Pedestrian
88,1058.0,430.0,1135.0,503.0,1216,0,0,1,Pedestrian
88,1058.0,430.0,1135.0,503.0,1217,0,0,1,Pedestrian
88,1058.0,430.0,1135.0,503.0,1218,0,0,1,Pedestrian
88,1058.0,430.0,1135.0,503.0,1219,0,0,1,Pedestrian
88,1058.0,430.0,1135.0,503.0,1220,0,0,1,Pedestrian
88,1058.0,428.0,1135.0,500.0,1221,0,0,1,Pedestrian
88,1058.0,428.0,1135.0,500.0,1222,0,0,1,Pedestrian
88,1058.0,428.0,1135.0,500.0,1223,0,0,1,Pedestrian
88,1058.0,428.0,1135.0,500.0,1224,0,0,1,Pedestrian
88,1058.0,428.0,1135.0,500.0,1225,0,0,1,Pedestrian
88,1058.0,425.0,1135.0,498.0,1226,0,0,1,Pedestrian
88,1058.0,425.0,1135.0,498.0,1227,0,0,1,Pedestrian
88,1058.0,425.0,1135.0,498.0,1228,0,0,1,Pedestrian
88,1058.0,425.0,1135.0,498.0,1229,0,0,1,Pedestrian
88,1058.0,425.0,1135.0,498.0,1230,0,0,1,Pedestrian
88,1058.0,423.0,1135.0,496.0,1231,0,0,1,Pedestrian
88,1058.0,423.0,1135.0,496.0,1232,0,0,1,Pedestrian
88,1058.0,423.0,1135.0,496.0,1233,0,0,1,Pedestrian
88,1058.0,423.0,1135.0,496.0,1234,0,0,1,Pedestrian
88,1058.0,423.0,1135.0,496.0,1235,0,0,1,Pedestrian
88,1058.0,421.0,1135.0,494.0,1236,0,0,1,Pedestrian
88,1058.0,421.0,1135.0,494.0,1237,0,0,1,Pedestrian
88,1058.0,421.0,1135.0,494.0,1238,0,0,1,Pedestrian
88,1058.0,421.0,1135.0,494.0,1239,0,0,1,Pedestrian
88,1061.0,421.0,1138.0,494.0,1240,0,0,0,Pedestrian
88,1058.0,418.0,1135.0,491.0,1241,0,0,1,Pedestrian
88,1058.0,418.0,1135.0,491.0,1242,0,0,1,Pedestrian
88,1058.0,418.0,1135.0,491.0,1243,0,0,1,Pedestrian
88,1058.0,418.0,1135.0,491.0,1244,0,0,1,Pedestrian
88,1058.0,418.0,1135.0,491.0,1245,0,0,1,Pedestrian
88,1058.0,416.0,1135.0,489.0,1246,0,0,1,Pedestrian
88,1058.0,416.0,1135.0,489.0,1247,0,0,1,Pedestrian
88,1058.0,416.0,1135.0,489.0,1248,0,0,1,Pedestrian
88,1058.0,416.0,1135.0,489.0,1249,0,0,1,Pedestrian
88,1058.0,416.0,1135.0,489.0,1250,0,0,1,Pedestrian
88,1056.0,414.0,1133.0,487.0,1251,0,0,1,Pedestrian
88,1056.0,414.0,1133.0,487.0,1252,0,0,1,Pedestrian
88,1056.0,414.0,1133.0,487.0,1253,0,0,1,Pedestrian
88,1056.0,414.0,1133.0,487.0,1254,0,0,1,Pedestrian
88,1056.0,414.0,1133.0,487.0,1255,0,0,1,Pedestrian
88,1056.0,412.0,1133.0,485.0,1256,0,0,1,Pedestrian
88,1056.0,412.0,1133.0,485.0,1257,0,0,1,Pedestrian
88,1056.0,412.0,1133.0,485.0,1258,0,0,1,Pedestrian
88,1056.0,412.0,1133.0,485.0,1259,0,0,1,Pedestrian
88,1056.0,412.0,1133.0,485.0,1260,0,0,0,Pedestrian
88,1056.0,409.0,1133.0,482.0,1261,0,0,1,Pedestrian
88,1056.0,409.0,1133.0,482.0,1262,0,0,1,Pedestrian
88,1056.0,409.0,1133.0,482.0,1263,0,0,1,Pedestrian
88,1056.0,409.0,1133.0,482.0,1264,0,0,1,Pedestrian
88,1056.0,409.0,1133.0,482.0,1265,0,0,1,Pedestrian
88,1056.0,409.0,1133.0,482.0,1266,0,0,1,Pedestrian
88,1056.0,409.0,1133.0,482.0,1267,0,0,1,Pedestrian
88,1056.0,409.0,1133.0,482.0,1268,0,0,1,Pedestrian
88,1056.0,407.0,1133.0,480.0,1269,0,0,1,Pedestrian
88,1056.0,407.0,1133.0,480.0,1270,0,0,1,Pedestrian
88,1056.0,407.0,1133.0,480.0,1271,0,0,1,Pedestrian
88,1056.0,407.0,1133.0,480.0,1272,0,0,1,Pedestrian
88,1056.0,407.0,1133.0,480.0,1273,0,0,1,Pedestrian
88,1056.0,407.0,1133.0,480.0,1274,0,0,1,Pedestrian
88,1056.0,407.0,1133.0,480.0,1275,0,0,1,Pedestrian
88,1056.0,407.0,1133.0,480.0,1276,0,0,1,Pedestrian
88,1056.0,405.0,1133.0,478.0,1277,0,0,1,Pedestrian
88,1056.0,405.0,1133.0,478.0,1278,0,0,1,Pedestrian
88,1056.0,405.0,1133.0,478.0,1279,0,0,1,Pedestrian
88,1056.0,405.0,1133.0,478.0,1280,0,0,1,Pedestrian
88,1056.0,405.0,1133.0,478.0,1281,0,0,1,Pedestrian
88,1056.0,405.0,1133.0,478.0,1282,0,0,1,Pedestrian
88,1056.0,405.0,1133.0,478.0,1283,0,0,1,Pedestrian
88,1056.0,405.0,1133.0,478.0,1284,0,0,1,Pedestrian
88,1056.0,403.0,1133.0,475.0,1285,0,0,1,Pedestrian
88,1056.0,403.0,1133.0,475.0,1286,0,0,1,Pedestrian
88,1056.0,403.0,1133.0,475.0,1287,0,0,1,Pedestrian
88,1056.0,403.0,1133.0,475.0,1288,0,0,1,Pedestrian
88,1056.0,403.0,1133.0,475.0,1289,0,0,1,Pedestrian
88,1056.0,403.0,1133.0,475.0,1290,0,0,1,Pedestrian
88,1056.0,403.0,1133.0,475.0,1291,0,0,1,Pedestrian
88,1056.0,403.0,1133.0,475.0,1292,0,0,1,Pedestrian
88,1056.0,400.0,1133.0,473.0,1293,0,0,1,Pedestrian
88,1056.0,400.0,1133.0,473.0,1294,0,0,1,Pedestrian
88,1056.0,400.0,1133.0,473.0,1295,0,0,1,Pedestrian
88,1056.0,400.0,1133.0,473.0,1296,0,0,1,Pedestrian
88,1056.0,400.0,1133.0,473.0,1297,0,0,1,Pedestrian
88,1056.0,400.0,1133.0,473.0,1298,0,0,1,Pedestrian
88,1056.0,400.0,1133.0,473.0,1299,0,0,1,Pedestrian
88,1056.0,400.0,1133.0,473.0,1300,0,0,0,Pedestrian
88,1056.0,398.0,1133.0,471.0,1301,0,0,1,Pedestrian
88,1056.0,398.0,1133.0,471.0,1302,0,0,1,Pedestrian
88,1056.0,398.0,1133.0,471.0,1303,0,0,1,Pedestrian
88,1056.0,398.0,1133.0,471.0,1304,0,0,1,Pedestrian
88,1056.0,398.0,1133.0,471.0,1305,0,0,1,Pedestrian
88,1056.0,398.0,1133.0,471.0,1306,0,0,1,Pedestrian
88,1056.0,398.0,1133.0,471.0,1307,0,0,1,Pedestrian
88,1056.0,398.0,1133.0,471.0,1308,0,0,1,Pedestrian
88,1056.0,398.0,1133.0,471.0,1309,0,0,1,Pedestrian
88,1056.0,398.0,1133.0,471.0,1310,0,0,1,Pedestrian
88,1056.0,398.0,1133.0,471.0,1311,0,0,1,Pedestrian
88,1056.0,398.0,1133.0,471.0,1312,0,0,1,Pedestrian
88,1056.0,398.0,1133.0,471.0,1313,0,0,1,Pedestrian
88,1056.0,398.0,1133.0,471.0,1314,0,0,1,Pedestrian
88,1056.0,398.0,1133.0,471.0,1315,0,0,1,Pedestrian
88,1056.0,398.0,1133.0,471.0,1316,0,0,1,Pedestrian
88,1056.0,398.0,1133.0,471.0,1317,0,0,1,Pedestrian
88,1056.0,398.0,1133.0,471.0,1318,0,0,1,Pedestrian
88,1056.0,398.0,1133.0,471.0,1319,0,0,1,Pedestrian
88,1056.0,398.0,1133.0,471.0,1320,0,0,1,Pedestrian
88,1056.0,398.0,1133.0,471.0,1321,0,0,1,Pedestrian
88,1056.0,398.0,1133.0,471.0,1322,0,0,1,Pedestrian
88,1056.0,398.0,1133.0,471.0,1323,0,0,1,Pedestrian
88,1056.0,398.0,1133.0,471.0,1324,0,0,1,Pedestrian
88,1056.0,398.0,1133.0,471.0,1325,0,0,1,Pedestrian
88,1056.0,398.0,1133.0,471.0,1326,0,0,1,Pedestrian
88,1056.0,398.0,1133.0,471.0,1327,0,0,1,Pedestrian
88,1056.0,398.0,1133.0,471.0,1328,0,0,1,Pedestrian
88,1056.0,398.0,1133.0,471.0,1329,0,0,1,Pedestrian
88,1056.0,398.0,1133.0,471.0,1330,0,0,1,Pedestrian
88,1056.0,398.0,1133.0,471.0,1331,0,0,1,Pedestrian
88,1056.0,398.0,1133.0,471.0,1332,0,0,1,Pedestrian
88,1058.0,398.0,1135.0,471.0,1333,0,0,1,Pedestrian
88,1058.0,398.0,1135.0,471.0,1334,0,0,1,Pedestrian
88,1058.0,398.0,1135.0,471.0,1335,0,0,1,Pedestrian
88,1058.0,398.0,1135.0,471.0,1336,0,0,1,Pedestrian
88,1058.0,398.0,1135.0,471.0,1337,0,0,1,Pedestrian
88,1058.0,398.0,1135.0,471.0,1338,0,0,1,Pedestrian
88,1058.0,398.0,1135.0,471.0,1339,0,0,1,Pedestrian
88,1058.0,398.0,1135.0,471.0,1340,0,0,1,Pedestrian
88,1058.0,398.0,1135.0,471.0,1341,0,0,1,Pedestrian
88,1058.0,398.0,1135.0,471.0,1342,0,0,1,Pedestrian
88,1058.0,398.0,1135.0,471.0,1343,0,0,1,Pedestrian
88,1058.0,398.0,1135.0,471.0,1344,0,0,1,Pedestrian
88,1058.0,398.0,1135.0,471.0,1345,0,0,1,Pedestrian
88,1058.0,398.0,1135.0,471.0,1346,0,0,1,Pedestrian
88,1058.0,398.0,1135.0,471.0,1347,0,0,1,Pedestrian
88,1058.0,398.0,1135.0,471.0,1348,0,0,1,Pedestrian
88,1058.0,398.0,1135.0,471.0,1349,0,0,1,Pedestrian
88,1058.0,398.0,1135.0,471.0,1350,0,0,1,Pedestrian
88,1058.0,398.0,1135.0,471.0,1351,0,0,1,Pedestrian
88,1058.0,398.0,1135.0,471.0,1352,0,0,1,Pedestrian
88,1058.0,398.0,1135.0,471.0,1353,0,0,1,Pedestrian
88,1058.0,398.0,1135.0,471.0,1354,0,0,1,Pedestrian
88,1058.0,398.0,1135.0,471.0,1355,0,0,1,Pedestrian
88,1058.0,398.0,1135.0,471.0,1356,0,0,1,Pedestrian
88,1058.0,398.0,1135.0,471.0,1357,0,0,1,Pedestrian
88,1058.0,398.0,1135.0,471.0,1358,0,0,1,Pedestrian
88,1058.0,398.0,1135.0,471.0,1359,0,0,1,Pedestrian
88,1058.0,398.0,1135.0,471.0,1360,0,0,1,Pedestrian
88,1058.0,398.0,1135.0,471.0,1361,0,0,1,Pedestrian
88,1058.0,398.0,1135.0,471.0,1362,0,0,1,Pedestrian
88,1058.0,398.0,1135.0,471.0,1363,0,0,1,Pedestrian
88,1058.0,398.0,1135.0,471.0,1364,0,0,1,Pedestrian
88,1061.0,398.0,1138.0,471.0,1365,0,0,1,Pedestrian
88,1061.0,396.0,1138.0,469.0,1366,0,0,1,Pedestrian
88,1061.0,396.0,1138.0,469.0,1367,0,0,1,Pedestrian
88,1061.0,396.0,1138.0,469.0,1368,0,0,1,Pedestrian
88,1061.0,396.0,1138.0,469.0,1369,0,0,1,Pedestrian
88,1061.0,396.0,1138.0,469.0,1370,0,0,1,Pedestrian
88,1061.0,396.0,1138.0,469.0,1371,0,0,1,Pedestrian
88,1061.0,396.0,1138.0,469.0,1372,0,0,1,Pedestrian
88,1061.0,396.0,1138.0,469.0,1373,0,0,1,Pedestrian
88,1061.0,396.0,1138.0,469.0,1374,0,0,1,Pedestrian
88,1061.0,396.0,1138.0,469.0,1375,0,0,1,Pedestrian
88,1061.0,396.0,1138.0,469.0,1376,0,0,1,Pedestrian
88,1061.0,396.0,1138.0,469.0,1377,0,0,1,Pedestrian
88,1061.0,396.0,1138.0,469.0,1378,0,0,1,Pedestrian
88,1061.0,396.0,1138.0,469.0,1379,0,0,1,Pedestrian
88,1061.0,396.0,1138.0,469.0,1380,0,0,1,Pedestrian
88,1061.0,396.0,1138.0,469.0,1381,0,0,1,Pedestrian
88,1061.0,396.0,1138.0,469.0,1382,0,0,1,Pedestrian
88,1061.0,396.0,1138.0,469.0,1383,0,0,1,Pedestrian
88,1061.0,396.0,1138.0,469.0,1384,0,0,1,Pedestrian
88,1061.0,396.0,1138.0,469.0,1385,0,0,1,Pedestrian
88,1061.0,396.0,1138.0,469.0,1386,0,0,1,Pedestrian
88,1061.0,396.0,1138.0,469.0,1387,0,0,1,Pedestrian
88,1061.0,396.0,1138.0,469.0,1388,0,0,1,Pedestrian
88,1061.0,396.0,1138.0,469.0,1389,0,0,1,Pedestrian
88,1061.0,396.0,1138.0,469.0,1390,0,0,1,Pedestrian
88,1061.0,396.0,1138.0,469.0,1391,0,0,1,Pedestrian
88,1061.0,396.0,1138.0,469.0,1392,0,0,1,Pedestrian
88,1061.0,396.0,1138.0,469.0,1393,0,0,1,Pedestrian
88,1061.0,396.0,1138.0,469.0,1394,0,0,1,Pedestrian
88,1061.0,396.0,1138.0,469.0,1395,0,0,1,Pedestrian
88,1061.0,396.0,1138.0,469.0,1396,0,0,1,Pedestrian
88,1061.0,396.0,1138.0,469.0,1397,0,0,1,Pedestrian
88,1064.0,396.0,1141.0,469.0,1398,0,0,1,Pedestrian
88,1064.0,396.0,1141.0,469.0,1399,0,0,1,Pedestrian
88,1064.0,396.0,1141.0,469.0,1400,0,0,1,Pedestrian
88,1064.0,396.0,1141.0,469.0,1401,0,0,1,Pedestrian
88,1064.0,396.0,1141.0,469.0,1402,0,0,1,Pedestrian
88,1064.0,396.0,1141.0,469.0,1403,0,0,1,Pedestrian
88,1064.0,396.0,1141.0,469.0,1404,0,0,1,Pedestrian
88,1064.0,396.0,1141.0,469.0,1405,0,0,1,Pedestrian
88,1064.0,396.0,1141.0,469.0,1406,0,0,1,Pedestrian
88,1064.0,396.0,1141.0,469.0,1407,0,0,1,Pedestrian
88,1064.0,396.0,1141.0,469.0,1408,0,0,1,Pedestrian
88,1064.0,396.0,1141.0,469.0,1409,0,0,1,Pedestrian
88,1064.0,396.0,1141.0,469.0,1410,0,0,1,Pedestrian
88,1064.0,396.0,1141.0,469.0,1411,0,0,1,Pedestrian
88,1064.0,396.0,1141.0,469.0,1412,0,0,1,Pedestrian
88,1064.0,396.0,1141.0,469.0,1413,0,0,1,Pedestrian
88,1064.0,396.0,1141.0,469.0,1414,0,0,1,Pedestrian
88,1064.0,396.0,1141.0,469.0,1415,0,0,1,Pedestrian
88,1064.0,396.0,1141.0,469.0,1416,0,0,1,Pedestrian
88,1064.0,396.0,1141.0,469.0,1417,0,0,1,Pedestrian
88,1064.0,396.0,1141.0,469.0,1418,0,0,1,Pedestrian
88,1064.0,396.0,1141.0,469.0,1419,0,0,1,Pedestrian
88,1064.0,396.0,1141.0,469.0,1420,0,0,1,Pedestrian
88,1064.0,396.0,1141.0,469.0,1421,0,0,1,Pedestrian
88,1064.0,396.0,1141.0,469.0,1422,0,0,1,Pedestrian
88,1064.0,396.0,1141.0,469.0,1423,0,0,1,Pedestrian
88,1064.0,396.0,1141.0,469.0,1424,0,0,1,Pedestrian
88,1064.0,396.0,1141.0,469.0,1425,0,0,1,Pedestrian
88,1064.0,396.0,1141.0,469.0,1426,0,0,1,Pedestrian
88,1064.0,396.0,1141.0,469.0,1427,0,0,1,Pedestrian
88,1064.0,396.0,1141.0,469.0,1428,0,0,1,Pedestrian
88,1064.0,396.0,1141.0,469.0,1429,0,0,1,Pedestrian
88,1067.0,396.0,1144.0,469.0,1430,0,0,0,Pedestrian
88,1064.0,396.0,1141.0,469.0,1431,0,0,1,Pedestrian
88,1064.0,396.0,1141.0,469.0,1432,0,0,1,Pedestrian
88,1064.0,396.0,1141.0,469.0,1433,0,0,1,Pedestrian
88,1064.0,396.0,1141.0,469.0,1434,0,0,1,Pedestrian
88,1064.0,396.0,1141.0,469.0,1435,0,0,1,Pedestrian
88,1064.0,396.0,1141.0,469.0,1436,0,0,1,Pedestrian
88,1064.0,396.0,1141.0,469.0,1437,0,0,1,Pedestrian
88,1064.0,396.0,1141.0,469.0,1438,0,0,1,Pedestrian
88,1064.0,396.0,1141.0,469.0,1439,0,0,1,Pedestrian
88,1064.0,396.0,1141.0,469.0,1440,0,0,1,Pedestrian
88,1064.0,396.0,1141.0,469.0,1441,0,0,1,Pedestrian
88,1064.0,396.0,1141.0,469.0,1442,0,0,1,Pedestrian
88,1064.0,396.0,1141.0,469.0,1443,0,0,1,Pedestrian
88,1064.0,396.0,1141.0,469.0,1444,0,0,1,Pedestrian
88,1064.0,396.0,1141.0,469.0,1445,0,0,1,Pedestrian
88,1064.0,396.0,1141.0,469.0,1446,0,0,1,Pedestrian
88,1064.0,396.0,1141.0,469.0,1447,0,0,1,Pedestrian
88,1064.0,396.0,1141.0,469.0,1448,0,0,1,Pedestrian
88,1064.0,396.0,1141.0,469.0,1449,0,0,1,Pedestrian
88,1064.0,396.0,1141.0,469.0,1450,0,0,1,Pedestrian
88,1061.0,396.0,1138.0,469.0,1451,0,0,1,Pedestrian
88,1061.0,396.0,1138.0,469.0,1452,0,0,1,Pedestrian
88,1061.0,396.0,1138.0,469.0,1453,0,0,1,Pedestrian
88,1061.0,396.0,1138.0,469.0,1454,0,0,1,Pedestrian
88,1061.0,396.0,1138.0,469.0,1455,0,0,1,Pedestrian
88,1061.0,396.0,1138.0,469.0,1456,0,0,1,Pedestrian
88,1061.0,396.0,1138.0,469.0,1457,0,0,1,Pedestrian
88,1061.0,396.0,1138.0,469.0,1458,0,0,1,Pedestrian
88,1061.0,396.0,1138.0,469.0,1459,0,0,1,Pedestrian
88,1061.0,396.0,1138.0,469.0,1460,0,0,1,Pedestrian
88,1061.0,396.0,1138.0,469.0,1461,0,0,1,Pedestrian
88,1061.0,396.0,1138.0,469.0,1462,0,0,1,Pedestrian
88,1061.0,396.0,1138.0,469.0,1463,0,0,1,Pedestrian
88,1061.0,396.0,1138.0,469.0,1464,0,0,1,Pedestrian
88,1061.0,396.0,1138.0,469.0,1465,0,0,1,Pedestrian
88,1061.0,396.0,1138.0,469.0,1466,0,0,1,Pedestrian
88,1061.0,396.0,1138.0,469.0,1467,0,0,1,Pedestrian
88,1061.0,396.0,1138.0,469.0,1468,0,0,1,Pedestrian
88,1061.0,396.0,1138.0,469.0,1469,0,0,1,Pedestrian
88,1061.0,398.0,1138.0,471.0,1470,0,0,0,Pedestrian
88,1061.0,396.0,1138.0,469.0,1471,0,0,1,Pedestrian
88,1061.0,396.0,1138.0,469.0,1472,0,0,1,Pedestrian
88,1061.0,396.0,1138.0,469.0,1473,0,0,1,Pedestrian
88,1061.0,396.0,1138.0,469.0,1474,0,0,1,Pedestrian
88,1061.0,396.0,1138.0,469.0,1475,0,0,1,Pedestrian
88,1061.0,396.0,1138.0,469.0,1476,0,0,1,Pedestrian
88,1061.0,396.0,1138.0,469.0,1477,0,0,1,Pedestrian
88,1061.0,396.0,1138.0,469.0,1478,0,0,1,Pedestrian
88,1061.0,396.0,1138.0,469.0,1479,0,0,1,Pedestrian
88,1061.0,396.0,1138.0,469.0,1480,0,0,1,Pedestrian
88,1061.0,396.0,1138.0,469.0,1481,0,0,1,Pedestrian
88,1061.0,396.0,1138.0,469.0,1482,0,0,1,Pedestrian
88,1061.0,396.0,1138.0,469.0,1483,0,0,1,Pedestrian
88,1061.0,396.0,1138.0,469.0,1484,0,0,1,Pedestrian
88,1061.0,396.0,1138.0,469.0,1485,0,0,1,Pedestrian
88,1061.0,396.0,1138.0,469.0,1486,0,0,1,Pedestrian
88,1061.0,396.0,1138.0,469.0,1487,0,0,1,Pedestrian
88,1061.0,396.0,1138.0,469.0,1488,0,0,1,Pedestrian
88,1061.0,396.0,1138.0,469.0,1489,0,0,1,Pedestrian
88,1061.0,396.0,1138.0,469.0,1490,0,0,1,Pedestrian
88,1061.0,396.0,1138.0,469.0,1491,0,0,1,Pedestrian
88,1061.0,396.0,1138.0,469.0,1492,0,0,1,Pedestrian
88,1061.0,396.0,1138.0,469.0,1493,0,0,1,Pedestrian
88,1061.0,396.0,1138.0,469.0,1494,0,0,1,Pedestrian
88,1061.0,396.0,1138.0,469.0,1495,0,0,1,Pedestrian
88,1061.0,396.0,1138.0,469.0,1496,0,0,1,Pedestrian
88,1061.0,396.0,1138.0,469.0,1497,0,0,1,Pedestrian
88,1061.0,396.0,1138.0,469.0,1498,0,0,1,Pedestrian
88,1061.0,396.0,1138.0,469.0,1499,0,0,1,Pedestrian
88,1061.0,396.0,1138.0,469.0,1500,0,0,0,Pedestrian
88,1058.0,393.0,1135.0,466.0,1501,0,0,1,Pedestrian
88,1058.0,393.0,1135.0,466.0,1502,0,0,1,Pedestrian
88,1058.0,393.0,1135.0,466.0,1503,0,0,1,Pedestrian
88,1058.0,393.0,1135.0,464.0,1504,0,0,1,Pedestrian
88,1058.0,391.0,1135.0,464.0,1505,0,0,1,Pedestrian
88,1058.0,391.0,1135.0,464.0,1506,0,0,1,Pedestrian
88,1058.0,391.0,1135.0,464.0,1507,0,0,1,Pedestrian
88,1058.0,391.0,1135.0,462.0,1508,0,0,1,Pedestrian
88,1058.0,389.0,1135.0,462.0,1509,0,0,1,Pedestrian
88,1058.0,389.0,1133.0,462.0,1510,0,0,1,Pedestrian
88,1058.0,389.0,1133.0,462.0,1511,0,0,1,Pedestrian
88,1058.0,389.0,1133.0,459.0,1512,0,0,1,Pedestrian
88,1058.0,387.0,1133.0,459.0,1513,0,0,1,Pedestrian
88,1058.0,387.0,1133.0,459.0,1514,0,0,1,Pedestrian
88,1058.0,387.0,1133.0,459.0,1515,0,0,1,Pedestrian
88,1056.0,387.0,1133.0,457.0,1516,0,0,1,Pedestrian
88,1056.0,384.0,1133.0,457.0,1517,0,0,1,Pedestrian
88,1056.0,384.0,1133.0,457.0,1518,0,0,1,Pedestrian
88,1056.0,384.0,1130.0,455.0,1519,0,0,1,Pedestrian
88,1056.0,384.0,1130.0,455.0,1520,0,0,1,Pedestrian
88,1056.0,384.0,1130.0,455.0,1521,0,0,1,Pedestrian
88,1056.0,382.0,1130.0,455.0,1522,0,0,1,Pedestrian
88,1056.0,382.0,1130.0,453.0,1523,0,0,1,Pedestrian
88,1056.0,382.0,1130.0,453.0,1524,0,0,1,Pedestrian
88,1056.0,382.0,1130.0,453.0,1525,0,0,1,Pedestrian
88,1056.0,380.0,1130.0,453.0,1526,0,0,1,Pedestrian
88,1056.0,380.0,1130.0,450.0,1527,0,0,1,Pedestrian
88,1056.0,380.0,1127.0,450.0,1528,0,0,1,Pedestrian
88,1056.0,380.0,1127.0,450.0,1529,0,0,1,Pedestrian
88,1056.0,377.0,1127.0,450.0,1530,0,0,1,Pedestrian
88,1056.0,377.0,1127.0,448.0,1531,0,0,1,Pedestrian
88,1053.0,377.0,1127.0,448.0,1532,0,0,1,Pedestrian
88,1053.0,377.0,1127.0,448.0,1533,0,0,1,Pedestrian
88,1053.0,375.0,1127.0,448.0,1534,0,0,1,Pedestrian
88,1053.0,375.0,1127.0,446.0,1535,0,0,1,Pedestrian
88,1053.0,375.0,1127.0,446.0,1536,0,0,1,Pedestrian
88,1053.0,375.0,1124.0,446.0,1537,0,0,1,Pedestrian
88,1053.0,375.0,1124.0,444.0,1538,0,0,1,Pedestrian
88,1053.0,373.0,1124.0,444.0,1539,0,0,1,Pedestrian
88,1053.0,373.0,1124.0,444.0,1540,0,0,1,Pedestrian
88,1053.0,373.0,1124.0,444.0,1541,0,0,1,Pedestrian
88,1053.0,373.0,1124.0,441.0,1542,0,0,1,Pedestrian
88,1053.0,371.0,1124.0,441.0,1543,0,0,1,Pedestrian
88,1053.0,371.0,1124.0,441.0,1544,0,0,1,Pedestrian
88,1053.0,371.0,1124.0,441.0,1545,0,0,1,Pedestrian
88,1053.0,371.0,1122.0,439.0,1546,0,0,1,Pedestrian
88,1053.0,368.0,1122.0,439.0,1547,0,0,1,Pedestrian
88,1050.0,368.0,1122.0,439.0,1548,0,0,1,Pedestrian
88,1050.0,368.0,1122.0,439.0,1549,0,0,1,Pedestrian
88,1050.0,368.0,1122.0,437.0,1550,0,0,1,Pedestrian
88,1050.0,366.0,1122.0,437.0,1551,0,0,1,Pedestrian
88,1050.0,366.0,1122.0,437.0,1552,0,0,1,Pedestrian
88,1050.0,366.0,1122.0,437.0,1553,0,0,1,Pedestrian
88,1050.0,366.0,1122.0,434.0,1554,0,0,1,Pedestrian
88,1050.0,366.0,1122.0,434.0,1555,0,0,1,Pedestrian
88,1050.0,364.0,1119.0,434.0,1556,0,0,1,Pedestrian
88,1050.0,364.0,1119.0,432.0,1557,0,0,1,Pedestrian
88,1050.0,364.0,1119.0,432.0,1558,0,0,1,Pedestrian
88,1050.0,364.0,1119.0,432.0,1559,0,0,1,Pedestrian
88,1050.0,362.0,1119.0,432.0,1560,0,0,1,Pedestrian
88,1050.0,362.0,1119.0,430.0,1561,0,0,1,Pedestrian
88,1050.0,362.0,1119.0,430.0,1562,0,0,1,Pedestrian
88,1047.0,362.0,1119.0,430.0,1563,0,0,1,Pedestrian
88,1047.0,359.0,1119.0,430.0,1564,0,0,1,Pedestrian
88,1047.0,359.0,1116.0,428.0,1565,0,0,1,Pedestrian
88,1047.0,359.0,1116.0,428.0,1566,0,0,1,Pedestrian
88,1047.0,359.0,1116.0,428.0,1567,0,0,1,Pedestrian
88,1047.0,357.0,1116.0,428.0,1568,0,0,1,Pedestrian
88,1047.0,357.0,1116.0,425.0,1569,0,0,1,Pedestrian
88,1047.0,357.0,1116.0,425.0,1570,0,0,1,Pedestrian
88,1047.0,357.0,1116.0,425.0,1571,0,0,1,Pedestrian
88,1047.0,355.0,1116.0,425.0,1572,0,0,1,Pedestrian
88,1047.0,355.0,1116.0,423.0,1573,0,0,1,Pedestrian
88,1047.0,355.0,1113.0,423.0,1574,0,0,1,Pedestrian
88,1047.0,355.0,1113.0,423.0,1575,0,0,1,Pedestrian
88,1047.0,355.0,1113.0,421.0,1576,0,0,1,Pedestrian
88,1047.0,352.0,1113.0,421.0,1577,0,0,1,Pedestrian
88,1047.0,352.0,1113.0,421.0,1578,0,0,1,Pedestrian
88,1045.0,352.0,1113.0,421.0,1579,0,0,1,Pedestrian
88,1045.0,352.0,1113.0,418.0,1580,0,0,1,Pedestrian
88,1045.0,350.0,1113.0,418.0,1581,0,0,1,Pedestrian
88,1045.0,350.0,1113.0,418.0,1582,0,0,1,Pedestrian
88,1045.0,350.0,1111.0,418.0,1583,0,0,1,Pedestrian
88,1045.0,350.0,1111.0,416.0,1584,0,0,1,Pedestrian
88,1045.0,348.0,1111.0,416.0,1585,0,0,1,Pedestrian
88,1045.0,348.0,1111.0,416.0,1586,0,0,1,Pedestrian
88,1045.0,348.0,1111.0,416.0,1587,0,0,1,Pedestrian
88,1045.0,348.0,1111.0,414.0,1588,0,0,1,Pedestrian
88,1045.0,346.0,1111.0,414.0,1589,0,0,1,Pedestrian
88,1045.0,346.0,1111.0,414.0,1590,0,0,1,Pedestrian
88,1045.0,346.0,1111.0,414.0,1591,0,0,1,Pedestrian
88,1045.0,346.0,1108.0,412.0,1592,0,0,1,Pedestrian
88,1045.0,346.0,1108.0,412.0,1593,0,0,1,Pedestrian
88,1045.0,343.0,1108.0,412.0,1594,0,0,1,Pedestrian
88,1042.0,343.0,1108.0,409.0,1595,0,0,1,Pedestrian
88,1042.0,343.0,1108.0,409.0,1596,0,0,1,Pedestrian
88,1042.0,343.0,1108.0,409.0,1597,0,0,1,Pedestrian
88,1042.0,341.0,1108.0,409.0,1598,0,0,1,Pedestrian
88,1042.0,341.0,1108.0,407.0,1599,0,0,1,Pedestrian
88,1042.0,341.0,1108.0,407.0,1600,0,0,1,Pedestrian
88,1042.0,341.0,1105.0,407.0,1601,0,0,1,Pedestrian
88,1042.0,339.0,1105.0,407.0,1602,0,0,1,Pedestrian
88,1042.0,339.0,1105.0,405.0,1603,0,0,1,Pedestrian
88,1042.0,339.0,1105.0,405.0,1604,0,0,1,Pedestrian
88,1042.0,339.0,1105.0,405.0,1605,0,0,1,Pedestrian
88,1042.0,337.0,1105.0,405.0,1606,0,0,1,Pedestrian
88,1042.0,337.0,1105.0,403.0,1607,0,0,1,Pedestrian
88,1042.0,337.0,1105.0,403.0,1608,0,0,1,Pedestrian
88,1042.0,337.0,1105.0,403.0,1609,0,0,1,Pedestrian
88,1042.0,337.0,1105.0,403.0,1610,0,0,0,Pedestrian
88,1039.0,334.0,1102.0,400.0,1611,0,0,1,Pedestrian
88,1039.0,332.0,1102.0,398.0,1612,0,0,1,Pedestrian
88,1039.0,332.0,1102.0,398.0,1613,0,0,1,Pedestrian
88,1039.0,330.0,1102.0,396.0,1614,0,0,1,Pedestrian
88,1039.0,330.0,1102.0,396.0,1615,0,0,1,Pedestrian
88,1039.0,327.0,1102.0,393.0,1616,0,0,1,Pedestrian
88,1039.0,327.0,1102.0,393.0,1617,0,0,1,Pedestrian
88,1039.0,325.0,1102.0,391.0,1618,0,0,1,Pedestrian
88,1039.0,323.0,1102.0,389.0,1619,0,0,1,Pedestrian
88,1039.0,323.0,1102.0,389.0,1620,0,0,1,Pedestrian
88,1039.0,321.0,1102.0,387.0,1621,0,0,1,Pedestrian
88,1039.0,321.0,1102.0,387.0,1622,0,0,1,Pedestrian
88,1039.0,318.0,1102.0,384.0,1623,0,0,1,Pedestrian
88,1039.0,318.0,1102.0,384.0,1624,0,0,1,Pedestrian
88,1039.0,316.0,1102.0,382.0,1625,0,0,1,Pedestrian
88,1039.0,314.0,1102.0,380.0,1626,0,0,1,Pedestrian
88,1039.0,314.0,1102.0,380.0,1627,0,0,1,Pedestrian
88,1039.0,311.0,1102.0,377.0,1628,0,0,1,Pedestrian
88,1039.0,311.0,1102.0,377.0,1629,0,0,1,Pedestrian
88,1039.0,309.0,1102.0,375.0,1630,0,0,1,Pedestrian
88,1039.0,309.0,1102.0,375.0,1631,0,0,1,Pedestrian
88,1039.0,307.0,1102.0,373.0,1632,0,0,1,Pedestrian
88,1039.0,305.0,1102.0,371.0,1633,0,0,1,Pedestrian
88,1036.0,305.0,1100.0,371.0,1634,0,0,1,Pedestrian
88,1036.0,302.0,1100.0,368.0,1635,0,0,1,Pedestrian
88,1036.0,302.0,1100.0,368.0,1636,0,0,1,Pedestrian
88,1036.0,300.0,1100.0,366.0,1637,0,0,1,Pedestrian
88,1036.0,300.0,1100.0,366.0,1638,0,0,1,Pedestrian
88,1036.0,298.0,1100.0,364.0,1639,0,0,1,Pedestrian
88,1036.0,296.0,1100.0,362.0,1640,0,0,1,Pedestrian
88,1036.0,296.0,1100.0,362.0,1641,0,0,1,Pedestrian
88,1036.0,293.0,1100.0,359.0,1642,0,0,1,Pedestrian
88,1036.0,293.0,1100.0,359.0,1643,0,0,1,Pedestrian
88,1036.0,291.0,1100.0,357.0,1644,0,0,1,Pedestrian
88,1036.0,291.0,1100.0,357.0,1645,0,0,1,Pedestrian
88,1036.0,289.0,1100.0,355.0,1646,0,0,1,Pedestrian
88,1036.0,286.0,1100.0,352.0,1647,0,0,1,Pedestrian
88,1036.0,286.0,1100.0,352.0,1648,0,0,1,Pedestrian
88,1036.0,284.0,1100.0,350.0,1649,0,0,1,Pedestrian
88,1036.0,284.0,1100.0,350.0,1650,0,0,1,Pedestrian
88,1036.0,282.0,1100.0,348.0,1651,0,0,1,Pedestrian
88,1036.0,282.0,1100.0,348.0,1652,0,0,1,Pedestrian
88,1036.0,280.0,1100.0,346.0,1653,0,0,1,Pedestrian
88,1036.0,277.0,1100.0,343.0,1654,0,0,1,Pedestrian
88,1036.0,277.0,1100.0,343.0,1655,0,0,1,Pedestrian
88,1036.0,275.0,1100.0,341.0,1656,0,0,1,Pedestrian
88,1034.0,275.0,1097.0,341.0,1657,0,0,1,Pedestrian
88,1034.0,273.0,1097.0,339.0,1658,0,0,1,Pedestrian
88,1034.0,273.0,1097.0,339.0,1659,0,0,1,Pedestrian
88,1034.0,270.0,1097.0,337.0,1660,0,0,1,Pedestrian
88,1034.0,268.0,1097.0,334.0,1661,0,0,1,Pedestrian
88,1034.0,268.0,1097.0,334.0,1662,0,0,1,Pedestrian
88,1034.0,266.0,1097.0,332.0,1663,0,0,1,Pedestrian
88,1034.0,266.0,1097.0,332.0,1664,0,0,1,Pedestrian
88,1034.0,264.0,1097.0,330.0,1665,0,0,1,Pedestrian
88,1034.0,264.0,1097.0,330.0,1666,0,0,1,Pedestrian
88,1034.0,261.0,1097.0,327.0,1667,0,0,1,Pedestrian
88,1034.0,259.0,1097.0,325.0,1668,0,0,1,Pedestrian
88,1034.0,259.0,1097.0,325.0,1669,0,0,1,Pedestrian
88,1034.0,257.0,1097.0,323.0,1670,0,0,1,Pedestrian
88,1034.0,257.0,1097.0,323.0,1671,0,0,1,Pedestrian
88,1034.0,255.0,1097.0,321.0,1672,0,0,1,Pedestrian
88,1034.0,255.0,1097.0,321.0,1673,0,0,1,Pedestrian
88,1034.0,252.0,1097.0,318.0,1674,0,0,1,Pedestrian
88,1034.0,250.0,1097.0,316.0,1675,0,0,1,Pedestrian
88,1034.0,250.0,1097.0,316.0,1676,0,0,1,Pedestrian
88,1034.0,248.0,1097.0,314.0,1677,0,0,1,Pedestrian
88,1034.0,248.0,1097.0,314.0,1678,0,0,1,Pedestrian
88,1034.0,245.0,1097.0,311.0,1679,0,0,1,Pedestrian
88,1034.0,245.0,1097.0,311.0,1680,0,0,0,Pedestrian
88,1031.0,243.0,1094.0,309.0,1681,0,0,1,Pedestrian
88,1031.0,241.0,1094.0,307.0,1682,0,0,1,Pedestrian
88,1031.0,241.0,1094.0,307.0,1683,0,0,1,Pedestrian
88,1031.0,239.0,1094.0,305.0,1684,0,0,1,Pedestrian
88,1031.0,239.0,1094.0,305.0,1685,0,0,1,Pedestrian
88,1028.0,236.0,1091.0,302.0,1686,0,0,1,Pedestrian
88,1028.0,236.0,1091.0,302.0,1687,0,0,1,Pedestrian
88,1028.0,234.0,1091.0,300.0,1688,0,0,1,Pedestrian
88,1028.0,234.0,1091.0,300.0,1689,0,0,1,Pedestrian
88,1028.0,232.0,1091.0,298.0,1690,0,0,1,Pedestrian
88,1028.0,232.0,1091.0,298.0,1691,0,0,1,Pedestrian
88,1025.0,229.0,1089.0,296.0,1692,0,0,1,Pedestrian
88,1025.0,229.0,1089.0,296.0,1693,0,0,1,Pedestrian
88,1025.0,227.0,1089.0,293.0,1694,0,0,1,Pedestrian
88,1025.0,227.0,1089.0,293.0,1695,0,0,1,Pedestrian
88,1025.0,225.0,1089.0,291.0,1696,0,0,1,Pedestrian
88,1025.0,225.0,1089.0,291.0,1697,0,0,1,Pedestrian
88,1023.0,223.0,1086.0,289.0,1698,0,0,1,Pedestrian
88,1023.0,223.0,1086.0,289.0,1699,0,0,1,Pedestrian
88,1023.0,220.0,1086.0,286.0,1700,0,0,1,Pedestrian
88,1023.0,218.0,1086.0,284.0,1701,0,0,1,Pedestrian
88,1023.0,218.0,1086.0,284.0,1702,0,0,1,Pedestrian
88,1020.0,216.0,1083.0,282.0,1703,0,0,1,Pedestrian
88,1020.0,216.0,1083.0,282.0,1704,0,0,1,Pedestrian
88,1020.0,214.0,1083.0,280.0,1705,0,0,1,Pedestrian
88,1020.0,214.0,1083.0,280.0,1706,0,0,1,Pedestrian
88,1020.0,211.0,1083.0,277.0,1707,0,0,1,Pedestrian
88,1020.0,211.0,1083.0,277.0,1708,0,0,1,Pedestrian
88,1017.0,209.0,1080.0,275.0,1709,0,0,1,Pedestrian
88,1017.0,209.0,1080.0,275.0,1710,0,0,1,Pedestrian
88,1017.0,207.0,1080.0,273.0,1711,0,0,1,Pedestrian
88,1017.0,207.0,1080.0,273.0,1712,0,0,1,Pedestrian
88,1017.0,204.0,1080.0,270.0,1713,0,0,1,Pedestrian
88,1017.0,204.0,1080.0,270.0,1714,0,0,1,Pedestrian
88,1014.0,202.0,1078.0,268.0,1715,0,0,1,Pedestrian
88,1014.0,202.0,1078.0,268.0,1716,0,0,1,Pedestrian
88,1014.0,200.0,1078.0,266.0,1717,0,0,1,Pedestrian
88,1014.0,200.0,1078.0,266.0,1718,0,0,1,Pedestrian
88,1014.0,198.0,1078.0,264.0,1719,0,0,1,Pedestrian
88,1014.0,198.0,1078.0,264.0,1720,0,0,0,Pedestrian
88,1012.0,195.0,1075.0,261.0,1721,0,0,1,Pedestrian
88,1012.0,195.0,1075.0,261.0,1722,0,0,1,Pedestrian
88,1012.0,195.0,1075.0,261.0,1723,0,0,1,Pedestrian
88,1012.0,193.0,1075.0,259.0,1724,0,0,1,Pedestrian
88,1009.0,193.0,1072.0,259.0,1725,0,0,1,Pedestrian
88,1009.0,193.0,1072.0,259.0,1726,0,0,1,Pedestrian
88,1009.0,193.0,1072.0,259.0,1727,0,0,1,Pedestrian
88,1009.0,191.0,1072.0,257.0,1728,0,0,1,Pedestrian
88,1006.0,191.0,1069.0,257.0,1729,0,0,1,Pedestrian
88,1006.0,191.0,1069.0,257.0,1730,0,0,1,Pedestrian
88,1006.0,191.0,1069.0,257.0,1731,0,0,1,Pedestrian
88,1006.0,188.0,1069.0,255.0,1732,0,0,1,Pedestrian
88,1006.0,188.0,1069.0,255.0,1733,0,0,1,Pedestrian
88,1003.0,188.0,1067.0,255.0,1734,0,0,1,Pedestrian
88,1003.0,188.0,1067.0,255.0,1735,0,0,1,Pedestrian
88,1003.0,186.0,1067.0,252.0,1736,0,0,1,Pedestrian
88,1003.0,186.0,1067.0,252.0,1737,0,0,1,Pedestrian
88,1001.0,186.0,1064.0,252.0,1738,0,0,1,Pedestrian
88,1001.0,186.0,1064.0,252.0,1739,0,0,1,Pedestrian
88,1001.0,184.0,1064.0,250.0,1740,0,0,1,Pedestrian
88,1001.0,184.0,1064.0,250.0,1741,0,0,1,Pedestrian
88,998.0,184.0,1061.0,250.0,1742,0,0,1,Pedestrian
88,998.0,184.0,1061.0,250.0,1743,0,0,1,Pedestrian
88,998.0,182.0,1061.0,248.0,1744,0,0,1,Pedestrian
88,998.0,182.0,1061.0,248.0,1745,0,0,1,Pedestrian
88,998.0,182.0,1061.0,248.0,1746,0,0,1,Pedestrian
88,995.0,182.0,1058.0,248.0,1747,0,0,1,Pedestrian
88,995.0,179.0,1058.0,245.0,1748,0,0,1,Pedestrian
88,995.0,179.0,1058.0,245.0,1749,0,0,1,Pedestrian
88,995.0,179.0,1058.0,245.0,1750,0,0,1,Pedestrian
88,992.0,179.0,1056.0,245.0,1751,0,0,1,Pedestrian
88,992.0,177.0,1056.0,243.0,1752,0,0,1,Pedestrian
88,992.0,177.0,1056.0,243.0,1753,0,0,1,Pedestrian
88,992.0,177.0,1056.0,243.0,1754,0,0,1,Pedestrian
88,992.0,177.0,1056.0,243.0,1755,0,0,1,Pedestrian
88,990.0,175.0,1053.0,241.0,1756,0,0,1,Pedestrian
88,990.0,175.0,1053.0,241.0,1757,0,0,1,Pedestrian
88,990.0,175.0,1053.0,241.0,1758,0,0,1,Pedestrian
88,990.0,173.0,1053.0,239.0,1759,0,0,1,Pedestrian
88,987.0,173.0,1050.0,239.0,1760,0,0,1,Pedestrian
88,987.0,173.0,1050.0,239.0,1761,0,0,1,Pedestrian
88,987.0,173.0,1050.0,239.0,1762,0,0,1,Pedestrian
88,987.0,170.0,1050.0,236.0,1763,0,0,1,Pedestrian
88,984.0,170.0,1047.0,236.0,1764,0,0,1,Pedestrian
88,984.0,170.0,1047.0,236.0,1765,0,0,1,Pedestrian
88,984.0,170.0,1047.0,236.0,1766,0,0,1,Pedestrian
88,984.0,168.0,1047.0,234.0,1767,0,0,1,Pedestrian
88,984.0,168.0,1047.0,234.0,1768,0,0,1,Pedestrian
88,981.0,168.0,1045.0,234.0,1769,0,0,1,Pedestrian
88,981.0,168.0,1045.0,234.0,1770,0,0,1,Pedestrian
88,981.0,166.0,1045.0,232.0,1771,0,0,1,Pedestrian
88,981.0,166.0,1045.0,232.0,1772,0,0,1,Pedestrian
88,979.0,166.0,1042.0,232.0,1773,0,0,1,Pedestrian
88,979.0,166.0,1042.0,232.0,1774,0,0,1,Pedestrian
88,979.0,163.0,1042.0,229.0,1775,0,0,1,Pedestrian
88,979.0,163.0,1042.0,229.0,1776,0,0,1,Pedestrian
88,976.0,163.0,1039.0,229.0,1777,0,0,1,Pedestrian
88,976.0,163.0,1039.0,229.0,1778,0,0,1,Pedestrian
88,976.0,161.0,1039.0,227.0,1779,0,0,1,Pedestrian
88,976.0,161.0,1039.0,227.0,1780,0,0,1,Pedestrian
88,976.0,161.0,1039.0,227.0,1781,0,0,1,Pedestrian
88,973.0,161.0,1036.0,227.0,1782,0,0,1,Pedestrian
88,973.0,159.0,1036.0,225.0,1783,0,0,1,Pedestrian
88,973.0,159.0,1036.0,225.0,1784,0,0,1,Pedestrian
88,973.0,159.0,1036.0,225.0,1785,0,0,1,Pedestrian
88,970.0,159.0,1034.0,225.0,1786,0,0,1,Pedestrian
88,970.0,157.0,1034.0,223.0,1787,0,0,1,Pedestrian
88,970.0,157.0,1034.0,223.0,1788,0,0,1,Pedestrian
88,970.0,157.0,1034.0,223.0,1789,0,0,1,Pedestrian
88,970.0,157.0,1034.0,223.0,1790,0,0,0,Pedestrian
88,968.0,157.0,1031.0,223.0,1791,0,0,1,Pedestrian
88,968.0,157.0,1031.0,223.0,1792,0,0,1,Pedestrian
88,965.0,157.0,1028.0,223.0,1793,0,0,1,Pedestrian
88,965.0,157.0,1028.0,223.0,1794,0,0,1,Pedestrian
88,962.0,159.0,1025.0,225.0,1795,0,0,1,Pedestrian
88,962.0,159.0,1025.0,225.0,1796,0,0,1,Pedestrian
88,959.0,159.0,1023.0,225.0,1797,0,0,1,Pedestrian
88,959.0,159.0,1023.0,225.0,1798,0,0,1,Pedestrian
88,959.0,159.0,1023.0,225.0,1799,0,0,1,Pedestrian
88,957.0,161.0,1020.0,227.0,1800,0,0,1,Pedestrian
88,957.0,161.0,1020.0,227.0,1801,0,0,1,Pedestrian
88,954.0,161.0,1017.0,227.0,1802,0,0,1,Pedestrian
88,954.0,161.0,1017.0,227.0,1803,0,0,1,Pedestrian
88,951.0,161.0,1014.0,227.0,1804,0,0,1,Pedestrian
88,951.0,163.0,1014.0,229.0,1805,0,0,1,Pedestrian
88,948.0,163.0,1012.0,229.0,1806,0,0,1,Pedestrian
88,948.0,163.0,1012.0,229.0,1807,0,0,1,Pedestrian
88,948.0,163.0,1012.0,229.0,1808,0,0,1,Pedestrian
88,946.0,163.0,1009.0,229.0,1809,0,0,1,Pedestrian
88,946.0,166.0,1009.0,232.0,1810,0,0,1,Pedestrian
88,943.0,166.0,1006.0,232.0,1811,0,0,1,Pedestrian
88,943.0,166.0,1006.0,232.0,1812,0,0,1,Pedestrian
88,940.0,166.0,1003.0,232.0,1813,0,0,1,Pedestrian
88,940.0,166.0,1003.0,232.0,1814,0,0,1,Pedestrian
88,940.0,168.0,1003.0,234.0,1815,0,0,1,Pedestrian
88,937.0,168.0,1001.0,234.0,1816,0,0,1,Pedestrian
88,937.0,168.0,1001.0,234.0,1817,0,0,1,Pedestrian
88,935.0,168.0,998.0,234.0,1818,0,0,1,Pedestrian
88,935.0,168.0,998.0,234.0,1819,0,0,1,Pedestrian
88,932.0,170.0,995.0,236.0,1820,0,0,1,Pedestrian
88,932.0,170.0,995.0,236.0,1821,0,0,1,Pedestrian
88,929.0,170.0,992.0,236.0,1822,0,0,1,Pedestrian
88,929.0,170.0,992.0,236.0,1823,0,0,1,Pedestrian
88,929.0,170.0,992.0,236.0,1824,0,0,1,Pedestrian
88,926.0,173.0,990.0,239.0,1825,0,0,1,Pedestrian
88,926.0,173.0,990.0,239.0,1826,0,0,1,Pedestrian
88,924.0,173.0,987.0,239.0,1827,0,0,1,Pedestrian
88,924.0,173.0,987.0,239.0,1828,0,0,1,Pedestrian
88,921.0,173.0,984.0,239.0,1829,0,0,1,Pedestrian
88,921.0,175.0,984.0,241.0,1830,0,0,1,Pedestrian
88,918.0,175.0,981.0,241.0,1831,0,0,1,Pedestrian
88,918.0,175.0,981.0,241.0,1832,0,0,1,Pedestrian
88,918.0,175.0,981.0,241.0,1833,0,0,1,Pedestrian
88,915.0,175.0,979.0,241.0,1834,0,0,1,Pedestrian
88,915.0,177.0,979.0,243.0,1835,0,0,1,Pedestrian
88,913.0,177.0,976.0,243.0,1836,0,0,1,Pedestrian
88,913.0,177.0,976.0,243.0,1837,0,0,1,Pedestrian
88,910.0,177.0,973.0,243.0,1838,0,0,1,Pedestrian
88,910.0,177.0,973.0,243.0,1839,0,0,1,Pedestrian
88,910.0,179.0,973.0,245.0,1840,0,0,0,Pedestrian
88,907.0,179.0,970.0,245.0,1841,0,0,1,Pedestrian
88,907.0,179.0,970.0,245.0,1842,0,0,1,Pedestrian
88,904.0,182.0,968.0,248.0,1843,0,0,1,Pedestrian
88,904.0,182.0,968.0,248.0,1844,0,0,1,Pedestrian
88,902.0,184.0,965.0,250.0,1845,0,0,1,Pedestrian
88,902.0,184.0,965.0,250.0,1846,0,0,1,Pedestrian
88,899.0,186.0,962.0,252.0,1847,0,0,1,Pedestrian
88,899.0,186.0,962.0,252.0,1848,0,0,1,Pedestrian
88,896.0,188.0,959.0,255.0,1849,0,0,1,Pedestrian
88,896.0,188.0,959.0,255.0,1850,0,0,1,Pedestrian
88,893.0,188.0,957.0,255.0,1851,0,0,1,Pedestrian
88,893.0,191.0,957.0,257.0,1852,0,0,1,Pedestrian
88,891.0,191.0,954.0,257.0,1853,0,0,1,Pedestrian
88,891.0,193.0,954.0,259.0,1854,0,0,1,Pedestrian
88,888.0,193.0,951.0,259.0,1855,0,0,1,Pedestrian
88,888.0,195.0,951.0,261.0,1856,0,0,1,Pedestrian
88,885.0,195.0,948.0,261.0,1857,0,0,1,Pedestrian
88,885.0,198.0,948.0,264.0,1858,0,0,1,Pedestrian
88,882.0,198.0,946.0,264.0,1859,0,0,1,Pedestrian
88,882.0,200.0,946.0,266.0,1860,0,0,1,Pedestrian
88,882.0,200.0,946.0,266.0,1861,0,0,1,Pedestrian
88,880.0,200.0,943.0,266.0,1862,0,0,1,Pedestrian
88,880.0,202.0,943.0,268.0,1863,0,0,1,Pedestrian
88,877.0,202.0,940.0,268.0,1864,0,0,1,Pedestrian
88,877.0,204.0,940.0,270.0,1865,0,0,1,Pedestrian
88,874.0,204.0,937.0,270.0,1866,0,0,1,Pedestrian
88,874.0,207.0,937.0,273.0,1867,0,0,1,Pedestrian
88,871.0,207.0,935.0,273.0,1868,0,0,1,Pedestrian
88,871.0,209.0,935.0,275.0,1869,0,0,1,Pedestrian
88,869.0,209.0,932.0,275.0,1870,0,0,1,Pedestrian
88,869.0,209.0,932.0,275.0,1871,0,0,1,Pedestrian
88,866.0,211.0,929.0,277.0,1872,0,0,1,Pedestrian
88,866.0,211.0,929.0,277.0,1873,0,0,1,Pedestrian
88,863.0,214.0,926.0,280.0,1874,0,0,1,Pedestrian
88,863.0,214.0,926.0,280.0,1875,0,0,1,Pedestrian
88,860.0,216.0,924.0,282.0,1876,0,0,1,Pedestrian
88,860.0,216.0,924.0,282.0,1877,0,0,1,Pedestrian
88,858.0,218.0,921.0,284.0,1878,0,0,1,Pedestrian
88,858.0,218.0,921.0,284.0,1879,0,0,1,Pedestrian
88,858.0,220.0,921.0,286.0,1880,0,0,1,Pedestrian
88,855.0,220.0,918.0,286.0,1881,0,0,1,Pedestrian
88,855.0,220.0,918.0,286.0,1882,0,0,1,Pedestrian
88,852.0,223.0,915.0,289.0,1883,0,0,1,Pedestrian
88,852.0,223.0,915.0,289.0,1884,0,0,1,Pedestrian
88,849.0,225.0,913.0,291.0,1885,0,0,1,Pedestrian
88,849.0,225.0,913.0,291.0,1886,0,0,1,Pedestrian
88,847.0,227.0,910.0,293.0,1887,0,0,1,Pedestrian
88,847.0,227.0,910.0,293.0,1888,0,0,1,Pedestrian
88,844.0,229.0,907.0,296.0,1889,0,0,1,Pedestrian
88,844.0,229.0,907.0,296.0,1890,0,0,1,Pedestrian
88,841.0,229.0,904.0,296.0,1891,0,0,1,Pedestrian
88,841.0,232.0,904.0,298.0,1892,0,0,1,Pedestrian
88,838.0,232.0,902.0,298.0,1893,0,0,1,Pedestrian
88,838.0,234.0,902.0,300.0,1894,0,0,1,Pedestrian
88,836.0,234.0,899.0,300.0,1895,0,0,1,Pedestrian
88,836.0,236.0,899.0,302.0,1896,0,0,1,Pedestrian
88,833.0,236.0,896.0,302.0,1897,0,0,1,Pedestrian
88,833.0,239.0,896.0,305.0,1898,0,0,1,Pedestrian
88,830.0,239.0,893.0,305.0,1899,0,0,1,Pedestrian
88,830.0,241.0,893.0,307.0,1900,0,0,1,Pedestrian
88,830.0,241.0,893.0,307.0,1901,0,0,1,Pedestrian
88,827.0,241.0,891.0,307.0,1902,0,0,1,Pedestrian
88,827.0,243.0,891.0,309.0,1903,0,0,1,Pedestrian
88,825.0,243.0,888.0,309.0,1904,0,0,1,Pedestrian
88,825.0,245.0,888.0,311.0,1905,0,0,1,Pedestrian
88,822.0,245.0,885.0,311.0,1906,0,0,1,Pedestrian
88,822.0,248.0,885.0,314.0,1907,0,0,1,Pedestrian
88,819.0,248.0,882.0,314.0,1908,0,0,1,Pedestrian
88,819.0,250.0,882.0,316.0,1909,0,0,1,Pedestrian
88,816.0,250.0,880.0,316.0,1910,0,0,1,Pedestrian
88,816.0,250.0,880.0,316.0,1911,0,0,1,Pedestrian
88,814.0,252.0,877.0,318.0,1912,0,0,1,Pedestrian
88,814.0,252.0,877.0,318.0,1913,0,0,1,Pedestrian
88,811.0,255.0,874.0,321.0,1914,0,0,1,Pedestrian
88,811.0,255.0,874.0,321.0,1915,0,0,1,Pedestrian
88,808.0,257.0,871.0,323.0,1916,0,0,1,Pedestrian
88,808.0,257.0,871.0,323.0,1917,0,0,1,Pedestrian
88,805.0,259.0,869.0,325.0,1918,0,0,1,Pedestrian
88,805.0,259.0,869.0,325.0,1919,0,0,1,Pedestrian
88,805.0,261.0,869.0,327.0,1920,0,0,0,Pedestrian
88,803.0,261.0,866.0,327.0,1921,0,0,1,Pedestrian
88,803.0,261.0,866.0,327.0,1922,0,0,1,Pedestrian
88,800.0,264.0,863.0,330.0,1923,0,0,1,Pedestrian
88,800.0,264.0,863.0,330.0,1924,0,0,1,Pedestrian
88,800.0,266.0,863.0,332.0,1925,0,0,1,Pedestrian
88,797.0,266.0,860.0,332.0,1926,0,0,1,Pedestrian
88,797.0,268.0,860.0,334.0,1927,0,0,1,Pedestrian
88,794.0,268.0,858.0,334.0,1928,0,0,1,Pedestrian
88,794.0,270.0,858.0,337.0,1929,0,0,1,Pedestrian
88,794.0,270.0,858.0,337.0,1930,0,0,1,Pedestrian
88,792.0,270.0,855.0,337.0,1931,0,0,1,Pedestrian
88,792.0,273.0,855.0,339.0,1932,0,0,1,Pedestrian
88,789.0,273.0,852.0,339.0,1933,0,0,1,Pedestrian
88,789.0,275.0,852.0,341.0,1934,0,0,1,Pedestrian
88,789.0,275.0,852.0,341.0,1935,0,0,1,Pedestrian
88,786.0,277.0,849.0,343.0,1936,0,0,1,Pedestrian
88,786.0,277.0,849.0,343.0,1937,0,0,1,Pedestrian
88,783.0,280.0,847.0,346.0,1938,0,0,1,Pedestrian
88,783.0,280.0,847.0,346.0,1939,0,0,1,Pedestrian
88,783.0,282.0,847.0,348.0,1940,0,0,0,Pedestrian
88,781.0,282.0,844.0,348.0,1941,0,0,1,Pedestrian
88,778.0,284.0,841.0,350.0,1942,0,0,1,Pedestrian
88,775.0,284.0,838.0,350.0,1943,0,0,1,Pedestrian
88,775.0,286.0,838.0,352.0,1944,0,0,1,Pedestrian
88,772.0,289.0,836.0,355.0,1945,0,0,1,Pedestrian
88,770.0,289.0,833.0,355.0,1946,0,0,1,Pedestrian
88,767.0,291.0,830.0,357.0,1947,0,0,1,Pedestrian
88,767.0,291.0,830.0,357.0,1948,0,0,1,Pedestrian
88,764.0,293.0,827.0,359.0,1949,0,0,1,Pedestrian
88,761.0,296.0,825.0,362.0,1950,0,0,1,Pedestrian
88,759.0,296.0,822.0,362.0,1951,0,0,1,Pedestrian
88,759.0,298.0,822.0,364.0,1952,0,0,1,Pedestrian
88,756.0,298.0,819.0,364.0,1953,0,0,1,Pedestrian
88,753.0,300.0,816.0,366.0,1954,0,0,1,Pedestrian
88,750.0,302.0,814.0,368.0,1955,0,0,1,Pedestrian
88,750.0,302.0,814.0,368.0,1956,0,0,1,Pedestrian
88,748.0,305.0,811.0,371.0,1957,0,0,1,Pedestrian
88,745.0,305.0,808.0,371.0,1958,0,0,1,Pedestrian
88,742.0,307.0,805.0,373.0,1959,0,0,1,Pedestrian
88,742.0,309.0,805.0,375.0,1960,0,0,0,Pedestrian
88,739.0,309.0,803.0,375.0,1961,0,0,1,Pedestrian
88,739.0,309.0,803.0,375.0,1962,0,0,1,Pedestrian
88,737.0,311.0,800.0,377.0,1963,0,0,1,Pedestrian
88,737.0,311.0,800.0,377.0,1964,0,0,1,Pedestrian
88,734.0,311.0,797.0,377.0,1965,0,0,1,Pedestrian
88,734.0,314.0,797.0,380.0,1966,0,0,1,Pedestrian
88,731.0,314.0,794.0,380.0,1967,0,0,1,Pedestrian
88,731.0,314.0,794.0,380.0,1968,0,0,1,Pedestrian
88,728.0,316.0,792.0,382.0,1969,0,0,1,Pedestrian
88,728.0,316.0,792.0,382.0,1970,0,0,1,Pedestrian
88,726.0,316.0,789.0,382.0,1971,0,0,1,Pedestrian
88,726.0,318.0,789.0,384.0,1972,0,0,1,Pedestrian
88,723.0,318.0,786.0,384.0,1973,0,0,1,Pedestrian
88,723.0,318.0,786.0,384.0,1974,0,0,1,Pedestrian
88,720.0,321.0,783.0,387.0,1975,0,0,1,Pedestrian
88,720.0,321.0,783.0,387.0,1976,0,0,1,Pedestrian
88,717.0,321.0,781.0,387.0,1977,0,0,1,Pedestrian
88,717.0,323.0,781.0,389.0,1978,0,0,1,Pedestrian
88,715.0,323.0,778.0,389.0,1979,0,0,1,Pedestrian
88,715.0,325.0,778.0,391.0,1980,0,0,1,Pedestrian
88,715.0,325.0,778.0,391.0,1981,0,0,1,Pedestrian
88,712.0,325.0,775.0,391.0,1982,0,0,1,Pedestrian
88,712.0,327.0,775.0,393.0,1983,0,0,1,Pedestrian
88,709.0,327.0,772.0,393.0,1984,0,0,1,Pedestrian
88,709.0,327.0,772.0,393.0,1985,0,0,1,Pedestrian
88,706.0,330.0,770.0,396.0,1986,0,0,1,Pedestrian
88,706.0,330.0,770.0,396.0,1987,0,0,1,Pedestrian
88,704.0,330.0,767.0,396.0,1988,0,0,1,Pedestrian
88,704.0,332.0,767.0,398.0,1989,0,0,1,Pedestrian
88,701.0,332.0,764.0,398.0,1990,0,0,1,Pedestrian
88,701.0,332.0,764.0,398.0,1991,0,0,1,Pedestrian
88,698.0,334.0,761.0,400.0,1992,0,0,1,Pedestrian
88,698.0,334.0,761.0,400.0,1993,0,0,1,Pedestrian
88,695.0,334.0,759.0,400.0,1994,0,0,1,Pedestrian
88,695.0,337.0,759.0,403.0,1995,0,0,1,Pedestrian
88,693.0,337.0,756.0,403.0,1996,0,0,1,Pedestrian
88,693.0,337.0,756.0,403.0,1997,0,0,1,Pedestrian
88,690.0,339.0,753.0,405.0,1998,0,0,1,Pedestrian
88,690.0,339.0,753.0,405.0,1999,0,0,1,Pedestrian
88,690.0,341.0,753.0,407.0,2000,0,0,0,Pedestrian
88,687.0,341.0,750.0,407.0,2001,0,0,1,Pedestrian
88,684.0,341.0,750.0,409.0,2002,0,0,1,Pedestrian
88,684.0,343.0,748.0,409.0,2003,0,0,1,Pedestrian
88,682.0,343.0,748.0,412.0,2004,0,0,1,Pedestrian
88,679.0,343.0,745.0,412.0,2005,0,0,1,Pedestrian
88,679.0,346.0,745.0,414.0,2006,0,0,1,Pedestrian
88,676.0,346.0,745.0,414.0,2007,0,0,1,Pedestrian
88,673.0,348.0,742.0,416.0,2008,0,0,1,Pedestrian
88,673.0,348.0,742.0,416.0,2009,0,0,1,Pedestrian
88,671.0,348.0,739.0,418.0,2010,0,0,1,Pedestrian
88,668.0,350.0,739.0,418.0,2011,0,0,1,Pedestrian
88,668.0,350.0,737.0,421.0,2012,0,0,1,Pedestrian
88,665.0,350.0,737.0,421.0,2013,0,0,1,Pedestrian
88,662.0,352.0,737.0,423.0,2014,0,0,1,Pedestrian
88,662.0,352.0,734.0,423.0,2015,0,0,1,Pedestrian
88,660.0,355.0,734.0,425.0,2016,0,0,1,Pedestrian
88,657.0,355.0,731.0,425.0,2017,0,0,1,Pedestrian
88,657.0,355.0,731.0,428.0,2018,0,0,1,Pedestrian
88,654.0,357.0,728.0,428.0,2019,0,0,1,Pedestrian
88,654.0,357.0,728.0,430.0,2020,0,0,1,Pedestrian
88,651.0,357.0,728.0,430.0,2021,0,0,1,Pedestrian
88,649.0,359.0,726.0,432.0,2022,0,0,1,Pedestrian
88,649.0,359.0,726.0,432.0,2023,0,0,1,Pedestrian
88,646.0,362.0,723.0,434.0,2024,0,0,1,Pedestrian
88,643.0,362.0,723.0,434.0,2025,0,0,1,Pedestrian
88,643.0,362.0,720.0,437.0,2026,0,0,1,Pedestrian
88,640.0,364.0,720.0,437.0,2027,0,0,1,Pedestrian
88,638.0,364.0,720.0,439.0,2028,0,0,1,Pedestrian
88,638.0,364.0,717.0,439.0,2029,0,0,1,Pedestrian
88,635.0,366.0,717.0,441.0,2030,0,0,1,Pedestrian
88,632.0,366.0,715.0,441.0,2031,0,0,1,Pedestrian
88,632.0,368.0,715.0,444.0,2032,0,0,1,Pedestrian
88,629.0,368.0,712.0,444.0,2033,0,0,1,Pedestrian
88,627.0,368.0,712.0,446.0,2034,0,0,1,Pedestrian
88,627.0,371.0,712.0,446.0,2035,0,0,1,Pedestrian
88,624.0,371.0,709.0,448.0,2036,0,0,1,Pedestrian
88,621.0,371.0,709.0,448.0,2037,0,0,1,Pedestrian
88,621.0,373.0,706.0,450.0,2038,0,0,1,Pedestrian
88,618.0,373.0,706.0,450.0,2039,0,0,1,Pedestrian
88,618.0,375.0,706.0,453.0,2040,0,0,0,Pedestrian
88,616.0,375.0,704.0,453.0,2041,0,0,1,Pedestrian
88,613.0,375.0,701.0,453.0,2042,0,0,1,Pedestrian
88,613.0,375.0,701.0,453.0,2043,0,0,1,Pedestrian
88,610.0,377.0,698.0,455.0,2044,0,0,1,Pedestrian
88,607.0,377.0,695.0,455.0,2045,0,0,1,Pedestrian
88,607.0,377.0,695.0,455.0,2046,0,0,1,Pedestrian
88,605.0,377.0,693.0,455.0,2047,0,0,1,Pedestrian
88,605.0,380.0,693.0,457.0,2048,0,0,1,Pedestrian
88,602.0,380.0,690.0,457.0,2049,0,0,1,Pedestrian
88,599.0,380.0,687.0,457.0,2050,0,0,1,Pedestrian
88,599.0,380.0,687.0,457.0,2051,0,0,1,Pedestrian
88,596.0,382.0,684.0,459.0,2052,0,0,1,Pedestrian
88,596.0,382.0,684.0,459.0,2053,0,0,1,Pedestrian
88,594.0,382.0,682.0,459.0,2054,0,0,1,Pedestrian
88,591.0,382.0,679.0,459.0,2055,0,0,1,Pedestrian
88,591.0,384.0,679.0,462.0,2056,0,0,1,Pedestrian
88,588.0,384.0,676.0,462.0,2057,0,0,1,Pedestrian
88,585.0,384.0,673.0,462.0,2058,0,0,1,Pedestrian
88,585.0,384.0,673.0,462.0,2059,0,0,1,Pedestrian
88,583.0,387.0,671.0,464.0,2060,0,0,1,Pedestrian
88,583.0,387.0,671.0,464.0,2061,0,0,1,Pedestrian
88,580.0,387.0,668.0,464.0,2062,0,0,1,Pedestrian
88,577.0,387.0,665.0,464.0,2063,0,0,1,Pedestrian
88,577.0,389.0,665.0,466.0,2064,0,0,1,Pedestrian
88,574.0,389.0,662.0,466.0,2065,0,0,1,Pedestrian
88,574.0,389.0,662.0,466.0,2066,0,0,1,Pedestrian
88,572.0,389.0,660.0,466.0,2067,0,0,1,Pedestrian
88,569.0,391.0,657.0,469.0,2068,0,0,1,Pedestrian
88,569.0,391.0,657.0,469.0,2069,0,0,1,Pedestrian
88,566.0,391.0,654.0,469.0,2070,0,0,1,Pedestrian
88,563.0,391.0,651.0,469.0,2071,0,0,1,Pedestrian
88,563.0,393.0,651.0,471.0,2072,0,0,1,Pedestrian
88,561.0,393.0,649.0,471.0,2073,0,0,1,Pedestrian
88,561.0,393.0,649.0,471.0,2074,0,0,1,Pedestrian
88,558.0,396.0,646.0,473.0,2075,0,0,1,Pedestrian
88,555.0,396.0,643.0,473.0,2076,0,0,1,Pedestrian
88,555.0,396.0,643.0,473.0,2077,0,0,1,Pedestrian
88,552.0,396.0,640.0,473.0,2078,0,0,1,Pedestrian
88,552.0,398.0,640.0,475.0,2079,0,0,1,Pedestrian
88,550.0,398.0,638.0,475.0,2080,0,0,1,Pedestrian
88,547.0,398.0,635.0,475.0,2081,0,0,1,Pedestrian
88,547.0,398.0,635.0,475.0,2082,0,0,1,Pedestrian
88,544.0,400.0,632.0,478.0,2083,0,0,1,Pedestrian
88,541.0,400.0,629.0,478.0,2084,0,0,1,Pedestrian
88,541.0,400.0,629.0,478.0,2085,0,0,1,Pedestrian
88,539.0,400.0,627.0,478.0,2086,0,0,1,Pedestrian
88,539.0,403.0,627.0,480.0,2087,0,0,1,Pedestrian
88,536.0,403.0,624.0,480.0,2088,0,0,1,Pedestrian
88,533.0,403.0,621.0,480.0,2089,0,0,1,Pedestrian
88,533.0,403.0,621.0,480.0,2090,0,0,1,Pedestrian
88,530.0,405.0,618.0,482.0,2091,0,0,1,Pedestrian
88,530.0,405.0,618.0,482.0,2092,0,0,1,Pedestrian
88,528.0,405.0,616.0,482.0,2093,0,0,1,Pedestrian
88,525.0,405.0,613.0,482.0,2094,0,0,1,Pedestrian
88,525.0,407.0,613.0,485.0,2095,0,0,1,Pedestrian
88,522.0,407.0,610.0,485.0,2096,0,0,1,Pedestrian
88,519.0,407.0,607.0,485.0,2097,0,0,1,Pedestrian
88,519.0,407.0,607.0,485.0,2098,0,0,1,Pedestrian
88,517.0,409.0,605.0,487.0,2099,0,0,1,Pedestrian
88,517.0,409.0,605.0,487.0,2100,0,0,1,Pedestrian
88,514.0,409.0,602.0,487.0,2101,0,0,1,Pedestrian
88,511.0,409.0,599.0,487.0,2102,0,0,1,Pedestrian
88,511.0,412.0,599.0,489.0,2103,0,0,1,Pedestrian
88,508.0,412.0,596.0,489.0,2104,0,0,1,Pedestrian
88,508.0,412.0,596.0,489.0,2105,0,0,1,Pedestrian
88,506.0,412.0,594.0,489.0,2106,0,0,1,Pedestrian
88,503.0,414.0,591.0,491.0,2107,0,0,1,Pedestrian
88,503.0,414.0,591.0,491.0,2108,0,0,1,Pedestrian
88,500.0,414.0,588.0,491.0,2109,0,0,1,Pedestrian
88,500.0,416.0,588.0,494.0,2110,0,0,0,Pedestrian
88,497.0,416.0,585.0,494.0,2111,0,0,1,Pedestrian
88,495.0,416.0,585.0,494.0,2112,0,0,1,Pedestrian
88,495.0,416.0,583.0,494.0,2113,0,0,1,Pedestrian
88,492.0,418.0,583.0,496.0,2114,0,0,1,Pedestrian
88,492.0,418.0,580.0,496.0,2115,0,0,1,Pedestrian
88,489.0,418.0,580.0,496.0,2116,0,0,1,Pedestrian
88,489.0,418.0,577.0,496.0,2117,0,0,1,Pedestrian
88,486.0,421.0,577.0,498.0,2118,0,0,1,Pedestrian
88,486.0,421.0,574.0,498.0,2119,0,0,1,Pedestrian
88,484.0,421.0,574.0,498.0,2120,0,0,1,Pedestrian
88,484.0,421.0,572.0,498.0,2121,0,0,1,Pedestrian
88,481.0,423.0,572.0,500.0,2122,0,0,1,Pedestrian
88,481.0,423.0,569.0,500.0,2123,0,0,1,Pedestrian
88,478.0,423.0,569.0,500.0,2124,0,0,1,Pedestrian
88,478.0,425.0,566.0,503.0,2125,0,0,1,Pedestrian
88,475.0,425.0,566.0,503.0,2126,0,0,1,Pedestrian
88,473.0,425.0,563.0,503.0,2127,0,0,1,Pedestrian
88,473.0,425.0,563.0,503.0,2128,0,0,1,Pedestrian
88,470.0,428.0,561.0,505.0,2129,0,0,1,Pedestrian
88,470.0,428.0,561.0,505.0,2130,0,0,1,Pedestrian
88,467.0,428.0,558.0,505.0,2131,0,0,1,Pedestrian
88,467.0,428.0,558.0,505.0,2132,0,0,1,Pedestrian
88,464.0,430.0,555.0,507.0,2133,0,0,1,Pedestrian
88,464.0,430.0,555.0,507.0,2134,0,0,1,Pedestrian
88,462.0,430.0,552.0,507.0,2135,0,0,1,Pedestrian
88,462.0,430.0,552.0,507.0,2136,0,0,1,Pedestrian
88,459.0,432.0,550.0,510.0,2137,0,0,1,Pedestrian
88,459.0,432.0,550.0,510.0,2138,0,0,1,Pedestrian
88,456.0,432.0,547.0,510.0,2139,0,0,1,Pedestrian
88,456.0,434.0,547.0,512.0,2140,0,0,1,Pedestrian
88,453.0,434.0,544.0,512.0,2141,0,0,1,Pedestrian
88,451.0,434.0,544.0,512.0,2142,0,0,1,Pedestrian
88,451.0,434.0,541.0,512.0,2143,0,0,1,Pedestrian
88,448.0,437.0,541.0,514.0,2144,0,0,1,Pedestrian
88,448.0,437.0,539.0,514.0,2145,0,0,1,Pedestrian
88,445.0,437.0,539.0,514.0,2146,0,0,1,Pedestrian
88,445.0,437.0,536.0,514.0,2147,0,0,1,Pedestrian
88,442.0,439.0,536.0,516.0,2148,0,0,1,Pedestrian
88,442.0,439.0,533.0,516.0,2149,0,0,1,Pedestrian
88,440.0,439.0,533.0,516.0,2150,0,0,1,Pedestrian
88,440.0,439.0,530.0,516.0,2151,0,0,1,Pedestrian
88,437.0,441.0,530.0,519.0,2152,0,0,1,Pedestrian
88,437.0,441.0,528.0,519.0,2153,0,0,1,Pedestrian
88,434.0,441.0,528.0,519.0,2154,0,0,1,Pedestrian
88,434.0,444.0,525.0,521.0,2155,0,0,1,Pedestrian
88,431.0,444.0,525.0,521.0,2156,0,0,1,Pedestrian
88,429.0,444.0,522.0,521.0,2157,0,0,1,Pedestrian
88,429.0,444.0,522.0,521.0,2158,0,0,1,Pedestrian
88,426.0,446.0,519.0,523.0,2159,0,0,1,Pedestrian
88,426.0,446.0,519.0,523.0,2160,0,0,1,Pedestrian
88,423.0,446.0,517.0,523.0,2161,0,0,1,Pedestrian
88,423.0,446.0,517.0,523.0,2162,0,0,1,Pedestrian
88,420.0,448.0,514.0,526.0,2163,0,0,1,Pedestrian
88,420.0,448.0,514.0,526.0,2164,0,0,1,Pedestrian
88,418.0,448.0,511.0,526.0,2165,0,0,1,Pedestrian
88,418.0,448.0,511.0,526.0,2166,0,0,1,Pedestrian
88,415.0,450.0,508.0,528.0,2167,0,0,1,Pedestrian
88,415.0,450.0,508.0,528.0,2168,0,0,1,Pedestrian
88,412.0,450.0,506.0,528.0,2169,0,0,1,Pedestrian
88,412.0,453.0,506.0,530.0,2170,0,0,0,Pedestrian
88,409.0,453.0,503.0,530.0,2171,0,0,1,Pedestrian
88,409.0,453.0,500.0,530.0,2172,0,0,1,Pedestrian
88,407.0,455.0,500.0,532.0,2173,0,0,1,Pedestrian
88,407.0,455.0,497.0,532.0,2174,0,0,1,Pedestrian
88,404.0,455.0,495.0,532.0,2175,0,0,1,Pedestrian
88,404.0,457.0,495.0,535.0,2176,0,0,1,Pedestrian
88,401.0,457.0,492.0,535.0,2177,0,0,1,Pedestrian
88,401.0,457.0,492.0,535.0,2178,0,0,1,Pedestrian
88,398.0,459.0,489.0,537.0,2179,0,0,1,Pedestrian
88,398.0,459.0,486.0,537.0,2180,0,0,1,Pedestrian
88,398.0,459.0,486.0,537.0,2181,0,0,1,Pedestrian
88,396.0,462.0,484.0,539.0,2182,0,0,1,Pedestrian
88,396.0,462.0,481.0,539.0,2183,0,0,1,Pedestrian
88,393.0,462.0,481.0,539.0,2184,0,0,1,Pedestrian
88,393.0,464.0,478.0,541.0,2185,0,0,1,Pedestrian
88,390.0,464.0,478.0,541.0,2186,0,0,1,Pedestrian
88,390.0,464.0,475.0,541.0,2187,0,0,1,Pedestrian
88,387.0,466.0,473.0,544.0,2188,0,0,1,Pedestrian
88,387.0,466.0,473.0,544.0,2189,0,0,1,Pedestrian
88,387.0,469.0,470.0,546.0,2190,0,0,1,Pedestrian
88,385.0,469.0,467.0,546.0,2191,0,0,1,Pedestrian
88,385.0,469.0,467.0,546.0,2192,0,0,1,Pedestrian
88,382.0,471.0,464.0,548.0,2193,0,0,1,Pedestrian
88,382.0,471.0,464.0,548.0,2194,0,0,1,Pedestrian
88,379.0,471.0,462.0,548.0,2195,0,0,1,Pedestrian
88,379.0,473.0,459.0,551.0,2196,0,0,1,Pedestrian
88,376.0,473.0,459.0,551.0,2197,0,0,1,Pedestrian
88,376.0,473.0,456.0,551.0,2198,0,0,1,Pedestrian
88,374.0,475.0,453.0,553.0,2199,0,0,1,Pedestrian
88,374.0,475.0,453.0,553.0,2200,0,0,1,Pedestrian
88,374.0,475.0,451.0,553.0,2201,0,0,1,Pedestrian
88,371.0,478.0,451.0,555.0,2202,0,0,1,Pedestrian
88,371.0,478.0,448.0,555.0,2203,0,0,1,Pedestrian
88,368.0,478.0,445.0,555.0,2204,0,0,1,Pedestrian
88,368.0,480.0,445.0,557.0,2205,0,0,1,Pedestrian
88,365.0,480.0,442.0,557.0,2206,0,0,1,Pedestrian
88,365.0,480.0,440.0,557.0,2207,0,0,1,Pedestrian
88,363.0,482.0,440.0,560.0,2208,0,0,1,Pedestrian
88,363.0,482.0,437.0,560.0,2209,0,0,1,Pedestrian
88,363.0,485.0,437.0,562.0,2210,0,0,0,Pedestrian
88,360.0,485.0,434.0,562.0,2211,0,0,1,Pedestrian
88,357.0,485.0,431.0,562.0,2212,0,0,1,Pedestrian
88,357.0,487.0,431.0,564.0,2213,0,0,1,Pedestrian
88,354.0,487.0,429.0,564.0,2214,0,0,1,Pedestrian
88,354.0,489.0,429.0,566.0,2215,0,0,1,Pedestrian
88,352.0,489.0,426.0,566.0,2216,0,0,1,Pedestrian
88,352.0,489.0,426.0,566.0,2217,0,0,1,Pedestrian
88,349.0,491.0,423.0,569.0,2218,0,0,1,Pedestrian
88,349.0,491.0,423.0,569.0,2219,0,0,1,Pedestrian
88,346.0,494.0,420.0,571.0,2220,0,0,1,Pedestrian
88,346.0,494.0,420.0,571.0,2221,0,0,1,Pedestrian
88,343.0,494.0,418.0,571.0,2222,0,0,1,Pedestrian
88,343.0,496.0,418.0,573.0,2223,0,0,1,Pedestrian
88,341.0,496.0,415.0,573.0,2224,0,0,1,Pedestrian
88,341.0,498.0,415.0,576.0,2225,0,0,1,Pedestrian
88,338.0,498.0,412.0,576.0,2226,0,0,1,Pedestrian
88,338.0,498.0,412.0,576.0,2227,0,0,1,Pedestrian
88,335.0,500.0,409.0,578.0,2228,0,0,1,Pedestrian
88,335.0,500.0,409.0,578.0,2229,0,0,1,Pedestrian
88,332.0,503.0,407.0,580.0,2230,0,0,1,Pedestrian
88,332.0,503.0,407.0,580.0,2231,0,0,1,Pedestrian
88,330.0,503.0,404.0,580.0,2232,0,0,1,Pedestrian
88,330.0,505.0,404.0,582.0,2233,0,0,1,Pedestrian
88,327.0,505.0,401.0,582.0,2234,0,0,1,Pedestrian
88,327.0,507.0,401.0,585.0,2235,0,0,1,Pedestrian
88,324.0,507.0,398.0,585.0,2236,0,0,1,Pedestrian
88,321.0,507.0,396.0,585.0,2237,0,0,1,Pedestrian
88,321.0,510.0,396.0,587.0,2238,0,0,1,Pedestrian
88,319.0,510.0,393.0,587.0,2239,0,0,1,Pedestrian
88,319.0,512.0,393.0,589.0,2240,0,0,1,Pedestrian
88,316.0,512.0,390.0,589.0,2241,0,0,1,Pedestrian
88,316.0,512.0,390.0,589.0,2242,0,0,1,Pedestrian
88,313.0,514.0,387.0,592.0,2243,0,0,1,Pedestrian
88,313.0,514.0,387.0,592.0,2244,0,0,1,Pedestrian
88,310.0,516.0,385.0,594.0,2245,0,0,1,Pedestrian
88,310.0,516.0,385.0,594.0,2246,0,0,1,Pedestrian
88,308.0,516.0,382.0,594.0,2247,0,0,1,Pedestrian
88,308.0,519.0,382.0,596.0,2248,0,0,1,Pedestrian
88,305.0,519.0,379.0,596.0,2249,0,0,1,Pedestrian
88,305.0,521.0,379.0,598.0,2250,0,0,1,Pedestrian
88,302.0,521.0,376.0,598.0,2251,0,0,1,Pedestrian
88,302.0,521.0,376.0,598.0,2252,0,0,1,Pedestrian
88,299.0,523.0,374.0,601.0,2253,0,0,1,Pedestrian
88,299.0,523.0,374.0,601.0,2254,0,0,1,Pedestrian
88,297.0,526.0,371.0,603.0,2255,0,0,1,Pedestrian
88,297.0,526.0,371.0,603.0,2256,0,0,1,Pedestrian
88,294.0,526.0,368.0,603.0,2257,0,0,1,Pedestrian
88,294.0,528.0,368.0,605.0,2258,0,0,1,Pedestrian
88,291.0,528.0,365.0,605.0,2259,0,0,1,Pedestrian
88,291.0,530.0,365.0,607.0,2260,0,0,0,Pedestrian
88,288.0,530.0,363.0,607.0,2261,0,0,1,Pedestrian
88,286.0,530.0,360.0,607.0,2262,0,0,1,Pedestrian
88,286.0,532.0,360.0,610.0,2263,0,0,1,Pedestrian
88,283.0,532.0,357.0,610.0,2264,0,0,1,Pedestrian
88,283.0,535.0,357.0,612.0,2265,0,0,1,Pedestrian
88,280.0,535.0,354.0,612.0,2266,0,0,1,Pedestrian
88,280.0,535.0,354.0,612.0,2267,0,0,1,Pedestrian
88,277.0,537.0,352.0,614.0,2268,0,0,1,Pedestrian
88,277.0,537.0,352.0,614.0,2269,0,0,1,Pedestrian
88,275.0,539.0,349.0,617.0,2270,0,0,1,Pedestrian
88,275.0,539.0,349.0,617.0,2271,0,0,1,Pedestrian
88,272.0,539.0,346.0,617.0,2272,0,0,1,Pedestrian
88,272.0,541.0,346.0,619.0,2273,0,0,1,Pedestrian
88,269.0,541.0,343.0,619.0,2274,0,0,1,Pedestrian
88,269.0,544.0,343.0,621.0,2275,0,0,1,Pedestrian
88,266.0,544.0,341.0,621.0,2276,0,0,1,Pedestrian
88,266.0,544.0,341.0,621.0,2277,0,0,1,Pedestrian
88,264.0,546.0,338.0,623.0,2278,0,0,1,Pedestrian
88,264.0,546.0,338.0,623.0,2279,0,0,1,Pedestrian
88,261.0,548.0,335.0,626.0,2280,0,0,1,Pedestrian
88,261.0,548.0,335.0,626.0,2281,0,0,1,Pedestrian
88,258.0,548.0,332.0,626.0,2282,0,0,1,Pedestrian
88,258.0,551.0,332.0,628.0,2283,0,0,1,Pedestrian
88,255.0,551.0,330.0,628.0,2284,0,0,1,Pedestrian
88,255.0,553.0,330.0,630.0,2285,0,0,1,Pedestrian
88,253.0,553.0,327.0,630.0,2286,0,0,1,Pedestrian
88,250.0,553.0,324.0,630.0,2287,0,0,1,Pedestrian
88,250.0,555.0,324.0,633.0,2288,0,0,1,Pedestrian
88,247.0,555.0,321.0,633.0,2289,0,0,1,Pedestrian
88,247.0,557.0,321.0,635.0,2290,0,0,1,Pedestrian
88,244.0,557.0,319.0,635.0,2291,0,0,1,Pedestrian
88,244.0,557.0,319.0,635.0,2292,0,0,1,Pedestrian
88,242.0,560.0,316.0,637.0,2293,0,0,1,Pedestrian
88,242.0,560.0,316.0,637.0,2294,0,0,1,Pedestrian
88,239.0,562.0,313.0,639.0,2295,0,0,1,Pedestrian
88,239.0,562.0,313.0,639.0,2296,0,0,1,Pedestrian
88,236.0,562.0,310.0,639.0,2297,0,0,1,Pedestrian
88,236.0,564.0,310.0,642.0,2298,0,0,1,Pedestrian
88,233.0,564.0,308.0,642.0,2299,0,0,1,Pedestrian
88,233.0,566.0,308.0,644.0,2300,0,0,1,Pedestrian
88,231.0,566.0,305.0,644.0,2301,0,0,1,Pedestrian
88,231.0,566.0,305.0,644.0,2302,0,0,1,Pedestrian
88,228.0,569.0,302.0,646.0,2303,0,0,1,Pedestrian
88,228.0,569.0,302.0,646.0,2304,0,0,1,Pedestrian
88,225.0,571.0,299.0,648.0,2305,0,0,1,Pedestrian
88,225.0,571.0,299.0,648.0,2306,0,0,1,Pedestrian
88,222.0,571.0,297.0,648.0,2307,0,0,1,Pedestrian
88,222.0,573.0,297.0,651.0,2308,0,0,1,Pedestrian
88,220.0,573.0,294.0,651.0,2309,0,0,1,Pedestrian
88,220.0,576.0,294.0,653.0,2310,0,0,0,Pedestrian
88,217.0,576.0,291.0,653.0,2311,0,0,1,Pedestrian
88,214.0,576.0,288.0,653.0,2312,0,0,1,Pedestrian
88,214.0,578.0,288.0,655.0,2313,0,0,1,Pedestrian
88,211.0,578.0,286.0,655.0,2314,0,0,1,Pedestrian
88,211.0,580.0,286.0,658.0,2315,0,0,1,Pedestrian
88,209.0,580.0,283.0,658.0,2316,0,0,1,Pedestrian
88,209.0,582.0,283.0,660.0,2317,0,0,1,Pedestrian
88,206.0,582.0,280.0,660.0,2318,0,0,1,Pedestrian
88,206.0,585.0,280.0,662.0,2319,0,0,1,Pedestrian
88,203.0,585.0,277.0,662.0,2320,0,0,1,Pedestrian
88,203.0,587.0,277.0,664.0,2321,0,0,1,Pedestrian
88,200.0,587.0,275.0,664.0,2322,0,0,1,Pedestrian
88,200.0,589.0,275.0,667.0,2323,0,0,1,Pedestrian
88,198.0,589.0,272.0,667.0,2324,0,0,1,Pedestrian
88,198.0,592.0,272.0,669.0,2325,0,0,1,Pedestrian
88,195.0,592.0,269.0,669.0,2326,0,0,1,Pedestrian
88,195.0,594.0,269.0,671.0,2327,0,0,1,Pedestrian
88,192.0,594.0,266.0,671.0,2328,0,0,1,Pedestrian
88,192.0,596.0,266.0,674.0,2329,0,0,1,Pedestrian
88,189.0,596.0,264.0,674.0,2330,0,0,1,Pedestrian
88,187.0,596.0,261.0,674.0,2331,0,0,1,Pedestrian
88,187.0,598.0,261.0,676.0,2332,0,0,1,Pedestrian
88,184.0,598.0,258.0,676.0,2333,0,0,1,Pedestrian
88,184.0,601.0,258.0,678.0,2334,0,0,1,Pedestrian
88,181.0,601.0,255.0,678.0,2335,0,0,1,Pedestrian
88,181.0,603.0,255.0,680.0,2336,0,0,1,Pedestrian
88,178.0,603.0,253.0,680.0,2337,0,0,1,Pedestrian
88,178.0,605.0,253.0,683.0,2338,0,0,1,Pedestrian
88,176.0,605.0,250.0,683.0,2339,0,0,1,Pedestrian
88,176.0,607.0,250.0,685.0,2340,0,0,1,Pedestrian
88,173.0,607.0,247.0,685.0,2341,0,0,1,Pedestrian
88,173.0,610.0,247.0,687.0,2342,0,0,1,Pedestrian
88,170.0,610.0,244.0,687.0,2343,0,0,1,Pedestrian
88,170.0,612.0,244.0,689.0,2344,0,0,1,Pedestrian
88,167.0,612.0,242.0,689.0,2345,0,0,1,Pedestrian
88,167.0,614.0,242.0,692.0,2346,0,0,1,Pedestrian
88,165.0,614.0,239.0,692.0,2347,0,0,1,Pedestrian
88,165.0,617.0,239.0,694.0,2348,0,0,1,Pedestrian
88,162.0,617.0,236.0,694.0,2349,0,0,1,Pedestrian
88,162.0,619.0,236.0,696.0,2350,0,0,0,Pedestrian
88,159.0,619.0,233.0,696.0,2351,0,0,1,Pedestrian
88,159.0,619.0,233.0,696.0,2352,0,0,1,Pedestrian
88,156.0,619.0,231.0,696.0,2353,0,0,1,Pedestrian
88,156.0,621.0,231.0,699.0,2354,0,0,1,Pedestrian
88,154.0,621.0,228.0,699.0,2355,0,0,1,Pedestrian
88,154.0,621.0,228.0,699.0,2356,0,0,1,Pedestrian
88,151.0,623.0,225.0,701.0,2357,0,0,1,Pedestrian
88,151.0,623.0,225.0,701.0,2358,0,0,1,Pedestrian
88,148.0,623.0,222.0,701.0,2359,0,0,1,Pedestrian
88,148.0,626.0,222.0,703.0,2360,0,0,1,Pedestrian
88,148.0,626.0,222.0,703.0,2361,0,0,1,Pedestrian
88,145.0,626.0,220.0,703.0,2362,0,0,1,Pedestrian
88,145.0,626.0,220.0,703.0,2363,0,0,1,Pedestrian
88,143.0,628.0,217.0,705.0,2364,0,0,1,Pedestrian
88,143.0,628.0,217.0,705.0,2365,0,0,1,Pedestrian
88,140.0,628.0,214.0,705.0,2366,0,0,1,Pedestrian
88,140.0,630.0,214.0,708.0,2367,0,0,1,Pedestrian
88,137.0,630.0,211.0,708.0,2368,0,0,1,Pedestrian
88,137.0,630.0,211.0,708.0,2369,0,0,1,Pedestrian
88,137.0,633.0,211.0,710.0,2370,0,0,1,Pedestrian
88,134.0,633.0,209.0,710.0,2371,0,0,1,Pedestrian
88,134.0,633.0,209.0,710.0,2372,0,0,1,Pedestrian
88,132.0,633.0,206.0,710.0,2373,0,0,1,Pedestrian
88,132.0,635.0,206.0,712.0,2374,0,0,1,Pedestrian
88,129.0,635.0,203.0,712.0,2375,0,0,1,Pedestrian
88,129.0,635.0,203.0,712.0,2376,0,0,1,Pedestrian
88,126.0,637.0,200.0,715.0,2377,0,0,1,Pedestrian
88,126.0,637.0,200.0,715.0,2378,0,0,1,Pedestrian
88,123.0,637.0,198.0,715.0,2379,0,0,1,Pedestrian
88,123.0,639.0,198.0,717.0,2380,0,0,1,Pedestrian
88,123.0,639.0,198.0,717.0,2381,0,0,1,Pedestrian
88,121.0,639.0,195.0,717.0,2382,0,0,1,Pedestrian
88,121.0,639.0,195.0,717.0,2383,0,0,1,Pedestrian
88,118.0,642.0,192.0,719.0,2384,0,0,1,Pedestrian
88,118.0,642.0,192.0,719.0,2385,0,0,1,Pedestrian
88,115.0,642.0,189.0,719.0,2386,0,0,1,Pedestrian
88,115.0,644.0,189.0,721.0,2387,0,0,1,Pedestrian
88,112.0,644.0,187.0,721.0,2388,0,0,1,Pedestrian
88,112.0,644.0,187.0,721.0,2389,0,0,1,Pedestrian
88,112.0,646.0,187.0,724.0,2390,0,0,0,Pedestrian
88,110.0,646.0,184.0,724.0,2391,0,0,1,Pedestrian
88,107.0,646.0,181.0,724.0,2392,0,0,1,Pedestrian
88,107.0,646.0,181.0,724.0,2393,0,0,1,Pedestrian
88,104.0,648.0,178.0,726.0,2394,0,0,1,Pedestrian
88,104.0,648.0,178.0,726.0,2395,0,0,1,Pedestrian
88,101.0,648.0,176.0,726.0,2396,0,0,1,Pedestrian
88,101.0,651.0,176.0,728.0,2397,0,0,1,Pedestrian
88,99.0,651.0,173.0,728.0,2398,0,0,1,Pedestrian
88,99.0,651.0,173.0,728.0,2399,0,0,1,Pedestrian
88,96.0,653.0,170.0,730.0,2400,0,0,1,Pedestrian
88,96.0,653.0,170.0,730.0,2401,0,0,1,Pedestrian
88,93.0,653.0,167.0,730.0,2402,0,0,1,Pedestrian
88,93.0,653.0,167.0,730.0,2403,0,0,1,Pedestrian
88,90.0,655.0,165.0,733.0,2404,0,0,1,Pedestrian
88,90.0,655.0,165.0,733.0,2405,0,0,1,Pedestrian
88,88.0,655.0,162.0,733.0,2406,0,0,1,Pedestrian
88,88.0,658.0,162.0,735.0,2407,0,0,1,Pedestrian
88,85.0,658.0,159.0,735.0,2408,0,0,1,Pedestrian
88,85.0,658.0,159.0,735.0,2409,0,0,1,Pedestrian
88,82.0,660.0,156.0,737.0,2410,0,0,1,Pedestrian
88,79.0,660.0,154.0,737.0,2411,0,0,1,Pedestrian
88,79.0,660.0,154.0,737.0,2412,0,0,1,Pedestrian
88,77.0,660.0,151.0,737.0,2413,0,0,1,Pedestrian
88,77.0,662.0,151.0,740.0,2414,0,0,1,Pedestrian
88,74.0,662.0,148.0,740.0,2415,0,0,1,Pedestrian
88,74.0,662.0,148.0,740.0,2416,0,0,1,Pedestrian
88,71.0,664.0,145.0,742.0,2417,0,0,1,Pedestrian
88,71.0,664.0,145.0,742.0,2418,0,0,1,Pedestrian
88,68.0,664.0,143.0,742.0,2419,0,0,1,Pedestrian
88,68.0,667.0,143.0,744.0,2420,0,0,1,Pedestrian
88,66.0,667.0,140.0,744.0,2421,0,0,1,Pedestrian
88,66.0,667.0,140.0,744.0,2422,0,0,1,Pedestrian
88,63.0,667.0,137.0,744.0,2423,0,0,1,Pedestrian
88,63.0,669.0,137.0,746.0,2424,0,0,1,Pedestrian
88,60.0,669.0,134.0,746.0,2425,0,0,1,Pedestrian
88,60.0,669.0,134.0,746.0,2426,0,0,1,Pedestrian
88,57.0,671.0,132.0,749.0,2427,0,0,1,Pedestrian
88,57.0,671.0,132.0,749.0,2428,0,0,1,Pedestrian
88,55.0,671.0,129.0,749.0,2429,0,0,1,Pedestrian
88,55.0,674.0,129.0,751.0,2430,0,0,0,Pedestrian
88,52.0,674.0,126.0,751.0,2431,0,0,1,Pedestrian
88,52.0,674.0,123.0,751.0,2432,0,0,1,Pedestrian
88,49.0,674.0,123.0,751.0,2433,0,0,1,Pedestrian
88,49.0,674.0,121.0,751.0,2434,0,0,1,Pedestrian
88,46.0,674.0,118.0,751.0,2435,0,0,1,Pedestrian
88,46.0,676.0,118.0,753.0,2436,0,0,1,Pedestrian
88,44.0,676.0,115.0,753.0,2437,0,0,1,Pedestrian
88,44.0,676.0,112.0,753.0,2438,0,0,1,Pedestrian
88,41.0,676.0,112.0,753.0,2439,0,0,1,Pedestrian
88,41.0,676.0,110.0,753.0,2440,0,0,1,Pedestrian
88,38.0,676.0,107.0,753.0,2441,0,0,1,Pedestrian
88,38.0,678.0,107.0,755.0,2442,0,0,1,Pedestrian
88,35.0,678.0,104.0,755.0,2443,0,0,1,Pedestrian
88,35.0,678.0,101.0,755.0,2444,0,0,1,Pedestrian
88,33.0,678.0,101.0,755.0,2445,0,0,1,Pedestrian
88,33.0,678.0,99.0,755.0,2446,0,0,1,Pedestrian
88,30.0,678.0,96.0,755.0,2447,0,0,1,Pedestrian
88,30.0,680.0,96.0,758.0,2448,0,0,1,Pedestrian
88,27.0,680.0,93.0,758.0,2449,0,0,1,Pedestrian
88,27.0,680.0,93.0,758.0,2450,0,0,1,Pedestrian
88,24.0,680.0,90.0,758.0,2451,0,0,1,Pedestrian
88,24.0,680.0,88.0,758.0,2452,0,0,1,Pedestrian
88,22.0,683.0,88.0,760.0,2453,0,0,1,Pedestrian
88,22.0,683.0,85.0,760.0,2454,0,0,1,Pedestrian
88,19.0,683.0,82.0,760.0,2455,0,0,1,Pedestrian
88,19.0,683.0,82.0,760.0,2456,0,0,1,Pedestrian
88,16.0,683.0,79.0,760.0,2457,0,0,1,Pedestrian
88,16.0,683.0,77.0,760.0,2458,0,0,1,Pedestrian
88,13.0,685.0,77.0,762.0,2459,0,0,1,Pedestrian
88,13.0,685.0,74.0,762.0,2460,0,0,1,Pedestrian
88,11.0,685.0,71.0,762.0,2461,0,0,1,Pedestrian
88,11.0,685.0,71.0,762.0,2462,0,0,1,Pedestrian
88,8.0,685.0,68.0,762.0,2463,0,0,1,Pedestrian
88,8.0,685.0,66.0,762.0,2464,0,0,1,Pedestrian
88,5.0,687.0,66.0,765.0,2465,0,0,1,Pedestrian
88,5.0,687.0,63.0,765.0,2466,0,0,1,Pedestrian
88,2.0,687.0,60.0,765.0,2467,0,0,1,Pedestrian
88,2.0,687.0,60.0,765.0,2468,0,0,1,Pedestrian
88,0.0,687.0,57.0,765.0,2469,0,0,1,Pedestrian
88,0.0,689.0,57.0,767.0,2470,0,0,0,Pedestrian
88,0.0,689.0,57.0,767.0,2471,0,0,1,Pedestrian
88,0.0,689.0,57.0,767.0,2472,0,0,1,Pedestrian
88,0.0,689.0,57.0,767.0,2473,0,0,0,Pedestrian
88,0.0,689.0,55.0,765.0,2474,0,0,1,Pedestrian
88,0.0,689.0,52.0,765.0,2475,0,0,1,Pedestrian
88,0.0,689.0,49.0,765.0,2476,0,0,1,Pedestrian
88,0.0,689.0,49.0,765.0,2477,0,0,1,Pedestrian
88,0.0,689.0,46.0,765.0,2478,0,0,1,Pedestrian
88,0.0,689.0,44.0,765.0,2479,0,0,1,Pedestrian
88,0.0,689.0,41.0,765.0,2480,0,0,1,Pedestrian
88,0.0,689.0,41.0,765.0,2481,0,0,0,Pedestrian
88,0.0,687.0,41.0,765.0,2482,0,0,1,Pedestrian
88,0.0,687.0,41.0,765.0,2483,0,0,1,Pedestrian
88,0.0,687.0,41.0,765.0,2484,0,0,1,Pedestrian
88,0.0,687.0,41.0,765.0,2485,0,0,1,Pedestrian
88,0.0,687.0,41.0,765.0,2486,0,0,1,Pedestrian
88,0.0,687.0,41.0,765.0,2487,0,0,1,Pedestrian
88,0.0,687.0,41.0,765.0,2488,0,0,1,Pedestrian
88,0.0,687.0,41.0,765.0,2489,0,0,1,Pedestrian
88,0.0,687.0,41.0,765.0,2490,0,0,1,Pedestrian
88,0.0,687.0,41.0,765.0,2491,0,0,0,Pedestrian
88,0.0,685.0,38.0,762.0,2492,0,0,1,Pedestrian
88,0.0,685.0,38.0,762.0,2493,0,0,1,Pedestrian
88,0.0,685.0,35.0,762.0,2494,0,0,1,Pedestrian
88,0.0,685.0,35.0,762.0,2495,0,0,1,Pedestrian
88,0.0,685.0,33.0,762.0,2496,0,0,1,Pedestrian
88,0.0,685.0,33.0,762.0,2497,0,0,1,Pedestrian
88,0.0,685.0,30.0,762.0,2498,0,0,1,Pedestrian
88,0.0,685.0,30.0,762.0,2499,0,0,1,Pedestrian
88,0.0,685.0,30.0,762.0,2500,0,0,0,Pedestrian
88,0.0,687.0,27.0,760.0,2501,0,0,1,Pedestrian
88,0.0,689.0,27.0,760.0,2502,0,0,1,Pedestrian
88,0.0,692.0,27.0,760.0,2503,0,0,1,Pedestrian
88,0.0,694.0,27.0,758.0,2504,0,0,1,Pedestrian
88,0.0,696.0,27.0,758.0,2505,0,0,1,Pedestrian
88,0.0,699.0,27.0,758.0,2506,0,0,1,Pedestrian
88,0.0,701.0,27.0,758.0,2507,0,0,1,Pedestrian
88,0.0,703.0,24.0,755.0,2508,0,0,1,Pedestrian
88,0.0,705.0,24.0,755.0,2509,0,0,1,Pedestrian
88,0.0,708.0,24.0,755.0,2510,0,0,1,Pedestrian
88,0.0,710.0,24.0,753.0,2511,0,0,1,Pedestrian
88,0.0,712.0,24.0,753.0,2512,0,0,1,Pedestrian
88,0.0,715.0,24.0,753.0,2513,0,0,1,Pedestrian
88,0.0,717.0,24.0,753.0,2514,1,1,0,Pedestrian
88,0.0,717.0,24.0,753.0,2515,1,1,1,Pedestrian
88,0.0,717.0,24.0,753.0,2516,1,1,1,Pedestrian
88,0.0,717.0,24.0,753.0,2517,1,1,1,Pedestrian
88,0.0,717.0,24.0,753.0,2518,1,1,1,Pedestrian
88,0.0,717.0,24.0,753.0,2519,1,1,1,Pedestrian
88,0.0,717.0,24.0,753.0,2520,1,1,1,Pedestrian
88,0.0,717.0,24.0,753.0,2521,1,1,1,Pedestrian
88,0.0,717.0,24.0,753.0,2522,1,1,1,Pedestrian
88,0.0,717.0,24.0,753.0,2523,1,1,1,Pedestrian
88,0.0,717.0,24.0,753.0,2524,1,1,1,Pedestrian
88,0.0,717.0,24.0,753.0,2525,1,1,1,Pedestrian
88,0.0,717.0,24.0,753.0,2526,1,0,0,Pedestrian
88,0.0,717.0,24.0,753.0,2527,1,0,1,Pedestrian
88,0.0,717.0,24.0,753.0,2528,1,0,1,Pedestrian
88,0.0,717.0,24.0,753.0,2529,1,0,1,Pedestrian
88,0.0,717.0,24.0,753.0,2530,1,0,1,Pedestrian
88,0.0,717.0,24.0,753.0,2531,1,0,1,Pedestrian
88,0.0,717.0,24.0,753.0,2532,1,0,1,Pedestrian
88,0.0,717.0,24.0,753.0,2533,1,0,1,Pedestrian
88,0.0,717.0,24.0,753.0,2534,1,0,1,Pedestrian
88,0.0,717.0,24.0,753.0,2535,1,0,1,Pedestrian
88,0.0,717.0,24.0,753.0,2536,1,0,1,Pedestrian
88,0.0,717.0,24.0,753.0,2537,1,0,1,Pedestrian
88,0.0,717.0,24.0,753.0,2538,1,0,1,Pedestrian
88,0.0,717.0,24.0,753.0,2539,1,0,1,Pedestrian
88,0.0,717.0,24.0,753.0,2540,1,0,1,Pedestrian
88,0.0,717.0,24.0,753.0,2541,1,0,1,Pedestrian
88,0.0,717.0,24.0,753.0,2542,1,0,1,Pedestrian
88,0.0,717.0,24.0,753.0,2543,1,0,1,Pedestrian
88,0.0,717.0,24.0,753.0,2544,1,0,1,Pedestrian
88,0.0,717.0,24.0,753.0,2545,1,0,1,Pedestrian
88,0.0,717.0,24.0,753.0,2546,1,0,1,Pedestrian
88,0.0,717.0,24.0,753.0,2547,1,0,1,Pedestrian
88,0.0,717.0,24.0,753.0,2548,1,0,1,Pedestrian
88,0.0,717.0,24.0,753.0,2549,1,0,1,Pedestrian
88,0.0,717.0,24.0,753.0,2550,1,0,1,Pedestrian
88,0.0,717.0,24.0,753.0,2551,1,0,1,Pedestrian
88,0.0,717.0,24.0,753.0,2552,1,0,1,Pedestrian
88,0.0,717.0,24.0,753.0,2553,1,0,1,Pedestrian
88,0.0,717.0,24.0,753.0,2554,1,0,1,Pedestrian
88,0.0,717.0,24.0,753.0,2555,1,0,1,Pedestrian
88,0.0,717.0,24.0,753.0,2556,1,0,1,Pedestrian
88,0.0,717.0,24.0,753.0,2557,1,0,1,Pedestrian
88,0.0,717.0,24.0,753.0,2558,1,0,1,Pedestrian
88,0.0,717.0,24.0,753.0,2559,1,0,1,Pedestrian
88,0.0,717.0,24.0,753.0,2560,1,0,1,Pedestrian
88,0.0,717.0,24.0,753.0,2561,1,0,1,Pedestrian
88,0.0,717.0,24.0,753.0,2562,1,0,1,Pedestrian
88,0.0,717.0,24.0,753.0,2563,1,0,1,Pedestrian
88,0.0,717.0,24.0,753.0,2564,1,0,1,Pedestrian
88,0.0,717.0,24.0,753.0,2565,1,0,1,Pedestrian
88,0.0,717.0,24.0,753.0,2566,1,0,1,Pedestrian
88,0.0,717.0,24.0,753.0,2567,1,0,1,Pedestrian
88,0.0,717.0,24.0,753.0,2568,1,0,1,Pedestrian
88,0.0,717.0,24.0,753.0,2569,1,0,1,Pedestrian
88,0.0,717.0,24.0,753.0,2570,1,0,1,Pedestrian
88,0.0,717.0,24.0,753.0,2571,1,0,1,Pedestrian
88,0.0,717.0,24.0,753.0,2572,1,0,1,Pedestrian
88,0.0,717.0,24.0,753.0,2573,1,0,1,Pedestrian
88,0.0,717.0,24.0,753.0,2574,1,0,1,Pedestrian
88,0.0,717.0,24.0,753.0,2575,1,0,1,Pedestrian
88,0.0,717.0,24.0,753.0,2576,1,0,1,Pedestrian
88,0.0,717.0,24.0,753.0,2577,1,0,1,Pedestrian
88,0.0,717.0,24.0,753.0,2578,1,0,1,Pedestrian
88,0.0,717.0,24.0,753.0,2579,1,0,1,Pedestrian
88,0.0,717.0,24.0,753.0,2580,1,0,1,Pedestrian
88,0.0,717.0,24.0,753.0,2581,1,0,1,Pedestrian
88,0.0,717.0,24.0,753.0,2582,1,0,1,Pedestrian
88,0.0,717.0,24.0,753.0,2583,1,0,1,Pedestrian
88,0.0,717.0,24.0,753.0,2584,1,0,1,Pedestrian
88,0.0,717.0,24.0,753.0,2585,1,0,1,Pedestrian
88,0.0,717.0,24.0,753.0,2586,1,0,1,Pedestrian
88,0.0,717.0,24.0,753.0,2587,1,0,1,Pedestrian
88,0.0,717.0,24.0,753.0,2588,1,0,1,Pedestrian
88,0.0,717.0,24.0,753.0,2589,1,0,1,Pedestrian
88,0.0,717.0,24.0,753.0,2590,1,0,1,Pedestrian
88,0.0,717.0,24.0,753.0,2591,1,0,1,Pedestrian
88,0.0,717.0,24.0,753.0,2592,1,0,1,Pedestrian
88,0.0,717.0,24.0,753.0,2593,1,0,1,Pedestrian
88,0.0,717.0,24.0,753.0,2594,1,0,1,Pedestrian
88,0.0,717.0,24.0,753.0,2595,1,0,1,Pedestrian
88,0.0,717.0,24.0,753.0,2596,1,0,1,Pedestrian
88,0.0,717.0,24.0,753.0,2597,1,0,1,Pedestrian
88,0.0,717.0,24.0,753.0,2598,1,0,1,Pedestrian
88,0.0,717.0,24.0,753.0,2599,1,0,1,Pedestrian
88,0.0,717.0,24.0,753.0,2600,1,0,1,Pedestrian
88,0.0,717.0,24.0,753.0,2601,1,0,1,Pedestrian
88,0.0,717.0,24.0,753.0,2602,1,0,1,Pedestrian
88,0.0,717.0,24.0,753.0,2603,1,0,1,Pedestrian
88,0.0,717.0,24.0,753.0,2604,1,0,1,Pedestrian
88,0.0,717.0,24.0,753.0,2605,1,0,1,Pedestrian
88,0.0,717.0,24.0,753.0,2606,1,0,1,Pedestrian
88,0.0,717.0,24.0,753.0,2607,1,0,1,Pedestrian
88,0.0,717.0,24.0,753.0,2608,1,0,1,Pedestrian
88,0.0,717.0,24.0,753.0,2609,1,0,1,Pedestrian
88,0.0,717.0,24.0,753.0,2610,1,0,1,Pedestrian
88,0.0,717.0,24.0,753.0,2611,1,0,1,Pedestrian
88,0.0,717.0,24.0,753.0,2612,1,0,1,Pedestrian
88,0.0,717.0,24.0,753.0,2613,1,0,1,Pedestrian
88,0.0,717.0,24.0,753.0,2614,1,0,1,Pedestrian
88,0.0,717.0,24.0,753.0,2615,1,0,1,Pedestrian
88,0.0,717.0,24.0,753.0,2616,1,0,1,Pedestrian
88,0.0,717.0,24.0,753.0,2617,1,0,1,Pedestrian
88,0.0,717.0,24.0,753.0,2618,1,0,1,Pedestrian
88,0.0,717.0,24.0,753.0,2619,1,0,1,Pedestrian
88,0.0,717.0,24.0,753.0,2620,1,0,1,Pedestrian
88,0.0,717.0,24.0,753.0,2621,1,0,1,Pedestrian
88,0.0,717.0,24.0,753.0,2622,1,0,1,Pedestrian
88,0.0,717.0,24.0,753.0,2623,1,0,1,Pedestrian
88,0.0,717.0,24.0,753.0,2624,1,0,1,Pedestrian
88,0.0,717.0,24.0,753.0,2625,1,0,1,Pedestrian
88,0.0,717.0,24.0,753.0,2626,1,0,1,Pedestrian
88,0.0,717.0,24.0,753.0,2627,1,0,1,Pedestrian
88,0.0,717.0,24.0,753.0,2628,1,0,1,Pedestrian
88,0.0,717.0,24.0,753.0,2629,1,0,1,Pedestrian
88,0.0,717.0,24.0,753.0,2630,1,0,1,Pedestrian
88,0.0,717.0,24.0,753.0,2631,1,0,1,Pedestrian
88,0.0,717.0,24.0,753.0,2632,1,0,1,Pedestrian
88,0.0,717.0,24.0,753.0,2633,1,0,1,Pedestrian
88,0.0,717.0,24.0,753.0,2634,1,0,1,Pedestrian
88,0.0,717.0,24.0,753.0,2635,1,0,1,Pedestrian
88,0.0,717.0,24.0,753.0,2636,1,0,1,Pedestrian
88,0.0,717.0,24.0,753.0,2637,1,0,1,Pedestrian
88,0.0,717.0,24.0,753.0,2638,1,0,1,Pedestrian
88,0.0,717.0,24.0,753.0,2639,1,0,1,Pedestrian
88,0.0,717.0,24.0,753.0,2640,1,0,1,Pedestrian
88,0.0,717.0,24.0,753.0,2641,1,0,1,Pedestrian
88,0.0,717.0,24.0,753.0,2642,1,0,1,Pedestrian
88,0.0,717.0,24.0,753.0,2643,1,0,1,Pedestrian
88,0.0,717.0,24.0,753.0,2644,1,0,1,Pedestrian
88,0.0,717.0,24.0,753.0,2645,1,0,1,Pedestrian
88,0.0,717.0,24.0,753.0,2646,1,0,1,Pedestrian
88,0.0,717.0,24.0,753.0,2647,1,0,1,Pedestrian
88,0.0,717.0,24.0,753.0,2648,1,0,1,Pedestrian
88,0.0,717.0,24.0,753.0,2649,1,0,1,Pedestrian
88,0.0,717.0,24.0,753.0,2650,1,0,1,Pedestrian
88,0.0,717.0,24.0,753.0,2651,1,0,1,Pedestrian
88,0.0,717.0,24.0,753.0,2652,1,0,1,Pedestrian
88,0.0,717.0,24.0,753.0,2653,1,0,1,Pedestrian
88,0.0,717.0,24.0,753.0,2654,1,0,1,Pedestrian
88,0.0,717.0,24.0,753.0,2655,1,0,1,Pedestrian
88,0.0,717.0,24.0,753.0,2656,1,0,1,Pedestrian
88,0.0,717.0,24.0,753.0,2657,1,0,1,Pedestrian
88,0.0,717.0,24.0,753.0,2658,1,0,1,Pedestrian
88,0.0,717.0,24.0,753.0,2659,1,0,1,Pedestrian
88,0.0,717.0,24.0,753.0,2660,1,0,1,Pedestrian
88,0.0,717.0,24.0,753.0,2661,1,0,1,Pedestrian
88,0.0,717.0,24.0,753.0,2662,1,0,1,Pedestrian
88,0.0,717.0,24.0,753.0,2663,1,0,1,Pedestrian
88,0.0,717.0,24.0,753.0,2664,1,0,1,Pedestrian
88,0.0,717.0,24.0,753.0,2665,1,0,1,Pedestrian
88,0.0,717.0,24.0,753.0,2666,1,0,1,Pedestrian
88,0.0,717.0,24.0,753.0,2667,1,0,1,Pedestrian
88,0.0,717.0,24.0,753.0,2668,1,0,1,Pedestrian
88,0.0,717.0,24.0,753.0,2669,1,0,1,Pedestrian
88,0.0,717.0,24.0,753.0,2670,1,0,1,Pedestrian
88,0.0,717.0,24.0,753.0,2671,1,0,1,Pedestrian
88,0.0,717.0,24.0,753.0,2672,1,0,1,Pedestrian
88,0.0,717.0,24.0,753.0,2673,1,0,1,Pedestrian
88,0.0,717.0,24.0,753.0,2674,1,0,1,Pedestrian
88,0.0,717.0,24.0,753.0,2675,1,0,1,Pedestrian
88,0.0,717.0,24.0,753.0,2676,1,0,1,Pedestrian
88,0.0,717.0,24.0,753.0,2677,1,0,1,Pedestrian
88,0.0,717.0,24.0,753.0,2678,1,0,1,Pedestrian
88,0.0,717.0,24.0,753.0,2679,1,0,1,Pedestrian
88,0.0,717.0,24.0,753.0,2680,1,0,1,Pedestrian
88,0.0,717.0,24.0,753.0,2681,1,0,1,Pedestrian
88,0.0,717.0,24.0,753.0,2682,1,0,1,Pedestrian
88,0.0,717.0,24.0,753.0,2683,1,0,1,Pedestrian
88,0.0,717.0,24.0,753.0,2684,1,0,1,Pedestrian
88,0.0,717.0,24.0,753.0,2685,1,0,1,Pedestrian
88,0.0,717.0,24.0,753.0,2686,1,0,1,Pedestrian
88,0.0,717.0,24.0,753.0,2687,1,0,1,Pedestrian
88,0.0,717.0,24.0,753.0,2688,1,0,1,Pedestrian
88,0.0,717.0,24.0,753.0,2689,1,0,1,Pedestrian
88,0.0,717.0,24.0,753.0,2690,1,0,1,Pedestrian
88,0.0,717.0,24.0,753.0,2691,1,0,1,Pedestrian
88,0.0,717.0,24.0,753.0,2692,1,0,1,Pedestrian
88,0.0,717.0,24.0,753.0,2693,1,0,1,Pedestrian
88,0.0,717.0,24.0,753.0,2694,1,0,1,Pedestrian
88,0.0,717.0,24.0,753.0,2695,1,0,1,Pedestrian
88,0.0,717.0,24.0,753.0,2696,1,0,1,Pedestrian
88,0.0,717.0,24.0,753.0,2697,1,0,1,Pedestrian
88,0.0,717.0,24.0,753.0,2698,1,0,1,Pedestrian
88,0.0,717.0,24.0,753.0,2699,1,0,1,Pedestrian
88,0.0,717.0,24.0,753.0,2700,1,0,1,Pedestrian
88,0.0,717.0,24.0,753.0,2701,1,0,1,Pedestrian
88,0.0,717.0,24.0,753.0,2702,1,0,1,Pedestrian
88,0.0,717.0,24.0,753.0,2703,1,0,1,Pedestrian
88,0.0,717.0,24.0,753.0,2704,1,0,1,Pedestrian
88,0.0,717.0,24.0,753.0,2705,1,0,1,Pedestrian
88,0.0,717.0,24.0,753.0,2706,1,0,1,Pedestrian
88,0.0,717.0,24.0,753.0,2707,1,0,1,Pedestrian
88,0.0,717.0,24.0,753.0,2708,1,0,1,Pedestrian
88,0.0,717.0,24.0,753.0,2709,1,0,1,Pedestrian
88,0.0,717.0,24.0,753.0,2710,1,0,1,Pedestrian
88,0.0,717.0,24.0,753.0,2711,1,0,1,Pedestrian
88,0.0,717.0,24.0,753.0,2712,1,0,1,Pedestrian
88,0.0,717.0,24.0,753.0,2713,1,0,1,Pedestrian
88,0.0,717.0,24.0,753.0,2714,1,0,1,Pedestrian
88,0.0,717.0,24.0,753.0,2715,1,0,1,Pedestrian
88,0.0,717.0,24.0,753.0,2716,1,0,1,Pedestrian
88,0.0,717.0,24.0,753.0,2717,1,0,1,Pedestrian
88,0.0,717.0,24.0,753.0,2718,1,0,1,Pedestrian
88,0.0,717.0,24.0,753.0,2719,1,0,1,Pedestrian
88,0.0,717.0,24.0,753.0,2720,1,0,1,Pedestrian
88,0.0,717.0,24.0,753.0,2721,1,0,1,Pedestrian
88,0.0,717.0,24.0,753.0,2722,1,0,1,Pedestrian
88,0.0,717.0,24.0,753.0,2723,1,0,1,Pedestrian
88,0.0,717.0,24.0,753.0,2724,1,0,1,Pedestrian
88,0.0,717.0,24.0,753.0,2725,1,0,1,Pedestrian
88,0.0,717.0,24.0,753.0,2726,1,0,1,Pedestrian
88,0.0,717.0,24.0,753.0,2727,1,0,1,Pedestrian
88,0.0,717.0,24.0,753.0,2728,1,0,1,Pedestrian
88,0.0,717.0,24.0,753.0,2729,1,0,1,Pedestrian
88,0.0,717.0,24.0,753.0,2730,1,0,1,Pedestrian
88,0.0,717.0,24.0,753.0,2731,1,0,1,Pedestrian
88,0.0,717.0,24.0,753.0,2732,1,0,1,Pedestrian
88,0.0,717.0,24.0,753.0,2733,1,0,1,Pedestrian
88,0.0,717.0,24.0,753.0,2734,1,0,1,Pedestrian
88,0.0,717.0,24.0,753.0,2735,1,0,1,Pedestrian
88,0.0,717.0,24.0,753.0,2736,1,0,1,Pedestrian
88,0.0,717.0,24.0,753.0,2737,1,0,1,Pedestrian
88,0.0,717.0,24.0,753.0,2738,1,0,1,Pedestrian
88,0.0,717.0,24.0,753.0,2739,1,0,1,Pedestrian
88,0.0,717.0,24.0,753.0,2740,1,0,1,Pedestrian
88,0.0,717.0,24.0,753.0,2741,1,0,1,Pedestrian
88,0.0,717.0,24.0,753.0,2742,1,0,1,Pedestrian
88,0.0,717.0,24.0,753.0,2743,1,0,1,Pedestrian
88,0.0,717.0,24.0,753.0,2744,1,0,1,Pedestrian
88,0.0,717.0,24.0,753.0,2745,1,0,1,Pedestrian
88,0.0,717.0,24.0,753.0,2746,1,0,1,Pedestrian
88,0.0,717.0,24.0,753.0,2747,1,0,1,Pedestrian
88,0.0,717.0,24.0,753.0,2748,1,0,1,Pedestrian
88,0.0,717.0,24.0,753.0,2749,1,0,1,Pedestrian
88,0.0,717.0,24.0,753.0,2750,1,0,1,Pedestrian
88,0.0,717.0,24.0,753.0,2751,1,0,1,Pedestrian
88,0.0,717.0,24.0,753.0,2752,1,0,1,Pedestrian
88,0.0,717.0,24.0,753.0,2753,1,0,1,Pedestrian
88,0.0,717.0,24.0,753.0,2754,1,0,1,Pedestrian
88,0.0,717.0,24.0,753.0,2755,1,0,1,Pedestrian
88,0.0,717.0,24.0,753.0,2756,1,0,1,Pedestrian
88,0.0,717.0,24.0,753.0,2757,1,0,1,Pedestrian
88,0.0,717.0,24.0,753.0,2758,1,0,1,Pedestrian
88,0.0,717.0,24.0,753.0,2759,1,0,1,Pedestrian
88,0.0,717.0,24.0,753.0,2760,1,0,1,Pedestrian
88,0.0,717.0,24.0,753.0,2761,1,0,1,Pedestrian
88,0.0,717.0,24.0,753.0,2762,1,0,1,Pedestrian
88,0.0,717.0,24.0,753.0,2763,1,0,1,Pedestrian
88,0.0,717.0,24.0,753.0,2764,1,0,1,Pedestrian
88,0.0,717.0,24.0,753.0,2765,1,0,1,Pedestrian
88,0.0,717.0,24.0,753.0,2766,1,0,1,Pedestrian
88,0.0,717.0,24.0,753.0,2767,1,0,1,Pedestrian
88,0.0,717.0,24.0,753.0,2768,1,0,1,Pedestrian
88,0.0,717.0,24.0,753.0,2769,1,0,1,Pedestrian
88,0.0,717.0,24.0,753.0,2770,1,0,1,Pedestrian
88,0.0,717.0,24.0,753.0,2771,1,0,1,Pedestrian
88,0.0,717.0,24.0,753.0,2772,1,0,1,Pedestrian
88,0.0,717.0,24.0,753.0,2773,1,0,1,Pedestrian
88,0.0,717.0,24.0,753.0,2774,1,0,1,Pedestrian
88,0.0,717.0,24.0,753.0,2775,1,0,1,Pedestrian
88,0.0,717.0,24.0,753.0,2776,1,0,1,Pedestrian
88,0.0,717.0,24.0,753.0,2777,1,0,1,Pedestrian
88,0.0,717.0,24.0,753.0,2778,1,0,1,Pedestrian
88,0.0,717.0,24.0,753.0,2779,1,0,1,Pedestrian
88,0.0,717.0,24.0,753.0,2780,1,0,1,Pedestrian
88,0.0,717.0,24.0,753.0,2781,1,0,1,Pedestrian
88,0.0,717.0,24.0,753.0,2782,1,0,1,Pedestrian
88,0.0,717.0,24.0,753.0,2783,1,0,1,Pedestrian
88,0.0,717.0,24.0,753.0,2784,1,0,1,Pedestrian
88,0.0,717.0,24.0,753.0,2785,1,0,1,Pedestrian
88,0.0,717.0,24.0,753.0,2786,1,0,1,Pedestrian
88,0.0,717.0,24.0,753.0,2787,1,0,1,Pedestrian
88,0.0,717.0,24.0,753.0,2788,1,0,1,Pedestrian
88,0.0,717.0,24.0,753.0,2789,1,0,1,Pedestrian
88,0.0,717.0,24.0,753.0,2790,1,0,1,Pedestrian
88,0.0,717.0,24.0,753.0,2791,1,0,1,Pedestrian
88,0.0,717.0,24.0,753.0,2792,1,0,1,Pedestrian
88,0.0,717.0,24.0,753.0,2793,1,0,1,Pedestrian
88,0.0,717.0,24.0,753.0,2794,1,0,1,Pedestrian
88,0.0,717.0,24.0,753.0,2795,1,0,1,Pedestrian
88,0.0,717.0,24.0,753.0,2796,1,0,1,Pedestrian
88,0.0,717.0,24.0,753.0,2797,1,0,1,Pedestrian
88,0.0,717.0,24.0,753.0,2798,1,0,1,Pedestrian
88,0.0,717.0,24.0,753.0,2799,1,0,1,Pedestrian
88,0.0,717.0,24.0,753.0,2800,1,0,1,Pedestrian
88,0.0,717.0,24.0,753.0,2801,1,0,1,Pedestrian
88,0.0,717.0,24.0,753.0,2802,1,0,1,Pedestrian
88,0.0,717.0,24.0,753.0,2803,1,0,1,Pedestrian
88,0.0,717.0,24.0,753.0,2804,1,0,1,Pedestrian
88,0.0,717.0,24.0,753.0,2805,1,0,1,Pedestrian
88,0.0,717.0,24.0,753.0,2806,1,0,1,Pedestrian
88,0.0,717.0,24.0,753.0,2807,1,0,1,Pedestrian
88,0.0,717.0,24.0,753.0,2808,1,0,1,Pedestrian
88,0.0,717.0,24.0,753.0,2809,1,0,1,Pedestrian
88,0.0,717.0,24.0,753.0,2810,1,0,1,Pedestrian
88,0.0,717.0,24.0,753.0,2811,1,0,1,Pedestrian
88,0.0,717.0,24.0,753.0,2812,1,0,1,Pedestrian
88,0.0,717.0,24.0,753.0,2813,1,0,1,Pedestrian
88,0.0,717.0,24.0,753.0,2814,1,0,1,Pedestrian
88,0.0,717.0,24.0,753.0,2815,1,0,1,Pedestrian
88,0.0,717.0,24.0,753.0,2816,1,0,1,Pedestrian
88,0.0,717.0,24.0,753.0,2817,1,0,1,Pedestrian
88,0.0,717.0,24.0,753.0,2818,1,0,1,Pedestrian
88,0.0,717.0,24.0,753.0,2819,1,0,1,Pedestrian
88,0.0,717.0,24.0,753.0,2820,1,0,1,Pedestrian
88,0.0,717.0,24.0,753.0,2821,1,0,1,Pedestrian
88,0.0,717.0,24.0,753.0,2822,1,0,1,Pedestrian
88,0.0,717.0,24.0,753.0,2823,1,0,1,Pedestrian
88,0.0,717.0,24.0,753.0,2824,1,0,1,Pedestrian
88,0.0,717.0,24.0,753.0,2825,1,0,1,Pedestrian
88,0.0,717.0,24.0,753.0,2826,1,0,1,Pedestrian
88,0.0,717.0,24.0,753.0,2827,1,0,1,Pedestrian
88,0.0,717.0,24.0,753.0,2828,1,0,1,Pedestrian
88,0.0,717.0,24.0,753.0,2829,1,0,1,Pedestrian
88,0.0,717.0,24.0,753.0,2830,1,0,1,Pedestrian
88,0.0,717.0,24.0,753.0,2831,1,0,1,Pedestrian
88,0.0,717.0,24.0,753.0,2832,1,0,1,Pedestrian
88,0.0,717.0,24.0,753.0,2833,1,0,1,Pedestrian
88,0.0,717.0,24.0,753.0,2834,1,0,1,Pedestrian
88,0.0,717.0,24.0,753.0,2835,1,0,1,Pedestrian
88,0.0,717.0,24.0,753.0,2836,1,0,1,Pedestrian
88,0.0,717.0,24.0,753.0,2837,1,0,1,Pedestrian
88,0.0,717.0,24.0,753.0,2838,1,0,1,Pedestrian
88,0.0,717.0,24.0,753.0,2839,1,0,1,Pedestrian
88,0.0,717.0,24.0,753.0,2840,1,0,1,Pedestrian
88,0.0,717.0,24.0,753.0,2841,1,0,1,Pedestrian
88,0.0,717.0,24.0,753.0,2842,1,0,1,Pedestrian
88,0.0,717.0,24.0,753.0,2843,1,0,1,Pedestrian
88,0.0,717.0,24.0,753.0,2844,1,0,1,Pedestrian
88,0.0,717.0,24.0,753.0,2845,1,0,1,Pedestrian
88,0.0,717.0,24.0,753.0,2846,1,0,1,Pedestrian
88,0.0,717.0,24.0,753.0,2847,1,0,1,Pedestrian
88,0.0,717.0,24.0,753.0,2848,1,0,1,Pedestrian
88,0.0,717.0,24.0,753.0,2849,1,0,1,Pedestrian
88,0.0,717.0,24.0,753.0,2850,1,0,1,Pedestrian
88,0.0,717.0,24.0,753.0,2851,1,0,1,Pedestrian
88,0.0,717.0,24.0,753.0,2852,1,0,1,Pedestrian
88,0.0,717.0,24.0,753.0,2853,1,0,1,Pedestrian
88,0.0,717.0,24.0,753.0,2854,1,0,1,Pedestrian
88,0.0,717.0,24.0,753.0,2855,1,0,1,Pedestrian
88,0.0,717.0,24.0,753.0,2856,1,0,1,Pedestrian
88,0.0,717.0,24.0,753.0,2857,1,0,1,Pedestrian
88,0.0,717.0,24.0,753.0,2858,1,0,1,Pedestrian
88,0.0,717.0,24.0,753.0,2859,1,0,1,Pedestrian
88,0.0,717.0,24.0,753.0,2860,1,0,1,Pedestrian
88,0.0,717.0,24.0,753.0,2861,1,0,1,Pedestrian
88,0.0,717.0,24.0,753.0,2862,1,0,1,Pedestrian
88,0.0,717.0,24.0,753.0,2863,1,0,1,Pedestrian
88,0.0,717.0,24.0,753.0,2864,1,0,1,Pedestrian
88,0.0,717.0,24.0,753.0,2865,1,0,1,Pedestrian
88,0.0,717.0,24.0,753.0,2866,1,0,1,Pedestrian
88,0.0,717.0,24.0,753.0,2867,1,0,1,Pedestrian
88,0.0,717.0,24.0,753.0,2868,1,0,1,Pedestrian
88,0.0,717.0,24.0,753.0,2869,1,0,1,Pedestrian
88,0.0,717.0,24.0,753.0,2870,1,0,1,Pedestrian
88,0.0,717.0,24.0,753.0,2871,1,0,1,Pedestrian
88,0.0,717.0,24.0,753.0,2872,1,0,1,Pedestrian
88,0.0,717.0,24.0,753.0,2873,1,0,1,Pedestrian
88,0.0,717.0,24.0,753.0,2874,1,0,1,Pedestrian
88,0.0,717.0,24.0,753.0,2875,1,0,1,Pedestrian
88,0.0,717.0,24.0,753.0,2876,1,0,1,Pedestrian
88,0.0,717.0,24.0,753.0,2877,1,0,1,Pedestrian
88,0.0,717.0,24.0,753.0,2878,1,0,1,Pedestrian
88,0.0,717.0,24.0,753.0,2879,1,0,1,Pedestrian
88,0.0,717.0,24.0,753.0,2880,1,0,1,Pedestrian
88,0.0,717.0,24.0,753.0,2881,1,0,1,Pedestrian
88,0.0,717.0,24.0,753.0,2882,1,0,1,Pedestrian
88,0.0,717.0,24.0,753.0,2883,1,0,1,Pedestrian
88,0.0,717.0,24.0,753.0,2884,1,0,1,Pedestrian
88,0.0,717.0,24.0,753.0,2885,1,0,1,Pedestrian
88,0.0,717.0,24.0,753.0,2886,1,0,1,Pedestrian
88,0.0,717.0,24.0,753.0,2887,1,0,1,Pedestrian
88,0.0,717.0,24.0,753.0,2888,1,0,1,Pedestrian
88,0.0,717.0,24.0,753.0,2889,1,0,1,Pedestrian
88,0.0,717.0,24.0,753.0,2890,1,0,1,Pedestrian
88,0.0,717.0,24.0,753.0,2891,1,0,1,Pedestrian
88,0.0,717.0,24.0,753.0,2892,1,0,1,Pedestrian
88,0.0,717.0,24.0,753.0,2893,1,0,1,Pedestrian
88,0.0,717.0,24.0,753.0,2894,1,0,1,Pedestrian
88,0.0,717.0,24.0,753.0,2895,1,0,1,Pedestrian
88,0.0,717.0,24.0,753.0,2896,1,0,1,Pedestrian
88,0.0,717.0,24.0,753.0,2897,1,0,1,Pedestrian
88,0.0,717.0,24.0,753.0,2898,1,0,1,Pedestrian
88,0.0,717.0,24.0,753.0,2899,1,0,1,Pedestrian
88,0.0,717.0,24.0,753.0,2900,1,0,1,Pedestrian
88,0.0,717.0,24.0,753.0,2901,1,0,1,Pedestrian
88,0.0,717.0,24.0,753.0,2902,1,0,1,Pedestrian
88,0.0,717.0,24.0,753.0,2903,1,0,1,Pedestrian
88,0.0,717.0,24.0,753.0,2904,1,0,1,Pedestrian
88,0.0,717.0,24.0,753.0,2905,1,0,1,Pedestrian
88,0.0,717.0,24.0,753.0,2906,1,0,1,Pedestrian
88,0.0,717.0,24.0,753.0,2907,1,0,1,Pedestrian
88,0.0,717.0,24.0,753.0,2908,1,0,1,Pedestrian
88,0.0,717.0,24.0,753.0,2909,1,0,1,Pedestrian
88,0.0,717.0,24.0,753.0,2910,1,0,1,Pedestrian
88,0.0,717.0,24.0,753.0,2911,1,0,1,Pedestrian
88,0.0,717.0,24.0,753.0,2912,1,0,1,Pedestrian
88,0.0,717.0,24.0,753.0,2913,1,0,1,Pedestrian
88,0.0,717.0,24.0,753.0,2914,1,0,1,Pedestrian
88,0.0,717.0,24.0,753.0,2915,1,0,1,Pedestrian
88,0.0,717.0,24.0,753.0,2916,1,0,1,Pedestrian
88,0.0,717.0,24.0,753.0,2917,1,0,1,Pedestrian
88,0.0,717.0,24.0,753.0,2918,1,0,1,Pedestrian
88,0.0,717.0,24.0,753.0,2919,1,0,1,Pedestrian
88,0.0,717.0,24.0,753.0,2920,1,0,1,Pedestrian
88,0.0,717.0,24.0,753.0,2921,1,0,1,Pedestrian
88,0.0,717.0,24.0,753.0,2922,1,0,1,Pedestrian
88,0.0,717.0,24.0,753.0,2923,1,0,1,Pedestrian
88,0.0,717.0,24.0,753.0,2924,1,0,1,Pedestrian
88,0.0,717.0,24.0,753.0,2925,1,0,1,Pedestrian
88,0.0,717.0,24.0,753.0,2926,1,0,1,Pedestrian
88,0.0,717.0,24.0,753.0,2927,1,0,1,Pedestrian
88,0.0,717.0,24.0,753.0,2928,1,0,1,Pedestrian
88,0.0,717.0,24.0,753.0,2929,1,0,1,Pedestrian
88,0.0,717.0,24.0,753.0,2930,1,0,1,Pedestrian
88,0.0,717.0,24.0,753.0,2931,1,0,1,Pedestrian
88,0.0,717.0,24.0,753.0,2932,1,0,1,Pedestrian
88,0.0,717.0,24.0,753.0,2933,1,0,1,Pedestrian
88,0.0,717.0,24.0,753.0,2934,1,0,1,Pedestrian
88,0.0,717.0,24.0,753.0,2935,1,0,1,Pedestrian
88,0.0,717.0,24.0,753.0,2936,1,0,1,Pedestrian
88,0.0,717.0,24.0,753.0,2937,1,0,1,Pedestrian
88,0.0,717.0,24.0,753.0,2938,1,0,1,Pedestrian
88,0.0,717.0,24.0,753.0,2939,1,0,1,Pedestrian
88,0.0,717.0,24.0,753.0,2940,1,0,1,Pedestrian
88,0.0,717.0,24.0,753.0,2941,1,0,1,Pedestrian
88,0.0,717.0,24.0,753.0,2942,1,0,1,Pedestrian
88,0.0,717.0,24.0,753.0,2943,1,0,1,Pedestrian
88,0.0,717.0,24.0,753.0,2944,1,0,1,Pedestrian
88,0.0,717.0,24.0,753.0,2945,1,0,1,Pedestrian
88,0.0,717.0,24.0,753.0,2946,1,0,1,Pedestrian
88,0.0,717.0,24.0,753.0,2947,1,0,1,Pedestrian
88,0.0,717.0,24.0,753.0,2948,1,0,1,Pedestrian
88,0.0,717.0,24.0,753.0,2949,1,0,1,Pedestrian
88,0.0,717.0,24.0,753.0,2950,1,0,1,Pedestrian
88,0.0,717.0,24.0,753.0,2951,1,0,1,Pedestrian
88,0.0,717.0,24.0,753.0,2952,1,0,1,Pedestrian
88,0.0,717.0,24.0,753.0,2953,1,0,1,Pedestrian
88,0.0,717.0,24.0,753.0,2954,1,0,1,Pedestrian
88,0.0,717.0,24.0,753.0,2955,1,0,1,Pedestrian
88,0.0,717.0,24.0,753.0,2956,1,0,1,Pedestrian
88,0.0,717.0,24.0,753.0,2957,1,0,1,Pedestrian
88,0.0,717.0,24.0,753.0,2958,1,0,1,Pedestrian
88,0.0,717.0,24.0,753.0,2959,1,0,1,Pedestrian
88,0.0,717.0,24.0,753.0,2960,1,0,1,Pedestrian
88,0.0,717.0,24.0,753.0,2961,1,0,1,Pedestrian
88,0.0,717.0,24.0,753.0,2962,1,0,1,Pedestrian
88,0.0,717.0,24.0,753.0,2963,1,0,1,Pedestrian
88,0.0,717.0,24.0,753.0,2964,1,0,1,Pedestrian
88,0.0,717.0,24.0,753.0,2965,1,0,1,Pedestrian
88,0.0,717.0,24.0,753.0,2966,1,0,1,Pedestrian
88,0.0,717.0,24.0,753.0,2967,1,0,1,Pedestrian
88,0.0,717.0,24.0,753.0,2968,1,0,1,Pedestrian
88,0.0,717.0,24.0,753.0,2969,1,0,1,Pedestrian
88,0.0,717.0,24.0,753.0,2970,1,0,1,Pedestrian
88,0.0,717.0,24.0,753.0,2971,1,0,1,Pedestrian
88,0.0,717.0,24.0,753.0,2972,1,0,1,Pedestrian
88,0.0,717.0,24.0,753.0,2973,1,0,1,Pedestrian
88,0.0,717.0,24.0,753.0,2974,1,0,1,Pedestrian
88,0.0,717.0,24.0,753.0,2975,1,0,1,Pedestrian
88,0.0,717.0,24.0,753.0,2976,1,0,1,Pedestrian
88,0.0,717.0,24.0,753.0,2977,1,0,1,Pedestrian
88,0.0,717.0,24.0,753.0,2978,1,0,1,Pedestrian
88,0.0,717.0,24.0,753.0,2979,1,0,1,Pedestrian
88,0.0,717.0,24.0,753.0,2980,1,0,1,Pedestrian
88,0.0,717.0,24.0,753.0,2981,1,0,1,Pedestrian
88,0.0,717.0,24.0,753.0,2982,1,0,1,Pedestrian
88,0.0,717.0,24.0,753.0,2983,1,0,1,Pedestrian
88,0.0,717.0,24.0,753.0,2984,1,0,1,Pedestrian
88,0.0,717.0,24.0,753.0,2985,1,0,1,Pedestrian
88,0.0,717.0,24.0,753.0,2986,1,0,1,Pedestrian
88,0.0,717.0,24.0,753.0,2987,1,0,1,Pedestrian
88,0.0,717.0,24.0,753.0,2988,1,0,1,Pedestrian
88,0.0,717.0,24.0,753.0,2989,1,0,1,Pedestrian
88,0.0,717.0,24.0,753.0,2990,1,0,1,Pedestrian
88,0.0,717.0,24.0,753.0,2991,1,0,1,Pedestrian
88,0.0,717.0,24.0,753.0,2992,1,0,1,Pedestrian
88,0.0,717.0,24.0,753.0,2993,1,0,1,Pedestrian
88,0.0,717.0,24.0,753.0,2994,1,0,1,Pedestrian
88,0.0,717.0,24.0,753.0,2995,1,0,1,Pedestrian
88,0.0,717.0,24.0,753.0,2996,1,0,1,Pedestrian
88,0.0,717.0,24.0,753.0,2997,1,0,1,Pedestrian
88,0.0,717.0,24.0,753.0,2998,1,0,1,Pedestrian
88,0.0,717.0,24.0,753.0,2999,1,0,1,Pedestrian
88,0.0,717.0,24.0,753.0,3000,1,0,1,Pedestrian
88,0.0,717.0,24.0,753.0,3001,1,0,1,Pedestrian
88,0.0,717.0,24.0,753.0,3002,1,0,1,Pedestrian
88,0.0,717.0,24.0,753.0,3003,1,0,1,Pedestrian
88,0.0,717.0,24.0,753.0,3004,1,0,1,Pedestrian
88,0.0,717.0,24.0,753.0,3005,1,0,1,Pedestrian
88,0.0,717.0,24.0,753.0,3006,1,0,1,Pedestrian
88,0.0,717.0,24.0,753.0,3007,1,0,1,Pedestrian
88,0.0,717.0,24.0,753.0,3008,1,0,1,Pedestrian
88,0.0,717.0,24.0,753.0,3009,1,0,1,Pedestrian
88,0.0,717.0,24.0,753.0,3010,1,0,1,Pedestrian
88,0.0,717.0,24.0,753.0,3011,1,0,1,Pedestrian
88,0.0,717.0,24.0,753.0,3012,1,0,1,Pedestrian
88,0.0,717.0,24.0,753.0,3013,1,0,1,Pedestrian
88,0.0,717.0,24.0,753.0,3014,1,0,1,Pedestrian
88,0.0,717.0,24.0,753.0,3015,1,0,1,Pedestrian
88,0.0,717.0,24.0,753.0,3016,1,0,1,Pedestrian
88,0.0,717.0,24.0,753.0,3017,1,0,1,Pedestrian
88,0.0,717.0,24.0,753.0,3018,1,0,1,Pedestrian
88,0.0,717.0,24.0,753.0,3019,1,0,1,Pedestrian
88,0.0,717.0,24.0,753.0,3020,1,0,1,Pedestrian
88,0.0,717.0,24.0,753.0,3021,1,0,1,Pedestrian
88,0.0,717.0,24.0,753.0,3022,1,0,1,Pedestrian
88,0.0,717.0,24.0,753.0,3023,1,0,1,Pedestrian
88,0.0,717.0,24.0,753.0,3024,1,0,1,Pedestrian
88,0.0,717.0,24.0,753.0,3025,1,0,1,Pedestrian
88,0.0,717.0,24.0,753.0,3026,1,0,1,Pedestrian
88,0.0,717.0,24.0,753.0,3027,1,0,1,Pedestrian
88,0.0,717.0,24.0,753.0,3028,1,0,1,Pedestrian
88,0.0,717.0,24.0,753.0,3029,1,0,1,Pedestrian
88,0.0,717.0,24.0,753.0,3030,1,0,1,Pedestrian
88,0.0,717.0,24.0,753.0,3031,1,0,0,Pedestrian
89,429.0,1022.0,500.0,1086.0,2500,1,0,0,Biker
89,426.0,1022.0,497.0,1086.0,2501,1,0,1,Biker
89,426.0,1022.0,497.0,1086.0,2502,1,0,1,Biker
89,426.0,1022.0,497.0,1086.0,2503,1,0,1,Biker
89,426.0,1022.0,497.0,1086.0,2504,1,0,1,Biker
89,426.0,1022.0,497.0,1086.0,2505,1,0,1,Biker
89,426.0,1022.0,497.0,1086.0,2506,1,0,1,Biker
89,426.0,1022.0,497.0,1086.0,2507,1,0,1,Biker
89,426.0,1022.0,497.0,1086.0,2508,1,0,1,Biker
89,426.0,1022.0,497.0,1086.0,2509,1,0,1,Biker
89,426.0,1022.0,497.0,1086.0,2510,1,0,1,Biker
89,426.0,1022.0,497.0,1086.0,2511,1,0,1,Biker
89,423.0,1022.0,495.0,1086.0,2512,1,0,1,Biker
89,423.0,1022.0,495.0,1086.0,2513,1,0,1,Biker
89,423.0,1022.0,495.0,1086.0,2514,1,0,1,Biker
89,423.0,1022.0,495.0,1086.0,2515,1,0,1,Biker
89,423.0,1022.0,495.0,1086.0,2516,1,0,1,Biker
89,423.0,1022.0,495.0,1086.0,2517,1,0,1,Biker
89,423.0,1022.0,495.0,1086.0,2518,1,0,1,Biker
89,423.0,1022.0,495.0,1086.0,2519,1,0,1,Biker
89,423.0,1022.0,495.0,1086.0,2520,1,0,1,Biker
89,423.0,1022.0,495.0,1086.0,2521,1,0,1,Biker
89,423.0,1022.0,495.0,1086.0,2522,1,0,1,Biker
89,423.0,1022.0,495.0,1086.0,2523,1,0,1,Biker
89,420.0,1022.0,492.0,1086.0,2524,1,0,1,Biker
89,420.0,1022.0,492.0,1086.0,2525,1,0,1,Biker
89,420.0,1022.0,492.0,1086.0,2526,1,0,1,Biker
89,420.0,1022.0,492.0,1086.0,2527,1,0,1,Biker
89,420.0,1022.0,492.0,1086.0,2528,1,0,1,Biker
89,420.0,1022.0,492.0,1086.0,2529,1,0,1,Biker
89,420.0,1022.0,492.0,1086.0,2530,1,0,1,Biker
89,420.0,1022.0,492.0,1086.0,2531,1,0,1,Biker
89,420.0,1022.0,492.0,1086.0,2532,1,0,1,Biker
89,420.0,1022.0,492.0,1086.0,2533,1,0,1,Biker
89,420.0,1022.0,492.0,1086.0,2534,1,0,1,Biker
89,420.0,1022.0,492.0,1086.0,2535,1,0,1,Biker
89,418.0,1022.0,489.0,1086.0,2536,1,0,1,Biker
89,418.0,1022.0,489.0,1086.0,2537,1,0,1,Biker
89,418.0,1022.0,489.0,1086.0,2538,1,0,1,Biker
89,418.0,1022.0,489.0,1086.0,2539,1,0,1,Biker
89,418.0,1022.0,489.0,1086.0,2540,1,0,1,Biker
89,418.0,1022.0,489.0,1086.0,2541,1,0,1,Biker
89,418.0,1022.0,489.0,1086.0,2542,1,0,1,Biker
89,418.0,1022.0,489.0,1086.0,2543,1,0,1,Biker
89,418.0,1022.0,489.0,1086.0,2544,1,0,1,Biker
89,418.0,1022.0,489.0,1086.0,2545,1,0,1,Biker
89,418.0,1022.0,489.0,1086.0,2546,1,0,1,Biker
89,418.0,1022.0,489.0,1086.0,2547,1,0,1,Biker
89,415.0,1022.0,486.0,1086.0,2548,1,0,1,Biker
89,415.0,1022.0,486.0,1086.0,2549,1,0,1,Biker
89,415.0,1022.0,486.0,1086.0,2550,1,0,1,Biker
89,415.0,1022.0,486.0,1086.0,2551,1,0,1,Biker
89,415.0,1022.0,486.0,1086.0,2552,1,0,1,Biker
89,415.0,1022.0,486.0,1086.0,2553,1,0,1,Biker
89,415.0,1022.0,486.0,1086.0,2554,1,0,1,Biker
89,415.0,1022.0,486.0,1086.0,2555,1,0,1,Biker
89,415.0,1022.0,486.0,1086.0,2556,1,0,1,Biker
89,415.0,1022.0,486.0,1086.0,2557,1,0,1,Biker
89,415.0,1022.0,486.0,1086.0,2558,1,0,1,Biker
89,415.0,1022.0,486.0,1086.0,2559,1,0,1,Biker
89,412.0,1022.0,484.0,1086.0,2560,1,0,1,Biker
89,412.0,1022.0,484.0,1086.0,2561,1,0,1,Biker
89,412.0,1022.0,484.0,1086.0,2562,1,0,1,Biker
89,412.0,1022.0,484.0,1086.0,2563,1,0,1,Biker
89,412.0,1022.0,484.0,1086.0,2564,1,0,1,Biker
89,412.0,1022.0,484.0,1086.0,2565,1,0,1,Biker
89,412.0,1022.0,484.0,1086.0,2566,1,0,1,Biker
89,412.0,1022.0,484.0,1086.0,2567,1,0,1,Biker
89,412.0,1022.0,484.0,1086.0,2568,1,0,1,Biker
89,412.0,1022.0,484.0,1086.0,2569,1,0,1,Biker
89,412.0,1022.0,484.0,1086.0,2570,1,0,1,Biker
89,412.0,1022.0,484.0,1086.0,2571,1,0,1,Biker
89,409.0,1022.0,481.0,1086.0,2572,1,0,1,Biker
89,409.0,1022.0,481.0,1086.0,2573,1,0,1,Biker
89,409.0,1022.0,481.0,1086.0,2574,1,0,1,Biker
89,409.0,1022.0,481.0,1086.0,2575,1,0,1,Biker
89,409.0,1022.0,481.0,1086.0,2576,1,0,1,Biker
89,409.0,1022.0,481.0,1086.0,2577,1,0,1,Biker
89,409.0,1022.0,481.0,1086.0,2578,1,0,1,Biker
89,409.0,1022.0,481.0,1086.0,2579,1,0,1,Biker
89,409.0,1022.0,481.0,1086.0,2580,1,0,1,Biker
89,409.0,1022.0,481.0,1086.0,2581,1,0,1,Biker
89,409.0,1022.0,481.0,1086.0,2582,1,0,1,Biker
89,409.0,1022.0,481.0,1086.0,2583,0,0,0,Biker
89,404.0,1017.0,475.0,1081.0,2584,0,0,1,Biker
89,401.0,1015.0,473.0,1079.0,2585,0,0,1,Biker
89,398.0,1013.0,470.0,1077.0,2586,0,0,1,Biker
89,396.0,1011.0,467.0,1074.0,2587,0,0,1,Biker
89,390.0,1008.0,462.0,1072.0,2588,0,0,1,Biker
89,387.0,1006.0,459.0,1070.0,2589,0,0,1,Biker
89,385.0,1004.0,456.0,1067.0,2590,0,0,1,Biker
89,382.0,1001.0,453.0,1065.0,2591,0,0,1,Biker
89,376.0,999.0,448.0,1063.0,2592,0,0,1,Biker
89,374.0,997.0,445.0,1061.0,2593,0,0,1,Biker
89,371.0,992.0,442.0,1056.0,2594,0,0,1,Biker
89,368.0,990.0,440.0,1054.0,2595,0,0,1,Biker
89,363.0,988.0,434.0,1052.0,2596,0,0,1,Biker
89,360.0,985.0,431.0,1049.0,2597,0,0,1,Biker
89,357.0,983.0,429.0,1047.0,2598,0,0,1,Biker
89,354.0,981.0,426.0,1045.0,2599,0,0,1,Biker
89,352.0,979.0,423.0,1042.0,2600,0,0,1,Biker
89,346.0,976.0,418.0,1040.0,2601,0,0,1,Biker
89,343.0,974.0,415.0,1038.0,2602,0,0,1,Biker
89,341.0,972.0,412.0,1036.0,2603,0,0,1,Biker
89,338.0,970.0,409.0,1033.0,2604,0,0,1,Biker
89,332.0,965.0,404.0,1029.0,2605,0,0,1,Biker
89,330.0,963.0,401.0,1026.0,2606,0,0,1,Biker
89,327.0,960.0,398.0,1024.0,2607,0,0,1,Biker
89,324.0,958.0,396.0,1022.0,2608,0,0,1,Biker
89,319.0,956.0,390.0,1020.0,2609,0,0,1,Biker
89,316.0,954.0,387.0,1017.0,2610,0,0,1,Biker
89,313.0,951.0,385.0,1015.0,2611,0,0,1,Biker
89,310.0,949.0,382.0,1013.0,2612,0,0,1,Biker
89,308.0,947.0,379.0,1011.0,2613,0,0,1,Biker
89,302.0,944.0,374.0,1008.0,2614,0,0,1,Biker
89,299.0,942.0,371.0,1006.0,2615,0,0,1,Biker
89,297.0,938.0,368.0,1001.0,2616,0,0,1,Biker
89,294.0,935.0,365.0,999.0,2617,0,0,1,Biker
89,288.0,933.0,360.0,997.0,2618,0,0,1,Biker
89,286.0,931.0,357.0,995.0,2619,0,0,1,Biker
89,283.0,929.0,354.0,992.0,2620,0,0,1,Biker
89,280.0,926.0,352.0,990.0,2621,0,0,1,Biker
89,275.0,924.0,346.0,988.0,2622,0,0,1,Biker
89,272.0,922.0,343.0,985.0,2623,0,0,1,Biker
89,269.0,919.0,341.0,983.0,2624,0,0,1,Biker
89,266.0,917.0,338.0,981.0,2625,0,0,1,Biker
89,264.0,915.0,335.0,979.0,2626,0,0,0,Biker
89,258.0,913.0,330.0,976.0,2627,0,0,1,Biker
89,253.0,913.0,324.0,976.0,2628,0,0,1,Biker
89,247.0,910.0,319.0,974.0,2629,0,0,1,Biker
89,244.0,910.0,316.0,974.0,2630,0,0,1,Biker
89,239.0,908.0,310.0,972.0,2631,0,0,1,Biker
89,233.0,908.0,305.0,972.0,2632,0,0,1,Biker
89,231.0,908.0,302.0,972.0,2633,0,0,1,Biker
89,225.0,906.0,297.0,970.0,2634,0,0,1,Biker
89,220.0,906.0,291.0,970.0,2635,0,0,1,Biker
89,214.0,904.0,286.0,967.0,2636,0,0,1,Biker
89,211.0,904.0,283.0,967.0,2637,0,0,1,Biker
89,206.0,901.0,277.0,965.0,2638,0,0,1,Biker
89,200.0,901.0,272.0,965.0,2639,0,0,1,Biker
89,198.0,901.0,269.0,965.0,2640,0,0,1,Biker
89,192.0,899.0,264.0,963.0,2641,0,0,1,Biker
89,187.0,899.0,258.0,963.0,2642,0,0,1,Biker
89,184.0,897.0,255.0,960.0,2643,0,0,1,Biker
89,178.0,897.0,250.0,960.0,2644,0,0,1,Biker
89,173.0,894.0,244.0,958.0,2645,0,0,1,Biker
89,167.0,894.0,239.0,958.0,2646,0,0,1,Biker
89,165.0,894.0,236.0,958.0,2647,0,0,1,Biker
89,159.0,892.0,231.0,956.0,2648,0,0,1,Biker
89,154.0,892.0,225.0,956.0,2649,0,0,1,Biker
89,151.0,890.0,222.0,954.0,2650,0,0,1,Biker
89,145.0,890.0,217.0,954.0,2651,0,0,1,Biker
89,140.0,888.0,211.0,951.0,2652,0,0,1,Biker
89,137.0,888.0,209.0,951.0,2653,0,0,1,Biker
89,132.0,888.0,203.0,951.0,2654,0,0,1,Biker
89,126.0,885.0,198.0,949.0,2655,0,0,1,Biker
89,121.0,885.0,192.0,949.0,2656,0,0,1,Biker
89,118.0,883.0,189.0,947.0,2657,0,0,1,Biker
89,112.0,883.0,184.0,947.0,2658,0,0,1,Biker
89,107.0,881.0,178.0,944.0,2659,0,0,1,Biker
89,104.0,881.0,176.0,944.0,2660,0,0,1,Biker
89,99.0,881.0,170.0,944.0,2661,0,0,1,Biker
89,93.0,878.0,165.0,942.0,2662,0,0,1,Biker
89,90.0,878.0,162.0,942.0,2663,0,0,1,Biker
89,85.0,876.0,156.0,940.0,2664,0,0,1,Biker
89,79.0,876.0,151.0,940.0,2665,0,0,1,Biker
89,74.0,874.0,145.0,938.0,2666,0,0,1,Biker
89,71.0,874.0,143.0,938.0,2667,0,0,1,Biker
89,66.0,874.0,137.0,938.0,2668,0,0,1,Biker
89,60.0,872.0,132.0,935.0,2669,0,0,1,Biker
89,57.0,872.0,129.0,935.0,2670,0,0,1,Biker
89,52.0,869.0,123.0,933.0,2671,0,0,1,Biker
89,46.0,869.0,118.0,933.0,2672,0,0,1,Biker
89,44.0,869.0,115.0,933.0,2673,0,0,0,Biker
89,38.0,867.0,121.0,933.0,2674,0,0,1,Biker
89,35.0,865.0,126.0,933.0,2675,0,0,1,Biker
89,33.0,865.0,132.0,935.0,2676,0,0,1,Biker
89,30.0,863.0,137.0,935.0,2677,0,0,1,Biker
89,27.0,863.0,143.0,938.0,2678,0,0,0,Biker
89,24.0,860.0,137.0,935.0,2679,0,0,1,Biker
89,22.0,860.0,132.0,935.0,2680,0,0,1,Biker
89,22.0,858.0,129.0,935.0,2681,0,0,1,Biker
89,19.0,858.0,123.0,933.0,2682,0,0,1,Biker
89,19.0,858.0,121.0,933.0,2683,0,0,1,Biker
89,16.0,856.0,115.0,933.0,2684,0,0,1,Biker
89,13.0,856.0,110.0,931.0,2685,0,0,1,Biker
89,13.0,853.0,107.0,931.0,2686,0,0,1,Biker
89,11.0,853.0,101.0,931.0,2687,0,0,1,Biker
89,11.0,853.0,99.0,931.0,2688,0,0,0,Biker
89,8.0,853.0,90.0,929.0,2689,0,0,1,Biker
89,8.0,853.0,82.0,929.0,2690,0,0,1,Biker
89,5.0,856.0,74.0,929.0,2691,0,0,1,Biker
89,5.0,856.0,66.0,929.0,2692,0,0,1,Biker
89,5.0,858.0,57.0,929.0,2693,0,0,1,Biker
89,2.0,858.0,49.0,926.0,2694,0,0,1,Biker
89,2.0,858.0,41.0,926.0,2695,0,0,1,Biker
89,0.0,860.0,33.0,926.0,2696,0,0,1,Biker
89,0.0,860.0,24.0,926.0,2697,0,0,1,Biker
89,0.0,863.0,16.0,926.0,2698,1,0,0,Biker
89,0.0,860.0,16.0,924.0,2699,1,0,1,Biker
89,0.0,858.0,19.0,922.0,2700,1,0,1,Biker
89,0.0,858.0,22.0,922.0,2701,1,0,1,Biker
89,0.0,856.0,24.0,919.0,2702,1,0,1,Biker
89,0.0,853.0,24.0,917.0,2703,1,0,1,Biker
89,0.0,853.0,27.0,917.0,2704,1,0,1,Biker
89,0.0,851.0,30.0,915.0,2705,1,0,1,Biker
89,0.0,851.0,33.0,915.0,2706,1,0,1,Biker
89,0.0,849.0,33.0,913.0,2707,1,0,1,Biker
89,0.0,847.0,35.0,910.0,2708,1,0,1,Biker
89,0.0,847.0,38.0,910.0,2709,1,0,1,Biker
89,0.0,844.0,41.0,908.0,2710,1,0,1,Biker
89,0.0,842.0,41.0,906.0,2711,1,0,1,Biker
89,0.0,842.0,44.0,906.0,2712,1,0,1,Biker
89,0.0,840.0,46.0,904.0,2713,1,0,1,Biker
89,0.0,840.0,49.0,904.0,2714,1,0,0,Biker
89,0.0,840.0,49.0,904.0,2715,1,0,1,Biker
89,0.0,840.0,49.0,904.0,2716,1,0,1,Biker
89,0.0,840.0,49.0,904.0,2717,1,0,1,Biker
89,0.0,840.0,49.0,904.0,2718,1,0,1,Biker
89,0.0,840.0,49.0,904.0,2719,1,0,1,Biker
89,0.0,840.0,49.0,904.0,2720,1,0,1,Biker
89,0.0,840.0,49.0,904.0,2721,1,0,1,Biker
89,0.0,840.0,49.0,904.0,2722,1,0,1,Biker
89,0.0,840.0,49.0,904.0,2723,1,0,1,Biker
89,0.0,840.0,49.0,904.0,2724,1,0,1,Biker
89,0.0,840.0,49.0,904.0,2725,1,0,1,Biker
89,0.0,840.0,49.0,904.0,2726,1,0,1,Biker
89,0.0,840.0,49.0,904.0,2727,1,0,1,Biker
89,0.0,840.0,49.0,904.0,2728,1,0,1,Biker
89,0.0,840.0,49.0,904.0,2729,1,0,1,Biker
89,0.0,840.0,49.0,904.0,2730,1,0,1,Biker
89,0.0,840.0,49.0,904.0,2731,1,0,1,Biker
89,0.0,840.0,49.0,904.0,2732,1,0,1,Biker
89,0.0,840.0,49.0,904.0,2733,1,0,1,Biker
89,0.0,840.0,49.0,904.0,2734,1,0,1,Biker
89,0.0,840.0,49.0,904.0,2735,1,0,1,Biker
89,0.0,840.0,49.0,904.0,2736,1,0,1,Biker
89,0.0,840.0,49.0,904.0,2737,1,0,1,Biker
89,0.0,840.0,49.0,904.0,2738,1,0,1,Biker
89,0.0,840.0,49.0,904.0,2739,1,0,1,Biker
89,0.0,840.0,49.0,904.0,2740,1,0,1,Biker
89,0.0,840.0,49.0,904.0,2741,1,0,1,Biker
89,0.0,840.0,49.0,904.0,2742,1,0,1,Biker
89,0.0,840.0,49.0,904.0,2743,1,0,1,Biker
89,0.0,840.0,49.0,904.0,2744,1,0,1,Biker
89,0.0,840.0,49.0,904.0,2745,1,0,1,Biker
89,0.0,840.0,49.0,904.0,2746,1,0,1,Biker
89,0.0,840.0,49.0,904.0,2747,1,0,1,Biker
89,0.0,840.0,49.0,904.0,2748,1,0,1,Biker
89,0.0,840.0,49.0,904.0,2749,1,0,1,Biker
89,0.0,840.0,49.0,904.0,2750,1,0,1,Biker
89,0.0,840.0,49.0,904.0,2751,1,0,1,Biker
89,0.0,840.0,49.0,904.0,2752,1,0,1,Biker
89,0.0,840.0,49.0,904.0,2753,1,0,1,Biker
89,0.0,840.0,49.0,904.0,2754,1,0,1,Biker
89,0.0,840.0,49.0,904.0,2755,1,0,1,Biker
89,0.0,840.0,49.0,904.0,2756,1,0,1,Biker
89,0.0,840.0,49.0,904.0,2757,1,0,1,Biker
89,0.0,840.0,49.0,904.0,2758,1,0,1,Biker
89,0.0,840.0,49.0,904.0,2759,1,0,1,Biker
89,0.0,840.0,49.0,904.0,2760,1,0,1,Biker
89,0.0,840.0,49.0,904.0,2761,1,0,1,Biker
89,0.0,840.0,49.0,904.0,2762,1,0,1,Biker
89,0.0,840.0,49.0,904.0,2763,1,0,1,Biker
89,0.0,840.0,49.0,904.0,2764,1,0,1,Biker
89,0.0,840.0,49.0,904.0,2765,1,0,1,Biker
89,0.0,840.0,49.0,904.0,2766,1,0,1,Biker
89,0.0,840.0,49.0,904.0,2767,1,0,1,Biker
89,0.0,840.0,49.0,904.0,2768,1,0,1,Biker
89,0.0,840.0,49.0,904.0,2769,1,0,1,Biker
89,0.0,840.0,49.0,904.0,2770,1,0,1,Biker
89,0.0,840.0,49.0,904.0,2771,1,0,1,Biker
89,0.0,840.0,49.0,904.0,2772,1,0,1,Biker
89,0.0,840.0,49.0,904.0,2773,1,0,1,Biker
89,0.0,840.0,49.0,904.0,2774,1,0,1,Biker
89,0.0,840.0,49.0,904.0,2775,1,0,1,Biker
89,0.0,840.0,49.0,904.0,2776,1,0,1,Biker
89,0.0,840.0,49.0,904.0,2777,1,0,1,Biker
89,0.0,840.0,49.0,904.0,2778,1,0,1,Biker
89,0.0,840.0,49.0,904.0,2779,1,0,1,Biker
89,0.0,840.0,49.0,904.0,2780,1,0,1,Biker
89,0.0,840.0,49.0,904.0,2781,1,0,1,Biker
89,0.0,840.0,49.0,904.0,2782,1,0,1,Biker
89,0.0,840.0,49.0,904.0,2783,1,0,1,Biker
89,0.0,840.0,49.0,904.0,2784,1,0,1,Biker
89,0.0,840.0,49.0,904.0,2785,1,0,1,Biker
89,0.0,840.0,49.0,904.0,2786,1,0,1,Biker
89,0.0,840.0,49.0,904.0,2787,1,0,1,Biker
89,0.0,840.0,49.0,904.0,2788,1,0,1,Biker
89,0.0,840.0,49.0,904.0,2789,1,0,1,Biker
89,0.0,840.0,49.0,904.0,2790,1,0,1,Biker
89,0.0,840.0,49.0,904.0,2791,1,0,1,Biker
89,0.0,840.0,49.0,904.0,2792,1,0,1,Biker
89,0.0,840.0,49.0,904.0,2793,1,0,1,Biker
89,0.0,840.0,49.0,904.0,2794,1,0,1,Biker
89,0.0,840.0,49.0,904.0,2795,1,0,1,Biker
89,0.0,840.0,49.0,904.0,2796,1,0,1,Biker
89,0.0,840.0,49.0,904.0,2797,1,0,1,Biker
89,0.0,840.0,49.0,904.0,2798,1,0,1,Biker
89,0.0,840.0,49.0,904.0,2799,1,0,1,Biker
89,0.0,840.0,49.0,904.0,2800,1,0,1,Biker
89,0.0,840.0,49.0,904.0,2801,1,0,1,Biker
89,0.0,840.0,49.0,904.0,2802,1,0,1,Biker
89,0.0,840.0,49.0,904.0,2803,1,0,1,Biker
89,0.0,840.0,49.0,904.0,2804,1,0,1,Biker
89,0.0,840.0,49.0,904.0,2805,1,0,1,Biker
89,0.0,840.0,49.0,904.0,2806,1,0,1,Biker
89,0.0,840.0,49.0,904.0,2807,1,0,1,Biker
89,0.0,840.0,49.0,904.0,2808,1,0,1,Biker
89,0.0,840.0,49.0,904.0,2809,1,0,1,Biker
89,0.0,840.0,49.0,904.0,2810,1,0,1,Biker
89,0.0,840.0,49.0,904.0,2811,1,0,1,Biker
89,0.0,840.0,49.0,904.0,2812,1,0,1,Biker
89,0.0,840.0,49.0,904.0,2813,1,0,1,Biker
89,0.0,840.0,49.0,904.0,2814,1,0,1,Biker
89,0.0,840.0,49.0,904.0,2815,1,0,1,Biker
89,0.0,840.0,49.0,904.0,2816,1,0,1,Biker
89,0.0,840.0,49.0,904.0,2817,1,0,1,Biker
89,0.0,840.0,49.0,904.0,2818,1,0,1,Biker
89,0.0,840.0,49.0,904.0,2819,1,0,1,Biker
89,0.0,840.0,49.0,904.0,2820,1,0,1,Biker
89,0.0,840.0,49.0,904.0,2821,1,0,1,Biker
89,0.0,840.0,49.0,904.0,2822,1,0,1,Biker
89,0.0,840.0,49.0,904.0,2823,1,0,1,Biker
89,0.0,840.0,49.0,904.0,2824,1,0,1,Biker
89,0.0,840.0,49.0,904.0,2825,1,0,1,Biker
89,0.0,840.0,49.0,904.0,2826,1,0,1,Biker
89,0.0,840.0,49.0,904.0,2827,1,0,1,Biker
89,0.0,840.0,49.0,904.0,2828,1,0,1,Biker
89,0.0,840.0,49.0,904.0,2829,1,0,1,Biker
89,0.0,840.0,49.0,904.0,2830,1,0,1,Biker
89,0.0,840.0,49.0,904.0,2831,1,0,1,Biker
89,0.0,840.0,49.0,904.0,2832,1,0,1,Biker
89,0.0,840.0,49.0,904.0,2833,1,0,1,Biker
89,0.0,840.0,49.0,904.0,2834,1,0,1,Biker
89,0.0,840.0,49.0,904.0,2835,1,0,1,Biker
89,0.0,840.0,49.0,904.0,2836,1,0,1,Biker
89,0.0,840.0,49.0,904.0,2837,1,0,1,Biker
89,0.0,840.0,49.0,904.0,2838,1,0,1,Biker
89,0.0,840.0,49.0,904.0,2839,1,0,1,Biker
89,0.0,840.0,49.0,904.0,2840,1,0,1,Biker
89,0.0,840.0,49.0,904.0,2841,1,0,1,Biker
89,0.0,840.0,49.0,904.0,2842,1,0,1,Biker
89,0.0,840.0,49.0,904.0,2843,1,0,1,Biker
89,0.0,840.0,49.0,904.0,2844,1,0,1,Biker
89,0.0,840.0,49.0,904.0,2845,1,0,1,Biker
89,0.0,840.0,49.0,904.0,2846,1,0,1,Biker
89,0.0,840.0,49.0,904.0,2847,1,0,1,Biker
89,0.0,840.0,49.0,904.0,2848,1,0,1,Biker
89,0.0,840.0,49.0,904.0,2849,1,0,1,Biker
89,0.0,840.0,49.0,904.0,2850,1,0,1,Biker
89,0.0,840.0,49.0,904.0,2851,1,0,1,Biker
89,0.0,840.0,49.0,904.0,2852,1,0,1,Biker
89,0.0,840.0,49.0,904.0,2853,1,0,1,Biker
89,0.0,840.0,49.0,904.0,2854,1,0,1,Biker
89,0.0,840.0,49.0,904.0,2855,1,0,1,Biker
89,0.0,840.0,49.0,904.0,2856,1,0,1,Biker
89,0.0,840.0,49.0,904.0,2857,1,0,1,Biker
89,0.0,840.0,49.0,904.0,2858,1,0,1,Biker
89,0.0,840.0,49.0,904.0,2859,1,0,1,Biker
89,0.0,840.0,49.0,904.0,2860,1,0,1,Biker
89,0.0,840.0,49.0,904.0,2861,1,0,1,Biker
89,0.0,840.0,49.0,904.0,2862,1,0,1,Biker
89,0.0,840.0,49.0,904.0,2863,1,0,1,Biker
89,0.0,840.0,49.0,904.0,2864,1,0,1,Biker
89,0.0,840.0,49.0,904.0,2865,1,0,1,Biker
89,0.0,840.0,49.0,904.0,2866,1,0,1,Biker
89,0.0,840.0,49.0,904.0,2867,1,0,1,Biker
89,0.0,840.0,49.0,904.0,2868,1,0,1,Biker
89,0.0,840.0,49.0,904.0,2869,1,0,1,Biker
89,0.0,840.0,49.0,904.0,2870,1,0,1,Biker
89,0.0,840.0,49.0,904.0,2871,1,0,1,Biker
89,0.0,840.0,49.0,904.0,2872,1,0,1,Biker
89,0.0,840.0,49.0,904.0,2873,1,0,1,Biker
89,0.0,840.0,49.0,904.0,2874,1,0,1,Biker
89,0.0,840.0,49.0,904.0,2875,1,0,1,Biker
89,0.0,840.0,49.0,904.0,2876,1,0,1,Biker
89,0.0,840.0,49.0,904.0,2877,1,0,1,Biker
89,0.0,840.0,49.0,904.0,2878,1,0,1,Biker
89,0.0,840.0,49.0,904.0,2879,1,0,1,Biker
89,0.0,840.0,49.0,904.0,2880,1,0,1,Biker
89,0.0,840.0,49.0,904.0,2881,1,0,1,Biker
89,0.0,840.0,49.0,904.0,2882,1,0,1,Biker
89,0.0,840.0,49.0,904.0,2883,1,0,1,Biker
89,0.0,840.0,49.0,904.0,2884,1,0,1,Biker
89,0.0,840.0,49.0,904.0,2885,1,0,1,Biker
89,0.0,840.0,49.0,904.0,2886,1,0,1,Biker
89,0.0,840.0,49.0,904.0,2887,1,0,1,Biker
89,0.0,840.0,49.0,904.0,2888,1,0,1,Biker
89,0.0,840.0,49.0,904.0,2889,1,0,1,Biker
89,0.0,840.0,49.0,904.0,2890,1,0,1,Biker
89,0.0,840.0,49.0,904.0,2891,1,0,1,Biker
89,0.0,840.0,49.0,904.0,2892,1,0,1,Biker
89,0.0,840.0,49.0,904.0,2893,1,0,1,Biker
89,0.0,840.0,49.0,904.0,2894,1,0,1,Biker
89,0.0,840.0,49.0,904.0,2895,1,0,1,Biker
89,0.0,840.0,49.0,904.0,2896,1,0,1,Biker
89,0.0,840.0,49.0,904.0,2897,1,0,1,Biker
89,0.0,840.0,49.0,904.0,2898,1,0,1,Biker
89,0.0,840.0,49.0,904.0,2899,1,0,1,Biker
89,0.0,840.0,49.0,904.0,2900,1,0,1,Biker
89,0.0,840.0,49.0,904.0,2901,1,0,1,Biker
89,0.0,840.0,49.0,904.0,2902,1,0,1,Biker
89,0.0,840.0,49.0,904.0,2903,1,0,1,Biker
89,0.0,840.0,49.0,904.0,2904,1,0,1,Biker
89,0.0,840.0,49.0,904.0,2905,1,0,1,Biker
89,0.0,840.0,49.0,904.0,2906,1,0,1,Biker
89,0.0,840.0,49.0,904.0,2907,1,0,1,Biker
89,0.0,840.0,49.0,904.0,2908,1,0,1,Biker
89,0.0,840.0,49.0,904.0,2909,1,0,1,Biker
89,0.0,840.0,49.0,904.0,2910,1,0,1,Biker
89,0.0,840.0,49.0,904.0,2911,1,0,1,Biker
89,0.0,840.0,49.0,904.0,2912,1,0,1,Biker
89,0.0,840.0,49.0,904.0,2913,1,0,1,Biker
89,0.0,840.0,49.0,904.0,2914,1,0,1,Biker
89,0.0,840.0,49.0,904.0,2915,1,0,1,Biker
89,0.0,840.0,49.0,904.0,2916,1,0,1,Biker
89,0.0,840.0,49.0,904.0,2917,1,0,1,Biker
89,0.0,840.0,49.0,904.0,2918,1,0,1,Biker
89,0.0,840.0,49.0,904.0,2919,1,0,1,Biker
89,0.0,840.0,49.0,904.0,2920,1,0,1,Biker
89,0.0,840.0,49.0,904.0,2921,1,0,1,Biker
89,0.0,840.0,49.0,904.0,2922,1,0,1,Biker
89,0.0,840.0,49.0,904.0,2923,1,0,1,Biker
89,0.0,840.0,49.0,904.0,2924,1,0,1,Biker
89,0.0,840.0,49.0,904.0,2925,1,0,1,Biker
89,0.0,840.0,49.0,904.0,2926,1,0,1,Biker
89,0.0,840.0,49.0,904.0,2927,1,0,1,Biker
89,0.0,840.0,49.0,904.0,2928,1,0,1,Biker
89,0.0,840.0,49.0,904.0,2929,1,0,1,Biker
89,0.0,840.0,49.0,904.0,2930,1,0,1,Biker
89,0.0,840.0,49.0,904.0,2931,1,0,1,Biker
89,0.0,840.0,49.0,904.0,2932,1,0,1,Biker
89,0.0,840.0,49.0,904.0,2933,1,0,1,Biker
89,0.0,840.0,49.0,904.0,2934,1,0,1,Biker
89,0.0,840.0,49.0,904.0,2935,1,0,1,Biker
89,0.0,840.0,49.0,904.0,2936,1,0,1,Biker
89,0.0,840.0,49.0,904.0,2937,1,0,1,Biker
89,0.0,840.0,49.0,904.0,2938,1,0,1,Biker
89,0.0,840.0,49.0,904.0,2939,1,0,1,Biker
89,0.0,840.0,49.0,904.0,2940,1,0,1,Biker
89,0.0,840.0,49.0,904.0,2941,1,0,1,Biker
89,0.0,840.0,49.0,904.0,2942,1,0,1,Biker
89,0.0,840.0,49.0,904.0,2943,1,0,1,Biker
89,0.0,840.0,49.0,904.0,2944,1,0,1,Biker
89,0.0,840.0,49.0,904.0,2945,1,0,1,Biker
89,0.0,840.0,49.0,904.0,2946,1,0,1,Biker
89,0.0,840.0,49.0,904.0,2947,1,0,1,Biker
89,0.0,840.0,49.0,904.0,2948,1,0,1,Biker
89,0.0,840.0,49.0,904.0,2949,1,0,1,Biker
89,0.0,840.0,49.0,904.0,2950,1,0,1,Biker
89,0.0,840.0,49.0,904.0,2951,1,0,1,Biker
89,0.0,840.0,49.0,904.0,2952,1,0,1,Biker
89,0.0,840.0,49.0,904.0,2953,1,0,1,Biker
89,0.0,840.0,49.0,904.0,2954,1,0,1,Biker
89,0.0,840.0,49.0,904.0,2955,1,0,1,Biker
89,0.0,840.0,49.0,904.0,2956,1,0,1,Biker
89,0.0,840.0,49.0,904.0,2957,1,0,1,Biker
89,0.0,840.0,49.0,904.0,2958,1,0,1,Biker
89,0.0,840.0,49.0,904.0,2959,1,0,1,Biker
89,0.0,840.0,49.0,904.0,2960,1,0,1,Biker
89,0.0,840.0,49.0,904.0,2961,1,0,1,Biker
89,0.0,840.0,49.0,904.0,2962,1,0,1,Biker
89,0.0,840.0,49.0,904.0,2963,1,0,1,Biker
89,0.0,840.0,49.0,904.0,2964,1,0,1,Biker
89,0.0,840.0,49.0,904.0,2965,1,0,1,Biker
89,0.0,840.0,49.0,904.0,2966,1,0,1,Biker
89,0.0,840.0,49.0,904.0,2967,1,0,1,Biker
89,0.0,840.0,49.0,904.0,2968,1,0,1,Biker
89,0.0,840.0,49.0,904.0,2969,1,0,1,Biker
89,0.0,840.0,49.0,904.0,2970,1,0,1,Biker
89,0.0,840.0,49.0,904.0,2971,1,0,1,Biker
89,0.0,840.0,49.0,904.0,2972,1,0,1,Biker
89,0.0,840.0,49.0,904.0,2973,1,0,1,Biker
89,0.0,840.0,49.0,904.0,2974,1,0,1,Biker
89,0.0,840.0,49.0,904.0,2975,1,0,1,Biker
89,0.0,840.0,49.0,904.0,2976,1,0,1,Biker
89,0.0,840.0,49.0,904.0,2977,1,0,1,Biker
89,0.0,840.0,49.0,904.0,2978,1,0,1,Biker
89,0.0,840.0,49.0,904.0,2979,1,0,1,Biker
89,0.0,840.0,49.0,904.0,2980,1,0,1,Biker
89,0.0,840.0,49.0,904.0,2981,1,0,1,Biker
89,0.0,840.0,49.0,904.0,2982,1,0,1,Biker
89,0.0,840.0,49.0,904.0,2983,1,0,1,Biker
89,0.0,840.0,49.0,904.0,2984,1,0,1,Biker
89,0.0,840.0,49.0,904.0,2985,1,0,1,Biker
89,0.0,840.0,49.0,904.0,2986,1,0,1,Biker
89,0.0,840.0,49.0,904.0,2987,1,0,1,Biker
89,0.0,840.0,49.0,904.0,2988,1,0,1,Biker
89,0.0,840.0,49.0,904.0,2989,1,0,1,Biker
89,0.0,840.0,49.0,904.0,2990,1,0,1,Biker
89,0.0,840.0,49.0,904.0,2991,1,0,1,Biker
89,0.0,840.0,49.0,904.0,2992,1,0,1,Biker
89,0.0,840.0,49.0,904.0,2993,1,0,1,Biker
89,0.0,840.0,49.0,904.0,2994,1,0,1,Biker
89,0.0,840.0,49.0,904.0,2995,1,0,1,Biker
89,0.0,840.0,49.0,904.0,2996,1,0,1,Biker
89,0.0,840.0,49.0,904.0,2997,1,0,1,Biker
89,0.0,840.0,49.0,904.0,2998,1,0,1,Biker
89,0.0,840.0,49.0,904.0,2999,1,0,1,Biker
89,0.0,840.0,49.0,904.0,3000,1,0,1,Biker
89,0.0,840.0,49.0,904.0,3001,1,0,1,Biker
89,0.0,840.0,49.0,904.0,3002,1,0,1,Biker
89,0.0,840.0,49.0,904.0,3003,1,0,1,Biker
89,0.0,840.0,49.0,904.0,3004,1,0,1,Biker
89,0.0,840.0,49.0,904.0,3005,1,0,1,Biker
89,0.0,840.0,49.0,904.0,3006,1,0,1,Biker
89,0.0,840.0,49.0,904.0,3007,1,0,1,Biker
89,0.0,840.0,49.0,904.0,3008,1,0,1,Biker
89,0.0,840.0,49.0,904.0,3009,1,0,1,Biker
89,0.0,840.0,49.0,904.0,3010,1,0,1,Biker
89,0.0,840.0,49.0,904.0,3011,1,0,1,Biker
89,0.0,840.0,49.0,904.0,3012,1,0,1,Biker
89,0.0,840.0,49.0,904.0,3013,1,0,1,Biker
89,0.0,840.0,49.0,904.0,3014,1,0,1,Biker
89,0.0,840.0,49.0,904.0,3015,1,0,1,Biker
89,0.0,840.0,49.0,904.0,3016,1,0,1,Biker
89,0.0,840.0,49.0,904.0,3017,1,0,1,Biker
89,0.0,840.0,49.0,904.0,3018,1,0,1,Biker
89,0.0,840.0,49.0,904.0,3019,1,0,1,Biker
89,0.0,840.0,49.0,904.0,3020,1,0,1,Biker
89,0.0,840.0,49.0,904.0,3021,1,0,1,Biker
89,0.0,840.0,49.0,904.0,3022,1,0,1,Biker
89,0.0,840.0,49.0,904.0,3023,1,0,1,Biker
89,0.0,840.0,49.0,904.0,3024,1,0,1,Biker
89,0.0,840.0,49.0,904.0,3025,1,0,1,Biker
89,0.0,840.0,49.0,904.0,3026,1,0,1,Biker
89,0.0,840.0,49.0,904.0,3027,1,0,1,Biker
89,0.0,840.0,49.0,904.0,3028,1,0,1,Biker
89,0.0,840.0,49.0,904.0,3029,1,0,1,Biker
89,0.0,840.0,49.0,904.0,3030,1,0,1,Biker
89,0.0,840.0,49.0,904.0,3031,1,0,0,Biker
90,572.0,1047.0,643.0,1090.0,2500,1,0,0,Pedestrian
90,572.0,1047.0,643.0,1090.0,2501,1,0,1,Pedestrian
90,572.0,1047.0,643.0,1090.0,2502,1,0,1,Pedestrian
90,572.0,1047.0,643.0,1090.0,2503,1,0,1,Pedestrian
90,572.0,1047.0,643.0,1090.0,2504,1,0,1,Pedestrian
90,572.0,1047.0,643.0,1090.0,2505,1,0,1,Pedestrian
90,572.0,1047.0,643.0,1090.0,2506,1,0,1,Pedestrian
90,572.0,1047.0,643.0,1090.0,2507,1,0,1,Pedestrian
90,572.0,1047.0,643.0,1090.0,2508,1,0,1,Pedestrian
90,572.0,1047.0,643.0,1090.0,2509,1,0,1,Pedestrian
90,572.0,1047.0,643.0,1090.0,2510,1,0,1,Pedestrian
90,572.0,1047.0,643.0,1090.0,2511,1,0,1,Pedestrian
90,572.0,1047.0,643.0,1090.0,2512,1,0,1,Pedestrian
90,572.0,1047.0,643.0,1090.0,2513,1,0,1,Pedestrian
90,572.0,1047.0,643.0,1090.0,2514,1,0,1,Pedestrian
90,572.0,1047.0,643.0,1090.0,2515,1,0,1,Pedestrian
90,572.0,1047.0,643.0,1090.0,2516,1,0,1,Pedestrian
90,572.0,1047.0,643.0,1090.0,2517,1,0,1,Pedestrian
90,572.0,1047.0,643.0,1090.0,2518,1,0,1,Pedestrian
90,572.0,1047.0,643.0,1090.0,2519,1,0,1,Pedestrian
90,572.0,1047.0,643.0,1090.0,2520,1,0,1,Pedestrian
90,572.0,1047.0,643.0,1090.0,2521,1,0,1,Pedestrian
90,572.0,1047.0,643.0,1090.0,2522,1,0,1,Pedestrian
90,572.0,1047.0,643.0,1090.0,2523,1,0,1,Pedestrian
90,572.0,1047.0,643.0,1090.0,2524,1,0,1,Pedestrian
90,572.0,1047.0,643.0,1090.0,2525,1,0,1,Pedestrian
90,572.0,1047.0,643.0,1090.0,2526,1,0,1,Pedestrian
90,572.0,1047.0,643.0,1090.0,2527,1,0,1,Pedestrian
90,572.0,1047.0,643.0,1090.0,2528,1,0,1,Pedestrian
90,572.0,1047.0,643.0,1090.0,2529,1,0,1,Pedestrian
90,572.0,1047.0,643.0,1090.0,2530,1,0,1,Pedestrian
90,572.0,1047.0,643.0,1090.0,2531,1,0,1,Pedestrian
90,572.0,1047.0,643.0,1090.0,2532,1,0,1,Pedestrian
90,572.0,1047.0,643.0,1090.0,2533,1,0,1,Pedestrian
90,572.0,1047.0,643.0,1090.0,2534,1,0,1,Pedestrian
90,572.0,1047.0,643.0,1090.0,2535,1,0,1,Pedestrian
90,572.0,1047.0,643.0,1090.0,2536,1,0,1,Pedestrian
90,572.0,1047.0,643.0,1090.0,2537,1,0,1,Pedestrian
90,572.0,1047.0,643.0,1090.0,2538,1,0,1,Pedestrian
90,572.0,1047.0,643.0,1090.0,2539,1,0,1,Pedestrian
90,572.0,1047.0,643.0,1090.0,2540,1,0,1,Pedestrian
90,572.0,1047.0,643.0,1090.0,2541,1,0,1,Pedestrian
90,572.0,1047.0,643.0,1090.0,2542,1,0,1,Pedestrian
90,572.0,1047.0,643.0,1090.0,2543,1,0,1,Pedestrian
90,572.0,1047.0,643.0,1090.0,2544,1,0,1,Pedestrian
90,572.0,1047.0,643.0,1090.0,2545,1,0,1,Pedestrian
90,572.0,1047.0,643.0,1090.0,2546,1,0,1,Pedestrian
90,572.0,1047.0,643.0,1090.0,2547,1,0,1,Pedestrian
90,572.0,1047.0,643.0,1090.0,2548,1,0,1,Pedestrian
90,572.0,1047.0,643.0,1090.0,2549,1,0,1,Pedestrian
90,572.0,1047.0,643.0,1090.0,2550,1,0,1,Pedestrian
90,572.0,1047.0,643.0,1090.0,2551,1,0,1,Pedestrian
90,572.0,1047.0,643.0,1090.0,2552,1,0,1,Pedestrian
90,572.0,1047.0,643.0,1090.0,2553,1,0,1,Pedestrian
90,572.0,1047.0,643.0,1090.0,2554,1,0,1,Pedestrian
90,572.0,1047.0,643.0,1090.0,2555,1,0,1,Pedestrian
90,572.0,1047.0,643.0,1090.0,2556,1,0,1,Pedestrian
90,572.0,1047.0,643.0,1090.0,2557,1,0,1,Pedestrian
90,572.0,1047.0,643.0,1090.0,2558,1,0,1,Pedestrian
90,572.0,1047.0,643.0,1090.0,2559,1,0,1,Pedestrian
90,572.0,1047.0,643.0,1090.0,2560,1,0,1,Pedestrian
90,572.0,1047.0,643.0,1090.0,2561,1,0,1,Pedestrian
90,572.0,1047.0,643.0,1090.0,2562,1,0,1,Pedestrian
90,572.0,1047.0,643.0,1090.0,2563,1,0,1,Pedestrian
90,572.0,1047.0,643.0,1090.0,2564,1,0,1,Pedestrian
90,572.0,1047.0,643.0,1090.0,2565,1,0,1,Pedestrian
90,572.0,1047.0,643.0,1090.0,2566,1,0,1,Pedestrian
90,572.0,1047.0,643.0,1090.0,2567,1,0,1,Pedestrian
90,572.0,1047.0,643.0,1090.0,2568,1,0,1,Pedestrian
90,572.0,1047.0,643.0,1090.0,2569,1,0,1,Pedestrian
90,572.0,1047.0,643.0,1090.0,2570,1,0,1,Pedestrian
90,572.0,1047.0,643.0,1090.0,2571,1,0,1,Pedestrian
90,572.0,1047.0,643.0,1090.0,2572,1,0,1,Pedestrian
90,572.0,1047.0,643.0,1090.0,2573,1,0,1,Pedestrian
90,572.0,1047.0,643.0,1090.0,2574,1,0,1,Pedestrian
90,572.0,1047.0,643.0,1090.0,2575,1,0,1,Pedestrian
90,572.0,1047.0,643.0,1090.0,2576,1,0,1,Pedestrian
90,572.0,1047.0,643.0,1090.0,2577,1,0,1,Pedestrian
90,572.0,1047.0,643.0,1090.0,2578,1,0,1,Pedestrian
90,572.0,1047.0,643.0,1090.0,2579,1,0,1,Pedestrian
90,572.0,1047.0,643.0,1090.0,2580,1,0,1,Pedestrian
90,572.0,1047.0,643.0,1090.0,2581,1,0,1,Pedestrian
90,572.0,1047.0,643.0,1090.0,2582,1,0,1,Pedestrian
90,572.0,1047.0,643.0,1090.0,2583,1,0,1,Pedestrian
90,572.0,1047.0,643.0,1090.0,2584,1,0,1,Pedestrian
90,572.0,1047.0,643.0,1090.0,2585,1,0,1,Pedestrian
90,572.0,1047.0,643.0,1090.0,2586,1,0,1,Pedestrian
90,572.0,1047.0,643.0,1090.0,2587,1,0,1,Pedestrian
90,572.0,1047.0,643.0,1090.0,2588,1,0,1,Pedestrian
90,572.0,1047.0,643.0,1090.0,2589,1,0,1,Pedestrian
90,572.0,1047.0,643.0,1090.0,2590,1,0,1,Pedestrian
90,572.0,1047.0,643.0,1090.0,2591,1,0,1,Pedestrian
90,572.0,1047.0,643.0,1090.0,2592,1,0,1,Pedestrian
90,572.0,1047.0,643.0,1090.0,2593,1,0,1,Pedestrian
90,572.0,1047.0,643.0,1090.0,2594,1,0,1,Pedestrian
90,572.0,1047.0,643.0,1090.0,2595,1,0,1,Pedestrian
90,572.0,1047.0,643.0,1090.0,2596,1,0,1,Pedestrian
90,572.0,1047.0,643.0,1090.0,2597,1,0,1,Pedestrian
90,572.0,1047.0,643.0,1090.0,2598,1,0,1,Pedestrian
90,572.0,1047.0,643.0,1090.0,2599,1,0,1,Pedestrian
90,572.0,1047.0,643.0,1090.0,2600,1,0,1,Pedestrian
90,572.0,1047.0,643.0,1090.0,2601,1,0,1,Pedestrian
90,572.0,1047.0,643.0,1090.0,2602,1,0,1,Pedestrian
90,572.0,1047.0,643.0,1090.0,2603,1,0,1,Pedestrian
90,572.0,1047.0,643.0,1090.0,2604,1,0,1,Pedestrian
90,572.0,1047.0,643.0,1090.0,2605,1,0,1,Pedestrian
90,572.0,1047.0,643.0,1090.0,2606,1,0,1,Pedestrian
90,572.0,1047.0,643.0,1090.0,2607,1,0,1,Pedestrian
90,572.0,1047.0,643.0,1090.0,2608,1,0,1,Pedestrian
90,572.0,1047.0,643.0,1090.0,2609,1,0,1,Pedestrian
90,572.0,1047.0,643.0,1090.0,2610,1,0,1,Pedestrian
90,572.0,1047.0,643.0,1090.0,2611,1,0,1,Pedestrian
90,572.0,1047.0,643.0,1090.0,2612,1,0,1,Pedestrian
90,572.0,1047.0,643.0,1090.0,2613,1,0,1,Pedestrian
90,572.0,1047.0,643.0,1090.0,2614,1,0,1,Pedestrian
90,572.0,1047.0,643.0,1090.0,2615,1,0,1,Pedestrian
90,572.0,1047.0,643.0,1090.0,2616,1,0,1,Pedestrian
90,572.0,1047.0,643.0,1090.0,2617,1,0,1,Pedestrian
90,572.0,1047.0,643.0,1090.0,2618,1,0,1,Pedestrian
90,572.0,1047.0,643.0,1090.0,2619,1,0,1,Pedestrian
90,572.0,1047.0,643.0,1090.0,2620,1,0,1,Pedestrian
90,572.0,1047.0,643.0,1090.0,2621,1,0,1,Pedestrian
90,572.0,1047.0,643.0,1090.0,2622,1,0,1,Pedestrian
90,572.0,1047.0,643.0,1090.0,2623,1,0,1,Pedestrian
90,572.0,1047.0,643.0,1090.0,2624,1,0,1,Pedestrian
90,572.0,1047.0,643.0,1090.0,2625,1,0,1,Pedestrian
90,572.0,1047.0,643.0,1090.0,2626,1,0,1,Pedestrian
90,572.0,1047.0,643.0,1090.0,2627,1,0,1,Pedestrian
90,572.0,1047.0,643.0,1090.0,2628,1,0,1,Pedestrian
90,572.0,1047.0,643.0,1090.0,2629,1,0,1,Pedestrian
90,572.0,1047.0,643.0,1090.0,2630,1,0,1,Pedestrian
90,572.0,1047.0,643.0,1090.0,2631,1,0,1,Pedestrian
90,572.0,1047.0,643.0,1090.0,2632,1,0,1,Pedestrian
90,572.0,1047.0,643.0,1090.0,2633,1,0,1,Pedestrian
90,572.0,1047.0,643.0,1090.0,2634,1,0,1,Pedestrian
90,572.0,1047.0,643.0,1090.0,2635,1,0,1,Pedestrian
90,572.0,1047.0,643.0,1090.0,2636,1,0,1,Pedestrian
90,572.0,1047.0,643.0,1090.0,2637,1,0,1,Pedestrian
90,572.0,1047.0,643.0,1090.0,2638,1,0,1,Pedestrian
90,572.0,1047.0,643.0,1090.0,2639,1,0,1,Pedestrian
90,572.0,1047.0,643.0,1090.0,2640,1,0,1,Pedestrian
90,572.0,1047.0,643.0,1090.0,2641,1,0,1,Pedestrian
90,572.0,1047.0,643.0,1090.0,2642,1,0,1,Pedestrian
90,572.0,1047.0,643.0,1090.0,2643,1,0,1,Pedestrian
90,572.0,1047.0,643.0,1090.0,2644,1,0,1,Pedestrian
90,572.0,1047.0,643.0,1090.0,2645,1,0,1,Pedestrian
90,572.0,1047.0,643.0,1090.0,2646,1,0,1,Pedestrian
90,572.0,1047.0,643.0,1090.0,2647,1,0,1,Pedestrian
90,572.0,1047.0,643.0,1090.0,2648,1,0,1,Pedestrian
90,572.0,1047.0,643.0,1090.0,2649,1,0,1,Pedestrian
90,572.0,1047.0,643.0,1090.0,2650,1,0,1,Pedestrian
90,572.0,1047.0,643.0,1090.0,2651,1,0,1,Pedestrian
90,572.0,1047.0,643.0,1090.0,2652,1,0,1,Pedestrian
90,572.0,1047.0,643.0,1090.0,2653,1,0,1,Pedestrian
90,572.0,1047.0,643.0,1090.0,2654,1,0,1,Pedestrian
90,572.0,1047.0,643.0,1090.0,2655,1,0,1,Pedestrian
90,572.0,1047.0,643.0,1090.0,2656,1,0,1,Pedestrian
90,572.0,1047.0,643.0,1090.0,2657,1,0,1,Pedestrian
90,572.0,1047.0,643.0,1090.0,2658,1,0,1,Pedestrian
90,572.0,1047.0,643.0,1090.0,2659,1,0,1,Pedestrian
90,572.0,1047.0,643.0,1090.0,2660,1,0,1,Pedestrian
90,572.0,1047.0,643.0,1090.0,2661,1,0,1,Pedestrian
90,572.0,1047.0,643.0,1090.0,2662,1,0,1,Pedestrian
90,572.0,1047.0,643.0,1090.0,2663,1,0,1,Pedestrian
90,572.0,1047.0,643.0,1090.0,2664,1,0,1,Pedestrian
90,572.0,1047.0,643.0,1090.0,2665,1,0,1,Pedestrian
90,572.0,1047.0,643.0,1090.0,2666,1,0,1,Pedestrian
90,572.0,1047.0,643.0,1090.0,2667,1,0,1,Pedestrian
90,572.0,1047.0,643.0,1090.0,2668,1,0,1,Pedestrian
90,572.0,1047.0,643.0,1090.0,2669,1,0,1,Pedestrian
90,572.0,1047.0,643.0,1090.0,2670,1,0,1,Pedestrian
90,572.0,1047.0,643.0,1090.0,2671,1,0,1,Pedestrian
90,572.0,1047.0,643.0,1090.0,2672,1,0,1,Pedestrian
90,572.0,1047.0,643.0,1090.0,2673,1,0,1,Pedestrian
90,572.0,1047.0,643.0,1090.0,2674,1,0,1,Pedestrian
90,572.0,1047.0,643.0,1090.0,2675,1,0,1,Pedestrian
90,572.0,1047.0,643.0,1090.0,2676,1,0,1,Pedestrian
90,572.0,1047.0,643.0,1090.0,2677,1,0,1,Pedestrian
90,572.0,1047.0,643.0,1090.0,2678,1,0,1,Pedestrian
90,572.0,1047.0,643.0,1090.0,2679,1,0,1,Pedestrian
90,572.0,1047.0,643.0,1090.0,2680,1,0,1,Pedestrian
90,572.0,1047.0,643.0,1090.0,2681,1,0,1,Pedestrian
90,572.0,1047.0,643.0,1090.0,2682,1,0,1,Pedestrian
90,572.0,1047.0,643.0,1090.0,2683,1,0,1,Pedestrian
90,572.0,1047.0,643.0,1090.0,2684,1,0,1,Pedestrian
90,572.0,1047.0,643.0,1090.0,2685,1,0,1,Pedestrian
90,572.0,1047.0,643.0,1090.0,2686,1,0,1,Pedestrian
90,572.0,1047.0,643.0,1090.0,2687,1,0,1,Pedestrian
90,572.0,1047.0,643.0,1090.0,2688,1,0,1,Pedestrian
90,572.0,1047.0,643.0,1090.0,2689,1,0,1,Pedestrian
90,572.0,1047.0,643.0,1090.0,2690,1,0,1,Pedestrian
90,572.0,1047.0,643.0,1090.0,2691,1,0,1,Pedestrian
90,572.0,1047.0,643.0,1090.0,2692,1,0,1,Pedestrian
90,572.0,1047.0,643.0,1090.0,2693,1,0,1,Pedestrian
90,572.0,1047.0,643.0,1090.0,2694,1,0,1,Pedestrian
90,572.0,1047.0,643.0,1090.0,2695,1,0,1,Pedestrian
90,572.0,1047.0,643.0,1090.0,2696,1,0,1,Pedestrian
90,572.0,1047.0,643.0,1090.0,2697,1,0,1,Pedestrian
90,572.0,1047.0,643.0,1090.0,2698,1,0,1,Pedestrian
90,572.0,1047.0,643.0,1090.0,2699,1,0,1,Pedestrian
90,572.0,1047.0,643.0,1090.0,2700,1,0,1,Pedestrian
90,572.0,1047.0,643.0,1090.0,2701,1,0,1,Pedestrian
90,572.0,1047.0,643.0,1090.0,2702,1,0,1,Pedestrian
90,572.0,1047.0,643.0,1090.0,2703,1,0,1,Pedestrian
90,572.0,1047.0,643.0,1090.0,2704,1,0,1,Pedestrian
90,572.0,1047.0,643.0,1090.0,2705,1,0,1,Pedestrian
90,572.0,1047.0,643.0,1090.0,2706,1,0,1,Pedestrian
90,572.0,1047.0,643.0,1090.0,2707,1,0,1,Pedestrian
90,572.0,1047.0,643.0,1090.0,2708,1,0,1,Pedestrian
90,572.0,1047.0,643.0,1090.0,2709,1,0,1,Pedestrian
90,572.0,1047.0,643.0,1090.0,2710,1,0,1,Pedestrian
90,572.0,1047.0,643.0,1090.0,2711,1,0,1,Pedestrian
90,572.0,1047.0,643.0,1090.0,2712,1,0,1,Pedestrian
90,572.0,1047.0,643.0,1090.0,2713,1,0,1,Pedestrian
90,572.0,1047.0,643.0,1090.0,2714,1,0,1,Pedestrian
90,572.0,1047.0,643.0,1090.0,2715,1,0,1,Pedestrian
90,572.0,1047.0,643.0,1090.0,2716,1,0,1,Pedestrian
90,572.0,1047.0,643.0,1090.0,2717,1,0,1,Pedestrian
90,572.0,1047.0,643.0,1090.0,2718,1,0,1,Pedestrian
90,572.0,1047.0,643.0,1090.0,2719,1,0,1,Pedestrian
90,572.0,1047.0,643.0,1090.0,2720,1,0,1,Pedestrian
90,572.0,1047.0,643.0,1090.0,2721,1,0,1,Pedestrian
90,572.0,1047.0,643.0,1090.0,2722,1,0,1,Pedestrian
90,572.0,1047.0,643.0,1090.0,2723,1,0,1,Pedestrian
90,572.0,1047.0,643.0,1090.0,2724,1,0,1,Pedestrian
90,572.0,1047.0,643.0,1090.0,2725,1,0,1,Pedestrian
90,572.0,1047.0,643.0,1090.0,2726,1,0,1,Pedestrian
90,572.0,1047.0,643.0,1090.0,2727,1,0,1,Pedestrian
90,572.0,1047.0,643.0,1090.0,2728,1,0,1,Pedestrian
90,572.0,1047.0,643.0,1090.0,2729,1,0,1,Pedestrian
90,572.0,1047.0,643.0,1090.0,2730,1,0,1,Pedestrian
90,572.0,1047.0,643.0,1090.0,2731,1,0,1,Pedestrian
90,572.0,1047.0,643.0,1090.0,2732,1,0,1,Pedestrian
90,572.0,1047.0,643.0,1090.0,2733,1,0,1,Pedestrian
90,572.0,1047.0,643.0,1090.0,2734,1,0,1,Pedestrian
90,572.0,1047.0,643.0,1090.0,2735,1,0,1,Pedestrian
90,572.0,1047.0,643.0,1090.0,2736,1,0,1,Pedestrian
90,572.0,1047.0,643.0,1090.0,2737,1,0,1,Pedestrian
90,572.0,1047.0,643.0,1090.0,2738,1,0,1,Pedestrian
90,572.0,1047.0,643.0,1090.0,2739,1,0,1,Pedestrian
90,572.0,1047.0,643.0,1090.0,2740,1,0,1,Pedestrian
90,572.0,1047.0,643.0,1090.0,2741,1,0,1,Pedestrian
90,572.0,1047.0,643.0,1090.0,2742,1,0,1,Pedestrian
90,572.0,1047.0,643.0,1090.0,2743,1,0,1,Pedestrian
90,572.0,1047.0,643.0,1090.0,2744,1,0,1,Pedestrian
90,572.0,1047.0,643.0,1090.0,2745,1,0,1,Pedestrian
90,572.0,1047.0,643.0,1090.0,2746,1,0,1,Pedestrian
90,572.0,1047.0,643.0,1090.0,2747,1,0,1,Pedestrian
90,572.0,1047.0,643.0,1090.0,2748,1,0,1,Pedestrian
90,572.0,1047.0,643.0,1090.0,2749,1,0,1,Pedestrian
90,572.0,1047.0,643.0,1090.0,2750,1,0,1,Pedestrian
90,572.0,1047.0,643.0,1090.0,2751,1,0,1,Pedestrian
90,572.0,1047.0,643.0,1090.0,2752,1,0,1,Pedestrian
90,572.0,1047.0,643.0,1090.0,2753,1,0,1,Pedestrian
90,572.0,1047.0,643.0,1090.0,2754,1,0,1,Pedestrian
90,572.0,1047.0,643.0,1090.0,2755,1,0,1,Pedestrian
90,572.0,1047.0,643.0,1090.0,2756,1,0,1,Pedestrian
90,572.0,1047.0,643.0,1090.0,2757,1,0,1,Pedestrian
90,572.0,1047.0,643.0,1090.0,2758,1,0,1,Pedestrian
90,572.0,1047.0,643.0,1090.0,2759,1,0,1,Pedestrian
90,572.0,1047.0,643.0,1090.0,2760,1,0,1,Pedestrian
90,572.0,1047.0,643.0,1090.0,2761,1,0,1,Pedestrian
90,572.0,1047.0,643.0,1090.0,2762,1,0,1,Pedestrian
90,572.0,1047.0,643.0,1090.0,2763,1,0,1,Pedestrian
90,572.0,1047.0,643.0,1090.0,2764,1,0,1,Pedestrian
90,572.0,1047.0,643.0,1090.0,2765,1,0,1,Pedestrian
90,572.0,1047.0,643.0,1090.0,2766,1,0,1,Pedestrian
90,572.0,1047.0,643.0,1090.0,2767,1,0,1,Pedestrian
90,572.0,1047.0,643.0,1090.0,2768,1,0,1,Pedestrian
90,572.0,1047.0,643.0,1090.0,2769,1,0,1,Pedestrian
90,572.0,1047.0,643.0,1090.0,2770,1,0,1,Pedestrian
90,572.0,1047.0,643.0,1090.0,2771,1,0,1,Pedestrian
90,572.0,1047.0,643.0,1090.0,2772,1,0,1,Pedestrian
90,572.0,1047.0,643.0,1090.0,2773,1,0,1,Pedestrian
90,572.0,1047.0,643.0,1090.0,2774,1,0,1,Pedestrian
90,572.0,1047.0,643.0,1090.0,2775,1,0,1,Pedestrian
90,572.0,1047.0,643.0,1090.0,2776,1,0,1,Pedestrian
90,572.0,1047.0,643.0,1090.0,2777,1,0,1,Pedestrian
90,572.0,1047.0,643.0,1090.0,2778,1,0,1,Pedestrian
90,572.0,1047.0,643.0,1090.0,2779,1,0,1,Pedestrian
90,572.0,1047.0,643.0,1090.0,2780,1,0,1,Pedestrian
90,572.0,1047.0,643.0,1090.0,2781,1,0,1,Pedestrian
90,572.0,1047.0,643.0,1090.0,2782,1,0,1,Pedestrian
90,572.0,1047.0,643.0,1090.0,2783,1,0,1,Pedestrian
90,572.0,1047.0,643.0,1090.0,2784,1,0,1,Pedestrian
90,572.0,1047.0,643.0,1090.0,2785,1,0,1,Pedestrian
90,572.0,1047.0,643.0,1090.0,2786,1,0,1,Pedestrian
90,572.0,1047.0,643.0,1090.0,2787,1,0,1,Pedestrian
90,572.0,1047.0,643.0,1090.0,2788,1,0,1,Pedestrian
90,572.0,1047.0,643.0,1090.0,2789,1,0,1,Pedestrian
90,572.0,1047.0,643.0,1090.0,2790,1,0,1,Pedestrian
90,572.0,1047.0,643.0,1090.0,2791,1,0,1,Pedestrian
90,572.0,1047.0,643.0,1090.0,2792,1,0,1,Pedestrian
90,572.0,1047.0,643.0,1090.0,2793,1,0,1,Pedestrian
90,572.0,1047.0,643.0,1090.0,2794,1,0,1,Pedestrian
90,572.0,1047.0,643.0,1090.0,2795,1,0,1,Pedestrian
90,572.0,1047.0,643.0,1090.0,2796,1,0,1,Pedestrian
90,572.0,1047.0,643.0,1090.0,2797,1,0,1,Pedestrian
90,572.0,1047.0,643.0,1090.0,2798,1,0,1,Pedestrian
90,572.0,1047.0,643.0,1090.0,2799,1,0,1,Pedestrian
90,572.0,1047.0,643.0,1090.0,2800,1,0,1,Pedestrian
90,572.0,1047.0,643.0,1090.0,2801,1,0,1,Pedestrian
90,572.0,1047.0,643.0,1090.0,2802,1,0,1,Pedestrian
90,572.0,1047.0,643.0,1090.0,2803,1,0,1,Pedestrian
90,572.0,1047.0,643.0,1090.0,2804,1,0,1,Pedestrian
90,572.0,1047.0,643.0,1090.0,2805,1,0,1,Pedestrian
90,572.0,1047.0,643.0,1090.0,2806,1,0,1,Pedestrian
90,572.0,1047.0,643.0,1090.0,2807,1,0,1,Pedestrian
90,572.0,1047.0,643.0,1090.0,2808,1,0,1,Pedestrian
90,572.0,1047.0,643.0,1090.0,2809,1,0,1,Pedestrian
90,572.0,1047.0,643.0,1090.0,2810,1,0,1,Pedestrian
90,572.0,1047.0,643.0,1090.0,2811,1,0,1,Pedestrian
90,572.0,1047.0,643.0,1090.0,2812,1,0,1,Pedestrian
90,572.0,1047.0,643.0,1090.0,2813,1,0,1,Pedestrian
90,572.0,1047.0,643.0,1090.0,2814,1,0,1,Pedestrian
90,572.0,1047.0,643.0,1090.0,2815,1,0,1,Pedestrian
90,572.0,1047.0,643.0,1090.0,2816,1,0,1,Pedestrian
90,572.0,1047.0,643.0,1090.0,2817,1,0,1,Pedestrian
90,572.0,1047.0,643.0,1090.0,2818,1,0,1,Pedestrian
90,572.0,1047.0,643.0,1090.0,2819,1,0,1,Pedestrian
90,572.0,1047.0,643.0,1090.0,2820,1,0,1,Pedestrian
90,572.0,1047.0,643.0,1090.0,2821,1,0,1,Pedestrian
90,572.0,1047.0,643.0,1090.0,2822,1,0,1,Pedestrian
90,572.0,1047.0,643.0,1090.0,2823,1,0,1,Pedestrian
90,572.0,1047.0,643.0,1090.0,2824,1,0,1,Pedestrian
90,572.0,1047.0,643.0,1090.0,2825,1,0,1,Pedestrian
90,572.0,1047.0,643.0,1090.0,2826,1,0,1,Pedestrian
90,572.0,1047.0,643.0,1090.0,2827,1,0,1,Pedestrian
90,572.0,1047.0,643.0,1090.0,2828,1,0,1,Pedestrian
90,572.0,1047.0,643.0,1090.0,2829,1,0,1,Pedestrian
90,572.0,1047.0,643.0,1090.0,2830,1,0,1,Pedestrian
90,572.0,1047.0,643.0,1090.0,2831,1,0,1,Pedestrian
90,572.0,1047.0,643.0,1090.0,2832,1,0,1,Pedestrian
90,572.0,1047.0,643.0,1090.0,2833,1,0,1,Pedestrian
90,572.0,1047.0,643.0,1090.0,2834,1,0,1,Pedestrian
90,572.0,1047.0,643.0,1090.0,2835,1,0,1,Pedestrian
90,572.0,1047.0,643.0,1090.0,2836,1,0,1,Pedestrian
90,572.0,1047.0,643.0,1090.0,2837,1,0,1,Pedestrian
90,572.0,1047.0,643.0,1090.0,2838,1,0,1,Pedestrian
90,572.0,1047.0,643.0,1090.0,2839,1,0,1,Pedestrian
90,572.0,1047.0,643.0,1090.0,2840,1,0,1,Pedestrian
90,572.0,1047.0,643.0,1090.0,2841,1,0,1,Pedestrian
90,572.0,1047.0,643.0,1090.0,2842,1,0,1,Pedestrian
90,572.0,1047.0,643.0,1090.0,2843,1,0,1,Pedestrian
90,572.0,1047.0,643.0,1090.0,2844,1,0,1,Pedestrian
90,572.0,1047.0,643.0,1090.0,2845,1,0,1,Pedestrian
90,572.0,1047.0,643.0,1090.0,2846,1,0,1,Pedestrian
90,572.0,1047.0,643.0,1090.0,2847,1,0,1,Pedestrian
90,572.0,1047.0,643.0,1090.0,2848,1,0,1,Pedestrian
90,572.0,1047.0,643.0,1090.0,2849,1,0,1,Pedestrian
90,572.0,1047.0,643.0,1090.0,2850,1,0,1,Pedestrian
90,572.0,1047.0,643.0,1090.0,2851,1,0,1,Pedestrian
90,572.0,1047.0,643.0,1090.0,2852,1,0,1,Pedestrian
90,572.0,1047.0,643.0,1090.0,2853,1,0,1,Pedestrian
90,572.0,1047.0,643.0,1090.0,2854,1,0,1,Pedestrian
90,572.0,1047.0,643.0,1090.0,2855,1,0,1,Pedestrian
90,572.0,1047.0,643.0,1090.0,2856,1,0,1,Pedestrian
90,572.0,1047.0,643.0,1090.0,2857,1,0,1,Pedestrian
90,572.0,1047.0,643.0,1090.0,2858,1,0,1,Pedestrian
90,572.0,1047.0,643.0,1090.0,2859,1,0,1,Pedestrian
90,572.0,1047.0,643.0,1090.0,2860,1,0,1,Pedestrian
90,572.0,1047.0,643.0,1090.0,2861,1,0,1,Pedestrian
90,572.0,1047.0,643.0,1090.0,2862,1,0,1,Pedestrian
90,572.0,1047.0,643.0,1090.0,2863,1,0,1,Pedestrian
90,572.0,1047.0,643.0,1090.0,2864,1,0,1,Pedestrian
90,572.0,1047.0,643.0,1090.0,2865,1,0,1,Pedestrian
90,572.0,1047.0,643.0,1090.0,2866,1,0,1,Pedestrian
90,572.0,1047.0,643.0,1090.0,2867,1,0,1,Pedestrian
90,572.0,1047.0,643.0,1090.0,2868,1,0,1,Pedestrian
90,572.0,1047.0,643.0,1090.0,2869,1,0,1,Pedestrian
90,572.0,1047.0,643.0,1090.0,2870,1,0,1,Pedestrian
90,572.0,1047.0,643.0,1090.0,2871,1,0,1,Pedestrian
90,572.0,1047.0,643.0,1090.0,2872,1,0,1,Pedestrian
90,572.0,1047.0,643.0,1090.0,2873,1,0,1,Pedestrian
90,572.0,1047.0,643.0,1090.0,2874,1,0,1,Pedestrian
90,572.0,1047.0,643.0,1090.0,2875,1,0,1,Pedestrian
90,572.0,1047.0,643.0,1090.0,2876,1,0,1,Pedestrian
90,572.0,1047.0,643.0,1090.0,2877,1,0,1,Pedestrian
90,572.0,1047.0,643.0,1090.0,2878,1,0,1,Pedestrian
90,572.0,1047.0,643.0,1090.0,2879,1,0,1,Pedestrian
90,572.0,1047.0,643.0,1090.0,2880,1,0,1,Pedestrian
90,572.0,1047.0,643.0,1090.0,2881,1,0,1,Pedestrian
90,572.0,1047.0,643.0,1090.0,2882,1,0,1,Pedestrian
90,572.0,1047.0,643.0,1090.0,2883,1,0,1,Pedestrian
90,572.0,1047.0,643.0,1090.0,2884,1,0,1,Pedestrian
90,572.0,1047.0,643.0,1090.0,2885,1,0,1,Pedestrian
90,572.0,1047.0,643.0,1090.0,2886,1,0,1,Pedestrian
90,572.0,1047.0,643.0,1090.0,2887,1,0,1,Pedestrian
90,572.0,1047.0,643.0,1090.0,2888,1,0,1,Pedestrian
90,572.0,1047.0,643.0,1090.0,2889,1,0,1,Pedestrian
90,572.0,1047.0,643.0,1090.0,2890,1,0,1,Pedestrian
90,572.0,1047.0,643.0,1090.0,2891,1,0,1,Pedestrian
90,572.0,1047.0,643.0,1090.0,2892,1,0,1,Pedestrian
90,572.0,1047.0,643.0,1090.0,2893,1,0,1,Pedestrian
90,572.0,1047.0,643.0,1090.0,2894,1,0,1,Pedestrian
90,572.0,1047.0,643.0,1090.0,2895,1,0,1,Pedestrian
90,572.0,1047.0,643.0,1090.0,2896,1,0,1,Pedestrian
90,572.0,1047.0,643.0,1090.0,2897,1,0,1,Pedestrian
90,572.0,1047.0,643.0,1090.0,2898,1,0,1,Pedestrian
90,572.0,1047.0,643.0,1090.0,2899,1,0,1,Pedestrian
90,572.0,1047.0,643.0,1090.0,2900,1,0,1,Pedestrian
90,572.0,1047.0,643.0,1090.0,2901,1,0,1,Pedestrian
90,572.0,1047.0,643.0,1090.0,2902,1,0,1,Pedestrian
90,572.0,1047.0,643.0,1090.0,2903,1,0,1,Pedestrian
90,572.0,1047.0,643.0,1090.0,2904,1,0,1,Pedestrian
90,572.0,1047.0,643.0,1090.0,2905,1,0,1,Pedestrian
90,572.0,1047.0,643.0,1090.0,2906,1,0,1,Pedestrian
90,572.0,1047.0,643.0,1090.0,2907,1,0,1,Pedestrian
90,572.0,1047.0,643.0,1090.0,2908,1,0,1,Pedestrian
90,572.0,1047.0,643.0,1090.0,2909,1,0,1,Pedestrian
90,572.0,1047.0,643.0,1090.0,2910,1,0,1,Pedestrian
90,572.0,1047.0,643.0,1090.0,2911,1,0,1,Pedestrian
90,572.0,1047.0,643.0,1090.0,2912,1,0,1,Pedestrian
90,572.0,1047.0,643.0,1090.0,2913,1,0,1,Pedestrian
90,572.0,1047.0,643.0,1090.0,2914,1,0,1,Pedestrian
90,572.0,1047.0,643.0,1090.0,2915,1,0,1,Pedestrian
90,572.0,1047.0,643.0,1090.0,2916,1,0,1,Pedestrian
90,572.0,1047.0,643.0,1090.0,2917,1,0,1,Pedestrian
90,572.0,1047.0,643.0,1090.0,2918,1,0,1,Pedestrian
90,572.0,1047.0,643.0,1090.0,2919,1,0,1,Pedestrian
90,572.0,1047.0,643.0,1090.0,2920,1,0,1,Pedestrian
90,572.0,1047.0,643.0,1090.0,2921,1,0,1,Pedestrian
90,572.0,1047.0,643.0,1090.0,2922,1,0,1,Pedestrian
90,572.0,1047.0,643.0,1090.0,2923,1,0,1,Pedestrian
90,572.0,1047.0,643.0,1090.0,2924,1,0,1,Pedestrian
90,572.0,1047.0,643.0,1090.0,2925,1,0,1,Pedestrian
90,572.0,1047.0,643.0,1090.0,2926,1,0,1,Pedestrian
90,572.0,1047.0,643.0,1090.0,2927,1,0,1,Pedestrian
90,572.0,1047.0,643.0,1090.0,2928,1,0,1,Pedestrian
90,572.0,1047.0,643.0,1090.0,2929,1,0,1,Pedestrian
90,572.0,1047.0,643.0,1090.0,2930,1,0,1,Pedestrian
90,572.0,1047.0,643.0,1090.0,2931,1,0,1,Pedestrian
90,572.0,1047.0,643.0,1090.0,2932,1,0,1,Pedestrian
90,572.0,1047.0,643.0,1090.0,2933,1,0,1,Pedestrian
90,572.0,1047.0,643.0,1090.0,2934,1,0,1,Pedestrian
90,572.0,1047.0,643.0,1090.0,2935,1,0,1,Pedestrian
90,572.0,1047.0,643.0,1090.0,2936,1,0,1,Pedestrian
90,572.0,1047.0,643.0,1090.0,2937,1,0,1,Pedestrian
90,572.0,1047.0,643.0,1090.0,2938,1,0,1,Pedestrian
90,572.0,1047.0,643.0,1090.0,2939,1,0,1,Pedestrian
90,572.0,1047.0,643.0,1090.0,2940,1,0,1,Pedestrian
90,572.0,1047.0,643.0,1090.0,2941,0,0,0,Pedestrian
90,572.0,1047.0,643.0,1090.0,2942,0,0,1,Pedestrian
90,572.0,1047.0,643.0,1090.0,2943,0,0,1,Pedestrian
90,572.0,1047.0,643.0,1090.0,2944,0,0,1,Pedestrian
90,572.0,1047.0,643.0,1090.0,2945,0,0,1,Pedestrian
90,572.0,1047.0,643.0,1090.0,2946,0,0,1,Pedestrian
90,572.0,1047.0,643.0,1090.0,2947,0,0,1,Pedestrian
90,572.0,1047.0,643.0,1090.0,2948,0,0,1,Pedestrian
90,572.0,1047.0,643.0,1090.0,2949,0,0,1,Pedestrian
90,572.0,1047.0,643.0,1090.0,2950,0,0,1,Pedestrian
90,572.0,1047.0,643.0,1090.0,2951,0,0,0,Pedestrian
90,569.0,1047.0,640.0,1090.0,2952,0,0,1,Pedestrian
90,566.0,1047.0,638.0,1090.0,2953,0,0,1,Pedestrian
90,566.0,1047.0,638.0,1090.0,2954,0,0,1,Pedestrian
90,563.0,1047.0,635.0,1090.0,2955,0,0,1,Pedestrian
90,563.0,1047.0,635.0,1090.0,2956,0,0,1,Pedestrian
90,561.0,1047.0,632.0,1090.0,2957,0,0,1,Pedestrian
90,561.0,1047.0,632.0,1090.0,2958,0,0,1,Pedestrian
90,558.0,1047.0,629.0,1090.0,2959,0,0,1,Pedestrian
90,558.0,1047.0,629.0,1090.0,2960,0,0,1,Pedestrian
90,555.0,1047.0,627.0,1090.0,2961,0,0,1,Pedestrian
90,555.0,1049.0,627.0,1090.0,2962,0,0,0,Pedestrian
90,552.0,1047.0,624.0,1088.0,2963,0,0,1,Pedestrian
90,552.0,1045.0,624.0,1086.0,2964,0,0,1,Pedestrian
90,552.0,1045.0,624.0,1086.0,2965,0,0,1,Pedestrian
90,552.0,1042.0,624.0,1083.0,2966,0,0,1,Pedestrian
90,552.0,1040.0,624.0,1081.0,2967,0,0,1,Pedestrian
90,552.0,1040.0,624.0,1081.0,2968,0,0,1,Pedestrian
90,552.0,1038.0,624.0,1079.0,2969,0,0,1,Pedestrian
90,552.0,1036.0,624.0,1077.0,2970,0,0,1,Pedestrian
90,552.0,1036.0,624.0,1077.0,2971,0,0,1,Pedestrian
90,552.0,1033.0,624.0,1074.0,2972,0,0,1,Pedestrian
90,552.0,1033.0,624.0,1074.0,2973,0,0,1,Pedestrian
90,552.0,1031.0,624.0,1072.0,2974,0,0,1,Pedestrian
90,550.0,1029.0,621.0,1070.0,2975,0,0,1,Pedestrian
90,550.0,1029.0,621.0,1070.0,2976,0,0,1,Pedestrian
90,550.0,1026.0,621.0,1067.0,2977,0,0,1,Pedestrian
90,550.0,1024.0,621.0,1065.0,2978,0,0,1,Pedestrian
90,550.0,1024.0,621.0,1065.0,2979,0,0,1,Pedestrian
90,550.0,1022.0,621.0,1063.0,2980,0,0,1,Pedestrian
90,550.0,1022.0,621.0,1063.0,2981,0,0,1,Pedestrian
90,550.0,1020.0,621.0,1061.0,2982,0,0,1,Pedestrian
90,550.0,1017.0,621.0,1058.0,2983,0,0,1,Pedestrian
90,550.0,1017.0,621.0,1058.0,2984,0,0,1,Pedestrian
90,550.0,1015.0,621.0,1056.0,2985,0,0,1,Pedestrian
90,550.0,1013.0,621.0,1054.0,2986,0,0,1,Pedestrian
90,550.0,1013.0,621.0,1054.0,2987,0,0,1,Pedestrian
90,547.0,1011.0,618.0,1052.0,2988,0,0,1,Pedestrian
90,547.0,1008.0,618.0,1049.0,2989,0,0,1,Pedestrian
90,547.0,1008.0,618.0,1049.0,2990,0,0,1,Pedestrian
90,547.0,1006.0,618.0,1047.0,2991,0,0,1,Pedestrian
90,547.0,1006.0,618.0,1047.0,2992,0,0,1,Pedestrian
90,547.0,1004.0,618.0,1045.0,2993,0,0,1,Pedestrian
90,547.0,1001.0,618.0,1042.0,2994,0,0,1,Pedestrian
90,547.0,1001.0,618.0,1042.0,2995,0,0,1,Pedestrian
90,547.0,999.0,618.0,1040.0,2996,0,0,1,Pedestrian
90,547.0,997.0,618.0,1038.0,2997,0,0,1,Pedestrian
90,547.0,997.0,618.0,1038.0,2998,0,0,1,Pedestrian
90,547.0,995.0,618.0,1036.0,2999,0,0,1,Pedestrian
90,547.0,995.0,618.0,1036.0,3000,0,0,0,Pedestrian
90,544.0,992.0,616.0,1033.0,3001,0,0,1,Pedestrian
90,544.0,990.0,616.0,1033.0,3002,0,0,1,Pedestrian
90,544.0,990.0,616.0,1031.0,3003,0,0,1,Pedestrian
90,544.0,988.0,616.0,1031.0,3004,0,0,1,Pedestrian
90,544.0,988.0,616.0,1029.0,3005,0,0,1,Pedestrian
90,541.0,985.0,616.0,1029.0,3006,0,0,1,Pedestrian
90,541.0,983.0,616.0,1026.0,3007,0,0,1,Pedestrian
90,541.0,983.0,616.0,1026.0,3008,0,0,1,Pedestrian
90,541.0,981.0,616.0,1024.0,3009,0,0,1,Pedestrian
90,541.0,981.0,616.0,1024.0,3010,0,0,1,Pedestrian
90,539.0,979.0,616.0,1022.0,3011,0,0,1,Pedestrian
90,539.0,976.0,616.0,1022.0,3012,0,0,1,Pedestrian
90,539.0,976.0,616.0,1020.0,3013,0,0,1,Pedestrian
90,539.0,974.0,616.0,1020.0,3014,0,0,1,Pedestrian
90,539.0,974.0,616.0,1017.0,3015,0,0,1,Pedestrian
90,536.0,972.0,616.0,1017.0,3016,0,0,1,Pedestrian
90,536.0,970.0,616.0,1015.0,3017,0,0,1,Pedestrian
90,536.0,970.0,616.0,1015.0,3018,0,0,1,Pedestrian
90,536.0,967.0,616.0,1013.0,3019,0,0,1,Pedestrian
90,536.0,967.0,616.0,1013.0,3020,0,0,1,Pedestrian
90,533.0,965.0,616.0,1011.0,3021,0,0,1,Pedestrian
90,533.0,963.0,616.0,1011.0,3022,0,0,1,Pedestrian
90,533.0,963.0,616.0,1008.0,3023,0,0,1,Pedestrian
90,533.0,960.0,616.0,1008.0,3024,0,0,1,Pedestrian
90,533.0,960.0,616.0,1008.0,3025,0,0,1,Pedestrian
90,530.0,958.0,616.0,1006.0,3026,0,0,1,Pedestrian
90,530.0,956.0,616.0,1006.0,3027,0,0,1,Pedestrian
90,530.0,956.0,616.0,1004.0,3028,0,0,1,Pedestrian
90,530.0,954.0,616.0,1004.0,3029,0,0,1,Pedestrian
90,530.0,954.0,616.0,1001.0,3030,0,0,1,Pedestrian
90,528.0,951.0,616.0,1001.0,3031,0,0,1,Pedestrian
90,528.0,949.0,616.0,999.0,3032,0,0,1,Pedestrian
90,528.0,949.0,616.0,999.0,3033,0,0,1,Pedestrian
90,528.0,947.0,616.0,997.0,3034,0,0,1,Pedestrian
90,528.0,947.0,616.0,997.0,3035,0,0,1,Pedestrian
90,525.0,944.0,616.0,995.0,3036,0,0,1,Pedestrian
90,525.0,942.0,616.0,995.0,3037,0,0,1,Pedestrian
90,525.0,942.0,616.0,992.0,3038,0,0,1,Pedestrian
90,525.0,940.0,616.0,992.0,3039,0,0,1,Pedestrian
90,525.0,940.0,616.0,990.0,3040,0,0,1,Pedestrian
90,522.0,938.0,616.0,990.0,3041,0,0,1,Pedestrian
90,522.0,935.0,616.0,988.0,3042,0,0,1,Pedestrian
90,522.0,935.0,616.0,988.0,3043,0,0,1,Pedestrian
90,522.0,933.0,616.0,985.0,3044,0,0,1,Pedestrian
90,522.0,933.0,616.0,985.0,3045,0,0,1,Pedestrian
90,519.0,931.0,616.0,983.0,3046,0,0,1,Pedestrian
90,519.0,929.0,616.0,983.0,3047,0,0,1,Pedestrian
90,519.0,929.0,616.0,981.0,3048,0,0,1,Pedestrian
90,519.0,926.0,616.0,981.0,3049,0,0,1,Pedestrian
90,519.0,926.0,616.0,981.0,3050,0,0,0,Pedestrian
90,517.0,924.0,613.0,979.0,3051,0,0,1,Pedestrian
90,517.0,922.0,613.0,976.0,3052,0,0,1,Pedestrian
90,517.0,919.0,613.0,974.0,3053,0,0,1,Pedestrian
90,517.0,919.0,613.0,974.0,3054,0,0,1,Pedestrian
90,517.0,917.0,613.0,972.0,3055,0,0,1,Pedestrian
90,514.0,915.0,610.0,970.0,3056,0,0,1,Pedestrian
90,514.0,915.0,610.0,970.0,3057,0,0,1,Pedestrian
90,514.0,913.0,610.0,967.0,3058,0,0,1,Pedestrian
90,514.0,910.0,610.0,965.0,3059,0,0,1,Pedestrian
90,514.0,910.0,610.0,965.0,3060,0,0,1,Pedestrian
90,511.0,908.0,607.0,963.0,3061,0,0,1,Pedestrian
90,511.0,906.0,607.0,960.0,3062,0,0,1,Pedestrian
90,511.0,906.0,607.0,960.0,3063,0,0,1,Pedestrian
90,511.0,904.0,607.0,958.0,3064,0,0,1,Pedestrian
90,511.0,901.0,607.0,956.0,3065,0,0,1,Pedestrian
90,508.0,901.0,605.0,956.0,3066,0,0,1,Pedestrian
90,508.0,899.0,605.0,954.0,3067,0,0,1,Pedestrian
90,508.0,897.0,605.0,951.0,3068,0,0,1,Pedestrian
90,508.0,897.0,605.0,951.0,3069,0,0,1,Pedestrian
90,508.0,894.0,605.0,949.0,3070,0,0,1,Pedestrian
90,506.0,892.0,602.0,947.0,3071,0,0,1,Pedestrian
90,506.0,892.0,602.0,947.0,3072,0,0,1,Pedestrian
90,506.0,890.0,602.0,944.0,3073,0,0,1,Pedestrian
90,506.0,888.0,602.0,942.0,3074,0,0,1,Pedestrian
90,506.0,888.0,602.0,942.0,3075,0,0,1,Pedestrian
90,503.0,885.0,599.0,940.0,3076,0,0,1,Pedestrian
90,503.0,883.0,599.0,938.0,3077,0,0,1,Pedestrian
90,503.0,883.0,599.0,938.0,3078,0,0,1,Pedestrian
90,503.0,881.0,599.0,935.0,3079,0,0,1,Pedestrian
90,503.0,878.0,599.0,933.0,3080,0,0,1,Pedestrian
90,500.0,878.0,596.0,933.0,3081,0,0,1,Pedestrian
90,500.0,876.0,596.0,931.0,3082,0,0,1,Pedestrian
90,500.0,874.0,596.0,929.0,3083,0,0,1,Pedestrian
90,500.0,874.0,596.0,929.0,3084,0,0,1,Pedestrian
90,500.0,872.0,596.0,926.0,3085,0,0,1,Pedestrian
90,497.0,869.0,594.0,924.0,3086,0,0,1,Pedestrian
90,497.0,869.0,594.0,924.0,3087,0,0,1,Pedestrian
90,497.0,867.0,594.0,922.0,3088,0,0,1,Pedestrian
90,497.0,865.0,594.0,919.0,3089,0,0,1,Pedestrian
90,497.0,865.0,594.0,919.0,3090,0,0,0,Pedestrian
90,495.0,863.0,591.0,917.0,3091,0,0,1,Pedestrian
90,495.0,860.0,591.0,915.0,3092,0,0,1,Pedestrian
90,495.0,860.0,591.0,915.0,3093,0,0,1,Pedestrian
90,495.0,858.0,591.0,913.0,3094,0,0,1,Pedestrian
90,495.0,856.0,591.0,910.0,3095,0,0,1,Pedestrian
90,492.0,856.0,588.0,910.0,3096,0,0,1,Pedestrian
90,492.0,853.0,588.0,908.0,3097,0,0,1,Pedestrian
90,492.0,853.0,588.0,908.0,3098,0,0,1,Pedestrian
90,492.0,851.0,588.0,906.0,3099,0,0,1,Pedestrian
90,492.0,849.0,588.0,904.0,3100,0,0,1,Pedestrian
90,489.0,849.0,585.0,904.0,3101,0,0,1,Pedestrian
90,489.0,847.0,585.0,901.0,3102,0,0,1,Pedestrian
90,489.0,844.0,585.0,899.0,3103,0,0,1,Pedestrian
90,489.0,844.0,585.0,899.0,3104,0,0,1,Pedestrian
90,489.0,842.0,585.0,897.0,3105,0,0,1,Pedestrian
90,486.0,842.0,583.0,897.0,3106,0,0,1,Pedestrian
90,486.0,840.0,583.0,894.0,3107,0,0,1,Pedestrian
90,486.0,837.0,583.0,892.0,3108,0,0,1,Pedestrian
90,486.0,837.0,583.0,892.0,3109,0,0,1,Pedestrian
90,486.0,835.0,583.0,890.0,3110,0,0,1,Pedestrian
90,484.0,833.0,580.0,888.0,3111,0,0,1,Pedestrian
90,484.0,833.0,580.0,888.0,3112,0,0,1,Pedestrian
90,484.0,831.0,580.0,885.0,3113,0,0,1,Pedestrian
90,484.0,831.0,580.0,885.0,3114,0,0,1,Pedestrian
90,484.0,828.0,580.0,883.0,3115,0,0,1,Pedestrian
90,481.0,826.0,577.0,881.0,3116,0,0,1,Pedestrian
90,481.0,826.0,577.0,881.0,3117,0,0,1,Pedestrian
90,481.0,824.0,577.0,878.0,3118,0,0,1,Pedestrian
90,481.0,824.0,577.0,878.0,3119,0,0,1,Pedestrian
90,481.0,822.0,577.0,876.0,3120,0,0,1,Pedestrian
90,478.0,819.0,574.0,874.0,3121,0,0,1,Pedestrian
90,478.0,819.0,574.0,874.0,3122,0,0,1,Pedestrian
90,478.0,817.0,574.0,872.0,3123,0,0,1,Pedestrian
90,478.0,815.0,574.0,869.0,3124,0,0,1,Pedestrian
90,478.0,815.0,574.0,869.0,3125,0,0,1,Pedestrian
90,475.0,812.0,572.0,867.0,3126,0,0,1,Pedestrian
90,475.0,812.0,572.0,867.0,3127,0,0,1,Pedestrian
90,475.0,810.0,572.0,865.0,3128,0,0,1,Pedestrian
90,475.0,808.0,572.0,863.0,3129,0,0,1,Pedestrian
90,475.0,808.0,572.0,863.0,3130,0,0,1,Pedestrian
90,473.0,806.0,569.0,860.0,3131,0,0,1,Pedestrian
90,473.0,803.0,569.0,858.0,3132,0,0,1,Pedestrian
90,473.0,803.0,569.0,858.0,3133,0,0,1,Pedestrian
90,473.0,801.0,569.0,856.0,3134,0,0,1,Pedestrian
90,473.0,801.0,569.0,856.0,3135,0,0,1,Pedestrian
90,470.0,799.0,566.0,853.0,3136,0,0,1,Pedestrian
90,470.0,796.0,566.0,851.0,3137,0,0,1,Pedestrian
90,470.0,796.0,566.0,851.0,3138,0,0,1,Pedestrian
90,470.0,794.0,566.0,849.0,3139,0,0,1,Pedestrian
90,470.0,794.0,566.0,849.0,3140,0,0,0,Pedestrian
90,467.0,792.0,563.0,847.0,3141,0,0,1,Pedestrian
90,467.0,790.0,563.0,844.0,3142,0,0,1,Pedestrian
90,467.0,790.0,563.0,844.0,3143,0,0,1,Pedestrian
90,467.0,787.0,563.0,842.0,3144,0,0,1,Pedestrian
90,467.0,785.0,563.0,840.0,3145,0,0,1,Pedestrian
90,467.0,785.0,563.0,840.0,3146,0,0,1,Pedestrian
90,467.0,783.0,563.0,837.0,3147,0,0,1,Pedestrian
90,467.0,781.0,563.0,835.0,3148,0,0,1,Pedestrian
90,467.0,781.0,563.0,835.0,3149,0,0,1,Pedestrian
90,467.0,778.0,563.0,833.0,3150,0,0,1,Pedestrian
90,467.0,776.0,563.0,831.0,3151,0,0,1,Pedestrian
90,467.0,776.0,563.0,831.0,3152,0,0,1,Pedestrian
90,467.0,774.0,563.0,828.0,3153,0,0,1,Pedestrian
90,467.0,771.0,563.0,826.0,3154,0,0,1,Pedestrian
90,467.0,771.0,563.0,826.0,3155,0,0,1,Pedestrian
90,467.0,769.0,563.0,824.0,3156,0,0,1,Pedestrian
90,467.0,767.0,563.0,822.0,3157,0,0,1,Pedestrian
90,467.0,767.0,563.0,822.0,3158,0,0,1,Pedestrian
90,467.0,765.0,563.0,819.0,3159,0,0,1,Pedestrian
90,467.0,762.0,563.0,817.0,3160,0,0,1,Pedestrian
90,467.0,762.0,563.0,817.0,3161,0,0,1,Pedestrian
90,467.0,760.0,563.0,815.0,3162,0,0,1,Pedestrian
90,467.0,758.0,563.0,812.0,3163,0,0,1,Pedestrian
90,467.0,758.0,563.0,812.0,3164,0,0,1,Pedestrian
90,467.0,755.0,563.0,810.0,3165,0,0,1,Pedestrian
90,464.0,753.0,561.0,808.0,3166,0,0,1,Pedestrian
90,464.0,753.0,561.0,808.0,3167,0,0,1,Pedestrian
90,464.0,751.0,561.0,806.0,3168,0,0,1,Pedestrian
90,464.0,749.0,561.0,803.0,3169,0,0,1,Pedestrian
90,464.0,749.0,561.0,803.0,3170,0,0,1,Pedestrian
90,464.0,746.0,561.0,801.0,3171,0,0,1,Pedestrian
90,464.0,744.0,561.0,799.0,3172,0,0,1,Pedestrian
90,464.0,744.0,561.0,799.0,3173,0,0,1,Pedestrian
90,464.0,742.0,561.0,796.0,3174,0,0,1,Pedestrian
90,464.0,740.0,561.0,794.0,3175,0,0,1,Pedestrian
90,464.0,740.0,561.0,794.0,3176,0,0,1,Pedestrian
90,464.0,737.0,561.0,792.0,3177,0,0,1,Pedestrian
90,464.0,735.0,561.0,790.0,3178,0,0,1,Pedestrian
90,464.0,735.0,561.0,790.0,3179,0,0,1,Pedestrian
90,464.0,733.0,561.0,787.0,3180,0,0,1,Pedestrian
90,464.0,730.0,561.0,785.0,3181,0,0,1,Pedestrian
90,464.0,730.0,561.0,785.0,3182,0,0,1,Pedestrian
90,464.0,728.0,561.0,783.0,3183,0,0,1,Pedestrian
90,464.0,726.0,561.0,781.0,3184,0,0,1,Pedestrian
90,464.0,726.0,561.0,781.0,3185,0,0,1,Pedestrian
90,464.0,724.0,561.0,778.0,3186,0,0,1,Pedestrian
90,464.0,721.0,561.0,776.0,3187,0,0,1,Pedestrian
90,464.0,721.0,561.0,776.0,3188,0,0,1,Pedestrian
90,464.0,719.0,561.0,774.0,3189,0,0,1,Pedestrian
90,464.0,719.0,561.0,774.0,3190,0,0,0,Pedestrian
90,464.0,717.0,561.0,771.0,3191,0,0,1,Pedestrian
90,464.0,715.0,561.0,769.0,3192,0,0,1,Pedestrian
90,464.0,715.0,561.0,769.0,3193,0,0,1,Pedestrian
90,464.0,712.0,561.0,767.0,3194,0,0,1,Pedestrian
90,464.0,710.0,561.0,765.0,3195,0,0,1,Pedestrian
90,464.0,710.0,561.0,765.0,3196,0,0,1,Pedestrian
90,467.0,708.0,563.0,762.0,3197,0,0,1,Pedestrian
90,467.0,705.0,563.0,760.0,3198,0,0,1,Pedestrian
90,467.0,705.0,563.0,760.0,3199,0,0,1,Pedestrian
90,467.0,703.0,563.0,758.0,3200,0,0,1,Pedestrian
90,467.0,701.0,563.0,755.0,3201,0,0,1,Pedestrian
90,467.0,701.0,563.0,755.0,3202,0,0,1,Pedestrian
90,470.0,699.0,566.0,753.0,3203,0,0,1,Pedestrian
90,470.0,699.0,566.0,753.0,3204,0,0,1,Pedestrian
90,470.0,696.0,566.0,751.0,3205,0,0,1,Pedestrian
90,470.0,694.0,566.0,749.0,3206,0,0,1,Pedestrian
90,470.0,694.0,566.0,749.0,3207,0,0,1,Pedestrian
90,470.0,692.0,566.0,746.0,3208,0,0,1,Pedestrian
90,473.0,689.0,569.0,744.0,3209,0,0,1,Pedestrian
90,473.0,689.0,569.0,744.0,3210,0,0,1,Pedestrian
90,473.0,687.0,569.0,742.0,3211,0,0,1,Pedestrian
90,473.0,685.0,569.0,740.0,3212,0,0,1,Pedestrian
90,473.0,685.0,569.0,740.0,3213,0,0,1,Pedestrian
90,473.0,683.0,569.0,737.0,3214,0,0,1,Pedestrian
90,475.0,683.0,572.0,737.0,3215,0,0,1,Pedestrian
90,475.0,680.0,572.0,735.0,3216,0,0,1,Pedestrian
90,475.0,678.0,572.0,733.0,3217,0,0,1,Pedestrian
90,475.0,678.0,572.0,733.0,3218,0,0,1,Pedestrian
90,475.0,676.0,572.0,730.0,3219,0,0,1,Pedestrian
90,475.0,674.0,572.0,728.0,3220,0,0,1,Pedestrian
90,475.0,674.0,572.0,728.0,3221,0,0,1,Pedestrian
90,478.0,671.0,574.0,726.0,3222,0,0,1,Pedestrian
90,478.0,669.0,574.0,724.0,3223,0,0,1,Pedestrian
90,478.0,669.0,574.0,724.0,3224,0,0,1,Pedestrian
90,478.0,667.0,574.0,721.0,3225,0,0,1,Pedestrian
90,478.0,664.0,574.0,719.0,3226,0,0,1,Pedestrian
90,478.0,664.0,574.0,719.0,3227,0,0,1,Pedestrian
90,481.0,662.0,577.0,717.0,3228,0,0,1,Pedestrian
90,481.0,662.0,577.0,717.0,3229,0,0,1,Pedestrian
90,481.0,660.0,577.0,715.0,3230,0,0,1,Pedestrian
90,481.0,658.0,577.0,712.0,3231,0,0,1,Pedestrian
90,481.0,658.0,577.0,712.0,3232,0,0,1,Pedestrian
90,481.0,655.0,577.0,710.0,3233,0,0,1,Pedestrian
90,484.0,653.0,580.0,708.0,3234,0,0,1,Pedestrian
90,484.0,653.0,580.0,708.0,3235,0,0,1,Pedestrian
90,484.0,651.0,580.0,705.0,3236,0,0,1,Pedestrian
90,484.0,648.0,580.0,703.0,3237,0,0,1,Pedestrian
90,484.0,648.0,580.0,703.0,3238,0,0,1,Pedestrian
90,484.0,646.0,580.0,701.0,3239,0,0,1,Pedestrian
90,486.0,646.0,583.0,701.0,3240,0,0,0,Pedestrian
90,486.0,644.0,583.0,699.0,3241,0,0,1,Pedestrian
90,486.0,644.0,583.0,699.0,3242,0,0,1,Pedestrian
90,486.0,644.0,583.0,699.0,3243,0,0,1,Pedestrian
90,486.0,644.0,583.0,699.0,3244,0,0,1,Pedestrian
90,489.0,644.0,585.0,699.0,3245,0,0,1,Pedestrian
90,489.0,644.0,585.0,699.0,3246,0,0,1,Pedestrian
90,489.0,644.0,585.0,699.0,3247,0,0,1,Pedestrian
90,489.0,642.0,585.0,696.0,3248,0,0,1,Pedestrian
90,489.0,642.0,585.0,696.0,3249,0,0,1,Pedestrian
90,492.0,642.0,588.0,696.0,3250,0,0,1,Pedestrian
90,492.0,642.0,588.0,696.0,3251,0,0,1,Pedestrian
90,492.0,642.0,588.0,696.0,3252,0,0,1,Pedestrian
90,492.0,642.0,588.0,696.0,3253,0,0,1,Pedestrian
90,492.0,642.0,588.0,696.0,3254,0,0,1,Pedestrian
90,495.0,642.0,591.0,696.0,3255,0,0,1,Pedestrian
90,495.0,639.0,591.0,694.0,3256,0,0,1,Pedestrian
90,495.0,639.0,591.0,694.0,3257,0,0,1,Pedestrian
90,495.0,639.0,591.0,694.0,3258,0,0,1,Pedestrian
90,495.0,639.0,591.0,694.0,3259,0,0,1,Pedestrian
90,497.0,639.0,594.0,694.0,3260,0,0,1,Pedestrian
90,497.0,639.0,594.0,694.0,3261,0,0,1,Pedestrian
90,497.0,639.0,594.0,694.0,3262,0,0,1,Pedestrian
90,497.0,637.0,594.0,692.0,3263,0,0,1,Pedestrian
90,497.0,637.0,594.0,692.0,3264,0,0,1,Pedestrian
90,500.0,637.0,596.0,692.0,3265,0,0,1,Pedestrian
90,500.0,637.0,596.0,692.0,3266,0,0,1,Pedestrian
90,500.0,637.0,596.0,692.0,3267,0,0,1,Pedestrian
90,500.0,637.0,596.0,692.0,3268,0,0,1,Pedestrian
90,500.0,637.0,596.0,692.0,3269,0,0,1,Pedestrian
90,503.0,637.0,599.0,692.0,3270,0,0,0,Pedestrian
90,503.0,637.0,599.0,692.0,3271,0,0,1,Pedestrian
90,503.0,637.0,599.0,692.0,3272,0,0,1,Pedestrian
90,506.0,637.0,602.0,692.0,3273,0,0,1,Pedestrian
90,506.0,637.0,602.0,692.0,3274,0,0,1,Pedestrian
90,508.0,637.0,605.0,692.0,3275,0,0,1,Pedestrian
90,508.0,637.0,605.0,692.0,3276,0,0,1,Pedestrian
90,508.0,637.0,605.0,692.0,3277,0,0,1,Pedestrian
90,511.0,637.0,607.0,692.0,3278,0,0,1,Pedestrian
90,511.0,637.0,607.0,692.0,3279,0,0,1,Pedestrian
90,514.0,637.0,610.0,692.0,3280,0,0,1,Pedestrian
90,514.0,637.0,610.0,692.0,3281,0,0,1,Pedestrian
90,514.0,637.0,610.0,692.0,3282,0,0,1,Pedestrian
90,517.0,637.0,613.0,692.0,3283,0,0,1,Pedestrian
90,517.0,637.0,613.0,692.0,3284,0,0,1,Pedestrian
90,519.0,637.0,616.0,692.0,3285,0,0,1,Pedestrian
90,519.0,637.0,616.0,692.0,3286,0,0,1,Pedestrian
90,519.0,637.0,616.0,692.0,3287,0,0,1,Pedestrian
90,522.0,637.0,618.0,692.0,3288,0,0,1,Pedestrian
90,522.0,637.0,618.0,692.0,3289,0,0,1,Pedestrian
90,525.0,637.0,621.0,692.0,3290,0,0,1,Pedestrian
90,525.0,637.0,621.0,692.0,3291,0,0,1,Pedestrian
90,525.0,637.0,621.0,692.0,3292,0,0,1,Pedestrian
90,528.0,637.0,624.0,692.0,3293,0,0,1,Pedestrian
90,528.0,637.0,624.0,692.0,3294,0,0,1,Pedestrian
90,530.0,637.0,627.0,692.0,3295,0,0,1,Pedestrian
90,530.0,637.0,627.0,692.0,3296,0,0,1,Pedestrian
90,530.0,637.0,627.0,692.0,3297,0,0,1,Pedestrian
90,533.0,637.0,629.0,692.0,3298,0,0,1,Pedestrian
90,533.0,637.0,629.0,692.0,3299,0,0,1,Pedestrian
90,536.0,637.0,632.0,692.0,3300,0,0,1,Pedestrian
90,536.0,637.0,632.0,692.0,3301,0,0,1,Pedestrian
90,536.0,637.0,632.0,692.0,3302,0,0,1,Pedestrian
90,539.0,637.0,635.0,692.0,3303,0,0,1,Pedestrian
90,539.0,637.0,635.0,692.0,3304,0,0,1,Pedestrian
90,541.0,637.0,638.0,692.0,3305,0,0,1,Pedestrian
90,541.0,637.0,638.0,692.0,3306,0,0,1,Pedestrian
90,541.0,637.0,638.0,692.0,3307,0,0,1,Pedestrian
90,544.0,637.0,640.0,692.0,3308,0,0,1,Pedestrian
90,544.0,637.0,640.0,692.0,3309,0,0,1,Pedestrian
90,547.0,639.0,643.0,694.0,3310,0,0,0,Pedestrian
90,547.0,639.0,643.0,694.0,3311,0,0,1,Pedestrian
90,547.0,639.0,643.0,694.0,3312,0,0,1,Pedestrian
90,547.0,639.0,643.0,694.0,3313,0,0,1,Pedestrian
90,550.0,639.0,646.0,694.0,3314,0,0,1,Pedestrian
90,550.0,639.0,646.0,694.0,3315,0,0,1,Pedestrian
90,550.0,639.0,646.0,694.0,3316,0,0,1,Pedestrian
90,550.0,642.0,646.0,696.0,3317,0,0,1,Pedestrian
90,552.0,642.0,649.0,696.0,3318,0,0,1,Pedestrian
90,552.0,642.0,649.0,696.0,3319,0,0,1,Pedestrian
90,552.0,642.0,649.0,696.0,3320,0,0,1,Pedestrian
90,552.0,642.0,649.0,696.0,3321,0,0,1,Pedestrian
90,555.0,642.0,651.0,696.0,3322,0,0,1,Pedestrian
90,555.0,642.0,651.0,696.0,3323,0,0,1,Pedestrian
90,555.0,644.0,651.0,699.0,3324,0,0,1,Pedestrian
90,555.0,644.0,651.0,699.0,3325,0,0,1,Pedestrian
90,558.0,644.0,654.0,699.0,3326,0,0,1,Pedestrian
90,558.0,644.0,654.0,699.0,3327,0,0,1,Pedestrian
90,558.0,644.0,654.0,699.0,3328,0,0,1,Pedestrian
90,558.0,644.0,654.0,699.0,3329,0,0,1,Pedestrian
90,561.0,646.0,657.0,701.0,3330,0,0,1,Pedestrian
90,561.0,646.0,657.0,701.0,3331,0,0,1,Pedestrian
90,561.0,646.0,657.0,701.0,3332,0,0,1,Pedestrian
90,561.0,646.0,657.0,701.0,3333,0,0,1,Pedestrian
90,563.0,646.0,660.0,701.0,3334,0,0,1,Pedestrian
90,563.0,646.0,660.0,701.0,3335,0,0,1,Pedestrian
90,563.0,646.0,660.0,701.0,3336,0,0,1,Pedestrian
90,563.0,648.0,660.0,703.0,3337,0,0,1,Pedestrian
90,566.0,648.0,662.0,703.0,3338,0,0,1,Pedestrian
90,566.0,648.0,662.0,703.0,3339,0,0,1,Pedestrian
90,566.0,648.0,662.0,703.0,3340,0,0,1,Pedestrian
90,566.0,648.0,662.0,703.0,3341,0,0,1,Pedestrian
90,569.0,648.0,665.0,703.0,3342,0,0,1,Pedestrian
90,569.0,648.0,665.0,703.0,3343,0,0,1,Pedestrian
90,569.0,651.0,665.0,705.0,3344,0,0,1,Pedestrian
90,569.0,651.0,665.0,705.0,3345,0,0,1,Pedestrian
90,572.0,651.0,668.0,705.0,3346,0,0,1,Pedestrian
90,572.0,651.0,668.0,705.0,3347,0,0,1,Pedestrian
90,572.0,651.0,668.0,705.0,3348,0,0,1,Pedestrian
90,572.0,651.0,668.0,705.0,3349,0,0,1,Pedestrian
90,574.0,653.0,671.0,708.0,3350,0,0,0,Pedestrian
90,577.0,655.0,673.0,710.0,3351,0,0,1,Pedestrian
90,583.0,660.0,679.0,715.0,3352,0,0,1,Pedestrian
90,588.0,664.0,684.0,719.0,3353,0,0,1,Pedestrian
90,591.0,667.0,687.0,721.0,3354,0,0,1,Pedestrian
90,596.0,671.0,693.0,726.0,3355,0,0,1,Pedestrian
90,602.0,676.0,698.0,730.0,3356,0,0,1,Pedestrian
90,605.0,678.0,701.0,733.0,3357,0,0,1,Pedestrian
90,610.0,683.0,706.0,737.0,3358,0,0,1,Pedestrian
90,616.0,687.0,712.0,742.0,3359,0,0,1,Pedestrian
90,621.0,692.0,717.0,746.0,3360,0,0,0,Pedestrian
90,621.0,689.0,717.0,744.0,3361,0,0,1,Pedestrian
90,621.0,689.0,717.0,744.0,3362,0,0,1,Pedestrian
90,624.0,689.0,720.0,744.0,3363,0,0,1,Pedestrian
90,624.0,689.0,720.0,744.0,3364,0,0,1,Pedestrian
90,627.0,689.0,723.0,744.0,3365,0,0,1,Pedestrian
90,627.0,689.0,723.0,744.0,3366,0,0,1,Pedestrian
90,629.0,689.0,726.0,744.0,3367,0,0,1,Pedestrian
90,629.0,689.0,726.0,744.0,3368,0,0,1,Pedestrian
90,632.0,687.0,728.0,742.0,3369,0,0,1,Pedestrian
90,632.0,687.0,728.0,742.0,3370,0,0,1,Pedestrian
90,635.0,687.0,731.0,742.0,3371,0,0,1,Pedestrian
90,635.0,687.0,731.0,742.0,3372,0,0,1,Pedestrian
90,638.0,687.0,734.0,742.0,3373,0,0,1,Pedestrian
90,638.0,687.0,734.0,742.0,3374,0,0,1,Pedestrian
90,640.0,687.0,737.0,742.0,3375,0,0,1,Pedestrian
90,640.0,687.0,737.0,742.0,3376,0,0,1,Pedestrian
90,643.0,685.0,739.0,740.0,3377,0,0,1,Pedestrian
90,643.0,685.0,739.0,740.0,3378,0,0,1,Pedestrian
90,646.0,685.0,742.0,740.0,3379,0,0,1,Pedestrian
90,646.0,685.0,742.0,740.0,3380,0,0,1,Pedestrian
90,646.0,685.0,742.0,740.0,3381,0,0,1,Pedestrian
90,649.0,685.0,745.0,740.0,3382,0,0,1,Pedestrian
90,649.0,685.0,745.0,740.0,3383,0,0,1,Pedestrian
90,651.0,685.0,748.0,740.0,3384,0,0,1,Pedestrian
90,651.0,683.0,748.0,737.0,3385,0,0,1,Pedestrian
90,654.0,683.0,750.0,737.0,3386,0,0,1,Pedestrian
90,654.0,683.0,750.0,737.0,3387,0,0,1,Pedestrian
90,657.0,683.0,753.0,737.0,3388,0,0,1,Pedestrian
90,657.0,683.0,753.0,737.0,3389,0,0,1,Pedestrian
90,660.0,683.0,756.0,737.0,3390,0,0,1,Pedestrian
90,660.0,683.0,756.0,737.0,3391,0,0,1,Pedestrian
90,662.0,683.0,759.0,737.0,3392,0,0,1,Pedestrian
90,662.0,680.0,759.0,735.0,3393,0,0,1,Pedestrian
90,665.0,680.0,761.0,735.0,3394,0,0,1,Pedestrian
90,665.0,680.0,761.0,735.0,3395,0,0,1,Pedestrian
90,668.0,680.0,764.0,735.0,3396,0,0,1,Pedestrian
90,668.0,680.0,764.0,735.0,3397,0,0,1,Pedestrian
90,671.0,680.0,767.0,735.0,3398,0,0,1,Pedestrian
90,671.0,680.0,767.0,735.0,3399,0,0,1,Pedestrian
90,673.0,680.0,770.0,735.0,3400,0,0,0,Pedestrian
90,673.0,678.0,770.0,733.0,3401,0,0,1,Pedestrian
90,673.0,678.0,770.0,733.0,3402,0,0,1,Pedestrian
90,676.0,676.0,772.0,730.0,3403,0,0,1,Pedestrian
90,676.0,676.0,772.0,730.0,3404,0,0,1,Pedestrian
90,676.0,674.0,772.0,728.0,3405,0,0,1,Pedestrian
90,679.0,674.0,775.0,728.0,3406,0,0,1,Pedestrian
90,679.0,674.0,775.0,728.0,3407,0,0,1,Pedestrian
90,682.0,671.0,778.0,726.0,3408,0,0,1,Pedestrian
90,682.0,671.0,778.0,726.0,3409,0,0,1,Pedestrian
90,682.0,669.0,778.0,724.0,3410,0,0,1,Pedestrian
90,684.0,669.0,781.0,724.0,3411,0,0,1,Pedestrian
90,684.0,667.0,781.0,721.0,3412,0,0,1,Pedestrian
90,684.0,667.0,781.0,721.0,3413,0,0,1,Pedestrian
90,687.0,667.0,783.0,721.0,3414,0,0,1,Pedestrian
90,687.0,664.0,783.0,719.0,3415,0,0,1,Pedestrian
90,690.0,664.0,786.0,719.0,3416,0,0,1,Pedestrian
90,690.0,662.0,786.0,717.0,3417,0,0,1,Pedestrian
90,690.0,662.0,786.0,717.0,3418,0,0,1,Pedestrian
90,693.0,660.0,789.0,715.0,3419,0,0,1,Pedestrian
90,693.0,660.0,789.0,715.0,3420,0,0,1,Pedestrian
90,693.0,660.0,789.0,715.0,3421,0,0,1,Pedestrian
90,695.0,658.0,792.0,712.0,3422,0,0,1,Pedestrian
90,695.0,658.0,792.0,712.0,3423,0,0,1,Pedestrian
90,698.0,655.0,794.0,710.0,3424,0,0,1,Pedestrian
90,698.0,655.0,794.0,710.0,3425,0,0,1,Pedestrian
90,698.0,653.0,794.0,708.0,3426,0,0,1,Pedestrian
90,701.0,653.0,797.0,708.0,3427,0,0,1,Pedestrian
90,701.0,653.0,797.0,708.0,3428,0,0,1,Pedestrian
90,701.0,651.0,797.0,705.0,3429,0,0,1,Pedestrian
90,704.0,651.0,800.0,705.0,3430,0,0,1,Pedestrian
90,704.0,648.0,800.0,703.0,3431,0,0,1,Pedestrian
90,706.0,648.0,803.0,703.0,3432,0,0,1,Pedestrian
90,706.0,646.0,803.0,701.0,3433,0,0,1,Pedestrian
90,706.0,646.0,803.0,701.0,3434,0,0,1,Pedestrian
90,709.0,646.0,805.0,701.0,3435,0,0,1,Pedestrian
90,709.0,644.0,805.0,699.0,3436,0,0,1,Pedestrian
90,709.0,644.0,805.0,699.0,3437,0,0,1,Pedestrian
90,712.0,642.0,808.0,696.0,3438,0,0,1,Pedestrian
90,712.0,642.0,808.0,696.0,3439,0,0,1,Pedestrian
90,715.0,642.0,811.0,696.0,3440,0,0,0,Pedestrian
90,715.0,639.0,811.0,694.0,3441,0,0,1,Pedestrian
90,715.0,637.0,811.0,692.0,3442,0,0,1,Pedestrian
90,715.0,635.0,811.0,689.0,3443,0,0,1,Pedestrian
90,715.0,635.0,811.0,689.0,3444,0,0,1,Pedestrian
90,717.0,633.0,814.0,687.0,3445,0,0,1,Pedestrian
90,717.0,630.0,814.0,685.0,3446,0,0,1,Pedestrian
90,717.0,630.0,814.0,685.0,3447,0,0,1,Pedestrian
90,717.0,628.0,814.0,683.0,3448,0,0,1,Pedestrian
90,720.0,626.0,816.0,680.0,3449,0,0,1,Pedestrian
90,720.0,626.0,816.0,680.0,3450,0,0,1,Pedestrian
90,720.0,623.0,816.0,678.0,3451,0,0,1,Pedestrian
90,720.0,621.0,816.0,676.0,3452,0,0,1,Pedestrian
90,720.0,619.0,816.0,674.0,3453,0,0,1,Pedestrian
90,723.0,619.0,819.0,674.0,3454,0,0,1,Pedestrian
90,723.0,617.0,819.0,671.0,3455,0,0,1,Pedestrian
90,723.0,614.0,819.0,669.0,3456,0,0,1,Pedestrian
90,723.0,614.0,819.0,669.0,3457,0,0,1,Pedestrian
90,726.0,612.0,822.0,667.0,3458,0,0,1,Pedestrian
90,726.0,610.0,822.0,664.0,3459,0,0,1,Pedestrian
90,726.0,610.0,822.0,664.0,3460,0,0,1,Pedestrian
90,726.0,607.0,822.0,662.0,3461,0,0,1,Pedestrian
90,726.0,605.0,822.0,660.0,3462,0,0,1,Pedestrian
90,728.0,603.0,825.0,658.0,3463,0,0,1,Pedestrian
90,728.0,603.0,825.0,658.0,3464,0,0,1,Pedestrian
90,728.0,601.0,825.0,655.0,3465,0,0,1,Pedestrian
90,728.0,598.0,825.0,653.0,3466,0,0,1,Pedestrian
90,731.0,598.0,827.0,653.0,3467,0,0,1,Pedestrian
90,731.0,596.0,827.0,651.0,3468,0,0,1,Pedestrian
90,731.0,594.0,827.0,648.0,3469,0,0,1,Pedestrian
90,731.0,594.0,827.0,648.0,3470,0,0,1,Pedestrian
90,731.0,592.0,827.0,646.0,3471,0,0,1,Pedestrian
90,734.0,589.0,830.0,644.0,3472,0,0,1,Pedestrian
90,734.0,587.0,830.0,642.0,3473,0,0,1,Pedestrian
90,734.0,587.0,830.0,642.0,3474,0,0,1,Pedestrian
90,734.0,585.0,830.0,639.0,3475,0,0,1,Pedestrian
90,737.0,582.0,833.0,637.0,3476,0,0,1,Pedestrian
90,737.0,582.0,833.0,637.0,3477,0,0,1,Pedestrian
90,737.0,580.0,833.0,635.0,3478,0,0,1,Pedestrian
90,737.0,578.0,833.0,633.0,3479,0,0,1,Pedestrian
90,739.0,578.0,836.0,633.0,3480,0,0,0,Pedestrian
90,739.0,576.0,836.0,630.0,3481,0,0,1,Pedestrian
90,739.0,573.0,836.0,628.0,3482,0,0,1,Pedestrian
90,739.0,571.0,836.0,626.0,3483,0,0,1,Pedestrian
90,739.0,569.0,836.0,623.0,3484,0,0,1,Pedestrian
90,739.0,569.0,836.0,623.0,3485,0,0,1,Pedestrian
90,739.0,566.0,836.0,621.0,3486,0,0,1,Pedestrian
90,739.0,564.0,836.0,619.0,3487,0,0,1,Pedestrian
90,739.0,562.0,836.0,617.0,3488,0,0,1,Pedestrian
90,739.0,560.0,836.0,614.0,3489,0,0,1,Pedestrian
90,742.0,560.0,838.0,614.0,3490,0,0,1,Pedestrian
90,742.0,557.0,838.0,612.0,3491,0,0,1,Pedestrian
90,742.0,555.0,838.0,610.0,3492,0,0,1,Pedestrian
90,742.0,553.0,838.0,607.0,3493,0,0,1,Pedestrian
90,742.0,551.0,838.0,605.0,3494,0,0,1,Pedestrian
90,742.0,551.0,838.0,605.0,3495,0,0,1,Pedestrian
90,742.0,548.0,838.0,603.0,3496,0,0,1,Pedestrian
90,742.0,546.0,838.0,601.0,3497,0,0,1,Pedestrian
90,742.0,544.0,838.0,598.0,3498,0,0,1,Pedestrian
90,742.0,541.0,838.0,596.0,3499,0,0,1,Pedestrian
90,745.0,541.0,841.0,596.0,3500,0,0,0,Pedestrian
90,745.0,539.0,838.0,594.0,3501,0,0,1,Pedestrian
90,745.0,537.0,838.0,592.0,3502,0,0,1,Pedestrian
90,745.0,535.0,838.0,589.0,3503,0,0,1,Pedestrian
90,745.0,535.0,838.0,589.0,3504,0,0,1,Pedestrian
90,745.0,532.0,838.0,587.0,3505,0,0,1,Pedestrian
90,745.0,530.0,838.0,585.0,3506,0,0,1,Pedestrian
90,745.0,528.0,838.0,582.0,3507,0,0,1,Pedestrian
90,745.0,528.0,838.0,582.0,3508,0,0,1,Pedestrian
90,745.0,526.0,838.0,580.0,3509,0,0,1,Pedestrian
90,745.0,523.0,838.0,578.0,3510,0,0,1,Pedestrian
90,745.0,521.0,838.0,578.0,3511,0,0,1,Pedestrian
90,745.0,521.0,838.0,576.0,3512,0,0,1,Pedestrian
90,745.0,519.0,838.0,573.0,3513,0,0,1,Pedestrian
90,745.0,516.0,838.0,571.0,3514,0,0,1,Pedestrian
90,745.0,514.0,838.0,571.0,3515,0,0,1,Pedestrian
90,745.0,514.0,838.0,569.0,3516,0,0,1,Pedestrian
90,745.0,512.0,838.0,566.0,3517,0,0,1,Pedestrian
90,745.0,510.0,838.0,566.0,3518,0,0,1,Pedestrian
90,745.0,510.0,838.0,564.0,3519,0,0,1,Pedestrian
90,745.0,507.0,838.0,562.0,3520,0,0,1,Pedestrian
90,745.0,505.0,838.0,560.0,3521,0,0,1,Pedestrian
90,745.0,503.0,838.0,560.0,3522,0,0,1,Pedestrian
90,745.0,503.0,838.0,557.0,3523,0,0,1,Pedestrian
90,745.0,500.0,838.0,555.0,3524,0,0,1,Pedestrian
90,745.0,498.0,838.0,555.0,3525,0,0,1,Pedestrian
90,745.0,496.0,838.0,553.0,3526,0,0,1,Pedestrian
90,745.0,496.0,838.0,551.0,3527,0,0,1,Pedestrian
90,745.0,494.0,838.0,548.0,3528,0,0,1,Pedestrian
90,745.0,491.0,838.0,548.0,3529,0,0,1,Pedestrian
90,748.0,489.0,838.0,546.0,3530,0,0,1,Pedestrian
90,748.0,489.0,838.0,544.0,3531,0,0,1,Pedestrian
90,748.0,487.0,838.0,544.0,3532,0,0,1,Pedestrian
90,748.0,485.0,838.0,541.0,3533,0,0,1,Pedestrian
90,748.0,482.0,838.0,539.0,3534,0,0,1,Pedestrian
90,748.0,482.0,838.0,537.0,3535,0,0,1,Pedestrian
90,748.0,480.0,838.0,537.0,3536,0,0,1,Pedestrian
90,748.0,478.0,838.0,535.0,3537,0,0,1,Pedestrian
90,748.0,478.0,838.0,532.0,3538,0,0,1,Pedestrian
90,748.0,475.0,838.0,532.0,3539,0,0,1,Pedestrian
90,748.0,473.0,838.0,530.0,3540,0,0,1,Pedestrian
90,748.0,471.0,838.0,528.0,3541,0,0,1,Pedestrian
90,748.0,471.0,838.0,526.0,3542,0,0,1,Pedestrian
90,748.0,469.0,838.0,526.0,3543,0,0,1,Pedestrian
90,748.0,466.0,838.0,523.0,3544,0,0,1,Pedestrian
90,748.0,464.0,838.0,521.0,3545,0,0,1,Pedestrian
90,748.0,464.0,838.0,521.0,3546,0,0,1,Pedestrian
90,748.0,462.0,838.0,519.0,3547,0,0,1,Pedestrian
90,748.0,459.0,838.0,516.0,3548,0,0,1,Pedestrian
90,748.0,457.0,838.0,514.0,3549,0,0,1,Pedestrian
90,748.0,457.0,838.0,514.0,3550,0,0,1,Pedestrian
90,748.0,455.0,838.0,512.0,3551,0,0,1,Pedestrian
90,748.0,453.0,838.0,510.0,3552,0,0,1,Pedestrian
90,748.0,453.0,838.0,510.0,3553,0,0,1,Pedestrian
90,748.0,450.0,838.0,507.0,3554,0,0,1,Pedestrian
90,748.0,448.0,838.0,505.0,3555,0,0,1,Pedestrian
90,748.0,446.0,838.0,503.0,3556,0,0,1,Pedestrian
90,748.0,446.0,838.0,503.0,3557,0,0,1,Pedestrian
90,748.0,444.0,838.0,500.0,3558,0,0,1,Pedestrian
90,750.0,441.0,838.0,498.0,3559,0,0,1,Pedestrian
90,750.0,439.0,838.0,498.0,3560,0,0,1,Pedestrian
90,750.0,439.0,838.0,496.0,3561,0,0,1,Pedestrian
90,750.0,437.0,838.0,494.0,3562,0,0,1,Pedestrian
90,750.0,434.0,838.0,491.0,3563,0,0,1,Pedestrian
90,750.0,432.0,838.0,491.0,3564,0,0,1,Pedestrian
90,750.0,432.0,838.0,489.0,3565,0,0,1,Pedestrian
90,750.0,430.0,838.0,487.0,3566,0,0,1,Pedestrian
90,750.0,428.0,838.0,487.0,3567,0,0,1,Pedestrian
90,750.0,425.0,838.0,485.0,3568,0,0,1,Pedestrian
90,750.0,425.0,838.0,482.0,3569,0,0,1,Pedestrian
90,750.0,423.0,838.0,480.0,3570,0,0,1,Pedestrian
90,750.0,421.0,838.0,480.0,3571,0,0,1,Pedestrian
90,750.0,421.0,838.0,478.0,3572,0,0,1,Pedestrian
90,750.0,418.0,838.0,475.0,3573,0,0,1,Pedestrian
90,750.0,416.0,838.0,475.0,3574,0,0,1,Pedestrian
90,750.0,414.0,838.0,473.0,3575,0,0,1,Pedestrian
90,750.0,414.0,838.0,471.0,3576,0,0,1,Pedestrian
90,750.0,412.0,838.0,469.0,3577,0,0,1,Pedestrian
90,750.0,409.0,838.0,469.0,3578,0,0,1,Pedestrian
90,750.0,407.0,838.0,466.0,3579,0,0,1,Pedestrian
90,750.0,407.0,838.0,464.0,3580,0,0,1,Pedestrian
90,750.0,405.0,838.0,464.0,3581,0,0,1,Pedestrian
90,750.0,403.0,838.0,462.0,3582,0,0,1,Pedestrian
90,750.0,400.0,838.0,459.0,3583,0,0,1,Pedestrian
90,750.0,400.0,838.0,457.0,3584,0,0,1,Pedestrian
90,750.0,398.0,838.0,457.0,3585,0,0,1,Pedestrian
90,750.0,396.0,838.0,455.0,3586,0,0,1,Pedestrian
90,750.0,396.0,838.0,453.0,3587,0,0,1,Pedestrian
90,750.0,393.0,838.0,453.0,3588,0,0,1,Pedestrian
90,753.0,391.0,838.0,450.0,3589,0,0,1,Pedestrian
90,753.0,389.0,838.0,448.0,3590,0,0,1,Pedestrian
90,753.0,389.0,838.0,446.0,3591,0,0,1,Pedestrian
90,753.0,387.0,838.0,446.0,3592,0,0,1,Pedestrian
90,753.0,384.0,838.0,444.0,3593,0,0,1,Pedestrian
90,753.0,382.0,838.0,441.0,3594,0,0,1,Pedestrian
90,753.0,382.0,838.0,441.0,3595,0,0,1,Pedestrian
90,753.0,380.0,838.0,439.0,3596,0,0,1,Pedestrian
90,753.0,377.0,838.0,437.0,3597,0,0,1,Pedestrian
90,753.0,375.0,838.0,434.0,3598,0,0,1,Pedestrian
90,753.0,375.0,838.0,434.0,3599,0,0,1,Pedestrian
90,753.0,373.0,838.0,432.0,3600,0,0,1,Pedestrian
90,753.0,371.0,838.0,430.0,3601,0,0,1,Pedestrian
90,753.0,368.0,838.0,430.0,3602,0,0,1,Pedestrian
90,753.0,368.0,838.0,428.0,3603,0,0,1,Pedestrian
90,753.0,366.0,838.0,425.0,3604,0,0,1,Pedestrian
90,753.0,364.0,838.0,423.0,3605,0,0,1,Pedestrian
90,753.0,364.0,838.0,423.0,3606,0,0,1,Pedestrian
90,753.0,362.0,838.0,421.0,3607,0,0,1,Pedestrian
90,753.0,359.0,838.0,418.0,3608,0,0,1,Pedestrian
90,753.0,357.0,838.0,418.0,3609,0,0,1,Pedestrian
90,753.0,357.0,838.0,416.0,3610,0,0,1,Pedestrian
90,753.0,355.0,838.0,414.0,3611,0,0,1,Pedestrian
90,753.0,352.0,838.0,412.0,3612,0,0,1,Pedestrian
90,753.0,350.0,838.0,412.0,3613,0,0,1,Pedestrian
90,753.0,350.0,838.0,409.0,3614,0,0,1,Pedestrian
90,753.0,348.0,838.0,407.0,3615,0,0,1,Pedestrian
90,753.0,346.0,838.0,407.0,3616,0,0,1,Pedestrian
90,753.0,343.0,838.0,405.0,3617,0,0,1,Pedestrian
90,756.0,343.0,838.0,403.0,3618,0,0,1,Pedestrian
90,756.0,341.0,838.0,400.0,3619,0,0,1,Pedestrian
90,756.0,339.0,838.0,400.0,3620,0,0,1,Pedestrian
90,756.0,337.0,838.0,398.0,3621,0,0,1,Pedestrian
90,756.0,337.0,838.0,396.0,3622,0,0,1,Pedestrian
90,756.0,334.0,838.0,396.0,3623,0,0,1,Pedestrian
90,756.0,332.0,838.0,393.0,3624,0,0,1,Pedestrian
90,756.0,332.0,838.0,391.0,3625,0,0,1,Pedestrian
90,756.0,330.0,838.0,389.0,3626,0,0,1,Pedestrian
90,756.0,327.0,838.0,389.0,3627,0,0,1,Pedestrian
90,756.0,325.0,838.0,387.0,3628,0,0,1,Pedestrian
90,756.0,325.0,838.0,384.0,3629,0,0,1,Pedestrian
90,756.0,323.0,838.0,384.0,3630,0,0,1,Pedestrian
90,756.0,321.0,838.0,382.0,3631,0,0,1,Pedestrian
90,756.0,318.0,838.0,380.0,3632,0,0,1,Pedestrian
90,756.0,318.0,838.0,377.0,3633,0,0,1,Pedestrian
90,756.0,316.0,838.0,377.0,3634,0,0,1,Pedestrian
90,756.0,314.0,838.0,375.0,3635,0,0,1,Pedestrian
90,756.0,311.0,838.0,373.0,3636,0,0,1,Pedestrian
90,756.0,311.0,838.0,373.0,3637,0,0,1,Pedestrian
90,756.0,309.0,838.0,371.0,3638,0,0,1,Pedestrian
90,756.0,307.0,838.0,368.0,3639,0,0,1,Pedestrian
90,756.0,307.0,838.0,366.0,3640,0,0,1,Pedestrian
90,756.0,305.0,838.0,366.0,3641,0,0,1,Pedestrian
90,756.0,302.0,838.0,364.0,3642,0,0,1,Pedestrian
90,756.0,300.0,838.0,362.0,3643,0,0,1,Pedestrian
90,756.0,300.0,838.0,362.0,3644,0,0,1,Pedestrian
90,756.0,298.0,838.0,359.0,3645,0,0,1,Pedestrian
90,756.0,296.0,838.0,357.0,3646,0,0,1,Pedestrian
90,756.0,293.0,838.0,355.0,3647,0,0,1,Pedestrian
90,759.0,293.0,836.0,355.0,3648,0,0,1,Pedestrian
90,759.0,291.0,836.0,352.0,3649,0,0,1,Pedestrian
90,759.0,289.0,836.0,350.0,3650,0,0,1,Pedestrian
90,759.0,286.0,836.0,348.0,3651,0,0,1,Pedestrian
90,759.0,286.0,836.0,348.0,3652,0,0,1,Pedestrian
90,759.0,284.0,836.0,346.0,3653,0,0,1,Pedestrian
90,759.0,282.0,836.0,343.0,3654,0,0,1,Pedestrian
90,759.0,280.0,836.0,343.0,3655,0,0,1,Pedestrian
90,759.0,280.0,836.0,341.0,3656,0,0,1,Pedestrian
90,759.0,277.0,836.0,339.0,3657,0,0,1,Pedestrian
90,759.0,275.0,836.0,337.0,3658,0,0,1,Pedestrian
90,759.0,275.0,836.0,337.0,3659,0,0,1,Pedestrian
90,759.0,273.0,836.0,334.0,3660,0,0,1,Pedestrian
90,759.0,270.0,836.0,332.0,3661,0,0,1,Pedestrian
90,759.0,268.0,836.0,332.0,3662,0,0,1,Pedestrian
90,759.0,268.0,836.0,330.0,3663,0,0,1,Pedestrian
90,759.0,266.0,836.0,327.0,3664,0,0,1,Pedestrian
90,759.0,264.0,836.0,325.0,3665,0,0,1,Pedestrian
90,759.0,261.0,836.0,325.0,3666,0,0,1,Pedestrian
90,759.0,261.0,836.0,323.0,3667,0,0,1,Pedestrian
90,759.0,259.0,836.0,321.0,3668,0,0,1,Pedestrian
90,759.0,257.0,836.0,321.0,3669,0,0,1,Pedestrian
90,759.0,255.0,836.0,318.0,3670,0,0,1,Pedestrian
90,759.0,255.0,836.0,316.0,3671,0,0,1,Pedestrian
90,759.0,252.0,836.0,314.0,3672,0,0,1,Pedestrian
90,759.0,250.0,836.0,314.0,3673,0,0,1,Pedestrian
90,759.0,250.0,836.0,311.0,3674,0,0,1,Pedestrian
90,759.0,248.0,836.0,309.0,3675,0,0,1,Pedestrian
90,759.0,245.0,836.0,309.0,3676,0,0,1,Pedestrian
90,761.0,243.0,836.0,307.0,3677,0,0,1,Pedestrian
90,761.0,243.0,836.0,305.0,3678,0,0,1,Pedestrian
90,761.0,241.0,836.0,302.0,3679,0,0,1,Pedestrian
90,761.0,239.0,836.0,302.0,3680,0,0,1,Pedestrian
90,761.0,236.0,836.0,300.0,3681,0,0,1,Pedestrian
90,761.0,236.0,836.0,298.0,3682,0,0,1,Pedestrian
90,761.0,234.0,836.0,298.0,3683,0,0,1,Pedestrian
90,761.0,232.0,836.0,296.0,3684,0,0,1,Pedestrian
90,761.0,229.0,836.0,293.0,3685,0,0,1,Pedestrian
90,761.0,229.0,836.0,291.0,3686,0,0,1,Pedestrian
90,761.0,227.0,836.0,291.0,3687,0,0,1,Pedestrian
90,761.0,225.0,836.0,289.0,3688,0,0,1,Pedestrian
90,761.0,223.0,836.0,286.0,3689,0,0,1,Pedestrian
90,761.0,223.0,836.0,286.0,3690,0,0,1,Pedestrian
90,761.0,220.0,836.0,284.0,3691,0,0,1,Pedestrian
90,761.0,218.0,836.0,282.0,3692,0,0,1,Pedestrian
90,761.0,218.0,836.0,280.0,3693,0,0,1,Pedestrian
90,761.0,216.0,836.0,280.0,3694,0,0,1,Pedestrian
90,761.0,214.0,836.0,277.0,3695,0,0,1,Pedestrian
90,761.0,211.0,836.0,275.0,3696,0,0,1,Pedestrian
90,761.0,211.0,836.0,275.0,3697,0,0,1,Pedestrian
90,761.0,209.0,836.0,273.0,3698,0,0,1,Pedestrian
90,761.0,207.0,836.0,270.0,3699,0,0,1,Pedestrian
90,761.0,204.0,836.0,268.0,3700,0,0,1,Pedestrian
90,761.0,204.0,836.0,268.0,3701,0,0,1,Pedestrian
90,761.0,202.0,836.0,266.0,3702,0,0,1,Pedestrian
90,761.0,200.0,836.0,264.0,3703,0,0,1,Pedestrian
90,761.0,198.0,836.0,264.0,3704,0,0,1,Pedestrian
90,761.0,198.0,836.0,261.0,3705,0,0,1,Pedestrian
90,761.0,195.0,836.0,259.0,3706,0,0,1,Pedestrian
90,764.0,193.0,836.0,257.0,3707,0,0,1,Pedestrian
90,764.0,191.0,836.0,257.0,3708,0,0,1,Pedestrian
90,764.0,191.0,836.0,255.0,3709,0,0,1,Pedestrian
90,764.0,188.0,836.0,252.0,3710,0,0,1,Pedestrian
90,764.0,186.0,836.0,252.0,3711,0,0,1,Pedestrian
90,764.0,186.0,836.0,250.0,3712,0,0,1,Pedestrian
90,764.0,184.0,836.0,248.0,3713,0,0,1,Pedestrian
90,764.0,182.0,836.0,245.0,3714,0,0,1,Pedestrian
90,764.0,179.0,836.0,245.0,3715,0,0,1,Pedestrian
90,764.0,179.0,836.0,243.0,3716,0,0,1,Pedestrian
90,764.0,177.0,836.0,241.0,3717,0,0,1,Pedestrian
90,764.0,175.0,836.0,241.0,3718,0,0,1,Pedestrian
90,764.0,173.0,836.0,239.0,3719,0,0,1,Pedestrian
90,764.0,173.0,836.0,236.0,3720,0,0,1,Pedestrian
90,764.0,170.0,836.0,234.0,3721,0,0,1,Pedestrian
90,764.0,168.0,836.0,234.0,3722,0,0,1,Pedestrian
90,764.0,166.0,836.0,232.0,3723,0,0,1,Pedestrian
90,764.0,166.0,836.0,229.0,3724,0,0,1,Pedestrian
90,764.0,163.0,836.0,229.0,3725,0,0,1,Pedestrian
90,764.0,161.0,836.0,227.0,3726,0,0,1,Pedestrian
90,764.0,161.0,836.0,225.0,3727,0,0,1,Pedestrian
90,764.0,159.0,836.0,223.0,3728,0,0,1,Pedestrian
90,764.0,157.0,836.0,223.0,3729,0,0,1,Pedestrian
90,764.0,154.0,836.0,220.0,3730,0,0,1,Pedestrian
90,764.0,154.0,836.0,218.0,3731,0,0,1,Pedestrian
90,764.0,152.0,836.0,218.0,3732,0,0,1,Pedestrian
90,764.0,150.0,836.0,216.0,3733,0,0,1,Pedestrian
90,764.0,148.0,836.0,214.0,3734,0,0,1,Pedestrian
90,764.0,148.0,836.0,211.0,3735,0,0,1,Pedestrian
90,767.0,145.0,836.0,211.0,3736,0,0,1,Pedestrian
90,767.0,143.0,836.0,209.0,3737,0,0,1,Pedestrian
90,767.0,141.0,836.0,207.0,3738,0,0,1,Pedestrian
90,767.0,141.0,836.0,207.0,3739,0,0,1,Pedestrian
90,767.0,138.0,836.0,204.0,3740,0,0,1,Pedestrian
90,767.0,136.0,836.0,202.0,3741,0,0,1,Pedestrian
90,767.0,134.0,836.0,200.0,3742,0,0,1,Pedestrian
90,767.0,134.0,836.0,200.0,3743,0,0,1,Pedestrian
90,767.0,132.0,836.0,198.0,3744,0,0,1,Pedestrian
90,767.0,129.0,836.0,195.0,3745,0,0,1,Pedestrian
90,767.0,129.0,836.0,195.0,3746,0,0,1,Pedestrian
90,767.0,127.0,836.0,193.0,3747,0,0,1,Pedestrian
90,767.0,125.0,836.0,191.0,3748,0,0,1,Pedestrian
90,767.0,122.0,836.0,188.0,3749,0,0,1,Pedestrian
90,767.0,122.0,836.0,188.0,3750,0,0,1,Pedestrian
90,767.0,120.0,836.0,186.0,3751,0,0,1,Pedestrian
90,767.0,118.0,836.0,184.0,3752,0,0,1,Pedestrian
90,767.0,116.0,836.0,184.0,3753,0,0,1,Pedestrian
90,767.0,116.0,836.0,182.0,3754,0,0,1,Pedestrian
90,767.0,113.0,836.0,179.0,3755,0,0,1,Pedestrian
90,767.0,111.0,836.0,177.0,3756,0,0,1,Pedestrian
90,767.0,109.0,836.0,177.0,3757,0,0,1,Pedestrian
90,767.0,109.0,836.0,175.0,3758,0,0,1,Pedestrian
90,767.0,107.0,836.0,173.0,3759,0,0,1,Pedestrian
90,767.0,104.0,836.0,173.0,3760,0,0,1,Pedestrian
90,767.0,104.0,836.0,170.0,3761,0,0,1,Pedestrian
90,767.0,102.0,836.0,168.0,3762,0,0,1,Pedestrian
90,767.0,100.0,836.0,166.0,3763,0,0,1,Pedestrian
90,767.0,97.0,836.0,166.0,3764,0,0,1,Pedestrian
90,767.0,97.0,836.0,163.0,3765,0,0,1,Pedestrian
90,770.0,95.0,836.0,161.0,3766,0,0,1,Pedestrian
90,770.0,93.0,836.0,161.0,3767,0,0,1,Pedestrian
90,770.0,91.0,836.0,159.0,3768,0,0,1,Pedestrian
90,770.0,91.0,836.0,157.0,3769,0,0,1,Pedestrian
90,770.0,88.0,836.0,154.0,3770,0,0,1,Pedestrian
90,770.0,86.0,836.0,154.0,3771,0,0,1,Pedestrian
90,770.0,84.0,836.0,152.0,3772,0,0,1,Pedestrian
90,770.0,84.0,836.0,150.0,3773,0,0,1,Pedestrian
90,770.0,81.0,836.0,150.0,3774,0,0,1,Pedestrian
90,770.0,79.0,836.0,148.0,3775,0,0,1,Pedestrian
90,770.0,77.0,836.0,145.0,3776,0,0,1,Pedestrian
90,770.0,77.0,836.0,143.0,3777,0,0,1,Pedestrian
90,770.0,75.0,836.0,143.0,3778,0,0,1,Pedestrian
90,770.0,72.0,836.0,141.0,3779,0,0,1,Pedestrian
90,770.0,72.0,836.0,138.0,3780,0,0,1,Pedestrian
90,770.0,70.0,836.0,138.0,3781,0,0,1,Pedestrian
90,770.0,68.0,836.0,136.0,3782,0,0,1,Pedestrian
90,770.0,66.0,836.0,134.0,3783,0,0,1,Pedestrian
90,770.0,66.0,836.0,132.0,3784,0,0,1,Pedestrian
90,770.0,63.0,836.0,132.0,3785,0,0,1,Pedestrian
90,770.0,61.0,836.0,129.0,3786,0,0,1,Pedestrian
90,770.0,59.0,836.0,127.0,3787,0,0,1,Pedestrian
90,770.0,59.0,836.0,127.0,3788,0,0,1,Pedestrian
90,770.0,56.0,836.0,125.0,3789,0,0,1,Pedestrian
90,770.0,54.0,836.0,122.0,3790,0,0,1,Pedestrian
90,770.0,52.0,836.0,120.0,3791,0,0,1,Pedestrian
90,770.0,52.0,836.0,120.0,3792,0,0,1,Pedestrian
90,770.0,50.0,836.0,118.0,3793,0,0,1,Pedestrian
90,770.0,47.0,836.0,116.0,3794,0,0,1,Pedestrian
90,772.0,47.0,836.0,116.0,3795,0,0,0,Pedestrian
90,772.0,45.0,836.0,113.0,3796,0,0,1,Pedestrian
90,772.0,45.0,836.0,113.0,3797,0,0,1,Pedestrian
90,772.0,45.0,836.0,113.0,3798,0,0,1,Pedestrian
90,772.0,43.0,836.0,111.0,3799,0,0,1,Pedestrian
90,772.0,43.0,836.0,111.0,3800,0,0,1,Pedestrian
90,772.0,43.0,836.0,111.0,3801,0,0,1,Pedestrian
90,772.0,40.0,836.0,109.0,3802,0,0,1,Pedestrian
90,775.0,40.0,838.0,109.0,3803,0,0,1,Pedestrian
90,775.0,40.0,838.0,109.0,3804,0,0,1,Pedestrian
90,775.0,38.0,838.0,107.0,3805,0,0,1,Pedestrian
90,775.0,38.0,838.0,107.0,3806,0,0,1,Pedestrian
90,775.0,38.0,838.0,107.0,3807,0,0,1,Pedestrian
90,775.0,36.0,838.0,104.0,3808,0,0,1,Pedestrian
90,775.0,36.0,838.0,104.0,3809,0,0,1,Pedestrian
90,775.0,36.0,838.0,104.0,3810,0,0,1,Pedestrian
90,778.0,34.0,841.0,102.0,3811,0,0,1,Pedestrian
90,778.0,34.0,841.0,102.0,3812,0,0,1,Pedestrian
90,778.0,34.0,841.0,102.0,3813,0,0,1,Pedestrian
90,778.0,31.0,841.0,100.0,3814,0,0,1,Pedestrian
90,778.0,31.0,841.0,100.0,3815,0,0,1,Pedestrian
90,778.0,31.0,841.0,100.0,3816,0,0,1,Pedestrian
90,778.0,29.0,841.0,97.0,3817,0,0,1,Pedestrian
90,781.0,29.0,844.0,97.0,3818,0,0,1,Pedestrian
90,781.0,29.0,844.0,97.0,3819,0,0,1,Pedestrian
90,781.0,27.0,844.0,95.0,3820,0,0,1,Pedestrian
90,781.0,27.0,844.0,95.0,3821,0,0,1,Pedestrian
90,781.0,27.0,844.0,95.0,3822,0,0,1,Pedestrian
90,781.0,27.0,844.0,95.0,3823,0,0,1,Pedestrian
90,781.0,25.0,844.0,93.0,3824,0,0,1,Pedestrian
90,781.0,25.0,844.0,93.0,3825,0,0,1,Pedestrian
90,783.0,25.0,847.0,93.0,3826,0,0,1,Pedestrian
90,783.0,22.0,847.0,91.0,3827,0,0,1,Pedestrian
90,783.0,22.0,847.0,91.0,3828,0,0,1,Pedestrian
90,783.0,22.0,847.0,91.0,3829,0,0,1,Pedestrian
90,783.0,20.0,847.0,88.0,3830,0,0,1,Pedestrian
90,783.0,20.0,847.0,88.0,3831,0,0,1,Pedestrian
90,783.0,20.0,847.0,88.0,3832,0,0,1,Pedestrian
90,786.0,18.0,849.0,86.0,3833,0,0,1,Pedestrian
90,786.0,18.0,849.0,86.0,3834,0,0,1,Pedestrian
90,786.0,18.0,849.0,86.0,3835,0,0,1,Pedestrian
90,786.0,15.0,849.0,84.0,3836,0,0,1,Pedestrian
90,786.0,15.0,849.0,84.0,3837,0,0,1,Pedestrian
90,786.0,15.0,849.0,84.0,3838,0,0,1,Pedestrian
90,786.0,13.0,849.0,81.0,3839,0,0,1,Pedestrian
90,786.0,13.0,849.0,81.0,3840,0,0,1,Pedestrian
90,789.0,13.0,852.0,81.0,3841,0,0,1,Pedestrian
90,789.0,11.0,852.0,79.0,3842,0,0,1,Pedestrian
90,789.0,11.0,852.0,79.0,3843,0,0,1,Pedestrian
90,789.0,11.0,852.0,79.0,3844,0,0,1,Pedestrian
90,789.0,9.0,852.0,77.0,3845,0,0,1,Pedestrian
90,789.0,9.0,852.0,77.0,3846,0,0,1,Pedestrian
90,789.0,9.0,852.0,77.0,3847,0,0,1,Pedestrian
90,792.0,9.0,855.0,77.0,3848,1,0,0,Pedestrian
90,792.0,9.0,855.0,77.0,3849,1,0,1,Pedestrian
90,792.0,9.0,855.0,77.0,3850,1,0,1,Pedestrian
90,792.0,9.0,855.0,77.0,3851,1,0,1,Pedestrian
90,792.0,9.0,855.0,77.0,3852,1,0,1,Pedestrian
90,792.0,9.0,855.0,77.0,3853,1,0,1,Pedestrian
90,792.0,9.0,855.0,77.0,3854,1,0,1,Pedestrian
90,792.0,9.0,855.0,77.0,3855,1,0,1,Pedestrian
90,792.0,9.0,855.0,77.0,3856,1,0,1,Pedestrian
90,792.0,9.0,855.0,77.0,3857,1,0,1,Pedestrian
90,792.0,9.0,855.0,77.0,3858,1,0,1,Pedestrian
90,792.0,9.0,855.0,77.0,3859,1,0,1,Pedestrian
90,792.0,9.0,855.0,77.0,3860,1,0,1,Pedestrian
90,792.0,9.0,855.0,77.0,3861,1,0,1,Pedestrian
90,792.0,9.0,855.0,77.0,3862,1,0,1,Pedestrian
90,792.0,9.0,855.0,77.0,3863,1,0,1,Pedestrian
90,792.0,9.0,855.0,77.0,3864,1,0,1,Pedestrian
90,792.0,9.0,855.0,77.0,3865,1,0,1,Pedestrian
90,792.0,9.0,855.0,77.0,3866,1,0,1,Pedestrian
90,792.0,9.0,855.0,77.0,3867,1,0,1,Pedestrian
90,792.0,9.0,855.0,77.0,3868,1,0,1,Pedestrian
90,792.0,9.0,855.0,77.0,3869,1,0,1,Pedestrian
90,792.0,9.0,855.0,77.0,3870,1,0,1,Pedestrian
90,792.0,9.0,855.0,77.0,3871,1,0,1,Pedestrian
90,792.0,9.0,855.0,77.0,3872,1,0,1,Pedestrian
90,792.0,9.0,855.0,77.0,3873,1,0,1,Pedestrian
90,792.0,9.0,855.0,77.0,3874,1,0,1,Pedestrian
90,792.0,9.0,855.0,77.0,3875,1,0,1,Pedestrian
90,792.0,9.0,855.0,77.0,3876,1,0,1,Pedestrian
90,792.0,9.0,855.0,77.0,3877,1,0,1,Pedestrian
90,792.0,9.0,855.0,77.0,3878,1,0,1,Pedestrian
90,792.0,9.0,855.0,77.0,3879,1,0,1,Pedestrian
90,792.0,9.0,855.0,77.0,3880,1,0,1,Pedestrian
90,792.0,9.0,855.0,77.0,3881,1,0,1,Pedestrian
90,792.0,9.0,855.0,77.0,3882,1,0,1,Pedestrian
90,792.0,9.0,855.0,77.0,3883,1,0,1,Pedestrian
90,792.0,9.0,855.0,77.0,3884,1,0,1,Pedestrian
90,792.0,9.0,855.0,77.0,3885,1,0,1,Pedestrian
90,792.0,9.0,855.0,77.0,3886,1,0,0,Pedestrian
90,792.0,9.0,855.0,77.0,3887,1,0,1,Pedestrian
90,792.0,9.0,855.0,77.0,3888,1,0,1,Pedestrian
90,792.0,9.0,855.0,77.0,3889,1,0,1,Pedestrian
90,792.0,9.0,855.0,77.0,3890,1,0,1,Pedestrian
90,792.0,9.0,855.0,77.0,3891,1,0,1,Pedestrian
90,792.0,9.0,855.0,77.0,3892,1,0,1,Pedestrian
90,792.0,9.0,855.0,77.0,3893,1,0,1,Pedestrian
90,792.0,9.0,855.0,77.0,3894,1,0,1,Pedestrian
90,792.0,9.0,855.0,77.0,3895,1,0,1,Pedestrian
90,792.0,9.0,855.0,77.0,3896,1,0,1,Pedestrian
90,792.0,9.0,855.0,77.0,3897,1,0,1,Pedestrian
90,792.0,9.0,855.0,77.0,3898,1,0,1,Pedestrian
90,792.0,9.0,855.0,77.0,3899,1,0,1,Pedestrian
90,792.0,9.0,855.0,77.0,3900,1,0,1,Pedestrian
90,792.0,9.0,855.0,77.0,3901,1,0,1,Pedestrian
90,792.0,9.0,855.0,77.0,3902,1,0,1,Pedestrian
90,792.0,9.0,855.0,77.0,3903,1,0,1,Pedestrian
90,792.0,9.0,855.0,77.0,3904,1,0,1,Pedestrian
90,792.0,9.0,855.0,77.0,3905,1,0,1,Pedestrian
90,792.0,9.0,855.0,77.0,3906,1,0,1,Pedestrian
90,792.0,9.0,855.0,77.0,3907,1,0,1,Pedestrian
90,792.0,9.0,855.0,77.0,3908,1,0,1,Pedestrian
90,792.0,9.0,855.0,77.0,3909,1,0,1,Pedestrian
90,792.0,9.0,855.0,77.0,3910,1,0,1,Pedestrian
90,792.0,9.0,855.0,77.0,3911,1,0,1,Pedestrian
90,792.0,9.0,855.0,77.0,3912,1,0,1,Pedestrian
90,792.0,9.0,855.0,77.0,3913,1,0,1,Pedestrian
90,792.0,9.0,855.0,77.0,3914,1,0,1,Pedestrian
90,792.0,9.0,855.0,77.0,3915,1,0,1,Pedestrian
90,792.0,9.0,855.0,77.0,3916,1,0,1,Pedestrian
90,792.0,9.0,855.0,77.0,3917,1,0,1,Pedestrian
90,792.0,9.0,855.0,77.0,3918,1,0,1,Pedestrian
90,792.0,9.0,855.0,77.0,3919,1,0,1,Pedestrian
90,792.0,9.0,855.0,77.0,3920,1,0,1,Pedestrian
90,792.0,9.0,855.0,77.0,3921,1,0,1,Pedestrian
90,792.0,9.0,855.0,77.0,3922,1,0,1,Pedestrian
90,792.0,9.0,855.0,77.0,3923,1,0,1,Pedestrian
90,792.0,9.0,855.0,77.0,3924,1,0,1,Pedestrian
90,792.0,9.0,855.0,77.0,3925,1,0,1,Pedestrian
90,792.0,9.0,855.0,77.0,3926,1,0,1,Pedestrian
90,792.0,9.0,855.0,77.0,3927,1,0,1,Pedestrian
90,792.0,9.0,855.0,77.0,3928,1,0,1,Pedestrian
90,792.0,9.0,855.0,77.0,3929,1,0,1,Pedestrian
90,792.0,9.0,855.0,77.0,3930,1,0,1,Pedestrian
90,792.0,9.0,855.0,77.0,3931,1,0,1,Pedestrian
90,792.0,9.0,855.0,77.0,3932,1,0,1,Pedestrian
90,792.0,9.0,855.0,77.0,3933,1,0,1,Pedestrian
90,792.0,9.0,855.0,77.0,3934,1,0,1,Pedestrian
90,792.0,9.0,855.0,77.0,3935,1,0,1,Pedestrian
90,792.0,9.0,855.0,77.0,3936,1,0,1,Pedestrian
90,792.0,9.0,855.0,77.0,3937,1,0,1,Pedestrian
90,792.0,9.0,855.0,77.0,3938,1,0,1,Pedestrian
90,792.0,9.0,855.0,77.0,3939,1,0,1,Pedestrian
90,792.0,9.0,855.0,77.0,3940,1,0,1,Pedestrian
90,792.0,9.0,855.0,77.0,3941,1,0,1,Pedestrian
90,792.0,9.0,855.0,77.0,3942,1,0,1,Pedestrian
90,792.0,9.0,855.0,77.0,3943,1,0,1,Pedestrian
90,792.0,9.0,855.0,77.0,3944,1,0,1,Pedestrian
90,792.0,9.0,855.0,77.0,3945,1,0,1,Pedestrian
90,792.0,9.0,855.0,77.0,3946,1,0,1,Pedestrian
90,792.0,9.0,855.0,77.0,3947,1,0,1,Pedestrian
90,792.0,9.0,855.0,77.0,3948,1,0,1,Pedestrian
90,792.0,9.0,855.0,77.0,3949,1,0,1,Pedestrian
90,792.0,9.0,855.0,77.0,3950,1,0,1,Pedestrian
90,792.0,9.0,855.0,77.0,3951,1,0,1,Pedestrian
90,792.0,9.0,855.0,77.0,3952,1,0,1,Pedestrian
90,792.0,9.0,855.0,77.0,3953,1,0,1,Pedestrian
90,792.0,9.0,855.0,77.0,3954,1,0,1,Pedestrian
90,792.0,9.0,855.0,77.0,3955,1,0,1,Pedestrian
90,792.0,9.0,855.0,77.0,3956,1,0,1,Pedestrian
90,792.0,9.0,855.0,77.0,3957,1,0,1,Pedestrian
90,792.0,9.0,855.0,77.0,3958,1,0,1,Pedestrian
90,792.0,9.0,855.0,77.0,3959,1,0,1,Pedestrian
90,792.0,9.0,855.0,77.0,3960,1,0,1,Pedestrian
90,792.0,9.0,855.0,77.0,3961,1,0,1,Pedestrian
90,792.0,9.0,855.0,77.0,3962,1,0,1,Pedestrian
90,792.0,9.0,855.0,77.0,3963,1,0,1,Pedestrian
90,792.0,9.0,855.0,77.0,3964,1,0,1,Pedestrian
90,792.0,9.0,855.0,77.0,3965,1,0,1,Pedestrian
90,792.0,9.0,855.0,77.0,3966,1,0,1,Pedestrian
90,792.0,9.0,855.0,77.0,3967,1,0,1,Pedestrian
90,792.0,9.0,855.0,77.0,3968,1,0,1,Pedestrian
90,792.0,9.0,855.0,77.0,3969,1,0,1,Pedestrian
90,792.0,9.0,855.0,77.0,3970,1,0,1,Pedestrian
90,792.0,9.0,855.0,77.0,3971,1,0,1,Pedestrian
90,792.0,9.0,855.0,77.0,3972,1,0,1,Pedestrian
90,792.0,9.0,855.0,77.0,3973,1,0,1,Pedestrian
90,792.0,9.0,855.0,77.0,3974,1,0,1,Pedestrian
90,792.0,9.0,855.0,77.0,3975,1,0,1,Pedestrian
90,792.0,9.0,855.0,77.0,3976,1,0,1,Pedestrian
90,792.0,9.0,855.0,77.0,3977,1,0,1,Pedestrian
90,792.0,9.0,855.0,77.0,3978,1,0,1,Pedestrian
90,792.0,9.0,855.0,77.0,3979,1,0,1,Pedestrian
90,792.0,9.0,855.0,77.0,3980,1,0,1,Pedestrian
90,792.0,9.0,855.0,77.0,3981,1,0,1,Pedestrian
90,792.0,9.0,855.0,77.0,3982,1,0,1,Pedestrian
90,792.0,9.0,855.0,77.0,3983,1,0,1,Pedestrian
90,792.0,9.0,855.0,77.0,3984,1,0,1,Pedestrian
90,792.0,9.0,855.0,77.0,3985,1,0,1,Pedestrian
90,792.0,9.0,855.0,77.0,3986,1,0,1,Pedestrian
90,792.0,9.0,855.0,77.0,3987,1,0,1,Pedestrian
90,792.0,9.0,855.0,77.0,3988,1,0,1,Pedestrian
90,792.0,9.0,855.0,77.0,3989,1,0,1,Pedestrian
90,792.0,9.0,855.0,77.0,3990,1,0,1,Pedestrian
90,792.0,9.0,855.0,77.0,3991,1,0,1,Pedestrian
90,792.0,9.0,855.0,77.0,3992,1,0,1,Pedestrian
90,792.0,9.0,855.0,77.0,3993,1,0,1,Pedestrian
90,792.0,9.0,855.0,77.0,3994,1,0,1,Pedestrian
90,792.0,9.0,855.0,77.0,3995,1,0,1,Pedestrian
90,792.0,9.0,855.0,77.0,3996,1,0,1,Pedestrian
90,792.0,9.0,855.0,77.0,3997,1,0,1,Pedestrian
90,792.0,9.0,855.0,77.0,3998,1,0,1,Pedestrian
90,792.0,9.0,855.0,77.0,3999,1,0,1,Pedestrian
90,792.0,9.0,855.0,77.0,4000,1,0,1,Pedestrian
90,792.0,9.0,855.0,77.0,4001,1,0,1,Pedestrian
90,792.0,9.0,855.0,77.0,4002,1,0,1,Pedestrian
90,792.0,9.0,855.0,77.0,4003,1,0,1,Pedestrian
90,792.0,9.0,855.0,77.0,4004,1,0,1,Pedestrian
90,792.0,9.0,855.0,77.0,4005,1,0,1,Pedestrian
90,792.0,9.0,855.0,77.0,4006,1,0,1,Pedestrian
90,792.0,9.0,855.0,77.0,4007,1,0,1,Pedestrian
90,792.0,9.0,855.0,77.0,4008,1,0,1,Pedestrian
90,792.0,9.0,855.0,77.0,4009,1,0,1,Pedestrian
90,792.0,9.0,855.0,77.0,4010,1,0,1,Pedestrian
90,792.0,9.0,855.0,77.0,4011,1,0,1,Pedestrian
90,792.0,9.0,855.0,77.0,4012,1,0,1,Pedestrian
90,792.0,9.0,855.0,77.0,4013,1,0,1,Pedestrian
90,792.0,9.0,855.0,77.0,4014,1,0,1,Pedestrian
90,792.0,9.0,855.0,77.0,4015,1,0,1,Pedestrian
90,792.0,9.0,855.0,77.0,4016,1,0,1,Pedestrian
90,792.0,9.0,855.0,77.0,4017,1,0,1,Pedestrian
90,792.0,9.0,855.0,77.0,4018,1,0,1,Pedestrian
90,792.0,9.0,855.0,77.0,4019,1,0,1,Pedestrian
90,792.0,9.0,855.0,77.0,4020,1,0,1,Pedestrian
90,792.0,9.0,855.0,77.0,4021,1,0,1,Pedestrian
90,792.0,9.0,855.0,77.0,4022,1,0,1,Pedestrian
90,792.0,9.0,855.0,77.0,4023,1,0,1,Pedestrian
90,792.0,9.0,855.0,77.0,4024,1,0,1,Pedestrian
90,792.0,9.0,855.0,77.0,4025,1,0,1,Pedestrian
90,792.0,9.0,855.0,77.0,4026,1,0,1,Pedestrian
90,792.0,9.0,855.0,77.0,4027,1,0,1,Pedestrian
90,792.0,9.0,855.0,77.0,4028,1,0,1,Pedestrian
90,792.0,9.0,855.0,77.0,4029,1,0,1,Pedestrian
90,792.0,9.0,855.0,77.0,4030,1,0,1,Pedestrian
90,792.0,9.0,855.0,77.0,4031,1,0,0,Pedestrian
91,1886.0,769.0,1958.0,824.0,3000,1,0,0,Biker
91,1886.0,769.0,1958.0,824.0,3001,1,0,1,Biker
91,1886.0,769.0,1958.0,824.0,3002,1,0,1,Biker
91,1886.0,769.0,1958.0,824.0,3003,1,0,1,Biker
91,1886.0,769.0,1958.0,824.0,3004,1,0,1,Biker
91,1886.0,769.0,1958.0,824.0,3005,1,0,1,Biker
91,1886.0,769.0,1958.0,824.0,3006,1,0,1,Biker
91,1886.0,769.0,1958.0,824.0,3007,1,0,1,Biker
91,1886.0,769.0,1958.0,824.0,3008,1,0,1,Biker
91,1886.0,769.0,1958.0,824.0,3009,1,0,1,Biker
91,1886.0,769.0,1958.0,824.0,3010,1,0,1,Biker
91,1886.0,769.0,1958.0,824.0,3011,1,0,1,Biker
91,1886.0,769.0,1958.0,824.0,3012,1,0,1,Biker
91,1886.0,769.0,1958.0,824.0,3013,1,0,1,Biker
91,1886.0,769.0,1958.0,824.0,3014,1,0,1,Biker
91,1886.0,769.0,1958.0,824.0,3015,1,0,1,Biker
91,1886.0,769.0,1958.0,824.0,3016,1,0,1,Biker
91,1886.0,769.0,1958.0,824.0,3017,1,0,1,Biker
91,1886.0,769.0,1958.0,824.0,3018,1,0,1,Biker
91,1886.0,769.0,1958.0,824.0,3019,1,0,1,Biker
91,1886.0,769.0,1958.0,824.0,3020,1,0,1,Biker
91,1886.0,769.0,1958.0,824.0,3021,1,0,1,Biker
91,1886.0,769.0,1958.0,824.0,3022,1,0,1,Biker
91,1886.0,769.0,1958.0,824.0,3023,1,0,1,Biker
91,1886.0,769.0,1958.0,824.0,3024,1,0,1,Biker
91,1886.0,769.0,1958.0,824.0,3025,1,0,1,Biker
91,1886.0,769.0,1958.0,824.0,3026,1,0,1,Biker
91,1886.0,769.0,1958.0,824.0,3027,1,0,1,Biker
91,1886.0,769.0,1958.0,824.0,3028,1,0,1,Biker
91,1886.0,769.0,1958.0,824.0,3029,1,0,1,Biker
91,1886.0,769.0,1958.0,824.0,3030,1,0,1,Biker
91,1886.0,769.0,1958.0,824.0,3031,1,0,1,Biker
91,1886.0,769.0,1958.0,824.0,3032,1,0,1,Biker
91,1886.0,769.0,1958.0,824.0,3033,1,0,1,Biker
91,1886.0,769.0,1958.0,824.0,3034,1,0,1,Biker
91,1886.0,769.0,1958.0,824.0,3035,1,0,1,Biker
91,1886.0,769.0,1958.0,824.0,3036,1,0,1,Biker
91,1886.0,769.0,1958.0,824.0,3037,1,0,1,Biker
91,1886.0,769.0,1958.0,824.0,3038,1,0,1,Biker
91,1886.0,769.0,1958.0,824.0,3039,1,0,1,Biker
91,1886.0,769.0,1958.0,824.0,3040,1,0,1,Biker
91,1886.0,769.0,1958.0,824.0,3041,1,0,1,Biker
91,1889.0,769.0,1958.0,824.0,3042,1,0,1,Biker
91,1889.0,769.0,1958.0,824.0,3043,1,0,1,Biker
91,1889.0,769.0,1958.0,824.0,3044,1,0,1,Biker
91,1889.0,769.0,1958.0,824.0,3045,1,0,1,Biker
91,1889.0,769.0,1958.0,824.0,3046,1,0,1,Biker
91,1889.0,769.0,1958.0,824.0,3047,1,0,1,Biker
91,1889.0,769.0,1960.0,824.0,3048,1,0,1,Biker
91,1889.0,769.0,1960.0,824.0,3049,1,0,1,Biker
91,1889.0,769.0,1960.0,824.0,3050,1,0,1,Biker
91,1889.0,769.0,1960.0,824.0,3051,1,0,1,Biker
91,1889.0,769.0,1960.0,824.0,3052,1,0,1,Biker
91,1889.0,769.0,1960.0,824.0,3053,1,0,1,Biker
91,1889.0,769.0,1960.0,824.0,3054,1,0,1,Biker
91,1889.0,769.0,1960.0,824.0,3055,1,0,1,Biker
91,1889.0,769.0,1960.0,824.0,3056,1,0,1,Biker
91,1889.0,769.0,1960.0,824.0,3057,1,0,1,Biker
91,1889.0,769.0,1960.0,824.0,3058,1,0,1,Biker
91,1889.0,769.0,1960.0,824.0,3059,1,0,1,Biker
91,1889.0,769.0,1960.0,824.0,3060,1,0,1,Biker
91,1889.0,769.0,1960.0,824.0,3061,1,0,1,Biker
91,1889.0,769.0,1960.0,824.0,3062,1,0,1,Biker
91,1889.0,769.0,1960.0,824.0,3063,1,0,1,Biker
91,1889.0,769.0,1960.0,824.0,3064,1,0,1,Biker
91,1889.0,769.0,1960.0,824.0,3065,1,0,1,Biker
91,1889.0,769.0,1960.0,824.0,3066,1,0,1,Biker
91,1889.0,769.0,1960.0,824.0,3067,1,0,1,Biker
91,1889.0,769.0,1960.0,824.0,3068,1,0,1,Biker
91,1889.0,769.0,1960.0,824.0,3069,1,0,1,Biker
91,1889.0,769.0,1960.0,824.0,3070,1,0,1,Biker
91,1889.0,769.0,1960.0,824.0,3071,1,0,1,Biker
91,1889.0,769.0,1960.0,824.0,3072,1,0,1,Biker
91,1889.0,769.0,1960.0,824.0,3073,1,0,1,Biker
91,1889.0,769.0,1960.0,824.0,3074,1,0,1,Biker
91,1889.0,769.0,1960.0,824.0,3075,1,0,1,Biker
91,1889.0,769.0,1960.0,824.0,3076,1,0,1,Biker
91,1889.0,769.0,1960.0,824.0,3077,1,0,1,Biker
91,1889.0,769.0,1960.0,824.0,3078,1,0,1,Biker
91,1889.0,769.0,1960.0,824.0,3079,1,0,1,Biker
91,1889.0,769.0,1960.0,824.0,3080,1,0,1,Biker
91,1889.0,769.0,1960.0,824.0,3081,1,0,1,Biker
91,1889.0,769.0,1960.0,824.0,3082,1,0,1,Biker
91,1892.0,769.0,1960.0,824.0,3083,1,0,1,Biker
91,1892.0,769.0,1960.0,824.0,3084,1,0,1,Biker
91,1892.0,769.0,1960.0,824.0,3085,1,0,1,Biker
91,1892.0,769.0,1960.0,824.0,3086,1,0,1,Biker
91,1892.0,769.0,1960.0,824.0,3087,1,0,1,Biker
91,1892.0,769.0,1960.0,824.0,3088,1,0,1,Biker
91,1892.0,769.0,1960.0,824.0,3089,1,0,1,Biker
91,1892.0,769.0,1960.0,824.0,3090,1,0,1,Biker
91,1892.0,769.0,1960.0,824.0,3091,1,0,1,Biker
91,1892.0,769.0,1960.0,824.0,3092,1,0,1,Biker
91,1892.0,769.0,1960.0,824.0,3093,1,0,1,Biker
91,1892.0,769.0,1960.0,824.0,3094,1,0,1,Biker
91,1892.0,769.0,1960.0,824.0,3095,1,0,1,Biker
91,1892.0,769.0,1963.0,824.0,3096,1,0,1,Biker
91,1892.0,769.0,1963.0,824.0,3097,1,0,1,Biker
91,1892.0,769.0,1963.0,824.0,3098,1,0,1,Biker
91,1892.0,769.0,1963.0,824.0,3099,1,0,1,Biker
91,1892.0,769.0,1963.0,824.0,3100,1,0,1,Biker
91,1892.0,769.0,1963.0,824.0,3101,1,0,1,Biker
91,1892.0,769.0,1963.0,824.0,3102,1,0,1,Biker
91,1892.0,769.0,1963.0,824.0,3103,1,0,1,Biker
91,1892.0,769.0,1963.0,824.0,3104,1,0,1,Biker
91,1892.0,769.0,1963.0,824.0,3105,1,0,1,Biker
91,1892.0,769.0,1963.0,824.0,3106,1,0,1,Biker
91,1892.0,769.0,1963.0,824.0,3107,1,0,1,Biker
91,1892.0,769.0,1963.0,824.0,3108,1,0,1,Biker
91,1892.0,769.0,1963.0,824.0,3109,1,0,1,Biker
91,1892.0,769.0,1963.0,824.0,3110,1,0,1,Biker
91,1892.0,769.0,1963.0,824.0,3111,1,0,1,Biker
91,1892.0,769.0,1963.0,824.0,3112,1,0,1,Biker
91,1892.0,769.0,1963.0,824.0,3113,1,0,1,Biker
91,1892.0,769.0,1963.0,824.0,3114,1,0,1,Biker
91,1892.0,769.0,1963.0,824.0,3115,1,0,1,Biker
91,1892.0,769.0,1963.0,824.0,3116,1,0,1,Biker
91,1892.0,769.0,1963.0,824.0,3117,1,0,1,Biker
91,1892.0,769.0,1963.0,824.0,3118,1,0,1,Biker
91,1892.0,769.0,1963.0,824.0,3119,1,0,1,Biker
91,1892.0,769.0,1963.0,824.0,3120,1,0,1,Biker
91,1892.0,769.0,1963.0,824.0,3121,1,0,1,Biker
91,1892.0,769.0,1963.0,824.0,3122,1,0,1,Biker
91,1892.0,769.0,1963.0,824.0,3123,1,0,1,Biker
91,1894.0,769.0,1963.0,824.0,3124,1,0,1,Biker
91,1894.0,769.0,1963.0,824.0,3125,1,0,1,Biker
91,1894.0,769.0,1963.0,824.0,3126,1,0,1,Biker
91,1894.0,769.0,1963.0,824.0,3127,1,0,1,Biker
91,1894.0,769.0,1963.0,824.0,3128,1,0,1,Biker
91,1894.0,769.0,1963.0,824.0,3129,1,0,1,Biker
91,1894.0,769.0,1963.0,824.0,3130,1,0,1,Biker
91,1894.0,769.0,1963.0,824.0,3131,1,0,1,Biker
91,1894.0,769.0,1963.0,824.0,3132,1,0,1,Biker
91,1894.0,769.0,1963.0,824.0,3133,1,0,1,Biker
91,1894.0,769.0,1963.0,824.0,3134,1,0,1,Biker
91,1894.0,769.0,1963.0,824.0,3135,1,0,1,Biker
91,1894.0,769.0,1963.0,824.0,3136,1,0,1,Biker
91,1894.0,769.0,1963.0,824.0,3137,1,0,1,Biker
91,1894.0,769.0,1963.0,824.0,3138,1,0,1,Biker
91,1894.0,769.0,1963.0,824.0,3139,1,0,1,Biker
91,1894.0,769.0,1963.0,824.0,3140,1,0,1,Biker
91,1894.0,769.0,1963.0,824.0,3141,1,0,1,Biker
91,1894.0,769.0,1963.0,824.0,3142,1,0,1,Biker
91,1894.0,769.0,1963.0,824.0,3143,1,0,1,Biker
91,1894.0,769.0,1966.0,824.0,3144,1,0,1,Biker
91,1894.0,769.0,1966.0,824.0,3145,1,0,1,Biker
91,1894.0,769.0,1966.0,824.0,3146,1,0,1,Biker
91,1894.0,769.0,1966.0,824.0,3147,1,0,1,Biker
91,1894.0,769.0,1966.0,824.0,3148,1,0,1,Biker
91,1894.0,769.0,1966.0,824.0,3149,1,0,1,Biker
91,1894.0,769.0,1966.0,824.0,3150,1,0,1,Biker
91,1894.0,769.0,1966.0,824.0,3151,1,0,1,Biker
91,1894.0,769.0,1966.0,824.0,3152,1,0,1,Biker
91,1894.0,769.0,1966.0,824.0,3153,1,0,1,Biker
91,1894.0,769.0,1966.0,824.0,3154,1,0,1,Biker
91,1894.0,769.0,1966.0,824.0,3155,1,0,1,Biker
91,1894.0,769.0,1966.0,824.0,3156,1,0,1,Biker
91,1894.0,769.0,1966.0,824.0,3157,1,0,1,Biker
91,1894.0,769.0,1966.0,824.0,3158,1,0,1,Biker
91,1894.0,769.0,1966.0,824.0,3159,1,0,1,Biker
91,1894.0,769.0,1966.0,824.0,3160,1,0,1,Biker
91,1894.0,769.0,1966.0,824.0,3161,1,0,1,Biker
91,1894.0,769.0,1966.0,824.0,3162,1,0,1,Biker
91,1894.0,769.0,1966.0,824.0,3163,1,0,1,Biker
91,1894.0,769.0,1966.0,824.0,3164,1,0,1,Biker
91,1897.0,769.0,1966.0,824.0,3165,1,0,1,Biker
91,1897.0,769.0,1966.0,824.0,3166,1,0,1,Biker
91,1897.0,769.0,1966.0,824.0,3167,1,0,1,Biker
91,1897.0,769.0,1966.0,824.0,3168,1,0,1,Biker
91,1897.0,769.0,1966.0,824.0,3169,1,0,1,Biker
91,1897.0,769.0,1966.0,824.0,3170,1,0,1,Biker
91,1897.0,769.0,1966.0,824.0,3171,1,0,1,Biker
91,1897.0,769.0,1966.0,824.0,3172,1,0,1,Biker
91,1897.0,769.0,1966.0,824.0,3173,1,0,1,Biker
91,1897.0,769.0,1966.0,824.0,3174,1,0,1,Biker
91,1897.0,769.0,1966.0,824.0,3175,1,0,1,Biker
91,1897.0,769.0,1966.0,824.0,3176,1,0,1,Biker
91,1897.0,769.0,1966.0,824.0,3177,1,0,1,Biker
91,1897.0,769.0,1966.0,824.0,3178,1,0,1,Biker
91,1897.0,769.0,1966.0,824.0,3179,1,0,1,Biker
91,1897.0,769.0,1966.0,824.0,3180,1,0,1,Biker
91,1897.0,769.0,1966.0,824.0,3181,1,0,1,Biker
91,1897.0,769.0,1966.0,824.0,3182,1,0,1,Biker
91,1897.0,769.0,1966.0,824.0,3183,1,0,1,Biker
91,1897.0,769.0,1966.0,824.0,3184,1,0,1,Biker
91,1897.0,769.0,1966.0,824.0,3185,1,0,1,Biker
91,1897.0,769.0,1966.0,824.0,3186,1,0,1,Biker
91,1897.0,769.0,1966.0,824.0,3187,1,0,1,Biker
91,1897.0,769.0,1966.0,824.0,3188,1,0,1,Biker
91,1897.0,769.0,1966.0,824.0,3189,1,0,1,Biker
91,1897.0,769.0,1966.0,824.0,3190,1,0,1,Biker
91,1897.0,769.0,1966.0,824.0,3191,1,0,1,Biker
91,1897.0,769.0,1969.0,824.0,3192,1,0,1,Biker
91,1897.0,769.0,1969.0,824.0,3193,1,0,1,Biker
91,1897.0,769.0,1969.0,824.0,3194,1,0,1,Biker
91,1897.0,769.0,1969.0,824.0,3195,1,0,1,Biker
91,1897.0,769.0,1969.0,824.0,3196,1,0,1,Biker
91,1897.0,769.0,1969.0,824.0,3197,1,0,1,Biker
91,1897.0,769.0,1969.0,824.0,3198,1,0,1,Biker
91,1897.0,769.0,1969.0,824.0,3199,1,0,1,Biker
91,1897.0,769.0,1969.0,824.0,3200,1,0,1,Biker
91,1897.0,769.0,1969.0,824.0,3201,1,0,1,Biker
91,1897.0,769.0,1969.0,824.0,3202,1,0,1,Biker
91,1897.0,769.0,1969.0,824.0,3203,1,0,1,Biker
91,1897.0,769.0,1969.0,824.0,3204,1,0,1,Biker
91,1897.0,769.0,1969.0,824.0,3205,1,0,1,Biker
91,1900.0,769.0,1969.0,824.0,3206,1,0,1,Biker
91,1900.0,769.0,1969.0,824.0,3207,1,0,1,Biker
91,1900.0,769.0,1969.0,824.0,3208,1,0,1,Biker
91,1900.0,769.0,1969.0,824.0,3209,1,0,1,Biker
91,1900.0,769.0,1969.0,824.0,3210,1,0,1,Biker
91,1900.0,769.0,1969.0,824.0,3211,1,0,1,Biker
91,1900.0,769.0,1969.0,824.0,3212,1,0,1,Biker
91,1900.0,769.0,1969.0,824.0,3213,1,0,1,Biker
91,1900.0,769.0,1969.0,824.0,3214,1,0,1,Biker
91,1900.0,769.0,1969.0,824.0,3215,1,0,1,Biker
91,1900.0,769.0,1969.0,824.0,3216,1,0,1,Biker
91,1900.0,769.0,1969.0,824.0,3217,1,0,1,Biker
91,1900.0,769.0,1969.0,824.0,3218,1,0,1,Biker
91,1900.0,769.0,1969.0,824.0,3219,1,0,1,Biker
91,1900.0,769.0,1969.0,824.0,3220,1,0,1,Biker
91,1900.0,769.0,1969.0,824.0,3221,1,0,1,Biker
91,1900.0,769.0,1969.0,824.0,3222,1,0,1,Biker
91,1900.0,769.0,1969.0,824.0,3223,1,0,1,Biker
91,1900.0,769.0,1969.0,824.0,3224,1,0,1,Biker
91,1900.0,769.0,1969.0,824.0,3225,1,0,1,Biker
91,1900.0,769.0,1969.0,824.0,3226,1,0,1,Biker
91,1900.0,769.0,1969.0,824.0,3227,1,0,1,Biker
91,1900.0,769.0,1969.0,824.0,3228,1,0,1,Biker
91,1900.0,769.0,1969.0,824.0,3229,1,0,1,Biker
91,1900.0,769.0,1969.0,824.0,3230,1,0,1,Biker
91,1900.0,769.0,1969.0,824.0,3231,1,0,1,Biker
91,1900.0,769.0,1969.0,824.0,3232,1,0,1,Biker
91,1900.0,769.0,1969.0,824.0,3233,1,0,1,Biker
91,1900.0,769.0,1969.0,824.0,3234,1,0,1,Biker
91,1900.0,769.0,1969.0,824.0,3235,1,0,1,Biker
91,1900.0,769.0,1969.0,824.0,3236,1,0,1,Biker
91,1900.0,769.0,1969.0,824.0,3237,1,0,1,Biker
91,1900.0,769.0,1969.0,824.0,3238,1,0,1,Biker
91,1900.0,769.0,1969.0,824.0,3239,1,0,1,Biker
91,1900.0,769.0,1971.0,824.0,3240,1,0,1,Biker
91,1900.0,769.0,1971.0,824.0,3241,1,0,1,Biker
91,1900.0,769.0,1971.0,824.0,3242,1,0,1,Biker
91,1900.0,769.0,1971.0,824.0,3243,1,0,1,Biker
91,1900.0,769.0,1971.0,824.0,3244,1,0,1,Biker
91,1900.0,769.0,1971.0,824.0,3245,1,0,1,Biker
91,1900.0,769.0,1971.0,824.0,3246,1,0,1,Biker
91,1903.0,769.0,1971.0,824.0,3247,1,0,1,Biker
91,1903.0,769.0,1971.0,824.0,3248,1,0,1,Biker
91,1903.0,769.0,1971.0,824.0,3249,1,0,1,Biker
91,1903.0,769.0,1971.0,824.0,3250,1,0,1,Biker
91,1903.0,769.0,1971.0,824.0,3251,1,0,1,Biker
91,1903.0,769.0,1971.0,824.0,3252,1,0,1,Biker
91,1903.0,769.0,1971.0,824.0,3253,1,0,1,Biker
91,1903.0,769.0,1971.0,824.0,3254,1,0,1,Biker
91,1903.0,769.0,1971.0,824.0,3255,1,0,1,Biker
91,1903.0,769.0,1971.0,824.0,3256,1,0,1,Biker
91,1903.0,769.0,1971.0,824.0,3257,1,0,1,Biker
91,1903.0,769.0,1971.0,824.0,3258,1,0,1,Biker
91,1903.0,769.0,1971.0,824.0,3259,1,0,1,Biker
91,1903.0,769.0,1971.0,824.0,3260,1,0,1,Biker
91,1903.0,769.0,1971.0,824.0,3261,1,0,1,Biker
91,1903.0,769.0,1971.0,824.0,3262,1,0,1,Biker
91,1903.0,769.0,1971.0,824.0,3263,1,0,1,Biker
91,1903.0,769.0,1971.0,824.0,3264,1,0,1,Biker
91,1903.0,769.0,1971.0,824.0,3265,1,0,1,Biker
91,1903.0,769.0,1971.0,824.0,3266,1,0,1,Biker
91,1903.0,769.0,1971.0,824.0,3267,1,0,1,Biker
91,1903.0,769.0,1971.0,824.0,3268,1,0,1,Biker
91,1903.0,769.0,1971.0,824.0,3269,1,0,1,Biker
91,1903.0,769.0,1971.0,824.0,3270,1,0,1,Biker
91,1903.0,769.0,1971.0,824.0,3271,1,0,1,Biker
91,1903.0,769.0,1971.0,824.0,3272,1,0,1,Biker
91,1903.0,769.0,1971.0,824.0,3273,1,0,1,Biker
91,1903.0,769.0,1971.0,824.0,3274,1,0,1,Biker
91,1903.0,769.0,1971.0,824.0,3275,1,0,1,Biker
91,1903.0,769.0,1971.0,824.0,3276,1,0,1,Biker
91,1903.0,769.0,1971.0,824.0,3277,1,0,1,Biker
91,1903.0,769.0,1971.0,824.0,3278,1,0,1,Biker
91,1903.0,769.0,1971.0,824.0,3279,1,0,1,Biker
91,1903.0,769.0,1971.0,824.0,3280,1,0,1,Biker
91,1903.0,769.0,1971.0,824.0,3281,1,0,1,Biker
91,1903.0,769.0,1971.0,824.0,3282,1,0,1,Biker
91,1903.0,769.0,1971.0,824.0,3283,1,0,1,Biker
91,1903.0,769.0,1971.0,824.0,3284,1,0,1,Biker
91,1903.0,769.0,1971.0,824.0,3285,1,0,1,Biker
91,1903.0,769.0,1971.0,824.0,3286,1,0,1,Biker
91,1903.0,769.0,1971.0,824.0,3287,1,0,1,Biker
91,1905.0,771.0,1974.0,826.0,3288,0,0,0,Biker
91,1905.0,771.0,1974.0,826.0,3289,0,0,1,Biker
91,1905.0,774.0,1974.0,828.0,3290,0,0,1,Biker
91,1905.0,774.0,1974.0,828.0,3291,0,0,1,Biker
91,1905.0,776.0,1974.0,831.0,3292,0,0,1,Biker
91,1905.0,778.0,1974.0,833.0,3293,0,0,0,Biker
91,1900.0,778.0,1969.0,833.0,3294,0,0,1,Biker
91,1897.0,778.0,1966.0,833.0,3295,0,0,1,Biker
91,1894.0,778.0,1963.0,833.0,3296,0,0,1,Biker
91,1889.0,781.0,1958.0,835.0,3297,0,0,1,Biker
91,1886.0,781.0,1955.0,835.0,3298,0,0,1,Biker
91,1883.0,781.0,1952.0,835.0,3299,0,0,1,Biker
91,1878.0,783.0,1947.0,837.0,3300,0,0,1,Biker
91,1875.0,783.0,1944.0,837.0,3301,0,0,1,Biker
91,1872.0,783.0,1941.0,837.0,3302,0,0,1,Biker
91,1870.0,785.0,1938.0,840.0,3303,0,0,0,Biker
91,1861.0,783.0,1930.0,837.0,3304,0,0,1,Biker
91,1853.0,781.0,1922.0,835.0,3305,0,0,1,Biker
91,1845.0,778.0,1914.0,833.0,3306,0,0,1,Biker
91,1837.0,776.0,1905.0,831.0,3307,0,0,1,Biker
91,1828.0,774.0,1897.0,828.0,3308,0,0,1,Biker
91,1820.0,771.0,1889.0,826.0,3309,0,0,1,Biker
91,1812.0,769.0,1881.0,824.0,3310,0,0,1,Biker
91,1804.0,767.0,1872.0,822.0,3311,0,0,1,Biker
91,1795.0,765.0,1864.0,819.0,3312,0,0,1,Biker
91,1787.0,762.0,1856.0,817.0,3313,0,0,1,Biker
91,1779.0,760.0,1848.0,815.0,3314,0,0,1,Biker
91,1771.0,758.0,1839.0,812.0,3315,0,0,0,Biker
91,1762.0,755.0,1831.0,810.0,3316,0,0,1,Biker
91,1757.0,755.0,1826.0,810.0,3317,0,0,1,Biker
91,1749.0,755.0,1817.0,810.0,3318,0,0,1,Biker
91,1743.0,755.0,1812.0,810.0,3319,0,0,1,Biker
91,1738.0,755.0,1806.0,810.0,3320,0,0,1,Biker
91,1729.0,755.0,1798.0,810.0,3321,0,0,1,Biker
91,1724.0,755.0,1793.0,810.0,3322,0,0,1,Biker
91,1718.0,753.0,1787.0,808.0,3323,0,0,1,Biker
91,1710.0,753.0,1779.0,808.0,3324,0,0,1,Biker
91,1705.0,753.0,1773.0,808.0,3325,0,0,1,Biker
91,1696.0,753.0,1765.0,808.0,3326,0,0,1,Biker
91,1691.0,753.0,1760.0,808.0,3327,0,0,1,Biker
91,1685.0,753.0,1754.0,808.0,3328,0,0,1,Biker
91,1677.0,753.0,1746.0,808.0,3329,0,0,1,Biker
91,1672.0,753.0,1740.0,808.0,3330,0,0,1,Biker
91,1666.0,751.0,1735.0,806.0,3331,0,0,1,Biker
91,1658.0,751.0,1727.0,806.0,3332,0,0,1,Biker
91,1652.0,751.0,1721.0,806.0,3333,0,0,1,Biker
91,1647.0,751.0,1716.0,806.0,3334,0,0,1,Biker
91,1639.0,751.0,1707.0,806.0,3335,0,0,1,Biker
91,1633.0,751.0,1702.0,806.0,3336,0,0,1,Biker
91,1625.0,751.0,1694.0,806.0,3337,0,0,1,Biker
91,1619.0,749.0,1688.0,803.0,3338,0,0,1,Biker
91,1614.0,749.0,1683.0,803.0,3339,0,0,1,Biker
91,1606.0,749.0,1674.0,803.0,3340,0,0,1,Biker
91,1600.0,749.0,1669.0,803.0,3341,0,0,1,Biker
91,1595.0,749.0,1663.0,803.0,3342,0,0,1,Biker
91,1586.0,749.0,1655.0,803.0,3343,0,0,1,Biker
91,1581.0,749.0,1650.0,803.0,3344,0,0,1,Biker
91,1575.0,749.0,1644.0,803.0,3345,0,0,0,Biker
91,1567.0,746.0,1636.0,801.0,3346,0,0,1,Biker
91,1562.0,746.0,1630.0,801.0,3347,0,0,1,Biker
91,1553.0,744.0,1622.0,799.0,3348,0,0,1,Biker
91,1548.0,744.0,1617.0,799.0,3349,0,0,1,Biker
91,1540.0,742.0,1608.0,796.0,3350,0,0,1,Biker
91,1534.0,742.0,1603.0,796.0,3351,0,0,1,Biker
91,1526.0,740.0,1595.0,794.0,3352,0,0,1,Biker
91,1520.0,740.0,1589.0,794.0,3353,0,0,1,Biker
91,1512.0,737.0,1581.0,792.0,3354,0,0,1,Biker
91,1507.0,737.0,1575.0,792.0,3355,0,0,1,Biker
91,1498.0,735.0,1567.0,790.0,3356,0,0,1,Biker
91,1493.0,735.0,1562.0,790.0,3357,0,0,1,Biker
91,1485.0,733.0,1553.0,787.0,3358,0,0,1,Biker
91,1479.0,733.0,1548.0,787.0,3359,0,0,1,Biker
91,1474.0,733.0,1542.0,787.0,3360,0,0,1,Biker
91,1465.0,730.0,1534.0,785.0,3361,0,0,1,Biker
91,1460.0,730.0,1529.0,785.0,3362,0,0,1,Biker
91,1452.0,728.0,1520.0,783.0,3363,0,0,1,Biker
91,1446.0,728.0,1515.0,783.0,3364,0,0,1,Biker
91,1438.0,726.0,1507.0,781.0,3365,0,0,1,Biker
91,1432.0,726.0,1501.0,781.0,3366,0,0,1,Biker
91,1424.0,724.0,1493.0,778.0,3367,0,0,1,Biker
91,1419.0,724.0,1487.0,778.0,3368,0,0,1,Biker
91,1410.0,721.0,1479.0,776.0,3369,0,0,1,Biker
91,1405.0,721.0,1474.0,776.0,3370,0,0,1,Biker
91,1397.0,719.0,1465.0,774.0,3371,0,0,1,Biker
91,1391.0,719.0,1460.0,774.0,3372,0,0,1,Biker
91,1383.0,717.0,1452.0,771.0,3373,0,0,1,Biker
91,1377.0,717.0,1446.0,771.0,3374,0,0,1,Biker
91,1372.0,717.0,1441.0,771.0,3375,0,0,0,Biker
91,1364.0,712.0,1432.0,767.0,3376,0,0,1,Biker
91,1358.0,710.0,1427.0,765.0,3377,0,0,1,Biker
91,1350.0,705.0,1419.0,760.0,3378,0,0,1,Biker
91,1344.0,703.0,1413.0,758.0,3379,0,0,1,Biker
91,1339.0,701.0,1408.0,755.0,3380,0,0,1,Biker
91,1331.0,696.0,1399.0,751.0,3381,0,0,1,Biker
91,1325.0,694.0,1394.0,749.0,3382,0,0,1,Biker
91,1320.0,692.0,1388.0,746.0,3383,0,0,1,Biker
91,1311.0,687.0,1380.0,742.0,3384,0,0,1,Biker
91,1306.0,685.0,1375.0,740.0,3385,0,0,1,Biker
91,1298.0,680.0,1366.0,735.0,3386,0,0,1,Biker
91,1292.0,678.0,1361.0,733.0,3387,0,0,1,Biker
91,1287.0,676.0,1355.0,730.0,3388,0,0,1,Biker
91,1278.0,671.0,1347.0,726.0,3389,0,0,1,Biker
91,1273.0,669.0,1342.0,724.0,3390,0,0,1,Biker
91,1267.0,667.0,1336.0,721.0,3391,0,0,1,Biker
91,1259.0,662.0,1328.0,717.0,3392,0,0,1,Biker
91,1254.0,660.0,1322.0,715.0,3393,0,0,1,Biker
91,1248.0,658.0,1317.0,712.0,3394,0,0,1,Biker
91,1240.0,653.0,1309.0,708.0,3395,0,0,1,Biker
91,1234.0,651.0,1303.0,705.0,3396,0,0,1,Biker
91,1226.0,646.0,1295.0,701.0,3397,0,0,1,Biker
91,1221.0,644.0,1289.0,699.0,3398,0,0,1,Biker
91,1215.0,642.0,1284.0,696.0,3399,0,0,1,Biker
91,1207.0,637.0,1276.0,692.0,3400,0,0,1,Biker
91,1201.0,635.0,1270.0,689.0,3401,0,0,1,Biker
91,1196.0,633.0,1265.0,687.0,3402,0,0,1,Biker
91,1188.0,628.0,1256.0,683.0,3403,0,0,1,Biker
91,1182.0,626.0,1251.0,680.0,3404,0,0,1,Biker
91,1177.0,623.0,1245.0,678.0,3405,0,0,0,Biker
91,1171.0,617.0,1240.0,671.0,3406,0,0,1,Biker
91,1166.0,612.0,1234.0,667.0,3407,0,0,1,Biker
91,1160.0,607.0,1229.0,662.0,3408,0,0,1,Biker
91,1157.0,601.0,1226.0,655.0,3409,0,0,1,Biker
91,1152.0,596.0,1221.0,651.0,3410,0,0,1,Biker
91,1146.0,592.0,1215.0,646.0,3411,0,0,1,Biker
91,1144.0,587.0,1212.0,642.0,3412,0,0,1,Biker
91,1138.0,580.0,1207.0,635.0,3413,0,0,1,Biker
91,1133.0,576.0,1201.0,630.0,3414,0,0,1,Biker
91,1130.0,571.0,1199.0,626.0,3415,0,0,1,Biker
91,1124.0,566.0,1193.0,621.0,3416,0,0,1,Biker
91,1119.0,560.0,1188.0,614.0,3417,0,0,1,Biker
91,1113.0,555.0,1182.0,610.0,3418,0,0,1,Biker
91,1111.0,551.0,1179.0,605.0,3419,0,0,1,Biker
91,1105.0,546.0,1174.0,601.0,3420,0,0,1,Biker
91,1100.0,539.0,1168.0,594.0,3421,0,0,1,Biker
91,1097.0,535.0,1166.0,589.0,3422,0,0,1,Biker
91,1091.0,530.0,1160.0,585.0,3423,0,0,1,Biker
91,1086.0,523.0,1155.0,578.0,3424,0,0,1,Biker
91,1083.0,519.0,1152.0,573.0,3425,0,0,1,Biker
91,1078.0,514.0,1146.0,569.0,3426,0,0,1,Biker
91,1072.0,510.0,1141.0,564.0,3427,0,0,1,Biker
91,1067.0,503.0,1135.0,557.0,3428,0,0,1,Biker
91,1064.0,498.0,1133.0,553.0,3429,0,0,1,Biker
91,1058.0,494.0,1127.0,548.0,3430,0,0,1,Biker
91,1053.0,489.0,1122.0,544.0,3431,0,0,1,Biker
91,1050.0,482.0,1119.0,537.0,3432,0,0,1,Biker
91,1045.0,478.0,1113.0,532.0,3433,0,0,1,Biker
91,1039.0,473.0,1108.0,528.0,3434,0,0,1,Biker
91,1036.0,469.0,1105.0,523.0,3435,0,0,0,Biker
91,1031.0,462.0,1100.0,516.0,3436,0,0,1,Biker
91,1028.0,457.0,1097.0,512.0,3437,0,0,1,Biker
91,1025.0,450.0,1094.0,505.0,3438,0,0,1,Biker
91,1023.0,446.0,1091.0,500.0,3439,0,0,1,Biker
91,1020.0,441.0,1089.0,496.0,3440,0,0,1,Biker
91,1017.0,434.0,1086.0,489.0,3441,0,0,1,Biker
91,1014.0,430.0,1083.0,485.0,3442,0,0,1,Biker
91,1012.0,423.0,1080.0,478.0,3443,0,0,1,Biker
91,1009.0,418.0,1078.0,473.0,3444,0,0,1,Biker
91,1006.0,414.0,1075.0,469.0,3445,0,0,1,Biker
91,1003.0,407.0,1072.0,462.0,3446,0,0,1,Biker
91,1001.0,403.0,1069.0,457.0,3447,0,0,1,Biker
91,998.0,396.0,1067.0,450.0,3448,0,0,1,Biker
91,995.0,391.0,1064.0,446.0,3449,0,0,1,Biker
91,992.0,387.0,1061.0,441.0,3450,0,0,1,Biker
91,990.0,380.0,1058.0,434.0,3451,0,0,1,Biker
91,987.0,375.0,1056.0,430.0,3452,0,0,1,Biker
91,984.0,368.0,1053.0,423.0,3453,0,0,1,Biker
91,981.0,364.0,1050.0,418.0,3454,0,0,1,Biker
91,979.0,359.0,1047.0,414.0,3455,0,0,0,Biker
91,973.0,352.0,1042.0,407.0,3456,0,0,1,Biker
91,970.0,346.0,1039.0,400.0,3457,0,0,1,Biker
91,968.0,341.0,1036.0,396.0,3458,0,0,1,Biker
91,965.0,334.0,1034.0,389.0,3459,0,0,1,Biker
91,959.0,330.0,1028.0,384.0,3460,0,0,1,Biker
91,957.0,323.0,1025.0,377.0,3461,0,0,1,Biker
91,954.0,316.0,1023.0,371.0,3462,0,0,1,Biker
91,951.0,311.0,1020.0,366.0,3463,0,0,1,Biker
91,946.0,305.0,1014.0,359.0,3464,0,0,1,Biker
91,943.0,300.0,1012.0,355.0,3465,0,0,1,Biker
91,940.0,293.0,1009.0,348.0,3466,0,0,1,Biker
91,937.0,286.0,1006.0,341.0,3467,0,0,1,Biker
91,932.0,282.0,1001.0,337.0,3468,0,0,1,Biker
91,929.0,275.0,998.0,330.0,3469,0,0,1,Biker
91,926.0,270.0,995.0,325.0,3470,0,0,1,Biker
91,924.0,264.0,992.0,318.0,3471,0,0,1,Biker
91,921.0,257.0,990.0,311.0,3472,0,0,1,Biker
91,915.0,252.0,984.0,307.0,3473,0,0,1,Biker
91,913.0,245.0,981.0,300.0,3474,0,0,1,Biker
91,910.0,241.0,979.0,296.0,3475,0,0,1,Biker
91,907.0,234.0,976.0,289.0,3476,0,0,1,Biker
91,902.0,227.0,970.0,282.0,3477,0,0,1,Biker
91,899.0,223.0,968.0,277.0,3478,0,0,1,Biker
91,896.0,216.0,965.0,270.0,3479,0,0,1,Biker
91,893.0,211.0,962.0,266.0,3480,0,0,1,Biker
91,888.0,204.0,957.0,259.0,3481,0,0,1,Biker
91,885.0,198.0,954.0,252.0,3482,0,0,1,Biker
91,882.0,193.0,951.0,248.0,3483,0,0,1,Biker
91,880.0,186.0,948.0,241.0,3484,0,0,1,Biker
91,877.0,182.0,946.0,236.0,3485,0,0,0,Biker
91,874.0,175.0,943.0,229.0,3486,0,0,1,Biker
91,871.0,168.0,940.0,223.0,3487,0,0,1,Biker
91,869.0,161.0,937.0,216.0,3488,0,0,1,Biker
91,866.0,157.0,935.0,211.0,3489,0,0,1,Biker
91,866.0,150.0,935.0,204.0,3490,0,0,1,Biker
91,863.0,143.0,932.0,198.0,3491,0,0,1,Biker
91,860.0,136.0,929.0,191.0,3492,0,0,1,Biker
91,858.0,132.0,926.0,186.0,3493,0,0,1,Biker
91,855.0,125.0,924.0,179.0,3494,0,0,1,Biker
91,855.0,118.0,924.0,173.0,3495,0,0,1,Biker
91,852.0,111.0,921.0,166.0,3496,0,0,1,Biker
91,849.0,107.0,918.0,161.0,3497,0,0,1,Biker
91,847.0,100.0,915.0,154.0,3498,0,0,1,Biker
91,844.0,93.0,913.0,148.0,3499,0,0,1,Biker
91,844.0,88.0,913.0,143.0,3500,0,0,0,Biker
91,841.0,81.0,910.0,138.0,3501,0,0,1,Biker
91,838.0,75.0,907.0,134.0,3502,0,0,1,Biker
91,836.0,68.0,904.0,129.0,3503,0,0,1,Biker
91,833.0,61.0,902.0,125.0,3504,0,0,1,Biker
91,830.0,54.0,899.0,120.0,3505,0,0,1,Biker
91,827.0,47.0,896.0,116.0,3506,0,0,1,Biker
91,825.0,40.0,896.0,111.0,3507,0,0,1,Biker
91,822.0,34.0,893.0,107.0,3508,0,0,1,Biker
91,819.0,27.0,891.0,102.0,3509,0,0,1,Biker
91,816.0,20.0,888.0,97.0,3510,0,0,1,Biker
91,814.0,13.0,885.0,93.0,3511,0,0,1,Biker
91,811.0,6.0,882.0,88.0,3512,0,0,1,Biker
91,811.0,0.0,882.0,86.0,3513,0,0,0,Biker
91,811.0,0.0,882.0,86.0,3514,0,0,1,Biker
91,811.0,0.0,882.0,86.0,3515,0,0,1,Biker
91,811.0,0.0,882.0,86.0,3516,0,0,0,Biker
91,811.0,0.0,882.0,86.0,3517,0,0,1,Biker
91,811.0,0.0,882.0,86.0,3518,0,0,1,Biker
91,811.0,0.0,882.0,86.0,3519,0,0,1,Biker
91,811.0,0.0,882.0,86.0,3520,0,0,1,Biker
91,811.0,0.0,882.0,86.0,3521,0,0,1,Biker
91,811.0,0.0,882.0,86.0,3522,0,0,1,Biker
91,811.0,0.0,882.0,86.0,3523,0,0,1,Biker
91,811.0,0.0,882.0,86.0,3524,0,0,1,Biker
91,811.0,0.0,882.0,86.0,3525,0,0,1,Biker
91,811.0,0.0,882.0,86.0,3526,1,0,0,Biker
91,808.0,0.0,880.0,79.0,3527,1,0,1,Biker
91,808.0,0.0,880.0,72.0,3528,1,0,1,Biker
91,805.0,0.0,877.0,66.0,3529,1,0,1,Biker
91,805.0,0.0,877.0,59.0,3530,1,0,1,Biker
91,805.0,0.0,877.0,54.0,3531,1,0,1,Biker
91,803.0,0.0,874.0,47.0,3532,1,0,1,Biker
91,803.0,0.0,874.0,40.0,3533,1,0,1,Biker
91,800.0,0.0,871.0,34.0,3534,1,0,1,Biker
91,800.0,0.0,871.0,27.0,3535,1,0,1,Biker
91,800.0,0.0,871.0,22.0,3536,1,0,0,Biker
91,800.0,0.0,871.0,25.0,3537,1,0,1,Biker
91,800.0,0.0,871.0,27.0,3538,1,0,1,Biker
91,800.0,0.0,871.0,29.0,3539,1,0,1,Biker
91,800.0,0.0,871.0,31.0,3540,1,0,1,Biker
91,800.0,0.0,871.0,34.0,3541,1,0,1,Biker
91,803.0,0.0,874.0,38.0,3542,1,0,1,Biker
91,803.0,0.0,874.0,40.0,3543,1,0,1,Biker
91,803.0,0.0,874.0,43.0,3544,1,0,1,Biker
91,803.0,0.0,874.0,45.0,3545,1,0,1,Biker
91,803.0,0.0,874.0,47.0,3546,1,0,1,Biker
91,803.0,0.0,874.0,50.0,3547,1,0,1,Biker
91,805.0,0.0,877.0,54.0,3548,1,0,1,Biker
91,805.0,0.0,877.0,56.0,3549,1,0,1,Biker
91,805.0,0.0,877.0,59.0,3550,1,0,1,Biker
91,805.0,0.0,877.0,61.0,3551,1,0,1,Biker
91,805.0,0.0,877.0,63.0,3552,1,0,1,Biker
91,805.0,0.0,877.0,66.0,3553,1,0,1,Biker
91,808.0,0.0,880.0,70.0,3554,1,0,1,Biker
91,808.0,0.0,880.0,72.0,3555,1,0,1,Biker
91,808.0,0.0,880.0,75.0,3556,1,0,1,Biker
91,808.0,0.0,880.0,77.0,3557,1,0,1,Biker
91,808.0,0.0,880.0,79.0,3558,1,0,1,Biker
91,808.0,0.0,880.0,81.0,3559,1,0,1,Biker
91,811.0,0.0,882.0,86.0,3560,1,0,0,Biker
91,811.0,0.0,882.0,86.0,3561,1,0,1,Biker
91,811.0,0.0,882.0,86.0,3562,1,0,1,Biker
91,811.0,0.0,882.0,86.0,3563,1,0,1,Biker
91,811.0,0.0,882.0,86.0,3564,1,0,1,Biker
91,811.0,0.0,882.0,86.0,3565,1,0,1,Biker
91,811.0,0.0,882.0,86.0,3566,1,0,1,Biker
91,811.0,0.0,882.0,86.0,3567,1,0,1,Biker
91,811.0,0.0,882.0,86.0,3568,1,0,1,Biker
91,811.0,0.0,882.0,86.0,3569,1,0,1,Biker
91,811.0,0.0,882.0,86.0,3570,1,0,1,Biker
91,811.0,0.0,882.0,86.0,3571,1,0,1,Biker
91,811.0,0.0,882.0,86.0,3572,1,0,1,Biker
91,811.0,0.0,882.0,86.0,3573,1,0,1,Biker
91,811.0,0.0,882.0,86.0,3574,1,0,1,Biker
91,811.0,0.0,882.0,86.0,3575,1,0,1,Biker
91,811.0,0.0,882.0,86.0,3576,1,0,1,Biker
91,811.0,0.0,882.0,86.0,3577,1,0,1,Biker
91,811.0,0.0,882.0,86.0,3578,1,0,1,Biker
91,811.0,0.0,882.0,86.0,3579,1,0,1,Biker
91,811.0,0.0,882.0,86.0,3580,1,0,1,Biker
91,811.0,0.0,882.0,86.0,3581,1,0,1,Biker
91,811.0,0.0,882.0,86.0,3582,1,0,1,Biker
91,811.0,0.0,882.0,86.0,3583,1,0,1,Biker
91,811.0,0.0,882.0,86.0,3584,1,0,1,Biker
91,811.0,0.0,882.0,86.0,3585,1,0,1,Biker
91,811.0,0.0,882.0,86.0,3586,1,0,1,Biker
91,811.0,0.0,882.0,86.0,3587,1,0,1,Biker
91,811.0,0.0,882.0,86.0,3588,1,0,1,Biker
91,811.0,0.0,882.0,86.0,3589,1,0,1,Biker
91,811.0,0.0,882.0,86.0,3590,1,0,1,Biker
91,811.0,0.0,882.0,86.0,3591,1,0,1,Biker
91,811.0,0.0,882.0,86.0,3592,1,0,1,Biker
91,811.0,0.0,882.0,86.0,3593,1,0,1,Biker
91,811.0,0.0,882.0,86.0,3594,1,0,1,Biker
91,811.0,0.0,882.0,86.0,3595,1,0,1,Biker
91,811.0,0.0,882.0,86.0,3596,1,0,1,Biker
91,811.0,0.0,882.0,86.0,3597,1,0,1,Biker
91,811.0,0.0,882.0,86.0,3598,1,0,1,Biker
91,811.0,0.0,882.0,86.0,3599,1,0,1,Biker
91,811.0,0.0,882.0,86.0,3600,1,0,1,Biker
91,811.0,0.0,882.0,86.0,3601,1,0,1,Biker
91,811.0,0.0,882.0,86.0,3602,1,0,1,Biker
91,811.0,0.0,882.0,86.0,3603,1,0,1,Biker
91,811.0,0.0,882.0,86.0,3604,1,0,1,Biker
91,811.0,0.0,882.0,86.0,3605,1,0,1,Biker
91,811.0,0.0,882.0,86.0,3606,1,0,1,Biker
91,811.0,0.0,882.0,86.0,3607,1,0,1,Biker
91,811.0,0.0,882.0,86.0,3608,1,0,1,Biker
91,811.0,0.0,882.0,86.0,3609,1,0,1,Biker
91,811.0,0.0,882.0,86.0,3610,1,0,1,Biker
91,811.0,0.0,882.0,86.0,3611,1,0,1,Biker
91,811.0,0.0,882.0,86.0,3612,1,0,1,Biker
91,811.0,0.0,882.0,86.0,3613,1,0,1,Biker
91,811.0,0.0,882.0,86.0,3614,1,0,1,Biker
91,811.0,0.0,882.0,86.0,3615,1,0,1,Biker
91,811.0,0.0,882.0,86.0,3616,1,0,1,Biker
91,811.0,0.0,882.0,86.0,3617,1,0,1,Biker
91,811.0,0.0,882.0,86.0,3618,1,0,1,Biker
91,811.0,0.0,882.0,86.0,3619,1,0,1,Biker
91,811.0,0.0,882.0,86.0,3620,1,0,1,Biker
91,811.0,0.0,882.0,86.0,3621,1,0,1,Biker
91,811.0,0.0,882.0,86.0,3622,1,0,1,Biker
91,811.0,0.0,882.0,86.0,3623,1,0,1,Biker
91,811.0,0.0,882.0,86.0,3624,1,0,1,Biker
91,811.0,0.0,882.0,86.0,3625,1,0,1,Biker
91,811.0,0.0,882.0,86.0,3626,1,0,1,Biker
91,811.0,0.0,882.0,86.0,3627,1,0,1,Biker
91,811.0,0.0,882.0,86.0,3628,1,0,1,Biker
91,811.0,0.0,882.0,86.0,3629,1,0,1,Biker
91,811.0,0.0,882.0,86.0,3630,1,0,1,Biker
91,811.0,0.0,882.0,86.0,3631,1,0,1,Biker
91,811.0,0.0,882.0,86.0,3632,1,0,1,Biker
91,811.0,0.0,882.0,86.0,3633,1,0,1,Biker
91,811.0,0.0,882.0,86.0,3634,1,0,1,Biker
91,811.0,0.0,882.0,86.0,3635,1,0,1,Biker
91,811.0,0.0,882.0,86.0,3636,1,0,1,Biker
91,811.0,0.0,882.0,86.0,3637,1,0,1,Biker
91,811.0,0.0,882.0,86.0,3638,1,0,1,Biker
91,811.0,0.0,882.0,86.0,3639,1,0,1,Biker
91,811.0,0.0,882.0,86.0,3640,1,0,1,Biker
91,811.0,0.0,882.0,86.0,3641,1,0,1,Biker
91,811.0,0.0,882.0,86.0,3642,1,0,1,Biker
91,811.0,0.0,882.0,86.0,3643,1,0,1,Biker
91,811.0,0.0,882.0,86.0,3644,1,0,1,Biker
91,811.0,0.0,882.0,86.0,3645,1,0,1,Biker
91,811.0,0.0,882.0,86.0,3646,1,0,1,Biker
91,811.0,0.0,882.0,86.0,3647,1,0,1,Biker
91,811.0,0.0,882.0,86.0,3648,1,0,1,Biker
91,811.0,0.0,882.0,86.0,3649,1,0,1,Biker
91,811.0,0.0,882.0,86.0,3650,1,0,1,Biker
91,811.0,0.0,882.0,86.0,3651,1,0,1,Biker
91,811.0,0.0,882.0,86.0,3652,1,0,1,Biker
91,811.0,0.0,882.0,86.0,3653,1,0,1,Biker
91,811.0,0.0,882.0,86.0,3654,1,0,1,Biker
91,811.0,0.0,882.0,86.0,3655,1,0,1,Biker
91,811.0,0.0,882.0,86.0,3656,1,0,1,Biker
91,811.0,0.0,882.0,86.0,3657,1,0,1,Biker
91,811.0,0.0,882.0,86.0,3658,1,0,1,Biker
91,811.0,0.0,882.0,86.0,3659,1,0,1,Biker
91,811.0,0.0,882.0,86.0,3660,1,0,1,Biker
91,811.0,0.0,882.0,86.0,3661,1,0,1,Biker
91,811.0,0.0,882.0,86.0,3662,1,0,1,Biker
91,811.0,0.0,882.0,86.0,3663,1,0,1,Biker
91,811.0,0.0,882.0,86.0,3664,1,0,1,Biker
91,811.0,0.0,882.0,86.0,3665,1,0,1,Biker
91,811.0,0.0,882.0,86.0,3666,1,0,1,Biker
91,811.0,0.0,882.0,86.0,3667,1,0,1,Biker
91,811.0,0.0,882.0,86.0,3668,1,0,1,Biker
91,811.0,0.0,882.0,86.0,3669,1,0,1,Biker
91,811.0,0.0,882.0,86.0,3670,1,0,1,Biker
91,811.0,0.0,882.0,86.0,3671,1,0,1,Biker
91,811.0,0.0,882.0,86.0,3672,1,0,1,Biker
91,811.0,0.0,882.0,86.0,3673,1,0,1,Biker
91,811.0,0.0,882.0,86.0,3674,1,0,1,Biker
91,811.0,0.0,882.0,86.0,3675,1,0,1,Biker
91,811.0,0.0,882.0,86.0,3676,1,0,1,Biker
91,811.0,0.0,882.0,86.0,3677,1,0,1,Biker
91,811.0,0.0,882.0,86.0,3678,1,0,1,Biker
91,811.0,0.0,882.0,86.0,3679,1,0,1,Biker
91,811.0,0.0,882.0,86.0,3680,1,0,1,Biker
91,811.0,0.0,882.0,86.0,3681,1,0,1,Biker
91,811.0,0.0,882.0,86.0,3682,1,0,1,Biker
91,811.0,0.0,882.0,86.0,3683,1,0,1,Biker
91,811.0,0.0,882.0,86.0,3684,1,0,1,Biker
91,811.0,0.0,882.0,86.0,3685,1,0,1,Biker
91,811.0,0.0,882.0,86.0,3686,1,0,1,Biker
91,811.0,0.0,882.0,86.0,3687,1,0,1,Biker
91,811.0,0.0,882.0,86.0,3688,1,0,1,Biker
91,811.0,0.0,882.0,86.0,3689,1,0,1,Biker
91,811.0,0.0,882.0,86.0,3690,1,0,1,Biker
91,811.0,0.0,882.0,86.0,3691,1,0,1,Biker
91,811.0,0.0,882.0,86.0,3692,1,0,1,Biker
91,811.0,0.0,882.0,86.0,3693,1,0,1,Biker
91,811.0,0.0,882.0,86.0,3694,1,0,1,Biker
91,811.0,0.0,882.0,86.0,3695,1,0,1,Biker
91,811.0,0.0,882.0,86.0,3696,1,0,1,Biker
91,811.0,0.0,882.0,86.0,3697,1,0,1,Biker
91,811.0,0.0,882.0,86.0,3698,1,0,1,Biker
91,811.0,0.0,882.0,86.0,3699,1,0,1,Biker
91,811.0,0.0,882.0,86.0,3700,1,0,1,Biker
91,811.0,0.0,882.0,86.0,3701,1,0,1,Biker
91,811.0,0.0,882.0,86.0,3702,1,0,1,Biker
91,811.0,0.0,882.0,86.0,3703,1,0,1,Biker
91,811.0,0.0,882.0,86.0,3704,1,0,1,Biker
91,811.0,0.0,882.0,86.0,3705,1,0,1,Biker
91,811.0,0.0,882.0,86.0,3706,1,0,1,Biker
91,811.0,0.0,882.0,86.0,3707,1,0,1,Biker
91,811.0,0.0,882.0,86.0,3708,1,0,1,Biker
91,811.0,0.0,882.0,86.0,3709,1,0,1,Biker
91,811.0,0.0,882.0,86.0,3710,1,0,1,Biker
91,811.0,0.0,882.0,86.0,3711,1,0,1,Biker
91,811.0,0.0,882.0,86.0,3712,1,0,1,Biker
91,811.0,0.0,882.0,86.0,3713,1,0,1,Biker
91,811.0,0.0,882.0,86.0,3714,1,0,1,Biker
91,811.0,0.0,882.0,86.0,3715,1,0,1,Biker
91,811.0,0.0,882.0,86.0,3716,1,0,1,Biker
91,811.0,0.0,882.0,86.0,3717,1,0,1,Biker
91,811.0,0.0,882.0,86.0,3718,1,0,1,Biker
91,811.0,0.0,882.0,86.0,3719,1,0,1,Biker
91,811.0,0.0,882.0,86.0,3720,1,0,1,Biker
91,811.0,0.0,882.0,86.0,3721,1,0,1,Biker
91,811.0,0.0,882.0,86.0,3722,1,0,1,Biker
91,811.0,0.0,882.0,86.0,3723,1,0,1,Biker
91,811.0,0.0,882.0,86.0,3724,1,0,1,Biker
91,811.0,0.0,882.0,86.0,3725,1,0,1,Biker
91,811.0,0.0,882.0,86.0,3726,1,0,1,Biker
91,811.0,0.0,882.0,86.0,3727,1,0,1,Biker
91,811.0,0.0,882.0,86.0,3728,1,0,1,Biker
91,811.0,0.0,882.0,86.0,3729,1,0,1,Biker
91,811.0,0.0,882.0,86.0,3730,1,0,1,Biker
91,811.0,0.0,882.0,86.0,3731,1,0,1,Biker
91,811.0,0.0,882.0,86.0,3732,1,0,1,Biker
91,811.0,0.0,882.0,86.0,3733,1,0,1,Biker
91,811.0,0.0,882.0,86.0,3734,1,0,1,Biker
91,811.0,0.0,882.0,86.0,3735,1,0,1,Biker
91,811.0,0.0,882.0,86.0,3736,1,0,1,Biker
91,811.0,0.0,882.0,86.0,3737,1,0,1,Biker
91,811.0,0.0,882.0,86.0,3738,1,0,1,Biker
91,811.0,0.0,882.0,86.0,3739,1,0,1,Biker
91,811.0,0.0,882.0,86.0,3740,1,0,1,Biker
91,811.0,0.0,882.0,86.0,3741,1,0,1,Biker
91,811.0,0.0,882.0,86.0,3742,1,0,1,Biker
91,811.0,0.0,882.0,86.0,3743,1,0,1,Biker
91,811.0,0.0,882.0,86.0,3744,1,0,1,Biker
91,811.0,0.0,882.0,86.0,3745,1,0,1,Biker
91,811.0,0.0,882.0,86.0,3746,1,0,1,Biker
91,811.0,0.0,882.0,86.0,3747,1,0,1,Biker
91,811.0,0.0,882.0,86.0,3748,1,0,1,Biker
91,811.0,0.0,882.0,86.0,3749,1,0,1,Biker
91,811.0,0.0,882.0,86.0,3750,1,0,1,Biker
91,811.0,0.0,882.0,86.0,3751,1,0,1,Biker
91,811.0,0.0,882.0,86.0,3752,1,0,1,Biker
91,811.0,0.0,882.0,86.0,3753,1,0,1,Biker
91,811.0,0.0,882.0,86.0,3754,1,0,1,Biker
91,811.0,0.0,882.0,86.0,3755,1,0,1,Biker
91,811.0,0.0,882.0,86.0,3756,1,0,1,Biker
91,811.0,0.0,882.0,86.0,3757,1,0,1,Biker
91,811.0,0.0,882.0,86.0,3758,1,0,1,Biker
91,811.0,0.0,882.0,86.0,3759,1,0,1,Biker
91,811.0,0.0,882.0,86.0,3760,1,0,1,Biker
91,811.0,0.0,882.0,86.0,3761,1,0,1,Biker
91,811.0,0.0,882.0,86.0,3762,1,0,1,Biker
91,811.0,0.0,882.0,86.0,3763,1,0,1,Biker
91,811.0,0.0,882.0,86.0,3764,1,0,1,Biker
91,811.0,0.0,882.0,86.0,3765,1,0,1,Biker
91,811.0,0.0,882.0,86.0,3766,1,0,1,Biker
91,811.0,0.0,882.0,86.0,3767,1,0,1,Biker
91,811.0,0.0,882.0,86.0,3768,1,0,1,Biker
91,811.0,0.0,882.0,86.0,3769,1,0,1,Biker
91,811.0,0.0,882.0,86.0,3770,1,0,1,Biker
91,811.0,0.0,882.0,86.0,3771,1,0,1,Biker
91,811.0,0.0,882.0,86.0,3772,1,0,1,Biker
91,811.0,0.0,882.0,86.0,3773,1,0,1,Biker
91,811.0,0.0,882.0,86.0,3774,1,0,1,Biker
91,811.0,0.0,882.0,86.0,3775,1,0,1,Biker
91,811.0,0.0,882.0,86.0,3776,1,0,1,Biker
91,811.0,0.0,882.0,86.0,3777,1,0,1,Biker
91,811.0,0.0,882.0,86.0,3778,1,0,1,Biker
91,811.0,0.0,882.0,86.0,3779,1,0,1,Biker
91,811.0,0.0,882.0,86.0,3780,1,0,1,Biker
91,811.0,0.0,882.0,86.0,3781,1,0,1,Biker
91,811.0,0.0,882.0,86.0,3782,1,0,1,Biker
91,811.0,0.0,882.0,86.0,3783,1,0,1,Biker
91,811.0,0.0,882.0,86.0,3784,1,0,1,Biker
91,811.0,0.0,882.0,86.0,3785,1,0,1,Biker
91,811.0,0.0,882.0,86.0,3786,1,0,1,Biker
91,811.0,0.0,882.0,86.0,3787,1,0,1,Biker
91,811.0,0.0,882.0,86.0,3788,1,0,1,Biker
91,811.0,0.0,882.0,86.0,3789,1,0,1,Biker
91,811.0,0.0,882.0,86.0,3790,1,0,1,Biker
91,811.0,0.0,882.0,86.0,3791,1,0,1,Biker
91,811.0,0.0,882.0,86.0,3792,1,0,1,Biker
91,811.0,0.0,882.0,86.0,3793,1,0,1,Biker
91,811.0,0.0,882.0,86.0,3794,1,0,1,Biker
91,811.0,0.0,882.0,86.0,3795,1,0,1,Biker
91,811.0,0.0,882.0,86.0,3796,1,0,1,Biker
91,811.0,0.0,882.0,86.0,3797,1,0,1,Biker
91,811.0,0.0,882.0,86.0,3798,1,0,1,Biker
91,811.0,0.0,882.0,86.0,3799,1,0,1,Biker
91,811.0,0.0,882.0,86.0,3800,1,0,1,Biker
91,811.0,0.0,882.0,86.0,3801,1,0,1,Biker
91,811.0,0.0,882.0,86.0,3802,1,0,1,Biker
91,811.0,0.0,882.0,86.0,3803,1,0,1,Biker
91,811.0,0.0,882.0,86.0,3804,1,0,1,Biker
91,811.0,0.0,882.0,86.0,3805,1,0,1,Biker
91,811.0,0.0,882.0,86.0,3806,1,0,1,Biker
91,811.0,0.0,882.0,86.0,3807,1,0,1,Biker
91,811.0,0.0,882.0,86.0,3808,1,0,1,Biker
91,811.0,0.0,882.0,86.0,3809,1,0,1,Biker
91,811.0,0.0,882.0,86.0,3810,1,0,1,Biker
91,811.0,0.0,882.0,86.0,3811,1,0,1,Biker
91,811.0,0.0,882.0,86.0,3812,1,0,1,Biker
91,811.0,0.0,882.0,86.0,3813,1,0,1,Biker
91,811.0,0.0,882.0,86.0,3814,1,0,1,Biker
91,811.0,0.0,882.0,86.0,3815,1,0,1,Biker
91,811.0,0.0,882.0,86.0,3816,1,0,1,Biker
91,811.0,0.0,882.0,86.0,3817,1,0,1,Biker
91,811.0,0.0,882.0,86.0,3818,1,0,1,Biker
91,811.0,0.0,882.0,86.0,3819,1,0,1,Biker
91,811.0,0.0,882.0,86.0,3820,1,0,1,Biker
91,811.0,0.0,882.0,86.0,3821,1,0,1,Biker
91,811.0,0.0,882.0,86.0,3822,1,0,1,Biker
91,811.0,0.0,882.0,86.0,3823,1,0,1,Biker
91,811.0,0.0,882.0,86.0,3824,1,0,1,Biker
91,811.0,0.0,882.0,86.0,3825,1,0,1,Biker
91,811.0,0.0,882.0,86.0,3826,1,0,1,Biker
91,811.0,0.0,882.0,86.0,3827,1,0,1,Biker
91,811.0,0.0,882.0,86.0,3828,1,0,1,Biker
91,811.0,0.0,882.0,86.0,3829,1,0,1,Biker
91,811.0,0.0,882.0,86.0,3830,1,0,1,Biker
91,811.0,0.0,882.0,86.0,3831,1,0,1,Biker
91,811.0,0.0,882.0,86.0,3832,1,0,1,Biker
91,811.0,0.0,882.0,86.0,3833,1,0,1,Biker
91,811.0,0.0,882.0,86.0,3834,1,0,1,Biker
91,811.0,0.0,882.0,86.0,3835,1,0,1,Biker
91,811.0,0.0,882.0,86.0,3836,1,0,1,Biker
91,811.0,0.0,882.0,86.0,3837,1,0,1,Biker
91,811.0,0.0,882.0,86.0,3838,1,0,1,Biker
91,811.0,0.0,882.0,86.0,3839,1,0,1,Biker
91,811.0,0.0,882.0,86.0,3840,1,0,1,Biker
91,811.0,0.0,882.0,86.0,3841,1,0,1,Biker
91,811.0,0.0,882.0,86.0,3842,1,0,1,Biker
91,811.0,0.0,882.0,86.0,3843,1,0,1,Biker
91,811.0,0.0,882.0,86.0,3844,1,0,1,Biker
91,811.0,0.0,882.0,86.0,3845,1,0,1,Biker
91,811.0,0.0,882.0,86.0,3846,1,0,1,Biker
91,811.0,0.0,882.0,86.0,3847,1,0,1,Biker
91,811.0,0.0,882.0,86.0,3848,1,0,1,Biker
91,811.0,0.0,882.0,86.0,3849,1,0,1,Biker
91,811.0,0.0,882.0,86.0,3850,1,0,1,Biker
91,811.0,0.0,882.0,86.0,3851,1,0,1,Biker
91,811.0,0.0,882.0,86.0,3852,1,0,1,Biker
91,811.0,0.0,882.0,86.0,3853,1,0,1,Biker
91,811.0,0.0,882.0,86.0,3854,1,0,1,Biker
91,811.0,0.0,882.0,86.0,3855,1,0,1,Biker
91,811.0,0.0,882.0,86.0,3856,1,0,1,Biker
91,811.0,0.0,882.0,86.0,3857,1,0,1,Biker
91,811.0,0.0,882.0,86.0,3858,1,0,1,Biker
91,811.0,0.0,882.0,86.0,3859,1,0,1,Biker
91,811.0,0.0,882.0,86.0,3860,1,0,1,Biker
91,811.0,0.0,882.0,86.0,3861,1,0,1,Biker
91,811.0,0.0,882.0,86.0,3862,1,0,1,Biker
91,811.0,0.0,882.0,86.0,3863,1,0,1,Biker
91,811.0,0.0,882.0,86.0,3864,1,0,1,Biker
91,811.0,0.0,882.0,86.0,3865,1,0,1,Biker
91,811.0,0.0,882.0,86.0,3866,1,0,1,Biker
91,811.0,0.0,882.0,86.0,3867,1,0,1,Biker
91,811.0,0.0,882.0,86.0,3868,1,0,1,Biker
91,811.0,0.0,882.0,86.0,3869,1,0,1,Biker
91,811.0,0.0,882.0,86.0,3870,1,0,1,Biker
91,811.0,0.0,882.0,86.0,3871,1,0,1,Biker
91,811.0,0.0,882.0,86.0,3872,1,0,1,Biker
91,811.0,0.0,882.0,86.0,3873,1,0,1,Biker
91,811.0,0.0,882.0,86.0,3874,1,0,1,Biker
91,811.0,0.0,882.0,86.0,3875,1,0,1,Biker
91,811.0,0.0,882.0,86.0,3876,1,0,1,Biker
91,811.0,0.0,882.0,86.0,3877,1,0,1,Biker
91,811.0,0.0,882.0,86.0,3878,1,0,1,Biker
91,811.0,0.0,882.0,86.0,3879,1,0,1,Biker
91,811.0,0.0,882.0,86.0,3880,1,0,1,Biker
91,811.0,0.0,882.0,86.0,3881,1,0,1,Biker
91,811.0,0.0,882.0,86.0,3882,1,0,1,Biker
91,811.0,0.0,882.0,86.0,3883,1,0,1,Biker
91,811.0,0.0,882.0,86.0,3884,1,0,1,Biker
91,811.0,0.0,882.0,86.0,3885,1,0,1,Biker
91,811.0,0.0,882.0,86.0,3886,1,0,1,Biker
91,811.0,0.0,882.0,86.0,3887,1,0,1,Biker
91,811.0,0.0,882.0,86.0,3888,1,0,1,Biker
91,811.0,0.0,882.0,86.0,3889,1,0,1,Biker
91,811.0,0.0,882.0,86.0,3890,1,0,1,Biker
91,811.0,0.0,882.0,86.0,3891,1,0,1,Biker
91,811.0,0.0,882.0,86.0,3892,1,0,1,Biker
91,811.0,0.0,882.0,86.0,3893,1,0,1,Biker
91,811.0,0.0,882.0,86.0,3894,1,0,1,Biker
91,811.0,0.0,882.0,86.0,3895,1,0,1,Biker
91,811.0,0.0,882.0,86.0,3896,1,0,1,Biker
91,811.0,0.0,882.0,86.0,3897,1,0,1,Biker
91,811.0,0.0,882.0,86.0,3898,1,0,1,Biker
91,811.0,0.0,882.0,86.0,3899,1,0,1,Biker
91,811.0,0.0,882.0,86.0,3900,1,0,1,Biker
91,811.0,0.0,882.0,86.0,3901,1,0,1,Biker
91,811.0,0.0,882.0,86.0,3902,1,0,1,Biker
91,811.0,0.0,882.0,86.0,3903,1,0,1,Biker
91,811.0,0.0,882.0,86.0,3904,1,0,1,Biker
91,811.0,0.0,882.0,86.0,3905,1,0,1,Biker
91,811.0,0.0,882.0,86.0,3906,1,0,1,Biker
91,811.0,0.0,882.0,86.0,3907,1,0,1,Biker
91,811.0,0.0,882.0,86.0,3908,1,0,1,Biker
91,811.0,0.0,882.0,86.0,3909,1,0,1,Biker
91,811.0,0.0,882.0,86.0,3910,1,0,1,Biker
91,811.0,0.0,882.0,86.0,3911,1,0,1,Biker
91,811.0,0.0,882.0,86.0,3912,1,0,1,Biker
91,811.0,0.0,882.0,86.0,3913,1,0,1,Biker
91,811.0,0.0,882.0,86.0,3914,1,0,1,Biker
91,811.0,0.0,882.0,86.0,3915,1,0,1,Biker
91,811.0,0.0,882.0,86.0,3916,1,0,1,Biker
91,811.0,0.0,882.0,86.0,3917,1,0,1,Biker
91,811.0,0.0,882.0,86.0,3918,1,0,1,Biker
91,811.0,0.0,882.0,86.0,3919,1,0,1,Biker
91,811.0,0.0,882.0,86.0,3920,1,0,1,Biker
91,811.0,0.0,882.0,86.0,3921,1,0,1,Biker
91,811.0,0.0,882.0,86.0,3922,1,0,1,Biker
91,811.0,0.0,882.0,86.0,3923,1,0,1,Biker
91,811.0,0.0,882.0,86.0,3924,1,0,1,Biker
91,811.0,0.0,882.0,86.0,3925,1,0,1,Biker
91,811.0,0.0,882.0,86.0,3926,1,0,1,Biker
91,811.0,0.0,882.0,86.0,3927,1,0,1,Biker
91,811.0,0.0,882.0,86.0,3928,1,0,1,Biker
91,811.0,0.0,882.0,86.0,3929,1,0,1,Biker
91,811.0,0.0,882.0,86.0,3930,1,0,1,Biker
91,811.0,0.0,882.0,86.0,3931,1,0,1,Biker
91,811.0,0.0,882.0,86.0,3932,1,0,1,Biker
91,811.0,0.0,882.0,86.0,3933,1,0,1,Biker
91,811.0,0.0,882.0,86.0,3934,1,0,1,Biker
91,811.0,0.0,882.0,86.0,3935,1,0,1,Biker
91,811.0,0.0,882.0,86.0,3936,1,0,1,Biker
91,811.0,0.0,882.0,86.0,3937,1,0,1,Biker
91,811.0,0.0,882.0,86.0,3938,1,0,1,Biker
91,811.0,0.0,882.0,86.0,3939,1,0,1,Biker
91,811.0,0.0,882.0,86.0,3940,1,0,1,Biker
91,811.0,0.0,882.0,86.0,3941,1,0,1,Biker
91,811.0,0.0,882.0,86.0,3942,1,0,1,Biker
91,811.0,0.0,882.0,86.0,3943,1,0,1,Biker
91,811.0,0.0,882.0,86.0,3944,1,0,1,Biker
91,811.0,0.0,882.0,86.0,3945,1,0,1,Biker
91,811.0,0.0,882.0,86.0,3946,1,0,1,Biker
91,811.0,0.0,882.0,86.0,3947,1,0,1,Biker
91,811.0,0.0,882.0,86.0,3948,1,0,1,Biker
91,811.0,0.0,882.0,86.0,3949,1,0,1,Biker
91,811.0,0.0,882.0,86.0,3950,1,0,1,Biker
91,811.0,0.0,882.0,86.0,3951,1,0,1,Biker
91,811.0,0.0,882.0,86.0,3952,1,0,1,Biker
91,811.0,0.0,882.0,86.0,3953,1,0,1,Biker
91,811.0,0.0,882.0,86.0,3954,1,0,1,Biker
91,811.0,0.0,882.0,86.0,3955,1,0,1,Biker
91,811.0,0.0,882.0,86.0,3956,1,0,1,Biker
91,811.0,0.0,882.0,86.0,3957,1,0,1,Biker
91,811.0,0.0,882.0,86.0,3958,1,0,1,Biker
91,811.0,0.0,882.0,86.0,3959,1,0,1,Biker
91,811.0,0.0,882.0,86.0,3960,1,0,1,Biker
91,811.0,0.0,882.0,86.0,3961,1,0,1,Biker
91,811.0,0.0,882.0,86.0,3962,1,0,1,Biker
91,811.0,0.0,882.0,86.0,3963,1,0,1,Biker
91,811.0,0.0,882.0,86.0,3964,1,0,1,Biker
91,811.0,0.0,882.0,86.0,3965,1,0,1,Biker
91,811.0,0.0,882.0,86.0,3966,1,0,1,Biker
91,811.0,0.0,882.0,86.0,3967,1,0,1,Biker
91,811.0,0.0,882.0,86.0,3968,1,0,1,Biker
91,811.0,0.0,882.0,86.0,3969,1,0,1,Biker
91,811.0,0.0,882.0,86.0,3970,1,0,1,Biker
91,811.0,0.0,882.0,86.0,3971,1,0,1,Biker
91,811.0,0.0,882.0,86.0,3972,1,0,1,Biker
91,811.0,0.0,882.0,86.0,3973,1,0,1,Biker
91,811.0,0.0,882.0,86.0,3974,1,0,1,Biker
91,811.0,0.0,882.0,86.0,3975,1,0,1,Biker
91,811.0,0.0,882.0,86.0,3976,1,0,1,Biker
91,811.0,0.0,882.0,86.0,3977,1,0,1,Biker
91,811.0,0.0,882.0,86.0,3978,1,0,1,Biker
91,811.0,0.0,882.0,86.0,3979,1,0,1,Biker
91,811.0,0.0,882.0,86.0,3980,1,0,1,Biker
91,811.0,0.0,882.0,86.0,3981,1,0,1,Biker
91,811.0,0.0,882.0,86.0,3982,1,0,1,Biker
91,811.0,0.0,882.0,86.0,3983,1,0,1,Biker
91,811.0,0.0,882.0,86.0,3984,1,0,1,Biker
91,811.0,0.0,882.0,86.0,3985,1,0,1,Biker
91,811.0,0.0,882.0,86.0,3986,1,0,1,Biker
91,811.0,0.0,882.0,86.0,3987,1,0,1,Biker
91,811.0,0.0,882.0,86.0,3988,1,0,1,Biker
91,811.0,0.0,882.0,86.0,3989,1,0,1,Biker
91,811.0,0.0,882.0,86.0,3990,1,0,1,Biker
91,811.0,0.0,882.0,86.0,3991,1,0,1,Biker
91,811.0,0.0,882.0,86.0,3992,1,0,1,Biker
91,811.0,0.0,882.0,86.0,3993,1,0,1,Biker
91,811.0,0.0,882.0,86.0,3994,1,0,1,Biker
91,811.0,0.0,882.0,86.0,3995,1,0,1,Biker
91,811.0,0.0,882.0,86.0,3996,1,0,1,Biker
91,811.0,0.0,882.0,86.0,3997,1,0,1,Biker
91,811.0,0.0,882.0,86.0,3998,1,0,1,Biker
91,811.0,0.0,882.0,86.0,3999,1,0,1,Biker
91,811.0,0.0,882.0,86.0,4000,1,0,1,Biker
91,811.0,0.0,882.0,86.0,4001,1,0,1,Biker
91,811.0,0.0,882.0,86.0,4002,1,0,1,Biker
91,811.0,0.0,882.0,86.0,4003,1,0,1,Biker
91,811.0,0.0,882.0,86.0,4004,1,0,1,Biker
91,811.0,0.0,882.0,86.0,4005,1,0,1,Biker
91,811.0,0.0,882.0,86.0,4006,1,0,1,Biker
91,811.0,0.0,882.0,86.0,4007,1,0,1,Biker
91,811.0,0.0,882.0,86.0,4008,1,0,1,Biker
91,811.0,0.0,882.0,86.0,4009,1,0,1,Biker
91,811.0,0.0,882.0,86.0,4010,1,0,1,Biker
91,811.0,0.0,882.0,86.0,4011,1,0,1,Biker
91,811.0,0.0,882.0,86.0,4012,1,0,1,Biker
91,811.0,0.0,882.0,86.0,4013,1,0,1,Biker
91,811.0,0.0,882.0,86.0,4014,1,0,1,Biker
91,811.0,0.0,882.0,86.0,4015,1,0,1,Biker
91,811.0,0.0,882.0,86.0,4016,1,0,1,Biker
91,811.0,0.0,882.0,86.0,4017,1,0,1,Biker
91,811.0,0.0,882.0,86.0,4018,1,0,1,Biker
91,811.0,0.0,882.0,86.0,4019,1,0,1,Biker
91,811.0,0.0,882.0,86.0,4020,1,0,1,Biker
91,811.0,0.0,882.0,86.0,4021,1,0,1,Biker
91,811.0,0.0,882.0,86.0,4022,1,0,1,Biker
91,811.0,0.0,882.0,86.0,4023,1,0,1,Biker
91,811.0,0.0,882.0,86.0,4024,1,0,1,Biker
91,811.0,0.0,882.0,86.0,4025,1,0,1,Biker
91,811.0,0.0,882.0,86.0,4026,1,0,1,Biker
91,811.0,0.0,882.0,86.0,4027,1,0,1,Biker
91,811.0,0.0,882.0,86.0,4028,1,0,1,Biker
91,811.0,0.0,882.0,86.0,4029,1,0,1,Biker
91,811.0,0.0,882.0,86.0,4030,1,0,1,Biker
91,811.0,0.0,882.0,86.0,4031,1,0,0,Biker
92,723.0,1017.0,811.0,1077.0,10500,1,0,0,Pedestrian
92,720.0,1017.0,811.0,1077.0,10501,1,0,1,Pedestrian
92,720.0,1017.0,811.0,1077.0,10502,1,0,1,Pedestrian
92,720.0,1017.0,811.0,1077.0,10503,1,0,1,Pedestrian
92,720.0,1017.0,811.0,1077.0,10504,1,0,1,Pedestrian
92,720.0,1017.0,811.0,1077.0,10505,1,0,1,Pedestrian
92,720.0,1017.0,811.0,1077.0,10506,1,0,1,Pedestrian
92,720.0,1017.0,811.0,1077.0,10507,1,0,1,Pedestrian
92,720.0,1017.0,811.0,1077.0,10508,1,0,1,Pedestrian
92,720.0,1017.0,811.0,1077.0,10509,1,0,1,Pedestrian
92,720.0,1017.0,811.0,1077.0,10510,1,0,1,Pedestrian
92,720.0,1017.0,811.0,1077.0,10511,1,0,1,Pedestrian
92,720.0,1017.0,811.0,1077.0,10512,1,0,1,Pedestrian
92,720.0,1017.0,811.0,1077.0,10513,1,0,1,Pedestrian
92,720.0,1017.0,811.0,1077.0,10514,1,0,1,Pedestrian
92,720.0,1017.0,811.0,1077.0,10515,1,0,1,Pedestrian
92,720.0,1017.0,811.0,1077.0,10516,1,0,1,Pedestrian
92,720.0,1017.0,811.0,1077.0,10517,1,0,1,Pedestrian
92,720.0,1017.0,811.0,1077.0,10518,1,0,1,Pedestrian
92,720.0,1017.0,811.0,1077.0,10519,1,0,1,Pedestrian
92,720.0,1017.0,811.0,1077.0,10520,1,0,1,Pedestrian
92,720.0,1017.0,811.0,1077.0,10521,1,0,1,Pedestrian
92,720.0,1017.0,811.0,1077.0,10522,1,0,1,Pedestrian
92,720.0,1017.0,811.0,1077.0,10523,1,0,1,Pedestrian
92,720.0,1017.0,811.0,1077.0,10524,1,0,1,Pedestrian
92,720.0,1017.0,811.0,1077.0,10525,1,0,1,Pedestrian
92,720.0,1017.0,811.0,1077.0,10526,1,0,1,Pedestrian
92,720.0,1017.0,811.0,1077.0,10527,1,0,1,Pedestrian
92,720.0,1017.0,811.0,1077.0,10528,1,0,1,Pedestrian
92,720.0,1017.0,811.0,1077.0,10529,1,0,1,Pedestrian
92,720.0,1017.0,811.0,1077.0,10530,1,0,1,Pedestrian
92,720.0,1017.0,811.0,1077.0,10531,1,0,1,Pedestrian
92,720.0,1017.0,811.0,1077.0,10532,1,0,1,Pedestrian
92,720.0,1017.0,811.0,1077.0,10533,1,0,1,Pedestrian
92,720.0,1017.0,811.0,1077.0,10534,1,0,1,Pedestrian
92,720.0,1017.0,811.0,1077.0,10535,1,0,1,Pedestrian
92,720.0,1017.0,811.0,1077.0,10536,1,0,1,Pedestrian
92,720.0,1017.0,811.0,1077.0,10537,1,0,1,Pedestrian
92,720.0,1017.0,811.0,1077.0,10538,1,0,1,Pedestrian
92,720.0,1017.0,811.0,1077.0,10539,1,0,1,Pedestrian
92,720.0,1017.0,811.0,1077.0,10540,1,0,1,Pedestrian
92,720.0,1017.0,811.0,1077.0,10541,1,0,1,Pedestrian
92,720.0,1017.0,811.0,1077.0,10542,1,0,1,Pedestrian
92,720.0,1017.0,811.0,1077.0,10543,1,0,1,Pedestrian
92,720.0,1017.0,811.0,1077.0,10544,1,0,1,Pedestrian
92,720.0,1017.0,811.0,1077.0,10545,1,0,1,Pedestrian
92,720.0,1017.0,811.0,1077.0,10546,1,0,1,Pedestrian
92,720.0,1017.0,811.0,1077.0,10547,1,0,1,Pedestrian
92,720.0,1017.0,811.0,1077.0,10548,1,0,1,Pedestrian
92,720.0,1020.0,811.0,1077.0,10549,1,0,1,Pedestrian
92,720.0,1020.0,811.0,1077.0,10550,1,0,1,Pedestrian
92,720.0,1020.0,811.0,1077.0,10551,1,0,1,Pedestrian
92,720.0,1020.0,811.0,1077.0,10552,1,0,1,Pedestrian
92,720.0,1020.0,811.0,1077.0,10553,1,0,1,Pedestrian
92,720.0,1020.0,811.0,1077.0,10554,1,0,1,Pedestrian
92,720.0,1020.0,811.0,1077.0,10555,1,0,1,Pedestrian
92,720.0,1020.0,811.0,1077.0,10556,1,0,1,Pedestrian
92,720.0,1020.0,811.0,1077.0,10557,1,0,1,Pedestrian
92,720.0,1020.0,811.0,1077.0,10558,1,0,1,Pedestrian
92,720.0,1020.0,811.0,1077.0,10559,1,0,1,Pedestrian
92,720.0,1020.0,811.0,1077.0,10560,1,0,1,Pedestrian
92,720.0,1020.0,811.0,1077.0,10561,1,0,1,Pedestrian
92,720.0,1020.0,811.0,1077.0,10562,1,0,1,Pedestrian
92,720.0,1020.0,811.0,1077.0,10563,1,0,1,Pedestrian
92,720.0,1020.0,811.0,1077.0,10564,1,0,1,Pedestrian
92,720.0,1020.0,811.0,1077.0,10565,1,0,1,Pedestrian
92,720.0,1020.0,811.0,1077.0,10566,1,0,1,Pedestrian
92,720.0,1020.0,811.0,1077.0,10567,1,0,1,Pedestrian
92,720.0,1020.0,811.0,1079.0,10568,1,0,1,Pedestrian
92,720.0,1020.0,811.0,1079.0,10569,1,0,1,Pedestrian
92,720.0,1020.0,811.0,1079.0,10570,1,0,1,Pedestrian
92,720.0,1020.0,811.0,1079.0,10571,1,0,1,Pedestrian
92,720.0,1020.0,811.0,1079.0,10572,1,0,1,Pedestrian
92,720.0,1020.0,811.0,1079.0,10573,1,0,1,Pedestrian
92,720.0,1020.0,811.0,1079.0,10574,1,0,1,Pedestrian
92,720.0,1020.0,811.0,1079.0,10575,1,0,1,Pedestrian
92,720.0,1020.0,811.0,1079.0,10576,1,0,1,Pedestrian
92,720.0,1020.0,811.0,1079.0,10577,1,0,1,Pedestrian
92,720.0,1020.0,811.0,1079.0,10578,1,0,1,Pedestrian
92,720.0,1020.0,811.0,1079.0,10579,1,0,1,Pedestrian
92,720.0,1020.0,811.0,1079.0,10580,1,0,1,Pedestrian
92,720.0,1020.0,811.0,1079.0,10581,1,0,1,Pedestrian
92,720.0,1020.0,811.0,1079.0,10582,1,0,1,Pedestrian
92,720.0,1020.0,811.0,1079.0,10583,1,0,1,Pedestrian
92,720.0,1020.0,811.0,1079.0,10584,1,0,1,Pedestrian
92,720.0,1020.0,811.0,1079.0,10585,1,0,1,Pedestrian
92,720.0,1020.0,811.0,1079.0,10586,1,0,1,Pedestrian
92,720.0,1020.0,811.0,1079.0,10587,1,0,1,Pedestrian
92,720.0,1020.0,811.0,1079.0,10588,1,0,1,Pedestrian
92,720.0,1020.0,811.0,1079.0,10589,1,0,1,Pedestrian
92,720.0,1020.0,811.0,1079.0,10590,1,0,1,Pedestrian
92,720.0,1020.0,811.0,1079.0,10591,1,0,1,Pedestrian
92,720.0,1020.0,811.0,1079.0,10592,1,0,1,Pedestrian
92,720.0,1020.0,811.0,1079.0,10593,1,0,1,Pedestrian
92,720.0,1020.0,811.0,1079.0,10594,1,0,1,Pedestrian
92,720.0,1020.0,811.0,1079.0,10595,1,0,1,Pedestrian
92,720.0,1020.0,811.0,1079.0,10596,1,0,1,Pedestrian
92,720.0,1022.0,811.0,1079.0,10597,1,0,1,Pedestrian
92,720.0,1022.0,811.0,1079.0,10598,1,0,1,Pedestrian
92,720.0,1022.0,811.0,1079.0,10599,1,0,1,Pedestrian
92,720.0,1022.0,811.0,1079.0,10600,1,0,1,Pedestrian
92,720.0,1022.0,811.0,1079.0,10601,1,0,1,Pedestrian
92,720.0,1022.0,811.0,1079.0,10602,1,0,1,Pedestrian
92,720.0,1022.0,811.0,1079.0,10603,1,0,1,Pedestrian
92,720.0,1022.0,811.0,1079.0,10604,1,0,1,Pedestrian
92,720.0,1022.0,811.0,1079.0,10605,1,0,1,Pedestrian
92,720.0,1022.0,811.0,1079.0,10606,1,0,1,Pedestrian
92,720.0,1022.0,811.0,1079.0,10607,1,0,1,Pedestrian
92,720.0,1022.0,811.0,1079.0,10608,1,0,1,Pedestrian
92,720.0,1022.0,811.0,1079.0,10609,1,0,1,Pedestrian
92,720.0,1022.0,811.0,1079.0,10610,1,0,1,Pedestrian
92,720.0,1022.0,811.0,1079.0,10611,1,0,1,Pedestrian
92,720.0,1022.0,811.0,1079.0,10612,1,0,1,Pedestrian
92,720.0,1022.0,811.0,1079.0,10613,1,0,1,Pedestrian
92,720.0,1022.0,811.0,1079.0,10614,1,0,1,Pedestrian
92,720.0,1022.0,811.0,1079.0,10615,1,0,1,Pedestrian
92,720.0,1022.0,811.0,1079.0,10616,1,0,1,Pedestrian
92,720.0,1022.0,811.0,1079.0,10617,1,0,1,Pedestrian
92,720.0,1022.0,811.0,1079.0,10618,1,0,1,Pedestrian
92,720.0,1022.0,811.0,1079.0,10619,1,0,1,Pedestrian
92,720.0,1022.0,811.0,1079.0,10620,1,0,1,Pedestrian
92,720.0,1022.0,811.0,1079.0,10621,1,0,1,Pedestrian
92,720.0,1022.0,811.0,1079.0,10622,1,0,1,Pedestrian
92,720.0,1022.0,811.0,1079.0,10623,1,0,1,Pedestrian
92,720.0,1022.0,811.0,1079.0,10624,1,0,1,Pedestrian
92,720.0,1022.0,811.0,1079.0,10625,1,0,1,Pedestrian
92,720.0,1022.0,811.0,1079.0,10626,1,0,1,Pedestrian
92,720.0,1022.0,811.0,1079.0,10627,1,0,1,Pedestrian
92,720.0,1022.0,811.0,1079.0,10628,1,0,1,Pedestrian
92,720.0,1022.0,811.0,1079.0,10629,1,0,1,Pedestrian
92,720.0,1022.0,811.0,1079.0,10630,1,0,1,Pedestrian
92,720.0,1022.0,811.0,1079.0,10631,1,0,1,Pedestrian
92,720.0,1022.0,811.0,1079.0,10632,1,0,1,Pedestrian
92,720.0,1022.0,811.0,1079.0,10633,1,0,1,Pedestrian
92,720.0,1022.0,811.0,1079.0,10634,1,0,1,Pedestrian
92,720.0,1022.0,811.0,1081.0,10635,1,0,1,Pedestrian
92,720.0,1022.0,811.0,1081.0,10636,1,0,1,Pedestrian
92,720.0,1022.0,811.0,1081.0,10637,1,0,1,Pedestrian
92,720.0,1022.0,811.0,1081.0,10638,1,0,1,Pedestrian
92,720.0,1022.0,811.0,1081.0,10639,1,0,1,Pedestrian
92,720.0,1022.0,811.0,1081.0,10640,1,0,1,Pedestrian
92,720.0,1022.0,811.0,1081.0,10641,1,0,1,Pedestrian
92,720.0,1022.0,811.0,1081.0,10642,1,0,1,Pedestrian
92,720.0,1022.0,811.0,1081.0,10643,1,0,1,Pedestrian
92,720.0,1022.0,811.0,1081.0,10644,1,0,1,Pedestrian
92,720.0,1024.0,811.0,1081.0,10645,1,0,1,Pedestrian
92,720.0,1024.0,811.0,1081.0,10646,1,0,1,Pedestrian
92,720.0,1024.0,811.0,1081.0,10647,1,0,1,Pedestrian
92,720.0,1024.0,811.0,1081.0,10648,1,0,1,Pedestrian
92,720.0,1024.0,811.0,1081.0,10649,1,0,1,Pedestrian
92,720.0,1024.0,811.0,1081.0,10650,1,0,1,Pedestrian
92,720.0,1024.0,811.0,1081.0,10651,1,0,1,Pedestrian
92,720.0,1024.0,811.0,1081.0,10652,1,0,1,Pedestrian
92,720.0,1024.0,811.0,1081.0,10653,1,0,1,Pedestrian
92,720.0,1024.0,811.0,1081.0,10654,1,0,1,Pedestrian
92,720.0,1024.0,811.0,1081.0,10655,1,0,1,Pedestrian
92,720.0,1024.0,811.0,1081.0,10656,1,0,1,Pedestrian
92,720.0,1024.0,811.0,1081.0,10657,1,0,1,Pedestrian
92,720.0,1024.0,811.0,1081.0,10658,1,0,1,Pedestrian
92,720.0,1024.0,811.0,1081.0,10659,1,0,1,Pedestrian
92,720.0,1024.0,811.0,1081.0,10660,1,0,1,Pedestrian
92,720.0,1024.0,811.0,1081.0,10661,1,0,1,Pedestrian
92,720.0,1024.0,811.0,1081.0,10662,1,0,1,Pedestrian
92,720.0,1024.0,811.0,1081.0,10663,1,0,1,Pedestrian
92,720.0,1024.0,811.0,1081.0,10664,1,0,1,Pedestrian
92,720.0,1024.0,811.0,1081.0,10665,1,0,1,Pedestrian
92,720.0,1024.0,811.0,1081.0,10666,1,0,1,Pedestrian
92,720.0,1024.0,811.0,1081.0,10667,1,0,1,Pedestrian
92,720.0,1024.0,811.0,1081.0,10668,1,0,1,Pedestrian
92,717.0,1024.0,811.0,1081.0,10669,1,0,1,Pedestrian
92,717.0,1024.0,811.0,1081.0,10670,1,0,1,Pedestrian
92,717.0,1024.0,811.0,1081.0,10671,1,0,1,Pedestrian
92,717.0,1024.0,811.0,1081.0,10672,1,0,1,Pedestrian
92,717.0,1024.0,811.0,1081.0,10673,1,0,1,Pedestrian
92,717.0,1024.0,811.0,1081.0,10674,1,0,1,Pedestrian
92,717.0,1024.0,811.0,1081.0,10675,1,0,1,Pedestrian
92,717.0,1024.0,811.0,1081.0,10676,1,0,1,Pedestrian
92,717.0,1024.0,811.0,1081.0,10677,1,0,1,Pedestrian
92,717.0,1024.0,811.0,1081.0,10678,1,0,1,Pedestrian
92,717.0,1024.0,811.0,1081.0,10679,1,0,1,Pedestrian
92,717.0,1024.0,811.0,1081.0,10680,1,0,1,Pedestrian
92,717.0,1024.0,811.0,1081.0,10681,1,0,1,Pedestrian
92,717.0,1024.0,811.0,1081.0,10682,1,0,1,Pedestrian
92,717.0,1024.0,811.0,1081.0,10683,1,0,1,Pedestrian
92,717.0,1024.0,811.0,1081.0,10684,1,0,1,Pedestrian
92,717.0,1024.0,811.0,1081.0,10685,1,0,1,Pedestrian
92,717.0,1024.0,811.0,1081.0,10686,1,0,1,Pedestrian
92,717.0,1024.0,811.0,1081.0,10687,1,0,1,Pedestrian
92,717.0,1024.0,811.0,1081.0,10688,1,0,1,Pedestrian
92,717.0,1024.0,811.0,1081.0,10689,1,0,1,Pedestrian
92,717.0,1024.0,811.0,1081.0,10690,1,0,1,Pedestrian
92,717.0,1024.0,811.0,1081.0,10691,1,0,1,Pedestrian
92,717.0,1024.0,811.0,1081.0,10692,1,0,1,Pedestrian
92,717.0,1026.0,811.0,1081.0,10693,1,0,1,Pedestrian
92,717.0,1026.0,811.0,1081.0,10694,1,0,1,Pedestrian
92,717.0,1026.0,811.0,1081.0,10695,1,0,1,Pedestrian
92,717.0,1026.0,811.0,1081.0,10696,1,0,1,Pedestrian
92,717.0,1026.0,811.0,1081.0,10697,1,0,1,Pedestrian
92,717.0,1026.0,811.0,1081.0,10698,1,0,1,Pedestrian
92,717.0,1026.0,811.0,1081.0,10699,1,0,1,Pedestrian
92,717.0,1026.0,811.0,1081.0,10700,1,0,1,Pedestrian
92,717.0,1026.0,811.0,1081.0,10701,1,0,1,Pedestrian
92,717.0,1026.0,811.0,1081.0,10702,1,0,1,Pedestrian
92,717.0,1026.0,811.0,1083.0,10703,1,0,1,Pedestrian
92,717.0,1026.0,811.0,1083.0,10704,1,0,1,Pedestrian
92,717.0,1026.0,811.0,1083.0,10705,1,0,1,Pedestrian
92,717.0,1026.0,811.0,1083.0,10706,1,0,1,Pedestrian
92,717.0,1026.0,811.0,1083.0,10707,1,0,1,Pedestrian
92,717.0,1026.0,811.0,1083.0,10708,1,0,1,Pedestrian
92,717.0,1026.0,811.0,1083.0,10709,1,0,1,Pedestrian
92,717.0,1026.0,811.0,1083.0,10710,1,0,1,Pedestrian
92,717.0,1026.0,811.0,1083.0,10711,1,0,1,Pedestrian
92,717.0,1026.0,811.0,1083.0,10712,1,0,1,Pedestrian
92,717.0,1026.0,811.0,1083.0,10713,1,0,1,Pedestrian
92,717.0,1026.0,811.0,1083.0,10714,1,0,1,Pedestrian
92,717.0,1026.0,811.0,1083.0,10715,1,0,1,Pedestrian
92,717.0,1026.0,811.0,1083.0,10716,1,0,1,Pedestrian
92,717.0,1026.0,811.0,1083.0,10717,1,0,1,Pedestrian
92,717.0,1026.0,811.0,1083.0,10718,1,0,1,Pedestrian
92,717.0,1026.0,811.0,1083.0,10719,1,0,1,Pedestrian
92,717.0,1026.0,811.0,1083.0,10720,1,0,1,Pedestrian
92,717.0,1026.0,811.0,1083.0,10721,1,0,1,Pedestrian
92,717.0,1026.0,811.0,1083.0,10722,1,0,1,Pedestrian
92,717.0,1026.0,811.0,1083.0,10723,1,0,1,Pedestrian
92,717.0,1026.0,811.0,1083.0,10724,1,0,1,Pedestrian
92,717.0,1026.0,811.0,1083.0,10725,1,0,1,Pedestrian
92,717.0,1026.0,811.0,1083.0,10726,1,0,1,Pedestrian
92,717.0,1026.0,811.0,1083.0,10727,1,0,1,Pedestrian
92,717.0,1026.0,811.0,1083.0,10728,1,0,1,Pedestrian
92,717.0,1026.0,811.0,1083.0,10729,1,0,1,Pedestrian
92,717.0,1026.0,811.0,1083.0,10730,1,0,1,Pedestrian
92,717.0,1026.0,811.0,1083.0,10731,1,0,1,Pedestrian
92,717.0,1026.0,811.0,1083.0,10732,1,0,1,Pedestrian
92,717.0,1026.0,811.0,1083.0,10733,1,0,1,Pedestrian
92,717.0,1026.0,811.0,1083.0,10734,1,0,1,Pedestrian
92,717.0,1026.0,811.0,1083.0,10735,1,0,1,Pedestrian
92,717.0,1026.0,811.0,1083.0,10736,1,0,1,Pedestrian
92,717.0,1026.0,811.0,1083.0,10737,1,0,1,Pedestrian
92,717.0,1026.0,811.0,1083.0,10738,1,0,1,Pedestrian
92,717.0,1026.0,811.0,1083.0,10739,1,0,1,Pedestrian
92,717.0,1026.0,811.0,1083.0,10740,1,0,1,Pedestrian
92,717.0,1029.0,811.0,1083.0,10741,1,0,1,Pedestrian
92,717.0,1029.0,811.0,1083.0,10742,1,0,1,Pedestrian
92,717.0,1029.0,811.0,1083.0,10743,1,0,1,Pedestrian
92,717.0,1029.0,811.0,1083.0,10744,1,0,1,Pedestrian
92,717.0,1029.0,811.0,1083.0,10745,1,0,1,Pedestrian
92,717.0,1029.0,811.0,1083.0,10746,1,0,1,Pedestrian
92,717.0,1029.0,811.0,1083.0,10747,1,0,1,Pedestrian
92,717.0,1029.0,811.0,1083.0,10748,1,0,1,Pedestrian
92,717.0,1029.0,811.0,1083.0,10749,1,0,1,Pedestrian
92,717.0,1029.0,811.0,1083.0,10750,1,0,1,Pedestrian
92,717.0,1029.0,811.0,1083.0,10751,1,0,1,Pedestrian
92,717.0,1029.0,811.0,1083.0,10752,1,0,1,Pedestrian
92,717.0,1029.0,811.0,1083.0,10753,1,0,1,Pedestrian
92,717.0,1029.0,811.0,1083.0,10754,1,0,1,Pedestrian
92,717.0,1029.0,811.0,1083.0,10755,1,0,1,Pedestrian
92,717.0,1029.0,811.0,1083.0,10756,1,0,1,Pedestrian
92,717.0,1029.0,811.0,1083.0,10757,1,0,1,Pedestrian
92,717.0,1029.0,811.0,1083.0,10758,1,0,1,Pedestrian
92,717.0,1029.0,811.0,1083.0,10759,1,0,1,Pedestrian
92,717.0,1029.0,811.0,1083.0,10760,1,0,1,Pedestrian
92,717.0,1029.0,811.0,1083.0,10761,1,0,1,Pedestrian
92,717.0,1029.0,811.0,1083.0,10762,1,0,1,Pedestrian
92,717.0,1029.0,811.0,1083.0,10763,1,0,1,Pedestrian
92,717.0,1029.0,811.0,1083.0,10764,1,0,1,Pedestrian
92,717.0,1029.0,811.0,1083.0,10765,1,0,1,Pedestrian
92,717.0,1029.0,811.0,1083.0,10766,1,0,1,Pedestrian
92,717.0,1029.0,811.0,1083.0,10767,1,0,1,Pedestrian
92,717.0,1029.0,811.0,1083.0,10768,1,0,1,Pedestrian
92,717.0,1029.0,811.0,1083.0,10769,1,0,1,Pedestrian
92,717.0,1029.0,811.0,1086.0,10770,1,0,1,Pedestrian
92,717.0,1029.0,811.0,1086.0,10771,1,0,1,Pedestrian
92,717.0,1029.0,811.0,1086.0,10772,1,0,1,Pedestrian
92,717.0,1029.0,811.0,1086.0,10773,1,0,1,Pedestrian
92,717.0,1029.0,811.0,1086.0,10774,1,0,1,Pedestrian
92,717.0,1029.0,811.0,1086.0,10775,1,0,1,Pedestrian
92,717.0,1029.0,811.0,1086.0,10776,1,0,1,Pedestrian
92,717.0,1029.0,811.0,1086.0,10777,1,0,1,Pedestrian
92,717.0,1029.0,811.0,1086.0,10778,1,0,1,Pedestrian
92,717.0,1029.0,811.0,1086.0,10779,1,0,1,Pedestrian
92,717.0,1029.0,811.0,1086.0,10780,1,0,1,Pedestrian
92,717.0,1029.0,811.0,1086.0,10781,1,0,1,Pedestrian
92,717.0,1029.0,811.0,1086.0,10782,1,0,1,Pedestrian
92,717.0,1029.0,811.0,1086.0,10783,1,0,1,Pedestrian
92,717.0,1029.0,811.0,1086.0,10784,1,0,1,Pedestrian
92,717.0,1029.0,811.0,1086.0,10785,1,0,1,Pedestrian
92,717.0,1029.0,811.0,1086.0,10786,1,0,1,Pedestrian
92,717.0,1029.0,811.0,1086.0,10787,1,0,1,Pedestrian
92,717.0,1029.0,811.0,1086.0,10788,1,0,1,Pedestrian
92,717.0,1031.0,811.0,1086.0,10789,1,0,1,Pedestrian
92,717.0,1031.0,811.0,1086.0,10790,1,0,1,Pedestrian
92,717.0,1031.0,811.0,1086.0,10791,1,0,1,Pedestrian
92,717.0,1031.0,811.0,1086.0,10792,1,0,1,Pedestrian
92,717.0,1031.0,811.0,1086.0,10793,1,0,1,Pedestrian
92,717.0,1031.0,811.0,1086.0,10794,1,0,1,Pedestrian
92,717.0,1031.0,811.0,1086.0,10795,1,0,1,Pedestrian
92,717.0,1031.0,811.0,1086.0,10796,1,0,1,Pedestrian
92,717.0,1031.0,811.0,1086.0,10797,1,0,1,Pedestrian
92,717.0,1031.0,811.0,1086.0,10798,1,0,1,Pedestrian
92,717.0,1031.0,811.0,1086.0,10799,1,0,1,Pedestrian
92,717.0,1031.0,811.0,1086.0,10800,1,0,1,Pedestrian
92,717.0,1031.0,811.0,1086.0,10801,1,0,1,Pedestrian
92,717.0,1031.0,811.0,1086.0,10802,1,0,1,Pedestrian
92,717.0,1031.0,811.0,1086.0,10803,1,0,1,Pedestrian
92,717.0,1031.0,811.0,1086.0,10804,1,0,1,Pedestrian
92,717.0,1031.0,811.0,1086.0,10805,1,0,1,Pedestrian
92,717.0,1031.0,811.0,1086.0,10806,1,0,1,Pedestrian
92,717.0,1031.0,811.0,1086.0,10807,1,0,1,Pedestrian
92,717.0,1031.0,811.0,1086.0,10808,1,0,1,Pedestrian
92,717.0,1031.0,811.0,1086.0,10809,1,0,1,Pedestrian
92,717.0,1031.0,811.0,1086.0,10810,1,0,1,Pedestrian
92,717.0,1031.0,811.0,1086.0,10811,1,0,1,Pedestrian
92,717.0,1031.0,811.0,1086.0,10812,1,0,1,Pedestrian
92,717.0,1031.0,811.0,1086.0,10813,1,0,1,Pedestrian
92,717.0,1031.0,811.0,1086.0,10814,1,0,1,Pedestrian
92,717.0,1031.0,811.0,1086.0,10815,1,0,1,Pedestrian
92,717.0,1031.0,811.0,1086.0,10816,1,0,1,Pedestrian
92,717.0,1031.0,811.0,1086.0,10817,1,0,1,Pedestrian
92,717.0,1031.0,811.0,1086.0,10818,1,0,1,Pedestrian
92,717.0,1031.0,811.0,1086.0,10819,1,0,1,Pedestrian
92,717.0,1031.0,811.0,1086.0,10820,1,0,1,Pedestrian
92,717.0,1031.0,811.0,1086.0,10821,1,0,1,Pedestrian
92,717.0,1031.0,811.0,1086.0,10822,1,0,1,Pedestrian
92,717.0,1031.0,811.0,1086.0,10823,1,0,1,Pedestrian
92,717.0,1031.0,811.0,1086.0,10824,1,0,1,Pedestrian
92,717.0,1031.0,811.0,1086.0,10825,1,0,1,Pedestrian
92,717.0,1031.0,811.0,1086.0,10826,1,0,1,Pedestrian
92,717.0,1031.0,811.0,1086.0,10827,1,0,1,Pedestrian
92,717.0,1031.0,811.0,1086.0,10828,1,0,1,Pedestrian
92,717.0,1031.0,811.0,1086.0,10829,1,0,1,Pedestrian
92,717.0,1031.0,811.0,1086.0,10830,1,0,1,Pedestrian
92,717.0,1031.0,811.0,1086.0,10831,1,0,1,Pedestrian
92,717.0,1031.0,811.0,1086.0,10832,1,0,1,Pedestrian
92,717.0,1031.0,811.0,1086.0,10833,1,0,1,Pedestrian
92,717.0,1031.0,811.0,1086.0,10834,1,0,1,Pedestrian
92,717.0,1031.0,811.0,1086.0,10835,1,0,1,Pedestrian
92,717.0,1031.0,811.0,1086.0,10836,1,0,1,Pedestrian
92,717.0,1033.0,811.0,1088.0,10837,0,0,0,Pedestrian
92,717.0,1031.0,811.0,1086.0,10838,0,0,1,Pedestrian
92,717.0,1031.0,811.0,1086.0,10839,0,0,1,Pedestrian
92,717.0,1031.0,811.0,1086.0,10840,0,0,1,Pedestrian
92,717.0,1031.0,811.0,1086.0,10841,0,0,1,Pedestrian
92,717.0,1031.0,811.0,1086.0,10842,0,0,1,Pedestrian
92,717.0,1029.0,811.0,1083.0,10843,0,0,1,Pedestrian
92,720.0,1029.0,814.0,1083.0,10844,0,0,1,Pedestrian
92,720.0,1029.0,814.0,1083.0,10845,0,0,1,Pedestrian
92,720.0,1029.0,814.0,1083.0,10846,0,0,1,Pedestrian
92,720.0,1029.0,814.0,1083.0,10847,0,0,1,Pedestrian
92,720.0,1026.0,814.0,1081.0,10848,0,0,1,Pedestrian
92,720.0,1026.0,814.0,1081.0,10849,0,0,1,Pedestrian
92,723.0,1026.0,816.0,1081.0,10850,0,0,1,Pedestrian
92,723.0,1026.0,816.0,1081.0,10851,0,0,1,Pedestrian
92,723.0,1026.0,816.0,1081.0,10852,0,0,1,Pedestrian
92,723.0,1024.0,816.0,1079.0,10853,0,0,1,Pedestrian
92,723.0,1024.0,816.0,1079.0,10854,0,0,1,Pedestrian
92,723.0,1024.0,816.0,1079.0,10855,0,0,1,Pedestrian
92,723.0,1024.0,816.0,1079.0,10856,0,0,1,Pedestrian
92,726.0,1024.0,819.0,1079.0,10857,0,0,1,Pedestrian
92,726.0,1022.0,819.0,1077.0,10858,0,0,1,Pedestrian
92,726.0,1022.0,819.0,1077.0,10859,0,0,1,Pedestrian
92,726.0,1022.0,819.0,1077.0,10860,0,0,1,Pedestrian
92,726.0,1022.0,819.0,1077.0,10861,0,0,1,Pedestrian
92,726.0,1022.0,819.0,1077.0,10862,0,0,1,Pedestrian
92,728.0,1022.0,822.0,1077.0,10863,0,0,0,Pedestrian
92,728.0,1020.0,822.0,1074.0,10864,0,0,1,Pedestrian
92,728.0,1017.0,822.0,1072.0,10865,0,0,1,Pedestrian
92,728.0,1015.0,822.0,1070.0,10866,0,0,1,Pedestrian
92,731.0,1015.0,825.0,1070.0,10867,0,0,1,Pedestrian
92,731.0,1013.0,825.0,1067.0,10868,0,0,1,Pedestrian
92,731.0,1011.0,825.0,1065.0,10869,0,0,1,Pedestrian
92,731.0,1008.0,825.0,1063.0,10870,0,0,1,Pedestrian
92,734.0,1008.0,827.0,1063.0,10871,0,0,1,Pedestrian
92,734.0,1006.0,827.0,1061.0,10872,0,0,1,Pedestrian
92,734.0,1004.0,827.0,1058.0,10873,0,0,1,Pedestrian
92,734.0,1001.0,827.0,1056.0,10874,0,0,1,Pedestrian
92,737.0,1001.0,830.0,1056.0,10875,0,0,1,Pedestrian
92,737.0,999.0,830.0,1054.0,10876,0,0,1,Pedestrian
92,737.0,997.0,830.0,1052.0,10877,0,0,1,Pedestrian
92,739.0,997.0,833.0,1052.0,10878,0,0,1,Pedestrian
92,739.0,995.0,833.0,1049.0,10879,0,0,1,Pedestrian
92,739.0,992.0,833.0,1047.0,10880,0,0,1,Pedestrian
92,739.0,990.0,833.0,1045.0,10881,0,0,1,Pedestrian
92,742.0,990.0,836.0,1045.0,10882,0,0,1,Pedestrian
92,742.0,988.0,836.0,1042.0,10883,0,0,1,Pedestrian
92,742.0,985.0,836.0,1040.0,10884,0,0,1,Pedestrian
92,742.0,983.0,836.0,1038.0,10885,0,0,1,Pedestrian
92,745.0,983.0,838.0,1038.0,10886,0,0,1,Pedestrian
92,745.0,981.0,838.0,1036.0,10887,0,0,1,Pedestrian
92,745.0,979.0,838.0,1033.0,10888,0,0,1,Pedestrian
92,748.0,979.0,841.0,1033.0,10889,0,0,0,Pedestrian
92,748.0,976.0,841.0,1031.0,10890,0,0,1,Pedestrian
92,748.0,974.0,841.0,1029.0,10891,0,0,1,Pedestrian
92,748.0,972.0,841.0,1026.0,10892,0,0,1,Pedestrian
92,748.0,972.0,841.0,1026.0,10893,0,0,1,Pedestrian
92,748.0,970.0,841.0,1024.0,10894,0,0,1,Pedestrian
92,748.0,967.0,841.0,1022.0,10895,0,0,1,Pedestrian
92,748.0,965.0,841.0,1020.0,10896,0,0,1,Pedestrian
92,748.0,965.0,841.0,1020.0,10897,0,0,1,Pedestrian
92,748.0,963.0,841.0,1017.0,10898,0,0,1,Pedestrian
92,748.0,960.0,841.0,1015.0,10899,0,0,1,Pedestrian
92,748.0,958.0,841.0,1013.0,10900,0,0,1,Pedestrian
92,748.0,958.0,841.0,1013.0,10901,0,0,1,Pedestrian
92,748.0,956.0,841.0,1011.0,10902,0,0,1,Pedestrian
92,748.0,954.0,841.0,1008.0,10903,0,0,1,Pedestrian
92,748.0,954.0,841.0,1008.0,10904,0,0,1,Pedestrian
92,748.0,951.0,841.0,1006.0,10905,0,0,1,Pedestrian
92,748.0,949.0,841.0,1004.0,10906,0,0,1,Pedestrian
92,748.0,947.0,841.0,1001.0,10907,0,0,1,Pedestrian
92,748.0,947.0,841.0,1001.0,10908,0,0,1,Pedestrian
92,748.0,944.0,841.0,999.0,10909,0,0,1,Pedestrian
92,748.0,942.0,841.0,997.0,10910,0,0,1,Pedestrian
92,748.0,940.0,841.0,995.0,10911,0,0,1,Pedestrian
92,748.0,940.0,841.0,995.0,10912,0,0,1,Pedestrian
92,748.0,938.0,841.0,992.0,10913,0,0,1,Pedestrian
92,748.0,935.0,841.0,990.0,10914,0,0,1,Pedestrian
92,748.0,933.0,841.0,988.0,10915,0,0,1,Pedestrian
92,748.0,933.0,841.0,988.0,10916,0,0,1,Pedestrian
92,748.0,931.0,841.0,985.0,10917,0,0,1,Pedestrian
92,748.0,929.0,841.0,983.0,10918,0,0,1,Pedestrian
92,750.0,929.0,844.0,983.0,10919,0,0,0,Pedestrian
92,750.0,926.0,844.0,981.0,10920,0,0,1,Pedestrian
92,750.0,924.0,844.0,979.0,10921,0,0,1,Pedestrian
92,750.0,922.0,844.0,976.0,10922,0,0,1,Pedestrian
92,750.0,922.0,844.0,976.0,10923,0,0,1,Pedestrian
92,750.0,919.0,844.0,974.0,10924,0,0,1,Pedestrian
92,750.0,917.0,844.0,972.0,10925,0,0,1,Pedestrian
92,750.0,915.0,844.0,970.0,10926,0,0,1,Pedestrian
92,753.0,915.0,847.0,970.0,10927,0,0,1,Pedestrian
92,753.0,913.0,847.0,967.0,10928,0,0,1,Pedestrian
92,753.0,910.0,847.0,965.0,10929,0,0,1,Pedestrian
92,753.0,908.0,847.0,963.0,10930,0,0,1,Pedestrian
92,753.0,908.0,847.0,963.0,10931,0,0,1,Pedestrian
92,753.0,906.0,847.0,960.0,10932,0,0,1,Pedestrian
92,753.0,904.0,847.0,958.0,10933,0,0,1,Pedestrian
92,756.0,904.0,849.0,958.0,10934,0,0,1,Pedestrian
92,756.0,901.0,849.0,956.0,10935,0,0,1,Pedestrian
92,756.0,899.0,849.0,954.0,10936,0,0,1,Pedestrian
92,756.0,897.0,849.0,951.0,10937,0,0,1,Pedestrian
92,756.0,897.0,849.0,951.0,10938,0,0,1,Pedestrian
92,756.0,894.0,849.0,949.0,10939,0,0,1,Pedestrian
92,756.0,892.0,849.0,947.0,10940,0,0,1,Pedestrian
92,756.0,890.0,849.0,944.0,10941,0,0,1,Pedestrian
92,759.0,890.0,852.0,944.0,10942,0,0,1,Pedestrian
92,759.0,888.0,852.0,942.0,10943,0,0,1,Pedestrian
92,759.0,885.0,852.0,940.0,10944,0,0,1,Pedestrian
92,759.0,883.0,852.0,938.0,10945,0,0,1,Pedestrian
92,759.0,883.0,852.0,938.0,10946,0,0,1,Pedestrian
92,759.0,881.0,852.0,935.0,10947,0,0,1,Pedestrian
92,759.0,878.0,852.0,933.0,10948,0,0,1,Pedestrian
92,761.0,878.0,855.0,933.0,10949,0,0,0,Pedestrian
92,761.0,876.0,855.0,931.0,10950,0,0,1,Pedestrian
92,761.0,874.0,855.0,929.0,10951,0,0,1,Pedestrian
92,761.0,872.0,855.0,926.0,10952,0,0,1,Pedestrian
92,761.0,869.0,855.0,924.0,10953,0,0,1,Pedestrian
92,761.0,869.0,855.0,924.0,10954,0,0,1,Pedestrian
92,761.0,867.0,855.0,922.0,10955,0,0,1,Pedestrian
92,761.0,865.0,855.0,919.0,10956,0,0,1,Pedestrian
92,761.0,863.0,855.0,917.0,10957,0,0,1,Pedestrian
92,761.0,860.0,855.0,915.0,10958,0,0,1,Pedestrian
92,761.0,860.0,858.0,915.0,10959,0,0,1,Pedestrian
92,761.0,858.0,858.0,913.0,10960,0,0,1,Pedestrian
92,761.0,856.0,858.0,910.0,10961,0,0,1,Pedestrian
92,761.0,853.0,858.0,908.0,10962,0,0,1,Pedestrian
92,761.0,851.0,858.0,906.0,10963,0,0,1,Pedestrian
92,764.0,851.0,858.0,906.0,10964,0,0,1,Pedestrian
92,764.0,849.0,858.0,904.0,10965,0,0,1,Pedestrian
92,764.0,847.0,858.0,901.0,10966,0,0,1,Pedestrian
92,764.0,844.0,858.0,899.0,10967,0,0,1,Pedestrian
92,764.0,842.0,858.0,897.0,10968,0,0,1,Pedestrian
92,764.0,842.0,860.0,897.0,10969,0,0,1,Pedestrian
92,764.0,840.0,860.0,894.0,10970,0,0,1,Pedestrian
92,764.0,837.0,860.0,892.0,10971,0,0,1,Pedestrian
92,764.0,835.0,860.0,890.0,10972,0,0,1,Pedestrian
92,764.0,833.0,860.0,888.0,10973,0,0,1,Pedestrian
92,764.0,833.0,860.0,888.0,10974,0,0,1,Pedestrian
92,764.0,831.0,860.0,885.0,10975,0,0,1,Pedestrian
92,764.0,828.0,860.0,883.0,10976,0,0,1,Pedestrian
92,764.0,826.0,860.0,881.0,10977,0,0,1,Pedestrian
92,764.0,824.0,860.0,878.0,10978,0,0,1,Pedestrian
92,767.0,824.0,863.0,878.0,10979,0,0,0,Pedestrian
92,767.0,822.0,863.0,876.0,10980,0,0,1,Pedestrian
92,767.0,819.0,863.0,874.0,10981,0,0,1,Pedestrian
92,767.0,819.0,863.0,874.0,10982,0,0,1,Pedestrian
92,767.0,817.0,863.0,872.0,10983,0,0,1,Pedestrian
92,767.0,817.0,863.0,872.0,10984,0,0,1,Pedestrian
92,767.0,815.0,863.0,869.0,10985,0,0,1,Pedestrian
92,767.0,815.0,863.0,869.0,10986,0,0,1,Pedestrian
92,767.0,812.0,863.0,867.0,10987,0,0,1,Pedestrian
92,767.0,810.0,863.0,865.0,10988,0,0,1,Pedestrian
92,767.0,810.0,863.0,865.0,10989,0,0,1,Pedestrian
92,767.0,808.0,863.0,863.0,10990,0,0,1,Pedestrian
92,767.0,808.0,863.0,863.0,10991,0,0,1,Pedestrian
92,767.0,806.0,863.0,860.0,10992,0,0,1,Pedestrian
92,767.0,806.0,863.0,860.0,10993,0,0,1,Pedestrian
92,767.0,803.0,863.0,858.0,10994,0,0,1,Pedestrian
92,767.0,801.0,863.0,856.0,10995,0,0,1,Pedestrian
92,767.0,801.0,863.0,856.0,10996,0,0,1,Pedestrian
92,767.0,799.0,863.0,853.0,10997,0,0,1,Pedestrian
92,767.0,799.0,863.0,853.0,10998,0,0,1,Pedestrian
92,767.0,796.0,863.0,851.0,10999,0,0,1,Pedestrian
92,767.0,796.0,863.0,851.0,11000,0,0,0,Pedestrian
92,767.0,794.0,863.0,849.0,11001,0,0,1,Pedestrian
92,767.0,792.0,863.0,847.0,11002,0,0,1,Pedestrian
92,767.0,790.0,863.0,847.0,11003,0,0,1,Pedestrian
92,767.0,790.0,863.0,844.0,11004,0,0,1,Pedestrian
92,770.0,787.0,866.0,844.0,11005,0,0,1,Pedestrian
92,770.0,785.0,866.0,842.0,11006,0,0,1,Pedestrian
92,770.0,785.0,866.0,842.0,11007,0,0,1,Pedestrian
92,770.0,783.0,866.0,840.0,11008,0,0,1,Pedestrian
92,772.0,781.0,866.0,840.0,11009,0,0,1,Pedestrian
92,772.0,778.0,869.0,837.0,11010,0,0,1,Pedestrian
92,772.0,778.0,869.0,835.0,11011,0,0,1,Pedestrian
92,772.0,776.0,869.0,835.0,11012,0,0,1,Pedestrian
92,772.0,774.0,869.0,833.0,11013,0,0,1,Pedestrian
92,775.0,774.0,869.0,833.0,11014,0,0,1,Pedestrian
92,775.0,771.0,871.0,831.0,11015,0,0,1,Pedestrian
92,775.0,769.0,871.0,831.0,11016,0,0,1,Pedestrian
92,775.0,767.0,871.0,828.0,11017,0,0,1,Pedestrian
92,778.0,767.0,871.0,828.0,11018,0,0,1,Pedestrian
92,778.0,765.0,871.0,826.0,11019,0,0,1,Pedestrian
92,778.0,762.0,874.0,824.0,11020,0,0,1,Pedestrian
92,778.0,762.0,874.0,824.0,11021,0,0,1,Pedestrian
92,778.0,760.0,874.0,822.0,11022,0,0,1,Pedestrian
92,781.0,758.0,874.0,822.0,11023,0,0,1,Pedestrian
92,781.0,755.0,874.0,819.0,11024,0,0,1,Pedestrian
92,781.0,755.0,877.0,819.0,11025,0,0,1,Pedestrian
92,781.0,753.0,877.0,817.0,11026,0,0,1,Pedestrian
92,783.0,751.0,877.0,817.0,11027,0,0,1,Pedestrian
92,783.0,751.0,877.0,815.0,11028,0,0,1,Pedestrian
92,783.0,749.0,877.0,812.0,11029,0,0,1,Pedestrian
92,783.0,746.0,880.0,812.0,11030,0,0,1,Pedestrian
92,783.0,744.0,880.0,810.0,11031,0,0,1,Pedestrian
92,786.0,744.0,880.0,810.0,11032,0,0,1,Pedestrian
92,786.0,742.0,880.0,808.0,11033,0,0,1,Pedestrian
92,786.0,740.0,882.0,808.0,11034,0,0,1,Pedestrian
92,786.0,740.0,882.0,806.0,11035,0,0,1,Pedestrian
92,789.0,737.0,882.0,806.0,11036,0,0,1,Pedestrian
92,789.0,735.0,882.0,803.0,11037,0,0,1,Pedestrian
92,789.0,733.0,882.0,801.0,11038,0,0,1,Pedestrian
92,789.0,733.0,885.0,801.0,11039,0,0,1,Pedestrian
92,789.0,730.0,885.0,799.0,11040,0,0,1,Pedestrian
92,792.0,728.0,885.0,799.0,11041,0,0,1,Pedestrian
92,792.0,728.0,885.0,796.0,11042,0,0,1,Pedestrian
92,792.0,726.0,885.0,796.0,11043,0,0,1,Pedestrian
92,792.0,724.0,888.0,794.0,11044,0,0,1,Pedestrian
92,794.0,721.0,888.0,794.0,11045,0,0,1,Pedestrian
92,794.0,721.0,888.0,792.0,11046,0,0,1,Pedestrian
92,794.0,719.0,888.0,792.0,11047,0,0,1,Pedestrian
92,794.0,717.0,888.0,790.0,11048,0,0,1,Pedestrian
92,794.0,717.0,891.0,787.0,11049,0,0,1,Pedestrian
92,797.0,715.0,891.0,787.0,11050,0,0,1,Pedestrian
92,797.0,712.0,891.0,785.0,11051,0,0,1,Pedestrian
92,797.0,710.0,891.0,785.0,11052,0,0,1,Pedestrian
92,797.0,710.0,891.0,783.0,11053,0,0,1,Pedestrian
92,800.0,708.0,893.0,783.0,11054,0,0,1,Pedestrian
92,800.0,705.0,893.0,781.0,11055,0,0,1,Pedestrian
92,800.0,705.0,893.0,781.0,11056,0,0,1,Pedestrian
92,800.0,703.0,893.0,778.0,11057,0,0,1,Pedestrian
92,800.0,701.0,893.0,776.0,11058,0,0,1,Pedestrian
92,803.0,701.0,896.0,776.0,11059,0,0,1,Pedestrian
92,803.0,699.0,896.0,774.0,11060,0,0,1,Pedestrian
92,803.0,696.0,896.0,774.0,11061,0,0,1,Pedestrian
92,803.0,694.0,896.0,771.0,11062,0,0,1,Pedestrian
92,805.0,694.0,896.0,771.0,11063,0,0,1,Pedestrian
92,805.0,692.0,899.0,769.0,11064,0,0,1,Pedestrian
92,805.0,689.0,899.0,769.0,11065,0,0,1,Pedestrian
92,805.0,689.0,899.0,767.0,11066,0,0,1,Pedestrian
92,805.0,687.0,899.0,765.0,11067,0,0,1,Pedestrian
92,808.0,685.0,902.0,765.0,11068,0,0,1,Pedestrian
92,808.0,683.0,902.0,762.0,11069,0,0,1,Pedestrian
92,808.0,683.0,902.0,762.0,11070,0,0,1,Pedestrian
92,808.0,680.0,902.0,760.0,11071,0,0,1,Pedestrian
92,811.0,678.0,902.0,760.0,11072,0,0,1,Pedestrian
92,811.0,678.0,904.0,758.0,11073,0,0,1,Pedestrian
92,811.0,676.0,904.0,758.0,11074,0,0,1,Pedestrian
92,811.0,674.0,904.0,755.0,11075,0,0,1,Pedestrian
92,811.0,671.0,904.0,753.0,11076,0,0,1,Pedestrian
92,814.0,671.0,904.0,753.0,11077,0,0,1,Pedestrian
92,814.0,669.0,907.0,751.0,11078,0,0,1,Pedestrian
92,814.0,667.0,907.0,751.0,11079,0,0,1,Pedestrian
92,814.0,667.0,907.0,749.0,11080,0,0,1,Pedestrian
92,816.0,664.0,907.0,749.0,11081,0,0,1,Pedestrian
92,816.0,662.0,907.0,746.0,11082,0,0,1,Pedestrian
92,816.0,660.0,910.0,746.0,11083,0,0,1,Pedestrian
92,816.0,660.0,910.0,744.0,11084,0,0,1,Pedestrian
92,819.0,658.0,910.0,744.0,11085,0,0,1,Pedestrian
92,819.0,655.0,910.0,742.0,11086,0,0,1,Pedestrian
92,819.0,655.0,910.0,740.0,11087,0,0,1,Pedestrian
92,819.0,653.0,913.0,740.0,11088,0,0,1,Pedestrian
92,819.0,651.0,913.0,737.0,11089,0,0,1,Pedestrian
92,822.0,648.0,913.0,737.0,11090,0,0,1,Pedestrian
92,822.0,648.0,913.0,735.0,11091,0,0,1,Pedestrian
92,822.0,646.0,913.0,735.0,11092,0,0,1,Pedestrian
92,822.0,644.0,915.0,733.0,11093,0,0,1,Pedestrian
92,825.0,644.0,915.0,733.0,11094,0,0,1,Pedestrian
92,825.0,642.0,915.0,730.0,11095,0,0,1,Pedestrian
92,825.0,639.0,915.0,728.0,11096,0,0,1,Pedestrian
92,825.0,637.0,915.0,728.0,11097,0,0,1,Pedestrian
92,825.0,637.0,918.0,726.0,11098,0,0,1,Pedestrian
92,827.0,635.0,918.0,726.0,11099,0,0,1,Pedestrian
92,827.0,633.0,918.0,724.0,11100,0,0,1,Pedestrian
92,827.0,633.0,918.0,724.0,11101,0,0,1,Pedestrian
92,827.0,630.0,921.0,721.0,11102,0,0,1,Pedestrian
92,830.0,628.0,921.0,721.0,11103,0,0,1,Pedestrian
92,830.0,626.0,921.0,719.0,11104,0,0,1,Pedestrian
92,830.0,626.0,921.0,717.0,11105,0,0,1,Pedestrian
92,830.0,623.0,921.0,717.0,11106,0,0,1,Pedestrian
92,830.0,621.0,924.0,715.0,11107,0,0,1,Pedestrian
92,833.0,621.0,924.0,715.0,11108,0,0,1,Pedestrian
92,833.0,619.0,924.0,712.0,11109,0,0,1,Pedestrian
92,833.0,617.0,924.0,712.0,11110,0,0,1,Pedestrian
92,833.0,614.0,924.0,710.0,11111,0,0,1,Pedestrian
92,836.0,614.0,926.0,710.0,11112,0,0,1,Pedestrian
92,836.0,612.0,926.0,708.0,11113,0,0,1,Pedestrian
92,836.0,610.0,926.0,705.0,11114,0,0,1,Pedestrian
92,836.0,610.0,926.0,705.0,11115,0,0,1,Pedestrian
92,836.0,607.0,926.0,703.0,11116,0,0,1,Pedestrian
92,838.0,605.0,929.0,703.0,11117,0,0,1,Pedestrian
92,838.0,605.0,929.0,701.0,11118,0,0,1,Pedestrian
92,838.0,603.0,929.0,701.0,11119,0,0,1,Pedestrian
92,838.0,601.0,929.0,699.0,11120,0,0,1,Pedestrian
92,841.0,598.0,929.0,699.0,11121,0,0,1,Pedestrian
92,841.0,598.0,932.0,696.0,11122,0,0,1,Pedestrian
92,841.0,596.0,932.0,694.0,11123,0,0,1,Pedestrian
92,841.0,594.0,932.0,694.0,11124,0,0,1,Pedestrian
92,841.0,594.0,932.0,692.0,11125,0,0,1,Pedestrian
92,844.0,592.0,932.0,692.0,11126,0,0,1,Pedestrian
92,844.0,589.0,935.0,689.0,11127,0,0,1,Pedestrian
92,844.0,587.0,935.0,689.0,11128,0,0,1,Pedestrian
92,844.0,587.0,935.0,687.0,11129,0,0,1,Pedestrian
92,847.0,585.0,935.0,687.0,11130,0,0,1,Pedestrian
92,847.0,582.0,935.0,685.0,11131,0,0,1,Pedestrian
92,847.0,582.0,937.0,685.0,11132,0,0,1,Pedestrian
92,847.0,580.0,937.0,683.0,11133,0,0,1,Pedestrian
92,847.0,578.0,937.0,680.0,11134,0,0,1,Pedestrian
92,849.0,576.0,937.0,680.0,11135,0,0,1,Pedestrian
92,849.0,576.0,940.0,678.0,11136,0,0,1,Pedestrian
92,849.0,573.0,940.0,678.0,11137,0,0,1,Pedestrian
92,849.0,571.0,940.0,676.0,11138,0,0,1,Pedestrian
92,852.0,571.0,940.0,676.0,11139,0,0,1,Pedestrian
92,852.0,569.0,940.0,674.0,11140,0,0,1,Pedestrian
92,852.0,566.0,943.0,674.0,11141,0,0,1,Pedestrian
92,852.0,564.0,943.0,671.0,11142,0,0,1,Pedestrian
92,852.0,564.0,943.0,669.0,11143,0,0,1,Pedestrian
92,855.0,562.0,943.0,669.0,11144,0,0,1,Pedestrian
92,855.0,560.0,943.0,667.0,11145,0,0,1,Pedestrian
92,855.0,560.0,946.0,667.0,11146,0,0,1,Pedestrian
92,855.0,557.0,946.0,664.0,11147,0,0,1,Pedestrian
92,858.0,555.0,946.0,664.0,11148,0,0,1,Pedestrian
92,858.0,553.0,946.0,662.0,11149,0,0,1,Pedestrian
92,858.0,553.0,946.0,662.0,11150,0,0,1,Pedestrian
92,858.0,551.0,948.0,660.0,11151,0,0,1,Pedestrian
92,858.0,548.0,948.0,658.0,11152,0,0,1,Pedestrian
92,860.0,548.0,948.0,658.0,11153,0,0,1,Pedestrian
92,860.0,546.0,948.0,655.0,11154,0,0,1,Pedestrian
92,860.0,544.0,948.0,655.0,11155,0,0,1,Pedestrian
92,860.0,541.0,951.0,653.0,11156,0,0,1,Pedestrian
92,863.0,541.0,951.0,653.0,11157,0,0,1,Pedestrian
92,863.0,539.0,951.0,651.0,11158,0,0,1,Pedestrian
92,863.0,537.0,951.0,651.0,11159,0,0,1,Pedestrian
92,863.0,537.0,951.0,648.0,11160,0,0,1,Pedestrian
92,863.0,535.0,954.0,646.0,11161,0,0,1,Pedestrian
92,866.0,532.0,954.0,646.0,11162,0,0,1,Pedestrian
92,866.0,530.0,954.0,644.0,11163,0,0,1,Pedestrian
92,866.0,530.0,954.0,644.0,11164,0,0,1,Pedestrian
92,866.0,528.0,954.0,642.0,11165,0,0,1,Pedestrian
92,869.0,526.0,957.0,642.0,11166,0,0,1,Pedestrian
92,869.0,526.0,957.0,639.0,11167,0,0,1,Pedestrian
92,869.0,523.0,957.0,639.0,11168,0,0,1,Pedestrian
92,869.0,521.0,957.0,637.0,11169,0,0,1,Pedestrian
92,871.0,521.0,959.0,637.0,11170,0,0,0,Pedestrian
92,871.0,519.0,959.0,635.0,11171,0,0,1,Pedestrian
92,871.0,516.0,959.0,633.0,11172,0,0,1,Pedestrian
92,871.0,514.0,959.0,630.0,11173,0,0,1,Pedestrian
92,871.0,512.0,959.0,628.0,11174,0,0,1,Pedestrian
92,871.0,512.0,959.0,628.0,11175,0,0,1,Pedestrian
92,871.0,510.0,959.0,626.0,11176,0,0,1,Pedestrian
92,871.0,507.0,959.0,623.0,11177,0,0,1,Pedestrian
92,874.0,505.0,962.0,621.0,11178,0,0,1,Pedestrian
92,874.0,505.0,962.0,621.0,11179,0,0,1,Pedestrian
92,874.0,503.0,962.0,619.0,11180,0,0,1,Pedestrian
92,874.0,500.0,962.0,617.0,11181,0,0,1,Pedestrian
92,874.0,498.0,962.0,614.0,11182,0,0,1,Pedestrian
92,874.0,498.0,962.0,614.0,11183,0,0,1,Pedestrian
92,874.0,496.0,962.0,612.0,11184,0,0,1,Pedestrian
92,877.0,494.0,965.0,610.0,11185,0,0,1,Pedestrian
92,877.0,491.0,965.0,607.0,11186,0,0,1,Pedestrian
92,877.0,489.0,965.0,605.0,11187,0,0,1,Pedestrian
92,877.0,489.0,965.0,605.0,11188,0,0,1,Pedestrian
92,877.0,487.0,965.0,603.0,11189,0,0,1,Pedestrian
92,877.0,485.0,965.0,601.0,11190,0,0,1,Pedestrian
92,877.0,482.0,965.0,598.0,11191,0,0,1,Pedestrian
92,877.0,482.0,965.0,598.0,11192,0,0,1,Pedestrian
92,880.0,480.0,968.0,596.0,11193,0,0,1,Pedestrian
92,880.0,478.0,968.0,594.0,11194,0,0,1,Pedestrian
92,880.0,475.0,968.0,592.0,11195,0,0,1,Pedestrian
92,880.0,475.0,968.0,592.0,11196,0,0,1,Pedestrian
92,880.0,473.0,968.0,589.0,11197,0,0,1,Pedestrian
92,880.0,471.0,968.0,587.0,11198,0,0,1,Pedestrian
92,880.0,469.0,968.0,585.0,11199,0,0,1,Pedestrian
92,882.0,469.0,970.0,585.0,11200,0,0,1,Pedestrian
92,882.0,466.0,970.0,582.0,11201,0,0,1,Pedestrian
92,882.0,464.0,970.0,580.0,11202,0,0,1,Pedestrian
92,882.0,462.0,970.0,578.0,11203,0,0,1,Pedestrian
92,882.0,459.0,970.0,576.0,11204,0,0,1,Pedestrian
92,882.0,459.0,970.0,576.0,11205,0,0,1,Pedestrian
92,882.0,457.0,970.0,573.0,11206,0,0,1,Pedestrian
92,882.0,455.0,970.0,571.0,11207,0,0,1,Pedestrian
92,885.0,453.0,973.0,569.0,11208,0,0,1,Pedestrian
92,885.0,453.0,973.0,569.0,11209,0,0,1,Pedestrian
92,885.0,450.0,973.0,566.0,11210,0,0,1,Pedestrian
92,885.0,448.0,973.0,564.0,11211,0,0,1,Pedestrian
92,885.0,446.0,973.0,562.0,11212,0,0,1,Pedestrian
92,885.0,446.0,973.0,562.0,11213,0,0,1,Pedestrian
92,885.0,444.0,973.0,560.0,11214,0,0,1,Pedestrian
92,888.0,441.0,976.0,557.0,11215,0,0,1,Pedestrian
92,888.0,439.0,976.0,555.0,11216,0,0,1,Pedestrian
92,888.0,437.0,976.0,553.0,11217,0,0,1,Pedestrian
92,888.0,437.0,976.0,553.0,11218,0,0,1,Pedestrian
92,888.0,434.0,976.0,551.0,11219,0,0,1,Pedestrian
92,888.0,432.0,976.0,548.0,11220,0,0,1,Pedestrian
92,888.0,430.0,976.0,546.0,11221,0,0,1,Pedestrian
92,888.0,430.0,976.0,546.0,11222,0,0,1,Pedestrian
92,891.0,428.0,979.0,544.0,11223,0,0,1,Pedestrian
92,891.0,425.0,979.0,541.0,11224,0,0,1,Pedestrian
92,891.0,423.0,979.0,539.0,11225,0,0,1,Pedestrian
92,891.0,423.0,979.0,539.0,11226,0,0,1,Pedestrian
92,891.0,421.0,979.0,537.0,11227,0,0,1,Pedestrian
92,891.0,418.0,979.0,535.0,11228,0,0,1,Pedestrian
92,891.0,416.0,979.0,532.0,11229,0,0,1,Pedestrian
92,893.0,416.0,981.0,532.0,11230,0,0,0,Pedestrian
92,893.0,414.0,981.0,530.0,11231,0,0,1,Pedestrian
92,893.0,412.0,981.0,528.0,11232,0,0,1,Pedestrian
92,893.0,409.0,981.0,526.0,11233,0,0,1,Pedestrian
92,893.0,409.0,981.0,526.0,11234,0,0,1,Pedestrian
92,896.0,407.0,984.0,523.0,11235,0,0,1,Pedestrian
92,896.0,405.0,984.0,521.0,11236,0,0,1,Pedestrian
92,896.0,405.0,984.0,521.0,11237,0,0,1,Pedestrian
92,896.0,403.0,984.0,519.0,11238,0,0,1,Pedestrian
92,896.0,400.0,984.0,516.0,11239,0,0,1,Pedestrian
92,899.0,400.0,987.0,516.0,11240,0,0,1,Pedestrian
92,899.0,398.0,987.0,514.0,11241,0,0,1,Pedestrian
92,899.0,396.0,987.0,512.0,11242,0,0,1,Pedestrian
92,899.0,396.0,987.0,512.0,11243,0,0,1,Pedestrian
92,902.0,393.0,990.0,510.0,11244,0,0,1,Pedestrian
92,902.0,391.0,990.0,507.0,11245,0,0,1,Pedestrian
92,902.0,391.0,990.0,507.0,11246,0,0,1,Pedestrian
92,902.0,389.0,990.0,505.0,11247,0,0,1,Pedestrian
92,902.0,387.0,990.0,503.0,11248,0,0,1,Pedestrian
92,904.0,384.0,992.0,500.0,11249,0,0,1,Pedestrian
92,904.0,384.0,992.0,500.0,11250,0,0,1,Pedestrian
92,904.0,382.0,992.0,498.0,11251,0,0,1,Pedestrian
92,904.0,380.0,992.0,496.0,11252,0,0,1,Pedestrian
92,907.0,380.0,995.0,496.0,11253,0,0,1,Pedestrian
92,907.0,377.0,995.0,494.0,11254,0,0,1,Pedestrian
92,907.0,375.0,995.0,491.0,11255,0,0,1,Pedestrian
92,907.0,375.0,995.0,491.0,11256,0,0,1,Pedestrian
92,907.0,373.0,995.0,489.0,11257,0,0,1,Pedestrian
92,910.0,371.0,998.0,487.0,11258,0,0,1,Pedestrian
92,910.0,371.0,998.0,487.0,11259,0,0,1,Pedestrian
92,910.0,368.0,998.0,485.0,11260,0,0,1,Pedestrian
92,910.0,366.0,998.0,482.0,11261,0,0,1,Pedestrian
92,913.0,366.0,1001.0,482.0,11262,0,0,1,Pedestrian
92,913.0,364.0,1001.0,480.0,11263,0,0,1,Pedestrian
92,913.0,362.0,1001.0,478.0,11264,0,0,1,Pedestrian
92,913.0,362.0,1001.0,478.0,11265,0,0,1,Pedestrian
92,913.0,359.0,1001.0,475.0,11266,0,0,1,Pedestrian
92,915.0,357.0,1003.0,473.0,11267,0,0,1,Pedestrian
92,915.0,355.0,1003.0,471.0,11268,0,0,1,Pedestrian
92,915.0,355.0,1003.0,471.0,11269,0,0,1,Pedestrian
92,915.0,352.0,1003.0,469.0,11270,0,0,1,Pedestrian
92,918.0,350.0,1006.0,466.0,11271,0,0,1,Pedestrian
92,918.0,350.0,1006.0,466.0,11272,0,0,1,Pedestrian
92,918.0,348.0,1006.0,464.0,11273,0,0,1,Pedestrian
92,918.0,346.0,1006.0,462.0,11274,0,0,1,Pedestrian
92,918.0,346.0,1006.0,462.0,11275,0,0,1,Pedestrian
92,921.0,343.0,1009.0,459.0,11276,0,0,1,Pedestrian
92,921.0,341.0,1009.0,457.0,11277,0,0,1,Pedestrian
92,921.0,341.0,1009.0,457.0,11278,0,0,1,Pedestrian
92,921.0,339.0,1009.0,455.0,11279,0,0,1,Pedestrian
92,924.0,337.0,1012.0,453.0,11280,0,0,1,Pedestrian
92,924.0,337.0,1012.0,453.0,11281,0,0,1,Pedestrian
92,924.0,334.0,1012.0,450.0,11282,0,0,1,Pedestrian
92,924.0,332.0,1012.0,448.0,11283,0,0,1,Pedestrian
92,924.0,330.0,1012.0,446.0,11284,0,0,1,Pedestrian
92,926.0,330.0,1014.0,446.0,11285,0,0,1,Pedestrian
92,926.0,327.0,1014.0,444.0,11286,0,0,1,Pedestrian
92,926.0,325.0,1014.0,441.0,11287,0,0,1,Pedestrian
92,926.0,325.0,1014.0,441.0,11288,0,0,1,Pedestrian
92,929.0,323.0,1017.0,439.0,11289,0,0,1,Pedestrian
92,929.0,321.0,1017.0,437.0,11290,0,0,1,Pedestrian
92,929.0,321.0,1017.0,437.0,11291,0,0,1,Pedestrian
92,929.0,318.0,1017.0,434.0,11292,0,0,1,Pedestrian
92,929.0,316.0,1017.0,432.0,11293,0,0,1,Pedestrian
92,932.0,316.0,1020.0,432.0,11294,0,0,1,Pedestrian
92,932.0,314.0,1020.0,430.0,11295,0,0,1,Pedestrian
92,932.0,311.0,1020.0,428.0,11296,0,0,1,Pedestrian
92,932.0,311.0,1020.0,428.0,11297,0,0,1,Pedestrian
92,935.0,309.0,1023.0,425.0,11298,0,0,1,Pedestrian
92,935.0,307.0,1023.0,423.0,11299,0,0,1,Pedestrian
92,935.0,307.0,1023.0,423.0,11300,0,0,1,Pedestrian
92,935.0,305.0,1023.0,421.0,11301,0,0,1,Pedestrian
92,935.0,302.0,1023.0,418.0,11302,0,0,1,Pedestrian
92,937.0,300.0,1025.0,416.0,11303,0,0,1,Pedestrian
92,937.0,300.0,1025.0,416.0,11304,0,0,1,Pedestrian
92,937.0,298.0,1025.0,414.0,11305,0,0,1,Pedestrian
92,937.0,296.0,1025.0,412.0,11306,0,0,1,Pedestrian
92,940.0,296.0,1028.0,412.0,11307,0,0,1,Pedestrian
92,940.0,293.0,1028.0,409.0,11308,0,0,1,Pedestrian
92,940.0,291.0,1028.0,407.0,11309,0,0,1,Pedestrian
92,940.0,291.0,1028.0,407.0,11310,0,0,1,Pedestrian
92,940.0,289.0,1028.0,405.0,11311,0,0,1,Pedestrian
92,943.0,286.0,1031.0,403.0,11312,0,0,1,Pedestrian
92,943.0,286.0,1031.0,403.0,11313,0,0,1,Pedestrian
92,943.0,284.0,1031.0,400.0,11314,0,0,1,Pedestrian
92,943.0,282.0,1031.0,398.0,11315,0,0,1,Pedestrian
92,946.0,282.0,1034.0,398.0,11316,0,0,1,Pedestrian
92,946.0,280.0,1034.0,396.0,11317,0,0,1,Pedestrian
92,946.0,277.0,1034.0,393.0,11318,0,0,1,Pedestrian
92,946.0,275.0,1034.0,391.0,11319,0,0,1,Pedestrian
92,946.0,275.0,1034.0,391.0,11320,0,0,1,Pedestrian
92,948.0,273.0,1036.0,389.0,11321,0,0,1,Pedestrian
92,948.0,270.0,1036.0,387.0,11322,0,0,1,Pedestrian
92,948.0,270.0,1036.0,387.0,11323,0,0,1,Pedestrian
92,948.0,268.0,1036.0,384.0,11324,0,0,1,Pedestrian
92,951.0,266.0,1039.0,382.0,11325,0,0,1,Pedestrian
92,951.0,266.0,1039.0,382.0,11326,0,0,1,Pedestrian
92,951.0,264.0,1039.0,380.0,11327,0,0,1,Pedestrian
92,951.0,261.0,1039.0,377.0,11328,0,0,1,Pedestrian
92,951.0,261.0,1039.0,377.0,11329,0,0,1,Pedestrian
92,954.0,259.0,1042.0,375.0,11330,0,0,1,Pedestrian
92,954.0,257.0,1042.0,373.0,11331,0,0,1,Pedestrian
92,954.0,257.0,1042.0,373.0,11332,0,0,1,Pedestrian
92,954.0,255.0,1042.0,371.0,11333,0,0,1,Pedestrian
92,957.0,252.0,1045.0,368.0,11334,0,0,1,Pedestrian
92,957.0,252.0,1045.0,368.0,11335,0,0,1,Pedestrian
92,957.0,250.0,1045.0,366.0,11336,0,0,1,Pedestrian
92,957.0,248.0,1045.0,364.0,11337,0,0,1,Pedestrian
92,957.0,245.0,1045.0,362.0,11338,0,0,1,Pedestrian
92,959.0,245.0,1047.0,362.0,11339,0,0,1,Pedestrian
92,959.0,243.0,1047.0,359.0,11340,0,0,1,Pedestrian
92,959.0,241.0,1047.0,357.0,11341,0,0,1,Pedestrian
92,959.0,241.0,1047.0,357.0,11342,0,0,1,Pedestrian
92,962.0,239.0,1050.0,355.0,11343,0,0,1,Pedestrian
92,962.0,236.0,1050.0,352.0,11344,0,0,1,Pedestrian
92,962.0,236.0,1050.0,352.0,11345,0,0,1,Pedestrian
92,962.0,234.0,1050.0,350.0,11346,0,0,1,Pedestrian
92,962.0,232.0,1050.0,348.0,11347,0,0,1,Pedestrian
92,965.0,232.0,1053.0,348.0,11348,0,0,1,Pedestrian
92,965.0,229.0,1053.0,346.0,11349,0,0,1,Pedestrian
92,965.0,227.0,1053.0,343.0,11350,0,0,1,Pedestrian
92,965.0,227.0,1053.0,343.0,11351,0,0,1,Pedestrian
92,968.0,225.0,1056.0,341.0,11352,0,0,1,Pedestrian
92,968.0,223.0,1056.0,339.0,11353,0,0,1,Pedestrian
92,968.0,220.0,1056.0,337.0,11354,0,0,1,Pedestrian
92,968.0,220.0,1056.0,337.0,11355,0,0,1,Pedestrian
92,968.0,218.0,1056.0,334.0,11356,0,0,1,Pedestrian
92,970.0,216.0,1058.0,332.0,11357,0,0,1,Pedestrian
92,970.0,216.0,1058.0,332.0,11358,0,0,1,Pedestrian
92,970.0,214.0,1058.0,330.0,11359,0,0,1,Pedestrian
92,970.0,211.0,1058.0,327.0,11360,0,0,1,Pedestrian
92,973.0,211.0,1061.0,327.0,11361,0,0,1,Pedestrian
92,973.0,209.0,1061.0,325.0,11362,0,0,1,Pedestrian
92,973.0,207.0,1061.0,323.0,11363,0,0,1,Pedestrian
92,973.0,207.0,1061.0,323.0,11364,0,0,1,Pedestrian
92,973.0,204.0,1061.0,321.0,11365,0,0,1,Pedestrian
92,976.0,202.0,1064.0,318.0,11366,0,0,1,Pedestrian
92,976.0,202.0,1064.0,318.0,11367,0,0,1,Pedestrian
92,976.0,200.0,1064.0,316.0,11368,0,0,1,Pedestrian
92,976.0,198.0,1064.0,314.0,11369,0,0,1,Pedestrian
92,979.0,198.0,1067.0,314.0,11370,0,0,0,Pedestrian
92,979.0,195.0,1067.0,311.0,11371,0,0,1,Pedestrian
92,979.0,193.0,1067.0,309.0,11372,0,0,1,Pedestrian
92,979.0,191.0,1067.0,307.0,11373,0,0,1,Pedestrian
92,979.0,188.0,1067.0,305.0,11374,0,0,1,Pedestrian
92,981.0,186.0,1069.0,302.0,11375,0,0,1,Pedestrian
92,981.0,184.0,1069.0,300.0,11376,0,0,1,Pedestrian
92,981.0,182.0,1069.0,298.0,11377,0,0,1,Pedestrian
92,981.0,182.0,1069.0,298.0,11378,0,0,1,Pedestrian
92,981.0,179.0,1069.0,296.0,11379,0,0,1,Pedestrian
92,984.0,177.0,1072.0,293.0,11380,0,0,1,Pedestrian
92,984.0,175.0,1072.0,291.0,11381,0,0,1,Pedestrian
92,984.0,173.0,1072.0,289.0,11382,0,0,1,Pedestrian
92,984.0,170.0,1072.0,286.0,11383,0,0,1,Pedestrian
92,987.0,168.0,1075.0,284.0,11384,0,0,1,Pedestrian
92,987.0,168.0,1075.0,284.0,11385,0,0,1,Pedestrian
92,987.0,166.0,1075.0,282.0,11386,0,0,1,Pedestrian
92,987.0,163.0,1075.0,280.0,11387,0,0,1,Pedestrian
92,987.0,161.0,1075.0,277.0,11388,0,0,1,Pedestrian
92,990.0,159.0,1078.0,275.0,11389,0,0,1,Pedestrian
92,990.0,157.0,1078.0,273.0,11390,0,0,1,Pedestrian
92,990.0,154.0,1078.0,270.0,11391,0,0,1,Pedestrian
92,990.0,154.0,1078.0,270.0,11392,0,0,1,Pedestrian
92,992.0,152.0,1080.0,268.0,11393,0,0,1,Pedestrian
92,992.0,150.0,1080.0,266.0,11394,0,0,1,Pedestrian
92,992.0,148.0,1080.0,264.0,11395,0,0,1,Pedestrian
92,992.0,145.0,1080.0,261.0,11396,0,0,1,Pedestrian
92,992.0,143.0,1080.0,259.0,11397,0,0,1,Pedestrian
92,995.0,141.0,1083.0,257.0,11398,0,0,1,Pedestrian
92,995.0,141.0,1083.0,257.0,11399,0,0,1,Pedestrian
92,995.0,138.0,1083.0,255.0,11400,0,0,1,Pedestrian
92,995.0,136.0,1083.0,252.0,11401,0,0,1,Pedestrian
92,998.0,134.0,1086.0,250.0,11402,0,0,1,Pedestrian
92,998.0,132.0,1086.0,248.0,11403,0,0,1,Pedestrian
92,998.0,129.0,1086.0,245.0,11404,0,0,1,Pedestrian
92,998.0,127.0,1086.0,243.0,11405,0,0,1,Pedestrian
92,998.0,127.0,1086.0,243.0,11406,0,0,1,Pedestrian
92,1001.0,125.0,1089.0,241.0,11407,0,0,1,Pedestrian
92,1001.0,122.0,1089.0,239.0,11408,0,0,1,Pedestrian
92,1001.0,120.0,1089.0,236.0,11409,0,0,1,Pedestrian
92,1001.0,118.0,1089.0,234.0,11410,0,0,1,Pedestrian
92,1003.0,116.0,1091.0,232.0,11411,0,0,1,Pedestrian
92,1003.0,113.0,1091.0,229.0,11412,0,0,1,Pedestrian
92,1003.0,113.0,1091.0,229.0,11413,0,0,1,Pedestrian
92,1003.0,111.0,1091.0,227.0,11414,0,0,1,Pedestrian
92,1003.0,109.0,1091.0,225.0,11415,0,0,1,Pedestrian
92,1006.0,107.0,1094.0,223.0,11416,0,0,1,Pedestrian
92,1006.0,104.0,1094.0,220.0,11417,0,0,1,Pedestrian
92,1006.0,102.0,1094.0,218.0,11418,0,0,1,Pedestrian
92,1006.0,100.0,1094.0,216.0,11419,0,0,1,Pedestrian
92,1009.0,100.0,1097.0,216.0,11420,0,0,0,Pedestrian
92,1009.0,97.0,1097.0,214.0,11421,0,0,1,Pedestrian
92,1009.0,95.0,1097.0,211.0,11422,0,0,1,Pedestrian
92,1009.0,93.0,1097.0,209.0,11423,0,0,1,Pedestrian
92,1012.0,91.0,1100.0,207.0,11424,0,0,1,Pedestrian
92,1012.0,91.0,1100.0,207.0,11425,0,0,1,Pedestrian
92,1012.0,88.0,1100.0,204.0,11426,0,0,1,Pedestrian
92,1012.0,86.0,1100.0,202.0,11427,0,0,1,Pedestrian
92,1014.0,84.0,1102.0,200.0,11428,0,0,1,Pedestrian
92,1014.0,81.0,1102.0,198.0,11429,0,0,1,Pedestrian
92,1014.0,81.0,1102.0,198.0,11430,0,0,1,Pedestrian
92,1017.0,79.0,1105.0,195.0,11431,0,0,1,Pedestrian
92,1017.0,77.0,1105.0,193.0,11432,0,0,1,Pedestrian
92,1017.0,75.0,1105.0,191.0,11433,0,0,1,Pedestrian
92,1017.0,72.0,1105.0,188.0,11434,0,0,1,Pedestrian
92,1020.0,72.0,1108.0,188.0,11435,0,0,1,Pedestrian
92,1020.0,70.0,1108.0,186.0,11436,0,0,1,Pedestrian
92,1020.0,68.0,1108.0,184.0,11437,0,0,1,Pedestrian
92,1020.0,66.0,1108.0,182.0,11438,0,0,1,Pedestrian
92,1023.0,63.0,1111.0,179.0,11439,0,0,1,Pedestrian
92,1023.0,63.0,1111.0,179.0,11440,0,0,1,Pedestrian
92,1023.0,61.0,1111.0,177.0,11441,0,0,1,Pedestrian
92,1025.0,59.0,1113.0,175.0,11442,0,0,1,Pedestrian
92,1025.0,56.0,1113.0,173.0,11443,0,0,1,Pedestrian
92,1025.0,54.0,1113.0,170.0,11444,0,0,1,Pedestrian
92,1025.0,54.0,1113.0,170.0,11445,0,0,1,Pedestrian
92,1028.0,52.0,1116.0,168.0,11446,0,0,1,Pedestrian
92,1028.0,50.0,1116.0,166.0,11447,0,0,1,Pedestrian
92,1028.0,47.0,1116.0,163.0,11448,0,0,1,Pedestrian
92,1028.0,45.0,1116.0,161.0,11449,0,0,1,Pedestrian
92,1031.0,45.0,1119.0,161.0,11450,0,0,1,Pedestrian
92,1031.0,43.0,1119.0,159.0,11451,0,0,1,Pedestrian
92,1031.0,40.0,1119.0,157.0,11452,0,0,1,Pedestrian
92,1034.0,38.0,1122.0,154.0,11453,0,0,1,Pedestrian
92,1034.0,36.0,1122.0,152.0,11454,0,0,1,Pedestrian
92,1034.0,36.0,1122.0,152.0,11455,0,0,1,Pedestrian
92,1034.0,34.0,1122.0,150.0,11456,0,0,1,Pedestrian
92,1036.0,31.0,1124.0,148.0,11457,0,0,1,Pedestrian
92,1036.0,29.0,1124.0,145.0,11458,0,0,1,Pedestrian
92,1036.0,27.0,1124.0,143.0,11459,0,0,1,Pedestrian
92,1039.0,27.0,1127.0,143.0,11460,0,0,0,Pedestrian
92,1039.0,25.0,1127.0,141.0,11461,0,0,1,Pedestrian
92,1039.0,25.0,1127.0,138.0,11462,0,0,1,Pedestrian
92,1039.0,25.0,1127.0,136.0,11463,0,0,1,Pedestrian
92,1042.0,22.0,1130.0,136.0,11464,0,0,1,Pedestrian
92,1042.0,22.0,1130.0,134.0,11465,0,0,1,Pedestrian
92,1042.0,22.0,1130.0,132.0,11466,0,0,1,Pedestrian
92,1042.0,20.0,1130.0,129.0,11467,0,0,1,Pedestrian
92,1045.0,20.0,1133.0,129.0,11468,0,0,1,Pedestrian
92,1045.0,20.0,1133.0,127.0,11469,0,0,1,Pedestrian
92,1045.0,20.0,1133.0,125.0,11470,0,0,1,Pedestrian
92,1045.0,18.0,1133.0,125.0,11471,0,0,1,Pedestrian
92,1047.0,18.0,1135.0,122.0,11472,0,0,1,Pedestrian
92,1047.0,18.0,1135.0,120.0,11473,0,0,1,Pedestrian
92,1047.0,15.0,1135.0,118.0,11474,0,0,1,Pedestrian
92,1047.0,15.0,1135.0,118.0,11475,0,0,1,Pedestrian
92,1050.0,15.0,1138.0,116.0,11476,0,0,1,Pedestrian
92,1050.0,13.0,1138.0,113.0,11477,0,0,1,Pedestrian
92,1050.0,13.0,1138.0,111.0,11478,0,0,1,Pedestrian
92,1050.0,13.0,1138.0,111.0,11479,0,0,1,Pedestrian
92,1053.0,13.0,1141.0,109.0,11480,0,0,1,Pedestrian
92,1053.0,11.0,1141.0,107.0,11481,0,0,1,Pedestrian
92,1053.0,11.0,1141.0,107.0,11482,0,0,1,Pedestrian
92,1053.0,11.0,1141.0,104.0,11483,0,0,1,Pedestrian
92,1056.0,9.0,1144.0,102.0,11484,0,0,1,Pedestrian
92,1056.0,9.0,1144.0,100.0,11485,0,0,1,Pedestrian
92,1056.0,9.0,1144.0,100.0,11486,0,0,1,Pedestrian
92,1056.0,6.0,1144.0,97.0,11487,0,0,1,Pedestrian
92,1058.0,6.0,1146.0,95.0,11488,0,0,1,Pedestrian
92,1058.0,6.0,1146.0,93.0,11489,0,0,1,Pedestrian
92,1058.0,6.0,1146.0,93.0,11490,0,0,1,Pedestrian
92,1058.0,4.0,1146.0,91.0,11491,0,0,1,Pedestrian
92,1061.0,4.0,1149.0,88.0,11492,0,0,1,Pedestrian
92,1061.0,4.0,1149.0,88.0,11493,0,0,1,Pedestrian
92,1061.0,2.0,1149.0,86.0,11494,0,0,1,Pedestrian
92,1061.0,2.0,1149.0,84.0,11495,0,0,1,Pedestrian
92,1064.0,2.0,1152.0,81.0,11496,0,0,1,Pedestrian
92,1064.0,0.0,1152.0,81.0,11497,0,0,1,Pedestrian
92,1064.0,0.0,1152.0,79.0,11498,0,0,1,Pedestrian
92,1064.0,0.0,1152.0,77.0,11499,0,0,1,Pedestrian
92,1067.0,0.0,1155.0,77.0,11500,0,0,0,Pedestrian
92,1067.0,0.0,1152.0,72.0,11501,0,0,1,Pedestrian
92,1069.0,0.0,1152.0,68.0,11502,0,0,1,Pedestrian
92,1072.0,0.0,1152.0,66.0,11503,0,0,1,Pedestrian
92,1072.0,0.0,1149.0,61.0,11504,0,0,1,Pedestrian
92,1075.0,0.0,1149.0,59.0,11505,0,0,1,Pedestrian
92,1078.0,0.0,1149.0,54.0,11506,0,0,1,Pedestrian
92,1078.0,0.0,1146.0,50.0,11507,0,0,1,Pedestrian
92,1080.0,0.0,1146.0,47.0,11508,0,0,1,Pedestrian
92,1083.0,0.0,1146.0,43.0,11509,0,0,1,Pedestrian
92,1086.0,0.0,1146.0,40.0,11510,0,0,0,Pedestrian
92,1086.0,0.0,1146.0,40.0,11511,0,0,1,Pedestrian
92,1089.0,0.0,1149.0,40.0,11512,0,0,1,Pedestrian
92,1089.0,0.0,1149.0,40.0,11513,0,0,1,Pedestrian
92,1091.0,0.0,1152.0,40.0,11514,0,0,1,Pedestrian
92,1091.0,0.0,1152.0,40.0,11515,0,0,1,Pedestrian
92,1094.0,0.0,1155.0,40.0,11516,0,0,1,Pedestrian
92,1094.0,0.0,1155.0,40.0,11517,0,0,1,Pedestrian
92,1097.0,0.0,1157.0,40.0,11518,0,0,1,Pedestrian
92,1097.0,0.0,1157.0,40.0,11519,0,0,1,Pedestrian
92,1100.0,0.0,1160.0,40.0,11520,1,0,0,Pedestrian
92,1100.0,0.0,1157.0,38.0,11521,1,0,1,Pedestrian
92,1100.0,0.0,1157.0,38.0,11522,1,0,1,Pedestrian
92,1100.0,0.0,1157.0,38.0,11523,1,0,1,Pedestrian
92,1100.0,0.0,1157.0,36.0,11524,1,0,1,Pedestrian
92,1100.0,0.0,1157.0,36.0,11525,1,0,1,Pedestrian
92,1100.0,0.0,1157.0,36.0,11526,1,0,1,Pedestrian
92,1100.0,0.0,1157.0,34.0,11527,1,0,1,Pedestrian
92,1100.0,0.0,1157.0,34.0,11528,1,0,1,Pedestrian
92,1100.0,0.0,1157.0,34.0,11529,1,0,1,Pedestrian
92,1100.0,0.0,1157.0,34.0,11530,1,0,0,Pedestrian
92,1100.0,0.0,1157.0,34.0,11531,1,0,1,Pedestrian
92,1100.0,0.0,1157.0,34.0,11532,1,0,1,Pedestrian
92,1100.0,0.0,1157.0,34.0,11533,1,0,1,Pedestrian
92,1100.0,0.0,1157.0,34.0,11534,1,0,1,Pedestrian
92,1100.0,0.0,1157.0,34.0,11535,1,0,1,Pedestrian
92,1100.0,0.0,1157.0,34.0,11536,1,0,1,Pedestrian
92,1100.0,0.0,1157.0,34.0,11537,1,0,1,Pedestrian
92,1100.0,0.0,1157.0,34.0,11538,1,0,1,Pedestrian
92,1100.0,0.0,1157.0,34.0,11539,1,0,1,Pedestrian
92,1100.0,0.0,1157.0,34.0,11540,1,0,1,Pedestrian
92,1100.0,0.0,1157.0,34.0,11541,1,0,1,Pedestrian
92,1100.0,0.0,1157.0,34.0,11542,1,0,1,Pedestrian
92,1100.0,0.0,1157.0,34.0,11543,1,0,1,Pedestrian
92,1100.0,0.0,1157.0,34.0,11544,1,0,1,Pedestrian
92,1100.0,0.0,1157.0,34.0,11545,1,0,1,Pedestrian
92,1100.0,0.0,1157.0,34.0,11546,1,0,1,Pedestrian
92,1100.0,0.0,1157.0,34.0,11547,1,0,1,Pedestrian
92,1100.0,0.0,1157.0,34.0,11548,1,0,1,Pedestrian
92,1100.0,0.0,1157.0,34.0,11549,1,0,1,Pedestrian
92,1100.0,0.0,1157.0,34.0,11550,1,0,1,Pedestrian
92,1100.0,0.0,1157.0,34.0,11551,1,0,1,Pedestrian
92,1100.0,0.0,1157.0,34.0,11552,1,0,1,Pedestrian
92,1100.0,0.0,1157.0,34.0,11553,1,0,1,Pedestrian
92,1100.0,0.0,1157.0,34.0,11554,1,0,1,Pedestrian
92,1100.0,0.0,1157.0,34.0,11555,1,0,1,Pedestrian
92,1100.0,0.0,1157.0,34.0,11556,1,0,1,Pedestrian
92,1100.0,0.0,1157.0,34.0,11557,1,0,1,Pedestrian
92,1100.0,0.0,1157.0,34.0,11558,1,0,1,Pedestrian
92,1100.0,0.0,1157.0,34.0,11559,1,0,1,Pedestrian
92,1100.0,0.0,1157.0,34.0,11560,1,0,1,Pedestrian
92,1100.0,0.0,1157.0,34.0,11561,1,0,1,Pedestrian
92,1100.0,0.0,1157.0,34.0,11562,1,0,1,Pedestrian
92,1100.0,0.0,1157.0,34.0,11563,1,0,1,Pedestrian
92,1100.0,0.0,1157.0,34.0,11564,1,0,1,Pedestrian
92,1100.0,0.0,1157.0,34.0,11565,1,0,1,Pedestrian
92,1100.0,0.0,1157.0,34.0,11566,1,0,1,Pedestrian
92,1100.0,0.0,1157.0,34.0,11567,1,0,1,Pedestrian
92,1100.0,0.0,1157.0,34.0,11568,1,0,1,Pedestrian
92,1100.0,0.0,1157.0,34.0,11569,1,0,1,Pedestrian
92,1100.0,0.0,1157.0,34.0,11570,1,0,1,Pedestrian
92,1100.0,0.0,1157.0,34.0,11571,1,0,1,Pedestrian
92,1100.0,0.0,1157.0,34.0,11572,1,0,1,Pedestrian
92,1100.0,0.0,1157.0,34.0,11573,1,0,1,Pedestrian
92,1100.0,0.0,1157.0,34.0,11574,1,0,1,Pedestrian
92,1100.0,0.0,1157.0,34.0,11575,1,0,1,Pedestrian
92,1100.0,0.0,1157.0,34.0,11576,1,0,1,Pedestrian
92,1100.0,0.0,1157.0,34.0,11577,1,0,1,Pedestrian
92,1100.0,0.0,1157.0,34.0,11578,1,0,1,Pedestrian
92,1100.0,0.0,1157.0,34.0,11579,1,0,1,Pedestrian
92,1100.0,0.0,1157.0,34.0,11580,1,0,1,Pedestrian
92,1100.0,0.0,1157.0,34.0,11581,1,0,1,Pedestrian
92,1100.0,0.0,1157.0,34.0,11582,1,0,1,Pedestrian
92,1100.0,0.0,1157.0,34.0,11583,1,0,1,Pedestrian
92,1100.0,0.0,1157.0,34.0,11584,1,0,1,Pedestrian
92,1100.0,0.0,1157.0,34.0,11585,1,0,1,Pedestrian
92,1100.0,0.0,1157.0,34.0,11586,1,0,1,Pedestrian
92,1100.0,0.0,1157.0,34.0,11587,1,0,1,Pedestrian
92,1100.0,0.0,1157.0,34.0,11588,1,0,1,Pedestrian
92,1100.0,0.0,1157.0,34.0,11589,1,0,1,Pedestrian
92,1100.0,0.0,1157.0,34.0,11590,1,0,1,Pedestrian
92,1100.0,0.0,1157.0,34.0,11591,1,0,1,Pedestrian
92,1100.0,0.0,1157.0,34.0,11592,1,0,1,Pedestrian
92,1100.0,0.0,1157.0,34.0,11593,1,0,1,Pedestrian
92,1100.0,0.0,1157.0,34.0,11594,1,0,1,Pedestrian
92,1100.0,0.0,1157.0,34.0,11595,1,0,1,Pedestrian
92,1100.0,0.0,1157.0,34.0,11596,1,0,1,Pedestrian
92,1100.0,0.0,1157.0,34.0,11597,1,0,1,Pedestrian
92,1100.0,0.0,1157.0,34.0,11598,1,0,1,Pedestrian
92,1100.0,0.0,1157.0,34.0,11599,1,0,1,Pedestrian
92,1100.0,0.0,1157.0,34.0,11600,1,0,1,Pedestrian
92,1100.0,0.0,1157.0,34.0,11601,1,0,1,Pedestrian
92,1100.0,0.0,1157.0,34.0,11602,1,0,1,Pedestrian
92,1100.0,0.0,1157.0,34.0,11603,1,0,1,Pedestrian
92,1100.0,0.0,1157.0,34.0,11604,1,0,1,Pedestrian
92,1100.0,0.0,1157.0,34.0,11605,1,0,1,Pedestrian
92,1100.0,0.0,1157.0,34.0,11606,1,0,1,Pedestrian
92,1100.0,0.0,1157.0,34.0,11607,1,0,1,Pedestrian
92,1100.0,0.0,1157.0,34.0,11608,1,0,1,Pedestrian
92,1100.0,0.0,1157.0,34.0,11609,1,0,1,Pedestrian
92,1100.0,0.0,1157.0,34.0,11610,1,0,1,Pedestrian
92,1100.0,0.0,1157.0,34.0,11611,1,0,1,Pedestrian
92,1100.0,0.0,1157.0,34.0,11612,1,0,1,Pedestrian
92,1100.0,0.0,1157.0,34.0,11613,1,0,1,Pedestrian
92,1100.0,0.0,1157.0,34.0,11614,1,0,1,Pedestrian
92,1100.0,0.0,1157.0,34.0,11615,1,0,1,Pedestrian
92,1100.0,0.0,1157.0,34.0,11616,1,0,1,Pedestrian
92,1100.0,0.0,1157.0,34.0,11617,1,0,1,Pedestrian
92,1100.0,0.0,1157.0,34.0,11618,1,0,1,Pedestrian
92,1100.0,0.0,1157.0,34.0,11619,1,0,1,Pedestrian
92,1100.0,0.0,1157.0,34.0,11620,1,0,1,Pedestrian
92,1100.0,0.0,1157.0,34.0,11621,1,0,1,Pedestrian
92,1100.0,0.0,1157.0,34.0,11622,1,0,1,Pedestrian
92,1100.0,0.0,1157.0,34.0,11623,1,0,1,Pedestrian
92,1100.0,0.0,1157.0,34.0,11624,1,0,1,Pedestrian
92,1100.0,0.0,1157.0,34.0,11625,1,0,1,Pedestrian
92,1100.0,0.0,1157.0,34.0,11626,1,0,1,Pedestrian
92,1100.0,0.0,1157.0,34.0,11627,1,0,1,Pedestrian
92,1100.0,0.0,1157.0,34.0,11628,1,0,1,Pedestrian
92,1100.0,0.0,1157.0,34.0,11629,1,0,1,Pedestrian
92,1100.0,0.0,1157.0,34.0,11630,1,0,1,Pedestrian
92,1100.0,0.0,1157.0,34.0,11631,1,0,1,Pedestrian
92,1100.0,0.0,1157.0,34.0,11632,1,0,1,Pedestrian
92,1100.0,0.0,1157.0,34.0,11633,1,0,1,Pedestrian
92,1100.0,0.0,1157.0,34.0,11634,1,0,1,Pedestrian
92,1100.0,0.0,1157.0,34.0,11635,1,0,1,Pedestrian
92,1100.0,0.0,1157.0,34.0,11636,1,0,1,Pedestrian
92,1100.0,0.0,1157.0,34.0,11637,1,0,1,Pedestrian
92,1100.0,0.0,1157.0,34.0,11638,1,0,1,Pedestrian
92,1100.0,0.0,1157.0,34.0,11639,1,0,1,Pedestrian
92,1100.0,0.0,1157.0,34.0,11640,1,0,1,Pedestrian
92,1100.0,0.0,1157.0,34.0,11641,1,0,1,Pedestrian
92,1100.0,0.0,1157.0,34.0,11642,1,0,1,Pedestrian
92,1100.0,0.0,1157.0,34.0,11643,1,0,1,Pedestrian
92,1100.0,0.0,1157.0,34.0,11644,1,0,1,Pedestrian
92,1100.0,0.0,1157.0,34.0,11645,1,0,1,Pedestrian
92,1100.0,0.0,1157.0,34.0,11646,1,0,1,Pedestrian
92,1100.0,0.0,1157.0,34.0,11647,1,0,1,Pedestrian
92,1100.0,0.0,1157.0,34.0,11648,1,0,1,Pedestrian
92,1100.0,0.0,1157.0,34.0,11649,1,0,1,Pedestrian
92,1100.0,0.0,1157.0,34.0,11650,1,0,1,Pedestrian
92,1100.0,0.0,1157.0,34.0,11651,1,0,1,Pedestrian
92,1100.0,0.0,1157.0,34.0,11652,1,0,1,Pedestrian
92,1100.0,0.0,1157.0,34.0,11653,1,0,1,Pedestrian
92,1100.0,0.0,1157.0,34.0,11654,1,0,1,Pedestrian
92,1100.0,0.0,1157.0,34.0,11655,1,0,1,Pedestrian
92,1100.0,0.0,1157.0,34.0,11656,1,0,1,Pedestrian
92,1100.0,0.0,1157.0,34.0,11657,1,0,1,Pedestrian
92,1100.0,0.0,1157.0,34.0,11658,1,0,1,Pedestrian
92,1100.0,0.0,1157.0,34.0,11659,1,0,1,Pedestrian
92,1100.0,0.0,1157.0,34.0,11660,1,0,1,Pedestrian
92,1100.0,0.0,1157.0,34.0,11661,1,0,1,Pedestrian
92,1100.0,0.0,1157.0,34.0,11662,1,0,1,Pedestrian
92,1100.0,0.0,1157.0,34.0,11663,1,0,1,Pedestrian
92,1100.0,0.0,1157.0,34.0,11664,1,0,1,Pedestrian
92,1100.0,0.0,1157.0,34.0,11665,1,0,1,Pedestrian
92,1100.0,0.0,1157.0,34.0,11666,1,0,1,Pedestrian
92,1100.0,0.0,1157.0,34.0,11667,1,0,1,Pedestrian
92,1100.0,0.0,1157.0,34.0,11668,1,0,1,Pedestrian
92,1100.0,0.0,1157.0,34.0,11669,1,0,1,Pedestrian
92,1100.0,0.0,1157.0,34.0,11670,1,0,1,Pedestrian
92,1100.0,0.0,1157.0,34.0,11671,1,0,1,Pedestrian
92,1100.0,0.0,1157.0,34.0,11672,1,0,1,Pedestrian
92,1100.0,0.0,1157.0,34.0,11673,1,0,1,Pedestrian
92,1100.0,0.0,1157.0,34.0,11674,1,0,1,Pedestrian
92,1100.0,0.0,1157.0,34.0,11675,1,0,1,Pedestrian
92,1100.0,0.0,1157.0,34.0,11676,1,0,1,Pedestrian
92,1100.0,0.0,1157.0,34.0,11677,1,0,1,Pedestrian
92,1100.0,0.0,1157.0,34.0,11678,1,0,1,Pedestrian
92,1100.0,0.0,1157.0,34.0,11679,1,0,1,Pedestrian
92,1100.0,0.0,1157.0,34.0,11680,1,0,1,Pedestrian
92,1100.0,0.0,1157.0,34.0,11681,1,0,1,Pedestrian
92,1100.0,0.0,1157.0,34.0,11682,1,0,1,Pedestrian
92,1100.0,0.0,1157.0,34.0,11683,1,0,1,Pedestrian
92,1100.0,0.0,1157.0,34.0,11684,1,0,1,Pedestrian
92,1100.0,0.0,1157.0,34.0,11685,1,0,1,Pedestrian
92,1100.0,0.0,1157.0,34.0,11686,1,0,1,Pedestrian
92,1100.0,0.0,1157.0,34.0,11687,1,0,1,Pedestrian
92,1100.0,0.0,1157.0,34.0,11688,1,0,1,Pedestrian
92,1100.0,0.0,1157.0,34.0,11689,1,0,1,Pedestrian
92,1100.0,0.0,1157.0,34.0,11690,1,0,1,Pedestrian
92,1100.0,0.0,1157.0,34.0,11691,1,0,1,Pedestrian
92,1100.0,0.0,1157.0,34.0,11692,1,0,1,Pedestrian
92,1100.0,0.0,1157.0,34.0,11693,1,0,1,Pedestrian
92,1100.0,0.0,1157.0,34.0,11694,1,0,1,Pedestrian
92,1100.0,0.0,1157.0,34.0,11695,1,0,1,Pedestrian
92,1100.0,0.0,1157.0,34.0,11696,1,0,1,Pedestrian
92,1100.0,0.0,1157.0,34.0,11697,1,0,1,Pedestrian
92,1100.0,0.0,1157.0,34.0,11698,1,0,1,Pedestrian
92,1100.0,0.0,1157.0,34.0,11699,1,0,1,Pedestrian
92,1100.0,0.0,1157.0,34.0,11700,1,0,1,Pedestrian
92,1100.0,0.0,1157.0,34.0,11701,1,0,1,Pedestrian
92,1100.0,0.0,1157.0,34.0,11702,1,0,1,Pedestrian
92,1100.0,0.0,1157.0,34.0,11703,1,0,1,Pedestrian
92,1100.0,0.0,1157.0,34.0,11704,1,0,1,Pedestrian
92,1100.0,0.0,1157.0,34.0,11705,1,0,1,Pedestrian
92,1100.0,0.0,1157.0,34.0,11706,1,0,1,Pedestrian
92,1100.0,0.0,1157.0,34.0,11707,1,0,1,Pedestrian
92,1100.0,0.0,1157.0,34.0,11708,1,0,1,Pedestrian
92,1100.0,0.0,1157.0,34.0,11709,1,0,1,Pedestrian
92,1100.0,0.0,1157.0,34.0,11710,1,0,1,Pedestrian
92,1100.0,0.0,1157.0,34.0,11711,1,0,1,Pedestrian
92,1100.0,0.0,1157.0,34.0,11712,1,0,1,Pedestrian
92,1100.0,0.0,1157.0,34.0,11713,1,0,1,Pedestrian
92,1100.0,0.0,1157.0,34.0,11714,1,0,1,Pedestrian
92,1100.0,0.0,1157.0,34.0,11715,1,0,1,Pedestrian
92,1100.0,0.0,1157.0,34.0,11716,1,0,1,Pedestrian
92,1100.0,0.0,1157.0,34.0,11717,1,0,1,Pedestrian
92,1100.0,0.0,1157.0,34.0,11718,1,0,1,Pedestrian
92,1100.0,0.0,1157.0,34.0,11719,1,0,1,Pedestrian
92,1100.0,0.0,1157.0,34.0,11720,1,0,1,Pedestrian
92,1100.0,0.0,1157.0,34.0,11721,1,0,1,Pedestrian
92,1100.0,0.0,1157.0,34.0,11722,1,0,1,Pedestrian
92,1100.0,0.0,1157.0,34.0,11723,1,0,1,Pedestrian
92,1100.0,0.0,1157.0,34.0,11724,1,0,1,Pedestrian
92,1100.0,0.0,1157.0,34.0,11725,1,0,1,Pedestrian
92,1100.0,0.0,1157.0,34.0,11726,1,0,1,Pedestrian
92,1100.0,0.0,1157.0,34.0,11727,1,0,1,Pedestrian
92,1100.0,0.0,1157.0,34.0,11728,1,0,1,Pedestrian
92,1100.0,0.0,1157.0,34.0,11729,1,0,1,Pedestrian
92,1100.0,0.0,1157.0,34.0,11730,1,0,1,Pedestrian
92,1100.0,0.0,1157.0,34.0,11731,1,0,1,Pedestrian
92,1100.0,0.0,1157.0,34.0,11732,1,0,1,Pedestrian
92,1100.0,0.0,1157.0,34.0,11733,1,0,1,Pedestrian
92,1100.0,0.0,1157.0,34.0,11734,1,0,1,Pedestrian
92,1100.0,0.0,1157.0,34.0,11735,1,0,1,Pedestrian
92,1100.0,0.0,1157.0,34.0,11736,1,0,1,Pedestrian
92,1100.0,0.0,1157.0,34.0,11737,1,0,1,Pedestrian
92,1100.0,0.0,1157.0,34.0,11738,1,0,1,Pedestrian
92,1100.0,0.0,1157.0,34.0,11739,1,0,1,Pedestrian
92,1100.0,0.0,1157.0,34.0,11740,1,0,1,Pedestrian
92,1100.0,0.0,1157.0,34.0,11741,1,0,1,Pedestrian
92,1100.0,0.0,1157.0,34.0,11742,1,0,1,Pedestrian
92,1100.0,0.0,1157.0,34.0,11743,1,0,1,Pedestrian
92,1100.0,0.0,1157.0,34.0,11744,1,0,1,Pedestrian
92,1100.0,0.0,1157.0,34.0,11745,1,0,1,Pedestrian
92,1100.0,0.0,1157.0,34.0,11746,1,0,1,Pedestrian
92,1100.0,0.0,1157.0,34.0,11747,1,0,1,Pedestrian
92,1100.0,0.0,1157.0,34.0,11748,1,0,1,Pedestrian
92,1100.0,0.0,1157.0,34.0,11749,1,0,1,Pedestrian
92,1100.0,0.0,1157.0,34.0,11750,1,0,1,Pedestrian
92,1100.0,0.0,1157.0,34.0,11751,1,0,1,Pedestrian
92,1100.0,0.0,1157.0,34.0,11752,1,0,1,Pedestrian
92,1100.0,0.0,1157.0,34.0,11753,1,0,1,Pedestrian
92,1100.0,0.0,1157.0,34.0,11754,1,0,1,Pedestrian
92,1100.0,0.0,1157.0,34.0,11755,1,0,1,Pedestrian
92,1100.0,0.0,1157.0,34.0,11756,1,0,1,Pedestrian
92,1100.0,0.0,1157.0,34.0,11757,1,0,1,Pedestrian
92,1100.0,0.0,1157.0,34.0,11758,1,0,1,Pedestrian
92,1100.0,0.0,1157.0,34.0,11759,1,0,1,Pedestrian
92,1100.0,0.0,1157.0,34.0,11760,1,0,1,Pedestrian
92,1100.0,0.0,1157.0,34.0,11761,1,0,1,Pedestrian
92,1100.0,0.0,1157.0,34.0,11762,1,0,1,Pedestrian
92,1100.0,0.0,1157.0,34.0,11763,1,0,1,Pedestrian
92,1100.0,0.0,1157.0,34.0,11764,1,0,1,Pedestrian
92,1100.0,0.0,1157.0,34.0,11765,1,0,1,Pedestrian
92,1100.0,0.0,1157.0,34.0,11766,1,0,1,Pedestrian
92,1100.0,0.0,1157.0,34.0,11767,1,0,1,Pedestrian
92,1100.0,0.0,1157.0,34.0,11768,1,0,1,Pedestrian
92,1100.0,0.0,1157.0,34.0,11769,1,0,1,Pedestrian
92,1100.0,0.0,1157.0,34.0,11770,1,0,1,Pedestrian
92,1100.0,0.0,1157.0,34.0,11771,1,0,1,Pedestrian
92,1100.0,0.0,1157.0,34.0,11772,1,0,1,Pedestrian
92,1100.0,0.0,1157.0,34.0,11773,1,0,1,Pedestrian
92,1100.0,0.0,1157.0,34.0,11774,1,0,1,Pedestrian
92,1100.0,0.0,1157.0,34.0,11775,1,0,1,Pedestrian
92,1100.0,0.0,1157.0,34.0,11776,1,0,1,Pedestrian
92,1100.0,0.0,1157.0,34.0,11777,1,0,1,Pedestrian
92,1100.0,0.0,1157.0,34.0,11778,1,0,1,Pedestrian
92,1100.0,0.0,1157.0,34.0,11779,1,0,1,Pedestrian
92,1100.0,0.0,1157.0,34.0,11780,1,0,1,Pedestrian
92,1100.0,0.0,1157.0,34.0,11781,1,0,1,Pedestrian
92,1100.0,0.0,1157.0,34.0,11782,1,0,1,Pedestrian
92,1100.0,0.0,1157.0,34.0,11783,1,0,1,Pedestrian
92,1100.0,0.0,1157.0,34.0,11784,1,0,1,Pedestrian
92,1100.0,0.0,1157.0,34.0,11785,1,0,1,Pedestrian
92,1100.0,0.0,1157.0,34.0,11786,1,0,1,Pedestrian
92,1100.0,0.0,1157.0,34.0,11787,1,0,1,Pedestrian
92,1100.0,0.0,1157.0,34.0,11788,1,0,1,Pedestrian
92,1100.0,0.0,1157.0,34.0,11789,1,0,1,Pedestrian
92,1100.0,0.0,1157.0,34.0,11790,1,0,1,Pedestrian
92,1100.0,0.0,1157.0,34.0,11791,1,0,1,Pedestrian
92,1100.0,0.0,1157.0,34.0,11792,1,0,1,Pedestrian
92,1100.0,0.0,1157.0,34.0,11793,1,0,1,Pedestrian
92,1100.0,0.0,1157.0,34.0,11794,1,0,1,Pedestrian
92,1100.0,0.0,1157.0,34.0,11795,1,0,1,Pedestrian
92,1100.0,0.0,1157.0,34.0,11796,1,0,1,Pedestrian
92,1100.0,0.0,1157.0,34.0,11797,1,0,1,Pedestrian
92,1100.0,0.0,1157.0,34.0,11798,1,0,1,Pedestrian
92,1100.0,0.0,1157.0,34.0,11799,1,0,1,Pedestrian
92,1100.0,0.0,1157.0,34.0,11800,1,0,1,Pedestrian
92,1100.0,0.0,1157.0,34.0,11801,1,0,1,Pedestrian
92,1100.0,0.0,1157.0,34.0,11802,1,0,1,Pedestrian
92,1100.0,0.0,1157.0,34.0,11803,1,0,1,Pedestrian
92,1100.0,0.0,1157.0,34.0,11804,1,0,1,Pedestrian
92,1100.0,0.0,1157.0,34.0,11805,1,0,1,Pedestrian
92,1100.0,0.0,1157.0,34.0,11806,1,0,1,Pedestrian
92,1100.0,0.0,1157.0,34.0,11807,1,0,1,Pedestrian
92,1100.0,0.0,1157.0,34.0,11808,1,0,1,Pedestrian
92,1100.0,0.0,1157.0,34.0,11809,1,0,1,Pedestrian
92,1100.0,0.0,1157.0,34.0,11810,1,0,1,Pedestrian
92,1100.0,0.0,1157.0,34.0,11811,1,0,1,Pedestrian
92,1100.0,0.0,1157.0,34.0,11812,1,0,1,Pedestrian
92,1100.0,0.0,1157.0,34.0,11813,1,0,1,Pedestrian
92,1100.0,0.0,1157.0,34.0,11814,1,0,1,Pedestrian
92,1100.0,0.0,1157.0,34.0,11815,1,0,1,Pedestrian
92,1100.0,0.0,1157.0,34.0,11816,1,0,1,Pedestrian
92,1100.0,0.0,1157.0,34.0,11817,1,0,1,Pedestrian
92,1100.0,0.0,1157.0,34.0,11818,1,0,1,Pedestrian
92,1100.0,0.0,1157.0,34.0,11819,1,0,1,Pedestrian
92,1100.0,0.0,1157.0,34.0,11820,1,0,1,Pedestrian
92,1100.0,0.0,1157.0,34.0,11821,1,0,1,Pedestrian
92,1100.0,0.0,1157.0,34.0,11822,1,0,1,Pedestrian
92,1100.0,0.0,1157.0,34.0,11823,1,0,1,Pedestrian
92,1100.0,0.0,1157.0,34.0,11824,1,0,1,Pedestrian
92,1100.0,0.0,1157.0,34.0,11825,1,0,1,Pedestrian
92,1100.0,0.0,1157.0,34.0,11826,1,0,1,Pedestrian
92,1100.0,0.0,1157.0,34.0,11827,1,0,1,Pedestrian
92,1100.0,0.0,1157.0,34.0,11828,1,0,1,Pedestrian
92,1100.0,0.0,1157.0,34.0,11829,1,0,1,Pedestrian
92,1100.0,0.0,1157.0,34.0,11830,1,0,1,Pedestrian
92,1100.0,0.0,1157.0,34.0,11831,1,0,1,Pedestrian
92,1100.0,0.0,1157.0,34.0,11832,1,0,1,Pedestrian
92,1100.0,0.0,1157.0,34.0,11833,1,0,1,Pedestrian
92,1100.0,0.0,1157.0,34.0,11834,1,0,1,Pedestrian
92,1100.0,0.0,1157.0,34.0,11835,1,0,1,Pedestrian
92,1100.0,0.0,1157.0,34.0,11836,1,0,1,Pedestrian
92,1100.0,0.0,1157.0,34.0,11837,1,0,1,Pedestrian
92,1100.0,0.0,1157.0,34.0,11838,1,0,1,Pedestrian
92,1100.0,0.0,1157.0,34.0,11839,1,0,1,Pedestrian
92,1100.0,0.0,1157.0,34.0,11840,1,0,1,Pedestrian
92,1100.0,0.0,1157.0,34.0,11841,1,0,1,Pedestrian
92,1100.0,0.0,1157.0,34.0,11842,1,0,1,Pedestrian
92,1100.0,0.0,1157.0,34.0,11843,1,0,1,Pedestrian
92,1100.0,0.0,1157.0,34.0,11844,1,0,1,Pedestrian
92,1100.0,0.0,1157.0,34.0,11845,1,0,1,Pedestrian
92,1100.0,0.0,1157.0,34.0,11846,1,0,1,Pedestrian
92,1100.0,0.0,1157.0,34.0,11847,1,0,1,Pedestrian
92,1100.0,0.0,1157.0,34.0,11848,1,0,1,Pedestrian
92,1100.0,0.0,1157.0,34.0,11849,1,0,1,Pedestrian
92,1100.0,0.0,1157.0,34.0,11850,1,0,1,Pedestrian
92,1100.0,0.0,1157.0,34.0,11851,1,0,1,Pedestrian
92,1100.0,0.0,1157.0,34.0,11852,1,0,1,Pedestrian
92,1100.0,0.0,1157.0,34.0,11853,1,0,1,Pedestrian
92,1100.0,0.0,1157.0,34.0,11854,1,0,1,Pedestrian
92,1100.0,0.0,1157.0,34.0,11855,1,0,1,Pedestrian
92,1100.0,0.0,1157.0,34.0,11856,1,0,1,Pedestrian
92,1100.0,0.0,1157.0,34.0,11857,1,0,1,Pedestrian
92,1100.0,0.0,1157.0,34.0,11858,1,0,1,Pedestrian
92,1100.0,0.0,1157.0,34.0,11859,1,0,1,Pedestrian
92,1100.0,0.0,1157.0,34.0,11860,1,0,1,Pedestrian
92,1100.0,0.0,1157.0,34.0,11861,1,0,1,Pedestrian
92,1100.0,0.0,1157.0,34.0,11862,1,0,1,Pedestrian
92,1100.0,0.0,1157.0,34.0,11863,1,0,1,Pedestrian
92,1100.0,0.0,1157.0,34.0,11864,1,0,1,Pedestrian
92,1100.0,0.0,1157.0,34.0,11865,1,0,1,Pedestrian
92,1100.0,0.0,1157.0,34.0,11866,1,0,1,Pedestrian
92,1100.0,0.0,1157.0,34.0,11867,1,0,1,Pedestrian
92,1100.0,0.0,1157.0,34.0,11868,1,0,1,Pedestrian
92,1100.0,0.0,1157.0,34.0,11869,1,0,1,Pedestrian
92,1100.0,0.0,1157.0,34.0,11870,1,0,1,Pedestrian
92,1100.0,0.0,1157.0,34.0,11871,1,0,1,Pedestrian
92,1100.0,0.0,1157.0,34.0,11872,1,0,1,Pedestrian
92,1100.0,0.0,1157.0,34.0,11873,1,0,1,Pedestrian
92,1100.0,0.0,1157.0,34.0,11874,1,0,1,Pedestrian
92,1100.0,0.0,1157.0,34.0,11875,1,0,1,Pedestrian
92,1100.0,0.0,1157.0,34.0,11876,1,0,1,Pedestrian
92,1100.0,0.0,1157.0,34.0,11877,1,0,1,Pedestrian
92,1100.0,0.0,1157.0,34.0,11878,1,0,1,Pedestrian
92,1100.0,0.0,1157.0,34.0,11879,1,0,1,Pedestrian
92,1100.0,0.0,1157.0,34.0,11880,1,0,1,Pedestrian
92,1100.0,0.0,1157.0,34.0,11881,1,0,1,Pedestrian
92,1100.0,0.0,1157.0,34.0,11882,1,0,1,Pedestrian
92,1100.0,0.0,1157.0,34.0,11883,1,0,1,Pedestrian
92,1100.0,0.0,1157.0,34.0,11884,1,0,1,Pedestrian
92,1100.0,0.0,1157.0,34.0,11885,1,0,1,Pedestrian
92,1100.0,0.0,1157.0,34.0,11886,1,0,1,Pedestrian
92,1100.0,0.0,1157.0,34.0,11887,1,0,1,Pedestrian
92,1100.0,0.0,1157.0,34.0,11888,1,0,1,Pedestrian
92,1100.0,0.0,1157.0,34.0,11889,1,0,1,Pedestrian
92,1100.0,0.0,1157.0,34.0,11890,1,0,1,Pedestrian
92,1100.0,0.0,1157.0,34.0,11891,1,0,1,Pedestrian
92,1100.0,0.0,1157.0,34.0,11892,1,0,1,Pedestrian
92,1100.0,0.0,1157.0,34.0,11893,1,0,1,Pedestrian
92,1100.0,0.0,1157.0,34.0,11894,1,0,1,Pedestrian
92,1100.0,0.0,1157.0,34.0,11895,1,0,1,Pedestrian
92,1100.0,0.0,1157.0,34.0,11896,1,0,1,Pedestrian
92,1100.0,0.0,1157.0,34.0,11897,1,0,1,Pedestrian
92,1100.0,0.0,1157.0,34.0,11898,1,0,1,Pedestrian
92,1100.0,0.0,1157.0,34.0,11899,1,0,1,Pedestrian
92,1100.0,0.0,1157.0,34.0,11900,1,0,1,Pedestrian
92,1100.0,0.0,1157.0,34.0,11901,1,0,1,Pedestrian
92,1100.0,0.0,1157.0,34.0,11902,1,0,1,Pedestrian
92,1100.0,0.0,1157.0,34.0,11903,1,0,1,Pedestrian
92,1100.0,0.0,1157.0,34.0,11904,1,0,1,Pedestrian
92,1100.0,0.0,1157.0,34.0,11905,1,0,1,Pedestrian
92,1100.0,0.0,1157.0,34.0,11906,1,0,1,Pedestrian
92,1100.0,0.0,1157.0,34.0,11907,1,0,1,Pedestrian
92,1100.0,0.0,1157.0,34.0,11908,1,0,1,Pedestrian
92,1100.0,0.0,1157.0,34.0,11909,1,0,1,Pedestrian
92,1100.0,0.0,1157.0,34.0,11910,1,0,1,Pedestrian
92,1100.0,0.0,1157.0,34.0,11911,1,0,1,Pedestrian
92,1100.0,0.0,1157.0,34.0,11912,1,0,1,Pedestrian
92,1100.0,0.0,1157.0,34.0,11913,1,0,1,Pedestrian
92,1100.0,0.0,1157.0,34.0,11914,1,0,1,Pedestrian
92,1100.0,0.0,1157.0,34.0,11915,1,0,1,Pedestrian
92,1100.0,0.0,1157.0,34.0,11916,1,0,1,Pedestrian
92,1100.0,0.0,1157.0,34.0,11917,1,0,1,Pedestrian
92,1100.0,0.0,1157.0,34.0,11918,1,0,1,Pedestrian
92,1100.0,0.0,1157.0,34.0,11919,1,0,1,Pedestrian
92,1100.0,0.0,1157.0,34.0,11920,1,0,1,Pedestrian
92,1100.0,0.0,1157.0,34.0,11921,1,0,1,Pedestrian
92,1100.0,0.0,1157.0,34.0,11922,1,0,1,Pedestrian
92,1100.0,0.0,1157.0,34.0,11923,1,0,1,Pedestrian
92,1100.0,0.0,1157.0,34.0,11924,1,0,1,Pedestrian
92,1100.0,0.0,1157.0,34.0,11925,1,0,1,Pedestrian
92,1100.0,0.0,1157.0,34.0,11926,1,0,1,Pedestrian
92,1100.0,0.0,1157.0,34.0,11927,1,0,1,Pedestrian
92,1100.0,0.0,1157.0,34.0,11928,1,0,1,Pedestrian
92,1100.0,0.0,1157.0,34.0,11929,1,0,1,Pedestrian
92,1100.0,0.0,1157.0,34.0,11930,1,0,1,Pedestrian
92,1100.0,0.0,1157.0,34.0,11931,1,0,1,Pedestrian
92,1100.0,0.0,1157.0,34.0,11932,1,0,1,Pedestrian
92,1100.0,0.0,1157.0,34.0,11933,1,0,1,Pedestrian
92,1100.0,0.0,1157.0,34.0,11934,1,0,1,Pedestrian
92,1100.0,0.0,1157.0,34.0,11935,1,0,1,Pedestrian
92,1100.0,0.0,1157.0,34.0,11936,1,0,1,Pedestrian
92,1100.0,0.0,1157.0,34.0,11937,1,0,1,Pedestrian
92,1100.0,0.0,1157.0,34.0,11938,1,0,1,Pedestrian
92,1100.0,0.0,1157.0,34.0,11939,1,0,1,Pedestrian
92,1100.0,0.0,1157.0,34.0,11940,1,0,1,Pedestrian
92,1100.0,0.0,1157.0,34.0,11941,1,0,1,Pedestrian
92,1100.0,0.0,1157.0,34.0,11942,1,0,1,Pedestrian
92,1100.0,0.0,1157.0,34.0,11943,1,0,1,Pedestrian
92,1100.0,0.0,1157.0,34.0,11944,1,0,1,Pedestrian
92,1100.0,0.0,1157.0,34.0,11945,1,0,1,Pedestrian
92,1100.0,0.0,1157.0,34.0,11946,1,0,1,Pedestrian
92,1100.0,0.0,1157.0,34.0,11947,1,0,1,Pedestrian
92,1100.0,0.0,1157.0,34.0,11948,1,0,1,Pedestrian
92,1100.0,0.0,1157.0,34.0,11949,1,0,1,Pedestrian
92,1100.0,0.0,1157.0,34.0,11950,1,0,1,Pedestrian
92,1100.0,0.0,1157.0,34.0,11951,1,0,1,Pedestrian
92,1100.0,0.0,1157.0,34.0,11952,1,0,1,Pedestrian
92,1100.0,0.0,1157.0,34.0,11953,1,0,1,Pedestrian
92,1100.0,0.0,1157.0,34.0,11954,1,0,1,Pedestrian
92,1100.0,0.0,1157.0,34.0,11955,1,0,1,Pedestrian
92,1100.0,0.0,1157.0,34.0,11956,1,0,1,Pedestrian
92,1100.0,0.0,1157.0,34.0,11957,1,0,1,Pedestrian
92,1100.0,0.0,1157.0,34.0,11958,1,0,1,Pedestrian
92,1100.0,0.0,1157.0,34.0,11959,1,0,1,Pedestrian
92,1100.0,0.0,1157.0,34.0,11960,1,0,1,Pedestrian
92,1100.0,0.0,1157.0,34.0,11961,1,0,1,Pedestrian
92,1100.0,0.0,1157.0,34.0,11962,1,0,1,Pedestrian
92,1100.0,0.0,1157.0,34.0,11963,1,0,1,Pedestrian
92,1100.0,0.0,1157.0,34.0,11964,1,0,1,Pedestrian
92,1100.0,0.0,1157.0,34.0,11965,1,0,0,Pedestrian
93,52.0,922.0,55.0,924.0,9500,1,0,0,Biker
93,49.0,922.0,55.0,924.0,9501,1,0,1,Biker
93,49.0,922.0,55.0,924.0,9502,1,0,1,Biker
93,49.0,922.0,55.0,924.0,9503,1,0,1,Biker
93,49.0,922.0,55.0,924.0,9504,1,0,1,Biker
93,49.0,922.0,55.0,924.0,9505,1,0,1,Biker
93,49.0,922.0,55.0,924.0,9506,1,0,1,Biker
93,49.0,922.0,55.0,926.0,9507,1,0,1,Biker
93,49.0,922.0,55.0,926.0,9508,1,0,1,Biker
93,49.0,922.0,55.0,926.0,9509,1,0,1,Biker
93,49.0,922.0,55.0,926.0,9510,1,0,1,Biker
93,49.0,922.0,55.0,926.0,9511,1,0,1,Biker
93,49.0,922.0,55.0,926.0,9512,1,0,1,Biker
93,49.0,922.0,55.0,926.0,9513,1,0,1,Biker
93,49.0,922.0,55.0,929.0,9514,1,0,1,Biker
93,46.0,922.0,55.0,929.0,9515,1,0,1,Biker
93,46.0,922.0,55.0,929.0,9516,1,0,1,Biker
93,46.0,922.0,55.0,929.0,9517,1,0,1,Biker
93,46.0,922.0,55.0,929.0,9518,1,0,1,Biker
93,46.0,922.0,55.0,929.0,9519,1,0,1,Biker
93,46.0,922.0,55.0,931.0,9520,1,0,1,Biker
93,46.0,922.0,55.0,931.0,9521,1,0,1,Biker
93,46.0,922.0,55.0,931.0,9522,1,0,1,Biker
93,46.0,922.0,55.0,931.0,9523,1,0,1,Biker
93,46.0,924.0,55.0,931.0,9524,1,0,1,Biker
93,46.0,924.0,55.0,931.0,9525,1,0,1,Biker
93,46.0,924.0,55.0,931.0,9526,1,0,1,Biker
93,46.0,924.0,55.0,933.0,9527,1,0,1,Biker
93,46.0,924.0,55.0,933.0,9528,1,0,1,Biker
93,44.0,924.0,57.0,933.0,9529,1,0,1,Biker
93,44.0,924.0,57.0,933.0,9530,1,0,1,Biker
93,44.0,924.0,57.0,933.0,9531,1,0,1,Biker
93,44.0,924.0,57.0,933.0,9532,1,0,1,Biker
93,44.0,924.0,57.0,933.0,9533,1,0,1,Biker
93,44.0,924.0,57.0,935.0,9534,1,0,1,Biker
93,44.0,924.0,57.0,935.0,9535,1,0,1,Biker
93,44.0,924.0,57.0,935.0,9536,1,0,1,Biker
93,44.0,924.0,57.0,935.0,9537,1,0,1,Biker
93,44.0,924.0,57.0,935.0,9538,1,0,1,Biker
93,44.0,924.0,57.0,935.0,9539,1,0,1,Biker
93,44.0,924.0,57.0,938.0,9540,1,0,1,Biker
93,44.0,924.0,57.0,938.0,9541,1,0,1,Biker
93,44.0,924.0,57.0,938.0,9542,1,0,1,Biker
93,44.0,924.0,57.0,938.0,9543,1,0,1,Biker
93,41.0,924.0,57.0,938.0,9544,1,0,1,Biker
93,41.0,924.0,57.0,938.0,9545,1,0,1,Biker
93,41.0,924.0,57.0,938.0,9546,1,0,1,Biker
93,41.0,924.0,57.0,940.0,9547,1,0,1,Biker
93,41.0,926.0,57.0,940.0,9548,1,0,1,Biker
93,41.0,926.0,57.0,940.0,9549,1,0,1,Biker
93,41.0,926.0,57.0,940.0,9550,1,0,1,Biker
93,41.0,926.0,57.0,940.0,9551,1,0,1,Biker
93,41.0,926.0,57.0,940.0,9552,1,0,1,Biker
93,41.0,926.0,57.0,940.0,9553,1,0,1,Biker
93,41.0,926.0,57.0,942.0,9554,1,0,1,Biker
93,41.0,926.0,57.0,942.0,9555,1,0,1,Biker
93,41.0,926.0,57.0,942.0,9556,1,0,1,Biker
93,41.0,926.0,57.0,942.0,9557,1,0,1,Biker
93,38.0,926.0,60.0,942.0,9558,1,0,1,Biker
93,38.0,926.0,60.0,942.0,9559,1,0,1,Biker
93,38.0,926.0,60.0,944.0,9560,1,0,1,Biker
93,38.0,926.0,60.0,944.0,9561,1,0,1,Biker
93,38.0,926.0,60.0,944.0,9562,1,0,1,Biker
93,38.0,926.0,60.0,944.0,9563,1,0,1,Biker
93,38.0,926.0,60.0,944.0,9564,1,0,1,Biker
93,38.0,926.0,60.0,944.0,9565,1,0,1,Biker
93,38.0,926.0,60.0,944.0,9566,1,0,1,Biker
93,38.0,926.0,60.0,947.0,9567,1,0,1,Biker
93,38.0,926.0,60.0,947.0,9568,1,0,1,Biker
93,38.0,926.0,60.0,947.0,9569,1,0,1,Biker
93,38.0,926.0,60.0,947.0,9570,1,0,1,Biker
93,38.0,929.0,60.0,947.0,9571,1,0,1,Biker
93,38.0,929.0,60.0,947.0,9572,1,0,1,Biker
93,35.0,929.0,60.0,947.0,9573,1,0,1,Biker
93,35.0,929.0,60.0,949.0,9574,1,0,1,Biker
93,35.0,929.0,60.0,949.0,9575,1,0,1,Biker
93,35.0,929.0,60.0,949.0,9576,1,0,1,Biker
93,35.0,929.0,60.0,949.0,9577,1,0,1,Biker
93,35.0,929.0,60.0,949.0,9578,1,0,1,Biker
93,35.0,929.0,60.0,949.0,9579,1,0,1,Biker
93,35.0,929.0,60.0,951.0,9580,1,0,1,Biker
93,35.0,929.0,60.0,951.0,9581,1,0,1,Biker
93,35.0,929.0,60.0,951.0,9582,1,0,1,Biker
93,35.0,929.0,60.0,951.0,9583,1,0,1,Biker
93,35.0,929.0,60.0,951.0,9584,1,0,1,Biker
93,35.0,929.0,60.0,951.0,9585,1,0,1,Biker
93,35.0,929.0,60.0,951.0,9586,1,0,1,Biker
93,33.0,929.0,63.0,954.0,9587,1,0,1,Biker
93,33.0,929.0,63.0,954.0,9588,1,0,1,Biker
93,33.0,929.0,63.0,954.0,9589,1,0,1,Biker
93,33.0,929.0,63.0,954.0,9590,1,0,1,Biker
93,33.0,929.0,63.0,954.0,9591,1,0,1,Biker
93,33.0,929.0,63.0,954.0,9592,1,0,1,Biker
93,33.0,929.0,63.0,954.0,9593,1,0,1,Biker
93,33.0,929.0,63.0,956.0,9594,1,0,1,Biker
93,33.0,931.0,63.0,956.0,9595,1,0,1,Biker
93,33.0,931.0,63.0,956.0,9596,1,0,1,Biker
93,33.0,931.0,63.0,956.0,9597,1,0,1,Biker
93,33.0,931.0,63.0,956.0,9598,1,0,1,Biker
93,33.0,931.0,63.0,956.0,9599,1,0,1,Biker
93,33.0,931.0,63.0,958.0,9600,1,0,1,Biker
93,33.0,931.0,63.0,958.0,9601,1,0,1,Biker
93,30.0,931.0,63.0,958.0,9602,1,0,1,Biker
93,30.0,931.0,63.0,958.0,9603,1,0,1,Biker
93,30.0,931.0,63.0,958.0,9604,1,0,1,Biker
93,30.0,931.0,63.0,958.0,9605,1,0,1,Biker
93,30.0,931.0,63.0,958.0,9606,1,0,1,Biker
93,30.0,931.0,63.0,960.0,9607,1,0,1,Biker
93,30.0,931.0,63.0,960.0,9608,1,0,1,Biker
93,30.0,931.0,63.0,960.0,9609,1,0,1,Biker
93,30.0,931.0,63.0,960.0,9610,1,0,1,Biker
93,30.0,931.0,63.0,960.0,9611,1,0,1,Biker
93,30.0,931.0,63.0,960.0,9612,1,0,1,Biker
93,30.0,931.0,63.0,960.0,9613,1,0,1,Biker
93,30.0,931.0,63.0,963.0,9614,1,0,1,Biker
93,30.0,931.0,63.0,963.0,9615,1,0,1,Biker
93,27.0,931.0,66.0,963.0,9616,1,0,1,Biker
93,27.0,931.0,66.0,963.0,9617,1,0,1,Biker
93,27.0,931.0,66.0,963.0,9618,1,0,1,Biker
93,27.0,933.0,66.0,963.0,9619,1,0,1,Biker
93,27.0,933.0,66.0,965.0,9620,1,0,1,Biker
93,27.0,933.0,66.0,965.0,9621,1,0,1,Biker
93,27.0,933.0,66.0,965.0,9622,1,0,1,Biker
93,27.0,933.0,66.0,965.0,9623,1,0,1,Biker
93,27.0,933.0,66.0,965.0,9624,1,0,1,Biker
93,27.0,933.0,66.0,965.0,9625,1,0,1,Biker
93,27.0,933.0,66.0,965.0,9626,1,0,1,Biker
93,27.0,933.0,66.0,967.0,9627,1,0,1,Biker
93,27.0,933.0,66.0,967.0,9628,1,0,1,Biker
93,27.0,933.0,66.0,967.0,9629,1,0,1,Biker
93,27.0,933.0,66.0,967.0,9630,1,0,1,Biker
93,24.0,933.0,66.0,967.0,9631,1,0,1,Biker
93,24.0,933.0,66.0,967.0,9632,1,0,1,Biker
93,24.0,933.0,66.0,967.0,9633,1,0,1,Biker
93,24.0,933.0,66.0,970.0,9634,1,0,1,Biker
93,24.0,933.0,66.0,970.0,9635,1,0,1,Biker
93,24.0,933.0,66.0,970.0,9636,1,0,1,Biker
93,24.0,933.0,66.0,970.0,9637,1,0,1,Biker
93,24.0,933.0,66.0,970.0,9638,1,0,1,Biker
93,24.0,933.0,66.0,970.0,9639,1,0,1,Biker
93,24.0,933.0,66.0,972.0,9640,1,0,1,Biker
93,24.0,933.0,66.0,972.0,9641,1,0,1,Biker
93,24.0,935.0,66.0,972.0,9642,1,0,1,Biker
93,24.0,935.0,66.0,972.0,9643,1,0,1,Biker
93,24.0,935.0,66.0,972.0,9644,1,0,1,Biker
93,22.0,935.0,68.0,972.0,9645,1,0,1,Biker
93,22.0,935.0,68.0,972.0,9646,1,0,1,Biker
93,22.0,935.0,68.0,974.0,9647,1,0,1,Biker
93,22.0,935.0,68.0,974.0,9648,1,0,1,Biker
93,22.0,935.0,68.0,974.0,9649,1,0,1,Biker
93,22.0,935.0,68.0,974.0,9650,1,0,1,Biker
93,22.0,935.0,68.0,974.0,9651,1,0,1,Biker
93,22.0,935.0,68.0,974.0,9652,1,0,1,Biker
93,22.0,935.0,68.0,974.0,9653,1,0,1,Biker
93,22.0,935.0,68.0,976.0,9654,1,0,1,Biker
93,22.0,935.0,68.0,976.0,9655,1,0,1,Biker
93,22.0,935.0,68.0,976.0,9656,1,0,1,Biker
93,22.0,935.0,68.0,976.0,9657,1,0,1,Biker
93,22.0,935.0,68.0,976.0,9658,1,0,1,Biker
93,19.0,935.0,68.0,976.0,9659,1,0,1,Biker
93,19.0,935.0,68.0,979.0,9660,1,0,1,Biker
93,19.0,935.0,68.0,979.0,9661,1,0,1,Biker
93,19.0,935.0,68.0,979.0,9662,1,0,1,Biker
93,19.0,935.0,68.0,979.0,9663,1,0,1,Biker
93,19.0,935.0,68.0,979.0,9664,1,0,1,Biker
93,19.0,935.0,68.0,979.0,9665,1,0,1,Biker
93,19.0,938.0,68.0,979.0,9666,1,0,1,Biker
93,19.0,938.0,68.0,981.0,9667,1,0,1,Biker
93,19.0,938.0,68.0,981.0,9668,1,0,1,Biker
93,19.0,938.0,68.0,981.0,9669,1,0,1,Biker
93,19.0,938.0,68.0,981.0,9670,1,0,1,Biker
93,19.0,938.0,68.0,981.0,9671,1,0,1,Biker
93,19.0,938.0,68.0,981.0,9672,1,0,1,Biker
93,19.0,938.0,68.0,981.0,9673,1,0,1,Biker
93,16.0,938.0,71.0,983.0,9674,1,0,1,Biker
93,16.0,938.0,71.0,983.0,9675,1,0,1,Biker
93,16.0,938.0,71.0,983.0,9676,1,0,1,Biker
93,16.0,938.0,71.0,983.0,9677,1,0,1,Biker
93,16.0,938.0,71.0,983.0,9678,1,0,1,Biker
93,16.0,938.0,71.0,983.0,9679,1,0,1,Biker
93,16.0,938.0,71.0,985.0,9680,1,0,1,Biker
93,16.0,938.0,71.0,985.0,9681,1,0,1,Biker
93,16.0,938.0,71.0,985.0,9682,1,0,1,Biker
93,16.0,938.0,71.0,985.0,9683,1,0,1,Biker
93,16.0,938.0,71.0,985.0,9684,1,0,1,Biker
93,16.0,938.0,71.0,985.0,9685,1,0,1,Biker
93,16.0,938.0,71.0,985.0,9686,1,0,1,Biker
93,16.0,938.0,71.0,988.0,9687,1,0,1,Biker
93,13.0,938.0,71.0,988.0,9688,1,0,1,Biker
93,13.0,938.0,71.0,988.0,9689,1,0,1,Biker
93,13.0,940.0,71.0,988.0,9690,1,0,1,Biker
93,13.0,940.0,71.0,988.0,9691,1,0,1,Biker
93,13.0,940.0,71.0,988.0,9692,1,0,1,Biker
93,13.0,940.0,71.0,988.0,9693,1,0,1,Biker
93,13.0,940.0,71.0,990.0,9694,1,0,1,Biker
93,13.0,940.0,71.0,990.0,9695,1,0,1,Biker
93,13.0,940.0,71.0,990.0,9696,1,0,1,Biker
93,13.0,940.0,71.0,990.0,9697,1,0,1,Biker
93,13.0,940.0,71.0,990.0,9698,1,0,1,Biker
93,13.0,940.0,71.0,990.0,9699,1,0,1,Biker
93,13.0,940.0,71.0,992.0,9700,1,0,1,Biker
93,13.0,940.0,71.0,992.0,9701,1,0,1,Biker
93,13.0,940.0,71.0,992.0,9702,1,0,1,Biker
93,11.0,940.0,74.0,992.0,9703,1,0,1,Biker
93,11.0,940.0,74.0,992.0,9704,1,0,1,Biker
93,11.0,940.0,74.0,992.0,9705,1,0,1,Biker
93,11.0,940.0,74.0,992.0,9706,1,0,1,Biker
93,11.0,940.0,74.0,995.0,9707,1,0,1,Biker
93,11.0,940.0,74.0,995.0,9708,1,0,1,Biker
93,11.0,940.0,74.0,995.0,9709,1,0,1,Biker
93,11.0,940.0,74.0,995.0,9710,1,0,1,Biker
93,11.0,940.0,74.0,995.0,9711,1,0,1,Biker
93,11.0,940.0,74.0,995.0,9712,1,0,1,Biker
93,11.0,942.0,74.0,995.0,9713,1,0,1,Biker
93,11.0,942.0,74.0,997.0,9714,1,0,1,Biker
93,11.0,942.0,74.0,997.0,9715,1,0,1,Biker
93,11.0,942.0,74.0,997.0,9716,1,0,1,Biker
93,8.0,942.0,74.0,997.0,9717,1,0,1,Biker
93,8.0,942.0,74.0,997.0,9718,1,0,1,Biker
93,8.0,942.0,74.0,997.0,9719,1,0,1,Biker
93,8.0,942.0,74.0,999.0,9720,1,0,1,Biker
93,8.0,942.0,74.0,999.0,9721,1,0,1,Biker
93,8.0,942.0,74.0,999.0,9722,1,0,1,Biker
93,8.0,942.0,74.0,999.0,9723,1,0,1,Biker
93,8.0,942.0,74.0,999.0,9724,1,0,1,Biker
93,8.0,942.0,74.0,999.0,9725,1,0,1,Biker
93,8.0,942.0,74.0,999.0,9726,1,0,1,Biker
93,8.0,942.0,74.0,1001.0,9727,1,0,1,Biker
93,8.0,942.0,74.0,1001.0,9728,1,0,1,Biker
93,8.0,942.0,74.0,1001.0,9729,1,0,1,Biker
93,8.0,942.0,74.0,1001.0,9730,1,0,1,Biker
93,8.0,942.0,74.0,1001.0,9731,1,0,1,Biker
93,5.0,942.0,77.0,1001.0,9732,1,0,1,Biker
93,5.0,942.0,77.0,1001.0,9733,1,0,1,Biker
93,5.0,942.0,77.0,1004.0,9734,1,0,1,Biker
93,5.0,942.0,77.0,1004.0,9735,1,0,1,Biker
93,5.0,942.0,77.0,1004.0,9736,1,0,1,Biker
93,5.0,944.0,77.0,1004.0,9737,1,0,1,Biker
93,5.0,944.0,77.0,1004.0,9738,1,0,1,Biker
93,5.0,944.0,77.0,1004.0,9739,1,0,1,Biker
93,5.0,944.0,77.0,1006.0,9740,1,0,1,Biker
93,5.0,944.0,77.0,1006.0,9741,1,0,1,Biker
93,5.0,944.0,77.0,1006.0,9742,1,0,1,Biker
93,5.0,944.0,77.0,1006.0,9743,1,0,1,Biker
93,5.0,944.0,77.0,1006.0,9744,1,0,1,Biker
93,5.0,944.0,77.0,1006.0,9745,1,0,1,Biker
93,2.0,944.0,77.0,1006.0,9746,1,0,1,Biker
93,2.0,944.0,77.0,1008.0,9747,1,0,1,Biker
93,2.0,944.0,77.0,1008.0,9748,1,0,1,Biker
93,2.0,944.0,77.0,1008.0,9749,1,0,1,Biker
93,2.0,944.0,77.0,1008.0,9750,1,0,1,Biker
93,2.0,944.0,77.0,1008.0,9751,1,0,1,Biker
93,2.0,944.0,77.0,1008.0,9752,1,0,1,Biker
93,2.0,944.0,77.0,1008.0,9753,1,0,1,Biker
93,2.0,944.0,77.0,1011.0,9754,1,0,1,Biker
93,2.0,944.0,77.0,1011.0,9755,1,0,1,Biker
93,2.0,944.0,77.0,1011.0,9756,1,0,1,Biker
93,2.0,944.0,77.0,1011.0,9757,1,0,1,Biker
93,2.0,944.0,77.0,1011.0,9758,1,0,1,Biker
93,2.0,944.0,77.0,1011.0,9759,1,0,1,Biker
93,2.0,947.0,79.0,1013.0,9760,0,0,0,Biker
93,2.0,944.0,79.0,1011.0,9761,0,0,1,Biker
93,5.0,944.0,82.0,1008.0,9762,0,0,1,Biker
93,5.0,944.0,82.0,1008.0,9763,0,0,1,Biker
93,8.0,942.0,85.0,1006.0,9764,0,0,1,Biker
93,8.0,942.0,85.0,1006.0,9765,0,0,1,Biker
93,11.0,942.0,88.0,1004.0,9766,0,0,1,Biker
93,11.0,940.0,90.0,1001.0,9767,0,0,1,Biker
93,13.0,940.0,90.0,1001.0,9768,0,0,1,Biker
93,13.0,940.0,93.0,999.0,9769,0,0,1,Biker
93,16.0,940.0,93.0,999.0,9770,0,0,1,Biker
93,16.0,938.0,96.0,997.0,9771,0,0,1,Biker
93,19.0,938.0,96.0,997.0,9772,0,0,1,Biker
93,19.0,938.0,99.0,995.0,9773,0,0,1,Biker
93,22.0,935.0,101.0,992.0,9774,0,0,1,Biker
93,22.0,935.0,101.0,992.0,9775,0,0,1,Biker
93,24.0,935.0,104.0,990.0,9776,0,0,1,Biker
93,24.0,933.0,104.0,990.0,9777,0,0,1,Biker
93,27.0,933.0,107.0,988.0,9778,0,0,1,Biker
93,27.0,933.0,107.0,988.0,9779,0,0,1,Biker
93,30.0,933.0,110.0,985.0,9780,0,0,1,Biker
93,33.0,931.0,112.0,983.0,9781,0,0,1,Biker
93,33.0,931.0,112.0,983.0,9782,0,0,1,Biker
93,35.0,931.0,115.0,981.0,9783,0,0,1,Biker
93,35.0,929.0,115.0,981.0,9784,0,0,1,Biker
93,38.0,929.0,118.0,979.0,9785,0,0,1,Biker
93,38.0,929.0,118.0,979.0,9786,0,0,1,Biker
93,41.0,926.0,121.0,976.0,9787,0,0,1,Biker
93,41.0,926.0,123.0,974.0,9788,0,0,1,Biker
93,44.0,926.0,123.0,974.0,9789,0,0,1,Biker
93,44.0,926.0,126.0,972.0,9790,0,0,1,Biker
93,46.0,924.0,126.0,972.0,9791,0,0,1,Biker
93,46.0,924.0,129.0,970.0,9792,0,0,1,Biker
93,49.0,924.0,129.0,970.0,9793,0,0,1,Biker
93,49.0,922.0,132.0,967.0,9794,0,0,1,Biker
93,52.0,922.0,134.0,965.0,9795,0,0,1,Biker
93,52.0,922.0,134.0,965.0,9796,0,0,1,Biker
93,55.0,919.0,137.0,963.0,9797,0,0,1,Biker
93,55.0,919.0,137.0,963.0,9798,0,0,1,Biker
93,57.0,919.0,140.0,960.0,9799,0,0,1,Biker
93,60.0,919.0,143.0,960.0,9800,0,0,0,Biker
93,63.0,917.0,145.0,958.0,9801,0,0,1,Biker
93,66.0,917.0,148.0,958.0,9802,0,0,1,Biker
93,68.0,917.0,151.0,958.0,9803,0,0,1,Biker
93,71.0,917.0,154.0,958.0,9804,0,0,1,Biker
93,74.0,917.0,156.0,958.0,9805,0,0,1,Biker
93,77.0,917.0,159.0,958.0,9806,0,0,1,Biker
93,79.0,917.0,162.0,958.0,9807,0,0,1,Biker
93,82.0,917.0,165.0,958.0,9808,0,0,1,Biker
93,85.0,917.0,167.0,958.0,9809,0,0,1,Biker
93,90.0,917.0,173.0,958.0,9810,0,0,0,Biker
93,93.0,915.0,176.0,956.0,9811,0,0,1,Biker
93,96.0,915.0,178.0,956.0,9812,0,0,1,Biker
93,101.0,913.0,184.0,954.0,9813,0,0,1,Biker
93,104.0,913.0,187.0,954.0,9814,0,0,1,Biker
93,107.0,913.0,189.0,954.0,9815,0,0,1,Biker
93,112.0,910.0,195.0,951.0,9816,0,0,1,Biker
93,115.0,910.0,198.0,951.0,9817,0,0,1,Biker
93,118.0,910.0,200.0,951.0,9818,0,0,1,Biker
93,123.0,908.0,206.0,949.0,9819,0,0,1,Biker
93,126.0,908.0,209.0,949.0,9820,0,0,1,Biker
93,129.0,908.0,211.0,949.0,9821,0,0,1,Biker
93,134.0,906.0,217.0,947.0,9822,0,0,1,Biker
93,137.0,906.0,220.0,947.0,9823,0,0,1,Biker
93,143.0,906.0,225.0,947.0,9824,0,0,1,Biker
93,145.0,904.0,228.0,944.0,9825,0,0,1,Biker
93,148.0,904.0,231.0,944.0,9826,0,0,1,Biker
93,154.0,904.0,236.0,944.0,9827,0,0,1,Biker
93,156.0,901.0,239.0,942.0,9828,0,0,1,Biker
93,159.0,901.0,242.0,942.0,9829,0,0,1,Biker
93,165.0,901.0,247.0,942.0,9830,0,0,1,Biker
93,167.0,899.0,250.0,940.0,9831,0,0,1,Biker
93,170.0,899.0,253.0,940.0,9832,0,0,1,Biker
93,176.0,899.0,258.0,940.0,9833,0,0,1,Biker
93,178.0,897.0,261.0,938.0,9834,0,0,1,Biker
93,184.0,897.0,266.0,938.0,9835,0,0,1,Biker
93,187.0,897.0,269.0,938.0,9836,0,0,1,Biker
93,189.0,894.0,272.0,935.0,9837,0,0,1,Biker
93,195.0,894.0,277.0,935.0,9838,0,0,1,Biker
93,198.0,894.0,280.0,935.0,9839,0,0,1,Biker
93,200.0,892.0,283.0,933.0,9840,0,0,1,Biker
93,206.0,892.0,288.0,933.0,9841,0,0,1,Biker
93,209.0,892.0,291.0,933.0,9842,0,0,1,Biker
93,211.0,890.0,294.0,931.0,9843,0,0,1,Biker
93,217.0,890.0,299.0,931.0,9844,0,0,1,Biker
93,220.0,890.0,302.0,931.0,9845,0,0,1,Biker
93,222.0,888.0,305.0,929.0,9846,0,0,1,Biker
93,228.0,888.0,310.0,929.0,9847,0,0,1,Biker
93,231.0,888.0,313.0,929.0,9848,0,0,1,Biker
93,236.0,885.0,319.0,926.0,9849,0,0,1,Biker
93,239.0,885.0,321.0,926.0,9850,0,0,1,Biker
93,242.0,885.0,324.0,926.0,9851,0,0,1,Biker
93,247.0,883.0,330.0,924.0,9852,0,0,1,Biker
93,250.0,883.0,332.0,924.0,9853,0,0,1,Biker
93,253.0,883.0,335.0,924.0,9854,0,0,1,Biker
93,258.0,881.0,341.0,922.0,9855,0,0,1,Biker
93,261.0,881.0,343.0,922.0,9856,0,0,1,Biker
93,264.0,881.0,346.0,922.0,9857,0,0,1,Biker
93,269.0,878.0,352.0,919.0,9858,0,0,1,Biker
93,272.0,878.0,354.0,919.0,9859,0,0,1,Biker
93,277.0,878.0,360.0,919.0,9860,0,0,0,Biker
93,283.0,878.0,365.0,919.0,9861,0,0,1,Biker
93,288.0,878.0,371.0,919.0,9862,0,0,1,Biker
93,294.0,878.0,376.0,919.0,9863,0,0,1,Biker
93,299.0,878.0,382.0,919.0,9864,0,0,1,Biker
93,305.0,878.0,387.0,919.0,9865,0,0,1,Biker
93,310.0,878.0,393.0,919.0,9866,0,0,1,Biker
93,316.0,878.0,398.0,919.0,9867,0,0,1,Biker
93,321.0,878.0,404.0,919.0,9868,0,0,1,Biker
93,327.0,878.0,409.0,919.0,9869,0,0,1,Biker
93,335.0,881.0,418.0,922.0,9870,0,0,0,Biker
93,338.0,878.0,420.0,919.0,9871,0,0,1,Biker
93,341.0,878.0,423.0,919.0,9872,0,0,1,Biker
93,343.0,878.0,426.0,919.0,9873,0,0,1,Biker
93,346.0,878.0,429.0,919.0,9874,0,0,1,Biker
93,349.0,878.0,431.0,919.0,9875,0,0,1,Biker
93,352.0,878.0,434.0,919.0,9876,0,0,1,Biker
93,354.0,876.0,437.0,917.0,9877,0,0,1,Biker
93,360.0,876.0,442.0,917.0,9878,0,0,1,Biker
93,363.0,876.0,445.0,917.0,9879,0,0,1,Biker
93,365.0,876.0,448.0,917.0,9880,0,0,1,Biker
93,368.0,876.0,451.0,917.0,9881,0,0,1,Biker
93,371.0,876.0,453.0,917.0,9882,0,0,1,Biker
93,374.0,874.0,456.0,915.0,9883,0,0,1,Biker
93,376.0,874.0,459.0,915.0,9884,0,0,1,Biker
93,382.0,874.0,464.0,915.0,9885,0,0,1,Biker
93,385.0,874.0,467.0,915.0,9886,0,0,1,Biker
93,387.0,874.0,470.0,915.0,9887,0,0,1,Biker
93,390.0,874.0,473.0,915.0,9888,0,0,1,Biker
93,393.0,872.0,475.0,913.0,9889,0,0,1,Biker
93,396.0,872.0,478.0,913.0,9890,0,0,1,Biker
93,398.0,872.0,481.0,913.0,9891,0,0,1,Biker
93,401.0,872.0,484.0,913.0,9892,0,0,1,Biker
93,407.0,872.0,489.0,913.0,9893,0,0,1,Biker
93,409.0,872.0,492.0,913.0,9894,0,0,1,Biker
93,412.0,869.0,495.0,910.0,9895,0,0,1,Biker
93,415.0,869.0,497.0,910.0,9896,0,0,1,Biker
93,418.0,869.0,500.0,910.0,9897,0,0,1,Biker
93,420.0,869.0,503.0,910.0,9898,0,0,1,Biker
93,423.0,869.0,506.0,910.0,9899,0,0,1,Biker
93,429.0,869.0,511.0,910.0,9900,0,0,0,Biker
93,431.0,867.0,514.0,908.0,9901,0,0,1,Biker
93,437.0,867.0,519.0,908.0,9902,0,0,1,Biker
93,440.0,865.0,522.0,906.0,9903,0,0,1,Biker
93,445.0,865.0,528.0,906.0,9904,0,0,1,Biker
93,448.0,865.0,530.0,906.0,9905,0,0,1,Biker
93,453.0,863.0,536.0,904.0,9906,0,0,1,Biker
93,456.0,863.0,539.0,904.0,9907,0,0,1,Biker
93,462.0,860.0,544.0,901.0,9908,0,0,1,Biker
93,464.0,860.0,547.0,901.0,9909,0,0,1,Biker
93,470.0,860.0,552.0,901.0,9910,0,0,1,Biker
93,473.0,858.0,555.0,899.0,9911,0,0,1,Biker
93,478.0,858.0,561.0,899.0,9912,0,0,1,Biker
93,481.0,858.0,563.0,899.0,9913,0,0,1,Biker
93,486.0,856.0,569.0,897.0,9914,0,0,1,Biker
93,489.0,856.0,572.0,897.0,9915,0,0,1,Biker
93,495.0,853.0,577.0,894.0,9916,0,0,1,Biker
93,497.0,853.0,580.0,894.0,9917,0,0,1,Biker
93,503.0,853.0,585.0,894.0,9918,0,0,1,Biker
93,506.0,851.0,588.0,892.0,9919,0,0,1,Biker
93,511.0,851.0,594.0,892.0,9920,0,0,1,Biker
93,514.0,849.0,596.0,890.0,9921,0,0,1,Biker
93,519.0,849.0,602.0,890.0,9922,0,0,1,Biker
93,522.0,849.0,605.0,890.0,9923,0,0,1,Biker
93,528.0,847.0,610.0,888.0,9924,0,0,1,Biker
93,530.0,847.0,613.0,888.0,9925,0,0,1,Biker
93,536.0,847.0,618.0,888.0,9926,0,0,1,Biker
93,539.0,844.0,621.0,885.0,9927,0,0,1,Biker
93,544.0,844.0,627.0,885.0,9928,0,0,1,Biker
93,547.0,842.0,629.0,883.0,9929,0,0,1,Biker
93,552.0,842.0,635.0,883.0,9930,0,0,1,Biker
93,558.0,842.0,640.0,883.0,9931,0,0,1,Biker
93,561.0,840.0,643.0,881.0,9932,0,0,1,Biker
93,566.0,840.0,649.0,881.0,9933,0,0,1,Biker
93,569.0,837.0,651.0,878.0,9934,0,0,1,Biker
93,574.0,837.0,657.0,878.0,9935,0,0,1,Biker
93,577.0,837.0,660.0,878.0,9936,0,0,1,Biker
93,583.0,835.0,665.0,876.0,9937,0,0,1,Biker
93,585.0,835.0,668.0,876.0,9938,0,0,1,Biker
93,591.0,835.0,673.0,876.0,9939,0,0,1,Biker
93,594.0,833.0,676.0,874.0,9940,0,0,1,Biker
93,599.0,833.0,682.0,874.0,9941,0,0,1,Biker
93,602.0,831.0,684.0,872.0,9942,0,0,1,Biker
93,607.0,831.0,690.0,872.0,9943,0,0,1,Biker
93,610.0,831.0,693.0,872.0,9944,0,0,1,Biker
93,616.0,828.0,698.0,869.0,9945,0,0,1,Biker
93,618.0,828.0,701.0,869.0,9946,0,0,1,Biker
93,624.0,826.0,706.0,867.0,9947,0,0,1,Biker
93,627.0,826.0,709.0,867.0,9948,0,0,1,Biker
93,632.0,826.0,715.0,867.0,9949,0,0,1,Biker
93,635.0,824.0,717.0,865.0,9950,0,0,1,Biker
93,640.0,824.0,723.0,865.0,9951,0,0,1,Biker
93,643.0,824.0,726.0,865.0,9952,0,0,1,Biker
93,649.0,822.0,731.0,863.0,9953,0,0,1,Biker
93,651.0,822.0,734.0,863.0,9954,0,0,1,Biker
93,657.0,819.0,739.0,860.0,9955,0,0,1,Biker
93,660.0,819.0,742.0,860.0,9956,0,0,1,Biker
93,665.0,819.0,748.0,860.0,9957,0,0,1,Biker
93,668.0,817.0,750.0,858.0,9958,0,0,1,Biker
93,673.0,817.0,756.0,858.0,9959,0,0,1,Biker
93,679.0,817.0,761.0,858.0,9960,0,0,0,Biker
93,682.0,815.0,764.0,856.0,9961,0,0,1,Biker
93,687.0,815.0,770.0,856.0,9962,0,0,1,Biker
93,690.0,812.0,772.0,853.0,9963,0,0,1,Biker
93,695.0,812.0,778.0,853.0,9964,0,0,1,Biker
93,698.0,810.0,781.0,851.0,9965,0,0,1,Biker
93,704.0,810.0,786.0,851.0,9966,0,0,1,Biker
93,706.0,810.0,789.0,851.0,9967,0,0,1,Biker
93,712.0,808.0,794.0,849.0,9968,0,0,1,Biker
93,715.0,808.0,797.0,849.0,9969,0,0,1,Biker
93,720.0,806.0,803.0,847.0,9970,0,0,1,Biker
93,723.0,806.0,805.0,847.0,9971,0,0,1,Biker
93,728.0,806.0,811.0,847.0,9972,0,0,1,Biker
93,731.0,803.0,814.0,844.0,9973,0,0,1,Biker
93,737.0,803.0,819.0,844.0,9974,0,0,1,Biker
93,739.0,801.0,822.0,842.0,9975,0,0,1,Biker
93,745.0,801.0,827.0,842.0,9976,0,0,1,Biker
93,748.0,799.0,830.0,840.0,9977,0,0,1,Biker
93,753.0,799.0,836.0,840.0,9978,0,0,1,Biker
93,756.0,799.0,838.0,840.0,9979,0,0,1,Biker
93,761.0,796.0,844.0,837.0,9980,0,0,1,Biker
93,764.0,796.0,847.0,837.0,9981,0,0,1,Biker
93,770.0,794.0,852.0,835.0,9982,0,0,1,Biker
93,772.0,794.0,855.0,835.0,9983,0,0,1,Biker
93,778.0,794.0,860.0,835.0,9984,0,0,1,Biker
93,781.0,792.0,863.0,833.0,9985,0,0,1,Biker
93,786.0,792.0,869.0,833.0,9986,0,0,1,Biker
93,789.0,790.0,871.0,831.0,9987,0,0,1,Biker
93,794.0,790.0,877.0,831.0,9988,0,0,1,Biker
93,797.0,787.0,880.0,828.0,9989,0,0,1,Biker
93,803.0,787.0,885.0,828.0,9990,0,0,1,Biker
93,808.0,787.0,891.0,828.0,9991,0,0,1,Biker
93,811.0,785.0,893.0,826.0,9992,0,0,1,Biker
93,816.0,785.0,899.0,826.0,9993,0,0,1,Biker
93,819.0,783.0,902.0,824.0,9994,0,0,1,Biker
93,825.0,783.0,907.0,824.0,9995,0,0,1,Biker
93,827.0,783.0,910.0,824.0,9996,0,0,1,Biker
93,833.0,781.0,915.0,822.0,9997,0,0,1,Biker
93,836.0,781.0,918.0,822.0,9998,0,0,1,Biker
93,841.0,778.0,924.0,819.0,9999,0,0,1,Biker
93,844.0,778.0,926.0,819.0,10000,0,0,1,Biker
93,849.0,776.0,932.0,817.0,10001,0,0,1,Biker
93,852.0,776.0,935.0,817.0,10002,0,0,1,Biker
93,858.0,776.0,940.0,817.0,10003,0,0,1,Biker
93,860.0,774.0,943.0,815.0,10004,0,0,1,Biker
93,866.0,774.0,948.0,815.0,10005,0,0,1,Biker
93,869.0,771.0,951.0,812.0,10006,0,0,1,Biker
93,874.0,771.0,957.0,812.0,10007,0,0,1,Biker
93,877.0,771.0,959.0,812.0,10008,0,0,1,Biker
93,882.0,769.0,965.0,810.0,10009,0,0,1,Biker
93,885.0,769.0,968.0,810.0,10010,0,0,1,Biker
93,891.0,767.0,973.0,808.0,10011,0,0,1,Biker
93,893.0,767.0,976.0,808.0,10012,0,0,1,Biker
93,899.0,765.0,981.0,806.0,10013,0,0,1,Biker
93,902.0,765.0,984.0,806.0,10014,0,0,1,Biker
93,907.0,765.0,990.0,806.0,10015,0,0,1,Biker
93,910.0,762.0,992.0,803.0,10016,0,0,1,Biker
93,915.0,762.0,998.0,803.0,10017,0,0,1,Biker
93,918.0,760.0,1001.0,801.0,10018,0,0,1,Biker
93,924.0,760.0,1006.0,801.0,10019,0,0,1,Biker
93,929.0,760.0,1012.0,801.0,10020,0,0,0,Biker
93,932.0,760.0,1014.0,801.0,10021,0,0,1,Biker
93,935.0,760.0,1017.0,801.0,10022,0,0,1,Biker
93,937.0,760.0,1020.0,801.0,10023,0,0,1,Biker
93,943.0,762.0,1025.0,803.0,10024,0,0,1,Biker
93,946.0,762.0,1028.0,803.0,10025,0,0,1,Biker
93,948.0,762.0,1031.0,803.0,10026,0,0,1,Biker
93,951.0,762.0,1034.0,803.0,10027,0,0,1,Biker
93,957.0,765.0,1039.0,806.0,10028,0,0,1,Biker
93,959.0,765.0,1042.0,806.0,10029,0,0,1,Biker
93,962.0,765.0,1045.0,806.0,10030,0,0,1,Biker
93,968.0,767.0,1050.0,808.0,10031,0,0,0,Biker
94,1265.0,947.0,1322.0,990.0,9500,1,0,0,Pedestrian
94,1265.0,947.0,1322.0,990.0,9501,1,0,1,Pedestrian
94,1265.0,947.0,1322.0,990.0,9502,1,0,1,Pedestrian
94,1265.0,947.0,1322.0,990.0,9503,1,0,1,Pedestrian
94,1265.0,947.0,1322.0,990.0,9504,1,0,1,Pedestrian
94,1265.0,947.0,1322.0,990.0,9505,1,0,1,Pedestrian
94,1265.0,947.0,1322.0,990.0,9506,1,0,1,Pedestrian
94,1265.0,947.0,1322.0,990.0,9507,1,0,1,Pedestrian
94,1265.0,947.0,1322.0,990.0,9508,1,0,1,Pedestrian
94,1265.0,947.0,1322.0,990.0,9509,1,0,1,Pedestrian
94,1265.0,947.0,1322.0,990.0,9510,1,0,1,Pedestrian
94,1265.0,947.0,1322.0,990.0,9511,1,0,1,Pedestrian
94,1265.0,947.0,1322.0,990.0,9512,1,0,1,Pedestrian
94,1265.0,947.0,1322.0,990.0,9513,1,0,1,Pedestrian
94,1265.0,947.0,1322.0,990.0,9514,1,0,1,Pedestrian
94,1265.0,947.0,1322.0,990.0,9515,1,0,1,Pedestrian
94,1265.0,947.0,1322.0,990.0,9516,1,0,1,Pedestrian
94,1265.0,947.0,1322.0,990.0,9517,1,0,1,Pedestrian
94,1265.0,947.0,1322.0,990.0,9518,1,0,1,Pedestrian
94,1265.0,947.0,1322.0,990.0,9519,1,0,1,Pedestrian
94,1265.0,947.0,1322.0,990.0,9520,1,0,1,Pedestrian
94,1265.0,947.0,1322.0,990.0,9521,1,0,1,Pedestrian
94,1265.0,947.0,1322.0,990.0,9522,1,0,1,Pedestrian
94,1265.0,947.0,1322.0,990.0,9523,1,0,1,Pedestrian
94,1265.0,947.0,1322.0,990.0,9524,1,0,1,Pedestrian
94,1265.0,947.0,1322.0,990.0,9525,1,0,1,Pedestrian
94,1265.0,947.0,1322.0,990.0,9526,1,0,1,Pedestrian
94,1265.0,947.0,1322.0,990.0,9527,1,0,1,Pedestrian
94,1265.0,947.0,1322.0,990.0,9528,1,0,1,Pedestrian
94,1265.0,947.0,1322.0,990.0,9529,1,0,1,Pedestrian
94,1265.0,947.0,1322.0,990.0,9530,0,0,0,Pedestrian
94,1265.0,947.0,1322.0,990.0,9531,0,0,1,Pedestrian
94,1265.0,947.0,1322.0,990.0,9532,0,0,1,Pedestrian
94,1267.0,947.0,1325.0,990.0,9533,0,0,1,Pedestrian
94,1267.0,947.0,1325.0,990.0,9534,0,0,1,Pedestrian
94,1270.0,947.0,1328.0,990.0,9535,0,0,1,Pedestrian
94,1270.0,947.0,1328.0,990.0,9536,0,0,1,Pedestrian
94,1273.0,947.0,1331.0,990.0,9537,0,0,1,Pedestrian
94,1273.0,947.0,1331.0,990.0,9538,0,0,1,Pedestrian
94,1276.0,947.0,1333.0,990.0,9539,0,0,1,Pedestrian
94,1276.0,947.0,1333.0,990.0,9540,0,0,1,Pedestrian
94,1278.0,947.0,1336.0,990.0,9541,0,0,1,Pedestrian
94,1278.0,947.0,1336.0,990.0,9542,0,0,1,Pedestrian
94,1281.0,947.0,1339.0,990.0,9543,0,0,1,Pedestrian
94,1281.0,947.0,1339.0,990.0,9544,0,0,1,Pedestrian
94,1284.0,947.0,1342.0,990.0,9545,0,0,1,Pedestrian
94,1284.0,947.0,1342.0,990.0,9546,0,0,1,Pedestrian
94,1287.0,947.0,1344.0,990.0,9547,0,0,1,Pedestrian
94,1287.0,947.0,1344.0,990.0,9548,0,0,1,Pedestrian
94,1287.0,947.0,1344.0,990.0,9549,0,0,1,Pedestrian
94,1289.0,947.0,1347.0,990.0,9550,0,0,1,Pedestrian
94,1289.0,947.0,1347.0,990.0,9551,0,0,1,Pedestrian
94,1292.0,947.0,1350.0,990.0,9552,0,0,1,Pedestrian
94,1292.0,947.0,1350.0,990.0,9553,0,0,1,Pedestrian
94,1295.0,947.0,1353.0,990.0,9554,0,0,1,Pedestrian
94,1295.0,947.0,1353.0,990.0,9555,0,0,1,Pedestrian
94,1298.0,947.0,1355.0,990.0,9556,0,0,1,Pedestrian
94,1298.0,947.0,1355.0,990.0,9557,0,0,1,Pedestrian
94,1300.0,947.0,1358.0,990.0,9558,0,0,1,Pedestrian
94,1300.0,947.0,1358.0,990.0,9559,0,0,1,Pedestrian
94,1303.0,947.0,1361.0,990.0,9560,0,0,1,Pedestrian
94,1303.0,947.0,1361.0,990.0,9561,0,0,1,Pedestrian
94,1306.0,947.0,1364.0,990.0,9562,0,0,1,Pedestrian
94,1306.0,947.0,1364.0,990.0,9563,0,0,1,Pedestrian
94,1309.0,947.0,1366.0,990.0,9564,0,0,1,Pedestrian
94,1309.0,947.0,1366.0,990.0,9565,0,0,1,Pedestrian
94,1311.0,947.0,1369.0,990.0,9566,0,0,1,Pedestrian
94,1311.0,947.0,1369.0,990.0,9567,0,0,1,Pedestrian
94,1311.0,947.0,1369.0,990.0,9568,0,0,1,Pedestrian
94,1314.0,947.0,1372.0,990.0,9569,0,0,1,Pedestrian
94,1314.0,947.0,1372.0,990.0,9570,0,0,1,Pedestrian
94,1317.0,947.0,1375.0,990.0,9571,0,0,1,Pedestrian
94,1317.0,947.0,1375.0,990.0,9572,0,0,1,Pedestrian
94,1320.0,947.0,1377.0,990.0,9573,0,0,1,Pedestrian
94,1320.0,947.0,1377.0,990.0,9574,0,0,1,Pedestrian
94,1322.0,947.0,1380.0,990.0,9575,0,0,1,Pedestrian
94,1322.0,947.0,1380.0,990.0,9576,0,0,1,Pedestrian
94,1325.0,947.0,1383.0,990.0,9577,0,0,1,Pedestrian
94,1325.0,947.0,1383.0,990.0,9578,0,0,1,Pedestrian
94,1328.0,947.0,1386.0,990.0,9579,0,0,1,Pedestrian
94,1328.0,947.0,1386.0,990.0,9580,0,0,1,Pedestrian
94,1331.0,947.0,1388.0,990.0,9581,0,0,1,Pedestrian
94,1331.0,947.0,1388.0,990.0,9582,0,0,1,Pedestrian
94,1333.0,947.0,1391.0,990.0,9583,0,0,1,Pedestrian
94,1333.0,947.0,1391.0,990.0,9584,0,0,1,Pedestrian
94,1336.0,949.0,1394.0,992.0,9585,0,0,1,Pedestrian
94,1336.0,949.0,1394.0,992.0,9586,0,0,1,Pedestrian
94,1336.0,949.0,1394.0,992.0,9587,0,0,1,Pedestrian
94,1339.0,949.0,1397.0,992.0,9588,0,0,1,Pedestrian
94,1339.0,949.0,1397.0,992.0,9589,0,0,1,Pedestrian
94,1342.0,949.0,1399.0,992.0,9590,0,0,1,Pedestrian
94,1342.0,949.0,1399.0,992.0,9591,0,0,1,Pedestrian
94,1344.0,949.0,1402.0,992.0,9592,0,0,1,Pedestrian
94,1344.0,949.0,1402.0,992.0,9593,0,0,1,Pedestrian
94,1347.0,949.0,1405.0,992.0,9594,0,0,1,Pedestrian
94,1347.0,949.0,1405.0,992.0,9595,0,0,1,Pedestrian
94,1350.0,949.0,1408.0,992.0,9596,0,0,1,Pedestrian
94,1350.0,949.0,1408.0,992.0,9597,0,0,1,Pedestrian
94,1353.0,949.0,1410.0,992.0,9598,0,0,1,Pedestrian
94,1353.0,949.0,1410.0,992.0,9599,0,0,1,Pedestrian
94,1355.0,949.0,1413.0,992.0,9600,0,0,1,Pedestrian
94,1355.0,949.0,1413.0,992.0,9601,0,0,1,Pedestrian
94,1358.0,949.0,1416.0,992.0,9602,0,0,1,Pedestrian
94,1358.0,949.0,1416.0,992.0,9603,0,0,1,Pedestrian
94,1358.0,949.0,1416.0,992.0,9604,0,0,1,Pedestrian
94,1361.0,949.0,1419.0,992.0,9605,0,0,1,Pedestrian
94,1361.0,949.0,1419.0,992.0,9606,0,0,1,Pedestrian
94,1364.0,949.0,1421.0,992.0,9607,0,0,1,Pedestrian
94,1364.0,949.0,1421.0,992.0,9608,0,0,1,Pedestrian
94,1366.0,949.0,1424.0,992.0,9609,0,0,1,Pedestrian
94,1366.0,949.0,1424.0,992.0,9610,0,0,1,Pedestrian
94,1369.0,949.0,1427.0,992.0,9611,0,0,1,Pedestrian
94,1369.0,949.0,1427.0,992.0,9612,0,0,1,Pedestrian
94,1372.0,949.0,1430.0,992.0,9613,0,0,1,Pedestrian
94,1372.0,949.0,1430.0,992.0,9614,0,0,1,Pedestrian
94,1375.0,949.0,1432.0,992.0,9615,0,0,1,Pedestrian
94,1375.0,949.0,1432.0,992.0,9616,0,0,1,Pedestrian
94,1377.0,949.0,1435.0,992.0,9617,0,0,1,Pedestrian
94,1377.0,949.0,1435.0,992.0,9618,0,0,1,Pedestrian
94,1380.0,949.0,1438.0,992.0,9619,0,0,1,Pedestrian
94,1380.0,949.0,1438.0,992.0,9620,0,0,1,Pedestrian
94,1383.0,949.0,1441.0,992.0,9621,0,0,1,Pedestrian
94,1383.0,949.0,1441.0,992.0,9622,0,0,1,Pedestrian
94,1383.0,949.0,1441.0,992.0,9623,0,0,1,Pedestrian
94,1386.0,949.0,1443.0,992.0,9624,0,0,1,Pedestrian
94,1386.0,949.0,1443.0,992.0,9625,0,0,1,Pedestrian
94,1388.0,949.0,1446.0,992.0,9626,0,0,1,Pedestrian
94,1388.0,949.0,1446.0,992.0,9627,0,0,1,Pedestrian
94,1391.0,949.0,1449.0,992.0,9628,0,0,1,Pedestrian
94,1391.0,949.0,1449.0,992.0,9629,0,0,1,Pedestrian
94,1394.0,949.0,1452.0,992.0,9630,0,0,1,Pedestrian
94,1394.0,949.0,1452.0,992.0,9631,0,0,1,Pedestrian
94,1397.0,949.0,1454.0,992.0,9632,0,0,1,Pedestrian
94,1397.0,949.0,1454.0,992.0,9633,0,0,1,Pedestrian
94,1399.0,949.0,1457.0,992.0,9634,0,0,1,Pedestrian
94,1399.0,949.0,1457.0,992.0,9635,0,0,1,Pedestrian
94,1402.0,949.0,1460.0,992.0,9636,0,0,1,Pedestrian
94,1402.0,949.0,1460.0,992.0,9637,0,0,1,Pedestrian
94,1405.0,949.0,1463.0,992.0,9638,0,0,1,Pedestrian
94,1405.0,949.0,1463.0,992.0,9639,0,0,1,Pedestrian
94,1408.0,951.0,1465.0,995.0,9640,0,0,0,Pedestrian
94,1408.0,951.0,1465.0,995.0,9641,0,0,1,Pedestrian
94,1410.0,951.0,1468.0,995.0,9642,0,0,1,Pedestrian
94,1410.0,951.0,1468.0,995.0,9643,0,0,1,Pedestrian
94,1413.0,951.0,1471.0,995.0,9644,0,0,1,Pedestrian
94,1413.0,951.0,1471.0,995.0,9645,0,0,1,Pedestrian
94,1416.0,951.0,1474.0,995.0,9646,0,0,1,Pedestrian
94,1416.0,951.0,1474.0,995.0,9647,0,0,1,Pedestrian
94,1419.0,951.0,1476.0,995.0,9648,0,0,1,Pedestrian
94,1421.0,951.0,1479.0,995.0,9649,0,0,1,Pedestrian
94,1421.0,951.0,1479.0,995.0,9650,0,0,1,Pedestrian
94,1424.0,951.0,1482.0,995.0,9651,0,0,1,Pedestrian
94,1424.0,951.0,1482.0,995.0,9652,0,0,1,Pedestrian
94,1427.0,951.0,1485.0,995.0,9653,0,0,1,Pedestrian
94,1427.0,951.0,1485.0,995.0,9654,0,0,1,Pedestrian
94,1430.0,951.0,1487.0,995.0,9655,0,0,1,Pedestrian
94,1430.0,951.0,1487.0,995.0,9656,0,0,1,Pedestrian
94,1432.0,951.0,1490.0,995.0,9657,0,0,1,Pedestrian
94,1435.0,951.0,1493.0,995.0,9658,0,0,1,Pedestrian
94,1435.0,951.0,1493.0,995.0,9659,0,0,1,Pedestrian
94,1438.0,951.0,1496.0,995.0,9660,0,0,1,Pedestrian
94,1438.0,951.0,1496.0,995.0,9661,0,0,1,Pedestrian
94,1441.0,951.0,1498.0,995.0,9662,0,0,1,Pedestrian
94,1441.0,951.0,1498.0,995.0,9663,0,0,1,Pedestrian
94,1443.0,951.0,1501.0,995.0,9664,0,0,1,Pedestrian
94,1446.0,954.0,1504.0,997.0,9665,0,0,1,Pedestrian
94,1446.0,954.0,1504.0,997.0,9666,0,0,1,Pedestrian
94,1449.0,954.0,1507.0,997.0,9667,0,0,1,Pedestrian
94,1449.0,954.0,1507.0,997.0,9668,0,0,1,Pedestrian
94,1452.0,954.0,1509.0,997.0,9669,0,0,1,Pedestrian
94,1452.0,954.0,1509.0,997.0,9670,0,0,1,Pedestrian
94,1454.0,954.0,1512.0,997.0,9671,0,0,1,Pedestrian
94,1454.0,954.0,1512.0,997.0,9672,0,0,1,Pedestrian
94,1457.0,954.0,1515.0,997.0,9673,0,0,1,Pedestrian
94,1460.0,954.0,1518.0,997.0,9674,0,0,1,Pedestrian
94,1460.0,954.0,1518.0,997.0,9675,0,0,1,Pedestrian
94,1463.0,954.0,1520.0,997.0,9676,0,0,1,Pedestrian
94,1463.0,954.0,1520.0,997.0,9677,0,0,1,Pedestrian
94,1465.0,954.0,1523.0,997.0,9678,0,0,1,Pedestrian
94,1465.0,954.0,1523.0,997.0,9679,0,0,1,Pedestrian
94,1468.0,954.0,1526.0,997.0,9680,0,0,1,Pedestrian
94,1468.0,954.0,1526.0,997.0,9681,0,0,1,Pedestrian
94,1471.0,954.0,1529.0,997.0,9682,0,0,1,Pedestrian
94,1474.0,954.0,1531.0,997.0,9683,0,0,1,Pedestrian
94,1474.0,954.0,1531.0,997.0,9684,0,0,1,Pedestrian
94,1476.0,954.0,1534.0,997.0,9685,0,0,1,Pedestrian
94,1476.0,954.0,1534.0,997.0,9686,0,0,1,Pedestrian
94,1479.0,954.0,1537.0,997.0,9687,0,0,1,Pedestrian
94,1479.0,954.0,1537.0,997.0,9688,0,0,1,Pedestrian
94,1482.0,954.0,1540.0,997.0,9689,0,0,1,Pedestrian
94,1485.0,956.0,1542.0,999.0,9690,0,0,1,Pedestrian
94,1485.0,956.0,1542.0,999.0,9691,0,0,1,Pedestrian
94,1487.0,956.0,1545.0,999.0,9692,0,0,1,Pedestrian
94,1487.0,956.0,1545.0,999.0,9693,0,0,1,Pedestrian
94,1490.0,956.0,1548.0,999.0,9694,0,0,1,Pedestrian
94,1490.0,956.0,1548.0,999.0,9695,0,0,1,Pedestrian
94,1493.0,956.0,1551.0,999.0,9696,0,0,1,Pedestrian
94,1493.0,956.0,1551.0,999.0,9697,0,0,1,Pedestrian
94,1496.0,956.0,1553.0,999.0,9698,0,0,1,Pedestrian
94,1498.0,956.0,1556.0,999.0,9699,0,0,1,Pedestrian
94,1498.0,956.0,1556.0,999.0,9700,0,0,1,Pedestrian
94,1501.0,956.0,1559.0,999.0,9701,0,0,1,Pedestrian
94,1501.0,956.0,1559.0,999.0,9702,0,0,1,Pedestrian
94,1504.0,956.0,1562.0,999.0,9703,0,0,1,Pedestrian
94,1504.0,956.0,1562.0,999.0,9704,0,0,1,Pedestrian
94,1507.0,956.0,1564.0,999.0,9705,0,0,1,Pedestrian
94,1507.0,956.0,1564.0,999.0,9706,0,0,1,Pedestrian
94,1509.0,956.0,1567.0,999.0,9707,0,0,1,Pedestrian
94,1512.0,956.0,1570.0,999.0,9708,0,0,1,Pedestrian
94,1512.0,956.0,1570.0,999.0,9709,0,0,1,Pedestrian
94,1515.0,956.0,1573.0,999.0,9710,0,0,1,Pedestrian
94,1515.0,956.0,1573.0,999.0,9711,0,0,1,Pedestrian
94,1518.0,956.0,1575.0,999.0,9712,0,0,1,Pedestrian
94,1518.0,956.0,1575.0,999.0,9713,0,0,1,Pedestrian
94,1520.0,956.0,1578.0,999.0,9714,0,0,1,Pedestrian
94,1523.0,958.0,1581.0,1001.0,9715,0,0,1,Pedestrian
94,1523.0,958.0,1581.0,1001.0,9716,0,0,1,Pedestrian
94,1526.0,958.0,1584.0,1001.0,9717,0,0,1,Pedestrian
94,1526.0,958.0,1584.0,1001.0,9718,0,0,1,Pedestrian
94,1529.0,958.0,1586.0,1001.0,9719,0,0,1,Pedestrian
94,1529.0,958.0,1586.0,1001.0,9720,0,0,1,Pedestrian
94,1531.0,958.0,1589.0,1001.0,9721,0,0,1,Pedestrian
94,1531.0,958.0,1589.0,1001.0,9722,0,0,1,Pedestrian
94,1534.0,958.0,1592.0,1001.0,9723,0,0,1,Pedestrian
94,1537.0,958.0,1595.0,1001.0,9724,0,0,1,Pedestrian
94,1537.0,958.0,1595.0,1001.0,9725,0,0,1,Pedestrian
94,1540.0,958.0,1597.0,1001.0,9726,0,0,1,Pedestrian
94,1540.0,958.0,1597.0,1001.0,9727,0,0,1,Pedestrian
94,1542.0,958.0,1600.0,1001.0,9728,0,0,1,Pedestrian
94,1542.0,958.0,1600.0,1001.0,9729,0,0,1,Pedestrian
94,1545.0,958.0,1603.0,1001.0,9730,0,0,1,Pedestrian
94,1545.0,958.0,1603.0,1001.0,9731,0,0,1,Pedestrian
94,1548.0,958.0,1606.0,1001.0,9732,0,0,1,Pedestrian
94,1551.0,958.0,1608.0,1001.0,9733,0,0,1,Pedestrian
94,1551.0,958.0,1608.0,1001.0,9734,0,0,1,Pedestrian
94,1553.0,958.0,1611.0,1001.0,9735,0,0,1,Pedestrian
94,1553.0,958.0,1611.0,1001.0,9736,0,0,1,Pedestrian
94,1556.0,958.0,1614.0,1001.0,9737,0,0,1,Pedestrian
94,1556.0,958.0,1614.0,1001.0,9738,0,0,1,Pedestrian
94,1559.0,958.0,1617.0,1001.0,9739,0,0,1,Pedestrian
94,1562.0,960.0,1619.0,1004.0,9740,0,0,0,Pedestrian
94,1562.0,958.0,1619.0,1001.0,9741,0,0,1,Pedestrian
94,1562.0,958.0,1619.0,1001.0,9742,0,0,1,Pedestrian
94,1564.0,958.0,1622.0,1001.0,9743,0,0,1,Pedestrian
94,1564.0,958.0,1622.0,1001.0,9744,0,0,1,Pedestrian
94,1567.0,958.0,1625.0,1001.0,9745,0,0,1,Pedestrian
94,1567.0,958.0,1625.0,1001.0,9746,0,0,1,Pedestrian
94,1567.0,958.0,1625.0,1001.0,9747,0,0,1,Pedestrian
94,1570.0,958.0,1628.0,1001.0,9748,0,0,1,Pedestrian
94,1570.0,958.0,1628.0,1001.0,9749,0,0,1,Pedestrian
94,1573.0,958.0,1630.0,1001.0,9750,0,0,1,Pedestrian
94,1573.0,956.0,1630.0,999.0,9751,0,0,1,Pedestrian
94,1573.0,956.0,1630.0,999.0,9752,0,0,1,Pedestrian
94,1575.0,956.0,1633.0,999.0,9753,0,0,1,Pedestrian
94,1575.0,956.0,1633.0,999.0,9754,0,0,1,Pedestrian
94,1578.0,956.0,1636.0,999.0,9755,0,0,1,Pedestrian
94,1578.0,956.0,1636.0,999.0,9756,0,0,1,Pedestrian
94,1578.0,956.0,1636.0,999.0,9757,0,0,1,Pedestrian
94,1581.0,956.0,1639.0,999.0,9758,0,0,1,Pedestrian
94,1581.0,956.0,1639.0,999.0,9759,0,0,1,Pedestrian
94,1584.0,956.0,1641.0,999.0,9760,0,0,1,Pedestrian
94,1584.0,954.0,1641.0,997.0,9761,0,0,1,Pedestrian
94,1584.0,954.0,1641.0,997.0,9762,0,0,1,Pedestrian
94,1586.0,954.0,1644.0,997.0,9763,0,0,1,Pedestrian
94,1586.0,954.0,1644.0,997.0,9764,0,0,1,Pedestrian
94,1589.0,954.0,1647.0,997.0,9765,0,0,1,Pedestrian
94,1589.0,954.0,1647.0,997.0,9766,0,0,1,Pedestrian
94,1589.0,954.0,1647.0,997.0,9767,0,0,1,Pedestrian
94,1592.0,954.0,1650.0,997.0,9768,0,0,1,Pedestrian
94,1592.0,954.0,1650.0,997.0,9769,0,0,1,Pedestrian
94,1595.0,954.0,1652.0,997.0,9770,0,0,1,Pedestrian
94,1595.0,951.0,1652.0,995.0,9771,0,0,1,Pedestrian
94,1595.0,951.0,1652.0,995.0,9772,0,0,1,Pedestrian
94,1597.0,951.0,1655.0,995.0,9773,0,0,1,Pedestrian
94,1597.0,951.0,1655.0,995.0,9774,0,0,1,Pedestrian
94,1600.0,951.0,1658.0,995.0,9775,0,0,1,Pedestrian
94,1600.0,951.0,1658.0,995.0,9776,0,0,1,Pedestrian
94,1600.0,951.0,1658.0,995.0,9777,0,0,1,Pedestrian
94,1603.0,951.0,1661.0,995.0,9778,0,0,1,Pedestrian
94,1603.0,951.0,1661.0,995.0,9779,0,0,1,Pedestrian
94,1606.0,951.0,1663.0,995.0,9780,0,0,1,Pedestrian
94,1606.0,949.0,1663.0,992.0,9781,0,0,1,Pedestrian
94,1606.0,949.0,1663.0,992.0,9782,0,0,1,Pedestrian
94,1608.0,949.0,1666.0,992.0,9783,0,0,1,Pedestrian
94,1608.0,949.0,1666.0,992.0,9784,0,0,1,Pedestrian
94,1611.0,949.0,1669.0,992.0,9785,0,0,1,Pedestrian
94,1611.0,949.0,1669.0,992.0,9786,0,0,1,Pedestrian
94,1611.0,949.0,1669.0,992.0,9787,0,0,1,Pedestrian
94,1614.0,949.0,1672.0,992.0,9788,0,0,1,Pedestrian
94,1614.0,949.0,1672.0,992.0,9789,0,0,1,Pedestrian
94,1617.0,949.0,1674.0,992.0,9790,0,0,1,Pedestrian
94,1617.0,947.0,1674.0,990.0,9791,0,0,1,Pedestrian
94,1617.0,947.0,1674.0,990.0,9792,0,0,1,Pedestrian
94,1619.0,947.0,1677.0,990.0,9793,0,0,1,Pedestrian
94,1619.0,947.0,1677.0,990.0,9794,0,0,1,Pedestrian
94,1622.0,947.0,1680.0,990.0,9795,0,0,1,Pedestrian
94,1622.0,947.0,1680.0,990.0,9796,0,0,1,Pedestrian
94,1622.0,947.0,1680.0,990.0,9797,0,0,1,Pedestrian
94,1625.0,947.0,1683.0,990.0,9798,0,0,1,Pedestrian
94,1625.0,947.0,1683.0,990.0,9799,0,0,1,Pedestrian
94,1628.0,947.0,1685.0,990.0,9800,0,0,0,Pedestrian
94,1628.0,947.0,1685.0,990.0,9801,0,0,1,Pedestrian
94,1628.0,947.0,1688.0,990.0,9802,0,0,1,Pedestrian
94,1630.0,947.0,1688.0,990.0,9803,0,0,1,Pedestrian
94,1630.0,947.0,1691.0,990.0,9804,0,0,1,Pedestrian
94,1633.0,947.0,1691.0,990.0,9805,0,0,1,Pedestrian
94,1633.0,947.0,1694.0,990.0,9806,0,0,1,Pedestrian
94,1636.0,947.0,1694.0,990.0,9807,0,0,1,Pedestrian
94,1636.0,947.0,1696.0,990.0,9808,0,0,1,Pedestrian
94,1639.0,947.0,1696.0,990.0,9809,0,0,1,Pedestrian
94,1639.0,947.0,1699.0,990.0,9810,0,0,1,Pedestrian
94,1641.0,947.0,1699.0,990.0,9811,0,0,1,Pedestrian
94,1641.0,947.0,1702.0,990.0,9812,0,0,1,Pedestrian
94,1644.0,947.0,1702.0,990.0,9813,0,0,1,Pedestrian
94,1644.0,947.0,1705.0,990.0,9814,0,0,1,Pedestrian
94,1647.0,947.0,1705.0,990.0,9815,0,0,1,Pedestrian
94,1647.0,947.0,1707.0,990.0,9816,0,0,1,Pedestrian
94,1650.0,947.0,1707.0,990.0,9817,0,0,1,Pedestrian
94,1650.0,947.0,1710.0,990.0,9818,0,0,1,Pedestrian
94,1652.0,947.0,1710.0,990.0,9819,0,0,1,Pedestrian
94,1652.0,947.0,1713.0,990.0,9820,0,0,1,Pedestrian
94,1655.0,947.0,1713.0,990.0,9821,0,0,1,Pedestrian
94,1655.0,947.0,1716.0,990.0,9822,0,0,1,Pedestrian
94,1658.0,947.0,1716.0,990.0,9823,0,0,1,Pedestrian
94,1658.0,947.0,1718.0,990.0,9824,0,0,1,Pedestrian
94,1661.0,947.0,1718.0,990.0,9825,0,0,1,Pedestrian
94,1661.0,947.0,1721.0,990.0,9826,0,0,1,Pedestrian
94,1663.0,947.0,1721.0,990.0,9827,0,0,1,Pedestrian
94,1663.0,947.0,1724.0,990.0,9828,0,0,1,Pedestrian
94,1666.0,947.0,1724.0,990.0,9829,0,0,1,Pedestrian
94,1666.0,947.0,1727.0,990.0,9830,0,0,1,Pedestrian
94,1669.0,947.0,1727.0,990.0,9831,0,0,1,Pedestrian
94,1669.0,947.0,1729.0,990.0,9832,0,0,1,Pedestrian
94,1672.0,947.0,1729.0,990.0,9833,0,0,1,Pedestrian
94,1672.0,947.0,1732.0,990.0,9834,0,0,1,Pedestrian
94,1674.0,947.0,1732.0,990.0,9835,0,0,1,Pedestrian
94,1674.0,947.0,1735.0,990.0,9836,0,0,1,Pedestrian
94,1674.0,947.0,1735.0,990.0,9837,0,0,1,Pedestrian
94,1677.0,947.0,1738.0,990.0,9838,0,0,1,Pedestrian
94,1677.0,947.0,1738.0,990.0,9839,0,0,1,Pedestrian
94,1680.0,947.0,1740.0,990.0,9840,0,0,1,Pedestrian
94,1680.0,947.0,1740.0,990.0,9841,0,0,1,Pedestrian
94,1683.0,947.0,1743.0,990.0,9842,0,0,1,Pedestrian
94,1683.0,947.0,1743.0,990.0,9843,0,0,1,Pedestrian
94,1685.0,947.0,1746.0,990.0,9844,0,0,1,Pedestrian
94,1685.0,947.0,1746.0,990.0,9845,0,0,1,Pedestrian
94,1688.0,947.0,1749.0,990.0,9846,0,0,1,Pedestrian
94,1688.0,947.0,1749.0,990.0,9847,0,0,1,Pedestrian
94,1691.0,947.0,1751.0,990.0,9848,0,0,1,Pedestrian
94,1691.0,947.0,1751.0,990.0,9849,0,0,1,Pedestrian
94,1694.0,947.0,1754.0,990.0,9850,0,0,1,Pedestrian
94,1694.0,947.0,1754.0,990.0,9851,0,0,1,Pedestrian
94,1696.0,947.0,1757.0,990.0,9852,0,0,1,Pedestrian
94,1696.0,947.0,1757.0,990.0,9853,0,0,1,Pedestrian
94,1699.0,947.0,1760.0,990.0,9854,0,0,1,Pedestrian
94,1699.0,947.0,1760.0,990.0,9855,0,0,1,Pedestrian
94,1702.0,947.0,1762.0,990.0,9856,0,0,1,Pedestrian
94,1702.0,947.0,1762.0,990.0,9857,0,0,1,Pedestrian
94,1705.0,947.0,1765.0,990.0,9858,0,0,1,Pedestrian
94,1705.0,947.0,1765.0,990.0,9859,0,0,1,Pedestrian
94,1707.0,947.0,1768.0,990.0,9860,0,0,1,Pedestrian
94,1707.0,947.0,1768.0,990.0,9861,0,0,1,Pedestrian
94,1710.0,947.0,1771.0,990.0,9862,0,0,1,Pedestrian
94,1710.0,947.0,1771.0,990.0,9863,0,0,1,Pedestrian
94,1713.0,947.0,1773.0,990.0,9864,0,0,1,Pedestrian
94,1713.0,947.0,1773.0,990.0,9865,0,0,1,Pedestrian
94,1716.0,947.0,1776.0,990.0,9866,0,0,1,Pedestrian
94,1716.0,947.0,1776.0,990.0,9867,0,0,1,Pedestrian
94,1718.0,947.0,1779.0,990.0,9868,0,0,1,Pedestrian
94,1718.0,947.0,1779.0,990.0,9869,0,0,1,Pedestrian
94,1721.0,949.0,1782.0,990.0,9870,0,0,0,Pedestrian
94,1721.0,947.0,1782.0,988.0,9871,0,0,1,Pedestrian
94,1721.0,947.0,1782.0,988.0,9872,0,0,1,Pedestrian
94,1724.0,947.0,1784.0,988.0,9873,0,0,1,Pedestrian
94,1724.0,947.0,1784.0,988.0,9874,0,0,1,Pedestrian
94,1727.0,947.0,1787.0,988.0,9875,0,0,1,Pedestrian
94,1727.0,947.0,1787.0,988.0,9876,0,0,1,Pedestrian
94,1727.0,947.0,1787.0,988.0,9877,0,0,1,Pedestrian
94,1729.0,947.0,1790.0,988.0,9878,0,0,1,Pedestrian
94,1729.0,947.0,1790.0,988.0,9879,0,0,1,Pedestrian
94,1732.0,947.0,1793.0,988.0,9880,0,0,1,Pedestrian
94,1732.0,947.0,1793.0,988.0,9881,0,0,1,Pedestrian
94,1735.0,947.0,1795.0,988.0,9882,0,0,1,Pedestrian
94,1735.0,947.0,1795.0,988.0,9883,0,0,1,Pedestrian
94,1735.0,947.0,1795.0,988.0,9884,0,0,1,Pedestrian
94,1738.0,947.0,1798.0,988.0,9885,0,0,1,Pedestrian
94,1738.0,947.0,1798.0,988.0,9886,0,0,1,Pedestrian
94,1740.0,947.0,1801.0,988.0,9887,0,0,1,Pedestrian
94,1740.0,947.0,1801.0,988.0,9888,0,0,1,Pedestrian
94,1743.0,947.0,1804.0,988.0,9889,0,0,1,Pedestrian
94,1743.0,947.0,1804.0,988.0,9890,0,0,1,Pedestrian
94,1743.0,947.0,1804.0,988.0,9891,0,0,1,Pedestrian
94,1746.0,947.0,1806.0,988.0,9892,0,0,1,Pedestrian
94,1746.0,947.0,1806.0,988.0,9893,0,0,1,Pedestrian
94,1749.0,947.0,1809.0,988.0,9894,0,0,1,Pedestrian
94,1749.0,947.0,1809.0,988.0,9895,0,0,1,Pedestrian
94,1751.0,947.0,1812.0,988.0,9896,0,0,1,Pedestrian
94,1751.0,947.0,1812.0,988.0,9897,0,0,1,Pedestrian
94,1751.0,947.0,1812.0,988.0,9898,0,0,1,Pedestrian
94,1754.0,947.0,1815.0,988.0,9899,0,0,1,Pedestrian
94,1754.0,947.0,1815.0,988.0,9900,0,0,1,Pedestrian
94,1757.0,947.0,1817.0,988.0,9901,0,0,1,Pedestrian
94,1757.0,947.0,1817.0,988.0,9902,0,0,1,Pedestrian
94,1760.0,947.0,1820.0,988.0,9903,0,0,1,Pedestrian
94,1760.0,947.0,1820.0,988.0,9904,0,0,1,Pedestrian
94,1760.0,947.0,1820.0,988.0,9905,0,0,1,Pedestrian
94,1762.0,947.0,1823.0,988.0,9906,0,0,1,Pedestrian
94,1762.0,947.0,1823.0,988.0,9907,0,0,1,Pedestrian
94,1765.0,947.0,1826.0,988.0,9908,0,0,1,Pedestrian
94,1765.0,947.0,1826.0,988.0,9909,0,0,1,Pedestrian
94,1768.0,947.0,1828.0,988.0,9910,0,0,1,Pedestrian
94,1768.0,947.0,1828.0,988.0,9911,0,0,1,Pedestrian
94,1768.0,947.0,1828.0,988.0,9912,0,0,1,Pedestrian
94,1771.0,947.0,1831.0,988.0,9913,0,0,1,Pedestrian
94,1771.0,947.0,1831.0,988.0,9914,0,0,1,Pedestrian
94,1773.0,947.0,1834.0,988.0,9915,0,0,1,Pedestrian
94,1773.0,947.0,1834.0,988.0,9916,0,0,1,Pedestrian
94,1773.0,947.0,1834.0,988.0,9917,0,0,1,Pedestrian
94,1776.0,947.0,1837.0,988.0,9918,0,0,1,Pedestrian
94,1776.0,947.0,1837.0,988.0,9919,0,0,1,Pedestrian
94,1779.0,947.0,1839.0,988.0,9920,0,0,1,Pedestrian
94,1779.0,947.0,1839.0,988.0,9921,0,0,1,Pedestrian
94,1782.0,947.0,1842.0,988.0,9922,0,0,1,Pedestrian
94,1782.0,947.0,1842.0,988.0,9923,0,0,1,Pedestrian
94,1782.0,947.0,1842.0,988.0,9924,0,0,1,Pedestrian
94,1784.0,947.0,1845.0,988.0,9925,0,0,1,Pedestrian
94,1784.0,947.0,1845.0,988.0,9926,0,0,1,Pedestrian
94,1787.0,947.0,1848.0,988.0,9927,0,0,1,Pedestrian
94,1787.0,947.0,1848.0,988.0,9928,0,0,1,Pedestrian
94,1790.0,947.0,1850.0,988.0,9929,0,0,1,Pedestrian
94,1790.0,947.0,1850.0,988.0,9930,0,0,1,Pedestrian
94,1790.0,947.0,1850.0,988.0,9931,0,0,1,Pedestrian
94,1793.0,947.0,1853.0,988.0,9932,0,0,1,Pedestrian
94,1793.0,947.0,1853.0,988.0,9933,0,0,1,Pedestrian
94,1795.0,947.0,1856.0,988.0,9934,0,0,1,Pedestrian
94,1795.0,947.0,1856.0,988.0,9935,0,0,1,Pedestrian
94,1798.0,947.0,1859.0,988.0,9936,0,0,1,Pedestrian
94,1798.0,947.0,1859.0,988.0,9937,0,0,1,Pedestrian
94,1798.0,947.0,1859.0,988.0,9938,0,0,1,Pedestrian
94,1801.0,947.0,1861.0,988.0,9939,0,0,1,Pedestrian
94,1801.0,947.0,1861.0,988.0,9940,0,0,1,Pedestrian
94,1804.0,947.0,1864.0,988.0,9941,0,0,1,Pedestrian
94,1804.0,947.0,1864.0,988.0,9942,0,0,1,Pedestrian
94,1806.0,947.0,1867.0,988.0,9943,0,0,1,Pedestrian
94,1806.0,947.0,1867.0,988.0,9944,0,0,1,Pedestrian
94,1806.0,947.0,1867.0,988.0,9945,0,0,1,Pedestrian
94,1809.0,947.0,1870.0,988.0,9946,0,0,1,Pedestrian
94,1809.0,947.0,1870.0,988.0,9947,0,0,1,Pedestrian
94,1812.0,947.0,1872.0,988.0,9948,0,0,1,Pedestrian
94,1812.0,947.0,1872.0,988.0,9949,0,0,1,Pedestrian
94,1815.0,947.0,1875.0,988.0,9950,0,0,0,Pedestrian
94,1815.0,947.0,1875.0,988.0,9951,0,0,1,Pedestrian
94,1817.0,947.0,1878.0,988.0,9952,0,0,1,Pedestrian
94,1817.0,947.0,1878.0,988.0,9953,0,0,1,Pedestrian
94,1820.0,947.0,1881.0,988.0,9954,0,0,1,Pedestrian
94,1820.0,947.0,1881.0,988.0,9955,0,0,1,Pedestrian
94,1823.0,947.0,1883.0,988.0,9956,0,0,1,Pedestrian
94,1823.0,947.0,1883.0,988.0,9957,0,0,1,Pedestrian
94,1826.0,947.0,1886.0,988.0,9958,0,0,1,Pedestrian
94,1826.0,947.0,1886.0,988.0,9959,0,0,1,Pedestrian
94,1828.0,947.0,1889.0,988.0,9960,0,0,1,Pedestrian
94,1828.0,947.0,1889.0,988.0,9961,0,0,1,Pedestrian
94,1831.0,947.0,1892.0,988.0,9962,0,0,1,Pedestrian
94,1831.0,947.0,1892.0,988.0,9963,0,0,1,Pedestrian
94,1834.0,947.0,1894.0,988.0,9964,0,0,1,Pedestrian
94,1837.0,947.0,1897.0,988.0,9965,0,0,1,Pedestrian
94,1837.0,947.0,1897.0,988.0,9966,0,0,1,Pedestrian
94,1839.0,947.0,1900.0,988.0,9967,0,0,1,Pedestrian
94,1839.0,947.0,1900.0,988.0,9968,0,0,1,Pedestrian
94,1842.0,947.0,1903.0,988.0,9969,0,0,1,Pedestrian
94,1842.0,947.0,1903.0,988.0,9970,0,0,1,Pedestrian
94,1845.0,947.0,1905.0,988.0,9971,0,0,1,Pedestrian
94,1845.0,947.0,1905.0,988.0,9972,0,0,1,Pedestrian
94,1848.0,947.0,1908.0,988.0,9973,0,0,1,Pedestrian
94,1848.0,947.0,1908.0,988.0,9974,0,0,1,Pedestrian
94,1850.0,947.0,1911.0,988.0,9975,0,0,1,Pedestrian
94,1850.0,947.0,1911.0,988.0,9976,0,0,1,Pedestrian
94,1853.0,947.0,1914.0,988.0,9977,0,0,1,Pedestrian
94,1853.0,947.0,1914.0,988.0,9978,0,0,1,Pedestrian
94,1856.0,947.0,1916.0,988.0,9979,0,0,1,Pedestrian
94,1859.0,947.0,1919.0,988.0,9980,0,0,1,Pedestrian
94,1859.0,947.0,1919.0,988.0,9981,0,0,1,Pedestrian
94,1861.0,947.0,1922.0,988.0,9982,0,0,1,Pedestrian
94,1861.0,947.0,1922.0,988.0,9983,0,0,1,Pedestrian
94,1864.0,947.0,1925.0,988.0,9984,0,0,1,Pedestrian
94,1864.0,947.0,1925.0,988.0,9985,0,0,1,Pedestrian
94,1867.0,947.0,1927.0,988.0,9986,0,0,1,Pedestrian
94,1867.0,947.0,1927.0,988.0,9987,0,0,1,Pedestrian
94,1870.0,947.0,1930.0,988.0,9988,0,0,1,Pedestrian
94,1870.0,947.0,1930.0,988.0,9989,0,0,1,Pedestrian
94,1872.0,947.0,1933.0,988.0,9990,0,0,1,Pedestrian
94,1872.0,947.0,1933.0,988.0,9991,0,0,1,Pedestrian
94,1875.0,947.0,1936.0,988.0,9992,0,0,1,Pedestrian
94,1878.0,947.0,1938.0,988.0,9993,0,0,0,Pedestrian
94,1878.0,947.0,1938.0,988.0,9994,0,0,1,Pedestrian
94,1878.0,947.0,1938.0,988.0,9995,0,0,1,Pedestrian
94,1878.0,947.0,1938.0,988.0,9996,0,0,1,Pedestrian
94,1881.0,947.0,1941.0,988.0,9997,0,0,1,Pedestrian
94,1881.0,947.0,1941.0,988.0,9998,0,0,1,Pedestrian
94,1881.0,947.0,1941.0,988.0,9999,0,0,1,Pedestrian
94,1883.0,947.0,1944.0,988.0,10000,0,0,0,Pedestrian
94,1883.0,947.0,1944.0,988.0,10001,0,0,1,Pedestrian
94,1883.0,947.0,1944.0,988.0,10002,0,0,1,Pedestrian
94,1886.0,947.0,1947.0,988.0,10003,0,0,1,Pedestrian
94,1886.0,947.0,1947.0,988.0,10004,0,0,1,Pedestrian
94,1886.0,947.0,1947.0,988.0,10005,0,0,1,Pedestrian
94,1889.0,947.0,1949.0,988.0,10006,0,0,1,Pedestrian
94,1889.0,947.0,1949.0,988.0,10007,0,0,1,Pedestrian
94,1889.0,947.0,1949.0,988.0,10008,0,0,1,Pedestrian
94,1892.0,947.0,1952.0,990.0,10009,0,0,1,Pedestrian
94,1892.0,947.0,1952.0,990.0,10010,0,0,1,Pedestrian
94,1892.0,947.0,1952.0,990.0,10011,0,0,1,Pedestrian
94,1894.0,947.0,1955.0,990.0,10012,0,0,1,Pedestrian
94,1894.0,947.0,1955.0,990.0,10013,0,0,1,Pedestrian
94,1897.0,947.0,1958.0,990.0,10014,0,0,1,Pedestrian
94,1897.0,947.0,1958.0,990.0,10015,0,0,1,Pedestrian
94,1897.0,947.0,1958.0,990.0,10016,0,0,1,Pedestrian
94,1900.0,947.0,1960.0,992.0,10017,0,0,1,Pedestrian
94,1900.0,947.0,1960.0,992.0,10018,0,0,1,Pedestrian
94,1900.0,947.0,1960.0,992.0,10019,0,0,1,Pedestrian
94,1903.0,947.0,1963.0,992.0,10020,0,0,1,Pedestrian
94,1903.0,947.0,1963.0,992.0,10021,0,0,1,Pedestrian
94,1903.0,947.0,1963.0,992.0,10022,0,0,1,Pedestrian
94,1905.0,947.0,1966.0,992.0,10023,0,0,1,Pedestrian
94,1905.0,947.0,1966.0,992.0,10024,0,0,1,Pedestrian
94,1908.0,949.0,1969.0,995.0,10025,0,0,0,Pedestrian
94,1908.0,949.0,1969.0,995.0,10026,0,0,1,Pedestrian
94,1908.0,949.0,1969.0,995.0,10027,0,0,1,Pedestrian
94,1908.0,949.0,1969.0,995.0,10028,0,0,1,Pedestrian
94,1908.0,949.0,1969.0,995.0,10029,0,0,1,Pedestrian
94,1911.0,949.0,1971.0,995.0,10030,0,0,1,Pedestrian
94,1911.0,949.0,1971.0,995.0,10031,0,0,1,Pedestrian
94,1911.0,949.0,1971.0,995.0,10032,0,0,1,Pedestrian
94,1911.0,949.0,1971.0,995.0,10033,0,0,1,Pedestrian
94,1911.0,949.0,1971.0,995.0,10034,0,0,1,Pedestrian
94,1914.0,949.0,1974.0,995.0,10035,0,0,1,Pedestrian
94,1914.0,949.0,1974.0,995.0,10036,0,0,1,Pedestrian
94,1914.0,949.0,1974.0,995.0,10037,0,0,1,Pedestrian
94,1914.0,949.0,1974.0,995.0,10038,0,0,1,Pedestrian
94,1916.0,949.0,1977.0,995.0,10039,0,0,0,Pedestrian
94,1916.0,947.0,1977.0,992.0,10040,0,0,1,Pedestrian
94,1916.0,947.0,1977.0,992.0,10041,0,0,1,Pedestrian
94,1916.0,947.0,1977.0,992.0,10042,0,0,1,Pedestrian
94,1916.0,947.0,1977.0,992.0,10043,0,0,1,Pedestrian
94,1916.0,947.0,1977.0,992.0,10044,0,0,1,Pedestrian
94,1916.0,947.0,1977.0,992.0,10045,0,0,1,Pedestrian
94,1919.0,947.0,1977.0,992.0,10046,0,0,1,Pedestrian
94,1919.0,947.0,1977.0,992.0,10047,0,0,1,Pedestrian
94,1919.0,944.0,1977.0,990.0,10048,0,0,1,Pedestrian
94,1919.0,944.0,1977.0,990.0,10049,0,0,1,Pedestrian
94,1919.0,944.0,1977.0,990.0,10050,0,0,1,Pedestrian
94,1919.0,944.0,1977.0,990.0,10051,0,0,1,Pedestrian
94,1922.0,944.0,1977.0,990.0,10052,0,0,1,Pedestrian
94,1922.0,944.0,1977.0,990.0,10053,0,0,1,Pedestrian
94,1922.0,944.0,1977.0,990.0,10054,0,0,1,Pedestrian
94,1922.0,944.0,1977.0,990.0,10055,0,0,1,Pedestrian
94,1922.0,942.0,1977.0,988.0,10056,0,0,1,Pedestrian
94,1922.0,942.0,1977.0,988.0,10057,0,0,1,Pedestrian
94,1925.0,942.0,1977.0,988.0,10058,0,0,1,Pedestrian
94,1925.0,942.0,1977.0,988.0,10059,0,0,1,Pedestrian
94,1925.0,942.0,1977.0,988.0,10060,0,0,1,Pedestrian
94,1925.0,942.0,1977.0,988.0,10061,0,0,1,Pedestrian
94,1925.0,942.0,1977.0,988.0,10062,0,0,1,Pedestrian
94,1925.0,942.0,1977.0,988.0,10063,0,0,1,Pedestrian
94,1927.0,942.0,1977.0,988.0,10064,0,0,0,Pedestrian
94,1927.0,942.0,1977.0,988.0,10065,0,0,1,Pedestrian
94,1927.0,942.0,1977.0,988.0,10066,0,0,1,Pedestrian
94,1927.0,942.0,1977.0,988.0,10067,0,0,1,Pedestrian
94,1927.0,942.0,1977.0,988.0,10068,0,0,1,Pedestrian
94,1927.0,942.0,1977.0,988.0,10069,0,0,1,Pedestrian
94,1927.0,942.0,1977.0,988.0,10070,0,0,1,Pedestrian
94,1927.0,942.0,1977.0,988.0,10071,0,0,0,Pedestrian
94,1927.0,942.0,1977.0,988.0,10072,0,0,1,Pedestrian
94,1927.0,942.0,1977.0,988.0,10073,0,0,1,Pedestrian
94,1927.0,942.0,1977.0,988.0,10074,0,0,1,Pedestrian
94,1927.0,942.0,1977.0,988.0,10075,0,0,1,Pedestrian
94,1927.0,942.0,1977.0,988.0,10076,0,0,1,Pedestrian
94,1927.0,942.0,1977.0,988.0,10077,0,0,1,Pedestrian
94,1927.0,942.0,1977.0,988.0,10078,0,0,1,Pedestrian
94,1927.0,942.0,1977.0,988.0,10079,0,0,0,Pedestrian
94,1927.0,942.0,1977.0,988.0,10080,0,0,1,Pedestrian
94,1927.0,942.0,1977.0,988.0,10081,0,0,1,Pedestrian
94,1927.0,942.0,1977.0,988.0,10082,0,0,1,Pedestrian
94,1927.0,942.0,1977.0,988.0,10083,0,0,1,Pedestrian
94,1927.0,942.0,1977.0,988.0,10084,0,0,1,Pedestrian
94,1927.0,942.0,1977.0,988.0,10085,0,0,0,Pedestrian
94,1927.0,942.0,1977.0,988.0,10086,0,0,1,Pedestrian
94,1927.0,942.0,1977.0,988.0,10087,0,0,1,Pedestrian
94,1927.0,942.0,1977.0,988.0,10088,0,0,1,Pedestrian
94,1927.0,942.0,1977.0,988.0,10089,0,0,1,Pedestrian
94,1927.0,942.0,1977.0,988.0,10090,0,0,1,Pedestrian
94,1927.0,942.0,1977.0,988.0,10091,0,0,1,Pedestrian
94,1927.0,942.0,1977.0,988.0,10092,0,0,0,Pedestrian
94,1927.0,942.0,1977.0,988.0,10093,0,0,1,Pedestrian
94,1927.0,942.0,1977.0,988.0,10094,0,0,1,Pedestrian
94,1927.0,942.0,1977.0,988.0,10095,0,0,1,Pedestrian
94,1927.0,942.0,1977.0,988.0,10096,0,0,1,Pedestrian
94,1927.0,942.0,1977.0,988.0,10097,0,0,1,Pedestrian
94,1927.0,942.0,1977.0,988.0,10098,0,0,1,Pedestrian
94,1927.0,942.0,1977.0,988.0,10099,0,0,1,Pedestrian
94,1927.0,942.0,1977.0,988.0,10100,0,0,1,Pedestrian
94,1927.0,942.0,1977.0,988.0,10101,0,0,1,Pedestrian
94,1927.0,942.0,1977.0,988.0,10102,0,0,1,Pedestrian
94,1927.0,942.0,1977.0,988.0,10103,0,0,1,Pedestrian
94,1927.0,942.0,1977.0,988.0,10104,0,0,1,Pedestrian
94,1927.0,942.0,1977.0,988.0,10105,0,0,0,Pedestrian
94,1927.0,942.0,1977.0,988.0,10106,0,0,1,Pedestrian
94,1927.0,942.0,1977.0,988.0,10107,0,0,1,Pedestrian
94,1927.0,942.0,1977.0,988.0,10108,0,0,1,Pedestrian
94,1927.0,942.0,1977.0,988.0,10109,0,0,1,Pedestrian
94,1927.0,942.0,1977.0,988.0,10110,0,0,1,Pedestrian
94,1927.0,942.0,1977.0,988.0,10111,0,0,1,Pedestrian
94,1927.0,942.0,1977.0,988.0,10112,0,0,1,Pedestrian
94,1927.0,942.0,1977.0,988.0,10113,0,0,1,Pedestrian
94,1927.0,942.0,1977.0,988.0,10114,0,0,1,Pedestrian
94,1927.0,942.0,1977.0,988.0,10115,0,0,1,Pedestrian
94,1927.0,942.0,1977.0,988.0,10116,0,0,1,Pedestrian
94,1927.0,942.0,1977.0,988.0,10117,0,0,1,Pedestrian
94,1927.0,942.0,1977.0,988.0,10118,0,0,1,Pedestrian
94,1927.0,942.0,1977.0,988.0,10119,0,0,1,Pedestrian
94,1927.0,942.0,1977.0,988.0,10120,0,0,1,Pedestrian
94,1927.0,942.0,1977.0,988.0,10121,0,0,0,Pedestrian
94,1927.0,942.0,1977.0,988.0,10122,0,0,1,Pedestrian
94,1927.0,942.0,1977.0,988.0,10123,0,0,1,Pedestrian
94,1927.0,942.0,1977.0,988.0,10124,0,0,1,Pedestrian
94,1927.0,942.0,1977.0,988.0,10125,0,0,1,Pedestrian
94,1927.0,942.0,1977.0,988.0,10126,1,0,0,Pedestrian
94,1927.0,942.0,1977.0,988.0,10127,1,0,1,Pedestrian
94,1927.0,942.0,1977.0,988.0,10128,1,0,1,Pedestrian
94,1927.0,942.0,1977.0,988.0,10129,1,0,0,Pedestrian
94,1927.0,942.0,1977.0,988.0,10130,1,0,1,Pedestrian
94,1927.0,942.0,1977.0,988.0,10131,1,0,1,Pedestrian
94,1927.0,942.0,1977.0,988.0,10132,1,0,1,Pedestrian
94,1930.0,942.0,1977.0,988.0,10133,1,0,1,Pedestrian
94,1930.0,942.0,1977.0,988.0,10134,1,0,1,Pedestrian
94,1930.0,942.0,1977.0,988.0,10135,1,0,1,Pedestrian
94,1930.0,942.0,1977.0,988.0,10136,1,0,1,Pedestrian
94,1933.0,944.0,1977.0,990.0,10137,1,0,0,Pedestrian
94,1933.0,944.0,1977.0,990.0,10138,1,0,1,Pedestrian
94,1933.0,944.0,1977.0,990.0,10139,1,0,1,Pedestrian
94,1933.0,944.0,1977.0,990.0,10140,1,0,1,Pedestrian
94,1933.0,944.0,1977.0,990.0,10141,1,0,1,Pedestrian
94,1933.0,944.0,1977.0,990.0,10142,1,0,1,Pedestrian
94,1933.0,944.0,1977.0,990.0,10143,1,0,1,Pedestrian
94,1933.0,944.0,1977.0,990.0,10144,1,0,1,Pedestrian
94,1933.0,944.0,1977.0,990.0,10145,1,0,1,Pedestrian
94,1933.0,944.0,1977.0,990.0,10146,1,0,1,Pedestrian
94,1933.0,944.0,1977.0,990.0,10147,1,0,1,Pedestrian
94,1933.0,944.0,1977.0,990.0,10148,1,0,1,Pedestrian
94,1933.0,944.0,1977.0,990.0,10149,1,0,1,Pedestrian
94,1933.0,944.0,1977.0,990.0,10150,1,0,1,Pedestrian
94,1933.0,944.0,1977.0,990.0,10151,1,0,1,Pedestrian
94,1933.0,944.0,1977.0,990.0,10152,1,0,1,Pedestrian
94,1933.0,944.0,1977.0,990.0,10153,1,0,1,Pedestrian
94,1933.0,944.0,1977.0,990.0,10154,1,0,1,Pedestrian
94,1933.0,944.0,1977.0,990.0,10155,1,0,1,Pedestrian
94,1933.0,944.0,1977.0,990.0,10156,1,0,1,Pedestrian
94,1933.0,944.0,1977.0,990.0,10157,1,0,1,Pedestrian
94,1933.0,944.0,1977.0,990.0,10158,1,0,1,Pedestrian
94,1933.0,944.0,1977.0,990.0,10159,1,0,1,Pedestrian
94,1933.0,944.0,1977.0,990.0,10160,1,0,1,Pedestrian
94,1933.0,944.0,1977.0,990.0,10161,1,0,1,Pedestrian
94,1933.0,944.0,1977.0,990.0,10162,1,0,1,Pedestrian
94,1933.0,944.0,1977.0,990.0,10163,1,0,1,Pedestrian
94,1933.0,944.0,1977.0,990.0,10164,1,0,1,Pedestrian
94,1933.0,944.0,1977.0,990.0,10165,1,0,1,Pedestrian
94,1933.0,944.0,1977.0,990.0,10166,1,0,1,Pedestrian
94,1933.0,944.0,1977.0,990.0,10167,1,0,1,Pedestrian
94,1933.0,944.0,1977.0,990.0,10168,1,0,1,Pedestrian
94,1933.0,944.0,1977.0,990.0,10169,1,0,1,Pedestrian
94,1933.0,944.0,1977.0,990.0,10170,1,0,1,Pedestrian
94,1933.0,944.0,1977.0,990.0,10171,1,0,1,Pedestrian
94,1933.0,944.0,1977.0,990.0,10172,1,0,1,Pedestrian
94,1933.0,944.0,1977.0,990.0,10173,1,0,1,Pedestrian
94,1933.0,944.0,1977.0,990.0,10174,1,0,1,Pedestrian
94,1933.0,944.0,1977.0,990.0,10175,1,0,1,Pedestrian
94,1933.0,944.0,1977.0,990.0,10176,1,0,1,Pedestrian
94,1933.0,944.0,1977.0,990.0,10177,1,0,1,Pedestrian
94,1933.0,944.0,1977.0,990.0,10178,1,0,1,Pedestrian
94,1933.0,944.0,1977.0,990.0,10179,1,0,1,Pedestrian
94,1933.0,944.0,1977.0,990.0,10180,1,0,1,Pedestrian
94,1933.0,944.0,1977.0,990.0,10181,1,0,1,Pedestrian
94,1933.0,944.0,1977.0,990.0,10182,1,0,1,Pedestrian
94,1933.0,944.0,1977.0,990.0,10183,1,0,1,Pedestrian
94,1933.0,944.0,1977.0,990.0,10184,1,0,1,Pedestrian
94,1933.0,944.0,1977.0,990.0,10185,1,0,1,Pedestrian
94,1933.0,944.0,1977.0,990.0,10186,1,0,1,Pedestrian
94,1933.0,944.0,1977.0,990.0,10187,1,0,1,Pedestrian
94,1933.0,944.0,1977.0,990.0,10188,1,0,1,Pedestrian
94,1933.0,944.0,1977.0,990.0,10189,1,0,1,Pedestrian
94,1933.0,944.0,1977.0,990.0,10190,1,0,1,Pedestrian
94,1933.0,944.0,1977.0,990.0,10191,1,0,1,Pedestrian
94,1933.0,944.0,1977.0,990.0,10192,1,0,1,Pedestrian
94,1933.0,944.0,1977.0,990.0,10193,1,0,1,Pedestrian
94,1933.0,944.0,1977.0,990.0,10194,1,0,1,Pedestrian
94,1933.0,944.0,1977.0,990.0,10195,1,0,1,Pedestrian
94,1933.0,944.0,1977.0,990.0,10196,1,0,1,Pedestrian
94,1933.0,944.0,1977.0,990.0,10197,1,0,1,Pedestrian
94,1933.0,944.0,1977.0,990.0,10198,1,0,1,Pedestrian
94,1933.0,944.0,1977.0,990.0,10199,1,0,1,Pedestrian
94,1933.0,944.0,1977.0,990.0,10200,1,0,1,Pedestrian
94,1933.0,944.0,1977.0,990.0,10201,1,0,1,Pedestrian
94,1933.0,944.0,1977.0,990.0,10202,1,0,1,Pedestrian
94,1933.0,944.0,1977.0,990.0,10203,1,0,1,Pedestrian
94,1933.0,944.0,1977.0,990.0,10204,1,0,1,Pedestrian
94,1933.0,944.0,1977.0,990.0,10205,1,0,1,Pedestrian
94,1933.0,944.0,1977.0,990.0,10206,1,0,1,Pedestrian
94,1933.0,944.0,1977.0,990.0,10207,1,0,1,Pedestrian
94,1933.0,944.0,1977.0,990.0,10208,1,0,1,Pedestrian
94,1933.0,944.0,1977.0,990.0,10209,1,0,1,Pedestrian
94,1933.0,944.0,1977.0,990.0,10210,1,0,1,Pedestrian
94,1933.0,944.0,1977.0,990.0,10211,1,0,1,Pedestrian
94,1933.0,944.0,1977.0,990.0,10212,1,0,1,Pedestrian
94,1933.0,944.0,1977.0,990.0,10213,1,0,1,Pedestrian
94,1933.0,944.0,1977.0,990.0,10214,1,0,1,Pedestrian
94,1933.0,944.0,1977.0,990.0,10215,1,0,1,Pedestrian
94,1933.0,944.0,1977.0,990.0,10216,1,0,1,Pedestrian
94,1933.0,944.0,1977.0,990.0,10217,1,0,1,Pedestrian
94,1933.0,944.0,1977.0,990.0,10218,1,0,1,Pedestrian
94,1933.0,944.0,1977.0,990.0,10219,1,0,1,Pedestrian
94,1933.0,944.0,1977.0,990.0,10220,1,0,1,Pedestrian
94,1933.0,944.0,1977.0,990.0,10221,1,0,1,Pedestrian
94,1933.0,944.0,1977.0,990.0,10222,1,0,1,Pedestrian
94,1933.0,944.0,1977.0,990.0,10223,1,0,1,Pedestrian
94,1933.0,944.0,1977.0,990.0,10224,1,0,1,Pedestrian
94,1933.0,944.0,1977.0,990.0,10225,1,0,1,Pedestrian
94,1933.0,944.0,1977.0,990.0,10226,1,0,1,Pedestrian
94,1933.0,944.0,1977.0,990.0,10227,1,0,1,Pedestrian
94,1933.0,944.0,1977.0,990.0,10228,1,0,1,Pedestrian
94,1933.0,944.0,1977.0,990.0,10229,1,0,1,Pedestrian
94,1933.0,944.0,1977.0,990.0,10230,1,0,1,Pedestrian
94,1933.0,944.0,1977.0,990.0,10231,1,0,1,Pedestrian
94,1933.0,944.0,1977.0,990.0,10232,1,0,1,Pedestrian
94,1933.0,944.0,1977.0,990.0,10233,1,0,1,Pedestrian
94,1933.0,944.0,1977.0,990.0,10234,1,0,1,Pedestrian
94,1933.0,944.0,1977.0,990.0,10235,1,0,1,Pedestrian
94,1933.0,944.0,1977.0,990.0,10236,1,0,1,Pedestrian
94,1933.0,944.0,1977.0,990.0,10237,1,0,1,Pedestrian
94,1933.0,944.0,1977.0,990.0,10238,1,0,1,Pedestrian
94,1933.0,944.0,1977.0,990.0,10239,1,0,1,Pedestrian
94,1933.0,944.0,1977.0,990.0,10240,1,0,1,Pedestrian
94,1933.0,944.0,1977.0,990.0,10241,1,0,1,Pedestrian
94,1933.0,944.0,1977.0,990.0,10242,1,0,1,Pedestrian
94,1933.0,944.0,1977.0,990.0,10243,1,0,1,Pedestrian
94,1933.0,944.0,1977.0,990.0,10244,1,0,1,Pedestrian
94,1933.0,944.0,1977.0,990.0,10245,1,0,1,Pedestrian
94,1933.0,944.0,1977.0,990.0,10246,1,0,1,Pedestrian
94,1933.0,944.0,1977.0,990.0,10247,1,0,1,Pedestrian
94,1933.0,944.0,1977.0,990.0,10248,1,0,1,Pedestrian
94,1933.0,944.0,1977.0,990.0,10249,1,0,1,Pedestrian
94,1933.0,944.0,1977.0,990.0,10250,1,0,1,Pedestrian
94,1933.0,944.0,1977.0,990.0,10251,1,0,1,Pedestrian
94,1933.0,944.0,1977.0,990.0,10252,1,0,1,Pedestrian
94,1933.0,944.0,1977.0,990.0,10253,1,0,1,Pedestrian
94,1933.0,944.0,1977.0,990.0,10254,1,0,1,Pedestrian
94,1933.0,944.0,1977.0,990.0,10255,1,0,1,Pedestrian
94,1933.0,944.0,1977.0,990.0,10256,1,0,1,Pedestrian
94,1933.0,944.0,1977.0,990.0,10257,1,0,1,Pedestrian
94,1933.0,944.0,1977.0,990.0,10258,1,0,1,Pedestrian
94,1933.0,944.0,1977.0,990.0,10259,1,0,1,Pedestrian
94,1933.0,944.0,1977.0,990.0,10260,1,0,1,Pedestrian
94,1933.0,944.0,1977.0,990.0,10261,1,0,1,Pedestrian
94,1933.0,944.0,1977.0,990.0,10262,1,0,1,Pedestrian
94,1933.0,944.0,1977.0,990.0,10263,1,0,1,Pedestrian
94,1933.0,944.0,1977.0,990.0,10264,1,0,1,Pedestrian
94,1933.0,944.0,1977.0,990.0,10265,1,0,1,Pedestrian
94,1933.0,944.0,1977.0,990.0,10266,1,0,1,Pedestrian
94,1933.0,944.0,1977.0,990.0,10267,1,0,1,Pedestrian
94,1933.0,944.0,1977.0,990.0,10268,1,0,1,Pedestrian
94,1933.0,944.0,1977.0,990.0,10269,1,0,1,Pedestrian
94,1933.0,944.0,1977.0,990.0,10270,1,0,1,Pedestrian
94,1933.0,944.0,1977.0,990.0,10271,1,0,1,Pedestrian
94,1933.0,944.0,1977.0,990.0,10272,1,0,1,Pedestrian
94,1933.0,944.0,1977.0,990.0,10273,1,0,1,Pedestrian
94,1933.0,944.0,1977.0,990.0,10274,1,0,1,Pedestrian
94,1933.0,944.0,1977.0,990.0,10275,1,0,1,Pedestrian
94,1933.0,944.0,1977.0,990.0,10276,1,0,1,Pedestrian
94,1933.0,944.0,1977.0,990.0,10277,1,0,1,Pedestrian
94,1933.0,944.0,1977.0,990.0,10278,1,0,1,Pedestrian
94,1933.0,944.0,1977.0,990.0,10279,1,0,1,Pedestrian
94,1933.0,944.0,1977.0,990.0,10280,1,0,1,Pedestrian
94,1933.0,944.0,1977.0,990.0,10281,1,0,1,Pedestrian
94,1933.0,944.0,1977.0,990.0,10282,1,0,1,Pedestrian
94,1933.0,944.0,1977.0,990.0,10283,1,0,1,Pedestrian
94,1933.0,944.0,1977.0,990.0,10284,1,0,1,Pedestrian
94,1933.0,944.0,1977.0,990.0,10285,1,0,1,Pedestrian
94,1933.0,944.0,1977.0,990.0,10286,1,0,1,Pedestrian
94,1933.0,944.0,1977.0,990.0,10287,1,0,1,Pedestrian
94,1933.0,944.0,1977.0,990.0,10288,1,0,1,Pedestrian
94,1933.0,944.0,1977.0,990.0,10289,1,0,1,Pedestrian
94,1933.0,944.0,1977.0,990.0,10290,1,0,1,Pedestrian
94,1933.0,944.0,1977.0,990.0,10291,1,0,1,Pedestrian
94,1933.0,944.0,1977.0,990.0,10292,1,0,1,Pedestrian
94,1933.0,944.0,1977.0,990.0,10293,1,0,1,Pedestrian
94,1933.0,944.0,1977.0,990.0,10294,1,0,1,Pedestrian
94,1933.0,944.0,1977.0,990.0,10295,1,0,1,Pedestrian
94,1933.0,944.0,1977.0,990.0,10296,1,0,1,Pedestrian
94,1933.0,944.0,1977.0,990.0,10297,1,0,1,Pedestrian
94,1933.0,944.0,1977.0,990.0,10298,1,0,1,Pedestrian
94,1933.0,944.0,1977.0,990.0,10299,1,0,1,Pedestrian
94,1933.0,944.0,1977.0,990.0,10300,1,0,1,Pedestrian
94,1933.0,944.0,1977.0,990.0,10301,1,0,1,Pedestrian
94,1933.0,944.0,1977.0,990.0,10302,1,0,1,Pedestrian
94,1933.0,944.0,1977.0,990.0,10303,1,0,1,Pedestrian
94,1933.0,944.0,1977.0,990.0,10304,1,0,1,Pedestrian
94,1933.0,944.0,1977.0,990.0,10305,1,0,1,Pedestrian
94,1933.0,944.0,1977.0,990.0,10306,1,0,1,Pedestrian
94,1933.0,944.0,1977.0,990.0,10307,1,0,1,Pedestrian
94,1933.0,944.0,1977.0,990.0,10308,1,0,1,Pedestrian
94,1933.0,944.0,1977.0,990.0,10309,1,0,1,Pedestrian
94,1933.0,944.0,1977.0,990.0,10310,1,0,1,Pedestrian
94,1933.0,944.0,1977.0,990.0,10311,1,0,1,Pedestrian
94,1933.0,944.0,1977.0,990.0,10312,1,0,1,Pedestrian
94,1933.0,944.0,1977.0,990.0,10313,1,0,1,Pedestrian
94,1933.0,944.0,1977.0,990.0,10314,1,0,1,Pedestrian
94,1933.0,944.0,1977.0,990.0,10315,1,0,1,Pedestrian
94,1933.0,944.0,1977.0,990.0,10316,1,0,1,Pedestrian
94,1933.0,944.0,1977.0,990.0,10317,1,0,1,Pedestrian
94,1933.0,944.0,1977.0,990.0,10318,1,0,1,Pedestrian
94,1933.0,944.0,1977.0,990.0,10319,1,0,1,Pedestrian
94,1933.0,944.0,1977.0,990.0,10320,1,0,1,Pedestrian
94,1933.0,944.0,1977.0,990.0,10321,1,0,1,Pedestrian
94,1933.0,944.0,1977.0,990.0,10322,1,0,1,Pedestrian
94,1933.0,944.0,1977.0,990.0,10323,1,0,1,Pedestrian
94,1933.0,944.0,1977.0,990.0,10324,1,0,1,Pedestrian
94,1933.0,944.0,1977.0,990.0,10325,1,0,1,Pedestrian
94,1933.0,944.0,1977.0,990.0,10326,1,0,1,Pedestrian
94,1933.0,944.0,1977.0,990.0,10327,1,0,1,Pedestrian
94,1933.0,944.0,1977.0,990.0,10328,1,0,1,Pedestrian
94,1933.0,944.0,1977.0,990.0,10329,1,0,1,Pedestrian
94,1933.0,944.0,1977.0,990.0,10330,1,0,1,Pedestrian
94,1933.0,944.0,1977.0,990.0,10331,1,0,1,Pedestrian
94,1933.0,944.0,1977.0,990.0,10332,1,0,1,Pedestrian
94,1933.0,944.0,1977.0,990.0,10333,1,0,1,Pedestrian
94,1933.0,944.0,1977.0,990.0,10334,1,0,1,Pedestrian
94,1933.0,944.0,1977.0,990.0,10335,1,0,1,Pedestrian
94,1933.0,944.0,1977.0,990.0,10336,1,0,1,Pedestrian
94,1933.0,944.0,1977.0,990.0,10337,1,0,1,Pedestrian
94,1933.0,944.0,1977.0,990.0,10338,1,0,1,Pedestrian
94,1933.0,944.0,1977.0,990.0,10339,1,0,1,Pedestrian
94,1933.0,944.0,1977.0,990.0,10340,1,0,1,Pedestrian
94,1933.0,944.0,1977.0,990.0,10341,1,0,1,Pedestrian
94,1933.0,944.0,1977.0,990.0,10342,1,0,1,Pedestrian
94,1933.0,944.0,1977.0,990.0,10343,1,0,1,Pedestrian
94,1933.0,944.0,1977.0,990.0,10344,1,0,1,Pedestrian
94,1933.0,944.0,1977.0,990.0,10345,1,0,1,Pedestrian
94,1933.0,944.0,1977.0,990.0,10346,1,0,1,Pedestrian
94,1933.0,944.0,1977.0,990.0,10347,1,0,1,Pedestrian
94,1933.0,944.0,1977.0,990.0,10348,1,0,1,Pedestrian
94,1933.0,944.0,1977.0,990.0,10349,1,0,1,Pedestrian
94,1933.0,944.0,1977.0,990.0,10350,1,0,1,Pedestrian
94,1933.0,944.0,1977.0,990.0,10351,1,0,1,Pedestrian
94,1933.0,944.0,1977.0,990.0,10352,1,0,1,Pedestrian
94,1933.0,944.0,1977.0,990.0,10353,1,0,1,Pedestrian
94,1933.0,944.0,1977.0,990.0,10354,1,0,1,Pedestrian
94,1933.0,944.0,1977.0,990.0,10355,1,0,1,Pedestrian
94,1933.0,944.0,1977.0,990.0,10356,1,0,1,Pedestrian
94,1933.0,944.0,1977.0,990.0,10357,1,0,1,Pedestrian
94,1933.0,944.0,1977.0,990.0,10358,1,0,1,Pedestrian
94,1933.0,944.0,1977.0,990.0,10359,1,0,1,Pedestrian
94,1933.0,944.0,1977.0,990.0,10360,1,0,1,Pedestrian
94,1933.0,944.0,1977.0,990.0,10361,1,0,1,Pedestrian
94,1933.0,944.0,1977.0,990.0,10362,1,0,1,Pedestrian
94,1933.0,944.0,1977.0,990.0,10363,1,0,1,Pedestrian
94,1933.0,944.0,1977.0,990.0,10364,1,0,1,Pedestrian
94,1933.0,944.0,1977.0,990.0,10365,1,0,1,Pedestrian
94,1933.0,944.0,1977.0,990.0,10366,1,0,1,Pedestrian
94,1933.0,944.0,1977.0,990.0,10367,1,0,1,Pedestrian
94,1933.0,944.0,1977.0,990.0,10368,1,0,1,Pedestrian
94,1933.0,944.0,1977.0,990.0,10369,1,0,1,Pedestrian
94,1933.0,944.0,1977.0,990.0,10370,1,0,1,Pedestrian
94,1933.0,944.0,1977.0,990.0,10371,1,0,1,Pedestrian
94,1933.0,944.0,1977.0,990.0,10372,1,0,1,Pedestrian
94,1933.0,944.0,1977.0,990.0,10373,1,0,1,Pedestrian
94,1933.0,944.0,1977.0,990.0,10374,1,0,1,Pedestrian
94,1933.0,944.0,1977.0,990.0,10375,1,0,1,Pedestrian
94,1933.0,944.0,1977.0,990.0,10376,1,0,1,Pedestrian
94,1933.0,944.0,1977.0,990.0,10377,1,0,1,Pedestrian
94,1933.0,944.0,1977.0,990.0,10378,1,0,1,Pedestrian
94,1933.0,944.0,1977.0,990.0,10379,1,0,1,Pedestrian
94,1933.0,944.0,1977.0,990.0,10380,1,0,1,Pedestrian
94,1933.0,944.0,1977.0,990.0,10381,1,0,1,Pedestrian
94,1933.0,944.0,1977.0,990.0,10382,1,0,1,Pedestrian
94,1933.0,944.0,1977.0,990.0,10383,1,0,1,Pedestrian
94,1933.0,944.0,1977.0,990.0,10384,1,0,1,Pedestrian
94,1933.0,944.0,1977.0,990.0,10385,1,0,1,Pedestrian
94,1933.0,944.0,1977.0,990.0,10386,1,0,1,Pedestrian
94,1933.0,944.0,1977.0,990.0,10387,1,0,1,Pedestrian
94,1933.0,944.0,1977.0,990.0,10388,1,0,1,Pedestrian
94,1933.0,944.0,1977.0,990.0,10389,1,0,1,Pedestrian
94,1933.0,944.0,1977.0,990.0,10390,1,0,1,Pedestrian
94,1933.0,944.0,1977.0,990.0,10391,1,0,1,Pedestrian
94,1933.0,944.0,1977.0,990.0,10392,1,0,1,Pedestrian
94,1933.0,944.0,1977.0,990.0,10393,1,0,1,Pedestrian
94,1933.0,944.0,1977.0,990.0,10394,1,0,1,Pedestrian
94,1933.0,944.0,1977.0,990.0,10395,1,0,1,Pedestrian
94,1933.0,944.0,1977.0,990.0,10396,1,0,1,Pedestrian
94,1933.0,944.0,1977.0,990.0,10397,1,0,1,Pedestrian
94,1933.0,944.0,1977.0,990.0,10398,1,0,1,Pedestrian
94,1933.0,944.0,1977.0,990.0,10399,1,0,1,Pedestrian
94,1933.0,944.0,1977.0,990.0,10400,1,0,1,Pedestrian
94,1933.0,944.0,1977.0,990.0,10401,1,0,1,Pedestrian
94,1933.0,944.0,1977.0,990.0,10402,1,0,1,Pedestrian
94,1933.0,944.0,1977.0,990.0,10403,1,0,1,Pedestrian
94,1933.0,944.0,1977.0,990.0,10404,1,0,1,Pedestrian
94,1933.0,944.0,1977.0,990.0,10405,1,0,1,Pedestrian
94,1933.0,944.0,1977.0,990.0,10406,1,0,1,Pedestrian
94,1933.0,944.0,1977.0,990.0,10407,1,0,1,Pedestrian
94,1933.0,944.0,1977.0,990.0,10408,1,0,1,Pedestrian
94,1933.0,944.0,1977.0,990.0,10409,1,0,1,Pedestrian
94,1933.0,944.0,1977.0,990.0,10410,1,0,1,Pedestrian
94,1933.0,944.0,1977.0,990.0,10411,1,0,1,Pedestrian
94,1933.0,944.0,1977.0,990.0,10412,1,0,1,Pedestrian
94,1933.0,944.0,1977.0,990.0,10413,1,0,1,Pedestrian
94,1933.0,944.0,1977.0,990.0,10414,1,0,1,Pedestrian
94,1933.0,944.0,1977.0,990.0,10415,1,0,1,Pedestrian
94,1933.0,944.0,1977.0,990.0,10416,1,0,1,Pedestrian
94,1933.0,944.0,1977.0,990.0,10417,1,0,1,Pedestrian
94,1933.0,944.0,1977.0,990.0,10418,1,0,1,Pedestrian
94,1933.0,944.0,1977.0,990.0,10419,1,0,1,Pedestrian
94,1933.0,944.0,1977.0,990.0,10420,1,0,0,Pedestrian
94,1933.0,944.0,1977.0,990.0,10421,1,0,1,Pedestrian
94,1933.0,944.0,1977.0,990.0,10422,1,0,1,Pedestrian
94,1933.0,944.0,1977.0,990.0,10423,1,0,1,Pedestrian
94,1933.0,944.0,1977.0,990.0,10424,1,0,1,Pedestrian
94,1933.0,944.0,1977.0,990.0,10425,1,0,1,Pedestrian
94,1933.0,944.0,1977.0,990.0,10426,1,0,1,Pedestrian
94,1933.0,944.0,1977.0,990.0,10427,1,0,1,Pedestrian
94,1933.0,944.0,1977.0,990.0,10428,1,0,1,Pedestrian
94,1933.0,944.0,1977.0,990.0,10429,1,0,1,Pedestrian
94,1933.0,944.0,1977.0,990.0,10430,1,0,1,Pedestrian
94,1933.0,944.0,1977.0,990.0,10431,1,0,1,Pedestrian
94,1933.0,944.0,1977.0,990.0,10432,1,0,1,Pedestrian
94,1933.0,944.0,1977.0,990.0,10433,1,0,1,Pedestrian
94,1933.0,944.0,1977.0,990.0,10434,1,0,1,Pedestrian
94,1933.0,944.0,1977.0,990.0,10435,1,0,1,Pedestrian
94,1933.0,944.0,1977.0,990.0,10436,1,0,1,Pedestrian
94,1933.0,944.0,1977.0,990.0,10437,1,0,1,Pedestrian
94,1933.0,944.0,1977.0,990.0,10438,1,0,1,Pedestrian
94,1933.0,944.0,1977.0,990.0,10439,1,0,1,Pedestrian
94,1933.0,944.0,1977.0,990.0,10440,1,0,1,Pedestrian
94,1933.0,944.0,1977.0,990.0,10441,1,0,1,Pedestrian
94,1933.0,944.0,1977.0,990.0,10442,1,0,1,Pedestrian
94,1933.0,944.0,1977.0,990.0,10443,1,0,1,Pedestrian
94,1933.0,944.0,1977.0,990.0,10444,1,0,1,Pedestrian
94,1933.0,944.0,1977.0,990.0,10445,1,0,1,Pedestrian
94,1933.0,944.0,1977.0,990.0,10446,1,0,1,Pedestrian
94,1933.0,944.0,1977.0,990.0,10447,1,0,1,Pedestrian
94,1933.0,944.0,1977.0,990.0,10448,1,0,1,Pedestrian
94,1933.0,944.0,1977.0,990.0,10449,1,0,1,Pedestrian
94,1933.0,944.0,1977.0,990.0,10450,1,0,1,Pedestrian
94,1933.0,944.0,1977.0,990.0,10451,1,0,1,Pedestrian
94,1933.0,944.0,1977.0,990.0,10452,1,0,1,Pedestrian
94,1933.0,944.0,1977.0,990.0,10453,1,0,1,Pedestrian
94,1933.0,944.0,1977.0,990.0,10454,1,0,1,Pedestrian
94,1933.0,944.0,1977.0,990.0,10455,1,0,1,Pedestrian
94,1933.0,944.0,1977.0,990.0,10456,1,0,1,Pedestrian
94,1933.0,944.0,1977.0,990.0,10457,1,0,1,Pedestrian
94,1933.0,944.0,1977.0,990.0,10458,1,0,1,Pedestrian
94,1933.0,944.0,1977.0,990.0,10459,1,0,1,Pedestrian
94,1933.0,944.0,1977.0,990.0,10460,1,0,1,Pedestrian
94,1933.0,944.0,1977.0,990.0,10461,1,0,1,Pedestrian
94,1933.0,944.0,1977.0,990.0,10462,1,0,1,Pedestrian
94,1933.0,944.0,1977.0,990.0,10463,1,0,1,Pedestrian
94,1933.0,944.0,1977.0,990.0,10464,1,0,1,Pedestrian
94,1933.0,944.0,1977.0,990.0,10465,1,0,1,Pedestrian
94,1933.0,944.0,1977.0,990.0,10466,1,0,1,Pedestrian
94,1933.0,944.0,1977.0,990.0,10467,1,0,1,Pedestrian
94,1933.0,944.0,1977.0,990.0,10468,1,0,1,Pedestrian
94,1933.0,944.0,1977.0,990.0,10469,1,0,1,Pedestrian
94,1933.0,944.0,1977.0,990.0,10470,1,0,1,Pedestrian
94,1933.0,944.0,1977.0,990.0,10471,1,0,1,Pedestrian
94,1933.0,944.0,1977.0,990.0,10472,1,0,1,Pedestrian
94,1933.0,944.0,1977.0,990.0,10473,1,0,1,Pedestrian
94,1933.0,944.0,1977.0,990.0,10474,1,0,1,Pedestrian
94,1933.0,944.0,1977.0,990.0,10475,1,0,1,Pedestrian
94,1933.0,944.0,1977.0,990.0,10476,1,0,1,Pedestrian
94,1933.0,944.0,1977.0,990.0,10477,1,0,1,Pedestrian
94,1933.0,944.0,1977.0,990.0,10478,1,0,1,Pedestrian
94,1933.0,944.0,1977.0,990.0,10479,1,0,1,Pedestrian
94,1933.0,944.0,1977.0,990.0,10480,1,0,1,Pedestrian
94,1933.0,944.0,1977.0,990.0,10481,1,0,1,Pedestrian
94,1933.0,944.0,1977.0,990.0,10482,1,0,1,Pedestrian
94,1933.0,944.0,1977.0,990.0,10483,1,0,1,Pedestrian
94,1933.0,944.0,1977.0,990.0,10484,1,0,1,Pedestrian
94,1933.0,944.0,1977.0,990.0,10485,1,0,1,Pedestrian
94,1933.0,944.0,1977.0,990.0,10486,1,0,1,Pedestrian
94,1933.0,944.0,1977.0,990.0,10487,1,0,1,Pedestrian
94,1933.0,944.0,1977.0,990.0,10488,1,0,1,Pedestrian
94,1933.0,944.0,1977.0,990.0,10489,1,0,1,Pedestrian
94,1933.0,944.0,1977.0,990.0,10490,1,0,1,Pedestrian
94,1933.0,944.0,1977.0,990.0,10491,1,0,1,Pedestrian
94,1933.0,944.0,1977.0,990.0,10492,1,0,1,Pedestrian
94,1933.0,944.0,1977.0,990.0,10493,1,0,1,Pedestrian
94,1933.0,944.0,1977.0,990.0,10494,1,0,1,Pedestrian
94,1933.0,944.0,1977.0,990.0,10495,1,0,1,Pedestrian
94,1933.0,944.0,1977.0,990.0,10496,1,0,1,Pedestrian
94,1933.0,944.0,1977.0,990.0,10497,1,0,1,Pedestrian
94,1933.0,944.0,1977.0,990.0,10498,1,0,1,Pedestrian
94,1933.0,944.0,1977.0,990.0,10499,1,0,1,Pedestrian
94,1933.0,944.0,1977.0,990.0,10500,1,0,1,Pedestrian
94,1933.0,944.0,1977.0,990.0,10501,1,0,1,Pedestrian
94,1933.0,944.0,1977.0,990.0,10502,1,0,1,Pedestrian
94,1933.0,944.0,1977.0,990.0,10503,1,0,1,Pedestrian
94,1933.0,944.0,1977.0,990.0,10504,1,0,1,Pedestrian
94,1933.0,944.0,1977.0,990.0,10505,1,0,1,Pedestrian
94,1933.0,944.0,1977.0,990.0,10506,1,0,1,Pedestrian
94,1933.0,944.0,1977.0,990.0,10507,1,0,1,Pedestrian
94,1933.0,944.0,1977.0,990.0,10508,1,0,1,Pedestrian
94,1933.0,944.0,1977.0,990.0,10509,1,0,1,Pedestrian
94,1933.0,944.0,1977.0,990.0,10510,1,0,1,Pedestrian
94,1933.0,944.0,1977.0,990.0,10511,1,0,1,Pedestrian
94,1933.0,944.0,1977.0,990.0,10512,1,0,1,Pedestrian
94,1933.0,944.0,1977.0,990.0,10513,1,0,1,Pedestrian
94,1933.0,944.0,1977.0,990.0,10514,1,0,1,Pedestrian
94,1933.0,944.0,1977.0,990.0,10515,1,0,1,Pedestrian
94,1933.0,944.0,1977.0,990.0,10516,1,0,1,Pedestrian
94,1933.0,944.0,1977.0,990.0,10517,1,0,1,Pedestrian
94,1933.0,944.0,1977.0,990.0,10518,1,0,1,Pedestrian
94,1933.0,944.0,1977.0,990.0,10519,1,0,1,Pedestrian
94,1933.0,944.0,1977.0,990.0,10520,1,0,1,Pedestrian
94,1933.0,944.0,1977.0,990.0,10521,1,0,1,Pedestrian
94,1933.0,944.0,1977.0,990.0,10522,1,0,1,Pedestrian
94,1933.0,944.0,1977.0,990.0,10523,1,0,1,Pedestrian
94,1933.0,944.0,1977.0,990.0,10524,1,0,1,Pedestrian
94,1933.0,944.0,1977.0,990.0,10525,1,0,1,Pedestrian
94,1933.0,944.0,1977.0,990.0,10526,1,0,1,Pedestrian
94,1933.0,944.0,1977.0,990.0,10527,1,0,1,Pedestrian
94,1933.0,944.0,1977.0,990.0,10528,1,0,1,Pedestrian
94,1933.0,944.0,1977.0,990.0,10529,1,0,1,Pedestrian
94,1933.0,944.0,1977.0,990.0,10530,1,0,1,Pedestrian
94,1933.0,944.0,1977.0,990.0,10531,1,0,0,Pedestrian
95,1512.0,2.0,1584.0,68.0,5000,1,0,0,Pedestrian
95,1512.0,0.0,1584.0,66.0,5001,1,0,1,Pedestrian
95,1512.0,0.0,1584.0,66.0,5002,1,0,1,Pedestrian
95,1512.0,0.0,1584.0,66.0,5003,1,0,1,Pedestrian
95,1512.0,0.0,1584.0,66.0,5004,1,0,1,Pedestrian
95,1512.0,0.0,1584.0,66.0,5005,1,0,1,Pedestrian
95,1512.0,0.0,1584.0,66.0,5006,1,0,1,Pedestrian
95,1512.0,0.0,1584.0,66.0,5007,1,0,1,Pedestrian
95,1512.0,0.0,1584.0,66.0,5008,1,0,1,Pedestrian
95,1512.0,0.0,1584.0,66.0,5009,1,0,1,Pedestrian
95,1512.0,0.0,1584.0,66.0,5010,1,0,1,Pedestrian
95,1512.0,0.0,1584.0,66.0,5011,1,0,1,Pedestrian
95,1512.0,0.0,1584.0,66.0,5012,1,0,1,Pedestrian
95,1512.0,0.0,1584.0,66.0,5013,1,0,1,Pedestrian
95,1512.0,0.0,1584.0,66.0,5014,1,0,1,Pedestrian
95,1512.0,0.0,1584.0,66.0,5015,1,0,1,Pedestrian
95,1512.0,0.0,1584.0,66.0,5016,1,0,1,Pedestrian
95,1512.0,0.0,1584.0,66.0,5017,1,0,1,Pedestrian
95,1512.0,0.0,1584.0,66.0,5018,1,0,1,Pedestrian
95,1512.0,0.0,1584.0,66.0,5019,1,0,1,Pedestrian
95,1512.0,0.0,1584.0,66.0,5020,1,0,1,Pedestrian
95,1512.0,0.0,1584.0,66.0,5021,1,0,1,Pedestrian
95,1512.0,0.0,1584.0,66.0,5022,1,0,1,Pedestrian
95,1512.0,0.0,1584.0,66.0,5023,1,0,1,Pedestrian
95,1512.0,0.0,1584.0,66.0,5024,1,0,1,Pedestrian
95,1512.0,0.0,1584.0,66.0,5025,1,0,1,Pedestrian
95,1512.0,0.0,1584.0,66.0,5026,1,0,1,Pedestrian
95,1512.0,0.0,1584.0,66.0,5027,1,0,1,Pedestrian
95,1512.0,0.0,1584.0,66.0,5028,1,0,1,Pedestrian
95,1512.0,0.0,1584.0,66.0,5029,1,0,1,Pedestrian
95,1512.0,0.0,1584.0,66.0,5030,1,0,1,Pedestrian
95,1512.0,0.0,1584.0,66.0,5031,1,0,1,Pedestrian
95,1512.0,0.0,1584.0,66.0,5032,1,0,1,Pedestrian
95,1512.0,0.0,1584.0,66.0,5033,1,0,1,Pedestrian
95,1512.0,0.0,1584.0,66.0,5034,1,0,1,Pedestrian
95,1512.0,0.0,1584.0,66.0,5035,1,0,1,Pedestrian
95,1512.0,0.0,1584.0,66.0,5036,1,0,1,Pedestrian
95,1512.0,0.0,1584.0,66.0,5037,1,0,1,Pedestrian
95,1512.0,0.0,1584.0,66.0,5038,1,0,1,Pedestrian
95,1512.0,0.0,1584.0,66.0,5039,1,0,1,Pedestrian
95,1512.0,0.0,1584.0,66.0,5040,1,0,1,Pedestrian
95,1512.0,0.0,1584.0,66.0,5041,1,0,1,Pedestrian
95,1512.0,0.0,1584.0,66.0,5042,1,0,1,Pedestrian
95,1512.0,0.0,1584.0,66.0,5043,1,0,1,Pedestrian
95,1512.0,0.0,1584.0,66.0,5044,1,0,1,Pedestrian
95,1512.0,0.0,1584.0,66.0,5045,1,0,1,Pedestrian
95,1512.0,0.0,1584.0,66.0,5046,1,0,1,Pedestrian
95,1512.0,0.0,1584.0,66.0,5047,1,0,1,Pedestrian
95,1512.0,0.0,1584.0,66.0,5048,1,0,1,Pedestrian
95,1512.0,0.0,1584.0,66.0,5049,1,0,1,Pedestrian
95,1512.0,0.0,1584.0,66.0,5050,1,0,1,Pedestrian
95,1512.0,0.0,1584.0,66.0,5051,1,0,1,Pedestrian
95,1512.0,0.0,1584.0,66.0,5052,1,0,1,Pedestrian
95,1512.0,0.0,1584.0,66.0,5053,1,0,1,Pedestrian
95,1512.0,0.0,1584.0,66.0,5054,1,0,1,Pedestrian
95,1512.0,0.0,1584.0,66.0,5055,1,0,1,Pedestrian
95,1512.0,0.0,1584.0,66.0,5056,1,0,1,Pedestrian
95,1512.0,0.0,1584.0,66.0,5057,1,0,1,Pedestrian
95,1512.0,0.0,1584.0,66.0,5058,1,0,1,Pedestrian
95,1512.0,0.0,1584.0,66.0,5059,1,0,1,Pedestrian
95,1512.0,0.0,1584.0,66.0,5060,1,0,1,Pedestrian
95,1512.0,0.0,1584.0,66.0,5061,1,0,1,Pedestrian
95,1512.0,0.0,1584.0,66.0,5062,1,0,1,Pedestrian
95,1512.0,0.0,1584.0,66.0,5063,1,0,1,Pedestrian
95,1512.0,0.0,1584.0,66.0,5064,1,0,1,Pedestrian
95,1512.0,0.0,1584.0,66.0,5065,1,0,1,Pedestrian
95,1512.0,0.0,1584.0,66.0,5066,1,0,1,Pedestrian
95,1512.0,0.0,1584.0,66.0,5067,1,0,1,Pedestrian
95,1512.0,0.0,1584.0,66.0,5068,1,0,1,Pedestrian
95,1512.0,0.0,1584.0,66.0,5069,1,0,1,Pedestrian
95,1512.0,0.0,1584.0,66.0,5070,1,0,1,Pedestrian
95,1512.0,0.0,1584.0,66.0,5071,1,0,1,Pedestrian
95,1512.0,0.0,1584.0,66.0,5072,1,0,1,Pedestrian
95,1512.0,0.0,1584.0,66.0,5073,1,0,1,Pedestrian
95,1512.0,0.0,1584.0,66.0,5074,1,0,1,Pedestrian
95,1512.0,0.0,1584.0,66.0,5075,1,0,1,Pedestrian
95,1512.0,0.0,1584.0,66.0,5076,1,0,1,Pedestrian
95,1512.0,0.0,1584.0,66.0,5077,1,0,1,Pedestrian
95,1512.0,0.0,1584.0,66.0,5078,1,0,1,Pedestrian
95,1512.0,0.0,1584.0,66.0,5079,1,0,1,Pedestrian
95,1512.0,0.0,1584.0,66.0,5080,1,0,1,Pedestrian
95,1512.0,0.0,1584.0,66.0,5081,1,0,1,Pedestrian
95,1512.0,0.0,1584.0,66.0,5082,1,0,1,Pedestrian
95,1512.0,0.0,1584.0,66.0,5083,1,0,1,Pedestrian
95,1512.0,0.0,1584.0,66.0,5084,1,0,1,Pedestrian
95,1512.0,0.0,1584.0,66.0,5085,1,0,1,Pedestrian
95,1512.0,0.0,1584.0,66.0,5086,1,0,1,Pedestrian
95,1512.0,0.0,1584.0,66.0,5087,1,0,1,Pedestrian
95,1512.0,0.0,1584.0,66.0,5088,1,0,1,Pedestrian
95,1512.0,0.0,1584.0,66.0,5089,1,0,1,Pedestrian
95,1512.0,0.0,1584.0,66.0,5090,1,0,1,Pedestrian
95,1512.0,0.0,1584.0,66.0,5091,1,0,1,Pedestrian
95,1512.0,0.0,1584.0,66.0,5092,1,0,1,Pedestrian
95,1512.0,0.0,1584.0,66.0,5093,1,0,1,Pedestrian
95,1512.0,0.0,1584.0,66.0,5094,1,0,1,Pedestrian
95,1512.0,0.0,1584.0,66.0,5095,1,0,1,Pedestrian
95,1512.0,0.0,1584.0,66.0,5096,1,0,1,Pedestrian
95,1512.0,0.0,1584.0,66.0,5097,1,0,1,Pedestrian
95,1512.0,0.0,1584.0,66.0,5098,1,0,1,Pedestrian
95,1512.0,0.0,1584.0,66.0,5099,1,0,1,Pedestrian
95,1512.0,0.0,1584.0,66.0,5100,1,0,1,Pedestrian
95,1512.0,0.0,1584.0,66.0,5101,1,0,1,Pedestrian
95,1512.0,0.0,1584.0,66.0,5102,1,0,1,Pedestrian
95,1512.0,0.0,1584.0,66.0,5103,1,0,1,Pedestrian
95,1512.0,0.0,1584.0,66.0,5104,1,0,1,Pedestrian
95,1512.0,0.0,1584.0,66.0,5105,1,0,1,Pedestrian
95,1512.0,0.0,1584.0,66.0,5106,1,0,1,Pedestrian
95,1512.0,0.0,1584.0,66.0,5107,1,0,1,Pedestrian
95,1512.0,0.0,1584.0,66.0,5108,1,0,1,Pedestrian
95,1512.0,0.0,1584.0,66.0,5109,1,0,1,Pedestrian
95,1512.0,0.0,1584.0,66.0,5110,1,0,1,Pedestrian
95,1512.0,0.0,1584.0,66.0,5111,1,0,1,Pedestrian
95,1512.0,0.0,1584.0,66.0,5112,1,0,1,Pedestrian
95,1512.0,0.0,1584.0,66.0,5113,1,0,1,Pedestrian
95,1512.0,0.0,1584.0,66.0,5114,1,0,1,Pedestrian
95,1512.0,0.0,1584.0,66.0,5115,1,0,1,Pedestrian
95,1512.0,0.0,1584.0,66.0,5116,1,0,1,Pedestrian
95,1512.0,0.0,1584.0,66.0,5117,1,0,1,Pedestrian
95,1512.0,0.0,1584.0,66.0,5118,1,0,1,Pedestrian
95,1512.0,0.0,1584.0,66.0,5119,1,0,1,Pedestrian
95,1512.0,0.0,1584.0,66.0,5120,1,0,1,Pedestrian
95,1512.0,0.0,1584.0,66.0,5121,1,0,1,Pedestrian
95,1512.0,0.0,1584.0,66.0,5122,1,0,1,Pedestrian
95,1512.0,0.0,1584.0,66.0,5123,1,0,1,Pedestrian
95,1512.0,0.0,1584.0,66.0,5124,1,0,1,Pedestrian
95,1512.0,0.0,1586.0,66.0,5125,1,0,1,Pedestrian
95,1512.0,0.0,1586.0,63.0,5126,1,0,1,Pedestrian
95,1512.0,0.0,1586.0,63.0,5127,1,0,1,Pedestrian
95,1512.0,0.0,1586.0,63.0,5128,1,0,1,Pedestrian
95,1512.0,0.0,1586.0,63.0,5129,1,0,1,Pedestrian
95,1512.0,0.0,1586.0,63.0,5130,1,0,1,Pedestrian
95,1512.0,0.0,1586.0,63.0,5131,1,0,1,Pedestrian
95,1512.0,0.0,1586.0,63.0,5132,1,0,1,Pedestrian
95,1512.0,0.0,1586.0,63.0,5133,1,0,1,Pedestrian
95,1512.0,0.0,1586.0,63.0,5134,1,0,1,Pedestrian
95,1512.0,0.0,1586.0,63.0,5135,1,0,1,Pedestrian
95,1512.0,0.0,1586.0,63.0,5136,1,0,1,Pedestrian
95,1512.0,0.0,1586.0,63.0,5137,1,0,1,Pedestrian
95,1512.0,0.0,1586.0,63.0,5138,1,0,1,Pedestrian
95,1512.0,0.0,1586.0,63.0,5139,1,0,1,Pedestrian
95,1512.0,0.0,1586.0,63.0,5140,1,0,1,Pedestrian
95,1512.0,0.0,1586.0,63.0,5141,1,0,1,Pedestrian
95,1512.0,0.0,1586.0,63.0,5142,1,0,1,Pedestrian
95,1512.0,0.0,1586.0,63.0,5143,1,0,1,Pedestrian
95,1512.0,0.0,1586.0,63.0,5144,1,0,1,Pedestrian
95,1512.0,0.0,1586.0,63.0,5145,1,0,1,Pedestrian
95,1512.0,0.0,1586.0,63.0,5146,1,0,1,Pedestrian
95,1512.0,0.0,1586.0,63.0,5147,1,0,1,Pedestrian
95,1512.0,0.0,1586.0,63.0,5148,1,0,1,Pedestrian
95,1512.0,0.0,1586.0,63.0,5149,1,0,1,Pedestrian
95,1512.0,0.0,1586.0,63.0,5150,1,0,1,Pedestrian
95,1512.0,0.0,1586.0,63.0,5151,1,0,1,Pedestrian
95,1512.0,0.0,1586.0,63.0,5152,1,0,1,Pedestrian
95,1512.0,0.0,1586.0,63.0,5153,1,0,1,Pedestrian
95,1512.0,0.0,1586.0,63.0,5154,1,0,1,Pedestrian
95,1512.0,0.0,1586.0,63.0,5155,1,0,1,Pedestrian
95,1512.0,0.0,1586.0,63.0,5156,1,0,1,Pedestrian
95,1512.0,0.0,1586.0,63.0,5157,1,0,1,Pedestrian
95,1512.0,0.0,1586.0,63.0,5158,1,0,1,Pedestrian
95,1512.0,0.0,1586.0,63.0,5159,1,0,1,Pedestrian
95,1512.0,0.0,1586.0,63.0,5160,1,0,1,Pedestrian
95,1512.0,0.0,1586.0,63.0,5161,1,0,1,Pedestrian
95,1512.0,0.0,1586.0,63.0,5162,1,0,1,Pedestrian
95,1512.0,0.0,1586.0,63.0,5163,1,0,1,Pedestrian
95,1512.0,0.0,1586.0,63.0,5164,1,0,1,Pedestrian
95,1512.0,0.0,1586.0,63.0,5165,1,0,1,Pedestrian
95,1512.0,0.0,1586.0,63.0,5166,1,0,1,Pedestrian
95,1512.0,0.0,1586.0,63.0,5167,1,0,1,Pedestrian
95,1512.0,0.0,1586.0,63.0,5168,1,0,1,Pedestrian
95,1512.0,0.0,1586.0,63.0,5169,1,0,1,Pedestrian
95,1512.0,0.0,1586.0,63.0,5170,1,0,1,Pedestrian
95,1512.0,0.0,1586.0,63.0,5171,1,0,1,Pedestrian
95,1512.0,0.0,1586.0,63.0,5172,1,0,1,Pedestrian
95,1512.0,0.0,1586.0,63.0,5173,1,0,1,Pedestrian
95,1512.0,0.0,1586.0,63.0,5174,1,0,1,Pedestrian
95,1512.0,0.0,1586.0,63.0,5175,1,0,1,Pedestrian
95,1512.0,0.0,1586.0,63.0,5176,1,0,1,Pedestrian
95,1512.0,0.0,1586.0,63.0,5177,1,0,1,Pedestrian
95,1512.0,0.0,1586.0,63.0,5178,1,0,1,Pedestrian
95,1512.0,0.0,1586.0,63.0,5179,1,0,1,Pedestrian
95,1512.0,0.0,1586.0,63.0,5180,1,0,1,Pedestrian
95,1512.0,0.0,1586.0,63.0,5181,1,0,1,Pedestrian
95,1512.0,0.0,1586.0,63.0,5182,1,0,1,Pedestrian
95,1512.0,0.0,1586.0,63.0,5183,1,0,1,Pedestrian
95,1512.0,0.0,1586.0,63.0,5184,1,0,1,Pedestrian
95,1512.0,0.0,1586.0,63.0,5185,1,0,1,Pedestrian
95,1512.0,0.0,1586.0,63.0,5186,1,0,1,Pedestrian
95,1512.0,0.0,1586.0,63.0,5187,1,0,1,Pedestrian
95,1515.0,0.0,1586.0,63.0,5188,1,0,1,Pedestrian
95,1515.0,0.0,1586.0,63.0,5189,1,0,1,Pedestrian
95,1515.0,0.0,1586.0,63.0,5190,1,0,1,Pedestrian
95,1515.0,0.0,1586.0,63.0,5191,1,0,1,Pedestrian
95,1515.0,0.0,1586.0,63.0,5192,1,0,1,Pedestrian
95,1515.0,0.0,1586.0,63.0,5193,1,0,1,Pedestrian
95,1515.0,0.0,1586.0,63.0,5194,1,0,1,Pedestrian
95,1515.0,0.0,1586.0,63.0,5195,1,0,1,Pedestrian
95,1515.0,0.0,1586.0,63.0,5196,1,0,1,Pedestrian
95,1515.0,0.0,1586.0,63.0,5197,1,0,1,Pedestrian
95,1515.0,0.0,1586.0,63.0,5198,1,0,1,Pedestrian
95,1515.0,0.0,1586.0,63.0,5199,1,0,1,Pedestrian
95,1515.0,0.0,1586.0,63.0,5200,1,0,1,Pedestrian
95,1515.0,0.0,1586.0,63.0,5201,1,0,1,Pedestrian
95,1515.0,0.0,1586.0,63.0,5202,1,0,1,Pedestrian
95,1515.0,0.0,1586.0,63.0,5203,1,0,1,Pedestrian
95,1515.0,0.0,1586.0,63.0,5204,1,0,1,Pedestrian
95,1515.0,0.0,1586.0,63.0,5205,1,0,1,Pedestrian
95,1515.0,0.0,1586.0,63.0,5206,1,0,1,Pedestrian
95,1515.0,0.0,1586.0,63.0,5207,1,0,1,Pedestrian
95,1515.0,0.0,1586.0,63.0,5208,1,0,1,Pedestrian
95,1515.0,0.0,1586.0,63.0,5209,1,0,1,Pedestrian
95,1515.0,0.0,1586.0,63.0,5210,1,0,1,Pedestrian
95,1515.0,0.0,1586.0,63.0,5211,1,0,1,Pedestrian
95,1515.0,0.0,1586.0,63.0,5212,1,0,1,Pedestrian
95,1515.0,0.0,1586.0,63.0,5213,1,0,1,Pedestrian
95,1515.0,0.0,1586.0,63.0,5214,1,0,1,Pedestrian
95,1515.0,0.0,1586.0,63.0,5215,1,0,1,Pedestrian
95,1515.0,0.0,1586.0,63.0,5216,1,0,1,Pedestrian
95,1515.0,0.0,1586.0,63.0,5217,1,0,1,Pedestrian
95,1515.0,0.0,1586.0,63.0,5218,1,0,1,Pedestrian
95,1515.0,0.0,1586.0,63.0,5219,1,0,1,Pedestrian
95,1515.0,0.0,1586.0,63.0,5220,1,0,1,Pedestrian
95,1515.0,0.0,1586.0,63.0,5221,1,0,1,Pedestrian
95,1515.0,0.0,1586.0,63.0,5222,1,0,1,Pedestrian
95,1515.0,0.0,1586.0,63.0,5223,1,0,1,Pedestrian
95,1515.0,0.0,1586.0,63.0,5224,1,0,1,Pedestrian
95,1515.0,0.0,1586.0,63.0,5225,1,0,1,Pedestrian
95,1515.0,0.0,1586.0,63.0,5226,1,0,1,Pedestrian
95,1515.0,0.0,1586.0,63.0,5227,1,0,1,Pedestrian
95,1515.0,0.0,1586.0,63.0,5228,1,0,1,Pedestrian
95,1515.0,0.0,1586.0,63.0,5229,1,0,1,Pedestrian
95,1515.0,0.0,1586.0,63.0,5230,1,0,1,Pedestrian
95,1515.0,0.0,1586.0,63.0,5231,1,0,1,Pedestrian
95,1515.0,0.0,1586.0,63.0,5232,1,0,1,Pedestrian
95,1515.0,0.0,1586.0,63.0,5233,1,0,1,Pedestrian
95,1515.0,0.0,1586.0,63.0,5234,1,0,1,Pedestrian
95,1515.0,0.0,1586.0,63.0,5235,1,0,1,Pedestrian
95,1515.0,0.0,1586.0,63.0,5236,1,0,1,Pedestrian
95,1515.0,0.0,1586.0,63.0,5237,1,0,1,Pedestrian
95,1515.0,0.0,1586.0,63.0,5238,1,0,1,Pedestrian
95,1515.0,0.0,1586.0,63.0,5239,1,0,1,Pedestrian
95,1515.0,0.0,1586.0,63.0,5240,1,0,1,Pedestrian
95,1515.0,0.0,1586.0,63.0,5241,1,0,1,Pedestrian
95,1515.0,0.0,1586.0,63.0,5242,1,0,1,Pedestrian
95,1515.0,0.0,1586.0,63.0,5243,1,0,1,Pedestrian
95,1515.0,0.0,1586.0,63.0,5244,1,0,1,Pedestrian
95,1515.0,0.0,1586.0,63.0,5245,1,0,1,Pedestrian
95,1515.0,0.0,1586.0,63.0,5246,1,0,1,Pedestrian
95,1515.0,0.0,1586.0,63.0,5247,1,0,1,Pedestrian
95,1515.0,0.0,1586.0,63.0,5248,1,0,1,Pedestrian
95,1515.0,0.0,1586.0,63.0,5249,1,0,1,Pedestrian
95,1515.0,0.0,1589.0,63.0,5250,1,0,1,Pedestrian
95,1515.0,0.0,1589.0,61.0,5251,1,0,1,Pedestrian
95,1515.0,0.0,1589.0,61.0,5252,1,0,1,Pedestrian
95,1515.0,0.0,1589.0,61.0,5253,1,0,1,Pedestrian
95,1515.0,0.0,1589.0,61.0,5254,1,0,1,Pedestrian
95,1515.0,0.0,1589.0,61.0,5255,1,0,1,Pedestrian
95,1515.0,0.0,1589.0,61.0,5256,1,0,1,Pedestrian
95,1515.0,0.0,1589.0,61.0,5257,1,0,1,Pedestrian
95,1515.0,0.0,1589.0,61.0,5258,1,0,1,Pedestrian
95,1515.0,0.0,1589.0,61.0,5259,1,0,1,Pedestrian
95,1515.0,0.0,1589.0,61.0,5260,1,0,1,Pedestrian
95,1515.0,0.0,1589.0,61.0,5261,1,0,1,Pedestrian
95,1515.0,0.0,1589.0,61.0,5262,1,0,1,Pedestrian
95,1515.0,0.0,1589.0,61.0,5263,1,0,1,Pedestrian
95,1515.0,0.0,1589.0,61.0,5264,1,0,1,Pedestrian
95,1515.0,0.0,1589.0,61.0,5265,1,0,1,Pedestrian
95,1515.0,0.0,1589.0,61.0,5266,1,0,1,Pedestrian
95,1515.0,0.0,1589.0,61.0,5267,1,0,1,Pedestrian
95,1515.0,0.0,1589.0,61.0,5268,1,0,1,Pedestrian
95,1515.0,0.0,1589.0,61.0,5269,1,0,1,Pedestrian
95,1515.0,0.0,1589.0,61.0,5270,1,0,1,Pedestrian
95,1515.0,0.0,1589.0,61.0,5271,1,0,1,Pedestrian
95,1515.0,0.0,1589.0,61.0,5272,1,0,1,Pedestrian
95,1515.0,0.0,1589.0,61.0,5273,1,0,1,Pedestrian
95,1515.0,0.0,1589.0,61.0,5274,1,0,1,Pedestrian
95,1515.0,0.0,1589.0,61.0,5275,1,0,1,Pedestrian
95,1515.0,0.0,1589.0,61.0,5276,1,0,1,Pedestrian
95,1515.0,0.0,1589.0,61.0,5277,1,0,1,Pedestrian
95,1515.0,0.0,1589.0,61.0,5278,1,0,1,Pedestrian
95,1515.0,0.0,1589.0,61.0,5279,1,0,1,Pedestrian
95,1515.0,0.0,1589.0,61.0,5280,1,0,1,Pedestrian
95,1515.0,0.0,1589.0,61.0,5281,1,0,1,Pedestrian
95,1515.0,0.0,1589.0,61.0,5282,1,0,1,Pedestrian
95,1515.0,0.0,1589.0,61.0,5283,1,0,1,Pedestrian
95,1515.0,0.0,1589.0,61.0,5284,1,0,1,Pedestrian
95,1515.0,0.0,1589.0,61.0,5285,1,0,1,Pedestrian
95,1515.0,0.0,1589.0,61.0,5286,1,0,1,Pedestrian
95,1515.0,0.0,1589.0,61.0,5287,1,0,1,Pedestrian
95,1515.0,0.0,1589.0,61.0,5288,1,0,1,Pedestrian
95,1515.0,0.0,1589.0,61.0,5289,1,0,1,Pedestrian
95,1515.0,0.0,1589.0,61.0,5290,1,0,1,Pedestrian
95,1515.0,0.0,1589.0,61.0,5291,1,0,1,Pedestrian
95,1515.0,0.0,1589.0,61.0,5292,1,0,1,Pedestrian
95,1515.0,0.0,1589.0,61.0,5293,1,0,1,Pedestrian
95,1515.0,0.0,1589.0,61.0,5294,1,0,1,Pedestrian
95,1515.0,0.0,1589.0,61.0,5295,1,0,1,Pedestrian
95,1515.0,0.0,1589.0,61.0,5296,1,0,1,Pedestrian
95,1515.0,0.0,1589.0,61.0,5297,1,0,1,Pedestrian
95,1515.0,0.0,1589.0,61.0,5298,1,0,1,Pedestrian
95,1515.0,0.0,1589.0,61.0,5299,1,0,1,Pedestrian
95,1515.0,0.0,1589.0,61.0,5300,1,0,1,Pedestrian
95,1515.0,0.0,1589.0,61.0,5301,1,0,1,Pedestrian
95,1515.0,0.0,1589.0,61.0,5302,1,0,1,Pedestrian
95,1515.0,0.0,1589.0,61.0,5303,1,0,1,Pedestrian
95,1515.0,0.0,1589.0,61.0,5304,1,0,1,Pedestrian
95,1515.0,0.0,1589.0,61.0,5305,1,0,1,Pedestrian
95,1515.0,0.0,1589.0,61.0,5306,1,0,1,Pedestrian
95,1515.0,0.0,1589.0,61.0,5307,1,0,1,Pedestrian
95,1515.0,0.0,1589.0,61.0,5308,1,0,1,Pedestrian
95,1515.0,0.0,1589.0,61.0,5309,1,0,1,Pedestrian
95,1515.0,0.0,1589.0,61.0,5310,1,0,1,Pedestrian
95,1515.0,0.0,1589.0,61.0,5311,1,0,1,Pedestrian
95,1515.0,0.0,1589.0,61.0,5312,1,0,1,Pedestrian
95,1515.0,0.0,1589.0,61.0,5313,1,0,1,Pedestrian
95,1515.0,0.0,1589.0,61.0,5314,1,0,1,Pedestrian
95,1515.0,0.0,1589.0,61.0,5315,1,0,1,Pedestrian
95,1515.0,0.0,1589.0,61.0,5316,1,0,1,Pedestrian
95,1515.0,0.0,1589.0,61.0,5317,1,0,1,Pedestrian
95,1515.0,0.0,1589.0,61.0,5318,1,0,1,Pedestrian
95,1515.0,0.0,1589.0,61.0,5319,1,0,1,Pedestrian
95,1515.0,0.0,1589.0,61.0,5320,1,0,1,Pedestrian
95,1515.0,0.0,1589.0,61.0,5321,1,0,1,Pedestrian
95,1515.0,0.0,1589.0,61.0,5322,1,0,1,Pedestrian
95,1515.0,0.0,1589.0,61.0,5323,1,0,1,Pedestrian
95,1515.0,0.0,1589.0,61.0,5324,1,0,1,Pedestrian
95,1515.0,0.0,1589.0,61.0,5325,1,0,1,Pedestrian
95,1515.0,0.0,1589.0,61.0,5326,1,0,1,Pedestrian
95,1515.0,0.0,1589.0,61.0,5327,1,0,1,Pedestrian
95,1515.0,0.0,1589.0,61.0,5328,1,0,1,Pedestrian
95,1515.0,0.0,1589.0,61.0,5329,1,0,1,Pedestrian
95,1515.0,0.0,1589.0,61.0,5330,1,0,1,Pedestrian
95,1515.0,0.0,1589.0,61.0,5331,1,0,1,Pedestrian
95,1515.0,0.0,1589.0,61.0,5332,1,0,1,Pedestrian
95,1515.0,0.0,1589.0,61.0,5333,1,0,1,Pedestrian
95,1515.0,0.0,1589.0,61.0,5334,1,0,1,Pedestrian
95,1515.0,0.0,1589.0,61.0,5335,1,0,1,Pedestrian
95,1515.0,0.0,1589.0,61.0,5336,1,0,1,Pedestrian
95,1515.0,0.0,1589.0,61.0,5337,1,0,1,Pedestrian
95,1515.0,0.0,1589.0,61.0,5338,1,0,1,Pedestrian
95,1515.0,0.0,1589.0,61.0,5339,1,0,1,Pedestrian
95,1515.0,0.0,1589.0,61.0,5340,1,0,1,Pedestrian
95,1515.0,0.0,1589.0,61.0,5341,1,0,1,Pedestrian
95,1515.0,0.0,1589.0,61.0,5342,1,0,1,Pedestrian
95,1515.0,0.0,1589.0,61.0,5343,1,0,1,Pedestrian
95,1515.0,0.0,1589.0,61.0,5344,1,0,1,Pedestrian
95,1515.0,0.0,1589.0,61.0,5345,1,0,1,Pedestrian
95,1515.0,0.0,1589.0,61.0,5346,1,0,1,Pedestrian
95,1515.0,0.0,1589.0,61.0,5347,1,0,1,Pedestrian
95,1515.0,0.0,1589.0,61.0,5348,1,0,1,Pedestrian
95,1515.0,0.0,1589.0,61.0,5349,1,0,1,Pedestrian
95,1515.0,0.0,1589.0,61.0,5350,1,0,1,Pedestrian
95,1515.0,0.0,1589.0,61.0,5351,1,0,1,Pedestrian
95,1515.0,0.0,1589.0,61.0,5352,1,0,1,Pedestrian
95,1515.0,0.0,1589.0,61.0,5353,1,0,1,Pedestrian
95,1515.0,0.0,1589.0,61.0,5354,1,0,1,Pedestrian
95,1515.0,0.0,1589.0,61.0,5355,1,0,1,Pedestrian
95,1515.0,0.0,1589.0,61.0,5356,1,0,1,Pedestrian
95,1515.0,0.0,1589.0,61.0,5357,1,0,1,Pedestrian
95,1515.0,0.0,1589.0,61.0,5358,1,0,1,Pedestrian
95,1515.0,0.0,1589.0,61.0,5359,1,0,1,Pedestrian
95,1515.0,0.0,1589.0,61.0,5360,1,0,1,Pedestrian
95,1515.0,0.0,1589.0,61.0,5361,1,0,1,Pedestrian
95,1515.0,0.0,1589.0,61.0,5362,1,0,1,Pedestrian
95,1515.0,0.0,1589.0,61.0,5363,1,0,1,Pedestrian
95,1515.0,0.0,1589.0,61.0,5364,1,0,1,Pedestrian
95,1515.0,0.0,1589.0,61.0,5365,1,0,1,Pedestrian
95,1515.0,0.0,1589.0,61.0,5366,1,0,1,Pedestrian
95,1515.0,0.0,1589.0,61.0,5367,1,0,1,Pedestrian
95,1515.0,0.0,1589.0,61.0,5368,1,0,1,Pedestrian
95,1515.0,0.0,1589.0,61.0,5369,1,0,1,Pedestrian
95,1515.0,0.0,1589.0,61.0,5370,1,0,1,Pedestrian
95,1515.0,0.0,1589.0,61.0,5371,1,0,1,Pedestrian
95,1515.0,0.0,1589.0,61.0,5372,1,0,1,Pedestrian
95,1515.0,0.0,1589.0,61.0,5373,1,0,1,Pedestrian
95,1515.0,0.0,1589.0,61.0,5374,1,0,1,Pedestrian
95,1518.0,0.0,1592.0,61.0,5375,0,0,0,Pedestrian
95,1515.0,0.0,1589.0,61.0,5376,0,0,1,Pedestrian
95,1515.0,0.0,1589.0,61.0,5377,0,0,1,Pedestrian
95,1515.0,0.0,1589.0,61.0,5378,0,0,1,Pedestrian
95,1515.0,0.0,1589.0,61.0,5379,0,0,1,Pedestrian
95,1515.0,0.0,1589.0,61.0,5380,0,0,1,Pedestrian
95,1512.0,0.0,1586.0,61.0,5381,0,0,1,Pedestrian
95,1512.0,0.0,1586.0,61.0,5382,0,0,1,Pedestrian
95,1512.0,0.0,1586.0,61.0,5383,0,0,1,Pedestrian
95,1512.0,0.0,1586.0,61.0,5384,0,0,1,Pedestrian
95,1512.0,0.0,1586.0,61.0,5385,0,0,1,Pedestrian
95,1509.0,0.0,1584.0,61.0,5386,0,0,1,Pedestrian
95,1509.0,0.0,1584.0,61.0,5387,0,0,1,Pedestrian
95,1509.0,0.0,1584.0,61.0,5388,0,0,1,Pedestrian
95,1509.0,0.0,1584.0,61.0,5389,0,0,1,Pedestrian
95,1509.0,0.0,1584.0,61.0,5390,0,0,1,Pedestrian
95,1507.0,0.0,1581.0,61.0,5391,0,0,1,Pedestrian
95,1507.0,0.0,1581.0,61.0,5392,0,0,1,Pedestrian
95,1507.0,0.0,1581.0,61.0,5393,0,0,1,Pedestrian
95,1507.0,0.0,1581.0,61.0,5394,0,0,1,Pedestrian
95,1507.0,0.0,1581.0,61.0,5395,0,0,1,Pedestrian
95,1507.0,0.0,1581.0,61.0,5396,0,0,1,Pedestrian
95,1504.0,0.0,1578.0,61.0,5397,0,0,1,Pedestrian
95,1504.0,0.0,1578.0,61.0,5398,0,0,1,Pedestrian
95,1504.0,0.0,1578.0,61.0,5399,0,0,1,Pedestrian
95,1504.0,0.0,1578.0,61.0,5400,0,0,1,Pedestrian
95,1504.0,0.0,1578.0,61.0,5401,0,0,1,Pedestrian
95,1501.0,0.0,1575.0,61.0,5402,0,0,1,Pedestrian
95,1501.0,0.0,1575.0,61.0,5403,0,0,1,Pedestrian
95,1501.0,0.0,1575.0,61.0,5404,0,0,1,Pedestrian
95,1501.0,0.0,1575.0,61.0,5405,0,0,1,Pedestrian
95,1501.0,0.0,1575.0,61.0,5406,0,0,1,Pedestrian
95,1498.0,0.0,1573.0,61.0,5407,0,0,1,Pedestrian
95,1498.0,0.0,1573.0,61.0,5408,0,0,1,Pedestrian
95,1498.0,0.0,1573.0,61.0,5409,0,0,1,Pedestrian
95,1498.0,0.0,1573.0,61.0,5410,0,0,1,Pedestrian
95,1498.0,0.0,1573.0,61.0,5411,0,0,1,Pedestrian
95,1496.0,0.0,1570.0,61.0,5412,0,0,1,Pedestrian
95,1496.0,0.0,1570.0,61.0,5413,0,0,1,Pedestrian
95,1496.0,0.0,1570.0,61.0,5414,0,0,1,Pedestrian
95,1496.0,0.0,1570.0,61.0,5415,0,0,1,Pedestrian
95,1496.0,0.0,1570.0,61.0,5416,0,0,1,Pedestrian
95,1496.0,0.0,1570.0,61.0,5417,0,0,1,Pedestrian
95,1493.0,0.0,1567.0,61.0,5418,0,0,1,Pedestrian
95,1493.0,0.0,1567.0,61.0,5419,0,0,1,Pedestrian
95,1493.0,0.0,1567.0,61.0,5420,0,0,1,Pedestrian
95,1493.0,0.0,1567.0,61.0,5421,0,0,1,Pedestrian
95,1493.0,0.0,1567.0,61.0,5422,0,0,1,Pedestrian
95,1490.0,0.0,1564.0,61.0,5423,0,0,1,Pedestrian
95,1490.0,0.0,1564.0,61.0,5424,0,0,1,Pedestrian
95,1490.0,0.0,1564.0,61.0,5425,0,0,1,Pedestrian
95,1490.0,0.0,1564.0,61.0,5426,0,0,1,Pedestrian
95,1490.0,0.0,1564.0,61.0,5427,0,0,1,Pedestrian
95,1487.0,0.0,1562.0,61.0,5428,0,0,1,Pedestrian
95,1487.0,0.0,1562.0,61.0,5429,0,0,1,Pedestrian
95,1487.0,0.0,1562.0,61.0,5430,0,0,1,Pedestrian
95,1487.0,0.0,1562.0,61.0,5431,0,0,1,Pedestrian
95,1487.0,0.0,1562.0,61.0,5432,0,0,1,Pedestrian
95,1485.0,0.0,1559.0,61.0,5433,0,0,1,Pedestrian
95,1485.0,0.0,1559.0,61.0,5434,0,0,1,Pedestrian
95,1485.0,0.0,1559.0,61.0,5435,0,0,1,Pedestrian
95,1485.0,0.0,1559.0,61.0,5436,0,0,1,Pedestrian
95,1485.0,0.0,1559.0,61.0,5437,0,0,1,Pedestrian
95,1485.0,0.0,1559.0,61.0,5438,0,0,1,Pedestrian
95,1482.0,0.0,1556.0,61.0,5439,0,0,1,Pedestrian
95,1482.0,0.0,1556.0,61.0,5440,0,0,1,Pedestrian
95,1482.0,0.0,1556.0,61.0,5441,0,0,1,Pedestrian
95,1482.0,0.0,1556.0,61.0,5442,0,0,1,Pedestrian
95,1482.0,0.0,1556.0,61.0,5443,0,0,1,Pedestrian
95,1479.0,0.0,1553.0,61.0,5444,0,0,1,Pedestrian
95,1479.0,0.0,1553.0,61.0,5445,0,0,1,Pedestrian
95,1479.0,0.0,1553.0,61.0,5446,0,0,1,Pedestrian
95,1479.0,0.0,1553.0,61.0,5447,0,0,1,Pedestrian
95,1479.0,0.0,1553.0,61.0,5448,0,0,1,Pedestrian
95,1476.0,0.0,1551.0,61.0,5449,0,0,1,Pedestrian
95,1476.0,0.0,1551.0,61.0,5450,0,0,1,Pedestrian
95,1476.0,0.0,1551.0,61.0,5451,0,0,1,Pedestrian
95,1476.0,0.0,1551.0,61.0,5452,0,0,1,Pedestrian
95,1476.0,0.0,1551.0,61.0,5453,0,0,1,Pedestrian
95,1474.0,0.0,1548.0,61.0,5454,0,0,1,Pedestrian
95,1474.0,0.0,1548.0,61.0,5455,0,0,1,Pedestrian
95,1474.0,0.0,1548.0,61.0,5456,0,0,1,Pedestrian
95,1474.0,0.0,1548.0,61.0,5457,0,0,1,Pedestrian
95,1474.0,0.0,1548.0,61.0,5458,0,0,1,Pedestrian
95,1474.0,0.0,1548.0,61.0,5459,0,0,1,Pedestrian
95,1471.0,0.0,1545.0,61.0,5460,0,0,1,Pedestrian
95,1471.0,0.0,1545.0,61.0,5461,0,0,1,Pedestrian
95,1471.0,0.0,1545.0,61.0,5462,0,0,1,Pedestrian
95,1471.0,0.0,1545.0,61.0,5463,0,0,1,Pedestrian
95,1471.0,0.0,1545.0,61.0,5464,0,0,1,Pedestrian
95,1468.0,0.0,1542.0,61.0,5465,0,0,1,Pedestrian
95,1468.0,0.0,1542.0,61.0,5466,0,0,1,Pedestrian
95,1468.0,0.0,1542.0,61.0,5467,0,0,1,Pedestrian
95,1468.0,0.0,1542.0,61.0,5468,0,0,1,Pedestrian
95,1468.0,0.0,1542.0,61.0,5469,0,0,1,Pedestrian
95,1465.0,0.0,1540.0,61.0,5470,0,0,1,Pedestrian
95,1465.0,0.0,1540.0,61.0,5471,0,0,1,Pedestrian
95,1465.0,0.0,1540.0,61.0,5472,0,0,1,Pedestrian
95,1465.0,0.0,1540.0,61.0,5473,0,0,1,Pedestrian
95,1465.0,0.0,1540.0,61.0,5474,0,0,1,Pedestrian
95,1465.0,0.0,1540.0,61.0,5475,0,0,0,Pedestrian
95,1463.0,0.0,1537.0,61.0,5476,0,0,1,Pedestrian
95,1463.0,0.0,1537.0,61.0,5477,0,0,1,Pedestrian
95,1463.0,0.0,1534.0,61.0,5478,0,0,1,Pedestrian
95,1460.0,0.0,1534.0,61.0,5479,0,0,1,Pedestrian
95,1460.0,0.0,1534.0,61.0,5480,0,0,1,Pedestrian
95,1460.0,0.0,1531.0,61.0,5481,0,0,1,Pedestrian
95,1457.0,0.0,1531.0,61.0,5482,0,0,1,Pedestrian
95,1457.0,0.0,1531.0,61.0,5483,0,0,1,Pedestrian
95,1457.0,0.0,1529.0,61.0,5484,0,0,1,Pedestrian
95,1454.0,0.0,1529.0,61.0,5485,0,0,1,Pedestrian
95,1454.0,0.0,1529.0,61.0,5486,0,0,1,Pedestrian
95,1454.0,0.0,1526.0,61.0,5487,0,0,1,Pedestrian
95,1452.0,0.0,1526.0,61.0,5488,0,0,1,Pedestrian
95,1452.0,0.0,1523.0,61.0,5489,0,0,1,Pedestrian
95,1452.0,0.0,1523.0,61.0,5490,0,0,1,Pedestrian
95,1449.0,0.0,1523.0,61.0,5491,0,0,1,Pedestrian
95,1449.0,0.0,1520.0,61.0,5492,0,0,1,Pedestrian
95,1449.0,0.0,1520.0,61.0,5493,0,0,1,Pedestrian
95,1446.0,0.0,1520.0,61.0,5494,0,0,1,Pedestrian
95,1446.0,0.0,1518.0,61.0,5495,0,0,1,Pedestrian
95,1446.0,0.0,1518.0,61.0,5496,0,0,1,Pedestrian
95,1443.0,0.0,1518.0,61.0,5497,0,0,1,Pedestrian
95,1443.0,0.0,1515.0,61.0,5498,0,0,1,Pedestrian
95,1443.0,0.0,1515.0,61.0,5499,0,0,1,Pedestrian
95,1443.0,0.0,1515.0,61.0,5500,0,0,0,Pedestrian
95,1441.0,0.0,1512.0,61.0,5501,0,0,1,Pedestrian
95,1441.0,0.0,1512.0,61.0,5502,0,0,1,Pedestrian
95,1441.0,0.0,1509.0,61.0,5503,0,0,1,Pedestrian
95,1438.0,0.0,1509.0,61.0,5504,0,0,1,Pedestrian
95,1438.0,0.0,1507.0,61.0,5505,0,0,1,Pedestrian
95,1438.0,2.0,1507.0,61.0,5506,0,0,1,Pedestrian
95,1435.0,2.0,1504.0,61.0,5507,0,0,1,Pedestrian
95,1435.0,2.0,1504.0,61.0,5508,0,0,1,Pedestrian
95,1435.0,2.0,1504.0,61.0,5509,0,0,1,Pedestrian
95,1435.0,2.0,1501.0,61.0,5510,0,0,1,Pedestrian
95,1432.0,4.0,1501.0,61.0,5511,0,0,1,Pedestrian
95,1432.0,4.0,1498.0,61.0,5512,0,0,1,Pedestrian
95,1432.0,4.0,1498.0,61.0,5513,0,0,1,Pedestrian
95,1430.0,4.0,1496.0,61.0,5514,0,0,1,Pedestrian
95,1430.0,4.0,1496.0,61.0,5515,0,0,1,Pedestrian
95,1430.0,6.0,1496.0,61.0,5516,0,0,1,Pedestrian
95,1430.0,6.0,1493.0,61.0,5517,0,0,1,Pedestrian
95,1427.0,6.0,1493.0,61.0,5518,0,0,1,Pedestrian
95,1427.0,6.0,1490.0,61.0,5519,0,0,1,Pedestrian
95,1427.0,6.0,1490.0,61.0,5520,0,0,1,Pedestrian
95,1424.0,6.0,1487.0,61.0,5521,0,0,1,Pedestrian
95,1424.0,9.0,1487.0,61.0,5522,0,0,1,Pedestrian
95,1424.0,9.0,1487.0,61.0,5523,0,0,1,Pedestrian
95,1421.0,9.0,1485.0,61.0,5524,0,0,1,Pedestrian
95,1421.0,9.0,1485.0,61.0,5525,0,0,1,Pedestrian
95,1421.0,9.0,1482.0,61.0,5526,0,0,1,Pedestrian
95,1421.0,11.0,1482.0,61.0,5527,0,0,1,Pedestrian
95,1419.0,11.0,1479.0,61.0,5528,0,0,1,Pedestrian
95,1419.0,11.0,1479.0,61.0,5529,0,0,1,Pedestrian
95,1419.0,11.0,1479.0,61.0,5530,0,0,1,Pedestrian
95,1416.0,11.0,1476.0,61.0,5531,0,0,1,Pedestrian
95,1416.0,13.0,1476.0,61.0,5532,0,0,1,Pedestrian
95,1416.0,13.0,1474.0,61.0,5533,0,0,1,Pedestrian
95,1416.0,13.0,1474.0,61.0,5534,0,0,1,Pedestrian
95,1413.0,13.0,1471.0,61.0,5535,0,0,1,Pedestrian
95,1413.0,13.0,1471.0,61.0,5536,0,0,1,Pedestrian
95,1413.0,15.0,1471.0,61.0,5537,0,0,1,Pedestrian
95,1410.0,15.0,1468.0,61.0,5538,0,0,1,Pedestrian
95,1410.0,15.0,1468.0,61.0,5539,0,0,1,Pedestrian
95,1410.0,15.0,1465.0,61.0,5540,0,0,1,Pedestrian
95,1408.0,15.0,1465.0,61.0,5541,0,0,1,Pedestrian
95,1408.0,15.0,1463.0,61.0,5542,0,0,1,Pedestrian
95,1408.0,18.0,1463.0,61.0,5543,0,0,1,Pedestrian
95,1408.0,18.0,1463.0,61.0,5544,0,0,1,Pedestrian
95,1405.0,18.0,1460.0,61.0,5545,0,0,1,Pedestrian
95,1405.0,18.0,1460.0,61.0,5546,0,0,1,Pedestrian
95,1405.0,18.0,1457.0,61.0,5547,0,0,1,Pedestrian
95,1402.0,20.0,1457.0,61.0,5548,0,0,1,Pedestrian
95,1402.0,20.0,1454.0,61.0,5549,0,0,1,Pedestrian
95,1402.0,20.0,1454.0,61.0,5550,0,0,1,Pedestrian
95,1402.0,20.0,1454.0,61.0,5551,0,0,1,Pedestrian
95,1399.0,20.0,1452.0,61.0,5552,0,0,1,Pedestrian
95,1399.0,22.0,1452.0,61.0,5553,0,0,1,Pedestrian
95,1399.0,22.0,1449.0,61.0,5554,0,0,1,Pedestrian
95,1397.0,22.0,1449.0,61.0,5555,0,0,1,Pedestrian
95,1397.0,22.0,1446.0,61.0,5556,0,0,1,Pedestrian
95,1397.0,22.0,1446.0,61.0,5557,0,0,1,Pedestrian
95,1397.0,25.0,1446.0,63.0,5558,0,0,0,Pedestrian
95,1394.0,22.0,1443.0,61.0,5559,0,0,1,Pedestrian
95,1394.0,22.0,1443.0,61.0,5560,0,0,1,Pedestrian
95,1391.0,22.0,1441.0,61.0,5561,0,0,1,Pedestrian
95,1391.0,22.0,1441.0,59.0,5562,0,0,1,Pedestrian
95,1391.0,22.0,1441.0,59.0,5563,0,0,1,Pedestrian
95,1388.0,20.0,1438.0,59.0,5564,0,0,1,Pedestrian
95,1388.0,20.0,1438.0,59.0,5565,0,0,1,Pedestrian
95,1386.0,20.0,1435.0,56.0,5566,0,0,1,Pedestrian
95,1386.0,20.0,1435.0,56.0,5567,0,0,1,Pedestrian
95,1386.0,20.0,1435.0,56.0,5568,0,0,1,Pedestrian
95,1383.0,18.0,1432.0,56.0,5569,0,0,1,Pedestrian
95,1383.0,18.0,1432.0,54.0,5570,0,0,1,Pedestrian
95,1380.0,18.0,1430.0,54.0,5571,0,0,1,Pedestrian
95,1380.0,18.0,1430.0,54.0,5572,0,0,1,Pedestrian
95,1380.0,18.0,1430.0,54.0,5573,0,0,1,Pedestrian
95,1377.0,18.0,1427.0,52.0,5574,0,0,1,Pedestrian
95,1377.0,15.0,1427.0,52.0,5575,0,0,1,Pedestrian
95,1375.0,15.0,1424.0,52.0,5576,0,0,1,Pedestrian
95,1375.0,15.0,1424.0,52.0,5577,0,0,1,Pedestrian
95,1375.0,15.0,1424.0,50.0,5578,0,0,1,Pedestrian
95,1372.0,15.0,1421.0,50.0,5579,0,0,1,Pedestrian
95,1372.0,13.0,1421.0,50.0,5580,0,0,1,Pedestrian
95,1372.0,13.0,1421.0,50.0,5581,0,0,1,Pedestrian
95,1369.0,13.0,1419.0,47.0,5582,0,0,1,Pedestrian
95,1369.0,13.0,1419.0,47.0,5583,0,0,1,Pedestrian
95,1366.0,13.0,1416.0,47.0,5584,0,0,1,Pedestrian
95,1366.0,11.0,1416.0,47.0,5585,0,0,1,Pedestrian
95,1366.0,11.0,1416.0,45.0,5586,0,0,1,Pedestrian
95,1364.0,11.0,1413.0,45.0,5587,0,0,1,Pedestrian
95,1364.0,11.0,1413.0,45.0,5588,0,0,1,Pedestrian
95,1361.0,11.0,1410.0,45.0,5589,0,0,1,Pedestrian
95,1361.0,11.0,1410.0,43.0,5590,0,0,1,Pedestrian
95,1361.0,9.0,1410.0,43.0,5591,0,0,1,Pedestrian
95,1358.0,9.0,1408.0,43.0,5592,0,0,1,Pedestrian
95,1358.0,9.0,1408.0,43.0,5593,0,0,1,Pedestrian
95,1355.0,9.0,1405.0,40.0,5594,0,0,1,Pedestrian
95,1355.0,9.0,1405.0,40.0,5595,0,0,1,Pedestrian
95,1355.0,6.0,1405.0,40.0,5596,0,0,1,Pedestrian
95,1353.0,6.0,1402.0,40.0,5597,0,0,1,Pedestrian
95,1353.0,6.0,1402.0,38.0,5598,0,0,1,Pedestrian
95,1353.0,6.0,1402.0,38.0,5599,0,0,1,Pedestrian
95,1350.0,6.0,1399.0,38.0,5600,0,0,1,Pedestrian
95,1350.0,4.0,1399.0,38.0,5601,0,0,1,Pedestrian
95,1347.0,4.0,1397.0,36.0,5602,0,0,1,Pedestrian
95,1347.0,4.0,1397.0,36.0,5603,0,0,1,Pedestrian
95,1347.0,4.0,1397.0,36.0,5604,0,0,1,Pedestrian
95,1344.0,4.0,1394.0,36.0,5605,0,0,1,Pedestrian
95,1344.0,4.0,1394.0,34.0,5606,0,0,1,Pedestrian
95,1342.0,2.0,1391.0,34.0,5607,0,0,1,Pedestrian
95,1342.0,2.0,1391.0,34.0,5608,0,0,1,Pedestrian
95,1342.0,2.0,1391.0,34.0,5609,0,0,1,Pedestrian
95,1339.0,2.0,1388.0,31.0,5610,0,0,1,Pedestrian
95,1339.0,2.0,1388.0,31.0,5611,0,0,1,Pedestrian
95,1336.0,0.0,1386.0,31.0,5612,0,0,1,Pedestrian
95,1336.0,0.0,1386.0,31.0,5613,0,0,1,Pedestrian
95,1336.0,0.0,1386.0,29.0,5614,0,0,1,Pedestrian
95,1333.0,0.0,1383.0,29.0,5615,0,0,1,Pedestrian
95,1333.0,0.0,1383.0,29.0,5616,0,0,1,Pedestrian
95,1333.0,0.0,1383.0,29.0,5617,0,0,0,Pedestrian
95,1331.0,0.0,1380.0,29.0,5618,0,0,1,Pedestrian
95,1331.0,0.0,1380.0,29.0,5619,0,0,1,Pedestrian
95,1331.0,0.0,1380.0,29.0,5620,0,0,1,Pedestrian
95,1331.0,0.0,1380.0,29.0,5621,0,0,1,Pedestrian
95,1331.0,0.0,1380.0,29.0,5622,0,0,1,Pedestrian
95,1331.0,0.0,1380.0,29.0,5623,0,0,1,Pedestrian
95,1328.0,0.0,1377.0,29.0,5624,0,0,1,Pedestrian
95,1328.0,0.0,1377.0,29.0,5625,0,0,1,Pedestrian
95,1328.0,0.0,1377.0,29.0,5626,0,0,1,Pedestrian
95,1328.0,0.0,1377.0,29.0,5627,0,0,1,Pedestrian
95,1328.0,0.0,1377.0,29.0,5628,0,0,1,Pedestrian
95,1328.0,0.0,1377.0,29.0,5629,0,0,1,Pedestrian
95,1328.0,0.0,1377.0,29.0,5630,0,0,1,Pedestrian
95,1325.0,0.0,1375.0,29.0,5631,0,0,1,Pedestrian
95,1325.0,0.0,1375.0,29.0,5632,0,0,1,Pedestrian
95,1325.0,0.0,1375.0,29.0,5633,0,0,1,Pedestrian
95,1325.0,0.0,1375.0,29.0,5634,0,0,1,Pedestrian
95,1325.0,0.0,1375.0,29.0,5635,0,0,1,Pedestrian
95,1325.0,0.0,1375.0,29.0,5636,0,0,1,Pedestrian
95,1322.0,0.0,1372.0,29.0,5637,0,0,1,Pedestrian
95,1322.0,0.0,1372.0,29.0,5638,0,0,1,Pedestrian
95,1322.0,0.0,1372.0,29.0,5639,0,0,1,Pedestrian
95,1322.0,0.0,1372.0,29.0,5640,0,0,1,Pedestrian
95,1322.0,0.0,1372.0,29.0,5641,0,0,1,Pedestrian
95,1322.0,0.0,1372.0,29.0,5642,0,0,1,Pedestrian
95,1322.0,0.0,1372.0,29.0,5643,0,0,1,Pedestrian
95,1320.0,0.0,1369.0,29.0,5644,0,0,1,Pedestrian
95,1320.0,0.0,1369.0,29.0,5645,0,0,1,Pedestrian
95,1320.0,0.0,1369.0,29.0,5646,0,0,1,Pedestrian
95,1320.0,0.0,1369.0,29.0,5647,0,0,1,Pedestrian
95,1320.0,0.0,1369.0,29.0,5648,0,0,1,Pedestrian
95,1320.0,0.0,1369.0,29.0,5649,0,0,1,Pedestrian
95,1317.0,0.0,1366.0,29.0,5650,0,0,1,Pedestrian
95,1317.0,0.0,1366.0,29.0,5651,0,0,1,Pedestrian
95,1317.0,0.0,1366.0,29.0,5652,0,0,1,Pedestrian
95,1317.0,0.0,1366.0,29.0,5653,0,0,1,Pedestrian
95,1317.0,0.0,1366.0,29.0,5654,0,0,1,Pedestrian
95,1317.0,0.0,1366.0,29.0,5655,0,0,1,Pedestrian
95,1317.0,0.0,1366.0,29.0,5656,0,0,1,Pedestrian
95,1314.0,0.0,1364.0,29.0,5657,0,0,1,Pedestrian
95,1314.0,0.0,1364.0,29.0,5658,0,0,1,Pedestrian
95,1314.0,0.0,1364.0,29.0,5659,0,0,1,Pedestrian
95,1314.0,0.0,1364.0,29.0,5660,0,0,1,Pedestrian
95,1314.0,0.0,1364.0,29.0,5661,0,0,1,Pedestrian
95,1314.0,0.0,1364.0,29.0,5662,0,0,1,Pedestrian
95,1311.0,0.0,1361.0,29.0,5663,0,0,1,Pedestrian
95,1311.0,0.0,1361.0,29.0,5664,0,0,1,Pedestrian
95,1311.0,0.0,1361.0,29.0,5665,0,0,1,Pedestrian
95,1311.0,0.0,1361.0,29.0,5666,0,0,1,Pedestrian
95,1311.0,0.0,1361.0,29.0,5667,0,0,1,Pedestrian
95,1311.0,0.0,1361.0,29.0,5668,0,0,1,Pedestrian
95,1311.0,0.0,1361.0,29.0,5669,0,0,1,Pedestrian
95,1309.0,0.0,1358.0,29.0,5670,0,0,1,Pedestrian
95,1309.0,0.0,1358.0,29.0,5671,0,0,1,Pedestrian
95,1309.0,0.0,1358.0,29.0,5672,0,0,1,Pedestrian
95,1309.0,0.0,1358.0,29.0,5673,0,0,1,Pedestrian
95,1309.0,0.0,1358.0,29.0,5674,0,0,1,Pedestrian
95,1309.0,0.0,1358.0,29.0,5675,0,0,1,Pedestrian
95,1306.0,0.0,1355.0,29.0,5676,0,0,1,Pedestrian
95,1306.0,0.0,1355.0,29.0,5677,0,0,1,Pedestrian
95,1306.0,0.0,1355.0,29.0,5678,0,0,1,Pedestrian
95,1306.0,0.0,1355.0,29.0,5679,0,0,1,Pedestrian
95,1306.0,0.0,1355.0,29.0,5680,0,0,1,Pedestrian
95,1306.0,0.0,1355.0,29.0,5681,0,0,1,Pedestrian
95,1306.0,0.0,1355.0,29.0,5682,0,0,0,Pedestrian
95,1306.0,0.0,1355.0,29.0,5683,0,0,1,Pedestrian
95,1306.0,0.0,1355.0,29.0,5684,0,0,1,Pedestrian
95,1306.0,0.0,1355.0,29.0,5685,0,0,1,Pedestrian
95,1306.0,0.0,1355.0,29.0,5686,0,0,1,Pedestrian
95,1306.0,0.0,1355.0,29.0,5687,0,0,1,Pedestrian
95,1306.0,0.0,1355.0,29.0,5688,0,0,1,Pedestrian
95,1306.0,0.0,1355.0,29.0,5689,0,0,1,Pedestrian
95,1306.0,0.0,1355.0,29.0,5690,0,0,1,Pedestrian
95,1306.0,0.0,1355.0,29.0,5691,0,0,1,Pedestrian
95,1306.0,0.0,1355.0,29.0,5692,0,0,1,Pedestrian
95,1306.0,0.0,1355.0,29.0,5693,0,0,1,Pedestrian
95,1306.0,0.0,1355.0,29.0,5694,0,0,1,Pedestrian
95,1306.0,0.0,1355.0,29.0,5695,0,0,1,Pedestrian
95,1306.0,0.0,1355.0,29.0,5696,0,0,1,Pedestrian
95,1306.0,0.0,1355.0,29.0,5697,0,0,1,Pedestrian
95,1306.0,0.0,1355.0,29.0,5698,0,0,1,Pedestrian
95,1306.0,0.0,1355.0,29.0,5699,0,0,1,Pedestrian
95,1306.0,0.0,1355.0,29.0,5700,0,0,1,Pedestrian
95,1306.0,0.0,1355.0,29.0,5701,0,0,1,Pedestrian
95,1306.0,0.0,1355.0,29.0,5702,0,0,1,Pedestrian
95,1306.0,0.0,1355.0,29.0,5703,0,0,1,Pedestrian
95,1306.0,0.0,1355.0,29.0,5704,0,0,1,Pedestrian
95,1306.0,0.0,1355.0,29.0,5705,0,0,1,Pedestrian
95,1306.0,0.0,1355.0,29.0,5706,0,0,1,Pedestrian
95,1306.0,0.0,1355.0,29.0,5707,0,1,0,Pedestrian
95,1306.0,0.0,1355.0,29.0,5708,0,1,1,Pedestrian
95,1306.0,0.0,1355.0,29.0,5709,0,1,1,Pedestrian
95,1306.0,0.0,1355.0,29.0,5710,0,1,1,Pedestrian
95,1306.0,0.0,1355.0,29.0,5711,0,1,1,Pedestrian
95,1306.0,0.0,1355.0,29.0,5712,0,1,1,Pedestrian
95,1306.0,0.0,1355.0,29.0,5713,0,1,1,Pedestrian
95,1306.0,0.0,1355.0,29.0,5714,0,1,1,Pedestrian
95,1306.0,0.0,1355.0,29.0,5715,0,1,1,Pedestrian
95,1306.0,0.0,1355.0,29.0,5716,0,1,1,Pedestrian
95,1306.0,0.0,1355.0,29.0,5717,0,1,1,Pedestrian
95,1306.0,0.0,1355.0,29.0,5718,0,1,1,Pedestrian
95,1306.0,0.0,1355.0,29.0,5719,0,1,1,Pedestrian
95,1306.0,0.0,1355.0,29.0,5720,0,1,1,Pedestrian
95,1306.0,0.0,1355.0,29.0,5721,0,1,1,Pedestrian
95,1306.0,0.0,1355.0,29.0,5722,0,1,1,Pedestrian
95,1306.0,0.0,1355.0,29.0,5723,0,1,1,Pedestrian
95,1306.0,0.0,1355.0,29.0,5724,0,1,1,Pedestrian
95,1306.0,0.0,1355.0,29.0,5725,0,1,1,Pedestrian
95,1306.0,0.0,1355.0,29.0,5726,0,1,1,Pedestrian
95,1306.0,0.0,1355.0,29.0,5727,0,1,1,Pedestrian
95,1306.0,0.0,1355.0,29.0,5728,0,1,1,Pedestrian
95,1306.0,0.0,1355.0,29.0,5729,0,1,1,Pedestrian
95,1306.0,0.0,1355.0,29.0,5730,0,1,1,Pedestrian
95,1306.0,0.0,1355.0,29.0,5731,0,1,1,Pedestrian
95,1306.0,0.0,1355.0,29.0,5732,0,1,1,Pedestrian
95,1306.0,0.0,1355.0,29.0,5733,0,1,1,Pedestrian
95,1306.0,0.0,1355.0,29.0,5734,0,1,1,Pedestrian
95,1306.0,0.0,1355.0,29.0,5735,0,1,1,Pedestrian
95,1306.0,0.0,1355.0,29.0,5736,0,1,1,Pedestrian
95,1306.0,0.0,1355.0,29.0,5737,0,1,1,Pedestrian
95,1306.0,0.0,1355.0,29.0,5738,0,1,1,Pedestrian
95,1306.0,0.0,1355.0,29.0,5739,0,1,1,Pedestrian
95,1306.0,0.0,1355.0,29.0,5740,0,1,1,Pedestrian
95,1306.0,0.0,1355.0,29.0,5741,0,1,1,Pedestrian
95,1306.0,0.0,1355.0,29.0,5742,0,1,1,Pedestrian
95,1306.0,0.0,1355.0,29.0,5743,0,1,1,Pedestrian
95,1306.0,0.0,1355.0,29.0,5744,0,1,1,Pedestrian
95,1306.0,0.0,1355.0,29.0,5745,0,1,1,Pedestrian
95,1306.0,0.0,1355.0,29.0,5746,0,1,1,Pedestrian
95,1306.0,0.0,1355.0,29.0,5747,0,1,1,Pedestrian
95,1306.0,0.0,1355.0,29.0,5748,0,1,1,Pedestrian
95,1306.0,0.0,1355.0,29.0,5749,0,1,1,Pedestrian
95,1306.0,0.0,1355.0,29.0,5750,0,1,1,Pedestrian
95,1306.0,0.0,1355.0,29.0,5751,0,1,1,Pedestrian
95,1306.0,0.0,1355.0,29.0,5752,0,1,1,Pedestrian
95,1306.0,0.0,1355.0,29.0,5753,0,1,1,Pedestrian
95,1306.0,0.0,1355.0,29.0,5754,0,1,1,Pedestrian
95,1306.0,0.0,1355.0,29.0,5755,0,1,1,Pedestrian
95,1306.0,0.0,1355.0,29.0,5756,0,1,1,Pedestrian
95,1306.0,0.0,1355.0,29.0,5757,0,1,1,Pedestrian
95,1306.0,0.0,1355.0,29.0,5758,0,1,1,Pedestrian
95,1306.0,0.0,1355.0,29.0,5759,0,1,1,Pedestrian
95,1306.0,0.0,1355.0,29.0,5760,0,1,1,Pedestrian
95,1306.0,0.0,1355.0,29.0,5761,0,1,1,Pedestrian
95,1306.0,0.0,1355.0,29.0,5762,0,1,1,Pedestrian
95,1306.0,0.0,1355.0,29.0,5763,0,1,1,Pedestrian
95,1306.0,0.0,1355.0,29.0,5764,0,1,1,Pedestrian
95,1306.0,0.0,1355.0,29.0,5765,0,1,1,Pedestrian
95,1306.0,0.0,1355.0,29.0,5766,0,1,1,Pedestrian
95,1306.0,0.0,1355.0,29.0,5767,0,1,1,Pedestrian
95,1306.0,0.0,1355.0,29.0,5768,0,1,1,Pedestrian
95,1306.0,0.0,1355.0,29.0,5769,0,1,1,Pedestrian
95,1306.0,0.0,1355.0,29.0,5770,0,1,1,Pedestrian
95,1306.0,0.0,1355.0,29.0,5771,0,1,1,Pedestrian
95,1306.0,0.0,1355.0,29.0,5772,0,1,1,Pedestrian
95,1306.0,0.0,1355.0,29.0,5773,0,1,1,Pedestrian
95,1306.0,0.0,1355.0,29.0,5774,0,1,1,Pedestrian
95,1306.0,0.0,1355.0,29.0,5775,0,1,1,Pedestrian
95,1306.0,0.0,1355.0,29.0,5776,0,1,1,Pedestrian
95,1306.0,0.0,1355.0,29.0,5777,0,1,1,Pedestrian
95,1306.0,0.0,1355.0,29.0,5778,0,1,1,Pedestrian
95,1306.0,0.0,1355.0,29.0,5779,0,1,1,Pedestrian
95,1306.0,0.0,1355.0,29.0,5780,0,1,1,Pedestrian
95,1306.0,0.0,1355.0,29.0,5781,0,1,1,Pedestrian
95,1306.0,0.0,1355.0,29.0,5782,0,1,1,Pedestrian
95,1306.0,0.0,1355.0,29.0,5783,0,1,1,Pedestrian
95,1306.0,0.0,1355.0,29.0,5784,0,1,1,Pedestrian
95,1306.0,0.0,1355.0,29.0,5785,0,1,1,Pedestrian
95,1306.0,0.0,1355.0,29.0,5786,0,1,1,Pedestrian
95,1306.0,0.0,1355.0,29.0,5787,0,1,1,Pedestrian
95,1306.0,0.0,1355.0,29.0,5788,0,1,1,Pedestrian
95,1306.0,0.0,1355.0,29.0,5789,0,1,1,Pedestrian
95,1306.0,0.0,1355.0,29.0,5790,0,1,1,Pedestrian
95,1306.0,0.0,1355.0,29.0,5791,0,1,1,Pedestrian
95,1306.0,0.0,1355.0,29.0,5792,0,1,1,Pedestrian
95,1306.0,0.0,1355.0,29.0,5793,0,1,1,Pedestrian
95,1306.0,0.0,1355.0,29.0,5794,0,1,1,Pedestrian
95,1306.0,0.0,1355.0,29.0,5795,0,1,1,Pedestrian
95,1306.0,0.0,1355.0,29.0,5796,0,1,1,Pedestrian
95,1306.0,0.0,1355.0,29.0,5797,0,1,1,Pedestrian
95,1306.0,0.0,1355.0,29.0,5798,0,1,1,Pedestrian
95,1306.0,0.0,1355.0,29.0,5799,0,1,1,Pedestrian
95,1306.0,0.0,1355.0,29.0,5800,0,1,1,Pedestrian
95,1306.0,0.0,1355.0,29.0,5801,0,1,1,Pedestrian
95,1306.0,0.0,1355.0,29.0,5802,0,1,1,Pedestrian
95,1306.0,0.0,1355.0,29.0,5803,0,1,1,Pedestrian
95,1306.0,0.0,1355.0,29.0,5804,0,1,1,Pedestrian
95,1306.0,0.0,1355.0,29.0,5805,0,1,1,Pedestrian
95,1306.0,0.0,1355.0,29.0,5806,0,1,1,Pedestrian
95,1306.0,0.0,1355.0,29.0,5807,0,1,1,Pedestrian
95,1306.0,0.0,1355.0,29.0,5808,0,1,1,Pedestrian
95,1306.0,0.0,1355.0,29.0,5809,0,1,1,Pedestrian
95,1306.0,0.0,1355.0,29.0,5810,0,1,1,Pedestrian
95,1306.0,0.0,1355.0,29.0,5811,0,1,1,Pedestrian
95,1306.0,0.0,1355.0,29.0,5812,0,1,1,Pedestrian
95,1306.0,0.0,1355.0,29.0,5813,0,1,1,Pedestrian
95,1306.0,0.0,1355.0,29.0,5814,0,1,1,Pedestrian
95,1306.0,0.0,1355.0,29.0,5815,0,1,1,Pedestrian
95,1306.0,0.0,1355.0,29.0,5816,0,1,1,Pedestrian
95,1306.0,0.0,1355.0,29.0,5817,0,1,1,Pedestrian
95,1306.0,0.0,1355.0,29.0,5818,0,1,1,Pedestrian
95,1306.0,0.0,1355.0,29.0,5819,0,1,1,Pedestrian
95,1306.0,0.0,1355.0,29.0,5820,0,1,1,Pedestrian
95,1306.0,0.0,1355.0,29.0,5821,0,1,1,Pedestrian
95,1306.0,0.0,1355.0,29.0,5822,0,1,1,Pedestrian
95,1306.0,0.0,1355.0,29.0,5823,0,1,1,Pedestrian
95,1306.0,0.0,1355.0,29.0,5824,0,1,1,Pedestrian
95,1306.0,0.0,1355.0,29.0,5825,0,1,1,Pedestrian
95,1306.0,0.0,1355.0,29.0,5826,0,1,1,Pedestrian
95,1306.0,0.0,1355.0,29.0,5827,0,1,1,Pedestrian
95,1306.0,0.0,1355.0,29.0,5828,0,1,1,Pedestrian
95,1306.0,0.0,1355.0,29.0,5829,0,1,1,Pedestrian
95,1306.0,0.0,1355.0,29.0,5830,0,1,1,Pedestrian
95,1306.0,0.0,1355.0,29.0,5831,0,1,1,Pedestrian
95,1306.0,0.0,1355.0,29.0,5832,0,1,1,Pedestrian
95,1306.0,0.0,1355.0,29.0,5833,0,1,1,Pedestrian
95,1306.0,0.0,1355.0,29.0,5834,0,1,1,Pedestrian
95,1306.0,0.0,1355.0,29.0,5835,0,1,1,Pedestrian
95,1306.0,0.0,1355.0,29.0,5836,0,1,1,Pedestrian
95,1306.0,0.0,1355.0,29.0,5837,0,1,1,Pedestrian
95,1306.0,0.0,1355.0,29.0,5838,0,1,1,Pedestrian
95,1306.0,0.0,1355.0,29.0,5839,0,1,1,Pedestrian
95,1306.0,0.0,1355.0,29.0,5840,0,1,1,Pedestrian
95,1306.0,0.0,1355.0,29.0,5841,0,1,1,Pedestrian
95,1306.0,0.0,1355.0,29.0,5842,0,1,1,Pedestrian
95,1306.0,0.0,1355.0,29.0,5843,0,1,1,Pedestrian
95,1306.0,0.0,1355.0,29.0,5844,0,1,1,Pedestrian
95,1306.0,0.0,1355.0,29.0,5845,0,1,1,Pedestrian
95,1306.0,0.0,1355.0,29.0,5846,0,1,1,Pedestrian
95,1306.0,0.0,1355.0,29.0,5847,0,1,1,Pedestrian
95,1306.0,0.0,1355.0,29.0,5848,0,1,1,Pedestrian
95,1306.0,0.0,1355.0,29.0,5849,0,1,1,Pedestrian
95,1306.0,0.0,1355.0,29.0,5850,0,1,1,Pedestrian
95,1306.0,0.0,1355.0,29.0,5851,0,1,1,Pedestrian
95,1306.0,0.0,1355.0,29.0,5852,0,1,1,Pedestrian
95,1306.0,0.0,1355.0,29.0,5853,0,1,1,Pedestrian
95,1306.0,0.0,1355.0,29.0,5854,0,1,1,Pedestrian
95,1306.0,0.0,1355.0,29.0,5855,0,1,1,Pedestrian
95,1306.0,0.0,1355.0,29.0,5856,0,1,1,Pedestrian
95,1306.0,0.0,1355.0,29.0,5857,0,1,1,Pedestrian
95,1306.0,0.0,1355.0,29.0,5858,0,1,1,Pedestrian
95,1306.0,0.0,1355.0,29.0,5859,0,1,1,Pedestrian
95,1306.0,0.0,1355.0,29.0,5860,0,1,1,Pedestrian
95,1306.0,0.0,1355.0,29.0,5861,0,1,1,Pedestrian
95,1306.0,0.0,1355.0,29.0,5862,0,1,1,Pedestrian
95,1306.0,0.0,1355.0,29.0,5863,0,1,1,Pedestrian
95,1306.0,0.0,1355.0,29.0,5864,0,1,1,Pedestrian
95,1306.0,0.0,1355.0,29.0,5865,0,1,1,Pedestrian
95,1306.0,0.0,1355.0,29.0,5866,0,1,1,Pedestrian
95,1306.0,0.0,1355.0,29.0,5867,0,1,1,Pedestrian
95,1306.0,0.0,1355.0,29.0,5868,0,1,1,Pedestrian
95,1306.0,0.0,1355.0,29.0,5869,0,1,1,Pedestrian
95,1306.0,0.0,1355.0,29.0,5870,0,1,1,Pedestrian
95,1306.0,0.0,1355.0,29.0,5871,0,1,1,Pedestrian
95,1306.0,0.0,1355.0,29.0,5872,0,1,1,Pedestrian
95,1306.0,0.0,1355.0,29.0,5873,0,1,1,Pedestrian
95,1306.0,0.0,1355.0,29.0,5874,0,1,1,Pedestrian
95,1306.0,0.0,1355.0,29.0,5875,0,1,1,Pedestrian
95,1306.0,0.0,1355.0,29.0,5876,0,1,1,Pedestrian
95,1306.0,0.0,1355.0,29.0,5877,0,1,1,Pedestrian
95,1306.0,0.0,1355.0,29.0,5878,0,1,1,Pedestrian
95,1306.0,0.0,1355.0,29.0,5879,0,1,1,Pedestrian
95,1306.0,0.0,1355.0,29.0,5880,0,1,1,Pedestrian
95,1306.0,0.0,1355.0,29.0,5881,0,1,1,Pedestrian
95,1306.0,0.0,1355.0,29.0,5882,0,1,1,Pedestrian
95,1306.0,0.0,1355.0,29.0,5883,0,1,1,Pedestrian
95,1306.0,0.0,1355.0,29.0,5884,0,1,1,Pedestrian
95,1306.0,0.0,1355.0,29.0,5885,0,1,1,Pedestrian
95,1306.0,0.0,1355.0,29.0,5886,0,1,1,Pedestrian
95,1306.0,0.0,1355.0,29.0,5887,0,1,1,Pedestrian
95,1306.0,0.0,1355.0,29.0,5888,0,1,1,Pedestrian
95,1306.0,0.0,1355.0,29.0,5889,0,1,1,Pedestrian
95,1306.0,0.0,1355.0,29.0,5890,0,1,1,Pedestrian
95,1306.0,0.0,1355.0,29.0,5891,0,1,1,Pedestrian
95,1306.0,0.0,1355.0,29.0,5892,0,1,1,Pedestrian
95,1306.0,0.0,1355.0,29.0,5893,0,1,1,Pedestrian
95,1306.0,0.0,1355.0,29.0,5894,0,1,1,Pedestrian
95,1306.0,0.0,1355.0,29.0,5895,0,1,1,Pedestrian
95,1306.0,0.0,1355.0,29.0,5896,0,1,1,Pedestrian
95,1306.0,0.0,1355.0,29.0,5897,0,1,1,Pedestrian
95,1306.0,0.0,1355.0,29.0,5898,0,1,1,Pedestrian
95,1306.0,0.0,1355.0,29.0,5899,0,1,1,Pedestrian
95,1306.0,0.0,1355.0,29.0,5900,0,1,1,Pedestrian
95,1306.0,0.0,1355.0,29.0,5901,0,1,1,Pedestrian
95,1306.0,0.0,1355.0,29.0,5902,0,1,1,Pedestrian
95,1306.0,0.0,1355.0,29.0,5903,0,1,1,Pedestrian
95,1306.0,0.0,1355.0,29.0,5904,0,1,1,Pedestrian
95,1306.0,0.0,1355.0,29.0,5905,0,1,1,Pedestrian
95,1306.0,0.0,1355.0,29.0,5906,0,1,1,Pedestrian
95,1306.0,0.0,1355.0,29.0,5907,0,1,1,Pedestrian
95,1306.0,0.0,1355.0,29.0,5908,0,1,1,Pedestrian
95,1306.0,0.0,1355.0,29.0,5909,0,1,1,Pedestrian
95,1306.0,0.0,1355.0,29.0,5910,0,1,1,Pedestrian
95,1306.0,0.0,1355.0,29.0,5911,0,1,1,Pedestrian
95,1306.0,0.0,1355.0,29.0,5912,0,1,1,Pedestrian
95,1306.0,0.0,1355.0,29.0,5913,0,1,1,Pedestrian
95,1306.0,0.0,1355.0,29.0,5914,0,1,1,Pedestrian
95,1306.0,0.0,1355.0,29.0,5915,0,1,1,Pedestrian
95,1306.0,0.0,1355.0,29.0,5916,0,1,1,Pedestrian
95,1306.0,0.0,1355.0,29.0,5917,0,1,1,Pedestrian
95,1306.0,0.0,1355.0,29.0,5918,0,1,1,Pedestrian
95,1306.0,0.0,1355.0,29.0,5919,0,1,1,Pedestrian
95,1306.0,0.0,1355.0,29.0,5920,0,1,1,Pedestrian
95,1306.0,0.0,1355.0,29.0,5921,0,1,1,Pedestrian
95,1306.0,0.0,1355.0,29.0,5922,0,1,1,Pedestrian
95,1306.0,0.0,1355.0,29.0,5923,0,1,1,Pedestrian
95,1306.0,0.0,1355.0,29.0,5924,0,1,1,Pedestrian
95,1306.0,0.0,1355.0,29.0,5925,0,1,1,Pedestrian
95,1306.0,0.0,1355.0,29.0,5926,0,1,1,Pedestrian
95,1306.0,0.0,1355.0,29.0,5927,0,1,1,Pedestrian
95,1306.0,0.0,1355.0,29.0,5928,0,1,1,Pedestrian
95,1306.0,0.0,1355.0,29.0,5929,0,1,1,Pedestrian
95,1306.0,0.0,1355.0,29.0,5930,0,1,1,Pedestrian
95,1306.0,0.0,1355.0,29.0,5931,0,1,1,Pedestrian
95,1306.0,0.0,1355.0,29.0,5932,0,1,1,Pedestrian
95,1306.0,0.0,1355.0,29.0,5933,0,1,1,Pedestrian
95,1306.0,0.0,1355.0,29.0,5934,0,1,1,Pedestrian
95,1306.0,0.0,1355.0,29.0,5935,0,1,1,Pedestrian
95,1306.0,0.0,1355.0,29.0,5936,0,1,1,Pedestrian
95,1306.0,0.0,1355.0,29.0,5937,0,1,1,Pedestrian
95,1306.0,0.0,1355.0,29.0,5938,0,1,1,Pedestrian
95,1306.0,0.0,1355.0,29.0,5939,0,1,1,Pedestrian
95,1306.0,0.0,1355.0,29.0,5940,0,1,1,Pedestrian
95,1306.0,0.0,1355.0,29.0,5941,0,1,1,Pedestrian
95,1306.0,0.0,1355.0,29.0,5942,0,1,1,Pedestrian
95,1306.0,0.0,1355.0,29.0,5943,0,1,1,Pedestrian
95,1306.0,0.0,1355.0,29.0,5944,0,1,1,Pedestrian
95,1306.0,0.0,1355.0,29.0,5945,0,1,1,Pedestrian
95,1306.0,0.0,1355.0,29.0,5946,0,1,1,Pedestrian
95,1306.0,0.0,1355.0,29.0,5947,0,1,1,Pedestrian
95,1306.0,0.0,1355.0,29.0,5948,0,1,1,Pedestrian
95,1306.0,0.0,1355.0,29.0,5949,0,1,1,Pedestrian
95,1306.0,0.0,1355.0,29.0,5950,0,1,1,Pedestrian
95,1306.0,0.0,1355.0,29.0,5951,0,1,1,Pedestrian
95,1306.0,0.0,1355.0,29.0,5952,0,1,1,Pedestrian
95,1306.0,0.0,1355.0,29.0,5953,0,1,1,Pedestrian
95,1306.0,0.0,1355.0,29.0,5954,0,1,1,Pedestrian
95,1306.0,0.0,1355.0,29.0,5955,0,1,1,Pedestrian
95,1306.0,0.0,1355.0,29.0,5956,0,1,1,Pedestrian
95,1306.0,0.0,1355.0,29.0,5957,0,1,1,Pedestrian
95,1306.0,0.0,1355.0,29.0,5958,0,1,1,Pedestrian
95,1306.0,0.0,1355.0,29.0,5959,0,1,1,Pedestrian
95,1306.0,0.0,1355.0,29.0,5960,0,1,1,Pedestrian
95,1306.0,0.0,1355.0,29.0,5961,0,1,1,Pedestrian
95,1306.0,0.0,1355.0,29.0,5962,0,1,1,Pedestrian
95,1306.0,0.0,1355.0,29.0,5963,0,1,1,Pedestrian
95,1306.0,0.0,1355.0,29.0,5964,0,1,1,Pedestrian
95,1306.0,0.0,1355.0,29.0,5965,0,1,1,Pedestrian
95,1306.0,0.0,1355.0,29.0,5966,0,1,1,Pedestrian
95,1306.0,0.0,1355.0,29.0,5967,0,1,1,Pedestrian
95,1306.0,0.0,1355.0,29.0,5968,0,1,1,Pedestrian
95,1306.0,0.0,1355.0,29.0,5969,0,1,1,Pedestrian
95,1306.0,0.0,1355.0,29.0,5970,0,1,1,Pedestrian
95,1306.0,0.0,1355.0,29.0,5971,0,1,1,Pedestrian
95,1306.0,0.0,1355.0,29.0,5972,0,1,1,Pedestrian
95,1306.0,0.0,1355.0,29.0,5973,0,1,1,Pedestrian
95,1306.0,0.0,1355.0,29.0,5974,0,1,1,Pedestrian
95,1306.0,0.0,1355.0,29.0,5975,0,1,1,Pedestrian
95,1306.0,0.0,1355.0,29.0,5976,0,1,1,Pedestrian
95,1306.0,0.0,1355.0,29.0,5977,0,1,1,Pedestrian
95,1306.0,0.0,1355.0,29.0,5978,0,1,1,Pedestrian
95,1306.0,0.0,1355.0,29.0,5979,0,1,1,Pedestrian
95,1306.0,0.0,1355.0,29.0,5980,0,1,1,Pedestrian
95,1306.0,0.0,1355.0,29.0,5981,0,1,1,Pedestrian
95,1306.0,0.0,1355.0,29.0,5982,0,1,1,Pedestrian
95,1306.0,0.0,1355.0,29.0,5983,0,1,1,Pedestrian
95,1306.0,0.0,1355.0,29.0,5984,0,1,1,Pedestrian
95,1306.0,0.0,1355.0,29.0,5985,0,1,1,Pedestrian
95,1306.0,0.0,1355.0,29.0,5986,0,1,1,Pedestrian
95,1306.0,0.0,1355.0,29.0,5987,0,1,1,Pedestrian
95,1306.0,0.0,1355.0,29.0,5988,0,1,1,Pedestrian
95,1306.0,0.0,1355.0,29.0,5989,0,1,1,Pedestrian
95,1306.0,0.0,1355.0,29.0,5990,0,1,1,Pedestrian
95,1306.0,0.0,1355.0,29.0,5991,0,1,1,Pedestrian
95,1306.0,0.0,1355.0,29.0,5992,0,1,1,Pedestrian
95,1306.0,0.0,1355.0,29.0,5993,0,1,1,Pedestrian
95,1306.0,0.0,1355.0,29.0,5994,0,1,1,Pedestrian
95,1306.0,0.0,1355.0,29.0,5995,0,1,1,Pedestrian
95,1306.0,0.0,1355.0,29.0,5996,0,1,1,Pedestrian
95,1306.0,0.0,1355.0,29.0,5997,0,1,1,Pedestrian
95,1306.0,0.0,1355.0,29.0,5998,0,1,1,Pedestrian
95,1306.0,0.0,1355.0,29.0,5999,0,1,1,Pedestrian
95,1306.0,0.0,1355.0,29.0,6000,0,1,0,Pedestrian
95,1303.0,0.0,1355.0,29.0,6001,0,1,1,Pedestrian
95,1303.0,0.0,1355.0,29.0,6002,0,1,1,Pedestrian
95,1303.0,0.0,1355.0,29.0,6003,0,1,1,Pedestrian
95,1303.0,0.0,1355.0,29.0,6004,0,1,1,Pedestrian
95,1303.0,0.0,1355.0,29.0,6005,0,1,1,Pedestrian
95,1303.0,0.0,1355.0,29.0,6006,0,1,1,Pedestrian
95,1303.0,0.0,1355.0,29.0,6007,0,1,1,Pedestrian
95,1303.0,0.0,1355.0,29.0,6008,0,1,1,Pedestrian
95,1303.0,0.0,1355.0,29.0,6009,0,1,1,Pedestrian
95,1303.0,0.0,1355.0,29.0,6010,0,1,1,Pedestrian
95,1303.0,0.0,1355.0,29.0,6011,0,1,1,Pedestrian
95,1303.0,0.0,1355.0,29.0,6012,0,1,1,Pedestrian
95,1303.0,0.0,1355.0,29.0,6013,0,1,1,Pedestrian
95,1303.0,0.0,1355.0,29.0,6014,0,1,1,Pedestrian
95,1303.0,0.0,1355.0,29.0,6015,0,1,1,Pedestrian
95,1303.0,0.0,1355.0,29.0,6016,0,1,1,Pedestrian
95,1303.0,0.0,1355.0,29.0,6017,0,1,1,Pedestrian
95,1303.0,0.0,1355.0,29.0,6018,0,1,1,Pedestrian
95,1303.0,0.0,1355.0,29.0,6019,0,1,1,Pedestrian
95,1303.0,0.0,1355.0,29.0,6020,0,1,1,Pedestrian
95,1303.0,0.0,1355.0,29.0,6021,0,1,1,Pedestrian
95,1303.0,0.0,1355.0,29.0,6022,0,1,1,Pedestrian
95,1303.0,0.0,1355.0,29.0,6023,0,1,1,Pedestrian
95,1303.0,0.0,1355.0,29.0,6024,0,1,1,Pedestrian
95,1303.0,0.0,1355.0,29.0,6025,0,1,1,Pedestrian
95,1303.0,0.0,1355.0,29.0,6026,0,1,1,Pedestrian
95,1303.0,0.0,1355.0,29.0,6027,0,1,1,Pedestrian
95,1303.0,0.0,1355.0,29.0,6028,0,1,1,Pedestrian
95,1303.0,0.0,1355.0,29.0,6029,0,1,1,Pedestrian
95,1303.0,0.0,1355.0,29.0,6030,0,1,1,Pedestrian
95,1303.0,0.0,1355.0,29.0,6031,0,1,1,Pedestrian
95,1303.0,0.0,1355.0,29.0,6032,0,1,1,Pedestrian
95,1303.0,0.0,1355.0,29.0,6033,0,1,1,Pedestrian
95,1303.0,0.0,1355.0,31.0,6034,0,1,1,Pedestrian
95,1303.0,0.0,1355.0,31.0,6035,0,1,1,Pedestrian
95,1303.0,0.0,1355.0,31.0,6036,0,1,1,Pedestrian
95,1303.0,0.0,1355.0,31.0,6037,0,1,1,Pedestrian
95,1303.0,0.0,1355.0,31.0,6038,0,1,1,Pedestrian
95,1303.0,0.0,1355.0,31.0,6039,0,1,1,Pedestrian
95,1303.0,0.0,1355.0,31.0,6040,0,1,1,Pedestrian
95,1303.0,0.0,1355.0,31.0,6041,0,1,1,Pedestrian
95,1303.0,0.0,1355.0,31.0,6042,0,1,1,Pedestrian
95,1303.0,0.0,1355.0,31.0,6043,0,1,1,Pedestrian
95,1303.0,0.0,1355.0,31.0,6044,0,1,1,Pedestrian
95,1303.0,0.0,1355.0,31.0,6045,0,1,1,Pedestrian
95,1303.0,0.0,1355.0,31.0,6046,0,1,1,Pedestrian
95,1303.0,0.0,1355.0,31.0,6047,0,1,1,Pedestrian
95,1303.0,0.0,1355.0,31.0,6048,0,1,1,Pedestrian
95,1303.0,0.0,1355.0,31.0,6049,0,1,1,Pedestrian
95,1303.0,0.0,1355.0,31.0,6050,0,1,1,Pedestrian
95,1303.0,0.0,1355.0,31.0,6051,0,1,1,Pedestrian
95,1303.0,0.0,1355.0,31.0,6052,0,1,1,Pedestrian
95,1303.0,0.0,1355.0,31.0,6053,0,1,1,Pedestrian
95,1303.0,0.0,1355.0,31.0,6054,0,1,1,Pedestrian
95,1303.0,0.0,1355.0,31.0,6055,0,1,1,Pedestrian
95,1303.0,0.0,1355.0,31.0,6056,0,1,1,Pedestrian
95,1303.0,0.0,1355.0,31.0,6057,0,1,1,Pedestrian
95,1303.0,0.0,1355.0,31.0,6058,0,1,1,Pedestrian
95,1303.0,0.0,1355.0,31.0,6059,0,1,1,Pedestrian
95,1303.0,0.0,1355.0,31.0,6060,0,1,1,Pedestrian
95,1303.0,0.0,1355.0,31.0,6061,0,1,1,Pedestrian
95,1303.0,0.0,1355.0,31.0,6062,0,1,1,Pedestrian
95,1300.0,0.0,1355.0,31.0,6063,0,1,1,Pedestrian
95,1300.0,0.0,1355.0,31.0,6064,0,1,1,Pedestrian
95,1300.0,0.0,1355.0,31.0,6065,0,1,1,Pedestrian
95,1300.0,0.0,1355.0,31.0,6066,0,1,1,Pedestrian
95,1300.0,0.0,1355.0,34.0,6067,0,1,1,Pedestrian
95,1300.0,0.0,1355.0,34.0,6068,0,1,1,Pedestrian
95,1300.0,0.0,1355.0,34.0,6069,0,1,1,Pedestrian
95,1300.0,0.0,1355.0,34.0,6070,0,1,1,Pedestrian
95,1300.0,0.0,1355.0,34.0,6071,0,1,1,Pedestrian
95,1300.0,0.0,1355.0,34.0,6072,0,1,1,Pedestrian
95,1300.0,0.0,1355.0,34.0,6073,0,1,1,Pedestrian
95,1300.0,0.0,1355.0,34.0,6074,0,1,1,Pedestrian
95,1300.0,0.0,1355.0,34.0,6075,0,1,1,Pedestrian
95,1300.0,0.0,1355.0,34.0,6076,0,1,1,Pedestrian
95,1300.0,0.0,1355.0,34.0,6077,0,1,1,Pedestrian
95,1300.0,0.0,1355.0,34.0,6078,0,1,1,Pedestrian
95,1300.0,0.0,1355.0,34.0,6079,0,1,1,Pedestrian
95,1300.0,0.0,1355.0,34.0,6080,0,1,1,Pedestrian
95,1300.0,0.0,1355.0,34.0,6081,0,1,1,Pedestrian
95,1300.0,0.0,1355.0,34.0,6082,0,1,1,Pedestrian
95,1300.0,0.0,1355.0,34.0,6083,0,1,1,Pedestrian
95,1300.0,0.0,1355.0,34.0,6084,0,1,1,Pedestrian
95,1300.0,0.0,1355.0,34.0,6085,0,1,1,Pedestrian
95,1300.0,0.0,1355.0,34.0,6086,0,1,1,Pedestrian
95,1300.0,0.0,1355.0,34.0,6087,0,1,1,Pedestrian
95,1300.0,0.0,1355.0,34.0,6088,0,1,1,Pedestrian
95,1300.0,0.0,1355.0,34.0,6089,0,1,1,Pedestrian
95,1300.0,0.0,1355.0,34.0,6090,0,1,1,Pedestrian
95,1300.0,0.0,1355.0,34.0,6091,0,1,1,Pedestrian
95,1300.0,0.0,1355.0,34.0,6092,0,1,1,Pedestrian
95,1300.0,0.0,1355.0,34.0,6093,0,1,1,Pedestrian
95,1300.0,0.0,1355.0,34.0,6094,0,1,1,Pedestrian
95,1300.0,0.0,1355.0,34.0,6095,0,1,1,Pedestrian
95,1300.0,0.0,1355.0,34.0,6096,0,1,1,Pedestrian
95,1300.0,0.0,1355.0,34.0,6097,0,1,1,Pedestrian
95,1300.0,0.0,1355.0,34.0,6098,0,1,1,Pedestrian
95,1300.0,0.0,1355.0,34.0,6099,0,1,1,Pedestrian
95,1300.0,0.0,1355.0,36.0,6100,0,1,1,Pedestrian
95,1300.0,0.0,1355.0,36.0,6101,0,1,1,Pedestrian
95,1300.0,0.0,1355.0,36.0,6102,0,1,1,Pedestrian
95,1300.0,0.0,1355.0,36.0,6103,0,1,1,Pedestrian
95,1300.0,0.0,1355.0,36.0,6104,0,1,1,Pedestrian
95,1300.0,0.0,1355.0,36.0,6105,0,1,1,Pedestrian
95,1300.0,0.0,1355.0,36.0,6106,0,1,1,Pedestrian
95,1300.0,0.0,1355.0,36.0,6107,0,1,1,Pedestrian
95,1300.0,0.0,1355.0,36.0,6108,0,1,1,Pedestrian
95,1300.0,0.0,1355.0,36.0,6109,0,1,1,Pedestrian
95,1300.0,0.0,1355.0,36.0,6110,0,1,1,Pedestrian
95,1300.0,0.0,1355.0,36.0,6111,0,1,1,Pedestrian
95,1300.0,0.0,1355.0,36.0,6112,0,1,1,Pedestrian
95,1300.0,0.0,1355.0,36.0,6113,0,1,1,Pedestrian
95,1300.0,0.0,1355.0,36.0,6114,0,1,1,Pedestrian
95,1300.0,0.0,1355.0,36.0,6115,0,1,1,Pedestrian
95,1300.0,0.0,1355.0,36.0,6116,0,1,1,Pedestrian
95,1300.0,0.0,1355.0,36.0,6117,0,1,1,Pedestrian
95,1300.0,0.0,1355.0,36.0,6118,0,1,1,Pedestrian
95,1300.0,0.0,1355.0,36.0,6119,0,1,1,Pedestrian
95,1300.0,0.0,1355.0,36.0,6120,0,1,1,Pedestrian
95,1300.0,0.0,1355.0,36.0,6121,0,1,1,Pedestrian
95,1300.0,0.0,1355.0,36.0,6122,0,1,1,Pedestrian
95,1300.0,0.0,1355.0,36.0,6123,0,1,1,Pedestrian
95,1300.0,0.0,1355.0,36.0,6124,0,1,1,Pedestrian
95,1300.0,0.0,1355.0,36.0,6125,0,1,1,Pedestrian
95,1298.0,0.0,1355.0,36.0,6126,0,1,1,Pedestrian
95,1298.0,0.0,1355.0,36.0,6127,0,1,1,Pedestrian
95,1298.0,0.0,1355.0,36.0,6128,0,1,1,Pedestrian
95,1298.0,0.0,1355.0,36.0,6129,0,1,1,Pedestrian
95,1298.0,0.0,1355.0,36.0,6130,0,1,1,Pedestrian
95,1298.0,0.0,1355.0,36.0,6131,0,1,1,Pedestrian
95,1298.0,0.0,1355.0,36.0,6132,0,1,1,Pedestrian
95,1298.0,0.0,1355.0,36.0,6133,0,1,1,Pedestrian
95,1298.0,0.0,1355.0,38.0,6134,0,1,1,Pedestrian
95,1298.0,0.0,1355.0,38.0,6135,0,1,1,Pedestrian
95,1298.0,0.0,1355.0,38.0,6136,0,1,1,Pedestrian
95,1298.0,0.0,1355.0,38.0,6137,0,1,1,Pedestrian
95,1298.0,0.0,1355.0,38.0,6138,0,1,1,Pedestrian
95,1298.0,0.0,1355.0,38.0,6139,0,1,1,Pedestrian
95,1298.0,0.0,1355.0,38.0,6140,0,1,1,Pedestrian
95,1298.0,0.0,1355.0,38.0,6141,0,1,1,Pedestrian
95,1298.0,0.0,1355.0,38.0,6142,0,1,1,Pedestrian
95,1298.0,0.0,1355.0,38.0,6143,0,1,1,Pedestrian
95,1298.0,0.0,1355.0,38.0,6144,0,1,1,Pedestrian
95,1298.0,0.0,1355.0,38.0,6145,0,1,1,Pedestrian
95,1298.0,0.0,1355.0,38.0,6146,0,1,1,Pedestrian
95,1298.0,0.0,1355.0,38.0,6147,0,1,1,Pedestrian
95,1298.0,0.0,1355.0,38.0,6148,0,1,1,Pedestrian
95,1298.0,0.0,1355.0,38.0,6149,0,1,1,Pedestrian
95,1298.0,0.0,1355.0,38.0,6150,0,1,1,Pedestrian
95,1298.0,0.0,1355.0,38.0,6151,0,1,1,Pedestrian
95,1298.0,0.0,1355.0,38.0,6152,0,1,1,Pedestrian
95,1298.0,0.0,1355.0,38.0,6153,0,1,1,Pedestrian
95,1298.0,0.0,1355.0,38.0,6154,0,1,1,Pedestrian
95,1298.0,0.0,1355.0,38.0,6155,0,1,1,Pedestrian
95,1298.0,0.0,1355.0,38.0,6156,0,1,1,Pedestrian
95,1298.0,0.0,1355.0,38.0,6157,0,1,1,Pedestrian
95,1298.0,0.0,1355.0,38.0,6158,0,1,1,Pedestrian
95,1298.0,0.0,1355.0,38.0,6159,0,1,1,Pedestrian
95,1298.0,0.0,1355.0,38.0,6160,0,1,1,Pedestrian
95,1298.0,0.0,1355.0,38.0,6161,0,1,1,Pedestrian
95,1298.0,0.0,1355.0,38.0,6162,0,1,1,Pedestrian
95,1298.0,0.0,1355.0,38.0,6163,0,1,1,Pedestrian
95,1298.0,0.0,1355.0,38.0,6164,0,1,1,Pedestrian
95,1298.0,0.0,1355.0,38.0,6165,0,1,1,Pedestrian
95,1298.0,0.0,1355.0,38.0,6166,0,1,1,Pedestrian
95,1298.0,0.0,1355.0,40.0,6167,0,1,1,Pedestrian
95,1298.0,0.0,1355.0,40.0,6168,0,1,1,Pedestrian
95,1298.0,0.0,1355.0,40.0,6169,0,1,1,Pedestrian
95,1298.0,0.0,1355.0,40.0,6170,0,1,1,Pedestrian
95,1298.0,0.0,1355.0,40.0,6171,0,1,1,Pedestrian
95,1298.0,0.0,1355.0,40.0,6172,0,1,1,Pedestrian
95,1298.0,0.0,1355.0,40.0,6173,0,1,1,Pedestrian
95,1298.0,0.0,1355.0,40.0,6174,0,1,1,Pedestrian
95,1298.0,0.0,1355.0,40.0,6175,0,1,1,Pedestrian
95,1298.0,0.0,1355.0,40.0,6176,0,1,1,Pedestrian
95,1298.0,0.0,1355.0,40.0,6177,0,1,1,Pedestrian
95,1298.0,0.0,1355.0,40.0,6178,0,1,1,Pedestrian
95,1298.0,0.0,1355.0,40.0,6179,0,1,1,Pedestrian
95,1298.0,0.0,1355.0,40.0,6180,0,1,1,Pedestrian
95,1298.0,0.0,1355.0,40.0,6181,0,1,1,Pedestrian
95,1298.0,0.0,1355.0,40.0,6182,0,1,1,Pedestrian
95,1298.0,0.0,1355.0,40.0,6183,0,1,1,Pedestrian
95,1298.0,0.0,1355.0,40.0,6184,0,1,1,Pedestrian
95,1298.0,0.0,1355.0,40.0,6185,0,1,1,Pedestrian
95,1298.0,0.0,1355.0,40.0,6186,0,1,1,Pedestrian
95,1298.0,0.0,1355.0,40.0,6187,0,1,1,Pedestrian
95,1295.0,0.0,1355.0,40.0,6188,0,1,1,Pedestrian
95,1295.0,0.0,1355.0,40.0,6189,0,1,1,Pedestrian
95,1295.0,0.0,1355.0,40.0,6190,0,1,1,Pedestrian
95,1295.0,0.0,1355.0,40.0,6191,0,1,1,Pedestrian
95,1295.0,0.0,1355.0,40.0,6192,0,1,1,Pedestrian
95,1295.0,0.0,1355.0,40.0,6193,0,1,1,Pedestrian
95,1295.0,0.0,1355.0,40.0,6194,0,1,1,Pedestrian
95,1295.0,0.0,1355.0,40.0,6195,0,1,1,Pedestrian
95,1295.0,0.0,1355.0,40.0,6196,0,1,1,Pedestrian
95,1295.0,0.0,1355.0,40.0,6197,0,1,1,Pedestrian
95,1295.0,0.0,1355.0,40.0,6198,0,1,1,Pedestrian
95,1295.0,0.0,1355.0,40.0,6199,0,1,1,Pedestrian
95,1295.0,0.0,1355.0,43.0,6200,0,1,1,Pedestrian
95,1295.0,0.0,1355.0,43.0,6201,0,1,1,Pedestrian
95,1295.0,0.0,1355.0,43.0,6202,0,1,1,Pedestrian
95,1295.0,0.0,1355.0,43.0,6203,0,1,1,Pedestrian
95,1295.0,0.0,1355.0,43.0,6204,0,1,1,Pedestrian
95,1295.0,0.0,1355.0,43.0,6205,0,1,1,Pedestrian
95,1295.0,0.0,1355.0,43.0,6206,0,1,1,Pedestrian
95,1295.0,0.0,1355.0,43.0,6207,0,1,1,Pedestrian
95,1295.0,0.0,1355.0,43.0,6208,0,1,1,Pedestrian
95,1295.0,0.0,1355.0,43.0,6209,0,1,1,Pedestrian
95,1295.0,0.0,1355.0,43.0,6210,0,1,1,Pedestrian
95,1295.0,0.0,1355.0,43.0,6211,0,1,1,Pedestrian
95,1295.0,0.0,1355.0,43.0,6212,0,1,1,Pedestrian
95,1295.0,0.0,1355.0,43.0,6213,0,1,1,Pedestrian
95,1295.0,0.0,1355.0,43.0,6214,0,1,1,Pedestrian
95,1295.0,0.0,1355.0,43.0,6215,0,1,1,Pedestrian
95,1295.0,0.0,1355.0,43.0,6216,0,1,1,Pedestrian
95,1295.0,0.0,1355.0,43.0,6217,0,1,1,Pedestrian
95,1295.0,0.0,1355.0,43.0,6218,0,1,1,Pedestrian
95,1295.0,0.0,1355.0,43.0,6219,0,1,1,Pedestrian
95,1295.0,0.0,1355.0,43.0,6220,0,1,1,Pedestrian
95,1295.0,0.0,1355.0,43.0,6221,0,1,1,Pedestrian
95,1295.0,0.0,1355.0,43.0,6222,0,1,1,Pedestrian
95,1295.0,0.0,1355.0,43.0,6223,0,1,1,Pedestrian
95,1295.0,0.0,1355.0,43.0,6224,0,1,1,Pedestrian
95,1295.0,0.0,1355.0,43.0,6225,0,1,1,Pedestrian
95,1295.0,0.0,1355.0,43.0,6226,0,1,1,Pedestrian
95,1295.0,0.0,1355.0,43.0,6227,0,1,1,Pedestrian
95,1295.0,0.0,1355.0,43.0,6228,0,1,1,Pedestrian
95,1295.0,0.0,1355.0,43.0,6229,0,1,1,Pedestrian
95,1295.0,0.0,1355.0,43.0,6230,0,1,1,Pedestrian
95,1295.0,0.0,1355.0,43.0,6231,0,1,1,Pedestrian
95,1295.0,0.0,1355.0,43.0,6232,0,1,1,Pedestrian
95,1295.0,0.0,1355.0,43.0,6233,0,1,1,Pedestrian
95,1295.0,0.0,1355.0,45.0,6234,0,1,1,Pedestrian
95,1295.0,0.0,1355.0,45.0,6235,0,1,1,Pedestrian
95,1295.0,0.0,1355.0,45.0,6236,0,1,1,Pedestrian
95,1295.0,0.0,1355.0,45.0,6237,0,1,1,Pedestrian
95,1295.0,0.0,1355.0,45.0,6238,0,1,1,Pedestrian
95,1295.0,0.0,1355.0,45.0,6239,0,1,1,Pedestrian
95,1295.0,0.0,1355.0,45.0,6240,0,1,1,Pedestrian
95,1295.0,0.0,1355.0,45.0,6241,0,1,1,Pedestrian
95,1295.0,0.0,1355.0,45.0,6242,0,1,1,Pedestrian
95,1295.0,0.0,1355.0,45.0,6243,0,1,1,Pedestrian
95,1295.0,0.0,1355.0,45.0,6244,0,1,1,Pedestrian
95,1295.0,0.0,1355.0,45.0,6245,0,1,1,Pedestrian
95,1295.0,0.0,1355.0,45.0,6246,0,1,1,Pedestrian
95,1295.0,0.0,1355.0,45.0,6247,0,1,1,Pedestrian
95,1295.0,0.0,1355.0,45.0,6248,0,1,1,Pedestrian
95,1295.0,0.0,1355.0,45.0,6249,0,1,1,Pedestrian
95,1295.0,2.0,1355.0,45.0,6250,0,1,1,Pedestrian
95,1292.0,2.0,1355.0,45.0,6251,0,1,1,Pedestrian
95,1292.0,2.0,1355.0,45.0,6252,0,1,1,Pedestrian
95,1292.0,2.0,1355.0,45.0,6253,0,1,1,Pedestrian
95,1292.0,2.0,1355.0,45.0,6254,0,1,1,Pedestrian
95,1292.0,2.0,1355.0,45.0,6255,0,1,1,Pedestrian
95,1292.0,2.0,1355.0,45.0,6256,0,1,1,Pedestrian
95,1292.0,2.0,1355.0,45.0,6257,0,1,1,Pedestrian
95,1292.0,2.0,1355.0,45.0,6258,0,1,1,Pedestrian
95,1292.0,2.0,1355.0,45.0,6259,0,1,1,Pedestrian
95,1292.0,2.0,1355.0,45.0,6260,0,1,1,Pedestrian
95,1292.0,2.0,1355.0,45.0,6261,0,1,1,Pedestrian
95,1292.0,2.0,1355.0,45.0,6262,0,1,1,Pedestrian
95,1292.0,2.0,1355.0,45.0,6263,0,1,1,Pedestrian
95,1292.0,2.0,1355.0,45.0,6264,0,1,1,Pedestrian
95,1292.0,2.0,1355.0,45.0,6265,0,1,1,Pedestrian
95,1292.0,2.0,1355.0,45.0,6266,0,1,1,Pedestrian
95,1292.0,2.0,1355.0,47.0,6267,0,1,1,Pedestrian
95,1292.0,2.0,1355.0,47.0,6268,0,1,1,Pedestrian
95,1292.0,2.0,1355.0,47.0,6269,0,1,1,Pedestrian
95,1292.0,2.0,1355.0,47.0,6270,0,1,1,Pedestrian
95,1292.0,2.0,1355.0,47.0,6271,0,1,1,Pedestrian
95,1292.0,2.0,1355.0,47.0,6272,0,1,1,Pedestrian
95,1292.0,2.0,1355.0,47.0,6273,0,1,1,Pedestrian
95,1292.0,2.0,1355.0,47.0,6274,0,1,1,Pedestrian
95,1292.0,2.0,1355.0,47.0,6275,0,1,1,Pedestrian
95,1292.0,2.0,1355.0,47.0,6276,0,1,1,Pedestrian
95,1292.0,2.0,1355.0,47.0,6277,0,1,1,Pedestrian
95,1292.0,2.0,1355.0,47.0,6278,0,1,1,Pedestrian
95,1292.0,2.0,1355.0,47.0,6279,0,1,1,Pedestrian
95,1292.0,2.0,1355.0,47.0,6280,0,1,1,Pedestrian
95,1292.0,2.0,1355.0,47.0,6281,0,1,1,Pedestrian
95,1292.0,2.0,1355.0,47.0,6282,0,1,1,Pedestrian
95,1292.0,2.0,1355.0,47.0,6283,0,1,1,Pedestrian
95,1292.0,2.0,1355.0,47.0,6284,0,1,1,Pedestrian
95,1292.0,2.0,1355.0,47.0,6285,0,1,1,Pedestrian
95,1292.0,2.0,1355.0,47.0,6286,0,1,1,Pedestrian
95,1292.0,2.0,1355.0,47.0,6287,0,1,1,Pedestrian
95,1292.0,2.0,1355.0,47.0,6288,0,1,1,Pedestrian
95,1292.0,2.0,1355.0,47.0,6289,0,1,1,Pedestrian
95,1292.0,2.0,1355.0,47.0,6290,0,1,1,Pedestrian
95,1292.0,2.0,1355.0,47.0,6291,0,1,1,Pedestrian
95,1292.0,2.0,1355.0,47.0,6292,0,1,1,Pedestrian
95,1292.0,2.0,1355.0,47.0,6293,0,1,1,Pedestrian
95,1292.0,2.0,1355.0,47.0,6294,0,1,1,Pedestrian
95,1292.0,2.0,1355.0,47.0,6295,0,1,1,Pedestrian
95,1292.0,2.0,1355.0,47.0,6296,0,1,1,Pedestrian
95,1292.0,2.0,1355.0,47.0,6297,0,1,1,Pedestrian
95,1292.0,2.0,1355.0,47.0,6298,0,1,1,Pedestrian
95,1292.0,2.0,1355.0,47.0,6299,0,1,1,Pedestrian
95,1292.0,2.0,1355.0,50.0,6300,0,1,1,Pedestrian
95,1292.0,2.0,1355.0,50.0,6301,0,1,1,Pedestrian
95,1292.0,2.0,1355.0,50.0,6302,0,1,1,Pedestrian
95,1292.0,2.0,1355.0,50.0,6303,0,1,1,Pedestrian
95,1292.0,2.0,1355.0,50.0,6304,0,1,1,Pedestrian
95,1292.0,2.0,1355.0,50.0,6305,0,1,1,Pedestrian
95,1292.0,2.0,1355.0,50.0,6306,0,1,1,Pedestrian
95,1292.0,2.0,1355.0,50.0,6307,0,1,1,Pedestrian
95,1292.0,2.0,1355.0,50.0,6308,0,1,1,Pedestrian
95,1292.0,2.0,1355.0,50.0,6309,0,1,1,Pedestrian
95,1292.0,2.0,1355.0,50.0,6310,0,1,1,Pedestrian
95,1292.0,2.0,1355.0,50.0,6311,0,1,1,Pedestrian
95,1292.0,2.0,1355.0,50.0,6312,0,1,1,Pedestrian
95,1289.0,2.0,1355.0,50.0,6313,0,1,1,Pedestrian
95,1289.0,2.0,1355.0,50.0,6314,0,1,1,Pedestrian
95,1289.0,2.0,1355.0,50.0,6315,0,1,1,Pedestrian
95,1289.0,2.0,1355.0,50.0,6316,0,1,1,Pedestrian
95,1289.0,2.0,1355.0,50.0,6317,0,1,1,Pedestrian
95,1289.0,2.0,1355.0,50.0,6318,0,1,1,Pedestrian
95,1289.0,2.0,1355.0,50.0,6319,0,1,1,Pedestrian
95,1289.0,2.0,1355.0,50.0,6320,0,1,1,Pedestrian
95,1289.0,2.0,1355.0,50.0,6321,0,1,1,Pedestrian
95,1289.0,2.0,1355.0,50.0,6322,0,1,1,Pedestrian
95,1289.0,2.0,1355.0,50.0,6323,0,1,1,Pedestrian
95,1289.0,2.0,1355.0,50.0,6324,0,1,1,Pedestrian
95,1289.0,2.0,1355.0,50.0,6325,0,1,1,Pedestrian
95,1289.0,2.0,1355.0,50.0,6326,0,1,1,Pedestrian
95,1289.0,2.0,1355.0,50.0,6327,0,1,1,Pedestrian
95,1289.0,2.0,1355.0,50.0,6328,0,1,1,Pedestrian
95,1289.0,2.0,1355.0,50.0,6329,0,1,1,Pedestrian
95,1289.0,2.0,1355.0,50.0,6330,0,1,1,Pedestrian
95,1289.0,2.0,1355.0,50.0,6331,0,1,1,Pedestrian
95,1289.0,2.0,1355.0,50.0,6332,0,1,1,Pedestrian
95,1289.0,2.0,1355.0,50.0,6333,0,1,1,Pedestrian
95,1289.0,2.0,1355.0,52.0,6334,0,1,1,Pedestrian
95,1289.0,2.0,1355.0,52.0,6335,0,1,1,Pedestrian
95,1289.0,2.0,1355.0,52.0,6336,0,1,1,Pedestrian
95,1289.0,2.0,1355.0,52.0,6337,0,1,1,Pedestrian
95,1289.0,2.0,1355.0,52.0,6338,0,1,1,Pedestrian
95,1289.0,2.0,1355.0,52.0,6339,0,1,1,Pedestrian
95,1289.0,2.0,1355.0,52.0,6340,0,1,1,Pedestrian
95,1289.0,2.0,1355.0,52.0,6341,0,1,1,Pedestrian
95,1289.0,2.0,1355.0,52.0,6342,0,1,1,Pedestrian
95,1289.0,2.0,1355.0,52.0,6343,0,1,1,Pedestrian
95,1289.0,2.0,1355.0,52.0,6344,0,1,1,Pedestrian
95,1289.0,2.0,1355.0,52.0,6345,0,1,1,Pedestrian
95,1289.0,2.0,1355.0,52.0,6346,0,1,1,Pedestrian
95,1289.0,2.0,1355.0,52.0,6347,0,1,1,Pedestrian
95,1289.0,2.0,1355.0,52.0,6348,0,1,1,Pedestrian
95,1289.0,2.0,1355.0,52.0,6349,0,1,1,Pedestrian
95,1289.0,2.0,1355.0,52.0,6350,0,1,1,Pedestrian
95,1289.0,2.0,1355.0,52.0,6351,0,1,1,Pedestrian
95,1289.0,2.0,1355.0,52.0,6352,0,1,1,Pedestrian
95,1289.0,2.0,1355.0,52.0,6353,0,1,1,Pedestrian
95,1289.0,2.0,1355.0,52.0,6354,0,1,1,Pedestrian
95,1289.0,2.0,1355.0,52.0,6355,0,1,1,Pedestrian
95,1289.0,2.0,1355.0,52.0,6356,0,1,1,Pedestrian
95,1289.0,2.0,1355.0,52.0,6357,0,1,1,Pedestrian
95,1289.0,2.0,1355.0,52.0,6358,0,1,1,Pedestrian
95,1289.0,2.0,1355.0,52.0,6359,0,1,1,Pedestrian
95,1289.0,2.0,1355.0,52.0,6360,0,1,1,Pedestrian
95,1289.0,2.0,1355.0,52.0,6361,0,1,1,Pedestrian
95,1289.0,2.0,1355.0,52.0,6362,0,1,1,Pedestrian
95,1289.0,2.0,1355.0,52.0,6363,0,1,1,Pedestrian
95,1289.0,2.0,1355.0,52.0,6364,0,1,1,Pedestrian
95,1289.0,2.0,1355.0,52.0,6365,0,1,1,Pedestrian
95,1289.0,2.0,1355.0,52.0,6366,0,1,1,Pedestrian
95,1289.0,2.0,1355.0,54.0,6367,0,1,1,Pedestrian
95,1289.0,2.0,1355.0,54.0,6368,0,1,1,Pedestrian
95,1289.0,2.0,1355.0,54.0,6369,0,1,1,Pedestrian
95,1289.0,2.0,1355.0,54.0,6370,0,1,1,Pedestrian
95,1289.0,2.0,1355.0,54.0,6371,0,1,1,Pedestrian
95,1289.0,2.0,1355.0,54.0,6372,0,1,1,Pedestrian
95,1289.0,2.0,1355.0,54.0,6373,0,1,1,Pedestrian
95,1289.0,2.0,1355.0,54.0,6374,0,1,1,Pedestrian
95,1289.0,2.0,1355.0,54.0,6375,0,1,1,Pedestrian
95,1287.0,2.0,1355.0,54.0,6376,0,1,1,Pedestrian
95,1287.0,2.0,1355.0,54.0,6377,0,1,1,Pedestrian
95,1287.0,2.0,1355.0,54.0,6378,0,1,1,Pedestrian
95,1287.0,2.0,1355.0,54.0,6379,0,1,1,Pedestrian
95,1287.0,2.0,1355.0,54.0,6380,0,1,1,Pedestrian
95,1287.0,2.0,1355.0,54.0,6381,0,1,1,Pedestrian
95,1287.0,2.0,1355.0,54.0,6382,0,1,1,Pedestrian
95,1287.0,2.0,1355.0,54.0,6383,0,1,1,Pedestrian
95,1287.0,2.0,1355.0,54.0,6384,0,1,1,Pedestrian
95,1287.0,2.0,1355.0,54.0,6385,0,1,1,Pedestrian
95,1287.0,2.0,1355.0,54.0,6386,0,1,1,Pedestrian
95,1287.0,2.0,1355.0,54.0,6387,0,1,1,Pedestrian
95,1287.0,2.0,1355.0,54.0,6388,0,1,1,Pedestrian
95,1287.0,2.0,1355.0,54.0,6389,0,1,1,Pedestrian
95,1287.0,2.0,1355.0,54.0,6390,0,1,1,Pedestrian
95,1287.0,2.0,1355.0,54.0,6391,0,1,1,Pedestrian
95,1287.0,2.0,1355.0,54.0,6392,0,1,1,Pedestrian
95,1287.0,2.0,1355.0,54.0,6393,0,1,1,Pedestrian
95,1287.0,2.0,1355.0,54.0,6394,0,1,1,Pedestrian
95,1287.0,2.0,1355.0,54.0,6395,0,1,1,Pedestrian
95,1287.0,2.0,1355.0,54.0,6396,0,1,1,Pedestrian
95,1287.0,2.0,1355.0,54.0,6397,0,1,1,Pedestrian
95,1287.0,2.0,1355.0,54.0,6398,0,1,1,Pedestrian
95,1287.0,2.0,1355.0,54.0,6399,0,1,1,Pedestrian
95,1287.0,2.0,1355.0,56.0,6400,0,1,1,Pedestrian
95,1287.0,2.0,1355.0,56.0,6401,0,1,1,Pedestrian
95,1287.0,2.0,1355.0,56.0,6402,0,1,1,Pedestrian
95,1287.0,2.0,1355.0,56.0,6403,0,1,1,Pedestrian
95,1287.0,2.0,1355.0,56.0,6404,0,1,1,Pedestrian
95,1287.0,2.0,1355.0,56.0,6405,0,1,1,Pedestrian
95,1287.0,2.0,1355.0,56.0,6406,0,1,1,Pedestrian
95,1287.0,2.0,1355.0,56.0,6407,0,1,1,Pedestrian
95,1287.0,2.0,1355.0,56.0,6408,0,1,1,Pedestrian
95,1287.0,2.0,1355.0,56.0,6409,0,1,1,Pedestrian
95,1287.0,2.0,1355.0,56.0,6410,0,1,1,Pedestrian
95,1287.0,2.0,1355.0,56.0,6411,0,1,1,Pedestrian
95,1287.0,2.0,1355.0,56.0,6412,0,1,1,Pedestrian
95,1287.0,2.0,1355.0,56.0,6413,0,1,1,Pedestrian
95,1287.0,2.0,1355.0,56.0,6414,0,1,1,Pedestrian
95,1287.0,2.0,1355.0,56.0,6415,0,1,1,Pedestrian
95,1287.0,2.0,1355.0,56.0,6416,0,1,1,Pedestrian
95,1287.0,2.0,1355.0,56.0,6417,0,1,1,Pedestrian
95,1287.0,2.0,1355.0,56.0,6418,0,1,1,Pedestrian
95,1287.0,2.0,1355.0,56.0,6419,0,1,1,Pedestrian
95,1287.0,2.0,1355.0,56.0,6420,0,1,1,Pedestrian
95,1287.0,2.0,1355.0,56.0,6421,0,1,1,Pedestrian
95,1287.0,2.0,1355.0,56.0,6422,0,1,1,Pedestrian
95,1287.0,2.0,1355.0,56.0,6423,0,1,1,Pedestrian
95,1287.0,2.0,1355.0,56.0,6424,0,1,1,Pedestrian
95,1287.0,2.0,1355.0,56.0,6425,0,1,1,Pedestrian
95,1287.0,2.0,1355.0,56.0,6426,0,1,1,Pedestrian
95,1287.0,2.0,1355.0,56.0,6427,0,1,1,Pedestrian
95,1287.0,2.0,1355.0,56.0,6428,0,1,1,Pedestrian
95,1287.0,2.0,1355.0,56.0,6429,0,1,1,Pedestrian
95,1287.0,2.0,1355.0,56.0,6430,0,1,1,Pedestrian
95,1287.0,2.0,1355.0,56.0,6431,0,1,1,Pedestrian
95,1287.0,2.0,1355.0,56.0,6432,0,1,1,Pedestrian
95,1287.0,2.0,1355.0,56.0,6433,0,1,1,Pedestrian
95,1287.0,2.0,1355.0,59.0,6434,0,1,1,Pedestrian
95,1287.0,2.0,1355.0,59.0,6435,0,1,1,Pedestrian
95,1287.0,2.0,1355.0,59.0,6436,0,1,1,Pedestrian
95,1287.0,2.0,1355.0,59.0,6437,0,1,1,Pedestrian
95,1284.0,2.0,1355.0,59.0,6438,0,1,1,Pedestrian
95,1284.0,2.0,1355.0,59.0,6439,0,1,1,Pedestrian
95,1284.0,2.0,1355.0,59.0,6440,0,1,1,Pedestrian
95,1284.0,2.0,1355.0,59.0,6441,0,1,1,Pedestrian
95,1284.0,2.0,1355.0,59.0,6442,0,1,1,Pedestrian
95,1284.0,2.0,1355.0,59.0,6443,0,1,1,Pedestrian
95,1284.0,2.0,1355.0,59.0,6444,0,1,1,Pedestrian
95,1284.0,2.0,1355.0,59.0,6445,0,1,1,Pedestrian
95,1284.0,2.0,1355.0,59.0,6446,0,1,1,Pedestrian
95,1284.0,2.0,1355.0,59.0,6447,0,1,1,Pedestrian
95,1284.0,2.0,1355.0,59.0,6448,0,1,1,Pedestrian
95,1284.0,2.0,1355.0,59.0,6449,0,1,1,Pedestrian
95,1284.0,2.0,1355.0,59.0,6450,0,1,1,Pedestrian
95,1284.0,2.0,1355.0,59.0,6451,0,1,1,Pedestrian
95,1284.0,2.0,1355.0,59.0,6452,0,1,1,Pedestrian
95,1284.0,2.0,1355.0,59.0,6453,0,1,1,Pedestrian
95,1284.0,2.0,1355.0,59.0,6454,0,1,1,Pedestrian
95,1284.0,2.0,1355.0,59.0,6455,0,1,1,Pedestrian
95,1284.0,2.0,1355.0,59.0,6456,0,1,1,Pedestrian
95,1284.0,2.0,1355.0,59.0,6457,0,1,1,Pedestrian
95,1284.0,2.0,1355.0,59.0,6458,0,1,1,Pedestrian
95,1284.0,2.0,1355.0,59.0,6459,0,1,1,Pedestrian
95,1284.0,2.0,1355.0,59.0,6460,0,1,1,Pedestrian
95,1284.0,2.0,1355.0,59.0,6461,0,1,1,Pedestrian
95,1284.0,2.0,1355.0,59.0,6462,0,1,1,Pedestrian
95,1284.0,2.0,1355.0,59.0,6463,0,1,1,Pedestrian
95,1284.0,2.0,1355.0,59.0,6464,0,1,1,Pedestrian
95,1284.0,2.0,1355.0,59.0,6465,0,1,1,Pedestrian
95,1284.0,2.0,1355.0,59.0,6466,0,1,1,Pedestrian
95,1284.0,2.0,1355.0,61.0,6467,0,1,1,Pedestrian
95,1284.0,2.0,1355.0,61.0,6468,0,1,1,Pedestrian
95,1284.0,2.0,1355.0,61.0,6469,0,1,1,Pedestrian
95,1284.0,2.0,1355.0,61.0,6470,0,1,1,Pedestrian
95,1284.0,2.0,1355.0,61.0,6471,0,1,1,Pedestrian
95,1284.0,2.0,1355.0,61.0,6472,0,1,1,Pedestrian
95,1284.0,2.0,1355.0,61.0,6473,0,1,1,Pedestrian
95,1284.0,2.0,1355.0,61.0,6474,0,1,1,Pedestrian
95,1284.0,2.0,1355.0,61.0,6475,0,1,1,Pedestrian
95,1284.0,2.0,1355.0,61.0,6476,0,1,1,Pedestrian
95,1284.0,2.0,1355.0,61.0,6477,0,1,1,Pedestrian
95,1284.0,2.0,1355.0,61.0,6478,0,1,1,Pedestrian
95,1284.0,2.0,1355.0,61.0,6479,0,1,1,Pedestrian
95,1284.0,2.0,1355.0,61.0,6480,0,1,1,Pedestrian
95,1284.0,2.0,1355.0,61.0,6481,0,1,1,Pedestrian
95,1284.0,2.0,1355.0,61.0,6482,0,1,1,Pedestrian
95,1284.0,2.0,1355.0,61.0,6483,0,1,1,Pedestrian
95,1284.0,2.0,1355.0,61.0,6484,0,1,1,Pedestrian
95,1284.0,2.0,1355.0,61.0,6485,0,1,1,Pedestrian
95,1284.0,2.0,1355.0,61.0,6486,0,1,1,Pedestrian
95,1284.0,2.0,1355.0,61.0,6487,0,1,1,Pedestrian
95,1284.0,2.0,1355.0,61.0,6488,0,1,1,Pedestrian
95,1284.0,2.0,1355.0,61.0,6489,0,1,1,Pedestrian
95,1284.0,2.0,1355.0,61.0,6490,0,1,1,Pedestrian
95,1284.0,2.0,1355.0,61.0,6491,0,1,1,Pedestrian
95,1284.0,2.0,1355.0,61.0,6492,0,1,1,Pedestrian
95,1284.0,2.0,1355.0,61.0,6493,0,1,1,Pedestrian
95,1284.0,2.0,1355.0,61.0,6494,0,1,1,Pedestrian
95,1284.0,2.0,1355.0,61.0,6495,0,1,1,Pedestrian
95,1284.0,2.0,1355.0,61.0,6496,0,1,1,Pedestrian
95,1284.0,2.0,1355.0,61.0,6497,0,1,1,Pedestrian
95,1284.0,2.0,1355.0,61.0,6498,0,1,1,Pedestrian
95,1284.0,2.0,1355.0,61.0,6499,0,1,1,Pedestrian
95,1284.0,4.0,1355.0,63.0,6500,0,1,0,Pedestrian
95,1284.0,2.0,1355.0,61.0,6501,0,1,1,Pedestrian
95,1284.0,2.0,1355.0,61.0,6502,0,1,1,Pedestrian
95,1284.0,2.0,1355.0,61.0,6503,0,1,1,Pedestrian
95,1284.0,2.0,1355.0,61.0,6504,0,1,1,Pedestrian
95,1284.0,2.0,1355.0,61.0,6505,0,1,1,Pedestrian
95,1284.0,2.0,1355.0,61.0,6506,0,1,1,Pedestrian
95,1284.0,2.0,1355.0,61.0,6507,0,1,1,Pedestrian
95,1284.0,2.0,1355.0,61.0,6508,0,1,1,Pedestrian
95,1284.0,2.0,1355.0,61.0,6509,0,1,1,Pedestrian
95,1284.0,2.0,1355.0,61.0,6510,0,1,1,Pedestrian
95,1284.0,2.0,1355.0,61.0,6511,0,1,1,Pedestrian
95,1284.0,2.0,1355.0,61.0,6512,0,1,1,Pedestrian
95,1284.0,2.0,1355.0,61.0,6513,0,1,1,Pedestrian
95,1284.0,2.0,1355.0,61.0,6514,0,1,1,Pedestrian
95,1284.0,2.0,1355.0,61.0,6515,0,1,1,Pedestrian
95,1284.0,2.0,1355.0,61.0,6516,0,1,1,Pedestrian
95,1284.0,2.0,1355.0,61.0,6517,0,1,1,Pedestrian
95,1284.0,2.0,1355.0,61.0,6518,0,1,1,Pedestrian
95,1284.0,2.0,1355.0,61.0,6519,0,1,1,Pedestrian
95,1284.0,2.0,1355.0,61.0,6520,0,1,1,Pedestrian
95,1284.0,2.0,1355.0,61.0,6521,0,1,1,Pedestrian
95,1284.0,2.0,1355.0,61.0,6522,0,1,1,Pedestrian
95,1284.0,2.0,1355.0,61.0,6523,0,1,1,Pedestrian
95,1284.0,2.0,1355.0,61.0,6524,0,1,1,Pedestrian
95,1284.0,2.0,1355.0,61.0,6525,0,1,1,Pedestrian
95,1284.0,2.0,1355.0,61.0,6526,0,1,1,Pedestrian
95,1284.0,2.0,1355.0,61.0,6527,0,1,1,Pedestrian
95,1284.0,2.0,1355.0,61.0,6528,0,1,1,Pedestrian
95,1284.0,2.0,1355.0,61.0,6529,0,1,1,Pedestrian
95,1284.0,2.0,1355.0,61.0,6530,0,1,1,Pedestrian
95,1284.0,2.0,1355.0,61.0,6531,0,1,1,Pedestrian
95,1284.0,2.0,1355.0,61.0,6532,0,1,1,Pedestrian
95,1284.0,2.0,1355.0,61.0,6533,0,1,1,Pedestrian
95,1284.0,2.0,1355.0,61.0,6534,0,1,1,Pedestrian
95,1284.0,2.0,1355.0,61.0,6535,0,1,1,Pedestrian
95,1284.0,2.0,1355.0,61.0,6536,0,1,1,Pedestrian
95,1284.0,2.0,1355.0,61.0,6537,0,1,1,Pedestrian
95,1284.0,2.0,1355.0,61.0,6538,0,1,1,Pedestrian
95,1284.0,2.0,1355.0,61.0,6539,0,1,1,Pedestrian
95,1284.0,2.0,1355.0,61.0,6540,0,1,1,Pedestrian
95,1284.0,2.0,1355.0,61.0,6541,0,1,1,Pedestrian
95,1284.0,2.0,1355.0,61.0,6542,0,1,1,Pedestrian
95,1284.0,2.0,1355.0,61.0,6543,0,1,1,Pedestrian
95,1284.0,2.0,1355.0,61.0,6544,0,1,1,Pedestrian
95,1284.0,2.0,1355.0,61.0,6545,0,1,1,Pedestrian
95,1284.0,2.0,1355.0,61.0,6546,0,1,1,Pedestrian
95,1284.0,2.0,1355.0,61.0,6547,0,1,1,Pedestrian
95,1284.0,2.0,1355.0,61.0,6548,0,1,1,Pedestrian
95,1284.0,2.0,1355.0,61.0,6549,0,1,1,Pedestrian
95,1284.0,2.0,1355.0,61.0,6550,0,1,1,Pedestrian
95,1284.0,2.0,1355.0,61.0,6551,0,1,1,Pedestrian
95,1284.0,2.0,1355.0,61.0,6552,0,1,1,Pedestrian
95,1284.0,2.0,1355.0,61.0,6553,0,1,1,Pedestrian
95,1284.0,2.0,1355.0,61.0,6554,0,1,1,Pedestrian
95,1284.0,2.0,1355.0,61.0,6555,0,1,1,Pedestrian
95,1284.0,2.0,1355.0,61.0,6556,0,1,1,Pedestrian
95,1284.0,2.0,1355.0,61.0,6557,0,1,1,Pedestrian
95,1284.0,2.0,1355.0,61.0,6558,0,1,1,Pedestrian
95,1284.0,2.0,1355.0,61.0,6559,0,1,1,Pedestrian
95,1284.0,2.0,1355.0,61.0,6560,0,1,1,Pedestrian
95,1284.0,2.0,1355.0,61.0,6561,0,1,1,Pedestrian
95,1284.0,2.0,1355.0,61.0,6562,0,1,1,Pedestrian
95,1284.0,2.0,1355.0,61.0,6563,0,1,1,Pedestrian
95,1284.0,2.0,1355.0,61.0,6564,0,1,1,Pedestrian
95,1284.0,2.0,1355.0,61.0,6565,0,1,1,Pedestrian
95,1284.0,2.0,1355.0,61.0,6566,0,1,1,Pedestrian
95,1284.0,2.0,1355.0,61.0,6567,0,1,1,Pedestrian
95,1284.0,2.0,1355.0,61.0,6568,0,1,1,Pedestrian
95,1284.0,2.0,1355.0,61.0,6569,0,1,1,Pedestrian
95,1284.0,2.0,1355.0,61.0,6570,0,1,1,Pedestrian
95,1284.0,2.0,1355.0,61.0,6571,0,1,1,Pedestrian
95,1284.0,2.0,1355.0,61.0,6572,0,1,1,Pedestrian
95,1284.0,2.0,1355.0,61.0,6573,0,1,1,Pedestrian
95,1284.0,2.0,1355.0,61.0,6574,0,1,1,Pedestrian
95,1284.0,2.0,1355.0,61.0,6575,0,1,1,Pedestrian
95,1284.0,2.0,1355.0,61.0,6576,0,1,1,Pedestrian
95,1284.0,2.0,1355.0,61.0,6577,0,1,1,Pedestrian
95,1284.0,2.0,1355.0,61.0,6578,0,1,1,Pedestrian
95,1284.0,2.0,1355.0,61.0,6579,0,1,1,Pedestrian
95,1284.0,2.0,1355.0,61.0,6580,0,1,1,Pedestrian
95,1284.0,2.0,1355.0,61.0,6581,0,1,1,Pedestrian
95,1284.0,2.0,1355.0,61.0,6582,0,1,1,Pedestrian
95,1284.0,2.0,1355.0,61.0,6583,0,1,1,Pedestrian
95,1287.0,2.0,1355.0,61.0,6584,0,1,1,Pedestrian
95,1287.0,2.0,1355.0,61.0,6585,0,1,1,Pedestrian
95,1287.0,2.0,1355.0,61.0,6586,0,1,1,Pedestrian
95,1287.0,2.0,1355.0,61.0,6587,0,1,1,Pedestrian
95,1287.0,2.0,1355.0,61.0,6588,0,1,1,Pedestrian
95,1287.0,2.0,1355.0,61.0,6589,0,1,1,Pedestrian
95,1287.0,2.0,1355.0,61.0,6590,0,1,1,Pedestrian
95,1287.0,2.0,1355.0,61.0,6591,0,1,1,Pedestrian
95,1287.0,2.0,1355.0,61.0,6592,0,1,1,Pedestrian
95,1287.0,2.0,1355.0,61.0,6593,0,1,1,Pedestrian
95,1287.0,2.0,1355.0,61.0,6594,0,1,1,Pedestrian
95,1287.0,2.0,1355.0,61.0,6595,0,1,1,Pedestrian
95,1287.0,2.0,1355.0,61.0,6596,0,1,1,Pedestrian
95,1287.0,2.0,1355.0,61.0,6597,0,1,1,Pedestrian
95,1287.0,2.0,1355.0,61.0,6598,0,1,1,Pedestrian
95,1287.0,2.0,1355.0,61.0,6599,0,1,1,Pedestrian
95,1287.0,2.0,1355.0,61.0,6600,0,1,1,Pedestrian
95,1287.0,2.0,1355.0,61.0,6601,0,1,1,Pedestrian
95,1287.0,2.0,1355.0,61.0,6602,0,1,1,Pedestrian
95,1287.0,2.0,1355.0,61.0,6603,0,1,1,Pedestrian
95,1287.0,2.0,1355.0,61.0,6604,0,1,1,Pedestrian
95,1287.0,2.0,1355.0,61.0,6605,0,1,1,Pedestrian
95,1287.0,2.0,1355.0,61.0,6606,0,1,1,Pedestrian
95,1287.0,2.0,1355.0,61.0,6607,0,1,1,Pedestrian
95,1287.0,2.0,1355.0,61.0,6608,0,1,1,Pedestrian
95,1287.0,2.0,1355.0,61.0,6609,0,1,1,Pedestrian
95,1287.0,2.0,1355.0,61.0,6610,0,1,1,Pedestrian
95,1287.0,2.0,1355.0,61.0,6611,0,1,1,Pedestrian
95,1287.0,2.0,1355.0,61.0,6612,0,1,1,Pedestrian
95,1287.0,2.0,1355.0,61.0,6613,0,1,1,Pedestrian
95,1287.0,2.0,1355.0,61.0,6614,0,1,1,Pedestrian
95,1287.0,2.0,1355.0,61.0,6615,0,1,1,Pedestrian
95,1287.0,2.0,1355.0,61.0,6616,0,1,1,Pedestrian
95,1287.0,2.0,1355.0,61.0,6617,0,1,1,Pedestrian
95,1287.0,2.0,1355.0,61.0,6618,0,1,1,Pedestrian
95,1287.0,2.0,1355.0,61.0,6619,0,1,1,Pedestrian
95,1287.0,2.0,1355.0,61.0,6620,0,1,1,Pedestrian
95,1287.0,2.0,1355.0,61.0,6621,0,1,1,Pedestrian
95,1287.0,2.0,1355.0,61.0,6622,0,1,1,Pedestrian
95,1287.0,2.0,1355.0,61.0,6623,0,1,1,Pedestrian
95,1287.0,2.0,1355.0,61.0,6624,0,1,1,Pedestrian
95,1287.0,2.0,1355.0,61.0,6625,0,1,1,Pedestrian
95,1287.0,2.0,1355.0,61.0,6626,0,1,1,Pedestrian
95,1287.0,2.0,1355.0,61.0,6627,0,1,1,Pedestrian
95,1287.0,2.0,1355.0,61.0,6628,0,1,1,Pedestrian
95,1287.0,2.0,1355.0,61.0,6629,0,1,1,Pedestrian
95,1287.0,2.0,1355.0,61.0,6630,0,1,1,Pedestrian
95,1287.0,2.0,1355.0,61.0,6631,0,1,1,Pedestrian
95,1287.0,2.0,1355.0,61.0,6632,0,1,1,Pedestrian
95,1287.0,2.0,1355.0,61.0,6633,0,1,1,Pedestrian
95,1287.0,2.0,1355.0,61.0,6634,0,1,1,Pedestrian
95,1287.0,2.0,1355.0,61.0,6635,0,1,1,Pedestrian
95,1287.0,2.0,1355.0,61.0,6636,0,1,1,Pedestrian
95,1287.0,2.0,1355.0,61.0,6637,0,1,1,Pedestrian
95,1287.0,2.0,1355.0,61.0,6638,0,1,1,Pedestrian
95,1287.0,2.0,1355.0,61.0,6639,0,1,1,Pedestrian
95,1287.0,2.0,1355.0,61.0,6640,0,1,1,Pedestrian
95,1287.0,2.0,1355.0,61.0,6641,0,1,1,Pedestrian
95,1287.0,2.0,1355.0,61.0,6642,0,1,1,Pedestrian
95,1287.0,2.0,1355.0,61.0,6643,0,1,1,Pedestrian
95,1287.0,2.0,1355.0,61.0,6644,0,1,1,Pedestrian
95,1287.0,2.0,1355.0,61.0,6645,0,1,1,Pedestrian
95,1287.0,2.0,1355.0,61.0,6646,0,1,1,Pedestrian
95,1287.0,2.0,1355.0,61.0,6647,0,1,1,Pedestrian
95,1287.0,2.0,1355.0,61.0,6648,0,1,1,Pedestrian
95,1287.0,2.0,1355.0,61.0,6649,0,1,1,Pedestrian
95,1287.0,2.0,1355.0,61.0,6650,0,1,1,Pedestrian
95,1287.0,2.0,1355.0,61.0,6651,0,1,1,Pedestrian
95,1287.0,2.0,1355.0,61.0,6652,0,1,1,Pedestrian
95,1287.0,2.0,1355.0,61.0,6653,0,1,1,Pedestrian
95,1287.0,2.0,1355.0,61.0,6654,0,1,1,Pedestrian
95,1287.0,2.0,1355.0,61.0,6655,0,1,1,Pedestrian
95,1287.0,2.0,1355.0,61.0,6656,0,1,1,Pedestrian
95,1287.0,2.0,1355.0,61.0,6657,0,1,1,Pedestrian
95,1287.0,2.0,1355.0,61.0,6658,0,1,1,Pedestrian
95,1287.0,2.0,1355.0,61.0,6659,0,1,1,Pedestrian
95,1287.0,2.0,1355.0,61.0,6660,0,1,1,Pedestrian
95,1287.0,2.0,1355.0,61.0,6661,0,1,1,Pedestrian
95,1287.0,2.0,1355.0,61.0,6662,0,1,1,Pedestrian
95,1287.0,2.0,1355.0,61.0,6663,0,1,1,Pedestrian
95,1287.0,2.0,1355.0,61.0,6664,0,1,1,Pedestrian
95,1287.0,2.0,1355.0,61.0,6665,0,1,1,Pedestrian
95,1287.0,2.0,1355.0,61.0,6666,0,1,1,Pedestrian
95,1289.0,2.0,1355.0,61.0,6667,0,1,1,Pedestrian
95,1289.0,2.0,1355.0,61.0,6668,0,1,1,Pedestrian
95,1289.0,2.0,1355.0,61.0,6669,0,1,1,Pedestrian
95,1289.0,2.0,1355.0,61.0,6670,0,1,1,Pedestrian
95,1289.0,2.0,1355.0,61.0,6671,0,1,1,Pedestrian
95,1289.0,2.0,1355.0,61.0,6672,0,1,1,Pedestrian
95,1289.0,2.0,1355.0,61.0,6673,0,1,1,Pedestrian
95,1289.0,2.0,1355.0,61.0,6674,0,1,1,Pedestrian
95,1289.0,2.0,1355.0,61.0,6675,0,1,1,Pedestrian
95,1289.0,2.0,1355.0,61.0,6676,0,1,1,Pedestrian
95,1289.0,2.0,1355.0,61.0,6677,0,1,1,Pedestrian
95,1289.0,2.0,1355.0,61.0,6678,0,1,1,Pedestrian
95,1289.0,2.0,1355.0,61.0,6679,0,1,1,Pedestrian
95,1289.0,2.0,1355.0,61.0,6680,0,1,1,Pedestrian
95,1289.0,2.0,1355.0,61.0,6681,0,1,1,Pedestrian
95,1289.0,2.0,1355.0,61.0,6682,0,1,1,Pedestrian
95,1289.0,2.0,1355.0,61.0,6683,0,1,1,Pedestrian
95,1289.0,2.0,1355.0,61.0,6684,0,1,1,Pedestrian
95,1289.0,2.0,1355.0,61.0,6685,0,1,1,Pedestrian
95,1289.0,2.0,1355.0,61.0,6686,0,1,1,Pedestrian
95,1289.0,2.0,1355.0,61.0,6687,0,1,1,Pedestrian
95,1289.0,2.0,1355.0,61.0,6688,0,1,1,Pedestrian
95,1289.0,2.0,1355.0,61.0,6689,0,1,1,Pedestrian
95,1289.0,2.0,1355.0,61.0,6690,0,1,1,Pedestrian
95,1289.0,2.0,1355.0,61.0,6691,0,1,1,Pedestrian
95,1289.0,2.0,1355.0,61.0,6692,0,1,1,Pedestrian
95,1289.0,2.0,1355.0,61.0,6693,0,1,1,Pedestrian
95,1289.0,2.0,1355.0,61.0,6694,0,1,1,Pedestrian
95,1289.0,2.0,1355.0,61.0,6695,0,1,1,Pedestrian
95,1289.0,2.0,1355.0,61.0,6696,0,1,1,Pedestrian
95,1289.0,2.0,1355.0,61.0,6697,0,1,1,Pedestrian
95,1289.0,2.0,1355.0,61.0,6698,0,1,1,Pedestrian
95,1289.0,2.0,1355.0,61.0,6699,0,1,1,Pedestrian
95,1289.0,2.0,1355.0,61.0,6700,0,1,1,Pedestrian
95,1289.0,2.0,1355.0,61.0,6701,0,1,1,Pedestrian
95,1289.0,2.0,1355.0,61.0,6702,0,1,1,Pedestrian
95,1289.0,2.0,1355.0,61.0,6703,0,1,1,Pedestrian
95,1289.0,2.0,1355.0,61.0,6704,0,1,1,Pedestrian
95,1289.0,2.0,1355.0,61.0,6705,0,1,1,Pedestrian
95,1289.0,2.0,1355.0,61.0,6706,0,1,1,Pedestrian
95,1289.0,2.0,1355.0,61.0,6707,0,1,1,Pedestrian
95,1289.0,2.0,1355.0,61.0,6708,0,1,1,Pedestrian
95,1289.0,2.0,1355.0,61.0,6709,0,1,1,Pedestrian
95,1289.0,2.0,1355.0,61.0,6710,0,1,1,Pedestrian
95,1289.0,2.0,1355.0,61.0,6711,0,1,1,Pedestrian
95,1289.0,2.0,1355.0,61.0,6712,0,1,1,Pedestrian
95,1289.0,2.0,1355.0,61.0,6713,0,1,1,Pedestrian
95,1289.0,2.0,1355.0,61.0,6714,0,1,1,Pedestrian
95,1289.0,2.0,1355.0,61.0,6715,0,1,1,Pedestrian
95,1289.0,2.0,1355.0,61.0,6716,0,1,1,Pedestrian
95,1289.0,2.0,1355.0,61.0,6717,0,1,1,Pedestrian
95,1289.0,2.0,1355.0,61.0,6718,0,1,1,Pedestrian
95,1289.0,2.0,1355.0,61.0,6719,0,1,1,Pedestrian
95,1289.0,2.0,1355.0,61.0,6720,0,1,1,Pedestrian
95,1289.0,2.0,1355.0,61.0,6721,0,1,1,Pedestrian
95,1289.0,2.0,1355.0,61.0,6722,0,1,1,Pedestrian
95,1289.0,2.0,1355.0,61.0,6723,0,1,1,Pedestrian
95,1289.0,2.0,1355.0,61.0,6724,0,1,1,Pedestrian
95,1289.0,2.0,1355.0,61.0,6725,0,1,1,Pedestrian
95,1289.0,2.0,1355.0,61.0,6726,0,1,1,Pedestrian
95,1289.0,2.0,1355.0,61.0,6727,0,1,1,Pedestrian
95,1289.0,2.0,1355.0,61.0,6728,0,1,1,Pedestrian
95,1289.0,2.0,1355.0,61.0,6729,0,1,1,Pedestrian
95,1289.0,2.0,1355.0,61.0,6730,0,1,1,Pedestrian
95,1289.0,2.0,1355.0,61.0,6731,0,1,1,Pedestrian
95,1289.0,2.0,1355.0,61.0,6732,0,1,1,Pedestrian
95,1289.0,2.0,1355.0,61.0,6733,0,1,1,Pedestrian
95,1289.0,2.0,1355.0,61.0,6734,0,1,1,Pedestrian
95,1289.0,2.0,1355.0,61.0,6735,0,1,1,Pedestrian
95,1289.0,2.0,1355.0,61.0,6736,0,1,1,Pedestrian
95,1289.0,2.0,1355.0,61.0,6737,0,1,1,Pedestrian
95,1289.0,2.0,1355.0,61.0,6738,0,1,1,Pedestrian
95,1289.0,2.0,1355.0,61.0,6739,0,1,1,Pedestrian
95,1289.0,2.0,1355.0,61.0,6740,0,1,1,Pedestrian
95,1289.0,2.0,1355.0,61.0,6741,0,1,1,Pedestrian
95,1289.0,2.0,1355.0,61.0,6742,0,1,1,Pedestrian
95,1289.0,2.0,1355.0,61.0,6743,0,1,1,Pedestrian
95,1289.0,2.0,1355.0,61.0,6744,0,1,1,Pedestrian
95,1289.0,2.0,1355.0,61.0,6745,0,1,1,Pedestrian
95,1289.0,2.0,1355.0,61.0,6746,0,1,1,Pedestrian
95,1289.0,2.0,1355.0,61.0,6747,0,1,1,Pedestrian
95,1289.0,2.0,1355.0,61.0,6748,0,1,1,Pedestrian
95,1289.0,2.0,1355.0,61.0,6749,0,1,1,Pedestrian
95,1292.0,2.0,1355.0,61.0,6750,0,1,1,Pedestrian
95,1292.0,0.0,1355.0,59.0,6751,0,1,1,Pedestrian
95,1292.0,0.0,1355.0,59.0,6752,0,1,1,Pedestrian
95,1292.0,0.0,1355.0,59.0,6753,0,1,1,Pedestrian
95,1292.0,0.0,1355.0,59.0,6754,0,1,1,Pedestrian
95,1292.0,0.0,1355.0,59.0,6755,0,1,1,Pedestrian
95,1292.0,0.0,1355.0,59.0,6756,0,1,1,Pedestrian
95,1292.0,0.0,1355.0,59.0,6757,0,1,1,Pedestrian
95,1292.0,0.0,1355.0,59.0,6758,0,1,1,Pedestrian
95,1292.0,0.0,1355.0,59.0,6759,0,1,1,Pedestrian
95,1292.0,0.0,1355.0,59.0,6760,0,1,1,Pedestrian
95,1292.0,0.0,1355.0,59.0,6761,0,1,1,Pedestrian
95,1292.0,0.0,1355.0,59.0,6762,0,1,1,Pedestrian
95,1292.0,0.0,1355.0,59.0,6763,0,1,1,Pedestrian
95,1292.0,0.0,1355.0,59.0,6764,0,1,1,Pedestrian
95,1292.0,0.0,1355.0,59.0,6765,0,1,1,Pedestrian
95,1292.0,0.0,1355.0,59.0,6766,0,1,1,Pedestrian
95,1292.0,0.0,1355.0,59.0,6767,0,1,1,Pedestrian
95,1292.0,0.0,1355.0,59.0,6768,0,1,1,Pedestrian
95,1292.0,0.0,1355.0,59.0,6769,0,1,1,Pedestrian
95,1292.0,0.0,1355.0,59.0,6770,0,1,1,Pedestrian
95,1292.0,0.0,1355.0,59.0,6771,0,1,1,Pedestrian
95,1292.0,0.0,1355.0,59.0,6772,0,1,1,Pedestrian
95,1292.0,0.0,1355.0,59.0,6773,0,1,1,Pedestrian
95,1292.0,0.0,1355.0,59.0,6774,0,1,1,Pedestrian
95,1292.0,0.0,1355.0,59.0,6775,0,1,1,Pedestrian
95,1292.0,0.0,1355.0,59.0,6776,0,1,1,Pedestrian
95,1292.0,0.0,1355.0,59.0,6777,0,1,1,Pedestrian
95,1292.0,0.0,1355.0,59.0,6778,0,1,1,Pedestrian
95,1292.0,0.0,1355.0,59.0,6779,0,1,1,Pedestrian
95,1292.0,0.0,1355.0,59.0,6780,0,1,1,Pedestrian
95,1292.0,0.0,1355.0,59.0,6781,0,1,1,Pedestrian
95,1292.0,0.0,1355.0,59.0,6782,0,1,1,Pedestrian
95,1292.0,0.0,1355.0,59.0,6783,0,1,1,Pedestrian
95,1292.0,0.0,1355.0,59.0,6784,0,1,1,Pedestrian
95,1292.0,0.0,1355.0,59.0,6785,0,1,1,Pedestrian
95,1292.0,0.0,1355.0,59.0,6786,0,1,1,Pedestrian
95,1292.0,0.0,1355.0,59.0,6787,0,1,1,Pedestrian
95,1292.0,0.0,1355.0,59.0,6788,0,1,1,Pedestrian
95,1292.0,0.0,1355.0,59.0,6789,0,1,1,Pedestrian
95,1292.0,0.0,1355.0,59.0,6790,0,1,1,Pedestrian
95,1292.0,0.0,1355.0,59.0,6791,0,1,1,Pedestrian
95,1292.0,0.0,1355.0,59.0,6792,0,1,1,Pedestrian
95,1292.0,0.0,1355.0,59.0,6793,0,1,1,Pedestrian
95,1292.0,0.0,1355.0,59.0,6794,0,1,1,Pedestrian
95,1292.0,0.0,1355.0,59.0,6795,0,1,1,Pedestrian
95,1292.0,0.0,1355.0,59.0,6796,0,1,1,Pedestrian
95,1292.0,0.0,1355.0,59.0,6797,0,1,1,Pedestrian
95,1292.0,0.0,1355.0,59.0,6798,0,1,1,Pedestrian
95,1292.0,0.0,1355.0,59.0,6799,0,1,1,Pedestrian
95,1292.0,0.0,1355.0,59.0,6800,0,1,1,Pedestrian
95,1292.0,0.0,1355.0,59.0,6801,0,1,1,Pedestrian
95,1292.0,0.0,1355.0,59.0,6802,0,1,1,Pedestrian
95,1292.0,0.0,1355.0,59.0,6803,0,1,1,Pedestrian
95,1292.0,0.0,1355.0,59.0,6804,0,1,1,Pedestrian
95,1292.0,0.0,1355.0,59.0,6805,0,1,1,Pedestrian
95,1292.0,0.0,1355.0,59.0,6806,0,1,1,Pedestrian
95,1292.0,0.0,1355.0,59.0,6807,0,1,1,Pedestrian
95,1292.0,0.0,1355.0,59.0,6808,0,1,1,Pedestrian
95,1292.0,0.0,1355.0,59.0,6809,0,1,1,Pedestrian
95,1292.0,0.0,1355.0,59.0,6810,0,1,1,Pedestrian
95,1292.0,0.0,1355.0,59.0,6811,0,1,1,Pedestrian
95,1292.0,0.0,1355.0,59.0,6812,0,1,1,Pedestrian
95,1292.0,0.0,1355.0,59.0,6813,0,1,1,Pedestrian
95,1292.0,0.0,1355.0,59.0,6814,0,1,1,Pedestrian
95,1292.0,0.0,1355.0,59.0,6815,0,1,1,Pedestrian
95,1292.0,0.0,1355.0,59.0,6816,0,1,1,Pedestrian
95,1292.0,0.0,1355.0,59.0,6817,0,1,1,Pedestrian
95,1292.0,0.0,1355.0,59.0,6818,0,1,1,Pedestrian
95,1292.0,0.0,1355.0,59.0,6819,0,1,1,Pedestrian
95,1292.0,0.0,1355.0,59.0,6820,0,1,1,Pedestrian
95,1292.0,0.0,1355.0,59.0,6821,0,1,1,Pedestrian
95,1292.0,0.0,1355.0,59.0,6822,0,1,1,Pedestrian
95,1292.0,0.0,1355.0,59.0,6823,0,1,1,Pedestrian
95,1292.0,0.0,1355.0,59.0,6824,0,1,1,Pedestrian
95,1292.0,0.0,1355.0,59.0,6825,0,1,1,Pedestrian
95,1292.0,0.0,1355.0,59.0,6826,0,1,1,Pedestrian
95,1292.0,0.0,1355.0,59.0,6827,0,1,1,Pedestrian
95,1292.0,0.0,1355.0,59.0,6828,0,1,1,Pedestrian
95,1292.0,0.0,1355.0,59.0,6829,0,1,1,Pedestrian
95,1292.0,0.0,1355.0,59.0,6830,0,1,1,Pedestrian
95,1292.0,0.0,1355.0,59.0,6831,0,1,1,Pedestrian
95,1292.0,0.0,1355.0,59.0,6832,0,1,1,Pedestrian
95,1292.0,0.0,1355.0,59.0,6833,0,1,1,Pedestrian
95,1295.0,0.0,1355.0,59.0,6834,0,1,1,Pedestrian
95,1295.0,0.0,1355.0,59.0,6835,0,1,1,Pedestrian
95,1295.0,0.0,1355.0,59.0,6836,0,1,1,Pedestrian
95,1295.0,0.0,1355.0,59.0,6837,0,1,1,Pedestrian
95,1295.0,0.0,1355.0,59.0,6838,0,1,1,Pedestrian
95,1295.0,0.0,1355.0,59.0,6839,0,1,1,Pedestrian
95,1295.0,0.0,1355.0,59.0,6840,0,1,1,Pedestrian
95,1295.0,0.0,1355.0,59.0,6841,0,1,1,Pedestrian
95,1295.0,0.0,1355.0,59.0,6842,0,1,1,Pedestrian
95,1295.0,0.0,1355.0,59.0,6843,0,1,1,Pedestrian
95,1295.0,0.0,1355.0,59.0,6844,0,1,1,Pedestrian
95,1295.0,0.0,1355.0,59.0,6845,0,1,1,Pedestrian
95,1295.0,0.0,1355.0,59.0,6846,0,1,1,Pedestrian
95,1295.0,0.0,1355.0,59.0,6847,0,1,1,Pedestrian
95,1295.0,0.0,1355.0,59.0,6848,0,1,1,Pedestrian
95,1295.0,0.0,1355.0,59.0,6849,0,1,1,Pedestrian
95,1295.0,0.0,1355.0,59.0,6850,0,1,1,Pedestrian
95,1295.0,0.0,1355.0,59.0,6851,0,1,1,Pedestrian
95,1295.0,0.0,1355.0,59.0,6852,0,1,1,Pedestrian
95,1295.0,0.0,1355.0,59.0,6853,0,1,1,Pedestrian
95,1295.0,0.0,1355.0,59.0,6854,0,1,1,Pedestrian
95,1295.0,0.0,1355.0,59.0,6855,0,1,1,Pedestrian
95,1295.0,0.0,1355.0,59.0,6856,0,1,1,Pedestrian
95,1295.0,0.0,1355.0,59.0,6857,0,1,1,Pedestrian
95,1295.0,0.0,1355.0,59.0,6858,0,1,1,Pedestrian
95,1295.0,0.0,1355.0,59.0,6859,0,1,1,Pedestrian
95,1295.0,0.0,1355.0,59.0,6860,0,1,1,Pedestrian
95,1295.0,0.0,1355.0,59.0,6861,0,1,1,Pedestrian
95,1295.0,0.0,1355.0,59.0,6862,0,1,1,Pedestrian
95,1295.0,0.0,1355.0,59.0,6863,0,1,1,Pedestrian
95,1295.0,0.0,1355.0,59.0,6864,0,1,1,Pedestrian
95,1295.0,0.0,1355.0,59.0,6865,0,1,1,Pedestrian
95,1295.0,0.0,1355.0,59.0,6866,0,1,1,Pedestrian
95,1295.0,0.0,1355.0,59.0,6867,0,1,1,Pedestrian
95,1295.0,0.0,1355.0,59.0,6868,0,1,1,Pedestrian
95,1295.0,0.0,1355.0,59.0,6869,0,1,1,Pedestrian
95,1295.0,0.0,1355.0,59.0,6870,0,1,1,Pedestrian
95,1295.0,0.0,1355.0,59.0,6871,0,1,1,Pedestrian
95,1295.0,0.0,1355.0,59.0,6872,0,1,1,Pedestrian
95,1295.0,0.0,1355.0,59.0,6873,0,1,1,Pedestrian
95,1295.0,0.0,1355.0,59.0,6874,0,1,1,Pedestrian
95,1295.0,0.0,1355.0,59.0,6875,0,1,1,Pedestrian
95,1295.0,0.0,1355.0,59.0,6876,0,1,1,Pedestrian
95,1295.0,0.0,1355.0,59.0,6877,0,1,1,Pedestrian
95,1295.0,0.0,1355.0,59.0,6878,0,1,1,Pedestrian
95,1295.0,0.0,1355.0,59.0,6879,0,1,1,Pedestrian
95,1295.0,0.0,1355.0,59.0,6880,0,1,1,Pedestrian
95,1295.0,0.0,1355.0,59.0,6881,0,1,1,Pedestrian
95,1295.0,0.0,1355.0,59.0,6882,0,1,1,Pedestrian
95,1295.0,0.0,1355.0,59.0,6883,0,1,1,Pedestrian
95,1295.0,0.0,1355.0,59.0,6884,0,1,1,Pedestrian
95,1295.0,0.0,1355.0,59.0,6885,0,1,1,Pedestrian
95,1295.0,0.0,1355.0,59.0,6886,0,1,1,Pedestrian
95,1295.0,0.0,1355.0,59.0,6887,0,1,1,Pedestrian
95,1295.0,0.0,1355.0,59.0,6888,0,1,1,Pedestrian
95,1295.0,0.0,1355.0,59.0,6889,0,1,1,Pedestrian
95,1295.0,0.0,1355.0,59.0,6890,0,1,1,Pedestrian
95,1295.0,0.0,1355.0,59.0,6891,0,1,1,Pedestrian
95,1295.0,0.0,1355.0,59.0,6892,0,1,1,Pedestrian
95,1295.0,0.0,1355.0,59.0,6893,0,1,1,Pedestrian
95,1295.0,0.0,1355.0,59.0,6894,0,1,1,Pedestrian
95,1295.0,0.0,1355.0,59.0,6895,0,1,1,Pedestrian
95,1295.0,0.0,1355.0,59.0,6896,0,1,1,Pedestrian
95,1295.0,0.0,1355.0,59.0,6897,0,1,1,Pedestrian
95,1295.0,0.0,1355.0,59.0,6898,0,1,1,Pedestrian
95,1295.0,0.0,1355.0,59.0,6899,0,1,1,Pedestrian
95,1295.0,0.0,1355.0,59.0,6900,0,1,1,Pedestrian
95,1295.0,0.0,1355.0,59.0,6901,0,1,1,Pedestrian
95,1295.0,0.0,1355.0,59.0,6902,0,1,1,Pedestrian
95,1295.0,0.0,1355.0,59.0,6903,0,1,1,Pedestrian
95,1295.0,0.0,1355.0,59.0,6904,0,1,1,Pedestrian
95,1295.0,0.0,1355.0,59.0,6905,0,1,1,Pedestrian
95,1295.0,0.0,1355.0,59.0,6906,0,1,1,Pedestrian
95,1295.0,0.0,1355.0,59.0,6907,0,1,1,Pedestrian
95,1295.0,0.0,1355.0,59.0,6908,0,1,1,Pedestrian
95,1295.0,0.0,1355.0,59.0,6909,0,1,1,Pedestrian
95,1295.0,0.0,1355.0,59.0,6910,0,1,1,Pedestrian
95,1295.0,0.0,1355.0,59.0,6911,0,1,1,Pedestrian
95,1295.0,0.0,1355.0,59.0,6912,0,1,1,Pedestrian
95,1295.0,0.0,1355.0,59.0,6913,0,1,1,Pedestrian
95,1295.0,0.0,1355.0,59.0,6914,0,1,1,Pedestrian
95,1295.0,0.0,1355.0,59.0,6915,0,1,1,Pedestrian
95,1295.0,0.0,1355.0,59.0,6916,0,1,1,Pedestrian
95,1298.0,0.0,1355.0,59.0,6917,0,1,1,Pedestrian
95,1298.0,0.0,1355.0,59.0,6918,0,1,1,Pedestrian
95,1298.0,0.0,1355.0,59.0,6919,0,1,1,Pedestrian
95,1298.0,0.0,1355.0,59.0,6920,0,1,1,Pedestrian
95,1298.0,0.0,1355.0,59.0,6921,0,1,1,Pedestrian
95,1298.0,0.0,1355.0,59.0,6922,0,1,1,Pedestrian
95,1298.0,0.0,1355.0,59.0,6923,0,1,1,Pedestrian
95,1298.0,0.0,1355.0,59.0,6924,0,1,1,Pedestrian
95,1298.0,0.0,1355.0,59.0,6925,0,1,1,Pedestrian
95,1298.0,0.0,1355.0,59.0,6926,0,1,1,Pedestrian
95,1298.0,0.0,1355.0,59.0,6927,0,1,1,Pedestrian
95,1298.0,0.0,1355.0,59.0,6928,0,1,1,Pedestrian
95,1298.0,0.0,1355.0,59.0,6929,0,1,1,Pedestrian
95,1298.0,0.0,1355.0,59.0,6930,0,1,1,Pedestrian
95,1298.0,0.0,1355.0,59.0,6931,0,1,1,Pedestrian
95,1298.0,0.0,1355.0,59.0,6932,0,1,1,Pedestrian
95,1298.0,0.0,1355.0,59.0,6933,0,1,1,Pedestrian
95,1298.0,0.0,1355.0,59.0,6934,0,1,1,Pedestrian
95,1298.0,0.0,1355.0,59.0,6935,0,1,1,Pedestrian
95,1298.0,0.0,1355.0,59.0,6936,0,1,1,Pedestrian
95,1298.0,0.0,1355.0,59.0,6937,0,1,1,Pedestrian
95,1298.0,0.0,1355.0,59.0,6938,0,1,1,Pedestrian
95,1298.0,0.0,1355.0,59.0,6939,0,1,1,Pedestrian
95,1298.0,0.0,1355.0,59.0,6940,0,1,1,Pedestrian
95,1298.0,0.0,1355.0,59.0,6941,0,1,1,Pedestrian
95,1298.0,0.0,1355.0,59.0,6942,0,1,1,Pedestrian
95,1298.0,0.0,1355.0,59.0,6943,0,1,1,Pedestrian
95,1298.0,0.0,1355.0,59.0,6944,0,1,1,Pedestrian
95,1298.0,0.0,1355.0,59.0,6945,0,1,1,Pedestrian
95,1298.0,0.0,1355.0,59.0,6946,0,1,1,Pedestrian
95,1298.0,0.0,1355.0,59.0,6947,0,1,1,Pedestrian
95,1298.0,0.0,1355.0,59.0,6948,0,1,1,Pedestrian
95,1298.0,0.0,1355.0,59.0,6949,0,1,1,Pedestrian
95,1298.0,0.0,1355.0,59.0,6950,0,1,1,Pedestrian
95,1298.0,0.0,1355.0,59.0,6951,0,1,1,Pedestrian
95,1298.0,0.0,1355.0,59.0,6952,0,1,1,Pedestrian
95,1298.0,0.0,1355.0,59.0,6953,0,1,1,Pedestrian
95,1298.0,0.0,1355.0,59.0,6954,0,1,1,Pedestrian
95,1298.0,0.0,1355.0,59.0,6955,0,1,1,Pedestrian
95,1298.0,0.0,1355.0,59.0,6956,0,1,1,Pedestrian
95,1298.0,0.0,1355.0,59.0,6957,0,1,1,Pedestrian
95,1298.0,0.0,1355.0,59.0,6958,0,1,1,Pedestrian
95,1298.0,0.0,1355.0,59.0,6959,0,1,1,Pedestrian
95,1298.0,0.0,1355.0,59.0,6960,0,1,1,Pedestrian
95,1298.0,0.0,1355.0,59.0,6961,0,1,1,Pedestrian
95,1298.0,0.0,1355.0,59.0,6962,0,1,1,Pedestrian
95,1298.0,0.0,1355.0,59.0,6963,0,1,1,Pedestrian
95,1298.0,0.0,1355.0,59.0,6964,0,1,1,Pedestrian
95,1298.0,0.0,1355.0,59.0,6965,0,1,1,Pedestrian
95,1298.0,0.0,1355.0,59.0,6966,0,1,1,Pedestrian
95,1298.0,0.0,1355.0,59.0,6967,0,1,1,Pedestrian
95,1298.0,0.0,1355.0,59.0,6968,0,1,1,Pedestrian
95,1298.0,0.0,1355.0,59.0,6969,0,1,1,Pedestrian
95,1298.0,0.0,1355.0,59.0,6970,0,1,1,Pedestrian
95,1298.0,0.0,1355.0,59.0,6971,0,1,1,Pedestrian
95,1298.0,0.0,1355.0,59.0,6972,0,1,1,Pedestrian
95,1298.0,0.0,1355.0,59.0,6973,0,1,1,Pedestrian
95,1298.0,0.0,1355.0,59.0,6974,0,1,1,Pedestrian
95,1298.0,0.0,1355.0,59.0,6975,0,1,1,Pedestrian
95,1298.0,0.0,1355.0,59.0,6976,0,1,1,Pedestrian
95,1298.0,0.0,1355.0,59.0,6977,0,1,1,Pedestrian
95,1298.0,0.0,1355.0,59.0,6978,0,1,1,Pedestrian
95,1298.0,0.0,1355.0,59.0,6979,0,1,1,Pedestrian
95,1298.0,0.0,1355.0,59.0,6980,0,1,1,Pedestrian
95,1298.0,0.0,1355.0,59.0,6981,0,1,1,Pedestrian
95,1298.0,0.0,1355.0,59.0,6982,0,1,1,Pedestrian
95,1298.0,0.0,1355.0,59.0,6983,0,1,1,Pedestrian
95,1298.0,0.0,1355.0,59.0,6984,0,1,1,Pedestrian
95,1298.0,0.0,1355.0,59.0,6985,0,1,1,Pedestrian
95,1298.0,0.0,1355.0,59.0,6986,0,1,1,Pedestrian
95,1298.0,0.0,1355.0,59.0,6987,0,1,1,Pedestrian
95,1298.0,0.0,1355.0,59.0,6988,0,1,1,Pedestrian
95,1298.0,0.0,1355.0,59.0,6989,0,1,1,Pedestrian
95,1298.0,0.0,1355.0,59.0,6990,0,1,1,Pedestrian
95,1298.0,0.0,1355.0,59.0,6991,0,1,1,Pedestrian
95,1298.0,0.0,1355.0,59.0,6992,0,1,1,Pedestrian
95,1298.0,0.0,1355.0,59.0,6993,0,1,1,Pedestrian
95,1298.0,0.0,1355.0,59.0,6994,0,1,1,Pedestrian
95,1298.0,0.0,1355.0,59.0,6995,0,1,1,Pedestrian
95,1298.0,0.0,1355.0,59.0,6996,0,1,1,Pedestrian
95,1298.0,0.0,1355.0,59.0,6997,0,1,1,Pedestrian
95,1298.0,0.0,1355.0,59.0,6998,0,1,1,Pedestrian
95,1298.0,0.0,1355.0,59.0,6999,0,1,1,Pedestrian
95,1300.0,0.0,1355.0,59.0,7000,0,1,0,Pedestrian
95,1298.0,0.0,1355.0,56.0,7001,0,1,1,Pedestrian
95,1298.0,0.0,1355.0,56.0,7002,0,1,1,Pedestrian
95,1298.0,0.0,1355.0,56.0,7003,0,1,1,Pedestrian
95,1298.0,0.0,1355.0,56.0,7004,0,1,1,Pedestrian
95,1298.0,0.0,1355.0,56.0,7005,0,1,1,Pedestrian
95,1298.0,0.0,1355.0,56.0,7006,0,1,1,Pedestrian
95,1298.0,0.0,1355.0,56.0,7007,0,1,1,Pedestrian
95,1298.0,0.0,1355.0,56.0,7008,0,1,1,Pedestrian
95,1298.0,0.0,1355.0,56.0,7009,0,1,1,Pedestrian
95,1298.0,0.0,1355.0,56.0,7010,0,1,1,Pedestrian
95,1298.0,0.0,1355.0,56.0,7011,0,1,1,Pedestrian
95,1298.0,0.0,1355.0,56.0,7012,0,1,1,Pedestrian
95,1298.0,0.0,1355.0,56.0,7013,0,1,1,Pedestrian
95,1298.0,0.0,1355.0,56.0,7014,0,1,1,Pedestrian
95,1298.0,0.0,1355.0,56.0,7015,0,1,1,Pedestrian
95,1298.0,0.0,1355.0,56.0,7016,0,1,1,Pedestrian
95,1298.0,0.0,1355.0,56.0,7017,0,1,1,Pedestrian
95,1298.0,0.0,1355.0,56.0,7018,0,1,1,Pedestrian
95,1298.0,0.0,1355.0,56.0,7019,0,1,1,Pedestrian
95,1298.0,0.0,1355.0,56.0,7020,0,1,1,Pedestrian
95,1298.0,0.0,1355.0,56.0,7021,0,1,1,Pedestrian
95,1298.0,0.0,1355.0,56.0,7022,0,1,1,Pedestrian
95,1298.0,0.0,1355.0,56.0,7023,0,1,1,Pedestrian
95,1298.0,0.0,1355.0,56.0,7024,0,1,1,Pedestrian
95,1298.0,0.0,1355.0,56.0,7025,0,1,1,Pedestrian
95,1298.0,0.0,1355.0,56.0,7026,0,1,1,Pedestrian
95,1298.0,0.0,1355.0,56.0,7027,0,1,1,Pedestrian
95,1298.0,0.0,1355.0,56.0,7028,0,1,1,Pedestrian
95,1298.0,0.0,1355.0,56.0,7029,0,1,1,Pedestrian
95,1298.0,0.0,1355.0,56.0,7030,0,1,1,Pedestrian
95,1298.0,0.0,1355.0,56.0,7031,0,1,1,Pedestrian
95,1298.0,0.0,1355.0,56.0,7032,0,1,1,Pedestrian
95,1298.0,0.0,1355.0,56.0,7033,0,1,1,Pedestrian
95,1298.0,0.0,1355.0,54.0,7034,0,1,1,Pedestrian
95,1298.0,0.0,1355.0,54.0,7035,0,1,1,Pedestrian
95,1298.0,0.0,1355.0,54.0,7036,0,1,1,Pedestrian
95,1298.0,0.0,1355.0,54.0,7037,0,1,1,Pedestrian
95,1298.0,0.0,1355.0,54.0,7038,0,1,1,Pedestrian
95,1298.0,0.0,1355.0,54.0,7039,0,1,1,Pedestrian
95,1298.0,0.0,1355.0,54.0,7040,0,1,1,Pedestrian
95,1298.0,0.0,1355.0,54.0,7041,0,1,1,Pedestrian
95,1298.0,0.0,1355.0,54.0,7042,0,1,1,Pedestrian
95,1298.0,0.0,1355.0,54.0,7043,0,1,1,Pedestrian
95,1298.0,0.0,1355.0,54.0,7044,0,1,1,Pedestrian
95,1298.0,0.0,1355.0,54.0,7045,0,1,1,Pedestrian
95,1298.0,0.0,1355.0,54.0,7046,0,1,1,Pedestrian
95,1298.0,0.0,1355.0,54.0,7047,0,1,1,Pedestrian
95,1298.0,0.0,1355.0,54.0,7048,0,1,1,Pedestrian
95,1298.0,0.0,1355.0,54.0,7049,0,1,1,Pedestrian
95,1298.0,0.0,1355.0,54.0,7050,0,1,1,Pedestrian
95,1298.0,0.0,1355.0,54.0,7051,0,1,1,Pedestrian
95,1298.0,0.0,1355.0,54.0,7052,0,1,1,Pedestrian
95,1298.0,0.0,1355.0,54.0,7053,0,1,1,Pedestrian
95,1298.0,0.0,1355.0,54.0,7054,0,1,1,Pedestrian
95,1298.0,0.0,1355.0,54.0,7055,0,1,1,Pedestrian
95,1298.0,0.0,1355.0,54.0,7056,0,1,1,Pedestrian
95,1298.0,0.0,1355.0,54.0,7057,0,1,1,Pedestrian
95,1298.0,0.0,1355.0,54.0,7058,0,1,1,Pedestrian
95,1298.0,0.0,1355.0,54.0,7059,0,1,1,Pedestrian
95,1298.0,0.0,1355.0,54.0,7060,0,1,1,Pedestrian
95,1298.0,0.0,1355.0,54.0,7061,0,1,1,Pedestrian
95,1298.0,0.0,1355.0,54.0,7062,0,1,1,Pedestrian
95,1298.0,0.0,1355.0,54.0,7063,0,1,1,Pedestrian
95,1298.0,0.0,1355.0,54.0,7064,0,1,1,Pedestrian
95,1298.0,0.0,1355.0,54.0,7065,0,1,1,Pedestrian
95,1298.0,0.0,1355.0,54.0,7066,0,1,1,Pedestrian
95,1298.0,0.0,1355.0,52.0,7067,0,1,1,Pedestrian
95,1298.0,0.0,1355.0,52.0,7068,0,1,1,Pedestrian
95,1298.0,0.0,1355.0,52.0,7069,0,1,1,Pedestrian
95,1298.0,0.0,1355.0,52.0,7070,0,1,1,Pedestrian
95,1298.0,0.0,1355.0,52.0,7071,0,1,1,Pedestrian
95,1298.0,0.0,1355.0,52.0,7072,0,1,1,Pedestrian
95,1298.0,0.0,1355.0,52.0,7073,0,1,1,Pedestrian
95,1298.0,0.0,1355.0,52.0,7074,0,1,1,Pedestrian
95,1298.0,0.0,1355.0,52.0,7075,0,1,1,Pedestrian
95,1298.0,0.0,1355.0,52.0,7076,0,1,1,Pedestrian
95,1298.0,0.0,1355.0,52.0,7077,0,1,1,Pedestrian
95,1298.0,0.0,1355.0,52.0,7078,0,1,1,Pedestrian
95,1298.0,0.0,1355.0,52.0,7079,0,1,1,Pedestrian
95,1298.0,0.0,1355.0,52.0,7080,0,1,1,Pedestrian
95,1298.0,0.0,1355.0,52.0,7081,0,1,1,Pedestrian
95,1298.0,0.0,1355.0,52.0,7082,0,1,1,Pedestrian
95,1298.0,0.0,1355.0,52.0,7083,0,1,1,Pedestrian
95,1298.0,0.0,1355.0,52.0,7084,0,1,1,Pedestrian
95,1298.0,0.0,1355.0,52.0,7085,0,1,1,Pedestrian
95,1298.0,0.0,1355.0,52.0,7086,0,1,1,Pedestrian
95,1298.0,0.0,1355.0,52.0,7087,0,1,1,Pedestrian
95,1298.0,0.0,1355.0,52.0,7088,0,1,1,Pedestrian
95,1298.0,0.0,1355.0,52.0,7089,0,1,1,Pedestrian
95,1298.0,0.0,1355.0,52.0,7090,0,1,1,Pedestrian
95,1298.0,0.0,1355.0,52.0,7091,0,1,1,Pedestrian
95,1298.0,0.0,1355.0,52.0,7092,0,1,1,Pedestrian
95,1298.0,0.0,1355.0,52.0,7093,0,1,1,Pedestrian
95,1298.0,0.0,1355.0,52.0,7094,0,1,1,Pedestrian
95,1298.0,0.0,1355.0,52.0,7095,0,1,1,Pedestrian
95,1298.0,0.0,1355.0,52.0,7096,0,1,1,Pedestrian
95,1298.0,0.0,1355.0,52.0,7097,0,1,1,Pedestrian
95,1298.0,0.0,1355.0,52.0,7098,0,1,1,Pedestrian
95,1298.0,0.0,1355.0,52.0,7099,0,1,1,Pedestrian
95,1298.0,0.0,1355.0,52.0,7100,0,1,1,Pedestrian
95,1298.0,0.0,1355.0,50.0,7101,0,1,1,Pedestrian
95,1298.0,0.0,1355.0,50.0,7102,0,1,1,Pedestrian
95,1298.0,0.0,1355.0,50.0,7103,0,1,1,Pedestrian
95,1298.0,0.0,1355.0,50.0,7104,0,1,1,Pedestrian
95,1298.0,0.0,1355.0,50.0,7105,0,1,1,Pedestrian
95,1298.0,0.0,1355.0,50.0,7106,0,1,1,Pedestrian
95,1298.0,0.0,1355.0,50.0,7107,0,1,1,Pedestrian
95,1298.0,0.0,1355.0,50.0,7108,0,1,1,Pedestrian
95,1298.0,0.0,1355.0,50.0,7109,0,1,1,Pedestrian
95,1298.0,0.0,1355.0,50.0,7110,0,1,1,Pedestrian
95,1298.0,0.0,1355.0,50.0,7111,0,1,1,Pedestrian
95,1298.0,0.0,1355.0,50.0,7112,0,1,1,Pedestrian
95,1298.0,0.0,1355.0,50.0,7113,0,1,1,Pedestrian
95,1298.0,0.0,1355.0,50.0,7114,0,1,1,Pedestrian
95,1298.0,0.0,1355.0,50.0,7115,0,1,1,Pedestrian
95,1298.0,0.0,1355.0,50.0,7116,0,1,1,Pedestrian
95,1298.0,0.0,1355.0,50.0,7117,0,1,1,Pedestrian
95,1298.0,0.0,1355.0,50.0,7118,0,1,1,Pedestrian
95,1298.0,0.0,1355.0,50.0,7119,0,1,1,Pedestrian
95,1298.0,0.0,1355.0,50.0,7120,0,1,1,Pedestrian
95,1298.0,0.0,1355.0,50.0,7121,0,1,1,Pedestrian
95,1298.0,0.0,1355.0,50.0,7122,0,1,1,Pedestrian
95,1298.0,0.0,1355.0,50.0,7123,0,1,1,Pedestrian
95,1298.0,0.0,1355.0,50.0,7124,0,1,1,Pedestrian
95,1298.0,0.0,1355.0,50.0,7125,0,1,1,Pedestrian
95,1298.0,0.0,1355.0,50.0,7126,0,1,1,Pedestrian
95,1298.0,0.0,1355.0,50.0,7127,0,1,1,Pedestrian
95,1298.0,0.0,1355.0,50.0,7128,0,1,1,Pedestrian
95,1298.0,0.0,1355.0,50.0,7129,0,1,1,Pedestrian
95,1298.0,0.0,1355.0,50.0,7130,0,1,1,Pedestrian
95,1298.0,0.0,1355.0,50.0,7131,0,1,1,Pedestrian
95,1298.0,0.0,1355.0,50.0,7132,0,1,1,Pedestrian
95,1298.0,0.0,1355.0,50.0,7133,0,1,1,Pedestrian
95,1298.0,0.0,1355.0,47.0,7134,0,1,1,Pedestrian
95,1298.0,0.0,1355.0,47.0,7135,0,1,1,Pedestrian
95,1298.0,0.0,1355.0,47.0,7136,0,1,1,Pedestrian
95,1298.0,0.0,1355.0,47.0,7137,0,1,1,Pedestrian
95,1298.0,0.0,1355.0,47.0,7138,0,1,1,Pedestrian
95,1298.0,0.0,1355.0,47.0,7139,0,1,1,Pedestrian
95,1298.0,0.0,1355.0,47.0,7140,0,1,1,Pedestrian
95,1298.0,0.0,1355.0,47.0,7141,0,1,1,Pedestrian
95,1298.0,0.0,1355.0,47.0,7142,0,1,1,Pedestrian
95,1298.0,0.0,1355.0,47.0,7143,0,1,1,Pedestrian
95,1298.0,0.0,1355.0,47.0,7144,0,1,1,Pedestrian
95,1298.0,0.0,1355.0,47.0,7145,0,1,1,Pedestrian
95,1298.0,0.0,1355.0,47.0,7146,0,1,1,Pedestrian
95,1298.0,0.0,1355.0,47.0,7147,0,1,1,Pedestrian
95,1298.0,0.0,1355.0,47.0,7148,0,1,1,Pedestrian
95,1298.0,0.0,1355.0,47.0,7149,0,1,1,Pedestrian
95,1298.0,0.0,1355.0,47.0,7150,0,1,1,Pedestrian
95,1298.0,0.0,1355.0,47.0,7151,0,1,1,Pedestrian
95,1298.0,0.0,1355.0,47.0,7152,0,1,1,Pedestrian
95,1298.0,0.0,1355.0,47.0,7153,0,1,1,Pedestrian
95,1298.0,0.0,1355.0,47.0,7154,0,1,1,Pedestrian
95,1298.0,0.0,1355.0,47.0,7155,0,1,1,Pedestrian
95,1298.0,0.0,1355.0,47.0,7156,0,1,1,Pedestrian
95,1298.0,0.0,1355.0,47.0,7157,0,1,1,Pedestrian
95,1298.0,0.0,1355.0,47.0,7158,0,1,1,Pedestrian
95,1298.0,0.0,1355.0,47.0,7159,0,1,1,Pedestrian
95,1298.0,0.0,1355.0,47.0,7160,0,1,1,Pedestrian
95,1298.0,0.0,1355.0,47.0,7161,0,1,1,Pedestrian
95,1298.0,0.0,1355.0,47.0,7162,0,1,1,Pedestrian
95,1298.0,0.0,1355.0,47.0,7163,0,1,1,Pedestrian
95,1298.0,0.0,1355.0,47.0,7164,0,1,1,Pedestrian
95,1298.0,0.0,1355.0,47.0,7165,0,1,1,Pedestrian
95,1298.0,0.0,1355.0,47.0,7166,0,1,1,Pedestrian
95,1298.0,0.0,1355.0,45.0,7167,0,1,1,Pedestrian
95,1298.0,0.0,1355.0,45.0,7168,0,1,1,Pedestrian
95,1298.0,0.0,1355.0,45.0,7169,0,1,1,Pedestrian
95,1298.0,0.0,1355.0,45.0,7170,0,1,1,Pedestrian
95,1298.0,0.0,1355.0,45.0,7171,0,1,1,Pedestrian
95,1298.0,0.0,1355.0,45.0,7172,0,1,1,Pedestrian
95,1298.0,0.0,1355.0,45.0,7173,0,1,1,Pedestrian
95,1298.0,0.0,1355.0,45.0,7174,0,1,1,Pedestrian
95,1298.0,0.0,1355.0,45.0,7175,0,1,1,Pedestrian
95,1298.0,0.0,1355.0,45.0,7176,0,1,1,Pedestrian
95,1298.0,0.0,1355.0,45.0,7177,0,1,1,Pedestrian
95,1298.0,0.0,1355.0,45.0,7178,0,1,1,Pedestrian
95,1298.0,0.0,1355.0,45.0,7179,0,1,1,Pedestrian
95,1298.0,0.0,1355.0,45.0,7180,0,1,1,Pedestrian
95,1298.0,0.0,1355.0,45.0,7181,0,1,1,Pedestrian
95,1298.0,0.0,1355.0,45.0,7182,0,1,1,Pedestrian
95,1298.0,0.0,1355.0,45.0,7183,0,1,1,Pedestrian
95,1298.0,0.0,1355.0,45.0,7184,0,1,1,Pedestrian
95,1298.0,0.0,1355.0,45.0,7185,0,1,1,Pedestrian
95,1298.0,0.0,1355.0,45.0,7186,0,1,1,Pedestrian
95,1298.0,0.0,1355.0,45.0,7187,0,1,1,Pedestrian
95,1298.0,0.0,1355.0,45.0,7188,0,1,1,Pedestrian
95,1298.0,0.0,1355.0,45.0,7189,0,1,1,Pedestrian
95,1298.0,0.0,1355.0,45.0,7190,0,1,1,Pedestrian
95,1298.0,0.0,1355.0,45.0,7191,0,1,1,Pedestrian
95,1298.0,0.0,1355.0,45.0,7192,0,1,1,Pedestrian
95,1298.0,0.0,1355.0,45.0,7193,0,1,1,Pedestrian
95,1298.0,0.0,1355.0,45.0,7194,0,1,1,Pedestrian
95,1298.0,0.0,1355.0,45.0,7195,0,1,1,Pedestrian
95,1298.0,0.0,1355.0,45.0,7196,0,1,1,Pedestrian
95,1298.0,0.0,1355.0,45.0,7197,0,1,1,Pedestrian
95,1298.0,0.0,1355.0,45.0,7198,0,1,1,Pedestrian
95,1298.0,0.0,1355.0,45.0,7199,0,1,1,Pedestrian
95,1298.0,0.0,1355.0,45.0,7200,0,1,1,Pedestrian
95,1298.0,0.0,1355.0,43.0,7201,0,1,1,Pedestrian
95,1298.0,0.0,1355.0,43.0,7202,0,1,1,Pedestrian
95,1298.0,0.0,1355.0,43.0,7203,0,1,1,Pedestrian
95,1298.0,0.0,1355.0,43.0,7204,0,1,1,Pedestrian
95,1298.0,0.0,1355.0,43.0,7205,0,1,1,Pedestrian
95,1298.0,0.0,1355.0,43.0,7206,0,1,1,Pedestrian
95,1298.0,0.0,1355.0,43.0,7207,0,1,1,Pedestrian
95,1298.0,0.0,1355.0,43.0,7208,0,1,1,Pedestrian
95,1298.0,0.0,1355.0,43.0,7209,0,1,1,Pedestrian
95,1298.0,0.0,1355.0,43.0,7210,0,1,1,Pedestrian
95,1298.0,0.0,1355.0,43.0,7211,0,1,1,Pedestrian
95,1298.0,0.0,1355.0,43.0,7212,0,1,1,Pedestrian
95,1298.0,0.0,1355.0,43.0,7213,0,1,1,Pedestrian
95,1298.0,0.0,1355.0,43.0,7214,0,1,1,Pedestrian
95,1298.0,0.0,1355.0,43.0,7215,0,1,1,Pedestrian
95,1298.0,0.0,1355.0,43.0,7216,0,1,1,Pedestrian
95,1298.0,0.0,1355.0,43.0,7217,0,1,1,Pedestrian
95,1298.0,0.0,1355.0,43.0,7218,0,1,1,Pedestrian
95,1298.0,0.0,1355.0,43.0,7219,0,1,1,Pedestrian
95,1298.0,0.0,1355.0,43.0,7220,0,1,1,Pedestrian
95,1298.0,0.0,1355.0,43.0,7221,0,1,1,Pedestrian
95,1298.0,0.0,1355.0,43.0,7222,0,1,1,Pedestrian
95,1298.0,0.0,1355.0,43.0,7223,0,1,1,Pedestrian
95,1298.0,0.0,1355.0,43.0,7224,0,1,1,Pedestrian
95,1298.0,0.0,1355.0,43.0,7225,0,1,1,Pedestrian
95,1298.0,0.0,1355.0,43.0,7226,0,1,1,Pedestrian
95,1298.0,0.0,1355.0,43.0,7227,0,1,1,Pedestrian
95,1298.0,0.0,1355.0,43.0,7228,0,1,1,Pedestrian
95,1298.0,0.0,1355.0,43.0,7229,0,1,1,Pedestrian
95,1298.0,0.0,1355.0,43.0,7230,0,1,1,Pedestrian
95,1298.0,0.0,1355.0,43.0,7231,0,1,1,Pedestrian
95,1298.0,0.0,1355.0,43.0,7232,0,1,1,Pedestrian
95,1298.0,0.0,1355.0,43.0,7233,0,1,1,Pedestrian
95,1298.0,0.0,1355.0,40.0,7234,0,1,1,Pedestrian
95,1298.0,0.0,1355.0,40.0,7235,0,1,1,Pedestrian
95,1298.0,0.0,1355.0,40.0,7236,0,1,1,Pedestrian
95,1298.0,0.0,1355.0,40.0,7237,0,1,1,Pedestrian
95,1298.0,0.0,1355.0,40.0,7238,0,1,1,Pedestrian
95,1298.0,0.0,1355.0,40.0,7239,0,1,1,Pedestrian
95,1298.0,0.0,1355.0,40.0,7240,0,1,1,Pedestrian
95,1298.0,0.0,1355.0,40.0,7241,0,1,1,Pedestrian
95,1298.0,0.0,1355.0,40.0,7242,0,1,1,Pedestrian
95,1298.0,0.0,1355.0,40.0,7243,0,1,1,Pedestrian
95,1298.0,0.0,1355.0,40.0,7244,0,1,1,Pedestrian
95,1298.0,0.0,1355.0,40.0,7245,0,1,1,Pedestrian
95,1298.0,0.0,1355.0,40.0,7246,0,1,1,Pedestrian
95,1298.0,0.0,1355.0,40.0,7247,0,1,1,Pedestrian
95,1298.0,0.0,1355.0,40.0,7248,0,1,1,Pedestrian
95,1298.0,0.0,1355.0,40.0,7249,0,1,1,Pedestrian
95,1298.0,0.0,1355.0,40.0,7250,0,1,1,Pedestrian
95,1298.0,0.0,1355.0,40.0,7251,0,1,1,Pedestrian
95,1298.0,0.0,1355.0,40.0,7252,0,1,1,Pedestrian
95,1298.0,0.0,1355.0,40.0,7253,0,1,1,Pedestrian
95,1298.0,0.0,1355.0,40.0,7254,0,1,1,Pedestrian
95,1298.0,0.0,1355.0,40.0,7255,0,1,1,Pedestrian
95,1298.0,0.0,1355.0,40.0,7256,0,1,1,Pedestrian
95,1298.0,0.0,1355.0,40.0,7257,0,1,1,Pedestrian
95,1298.0,0.0,1355.0,40.0,7258,0,1,1,Pedestrian
95,1298.0,0.0,1355.0,40.0,7259,0,1,1,Pedestrian
95,1298.0,0.0,1355.0,40.0,7260,0,1,1,Pedestrian
95,1298.0,0.0,1355.0,40.0,7261,0,1,1,Pedestrian
95,1298.0,0.0,1355.0,40.0,7262,0,1,1,Pedestrian
95,1298.0,0.0,1355.0,40.0,7263,0,1,1,Pedestrian
95,1298.0,0.0,1355.0,40.0,7264,0,1,1,Pedestrian
95,1298.0,0.0,1355.0,40.0,7265,0,1,1,Pedestrian
95,1298.0,0.0,1355.0,40.0,7266,0,1,1,Pedestrian
95,1298.0,0.0,1355.0,38.0,7267,0,1,1,Pedestrian
95,1298.0,0.0,1355.0,38.0,7268,0,1,1,Pedestrian
95,1298.0,0.0,1355.0,38.0,7269,0,1,1,Pedestrian
95,1298.0,0.0,1355.0,38.0,7270,0,1,1,Pedestrian
95,1298.0,0.0,1355.0,38.0,7271,0,1,1,Pedestrian
95,1298.0,0.0,1355.0,38.0,7272,0,1,1,Pedestrian
95,1298.0,0.0,1355.0,38.0,7273,0,1,1,Pedestrian
95,1298.0,0.0,1355.0,38.0,7274,0,1,1,Pedestrian
95,1298.0,0.0,1355.0,38.0,7275,0,1,1,Pedestrian
95,1298.0,0.0,1355.0,38.0,7276,0,1,1,Pedestrian
95,1298.0,0.0,1355.0,38.0,7277,0,1,1,Pedestrian
95,1298.0,0.0,1355.0,38.0,7278,0,1,1,Pedestrian
95,1298.0,0.0,1355.0,38.0,7279,0,1,1,Pedestrian
95,1298.0,0.0,1355.0,38.0,7280,0,1,1,Pedestrian
95,1298.0,0.0,1355.0,38.0,7281,0,1,1,Pedestrian
95,1298.0,0.0,1355.0,38.0,7282,0,1,1,Pedestrian
95,1298.0,0.0,1355.0,38.0,7283,0,1,1,Pedestrian
95,1298.0,0.0,1355.0,38.0,7284,0,1,1,Pedestrian
95,1298.0,0.0,1355.0,38.0,7285,0,1,1,Pedestrian
95,1298.0,0.0,1355.0,38.0,7286,0,1,1,Pedestrian
95,1298.0,0.0,1355.0,38.0,7287,0,1,1,Pedestrian
95,1298.0,0.0,1355.0,38.0,7288,0,1,1,Pedestrian
95,1298.0,0.0,1355.0,38.0,7289,0,1,1,Pedestrian
95,1298.0,0.0,1355.0,38.0,7290,0,1,1,Pedestrian
95,1298.0,0.0,1355.0,38.0,7291,0,1,1,Pedestrian
95,1298.0,0.0,1355.0,38.0,7292,0,1,1,Pedestrian
95,1298.0,0.0,1355.0,38.0,7293,0,1,1,Pedestrian
95,1298.0,0.0,1355.0,38.0,7294,0,1,1,Pedestrian
95,1298.0,0.0,1355.0,38.0,7295,0,1,1,Pedestrian
95,1298.0,0.0,1355.0,38.0,7296,0,1,1,Pedestrian
95,1298.0,0.0,1355.0,38.0,7297,0,1,1,Pedestrian
95,1298.0,0.0,1355.0,38.0,7298,0,1,1,Pedestrian
95,1298.0,0.0,1355.0,38.0,7299,0,1,1,Pedestrian
95,1298.0,0.0,1355.0,38.0,7300,0,1,1,Pedestrian
95,1298.0,0.0,1355.0,36.0,7301,0,1,1,Pedestrian
95,1298.0,0.0,1355.0,36.0,7302,0,1,1,Pedestrian
95,1298.0,0.0,1355.0,36.0,7303,0,1,1,Pedestrian
95,1298.0,0.0,1355.0,36.0,7304,0,1,1,Pedestrian
95,1298.0,0.0,1355.0,36.0,7305,0,1,1,Pedestrian
95,1298.0,0.0,1355.0,36.0,7306,0,1,1,Pedestrian
95,1298.0,0.0,1355.0,36.0,7307,0,1,1,Pedestrian
95,1298.0,0.0,1355.0,36.0,7308,0,1,1,Pedestrian
95,1298.0,0.0,1355.0,36.0,7309,0,1,1,Pedestrian
95,1298.0,0.0,1355.0,36.0,7310,0,1,1,Pedestrian
95,1298.0,0.0,1355.0,36.0,7311,0,1,1,Pedestrian
95,1298.0,0.0,1355.0,36.0,7312,0,1,1,Pedestrian
95,1298.0,0.0,1355.0,36.0,7313,0,1,1,Pedestrian
95,1298.0,0.0,1355.0,36.0,7314,0,1,1,Pedestrian
95,1298.0,0.0,1355.0,36.0,7315,0,1,1,Pedestrian
95,1298.0,0.0,1355.0,36.0,7316,0,1,1,Pedestrian
95,1298.0,0.0,1355.0,36.0,7317,0,1,1,Pedestrian
95,1298.0,0.0,1355.0,36.0,7318,0,1,1,Pedestrian
95,1298.0,0.0,1355.0,36.0,7319,0,1,1,Pedestrian
95,1298.0,0.0,1355.0,36.0,7320,0,1,1,Pedestrian
95,1298.0,0.0,1355.0,36.0,7321,0,1,1,Pedestrian
95,1298.0,0.0,1355.0,36.0,7322,0,1,1,Pedestrian
95,1298.0,0.0,1355.0,36.0,7323,0,1,1,Pedestrian
95,1298.0,0.0,1355.0,36.0,7324,0,1,1,Pedestrian
95,1298.0,0.0,1355.0,36.0,7325,0,1,1,Pedestrian
95,1298.0,0.0,1355.0,36.0,7326,0,1,1,Pedestrian
95,1298.0,0.0,1355.0,36.0,7327,0,1,1,Pedestrian
95,1298.0,0.0,1355.0,36.0,7328,0,1,1,Pedestrian
95,1298.0,0.0,1355.0,36.0,7329,0,1,1,Pedestrian
95,1298.0,0.0,1355.0,36.0,7330,0,1,1,Pedestrian
95,1298.0,0.0,1355.0,36.0,7331,0,1,1,Pedestrian
95,1298.0,0.0,1355.0,36.0,7332,0,1,1,Pedestrian
95,1298.0,0.0,1355.0,36.0,7333,0,1,1,Pedestrian
95,1298.0,0.0,1355.0,34.0,7334,0,1,1,Pedestrian
95,1298.0,0.0,1355.0,34.0,7335,0,1,1,Pedestrian
95,1298.0,0.0,1355.0,34.0,7336,0,1,1,Pedestrian
95,1298.0,0.0,1355.0,34.0,7337,0,1,1,Pedestrian
95,1298.0,0.0,1355.0,34.0,7338,0,1,1,Pedestrian
95,1298.0,0.0,1355.0,34.0,7339,0,1,1,Pedestrian
95,1298.0,0.0,1355.0,34.0,7340,0,1,1,Pedestrian
95,1298.0,0.0,1355.0,34.0,7341,0,1,1,Pedestrian
95,1298.0,0.0,1355.0,34.0,7342,0,1,1,Pedestrian
95,1298.0,0.0,1355.0,34.0,7343,0,1,1,Pedestrian
95,1298.0,0.0,1355.0,34.0,7344,0,1,1,Pedestrian
95,1298.0,0.0,1355.0,34.0,7345,0,1,1,Pedestrian
95,1298.0,0.0,1355.0,34.0,7346,0,1,1,Pedestrian
95,1298.0,0.0,1355.0,34.0,7347,0,1,1,Pedestrian
95,1298.0,0.0,1355.0,34.0,7348,0,1,1,Pedestrian
95,1298.0,0.0,1355.0,34.0,7349,0,1,1,Pedestrian
95,1298.0,0.0,1355.0,34.0,7350,0,1,1,Pedestrian
95,1298.0,0.0,1355.0,34.0,7351,0,1,1,Pedestrian
95,1298.0,0.0,1355.0,34.0,7352,0,1,1,Pedestrian
95,1298.0,0.0,1355.0,34.0,7353,0,1,1,Pedestrian
95,1298.0,0.0,1355.0,34.0,7354,0,1,1,Pedestrian
95,1298.0,0.0,1355.0,34.0,7355,0,1,1,Pedestrian
95,1298.0,0.0,1355.0,34.0,7356,0,1,1,Pedestrian
95,1298.0,0.0,1355.0,34.0,7357,0,1,1,Pedestrian
95,1298.0,0.0,1355.0,34.0,7358,0,1,1,Pedestrian
95,1298.0,0.0,1355.0,34.0,7359,0,1,1,Pedestrian
95,1298.0,0.0,1355.0,34.0,7360,0,1,1,Pedestrian
95,1298.0,0.0,1355.0,34.0,7361,0,1,1,Pedestrian
95,1298.0,0.0,1355.0,34.0,7362,0,1,1,Pedestrian
95,1298.0,0.0,1355.0,34.0,7363,0,1,1,Pedestrian
95,1298.0,0.0,1355.0,34.0,7364,0,1,1,Pedestrian
95,1298.0,0.0,1355.0,34.0,7365,0,1,1,Pedestrian
95,1298.0,0.0,1355.0,34.0,7366,0,1,1,Pedestrian
95,1298.0,0.0,1355.0,31.0,7367,0,1,1,Pedestrian
95,1298.0,0.0,1355.0,31.0,7368,0,1,1,Pedestrian
95,1298.0,0.0,1355.0,31.0,7369,0,1,1,Pedestrian
95,1298.0,0.0,1355.0,31.0,7370,0,1,1,Pedestrian
95,1298.0,0.0,1355.0,31.0,7371,0,1,1,Pedestrian
95,1298.0,0.0,1355.0,31.0,7372,0,1,1,Pedestrian
95,1298.0,0.0,1355.0,31.0,7373,0,1,1,Pedestrian
95,1298.0,0.0,1355.0,31.0,7374,0,1,1,Pedestrian
95,1298.0,0.0,1355.0,31.0,7375,0,1,1,Pedestrian
95,1298.0,0.0,1355.0,31.0,7376,0,1,1,Pedestrian
95,1298.0,0.0,1355.0,31.0,7377,0,1,1,Pedestrian
95,1298.0,0.0,1355.0,31.0,7378,0,1,1,Pedestrian
95,1298.0,0.0,1355.0,31.0,7379,0,1,1,Pedestrian
95,1298.0,0.0,1355.0,31.0,7380,0,1,1,Pedestrian
95,1298.0,0.0,1355.0,31.0,7381,0,1,1,Pedestrian
95,1298.0,0.0,1355.0,31.0,7382,0,1,1,Pedestrian
95,1298.0,0.0,1355.0,31.0,7383,0,1,1,Pedestrian
95,1298.0,0.0,1355.0,31.0,7384,0,1,1,Pedestrian
95,1298.0,0.0,1355.0,31.0,7385,0,1,1,Pedestrian
95,1298.0,0.0,1355.0,31.0,7386,0,1,1,Pedestrian
95,1298.0,0.0,1355.0,31.0,7387,0,1,1,Pedestrian
95,1298.0,0.0,1355.0,31.0,7388,0,1,1,Pedestrian
95,1298.0,0.0,1355.0,31.0,7389,0,1,1,Pedestrian
95,1298.0,0.0,1355.0,31.0,7390,0,1,1,Pedestrian
95,1298.0,0.0,1355.0,31.0,7391,0,1,1,Pedestrian
95,1298.0,0.0,1355.0,31.0,7392,0,1,1,Pedestrian
95,1298.0,0.0,1355.0,31.0,7393,0,1,1,Pedestrian
95,1298.0,0.0,1355.0,31.0,7394,0,1,1,Pedestrian
95,1298.0,0.0,1355.0,31.0,7395,0,1,1,Pedestrian
95,1298.0,0.0,1355.0,31.0,7396,0,1,1,Pedestrian
95,1298.0,0.0,1355.0,31.0,7397,0,1,1,Pedestrian
95,1298.0,0.0,1355.0,31.0,7398,0,1,1,Pedestrian
95,1298.0,0.0,1355.0,31.0,7399,0,1,1,Pedestrian
95,1298.0,0.0,1355.0,31.0,7400,0,1,1,Pedestrian
95,1298.0,0.0,1355.0,29.0,7401,0,1,1,Pedestrian
95,1298.0,0.0,1355.0,29.0,7402,0,1,1,Pedestrian
95,1298.0,0.0,1355.0,29.0,7403,0,1,1,Pedestrian
95,1298.0,0.0,1355.0,29.0,7404,0,1,1,Pedestrian
95,1298.0,0.0,1355.0,29.0,7405,0,1,1,Pedestrian
95,1298.0,0.0,1355.0,29.0,7406,0,1,1,Pedestrian
95,1298.0,0.0,1355.0,29.0,7407,0,1,1,Pedestrian
95,1298.0,0.0,1355.0,29.0,7408,0,1,1,Pedestrian
95,1298.0,0.0,1355.0,29.0,7409,0,1,1,Pedestrian
95,1298.0,0.0,1355.0,29.0,7410,0,1,1,Pedestrian
95,1298.0,0.0,1355.0,29.0,7411,0,1,1,Pedestrian
95,1298.0,0.0,1355.0,29.0,7412,0,1,1,Pedestrian
95,1298.0,0.0,1355.0,29.0,7413,0,1,1,Pedestrian
95,1298.0,0.0,1355.0,29.0,7414,0,1,1,Pedestrian
95,1298.0,0.0,1355.0,29.0,7415,0,1,1,Pedestrian
95,1298.0,0.0,1355.0,29.0,7416,0,1,1,Pedestrian
95,1298.0,0.0,1355.0,29.0,7417,0,1,1,Pedestrian
95,1298.0,0.0,1355.0,29.0,7418,0,1,1,Pedestrian
95,1298.0,0.0,1355.0,29.0,7419,0,1,1,Pedestrian
95,1298.0,0.0,1355.0,29.0,7420,0,1,1,Pedestrian
95,1298.0,0.0,1355.0,29.0,7421,0,1,1,Pedestrian
95,1298.0,0.0,1355.0,29.0,7422,0,1,1,Pedestrian
95,1298.0,0.0,1355.0,29.0,7423,0,1,1,Pedestrian
95,1298.0,0.0,1355.0,29.0,7424,0,1,1,Pedestrian
95,1298.0,0.0,1355.0,29.0,7425,0,1,1,Pedestrian
95,1298.0,0.0,1355.0,29.0,7426,0,1,1,Pedestrian
95,1298.0,0.0,1355.0,29.0,7427,0,1,1,Pedestrian
95,1298.0,0.0,1355.0,29.0,7428,0,1,1,Pedestrian
95,1298.0,0.0,1355.0,29.0,7429,0,1,1,Pedestrian
95,1298.0,0.0,1355.0,29.0,7430,0,1,1,Pedestrian
95,1298.0,0.0,1355.0,29.0,7431,0,1,1,Pedestrian
95,1298.0,0.0,1355.0,29.0,7432,0,1,1,Pedestrian
95,1298.0,0.0,1355.0,29.0,7433,0,1,1,Pedestrian
95,1298.0,0.0,1355.0,27.0,7434,0,1,1,Pedestrian
95,1298.0,0.0,1355.0,27.0,7435,0,1,1,Pedestrian
95,1298.0,0.0,1355.0,27.0,7436,0,1,1,Pedestrian
95,1298.0,0.0,1355.0,27.0,7437,0,1,1,Pedestrian
95,1298.0,0.0,1355.0,27.0,7438,0,1,1,Pedestrian
95,1298.0,0.0,1355.0,27.0,7439,0,1,1,Pedestrian
95,1298.0,0.0,1355.0,27.0,7440,0,1,1,Pedestrian
95,1298.0,0.0,1355.0,27.0,7441,0,1,1,Pedestrian
95,1298.0,0.0,1355.0,27.0,7442,0,1,1,Pedestrian
95,1298.0,0.0,1355.0,27.0,7443,0,1,1,Pedestrian
95,1298.0,0.0,1355.0,27.0,7444,0,1,1,Pedestrian
95,1298.0,0.0,1355.0,27.0,7445,0,1,1,Pedestrian
95,1298.0,0.0,1355.0,27.0,7446,0,1,1,Pedestrian
95,1298.0,0.0,1355.0,27.0,7447,0,1,1,Pedestrian
95,1298.0,0.0,1355.0,27.0,7448,0,1,1,Pedestrian
95,1298.0,0.0,1355.0,27.0,7449,0,1,1,Pedestrian
95,1298.0,0.0,1355.0,27.0,7450,0,1,1,Pedestrian
95,1298.0,0.0,1355.0,27.0,7451,0,1,1,Pedestrian
95,1298.0,0.0,1355.0,27.0,7452,0,1,1,Pedestrian
95,1298.0,0.0,1355.0,27.0,7453,0,1,1,Pedestrian
95,1298.0,0.0,1355.0,27.0,7454,0,1,1,Pedestrian
95,1298.0,0.0,1355.0,27.0,7455,0,1,1,Pedestrian
95,1298.0,0.0,1355.0,27.0,7456,0,1,1,Pedestrian
95,1298.0,0.0,1355.0,27.0,7457,0,1,1,Pedestrian
95,1298.0,0.0,1355.0,27.0,7458,0,1,1,Pedestrian
95,1298.0,0.0,1355.0,27.0,7459,0,1,1,Pedestrian
95,1298.0,0.0,1355.0,27.0,7460,0,1,1,Pedestrian
95,1298.0,0.0,1355.0,27.0,7461,0,1,1,Pedestrian
95,1298.0,0.0,1355.0,27.0,7462,0,1,1,Pedestrian
95,1298.0,0.0,1355.0,27.0,7463,0,1,1,Pedestrian
95,1298.0,0.0,1355.0,27.0,7464,0,1,1,Pedestrian
95,1298.0,0.0,1355.0,27.0,7465,0,1,1,Pedestrian
95,1298.0,0.0,1355.0,27.0,7466,0,1,1,Pedestrian
95,1298.0,0.0,1355.0,25.0,7467,0,1,1,Pedestrian
95,1298.0,0.0,1355.0,25.0,7468,0,1,1,Pedestrian
95,1298.0,0.0,1355.0,25.0,7469,0,1,1,Pedestrian
95,1298.0,0.0,1355.0,25.0,7470,0,1,1,Pedestrian
95,1298.0,0.0,1355.0,25.0,7471,0,1,1,Pedestrian
95,1298.0,0.0,1355.0,25.0,7472,0,1,1,Pedestrian
95,1298.0,0.0,1355.0,25.0,7473,0,1,1,Pedestrian
95,1298.0,0.0,1355.0,25.0,7474,0,1,1,Pedestrian
95,1298.0,0.0,1355.0,25.0,7475,0,1,1,Pedestrian
95,1298.0,0.0,1355.0,25.0,7476,0,1,1,Pedestrian
95,1298.0,0.0,1355.0,25.0,7477,0,1,1,Pedestrian
95,1298.0,0.0,1355.0,25.0,7478,0,1,1,Pedestrian
95,1298.0,0.0,1355.0,25.0,7479,0,1,1,Pedestrian
95,1298.0,0.0,1355.0,25.0,7480,0,1,1,Pedestrian
95,1298.0,0.0,1355.0,25.0,7481,0,1,1,Pedestrian
95,1298.0,0.0,1355.0,25.0,7482,0,1,1,Pedestrian
95,1298.0,0.0,1355.0,25.0,7483,0,1,1,Pedestrian
95,1298.0,0.0,1355.0,25.0,7484,0,1,1,Pedestrian
95,1298.0,0.0,1355.0,25.0,7485,0,1,1,Pedestrian
95,1298.0,0.0,1355.0,25.0,7486,0,1,1,Pedestrian
95,1298.0,0.0,1355.0,25.0,7487,0,1,1,Pedestrian
95,1298.0,0.0,1355.0,25.0,7488,0,1,1,Pedestrian
95,1298.0,0.0,1355.0,25.0,7489,0,1,1,Pedestrian
95,1298.0,0.0,1355.0,25.0,7490,0,1,1,Pedestrian
95,1298.0,0.0,1355.0,25.0,7491,0,1,1,Pedestrian
95,1298.0,0.0,1355.0,25.0,7492,0,1,1,Pedestrian
95,1298.0,0.0,1355.0,25.0,7493,0,1,1,Pedestrian
95,1298.0,0.0,1355.0,25.0,7494,0,1,1,Pedestrian
95,1298.0,0.0,1355.0,25.0,7495,0,1,1,Pedestrian
95,1298.0,0.0,1355.0,25.0,7496,0,1,1,Pedestrian
95,1298.0,0.0,1355.0,25.0,7497,0,1,1,Pedestrian
95,1298.0,0.0,1355.0,25.0,7498,0,1,1,Pedestrian
95,1298.0,0.0,1355.0,25.0,7499,0,1,1,Pedestrian
95,1298.0,0.0,1355.0,25.0,7500,0,1,0,Pedestrian
95,1298.0,0.0,1355.0,25.0,7501,0,1,1,Pedestrian
95,1298.0,0.0,1355.0,25.0,7502,0,1,1,Pedestrian
95,1298.0,0.0,1355.0,25.0,7503,0,1,1,Pedestrian
95,1298.0,0.0,1355.0,25.0,7504,0,1,1,Pedestrian
95,1298.0,0.0,1355.0,25.0,7505,0,1,1,Pedestrian
95,1298.0,0.0,1355.0,25.0,7506,0,1,1,Pedestrian
95,1298.0,0.0,1355.0,25.0,7507,0,1,1,Pedestrian
95,1298.0,0.0,1355.0,25.0,7508,0,1,1,Pedestrian
95,1298.0,0.0,1355.0,25.0,7509,0,1,1,Pedestrian
95,1298.0,0.0,1355.0,25.0,7510,0,1,1,Pedestrian
95,1298.0,0.0,1355.0,25.0,7511,0,1,1,Pedestrian
95,1298.0,0.0,1355.0,25.0,7512,0,1,1,Pedestrian
95,1298.0,0.0,1355.0,25.0,7513,0,1,1,Pedestrian
95,1298.0,0.0,1355.0,25.0,7514,0,1,1,Pedestrian
95,1298.0,0.0,1355.0,25.0,7515,0,1,1,Pedestrian
95,1298.0,0.0,1355.0,25.0,7516,0,1,1,Pedestrian
95,1298.0,0.0,1355.0,25.0,7517,0,1,1,Pedestrian
95,1298.0,0.0,1355.0,25.0,7518,0,1,1,Pedestrian
95,1298.0,0.0,1355.0,25.0,7519,0,1,1,Pedestrian
95,1298.0,0.0,1355.0,25.0,7520,0,1,1,Pedestrian
95,1298.0,0.0,1355.0,25.0,7521,0,1,1,Pedestrian
95,1298.0,0.0,1355.0,25.0,7522,0,1,1,Pedestrian
95,1298.0,0.0,1355.0,25.0,7523,0,1,1,Pedestrian
95,1298.0,0.0,1355.0,25.0,7524,0,1,1,Pedestrian
95,1298.0,0.0,1355.0,25.0,7525,0,1,1,Pedestrian
95,1298.0,0.0,1355.0,25.0,7526,0,1,1,Pedestrian
95,1298.0,0.0,1355.0,25.0,7527,0,1,1,Pedestrian
95,1298.0,0.0,1355.0,25.0,7528,0,1,1,Pedestrian
95,1298.0,0.0,1355.0,25.0,7529,0,1,1,Pedestrian
95,1298.0,0.0,1355.0,25.0,7530,0,1,1,Pedestrian
95,1298.0,0.0,1355.0,25.0,7531,0,1,1,Pedestrian
95,1298.0,0.0,1355.0,25.0,7532,0,1,1,Pedestrian
95,1298.0,0.0,1355.0,25.0,7533,0,1,1,Pedestrian
95,1298.0,0.0,1355.0,25.0,7534,0,1,1,Pedestrian
95,1298.0,0.0,1355.0,25.0,7535,0,1,1,Pedestrian
95,1298.0,0.0,1355.0,25.0,7536,0,1,1,Pedestrian
95,1298.0,0.0,1355.0,25.0,7537,0,1,1,Pedestrian
95,1298.0,0.0,1355.0,25.0,7538,0,1,1,Pedestrian
95,1298.0,0.0,1355.0,25.0,7539,0,1,1,Pedestrian
95,1298.0,0.0,1355.0,25.0,7540,0,1,1,Pedestrian
95,1298.0,0.0,1355.0,25.0,7541,0,1,1,Pedestrian
95,1298.0,0.0,1355.0,25.0,7542,0,1,1,Pedestrian
95,1298.0,0.0,1355.0,25.0,7543,0,1,1,Pedestrian
95,1298.0,0.0,1355.0,25.0,7544,0,1,1,Pedestrian
95,1298.0,0.0,1355.0,25.0,7545,0,1,1,Pedestrian
95,1298.0,0.0,1355.0,25.0,7546,0,1,1,Pedestrian
95,1298.0,0.0,1355.0,25.0,7547,0,1,1,Pedestrian
95,1298.0,0.0,1355.0,25.0,7548,0,1,1,Pedestrian
95,1298.0,0.0,1355.0,25.0,7549,0,1,1,Pedestrian
95,1298.0,0.0,1355.0,25.0,7550,0,1,1,Pedestrian
95,1298.0,0.0,1355.0,25.0,7551,0,1,1,Pedestrian
95,1298.0,0.0,1355.0,25.0,7552,0,1,1,Pedestrian
95,1298.0,0.0,1355.0,25.0,7553,0,1,1,Pedestrian
95,1298.0,0.0,1355.0,25.0,7554,0,1,1,Pedestrian
95,1298.0,0.0,1355.0,25.0,7555,0,1,1,Pedestrian
95,1298.0,0.0,1355.0,25.0,7556,0,1,1,Pedestrian
95,1298.0,0.0,1355.0,25.0,7557,0,1,1,Pedestrian
95,1298.0,0.0,1355.0,25.0,7558,0,1,1,Pedestrian
95,1298.0,0.0,1355.0,25.0,7559,0,1,1,Pedestrian
95,1298.0,0.0,1355.0,25.0,7560,0,1,1,Pedestrian
95,1298.0,0.0,1355.0,25.0,7561,0,1,1,Pedestrian
95,1298.0,0.0,1355.0,25.0,7562,0,1,1,Pedestrian
95,1298.0,0.0,1355.0,25.0,7563,0,1,1,Pedestrian
95,1298.0,0.0,1355.0,25.0,7564,0,1,1,Pedestrian
95,1298.0,0.0,1355.0,27.0,7565,0,1,1,Pedestrian
95,1298.0,0.0,1355.0,27.0,7566,0,1,1,Pedestrian
95,1298.0,0.0,1355.0,27.0,7567,0,1,1,Pedestrian
95,1298.0,0.0,1355.0,27.0,7568,0,1,1,Pedestrian
95,1298.0,0.0,1355.0,27.0,7569,0,1,1,Pedestrian
95,1298.0,0.0,1355.0,27.0,7570,0,1,1,Pedestrian
95,1298.0,0.0,1355.0,27.0,7571,0,1,1,Pedestrian
95,1298.0,0.0,1355.0,27.0,7572,0,1,1,Pedestrian
95,1298.0,0.0,1355.0,27.0,7573,0,1,1,Pedestrian
95,1298.0,0.0,1355.0,27.0,7574,0,1,1,Pedestrian
95,1298.0,0.0,1355.0,27.0,7575,0,1,1,Pedestrian
95,1298.0,0.0,1355.0,27.0,7576,0,1,1,Pedestrian
95,1298.0,0.0,1355.0,27.0,7577,0,1,1,Pedestrian
95,1298.0,0.0,1355.0,27.0,7578,0,1,1,Pedestrian
95,1298.0,0.0,1355.0,27.0,7579,0,1,1,Pedestrian
95,1298.0,0.0,1355.0,27.0,7580,0,1,1,Pedestrian
95,1298.0,0.0,1355.0,27.0,7581,0,1,1,Pedestrian
95,1298.0,0.0,1355.0,27.0,7582,0,1,1,Pedestrian
95,1298.0,0.0,1355.0,27.0,7583,0,1,1,Pedestrian
95,1298.0,0.0,1355.0,27.0,7584,0,1,1,Pedestrian
95,1298.0,0.0,1355.0,27.0,7585,0,1,1,Pedestrian
95,1298.0,0.0,1355.0,27.0,7586,0,1,1,Pedestrian
95,1298.0,0.0,1355.0,27.0,7587,0,1,1,Pedestrian
95,1298.0,0.0,1355.0,27.0,7588,0,1,1,Pedestrian
95,1298.0,0.0,1355.0,27.0,7589,0,1,1,Pedestrian
95,1298.0,0.0,1355.0,27.0,7590,0,1,1,Pedestrian
95,1298.0,0.0,1355.0,27.0,7591,0,1,1,Pedestrian
95,1298.0,0.0,1355.0,27.0,7592,0,1,1,Pedestrian
95,1298.0,0.0,1355.0,27.0,7593,0,1,1,Pedestrian
95,1298.0,0.0,1355.0,27.0,7594,0,1,1,Pedestrian
95,1298.0,0.0,1355.0,27.0,7595,0,1,1,Pedestrian
95,1298.0,0.0,1355.0,27.0,7596,0,1,1,Pedestrian
95,1298.0,0.0,1355.0,27.0,7597,0,1,1,Pedestrian
95,1298.0,0.0,1355.0,27.0,7598,0,1,1,Pedestrian
95,1298.0,0.0,1355.0,27.0,7599,0,1,1,Pedestrian
95,1298.0,0.0,1355.0,27.0,7600,0,1,1,Pedestrian
95,1298.0,0.0,1355.0,27.0,7601,0,1,1,Pedestrian
95,1298.0,0.0,1355.0,27.0,7602,0,1,1,Pedestrian
95,1298.0,0.0,1355.0,27.0,7603,0,1,1,Pedestrian
95,1298.0,0.0,1355.0,27.0,7604,0,1,1,Pedestrian
95,1298.0,0.0,1355.0,27.0,7605,0,1,1,Pedestrian
95,1298.0,0.0,1355.0,27.0,7606,0,1,1,Pedestrian
95,1298.0,0.0,1355.0,27.0,7607,0,1,1,Pedestrian
95,1298.0,0.0,1355.0,27.0,7608,0,1,1,Pedestrian
95,1298.0,0.0,1355.0,27.0,7609,0,1,1,Pedestrian
95,1298.0,0.0,1355.0,27.0,7610,0,1,1,Pedestrian
95,1298.0,0.0,1355.0,27.0,7611,0,1,1,Pedestrian
95,1298.0,0.0,1355.0,27.0,7612,0,1,1,Pedestrian
95,1298.0,0.0,1355.0,27.0,7613,0,1,1,Pedestrian
95,1298.0,0.0,1355.0,27.0,7614,0,1,1,Pedestrian
95,1298.0,0.0,1355.0,27.0,7615,0,1,1,Pedestrian
95,1298.0,0.0,1355.0,27.0,7616,0,1,1,Pedestrian
95,1298.0,0.0,1355.0,27.0,7617,0,1,1,Pedestrian
95,1298.0,0.0,1355.0,27.0,7618,0,1,1,Pedestrian
95,1298.0,0.0,1355.0,27.0,7619,0,1,1,Pedestrian
95,1298.0,0.0,1355.0,27.0,7620,0,1,1,Pedestrian
95,1298.0,0.0,1355.0,27.0,7621,0,1,1,Pedestrian
95,1298.0,0.0,1355.0,27.0,7622,0,1,1,Pedestrian
95,1298.0,0.0,1355.0,27.0,7623,0,1,1,Pedestrian
95,1298.0,0.0,1355.0,27.0,7624,0,1,1,Pedestrian
95,1298.0,0.0,1355.0,27.0,7625,0,1,1,Pedestrian
95,1298.0,0.0,1355.0,27.0,7626,0,1,1,Pedestrian
95,1298.0,0.0,1355.0,27.0,7627,0,1,1,Pedestrian
95,1298.0,0.0,1355.0,27.0,7628,0,1,1,Pedestrian
95,1298.0,0.0,1355.0,27.0,7629,0,1,1,Pedestrian
95,1298.0,0.0,1355.0,29.0,7630,0,1,1,Pedestrian
95,1298.0,0.0,1355.0,29.0,7631,0,1,1,Pedestrian
95,1298.0,0.0,1355.0,29.0,7632,0,1,1,Pedestrian
95,1298.0,0.0,1355.0,29.0,7633,0,1,1,Pedestrian
95,1298.0,0.0,1355.0,29.0,7634,0,1,1,Pedestrian
95,1298.0,0.0,1355.0,29.0,7635,0,1,1,Pedestrian
95,1298.0,0.0,1355.0,29.0,7636,0,1,1,Pedestrian
95,1298.0,0.0,1355.0,29.0,7637,0,1,1,Pedestrian
95,1298.0,0.0,1355.0,29.0,7638,0,1,1,Pedestrian
95,1298.0,0.0,1355.0,29.0,7639,0,1,1,Pedestrian
95,1298.0,0.0,1355.0,29.0,7640,0,1,1,Pedestrian
95,1298.0,0.0,1355.0,29.0,7641,0,1,1,Pedestrian
95,1298.0,0.0,1355.0,29.0,7642,0,1,1,Pedestrian
95,1298.0,0.0,1355.0,29.0,7643,0,1,1,Pedestrian
95,1298.0,0.0,1355.0,29.0,7644,0,1,1,Pedestrian
95,1298.0,0.0,1355.0,29.0,7645,0,1,1,Pedestrian
95,1298.0,0.0,1355.0,29.0,7646,0,1,1,Pedestrian
95,1298.0,0.0,1355.0,29.0,7647,0,1,1,Pedestrian
95,1298.0,0.0,1355.0,29.0,7648,0,1,1,Pedestrian
95,1298.0,0.0,1355.0,29.0,7649,0,1,1,Pedestrian
95,1298.0,0.0,1355.0,29.0,7650,0,1,1,Pedestrian
95,1298.0,0.0,1355.0,29.0,7651,0,1,1,Pedestrian
95,1298.0,0.0,1355.0,29.0,7652,0,1,1,Pedestrian
95,1298.0,0.0,1355.0,29.0,7653,0,1,1,Pedestrian
95,1298.0,0.0,1355.0,29.0,7654,0,1,1,Pedestrian
95,1298.0,0.0,1355.0,29.0,7655,0,1,1,Pedestrian
95,1298.0,0.0,1355.0,29.0,7656,0,1,1,Pedestrian
95,1298.0,0.0,1355.0,29.0,7657,0,1,1,Pedestrian
95,1298.0,0.0,1355.0,29.0,7658,0,1,1,Pedestrian
95,1298.0,0.0,1355.0,29.0,7659,0,1,1,Pedestrian
95,1298.0,0.0,1355.0,29.0,7660,0,1,1,Pedestrian
95,1298.0,0.0,1355.0,29.0,7661,0,1,1,Pedestrian
95,1298.0,0.0,1355.0,29.0,7662,0,1,1,Pedestrian
95,1298.0,0.0,1355.0,29.0,7663,0,1,1,Pedestrian
95,1298.0,0.0,1355.0,29.0,7664,0,1,1,Pedestrian
95,1298.0,0.0,1355.0,29.0,7665,0,1,1,Pedestrian
95,1298.0,0.0,1355.0,29.0,7666,0,1,1,Pedestrian
95,1298.0,0.0,1355.0,29.0,7667,0,1,1,Pedestrian
95,1298.0,0.0,1355.0,29.0,7668,0,1,1,Pedestrian
95,1298.0,0.0,1355.0,29.0,7669,0,1,1,Pedestrian
95,1298.0,0.0,1355.0,29.0,7670,0,1,1,Pedestrian
95,1298.0,0.0,1355.0,29.0,7671,0,1,1,Pedestrian
95,1298.0,0.0,1355.0,29.0,7672,0,1,1,Pedestrian
95,1298.0,0.0,1355.0,29.0,7673,0,1,1,Pedestrian
95,1298.0,0.0,1355.0,29.0,7674,0,1,1,Pedestrian
95,1298.0,0.0,1355.0,29.0,7675,0,1,1,Pedestrian
95,1298.0,0.0,1355.0,29.0,7676,0,1,1,Pedestrian
95,1298.0,0.0,1355.0,29.0,7677,0,1,1,Pedestrian
95,1298.0,0.0,1355.0,29.0,7678,0,1,1,Pedestrian
95,1298.0,0.0,1355.0,29.0,7679,0,1,1,Pedestrian
95,1298.0,0.0,1355.0,29.0,7680,0,1,1,Pedestrian
95,1298.0,0.0,1355.0,29.0,7681,0,1,1,Pedestrian
95,1298.0,0.0,1355.0,29.0,7682,0,1,1,Pedestrian
95,1298.0,0.0,1355.0,29.0,7683,0,1,1,Pedestrian
95,1298.0,0.0,1355.0,29.0,7684,0,1,1,Pedestrian
95,1298.0,0.0,1355.0,29.0,7685,0,1,1,Pedestrian
95,1298.0,0.0,1355.0,29.0,7686,0,1,1,Pedestrian
95,1298.0,0.0,1355.0,29.0,7687,0,1,1,Pedestrian
95,1298.0,0.0,1355.0,29.0,7688,0,1,1,Pedestrian
95,1298.0,0.0,1355.0,29.0,7689,0,1,1,Pedestrian
95,1298.0,0.0,1355.0,29.0,7690,0,1,1,Pedestrian
95,1298.0,0.0,1355.0,29.0,7691,0,1,1,Pedestrian
95,1298.0,0.0,1355.0,29.0,7692,0,1,1,Pedestrian
95,1298.0,0.0,1355.0,29.0,7693,0,1,1,Pedestrian
95,1298.0,0.0,1355.0,31.0,7694,0,1,1,Pedestrian
95,1298.0,0.0,1355.0,31.0,7695,0,1,1,Pedestrian
95,1298.0,0.0,1355.0,31.0,7696,0,1,1,Pedestrian
95,1298.0,0.0,1355.0,31.0,7697,0,1,1,Pedestrian
95,1298.0,0.0,1355.0,31.0,7698,0,1,1,Pedestrian
95,1298.0,0.0,1355.0,31.0,7699,0,1,1,Pedestrian
95,1298.0,0.0,1355.0,31.0,7700,0,1,1,Pedestrian
95,1298.0,0.0,1355.0,31.0,7701,0,1,1,Pedestrian
95,1298.0,0.0,1355.0,31.0,7702,0,1,1,Pedestrian
95,1298.0,0.0,1355.0,31.0,7703,0,1,1,Pedestrian
95,1298.0,0.0,1355.0,31.0,7704,0,1,1,Pedestrian
95,1298.0,0.0,1355.0,31.0,7705,0,1,1,Pedestrian
95,1298.0,0.0,1355.0,31.0,7706,0,1,1,Pedestrian
95,1298.0,0.0,1355.0,31.0,7707,0,1,1,Pedestrian
95,1298.0,0.0,1355.0,31.0,7708,0,1,1,Pedestrian
95,1298.0,0.0,1355.0,31.0,7709,0,1,1,Pedestrian
95,1298.0,0.0,1355.0,31.0,7710,0,1,1,Pedestrian
95,1298.0,0.0,1355.0,31.0,7711,0,1,1,Pedestrian
95,1298.0,0.0,1355.0,31.0,7712,0,1,1,Pedestrian
95,1298.0,0.0,1355.0,31.0,7713,0,1,1,Pedestrian
95,1298.0,0.0,1355.0,31.0,7714,0,1,1,Pedestrian
95,1298.0,0.0,1355.0,31.0,7715,0,1,1,Pedestrian
95,1298.0,0.0,1355.0,31.0,7716,0,1,1,Pedestrian
95,1298.0,0.0,1355.0,31.0,7717,0,1,1,Pedestrian
95,1298.0,0.0,1355.0,31.0,7718,0,1,1,Pedestrian
95,1298.0,0.0,1355.0,31.0,7719,0,1,1,Pedestrian
95,1298.0,0.0,1355.0,31.0,7720,0,1,1,Pedestrian
95,1298.0,0.0,1355.0,31.0,7721,0,1,1,Pedestrian
95,1298.0,0.0,1355.0,31.0,7722,0,1,1,Pedestrian
95,1298.0,0.0,1355.0,31.0,7723,0,1,1,Pedestrian
95,1298.0,0.0,1355.0,31.0,7724,0,1,1,Pedestrian
95,1298.0,0.0,1355.0,31.0,7725,0,1,1,Pedestrian
95,1300.0,0.0,1358.0,31.0,7726,0,1,1,Pedestrian
95,1300.0,0.0,1358.0,31.0,7727,0,1,1,Pedestrian
95,1300.0,0.0,1358.0,31.0,7728,0,1,1,Pedestrian
95,1300.0,0.0,1358.0,31.0,7729,0,1,1,Pedestrian
95,1300.0,0.0,1358.0,31.0,7730,0,1,1,Pedestrian
95,1300.0,0.0,1358.0,31.0,7731,0,1,1,Pedestrian
95,1300.0,0.0,1358.0,31.0,7732,0,1,1,Pedestrian
95,1300.0,0.0,1358.0,31.0,7733,0,1,1,Pedestrian
95,1300.0,0.0,1358.0,31.0,7734,0,1,1,Pedestrian
95,1300.0,0.0,1358.0,31.0,7735,0,1,1,Pedestrian
95,1300.0,0.0,1358.0,31.0,7736,0,1,1,Pedestrian
95,1300.0,0.0,1358.0,31.0,7737,0,1,1,Pedestrian
95,1300.0,0.0,1358.0,31.0,7738,0,1,1,Pedestrian
95,1300.0,0.0,1358.0,31.0,7739,0,1,1,Pedestrian
95,1300.0,0.0,1358.0,31.0,7740,0,1,1,Pedestrian
95,1300.0,0.0,1358.0,31.0,7741,0,1,1,Pedestrian
95,1300.0,0.0,1358.0,31.0,7742,0,1,1,Pedestrian
95,1300.0,0.0,1358.0,31.0,7743,0,1,1,Pedestrian
95,1300.0,0.0,1358.0,31.0,7744,0,1,1,Pedestrian
95,1300.0,0.0,1358.0,31.0,7745,0,1,1,Pedestrian
95,1300.0,0.0,1358.0,31.0,7746,0,1,1,Pedestrian
95,1300.0,0.0,1358.0,31.0,7747,0,1,1,Pedestrian
95,1300.0,0.0,1358.0,31.0,7748,0,1,1,Pedestrian
95,1300.0,0.0,1358.0,31.0,7749,0,1,1,Pedestrian
95,1300.0,0.0,1358.0,31.0,7750,0,1,1,Pedestrian
95,1300.0,0.0,1358.0,31.0,7751,0,1,1,Pedestrian
95,1300.0,0.0,1358.0,31.0,7752,0,1,1,Pedestrian
95,1300.0,0.0,1358.0,31.0,7753,0,1,1,Pedestrian
95,1300.0,0.0,1358.0,31.0,7754,0,1,1,Pedestrian
95,1300.0,0.0,1358.0,31.0,7755,0,1,1,Pedestrian
95,1300.0,0.0,1358.0,31.0,7756,0,1,1,Pedestrian
95,1300.0,0.0,1358.0,31.0,7757,0,1,1,Pedestrian
95,1300.0,0.0,1358.0,31.0,7758,0,1,1,Pedestrian
95,1300.0,0.0,1358.0,34.0,7759,0,1,1,Pedestrian
95,1300.0,0.0,1358.0,34.0,7760,0,1,1,Pedestrian
95,1300.0,0.0,1358.0,34.0,7761,0,1,1,Pedestrian
95,1300.0,0.0,1358.0,34.0,7762,0,1,1,Pedestrian
95,1300.0,0.0,1358.0,34.0,7763,0,1,1,Pedestrian
95,1300.0,0.0,1358.0,34.0,7764,0,1,1,Pedestrian
95,1300.0,0.0,1358.0,34.0,7765,0,1,1,Pedestrian
95,1300.0,0.0,1358.0,34.0,7766,0,1,1,Pedestrian
95,1300.0,0.0,1358.0,34.0,7767,0,1,1,Pedestrian
95,1300.0,0.0,1358.0,34.0,7768,0,1,1,Pedestrian
95,1300.0,0.0,1358.0,34.0,7769,0,1,1,Pedestrian
95,1300.0,0.0,1358.0,34.0,7770,0,1,1,Pedestrian
95,1300.0,0.0,1358.0,34.0,7771,0,1,1,Pedestrian
95,1300.0,0.0,1358.0,34.0,7772,0,1,1,Pedestrian
95,1300.0,0.0,1358.0,34.0,7773,0,1,1,Pedestrian
95,1300.0,0.0,1358.0,34.0,7774,0,1,1,Pedestrian
95,1300.0,0.0,1358.0,34.0,7775,0,1,1,Pedestrian
95,1300.0,0.0,1358.0,34.0,7776,0,1,1,Pedestrian
95,1300.0,0.0,1358.0,34.0,7777,0,1,1,Pedestrian
95,1300.0,0.0,1358.0,34.0,7778,0,1,1,Pedestrian
95,1300.0,0.0,1358.0,34.0,7779,0,1,1,Pedestrian
95,1300.0,0.0,1358.0,34.0,7780,0,1,1,Pedestrian
95,1300.0,0.0,1358.0,34.0,7781,0,1,1,Pedestrian
95,1300.0,0.0,1358.0,34.0,7782,0,1,1,Pedestrian
95,1300.0,0.0,1358.0,34.0,7783,0,1,1,Pedestrian
95,1300.0,0.0,1358.0,34.0,7784,0,1,1,Pedestrian
95,1300.0,0.0,1358.0,34.0,7785,0,1,1,Pedestrian
95,1300.0,0.0,1358.0,34.0,7786,0,1,1,Pedestrian
95,1300.0,0.0,1358.0,34.0,7787,0,1,1,Pedestrian
95,1300.0,0.0,1358.0,34.0,7788,0,1,1,Pedestrian
95,1300.0,0.0,1358.0,34.0,7789,0,1,1,Pedestrian
95,1300.0,0.0,1358.0,34.0,7790,0,1,1,Pedestrian
95,1300.0,0.0,1358.0,34.0,7791,0,1,1,Pedestrian
95,1300.0,0.0,1358.0,34.0,7792,0,1,1,Pedestrian
95,1300.0,0.0,1358.0,34.0,7793,0,1,1,Pedestrian
95,1300.0,0.0,1358.0,34.0,7794,0,1,1,Pedestrian
95,1300.0,0.0,1358.0,34.0,7795,0,1,1,Pedestrian
95,1300.0,0.0,1358.0,34.0,7796,0,1,1,Pedestrian
95,1300.0,0.0,1358.0,34.0,7797,0,1,1,Pedestrian
95,1300.0,0.0,1358.0,34.0,7798,0,1,1,Pedestrian
95,1300.0,0.0,1358.0,34.0,7799,0,1,1,Pedestrian
95,1300.0,0.0,1358.0,34.0,7800,0,1,1,Pedestrian
95,1300.0,0.0,1358.0,34.0,7801,0,1,1,Pedestrian
95,1300.0,0.0,1358.0,34.0,7802,0,1,1,Pedestrian
95,1300.0,0.0,1358.0,34.0,7803,0,1,1,Pedestrian
95,1300.0,0.0,1358.0,34.0,7804,0,1,1,Pedestrian
95,1300.0,0.0,1358.0,34.0,7805,0,1,1,Pedestrian
95,1300.0,0.0,1358.0,34.0,7806,0,1,1,Pedestrian
95,1300.0,0.0,1358.0,34.0,7807,0,1,1,Pedestrian
95,1300.0,0.0,1358.0,34.0,7808,0,1,1,Pedestrian
95,1300.0,0.0,1358.0,34.0,7809,0,1,1,Pedestrian
95,1300.0,0.0,1358.0,34.0,7810,0,1,1,Pedestrian
95,1300.0,0.0,1358.0,34.0,7811,0,1,1,Pedestrian
95,1300.0,0.0,1358.0,34.0,7812,0,1,1,Pedestrian
95,1300.0,0.0,1358.0,34.0,7813,0,1,1,Pedestrian
95,1300.0,0.0,1358.0,34.0,7814,0,1,1,Pedestrian
95,1300.0,0.0,1358.0,34.0,7815,0,1,1,Pedestrian
95,1300.0,0.0,1358.0,34.0,7816,0,1,1,Pedestrian
95,1300.0,0.0,1358.0,34.0,7817,0,1,1,Pedestrian
95,1300.0,0.0,1358.0,34.0,7818,0,1,1,Pedestrian
95,1300.0,0.0,1358.0,34.0,7819,0,1,1,Pedestrian
95,1300.0,0.0,1358.0,34.0,7820,0,1,1,Pedestrian
95,1300.0,0.0,1358.0,34.0,7821,0,1,1,Pedestrian
95,1300.0,0.0,1358.0,34.0,7822,0,1,1,Pedestrian
95,1300.0,0.0,1358.0,36.0,7823,0,1,1,Pedestrian
95,1300.0,0.0,1358.0,36.0,7824,0,1,1,Pedestrian
95,1300.0,0.0,1358.0,36.0,7825,0,1,1,Pedestrian
95,1300.0,0.0,1358.0,36.0,7826,0,1,1,Pedestrian
95,1300.0,0.0,1358.0,36.0,7827,0,1,1,Pedestrian
95,1300.0,0.0,1358.0,36.0,7828,0,1,1,Pedestrian
95,1300.0,0.0,1358.0,36.0,7829,0,1,1,Pedestrian
95,1300.0,0.0,1358.0,36.0,7830,0,1,1,Pedestrian
95,1300.0,0.0,1358.0,36.0,7831,0,1,1,Pedestrian
95,1300.0,0.0,1358.0,36.0,7832,0,1,1,Pedestrian
95,1300.0,0.0,1358.0,36.0,7833,0,1,1,Pedestrian
95,1300.0,0.0,1358.0,36.0,7834,0,1,1,Pedestrian
95,1300.0,0.0,1358.0,36.0,7835,0,1,1,Pedestrian
95,1300.0,0.0,1358.0,36.0,7836,0,1,1,Pedestrian
95,1300.0,0.0,1358.0,36.0,7837,0,1,1,Pedestrian
95,1300.0,0.0,1358.0,36.0,7838,0,1,1,Pedestrian
95,1300.0,0.0,1358.0,36.0,7839,0,1,1,Pedestrian
95,1300.0,0.0,1358.0,36.0,7840,0,1,1,Pedestrian
95,1300.0,0.0,1358.0,36.0,7841,0,1,1,Pedestrian
95,1300.0,0.0,1358.0,36.0,7842,0,1,1,Pedestrian
95,1300.0,0.0,1358.0,36.0,7843,0,1,1,Pedestrian
95,1300.0,0.0,1358.0,36.0,7844,0,1,1,Pedestrian
95,1300.0,0.0,1358.0,36.0,7845,0,1,1,Pedestrian
95,1300.0,0.0,1358.0,36.0,7846,0,1,1,Pedestrian
95,1300.0,0.0,1358.0,36.0,7847,0,1,1,Pedestrian
95,1300.0,0.0,1358.0,36.0,7848,0,1,1,Pedestrian
95,1300.0,0.0,1358.0,36.0,7849,0,1,1,Pedestrian
95,1300.0,0.0,1358.0,36.0,7850,0,1,1,Pedestrian
95,1300.0,0.0,1358.0,36.0,7851,0,1,1,Pedestrian
95,1300.0,0.0,1358.0,36.0,7852,0,1,1,Pedestrian
95,1300.0,0.0,1358.0,36.0,7853,0,1,1,Pedestrian
95,1300.0,0.0,1358.0,36.0,7854,0,1,1,Pedestrian
95,1300.0,0.0,1358.0,36.0,7855,0,1,1,Pedestrian
95,1300.0,0.0,1358.0,36.0,7856,0,1,1,Pedestrian
95,1300.0,0.0,1358.0,36.0,7857,0,1,1,Pedestrian
95,1300.0,0.0,1358.0,36.0,7858,0,1,1,Pedestrian
95,1300.0,0.0,1358.0,36.0,7859,0,1,1,Pedestrian
95,1300.0,0.0,1358.0,36.0,7860,0,1,1,Pedestrian
95,1300.0,0.0,1358.0,36.0,7861,0,1,1,Pedestrian
95,1300.0,0.0,1358.0,36.0,7862,0,1,1,Pedestrian
95,1300.0,0.0,1358.0,36.0,7863,0,1,1,Pedestrian
95,1300.0,0.0,1358.0,36.0,7864,0,1,1,Pedestrian
95,1300.0,0.0,1358.0,36.0,7865,0,1,1,Pedestrian
95,1300.0,0.0,1358.0,36.0,7866,0,1,1,Pedestrian
95,1300.0,0.0,1358.0,36.0,7867,0,1,1,Pedestrian
95,1300.0,0.0,1358.0,36.0,7868,0,1,1,Pedestrian
95,1300.0,0.0,1358.0,36.0,7869,0,1,1,Pedestrian
95,1300.0,0.0,1358.0,36.0,7870,0,1,1,Pedestrian
95,1300.0,0.0,1358.0,36.0,7871,0,1,1,Pedestrian
95,1300.0,0.0,1358.0,36.0,7872,0,1,1,Pedestrian
95,1300.0,0.0,1358.0,36.0,7873,0,1,1,Pedestrian
95,1300.0,0.0,1358.0,36.0,7874,0,1,1,Pedestrian
95,1300.0,0.0,1358.0,36.0,7875,0,1,1,Pedestrian
95,1300.0,0.0,1358.0,36.0,7876,0,1,1,Pedestrian
95,1300.0,0.0,1358.0,36.0,7877,0,1,1,Pedestrian
95,1300.0,0.0,1358.0,36.0,7878,0,1,1,Pedestrian
95,1300.0,0.0,1358.0,36.0,7879,0,1,1,Pedestrian
95,1300.0,0.0,1358.0,36.0,7880,0,1,1,Pedestrian
95,1300.0,0.0,1358.0,36.0,7881,0,1,1,Pedestrian
95,1300.0,0.0,1358.0,36.0,7882,0,1,1,Pedestrian
95,1300.0,0.0,1358.0,36.0,7883,0,1,1,Pedestrian
95,1300.0,0.0,1358.0,36.0,7884,0,1,1,Pedestrian
95,1300.0,0.0,1358.0,36.0,7885,0,1,1,Pedestrian
95,1300.0,0.0,1358.0,36.0,7886,0,1,1,Pedestrian
95,1300.0,0.0,1358.0,36.0,7887,0,1,1,Pedestrian
95,1300.0,0.0,1358.0,38.0,7888,0,1,1,Pedestrian
95,1300.0,0.0,1358.0,38.0,7889,0,1,1,Pedestrian
95,1300.0,0.0,1358.0,38.0,7890,0,1,1,Pedestrian
95,1300.0,0.0,1358.0,38.0,7891,0,1,1,Pedestrian
95,1300.0,0.0,1358.0,38.0,7892,0,1,1,Pedestrian
95,1300.0,0.0,1358.0,38.0,7893,0,1,1,Pedestrian
95,1300.0,0.0,1358.0,38.0,7894,0,1,1,Pedestrian
95,1300.0,0.0,1358.0,38.0,7895,0,1,1,Pedestrian
95,1300.0,0.0,1358.0,38.0,7896,0,1,1,Pedestrian
95,1300.0,0.0,1358.0,38.0,7897,0,1,1,Pedestrian
95,1300.0,0.0,1358.0,38.0,7898,0,1,1,Pedestrian
95,1300.0,0.0,1358.0,38.0,7899,0,1,1,Pedestrian
95,1300.0,0.0,1358.0,38.0,7900,0,1,1,Pedestrian
95,1300.0,0.0,1358.0,38.0,7901,0,1,1,Pedestrian
95,1300.0,0.0,1358.0,38.0,7902,0,1,1,Pedestrian
95,1300.0,0.0,1358.0,38.0,7903,0,1,1,Pedestrian
95,1300.0,0.0,1358.0,38.0,7904,0,1,1,Pedestrian
95,1300.0,0.0,1358.0,38.0,7905,0,1,1,Pedestrian
95,1300.0,0.0,1358.0,38.0,7906,0,1,1,Pedestrian
95,1300.0,0.0,1358.0,38.0,7907,0,1,1,Pedestrian
95,1300.0,0.0,1358.0,38.0,7908,0,1,1,Pedestrian
95,1300.0,0.0,1358.0,38.0,7909,0,1,1,Pedestrian
95,1300.0,0.0,1358.0,38.0,7910,0,1,1,Pedestrian
95,1300.0,0.0,1358.0,38.0,7911,0,1,1,Pedestrian
95,1300.0,0.0,1358.0,38.0,7912,0,1,1,Pedestrian
95,1300.0,0.0,1358.0,38.0,7913,0,1,1,Pedestrian
95,1300.0,0.0,1358.0,38.0,7914,0,1,1,Pedestrian
95,1300.0,0.0,1358.0,38.0,7915,0,1,1,Pedestrian
95,1300.0,0.0,1358.0,38.0,7916,0,1,1,Pedestrian
95,1300.0,0.0,1358.0,38.0,7917,0,1,1,Pedestrian
95,1300.0,0.0,1358.0,38.0,7918,0,1,1,Pedestrian
95,1300.0,0.0,1358.0,38.0,7919,0,1,1,Pedestrian
95,1300.0,0.0,1358.0,38.0,7920,0,1,1,Pedestrian
95,1300.0,0.0,1358.0,38.0,7921,0,1,1,Pedestrian
95,1300.0,0.0,1358.0,38.0,7922,0,1,1,Pedestrian
95,1300.0,0.0,1358.0,38.0,7923,0,1,1,Pedestrian
95,1300.0,0.0,1358.0,38.0,7924,0,1,1,Pedestrian
95,1300.0,0.0,1358.0,38.0,7925,0,1,1,Pedestrian
95,1300.0,0.0,1358.0,38.0,7926,0,1,1,Pedestrian
95,1300.0,0.0,1358.0,38.0,7927,0,1,1,Pedestrian
95,1300.0,0.0,1358.0,38.0,7928,0,1,1,Pedestrian
95,1300.0,0.0,1358.0,38.0,7929,0,1,1,Pedestrian
95,1300.0,0.0,1358.0,38.0,7930,0,1,1,Pedestrian
95,1300.0,0.0,1358.0,38.0,7931,0,1,1,Pedestrian
95,1300.0,0.0,1358.0,38.0,7932,0,1,1,Pedestrian
95,1300.0,0.0,1358.0,38.0,7933,0,1,1,Pedestrian
95,1300.0,0.0,1358.0,38.0,7934,0,1,1,Pedestrian
95,1300.0,0.0,1358.0,38.0,7935,0,1,1,Pedestrian
95,1300.0,0.0,1358.0,38.0,7936,0,1,1,Pedestrian
95,1300.0,0.0,1358.0,38.0,7937,0,1,1,Pedestrian
95,1300.0,0.0,1358.0,38.0,7938,0,1,1,Pedestrian
95,1300.0,0.0,1358.0,38.0,7939,0,1,1,Pedestrian
95,1300.0,0.0,1358.0,38.0,7940,0,1,1,Pedestrian
95,1300.0,0.0,1358.0,38.0,7941,0,1,1,Pedestrian
95,1300.0,0.0,1358.0,38.0,7942,0,1,1,Pedestrian
95,1300.0,0.0,1358.0,38.0,7943,0,1,1,Pedestrian
95,1300.0,0.0,1358.0,38.0,7944,0,1,1,Pedestrian
95,1300.0,0.0,1358.0,38.0,7945,0,1,1,Pedestrian
95,1300.0,0.0,1358.0,38.0,7946,0,1,1,Pedestrian
95,1300.0,0.0,1358.0,38.0,7947,0,1,1,Pedestrian
95,1300.0,0.0,1358.0,38.0,7948,0,1,1,Pedestrian
95,1300.0,0.0,1358.0,38.0,7949,0,1,1,Pedestrian
95,1300.0,0.0,1358.0,38.0,7950,0,1,1,Pedestrian
95,1300.0,0.0,1358.0,38.0,7951,0,1,1,Pedestrian
95,1303.0,0.0,1361.0,40.0,7952,0,0,0,Pedestrian
95,1303.0,0.0,1361.0,40.0,7953,0,0,1,Pedestrian
95,1303.0,0.0,1361.0,40.0,7954,0,0,1,Pedestrian
95,1303.0,0.0,1361.0,40.0,7955,0,0,1,Pedestrian
95,1303.0,0.0,1361.0,40.0,7956,0,0,1,Pedestrian
95,1303.0,0.0,1361.0,40.0,7957,0,0,1,Pedestrian
95,1303.0,0.0,1361.0,40.0,7958,0,0,1,Pedestrian
95,1303.0,0.0,1361.0,40.0,7959,0,0,1,Pedestrian
95,1303.0,0.0,1361.0,40.0,7960,0,0,1,Pedestrian
95,1303.0,0.0,1361.0,40.0,7961,0,0,1,Pedestrian
95,1303.0,0.0,1361.0,40.0,7962,0,0,1,Pedestrian
95,1303.0,0.0,1361.0,40.0,7963,0,0,1,Pedestrian
95,1303.0,0.0,1361.0,40.0,7964,0,0,1,Pedestrian
95,1303.0,0.0,1361.0,40.0,7965,0,0,1,Pedestrian
95,1303.0,0.0,1361.0,40.0,7966,0,0,1,Pedestrian
95,1303.0,0.0,1361.0,40.0,7967,0,0,1,Pedestrian
95,1303.0,0.0,1361.0,40.0,7968,0,0,1,Pedestrian
95,1303.0,0.0,1361.0,40.0,7969,0,0,1,Pedestrian
95,1303.0,0.0,1361.0,40.0,7970,0,0,1,Pedestrian
95,1303.0,0.0,1361.0,40.0,7971,0,0,1,Pedestrian
95,1303.0,0.0,1361.0,40.0,7972,0,0,1,Pedestrian
95,1303.0,0.0,1361.0,40.0,7973,0,0,1,Pedestrian
95,1303.0,0.0,1361.0,40.0,7974,0,0,1,Pedestrian
95,1303.0,0.0,1361.0,40.0,7975,0,0,1,Pedestrian
95,1303.0,0.0,1361.0,40.0,7976,0,0,1,Pedestrian
95,1303.0,0.0,1361.0,40.0,7977,0,0,1,Pedestrian
95,1303.0,0.0,1361.0,40.0,7978,0,0,1,Pedestrian
95,1303.0,0.0,1361.0,40.0,7979,0,0,1,Pedestrian
95,1303.0,0.0,1361.0,40.0,7980,0,0,1,Pedestrian
95,1303.0,0.0,1361.0,40.0,7981,0,0,1,Pedestrian
95,1303.0,0.0,1361.0,40.0,7982,0,0,1,Pedestrian
95,1303.0,0.0,1361.0,40.0,7983,0,0,1,Pedestrian
95,1303.0,0.0,1361.0,40.0,7984,0,0,1,Pedestrian
95,1303.0,0.0,1361.0,40.0,7985,0,0,1,Pedestrian
95,1303.0,0.0,1361.0,40.0,7986,0,0,1,Pedestrian
95,1303.0,0.0,1361.0,40.0,7987,0,0,1,Pedestrian
95,1303.0,0.0,1361.0,40.0,7988,0,0,1,Pedestrian
95,1303.0,0.0,1361.0,40.0,7989,0,0,1,Pedestrian
95,1303.0,0.0,1361.0,40.0,7990,0,0,1,Pedestrian
95,1303.0,0.0,1361.0,40.0,7991,0,0,1,Pedestrian
95,1303.0,0.0,1361.0,40.0,7992,0,0,1,Pedestrian
95,1303.0,0.0,1361.0,40.0,7993,0,0,1,Pedestrian
95,1303.0,0.0,1361.0,40.0,7994,0,0,1,Pedestrian
95,1303.0,0.0,1361.0,40.0,7995,0,0,1,Pedestrian
95,1303.0,0.0,1361.0,40.0,7996,0,0,1,Pedestrian
95,1303.0,0.0,1361.0,40.0,7997,0,0,1,Pedestrian
95,1303.0,0.0,1361.0,40.0,7998,0,0,1,Pedestrian
95,1303.0,0.0,1361.0,40.0,7999,0,0,1,Pedestrian
95,1303.0,0.0,1361.0,40.0,8000,0,0,0,Pedestrian
95,1300.0,0.0,1361.0,40.0,8001,0,0,1,Pedestrian
95,1300.0,0.0,1361.0,40.0,8002,0,0,1,Pedestrian
95,1300.0,0.0,1361.0,40.0,8003,0,0,1,Pedestrian
95,1300.0,0.0,1361.0,40.0,8004,0,0,1,Pedestrian
95,1300.0,0.0,1361.0,40.0,8005,0,0,1,Pedestrian
95,1300.0,0.0,1361.0,40.0,8006,0,0,1,Pedestrian
95,1300.0,0.0,1361.0,40.0,8007,0,0,1,Pedestrian
95,1300.0,0.0,1361.0,40.0,8008,0,0,1,Pedestrian
95,1300.0,0.0,1361.0,40.0,8009,0,0,1,Pedestrian
95,1300.0,0.0,1361.0,40.0,8010,0,0,1,Pedestrian
95,1300.0,0.0,1361.0,40.0,8011,0,0,1,Pedestrian
95,1300.0,0.0,1361.0,40.0,8012,0,0,1,Pedestrian
95,1300.0,0.0,1361.0,40.0,8013,0,0,1,Pedestrian
95,1300.0,0.0,1361.0,40.0,8014,0,0,1,Pedestrian
95,1300.0,0.0,1361.0,40.0,8015,0,0,1,Pedestrian
95,1300.0,0.0,1361.0,40.0,8016,0,0,1,Pedestrian
95,1300.0,0.0,1361.0,40.0,8017,0,0,1,Pedestrian
95,1300.0,0.0,1361.0,40.0,8018,0,0,1,Pedestrian
95,1300.0,0.0,1361.0,40.0,8019,0,0,1,Pedestrian
95,1300.0,0.0,1361.0,40.0,8020,0,0,1,Pedestrian
95,1300.0,0.0,1361.0,40.0,8021,0,0,1,Pedestrian
95,1300.0,0.0,1361.0,40.0,8022,0,0,1,Pedestrian
95,1300.0,0.0,1361.0,40.0,8023,0,0,1,Pedestrian
95,1300.0,0.0,1361.0,40.0,8024,0,0,1,Pedestrian
95,1300.0,0.0,1361.0,40.0,8025,0,0,1,Pedestrian
95,1300.0,0.0,1361.0,40.0,8026,0,0,1,Pedestrian
95,1300.0,0.0,1361.0,40.0,8027,0,0,1,Pedestrian
95,1300.0,0.0,1361.0,40.0,8028,0,0,1,Pedestrian
95,1300.0,0.0,1361.0,40.0,8029,0,0,1,Pedestrian
95,1300.0,0.0,1361.0,40.0,8030,0,0,1,Pedestrian
95,1300.0,0.0,1361.0,40.0,8031,0,0,1,Pedestrian
95,1300.0,0.0,1361.0,40.0,8032,0,0,1,Pedestrian
95,1300.0,0.0,1361.0,40.0,8033,0,0,1,Pedestrian
95,1300.0,0.0,1361.0,40.0,8034,0,0,1,Pedestrian
95,1300.0,0.0,1361.0,40.0,8035,0,0,1,Pedestrian
95,1300.0,0.0,1361.0,40.0,8036,0,0,1,Pedestrian
95,1300.0,0.0,1361.0,40.0,8037,0,0,1,Pedestrian
95,1300.0,0.0,1361.0,40.0,8038,0,0,1,Pedestrian
95,1300.0,0.0,1361.0,40.0,8039,0,0,1,Pedestrian
95,1300.0,0.0,1361.0,40.0,8040,0,0,1,Pedestrian
95,1300.0,0.0,1361.0,40.0,8041,0,0,1,Pedestrian
95,1298.0,0.0,1361.0,40.0,8042,0,0,1,Pedestrian
95,1298.0,0.0,1361.0,40.0,8043,0,0,1,Pedestrian
95,1298.0,0.0,1361.0,40.0,8044,0,0,1,Pedestrian
95,1298.0,0.0,1361.0,40.0,8045,0,0,1,Pedestrian
95,1298.0,0.0,1361.0,40.0,8046,0,0,1,Pedestrian
95,1298.0,0.0,1361.0,40.0,8047,0,0,1,Pedestrian
95,1298.0,0.0,1361.0,40.0,8048,0,0,1,Pedestrian
95,1298.0,0.0,1361.0,40.0,8049,0,0,1,Pedestrian
95,1298.0,0.0,1361.0,40.0,8050,0,0,1,Pedestrian
95,1298.0,0.0,1361.0,40.0,8051,0,0,1,Pedestrian
95,1298.0,0.0,1361.0,40.0,8052,0,0,1,Pedestrian
95,1298.0,0.0,1361.0,40.0,8053,0,0,1,Pedestrian
95,1298.0,0.0,1361.0,40.0,8054,0,0,1,Pedestrian
95,1298.0,0.0,1361.0,40.0,8055,0,0,1,Pedestrian
95,1298.0,0.0,1361.0,40.0,8056,0,0,1,Pedestrian
95,1298.0,0.0,1361.0,40.0,8057,0,0,1,Pedestrian
95,1298.0,0.0,1361.0,40.0,8058,0,0,1,Pedestrian
95,1298.0,0.0,1361.0,40.0,8059,0,0,1,Pedestrian
95,1298.0,0.0,1361.0,40.0,8060,0,0,1,Pedestrian
95,1298.0,0.0,1361.0,40.0,8061,0,0,1,Pedestrian
95,1298.0,0.0,1361.0,40.0,8062,0,0,1,Pedestrian
95,1298.0,0.0,1361.0,40.0,8063,0,0,1,Pedestrian
95,1298.0,0.0,1361.0,40.0,8064,0,0,1,Pedestrian
95,1298.0,0.0,1361.0,40.0,8065,0,0,1,Pedestrian
95,1298.0,0.0,1361.0,40.0,8066,0,0,1,Pedestrian
95,1298.0,0.0,1361.0,40.0,8067,0,0,1,Pedestrian
95,1298.0,0.0,1361.0,40.0,8068,0,0,1,Pedestrian
95,1298.0,0.0,1361.0,40.0,8069,0,0,1,Pedestrian
95,1298.0,0.0,1361.0,40.0,8070,0,0,1,Pedestrian
95,1298.0,0.0,1361.0,40.0,8071,0,0,1,Pedestrian
95,1298.0,0.0,1361.0,40.0,8072,0,0,1,Pedestrian
95,1298.0,0.0,1361.0,40.0,8073,0,0,1,Pedestrian
95,1298.0,0.0,1361.0,40.0,8074,0,0,1,Pedestrian
95,1298.0,0.0,1361.0,40.0,8075,0,0,1,Pedestrian
95,1298.0,0.0,1361.0,40.0,8076,0,0,1,Pedestrian
95,1298.0,0.0,1361.0,40.0,8077,0,0,1,Pedestrian
95,1298.0,0.0,1361.0,40.0,8078,0,0,1,Pedestrian
95,1298.0,0.0,1361.0,40.0,8079,0,0,1,Pedestrian
95,1298.0,0.0,1361.0,40.0,8080,0,0,1,Pedestrian
95,1298.0,0.0,1361.0,40.0,8081,0,0,1,Pedestrian
95,1298.0,0.0,1361.0,40.0,8082,0,0,1,Pedestrian
95,1298.0,0.0,1361.0,40.0,8083,0,0,1,Pedestrian
95,1295.0,0.0,1361.0,43.0,8084,0,0,1,Pedestrian
95,1295.0,0.0,1361.0,43.0,8085,0,0,1,Pedestrian
95,1295.0,0.0,1361.0,43.0,8086,0,0,1,Pedestrian
95,1295.0,0.0,1361.0,43.0,8087,0,0,1,Pedestrian
95,1295.0,0.0,1361.0,43.0,8088,0,0,1,Pedestrian
95,1295.0,0.0,1361.0,43.0,8089,0,0,1,Pedestrian
95,1295.0,0.0,1361.0,43.0,8090,0,0,1,Pedestrian
95,1295.0,0.0,1361.0,43.0,8091,0,0,1,Pedestrian
95,1295.0,0.0,1361.0,43.0,8092,0,0,1,Pedestrian
95,1295.0,0.0,1361.0,43.0,8093,0,0,1,Pedestrian
95,1295.0,0.0,1361.0,43.0,8094,0,0,1,Pedestrian
95,1295.0,0.0,1361.0,43.0,8095,0,0,1,Pedestrian
95,1295.0,0.0,1361.0,43.0,8096,0,0,1,Pedestrian
95,1295.0,0.0,1361.0,43.0,8097,0,0,1,Pedestrian
95,1295.0,0.0,1361.0,43.0,8098,0,0,1,Pedestrian
95,1295.0,0.0,1361.0,43.0,8099,0,0,1,Pedestrian
95,1295.0,0.0,1361.0,43.0,8100,0,0,1,Pedestrian
95,1295.0,0.0,1361.0,43.0,8101,0,0,1,Pedestrian
95,1295.0,0.0,1361.0,43.0,8102,0,0,1,Pedestrian
95,1295.0,0.0,1361.0,43.0,8103,0,0,1,Pedestrian
95,1295.0,0.0,1361.0,43.0,8104,0,0,1,Pedestrian
95,1295.0,0.0,1361.0,43.0,8105,0,0,1,Pedestrian
95,1295.0,0.0,1361.0,43.0,8106,0,0,1,Pedestrian
95,1295.0,0.0,1361.0,43.0,8107,0,0,1,Pedestrian
95,1295.0,0.0,1361.0,43.0,8108,0,0,1,Pedestrian
95,1295.0,0.0,1361.0,43.0,8109,0,0,1,Pedestrian
95,1295.0,0.0,1361.0,43.0,8110,0,0,1,Pedestrian
95,1295.0,0.0,1361.0,43.0,8111,0,0,1,Pedestrian
95,1295.0,0.0,1361.0,43.0,8112,0,0,1,Pedestrian
95,1295.0,0.0,1361.0,43.0,8113,0,0,1,Pedestrian
95,1295.0,0.0,1361.0,43.0,8114,0,0,1,Pedestrian
95,1295.0,0.0,1361.0,43.0,8115,0,0,1,Pedestrian
95,1295.0,0.0,1361.0,43.0,8116,0,0,1,Pedestrian
95,1295.0,0.0,1361.0,43.0,8117,0,0,1,Pedestrian
95,1295.0,0.0,1361.0,43.0,8118,0,0,1,Pedestrian
95,1295.0,0.0,1361.0,43.0,8119,0,0,1,Pedestrian
95,1295.0,0.0,1361.0,43.0,8120,0,0,1,Pedestrian
95,1295.0,0.0,1361.0,43.0,8121,0,0,1,Pedestrian
95,1295.0,0.0,1361.0,43.0,8122,0,0,1,Pedestrian
95,1295.0,0.0,1361.0,43.0,8123,0,0,1,Pedestrian
95,1295.0,0.0,1361.0,43.0,8124,0,0,1,Pedestrian
95,1295.0,0.0,1361.0,43.0,8125,0,0,1,Pedestrian
95,1292.0,0.0,1361.0,43.0,8126,0,0,1,Pedestrian
95,1292.0,0.0,1361.0,43.0,8127,0,0,1,Pedestrian
95,1292.0,0.0,1361.0,43.0,8128,0,0,1,Pedestrian
95,1292.0,0.0,1361.0,43.0,8129,0,0,1,Pedestrian
95,1292.0,0.0,1361.0,43.0,8130,0,0,1,Pedestrian
95,1292.0,0.0,1361.0,43.0,8131,0,0,1,Pedestrian
95,1292.0,0.0,1361.0,43.0,8132,0,0,1,Pedestrian
95,1292.0,0.0,1361.0,43.0,8133,0,0,1,Pedestrian
95,1292.0,0.0,1361.0,43.0,8134,0,0,1,Pedestrian
95,1292.0,0.0,1361.0,43.0,8135,0,0,1,Pedestrian
95,1292.0,0.0,1361.0,43.0,8136,0,0,1,Pedestrian
95,1292.0,0.0,1361.0,43.0,8137,0,0,1,Pedestrian
95,1292.0,0.0,1361.0,43.0,8138,0,0,1,Pedestrian
95,1292.0,0.0,1361.0,43.0,8139,0,0,1,Pedestrian
95,1292.0,0.0,1361.0,43.0,8140,0,0,1,Pedestrian
95,1292.0,0.0,1361.0,43.0,8141,0,0,1,Pedestrian
95,1292.0,0.0,1361.0,43.0,8142,0,0,1,Pedestrian
95,1292.0,0.0,1361.0,43.0,8143,0,0,1,Pedestrian
95,1292.0,0.0,1361.0,43.0,8144,0,0,1,Pedestrian
95,1292.0,0.0,1361.0,43.0,8145,0,0,1,Pedestrian
95,1292.0,0.0,1361.0,43.0,8146,0,0,1,Pedestrian
95,1292.0,0.0,1361.0,43.0,8147,0,0,1,Pedestrian
95,1292.0,0.0,1361.0,43.0,8148,0,0,1,Pedestrian
95,1292.0,0.0,1361.0,43.0,8149,0,0,1,Pedestrian
95,1292.0,0.0,1361.0,43.0,8150,0,0,1,Pedestrian
95,1292.0,0.0,1361.0,43.0,8151,0,0,1,Pedestrian
95,1292.0,0.0,1361.0,43.0,8152,0,0,1,Pedestrian
95,1292.0,0.0,1361.0,43.0,8153,0,0,1,Pedestrian
95,1292.0,0.0,1361.0,43.0,8154,0,0,1,Pedestrian
95,1292.0,0.0,1361.0,43.0,8155,0,0,1,Pedestrian
95,1292.0,0.0,1361.0,43.0,8156,0,0,1,Pedestrian
95,1292.0,0.0,1361.0,43.0,8157,0,0,1,Pedestrian
95,1292.0,0.0,1361.0,43.0,8158,0,0,1,Pedestrian
95,1292.0,0.0,1361.0,43.0,8159,0,0,1,Pedestrian
95,1292.0,0.0,1361.0,43.0,8160,0,0,1,Pedestrian
95,1292.0,0.0,1361.0,43.0,8161,0,0,1,Pedestrian
95,1292.0,0.0,1361.0,43.0,8162,0,0,1,Pedestrian
95,1292.0,0.0,1361.0,43.0,8163,0,0,1,Pedestrian
95,1292.0,0.0,1361.0,43.0,8164,0,0,1,Pedestrian
95,1292.0,0.0,1361.0,43.0,8165,0,0,1,Pedestrian
95,1292.0,0.0,1361.0,43.0,8166,0,0,1,Pedestrian
95,1289.0,0.0,1361.0,45.0,8167,0,0,1,Pedestrian
95,1289.0,0.0,1361.0,45.0,8168,0,0,1,Pedestrian
95,1289.0,0.0,1361.0,45.0,8169,0,0,1,Pedestrian
95,1289.0,0.0,1361.0,45.0,8170,0,0,1,Pedestrian
95,1289.0,0.0,1361.0,45.0,8171,0,0,1,Pedestrian
95,1289.0,0.0,1361.0,45.0,8172,0,0,1,Pedestrian
95,1289.0,0.0,1361.0,45.0,8173,0,0,1,Pedestrian
95,1289.0,0.0,1361.0,45.0,8174,0,0,1,Pedestrian
95,1289.0,0.0,1361.0,45.0,8175,0,0,1,Pedestrian
95,1289.0,0.0,1361.0,45.0,8176,0,0,1,Pedestrian
95,1289.0,0.0,1361.0,45.0,8177,0,0,1,Pedestrian
95,1289.0,0.0,1361.0,45.0,8178,0,0,1,Pedestrian
95,1289.0,0.0,1361.0,45.0,8179,0,0,1,Pedestrian
95,1289.0,0.0,1361.0,45.0,8180,0,0,1,Pedestrian
95,1289.0,0.0,1361.0,45.0,8181,0,0,1,Pedestrian
95,1289.0,0.0,1361.0,45.0,8182,0,0,1,Pedestrian
95,1289.0,0.0,1361.0,45.0,8183,0,0,1,Pedestrian
95,1289.0,0.0,1361.0,45.0,8184,0,0,1,Pedestrian
95,1289.0,0.0,1361.0,45.0,8185,0,0,1,Pedestrian
95,1289.0,0.0,1361.0,45.0,8186,0,0,1,Pedestrian
95,1289.0,0.0,1361.0,45.0,8187,0,0,1,Pedestrian
95,1289.0,0.0,1361.0,45.0,8188,0,0,1,Pedestrian
95,1289.0,0.0,1361.0,45.0,8189,0,0,1,Pedestrian
95,1289.0,0.0,1361.0,45.0,8190,0,0,1,Pedestrian
95,1289.0,0.0,1361.0,45.0,8191,0,0,1,Pedestrian
95,1289.0,0.0,1361.0,45.0,8192,0,0,1,Pedestrian
95,1289.0,0.0,1361.0,45.0,8193,0,0,1,Pedestrian
95,1289.0,0.0,1361.0,45.0,8194,0,0,1,Pedestrian
95,1289.0,0.0,1361.0,45.0,8195,0,0,1,Pedestrian
95,1289.0,0.0,1361.0,45.0,8196,0,0,1,Pedestrian
95,1289.0,0.0,1361.0,45.0,8197,0,0,1,Pedestrian
95,1289.0,0.0,1361.0,45.0,8198,0,0,1,Pedestrian
95,1289.0,0.0,1361.0,45.0,8199,0,0,1,Pedestrian
95,1289.0,0.0,1361.0,45.0,8200,0,0,1,Pedestrian
95,1289.0,0.0,1361.0,45.0,8201,0,0,1,Pedestrian
95,1289.0,0.0,1361.0,45.0,8202,0,0,1,Pedestrian
95,1289.0,0.0,1361.0,45.0,8203,0,0,1,Pedestrian
95,1289.0,0.0,1361.0,45.0,8204,0,0,1,Pedestrian
95,1289.0,0.0,1361.0,45.0,8205,0,0,1,Pedestrian
95,1289.0,0.0,1361.0,45.0,8206,0,0,1,Pedestrian
95,1289.0,0.0,1361.0,45.0,8207,0,0,1,Pedestrian
95,1289.0,0.0,1361.0,45.0,8208,0,0,1,Pedestrian
95,1287.0,0.0,1361.0,45.0,8209,0,0,1,Pedestrian
95,1287.0,0.0,1361.0,45.0,8210,0,0,1,Pedestrian
95,1287.0,0.0,1361.0,45.0,8211,0,0,1,Pedestrian
95,1287.0,0.0,1361.0,45.0,8212,0,0,1,Pedestrian
95,1287.0,0.0,1361.0,45.0,8213,0,0,1,Pedestrian
95,1287.0,0.0,1361.0,45.0,8214,0,0,1,Pedestrian
95,1287.0,0.0,1361.0,45.0,8215,0,0,1,Pedestrian
95,1287.0,0.0,1361.0,45.0,8216,0,0,1,Pedestrian
95,1287.0,0.0,1361.0,45.0,8217,0,0,1,Pedestrian
95,1287.0,0.0,1361.0,45.0,8218,0,0,1,Pedestrian
95,1287.0,0.0,1361.0,45.0,8219,0,0,1,Pedestrian
95,1287.0,0.0,1361.0,45.0,8220,0,0,1,Pedestrian
95,1287.0,0.0,1361.0,45.0,8221,0,0,1,Pedestrian
95,1287.0,0.0,1361.0,45.0,8222,0,0,1,Pedestrian
95,1287.0,0.0,1361.0,45.0,8223,0,0,1,Pedestrian
95,1287.0,0.0,1361.0,45.0,8224,0,0,1,Pedestrian
95,1287.0,0.0,1361.0,45.0,8225,0,0,1,Pedestrian
95,1287.0,0.0,1361.0,45.0,8226,0,0,1,Pedestrian
95,1287.0,0.0,1361.0,45.0,8227,0,0,1,Pedestrian
95,1287.0,0.0,1361.0,45.0,8228,0,0,1,Pedestrian
95,1287.0,0.0,1361.0,45.0,8229,0,0,1,Pedestrian
95,1287.0,0.0,1361.0,45.0,8230,0,0,1,Pedestrian
95,1287.0,0.0,1361.0,45.0,8231,0,0,1,Pedestrian
95,1287.0,0.0,1361.0,45.0,8232,0,0,1,Pedestrian
95,1287.0,0.0,1361.0,45.0,8233,0,0,1,Pedestrian
95,1287.0,0.0,1361.0,45.0,8234,0,0,1,Pedestrian
95,1287.0,0.0,1361.0,45.0,8235,0,0,1,Pedestrian
95,1287.0,0.0,1361.0,45.0,8236,0,0,1,Pedestrian
95,1287.0,0.0,1361.0,45.0,8237,0,0,1,Pedestrian
95,1287.0,0.0,1361.0,45.0,8238,0,0,1,Pedestrian
95,1287.0,0.0,1361.0,45.0,8239,0,0,1,Pedestrian
95,1287.0,0.0,1361.0,45.0,8240,0,0,1,Pedestrian
95,1287.0,0.0,1361.0,45.0,8241,0,0,1,Pedestrian
95,1287.0,0.0,1361.0,45.0,8242,0,0,1,Pedestrian
95,1287.0,0.0,1361.0,45.0,8243,0,0,1,Pedestrian
95,1287.0,0.0,1361.0,45.0,8244,0,0,1,Pedestrian
95,1287.0,0.0,1361.0,45.0,8245,0,0,1,Pedestrian
95,1287.0,0.0,1361.0,45.0,8246,0,0,1,Pedestrian
95,1287.0,0.0,1361.0,45.0,8247,0,0,1,Pedestrian
95,1287.0,0.0,1361.0,45.0,8248,0,0,1,Pedestrian
95,1287.0,0.0,1361.0,45.0,8249,0,0,1,Pedestrian
95,1287.0,0.0,1361.0,47.0,8250,0,0,1,Pedestrian
95,1284.0,0.0,1361.0,47.0,8251,0,0,1,Pedestrian
95,1284.0,0.0,1361.0,47.0,8252,0,0,1,Pedestrian
95,1284.0,0.0,1361.0,47.0,8253,0,0,1,Pedestrian
95,1284.0,0.0,1361.0,47.0,8254,0,0,1,Pedestrian
95,1284.0,0.0,1361.0,47.0,8255,0,0,1,Pedestrian
95,1284.0,0.0,1361.0,47.0,8256,0,0,1,Pedestrian
95,1284.0,0.0,1361.0,47.0,8257,0,0,1,Pedestrian
95,1284.0,0.0,1361.0,47.0,8258,0,0,1,Pedestrian
95,1284.0,0.0,1361.0,47.0,8259,0,0,1,Pedestrian
95,1284.0,0.0,1361.0,47.0,8260,0,0,1,Pedestrian
95,1284.0,0.0,1361.0,47.0,8261,0,0,1,Pedestrian
95,1284.0,0.0,1361.0,47.0,8262,0,0,1,Pedestrian
95,1284.0,0.0,1361.0,47.0,8263,0,0,1,Pedestrian
95,1284.0,0.0,1361.0,47.0,8264,0,0,1,Pedestrian
95,1284.0,0.0,1361.0,47.0,8265,0,0,1,Pedestrian
95,1284.0,0.0,1361.0,47.0,8266,0,0,1,Pedestrian
95,1284.0,0.0,1361.0,47.0,8267,0,0,1,Pedestrian
95,1284.0,0.0,1361.0,47.0,8268,0,0,1,Pedestrian
95,1284.0,0.0,1361.0,47.0,8269,0,0,1,Pedestrian
95,1284.0,0.0,1361.0,47.0,8270,0,0,1,Pedestrian
95,1284.0,0.0,1361.0,47.0,8271,0,0,1,Pedestrian
95,1284.0,0.0,1361.0,47.0,8272,0,0,1,Pedestrian
95,1284.0,0.0,1361.0,47.0,8273,0,0,1,Pedestrian
95,1284.0,0.0,1361.0,47.0,8274,0,0,1,Pedestrian
95,1284.0,0.0,1361.0,47.0,8275,0,0,1,Pedestrian
95,1284.0,0.0,1361.0,47.0,8276,0,0,1,Pedestrian
95,1284.0,0.0,1361.0,47.0,8277,0,0,1,Pedestrian
95,1284.0,0.0,1361.0,47.0,8278,0,0,1,Pedestrian
95,1284.0,0.0,1361.0,47.0,8279,0,0,1,Pedestrian
95,1284.0,0.0,1361.0,47.0,8280,0,0,1,Pedestrian
95,1284.0,0.0,1361.0,47.0,8281,0,0,1,Pedestrian
95,1284.0,0.0,1361.0,47.0,8282,0,0,1,Pedestrian
95,1284.0,0.0,1361.0,47.0,8283,0,0,1,Pedestrian
95,1284.0,0.0,1361.0,47.0,8284,0,0,1,Pedestrian
95,1284.0,0.0,1361.0,47.0,8285,0,0,1,Pedestrian
95,1284.0,0.0,1361.0,47.0,8286,0,0,1,Pedestrian
95,1284.0,0.0,1361.0,47.0,8287,0,0,1,Pedestrian
95,1284.0,0.0,1361.0,47.0,8288,0,0,1,Pedestrian
95,1284.0,0.0,1361.0,47.0,8289,0,0,1,Pedestrian
95,1284.0,0.0,1361.0,47.0,8290,0,0,1,Pedestrian
95,1284.0,0.0,1361.0,47.0,8291,0,0,1,Pedestrian
95,1281.0,0.0,1361.0,47.0,8292,0,0,1,Pedestrian
95,1281.0,0.0,1361.0,47.0,8293,0,0,1,Pedestrian
95,1281.0,0.0,1361.0,47.0,8294,0,0,1,Pedestrian
95,1281.0,0.0,1361.0,47.0,8295,0,0,1,Pedestrian
95,1281.0,0.0,1361.0,47.0,8296,0,0,1,Pedestrian
95,1281.0,0.0,1361.0,47.0,8297,0,0,1,Pedestrian
95,1281.0,0.0,1361.0,47.0,8298,0,0,1,Pedestrian
95,1281.0,0.0,1361.0,47.0,8299,0,0,1,Pedestrian
95,1281.0,0.0,1361.0,47.0,8300,0,0,1,Pedestrian
95,1281.0,0.0,1361.0,47.0,8301,0,0,1,Pedestrian
95,1281.0,0.0,1361.0,47.0,8302,0,0,1,Pedestrian
95,1281.0,0.0,1361.0,47.0,8303,0,0,1,Pedestrian
95,1281.0,0.0,1361.0,47.0,8304,0,0,1,Pedestrian
95,1281.0,0.0,1361.0,47.0,8305,0,0,1,Pedestrian
95,1281.0,0.0,1361.0,47.0,8306,0,0,1,Pedestrian
95,1281.0,0.0,1361.0,47.0,8307,0,0,1,Pedestrian
95,1281.0,0.0,1361.0,47.0,8308,0,0,1,Pedestrian
95,1281.0,0.0,1361.0,47.0,8309,0,0,1,Pedestrian
95,1281.0,0.0,1361.0,47.0,8310,0,0,1,Pedestrian
95,1281.0,0.0,1361.0,47.0,8311,0,0,1,Pedestrian
95,1281.0,0.0,1361.0,47.0,8312,0,0,1,Pedestrian
95,1281.0,0.0,1361.0,47.0,8313,0,0,1,Pedestrian
95,1281.0,0.0,1361.0,47.0,8314,0,0,1,Pedestrian
95,1281.0,0.0,1361.0,47.0,8315,0,0,1,Pedestrian
95,1281.0,0.0,1361.0,47.0,8316,0,0,1,Pedestrian
95,1281.0,0.0,1361.0,47.0,8317,0,0,1,Pedestrian
95,1281.0,0.0,1361.0,47.0,8318,0,0,1,Pedestrian
95,1281.0,0.0,1361.0,47.0,8319,0,0,1,Pedestrian
95,1281.0,0.0,1361.0,47.0,8320,0,0,1,Pedestrian
95,1281.0,0.0,1361.0,47.0,8321,0,0,1,Pedestrian
95,1281.0,0.0,1361.0,47.0,8322,0,0,1,Pedestrian
95,1281.0,0.0,1361.0,47.0,8323,0,0,1,Pedestrian
95,1281.0,0.0,1361.0,47.0,8324,0,0,1,Pedestrian
95,1281.0,0.0,1361.0,47.0,8325,0,0,1,Pedestrian
95,1281.0,0.0,1361.0,47.0,8326,0,0,1,Pedestrian
95,1281.0,0.0,1361.0,47.0,8327,0,0,1,Pedestrian
95,1281.0,0.0,1361.0,47.0,8328,0,0,1,Pedestrian
95,1281.0,0.0,1361.0,47.0,8329,0,0,1,Pedestrian
95,1281.0,0.0,1361.0,47.0,8330,0,0,1,Pedestrian
95,1281.0,0.0,1361.0,47.0,8331,0,0,1,Pedestrian
95,1281.0,0.0,1361.0,47.0,8332,0,0,1,Pedestrian
95,1281.0,0.0,1361.0,47.0,8333,0,0,1,Pedestrian
95,1278.0,0.0,1361.0,50.0,8334,0,0,1,Pedestrian
95,1278.0,0.0,1361.0,50.0,8335,0,0,1,Pedestrian
95,1278.0,0.0,1361.0,50.0,8336,0,0,1,Pedestrian
95,1278.0,0.0,1361.0,50.0,8337,0,0,1,Pedestrian
95,1278.0,0.0,1361.0,50.0,8338,0,0,1,Pedestrian
95,1278.0,0.0,1361.0,50.0,8339,0,0,1,Pedestrian
95,1278.0,0.0,1361.0,50.0,8340,0,0,1,Pedestrian
95,1278.0,0.0,1361.0,50.0,8341,0,0,1,Pedestrian
95,1278.0,0.0,1361.0,50.0,8342,0,0,1,Pedestrian
95,1278.0,0.0,1361.0,50.0,8343,0,0,1,Pedestrian
95,1278.0,0.0,1361.0,50.0,8344,0,0,1,Pedestrian
95,1278.0,0.0,1361.0,50.0,8345,0,0,1,Pedestrian
95,1278.0,0.0,1361.0,50.0,8346,0,0,1,Pedestrian
95,1278.0,0.0,1361.0,50.0,8347,0,0,1,Pedestrian
95,1278.0,0.0,1361.0,50.0,8348,0,0,1,Pedestrian
95,1278.0,0.0,1361.0,50.0,8349,0,0,1,Pedestrian
95,1278.0,0.0,1361.0,50.0,8350,0,0,1,Pedestrian
95,1278.0,0.0,1361.0,50.0,8351,0,0,1,Pedestrian
95,1278.0,0.0,1361.0,50.0,8352,0,0,1,Pedestrian
95,1278.0,0.0,1361.0,50.0,8353,0,0,1,Pedestrian
95,1278.0,0.0,1361.0,50.0,8354,0,0,1,Pedestrian
95,1278.0,0.0,1361.0,50.0,8355,0,0,1,Pedestrian
95,1278.0,0.0,1361.0,50.0,8356,0,0,1,Pedestrian
95,1278.0,0.0,1361.0,50.0,8357,0,0,1,Pedestrian
95,1278.0,0.0,1361.0,50.0,8358,0,0,1,Pedestrian
95,1278.0,0.0,1361.0,50.0,8359,0,0,1,Pedestrian
95,1278.0,0.0,1361.0,50.0,8360,0,0,1,Pedestrian
95,1278.0,0.0,1361.0,50.0,8361,0,0,1,Pedestrian
95,1278.0,0.0,1361.0,50.0,8362,0,0,1,Pedestrian
95,1278.0,0.0,1361.0,50.0,8363,0,0,1,Pedestrian
95,1278.0,0.0,1361.0,50.0,8364,0,0,1,Pedestrian
95,1278.0,0.0,1361.0,50.0,8365,0,0,1,Pedestrian
95,1278.0,0.0,1361.0,50.0,8366,0,0,1,Pedestrian
95,1278.0,0.0,1361.0,50.0,8367,0,0,1,Pedestrian
95,1278.0,0.0,1361.0,50.0,8368,0,0,1,Pedestrian
95,1278.0,0.0,1361.0,50.0,8369,0,0,1,Pedestrian
95,1278.0,0.0,1361.0,50.0,8370,0,0,1,Pedestrian
95,1278.0,0.0,1361.0,50.0,8371,0,0,1,Pedestrian
95,1278.0,0.0,1361.0,50.0,8372,0,0,1,Pedestrian
95,1278.0,0.0,1361.0,50.0,8373,0,0,1,Pedestrian
95,1278.0,0.0,1361.0,50.0,8374,0,0,1,Pedestrian
95,1278.0,0.0,1361.0,50.0,8375,0,0,1,Pedestrian
95,1276.0,0.0,1361.0,50.0,8376,0,0,1,Pedestrian
95,1276.0,0.0,1361.0,50.0,8377,0,0,1,Pedestrian
95,1276.0,0.0,1361.0,50.0,8378,0,0,1,Pedestrian
95,1276.0,0.0,1361.0,50.0,8379,0,0,1,Pedestrian
95,1276.0,0.0,1361.0,50.0,8380,0,0,1,Pedestrian
95,1276.0,0.0,1361.0,50.0,8381,0,0,1,Pedestrian
95,1276.0,0.0,1361.0,50.0,8382,0,0,1,Pedestrian
95,1276.0,0.0,1361.0,50.0,8383,0,0,1,Pedestrian
95,1276.0,0.0,1361.0,50.0,8384,0,0,1,Pedestrian
95,1276.0,0.0,1361.0,50.0,8385,0,0,1,Pedestrian
95,1276.0,0.0,1361.0,50.0,8386,0,0,1,Pedestrian
95,1276.0,0.0,1361.0,50.0,8387,0,0,1,Pedestrian
95,1276.0,0.0,1361.0,50.0,8388,0,0,1,Pedestrian
95,1276.0,0.0,1361.0,50.0,8389,0,0,1,Pedestrian
95,1276.0,0.0,1361.0,50.0,8390,0,0,1,Pedestrian
95,1276.0,0.0,1361.0,50.0,8391,0,0,1,Pedestrian
95,1276.0,0.0,1361.0,50.0,8392,0,0,1,Pedestrian
95,1276.0,0.0,1361.0,50.0,8393,0,0,1,Pedestrian
95,1276.0,0.0,1361.0,50.0,8394,0,0,1,Pedestrian
95,1276.0,0.0,1361.0,50.0,8395,0,0,1,Pedestrian
95,1276.0,0.0,1361.0,50.0,8396,0,0,1,Pedestrian
95,1276.0,0.0,1361.0,50.0,8397,0,0,1,Pedestrian
95,1276.0,0.0,1361.0,50.0,8398,0,0,1,Pedestrian
95,1276.0,0.0,1361.0,50.0,8399,0,0,1,Pedestrian
95,1276.0,0.0,1361.0,50.0,8400,0,0,1,Pedestrian
95,1276.0,0.0,1361.0,50.0,8401,0,0,1,Pedestrian
95,1276.0,0.0,1361.0,50.0,8402,0,0,1,Pedestrian
95,1276.0,0.0,1361.0,50.0,8403,0,0,1,Pedestrian
95,1276.0,0.0,1361.0,50.0,8404,0,0,1,Pedestrian
95,1276.0,0.0,1361.0,50.0,8405,0,0,1,Pedestrian
95,1276.0,0.0,1361.0,50.0,8406,0,0,1,Pedestrian
95,1276.0,0.0,1361.0,50.0,8407,0,0,1,Pedestrian
95,1276.0,0.0,1361.0,50.0,8408,0,0,1,Pedestrian
95,1276.0,0.0,1361.0,50.0,8409,0,0,1,Pedestrian
95,1276.0,0.0,1361.0,50.0,8410,0,0,1,Pedestrian
95,1276.0,0.0,1361.0,50.0,8411,0,0,1,Pedestrian
95,1276.0,0.0,1361.0,50.0,8412,0,0,1,Pedestrian
95,1276.0,0.0,1361.0,50.0,8413,0,0,1,Pedestrian
95,1276.0,0.0,1361.0,50.0,8414,0,0,1,Pedestrian
95,1276.0,0.0,1361.0,50.0,8415,0,0,1,Pedestrian
95,1276.0,0.0,1361.0,50.0,8416,0,0,1,Pedestrian
95,1273.0,0.0,1361.0,52.0,8417,0,0,1,Pedestrian
95,1273.0,0.0,1361.0,52.0,8418,0,0,1,Pedestrian
95,1273.0,0.0,1361.0,52.0,8419,0,0,1,Pedestrian
95,1273.0,0.0,1361.0,52.0,8420,0,0,1,Pedestrian
95,1273.0,0.0,1361.0,52.0,8421,0,0,1,Pedestrian
95,1273.0,0.0,1361.0,52.0,8422,0,0,1,Pedestrian
95,1273.0,0.0,1361.0,52.0,8423,0,0,1,Pedestrian
95,1273.0,0.0,1361.0,52.0,8424,0,0,1,Pedestrian
95,1273.0,0.0,1361.0,52.0,8425,0,0,1,Pedestrian
95,1273.0,0.0,1361.0,52.0,8426,0,0,1,Pedestrian
95,1273.0,0.0,1361.0,52.0,8427,0,0,1,Pedestrian
95,1273.0,0.0,1361.0,52.0,8428,0,0,1,Pedestrian
95,1273.0,0.0,1361.0,52.0,8429,0,0,1,Pedestrian
95,1273.0,0.0,1361.0,52.0,8430,0,0,1,Pedestrian
95,1273.0,0.0,1361.0,52.0,8431,0,0,1,Pedestrian
95,1273.0,0.0,1361.0,52.0,8432,0,0,1,Pedestrian
95,1273.0,0.0,1361.0,52.0,8433,0,0,1,Pedestrian
95,1273.0,0.0,1361.0,52.0,8434,0,0,1,Pedestrian
95,1273.0,0.0,1361.0,52.0,8435,0,0,1,Pedestrian
95,1273.0,0.0,1361.0,52.0,8436,0,0,1,Pedestrian
95,1273.0,0.0,1361.0,52.0,8437,0,0,1,Pedestrian
95,1273.0,0.0,1361.0,52.0,8438,0,0,1,Pedestrian
95,1273.0,0.0,1361.0,52.0,8439,0,0,1,Pedestrian
95,1273.0,0.0,1361.0,52.0,8440,0,0,1,Pedestrian
95,1273.0,0.0,1361.0,52.0,8441,0,0,1,Pedestrian
95,1273.0,0.0,1361.0,52.0,8442,0,0,1,Pedestrian
95,1273.0,0.0,1361.0,52.0,8443,0,0,1,Pedestrian
95,1273.0,0.0,1361.0,52.0,8444,0,0,1,Pedestrian
95,1273.0,0.0,1361.0,52.0,8445,0,0,1,Pedestrian
95,1273.0,0.0,1361.0,52.0,8446,0,0,1,Pedestrian
95,1273.0,0.0,1361.0,52.0,8447,0,0,1,Pedestrian
95,1273.0,0.0,1361.0,52.0,8448,0,0,1,Pedestrian
95,1273.0,0.0,1361.0,52.0,8449,0,0,1,Pedestrian
95,1273.0,0.0,1361.0,52.0,8450,0,0,1,Pedestrian
95,1273.0,0.0,1361.0,52.0,8451,0,0,1,Pedestrian
95,1273.0,0.0,1361.0,52.0,8452,0,0,1,Pedestrian
95,1273.0,0.0,1361.0,52.0,8453,0,0,1,Pedestrian
95,1273.0,0.0,1361.0,52.0,8454,0,0,1,Pedestrian
95,1273.0,0.0,1361.0,52.0,8455,0,0,1,Pedestrian
95,1273.0,0.0,1361.0,52.0,8456,0,0,1,Pedestrian
95,1273.0,0.0,1361.0,52.0,8457,0,0,1,Pedestrian
95,1273.0,0.0,1361.0,52.0,8458,0,0,1,Pedestrian
95,1270.0,0.0,1361.0,52.0,8459,0,0,1,Pedestrian
95,1270.0,0.0,1361.0,52.0,8460,0,0,1,Pedestrian
95,1270.0,0.0,1361.0,52.0,8461,0,0,1,Pedestrian
95,1270.0,0.0,1361.0,52.0,8462,0,0,1,Pedestrian
95,1270.0,0.0,1361.0,52.0,8463,0,0,1,Pedestrian
95,1270.0,0.0,1361.0,52.0,8464,0,0,1,Pedestrian
95,1270.0,0.0,1361.0,52.0,8465,0,0,1,Pedestrian
95,1270.0,0.0,1361.0,52.0,8466,0,0,1,Pedestrian
95,1270.0,0.0,1361.0,52.0,8467,0,0,1,Pedestrian
95,1270.0,0.0,1361.0,52.0,8468,0,0,1,Pedestrian
95,1270.0,0.0,1361.0,52.0,8469,0,0,1,Pedestrian
95,1270.0,0.0,1361.0,52.0,8470,0,0,1,Pedestrian
95,1270.0,0.0,1361.0,52.0,8471,0,0,1,Pedestrian
95,1270.0,0.0,1361.0,52.0,8472,0,0,1,Pedestrian
95,1270.0,0.0,1361.0,52.0,8473,0,0,1,Pedestrian
95,1270.0,0.0,1361.0,52.0,8474,0,0,1,Pedestrian
95,1270.0,0.0,1361.0,52.0,8475,0,0,1,Pedestrian
95,1270.0,0.0,1361.0,52.0,8476,0,0,1,Pedestrian
95,1270.0,0.0,1361.0,52.0,8477,0,0,1,Pedestrian
95,1270.0,0.0,1361.0,52.0,8478,0,0,1,Pedestrian
95,1270.0,0.0,1361.0,52.0,8479,0,0,1,Pedestrian
95,1270.0,0.0,1361.0,52.0,8480,0,0,1,Pedestrian
95,1270.0,0.0,1361.0,52.0,8481,0,0,1,Pedestrian
95,1270.0,0.0,1361.0,52.0,8482,0,0,1,Pedestrian
95,1270.0,0.0,1361.0,52.0,8483,0,0,1,Pedestrian
95,1270.0,0.0,1361.0,52.0,8484,0,0,1,Pedestrian
95,1270.0,0.0,1361.0,52.0,8485,0,0,1,Pedestrian
95,1270.0,0.0,1361.0,52.0,8486,0,0,1,Pedestrian
95,1270.0,0.0,1361.0,52.0,8487,0,0,1,Pedestrian
95,1270.0,0.0,1361.0,52.0,8488,0,0,1,Pedestrian
95,1270.0,0.0,1361.0,52.0,8489,0,0,1,Pedestrian
95,1270.0,0.0,1361.0,52.0,8490,0,0,1,Pedestrian
95,1270.0,0.0,1361.0,52.0,8491,0,0,1,Pedestrian
95,1270.0,0.0,1361.0,52.0,8492,0,0,1,Pedestrian
95,1270.0,0.0,1361.0,52.0,8493,0,0,1,Pedestrian
95,1270.0,0.0,1361.0,52.0,8494,0,0,1,Pedestrian
95,1270.0,0.0,1361.0,52.0,8495,0,0,1,Pedestrian
95,1270.0,0.0,1361.0,52.0,8496,0,0,1,Pedestrian
95,1270.0,0.0,1361.0,52.0,8497,0,0,1,Pedestrian
95,1270.0,0.0,1361.0,52.0,8498,0,0,1,Pedestrian
95,1270.0,0.0,1361.0,52.0,8499,0,0,1,Pedestrian
95,1270.0,0.0,1361.0,54.0,8500,0,0,0,Pedestrian
95,1270.0,0.0,1361.0,52.0,8501,0,0,1,Pedestrian
95,1270.0,0.0,1361.0,52.0,8502,0,0,1,Pedestrian
95,1270.0,0.0,1361.0,52.0,8503,0,0,1,Pedestrian
95,1270.0,0.0,1361.0,52.0,8504,0,0,1,Pedestrian
95,1270.0,0.0,1361.0,52.0,8505,0,0,1,Pedestrian
95,1270.0,0.0,1361.0,52.0,8506,0,0,1,Pedestrian
95,1270.0,0.0,1361.0,52.0,8507,0,0,1,Pedestrian
95,1270.0,0.0,1361.0,52.0,8508,0,0,1,Pedestrian
95,1270.0,0.0,1361.0,52.0,8509,0,0,1,Pedestrian
95,1270.0,0.0,1361.0,52.0,8510,0,0,1,Pedestrian
95,1270.0,0.0,1361.0,52.0,8511,0,0,1,Pedestrian
95,1270.0,0.0,1361.0,52.0,8512,0,0,1,Pedestrian
95,1270.0,0.0,1361.0,52.0,8513,0,0,1,Pedestrian
95,1270.0,0.0,1361.0,52.0,8514,0,0,1,Pedestrian
95,1270.0,0.0,1361.0,52.0,8515,0,0,1,Pedestrian
95,1270.0,0.0,1361.0,52.0,8516,0,0,1,Pedestrian
95,1270.0,0.0,1361.0,52.0,8517,0,0,1,Pedestrian
95,1270.0,0.0,1361.0,52.0,8518,0,0,1,Pedestrian
95,1270.0,0.0,1361.0,52.0,8519,0,0,1,Pedestrian
95,1270.0,0.0,1361.0,52.0,8520,0,0,1,Pedestrian
95,1270.0,0.0,1361.0,52.0,8521,0,0,1,Pedestrian
95,1270.0,0.0,1361.0,52.0,8522,0,0,1,Pedestrian
95,1270.0,0.0,1361.0,52.0,8523,0,0,1,Pedestrian
95,1270.0,0.0,1361.0,52.0,8524,0,0,1,Pedestrian
95,1270.0,0.0,1361.0,52.0,8525,0,0,1,Pedestrian
95,1270.0,0.0,1361.0,52.0,8526,0,0,1,Pedestrian
95,1270.0,0.0,1361.0,52.0,8527,0,0,1,Pedestrian
95,1270.0,0.0,1361.0,52.0,8528,0,0,1,Pedestrian
95,1270.0,0.0,1361.0,52.0,8529,0,0,1,Pedestrian
95,1270.0,0.0,1361.0,52.0,8530,0,0,1,Pedestrian
95,1270.0,0.0,1361.0,52.0,8531,0,0,1,Pedestrian
95,1270.0,0.0,1361.0,52.0,8532,0,0,1,Pedestrian
95,1270.0,0.0,1361.0,52.0,8533,0,0,1,Pedestrian
95,1270.0,0.0,1361.0,52.0,8534,0,0,1,Pedestrian
95,1270.0,0.0,1361.0,52.0,8535,0,0,1,Pedestrian
95,1270.0,0.0,1361.0,52.0,8536,0,0,1,Pedestrian
95,1270.0,0.0,1361.0,52.0,8537,0,0,1,Pedestrian
95,1270.0,0.0,1361.0,52.0,8538,0,0,1,Pedestrian
95,1270.0,0.0,1361.0,52.0,8539,0,0,1,Pedestrian
95,1270.0,0.0,1361.0,52.0,8540,0,0,1,Pedestrian
95,1270.0,0.0,1361.0,52.0,8541,0,0,1,Pedestrian
95,1270.0,0.0,1361.0,52.0,8542,0,0,1,Pedestrian
95,1270.0,0.0,1361.0,52.0,8543,0,0,1,Pedestrian
95,1270.0,0.0,1361.0,52.0,8544,0,0,1,Pedestrian
95,1270.0,0.0,1361.0,52.0,8545,0,0,1,Pedestrian
95,1270.0,0.0,1361.0,52.0,8546,0,0,1,Pedestrian
95,1270.0,0.0,1361.0,52.0,8547,0,0,1,Pedestrian
95,1270.0,0.0,1361.0,52.0,8548,0,0,1,Pedestrian
95,1270.0,0.0,1361.0,52.0,8549,0,0,1,Pedestrian
95,1270.0,0.0,1361.0,52.0,8550,0,0,1,Pedestrian
95,1270.0,0.0,1361.0,52.0,8551,0,0,1,Pedestrian
95,1270.0,0.0,1361.0,52.0,8552,0,0,1,Pedestrian
95,1270.0,0.0,1361.0,52.0,8553,0,0,1,Pedestrian
95,1270.0,0.0,1361.0,52.0,8554,0,0,1,Pedestrian
95,1270.0,0.0,1361.0,52.0,8555,0,0,1,Pedestrian
95,1270.0,0.0,1361.0,52.0,8556,0,0,1,Pedestrian
95,1270.0,0.0,1361.0,52.0,8557,0,0,1,Pedestrian
95,1270.0,0.0,1361.0,52.0,8558,0,0,1,Pedestrian
95,1270.0,0.0,1361.0,52.0,8559,0,0,1,Pedestrian
95,1270.0,0.0,1361.0,52.0,8560,0,0,1,Pedestrian
95,1270.0,0.0,1361.0,52.0,8561,0,0,1,Pedestrian
95,1270.0,0.0,1361.0,52.0,8562,0,0,1,Pedestrian
95,1273.0,0.0,1361.0,52.0,8563,0,0,1,Pedestrian
95,1273.0,0.0,1361.0,52.0,8564,0,0,1,Pedestrian
95,1273.0,0.0,1361.0,52.0,8565,0,0,1,Pedestrian
95,1273.0,0.0,1361.0,52.0,8566,0,0,1,Pedestrian
95,1273.0,0.0,1361.0,52.0,8567,0,0,1,Pedestrian
95,1273.0,0.0,1361.0,52.0,8568,0,0,1,Pedestrian
95,1273.0,0.0,1361.0,52.0,8569,0,0,1,Pedestrian
95,1273.0,0.0,1361.0,52.0,8570,0,0,1,Pedestrian
95,1273.0,0.0,1361.0,52.0,8571,0,0,1,Pedestrian
95,1273.0,0.0,1361.0,52.0,8572,0,0,1,Pedestrian
95,1273.0,0.0,1361.0,52.0,8573,0,0,1,Pedestrian
95,1273.0,0.0,1361.0,52.0,8574,0,0,1,Pedestrian
95,1273.0,0.0,1361.0,52.0,8575,0,0,1,Pedestrian
95,1273.0,0.0,1361.0,52.0,8576,0,0,1,Pedestrian
95,1273.0,0.0,1361.0,52.0,8577,0,0,1,Pedestrian
95,1273.0,0.0,1361.0,52.0,8578,0,0,1,Pedestrian
95,1273.0,0.0,1361.0,52.0,8579,0,0,1,Pedestrian
95,1273.0,0.0,1361.0,52.0,8580,0,0,1,Pedestrian
95,1273.0,0.0,1361.0,52.0,8581,0,0,1,Pedestrian
95,1273.0,0.0,1361.0,52.0,8582,0,0,1,Pedestrian
95,1273.0,0.0,1361.0,52.0,8583,0,0,1,Pedestrian
95,1273.0,0.0,1361.0,52.0,8584,0,0,1,Pedestrian
95,1273.0,0.0,1361.0,52.0,8585,0,0,1,Pedestrian
95,1273.0,0.0,1361.0,52.0,8586,0,0,1,Pedestrian
95,1273.0,0.0,1361.0,52.0,8587,0,0,1,Pedestrian
95,1273.0,0.0,1361.0,52.0,8588,0,0,1,Pedestrian
95,1273.0,0.0,1361.0,52.0,8589,0,0,1,Pedestrian
95,1273.0,0.0,1361.0,52.0,8590,0,0,1,Pedestrian
95,1273.0,0.0,1361.0,52.0,8591,0,0,1,Pedestrian
95,1273.0,0.0,1361.0,52.0,8592,0,0,1,Pedestrian
95,1273.0,0.0,1361.0,52.0,8593,0,0,1,Pedestrian
95,1273.0,0.0,1361.0,52.0,8594,0,0,1,Pedestrian
95,1273.0,0.0,1361.0,52.0,8595,0,0,1,Pedestrian
95,1273.0,0.0,1361.0,52.0,8596,0,0,1,Pedestrian
95,1273.0,0.0,1361.0,52.0,8597,0,0,1,Pedestrian
95,1273.0,0.0,1361.0,52.0,8598,0,0,1,Pedestrian
95,1273.0,0.0,1361.0,52.0,8599,0,0,1,Pedestrian
95,1273.0,0.0,1361.0,52.0,8600,0,0,1,Pedestrian
95,1273.0,0.0,1361.0,52.0,8601,0,0,1,Pedestrian
95,1273.0,0.0,1361.0,52.0,8602,0,0,1,Pedestrian
95,1273.0,0.0,1361.0,52.0,8603,0,0,1,Pedestrian
95,1273.0,0.0,1361.0,52.0,8604,0,0,1,Pedestrian
95,1273.0,0.0,1361.0,52.0,8605,0,0,1,Pedestrian
95,1273.0,0.0,1361.0,52.0,8606,0,0,1,Pedestrian
95,1273.0,0.0,1361.0,52.0,8607,0,0,1,Pedestrian
95,1273.0,0.0,1361.0,52.0,8608,0,0,1,Pedestrian
95,1273.0,0.0,1361.0,52.0,8609,0,0,1,Pedestrian
95,1273.0,0.0,1361.0,52.0,8610,0,0,1,Pedestrian
95,1273.0,0.0,1361.0,52.0,8611,0,0,1,Pedestrian
95,1273.0,0.0,1361.0,52.0,8612,0,0,1,Pedestrian
95,1273.0,0.0,1361.0,52.0,8613,0,0,1,Pedestrian
95,1273.0,0.0,1361.0,52.0,8614,0,0,1,Pedestrian
95,1273.0,0.0,1361.0,52.0,8615,0,0,1,Pedestrian
95,1273.0,0.0,1361.0,52.0,8616,0,0,1,Pedestrian
95,1273.0,0.0,1361.0,52.0,8617,0,0,1,Pedestrian
95,1273.0,0.0,1361.0,52.0,8618,0,0,1,Pedestrian
95,1273.0,0.0,1361.0,52.0,8619,0,0,1,Pedestrian
95,1273.0,0.0,1361.0,52.0,8620,0,0,1,Pedestrian
95,1273.0,0.0,1361.0,52.0,8621,0,0,1,Pedestrian
95,1273.0,0.0,1361.0,52.0,8622,0,0,1,Pedestrian
95,1273.0,0.0,1361.0,52.0,8623,0,0,1,Pedestrian
95,1273.0,0.0,1361.0,52.0,8624,0,0,1,Pedestrian
95,1276.0,0.0,1361.0,52.0,8625,0,0,1,Pedestrian
95,1276.0,0.0,1361.0,52.0,8626,0,0,1,Pedestrian
95,1276.0,0.0,1361.0,52.0,8627,0,0,1,Pedestrian
95,1276.0,0.0,1361.0,52.0,8628,0,0,1,Pedestrian
95,1276.0,0.0,1361.0,52.0,8629,0,0,1,Pedestrian
95,1276.0,0.0,1361.0,52.0,8630,0,0,1,Pedestrian
95,1276.0,0.0,1361.0,52.0,8631,0,0,1,Pedestrian
95,1276.0,0.0,1361.0,52.0,8632,0,0,1,Pedestrian
95,1276.0,0.0,1361.0,52.0,8633,0,0,1,Pedestrian
95,1276.0,0.0,1361.0,52.0,8634,0,0,1,Pedestrian
95,1276.0,0.0,1361.0,52.0,8635,0,0,1,Pedestrian
95,1276.0,0.0,1361.0,52.0,8636,0,0,1,Pedestrian
95,1276.0,0.0,1361.0,52.0,8637,0,0,1,Pedestrian
95,1276.0,0.0,1361.0,52.0,8638,0,0,1,Pedestrian
95,1276.0,0.0,1361.0,52.0,8639,0,0,1,Pedestrian
95,1276.0,0.0,1361.0,52.0,8640,0,0,1,Pedestrian
95,1276.0,0.0,1361.0,52.0,8641,0,0,1,Pedestrian
95,1276.0,0.0,1361.0,52.0,8642,0,0,1,Pedestrian
95,1276.0,0.0,1361.0,52.0,8643,0,0,1,Pedestrian
95,1276.0,0.0,1361.0,52.0,8644,0,0,1,Pedestrian
95,1276.0,0.0,1361.0,52.0,8645,0,0,1,Pedestrian
95,1276.0,0.0,1361.0,52.0,8646,0,0,1,Pedestrian
95,1276.0,0.0,1361.0,52.0,8647,0,0,1,Pedestrian
95,1276.0,0.0,1361.0,52.0,8648,0,0,1,Pedestrian
95,1276.0,0.0,1361.0,52.0,8649,0,0,1,Pedestrian
95,1276.0,0.0,1361.0,52.0,8650,0,0,1,Pedestrian
95,1276.0,0.0,1361.0,52.0,8651,0,0,1,Pedestrian
95,1276.0,0.0,1361.0,52.0,8652,0,0,1,Pedestrian
95,1276.0,0.0,1361.0,52.0,8653,0,0,1,Pedestrian
95,1276.0,0.0,1361.0,52.0,8654,0,0,1,Pedestrian
95,1276.0,0.0,1361.0,52.0,8655,0,0,1,Pedestrian
95,1276.0,0.0,1361.0,52.0,8656,0,0,1,Pedestrian
95,1276.0,0.0,1361.0,52.0,8657,0,0,1,Pedestrian
95,1276.0,0.0,1361.0,52.0,8658,0,0,1,Pedestrian
95,1276.0,0.0,1361.0,52.0,8659,0,0,1,Pedestrian
95,1276.0,0.0,1361.0,52.0,8660,0,0,1,Pedestrian
95,1276.0,0.0,1361.0,52.0,8661,0,0,1,Pedestrian
95,1276.0,0.0,1361.0,52.0,8662,0,0,1,Pedestrian
95,1276.0,0.0,1361.0,52.0,8663,0,0,1,Pedestrian
95,1276.0,0.0,1361.0,52.0,8664,0,0,1,Pedestrian
95,1276.0,0.0,1361.0,52.0,8665,0,0,1,Pedestrian
95,1276.0,0.0,1361.0,52.0,8666,0,0,1,Pedestrian
95,1276.0,0.0,1361.0,52.0,8667,0,0,1,Pedestrian
95,1276.0,0.0,1361.0,52.0,8668,0,0,1,Pedestrian
95,1276.0,0.0,1361.0,52.0,8669,0,0,1,Pedestrian
95,1276.0,0.0,1361.0,52.0,8670,0,0,1,Pedestrian
95,1276.0,0.0,1361.0,52.0,8671,0,0,1,Pedestrian
95,1276.0,0.0,1361.0,52.0,8672,0,0,1,Pedestrian
95,1276.0,0.0,1361.0,52.0,8673,0,0,1,Pedestrian
95,1276.0,0.0,1361.0,52.0,8674,0,0,1,Pedestrian
95,1276.0,0.0,1361.0,52.0,8675,0,0,1,Pedestrian
95,1276.0,0.0,1361.0,52.0,8676,0,0,1,Pedestrian
95,1276.0,0.0,1361.0,52.0,8677,0,0,1,Pedestrian
95,1276.0,0.0,1361.0,52.0,8678,0,0,1,Pedestrian
95,1276.0,0.0,1361.0,52.0,8679,0,0,1,Pedestrian
95,1276.0,0.0,1361.0,52.0,8680,0,0,1,Pedestrian
95,1276.0,0.0,1361.0,52.0,8681,0,0,1,Pedestrian
95,1276.0,0.0,1361.0,52.0,8682,0,0,1,Pedestrian
95,1276.0,0.0,1361.0,52.0,8683,0,0,1,Pedestrian
95,1276.0,0.0,1361.0,52.0,8684,0,0,1,Pedestrian
95,1276.0,0.0,1361.0,52.0,8685,0,0,1,Pedestrian
95,1276.0,0.0,1361.0,52.0,8686,0,0,1,Pedestrian
95,1276.0,0.0,1361.0,52.0,8687,0,0,1,Pedestrian
95,1278.0,0.0,1361.0,52.0,8688,0,0,1,Pedestrian
95,1278.0,0.0,1361.0,52.0,8689,0,0,1,Pedestrian
95,1278.0,0.0,1361.0,52.0,8690,0,0,1,Pedestrian
95,1278.0,0.0,1361.0,52.0,8691,0,0,1,Pedestrian
95,1278.0,0.0,1361.0,52.0,8692,0,0,1,Pedestrian
95,1278.0,0.0,1361.0,52.0,8693,0,0,1,Pedestrian
95,1278.0,0.0,1361.0,52.0,8694,0,0,1,Pedestrian
95,1278.0,0.0,1361.0,52.0,8695,0,0,1,Pedestrian
95,1278.0,0.0,1361.0,52.0,8696,0,0,1,Pedestrian
95,1278.0,0.0,1361.0,52.0,8697,0,0,1,Pedestrian
95,1278.0,0.0,1361.0,52.0,8698,0,0,1,Pedestrian
95,1278.0,0.0,1361.0,52.0,8699,0,0,1,Pedestrian
95,1278.0,0.0,1361.0,52.0,8700,0,0,1,Pedestrian
95,1278.0,0.0,1361.0,52.0,8701,0,0,1,Pedestrian
95,1278.0,0.0,1361.0,52.0,8702,0,0,1,Pedestrian
95,1278.0,0.0,1361.0,52.0,8703,0,0,1,Pedestrian
95,1278.0,0.0,1361.0,52.0,8704,0,0,1,Pedestrian
95,1278.0,0.0,1361.0,52.0,8705,0,0,1,Pedestrian
95,1278.0,0.0,1361.0,52.0,8706,0,0,1,Pedestrian
95,1278.0,0.0,1361.0,52.0,8707,0,0,1,Pedestrian
95,1278.0,0.0,1361.0,52.0,8708,0,0,1,Pedestrian
95,1278.0,0.0,1361.0,52.0,8709,0,0,1,Pedestrian
95,1278.0,0.0,1361.0,52.0,8710,0,0,1,Pedestrian
95,1278.0,0.0,1361.0,52.0,8711,0,0,1,Pedestrian
95,1278.0,0.0,1361.0,52.0,8712,0,0,1,Pedestrian
95,1278.0,0.0,1361.0,52.0,8713,0,0,1,Pedestrian
95,1278.0,0.0,1361.0,52.0,8714,0,0,1,Pedestrian
95,1278.0,0.0,1361.0,52.0,8715,0,0,1,Pedestrian
95,1278.0,0.0,1361.0,52.0,8716,0,0,1,Pedestrian
95,1278.0,0.0,1361.0,52.0,8717,0,0,1,Pedestrian
95,1278.0,0.0,1361.0,52.0,8718,0,0,1,Pedestrian
95,1278.0,0.0,1361.0,52.0,8719,0,0,1,Pedestrian
95,1278.0,0.0,1361.0,52.0,8720,0,0,1,Pedestrian
95,1278.0,0.0,1361.0,52.0,8721,0,0,1,Pedestrian
95,1278.0,0.0,1361.0,52.0,8722,0,0,1,Pedestrian
95,1278.0,0.0,1361.0,52.0,8723,0,0,1,Pedestrian
95,1278.0,0.0,1361.0,52.0,8724,0,0,1,Pedestrian
95,1278.0,0.0,1361.0,52.0,8725,0,0,1,Pedestrian
95,1278.0,0.0,1361.0,52.0,8726,0,0,1,Pedestrian
95,1278.0,0.0,1361.0,52.0,8727,0,0,1,Pedestrian
95,1278.0,0.0,1361.0,52.0,8728,0,0,1,Pedestrian
95,1278.0,0.0,1361.0,52.0,8729,0,0,1,Pedestrian
95,1278.0,0.0,1361.0,52.0,8730,0,0,1,Pedestrian
95,1278.0,0.0,1361.0,52.0,8731,0,0,1,Pedestrian
95,1278.0,0.0,1361.0,52.0,8732,0,0,1,Pedestrian
95,1278.0,0.0,1361.0,52.0,8733,0,0,1,Pedestrian
95,1278.0,0.0,1361.0,52.0,8734,0,0,1,Pedestrian
95,1278.0,0.0,1361.0,52.0,8735,0,0,1,Pedestrian
95,1278.0,0.0,1361.0,52.0,8736,0,0,1,Pedestrian
95,1278.0,0.0,1361.0,52.0,8737,0,0,1,Pedestrian
95,1278.0,0.0,1361.0,52.0,8738,0,0,1,Pedestrian
95,1278.0,0.0,1361.0,52.0,8739,0,0,1,Pedestrian
95,1278.0,0.0,1361.0,52.0,8740,0,0,1,Pedestrian
95,1278.0,0.0,1361.0,52.0,8741,0,0,1,Pedestrian
95,1278.0,0.0,1361.0,52.0,8742,0,0,1,Pedestrian
95,1278.0,0.0,1361.0,52.0,8743,0,0,1,Pedestrian
95,1278.0,0.0,1361.0,52.0,8744,0,0,1,Pedestrian
95,1278.0,0.0,1361.0,52.0,8745,0,0,1,Pedestrian
95,1278.0,0.0,1361.0,52.0,8746,0,0,1,Pedestrian
95,1278.0,0.0,1361.0,52.0,8747,0,0,1,Pedestrian
95,1278.0,0.0,1361.0,52.0,8748,0,0,1,Pedestrian
95,1278.0,0.0,1361.0,52.0,8749,0,0,1,Pedestrian
95,1281.0,0.0,1361.0,52.0,8750,0,0,1,Pedestrian
95,1281.0,0.0,1361.0,52.0,8751,0,0,1,Pedestrian
95,1281.0,0.0,1361.0,52.0,8752,0,0,1,Pedestrian
95,1281.0,0.0,1361.0,52.0,8753,0,0,1,Pedestrian
95,1281.0,0.0,1361.0,52.0,8754,0,0,1,Pedestrian
95,1281.0,0.0,1361.0,52.0,8755,0,0,1,Pedestrian
95,1281.0,0.0,1361.0,52.0,8756,0,0,1,Pedestrian
95,1281.0,0.0,1361.0,52.0,8757,0,0,1,Pedestrian
95,1281.0,0.0,1361.0,52.0,8758,0,0,1,Pedestrian
95,1281.0,0.0,1361.0,52.0,8759,0,0,1,Pedestrian
95,1281.0,0.0,1361.0,52.0,8760,0,0,1,Pedestrian
95,1281.0,0.0,1361.0,52.0,8761,0,0,1,Pedestrian
95,1281.0,0.0,1361.0,52.0,8762,0,0,1,Pedestrian
95,1281.0,0.0,1361.0,52.0,8763,0,0,1,Pedestrian
95,1281.0,0.0,1361.0,52.0,8764,0,0,1,Pedestrian
95,1281.0,0.0,1361.0,52.0,8765,0,0,1,Pedestrian
95,1281.0,0.0,1361.0,52.0,8766,0,0,1,Pedestrian
95,1281.0,0.0,1361.0,52.0,8767,0,0,1,Pedestrian
95,1281.0,0.0,1361.0,52.0,8768,0,0,1,Pedestrian
95,1281.0,0.0,1361.0,52.0,8769,0,0,1,Pedestrian
95,1281.0,0.0,1361.0,52.0,8770,0,0,1,Pedestrian
95,1281.0,0.0,1361.0,52.0,8771,0,0,1,Pedestrian
95,1281.0,0.0,1361.0,52.0,8772,0,0,1,Pedestrian
95,1281.0,0.0,1361.0,52.0,8773,0,0,1,Pedestrian
95,1281.0,0.0,1361.0,52.0,8774,0,0,1,Pedestrian
95,1281.0,0.0,1361.0,52.0,8775,0,0,1,Pedestrian
95,1281.0,0.0,1361.0,52.0,8776,0,0,1,Pedestrian
95,1281.0,0.0,1361.0,52.0,8777,0,0,1,Pedestrian
95,1281.0,0.0,1361.0,52.0,8778,0,0,1,Pedestrian
95,1281.0,0.0,1361.0,52.0,8779,0,0,1,Pedestrian
95,1281.0,0.0,1361.0,52.0,8780,0,0,1,Pedestrian
95,1281.0,0.0,1361.0,52.0,8781,0,0,1,Pedestrian
95,1281.0,0.0,1361.0,52.0,8782,0,0,1,Pedestrian
95,1281.0,0.0,1361.0,52.0,8783,0,0,1,Pedestrian
95,1281.0,0.0,1361.0,52.0,8784,0,0,1,Pedestrian
95,1281.0,0.0,1361.0,52.0,8785,0,0,1,Pedestrian
95,1281.0,0.0,1361.0,52.0,8786,0,0,1,Pedestrian
95,1281.0,0.0,1361.0,52.0,8787,0,0,1,Pedestrian
95,1281.0,0.0,1361.0,52.0,8788,0,0,1,Pedestrian
95,1281.0,0.0,1361.0,52.0,8789,0,0,1,Pedestrian
95,1281.0,0.0,1361.0,52.0,8790,0,0,1,Pedestrian
95,1281.0,0.0,1361.0,52.0,8791,0,0,1,Pedestrian
95,1281.0,0.0,1361.0,52.0,8792,0,0,1,Pedestrian
95,1281.0,0.0,1361.0,52.0,8793,0,0,1,Pedestrian
95,1281.0,0.0,1361.0,52.0,8794,0,0,1,Pedestrian
95,1281.0,0.0,1361.0,52.0,8795,0,0,1,Pedestrian
95,1281.0,0.0,1361.0,52.0,8796,0,0,1,Pedestrian
95,1281.0,0.0,1361.0,52.0,8797,0,0,1,Pedestrian
95,1281.0,0.0,1361.0,52.0,8798,0,0,1,Pedestrian
95,1281.0,0.0,1361.0,52.0,8799,0,0,1,Pedestrian
95,1281.0,0.0,1361.0,52.0,8800,0,0,1,Pedestrian
95,1281.0,0.0,1361.0,52.0,8801,0,0,1,Pedestrian
95,1281.0,0.0,1361.0,52.0,8802,0,0,1,Pedestrian
95,1281.0,0.0,1361.0,52.0,8803,0,0,1,Pedestrian
95,1281.0,0.0,1361.0,52.0,8804,0,0,1,Pedestrian
95,1281.0,0.0,1361.0,52.0,8805,0,0,1,Pedestrian
95,1281.0,0.0,1361.0,52.0,8806,0,0,1,Pedestrian
95,1281.0,0.0,1361.0,52.0,8807,0,0,1,Pedestrian
95,1281.0,0.0,1361.0,52.0,8808,0,0,1,Pedestrian
95,1281.0,0.0,1361.0,52.0,8809,0,0,1,Pedestrian
95,1281.0,0.0,1361.0,52.0,8810,0,0,1,Pedestrian
95,1281.0,0.0,1361.0,52.0,8811,0,0,1,Pedestrian
95,1281.0,0.0,1361.0,52.0,8812,0,0,1,Pedestrian
95,1284.0,0.0,1361.0,52.0,8813,0,0,1,Pedestrian
95,1284.0,0.0,1361.0,52.0,8814,0,0,1,Pedestrian
95,1284.0,0.0,1361.0,52.0,8815,0,0,1,Pedestrian
95,1284.0,0.0,1361.0,52.0,8816,0,0,1,Pedestrian
95,1284.0,0.0,1361.0,52.0,8817,0,0,1,Pedestrian
95,1284.0,0.0,1361.0,52.0,8818,0,0,1,Pedestrian
95,1284.0,0.0,1361.0,52.0,8819,0,0,1,Pedestrian
95,1284.0,0.0,1361.0,52.0,8820,0,0,1,Pedestrian
95,1284.0,0.0,1361.0,52.0,8821,0,0,1,Pedestrian
95,1284.0,0.0,1361.0,52.0,8822,0,0,1,Pedestrian
95,1284.0,0.0,1361.0,52.0,8823,0,0,1,Pedestrian
95,1284.0,0.0,1361.0,52.0,8824,0,0,1,Pedestrian
95,1284.0,0.0,1361.0,52.0,8825,0,0,1,Pedestrian
95,1284.0,0.0,1361.0,52.0,8826,0,0,1,Pedestrian
95,1284.0,0.0,1361.0,52.0,8827,0,0,1,Pedestrian
95,1284.0,0.0,1361.0,52.0,8828,0,0,1,Pedestrian
95,1284.0,0.0,1361.0,52.0,8829,0,0,1,Pedestrian
95,1284.0,0.0,1361.0,52.0,8830,0,0,1,Pedestrian
95,1284.0,0.0,1361.0,52.0,8831,0,0,1,Pedestrian
95,1284.0,0.0,1361.0,52.0,8832,0,0,1,Pedestrian
95,1284.0,0.0,1361.0,52.0,8833,0,0,1,Pedestrian
95,1284.0,0.0,1361.0,52.0,8834,0,0,1,Pedestrian
95,1284.0,0.0,1361.0,52.0,8835,0,0,1,Pedestrian
95,1284.0,0.0,1361.0,52.0,8836,0,0,1,Pedestrian
95,1284.0,0.0,1361.0,52.0,8837,0,0,1,Pedestrian
95,1284.0,0.0,1361.0,52.0,8838,0,0,1,Pedestrian
95,1284.0,0.0,1361.0,52.0,8839,0,0,1,Pedestrian
95,1284.0,0.0,1361.0,52.0,8840,0,0,1,Pedestrian
95,1284.0,0.0,1361.0,52.0,8841,0,0,1,Pedestrian
95,1284.0,0.0,1361.0,52.0,8842,0,0,1,Pedestrian
95,1284.0,0.0,1361.0,52.0,8843,0,0,1,Pedestrian
95,1284.0,0.0,1361.0,52.0,8844,0,0,1,Pedestrian
95,1284.0,0.0,1361.0,52.0,8845,0,0,1,Pedestrian
95,1284.0,0.0,1361.0,52.0,8846,0,0,1,Pedestrian
95,1284.0,0.0,1361.0,52.0,8847,0,0,1,Pedestrian
95,1284.0,0.0,1361.0,52.0,8848,0,0,1,Pedestrian
95,1284.0,0.0,1361.0,52.0,8849,0,0,1,Pedestrian
95,1284.0,0.0,1361.0,52.0,8850,0,0,1,Pedestrian
95,1284.0,0.0,1361.0,52.0,8851,0,0,1,Pedestrian
95,1284.0,0.0,1361.0,52.0,8852,0,0,1,Pedestrian
95,1284.0,0.0,1361.0,52.0,8853,0,0,1,Pedestrian
95,1284.0,0.0,1361.0,52.0,8854,0,0,1,Pedestrian
95,1284.0,0.0,1361.0,52.0,8855,0,0,1,Pedestrian
95,1284.0,0.0,1361.0,52.0,8856,0,0,1,Pedestrian
95,1284.0,0.0,1361.0,52.0,8857,0,0,1,Pedestrian
95,1284.0,0.0,1361.0,52.0,8858,0,0,1,Pedestrian
95,1284.0,0.0,1361.0,52.0,8859,0,0,1,Pedestrian
95,1284.0,0.0,1361.0,52.0,8860,0,0,1,Pedestrian
95,1284.0,0.0,1361.0,52.0,8861,0,0,1,Pedestrian
95,1284.0,0.0,1361.0,52.0,8862,0,0,1,Pedestrian
95,1284.0,0.0,1361.0,52.0,8863,0,0,1,Pedestrian
95,1284.0,0.0,1361.0,52.0,8864,0,0,1,Pedestrian
95,1284.0,0.0,1361.0,52.0,8865,0,0,1,Pedestrian
95,1284.0,0.0,1361.0,52.0,8866,0,0,1,Pedestrian
95,1284.0,0.0,1361.0,52.0,8867,0,0,1,Pedestrian
95,1284.0,0.0,1361.0,52.0,8868,0,0,1,Pedestrian
95,1284.0,0.0,1361.0,52.0,8869,0,0,1,Pedestrian
95,1284.0,0.0,1361.0,52.0,8870,0,0,1,Pedestrian
95,1284.0,0.0,1361.0,52.0,8871,0,0,1,Pedestrian
95,1284.0,0.0,1361.0,52.0,8872,0,0,1,Pedestrian
95,1284.0,0.0,1361.0,52.0,8873,0,0,1,Pedestrian
95,1284.0,0.0,1361.0,52.0,8874,0,0,1,Pedestrian
95,1287.0,0.0,1361.0,52.0,8875,0,0,1,Pedestrian
95,1287.0,0.0,1361.0,52.0,8876,0,0,1,Pedestrian
95,1287.0,0.0,1361.0,52.0,8877,0,0,1,Pedestrian
95,1287.0,0.0,1361.0,52.0,8878,0,0,1,Pedestrian
95,1287.0,0.0,1361.0,52.0,8879,0,0,1,Pedestrian
95,1287.0,0.0,1361.0,52.0,8880,0,0,1,Pedestrian
95,1287.0,0.0,1361.0,52.0,8881,0,0,1,Pedestrian
95,1287.0,0.0,1361.0,52.0,8882,0,0,1,Pedestrian
95,1287.0,0.0,1361.0,52.0,8883,0,0,1,Pedestrian
95,1287.0,0.0,1361.0,52.0,8884,0,0,1,Pedestrian
95,1287.0,0.0,1361.0,52.0,8885,0,0,1,Pedestrian
95,1287.0,0.0,1361.0,52.0,8886,0,0,1,Pedestrian
95,1287.0,0.0,1361.0,52.0,8887,0,0,1,Pedestrian
95,1287.0,0.0,1361.0,52.0,8888,0,0,1,Pedestrian
95,1287.0,0.0,1361.0,52.0,8889,0,0,1,Pedestrian
95,1287.0,0.0,1361.0,52.0,8890,0,0,1,Pedestrian
95,1287.0,0.0,1361.0,52.0,8891,0,0,1,Pedestrian
95,1287.0,0.0,1361.0,52.0,8892,0,0,1,Pedestrian
95,1287.0,0.0,1361.0,52.0,8893,0,0,1,Pedestrian
95,1287.0,0.0,1361.0,52.0,8894,0,0,1,Pedestrian
95,1287.0,0.0,1361.0,52.0,8895,0,0,1,Pedestrian
95,1287.0,0.0,1361.0,52.0,8896,0,0,1,Pedestrian
95,1287.0,0.0,1361.0,52.0,8897,0,0,1,Pedestrian
95,1287.0,0.0,1361.0,52.0,8898,0,0,1,Pedestrian
95,1287.0,0.0,1361.0,52.0,8899,0,0,1,Pedestrian
95,1287.0,0.0,1361.0,52.0,8900,0,0,1,Pedestrian
95,1287.0,0.0,1361.0,52.0,8901,0,0,1,Pedestrian
95,1287.0,0.0,1361.0,52.0,8902,0,0,1,Pedestrian
95,1287.0,0.0,1361.0,52.0,8903,0,0,1,Pedestrian
95,1287.0,0.0,1361.0,52.0,8904,0,0,1,Pedestrian
95,1287.0,0.0,1361.0,52.0,8905,0,0,1,Pedestrian
95,1287.0,0.0,1361.0,52.0,8906,0,0,1,Pedestrian
95,1287.0,0.0,1361.0,52.0,8907,0,0,1,Pedestrian
95,1287.0,0.0,1361.0,52.0,8908,0,0,1,Pedestrian
95,1287.0,0.0,1361.0,52.0,8909,0,0,1,Pedestrian
95,1287.0,0.0,1361.0,52.0,8910,0,0,1,Pedestrian
95,1287.0,0.0,1361.0,52.0,8911,0,0,1,Pedestrian
95,1287.0,0.0,1361.0,52.0,8912,0,0,1,Pedestrian
95,1287.0,0.0,1361.0,52.0,8913,0,0,1,Pedestrian
95,1287.0,0.0,1361.0,52.0,8914,0,0,1,Pedestrian
95,1287.0,0.0,1361.0,52.0,8915,0,0,1,Pedestrian
95,1287.0,0.0,1361.0,52.0,8916,0,0,1,Pedestrian
95,1287.0,0.0,1361.0,52.0,8917,0,0,1,Pedestrian
95,1287.0,0.0,1361.0,52.0,8918,0,0,1,Pedestrian
95,1287.0,0.0,1361.0,52.0,8919,0,0,1,Pedestrian
95,1287.0,0.0,1361.0,52.0,8920,0,0,1,Pedestrian
95,1287.0,0.0,1361.0,52.0,8921,0,0,1,Pedestrian
95,1287.0,0.0,1361.0,52.0,8922,0,0,1,Pedestrian
95,1287.0,0.0,1361.0,52.0,8923,0,0,1,Pedestrian
95,1287.0,0.0,1361.0,52.0,8924,0,0,1,Pedestrian
95,1287.0,0.0,1361.0,52.0,8925,0,0,1,Pedestrian
95,1287.0,0.0,1361.0,52.0,8926,0,0,1,Pedestrian
95,1287.0,0.0,1361.0,52.0,8927,0,0,1,Pedestrian
95,1287.0,0.0,1361.0,52.0,8928,0,0,1,Pedestrian
95,1287.0,0.0,1361.0,52.0,8929,0,0,1,Pedestrian
95,1287.0,0.0,1361.0,52.0,8930,0,0,1,Pedestrian
95,1287.0,0.0,1361.0,52.0,8931,0,0,1,Pedestrian
95,1287.0,0.0,1361.0,52.0,8932,0,0,1,Pedestrian
95,1287.0,0.0,1361.0,52.0,8933,0,0,1,Pedestrian
95,1287.0,0.0,1361.0,52.0,8934,0,0,1,Pedestrian
95,1287.0,0.0,1361.0,52.0,8935,0,0,1,Pedestrian
95,1287.0,0.0,1361.0,52.0,8936,0,0,1,Pedestrian
95,1287.0,0.0,1361.0,52.0,8937,0,0,1,Pedestrian
95,1289.0,0.0,1361.0,52.0,8938,0,0,1,Pedestrian
95,1289.0,0.0,1361.0,52.0,8939,0,0,1,Pedestrian
95,1289.0,0.0,1361.0,52.0,8940,0,0,1,Pedestrian
95,1289.0,0.0,1361.0,52.0,8941,0,0,1,Pedestrian
95,1289.0,0.0,1361.0,52.0,8942,0,0,1,Pedestrian
95,1289.0,0.0,1361.0,52.0,8943,0,0,1,Pedestrian
95,1289.0,0.0,1361.0,52.0,8944,0,0,1,Pedestrian
95,1289.0,0.0,1361.0,52.0,8945,0,0,1,Pedestrian
95,1289.0,0.0,1361.0,52.0,8946,0,0,1,Pedestrian
95,1289.0,0.0,1361.0,52.0,8947,0,0,1,Pedestrian
95,1289.0,0.0,1361.0,52.0,8948,0,0,1,Pedestrian
95,1289.0,0.0,1361.0,52.0,8949,0,0,1,Pedestrian
95,1289.0,0.0,1361.0,52.0,8950,0,0,1,Pedestrian
95,1289.0,0.0,1361.0,52.0,8951,0,0,1,Pedestrian
95,1289.0,0.0,1361.0,52.0,8952,0,0,1,Pedestrian
95,1289.0,0.0,1361.0,52.0,8953,0,0,1,Pedestrian
95,1289.0,0.0,1361.0,52.0,8954,0,0,1,Pedestrian
95,1289.0,0.0,1361.0,52.0,8955,0,0,1,Pedestrian
95,1289.0,0.0,1361.0,52.0,8956,0,0,1,Pedestrian
95,1289.0,0.0,1361.0,52.0,8957,0,0,1,Pedestrian
95,1289.0,0.0,1361.0,52.0,8958,0,0,1,Pedestrian
95,1289.0,0.0,1361.0,52.0,8959,0,0,1,Pedestrian
95,1289.0,0.0,1361.0,52.0,8960,0,0,1,Pedestrian
95,1289.0,0.0,1361.0,52.0,8961,0,0,1,Pedestrian
95,1289.0,0.0,1361.0,52.0,8962,0,0,1,Pedestrian
95,1289.0,0.0,1361.0,52.0,8963,0,0,1,Pedestrian
95,1289.0,0.0,1361.0,52.0,8964,0,0,1,Pedestrian
95,1289.0,0.0,1361.0,52.0,8965,0,0,1,Pedestrian
95,1289.0,0.0,1361.0,52.0,8966,0,0,1,Pedestrian
95,1289.0,0.0,1361.0,52.0,8967,0,0,1,Pedestrian
95,1289.0,0.0,1361.0,52.0,8968,0,0,1,Pedestrian
95,1289.0,0.0,1361.0,52.0,8969,0,0,1,Pedestrian
95,1289.0,0.0,1361.0,52.0,8970,0,0,1,Pedestrian
95,1289.0,0.0,1361.0,52.0,8971,0,0,1,Pedestrian
95,1289.0,0.0,1361.0,52.0,8972,0,0,1,Pedestrian
95,1289.0,0.0,1361.0,52.0,8973,0,0,1,Pedestrian
95,1289.0,0.0,1361.0,52.0,8974,0,0,1,Pedestrian
95,1289.0,0.0,1361.0,52.0,8975,0,0,1,Pedestrian
95,1289.0,0.0,1361.0,52.0,8976,0,0,1,Pedestrian
95,1289.0,0.0,1361.0,52.0,8977,0,0,1,Pedestrian
95,1289.0,0.0,1361.0,52.0,8978,0,0,1,Pedestrian
95,1289.0,0.0,1361.0,52.0,8979,0,0,1,Pedestrian
95,1289.0,0.0,1361.0,52.0,8980,0,0,1,Pedestrian
95,1289.0,0.0,1361.0,52.0,8981,0,0,1,Pedestrian
95,1289.0,0.0,1361.0,52.0,8982,0,0,1,Pedestrian
95,1289.0,0.0,1361.0,52.0,8983,0,0,1,Pedestrian
95,1289.0,0.0,1361.0,52.0,8984,0,0,1,Pedestrian
95,1289.0,0.0,1361.0,52.0,8985,0,0,1,Pedestrian
95,1289.0,0.0,1361.0,52.0,8986,0,0,1,Pedestrian
95,1289.0,0.0,1361.0,52.0,8987,0,0,1,Pedestrian
95,1289.0,0.0,1361.0,52.0,8988,0,0,1,Pedestrian
95,1289.0,0.0,1361.0,52.0,8989,0,0,1,Pedestrian
95,1289.0,0.0,1361.0,52.0,8990,0,0,1,Pedestrian
95,1289.0,0.0,1361.0,52.0,8991,0,0,1,Pedestrian
95,1289.0,0.0,1361.0,52.0,8992,0,0,1,Pedestrian
95,1289.0,0.0,1361.0,52.0,8993,0,0,1,Pedestrian
95,1289.0,0.0,1361.0,52.0,8994,0,0,1,Pedestrian
95,1289.0,0.0,1361.0,52.0,8995,0,0,1,Pedestrian
95,1289.0,0.0,1361.0,52.0,8996,0,0,1,Pedestrian
95,1289.0,0.0,1361.0,52.0,8997,0,0,1,Pedestrian
95,1289.0,0.0,1361.0,52.0,8998,0,0,1,Pedestrian
95,1289.0,0.0,1361.0,52.0,8999,0,0,1,Pedestrian
95,1292.0,0.0,1361.0,52.0,9000,0,0,0,Pedestrian
95,1289.0,0.0,1358.0,50.0,9001,0,0,1,Pedestrian
95,1289.0,0.0,1358.0,50.0,9002,0,0,1,Pedestrian
95,1289.0,0.0,1358.0,50.0,9003,0,0,1,Pedestrian
95,1289.0,0.0,1358.0,50.0,9004,0,0,1,Pedestrian
95,1289.0,0.0,1358.0,50.0,9005,0,0,1,Pedestrian
95,1289.0,0.0,1358.0,50.0,9006,0,0,1,Pedestrian
95,1289.0,0.0,1358.0,50.0,9007,0,0,1,Pedestrian
95,1289.0,0.0,1358.0,50.0,9008,0,0,1,Pedestrian
95,1289.0,0.0,1358.0,50.0,9009,0,0,1,Pedestrian
95,1289.0,0.0,1358.0,50.0,9010,0,0,1,Pedestrian
95,1289.0,0.0,1358.0,50.0,9011,0,0,1,Pedestrian
95,1289.0,0.0,1358.0,50.0,9012,0,0,1,Pedestrian
95,1289.0,0.0,1358.0,50.0,9013,0,0,1,Pedestrian
95,1289.0,0.0,1358.0,50.0,9014,0,0,1,Pedestrian
95,1289.0,0.0,1358.0,50.0,9015,0,0,1,Pedestrian
95,1289.0,0.0,1358.0,50.0,9016,0,0,1,Pedestrian
95,1289.0,0.0,1358.0,50.0,9017,0,0,1,Pedestrian
95,1289.0,0.0,1358.0,50.0,9018,0,0,1,Pedestrian
95,1289.0,0.0,1358.0,50.0,9019,0,0,1,Pedestrian
95,1289.0,0.0,1358.0,50.0,9020,0,0,1,Pedestrian
95,1289.0,0.0,1358.0,50.0,9021,0,0,1,Pedestrian
95,1289.0,0.0,1358.0,50.0,9022,0,0,1,Pedestrian
95,1289.0,0.0,1358.0,50.0,9023,0,0,1,Pedestrian
95,1289.0,0.0,1358.0,50.0,9024,0,0,1,Pedestrian
95,1289.0,0.0,1358.0,50.0,9025,0,0,1,Pedestrian
95,1289.0,0.0,1358.0,50.0,9026,0,0,1,Pedestrian
95,1289.0,0.0,1358.0,50.0,9027,0,0,1,Pedestrian
95,1289.0,0.0,1358.0,50.0,9028,0,0,1,Pedestrian
95,1289.0,0.0,1358.0,50.0,9029,0,0,1,Pedestrian
95,1289.0,0.0,1358.0,50.0,9030,0,0,1,Pedestrian
95,1289.0,0.0,1358.0,50.0,9031,0,0,1,Pedestrian
95,1289.0,0.0,1358.0,50.0,9032,0,0,1,Pedestrian
95,1289.0,0.0,1358.0,50.0,9033,0,0,1,Pedestrian
95,1289.0,0.0,1358.0,50.0,9034,0,0,1,Pedestrian
95,1289.0,0.0,1358.0,50.0,9035,0,0,1,Pedestrian
95,1289.0,0.0,1358.0,50.0,9036,0,0,1,Pedestrian
95,1289.0,0.0,1358.0,50.0,9037,0,0,1,Pedestrian
95,1289.0,0.0,1358.0,50.0,9038,0,0,1,Pedestrian
95,1289.0,0.0,1358.0,50.0,9039,0,0,1,Pedestrian
95,1289.0,0.0,1358.0,50.0,9040,0,0,1,Pedestrian
95,1289.0,0.0,1358.0,50.0,9041,0,0,1,Pedestrian
95,1289.0,0.0,1358.0,50.0,9042,0,0,1,Pedestrian
95,1289.0,0.0,1358.0,50.0,9043,0,0,1,Pedestrian
95,1289.0,0.0,1358.0,50.0,9044,0,0,1,Pedestrian
95,1289.0,0.0,1358.0,50.0,9045,0,0,1,Pedestrian
95,1289.0,0.0,1358.0,50.0,9046,0,0,1,Pedestrian
95,1289.0,0.0,1358.0,50.0,9047,0,0,1,Pedestrian
95,1289.0,0.0,1358.0,50.0,9048,0,0,1,Pedestrian
95,1289.0,0.0,1358.0,50.0,9049,0,0,1,Pedestrian
95,1289.0,0.0,1358.0,50.0,9050,0,0,1,Pedestrian
95,1289.0,0.0,1358.0,50.0,9051,0,0,1,Pedestrian
95,1289.0,0.0,1358.0,50.0,9052,0,0,1,Pedestrian
95,1289.0,0.0,1358.0,50.0,9053,0,0,1,Pedestrian
95,1289.0,0.0,1358.0,50.0,9054,0,0,1,Pedestrian
95,1289.0,0.0,1358.0,50.0,9055,0,0,1,Pedestrian
95,1289.0,0.0,1358.0,50.0,9056,0,0,1,Pedestrian
95,1289.0,0.0,1358.0,50.0,9057,0,0,1,Pedestrian
95,1289.0,0.0,1358.0,50.0,9058,0,0,1,Pedestrian
95,1289.0,0.0,1358.0,50.0,9059,0,0,1,Pedestrian
95,1289.0,0.0,1358.0,50.0,9060,0,0,1,Pedestrian
95,1289.0,0.0,1358.0,50.0,9061,0,0,1,Pedestrian
95,1289.0,0.0,1358.0,50.0,9062,0,0,1,Pedestrian
95,1289.0,0.0,1355.0,50.0,9063,0,0,1,Pedestrian
95,1289.0,0.0,1355.0,50.0,9064,0,0,1,Pedestrian
95,1289.0,0.0,1355.0,50.0,9065,0,0,1,Pedestrian
95,1289.0,0.0,1355.0,50.0,9066,0,0,1,Pedestrian
95,1289.0,0.0,1355.0,50.0,9067,0,0,1,Pedestrian
95,1289.0,0.0,1355.0,50.0,9068,0,0,1,Pedestrian
95,1289.0,0.0,1355.0,50.0,9069,0,0,1,Pedestrian
95,1289.0,0.0,1355.0,50.0,9070,0,0,1,Pedestrian
95,1289.0,0.0,1355.0,50.0,9071,0,0,1,Pedestrian
95,1289.0,0.0,1355.0,50.0,9072,0,0,1,Pedestrian
95,1289.0,0.0,1355.0,50.0,9073,0,0,1,Pedestrian
95,1289.0,0.0,1355.0,50.0,9074,0,0,1,Pedestrian
95,1289.0,0.0,1355.0,50.0,9075,0,0,1,Pedestrian
95,1289.0,0.0,1355.0,50.0,9076,0,0,1,Pedestrian
95,1289.0,0.0,1355.0,50.0,9077,0,0,1,Pedestrian
95,1289.0,0.0,1355.0,50.0,9078,0,0,1,Pedestrian
95,1289.0,0.0,1355.0,50.0,9079,0,0,1,Pedestrian
95,1289.0,0.0,1355.0,50.0,9080,0,0,1,Pedestrian
95,1289.0,0.0,1355.0,50.0,9081,0,0,1,Pedestrian
95,1289.0,0.0,1355.0,50.0,9082,0,0,1,Pedestrian
95,1289.0,0.0,1355.0,50.0,9083,0,0,1,Pedestrian
95,1289.0,0.0,1355.0,50.0,9084,0,0,1,Pedestrian
95,1289.0,0.0,1355.0,50.0,9085,0,0,1,Pedestrian
95,1289.0,0.0,1355.0,50.0,9086,0,0,1,Pedestrian
95,1289.0,0.0,1355.0,50.0,9087,0,0,1,Pedestrian
95,1289.0,0.0,1355.0,50.0,9088,0,0,1,Pedestrian
95,1289.0,0.0,1355.0,50.0,9089,0,0,1,Pedestrian
95,1289.0,0.0,1355.0,50.0,9090,0,0,1,Pedestrian
95,1289.0,0.0,1355.0,50.0,9091,0,0,1,Pedestrian
95,1289.0,0.0,1355.0,50.0,9092,0,0,1,Pedestrian
95,1289.0,0.0,1355.0,50.0,9093,0,0,1,Pedestrian
95,1289.0,0.0,1355.0,50.0,9094,0,0,1,Pedestrian
95,1289.0,0.0,1355.0,50.0,9095,0,0,1,Pedestrian
95,1289.0,0.0,1355.0,50.0,9096,0,0,1,Pedestrian
95,1289.0,0.0,1355.0,50.0,9097,0,0,1,Pedestrian
95,1289.0,0.0,1355.0,50.0,9098,0,0,1,Pedestrian
95,1289.0,0.0,1355.0,50.0,9099,0,0,1,Pedestrian
95,1289.0,0.0,1355.0,50.0,9100,0,0,1,Pedestrian
95,1289.0,0.0,1355.0,47.0,9101,0,0,1,Pedestrian
95,1289.0,0.0,1355.0,47.0,9102,0,0,1,Pedestrian
95,1289.0,0.0,1355.0,47.0,9103,0,0,1,Pedestrian
95,1289.0,0.0,1355.0,47.0,9104,0,0,1,Pedestrian
95,1289.0,0.0,1355.0,47.0,9105,0,0,1,Pedestrian
95,1289.0,0.0,1355.0,47.0,9106,0,0,1,Pedestrian
95,1289.0,0.0,1355.0,47.0,9107,0,0,1,Pedestrian
95,1289.0,0.0,1355.0,47.0,9108,0,0,1,Pedestrian
95,1289.0,0.0,1355.0,47.0,9109,0,0,1,Pedestrian
95,1289.0,0.0,1355.0,47.0,9110,0,0,1,Pedestrian
95,1289.0,0.0,1355.0,47.0,9111,0,0,1,Pedestrian
95,1289.0,0.0,1355.0,47.0,9112,0,0,1,Pedestrian
95,1289.0,0.0,1355.0,47.0,9113,0,0,1,Pedestrian
95,1289.0,0.0,1355.0,47.0,9114,0,0,1,Pedestrian
95,1289.0,0.0,1355.0,47.0,9115,0,0,1,Pedestrian
95,1289.0,0.0,1355.0,47.0,9116,0,0,1,Pedestrian
95,1289.0,0.0,1355.0,47.0,9117,0,0,1,Pedestrian
95,1289.0,0.0,1355.0,47.0,9118,0,0,1,Pedestrian
95,1289.0,0.0,1355.0,47.0,9119,0,0,1,Pedestrian
95,1289.0,0.0,1355.0,47.0,9120,0,0,1,Pedestrian
95,1289.0,0.0,1355.0,47.0,9121,0,0,1,Pedestrian
95,1289.0,0.0,1355.0,47.0,9122,0,0,1,Pedestrian
95,1289.0,0.0,1355.0,47.0,9123,0,0,1,Pedestrian
95,1289.0,0.0,1355.0,47.0,9124,0,0,1,Pedestrian
95,1289.0,0.0,1355.0,47.0,9125,0,0,1,Pedestrian
95,1289.0,0.0,1353.0,47.0,9126,0,0,1,Pedestrian
95,1289.0,0.0,1353.0,47.0,9127,0,0,1,Pedestrian
95,1289.0,0.0,1353.0,47.0,9128,0,0,1,Pedestrian
95,1289.0,0.0,1353.0,47.0,9129,0,0,1,Pedestrian
95,1289.0,0.0,1353.0,47.0,9130,0,0,1,Pedestrian
95,1289.0,0.0,1353.0,47.0,9131,0,0,1,Pedestrian
95,1289.0,0.0,1353.0,47.0,9132,0,0,1,Pedestrian
95,1289.0,0.0,1353.0,47.0,9133,0,0,1,Pedestrian
95,1289.0,0.0,1353.0,47.0,9134,0,0,1,Pedestrian
95,1289.0,0.0,1353.0,47.0,9135,0,0,1,Pedestrian
95,1289.0,0.0,1353.0,47.0,9136,0,0,1,Pedestrian
95,1289.0,0.0,1353.0,47.0,9137,0,0,1,Pedestrian
95,1289.0,0.0,1353.0,47.0,9138,0,0,1,Pedestrian
95,1289.0,0.0,1353.0,47.0,9139,0,0,1,Pedestrian
95,1289.0,0.0,1353.0,47.0,9140,0,0,1,Pedestrian
95,1289.0,0.0,1353.0,47.0,9141,0,0,1,Pedestrian
95,1289.0,0.0,1353.0,47.0,9142,0,0,1,Pedestrian
95,1289.0,0.0,1353.0,47.0,9143,0,0,1,Pedestrian
95,1289.0,0.0,1353.0,47.0,9144,0,0,1,Pedestrian
95,1289.0,0.0,1353.0,47.0,9145,0,0,1,Pedestrian
95,1289.0,0.0,1353.0,47.0,9146,0,0,1,Pedestrian
95,1289.0,0.0,1353.0,47.0,9147,0,0,1,Pedestrian
95,1289.0,0.0,1353.0,47.0,9148,0,0,1,Pedestrian
95,1289.0,0.0,1353.0,47.0,9149,0,0,1,Pedestrian
95,1289.0,0.0,1353.0,47.0,9150,0,0,1,Pedestrian
95,1289.0,0.0,1353.0,47.0,9151,0,0,1,Pedestrian
95,1289.0,0.0,1353.0,47.0,9152,0,0,1,Pedestrian
95,1289.0,0.0,1353.0,47.0,9153,0,0,1,Pedestrian
95,1289.0,0.0,1353.0,47.0,9154,0,0,1,Pedestrian
95,1289.0,0.0,1353.0,47.0,9155,0,0,1,Pedestrian
95,1289.0,0.0,1353.0,47.0,9156,0,0,1,Pedestrian
95,1289.0,0.0,1353.0,47.0,9157,0,0,1,Pedestrian
95,1289.0,0.0,1353.0,47.0,9158,0,0,1,Pedestrian
95,1289.0,0.0,1353.0,47.0,9159,0,0,1,Pedestrian
95,1289.0,0.0,1353.0,47.0,9160,0,0,1,Pedestrian
95,1289.0,0.0,1353.0,47.0,9161,0,0,1,Pedestrian
95,1289.0,0.0,1353.0,47.0,9162,0,0,1,Pedestrian
95,1289.0,0.0,1353.0,47.0,9163,0,0,1,Pedestrian
95,1289.0,0.0,1353.0,47.0,9164,0,0,1,Pedestrian
95,1289.0,0.0,1353.0,47.0,9165,0,0,1,Pedestrian
95,1289.0,0.0,1353.0,47.0,9166,0,0,1,Pedestrian
95,1289.0,0.0,1353.0,47.0,9167,0,0,1,Pedestrian
95,1289.0,0.0,1353.0,47.0,9168,0,0,1,Pedestrian
95,1289.0,0.0,1353.0,47.0,9169,0,0,1,Pedestrian
95,1289.0,0.0,1353.0,47.0,9170,0,0,1,Pedestrian
95,1289.0,0.0,1353.0,47.0,9171,0,0,1,Pedestrian
95,1289.0,0.0,1353.0,47.0,9172,0,0,1,Pedestrian
95,1289.0,0.0,1353.0,47.0,9173,0,0,1,Pedestrian
95,1289.0,0.0,1353.0,47.0,9174,0,0,1,Pedestrian
95,1289.0,0.0,1353.0,47.0,9175,0,0,1,Pedestrian
95,1289.0,0.0,1353.0,47.0,9176,0,0,1,Pedestrian
95,1289.0,0.0,1353.0,47.0,9177,0,0,1,Pedestrian
95,1289.0,0.0,1353.0,47.0,9178,0,0,1,Pedestrian
95,1289.0,0.0,1353.0,47.0,9179,0,0,1,Pedestrian
95,1289.0,0.0,1353.0,47.0,9180,0,0,1,Pedestrian
95,1289.0,0.0,1353.0,47.0,9181,0,0,1,Pedestrian
95,1289.0,0.0,1353.0,47.0,9182,0,0,1,Pedestrian
95,1289.0,0.0,1353.0,47.0,9183,0,0,1,Pedestrian
95,1289.0,0.0,1353.0,47.0,9184,0,0,1,Pedestrian
95,1289.0,0.0,1353.0,47.0,9185,0,0,1,Pedestrian
95,1289.0,0.0,1353.0,47.0,9186,0,0,1,Pedestrian
95,1289.0,0.0,1353.0,47.0,9187,0,0,1,Pedestrian
95,1289.0,0.0,1350.0,47.0,9188,0,0,1,Pedestrian
95,1289.0,0.0,1350.0,47.0,9189,0,0,1,Pedestrian
95,1289.0,0.0,1350.0,47.0,9190,0,0,1,Pedestrian
95,1289.0,0.0,1350.0,47.0,9191,0,0,1,Pedestrian
95,1289.0,0.0,1350.0,47.0,9192,0,0,1,Pedestrian
95,1289.0,0.0,1350.0,47.0,9193,0,0,1,Pedestrian
95,1289.0,0.0,1350.0,47.0,9194,0,0,1,Pedestrian
95,1289.0,0.0,1350.0,47.0,9195,0,0,1,Pedestrian
95,1289.0,0.0,1350.0,47.0,9196,0,0,1,Pedestrian
95,1289.0,0.0,1350.0,47.0,9197,0,0,1,Pedestrian
95,1289.0,0.0,1350.0,47.0,9198,0,0,1,Pedestrian
95,1289.0,0.0,1350.0,47.0,9199,0,0,1,Pedestrian
95,1289.0,0.0,1350.0,47.0,9200,0,0,1,Pedestrian
95,1289.0,0.0,1350.0,45.0,9201,0,0,1,Pedestrian
95,1289.0,0.0,1350.0,45.0,9202,0,0,1,Pedestrian
95,1289.0,0.0,1350.0,45.0,9203,0,0,1,Pedestrian
95,1289.0,0.0,1350.0,45.0,9204,0,0,1,Pedestrian
95,1289.0,0.0,1350.0,45.0,9205,0,0,1,Pedestrian
95,1289.0,0.0,1350.0,45.0,9206,0,0,1,Pedestrian
95,1289.0,0.0,1350.0,45.0,9207,0,0,1,Pedestrian
95,1289.0,0.0,1350.0,45.0,9208,0,0,1,Pedestrian
95,1289.0,0.0,1350.0,45.0,9209,0,0,1,Pedestrian
95,1289.0,0.0,1350.0,45.0,9210,0,0,1,Pedestrian
95,1289.0,0.0,1350.0,45.0,9211,0,0,1,Pedestrian
95,1289.0,0.0,1350.0,45.0,9212,0,0,1,Pedestrian
95,1289.0,0.0,1350.0,45.0,9213,0,0,1,Pedestrian
95,1289.0,0.0,1350.0,45.0,9214,0,0,1,Pedestrian
95,1289.0,0.0,1350.0,45.0,9215,0,0,1,Pedestrian
95,1289.0,0.0,1350.0,45.0,9216,0,0,1,Pedestrian
95,1289.0,0.0,1350.0,45.0,9217,0,0,1,Pedestrian
95,1289.0,0.0,1350.0,45.0,9218,0,0,1,Pedestrian
95,1289.0,0.0,1350.0,45.0,9219,0,0,1,Pedestrian
95,1289.0,0.0,1350.0,45.0,9220,0,0,1,Pedestrian
95,1289.0,0.0,1350.0,45.0,9221,0,0,1,Pedestrian
95,1289.0,0.0,1350.0,45.0,9222,0,0,1,Pedestrian
95,1289.0,0.0,1350.0,45.0,9223,0,0,1,Pedestrian
95,1289.0,0.0,1350.0,45.0,9224,0,0,1,Pedestrian
95,1289.0,0.0,1350.0,45.0,9225,0,0,1,Pedestrian
95,1289.0,0.0,1350.0,45.0,9226,0,0,1,Pedestrian
95,1289.0,0.0,1350.0,45.0,9227,0,0,1,Pedestrian
95,1289.0,0.0,1350.0,45.0,9228,0,0,1,Pedestrian
95,1289.0,0.0,1350.0,45.0,9229,0,0,1,Pedestrian
95,1289.0,0.0,1350.0,45.0,9230,0,0,1,Pedestrian
95,1289.0,0.0,1350.0,45.0,9231,0,0,1,Pedestrian
95,1289.0,0.0,1350.0,45.0,9232,0,0,1,Pedestrian
95,1289.0,0.0,1350.0,45.0,9233,0,0,1,Pedestrian
95,1289.0,0.0,1350.0,45.0,9234,0,0,1,Pedestrian
95,1289.0,0.0,1350.0,45.0,9235,0,0,1,Pedestrian
95,1289.0,0.0,1350.0,45.0,9236,0,0,1,Pedestrian
95,1289.0,0.0,1350.0,45.0,9237,0,0,1,Pedestrian
95,1289.0,0.0,1350.0,45.0,9238,0,0,1,Pedestrian
95,1289.0,0.0,1350.0,45.0,9239,0,0,1,Pedestrian
95,1289.0,0.0,1350.0,45.0,9240,0,0,1,Pedestrian
95,1289.0,0.0,1350.0,45.0,9241,0,0,1,Pedestrian
95,1289.0,0.0,1350.0,45.0,9242,0,0,1,Pedestrian
95,1289.0,0.0,1350.0,45.0,9243,0,0,1,Pedestrian
95,1289.0,0.0,1350.0,45.0,9244,0,0,1,Pedestrian
95,1289.0,0.0,1350.0,45.0,9245,0,0,1,Pedestrian
95,1289.0,0.0,1350.0,45.0,9246,0,0,1,Pedestrian
95,1289.0,0.0,1350.0,45.0,9247,0,0,1,Pedestrian
95,1289.0,0.0,1350.0,45.0,9248,0,0,1,Pedestrian
95,1289.0,0.0,1350.0,45.0,9249,0,0,1,Pedestrian
95,1289.0,0.0,1350.0,45.0,9250,0,0,1,Pedestrian
95,1287.0,0.0,1347.0,45.0,9251,0,0,1,Pedestrian
95,1287.0,0.0,1347.0,45.0,9252,0,0,1,Pedestrian
95,1287.0,0.0,1347.0,45.0,9253,0,0,1,Pedestrian
95,1287.0,0.0,1347.0,45.0,9254,0,0,1,Pedestrian
95,1287.0,0.0,1347.0,45.0,9255,0,0,1,Pedestrian
95,1287.0,0.0,1347.0,45.0,9256,0,0,1,Pedestrian
95,1287.0,0.0,1347.0,45.0,9257,0,0,1,Pedestrian
95,1287.0,0.0,1347.0,45.0,9258,0,0,1,Pedestrian
95,1287.0,0.0,1347.0,45.0,9259,0,0,1,Pedestrian
95,1287.0,0.0,1347.0,45.0,9260,0,0,1,Pedestrian
95,1287.0,0.0,1347.0,45.0,9261,0,0,1,Pedestrian
95,1287.0,0.0,1347.0,45.0,9262,0,0,1,Pedestrian
95,1287.0,0.0,1347.0,45.0,9263,0,0,1,Pedestrian
95,1287.0,0.0,1347.0,45.0,9264,0,0,1,Pedestrian
95,1287.0,0.0,1347.0,45.0,9265,0,0,1,Pedestrian
95,1287.0,0.0,1347.0,45.0,9266,0,0,1,Pedestrian
95,1287.0,0.0,1347.0,45.0,9267,0,0,1,Pedestrian
95,1287.0,0.0,1347.0,45.0,9268,0,0,1,Pedestrian
95,1287.0,0.0,1347.0,45.0,9269,0,0,1,Pedestrian
95,1287.0,0.0,1347.0,45.0,9270,0,0,1,Pedestrian
95,1287.0,0.0,1347.0,45.0,9271,0,0,1,Pedestrian
95,1287.0,0.0,1347.0,45.0,9272,0,0,1,Pedestrian
95,1287.0,0.0,1347.0,45.0,9273,0,0,1,Pedestrian
95,1287.0,0.0,1347.0,45.0,9274,0,0,1,Pedestrian
95,1287.0,0.0,1347.0,45.0,9275,0,0,1,Pedestrian
95,1287.0,0.0,1347.0,45.0,9276,0,0,1,Pedestrian
95,1287.0,0.0,1347.0,45.0,9277,0,0,1,Pedestrian
95,1287.0,0.0,1347.0,45.0,9278,0,0,1,Pedestrian
95,1287.0,0.0,1347.0,45.0,9279,0,0,1,Pedestrian
95,1287.0,0.0,1347.0,45.0,9280,0,0,1,Pedestrian
95,1287.0,0.0,1347.0,45.0,9281,0,0,1,Pedestrian
95,1287.0,0.0,1347.0,45.0,9282,0,0,1,Pedestrian
95,1287.0,0.0,1347.0,45.0,9283,0,0,1,Pedestrian
95,1287.0,0.0,1347.0,45.0,9284,0,0,1,Pedestrian
95,1287.0,0.0,1347.0,45.0,9285,0,0,1,Pedestrian
95,1287.0,0.0,1347.0,45.0,9286,0,0,1,Pedestrian
95,1287.0,0.0,1347.0,45.0,9287,0,0,1,Pedestrian
95,1287.0,0.0,1347.0,45.0,9288,0,0,1,Pedestrian
95,1287.0,0.0,1347.0,45.0,9289,0,0,1,Pedestrian
95,1287.0,0.0,1347.0,45.0,9290,0,0,1,Pedestrian
95,1287.0,0.0,1347.0,45.0,9291,0,0,1,Pedestrian
95,1287.0,0.0,1347.0,45.0,9292,0,0,1,Pedestrian
95,1287.0,0.0,1347.0,45.0,9293,0,0,1,Pedestrian
95,1287.0,0.0,1347.0,45.0,9294,0,0,1,Pedestrian
95,1287.0,0.0,1347.0,45.0,9295,0,0,1,Pedestrian
95,1287.0,0.0,1347.0,45.0,9296,0,0,1,Pedestrian
95,1287.0,0.0,1347.0,45.0,9297,0,0,1,Pedestrian
95,1287.0,0.0,1347.0,45.0,9298,0,0,1,Pedestrian
95,1287.0,0.0,1347.0,45.0,9299,0,0,1,Pedestrian
95,1287.0,0.0,1347.0,45.0,9300,0,0,1,Pedestrian
95,1287.0,0.0,1347.0,43.0,9301,0,0,1,Pedestrian
95,1287.0,0.0,1347.0,43.0,9302,0,0,1,Pedestrian
95,1287.0,0.0,1347.0,43.0,9303,0,0,1,Pedestrian
95,1287.0,0.0,1347.0,43.0,9304,0,0,1,Pedestrian
95,1287.0,0.0,1347.0,43.0,9305,0,0,1,Pedestrian
95,1287.0,0.0,1347.0,43.0,9306,0,0,1,Pedestrian
95,1287.0,0.0,1347.0,43.0,9307,0,0,1,Pedestrian
95,1287.0,0.0,1347.0,43.0,9308,0,0,1,Pedestrian
95,1287.0,0.0,1347.0,43.0,9309,0,0,1,Pedestrian
95,1287.0,0.0,1347.0,43.0,9310,0,0,1,Pedestrian
95,1287.0,0.0,1347.0,43.0,9311,0,0,1,Pedestrian
95,1287.0,0.0,1347.0,43.0,9312,0,0,1,Pedestrian
95,1287.0,0.0,1344.0,43.0,9313,0,0,1,Pedestrian
95,1287.0,0.0,1344.0,43.0,9314,0,0,1,Pedestrian
95,1287.0,0.0,1344.0,43.0,9315,0,0,1,Pedestrian
95,1287.0,0.0,1344.0,43.0,9316,0,0,1,Pedestrian
95,1287.0,0.0,1344.0,43.0,9317,0,0,1,Pedestrian
95,1287.0,0.0,1344.0,43.0,9318,0,0,1,Pedestrian
95,1287.0,0.0,1344.0,43.0,9319,0,0,1,Pedestrian
95,1287.0,0.0,1344.0,43.0,9320,0,0,1,Pedestrian
95,1287.0,0.0,1344.0,43.0,9321,0,0,1,Pedestrian
95,1287.0,0.0,1344.0,43.0,9322,0,0,1,Pedestrian
95,1287.0,0.0,1344.0,43.0,9323,0,0,1,Pedestrian
95,1287.0,0.0,1344.0,43.0,9324,0,0,1,Pedestrian
95,1287.0,0.0,1344.0,43.0,9325,0,0,1,Pedestrian
95,1287.0,0.0,1344.0,43.0,9326,0,0,1,Pedestrian
95,1287.0,0.0,1344.0,43.0,9327,0,0,1,Pedestrian
95,1287.0,0.0,1344.0,43.0,9328,0,0,1,Pedestrian
95,1287.0,0.0,1344.0,43.0,9329,0,0,1,Pedestrian
95,1287.0,0.0,1344.0,43.0,9330,0,0,1,Pedestrian
95,1287.0,0.0,1344.0,43.0,9331,0,0,1,Pedestrian
95,1287.0,0.0,1344.0,43.0,9332,0,0,1,Pedestrian
95,1287.0,0.0,1344.0,43.0,9333,0,0,1,Pedestrian
95,1287.0,0.0,1344.0,43.0,9334,0,0,1,Pedestrian
95,1287.0,0.0,1344.0,43.0,9335,0,0,1,Pedestrian
95,1287.0,0.0,1344.0,43.0,9336,0,0,1,Pedestrian
95,1287.0,0.0,1344.0,43.0,9337,0,0,1,Pedestrian
95,1287.0,0.0,1344.0,43.0,9338,0,0,1,Pedestrian
95,1287.0,0.0,1344.0,43.0,9339,0,0,1,Pedestrian
95,1287.0,0.0,1344.0,43.0,9340,0,0,1,Pedestrian
95,1287.0,0.0,1344.0,43.0,9341,0,0,1,Pedestrian
95,1287.0,0.0,1344.0,43.0,9342,0,0,1,Pedestrian
95,1287.0,0.0,1344.0,43.0,9343,0,0,1,Pedestrian
95,1287.0,0.0,1344.0,43.0,9344,0,0,1,Pedestrian
95,1287.0,0.0,1344.0,43.0,9345,0,0,1,Pedestrian
95,1287.0,0.0,1344.0,43.0,9346,0,0,1,Pedestrian
95,1287.0,0.0,1344.0,43.0,9347,0,0,1,Pedestrian
95,1287.0,0.0,1344.0,43.0,9348,0,0,1,Pedestrian
95,1287.0,0.0,1344.0,43.0,9349,0,0,1,Pedestrian
95,1287.0,0.0,1344.0,43.0,9350,0,0,1,Pedestrian
95,1287.0,0.0,1344.0,43.0,9351,0,0,1,Pedestrian
95,1287.0,0.0,1344.0,43.0,9352,0,0,1,Pedestrian
95,1287.0,0.0,1344.0,43.0,9353,0,0,1,Pedestrian
95,1287.0,0.0,1344.0,43.0,9354,0,0,1,Pedestrian
95,1287.0,0.0,1344.0,43.0,9355,0,0,1,Pedestrian
95,1287.0,0.0,1344.0,43.0,9356,0,0,1,Pedestrian
95,1287.0,0.0,1344.0,43.0,9357,0,0,1,Pedestrian
95,1287.0,0.0,1344.0,43.0,9358,0,0,1,Pedestrian
95,1287.0,0.0,1344.0,43.0,9359,0,0,1,Pedestrian
95,1287.0,0.0,1344.0,43.0,9360,0,0,1,Pedestrian
95,1287.0,0.0,1344.0,43.0,9361,0,0,1,Pedestrian
95,1287.0,0.0,1344.0,43.0,9362,0,0,1,Pedestrian
95,1287.0,0.0,1344.0,43.0,9363,0,0,1,Pedestrian
95,1287.0,0.0,1344.0,43.0,9364,0,0,1,Pedestrian
95,1287.0,0.0,1344.0,43.0,9365,0,0,1,Pedestrian
95,1287.0,0.0,1344.0,43.0,9366,0,0,1,Pedestrian
95,1287.0,0.0,1344.0,43.0,9367,0,0,1,Pedestrian
95,1287.0,0.0,1344.0,43.0,9368,0,0,1,Pedestrian
95,1287.0,0.0,1344.0,43.0,9369,0,0,1,Pedestrian
95,1287.0,0.0,1344.0,43.0,9370,0,0,1,Pedestrian
95,1287.0,0.0,1344.0,43.0,9371,0,0,1,Pedestrian
95,1287.0,0.0,1344.0,43.0,9372,0,0,1,Pedestrian
95,1287.0,0.0,1344.0,43.0,9373,0,0,1,Pedestrian
95,1287.0,0.0,1344.0,43.0,9374,0,0,1,Pedestrian
95,1287.0,0.0,1344.0,43.0,9375,0,0,1,Pedestrian
95,1287.0,0.0,1342.0,43.0,9376,0,0,1,Pedestrian
95,1287.0,0.0,1342.0,43.0,9377,0,0,1,Pedestrian
95,1287.0,0.0,1342.0,43.0,9378,0,0,1,Pedestrian
95,1287.0,0.0,1342.0,43.0,9379,0,0,1,Pedestrian
95,1287.0,0.0,1342.0,43.0,9380,0,0,1,Pedestrian
95,1287.0,0.0,1342.0,43.0,9381,0,0,1,Pedestrian
95,1287.0,0.0,1342.0,43.0,9382,0,0,1,Pedestrian
95,1287.0,0.0,1342.0,43.0,9383,0,0,1,Pedestrian
95,1287.0,0.0,1342.0,43.0,9384,0,0,1,Pedestrian
95,1287.0,0.0,1342.0,43.0,9385,0,0,1,Pedestrian
95,1287.0,0.0,1342.0,43.0,9386,0,0,1,Pedestrian
95,1287.0,0.0,1342.0,43.0,9387,0,0,1,Pedestrian
95,1287.0,0.0,1342.0,43.0,9388,0,0,1,Pedestrian
95,1287.0,0.0,1342.0,43.0,9389,0,0,1,Pedestrian
95,1287.0,0.0,1342.0,43.0,9390,0,0,1,Pedestrian
95,1287.0,0.0,1342.0,43.0,9391,0,0,1,Pedestrian
95,1287.0,0.0,1342.0,43.0,9392,0,0,1,Pedestrian
95,1287.0,0.0,1342.0,43.0,9393,0,0,1,Pedestrian
95,1287.0,0.0,1342.0,43.0,9394,0,0,1,Pedestrian
95,1287.0,0.0,1342.0,43.0,9395,0,0,1,Pedestrian
95,1287.0,0.0,1342.0,43.0,9396,0,0,1,Pedestrian
95,1287.0,0.0,1342.0,43.0,9397,0,0,1,Pedestrian
95,1287.0,0.0,1342.0,43.0,9398,0,0,1,Pedestrian
95,1287.0,0.0,1342.0,43.0,9399,0,0,1,Pedestrian
95,1287.0,0.0,1342.0,43.0,9400,0,0,1,Pedestrian
95,1287.0,0.0,1342.0,40.0,9401,0,0,1,Pedestrian
95,1287.0,0.0,1342.0,40.0,9402,0,0,1,Pedestrian
95,1287.0,0.0,1342.0,40.0,9403,0,0,1,Pedestrian
95,1287.0,0.0,1342.0,40.0,9404,0,0,1,Pedestrian
95,1287.0,0.0,1342.0,40.0,9405,0,0,1,Pedestrian
95,1287.0,0.0,1342.0,40.0,9406,0,0,1,Pedestrian
95,1287.0,0.0,1342.0,40.0,9407,0,0,1,Pedestrian
95,1287.0,0.0,1342.0,40.0,9408,0,0,1,Pedestrian
95,1287.0,0.0,1342.0,40.0,9409,0,0,1,Pedestrian
95,1287.0,0.0,1342.0,40.0,9410,0,0,1,Pedestrian
95,1287.0,0.0,1342.0,40.0,9411,0,0,1,Pedestrian
95,1287.0,0.0,1342.0,40.0,9412,0,0,1,Pedestrian
95,1287.0,0.0,1342.0,40.0,9413,0,0,1,Pedestrian
95,1287.0,0.0,1342.0,40.0,9414,0,0,1,Pedestrian
95,1287.0,0.0,1342.0,40.0,9415,0,0,1,Pedestrian
95,1287.0,0.0,1342.0,40.0,9416,0,0,1,Pedestrian
95,1287.0,0.0,1342.0,40.0,9417,0,0,1,Pedestrian
95,1287.0,0.0,1342.0,40.0,9418,0,0,1,Pedestrian
95,1287.0,0.0,1342.0,40.0,9419,0,0,1,Pedestrian
95,1287.0,0.0,1342.0,40.0,9420,0,0,1,Pedestrian
95,1287.0,0.0,1342.0,40.0,9421,0,0,1,Pedestrian
95,1287.0,0.0,1342.0,40.0,9422,0,0,1,Pedestrian
95,1287.0,0.0,1342.0,40.0,9423,0,0,1,Pedestrian
95,1287.0,0.0,1342.0,40.0,9424,0,0,1,Pedestrian
95,1287.0,0.0,1342.0,40.0,9425,0,0,1,Pedestrian
95,1287.0,0.0,1342.0,40.0,9426,0,0,1,Pedestrian
95,1287.0,0.0,1342.0,40.0,9427,0,0,1,Pedestrian
95,1287.0,0.0,1342.0,40.0,9428,0,0,1,Pedestrian
95,1287.0,0.0,1342.0,40.0,9429,0,0,1,Pedestrian
95,1287.0,0.0,1342.0,40.0,9430,0,0,1,Pedestrian
95,1287.0,0.0,1342.0,40.0,9431,0,0,1,Pedestrian
95,1287.0,0.0,1342.0,40.0,9432,0,0,1,Pedestrian
95,1287.0,0.0,1342.0,40.0,9433,0,0,1,Pedestrian
95,1287.0,0.0,1342.0,40.0,9434,0,0,1,Pedestrian
95,1287.0,0.0,1342.0,40.0,9435,0,0,1,Pedestrian
95,1287.0,0.0,1342.0,40.0,9436,0,0,1,Pedestrian
95,1287.0,0.0,1342.0,40.0,9437,0,0,1,Pedestrian
95,1287.0,0.0,1339.0,40.0,9438,0,0,1,Pedestrian
95,1287.0,0.0,1339.0,40.0,9439,0,0,1,Pedestrian
95,1287.0,0.0,1339.0,40.0,9440,0,0,1,Pedestrian
95,1287.0,0.0,1339.0,40.0,9441,0,0,1,Pedestrian
95,1287.0,0.0,1339.0,40.0,9442,0,0,1,Pedestrian
95,1287.0,0.0,1339.0,40.0,9443,0,0,1,Pedestrian
95,1287.0,0.0,1339.0,40.0,9444,0,0,1,Pedestrian
95,1287.0,0.0,1339.0,40.0,9445,0,0,1,Pedestrian
95,1287.0,0.0,1339.0,40.0,9446,0,0,1,Pedestrian
95,1287.0,0.0,1339.0,40.0,9447,0,0,1,Pedestrian
95,1287.0,0.0,1339.0,40.0,9448,0,0,1,Pedestrian
95,1287.0,0.0,1339.0,40.0,9449,0,0,1,Pedestrian
95,1287.0,0.0,1339.0,40.0,9450,0,0,1,Pedestrian
95,1287.0,0.0,1339.0,40.0,9451,0,0,1,Pedestrian
95,1287.0,0.0,1339.0,40.0,9452,0,0,1,Pedestrian
95,1287.0,0.0,1339.0,40.0,9453,0,0,1,Pedestrian
95,1287.0,0.0,1339.0,40.0,9454,0,0,1,Pedestrian
95,1287.0,0.0,1339.0,40.0,9455,0,0,1,Pedestrian
95,1287.0,0.0,1339.0,40.0,9456,0,0,1,Pedestrian
95,1287.0,0.0,1339.0,40.0,9457,0,0,1,Pedestrian
95,1287.0,0.0,1339.0,40.0,9458,0,0,1,Pedestrian
95,1287.0,0.0,1339.0,40.0,9459,0,0,1,Pedestrian
95,1287.0,0.0,1339.0,40.0,9460,0,0,1,Pedestrian
95,1287.0,0.0,1339.0,40.0,9461,0,0,1,Pedestrian
95,1287.0,0.0,1339.0,40.0,9462,0,0,1,Pedestrian
95,1287.0,0.0,1339.0,40.0,9463,0,0,1,Pedestrian
95,1287.0,0.0,1339.0,40.0,9464,0,0,1,Pedestrian
95,1287.0,0.0,1339.0,40.0,9465,0,0,1,Pedestrian
95,1287.0,0.0,1339.0,40.0,9466,0,0,1,Pedestrian
95,1287.0,0.0,1339.0,40.0,9467,0,0,1,Pedestrian
95,1287.0,0.0,1339.0,40.0,9468,0,0,1,Pedestrian
95,1287.0,0.0,1339.0,40.0,9469,0,0,1,Pedestrian
95,1287.0,0.0,1339.0,40.0,9470,0,0,1,Pedestrian
95,1287.0,0.0,1339.0,40.0,9471,0,0,1,Pedestrian
95,1287.0,0.0,1339.0,40.0,9472,0,0,1,Pedestrian
95,1287.0,0.0,1339.0,40.0,9473,0,0,1,Pedestrian
95,1287.0,0.0,1339.0,40.0,9474,0,0,1,Pedestrian
95,1287.0,0.0,1339.0,40.0,9475,0,0,1,Pedestrian
95,1287.0,0.0,1339.0,40.0,9476,0,0,1,Pedestrian
95,1287.0,0.0,1339.0,40.0,9477,0,0,1,Pedestrian
95,1287.0,0.0,1339.0,40.0,9478,0,0,1,Pedestrian
95,1287.0,0.0,1339.0,40.0,9479,0,0,1,Pedestrian
95,1287.0,0.0,1339.0,40.0,9480,0,0,1,Pedestrian
95,1287.0,0.0,1339.0,40.0,9481,0,0,1,Pedestrian
95,1287.0,0.0,1339.0,40.0,9482,0,0,1,Pedestrian
95,1287.0,0.0,1339.0,40.0,9483,0,0,1,Pedestrian
95,1287.0,0.0,1339.0,40.0,9484,0,0,1,Pedestrian
95,1287.0,0.0,1339.0,40.0,9485,0,0,1,Pedestrian
95,1287.0,0.0,1339.0,40.0,9486,0,0,1,Pedestrian
95,1287.0,0.0,1339.0,40.0,9487,0,0,1,Pedestrian
95,1287.0,0.0,1339.0,40.0,9488,0,0,1,Pedestrian
95,1287.0,0.0,1339.0,40.0,9489,0,0,1,Pedestrian
95,1287.0,0.0,1339.0,40.0,9490,0,0,1,Pedestrian
95,1287.0,0.0,1339.0,40.0,9491,0,0,1,Pedestrian
95,1287.0,0.0,1339.0,40.0,9492,0,0,1,Pedestrian
95,1287.0,0.0,1339.0,40.0,9493,0,0,1,Pedestrian
95,1287.0,0.0,1339.0,40.0,9494,0,0,1,Pedestrian
95,1287.0,0.0,1339.0,40.0,9495,0,0,1,Pedestrian
95,1287.0,0.0,1339.0,40.0,9496,0,0,1,Pedestrian
95,1287.0,0.0,1339.0,40.0,9497,0,0,1,Pedestrian
95,1287.0,0.0,1339.0,40.0,9498,0,0,1,Pedestrian
95,1287.0,0.0,1339.0,40.0,9499,0,0,1,Pedestrian
95,1287.0,0.0,1339.0,40.0,9500,0,0,0,Pedestrian
95,1287.0,0.0,1339.0,38.0,9501,0,0,1,Pedestrian
95,1287.0,0.0,1339.0,38.0,9502,0,0,1,Pedestrian
95,1287.0,0.0,1339.0,38.0,9503,0,0,1,Pedestrian
95,1287.0,0.0,1339.0,38.0,9504,0,0,1,Pedestrian
95,1287.0,0.0,1339.0,38.0,9505,0,0,1,Pedestrian
95,1287.0,0.0,1339.0,38.0,9506,0,0,1,Pedestrian
95,1287.0,0.0,1339.0,38.0,9507,0,0,1,Pedestrian
95,1287.0,0.0,1339.0,38.0,9508,0,0,1,Pedestrian
95,1287.0,0.0,1339.0,38.0,9509,0,0,1,Pedestrian
95,1287.0,0.0,1339.0,38.0,9510,0,0,1,Pedestrian
95,1287.0,0.0,1339.0,38.0,9511,0,0,1,Pedestrian
95,1287.0,0.0,1339.0,38.0,9512,0,0,1,Pedestrian
95,1287.0,0.0,1339.0,38.0,9513,0,0,1,Pedestrian
95,1287.0,0.0,1339.0,38.0,9514,0,0,1,Pedestrian
95,1287.0,0.0,1339.0,38.0,9515,0,0,1,Pedestrian
95,1287.0,0.0,1339.0,38.0,9516,0,0,1,Pedestrian
95,1287.0,0.0,1339.0,38.0,9517,0,0,1,Pedestrian
95,1287.0,0.0,1339.0,38.0,9518,0,0,1,Pedestrian
95,1287.0,0.0,1339.0,38.0,9519,0,0,1,Pedestrian
95,1287.0,0.0,1339.0,38.0,9520,0,0,1,Pedestrian
95,1287.0,0.0,1339.0,38.0,9521,0,0,1,Pedestrian
95,1287.0,0.0,1339.0,38.0,9522,0,0,1,Pedestrian
95,1287.0,0.0,1339.0,38.0,9523,0,0,1,Pedestrian
95,1287.0,0.0,1339.0,38.0,9524,0,0,1,Pedestrian
95,1287.0,0.0,1339.0,38.0,9525,0,0,1,Pedestrian
95,1287.0,0.0,1339.0,38.0,9526,0,0,1,Pedestrian
95,1287.0,0.0,1339.0,38.0,9527,0,0,1,Pedestrian
95,1287.0,0.0,1339.0,38.0,9528,0,0,1,Pedestrian
95,1287.0,0.0,1339.0,38.0,9529,0,0,1,Pedestrian
95,1287.0,0.0,1339.0,38.0,9530,0,0,1,Pedestrian
95,1287.0,0.0,1339.0,38.0,9531,0,0,1,Pedestrian
95,1287.0,0.0,1339.0,38.0,9532,0,0,1,Pedestrian
95,1287.0,0.0,1339.0,38.0,9533,0,0,1,Pedestrian
95,1287.0,0.0,1339.0,38.0,9534,0,0,1,Pedestrian
95,1287.0,0.0,1339.0,38.0,9535,0,0,1,Pedestrian
95,1287.0,0.0,1339.0,38.0,9536,0,0,1,Pedestrian
95,1287.0,0.0,1339.0,38.0,9537,0,0,1,Pedestrian
95,1287.0,0.0,1339.0,38.0,9538,0,0,1,Pedestrian
95,1287.0,0.0,1339.0,38.0,9539,0,0,1,Pedestrian
95,1287.0,0.0,1339.0,38.0,9540,0,0,1,Pedestrian
95,1287.0,0.0,1339.0,38.0,9541,0,0,1,Pedestrian
95,1287.0,0.0,1339.0,38.0,9542,0,0,1,Pedestrian
95,1287.0,0.0,1339.0,38.0,9543,0,0,1,Pedestrian
95,1287.0,0.0,1339.0,38.0,9544,0,0,1,Pedestrian
95,1287.0,0.0,1339.0,38.0,9545,0,0,1,Pedestrian
95,1287.0,0.0,1339.0,38.0,9546,0,0,1,Pedestrian
95,1287.0,0.0,1339.0,38.0,9547,0,0,1,Pedestrian
95,1287.0,0.0,1339.0,38.0,9548,0,0,1,Pedestrian
95,1287.0,0.0,1339.0,38.0,9549,0,0,1,Pedestrian
95,1287.0,0.0,1339.0,38.0,9550,0,0,1,Pedestrian
95,1287.0,0.0,1339.0,38.0,9551,0,0,1,Pedestrian
95,1287.0,0.0,1339.0,38.0,9552,0,0,1,Pedestrian
95,1287.0,0.0,1339.0,38.0,9553,0,0,1,Pedestrian
95,1287.0,0.0,1339.0,38.0,9554,0,0,1,Pedestrian
95,1287.0,0.0,1339.0,38.0,9555,0,0,1,Pedestrian
95,1287.0,0.0,1339.0,38.0,9556,0,0,1,Pedestrian
95,1287.0,0.0,1339.0,38.0,9557,0,0,1,Pedestrian
95,1287.0,0.0,1339.0,38.0,9558,0,0,1,Pedestrian
95,1287.0,0.0,1339.0,38.0,9559,0,0,1,Pedestrian
95,1287.0,0.0,1339.0,38.0,9560,0,0,1,Pedestrian
95,1287.0,0.0,1339.0,38.0,9561,0,0,1,Pedestrian
95,1287.0,0.0,1339.0,38.0,9562,0,0,1,Pedestrian
95,1289.0,0.0,1339.0,38.0,9563,0,0,1,Pedestrian
95,1289.0,0.0,1339.0,38.0,9564,0,0,1,Pedestrian
95,1289.0,0.0,1339.0,38.0,9565,0,0,1,Pedestrian
95,1289.0,0.0,1339.0,38.0,9566,0,0,1,Pedestrian
95,1289.0,0.0,1339.0,38.0,9567,0,0,1,Pedestrian
95,1289.0,0.0,1339.0,38.0,9568,0,0,1,Pedestrian
95,1289.0,0.0,1339.0,38.0,9569,0,0,1,Pedestrian
95,1289.0,0.0,1339.0,38.0,9570,0,0,1,Pedestrian
95,1289.0,0.0,1339.0,38.0,9571,0,0,1,Pedestrian
95,1289.0,0.0,1342.0,38.0,9572,0,0,1,Pedestrian
95,1289.0,0.0,1342.0,38.0,9573,0,0,1,Pedestrian
95,1289.0,0.0,1342.0,38.0,9574,0,0,1,Pedestrian
95,1289.0,0.0,1342.0,38.0,9575,0,0,1,Pedestrian
95,1289.0,0.0,1342.0,38.0,9576,0,0,1,Pedestrian
95,1289.0,0.0,1342.0,38.0,9577,0,0,1,Pedestrian
95,1289.0,0.0,1342.0,38.0,9578,0,0,1,Pedestrian
95,1289.0,0.0,1342.0,38.0,9579,0,0,1,Pedestrian
95,1289.0,0.0,1342.0,38.0,9580,0,0,1,Pedestrian
95,1289.0,0.0,1342.0,38.0,9581,0,0,1,Pedestrian
95,1289.0,0.0,1342.0,38.0,9582,0,0,1,Pedestrian
95,1289.0,0.0,1342.0,38.0,9583,0,0,1,Pedestrian
95,1289.0,0.0,1342.0,38.0,9584,0,0,1,Pedestrian
95,1289.0,0.0,1342.0,38.0,9585,0,0,1,Pedestrian
95,1289.0,0.0,1342.0,38.0,9586,0,0,1,Pedestrian
95,1289.0,0.0,1342.0,38.0,9587,0,0,1,Pedestrian
95,1289.0,0.0,1342.0,38.0,9588,0,0,1,Pedestrian
95,1289.0,0.0,1342.0,38.0,9589,0,0,1,Pedestrian
95,1289.0,0.0,1342.0,38.0,9590,0,0,1,Pedestrian
95,1289.0,0.0,1342.0,38.0,9591,0,0,1,Pedestrian
95,1289.0,0.0,1342.0,38.0,9592,0,0,1,Pedestrian
95,1289.0,0.0,1342.0,38.0,9593,0,0,1,Pedestrian
95,1289.0,0.0,1342.0,38.0,9594,0,0,1,Pedestrian
95,1289.0,0.0,1342.0,38.0,9595,0,0,1,Pedestrian
95,1289.0,0.0,1342.0,38.0,9596,0,0,1,Pedestrian
95,1289.0,0.0,1342.0,38.0,9597,0,0,1,Pedestrian
95,1289.0,0.0,1342.0,38.0,9598,0,0,1,Pedestrian
95,1289.0,0.0,1342.0,38.0,9599,0,0,1,Pedestrian
95,1289.0,0.0,1342.0,38.0,9600,0,0,1,Pedestrian
95,1289.0,0.0,1342.0,38.0,9601,0,0,1,Pedestrian
95,1289.0,0.0,1342.0,38.0,9602,0,0,1,Pedestrian
95,1289.0,0.0,1342.0,38.0,9603,0,0,1,Pedestrian
95,1289.0,0.0,1342.0,38.0,9604,0,0,1,Pedestrian
95,1289.0,0.0,1342.0,38.0,9605,0,0,1,Pedestrian
95,1289.0,0.0,1342.0,38.0,9606,0,0,1,Pedestrian
95,1289.0,0.0,1342.0,38.0,9607,0,0,1,Pedestrian
95,1289.0,0.0,1342.0,38.0,9608,0,0,1,Pedestrian
95,1289.0,0.0,1342.0,38.0,9609,0,0,1,Pedestrian
95,1289.0,0.0,1342.0,38.0,9610,0,0,1,Pedestrian
95,1289.0,0.0,1342.0,38.0,9611,0,0,1,Pedestrian
95,1289.0,0.0,1342.0,38.0,9612,0,0,1,Pedestrian
95,1289.0,0.0,1342.0,38.0,9613,0,0,1,Pedestrian
95,1289.0,0.0,1342.0,38.0,9614,0,0,1,Pedestrian
95,1289.0,0.0,1342.0,38.0,9615,0,0,1,Pedestrian
95,1289.0,0.0,1342.0,38.0,9616,0,0,1,Pedestrian
95,1289.0,0.0,1342.0,38.0,9617,0,0,1,Pedestrian
95,1289.0,0.0,1342.0,38.0,9618,0,0,1,Pedestrian
95,1289.0,0.0,1342.0,38.0,9619,0,0,1,Pedestrian
95,1289.0,0.0,1342.0,38.0,9620,0,0,1,Pedestrian
95,1289.0,0.0,1342.0,38.0,9621,0,0,1,Pedestrian
95,1289.0,0.0,1342.0,38.0,9622,0,0,1,Pedestrian
95,1289.0,0.0,1342.0,38.0,9623,0,0,1,Pedestrian
95,1289.0,0.0,1342.0,38.0,9624,0,0,1,Pedestrian
95,1292.0,0.0,1342.0,38.0,9625,0,0,1,Pedestrian
95,1292.0,0.0,1342.0,38.0,9626,0,0,1,Pedestrian
95,1292.0,0.0,1342.0,38.0,9627,0,0,1,Pedestrian
95,1292.0,0.0,1342.0,38.0,9628,0,0,1,Pedestrian
95,1292.0,0.0,1342.0,38.0,9629,0,0,1,Pedestrian
95,1292.0,0.0,1342.0,38.0,9630,0,0,1,Pedestrian
95,1292.0,0.0,1342.0,38.0,9631,0,0,1,Pedestrian
95,1292.0,0.0,1342.0,38.0,9632,0,0,1,Pedestrian
95,1292.0,0.0,1342.0,38.0,9633,0,0,1,Pedestrian
95,1292.0,0.0,1342.0,38.0,9634,0,0,1,Pedestrian
95,1292.0,0.0,1342.0,38.0,9635,0,0,1,Pedestrian
95,1292.0,0.0,1342.0,38.0,9636,0,0,1,Pedestrian
95,1292.0,0.0,1342.0,38.0,9637,0,0,1,Pedestrian
95,1292.0,0.0,1342.0,38.0,9638,0,0,1,Pedestrian
95,1292.0,0.0,1342.0,38.0,9639,0,0,1,Pedestrian
95,1292.0,0.0,1342.0,38.0,9640,0,0,1,Pedestrian
95,1292.0,0.0,1342.0,38.0,9641,0,0,1,Pedestrian
95,1292.0,0.0,1342.0,38.0,9642,0,0,1,Pedestrian
95,1292.0,0.0,1344.0,38.0,9643,0,0,1,Pedestrian
95,1292.0,0.0,1344.0,38.0,9644,0,0,1,Pedestrian
95,1292.0,0.0,1344.0,38.0,9645,0,0,1,Pedestrian
95,1292.0,0.0,1344.0,38.0,9646,0,0,1,Pedestrian
95,1292.0,0.0,1344.0,38.0,9647,0,0,1,Pedestrian
95,1292.0,0.0,1344.0,38.0,9648,0,0,1,Pedestrian
95,1292.0,0.0,1344.0,38.0,9649,0,0,1,Pedestrian
95,1292.0,0.0,1344.0,38.0,9650,0,0,1,Pedestrian
95,1292.0,0.0,1344.0,38.0,9651,0,0,1,Pedestrian
95,1292.0,0.0,1344.0,38.0,9652,0,0,1,Pedestrian
95,1292.0,0.0,1344.0,38.0,9653,0,0,1,Pedestrian
95,1292.0,0.0,1344.0,38.0,9654,0,0,1,Pedestrian
95,1292.0,0.0,1344.0,38.0,9655,0,0,1,Pedestrian
95,1292.0,0.0,1344.0,38.0,9656,0,0,1,Pedestrian
95,1292.0,0.0,1344.0,38.0,9657,0,0,1,Pedestrian
95,1292.0,0.0,1344.0,38.0,9658,0,0,1,Pedestrian
95,1292.0,0.0,1344.0,38.0,9659,0,0,1,Pedestrian
95,1292.0,0.0,1344.0,38.0,9660,0,0,1,Pedestrian
95,1292.0,0.0,1344.0,38.0,9661,0,0,1,Pedestrian
95,1292.0,0.0,1344.0,38.0,9662,0,0,1,Pedestrian
95,1292.0,0.0,1344.0,38.0,9663,0,0,1,Pedestrian
95,1292.0,0.0,1344.0,38.0,9664,0,0,1,Pedestrian
95,1292.0,0.0,1344.0,38.0,9665,0,0,1,Pedestrian
95,1292.0,0.0,1344.0,38.0,9666,0,0,1,Pedestrian
95,1292.0,0.0,1344.0,38.0,9667,0,0,1,Pedestrian
95,1292.0,0.0,1344.0,38.0,9668,0,0,1,Pedestrian
95,1292.0,0.0,1344.0,38.0,9669,0,0,1,Pedestrian
95,1292.0,0.0,1344.0,38.0,9670,0,0,1,Pedestrian
95,1292.0,0.0,1344.0,38.0,9671,0,0,1,Pedestrian
95,1292.0,0.0,1344.0,38.0,9672,0,0,1,Pedestrian
95,1292.0,0.0,1344.0,38.0,9673,0,0,1,Pedestrian
95,1292.0,0.0,1344.0,38.0,9674,0,0,1,Pedestrian
95,1292.0,0.0,1344.0,38.0,9675,0,0,1,Pedestrian
95,1292.0,0.0,1344.0,38.0,9676,0,0,1,Pedestrian
95,1292.0,0.0,1344.0,38.0,9677,0,0,1,Pedestrian
95,1292.0,0.0,1344.0,38.0,9678,0,0,1,Pedestrian
95,1292.0,0.0,1344.0,38.0,9679,0,0,1,Pedestrian
95,1292.0,0.0,1344.0,38.0,9680,0,0,1,Pedestrian
95,1292.0,0.0,1344.0,38.0,9681,0,0,1,Pedestrian
95,1292.0,0.0,1344.0,38.0,9682,0,0,1,Pedestrian
95,1292.0,0.0,1344.0,38.0,9683,0,0,1,Pedestrian
95,1292.0,0.0,1344.0,38.0,9684,0,0,1,Pedestrian
95,1292.0,0.0,1344.0,38.0,9685,0,0,1,Pedestrian
95,1292.0,0.0,1344.0,38.0,9686,0,0,1,Pedestrian
95,1292.0,0.0,1344.0,38.0,9687,0,0,1,Pedestrian
95,1295.0,0.0,1344.0,38.0,9688,0,0,1,Pedestrian
95,1295.0,0.0,1344.0,38.0,9689,0,0,1,Pedestrian
95,1295.0,0.0,1344.0,38.0,9690,0,0,1,Pedestrian
95,1295.0,0.0,1344.0,38.0,9691,0,0,1,Pedestrian
95,1295.0,0.0,1344.0,38.0,9692,0,0,1,Pedestrian
95,1295.0,0.0,1344.0,38.0,9693,0,0,1,Pedestrian
95,1295.0,0.0,1344.0,38.0,9694,0,0,1,Pedestrian
95,1295.0,0.0,1344.0,38.0,9695,0,0,1,Pedestrian
95,1295.0,0.0,1344.0,38.0,9696,0,0,1,Pedestrian
95,1295.0,0.0,1344.0,38.0,9697,0,0,1,Pedestrian
95,1295.0,0.0,1344.0,38.0,9698,0,0,1,Pedestrian
95,1295.0,0.0,1344.0,38.0,9699,0,0,1,Pedestrian
95,1295.0,0.0,1344.0,38.0,9700,0,0,1,Pedestrian
95,1295.0,0.0,1344.0,38.0,9701,0,0,1,Pedestrian
95,1295.0,0.0,1344.0,38.0,9702,0,0,1,Pedestrian
95,1295.0,0.0,1344.0,38.0,9703,0,0,1,Pedestrian
95,1295.0,0.0,1344.0,38.0,9704,0,0,1,Pedestrian
95,1295.0,0.0,1344.0,38.0,9705,0,0,1,Pedestrian
95,1295.0,0.0,1344.0,38.0,9706,0,0,1,Pedestrian
95,1295.0,0.0,1344.0,38.0,9707,0,0,1,Pedestrian
95,1295.0,0.0,1344.0,38.0,9708,0,0,1,Pedestrian
95,1295.0,0.0,1344.0,38.0,9709,0,0,1,Pedestrian
95,1295.0,0.0,1344.0,38.0,9710,0,0,1,Pedestrian
95,1295.0,0.0,1344.0,38.0,9711,0,0,1,Pedestrian
95,1295.0,0.0,1344.0,38.0,9712,0,0,1,Pedestrian
95,1295.0,0.0,1344.0,38.0,9713,0,0,1,Pedestrian
95,1295.0,0.0,1344.0,38.0,9714,0,0,1,Pedestrian
95,1295.0,0.0,1347.0,38.0,9715,0,0,1,Pedestrian
95,1295.0,0.0,1347.0,38.0,9716,0,0,1,Pedestrian
95,1295.0,0.0,1347.0,38.0,9717,0,0,1,Pedestrian
95,1295.0,0.0,1347.0,38.0,9718,0,0,1,Pedestrian
95,1295.0,0.0,1347.0,38.0,9719,0,0,1,Pedestrian
95,1295.0,0.0,1347.0,38.0,9720,0,0,1,Pedestrian
95,1295.0,0.0,1347.0,38.0,9721,0,0,1,Pedestrian
95,1295.0,0.0,1347.0,38.0,9722,0,0,1,Pedestrian
95,1295.0,0.0,1347.0,38.0,9723,0,0,1,Pedestrian
95,1295.0,0.0,1347.0,38.0,9724,0,0,1,Pedestrian
95,1295.0,0.0,1347.0,38.0,9725,0,0,1,Pedestrian
95,1295.0,0.0,1347.0,38.0,9726,0,0,1,Pedestrian
95,1295.0,0.0,1347.0,38.0,9727,0,0,1,Pedestrian
95,1295.0,0.0,1347.0,38.0,9728,0,0,1,Pedestrian
95,1295.0,0.0,1347.0,38.0,9729,0,0,1,Pedestrian
95,1295.0,0.0,1347.0,38.0,9730,0,0,1,Pedestrian
95,1295.0,0.0,1347.0,38.0,9731,0,0,1,Pedestrian
95,1295.0,0.0,1347.0,38.0,9732,0,0,1,Pedestrian
95,1295.0,0.0,1347.0,38.0,9733,0,0,1,Pedestrian
95,1295.0,0.0,1347.0,38.0,9734,0,0,1,Pedestrian
95,1295.0,0.0,1347.0,38.0,9735,0,0,1,Pedestrian
95,1295.0,0.0,1347.0,38.0,9736,0,0,1,Pedestrian
95,1295.0,0.0,1347.0,38.0,9737,0,0,1,Pedestrian
95,1295.0,0.0,1347.0,38.0,9738,0,0,1,Pedestrian
95,1295.0,0.0,1347.0,38.0,9739,0,0,1,Pedestrian
95,1295.0,0.0,1347.0,38.0,9740,0,0,1,Pedestrian
95,1295.0,0.0,1347.0,38.0,9741,0,0,1,Pedestrian
95,1295.0,0.0,1347.0,38.0,9742,0,0,1,Pedestrian
95,1295.0,0.0,1347.0,38.0,9743,0,0,1,Pedestrian
95,1295.0,0.0,1347.0,38.0,9744,0,0,1,Pedestrian
95,1295.0,0.0,1347.0,38.0,9745,0,0,1,Pedestrian
95,1295.0,0.0,1347.0,38.0,9746,0,0,1,Pedestrian
95,1295.0,0.0,1347.0,38.0,9747,0,0,1,Pedestrian
95,1295.0,0.0,1347.0,38.0,9748,0,0,1,Pedestrian
95,1295.0,0.0,1347.0,38.0,9749,0,0,1,Pedestrian
95,1298.0,0.0,1347.0,38.0,9750,0,0,1,Pedestrian
95,1298.0,0.0,1347.0,36.0,9751,0,0,1,Pedestrian
95,1298.0,0.0,1347.0,36.0,9752,0,0,1,Pedestrian
95,1298.0,0.0,1347.0,36.0,9753,0,0,1,Pedestrian
95,1298.0,0.0,1347.0,36.0,9754,0,0,1,Pedestrian
95,1298.0,0.0,1347.0,36.0,9755,0,0,1,Pedestrian
95,1298.0,0.0,1347.0,36.0,9756,0,0,1,Pedestrian
95,1298.0,0.0,1347.0,36.0,9757,0,0,1,Pedestrian
95,1298.0,0.0,1347.0,36.0,9758,0,0,1,Pedestrian
95,1298.0,0.0,1347.0,36.0,9759,0,0,1,Pedestrian
95,1298.0,0.0,1347.0,36.0,9760,0,0,1,Pedestrian
95,1298.0,0.0,1347.0,36.0,9761,0,0,1,Pedestrian
95,1298.0,0.0,1347.0,36.0,9762,0,0,1,Pedestrian
95,1298.0,0.0,1347.0,36.0,9763,0,0,1,Pedestrian
95,1298.0,0.0,1347.0,36.0,9764,0,0,1,Pedestrian
95,1298.0,0.0,1347.0,36.0,9765,0,0,1,Pedestrian
95,1298.0,0.0,1347.0,36.0,9766,0,0,1,Pedestrian
95,1298.0,0.0,1347.0,36.0,9767,0,0,1,Pedestrian
95,1298.0,0.0,1347.0,36.0,9768,0,0,1,Pedestrian
95,1298.0,0.0,1347.0,36.0,9769,0,0,1,Pedestrian
95,1298.0,0.0,1347.0,36.0,9770,0,0,1,Pedestrian
95,1298.0,0.0,1347.0,36.0,9771,0,0,1,Pedestrian
95,1298.0,0.0,1347.0,36.0,9772,0,0,1,Pedestrian
95,1298.0,0.0,1347.0,36.0,9773,0,0,1,Pedestrian
95,1298.0,0.0,1347.0,36.0,9774,0,0,1,Pedestrian
95,1298.0,0.0,1347.0,36.0,9775,0,0,1,Pedestrian
95,1298.0,0.0,1347.0,36.0,9776,0,0,1,Pedestrian
95,1298.0,0.0,1347.0,36.0,9777,0,0,1,Pedestrian
95,1298.0,0.0,1347.0,36.0,9778,0,0,1,Pedestrian
95,1298.0,0.0,1347.0,36.0,9779,0,0,1,Pedestrian
95,1298.0,0.0,1347.0,36.0,9780,0,0,1,Pedestrian
95,1298.0,0.0,1347.0,36.0,9781,0,0,1,Pedestrian
95,1298.0,0.0,1347.0,36.0,9782,0,0,1,Pedestrian
95,1298.0,0.0,1347.0,36.0,9783,0,0,1,Pedestrian
95,1298.0,0.0,1347.0,36.0,9784,0,0,1,Pedestrian
95,1298.0,0.0,1347.0,36.0,9785,0,0,1,Pedestrian
95,1298.0,0.0,1350.0,36.0,9786,0,0,1,Pedestrian
95,1298.0,0.0,1350.0,36.0,9787,0,0,1,Pedestrian
95,1298.0,0.0,1350.0,36.0,9788,0,0,1,Pedestrian
95,1298.0,0.0,1350.0,36.0,9789,0,0,1,Pedestrian
95,1298.0,0.0,1350.0,36.0,9790,0,0,1,Pedestrian
95,1298.0,0.0,1350.0,36.0,9791,0,0,1,Pedestrian
95,1298.0,0.0,1350.0,36.0,9792,0,0,1,Pedestrian
95,1298.0,0.0,1350.0,36.0,9793,0,0,1,Pedestrian
95,1298.0,0.0,1350.0,36.0,9794,0,0,1,Pedestrian
95,1298.0,0.0,1350.0,36.0,9795,0,0,1,Pedestrian
95,1298.0,0.0,1350.0,36.0,9796,0,0,1,Pedestrian
95,1298.0,0.0,1350.0,36.0,9797,0,0,1,Pedestrian
95,1298.0,0.0,1350.0,36.0,9798,0,0,1,Pedestrian
95,1298.0,0.0,1350.0,36.0,9799,0,0,1,Pedestrian
95,1298.0,0.0,1350.0,36.0,9800,0,0,1,Pedestrian
95,1298.0,0.0,1350.0,36.0,9801,0,0,1,Pedestrian
95,1298.0,0.0,1350.0,36.0,9802,0,0,1,Pedestrian
95,1298.0,0.0,1350.0,36.0,9803,0,0,1,Pedestrian
95,1298.0,0.0,1350.0,36.0,9804,0,0,1,Pedestrian
95,1298.0,0.0,1350.0,36.0,9805,0,0,1,Pedestrian
95,1298.0,0.0,1350.0,36.0,9806,0,0,1,Pedestrian
95,1298.0,0.0,1350.0,36.0,9807,0,0,1,Pedestrian
95,1298.0,0.0,1350.0,36.0,9808,0,0,1,Pedestrian
95,1298.0,0.0,1350.0,36.0,9809,0,0,1,Pedestrian
95,1298.0,0.0,1350.0,36.0,9810,0,0,1,Pedestrian
95,1298.0,0.0,1350.0,36.0,9811,0,0,1,Pedestrian
95,1298.0,0.0,1350.0,36.0,9812,0,0,1,Pedestrian
95,1300.0,0.0,1350.0,36.0,9813,0,0,1,Pedestrian
95,1300.0,0.0,1350.0,36.0,9814,0,0,1,Pedestrian
95,1300.0,0.0,1350.0,36.0,9815,0,0,1,Pedestrian
95,1300.0,0.0,1350.0,36.0,9816,0,0,1,Pedestrian
95,1300.0,0.0,1350.0,36.0,9817,0,0,1,Pedestrian
95,1300.0,0.0,1350.0,36.0,9818,0,0,1,Pedestrian
95,1300.0,0.0,1350.0,36.0,9819,0,0,1,Pedestrian
95,1300.0,0.0,1350.0,36.0,9820,0,0,1,Pedestrian
95,1300.0,0.0,1350.0,36.0,9821,0,0,1,Pedestrian
95,1300.0,0.0,1350.0,36.0,9822,0,0,1,Pedestrian
95,1300.0,0.0,1350.0,36.0,9823,0,0,1,Pedestrian
95,1300.0,0.0,1350.0,36.0,9824,0,0,1,Pedestrian
95,1300.0,0.0,1350.0,36.0,9825,0,0,1,Pedestrian
95,1300.0,0.0,1350.0,36.0,9826,0,0,1,Pedestrian
95,1300.0,0.0,1350.0,36.0,9827,0,0,1,Pedestrian
95,1300.0,0.0,1350.0,36.0,9828,0,0,1,Pedestrian
95,1300.0,0.0,1350.0,36.0,9829,0,0,1,Pedestrian
95,1300.0,0.0,1350.0,36.0,9830,0,0,1,Pedestrian
95,1300.0,0.0,1350.0,36.0,9831,0,0,1,Pedestrian
95,1300.0,0.0,1350.0,36.0,9832,0,0,1,Pedestrian
95,1300.0,0.0,1350.0,36.0,9833,0,0,1,Pedestrian
95,1300.0,0.0,1350.0,36.0,9834,0,0,1,Pedestrian
95,1300.0,0.0,1350.0,36.0,9835,0,0,1,Pedestrian
95,1300.0,0.0,1350.0,36.0,9836,0,0,1,Pedestrian
95,1300.0,0.0,1350.0,36.0,9837,0,0,1,Pedestrian
95,1300.0,0.0,1350.0,36.0,9838,0,0,1,Pedestrian
95,1300.0,0.0,1350.0,36.0,9839,0,0,1,Pedestrian
95,1300.0,0.0,1350.0,36.0,9840,0,0,1,Pedestrian
95,1300.0,0.0,1350.0,36.0,9841,0,0,1,Pedestrian
95,1300.0,0.0,1350.0,36.0,9842,0,0,1,Pedestrian
95,1300.0,0.0,1350.0,36.0,9843,0,0,1,Pedestrian
95,1300.0,0.0,1350.0,36.0,9844,0,0,1,Pedestrian
95,1300.0,0.0,1350.0,36.0,9845,0,0,1,Pedestrian
95,1300.0,0.0,1350.0,36.0,9846,0,0,1,Pedestrian
95,1300.0,0.0,1350.0,36.0,9847,0,0,1,Pedestrian
95,1300.0,0.0,1350.0,36.0,9848,0,0,1,Pedestrian
95,1300.0,0.0,1350.0,36.0,9849,0,0,1,Pedestrian
95,1300.0,0.0,1350.0,36.0,9850,0,0,1,Pedestrian
95,1300.0,0.0,1350.0,36.0,9851,0,0,1,Pedestrian
95,1300.0,0.0,1350.0,36.0,9852,0,0,1,Pedestrian
95,1300.0,0.0,1350.0,36.0,9853,0,0,1,Pedestrian
95,1300.0,0.0,1350.0,36.0,9854,0,0,1,Pedestrian
95,1300.0,0.0,1350.0,36.0,9855,0,0,1,Pedestrian
95,1300.0,0.0,1350.0,36.0,9856,0,0,1,Pedestrian
95,1300.0,0.0,1350.0,36.0,9857,0,0,1,Pedestrian
95,1300.0,0.0,1353.0,36.0,9858,0,0,1,Pedestrian
95,1300.0,0.0,1353.0,36.0,9859,0,0,1,Pedestrian
95,1300.0,0.0,1353.0,36.0,9860,0,0,1,Pedestrian
95,1300.0,0.0,1353.0,36.0,9861,0,0,1,Pedestrian
95,1300.0,0.0,1353.0,36.0,9862,0,0,1,Pedestrian
95,1300.0,0.0,1353.0,36.0,9863,0,0,1,Pedestrian
95,1300.0,0.0,1353.0,36.0,9864,0,0,1,Pedestrian
95,1300.0,0.0,1353.0,36.0,9865,0,0,1,Pedestrian
95,1300.0,0.0,1353.0,36.0,9866,0,0,1,Pedestrian
95,1300.0,0.0,1353.0,36.0,9867,0,0,1,Pedestrian
95,1300.0,0.0,1353.0,36.0,9868,0,0,1,Pedestrian
95,1300.0,0.0,1353.0,36.0,9869,0,0,1,Pedestrian
95,1300.0,0.0,1353.0,36.0,9870,0,0,1,Pedestrian
95,1300.0,0.0,1353.0,36.0,9871,0,0,1,Pedestrian
95,1300.0,0.0,1353.0,36.0,9872,0,0,1,Pedestrian
95,1300.0,0.0,1353.0,36.0,9873,0,0,1,Pedestrian
95,1300.0,0.0,1353.0,36.0,9874,0,0,1,Pedestrian
95,1303.0,0.0,1353.0,36.0,9875,0,0,1,Pedestrian
95,1303.0,0.0,1353.0,36.0,9876,0,0,1,Pedestrian
95,1303.0,0.0,1353.0,36.0,9877,0,0,1,Pedestrian
95,1303.0,0.0,1353.0,36.0,9878,0,0,1,Pedestrian
95,1303.0,0.0,1353.0,36.0,9879,0,0,1,Pedestrian
95,1303.0,0.0,1353.0,36.0,9880,0,0,1,Pedestrian
95,1303.0,0.0,1353.0,36.0,9881,0,0,1,Pedestrian
95,1303.0,0.0,1353.0,36.0,9882,0,0,1,Pedestrian
95,1303.0,0.0,1353.0,36.0,9883,0,0,1,Pedestrian
95,1303.0,0.0,1353.0,36.0,9884,0,0,1,Pedestrian
95,1303.0,0.0,1353.0,36.0,9885,0,0,1,Pedestrian
95,1303.0,0.0,1353.0,36.0,9886,0,0,1,Pedestrian
95,1303.0,0.0,1353.0,36.0,9887,0,0,1,Pedestrian
95,1303.0,0.0,1353.0,36.0,9888,0,0,1,Pedestrian
95,1303.0,0.0,1353.0,36.0,9889,0,0,1,Pedestrian
95,1303.0,0.0,1353.0,36.0,9890,0,0,1,Pedestrian
95,1303.0,0.0,1353.0,36.0,9891,0,0,1,Pedestrian
95,1303.0,0.0,1353.0,36.0,9892,0,0,1,Pedestrian
95,1303.0,0.0,1353.0,36.0,9893,0,0,1,Pedestrian
95,1303.0,0.0,1353.0,36.0,9894,0,0,1,Pedestrian
95,1303.0,0.0,1353.0,36.0,9895,0,0,1,Pedestrian
95,1303.0,0.0,1353.0,36.0,9896,0,0,1,Pedestrian
95,1303.0,0.0,1353.0,36.0,9897,0,0,1,Pedestrian
95,1303.0,0.0,1353.0,36.0,9898,0,0,1,Pedestrian
95,1303.0,0.0,1353.0,36.0,9899,0,0,1,Pedestrian
95,1303.0,0.0,1353.0,36.0,9900,0,0,1,Pedestrian
95,1303.0,0.0,1353.0,36.0,9901,0,0,1,Pedestrian
95,1303.0,0.0,1353.0,36.0,9902,0,0,1,Pedestrian
95,1303.0,0.0,1353.0,36.0,9903,0,0,1,Pedestrian
95,1303.0,0.0,1353.0,36.0,9904,0,0,1,Pedestrian
95,1303.0,0.0,1353.0,36.0,9905,0,0,1,Pedestrian
95,1303.0,0.0,1353.0,36.0,9906,0,0,1,Pedestrian
95,1303.0,0.0,1353.0,36.0,9907,0,0,1,Pedestrian
95,1303.0,0.0,1353.0,36.0,9908,0,0,1,Pedestrian
95,1303.0,0.0,1353.0,36.0,9909,0,0,1,Pedestrian
95,1303.0,0.0,1353.0,36.0,9910,0,0,1,Pedestrian
95,1303.0,0.0,1353.0,36.0,9911,0,0,1,Pedestrian
95,1303.0,0.0,1353.0,36.0,9912,0,0,1,Pedestrian
95,1303.0,0.0,1353.0,36.0,9913,0,0,1,Pedestrian
95,1303.0,0.0,1353.0,36.0,9914,0,0,1,Pedestrian
95,1303.0,0.0,1353.0,36.0,9915,0,0,1,Pedestrian
95,1303.0,0.0,1353.0,36.0,9916,0,0,1,Pedestrian
95,1303.0,0.0,1353.0,36.0,9917,0,0,1,Pedestrian
95,1303.0,0.0,1353.0,36.0,9918,0,0,1,Pedestrian
95,1303.0,0.0,1353.0,36.0,9919,0,0,1,Pedestrian
95,1303.0,0.0,1353.0,36.0,9920,0,0,1,Pedestrian
95,1303.0,0.0,1353.0,36.0,9921,0,0,1,Pedestrian
95,1303.0,0.0,1353.0,36.0,9922,0,0,1,Pedestrian
95,1303.0,0.0,1353.0,36.0,9923,0,0,1,Pedestrian
95,1303.0,0.0,1353.0,36.0,9924,0,0,1,Pedestrian
95,1303.0,0.0,1353.0,36.0,9925,0,0,1,Pedestrian
95,1303.0,0.0,1353.0,36.0,9926,0,0,1,Pedestrian
95,1303.0,0.0,1353.0,36.0,9927,0,0,1,Pedestrian
95,1303.0,0.0,1353.0,36.0,9928,0,0,1,Pedestrian
95,1303.0,0.0,1355.0,36.0,9929,0,0,1,Pedestrian
95,1303.0,0.0,1355.0,36.0,9930,0,0,1,Pedestrian
95,1303.0,0.0,1355.0,36.0,9931,0,0,1,Pedestrian
95,1303.0,0.0,1355.0,36.0,9932,0,0,1,Pedestrian
95,1303.0,0.0,1355.0,36.0,9933,0,0,1,Pedestrian
95,1303.0,0.0,1355.0,36.0,9934,0,0,1,Pedestrian
95,1303.0,0.0,1355.0,36.0,9935,0,0,1,Pedestrian
95,1303.0,0.0,1355.0,36.0,9936,0,0,1,Pedestrian
95,1303.0,0.0,1355.0,36.0,9937,0,0,1,Pedestrian
95,1306.0,0.0,1355.0,36.0,9938,0,0,1,Pedestrian
95,1306.0,0.0,1355.0,36.0,9939,0,0,1,Pedestrian
95,1306.0,0.0,1355.0,36.0,9940,0,0,1,Pedestrian
95,1306.0,0.0,1355.0,36.0,9941,0,0,1,Pedestrian
95,1306.0,0.0,1355.0,36.0,9942,0,0,1,Pedestrian
95,1306.0,0.0,1355.0,36.0,9943,0,0,1,Pedestrian
95,1306.0,0.0,1355.0,36.0,9944,0,0,1,Pedestrian
95,1306.0,0.0,1355.0,36.0,9945,0,0,1,Pedestrian
95,1306.0,0.0,1355.0,36.0,9946,0,0,1,Pedestrian
95,1306.0,0.0,1355.0,36.0,9947,0,0,1,Pedestrian
95,1306.0,0.0,1355.0,36.0,9948,0,0,1,Pedestrian
95,1306.0,0.0,1355.0,36.0,9949,0,0,1,Pedestrian
95,1306.0,0.0,1355.0,36.0,9950,0,0,1,Pedestrian
95,1306.0,0.0,1355.0,36.0,9951,0,0,1,Pedestrian
95,1306.0,0.0,1355.0,36.0,9952,0,0,1,Pedestrian
95,1306.0,0.0,1355.0,36.0,9953,0,0,1,Pedestrian
95,1306.0,0.0,1355.0,36.0,9954,0,0,1,Pedestrian
95,1306.0,0.0,1355.0,36.0,9955,0,0,1,Pedestrian
95,1306.0,0.0,1355.0,36.0,9956,0,0,1,Pedestrian
95,1306.0,0.0,1355.0,36.0,9957,0,0,1,Pedestrian
95,1306.0,0.0,1355.0,36.0,9958,0,0,1,Pedestrian
95,1306.0,0.0,1355.0,36.0,9959,0,0,1,Pedestrian
95,1306.0,0.0,1355.0,36.0,9960,0,0,1,Pedestrian
95,1306.0,0.0,1355.0,36.0,9961,0,0,1,Pedestrian
95,1306.0,0.0,1355.0,36.0,9962,0,0,1,Pedestrian
95,1306.0,0.0,1355.0,36.0,9963,0,0,1,Pedestrian
95,1306.0,0.0,1355.0,36.0,9964,0,0,1,Pedestrian
95,1306.0,0.0,1355.0,36.0,9965,0,0,1,Pedestrian
95,1306.0,0.0,1355.0,36.0,9966,0,0,1,Pedestrian
95,1306.0,0.0,1355.0,36.0,9967,0,0,1,Pedestrian
95,1306.0,0.0,1355.0,36.0,9968,0,0,1,Pedestrian
95,1306.0,0.0,1355.0,36.0,9969,0,0,1,Pedestrian
95,1306.0,0.0,1355.0,36.0,9970,0,0,1,Pedestrian
95,1306.0,0.0,1355.0,36.0,9971,0,0,1,Pedestrian
95,1306.0,0.0,1355.0,36.0,9972,0,0,1,Pedestrian
95,1306.0,0.0,1355.0,36.0,9973,0,0,1,Pedestrian
95,1306.0,0.0,1355.0,36.0,9974,0,0,1,Pedestrian
95,1306.0,0.0,1355.0,36.0,9975,0,0,1,Pedestrian
95,1306.0,0.0,1355.0,36.0,9976,0,0,1,Pedestrian
95,1306.0,0.0,1355.0,36.0,9977,0,0,1,Pedestrian
95,1306.0,0.0,1355.0,36.0,9978,0,0,1,Pedestrian
95,1306.0,0.0,1355.0,36.0,9979,0,0,1,Pedestrian
95,1306.0,0.0,1355.0,36.0,9980,0,0,1,Pedestrian
95,1306.0,0.0,1355.0,36.0,9981,0,0,1,Pedestrian
95,1306.0,0.0,1355.0,36.0,9982,0,0,1,Pedestrian
95,1306.0,0.0,1355.0,36.0,9983,0,0,1,Pedestrian
95,1306.0,0.0,1355.0,36.0,9984,0,0,1,Pedestrian
95,1306.0,0.0,1355.0,36.0,9985,0,0,1,Pedestrian
95,1306.0,0.0,1355.0,36.0,9986,0,0,1,Pedestrian
95,1306.0,0.0,1355.0,36.0,9987,0,0,1,Pedestrian
95,1306.0,0.0,1355.0,36.0,9988,0,0,1,Pedestrian
95,1306.0,0.0,1355.0,36.0,9989,0,0,1,Pedestrian
95,1306.0,0.0,1355.0,36.0,9990,0,0,1,Pedestrian
95,1306.0,0.0,1355.0,36.0,9991,0,0,1,Pedestrian
95,1306.0,0.0,1355.0,36.0,9992,0,0,1,Pedestrian
95,1306.0,0.0,1355.0,36.0,9993,0,0,1,Pedestrian
95,1306.0,0.0,1355.0,36.0,9994,0,0,1,Pedestrian
95,1306.0,0.0,1355.0,36.0,9995,0,0,1,Pedestrian
95,1306.0,0.0,1355.0,36.0,9996,0,0,1,Pedestrian
95,1306.0,0.0,1355.0,36.0,9997,0,0,1,Pedestrian
95,1306.0,0.0,1355.0,36.0,9998,0,0,1,Pedestrian
95,1306.0,0.0,1355.0,36.0,9999,0,0,1,Pedestrian
95,1309.0,0.0,1358.0,36.0,10000,0,0,0,Pedestrian
95,1309.0,0.0,1358.0,36.0,10001,0,0,1,Pedestrian
95,1309.0,0.0,1358.0,36.0,10002,0,0,1,Pedestrian
95,1309.0,0.0,1358.0,36.0,10003,0,0,1,Pedestrian
95,1309.0,0.0,1358.0,36.0,10004,0,0,1,Pedestrian
95,1309.0,0.0,1358.0,36.0,10005,0,0,1,Pedestrian
95,1309.0,0.0,1358.0,36.0,10006,0,0,1,Pedestrian
95,1309.0,0.0,1358.0,36.0,10007,0,0,1,Pedestrian
95,1309.0,0.0,1358.0,36.0,10008,0,0,1,Pedestrian
95,1309.0,0.0,1358.0,36.0,10009,0,0,1,Pedestrian
95,1309.0,0.0,1358.0,36.0,10010,0,0,1,Pedestrian
95,1309.0,0.0,1358.0,36.0,10011,0,0,1,Pedestrian
95,1309.0,0.0,1358.0,36.0,10012,0,0,1,Pedestrian
95,1309.0,0.0,1358.0,36.0,10013,0,0,1,Pedestrian
95,1309.0,0.0,1358.0,36.0,10014,0,0,1,Pedestrian
95,1309.0,0.0,1358.0,36.0,10015,0,0,1,Pedestrian
95,1309.0,0.0,1358.0,36.0,10016,0,0,1,Pedestrian
95,1309.0,0.0,1358.0,36.0,10017,0,0,1,Pedestrian
95,1309.0,0.0,1358.0,36.0,10018,0,0,1,Pedestrian
95,1309.0,0.0,1358.0,36.0,10019,0,0,1,Pedestrian
95,1309.0,0.0,1358.0,36.0,10020,0,0,1,Pedestrian
95,1309.0,0.0,1358.0,36.0,10021,0,0,1,Pedestrian
95,1309.0,0.0,1358.0,36.0,10022,0,0,1,Pedestrian
95,1309.0,0.0,1358.0,36.0,10023,0,0,1,Pedestrian
95,1309.0,0.0,1358.0,36.0,10024,0,0,1,Pedestrian
95,1309.0,0.0,1358.0,36.0,10025,0,0,1,Pedestrian
95,1309.0,0.0,1358.0,36.0,10026,0,0,1,Pedestrian
95,1309.0,0.0,1358.0,36.0,10027,0,0,1,Pedestrian
95,1309.0,0.0,1358.0,36.0,10028,0,0,1,Pedestrian
95,1309.0,0.0,1358.0,36.0,10029,0,0,1,Pedestrian
95,1309.0,0.0,1358.0,36.0,10030,0,0,1,Pedestrian
95,1309.0,0.0,1358.0,36.0,10031,0,1,0,Pedestrian
96,822.0,771.0,932.0,822.0,10000,0,0,0,Pedestrian
96,825.0,769.0,935.0,819.0,10001,0,0,1,Pedestrian
96,830.0,769.0,940.0,819.0,10002,0,0,1,Pedestrian
96,833.0,769.0,943.0,819.0,10003,0,0,1,Pedestrian
96,838.0,769.0,948.0,819.0,10004,0,0,1,Pedestrian
96,841.0,769.0,951.0,819.0,10005,0,0,1,Pedestrian
96,847.0,767.0,957.0,817.0,10006,0,0,1,Pedestrian
96,852.0,767.0,962.0,817.0,10007,0,0,1,Pedestrian
96,855.0,767.0,965.0,817.0,10008,0,0,1,Pedestrian
96,860.0,767.0,970.0,817.0,10009,0,0,1,Pedestrian
96,863.0,767.0,973.0,817.0,10010,0,0,1,Pedestrian
96,869.0,767.0,979.0,817.0,10011,0,0,1,Pedestrian
96,874.0,765.0,984.0,815.0,10012,0,0,1,Pedestrian
96,877.0,765.0,987.0,815.0,10013,0,0,1,Pedestrian
96,882.0,765.0,992.0,815.0,10014,0,0,1,Pedestrian
96,885.0,765.0,995.0,815.0,10015,0,0,1,Pedestrian
96,891.0,765.0,1001.0,815.0,10016,0,0,1,Pedestrian
96,896.0,765.0,1006.0,815.0,10017,0,0,1,Pedestrian
96,899.0,762.0,1009.0,812.0,10018,0,0,1,Pedestrian
96,904.0,762.0,1014.0,812.0,10019,0,0,1,Pedestrian
96,907.0,762.0,1017.0,812.0,10020,0,0,1,Pedestrian
96,913.0,762.0,1023.0,812.0,10021,0,0,1,Pedestrian
96,915.0,762.0,1025.0,812.0,10022,0,0,1,Pedestrian
96,921.0,760.0,1031.0,810.0,10023,0,0,1,Pedestrian
96,926.0,760.0,1036.0,810.0,10024,0,0,1,Pedestrian
96,929.0,760.0,1039.0,810.0,10025,0,0,1,Pedestrian
96,935.0,760.0,1045.0,810.0,10026,0,0,1,Pedestrian
96,937.0,760.0,1047.0,810.0,10027,0,0,1,Pedestrian
96,943.0,760.0,1053.0,810.0,10028,0,0,1,Pedestrian
96,948.0,758.0,1058.0,808.0,10029,0,0,1,Pedestrian
96,951.0,758.0,1061.0,808.0,10030,0,0,1,Pedestrian
96,957.0,758.0,1067.0,808.0,10031,0,0,1,Pedestrian
96,959.0,758.0,1069.0,808.0,10032,0,0,1,Pedestrian
96,965.0,758.0,1075.0,808.0,10033,0,0,1,Pedestrian
96,970.0,758.0,1080.0,808.0,10034,0,0,0,Pedestrian
96,973.0,755.0,1083.0,806.0,10035,0,0,1,Pedestrian
96,976.0,755.0,1086.0,806.0,10036,0,0,1,Pedestrian
96,981.0,755.0,1091.0,806.0,10037,0,0,1,Pedestrian
96,984.0,755.0,1094.0,806.0,10038,0,0,1,Pedestrian
96,990.0,753.0,1100.0,803.0,10039,0,0,1,Pedestrian
96,992.0,753.0,1102.0,803.0,10040,0,0,1,Pedestrian
96,998.0,753.0,1108.0,803.0,10041,0,0,1,Pedestrian
96,1001.0,753.0,1111.0,803.0,10042,0,0,1,Pedestrian
96,1006.0,751.0,1116.0,801.0,10043,0,0,1,Pedestrian
96,1009.0,751.0,1119.0,801.0,10044,0,0,1,Pedestrian
96,1014.0,751.0,1124.0,801.0,10045,0,0,1,Pedestrian
96,1017.0,751.0,1127.0,801.0,10046,0,0,1,Pedestrian
96,1023.0,749.0,1133.0,799.0,10047,0,0,1,Pedestrian
96,1025.0,749.0,1135.0,799.0,10048,0,0,1,Pedestrian
96,1031.0,749.0,1141.0,799.0,10049,0,0,1,Pedestrian
96,1034.0,749.0,1144.0,799.0,10050,0,0,1,Pedestrian
96,1039.0,746.0,1149.0,796.0,10051,0,0,1,Pedestrian
96,1042.0,746.0,1152.0,796.0,10052,0,0,1,Pedestrian
96,1047.0,746.0,1157.0,796.0,10053,0,0,1,Pedestrian
96,1050.0,746.0,1160.0,796.0,10054,0,0,1,Pedestrian
96,1056.0,746.0,1166.0,796.0,10055,0,0,0,Pedestrian
96,1058.0,746.0,1168.0,796.0,10056,0,0,1,Pedestrian
96,1064.0,746.0,1174.0,796.0,10057,0,0,1,Pedestrian
96,1067.0,746.0,1177.0,796.0,10058,0,0,1,Pedestrian
96,1072.0,746.0,1182.0,796.0,10059,0,0,1,Pedestrian
96,1078.0,746.0,1188.0,796.0,10060,0,0,1,Pedestrian
96,1080.0,746.0,1190.0,796.0,10061,0,0,1,Pedestrian
96,1086.0,746.0,1196.0,796.0,10062,0,0,1,Pedestrian
96,1091.0,746.0,1201.0,796.0,10063,0,0,1,Pedestrian
96,1094.0,746.0,1204.0,796.0,10064,0,0,1,Pedestrian
96,1100.0,746.0,1210.0,796.0,10065,0,0,1,Pedestrian
96,1105.0,746.0,1215.0,796.0,10066,0,0,1,Pedestrian
96,1108.0,746.0,1218.0,796.0,10067,0,0,1,Pedestrian
96,1113.0,746.0,1223.0,796.0,10068,0,0,1,Pedestrian
96,1116.0,746.0,1226.0,796.0,10069,0,0,1,Pedestrian
96,1122.0,746.0,1232.0,796.0,10070,0,0,1,Pedestrian
96,1127.0,746.0,1237.0,796.0,10071,0,0,1,Pedestrian
96,1130.0,746.0,1240.0,796.0,10072,0,0,1,Pedestrian
96,1135.0,746.0,1245.0,796.0,10073,0,0,1,Pedestrian
96,1141.0,746.0,1251.0,796.0,10074,0,0,1,Pedestrian
96,1144.0,746.0,1254.0,796.0,10075,0,0,1,Pedestrian
96,1149.0,746.0,1259.0,796.0,10076,0,0,1,Pedestrian
96,1155.0,746.0,1265.0,796.0,10077,0,0,0,Pedestrian
96,1157.0,744.0,1267.0,794.0,10078,0,0,1,Pedestrian
96,1163.0,744.0,1273.0,794.0,10079,0,0,1,Pedestrian
96,1166.0,744.0,1276.0,794.0,10080,0,0,1,Pedestrian
96,1171.0,744.0,1281.0,794.0,10081,0,0,1,Pedestrian
96,1174.0,744.0,1284.0,794.0,10082,0,0,1,Pedestrian
96,1179.0,744.0,1289.0,794.0,10083,0,0,1,Pedestrian
96,1185.0,742.0,1295.0,792.0,10084,0,0,1,Pedestrian
96,1188.0,742.0,1298.0,792.0,10085,0,0,1,Pedestrian
96,1193.0,742.0,1303.0,792.0,10086,0,0,1,Pedestrian
96,1196.0,742.0,1306.0,792.0,10087,0,0,1,Pedestrian
96,1201.0,742.0,1311.0,792.0,10088,0,0,1,Pedestrian
96,1207.0,742.0,1317.0,792.0,10089,0,0,1,Pedestrian
96,1210.0,740.0,1320.0,790.0,10090,0,0,1,Pedestrian
96,1215.0,740.0,1325.0,790.0,10091,0,0,1,Pedestrian
96,1218.0,740.0,1328.0,790.0,10092,0,0,1,Pedestrian
96,1223.0,740.0,1333.0,790.0,10093,0,0,1,Pedestrian
96,1226.0,740.0,1336.0,790.0,10094,0,0,1,Pedestrian
96,1232.0,740.0,1342.0,790.0,10095,0,0,1,Pedestrian
96,1237.0,737.0,1347.0,787.0,10096,0,0,1,Pedestrian
96,1240.0,737.0,1350.0,787.0,10097,0,0,1,Pedestrian
96,1245.0,737.0,1355.0,787.0,10098,0,0,1,Pedestrian
96,1248.0,737.0,1358.0,787.0,10099,0,0,1,Pedestrian
96,1254.0,737.0,1364.0,787.0,10100,0,0,1,Pedestrian
96,1259.0,737.0,1369.0,787.0,10101,0,0,0,Pedestrian
96,1262.0,735.0,1372.0,785.0,10102,0,0,1,Pedestrian
96,1267.0,735.0,1377.0,785.0,10103,0,0,1,Pedestrian
96,1270.0,735.0,1380.0,785.0,10104,0,0,1,Pedestrian
96,1276.0,733.0,1386.0,783.0,10105,0,0,1,Pedestrian
96,1278.0,733.0,1388.0,783.0,10106,0,0,1,Pedestrian
96,1284.0,733.0,1394.0,783.0,10107,0,0,1,Pedestrian
96,1287.0,730.0,1397.0,781.0,10108,0,0,1,Pedestrian
96,1292.0,730.0,1402.0,781.0,10109,0,0,1,Pedestrian
96,1295.0,730.0,1405.0,781.0,10110,0,0,1,Pedestrian
96,1300.0,728.0,1410.0,778.0,10111,0,0,1,Pedestrian
96,1306.0,728.0,1416.0,778.0,10112,0,0,1,Pedestrian
96,1309.0,728.0,1419.0,778.0,10113,0,0,1,Pedestrian
96,1314.0,726.0,1424.0,776.0,10114,0,0,1,Pedestrian
96,1317.0,726.0,1427.0,776.0,10115,0,0,1,Pedestrian
96,1322.0,726.0,1432.0,776.0,10116,0,0,1,Pedestrian
96,1325.0,724.0,1435.0,774.0,10117,0,0,1,Pedestrian
96,1331.0,724.0,1441.0,774.0,10118,0,0,1,Pedestrian
96,1333.0,724.0,1443.0,774.0,10119,0,0,1,Pedestrian
96,1339.0,721.0,1449.0,771.0,10120,0,0,1,Pedestrian
96,1342.0,721.0,1452.0,771.0,10121,0,0,1,Pedestrian
96,1347.0,721.0,1457.0,771.0,10122,0,0,1,Pedestrian
96,1353.0,719.0,1463.0,769.0,10123,0,0,1,Pedestrian
96,1355.0,719.0,1465.0,769.0,10124,0,0,1,Pedestrian
96,1361.0,719.0,1471.0,769.0,10125,0,0,1,Pedestrian
96,1364.0,717.0,1474.0,767.0,10126,0,0,1,Pedestrian
96,1369.0,717.0,1479.0,767.0,10127,0,0,1,Pedestrian
96,1372.0,717.0,1482.0,767.0,10128,0,0,1,Pedestrian
96,1377.0,715.0,1487.0,765.0,10129,0,0,1,Pedestrian
96,1380.0,715.0,1490.0,765.0,10130,0,0,1,Pedestrian
96,1386.0,715.0,1496.0,765.0,10131,0,0,1,Pedestrian
96,1388.0,712.0,1498.0,762.0,10132,0,0,1,Pedestrian
96,1394.0,712.0,1504.0,762.0,10133,0,0,1,Pedestrian
96,1399.0,712.0,1509.0,762.0,10134,0,0,0,Pedestrian
96,1402.0,710.0,1512.0,760.0,10135,0,0,1,Pedestrian
96,1405.0,710.0,1515.0,760.0,10136,0,0,1,Pedestrian
96,1410.0,708.0,1520.0,758.0,10137,0,0,1,Pedestrian
96,1413.0,708.0,1523.0,758.0,10138,0,0,1,Pedestrian
96,1419.0,705.0,1529.0,755.0,10139,0,0,1,Pedestrian
96,1421.0,705.0,1531.0,755.0,10140,0,0,1,Pedestrian
96,1427.0,705.0,1537.0,755.0,10141,0,0,1,Pedestrian
96,1430.0,703.0,1540.0,753.0,10142,0,0,1,Pedestrian
96,1432.0,703.0,1542.0,753.0,10143,0,0,1,Pedestrian
96,1438.0,701.0,1548.0,751.0,10144,0,0,1,Pedestrian
96,1441.0,701.0,1551.0,751.0,10145,0,0,1,Pedestrian
96,1446.0,701.0,1556.0,751.0,10146,0,0,1,Pedestrian
96,1449.0,699.0,1559.0,749.0,10147,0,0,1,Pedestrian
96,1454.0,699.0,1564.0,749.0,10148,0,0,1,Pedestrian
96,1457.0,696.0,1567.0,746.0,10149,0,0,1,Pedestrian
96,1463.0,696.0,1573.0,746.0,10150,0,0,1,Pedestrian
96,1465.0,694.0,1575.0,744.0,10151,0,0,1,Pedestrian
96,1468.0,694.0,1578.0,744.0,10152,0,0,1,Pedestrian
96,1474.0,694.0,1584.0,744.0,10153,0,0,1,Pedestrian
96,1476.0,692.0,1586.0,742.0,10154,0,0,1,Pedestrian
96,1482.0,692.0,1592.0,742.0,10155,0,0,1,Pedestrian
96,1485.0,689.0,1595.0,740.0,10156,0,0,1,Pedestrian
96,1490.0,689.0,1600.0,740.0,10157,0,0,1,Pedestrian
96,1493.0,689.0,1603.0,740.0,10158,0,0,1,Pedestrian
96,1496.0,687.0,1606.0,737.0,10159,0,0,1,Pedestrian
96,1501.0,687.0,1611.0,737.0,10160,0,0,1,Pedestrian
96,1504.0,685.0,1614.0,735.0,10161,0,0,1,Pedestrian
96,1509.0,685.0,1619.0,735.0,10162,0,0,1,Pedestrian
96,1512.0,683.0,1622.0,733.0,10163,0,0,1,Pedestrian
96,1518.0,683.0,1628.0,733.0,10164,0,0,1,Pedestrian
96,1520.0,683.0,1630.0,733.0,10165,0,0,1,Pedestrian
96,1526.0,680.0,1636.0,730.0,10166,0,0,1,Pedestrian
96,1529.0,680.0,1639.0,730.0,10167,0,0,1,Pedestrian
96,1531.0,678.0,1641.0,728.0,10168,0,0,1,Pedestrian
96,1537.0,678.0,1647.0,728.0,10169,0,0,1,Pedestrian
96,1540.0,678.0,1650.0,728.0,10170,0,0,1,Pedestrian
96,1545.0,676.0,1655.0,726.0,10171,0,0,1,Pedestrian
96,1548.0,676.0,1658.0,726.0,10172,0,0,1,Pedestrian
96,1553.0,674.0,1663.0,724.0,10173,0,0,1,Pedestrian
96,1556.0,674.0,1666.0,724.0,10174,0,0,1,Pedestrian
96,1559.0,671.0,1669.0,721.0,10175,0,0,1,Pedestrian
96,1564.0,671.0,1674.0,721.0,10176,0,0,1,Pedestrian
96,1567.0,671.0,1677.0,721.0,10177,0,0,1,Pedestrian
96,1573.0,669.0,1683.0,719.0,10178,0,0,1,Pedestrian
96,1575.0,669.0,1685.0,719.0,10179,0,0,1,Pedestrian
96,1581.0,667.0,1691.0,717.0,10180,0,0,1,Pedestrian
96,1584.0,667.0,1694.0,717.0,10181,0,0,1,Pedestrian
96,1589.0,667.0,1699.0,717.0,10182,0,0,0,Pedestrian
96,1592.0,664.0,1702.0,715.0,10183,0,0,1,Pedestrian
96,1597.0,664.0,1707.0,715.0,10184,0,0,1,Pedestrian
96,1600.0,662.0,1710.0,712.0,10185,0,0,1,Pedestrian
96,1606.0,662.0,1716.0,712.0,10186,0,0,1,Pedestrian
96,1611.0,662.0,1721.0,712.0,10187,0,0,1,Pedestrian
96,1614.0,660.0,1724.0,710.0,10188,0,0,1,Pedestrian
96,1619.0,660.0,1729.0,710.0,10189,0,0,1,Pedestrian
96,1622.0,660.0,1732.0,710.0,10190,0,0,1,Pedestrian
96,1628.0,658.0,1738.0,708.0,10191,0,0,1,Pedestrian
96,1633.0,658.0,1743.0,708.0,10192,0,0,1,Pedestrian
96,1636.0,655.0,1746.0,705.0,10193,0,0,1,Pedestrian
96,1641.0,655.0,1751.0,705.0,10194,0,0,1,Pedestrian
96,1644.0,655.0,1754.0,705.0,10195,0,0,1,Pedestrian
96,1650.0,653.0,1760.0,703.0,10196,0,0,1,Pedestrian
96,1655.0,653.0,1765.0,703.0,10197,0,0,1,Pedestrian
96,1658.0,653.0,1768.0,703.0,10198,0,0,1,Pedestrian
96,1663.0,651.0,1773.0,701.0,10199,0,0,1,Pedestrian
96,1666.0,651.0,1776.0,701.0,10200,0,0,1,Pedestrian
96,1672.0,648.0,1782.0,699.0,10201,0,0,1,Pedestrian
96,1677.0,648.0,1787.0,699.0,10202,0,0,1,Pedestrian
96,1680.0,648.0,1790.0,699.0,10203,0,0,1,Pedestrian
96,1685.0,646.0,1795.0,696.0,10204,0,0,1,Pedestrian
96,1688.0,646.0,1798.0,696.0,10205,0,0,1,Pedestrian
96,1694.0,646.0,1804.0,696.0,10206,0,0,1,Pedestrian
96,1699.0,644.0,1809.0,694.0,10207,0,0,1,Pedestrian
96,1702.0,644.0,1812.0,694.0,10208,0,0,1,Pedestrian
96,1707.0,642.0,1817.0,692.0,10209,0,0,1,Pedestrian
96,1710.0,642.0,1820.0,692.0,10210,0,0,1,Pedestrian
96,1716.0,642.0,1826.0,692.0,10211,0,0,1,Pedestrian
96,1721.0,639.0,1831.0,689.0,10212,0,0,1,Pedestrian
96,1724.0,639.0,1834.0,689.0,10213,0,0,1,Pedestrian
96,1729.0,639.0,1839.0,689.0,10214,0,0,1,Pedestrian
96,1732.0,637.0,1842.0,687.0,10215,0,0,1,Pedestrian
96,1738.0,637.0,1848.0,687.0,10216,0,0,1,Pedestrian
96,1743.0,635.0,1853.0,685.0,10217,0,0,1,Pedestrian
96,1746.0,635.0,1856.0,685.0,10218,0,0,1,Pedestrian
96,1751.0,635.0,1861.0,685.0,10219,0,0,1,Pedestrian
96,1754.0,633.0,1864.0,683.0,10220,0,0,1,Pedestrian
96,1760.0,633.0,1870.0,683.0,10221,0,0,1,Pedestrian
96,1765.0,633.0,1875.0,683.0,10222,0,0,0,Pedestrian
96,1765.0,633.0,1875.0,683.0,10223,0,0,1,Pedestrian
96,1768.0,633.0,1878.0,683.0,10224,0,0,1,Pedestrian
96,1771.0,633.0,1881.0,683.0,10225,0,0,1,Pedestrian
96,1773.0,633.0,1883.0,683.0,10226,0,0,1,Pedestrian
96,1776.0,633.0,1886.0,683.0,10227,0,0,1,Pedestrian
96,1779.0,633.0,1889.0,683.0,10228,0,0,1,Pedestrian
96,1782.0,633.0,1892.0,683.0,10229,0,0,1,Pedestrian
96,1784.0,633.0,1894.0,683.0,10230,0,0,1,Pedestrian
96,1787.0,633.0,1897.0,683.0,10231,0,0,1,Pedestrian
96,1790.0,633.0,1900.0,683.0,10232,0,0,1,Pedestrian
96,1790.0,633.0,1900.0,683.0,10233,0,0,1,Pedestrian
96,1793.0,633.0,1903.0,683.0,10234,0,0,1,Pedestrian
96,1795.0,633.0,1905.0,683.0,10235,0,0,1,Pedestrian
96,1798.0,633.0,1908.0,683.0,10236,0,0,1,Pedestrian
96,1801.0,633.0,1911.0,683.0,10237,0,0,1,Pedestrian
96,1804.0,633.0,1914.0,683.0,10238,0,0,1,Pedestrian
96,1806.0,633.0,1916.0,683.0,10239,0,0,1,Pedestrian
96,1809.0,633.0,1919.0,683.0,10240,0,0,1,Pedestrian
96,1812.0,633.0,1922.0,683.0,10241,0,0,1,Pedestrian
96,1815.0,633.0,1925.0,683.0,10242,0,0,1,Pedestrian
96,1817.0,635.0,1927.0,685.0,10243,0,0,0,Pedestrian
96,1820.0,635.0,1930.0,685.0,10244,0,0,1,Pedestrian
96,1823.0,635.0,1933.0,685.0,10245,0,0,1,Pedestrian
96,1826.0,635.0,1936.0,685.0,10246,0,0,1,Pedestrian
96,1831.0,635.0,1938.0,685.0,10247,0,0,1,Pedestrian
96,1834.0,635.0,1941.0,685.0,10248,0,0,1,Pedestrian
96,1837.0,635.0,1944.0,685.0,10249,0,0,1,Pedestrian
96,1839.0,635.0,1947.0,685.0,10250,0,0,1,Pedestrian
96,1845.0,635.0,1952.0,685.0,10251,0,0,1,Pedestrian
96,1848.0,635.0,1955.0,685.0,10252,0,0,1,Pedestrian
96,1850.0,635.0,1958.0,685.0,10253,0,0,1,Pedestrian
96,1853.0,635.0,1960.0,685.0,10254,0,0,1,Pedestrian
96,1859.0,635.0,1963.0,685.0,10255,0,0,1,Pedestrian
96,1861.0,635.0,1966.0,685.0,10256,0,0,1,Pedestrian
96,1864.0,635.0,1969.0,685.0,10257,0,0,1,Pedestrian
96,1867.0,635.0,1971.0,685.0,10258,0,0,1,Pedestrian
96,1872.0,637.0,1977.0,687.0,10259,0,0,0,Pedestrian
96,1870.0,635.0,1974.0,685.0,10260,0,0,1,Pedestrian
96,1867.0,633.0,1974.0,683.0,10261,0,0,1,Pedestrian
96,1864.0,630.0,1974.0,680.0,10262,0,0,1,Pedestrian
96,1864.0,630.0,1974.0,680.0,10263,0,0,0,Pedestrian
96,1872.0,630.0,1974.0,680.0,10264,0,0,1,Pedestrian
96,1883.0,633.0,1974.0,683.0,10265,0,0,1,Pedestrian
96,1894.0,635.0,1974.0,685.0,10266,0,0,1,Pedestrian
96,1903.0,635.0,1974.0,685.0,10267,0,0,1,Pedestrian
96,1914.0,637.0,1974.0,687.0,10268,0,0,1,Pedestrian
96,1925.0,639.0,1977.0,689.0,10269,0,0,0,Pedestrian
96,1933.0,639.0,1977.0,689.0,10270,0,0,1,Pedestrian
96,1944.0,639.0,1977.0,689.0,10271,0,0,1,Pedestrian
96,1952.0,639.0,1977.0,689.0,10272,0,0,1,Pedestrian
96,1963.0,642.0,1977.0,692.0,10273,1,0,0,Pedestrian
96,1936.0,639.0,1977.0,689.0,10274,1,0,1,Pedestrian
96,1908.0,639.0,1977.0,689.0,10275,1,0,1,Pedestrian
96,1883.0,639.0,1977.0,689.0,10276,1,0,0,Pedestrian
96,1883.0,639.0,1977.0,689.0,10277,1,0,1,Pedestrian
96,1883.0,639.0,1977.0,689.0,10278,1,0,1,Pedestrian
96,1883.0,639.0,1977.0,689.0,10279,1,0,1,Pedestrian
96,1883.0,639.0,1977.0,689.0,10280,1,0,1,Pedestrian
96,1883.0,639.0,1977.0,689.0,10281,1,0,1,Pedestrian
96,1883.0,639.0,1977.0,689.0,10282,1,0,1,Pedestrian
96,1883.0,639.0,1977.0,689.0,10283,1,0,1,Pedestrian
96,1883.0,639.0,1977.0,689.0,10284,1,0,1,Pedestrian
96,1883.0,639.0,1977.0,689.0,10285,1,0,1,Pedestrian
96,1883.0,639.0,1977.0,689.0,10286,1,0,1,Pedestrian
96,1883.0,639.0,1977.0,689.0,10287,1,0,1,Pedestrian
96,1883.0,639.0,1977.0,689.0,10288,1,0,1,Pedestrian
96,1883.0,639.0,1977.0,689.0,10289,1,0,1,Pedestrian
96,1883.0,639.0,1977.0,689.0,10290,1,0,1,Pedestrian
96,1883.0,639.0,1977.0,689.0,10291,1,0,1,Pedestrian
96,1883.0,639.0,1977.0,689.0,10292,1,0,1,Pedestrian
96,1883.0,639.0,1977.0,689.0,10293,1,0,1,Pedestrian
96,1883.0,639.0,1977.0,689.0,10294,1,0,1,Pedestrian
96,1883.0,639.0,1977.0,689.0,10295,1,0,1,Pedestrian
96,1883.0,639.0,1977.0,689.0,10296,1,0,1,Pedestrian
96,1883.0,639.0,1977.0,689.0,10297,1,0,1,Pedestrian
96,1883.0,639.0,1977.0,689.0,10298,1,0,1,Pedestrian
96,1883.0,639.0,1977.0,689.0,10299,1,0,1,Pedestrian
96,1883.0,639.0,1977.0,689.0,10300,1,0,1,Pedestrian
96,1883.0,639.0,1977.0,689.0,10301,1,0,1,Pedestrian
96,1883.0,639.0,1977.0,689.0,10302,1,0,1,Pedestrian
96,1883.0,639.0,1977.0,689.0,10303,1,0,1,Pedestrian
96,1883.0,639.0,1977.0,689.0,10304,1,0,1,Pedestrian
96,1883.0,639.0,1977.0,689.0,10305,1,0,1,Pedestrian
96,1883.0,639.0,1977.0,689.0,10306,1,0,1,Pedestrian
96,1883.0,639.0,1977.0,689.0,10307,1,0,1,Pedestrian
96,1883.0,639.0,1977.0,689.0,10308,1,0,1,Pedestrian
96,1883.0,639.0,1977.0,689.0,10309,1,0,1,Pedestrian
96,1883.0,639.0,1977.0,689.0,10310,1,0,1,Pedestrian
96,1883.0,639.0,1977.0,689.0,10311,1,0,1,Pedestrian
96,1883.0,639.0,1977.0,689.0,10312,1,0,1,Pedestrian
96,1883.0,639.0,1977.0,689.0,10313,1,0,1,Pedestrian
96,1883.0,639.0,1977.0,689.0,10314,1,0,1,Pedestrian
96,1883.0,639.0,1977.0,689.0,10315,1,0,1,Pedestrian
96,1883.0,639.0,1977.0,689.0,10316,1,0,1,Pedestrian
96,1883.0,639.0,1977.0,689.0,10317,1,0,1,Pedestrian
96,1883.0,639.0,1977.0,689.0,10318,1,0,1,Pedestrian
96,1883.0,639.0,1977.0,689.0,10319,1,0,1,Pedestrian
96,1883.0,639.0,1977.0,689.0,10320,1,0,1,Pedestrian
96,1883.0,639.0,1977.0,689.0,10321,1,0,1,Pedestrian
96,1883.0,639.0,1977.0,689.0,10322,1,0,1,Pedestrian
96,1883.0,639.0,1977.0,689.0,10323,1,0,1,Pedestrian
96,1883.0,639.0,1977.0,689.0,10324,1,0,1,Pedestrian
96,1883.0,639.0,1977.0,689.0,10325,1,0,1,Pedestrian
96,1883.0,639.0,1977.0,689.0,10326,1,0,1,Pedestrian
96,1883.0,639.0,1977.0,689.0,10327,1,0,1,Pedestrian
96,1883.0,639.0,1977.0,689.0,10328,1,0,1,Pedestrian
96,1883.0,639.0,1977.0,689.0,10329,1,0,1,Pedestrian
96,1883.0,639.0,1977.0,689.0,10330,1,0,1,Pedestrian
96,1883.0,639.0,1977.0,689.0,10331,1,0,1,Pedestrian
96,1883.0,639.0,1977.0,689.0,10332,1,0,1,Pedestrian
96,1883.0,639.0,1977.0,689.0,10333,1,0,1,Pedestrian
96,1883.0,639.0,1977.0,689.0,10334,1,0,1,Pedestrian
96,1883.0,639.0,1977.0,689.0,10335,1,0,1,Pedestrian
96,1883.0,639.0,1977.0,689.0,10336,1,0,1,Pedestrian
96,1883.0,639.0,1977.0,689.0,10337,1,0,1,Pedestrian
96,1883.0,639.0,1977.0,689.0,10338,1,0,1,Pedestrian
96,1883.0,639.0,1977.0,689.0,10339,1,0,1,Pedestrian
96,1883.0,639.0,1977.0,689.0,10340,1,0,1,Pedestrian
96,1883.0,639.0,1977.0,689.0,10341,1,0,1,Pedestrian
96,1883.0,639.0,1977.0,689.0,10342,1,0,1,Pedestrian
96,1883.0,639.0,1977.0,689.0,10343,1,0,1,Pedestrian
96,1883.0,639.0,1977.0,689.0,10344,1,0,1,Pedestrian
96,1883.0,639.0,1977.0,689.0,10345,1,0,1,Pedestrian
96,1883.0,639.0,1977.0,689.0,10346,1,0,1,Pedestrian
96,1883.0,639.0,1977.0,689.0,10347,1,0,1,Pedestrian
96,1883.0,639.0,1977.0,689.0,10348,1,0,1,Pedestrian
96,1883.0,639.0,1977.0,689.0,10349,1,0,1,Pedestrian
96,1883.0,639.0,1977.0,689.0,10350,1,0,1,Pedestrian
96,1883.0,639.0,1977.0,689.0,10351,1,0,1,Pedestrian
96,1883.0,639.0,1977.0,689.0,10352,1,0,1,Pedestrian
96,1883.0,639.0,1977.0,689.0,10353,1,0,1,Pedestrian
96,1883.0,639.0,1977.0,689.0,10354,1,0,1,Pedestrian
96,1883.0,639.0,1977.0,689.0,10355,1,0,1,Pedestrian
96,1883.0,639.0,1977.0,689.0,10356,1,0,1,Pedestrian
96,1883.0,639.0,1977.0,689.0,10357,1,0,1,Pedestrian
96,1883.0,639.0,1977.0,689.0,10358,1,0,1,Pedestrian
96,1883.0,639.0,1977.0,689.0,10359,1,0,1,Pedestrian
96,1883.0,639.0,1977.0,689.0,10360,1,0,1,Pedestrian
96,1883.0,639.0,1977.0,689.0,10361,1,0,1,Pedestrian
96,1883.0,639.0,1977.0,689.0,10362,1,0,1,Pedestrian
96,1883.0,639.0,1977.0,689.0,10363,1,0,1,Pedestrian
96,1883.0,639.0,1977.0,689.0,10364,1,0,1,Pedestrian
96,1883.0,639.0,1977.0,689.0,10365,1,0,1,Pedestrian
96,1883.0,639.0,1977.0,689.0,10366,1,0,1,Pedestrian
96,1883.0,639.0,1977.0,689.0,10367,1,0,1,Pedestrian
96,1883.0,639.0,1977.0,689.0,10368,1,0,1,Pedestrian
96,1883.0,639.0,1977.0,689.0,10369,1,0,1,Pedestrian
96,1883.0,639.0,1977.0,689.0,10370,1,0,1,Pedestrian
96,1883.0,639.0,1977.0,689.0,10371,1,0,1,Pedestrian
96,1883.0,639.0,1977.0,689.0,10372,1,0,1,Pedestrian
96,1883.0,639.0,1977.0,689.0,10373,1,0,1,Pedestrian
96,1883.0,639.0,1977.0,689.0,10374,1,0,1,Pedestrian
96,1883.0,639.0,1977.0,689.0,10375,1,0,1,Pedestrian
96,1883.0,639.0,1977.0,689.0,10376,1,0,1,Pedestrian
96,1883.0,639.0,1977.0,689.0,10377,1,0,1,Pedestrian
96,1883.0,639.0,1977.0,689.0,10378,1,0,1,Pedestrian
96,1883.0,639.0,1977.0,689.0,10379,1,0,1,Pedestrian
96,1883.0,639.0,1977.0,689.0,10380,1,0,1,Pedestrian
96,1883.0,639.0,1977.0,689.0,10381,1,0,1,Pedestrian
96,1883.0,639.0,1977.0,689.0,10382,1,0,1,Pedestrian
96,1883.0,639.0,1977.0,689.0,10383,1,0,1,Pedestrian
96,1883.0,639.0,1977.0,689.0,10384,1,0,1,Pedestrian
96,1883.0,639.0,1977.0,689.0,10385,1,0,1,Pedestrian
96,1883.0,639.0,1977.0,689.0,10386,1,0,1,Pedestrian
96,1883.0,639.0,1977.0,689.0,10387,1,0,1,Pedestrian
96,1883.0,639.0,1977.0,689.0,10388,1,0,1,Pedestrian
96,1883.0,639.0,1977.0,689.0,10389,1,0,1,Pedestrian
96,1883.0,639.0,1977.0,689.0,10390,1,0,1,Pedestrian
96,1883.0,639.0,1977.0,689.0,10391,1,0,1,Pedestrian
96,1883.0,639.0,1977.0,689.0,10392,1,0,1,Pedestrian
96,1883.0,639.0,1977.0,689.0,10393,1,0,1,Pedestrian
96,1883.0,639.0,1977.0,689.0,10394,1,0,1,Pedestrian
96,1883.0,639.0,1977.0,689.0,10395,1,0,1,Pedestrian
96,1883.0,639.0,1977.0,689.0,10396,1,0,1,Pedestrian
96,1883.0,639.0,1977.0,689.0,10397,1,0,1,Pedestrian
96,1883.0,639.0,1977.0,689.0,10398,1,0,1,Pedestrian
96,1883.0,639.0,1977.0,689.0,10399,1,0,1,Pedestrian
96,1883.0,639.0,1977.0,689.0,10400,1,0,1,Pedestrian
96,1883.0,639.0,1977.0,689.0,10401,1,0,1,Pedestrian
96,1883.0,639.0,1977.0,689.0,10402,1,0,1,Pedestrian
96,1883.0,639.0,1977.0,689.0,10403,1,0,1,Pedestrian
96,1883.0,639.0,1977.0,689.0,10404,1,0,1,Pedestrian
96,1883.0,639.0,1977.0,689.0,10405,1,0,1,Pedestrian
96,1883.0,639.0,1977.0,689.0,10406,1,0,1,Pedestrian
96,1883.0,639.0,1977.0,689.0,10407,1,0,1,Pedestrian
96,1883.0,639.0,1977.0,689.0,10408,1,0,1,Pedestrian
96,1883.0,639.0,1977.0,689.0,10409,1,0,1,Pedestrian
96,1883.0,639.0,1977.0,689.0,10410,1,0,1,Pedestrian
96,1883.0,639.0,1977.0,689.0,10411,1,0,1,Pedestrian
96,1883.0,639.0,1977.0,689.0,10412,1,0,1,Pedestrian
96,1883.0,639.0,1977.0,689.0,10413,1,0,1,Pedestrian
96,1883.0,639.0,1977.0,689.0,10414,1,0,1,Pedestrian
96,1883.0,639.0,1977.0,689.0,10415,1,0,1,Pedestrian
96,1883.0,639.0,1977.0,689.0,10416,1,0,1,Pedestrian
96,1883.0,639.0,1977.0,689.0,10417,1,0,1,Pedestrian
96,1883.0,639.0,1977.0,689.0,10418,1,0,1,Pedestrian
96,1883.0,639.0,1977.0,689.0,10419,1,0,1,Pedestrian
96,1883.0,639.0,1977.0,689.0,10420,1,0,1,Pedestrian
96,1883.0,639.0,1977.0,689.0,10421,1,0,1,Pedestrian
96,1883.0,639.0,1977.0,689.0,10422,1,0,1,Pedestrian
96,1883.0,639.0,1977.0,689.0,10423,1,0,1,Pedestrian
96,1883.0,639.0,1977.0,689.0,10424,1,0,1,Pedestrian
96,1883.0,639.0,1977.0,689.0,10425,1,0,1,Pedestrian
96,1883.0,639.0,1977.0,689.0,10426,1,0,1,Pedestrian
96,1883.0,639.0,1977.0,689.0,10427,1,0,1,Pedestrian
96,1883.0,639.0,1977.0,689.0,10428,1,0,1,Pedestrian
96,1883.0,639.0,1977.0,689.0,10429,1,0,1,Pedestrian
96,1883.0,639.0,1977.0,689.0,10430,1,0,1,Pedestrian
96,1883.0,639.0,1977.0,689.0,10431,1,0,1,Pedestrian
96,1883.0,639.0,1977.0,689.0,10432,1,0,1,Pedestrian
96,1883.0,639.0,1977.0,689.0,10433,1,0,1,Pedestrian
96,1883.0,639.0,1977.0,689.0,10434,1,0,1,Pedestrian
96,1883.0,639.0,1977.0,689.0,10435,1,0,1,Pedestrian
96,1883.0,639.0,1977.0,689.0,10436,1,0,1,Pedestrian
96,1883.0,639.0,1977.0,689.0,10437,1,0,1,Pedestrian
96,1883.0,639.0,1977.0,689.0,10438,1,0,1,Pedestrian
96,1883.0,639.0,1977.0,689.0,10439,1,0,1,Pedestrian
96,1883.0,639.0,1977.0,689.0,10440,1,0,1,Pedestrian
96,1883.0,639.0,1977.0,689.0,10441,1,0,1,Pedestrian
96,1883.0,639.0,1977.0,689.0,10442,1,0,1,Pedestrian
96,1883.0,639.0,1977.0,689.0,10443,1,0,1,Pedestrian
96,1883.0,639.0,1977.0,689.0,10444,1,0,1,Pedestrian
96,1883.0,639.0,1977.0,689.0,10445,1,0,1,Pedestrian
96,1883.0,639.0,1977.0,689.0,10446,1,0,1,Pedestrian
96,1883.0,639.0,1977.0,689.0,10447,1,0,1,Pedestrian
96,1883.0,639.0,1977.0,689.0,10448,1,0,1,Pedestrian
96,1883.0,639.0,1977.0,689.0,10449,1,0,1,Pedestrian
96,1883.0,639.0,1977.0,689.0,10450,1,0,1,Pedestrian
96,1883.0,639.0,1977.0,689.0,10451,1,0,1,Pedestrian
96,1883.0,639.0,1977.0,689.0,10452,1,0,1,Pedestrian
96,1883.0,639.0,1977.0,689.0,10453,1,0,1,Pedestrian
96,1883.0,639.0,1977.0,689.0,10454,1,0,1,Pedestrian
96,1883.0,639.0,1977.0,689.0,10455,1,0,1,Pedestrian
96,1883.0,639.0,1977.0,689.0,10456,1,0,1,Pedestrian
96,1883.0,639.0,1977.0,689.0,10457,1,0,1,Pedestrian
96,1883.0,639.0,1977.0,689.0,10458,1,0,1,Pedestrian
96,1883.0,639.0,1977.0,689.0,10459,1,0,1,Pedestrian
96,1883.0,639.0,1977.0,689.0,10460,1,0,1,Pedestrian
96,1883.0,639.0,1977.0,689.0,10461,1,0,1,Pedestrian
96,1883.0,639.0,1977.0,689.0,10462,1,0,1,Pedestrian
96,1883.0,639.0,1977.0,689.0,10463,1,0,1,Pedestrian
96,1883.0,639.0,1977.0,689.0,10464,1,0,1,Pedestrian
96,1883.0,639.0,1977.0,689.0,10465,1,0,1,Pedestrian
96,1883.0,639.0,1977.0,689.0,10466,1,0,1,Pedestrian
96,1883.0,639.0,1977.0,689.0,10467,1,0,1,Pedestrian
96,1883.0,639.0,1977.0,689.0,10468,1,0,1,Pedestrian
96,1883.0,639.0,1977.0,689.0,10469,1,0,1,Pedestrian
96,1883.0,639.0,1977.0,689.0,10470,1,0,1,Pedestrian
96,1883.0,639.0,1977.0,689.0,10471,1,0,1,Pedestrian
96,1883.0,639.0,1977.0,689.0,10472,1,0,1,Pedestrian
96,1883.0,639.0,1977.0,689.0,10473,1,0,1,Pedestrian
96,1883.0,639.0,1977.0,689.0,10474,1,0,1,Pedestrian
96,1883.0,639.0,1977.0,689.0,10475,1,0,1,Pedestrian
96,1883.0,639.0,1977.0,689.0,10476,1,0,1,Pedestrian
96,1883.0,639.0,1977.0,689.0,10477,1,0,1,Pedestrian
96,1883.0,639.0,1977.0,689.0,10478,1,0,1,Pedestrian
96,1883.0,639.0,1977.0,689.0,10479,1,0,1,Pedestrian
96,1883.0,639.0,1977.0,689.0,10480,1,0,1,Pedestrian
96,1883.0,639.0,1977.0,689.0,10481,1,0,1,Pedestrian
96,1883.0,639.0,1977.0,689.0,10482,1,0,1,Pedestrian
96,1883.0,639.0,1977.0,689.0,10483,1,0,1,Pedestrian
96,1883.0,639.0,1977.0,689.0,10484,1,0,1,Pedestrian
96,1883.0,639.0,1977.0,689.0,10485,1,0,1,Pedestrian
96,1883.0,639.0,1977.0,689.0,10486,1,0,1,Pedestrian
96,1883.0,639.0,1977.0,689.0,10487,1,0,1,Pedestrian
96,1883.0,639.0,1977.0,689.0,10488,1,0,1,Pedestrian
96,1883.0,639.0,1977.0,689.0,10489,1,0,1,Pedestrian
96,1883.0,639.0,1977.0,689.0,10490,1,0,1,Pedestrian
96,1883.0,639.0,1977.0,689.0,10491,1,0,1,Pedestrian
96,1883.0,639.0,1977.0,689.0,10492,1,0,1,Pedestrian
96,1883.0,639.0,1977.0,689.0,10493,1,0,1,Pedestrian
96,1883.0,639.0,1977.0,689.0,10494,1,0,1,Pedestrian
96,1883.0,639.0,1977.0,689.0,10495,1,0,1,Pedestrian
96,1883.0,639.0,1977.0,689.0,10496,1,0,1,Pedestrian
96,1883.0,639.0,1977.0,689.0,10497,1,0,1,Pedestrian
96,1883.0,639.0,1977.0,689.0,10498,1,0,1,Pedestrian
96,1883.0,639.0,1977.0,689.0,10499,1,0,1,Pedestrian
96,1883.0,639.0,1977.0,689.0,10500,1,0,1,Pedestrian
96,1883.0,639.0,1977.0,689.0,10501,1,0,1,Pedestrian
96,1883.0,639.0,1977.0,689.0,10502,1,0,1,Pedestrian
96,1883.0,639.0,1977.0,689.0,10503,1,0,1,Pedestrian
96,1883.0,639.0,1977.0,689.0,10504,1,0,1,Pedestrian
96,1883.0,639.0,1977.0,689.0,10505,1,0,1,Pedestrian
96,1883.0,639.0,1977.0,689.0,10506,1,0,1,Pedestrian
96,1883.0,639.0,1977.0,689.0,10507,1,0,1,Pedestrian
96,1883.0,639.0,1977.0,689.0,10508,1,0,1,Pedestrian
96,1883.0,639.0,1977.0,689.0,10509,1,0,1,Pedestrian
96,1883.0,639.0,1977.0,689.0,10510,1,0,1,Pedestrian
96,1883.0,639.0,1977.0,689.0,10511,1,0,1,Pedestrian
96,1883.0,639.0,1977.0,689.0,10512,1,0,1,Pedestrian
96,1883.0,639.0,1977.0,689.0,10513,1,0,1,Pedestrian
96,1883.0,639.0,1977.0,689.0,10514,1,0,1,Pedestrian
96,1883.0,639.0,1977.0,689.0,10515,1,0,1,Pedestrian
96,1883.0,639.0,1977.0,689.0,10516,1,0,1,Pedestrian
96,1883.0,639.0,1977.0,689.0,10517,1,0,1,Pedestrian
96,1883.0,639.0,1977.0,689.0,10518,1,0,1,Pedestrian
96,1883.0,639.0,1977.0,689.0,10519,1,0,1,Pedestrian
96,1883.0,639.0,1977.0,689.0,10520,1,0,1,Pedestrian
96,1883.0,639.0,1977.0,689.0,10521,1,0,1,Pedestrian
96,1883.0,639.0,1977.0,689.0,10522,1,0,1,Pedestrian
96,1883.0,639.0,1977.0,689.0,10523,1,0,1,Pedestrian
96,1883.0,639.0,1977.0,689.0,10524,1,0,1,Pedestrian
96,1883.0,639.0,1977.0,689.0,10525,1,0,1,Pedestrian
96,1883.0,639.0,1977.0,689.0,10526,1,0,1,Pedestrian
96,1883.0,639.0,1977.0,689.0,10527,1,0,1,Pedestrian
96,1883.0,639.0,1977.0,689.0,10528,1,0,1,Pedestrian
96,1883.0,639.0,1977.0,689.0,10529,1,0,1,Pedestrian
96,1883.0,639.0,1977.0,689.0,10530,1,0,1,Pedestrian
96,1883.0,639.0,1977.0,689.0,10531,1,0,0,Pedestrian
